0.0,0.3874846625766867,0.8767748692993551,0.25929886548100506,0.4491489996578945,0.5215501561466518,0.568024263431541,0.5311792246584358,0.9876416516802424,0.3621795260509752,0.5148829710661211,0.8304071745702466
0.0,0.29705521472392593,0.877984356994729,0.2810366249901061,0.4436384971105069,1.0,0.33216783216783097,0.5503146662474392,0.9869499786981384,0.3734012125176319,0.512543642142056,0.8441504231124378
1.0,0.2652760736196318,0.8799298435016603,0.3226721446646076,0.4162546234759151,0.5137625572210394,0.0602343471436143,0.5056325503932712,0.9871529967170954,0.3794693767671601,0.5132126448304439,0.7967542406112043
1.0,0.3658895705521469,0.8843517942371912,0.3276694860017969,0.42603736012591903,0.4163599541487665,0.2279228471717179,0.4443696603766172,0.98907596165884,0.3873330370821911,0.5125066462338401,0.7553474075666925
1.0,0.3840490797546011,0.8874862609025644,0.3155206696488057,0.43683750984183617,0.4410259871702215,0.3898395012601145,0.4523529960844807,0.9914210967093784,0.3924143193425438,0.5129254659326258,0.8019024248327156
1.0,0.37386503067484667,0.8890114142572758,0.2725370703483542,0.4314447624599913,0.4293576472615057,0.44884302774995455,0.4652982819861557,0.9922003182759694,0.4032666755754648,0.5137651400301384,0.8346952199046259
0.0,0.50601226993865,0.8912583124001509,0.25913929480216635,0.4672499736902435,1.0,0.7356276099912649,0.4500587082225904,0.9924233138150031,0.4118320321707691,0.5127758354825722,0.8094539382976842
0.0,0.33791411042944786,0.8900437643035329,0.2216451382953452,0.4068269355915449,0.4783950296436278,0.4438117192895801,0.4829353128730672,0.9919582176922468,0.4167895854843183,0.5149566290052425,0.8754822469863516
0.0,0.28576687116564425,0.8915951458483453,0.1907795037929033,0.36082706945031895,0.3912661217735491,0.11223087494274124,0.4838097951844516,0.9911112013477468,0.4144578965020765,0.5150564339747568,0.8669061563175934
0.0,0.4240490797546009,0.8950737526503789,0.18504833131250992,0.4114195199065271,0.4067073646676102,0.33989922125515354,0.452490555099755,0.988750172991494,0.404933441998414,0.5130030892648807,0.819282289993296
0.0,0.3653987730061351,0.8972299094792127,0.17775455243819738,0.37844791905390013,0.39840988894565,0.334996284895448,0.5130951269718839,0.9856792075852584,0.3896700366259367,0.5136055825052577,0.8716622183993827
0.0,0.35938650306748465,0.8997549815266341,0.19078466791293164,0.3761517495104304,0.3912451854946055,0.477231716378304,0.5378704881871192,0.9824611923581102,0.3763916882470584,0.5154508427490749,0.8637185827946923
0.0,0.41190184049079787,0.9006514550105542,0.18341720157173969,0.4106349534069625,0.3706138569981166,0.4118458762339472,0.5695483642759236,0.97969458939292,0.3588682834100462,0.5139864191718035,0.901887245911178
0.0,0.4451533742331282,0.901142029053664,0.1744042802562759,0.429388030719658,0.43001850236617023,0.5816554809843407,0.5868316719807025,0.977193783229672,0.3452527061900388,0.5115209181071798,0.9127654730131424
0.0,0.4299386503067484,0.8998961335478941,0.14285405780410892,0.4194290246223351,0.4067085636567849,0.4987636877428482,0.6078929397835411,0.9746587407276592,0.32993605369337065,0.50934756105238,0.9151435040540368
0.0,0.4319018404907978,0.899081652268428,0.11511471494476645,0.4201452019371161,0.4111389076825368,0.2830566348757821,0.5998359117460662,0.9725064470425164,0.3221658506259182,0.5088450487599274,0.9034177871662216
1.0,0.4161963190184041,0.9019299925180106,0.12276176025367802,0.4600245806442685,0.3558401536890217,0.2675144236430003,0.6087084682312371,0.9708578865232956,0.3144224056694737,0.5094554826554583,0.9169712991891928
0.0,0.2965644171779134,0.9052093560830531,0.13386909827742144,0.4498727841024557,1.0,0.2562109972918871,0.6253629347233342,0.9702160610409002,0.31476821409745226,0.5069432320140335,0.9282100256776756
0.0,0.3319018404907974,0.9103889627682956,0.16411602167383427,0.4720131240183218,0.34996408725548434,0.16407599309153745,0.5969127826714942,0.9693507330539624,0.3168613912744665,0.5084008223467535,0.9249212593445236
0.0,0.2948466257668713,0.9150991531930186,0.17711958961630558,0.4570751660298062,0.4344903477170956,0.14285714285714246,0.5687082717183576,0.9690483998167128,0.32602733340460466,0.5066086913008683,0.8860189483537194
0.0,0.3278527607361964,0.918371157924921,0.18719190838574248,0.4723968266898017,0.4389161249516988,0.2657670063343429,0.5657409272460192,0.9690940883700292,0.336038378724192,0.5063489951588641,0.8890673817625254
0.0,0.4698159509202453,0.9179367220132052,0.17380358170798094,0.4973436715910667,0.470977010682257,0.4205453043238779,0.5337977587706151,0.9700380548412048,0.35215867733349804,0.5075721826914087,0.8864047459428004
0.0,0.4656441717791414,0.9141772234932032,0.1251163179121194,0.4951685197847776,0.44199592047444375,0.24703938309005896,0.5113314238831926,0.970740792172978,0.36445026697735294,0.5095618681094003,0.8842607232756113
1.0,0.5110429447852755,0.9158126005027792,0.1304535452436526,0.5173124173247571,0.471575450698739,0.12861470669237032,0.45327660661560604,0.970060217039902,0.3749874147659956,0.5057007176331587,0.8076957132195756
0.0,0.3725153374233128,0.9195664162960306,0.1448603854107181,0.4592360075045903,0.4025390733339607,0.3597021870637513,0.4128833843448017,0.9684221422996876,0.3777485466042,0.5029376121693906,0.7492884880529241
0.0,0.34049079754601197,0.9245498496145209,0.18501920639888847,0.4481078285313807,0.3988391119971919,0.4583527221963712,0.4532864322595544,0.9668619232443736,0.3846287879200714,0.5021764514155406,0.7851929620400468
0.0,0.2801226993865027,0.9273968199275482,0.20624839443640952,0.4694005814693352,0.4906921932318774,0.18964906061680314,0.4524266884140921,0.9645147687752814,0.3873269826594175,0.5021516106144432,0.7754721277053265
0.0,0.31128834355828205,0.932153020102195,0.25813563907633336,0.4819912495713765,0.4709201404862812,0.4491315136476427,0.4271305680696046,0.9628605460350124,0.3882732201694742,0.5004669965841297,0.717760603109149
0.0,0.2586503067484659,0.9349553952741216,0.2973001130395342,0.5134389641076332,0.4316969504722747,0.3945892444737722,0.4209600636701728,0.9613112008853664,0.39119284977665736,0.5037060294739792,0.7146362750926548
0.0,0.1316564417177915,0.9369417372871892,0.33567755163969737,0.5066600661808236,0.4865828032942258,0.1609783845278732,0.43874447921630655,0.9619311675875594,0.3966739674851598,0.5013285643609326,0.7234969705402429
0.0,0.2272392638036806,0.9416933739885376,0.3779568383342346,0.4932922320865481,0.5347096229531021,0.3054311310190374,0.3797070975539063,0.9633993786810128,0.4084151771167557,0.5006057226116603,0.6911848413170246
0.0,0.2554601226993862,0.9431695386140276,0.3630379974657878,0.5042858989902707,0.4393559098730813,0.4129339305711083,0.4319107438503751,0.9653300910017903,0.4080867863527631,0.504275380062184,0.7922068887005578
0.0,0.213374233128834,0.9438641188321804,0.3388557427160828,0.4774558895694889,0.4861141953212757,0.25,0.4375899660523999,0.9643234699445472,0.402815381627606,0.5009851539342995,0.7940916047914793
0.0,0.2328834355828221,0.9464682853498109,0.30969433871760005,0.485340904758764,0.4374201820878949,0.3132698768197101,0.443603260148662,0.962730388383318,0.3869161991400325,0.5015301084831307,0.7675980621576837
0.0,0.24711656441717755,0.9495154670403776,0.3438610032293913,0.4934439421956131,0.4097271560052625,0.2987122060470327,0.4484030872173288,0.9613664079880012,0.3770619899170157,0.5018177252033916,0.7894746828237855
1.0,0.14957055214723913,0.952710799072738,0.40865507375154586,0.4931809264167161,0.4095429218023509,0.1632259840352326,0.4120531174311836,0.9613035843758531,0.3720499153218565,0.499273827058871,0.7411740895809354
0.0,0.1696932515337427,0.9581449696649412,0.5000329660594611,0.4500843844541672,0.4612964838691769,0.1893751720341328,0.3589504247134596,0.9615754470569025,0.37630658053835264,0.4990887999761262,0.6836017050988525
0.0,0.3316564417177915,0.9636818831081142,0.5761333341798967,0.4756479580041411,0.4321022497037755,0.4511423066336368,0.35075583766071045,0.9618387430049076,0.3885249483840766,0.4984410563459755,0.6917224281214819
1.0,0.23865030674846596,0.9656319355584164,0.594046078730298,0.4735070073678418,0.4404427555570256,0.32672722268097965,0.4310510000049128,0.960952912408882,0.3875160275762154,0.5006741365747782,0.78372566629141
0.0,0.3063803680981589,0.9703376821948976,0.629784590939862,0.5044962943428655,0.4315065507577235,0.4968345719790804,0.3879360743604733,0.959195334772932,0.3904611944737912,0.4976068870458527,0.703271057591358
0.0,0.3649079754601219,0.972090152018516,0.6429915576922469,0.4861466519279244,0.3946054686440283,0.5780346820809242,0.4166171290450947,0.9584117257232364,0.3915656023990453,0.4997635782440013,0.7464930366697448
1.0,0.2650306748466251,0.9719859503587112,0.6354643763093636,0.4066733110502425,0.3403478994503493,0.3369116432700247,0.4432593626104773,0.9562938009423021,0.3875846382453305,0.5017454542195628,0.7880516589296331
0.0,0.2646625766871163,0.9759385165705496,0.6611442489798436,0.4044618032141025,1.0,0.2595650977153866,0.4178698986484827,0.9547959752442524,0.3774541518007805,0.5000831073054021,0.6948467561379766
1.0,0.20858895705521455,0.9818038739617152,0.7060591699919301,0.34461618366610125,0.32956263029751026,0.09854115056427296,0.3830527293182477,0.9532170298998658,0.36851322341166304,0.5010190817910601,0.6829882236867073
0.0,0.359386503067484,0.9917292968691356,0.7990577769854872,0.43476442012242655,0.3653307079490963,0.1810890671169255,0.3597708659831293,0.9529907812369104,0.3683145086830443,0.4992774808311167,0.6438772025247608
0.0,0.3963190184049079,0.9962165111684746,0.8643774121700989,0.4643539030877408,1.0,0.1849999999999991,0.4663791028204515,0.9509140321037376,0.3464858100533881,0.5037960633249753,0.7612545378650849
0.0,0.454355828220859,0.9989238496102196,0.9353027303084096,0.4744578046275385,0.4494222690210202,0.20833333333333334,0.5441982028897221,0.9470343526872936,0.3177468128792437,0.5061223663419754,0.8290853434863454
0.0,0.5181595092024531,1.0,0.9567298661965378,0.484632023472927,0.4763180183197141,0.3321579689703792,0.6046799542124988,0.9444074546103428,0.3001618919029612,0.5071631458824287,0.8599997470179741
0.0,0.639631901840491,0.9998089741582048,0.9608989304720592,0.5487151004260179,0.0,0.6187702265372175,0.6414671651543363,0.9418736226241744,0.2984834553561692,0.5096290182918909,0.9396258395840976
0.0,0.7067484662576677,0.9970099823702196,0.9194918355673368,0.5798673964638568,0.4519211194903232,0.913043478260868,0.6668517162943568,0.9400609093420206,0.2980259127217736,0.5078923994323954,0.9493466739188179
0.0,0.7309202453987724,0.9933348101590692,0.8944802223501891,0.5972969867087451,0.4645190707484961,0.8101430429128741,0.6847638652118164,0.9364350814792431,0.28877520694555936,0.5055599611372485,0.9612368291232908
0.0,0.7590184049079745,0.9928012829315336,0.9200030793986068,0.581174888885209,0.4401346524801252,0.8836542400655457,0.697645284427828,0.9351317517826676,0.2930966837163511,0.5066448251719465,0.9546592964569866
0.0,0.5836809815950915,0.9921040003090908,0.9461116939659624,0.4264125340853316,0.4377004660571421,0.7996936039831476,0.6878294661236356,0.9337452681902416,0.2965901801847713,0.5053140389756553,0.9959522875899663
0.0,0.5985276073619631,0.9935714502920756,0.98919717556538,0.382945898042504,0.4109450072322023,0.8253542703944848,0.6603225758908171,0.9350167108339285,0.3139360947397508,0.5036208800367877,0.9997795650082829
0.0,0.5438036809815946,0.9902391805692776,0.9778766475108678,0.3953384414329122,0.0,0.7610111068556107,0.5869102771322876,0.9354718102280264,0.32500500200086635,0.5013951488867169,0.9912634591795008
0.0,0.7169325153374229,0.9850001381041388,0.9428614512202748,0.4524508715541154,0.3906564938827852,0.9634088309693364,0.536509636500302,0.9373300988130708,0.34705579239372264,0.5013918885059963,0.9434510017718409
0.0,0.8855214723926377,0.976824156745306,0.8908015154486673,0.5308851337663092,0.35548664287448106,0.9411419940939116,0.5326530712506568,0.9370246681956051,0.3565692909434077,0.5009365210650623,0.9655308709281716
0.0,0.8547239263803671,0.9695819872538634,0.8341282236969609,0.5201570071287152,0.0,0.8594650509827103,0.5155220610270743,0.9366922236420588,0.3654942787406419,0.499796427246016,0.9324246967425374
0.0,0.9084662576687113,0.9666190726831534,0.8303148341336961,0.502180074268766,0.31085439948968085,0.9526866713189116,0.4989609381524839,0.9359763605487288,0.3734863103689071,0.498415714317061,0.9340261687338146
1.0,0.8917791411042939,0.9622404694388288,0.8396210837037908,0.4815383349060922,0.3485893947242233,0.9792402179652704,0.5186760927344278,0.9357428391031648,0.3866110019252715,0.4998391081544306,0.9707509881422924
1.0,0.8628220858895705,0.9572933598639586,0.8667322081963769,0.5287061100388961,0.3881409012256409,0.9289235269235768,0.5149767377879527,0.9340188706907578,0.39553106561189255,0.4995213256266453,0.9729726046067869
1.0,0.8656441717791407,0.9530770225053808,0.8615081100540716,0.530201760785526,0.3591116821465857,0.9337485843714616,0.5024490417540739,0.9321529911506172,0.3872077037111601,0.4987492390006775,0.9350415701240284
1.0,0.7781595092024536,0.9480428787413372,0.8434109455992048,0.5221498225979034,0.3844853116604829,0.9509309811734582,0.4930508133176781,0.9298013559256284,0.3739888721154549,0.5017541759005794,0.9271091726863842
1.0,0.7892024539877294,0.943472975315884,0.8104697969864314,0.5274548254222939,0.33705760481333397,0.9130946293072104,0.4816628919817834,0.9279504971339428,0.3645651399549629,0.5010143511587705,0.896558538912362
1.0,0.8434355828220854,0.9376869545321478,0.7869201759101145,0.498385479742425,0.0,0.9444278581964476,0.4685309188450938,0.9261869453189668,0.36740090468244346,0.5000941059445545,0.8739948207714321
1.0,0.8883435582822077,0.9303931352215422,0.7280011204616865,0.4635099059429244,0.4712381559520404,0.9954042797644688,0.4772413522051203,0.9260399855803804,0.3757866225939719,0.5007457102499254,0.8898528008722911
1.0,0.886380368098159,0.9204359043796569,0.641257446203171,0.4649954078431604,0.4787628884501289,0.92670598146588,0.4554087713523525,0.9254973054089398,0.3817339675961916,0.4989215272272374,0.8972127572577342
1.0,1.0,0.9140436471211268,0.601732023859652,0.5078570193744915,0.5539249403099565,0.9348947142243236,0.4562390382659701,0.924363090670345,0.3862672060490453,0.4990391361698044,0.8832288401253916
1.0,0.7768098159509198,0.9080999755244472,0.5748971279995143,0.4297692559341653,0.5486441167549634,0.7990975504941982,0.4767107674319208,0.9215762221590416,0.3818780150436272,0.4968995783637091,0.8957339512062151
1.0,0.7150920245398772,0.90656757485118,0.5804328909984043,0.4540406075556608,0.568423911895422,0.7685861624409115,0.4399088180241612,0.91755547719035,0.3691193338551194,0.494294936807014,0.8237767479896415
1.0,0.6736196319018404,0.9041025966524184,0.5645499708931052,0.4395523356657271,0.5928395107636103,0.6716802750322309,0.4668949491277285,0.9146545019112768,0.3599232351567643,0.4965109093646173,0.8063172958975059
1.0,0.6046625766871165,0.9018199087183144,0.5567272128811845,0.4578694881891237,0.5692555970935799,0.6555651052857763,0.4341264265606808,0.9119164689769054,0.3511248794963626,0.4977064140426675,0.7724955703966201
1.0,0.793374233128834,0.9000343076342161,0.5787591884904734,0.4986595489005815,0.0,0.9112591319295232,0.4052095564213037,0.9114361780229088,0.35274846280466376,0.4955580909391003,0.7157012402889464
1.0,0.7931288343558275,0.8930533956677076,0.569056997368348,0.4987743960065832,0.597963177471345,0.8996562097120754,0.4318026617669458,0.9107393515047414,0.3553603632656702,0.4976111889231361,0.7698855117895598
1.0,0.7343558282208587,0.8854237204303097,0.5372984639376855,0.4611382999773562,0.7075209071429289,0.9878318584070794,0.4356051859748761,0.9102988049869072,0.3592588724181224,0.4942056180849842,0.7705601744582253
1.0,0.646625766871165,0.8757431874755066,0.4959756274058386,0.4297206921504649,0.6242699179861919,0.9771279675738268,0.4463151378783485,0.908903113079778,0.3612660757289139,0.495055708665746,0.7862545999727406
1.0,0.5017177914110424,0.8690404920209025,0.4630602094936975,0.3636785082672533,0.4939536884782573,0.702034883720929,0.42813278375231534,0.9074406262830316,0.35586270321800817,0.493732891900545,0.7458566171459724
1.0,0.43325153374233094,0.8693528114636555,0.4915812442041986,0.3785132979762044,0.4550840384146414,0.6591569767441867,0.41698067787117626,0.9057930563054508,0.3534458735130903,0.4928933601922876,0.7262709554313753
1.0,0.3716564417177907,0.8695953298652086,0.4976344435611435,0.3972513687325444,0.49769482387678793,0.6111918604651152,0.3672678323155599,0.9055891792337708,0.3606139574011201,0.4889760012919554,0.6456930625596289
1.0,0.4790184049079754,0.8688638604731906,0.4830737592523086,0.4024334399677356,0.4912701069705351,0.6631467793030629,0.34912969358729345,0.9063606378840322,0.37549479970289423,0.4874189107602656,0.652139839171323
1.0,0.5465030674846617,0.8654159088825519,0.4380661136006325,0.3822178353038913,0.5014700758540357,0.6821541710665251,0.3698224997420768,0.9066304708019668,0.3883580718522817,0.4890780969859064,0.6974717186861114
1.0,0.5871165644171777,0.8647174477123432,0.432507596208023,0.3993153908441832,0.5906697821539599,0.6522351284758892,0.3828709549052072,0.9064287662884244,0.3960462277605389,0.4901725350199325,0.6871064467766117
1.0,0.5082208588957047,0.8644724411059432,0.4331687899842835,0.3644476086918602,0.5035078111737463,0.8053502287926778,0.3947894610143015,0.9053514404157508,0.3998284357510196,0.4910812658404163,0.7261823633637726
1.0,0.5144785276073617,0.8638139392482227,0.4456025516900375,0.3669073855053119,0.4444915276502816,0.7286166842661045,0.4044235049054528,0.9060787799640077,0.4133184878613197,0.4918691358917499,0.7250715551315251
1.0,0.4612269938650307,0.8617176136182779,0.4360023163993484,0.3959527441806208,0.4212945908348177,0.6103484688489974,0.3364202231403741,0.9049158173175316,0.4130649161615235,0.4900435248345068,0.6704988414883466
1.0,0.4337423312883436,0.8627493332086318,0.4595648838089244,0.43372094361613656,0.3797161370026309,0.5420626539950729,0.3372357515880697,0.9034348682909399,0.40675962231656415,0.4901602220311472,0.6293716777974646
1.0,0.3019631901840483,0.8647920995494267,0.4834183933998519,0.4275922084556613,0.3866847804491557,0.39598732840549067,0.3398493728782748,0.9005173007551112,0.3877162440934221,0.4904190912082492,0.5978601608286764
1.0,0.1596319018404906,0.8679281180448344,0.5011025668670519,0.3969592056255883,0.4121605685736029,0.052928722653493236,0.34695331345278024,0.8983390407237725,0.3726386234005065,0.4910216439569127,0.5922516014719909
1.0,0.3781595092024536,0.8752168698638905,0.5402010546353784,0.4504221465182032,0.4885351693294226,0.1923680083638239,0.2880338395177576,0.8957194725996119,0.3595310076933221,0.485997611681476,0.4893757666621237
1.0,0.37693251533742267,0.8783982816792766,0.5562476988025203,0.4505111405460697,0.5268145064236345,0.38107684265551306,0.35776643461770874,0.8937169562977799,0.3508677961665204,0.4883419647744216,0.5352119394848028
1.0,0.2906748466257666,0.8809965843139287,0.5957869577387997,0.4624752211010357,0.4917665628400762,0.25904121110176515,0.39991353433325627,0.8926098722607155,0.34684411592682873,0.4882717955050132,0.5830039525691697
0.0,0.3885889570552146,0.8830936292773102,0.6322543505530027,0.4585017171258145,0.4961656169095317,0.4638351555929346,0.3748434037995766,0.8918551246853271,0.3439907260814954,0.4898046215588602,0.5665121984462314
1.0,0.3971779141104293,0.8811437847389174,0.6384735599924075,0.4623729027776434,0.5272058220395217,0.3083520522769029,0.40884995750408987,0.892050932982858,0.3437175060483174,0.4890434472504544,0.5830039525691697
1.0,0.4435582822085883,0.88068935032383,0.6343655441771879,0.4855183953191711,0.5588516797288552,0.28711455993465324,0.4045905408525709,0.891926214419753,0.3427521084554899,0.4886106842799303,0.5960610603789012
0.0,0.5635582822085886,0.8817485834993333,0.6486282617497571,0.4933000051626811,0.5431534869227838,0.5962834388401058,0.4020800888238212,0.8909334954581068,0.3382157670740238,0.4883593711304875,0.6032233883058469
0.0,0.4802453987730057,0.8791109332060898,0.6397316322165348,0.5022757103234254,0.52665192538432,0.4431284459873386,0.4832251693695376,0.8895453175368554,0.3332464962924723,0.4916168436641348,0.6569578846940167
0.0,0.5251533742331286,0.8782645977814996,0.6419856535238214,0.5241983210418795,0.57597722149297,0.33612415764753834,0.4999484153692722,0.8883536832734008,0.33231799897769176,0.4929977140936515,0.6864794875289626
0.0,0.5992638036809815,0.8774232539867093,0.6413682712163076,0.5116550734600412,0.5905408918998039,0.5158260159281199,0.4411075465858345,0.8893645003090763,0.3435061935299686,0.4917603536412383,0.6324860297124166
0.0,0.6584049079754599,0.8761906004918449,0.6386131743626827,0.4928755744517662,0.5652547644991636,0.6746459206064244,0.4898820431444025,0.8914295082385079,0.3614352991774944,0.4957421028872048,0.7220253509608829
0.0,0.5515337423312878,0.8735928263025283,0.6479526915267426,0.4908433517824053,0.5502389524810426,0.4061440255336129,0.5025915135913219,0.8942960785249082,0.3834847735356708,0.4966009290630462,0.7729317159602013
1.0,0.480981595092024,0.8739466404048639,0.6678600887179671,0.5022074096525961,0.5464608987582783,0.20825852782764925,0.4467916816098335,0.8966973874118301,0.4068567695459243,0.4953938353540792,0.7651219844623138
1.0,0.4343558282208583,0.876174458999414,0.6758465674510511,0.4730508758374933,0.5777966386305782,0.04229004588071025,0.4109329940210957,0.8965438401631062,0.4069541651642597,0.4962025600480349,0.7290786424969333
0.0,0.5661349693251535,0.880245343140907,0.6969854429603919,0.5624120479879084,0.5986445168409606,0.4723718332335941,0.40951318847058976,0.8940435126043457,0.39444065881291934,0.4962746411609034,0.6697969197219574
0.0,0.5370552147239265,0.879539084274152,0.6842564076190738,0.5432238973325137,0.5805210427697528,0.3650508677438673,0.5181012925634612,0.8919397844212121,0.3807171752540132,0.5015629693907931,0.8031688701103988
1.0,0.5808588957055207,0.8799517448936209,0.7104880520458363,0.5249447653306708,0.5788958037284018,0.4041492120486733,0.5048661501653164,0.8896648144313529,0.37497712822563145,0.5003373698253408,0.8038639771023577
1.0,0.5867484662576682,0.8796800526378394,0.7383253753068959,0.4783964048326216,0.6305977471602541,0.4161180929583088,0.5479515988779113,0.8880566927503578,0.3748029323347437,0.5002594016372464,0.8229112716369085
0.0,0.6842944785276074,0.8798950190316699,0.7705642212290011,0.5158049818750411,0.6634152617343758,0.7020922051471963,0.5546772521604135,0.8836237221187632,0.3567433626637009,0.5007744815840817,0.8379378492571894
0.0,0.7024539877300608,0.8778622684314701,0.7874309474402426,0.5373067626258411,0.6313168836646592,0.7731901499722273,0.6672545676962303,0.8797216716046318,0.34474248278668784,0.5064833377915228,0.9201921766389528
1.0,0.5852760736196314,0.8749641600615354,0.7833520230410522,0.4898562461916539,0.6997531572100008,0.5688761836698225,0.7110622012390136,0.8773377306278106,0.3425806748666941,0.5064066789933458,0.9612034891645084
0.0,0.6326380368098156,0.8746150918127844,0.7961520336342542,0.4898626532806504,0.0,0.7014472038592112,0.6431227861595981,0.877247404222797,0.3549358913434193,0.5039626807944729,0.9405002044432328
0.0,0.6949693251533736,0.8707153237998848,0.7647527329629309,0.580887191259698,0.6245026743959845,0.9122744327318212,0.6293423205223312,0.8766975589510021,0.3623514243119814,0.5064800147900976,0.9341420198991413
0.0,0.7265030674846618,0.8633947150184471,0.71442331305461,0.6046539090652171,0.7476032976393208,0.8011434697159191,0.6802637202835677,0.873022022205694,0.3492957760794213,0.506964638676507,0.96579721219647
0.0,0.711533742331288,0.8561198745680219,0.6578183928990797,0.5967894813398754,0.5195182856377509,0.9978118161925591,0.6935086883256611,0.8711559048070182,0.3464067801342846,0.5082500835766249,0.9491768269801526
0.0,0.6733742331288345,0.8516580603675394,0.6448674573398494,0.5707639243003804,0.4774402422262836,0.8698807672369109,0.6355865172513743,0.8690790634239348,0.34214538878439915,0.5027965071434312,0.9503162376251136
1.0,0.6063803680981593,0.8485177600126124,0.640879700980329,0.5350530646542839,0.4876084985841208,0.7766209181258862,0.6726046308259926,0.8691438451284822,0.3472105395906557,0.5021298460171558,0.952861148826134
0.0,0.6844171779141103,0.8459862194420291,0.6406627317146544,0.5740997197843216,0.4788379825615659,0.9798488664987416,0.6611577556264089,0.8695624672711685,0.3601487758770009,0.5008393620194007,0.9746873443544588
1.0,0.6390184049079748,0.8419251758955335,0.6305687392844748,0.5399055469760843,0.4622073516640394,0.8846604215456657,0.5877700209777498,0.8683161195520642,0.3617194359805965,0.4981327674460186,0.993018928636383
1.0,0.5638036809815945,0.8398907837098599,0.6232752103462771,0.4880707934899818,0.4560785654044015,0.7886416861826688,0.6339014193142679,0.86873503670035,0.3761015385639472,0.5021791785519819,0.9606444107589802
1.0,0.6045398773006129,0.8393131305361736,0.6320311205476499,0.5245610547031581,0.4544759906803964,0.7230679156908651,0.5665908454475332,0.8688481991934284,0.3842011051872184,0.5000526123234235,0.9596855501110444
1.0,0.6204907975460118,0.8375303626755934,0.6171523926714166,0.545682557268836,0.5161291424418836,0.8473070516379788,0.511483721364389,0.8720083331584382,0.4085524655340299,0.4954587276919483,0.9649874854584553
1.0,0.6628220858895706,0.8355661605979641,0.6051498274228553,0.5322197550333669,0.4420232417692671,0.8911715713492515,0.5059224068897418,0.8721761381976602,0.4160770562973791,0.49878581052762105,0.9995068307619832
1.0,0.6666257668711657,0.8348253024664741,0.6095933968550156,0.5352245366716589,0.4455907266835746,0.8856573960443377,0.4845074159047696,0.8716952449691046,0.4211351961042942,0.4973419330315912,0.9859175256165831
1.0,0.5370552147239258,0.8338569442563175,0.6121996865958421,0.391493468319441,0.4180082402886368,0.8970654627539489,0.4503240006091901,0.8712841350371344,0.4297158391478765,0.4945526599488297,1.0
1.0,0.5737423312883431,0.8332353462810778,0.6286493599503219,0.4157797905957045,0.39407679015204733,0.8826185101580125,0.42957224059071797,0.8710784246795863,0.4414582073458878,0.4930978391639168,0.9817780360255668
1.0,0.5526380368098158,0.8298597945239239,0.614627811158906,0.4024759015022628,0.3752757734206109,0.7656884875846502,0.4334877597040516,0.8693101916751459,0.4441854519571122,0.4896812689329903,0.9950352777190468
1.0,0.5817177914110429,0.8268098982899019,0.6100626099514663,0.4214296456945273,0.4065333914647621,0.7575620767494355,0.4180614987054712,0.8687743030438005,0.4516535946819288,0.4885814023727938,0.9765462455078492
1.0,0.641349693251533,0.8238616018032814,0.5991579517255106,0.4579487353455376,0.3879185025083761,0.6961625282167035,0.4020948272897432,0.8677820368724097,0.4561024907740915,0.4872754021718458,0.9972653048357604
1.0,0.6379141104294472,0.8216598289078348,0.5914190928142413,0.4547063586721388,0.0,0.7492485429307216,0.41005851170971136,0.8649820180052606,0.4479710412668296,0.4879023393225425,0.984671521341656
0.0,0.6706748466257667,0.8205357918160072,0.5911211509109497,0.4826936267280095,0.4352157864477997,0.8931615413440913,0.4357820475659424,0.86068824290037,0.4324404446244202,0.4899425499386785,0.95663892566673
1.0,0.6568098159509201,0.8177022560609466,0.5987072484307447,0.5235830820660339,0.0,0.9309756281217852,0.4559098791937079,0.8563138393484516,0.4140051797224517,0.4877535988827285,0.9747178614210958
1.0,0.6573006134969319,0.8155766857241051,0.6159878988872343,0.5235578901519404,0.5473851620953173,0.9907684116515536,0.4371379864307858,0.8525823449404429,0.4018668290520983,0.486498133704486,0.9896087706415752
1.0,0.5158282208588956,0.8122829203915587,0.6369964755007099,0.4753460487412524,0.5119977947215704,0.8401321445475883,0.4542100427906791,0.8484110546893927,0.386643844622394,0.4878674826806054,0.9759985655492746
1.0,0.4980368098159503,0.8113463987785556,0.6664207414044669,0.4635433083690436,0.4911398444197988,0.6971687451097804,0.42955258930282136,0.8437887470625999,0.3711734134496004,0.4861697371865194,0.8890862207346433
1.0,0.4785276073619629,0.8100091080536487,0.6786268760020606,0.499862750457949,0.573296173788942,0.6396935946601221,0.4285700249080073,0.8416193478706254,0.3677803058656063,0.486250583758633,0.83327925681791
1.0,0.5390184049079745,0.8089329766596041,0.6739658808873435,0.4940428256867192,0.4598995380255505,0.7966635433671727,0.3975455541417546,0.8411592677477139,0.3746906492889596,0.4873841006814388,0.8290271350262131
1.0,0.530184049079754,0.8062514485373973,0.6530219927320425,0.4883059996398082,0.4932897200642291,0.6363127034572013,0.4135220512014305,0.8427683105013591,0.389389588842974,0.4885821016650253,0.8788486825253162
1.0,0.4950920245398772,0.8047914822538841,0.6405586531965621,0.5124957554674213,0.5131656990181787,0.5117027134066819,0.3796874462660096,0.8418683794876629,0.3876805970190113,0.4896142833313773,0.8537116412507045
1.0,0.5641717791411042,0.8049715942505622,0.653080221731265,0.5209086463678376,0.44517865516954025,0.7285627348511923,0.4222079204515866,0.8388694683904846,0.3763443078850925,0.4892545975217111,0.8769873119418026
1.0,0.5055214723926376,0.8030062989601559,0.6366289597025196,0.5233483934617008,0.4644595176059668,0.5141176356944832,0.5268903310750728,0.8351814939617758,0.3605171944584712,0.493728634292148,0.9858262606943424
1.0,0.5174233128834355,0.8033811227183361,0.651741599546057,0.4844524527637694,0.3859612163315718,0.5469605788085742,0.4580027413546614,0.8328045172576625,0.359429900910524,0.4922939745739936,0.9382820008237608
1.0,0.4646625766871163,0.8035081765068102,0.6674695834683266,0.485184054207466,0.3355209893613869,0.4184867130975715,0.4540086170897427,0.8317296683705023,0.3659584792029905,0.4918832794208289,0.9585556725092677
1.0,0.44797546012269895,0.804962173910776,0.7015695953234393,0.5194455237247355,0.6230664820972015,0.3861267544410403,0.4568138384369364,0.8304642758352537,0.3736044803295616,0.4922128413409267,0.9264289963846049
0.0,0.5769325153374227,0.8067651337198234,0.750196731145558,0.6612412857764545,0.6717684409763868,0.8980902794548065,0.4576932335702954,0.8271795349152871,0.3683357951451155,0.4922689435326801,0.9321953228685188
0.0,0.5223312883435578,0.8033098944396677,0.7499631844646599,0.648488757856426,0.592048264761964,0.7382224240023948,0.4629597787264982,0.8229760817689175,0.35202045829376283,0.4929063601376166,0.872234680334996
1.0,0.5482208588957053,0.8007855336799281,0.7572105094293271,0.6750611073860139,0.5089493401152183,0.8050780246417115,0.5080545716264878,0.8186378740979242,0.3374704218898886,0.4929281193953516,0.8776165850533156
1.0,0.5339877300613491,0.7974305260235035,0.7395929977285447,0.6614976428561528,1.0,0.6626565240217585,0.5061434838785747,0.8142979181921043,0.3176686869847967,0.49282963971108,0.8639970710722619
1.0,0.4976687116564414,0.7956096745787311,0.7485907898157951,0.6193678394941674,0.5137215067756647,0.3152597656468171,0.5324074301519532,0.8100005040494699,0.3006748325693719,0.4951208131984407,0.8460299299803211
1.0,0.4990184049079753,0.7966036930626799,0.7858772950104858,0.6212399033861953,0.4972075981558231,0.3098086124401918,0.5293762189939525,0.8092091718486106,0.2990054933802868,0.4952929053417315,0.7620337741979775
1.0,0.5047852760736191,0.7980677016366988,0.833781853344797,0.6294890410625122,0.5288387484939115,0.3660287081339699,0.4490122771421129,0.8115082426393202,0.3175614059716733,0.488136835360738,0.7633060271841103
1.0,0.5177914110429442,0.7977586005789329,0.8821955396637902,0.6007357169629901,0.477054084273459,0.42464114832535854,0.4340183444772512,0.8134435154382093,0.33348110954720755,0.4867376130839844,0.7996613427303098
0.0,0.6176687116564417,0.7971100747521227,0.9021477782531396,0.6657433844412268,0.0,0.5332629355860625,0.5102407774049492,0.8151422768397353,0.3518603225130448,0.4891976398355828,0.8435586472015011
0.0,0.6840490797546007,0.7947789175626077,0.8971651069859616,0.7877079668977909,0.5038603702931737,0.8892750744786485,0.4357967860318642,0.8173869272394364,0.3745465492438905,0.4829128014551648,0.8496819367534663
1.0,0.7287116564417174,0.7904313050711385,0.8638511930706203,0.8136225010341411,0.5093289326000432,0.8390705679862304,0.3903384443057937,0.8223496950428019,0.4117809321282081,0.479232881549156,0.8641984348542402
1.0,0.7876073619631893,0.7867685958062756,0.8522148528374933,0.8182274518863699,0.4457472001906424,0.98103655922758,0.3627971643191569,0.8236403688575223,0.4279266821214307,0.4808512265819585,0.8386160816438609
1.0,0.7230674846625766,0.7839679849199366,0.8640698675617382,0.757305668113923,0.4383117991053231,0.9178179309816248,0.3787147075151439,0.8240053826329853,0.43889280524874,0.4783485420616788,0.8436867877900327
1.0,0.653128834355828,0.7821722135260885,0.9192407528992426,0.7215964427980472,0.4407321255266245,0.8181800762612805,0.3671106220123903,0.8243392184993831,0.4454508775342063,0.4773980763310982,0.8739645782801704
0.0,0.6858895705521465,0.7812542673604859,0.9770479393402004,0.7033724161994956,0.4781789065405899,0.8289103067696242,0.3606699124043841,0.8232504453674431,0.4429074326787089,0.4768814540264836,0.8879044437325522
0.0,0.6402453987730058,0.7790698198164807,1.0,0.6960079284394953,0.4450026394714489,0.7852229396999357,0.3934924760131464,0.8217145670854676,0.4314417969872753,0.479408320606241,0.8627705825820327
0.0,0.660245398773006,0.7784914891091252,0.9848351771836056,0.6675276890879651,0.4721584958848298,0.7982525053172125,0.34620656451272186,0.8208673169839732,0.4294653184751066,0.479574924217506,0.8079172577914058
0.0,0.6117791411042942,0.7764411006045768,0.9558663262794492,0.6591968061898157,0.4160152590346046,0.787139052290712,0.3307360881163747,0.8214456684281203,0.4364926705737455,0.4783689235563176,0.8350006864674381
0.0,0.6700613496932508,0.7743179390228583,0.9591229302567894,0.6582556725383187,0.4279154225175917,0.8499875452681587,0.3376729927437621,0.8206673981109266,0.440472271164826,0.4789002839317435,0.8181227403780147
1.0,0.7085889570552142,0.7704740324527901,0.9408462154952448,0.6392841847823558,0.0,0.8764298990208652,0.3524802381736092,0.8184452406776659,0.43407531377556696,0.4762980226996654,0.819651274541211
1.0,0.7046625766871162,0.7649816130216178,0.8694805025981169,0.6344334966485201,0.3943835198429266,0.8798789016842629,0.3528044844238977,0.8166811374360526,0.4305453720824126,0.4763358674767772,0.8075145302274493
1.0,0.8143558282208584,0.7601283991466772,0.8001922855679469,0.6530944775153422,0.4636611287201772,0.9647579383653991,0.3529911716589124,0.8138219163003707,0.4228014373964904,0.4763579473503994,0.8003386572696898
1.0,0.7411042944785269,0.7538402018138759,0.7328568997814426,0.6407193446661665,0.5289600306888491,0.9459581336587778,0.3974669489901692,0.8115764950597172,0.4150387557121191,0.4760283381592553,0.8050249416502673
1.0,0.7213496932515331,0.7495270902934288,0.7300841204347339,0.675249221552524,0.5009170657090076,0.941356249506603,0.3485450677723793,0.8088242380143714,0.4058793838018343,0.4760882746847229,0.7287721385748938
1.0,0.7100613496932511,0.7442815310098496,0.7226813636328482,0.6710499928320419,0.5082386233717615,0.8204841713221603,0.3625220462886087,0.8076939794709582,0.4018583556989249,0.4771626351700967,0.7266029014690405
1.0,0.7512883435582816,0.7391982845451002,0.681138658690905,0.6503555949007742,0.0,0.8432029795158283,0.3655434318026619,0.8067034942462276,0.4058917946505435,0.4774090740312862,0.7164614891766969
1.0,0.7990184049079749,0.7331747952728505,0.6418876228898798,0.6293902215300062,0.5010750547452301,0.8762826577396112,0.3916649062387926,0.8066808723206421,0.40992661361434135,0.4793585456799765,0.7869296599697955
1.0,0.8357055214723923,0.7248142860108211,0.5365265978516107,0.6460154589233921,0.5491768920663855,0.9242424242424244,0.3547155721718112,0.8062277262756766,0.4128726905830923,0.4802845967290337,0.7335133403505565
1.0,0.8741104294478523,0.7181045783530033,0.4944157322982781,0.6672703661465849,0.5296515790076061,0.8910743555356876,0.3564350598627357,0.8048805051282998,0.4073175059906176,0.4804437704361034,0.7123243787469681
1.0,0.7706748466257664,0.7143289892593943,0.4603580212894509,0.5655079729123921,0.5384892897197923,0.9195046439628478,0.35020068877764066,0.8027264383881053,0.4065351617604696,0.48000482737615,0.6722529861333578
1.0,0.6869938650306742,0.7118972949613482,0.4682179029647418,0.5732879578920991,0.5000418874813992,0.7745567126372075,0.3404634756250336,0.8002681271862474,0.4058004956536421,0.4792821696660241,0.6294448766646833
1.0,0.6711656441717788,0.7101466531352814,0.5019589431118179,0.5673321641938898,0.5217831488659113,0.6507177033492824,0.3444772511778489,0.7970790583291737,0.4031164110327419,0.4796408146183354,0.592650221957805
1.0,0.6904294478527604,0.7092362574595614,0.5313474368884887,0.5801720333388373,0.5525406765387171,0.7514776245426397,0.32485544021341284,0.7951824417575138,0.4032293787751856,0.4781208881475724,0.4874467987735114
1.0,0.7553374233128829,0.7040293957616282,0.5389863467836755,0.5730046531439318,0.5262692869831678,0.8430996714129239,0.3330795041980064,0.7946009269404705,0.3964820985578917,0.478766355927384,0.5328909432062605
1.0,0.9442944785276068,0.6974338792894452,0.498268986438243,0.6520413674674711,0.5321604946602233,0.8172406031960386,0.3568428240865837,0.7951394054038771,0.39084068180916864,0.4806947167721231,0.5779598187725964
1.0,0.9312883435582812,0.6927574445570321,0.4921820806061165,0.6361652821149838,0.5093909387948861,0.8788541438880381,0.31580602213717585,0.7953751226471767,0.3809663984573809,0.4773929424570876,0.4914100041188048
1.0,0.7946012269938644,0.6912745487598517,0.5181820709393171,0.5942798446001702,0.0,0.8506450907500545,0.24562636023758394,0.7960552436733322,0.3842373172448119,0.4751895300488125,0.3841563315180083
1.0,0.7658895705521466,0.6900094403379646,0.5034416283424576,0.5755080838277632,0.5117910405401394,0.9306800787229386,0.24321907747028956,0.7977717371418577,0.3956322133102009,0.4749925607570071,0.38701203606242257
1.0,0.7089570552147234,0.684206311376047,0.42744465274348015,0.6021783797532011,0.4295718206114143,0.9840359191818412,0.28024701668885604,0.798935055330784,0.4029552629788888,0.4781037834808141,0.4755663356368128
1.0,0.7377914110429442,0.6797120905938716,0.3654217691596083,0.6128385758755364,0.4284033361517372,0.9475032010243276,0.2404678971648103,0.7999421942582979,0.4110124787838095,0.4747046865030202,0.3994508260491511
1.0,0.6370552147239261,0.6785896351176659,0.3758238848196757,0.5658805671319809,0.4366440676439257,0.9597229348383788,0.2181636854025321,0.7998852837797391,0.4138499831591146,0.4764969666809279,0.3719555169099813
1.0,0.3195092024539874,0.6776780797777513,0.4001073797066696,0.5060447245479686,0.0,0.8231859883236035,0.2463583707117205,0.7990353550526285,0.4127668426187021,0.475184147064797,0.3822159168916756
1.0,0.3872392638036807,0.6790626902458474,0.4018814482509099,0.4784835082863354,0.4812736122101641,0.6988210075026802,0.2494927511311773,0.7979343082672145,0.412778627470704,0.4754100911321942,0.34431376138391856
1.0,0.3925153374233127,0.6751235029539175,0.343843011847682,0.4305210174144576,0.4645746377862786,0.7035369774919618,0.27313325047040243,0.7976451194547746,0.4164245843026765,0.477460781309844,0.3931902430094731
1.0,0.3791411042944784,0.6700614146542998,0.2576402277501183,0.42560146506442653,0.5661759133445841,0.6512820512820515,0.27644449248092584,0.798487953280186,0.4315732807494129,0.4777409882004089,0.3891538144707336
1.0,0.4201226993865029,0.6680280264183893,0.25026183115366274,0.4394403460390208,0.5441415460276303,0.5925213675213677,0.25492633223449884,0.7987585342109488,0.4379091387181415,0.4795893574385321,0.3653745823989748
1.0,0.2231901840490796,0.6658543690604781,0.2465163273921444,0.43049260232311787,0.5301048019920861,0.5194444444444444,0.23238630501746504,0.7992806273460765,0.4479273288371477,0.4775539142083596,0.3010937714521074
1.0,0.2445398773006134,0.6686544987086807,0.3078037025827288,0.4366467153422017,0.4711377535472326,0.453846153846154,0.2251398926057116,0.7990167007026484,0.4440059819823709,0.4768987293088609,0.2845270239348314
1.0,0.0,0.6692441371015523,0.2907295589037036,0.40370126316088617,0.508540386017334,0.21603697749196127,0.21472471002068305,0.7989451226005572,0.44267699936051785,0.4758860395891034,0.2347260994920143
1.0,0.1624539877300613,0.6756984543615239,0.314309031171179,0.4050037502840951,0.5113258666198965,0.35180204410973626,0.1445204840112209,0.7990479403335337,0.4381246187287471,0.4690183197527474,0.08755663356368157
1.0,0.20503067484662574,0.676783207844015,0.3081165623475054,0.3710869105651725,0.5019970687367273,0.3817464586695357,0.2349016698681891,0.801727582356277,0.4592127760905325,0.4736030617679782,0.2530685094503686
1.0,0.1653987730061347,0.6748554603785828,0.27820932260965336,0.4026408226864856,0.4783261230120834,0.32598171059709513,0.18915838446762206,0.8046997622492209,0.4825920182247442,0.47320450293411104,0.232364651503364
1.0,0.3981595092024536,0.6747767081136222,0.2513379265118745,0.4354511585047024,0.4979499916845432,0.3620225927918233,0.1655915774580076,0.8073771943133393,0.5018072436467715,0.4747681368848061,0.21237471969246274
1.0,0.37484662576687067,0.6718778928567457,0.1597558525472365,0.4277482545215024,0.6732446693530241,0.3227541689080148,0.17742656559354258,0.8116731504607012,0.5179151684793136,0.4721271944076815,0.2126767653654296
1.0,0.2350920245398771,0.6734133251464451,0.1501832413764943,0.3691738008568746,0.6690533503520854,0.003765465303926983,0.08775282610084051,0.8151962097138078,0.5280261130908325,0.4681592658787941,0.18075145302274492
1.0,0.27460122699386513,0.6816320786604881,0.15407893890243154,0.3819295637446127,0.37868903810602667,0.026804123711340326,0.0,0.8201376421889496,0.5478149204580843,0.4589856544876641,0.0013327328376182429
1.0,0.4721472392638036,0.6905774340694797,0.19569888233316185,0.4054069295991769,0.5053305694322494,0.12152850281895995,0.02110057037863133,0.8223139521149451,0.5538848319669357,0.4612184974223598,0.01263186845569036
1.0,0.5462576687116562,0.6993987453190644,0.2337401129418161,0.3835863068543299,0.513090554874826,0.3283054003724393,0.07319613459167068,0.8246421373972689,0.5645717591672643,0.4623483356610841,0.0489676914200937
0.0,0.32944785276073624,0.7076094752002517,0.29633086592756164,0.3145792726640949,0.4593820147905804,0.3567970204841712,0.09306849947678447,0.8253015807484262,0.5666736962204825,0.4642329222883833,0.025418826618016668
1.0,0.25754601226993856,0.7158599708545432,0.3419277291895573,0.3371682598334654,0.4875283249258409,0.2674115456238358,0.1657193108293333,0.8260509755876743,0.5687644187390577,0.4671727428980582,0.12675894681266214
0.0,0.4213496932515335,0.7238822506170768,0.35003460564687405,0.3407472872645567,0.4957372755672821,0.4279329608938544,0.1573675134734141,0.8263129183875674,0.5739383393319314,0.4663276438441274,0.09299175906158892
0.0,0.5999999999999996,0.7280364860716393,0.39310227545162296,0.4032156517979869,0.5374185899171224,0.7646182495344505,0.19790320758146698,0.8258562191061206,0.5738394525735608,0.4700690076331007,0.18894474668870406
0.0,0.5943558282208588,0.7273166374534767,0.4166202401821361,0.4016336454509693,0.5236365010230631,0.7175046554934821,0.27489695355909394,0.8258515651603314,0.5789710984839034,0.4734029800860774,0.2839680462778049
0.0,0.4915337423312881,0.7276340713595615,0.4827766542588178,0.4131116543525672,0.5427475407947742,0.7135940409683424,0.26796987457565485,0.8255301495623516,0.5785790736097048,0.4727790124295091,0.2950095264329823
0.0,0.413374233128834,0.7293992753793592,0.5114956516847032,0.436255924458658,0.5312283592647461,0.6903165735567967,0.24239863620062002,0.8265468932719237,0.5891413545539804,0.4741112239360062,0.2352799393981133
0.0,0.2960736196319016,0.7278731615100194,0.4881113652152572,0.4431282372765306,0.5077057485795757,0.5769087523277464,0.2361888292253952,0.8270807627492834,0.5945911460032505,0.4735214347472867,0.2144709960287401
0.0,0.6089570552147234,0.7280882039824281,0.4453079529573821,0.5054651211649379,0.5050051925440857,0.8121042830540032,0.2195392755552716,0.828809385320718,0.6074749739843031,0.4719187970986953,0.16465808139935267
0.0,0.5581595092024537,0.7214263382949009,0.3241620752069718,0.4886500579084964,0.0,0.7225325884543756,0.2591267950223289,0.8303185256086708,0.6137274282457107,0.4756109486980394,0.3228198241627071
0.0,0.6770552147239259,0.7199630235570551,0.2914041433844058,0.4878931539827727,0.4906374948354026,0.8983240223463682,0.26859871578833594,0.8317707814381153,0.6215781915148652,0.4764707539186663,0.31756306957739394
0.0,0.5542331288343553,0.7142548179897791,0.2144512664717262,0.48860832672327104,0.5059940863564765,0.9312247930375714,0.34698770320659905,0.8315287926192646,0.6131891451731274,0.4835541420381924,0.5106397631017152
0.0,0.5262576687116562,0.7087599491297629,0.14628548107151434,0.5280473215115344,0.4857949907277975,0.8930163447251115,0.3216031520665785,0.8304484266892891,0.6041180784129793,0.4812732000889814,0.4181989302848749
0.0,0.6179141104294475,0.7027224925593181,0.05827651443678423,0.5116710690474988,0.4468559687548694,0.895563574612609,0.3096846459574845,0.8294225458006145,0.594141254819848,0.4801839795588331,0.3456603080595921
1.0,0.3933742331288341,0.6967254136790079,0.0,0.4677090796749365,0.4246861782838963,0.5355550838463171,0.3302890213167346,0.8296974224905523,0.5971471495480375,0.4784216064741752,0.3923627849321675
1.0,0.3155828220858893,0.7004774321559328,0.01903365317327793,0.4869566682064394,0.5190359665387011,0.5249421174489581,0.2646979351409242,0.8300024856629075,0.6023764647904214,0.4758756889760157,0.270344099350366
1.0,0.1496932515337424,0.7018148240583222,0.019614990316323463,0.4641317220211968,0.4352686784484575,0.3902336350242053,0.280802165571926,0.8306933364115799,0.6095319815578062,0.4737045216327101,0.2725248490691642
1.0,0.3325153374233126,0.7079787714124741,0.049186237037568636,0.5018477074778811,1.0,0.3990738791833295,0.24338120059543406,0.8299908541875697,0.6081966506248856,0.4700330318059245,0.1850653077152632
1.0,0.09239263803680976,0.7121261548674478,0.061766936823393966,0.468089347659697,0.3766824323084842,0.2671340987954792,0.27115338321485233,0.8299796495146873,0.6100774957494486,0.4690294375760004,0.20115694511397306
1.0,0.10049079754601213,0.7219375030895108,0.1287620808005001,0.4717112798445662,0.4513874943209879,0.02680298424979273,0.2511238080265684,0.8304317730231744,0.6149580078039423,0.4670317285748238,0.14428528797373918
1.0,0.4100613496932511,0.731102384430774,0.17126182739992596,0.5293676020773754,0.4676120402994558,0.32061068702289985,0.2518705569666271,0.8316249643455506,0.624380070413209,0.4671335170398196,0.17618162201868556
1.0,0.3577914110429445,0.7341178045317067,0.18150993378682256,0.5112004181759285,1.0,0.3655640373197617,0.3324162732315069,0.8327883524594163,0.6360827362498431,0.4712219782047704,0.3490002984183826
1.0,0.19472392638036767,0.7386244476885819,0.18831624280526085,0.5043128943198579,0.5180908122899163,0.1379851038808315,0.3437796304575312,0.8323261668077554,0.6376630646469871,0.4686191784019961,0.3678465670408376
1.0,0.21631901840490772,0.7405848287177677,0.16931562845344114,0.511744297884764,0.4859176801454342,0.2331897979463405,0.3017307871814649,0.8318760801380121,0.6365266536639035,0.4645027227565596,0.23383375800564696
0.0,0.4689570552147236,0.7419763108959774,0.13017395374738489,0.6059642607987035,0.5363697405402612,0.1646240476979132,0.30960604080589943,0.8316726313466737,0.6321871296809844,0.461578870551326,0.2406170373941192
0.0,0.4359509202453985,0.7409822881316002,0.08373155727403869,0.5968450036553458,0.6067238670106831,0.4352434580987087,0.3012738947378765,0.8322055156165339,0.6395679057390987,0.4607541042754956,0.20625301287790124
0.0,0.6249079754601223,0.7415280023255539,0.06922859853532197,0.6016200465158785,0.5421131607505357,0.6048360384233197,0.3662803550987722,0.8328107237175363,0.6489234016388534,0.4672014061499866,0.3660675343755021
0.0,0.6758282208588954,0.7402631862267159,0.06408365166954333,0.5685340640907645,0.4755151570323302,0.7197747598542571,0.4126623073559682,0.8326174847032818,0.6543286212277091,0.4681008703250539,0.4613089089364827
0.0,0.31852760736196306,0.7392322603473369,0.0602874744993861,0.5141444568107825,0.4720801040526185,0.2934746604836043,0.4330750826582296,0.8320144946032503,0.6521432820053497,0.4664245750327845,0.473532584991851
0.0,0.3038036809815948,0.7462265950583435,0.12968596835219154,0.5606858957239811,0.4831579540924987,0.27128188141768794,0.3956786817916079,0.8314224655184982,0.6560913751407671,0.462851311418095,0.3861074765282464
0.0,0.19607361963190126,0.7507798499493954,0.16714425740688815,0.5873798775424011,0.48690151172863594,0.25002834074391306,0.37386083940476256,0.8314384935502751,0.6640086525205798,0.4607337279016965,0.3253563804145722
0.0,0.2592638036809817,0.7574386184187407,0.23412462126759834,0.6028742623015078,0.4880883727278322,0.3947674418604651,0.3871500228446221,0.8314263947884325,0.6690732659837266,0.4583786674418077,0.3417234809356564
0.0,0.18171779141104286,0.7606611831106813,0.2375138047180835,0.5859203594900968,1.0,0.3571247142494285,0.41231840981778334,0.8311872464570479,0.6730798780294498,0.4572339805382132,0.3888506301218923
1.0,0.07325153374233123,0.7648133311481677,0.2584689091817798,0.6066627177035917,0.4606685651345853,0.15799387803155174,0.365494303582921,0.8306742291605697,0.6661346028371229,0.4525865217895476,0.2592681863048921
0.0,0.04687116564417165,0.770177242801138,0.2546711462999937,0.6018313589711657,0.4625836104734817,0.14563996791566391,0.3342634942937572,0.8307060088057557,0.6628143400645923,0.4493722073991333,0.16352179601955816
0.0,0.1890797546012272,0.7754393326986917,0.27206395559755503,0.5848336778463764,0.4848075551992648,0.2618766249113689,0.2975794526133755,0.8312542442896081,0.6568379067379333,0.4454429172581639,0.07665909143080131
0.0,0.2769325153374227,0.7773338369847407,0.2660610898094286,0.5545383449857786,0.4378573086790382,0.4301583549988182,0.32591169693783817,0.8321744223657753,0.6623979485457232,0.444815373275825,0.0998024543549837
1.0,0.11693251533742287,0.7773327877988585,0.26180542806220425,0.4921588163087105,0.4600447690638987,0.08792247695580244,0.3822912419122666,0.8322310982768634,0.6656008019040246,0.447185073062728,0.2216749357403308
0.0,0.2880981595092025,0.7830237241522631,0.29656767338720097,0.4922604943433261,0.4386883083055699,0.4027416686362562,0.3409400193565185,0.831890691074724,0.6688758037150165,0.4427929930275567,0.10664829566506076
0.0,0.3255214723926382,0.7831290080863413,0.2940554257516771,0.5063418056674528,0.4269265722239406,0.38619711652091737,0.45003905693469387,0.8309999833297276,0.6654798723161846,0.4509825815329898,0.3766361402725041
0.0,0.2909202453987729,0.7846427994159819,0.3082312514575122,0.4911243539073206,0.4151121716184869,0.2436776175844956,0.4784646448766634,0.8301137917007443,0.6626865798164486,0.4542053122123085,0.3841343674920189
0.0,0.2892024539877301,0.7892719032586488,0.35244647401940943,0.4918806535187288,0.3770247716598083,0.3694162136610731,0.4680985905113755,0.8304458033972809,0.6654753473102528,0.4531509518921363,0.38315297797692016
0.0,0.4121472392638038,0.7940697465948259,0.4050642751155557,0.4844938407415809,0.4067717432121432,0.5717324509572215,0.4555414175456524,0.8316525515632996,0.6764579676157169,0.4514858278641203,0.4220641457631346
0.0,0.3612269938650304,0.7937547489692303,0.4241693880881002,0.4675530137650461,0.36178145568754266,0.6133301819900739,0.5116605829554554,0.8331778291159583,0.6914522119781914,0.4539123935728594,0.5193227671700156
1.0,0.11435582822085873,0.7944443858102437,0.4439983518584823,0.33536428538134233,0.38028962081716405,0.07775939494209393,0.5041783550889466,0.8341653465252828,0.7010026364227163,0.4529695491850792,0.5222763010108572
0.0,0.1685889570552147,0.8026399411045648,0.4894315151432418,0.3561911675394694,0.3402878542511026,0.3344363034743563,0.4235785977823521,0.8354613683644995,0.7112163452660313,0.4480288311611716,0.3953887432921504
1.0,0.11815950920245423,0.8076433982662115,0.4983878105403843,0.3137507529899223,0.37027599241726017,0.09023082303567273,0.4468408098295741,0.8362112323621831,0.7156530970186332,0.4468875879706666,0.4392965597570613
1.0,0.11877300613496901,0.8160094291062152,0.5324828956349958,0.31345320004643185,0.4135335114686061,0.0012578616352196964,0.4198202889721884,0.8354025042921586,0.7168241144285982,0.4441394208432072,0.3502121552477224
0.0,0.3278527607361961,0.8265331082408336,0.5896691844193301,0.3566916760426937,0.5727541696703429,0.18927702179444586,0.4500980107983826,0.8349455176501007,0.7204120186059773,0.44385341901569203,0.3832210158492447
0.0,0.3543558282208586,0.8302323446359428,0.6167338214654372,0.3274679531669281,0.473717445240307,0.20760039827414492,0.5292190086907821,0.8350060557091928,0.7271634238219865,0.4489660459210631,0.5497004867090979
0.0,0.5142331288343558,0.8340630176734067,0.6396302505253925,0.3718336968801684,0.4681174602234182,0.2994157740993197,0.5364261185267428,0.8347403242680648,0.7300744945105558,0.44977919534610733,0.5661113191064521
0.0,0.5339877300613491,0.833999484073263,0.6376765102805562,0.3315974978762776,0.5918943433004817,0.32327166504381594,0.5721472471002067,0.8333473278386568,0.7270792995271532,0.4500718873346996,0.620699696326802
0.0,0.6617177914110426,0.8366919323235242,0.6691819433546444,0.3579166185063775,0.535468362107582,0.6840231419670666,0.6298286898977641,0.8322829278677287,0.7286070705694452,0.4528829390865109,0.6851678522401093
0.0,0.5506748466257665,0.835918572024891,0.6784482791129995,0.2839490546700843,0.0,0.756827048114434,0.6594284422915369,0.8310489788569663,0.7330510991858749,0.4559083935686216,0.7827173179405044
0.0,0.6323926380368097,0.8362021920897502,0.7066773839212128,0.2656549472869505,0.521076814762673,0.908105765062852,0.6590992832192739,0.8304756412158801,0.7376211555496627,0.45604524584598,0.7646146252027363
0.0,0.5285889570552141,0.8329270672308973,0.7135493177545206,0.2743245109971953,0.6061716650606737,0.667967056783701,0.6700057480017095,0.8301891913318368,0.7426128947796172,0.4534900024822166,0.7794780652870241
0.0,0.5044171779141102,0.8315047102793334,0.7362828115737585,0.31375393954743586,0.5261819092907486,0.6662332032943225,0.6512928091024763,0.8300150423975364,0.7459063899836431,0.4509365620183439,0.7837364940341439
0.0,0.5520245398773004,0.8293981752412185,0.7561118265030591,0.33722098567416103,0.5197066980317856,0.6038144776766373,0.6452598637183182,0.8293773472333331,0.7520820396907055,0.4504481990039925,0.7627793869057621
0.0,0.5521472392638033,0.8269347227352946,0.7311675793581235,0.3373534478304133,0.5161386947707578,0.5765062852188977,0.6518872605613389,0.8270844792288546,0.7502186584104489,0.4513848041995885,0.7443924910289745
0.0,0.5170552147239258,0.824745249796893,0.6854648630970772,0.3204755733812463,0.5402682104699918,0.4139575205895089,0.6848277318974789,0.8248258060109067,0.7502728967633586,0.4513564594413224,0.7684537458999735
1.0,0.5330061349693247,0.8239052352894647,0.6345446096989746,0.32877973239247266,0.5355288797899911,0.2748157780667532,0.7011383008513921,0.8229923914715697,0.7444725691475337,0.4493944432938221,0.8015419760137066
0.0,0.6179141104294472,0.8236717336740513,0.6227520982290259,0.3221903952786548,0.5695283345241827,0.5129645635263599,0.6986966283302791,0.8220688933725141,0.7423926461279964,0.4492341337409209,0.7912805585748235
1.0,0.6495705521472388,0.8216244407546043,0.6146514274436458,0.33753201915765674,0.6195185663892994,0.532844036697247,0.7047787019341782,0.821421345293062,0.7380917585215304,0.4498898348481637,0.805042279987473
1.0,0.7434355828220858,0.8194185144586594,0.6107422728287284,0.3361711700683645,0.6895299148679377,0.7497247706422021,0.6760927344275824,0.8209351374835744,0.7392894071323248,0.4509272178503054,0.7541681251266555
1.0,0.7620858895705518,0.8158197346087022,0.5916955839900451,0.34561674974185946,0.0,0.7038911736792152,0.6744076364904762,0.8194575858601573,0.7326311717714961,0.450675777549527,0.7552734842762657
0.0,0.8019631901840487,0.8134220233743661,0.5823224004556092,0.378026053791618,0.6439418089542451,0.9138643067846604,0.6858446860461118,0.8180067851840979,0.7346724323311381,0.4523763198615196,0.7247103037895399
1.0,0.7062576687116556,0.8099086735777759,0.5763159985601395,0.391144941775056,0.0,0.911127432978332,0.7137102122830374,0.8164078689244242,0.7362695979844923,0.4555124039700471,0.7882424318127067
1.0,0.6294478527607359,0.8075762543765048,0.5784202015519859,0.3877041677770051,0.531343676694182,0.8843187660668389,0.712344447774246,0.8173974277522168,0.7560276948151105,0.4554625601641902,0.7796325871467958
1.0,0.6505521472392635,0.8052825409402511,0.5765816760742949,0.39881030270853257,0.5089632497797671,0.8872380952380959,0.6434126426560677,0.8179526269853415,0.7651698393141629,0.4508581243797043,0.7299006968174798
0.0,0.6285889570552146,0.8018505994143035,0.5664751179164353,0.4428451984994999,0.5188726089863867,0.825142857142858,0.6671513984347748,0.818826763367475,0.7782656284620805,0.449779097499933,0.7566402869353412
1.0,0.5721472392638032,0.7993208683110082,0.5701784708506084,0.463734702924598,0.5635278938880837,0.6537142857142862,0.6727078000874481,0.8166566104109972,0.7720072118724725,0.4466043695535093,0.7653125864330259
1.0,0.5580368098159504,0.7984130300863166,0.5920443248991061,0.5060883387621778,0.5606896530117941,0.6110476190476194,0.6955917248426667,0.8142126296146052,0.7686272111974437,0.4494663609167723,0.7499486978167573
1.0,0.5191411042944782,0.7980339952180087,0.6089987323280532,0.4800554791435001,0.5389306972740214,0.4735238095238093,0.7183724803364301,0.8136687431832025,0.7714031494012926,0.4482867598655946,0.7675492610837439
1.0,0.6396319018404903,0.7990248949310343,0.6213990848585675,0.5935891297207695,0.538323255179297,0.87504761904762,0.7016639728026173,0.8143395713411558,0.7833493732679059,0.4451857615706532,0.8196516537649541
1.0,0.6109202453987725,0.7953667859112246,0.6150293882193506,0.5739201023806093,0.0,0.7542857142857144,0.7292985964067622,0.8156534848147258,0.7971756602377739,0.4482400609823624,0.8701090781140044
1.0,0.6597546012269935,0.7917691090032748,0.6107137785969945,0.5802292694971992,0.5284182532480696,0.8655238095238105,0.7368889063567003,0.8142908948602979,0.8020195569397587,0.4489444609617424,0.8925404644616469
1.0,0.7350920245398771,0.7860761289684337,0.5844570152850481,0.5998172475482435,0.5921730464368103,0.9390476190476202,0.7484045610639205,0.8127836148283129,0.807410615885722,0.4503575316018583,0.8847202674173116
1.0,0.7106748466257666,0.7785969412421065,0.5332490427860186,0.5866944565726558,0.4545122731234226,0.9669834917458744,0.7677365155318867,0.8111910073457985,0.8173074506890144,0.4486743756660557,0.917690007037298
1.0,0.7317791411042938,0.7758747751748647,0.5319666269122995,0.6011280557639784,0.5267813295067871,0.9423247559893516,0.7575571484016133,0.8105731309965917,0.8308747801130391,0.4514633558599146,0.9041959887403236
1.0,0.5676073619631896,0.7748619869890685,0.558960236809249,0.4646284460749194,0.6250949000002233,0.9192786603692572,0.7403180560946011,0.8097620554332253,0.8423921946636425,0.4531521204623098,0.8940358902181562
1.0,0.4249079754601223,0.7752290602427814,0.5938877971840324,0.4143316416056822,0.4844493583251242,0.7423807139154655,0.7272057342458081,0.8091912020650046,0.8463311292306946,0.4521164257007679,0.8583743842364533
1.0,0.3917791411042939,0.7741927404449984,0.5984931510956011,0.4403608052041752,0.39698595386704105,0.6506531816266332,0.6886400817493576,0.8083744389542961,0.8442654336323324,0.4519899566277074,0.8029644616467279
1.0,0.4119018404907971,0.7727393093270953,0.5791798909131648,0.4548986495182725,0.38059913119877176,0.4804045512010118,0.6840858957793947,0.8089592258088231,0.8523804080194325,0.4552550331785995,0.7993314567206194
1.0,0.36625766871165577,0.7720348055470367,0.5584013626734577,0.4730827817212777,0.3561999995437929,0.4070796460176992,0.6523490658269016,0.8092160797263915,0.8681767066803713,0.4550849986644899,0.7835151301900067
1.0,0.3401226993865025,0.773370082711897,0.5450962603580454,0.4490722406562586,0.3939551888488378,0.2359882005899704,0.6339112449582165,0.8098406648254136,0.8939392663442302,0.4533367998454878,0.7491115411681915
1.0,0.37754601226993817,0.7765553577658968,0.5496974018237635,0.4730430601519871,0.394325718240618,0.3704171934260428,0.6230342571076251,0.8096198836171152,0.9010877794088278,0.4556973965144484,0.7472290640394086
1.0,0.3717791411042947,0.7787463603623139,0.551851887620571,0.4698202118317905,0.4923984312085528,0.4391066160977674,0.6258050887010005,0.8098791934458135,0.8915561193777216,0.45222514088121,0.7501935256861362
1.0,0.4576687116564415,0.7798358964481042,0.5588738248122779,0.4835009065009414,0.49101448901079,0.6721449641803633,0.6070282831161048,0.8097102697444548,0.8797438823663551,0.4537982096457594,0.7360045742434909
1.0,0.4714110429447848,0.7788959452601616,0.5405851036805206,0.4947331663191019,0.4318038578913559,0.5663716814159293,0.6333364447872505,0.8090891971423463,0.8736134241901269,0.4529696882143196,0.7823715693173825
1.0,0.4253987730061349,0.7783511453375118,0.5360782194151656,0.4613401037997499,0.4869559379546235,0.5731142014327855,0.6451124790590962,0.8075760569479297,0.8782919047322569,0.4543527381255668,0.778764954257565
1.0,0.4722699386503065,0.7773878556091884,0.5240173838264222,0.4465230670727162,0.4324691904872364,0.5773282764433216,0.6573797955283491,0.8061648250926355,0.8802220137192162,0.4519505822921326,0.7883180858550314
1.0,0.5554601226993863,0.7755392629913413,0.5205261930667112,0.4492098538007908,0.4854039694660885,0.5785924989464822,0.6850389832423643,0.8045186527558673,0.8798802552636581,0.4550006828884278,0.8418103448275863
0.0,0.5438036809815946,0.7742017053806878,0.5196846008953657,0.4927164371772249,0.4637713934796354,0.5600505689001263,0.7243071692811067,0.8031158431389992,0.8805945850178717,0.4556471080945249,0.87905524278677
0.0,0.5386503067484659,0.7740361538198031,0.533164370310677,0.4890519429698194,0.4629554928307842,0.5903919089759808,0.7187704189163295,0.8004911265580549,0.8715762922042795,0.4587505003057434,0.8765130190007037
0.0,0.547852760736196,0.7727395105934167,0.5161063316179694,0.4945415358025237,0.4766507729037107,0.5554150863885382,0.7379107733273067,0.7981208222655057,0.8663990903787603,0.4610725025655752,0.8676020408163264
0.0,0.5840490797546007,0.7710397596574041,0.4969390237179576,0.5151478799069708,0.4219903310266789,0.5107458912768651,0.7376749578725513,0.7949528446981329,0.8547560550320726,0.4613441038685964,0.845197044334975
1.0,0.5590184049079749,0.7700858809766644,0.4719174073442375,0.5018377561323741,0.5923458198426664,0.3333333333333333,0.7467587657026069,0.791916423785132,0.8394876851906855,0.4625641491827127,0.8332160450387049
1.0,0.5028220858895704,0.7717411570915202,0.4878594101172536,0.5170294647113158,0.567716203079064,0.1930046354825122,0.7496671563112569,0.7898965741105334,0.8289011870371831,0.4633981908019013,0.7989481065918657
1.0,0.4671165644171775,0.7747864921171088,0.5130284898169569,0.5435448364540231,0.5024623525907251,0.1122575319851424,0.7410107639929452,0.7875925318262597,0.817763385783486,0.4620230441099832,0.8114792426522477
0.0,0.6694478527607357,0.7786361499074681,0.5473541309964506,0.6438823318058498,0.4916396855834324,0.6277342137845652,0.7554790247065817,0.7869645945396312,0.8219164590711435,0.4640040304586104,0.7926770187919119
0.0,0.7829447852760731,0.7779704379174999,0.566340320968724,0.7083111804666893,0.0,0.9306354160962349,0.7697360340753329,0.7861357998053357,0.8251400619635222,0.4649870416545063,0.8524721565980422
0.0,0.7420858895705518,0.7742421636870989,0.5597897953002352,0.6543890975337442,0.5120895721655936,0.9878055540158532,0.7896575271801876,0.7876419342194653,0.8402430954815815,0.4670263753182418,0.8975869051636853
0.0,0.7039263803680977,0.7710044600481163,0.5576255606984584,0.6362408277862833,0.5098675785404648,0.8007721860854347,0.747520253108588,0.7871845109677412,0.8440071001743726,0.4650679842651831,0.8903476206547418
0.0,0.6797546012269938,0.7697993707569464,0.5571679884280502,0.606760377597292,0.4722215137014391,0.9413641802951748,0.7456189910046227,0.788100297855795,0.8555333151981833,0.4654927968184298,0.8446760040499492
0.0,0.5922699386503064,0.7686400730187282,0.5780207934311477,0.5807935236695617,0.46021322316187,0.8643797367371369,0.7186770752988221,0.788246893624761,0.8648738471665273,0.4614339633236485,0.8656176172797836
0.0,0.5644171779141101,0.7676416658317113,0.6027112714233683,0.5582026545437471,0.0,0.8699641005185483,0.7022977268372728,0.7888098083965981,0.8783150078325593,0.463067662241887,0.863609517381033
0.0,0.5840490797546004,0.766220284927549,0.6226170347938362,0.5732267971215936,0.5584463518275377,0.9537295572397276,0.7237028921782959,0.7879216923689382,0.8846255687409016,0.4616332997429277,0.8780037124535941
0.0,0.5175460122699383,0.7624120402550358,0.611310406976665,0.5750919234754998,0.5496077323950739,0.9492385786802034,0.7354297982304017,0.7853745913167397,0.8815731074012237,0.4628315827786735,0.9029109011137364
0.0,0.5204907975460121,0.760183109089978,0.6141383928627304,0.5772747601147757,0.0,0.7956852791878178,0.7507135873917337,0.7839821965925061,0.889809232631286,0.4647518034603311,0.8877489031387108
0.0,0.4914110429447844,0.7578476228480286,0.6097593463627866,0.5579016963714041,0.557132459686953,0.9610829103214884,0.7131403249340453,0.7812824537018513,0.8902212384973475,0.4643382284962299,0.854463381707729
1.0,0.4699386503067482,0.7539581317292627,0.5905887277814376,0.5438784575014209,0.5653696958329864,0.8246456193956658,0.7484045610639207,0.779812182538235,0.9016540706578638,0.4644862967607272,0.862867026662167
1.0,0.4305521472392636,0.7496823571133169,0.5518258038275247,0.514456095405055,0.6159995415564968,0.5316794125051004,0.7509985310662297,0.7779835167060919,0.903488780498914,0.4646800481024967,0.8725531555855551
1.0,0.4563190184049076,0.7483042549684438,0.531067835757988,0.4831799196462536,0.58692457564707,0.5538146370257205,0.6930075804843059,0.7779484618400346,0.9172628291827288,0.4627172367660234,0.7918157273034089
1.0,0.467730061349693,0.7465267213038704,0.5132755010622322,0.49111241717502796,0.5649005568553048,0.6032933741894612,0.7033687220276199,0.7776891143417081,0.9224657282184541,0.4634574386610405,0.835791427607155
1.0,0.4937423312883433,0.7456978900294673,0.5310014379901123,0.5096450118753336,0.5549078837666305,0.5347175805765579,0.7065620563107655,0.7770084212788736,0.930733353226659,0.4639699529716567,0.8235993925075938
1.0,0.3655214723926381,0.744925339904547,0.5529075588957899,0.4734853404907661,0.5244335430869278,0.360673952483052,0.6865668708762998,0.7783126188570614,0.948190393014396,0.4657301091467372,0.7970975362807962
1.0,0.35423312883435565,0.7470391073609934,0.6042348112226323,0.4636393835108621,0.5469696542180025,0.266490742267862,0.5976497059676047,0.7794602291066853,0.9643283717850072,0.4589411965982269,0.7539402632467094
1.0,0.36171779141104254,0.7485365385577949,0.6371704349779997,0.4682953767349114,0.5413951705272687,0.3207437435438927,0.5778166436582839,0.7802158020557205,0.9723774268804052,0.4573061642114344,0.6913094836314548
1.0,0.3933742331288341,0.7495783190548566,0.6716859769815521,0.4419413940448279,0.5391326532625144,0.3446150641053467,0.6134444286142402,0.7785091479164422,0.9686560750136732,0.4574535872771444,0.7343570705366181
1.0,0.3692024539877298,0.7499518302829151,0.6875708200604626,0.4216927095993056,0.5345779580517075,0.17100546002204856,0.5984701472372744,0.7773373775145612,0.9698668208405284,0.4560778196464077,0.7037293283833947
1.0,0.3661349693251532,0.7515360292808475,0.7095322072032006,0.41832378934618775,0.4974475232863954,0.0785583458476925,0.5886887186869009,0.7760793250918064,0.9728619437853242,0.4588746726866637,0.6888288896388793
1.0,0.4861349693251531,0.7549516609367444,0.7345397637752802,0.4545412900843537,0.4580560743878084,0.2769073185128603,0.5861537025482808,0.7747862233748392,0.9723164979352568,0.4588806577440934,0.6579311508606142
1.0,0.43779141104294456,0.7571554709659201,0.7638910347275213,0.4693688364784099,0.5378451208533703,0.16536314788934156,0.6331251934423653,0.7736557888632035,0.9705744382193109,0.4603432279898161,0.7298768140398247
1.0,0.4667484662576683,0.7616179234446092,0.8187326578319358,0.4899604577303554,0.5656547644529126,0.17538936438894365,0.6196787996993354,0.7725137227798652,0.965703687230732,0.462735350153608,0.7112807964900442
0.0,0.545766871165644,0.7636182824825151,0.8527977726166178,0.5023028809242901,0.5276691782944412,0.4560123474112544,0.6810448589774449,0.7716330200163791,0.9624802877083576,0.4658150156880052,0.8018140398245017
0.0,0.6381595092024538,0.7631025668141191,0.854277606295905,0.5217405936160425,0.5086554975674434,0.6652058908259214,0.6972817356017469,0.7697535395064047,0.9512693721743904,0.463848496315374,0.8291765102936214
0.0,0.6527607361963188,0.7615279061078097,0.839231992713515,0.4797603245734695,0.5848366635905801,0.6870302310761157,0.7302418582257835,0.7677476362221841,0.937966252428042,0.463775359388809,0.8631370232872091
0.0,0.7013496932515332,0.7603787777278628,0.8250026848882371,0.4759655603945619,0.6121173202030277,0.8594425190526499,0.7324821050459593,0.7657323115600038,0.9255618312296421,0.4641898157518994,0.8515693553830576
0.0,0.6690797546012266,0.7576236233858422,0.8119403040978753,0.4570028521078557,0.0,0.7002295779233136,0.7469798426914405,0.7634584289089689,0.9190125294592076,0.4657244068693556,0.8819946000674994
0.0,0.7395092024539878,0.7560915446281009,0.8041963779678181,0.5599123066637396,0.6778207713931914,0.9663557766575052,0.7740249276586961,0.7606242936330628,0.9144570862588008,0.46500994963044,0.8936044549443128
0.0,0.7250306748466253,0.7522393281112651,0.8011141244403872,0.5513687863323942,0.5858381497829594,0.9232809736814735,0.7991392735901427,0.7570855118706127,0.9033127350595046,0.464072089353639,0.902708403644954
0.0,0.6598773006134965,0.7493455628055137,0.8204880545495923,0.5387223949382159,0.5748181689814751,0.8986238532110089,0.7967860318645632,0.7564684918889516,0.905829263419162,0.4641989180089681,0.8784864052123793
0.0,0.5973006134969322,0.7477501061063372,0.8433670312777197,0.514194917397649,0.5575864882141234,0.8287292817679558,0.746621206687333,0.7562439338994519,0.9116807487596332,0.4570103024475989,0.8847429311280954
0.0,0.6088343558282205,0.7462086235405849,0.8621901549649384,0.4712937890712211,0.5972315620540138,0.8383977900552491,0.7479427557983579,0.7558106569226023,0.9164373994814996,0.4574112172180181,0.8666583134945495
1.0,0.5807361963190178,0.7426858515804264,0.8500454914389449,0.4491472753947071,0.0,0.6680478821362796,0.7627893038039978,0.7532406445618881,0.9110668352307141,0.459169569196796,0.8613289896838323
0.0,0.7233128834355822,0.7399597998058913,0.8599329332470464,0.5682623568354371,0.6040859728153951,0.9645488029465924,0.7659531611552991,0.7512394256835307,0.9056372268162364,0.4556960320160098,0.8659566470367119
0.0,0.7517791411042938,0.7337699332796968,0.8390287088128953,0.5888413929048758,0.0,0.9222179437812856,0.7907923890561974,0.7492953615396712,0.8997662799127085,0.458348387561993,0.9120995698116356
1.0,0.7900613496932511,0.7280128756778184,0.8148415687916529,0.5635030418202122,0.5786053984201929,0.946861763573354,0.7957346879621124,0.7468468141597314,0.8949986643862571,0.4591964034748742,0.8935471745395317
1.0,0.7953374233128828,0.7211237946908235,0.7649390799720823,0.5683529100563864,0.5666624445997153,0.981715893108298,0.792570830610811,0.7443783081597394,0.8916472951730253,0.4591376163080678,0.8740675771624272
1.0,0.8311656441717787,0.7155024399430041,0.7458175817975798,0.5914084364425307,0.6429616631457029,0.931666483630462,0.7768498002937869,0.7422794776830987,0.8924870700363537,0.4615371143499717,0.8484400451071298
1.0,0.7715337423312878,0.7099799717387376,0.7442119137778529,0.5645725411257014,0.5318410557267924,0.9611004547222708,0.7453733499059195,0.740579811774717,0.8912077113298249,0.4588766913125453,0.7811552437037967
1.0,0.7380368098159504,0.7059803834939558,0.7562181557567846,0.5469896432661792,0.5015766312269868,0.8634040735777084,0.7543687269404417,0.7391818890559144,0.8870108501748807,0.4560805496501785,0.7954141085077058
1.0,0.7511656441717787,0.7031473925137135,0.7590313902805945,0.5691935141861214,0.5088831197971446,0.9138451569196328,0.7402885791627569,0.7380210727262452,0.88781626737308,0.4585025421264403,0.7755299293427546
1.0,0.7705521472392634,0.6990664849788788,0.7389165591096903,0.6062907246752138,0.5811466309621186,0.972386268243472,0.7533615984357571,0.7364047909095358,0.8821645841919373,0.4561770238176062,0.7966771097187038
1.0,0.8116564417177909,0.6939863278056179,0.6874036955273002,0.6318923521727252,0.5415478367315316,0.9928995203231504,0.7637718681988118,0.7348533637801417,0.8795393012620688,0.4574850778382789,0.7924244054664799
1.0,0.7418404907975455,0.6901362484377382,0.6734097455969096,0.6354126866749206,0.5530801073817052,0.8445767195767191,0.7584365435349718,0.7326991610095134,0.8715827712639473,0.4566798578973828,0.7956148182123464
1.0,0.6424539877300607,0.6889876348236432,0.6655742308040695,0.540886465973367,0.5387274558725703,0.8258557660352274,0.7630840731224421,0.7318442435561171,0.874365284853056,0.4575135710715771,0.7773746242618329
1.0,0.6430674846625761,0.6886564226238403,0.6924845417784635,0.5413098044693551,0.5266026129488176,0.8255234297108675,0.7413890512849484,0.7302290784038875,0.8758424662633372,0.4583339617046509,0.7741607737950091
1.0,0.5986503067484658,0.687348089137737,0.6676361435929445,0.5494319768302596,0.5502231507157059,0.7843137254901958,0.7471812683923775,0.7283051862203817,0.8776601837351165,0.4592243863072604,0.7603023652767621
1.0,0.562576687116564,0.6865034478998326,0.6746832908805689,0.5145127924233989,0.5300242311865939,0.8022598870056492,0.7939120310097321,0.7258171762608464,0.8754172790584093,0.460818270607445,0.7980283956536929
1.0,0.5521472392638033,0.6840838565564529,0.6708471746433656,0.5570829602347791,0.495011740017852,0.7760053173811895,0.8020329257328702,0.7230383733834632,0.8700763310857057,0.4616067925613563,0.8247556493861914
1.0,0.6307975460122694,0.6806559599701889,0.6787997558788196,0.5649786890862684,0.0,0.8348288467929545,0.7984072631160062,0.7207438884332623,0.8604330946398691,0.4617606886211529,0.7938773295295976
1.0,0.7040490797546006,0.6764824694152011,0.6657257143070576,0.5756767155392035,0.5070322606177287,0.998256624825662,0.824450132400552,0.7183740293797499,0.8512630509560221,0.4609510941393451,0.8206560256370748
1.0,0.6595092024539873,0.6704936039098934,0.6484280724247606,0.5828841084926558,0.4702004007939965,0.978603998596984,0.8147718731116341,0.7160328222777733,0.8437383896351233,0.4601095907690204,0.8088527402413698
1.0,0.6830674846625764,0.6650709958846579,0.6201271071508787,0.596850398968343,0.5897450743760919,0.9847583643122678,0.8564866444934633,0.7143376583176412,0.8465301831801456,0.4611187515828205,0.8530054603765932
1.0,0.6084662576687113,0.6579229425666415,0.5673056221514355,0.5989089523132372,0.5082325129141415,0.9799007683783132,0.8212174955416139,0.7130819408378174,0.8527956774125166,0.4614943698845431,0.8083552700069899
1.0,0.6304294478527606,0.6530647218754857,0.5444909509493855,0.6139339202919135,0.535352497679321,0.890504133766371,0.7804705500886765,0.7127829694549627,0.865816409767386,0.4606398535750033,0.7700144261514897
1.0,0.6068711656441711,0.6498290606695798,0.5351523043632092,0.600135505547405,0.4936043284180395,0.7660142661372495,0.7634623604144455,0.7126001466195261,0.8751999918324463,0.4625420857758651,0.7531417778372669
1.0,0.5161963190184048,0.6486502057493637,0.5588555938751026,0.5773761218532516,0.4949995873021877,0.6425283490535262,0.7447985497349532,0.7116770440393948,0.8780605646164369,0.4644129841475014,0.7300673716146879
1.0,0.4369325153374228,0.6469908274559104,0.5618596560778424,0.5666780792718623,0.5150325013598389,0.3940505890679822,0.7128259043277048,0.7104202411547013,0.8811470759702106,0.461453483386845,0.674534124540817
1.0,0.5853987730061346,0.6458703549602147,0.5649056055301125,0.6259575522442357,0.4425866129707881,0.5989952053918395,0.7099420778289256,0.7095665368082703,0.8869172400002022,0.4612952653644205,0.6628890971013846
1.0,0.5997546012269934,0.6434193542445219,0.5573543913409515,0.6352076786491088,0.4855919664183778,0.4896058011671141,0.7154493512618583,0.7090125674123072,0.8978477421953975,0.4617151285749668,0.6828403158881006
1.0,0.5568098159509198,0.6428363378312432,0.5577948742470455,0.602252747978099,0.4371456793354007,0.5656749372863789,0.6916221646876182,0.7088166829055694,0.9014132630428552,0.463092616204305,0.6493627210398727
1.0,0.6003680981595089,0.6432895200652855,0.5707293996224297,0.5786241190146185,0.4542405219670084,0.5660602744371186,0.6990749156222825,0.7086073005518746,0.9051918951344614,0.4638058047441489,0.6700575558827468
1.0,0.5285889570552141,0.6456956998668533,0.590201166876306,0.5840823407560158,0.4249516651220302,0.3891905222474401,0.7029413065158756,0.7081134006158846,0.9063284405537868,0.4641567075681794,0.6816728386799329
1.0,0.35018404907975426,0.6482457986637409,0.6124417359519297,0.4857899019317564,0.454539436890739,0.4111547398396221,0.6636485563672627,0.7072659135433651,0.9104302984834246,0.4602838481332465,0.6174839007123841
1.0,0.611533742331288,0.6524764952337814,0.6710731264752329,0.5713217978453126,0.4602594159894395,0.6966895685379927,0.6694456862966656,0.7062905189539167,0.912998208802096,0.4571962655257187,0.6243846577135295
1.0,0.5433128834355825,0.6512145370526996,0.6916133840044099,0.5847954286229347,0.4741581845351444,0.6943775456335524,0.6954983812251596,0.7053710461752908,0.9220234698518244,0.4565931040177682,0.6545308526301701
0.0,0.49484662576687105,0.6534145445520407,0.7498498249262795,0.562844256254633,0.0,0.7860877875096817,0.7121184579634385,0.7040247922190799,0.927590041899506,0.454813910249543,0.6784083641933996
0.0,0.5019631901840487,0.652384507610714,0.7625554429972909,0.5658094887515004,0.4138089510661889,0.9201851159672152,0.7444153496209754,0.7028426514527774,0.9345919886979812,0.4549567298841836,0.714719136215589
0.0,0.5955828220858891,0.6492752734719696,0.7554070600801166,0.5530748302337296,0.5203618181906171,0.9579831932773104,0.7938923797218357,0.7009120309541589,0.9329669309354476,0.4609625164895775,0.790657207870432
0.0,0.4973006134969322,0.6435593577489573,0.7344207690255847,0.5635886149378709,0.5102653231375305,0.8001658374792706,0.8189035563918269,0.7002668140659829,0.9434565395401644,0.4602233794049602,0.8056038905992058
0.0,0.5490797546012266,0.6410860507612339,0.7473011759352977,0.5837275284608849,0.4938610013687041,0.6981757877280266,0.7455354730310635,0.6993830154269814,0.947286458323412,0.4549836871021323,0.7430657802763274
0.0,0.5899386503067482,0.6387300628412504,0.7648231892274977,0.5514410215992304,0.5674710808059135,0.8184079601990052,0.736112680484797,0.6992532814278062,0.955772709073717,0.454144843233688,0.7242374217344101
0.0,0.5328834355828218,0.636422197548288,0.7890985846592231,0.578430376130002,0.5629429655327838,0.6803482587064674,0.7535188087389275,0.6979066588310355,0.9558982798674032,0.452456303819388,0.7450289266645845
0.0,0.5294478527607359,0.6355051156713984,0.8217223388360391,0.5768775219378856,0.5430585106300415,0.7176616915422884,0.7241008307581958,0.6961279257807672,0.9577949976333898,0.45338593057446896,0.7005978673091507
1.0,0.4615950920245392,0.6329606025405248,0.8197280872807686,0.5988923869888584,0.5321591359112194,0.4954394693200658,0.7394091840293979,0.6949838100428537,0.9640228089633964,0.4514785380973498,0.7068144975386307
1.0,0.5125153374233127,0.6324735725344484,0.8165560878310882,0.619737132245532,0.5989370789038739,0.4722222222222228,0.678662140320021,0.69327838613158,0.9722975547732688,0.4486724722065572,0.6261693362483082
1.0,0.5673619631901834,0.6310274312202722,0.8017029149269611,0.6428550118117318,0.5572814930353853,0.6766169154228849,0.6771833809058261,0.6918669987292329,0.9868477186066468,0.4488395132136093,0.6046119067802912
1.0,0.6453987730061348,0.6281803480223347,0.7869973673504363,0.6257403186307969,0.5382855685759982,0.7392205638474298,0.7428530722332212,0.6903184980780576,0.9947765258378728,0.453409783137005,0.6848555154002883
1.0,0.5439263803680979,0.6238268026825184,0.7570465759785552,0.5864884785819167,0.6579209563542611,0.3611111111111114,0.7499226230539083,0.6887945505478056,0.9993481556763624,0.45424321411719104,0.7016512734396866
1.0,0.5159509202453986,0.6233708458090013,0.7397689232365494,0.5740200867948002,0.5892283333224388,0.21949221949221992,0.7240222256066107,0.6877577748218858,1.0000000000000002,0.4516758515377052,0.6582924565822619
1.0,0.6087116564417175,0.6252803044994475,0.7601310103082671,0.5705421906215693,0.6492098315140167,0.4841108857336043,0.6977189767574392,0.686958273029073,0.9959127423451728,0.4526937317894067,0.6204943509066538
1.0,0.5272392638036806,0.6257164453039534,0.7780262274432295,0.5796194710017253,0.6037840536227428,0.36443542934415135,0.7529489213899356,0.6863224569355727,0.982280674706301,0.4597909780205928,0.7088535880098007
1.0,0.5465030674846625,0.6293290256061164,0.8206522000967711,0.5401143842848086,0.6493676265736857,0.4070317782285333,0.7207404605279317,0.6857612138771564,0.9743658550575052,0.4564938447257994,0.6561573382581247
0.0,0.6910429447852755,0.6315710914429633,0.8516489921443242,0.6221482923585645,0.6325019792027358,0.9178498985801216,0.7352283725294646,0.6843697629350155,0.9687068970855492,0.4579607508267807,0.6968383721700232
1.0,0.5501840490797543,0.6262159103031999,0.8314018456095775,0.5500031593061907,0.6579404159705592,0.448275862068966,0.8268426767019244,0.6832387937931613,0.966063831882398,0.4662831692850841,0.8001486266748095
0.0,0.7051533742331283,0.6257238061230723,0.8392119515998737,0.6057009314942937,0.6152056420220224,0.6342123056119003,0.7448280266667975,0.6809784727677589,0.9571963580651212,0.46093726911585,0.690024205970806
0.0,0.7892024539877294,0.6231339361098485,0.8328212835333376,0.6374622775924946,0.0,0.8486176668914359,0.8147718731116342,0.6799418837522256,0.9616747755270872,0.4666729819805314,0.7895254162693468
0.0,0.8138650306748463,0.618646195744498,0.82605602187005,0.6649202081697537,0.7282125107159027,0.9463924477410652,0.8779360252322537,0.6785737209628132,0.9745293756588064,0.4715304719320592,0.8796554800828921
0.0,0.7384049079754598,0.612837699509684,0.8181443065973487,0.6300685498200028,0.0,0.7744107744107747,0.8673292425902359,0.6768605700912128,0.9817969602106016,0.4694921017578267,0.8800296454064008
0.0,0.762453987730061,0.6084017836726905,0.8045579544366745,0.6605525493415257,0.681868611010391,0.8878787878787884,0.8611194356150116,0.674919946239848,0.9817969883862382,0.4689320338247995,0.8682938061247986
0.0,0.7521472392638033,0.6017769810289519,0.7793638870953442,0.6593219715540368,0.6255943869548808,0.7828592005761614,0.91314130749844,0.6723598449882352,0.97217325326752,0.4722560654413653,0.9300454754777802
0.0,0.7916564417177909,0.5967162262596499,0.7530156588898168,0.6811380683639596,0.5861088339508406,0.803945371775417,0.9162511238080262,0.6691681160927413,0.9687328891017448,0.4727762324500819,0.9266204236702736
0.0,0.8241717791411036,0.5916312867735805,0.7433319795424043,0.6674097410786772,0.5813129315371387,0.851057664445088,0.9239986440611352,0.6659643249522625,0.963025872032728,0.4739355905725264,0.9233608680635504
1.0,0.8896932515337417,0.5856830738132597,0.7222710648271616,0.6666441053406325,0.5968256003706771,0.9371924746743844,0.9339471085586272,0.6631424759754126,0.9633817445953198,0.4753154266470256,0.924644275197468
0.0,0.9265030674846622,0.5801203440543738,0.7202601045545208,0.6294174953908156,0.538591596650591,0.9961841163844504,0.958535782538848,0.6603415373645697,0.9583459346089246,0.4785004923308535,0.9861686819441166
1.0,0.7806134969325149,0.5749198778010227,0.7157465372301699,0.5160528286620574,0.4951549901466478,0.9180084220956156,0.9515595753356684,0.6578417904305971,0.9457839660671676,0.4781910581307745,1.0
1.0,0.7601226993865027,0.5713086060205597,0.7159786211320109,0.4902788548869351,0.5502334702544116,0.9847769028871396,0.905831028401024,0.6552438157395691,0.937204522251424,0.4772593682276709,0.9925596169493652
1.0,0.7521472392638029,0.5667936228214017,0.713023674636704,0.489285673603913,0.4813641831873362,0.9580645161290319,0.8970812924652046,0.6533060113438832,0.9247854813191208,0.4763769996621151,0.9956135113403866
1.0,0.6758282208588954,0.5639491794978619,0.7210134290393275,0.474864238194736,0.4746071214201926,0.9331378299120234,0.8768257274661134,0.6509610284215449,0.921699252678436,0.478094491086033,0.994016399497673
1.0,0.6131288343558278,0.5622798055819461,0.7520871787206596,0.4828315209099358,0.4908848912459647,0.8929618768328443,0.8605790251978639,0.6487246488104091,0.9138366934275528,0.4767280615230829,0.9675953335946168
1.0,0.5623312883435581,0.5595122432516537,0.769396164539984,0.505443122912565,0.4964443194461452,0.7826979472140763,0.8354892433762875,0.6462072002299725,0.9081298570836224,0.4740558653454465,0.9248315232294358
1.0,0.6354601226993859,0.5576651262805679,0.7850567579095362,0.5027913142886847,0.4857943333567913,0.8736070381231671,0.8140889908572383,0.6439587971843103,0.8929255858076129,0.4720773582002246,0.8723834966357764
1.0,0.6153374233128831,0.5546074769807465,0.7889723531103137,0.5386880197439619,0.0,0.8821065230400957,0.8484885703196773,0.6416495610957907,0.8720576473703122,0.4733836203359277,0.9235105957616956
1.0,0.6185276073619628,0.5512379549498894,0.7863881112962381,0.5395402622930833,0.4959325724639069,0.9939412299303244,0.8675650580449915,0.6397974050007272,0.8567207565440692,0.4723693616608308,0.9441663334666136
1.0,0.6354601226993863,0.5460026637518111,0.7711809011167409,0.5496130356806399,0.4578309357054426,0.9986859395532196,0.8802106618062482,0.6383929742536602,0.8479173697226766,0.4738947356477839,0.9889036732389828
1.0,0.5446625766871164,0.5409250839829456,0.7548640724233997,0.5469832007251483,0.0,0.8464896325936705,0.8432515020953186,0.6364421955789051,0.8380701338026452,0.4729943344879925,0.9410910850368944
1.0,0.5099386503067481,0.5388190299871902,0.7566212250106851,0.5715884508139641,0.43639374591593494,0.8275736631502362,0.8177834329817388,0.6348424967638343,0.8281991892295265,0.4707973868104359,0.8720535462279748
1.0,0.5484662576687112,0.5364018391257039,0.7543667789488125,0.5472123478984601,0.468866277891167,0.9171677982541214,0.8122565082609101,0.632366615792089,0.8197960816036359,0.4693608604423616,0.8807306157009801
1.0,0.5569325153374232,0.5328897689314998,0.7374342495372367,0.5526859810888651,0.5349708697755383,0.8849064117881327,0.8473094930459002,0.6295725948376033,0.8129610851598897,0.470822646039065,0.9051489859279868
1.0,0.5684662576687114,0.5300744410129705,0.7240787188836301,0.5609490083330693,0.4621840979944457,0.9410593389088016,0.8508565505111791,0.6263073462234215,0.8063399522579734,0.4721994442533105,0.8755400882995275
1.0,0.4932515337423308,0.5260252156486522,0.70773506724638,0.5607403078956961,0.4382961799652407,0.7084826762246118,0.8507877710035419,0.6234080267909482,0.7999686793311135,0.4720531977539174,0.8827285125446661
1.0,0.4979141104294473,0.5246346921882918,0.7097190655244072,0.564330874158172,0.4151429885497025,0.5631222620469929,0.8269114562095613,0.6215703318834173,0.8015111805830423,0.469924789443708,0.8246489550555808
1.0,0.44981595092024507,0.5232804529151664,0.7161516106853782,0.57939348493217,0.4630960675873224,0.5101553166069299,0.781349945222035,0.6194077107808204,0.8036967074758,0.4681673948479828,0.7604008733094794
1.0,0.4739877300613496,0.5231054155659554,0.7234319739595805,0.5970684300821059,0.4675495226900394,0.3444842692154524,0.7873239367425042,0.6184748187357493,0.8058705999399288,0.4693250781647776,0.7539330830405309
1.0,0.4614723926380363,0.5239304858789036,0.7398475318062187,0.5876465983237599,0.4566346403563713,0.1369127516778525,0.7412465794477006,0.6170803849257877,0.7995944972513046,0.4666691534255252,0.701857522855802
1.0,0.5546012269938648,0.5270110007709623,0.7632216309952764,0.6117387756312619,0.6463020085733402,0.4581655480984345,0.7077460464065162,0.6166360436915799,0.7972095387618695,0.4627765548943085,0.6380773558054109
1.0,0.6011042944785273,0.5276759300476659,0.7825323602405999,0.6031309724415209,0.5551825092829484,0.5534675615212531,0.7825339353177858,0.6157592781880411,0.7991810875698283,0.4748010222703321,0.7650742267890235
1.0,0.5458895705521469,0.5270733011146491,0.8043084412465207,0.6097914865130728,0.5164416512516881,0.3123181377303591,0.8242094041238227,0.614459884476536,0.8040844435193356,0.4779079526310375,0.8165166506763538
1.0,0.6377914110429442,0.5282647341803571,0.8383854345663524,0.6559653083551273,0.5594074121683537,0.5786704925872787,0.7772870414494788,0.612307777232625,0.7968081421047676,0.4723599441865202,0.7380127580726669
1.0,0.7104294478527603,0.5264520795557215,0.8239847335417344,0.6936526435922832,0.5423124830908701,0.7777290661990358,0.8638951800303613,0.6103433620985393,0.7873248220839476,0.4834134493804722,0.8538900403541797
0.0,0.7560736196319013,0.5227418888371618,0.7785923002267731,0.6819336646090545,0.5155367135551772,0.8246728971962618,0.9279682042161836,0.6079614297611909,0.7734816714484606,0.490731668531457,0.9346230293984692
0.0,0.7511656441717787,0.518905203578419,0.7432213809563898,0.6813198287540555,0.5623440042173272,0.7413497773210009,0.9447012758598664,0.6053688256757218,0.7648478762207549,0.4897761837251736,0.9547936653726652
0.0,0.7636809815950912,0.5164989364827008,0.724563000039441,0.7019359528514783,0.6302369325391812,0.7880749574105621,0.9363249143940772,0.6026353756669619,0.7526159318390816,0.4890613983330037,0.9357403871595192
0.0,0.8036809815950914,0.5136063017192909,0.7118738731525833,0.7359327325978491,0.5777793029126271,0.8935810810810818,0.9758190902436268,0.600748398269712,0.7536943783170325,0.4921337423990893,0.9766032357527394
0.0,0.7684662576687111,0.5090954347801788,0.6765356313061993,0.7193283788597866,0.6476019020051489,0.7723097112860893,0.9733528536126436,0.5989324207192391,0.7526641923843913,0.4902680518001351,0.9966251225318584
0.0,0.7649079754601222,0.5057041600154595,0.6704871430518242,0.7084199110461543,0.6513083322499129,0.7877148313176324,0.9248976904823901,0.5982053254493284,0.7580819883720237,0.4882654898504808,0.9306189609298424
0.0,0.7986503067484658,0.5020015934388693,0.6592114773912016,0.7448896436068783,0.6582460622199571,0.8612348822406115,0.9250254238537158,0.5967070694622661,0.7566493311472007,0.4868781149531856,0.9560495728889512
0.0,0.7748466257668707,0.4968893030041768,0.6419796527342343,0.7330941209337537,0.4305722920682561,0.9853057982525812,0.9650698357643612,0.5947924766040783,0.7585371755065359,0.4900544623514469,0.9988166923400088
0.0,0.7401226993865024,0.4926426439103413,0.6275882132441823,0.7320885874885498,0.5210816607004808,0.9019375247133248,0.9543746223268104,0.591903131391578,0.7586077135498634,0.4891059718362055,1.0
1.0,0.7241717791411035,0.4890929678888836,0.6213989483429238,0.6820936830070292,0.5421800817016039,0.9205219454329768,0.9413359928076288,0.5895008130961633,0.7578024690066025,0.4876390195896406,0.9985228519195616
1.0,0.7182822085889569,0.4843867285995281,0.6049878718466728,0.665034860717582,0.58472818462922,0.9319889284302096,0.9345464728394636,0.5871218749074313,0.7562890261037697,0.4868455804419333,0.991483087215828
1.0,0.6996319018404904,0.4791131741252745,0.5811005131895938,0.6543043757691911,0.6676410830091006,0.7726374060893636,0.9371158787319022,0.5844189239264143,0.7504953678178349,0.4874986782581773,0.9961218179256542
1.0,0.7089570552147234,0.4739616590741427,0.5496937145744127,0.6720619482894911,0.6476902686938505,0.9800708591674052,0.9048926794039764,0.5823320119892199,0.7493946687618408,0.4841212309101892,0.9505720374204664
1.0,0.6863803680981589,0.4681398574748734,0.5132045007808496,0.6591688353340928,0.3872761762106906,0.9987515605493128,0.8977789131855226,0.5802603165038059,0.7466540632577293,0.4815710549027525,0.994210452396186
1.0,0.642453987730061,0.4636993740914863,0.4815701143310097,0.6322427056400509,0.3880552016059133,0.990498812351544,0.8951898560051879,0.5786922317361837,0.7510884267073108,0.4819051081888043,0.9748865070839968
1.0,0.6465030674846621,0.4607831632925892,0.461310389998021,0.6362894549655512,0.4304222161554862,0.9836759371221276,0.8826474215053868,0.575891757221847,0.747841196842145,0.4837169681895224,0.961377125787002
1.0,0.6133742331288337,0.4571120026969891,0.4388226574920596,0.6371935707685947,0.0,0.9444085326438258,0.911721501947934,0.5740883060445411,0.7528413222537615,0.4850199843822594,0.9800534730008392
1.0,0.6304294478527602,0.4528738390927519,0.4059317116588157,0.6095907414925948,0.4612305999253036,0.9638009049773754,0.9089555831765326,0.5720801182921559,0.7497857730064388,0.4835918290475364,0.9956640399769368
1.0,0.6777914110429444,0.4480847278132231,0.3705675814154752,0.6532275180522934,0.4618064298114715,0.9541286407899552,0.8942367685422182,0.5705548912907318,0.7463000865768905,0.4855106078307891,0.9955577182682952
1.0,0.6399999999999995,0.4458156272168891,0.35717454482452937,0.6563406155913596,0.6571136803140556,0.9475632325724864,0.8828881497821163,0.5674009982159626,0.7295015138708683,0.4843186377721237,0.9811441937913812
1.0,0.4630674846625761,0.445721081464125,0.37555654392789095,0.4849926179698846,0.6413513126883339,0.8045515394912974,0.9008936423170832,0.5639516852169942,0.7129343145249409,0.4882226961845123,0.9607213094445392
1.0,0.4089570552147238,0.4464387927377184,0.4020030104224891,0.4791080588333079,0.5787125339692399,0.5857843137254906,0.8849367965453036,0.5601101859678933,0.6938819909911162,0.4866630908604183,0.9244681905139364
1.0,0.4694478527607361,0.4477936706888604,0.426255977892156,0.49252506024739795,0.5833066334269822,0.6047794117647064,0.8629224412794954,0.5571352463075813,0.6829456103823737,0.4846558086731506,0.8687404816116046
1.0,0.3622085889570551,0.4483103300417791,0.4273084543651877,0.4625299161116485,0.4269124675695824,0.5081364829396333,0.8922519884646939,0.5567533196671631,0.6868228563174112,0.486297977974187,0.8967252565593615
1.0,0.3558282208588954,0.45018583927195416,0.4498324176359673,0.4560672899260063,0.5293396651846702,0.42544924720738175,0.8415565785142642,0.5572509203504245,0.6985955488228628,0.4726424274145486,0.8973616261803925
1.0,0.3693251533742328,0.4505670001630299,0.4574854704991686,0.4173693957671008,0.5169930342926823,0.45264691597863005,0.8259288918147473,0.5582998350081542,0.7112400925019748,0.4732639696935344,0.8892936297206557
1.0,0.3830674846625764,0.4510708537453261,0.4726736573516308,0.4292037050735922,0.4648274029186776,0.4312773190869351,0.8388152238527332,0.5573012600443584,0.7157194596031934,0.4717192042799716,0.9080701908377404
1.0,0.3639263803680979,0.4515050073426313,0.4766069885163311,0.4655659376687011,0.4931038214304514,0.4162214667314226,0.8433350200688776,0.5555908297939037,0.7183613744252636,0.4686057468791319,0.9139364947005773
1.0,0.3949693251533739,0.45251834516542,0.4740416289594892,0.44062852570088,0.4668220076581908,0.4511898980087417,0.8589676195903688,0.5540293719126116,0.7164942903143354,0.46749005351069206,0.9295750952725784
1.0,0.4179141104294476,0.4529958839187556,0.4748450221834357,0.4073166931138595,0.3800182545550607,0.5371539582321515,0.8535340384870473,0.5522539837729948,0.7135965976092826,0.4701820901743598,0.9279731993299836
1.0,0.4266257668711651,0.4526891690894742,0.5142827691146092,0.4133978895523356,0.44199292280310376,0.5745507527926169,0.8648482674933307,0.5502184326928682,0.7079062231738403,0.4682751717892146,0.9392084147081842
1.0,0.42306748466257627,0.45231155013080104,0.5704441906908955,0.4097737740537103,0.39351718000070296,0.45264691597863005,0.8537305513660102,0.5479846114305321,0.7040377258259768,0.4674733232147321,0.9054296226401294
0.0,0.4303067484662576,0.4529854145554603,0.6303248394909299,0.4152358497018273,0.3841399578010021,0.5415250121418166,0.829195918427504,0.5454538705481912,0.6998913650455216,0.4681793652596238,0.8704731810435
1.0,0.3711656441717789,0.4533974034089098,0.6411373446812726,0.4094391037288225,0.3208527836374928,0.3331714424477894,0.8461058516622533,0.5431577586916084,0.7036678215055743,0.4672552146124303,0.8743352863297567
1.0,0.39447852760736174,0.455562541876764,0.6570362907279388,0.3790704338770949,0.3514647237130842,0.4191355026711993,0.8499820681997946,0.5399730993196817,0.7034273981805028,0.4682252637257798,0.8661795147498776
1.0,0.3829447852760735,0.4574547053654849,0.6729811774847523,0.4158089361737076,0.3064102847569693,0.3831957260806209,0.878741728036001,0.5378197613190446,0.7041126970032261,0.4694944686934488,0.8792141200909934
0.0,0.3694478527607361,0.4592624250159147,0.6976458673102663,0.4066967391425576,0.3431407853164197,0.4337056823700828,0.8559167571444712,0.5351347188845751,0.6952602496360959,0.4690308891542137,0.8614030852954729
1.0,0.3950920245398773,0.4608898766236423,0.7235361229013876,0.4315202239119633,1.0,0.3807673627974746,0.8746788242634451,0.5341358199551872,0.6972530988235062,0.4724702473691523,0.8593939128786222
1.0,0.32269938650306706,0.4628830614155836,0.7525818867482565,0.34617664726022485,0.3229128759544983,0.09033511413307356,0.8384369365607298,0.5328235925220978,0.6996493974038079,0.4690643731974338,0.8392558721670305
1.0,0.31533742331288306,0.4681236727691969,0.8041972193847479,0.34197482586840794,0.30234154156071313,0.0005605381165914183,0.8261204918717359,0.5322847279831157,0.7089182699056487,0.4709716022217855,0.8265337325150584
0.0,0.4679754601226993,0.4727268833061568,0.8535174038509203,0.434172126451402,0.34302693233927256,0.3841240875912413,0.8286505951883818,0.5294882859429048,0.7026743998801088,0.4714963047122947,0.8243007801110787
0.0,0.5494478527607358,0.4724011634998305,0.869050109948007,0.4782429299260179,1.0,0.5620437956204373,0.9006971294381205,0.5268631048057729,0.6965833229282008,0.4807789072649502,0.8744284281864018
0.0,0.5061349693251529,0.4714591832794081,0.8832498027850432,0.4313483147477671,0.0,0.1858254105445118,0.9056836437418018,0.5244004774871046,0.6894930344252231,0.481037549313603,0.8941223662542754
0.0,0.6003680981595089,0.4736467752525514,0.9160385485974416,0.5982067460793092,0.43660606630652793,0.9259574468085102,0.8872703869829867,0.5239873459022558,0.6980410608150759,0.4817204265110345,0.8774015116328168
0.0,0.5795092024539872,0.4718171182341186,0.9300439237341148,0.6038853729737924,0.4653773252202809,0.9262510974539068,0.944106824401004,0.5239506836661955,0.7100607016030093,0.49089627163621397,0.9813086742952049
0.0,0.6168098159509199,0.4695481286026812,0.9382176997903244,0.6445347503909277,0.3957851815816447,0.9054640069384212,0.922367587165744,0.5230443117827225,0.7185286825870841,0.4898404237816622,0.972265619502034
0.0,0.6212269938650302,0.4668544487450004,0.9475621476287815,0.6499095911190631,0.0,0.8041389504804135,0.9441903423745632,0.5215671779390866,0.7267844694158893,0.4899301697112429,0.9992821855339272
0.0,0.6396319018404903,0.4653630293725599,0.9657936653134502,0.6392662960795311,0.4685495871085915,0.909764743796326,0.931903374617414,0.5193985034786349,0.7342106640550623,0.4923421245016845,0.9898674040984188
0.0,0.6103067484662573,0.4642032457146269,0.9832705097901792,0.6483733201940788,0.4039319091752889,0.8542172856647001,0.9333330058118684,0.5173031449794004,0.7397460148165832,0.4924527466852587,0.9945259873785716
0.0,0.5663803680981594,0.4629884996611282,0.9931777599914078,0.6114818753677618,0.4198532692406672,0.8472752516487339,0.92000943261819,0.5153390999759823,0.7483995099178096,0.4910092137639255,0.9927246904007944
1.0,0.4656652360515022,0.8891332445680461,0.36250376157601183,0.4449691892283325,1.0,0.4061696658097691,0.5311792246584358,0.9876416516802424,0.3621795260509752,0.5148829710661211,0.8304071745702466
1.0,0.4202432045779685,0.891623838973287,0.3987069853354759,0.4176294269112919,0.5168737933717197,0.3063725490196077,0.5503146662474392,0.9869499786981384,0.3734012125176319,0.512543642142056,0.8441504231124378
1.0,0.4266809728183119,0.8956868222668687,0.4481650201984277,0.4310009773329464,0.5463698702052509,0.06965174129353181,0.5056325503932712,0.9871529967170954,0.3794693767671601,0.5132126448304439,0.7967542406112043
1.0,0.4445636623748213,0.9005591726623049,0.4565405032129923,0.4083989750867329,0.5734668084976852,0.11081081081081097,0.4443696603766172,0.98907596165884,0.3873330370821911,0.5125066462338401,0.7553474075666925
1.0,0.4331187410586552,0.9052074143818934,0.4624951211055278,0.39438767863299823,0.5742408215336465,0.17297297297297234,0.4523529960844807,0.9914210967093784,0.3924143193425438,0.5129254659326258,0.8019024248327156
1.0,0.42346208869814017,0.9088538297446722,0.4536352153529914,0.3961277452726202,0.5102755826970834,0.09999999999999944,0.4652982819861557,0.9922003182759694,0.4032666755754648,0.5137651400301384,0.8346952199046259
0.0,0.4742489270386265,0.9121844972036128,0.4269424473532859,0.4423306445801021,1.0,0.2628360810308864,0.4500587082225904,0.9924233138150031,0.4118320321707691,0.5127758354825722,0.8094539382976842
0.0,0.4974964234620887,0.9133439935096416,0.4000558748246729,0.436941162344168,0.4761856261772858,0.2828366524757849,0.4829353128730672,0.9919582176922468,0.4167895854843183,0.5149566290052425,0.8754822469863516
0.0,0.4939198855507868,0.91420316241294,0.3686686534065262,0.4832450126711709,0.4688780822050013,0.08333333333333355,0.4838097951844516,0.9911112013477468,0.4144578965020765,0.5150564339747568,0.8669061563175934
0.0,0.5604434907010015,0.9196735404284732,0.3841986823834941,0.5510223205276559,0.5029338917608763,0.4448818897637799,0.452490555099755,0.988750172991494,0.404933441998414,0.5130030892648807,0.819282289993296
0.0,0.4549356223175967,0.9209575059211405,0.3818842443056689,0.43660344026889214,0.4534667626063437,0.2452830188679255,0.5130951269718839,0.9856792075852584,0.3896700366259367,0.5136055825052577,0.8716622183993827
0.0,0.4706723891273247,0.9248722458776516,0.39541575815228797,0.4080339163959295,0.4604181040036972,0.33584905660377395,0.5378704881871192,0.9824611923581102,0.3763916882470584,0.5154508427490749,0.8637185827946923
0.0,0.5103719599427755,0.925820835796066,0.3979139493143908,0.4147348932583245,0.475897486722392,0.3849056603773599,0.5695483642759236,0.97969458939292,0.3588682834100462,0.5139864191718035,0.901887245911178
0.0,0.5035765379113017,0.9259067126910776,0.40290152219293385,0.4066248654657291,0.4564994304439559,0.6000000000000003,0.5868316719807025,0.977193783229672,0.3452527061900388,0.5115209181071798,0.9127654730131424
0.0,0.5085836909871244,0.9237466422562304,0.3945399081175447,0.4130592942245753,0.4745683989298734,0.5125448028673836,0.6078929397835411,0.9746587407276592,0.32993605369337065,0.50934756105238,0.9151435040540368
0.0,0.5575822603719599,0.9216465583173188,0.3771012287725458,0.4728223533936837,0.4778253200317913,0.4623655913978506,0.5998359117460662,0.9725064470425164,0.3221658506259182,0.5088450487599274,0.9034177871662216
0.0,0.5200286123032904,0.922419648103424,0.3674649045067177,0.4812485013943093,0.4308189274031512,0.3355704697986581,0.6087084682312371,0.9708578865232956,0.3144224056694737,0.5094554826554583,0.9169712991891928
0.0,0.43705293276108736,0.9276387525767592,0.3738668909018325,0.448537999986516,0.4920031027920658,0.18456375838926214,0.6253629347233342,0.9702160610409002,0.31476821409745226,0.5069432320140335,0.9282100256776756
0.0,0.4424177396280401,0.9370637727954284,0.4079417407530641,0.4541938103797468,0.4478772444733327,0.2595419847328244,0.5969127826714942,0.9693507330539624,0.3168613912744665,0.5084008223467535,0.9249212593445236
1.0,0.3891273247496424,0.9423692713223722,0.4277434774325475,0.4149312399391224,0.4880412478522577,0.2371323529411764,0.5687082717183576,0.9690483998167128,0.32602733340460466,0.5066086913008683,0.8860189483537194
0.0,0.4009298998569384,0.9405860650249092,0.41567991934390336,0.37632205911988775,0.6085161072934309,0.21293375394321745,0.5657409272460192,0.9690940883700292,0.336038378724192,0.5063489951588641,0.8890673817625254
0.0,0.6037195994277539,0.9357747632794784,0.3859329075641317,0.5008468086517799,0.5720942847723789,0.3611987381703471,0.5337977587706151,0.9700380548412048,0.35215867733349804,0.5075721826914087,0.8864047459428004
0.0,0.5958512160228898,0.9250915887829536,0.34116386339803184,0.4963334943412711,0.5531695583280151,0.3593314763231197,0.5113314238831926,0.970740792172978,0.36445026697735294,0.5095618681094003,0.8842607232756113
1.0,0.6251788268955651,0.9247716136722132,0.35011153217001123,0.516656782239043,0.6208305317241295,0.3673469387755102,0.45327660661560604,0.970060217039902,0.3749874147659956,0.5057007176331587,0.8076957132195756
0.0,0.5929899856938483,0.9252319189606828,0.3610060388001558,0.4874977904674107,0.6390153088000605,0.4810126582278482,0.4128833843448017,0.9684221422996876,0.3777485466042,0.5029376121693906,0.7492884880529241
0.0,0.5779685264663805,0.9264989862887338,0.3724034614585521,0.5050379355860092,0.5611187210135715,0.4810126582278482,0.4532864322595544,0.9668619232443736,0.3846287879200714,0.5021764514155406,0.7851929620400468
0.0,0.5329041487839772,0.9305517058272448,0.3938420615342613,0.5248075942880109,0.5775860815467005,0.39620253164557,0.4524266884140921,0.9645147687752814,0.3873269826594175,0.5021516106144432,0.7754721277053265
0.0,0.3898426323319028,0.9357157606173968,0.41883472104919617,0.4929015619516848,0.5698257558552835,0.32278481012658244,0.4271305680696046,0.9628605460350124,0.3882732201694742,0.5004669965841297,0.717760603109149
0.0,0.4066523605150216,0.944307126164037,0.45310586567501293,0.4529528995188448,0.5901931709735482,0.3329113924050637,0.4209600636701728,0.9613112008853664,0.39119284977665736,0.5037060294739792,0.7146362750926548
1.0,0.3608726752503575,0.9473926594959616,0.4677525754901955,0.4750524795505737,0.5771665272449836,0.23924050632911406,0.43874447921630655,0.9619311675875594,0.3966739674851598,0.5013285643609326,0.7234969705402429
0.0,0.4577968526466379,0.954760747175869,0.4975789728025075,0.4792727272679018,0.5556718408475279,0.5379746835443039,0.3797070975539063,0.9633993786810128,0.4084151771167557,0.5006057226116603,0.6911848413170246
0.0,0.43490701001430615,0.9530461139022456,0.5027407448583371,0.5158946031856282,0.5499542403174893,0.5126582278481014,0.4319107438503751,0.9653300910017903,0.4080867863527631,0.504275380062184,0.7922068887005578
1.0,0.42203147353361936,0.951686421179986,0.5048277864563695,0.5054480885141636,0.5403538997995934,0.38860759493670893,0.4375899660523999,0.9643234699445472,0.402815381627606,0.5009851539342995,0.7940916047914793
0.0,0.4721030042918455,0.9521991387658426,0.4945549865503954,0.4869876745154152,0.5437528391044167,0.4848101265822787,0.443603260148662,0.962730388383318,0.3869161991400325,0.5015301084831307,0.7675980621576837
1.0,0.4735336194563663,0.9517587955482064,0.4849613907140998,0.4876145494685303,0.5927637746914504,0.4468354430379749,0.4484030872173288,0.9613664079880012,0.3770619899170157,0.5018177252033916,0.7894746828237855
1.0,0.4020028612303291,0.9539843823198252,0.4839490875297675,0.4860799825505165,0.55956286565914,0.25569620253164604,0.4120531174311836,0.9613035843758531,0.3720499153218565,0.499273827058871,0.7411740895809354
1.0,0.4009298998569384,0.9624791880266788,0.5148007470010271,0.4867585596078527,0.4829038095400655,0.3278481012658228,0.3589504247134596,0.9615754470569025,0.37630658053835264,0.4990887999761262,0.6836017050988525
0.0,0.4588698140200286,0.9700932263308184,0.5406645389028736,0.5242745992070283,0.5211061590110374,0.5645569620253167,0.35075583766071045,0.9618387430049076,0.3885249483840766,0.4984410563459755,0.6917224281214819
0.0,0.4510014306151645,0.9695635581044072,0.5360518067371872,0.5196788050326212,0.0,0.6050632911392407,0.4310510000049128,0.960952912408882,0.3875160275762154,0.5006741365747782,0.78372566629141
0.0,0.5561516452074391,0.9676311234156152,0.5124903437821136,0.5428721362862577,0.4978598070488266,0.8278481012658229,0.3879360743604733,0.959195334772932,0.3904611944737912,0.4976068870458527,0.703271057591358
0.0,0.5518597997138771,0.9594344259972324,0.4785431530774246,0.5401900654659663,0.5197580678848152,0.8696255201109573,0.4166171290450947,0.9584117257232364,0.3915656023990453,0.4997635782440013,0.7464930366697448
1.0,0.3565808297567955,0.9520822991531191,0.4480371071183361,0.3922959735580824,0.4710121562308332,0.21359223300970911,0.4432593626104773,0.9562938009423021,0.3875846382453305,0.5017454542195628,0.7880516589296331
1.0,0.3676680972818313,0.9588198963342552,0.45888512497123296,0.4043123012108768,1.0,0.16782246879334267,0.4178698986484827,0.9547959752442524,0.3774541518007805,0.5000831073054021,0.6948467561379766
1.0,0.3762517882689557,0.9654130167391529,0.4702227916752253,0.4095945166701207,0.4752585666396649,0.047156726768377226,0.3830527293182477,0.9532170298998658,0.36851322341166304,0.5010190817910601,0.6829882236867073
1.0,0.4474248927038627,0.9759426438701306,0.5142941087901678,0.43022257199635255,0.4663133233881647,0.08445945945945947,0.3597708659831293,0.9529907812369104,0.3683145086830443,0.4992774808311167,0.6438772025247608
0.0,0.4735336194563662,0.9844254671896596,0.5529179532300588,0.40899958555014704,0.409956409127573,0.13194444444444414,0.4663791028204515,0.9509140321037376,0.3464858100533881,0.5037960633249753,0.7612545378650849
0.0,0.4928469241773963,0.9930886307433018,0.6064798071167761,0.4288902439401551,0.5180187549198364,0.03289473684210496,0.5441982028897221,0.9470343526872936,0.3177468128792437,0.5061223663419754,0.8290853434863454
0.0,0.6165951359084405,1.0,0.6408879221508637,0.5440364401199997,0.5509750879464135,0.760290556900726,0.6046799542124988,0.9444074546103428,0.3001618919029612,0.5071631458824287,0.8599997470179741
0.0,0.6323319027181686,0.9967059649556999,0.6513581150671875,0.5633491626096935,0.0,0.6658595641646482,0.6414671651543363,0.9418736226241744,0.2984834553561692,0.5096290182918909,0.9396258395840976
1.0,0.6384120171673822,0.9929530771970229,0.6437461113024973,0.5722444679262381,0.5289007285123657,0.8145695364238419,0.6668517162943568,0.9400609093420206,0.2980259127217736,0.5078923994323954,0.9493466739188179
1.0,0.6552217453505007,0.9870205187766824,0.6225652096213992,0.5913197691131384,0.5951986230366357,0.7440860215053767,0.6847638652118164,0.9364350814792431,0.28877520694555936,0.5055599611372485,0.9612368291232908
0.0,0.7088698140200286,0.9815396052619124,0.623409676425812,0.6080731292896427,0.5306992087957894,0.8523622047244094,0.697645284427828,0.9351317517826676,0.2930966837163511,0.5066448251719465,0.9546592964569866
0.0,0.6723891273247496,0.9746943463630382,0.622008110007416,0.6081855647932578,0.546574707441318,0.7739273927392744,0.6878294661236356,0.9337452681902416,0.2965901801847713,0.5053140389756553,0.9959522875899663
0.0,0.6552217453505007,0.9723530728890609,0.6399512125370941,0.5940223326547185,0.5502293521511405,0.6752827140549275,0.6603225758908171,0.9350167108339285,0.3139360947397508,0.5036208800367877,0.9997795650082829
0.0,0.6105150214592273,0.9717999006603446,0.6452356004495583,0.5706486976354371,0.5524711516666051,0.6203554119547654,0.5869102771322876,0.9354718102280264,0.32500500200086635,0.5013951488867169,0.9912634591795008
0.0,0.6105150214592274,0.9727155733376374,0.6584342533642799,0.5684488013753711,0.5702872911692876,0.6995153473344103,0.536509636500302,0.9373300988130708,0.34705579239372264,0.5013918885059963,0.9434510017718409
0.0,0.6337625178826897,0.9689909286977416,0.65576644611155,0.5544524752871037,0.0,0.7964458804523428,0.5326530712506568,0.9370246681956051,0.3565692909434077,0.5009365210650623,0.9655308709281716
1.0,0.6874105865522175,0.9639205898484602,0.6490205767773982,0.5613360459112219,0.5638739507673018,0.8368336025848144,0.5155220610270743,0.9366922236420588,0.3654942787406419,0.499796427246016,0.9324246967425374
0.0,0.6652360515021459,0.958482943880074,0.641098775801473,0.5154886127773044,0.5473673498602362,0.972789115646259,0.4989609381524839,0.9359763605487288,0.3734863103689071,0.498415714317061,0.9340261687338146
1.0,0.5861945636623749,0.9539765622474232,0.6497249813234789,0.477794699684533,0.5344319175771467,0.8470149253731343,0.5186760927344278,0.9357428391031648,0.3866110019252715,0.4998391081544306,0.9707509881422924
1.0,0.5525751072961375,0.9516421889653349,0.6721658196919834,0.4895422631639932,0.0,0.8190298507462689,0.5149767377879527,0.9340188706907578,0.39553106561189255,0.4995213256266453,0.9729726046067869
1.0,0.5704577968526467,0.9493128023639004,0.6802748141286705,0.5093022555472774,0.5335343798454357,0.9552238805970146,0.5024490417540739,0.9321529911506172,0.3872077037111601,0.4987492390006775,0.9350415701240284
1.0,0.5182403433476396,0.9417934487760604,0.6751490162486788,0.5041703621349942,0.5499095069316783,0.9294605809128624,0.4930508133176781,0.9298013559256284,0.3739888721154549,0.5017541759005794,0.9271091726863842
1.0,0.5078683834048642,0.9347925482138402,0.660744723281104,0.4924750806070383,0.5484984423059993,0.5985790408525755,0.4816628919817834,0.9279504971339428,0.3645651399549629,0.5010143511587705,0.896558538912362
1.0,0.509656652360515,0.925986631728104,0.6458912660712791,0.4942611592584064,0.5495372710265944,0.502664298401421,0.4685309188450938,0.9261869453189668,0.36740090468244346,0.5000941059445545,0.8739948207714321
1.0,0.5815450643776825,0.9196465811360784,0.6292810196677809,0.5687895142594188,0.5494747426335899,0.4476021314387214,0.4772413522051203,0.9260399855803804,0.3757866225939719,0.5007457102499254,0.8898528008722911
1.0,0.5808297567954219,0.9110435964988848,0.5946002874522559,0.5678556155050534,0.5453875619596038,0.4564831261101242,0.4554087713523525,0.9254973054089398,0.3817339675961916,0.4989215272272374,0.8972127572577342
1.0,0.6505722460658083,0.9051337098869728,0.5694841041236949,0.6247974952193421,0.5263124195787834,0.5148669796557122,0.4562390382659701,0.924363090670345,0.3862672060490453,0.4990391361698044,0.8832288401253916
1.0,0.6269670958512161,0.8989398960598365,0.5577733171182725,0.609456725361432,0.5490967205343457,0.4393723252496437,0.4767107674319208,0.9215762221590416,0.3818780150436272,0.4968995783637091,0.8957339512062151
1.0,0.6180257510729613,0.8979899071460737,0.564809616103855,0.5977923412286481,0.5079865825021175,0.4921540656205422,0.4399088180241612,0.91755547719035,0.3691193338551194,0.494294936807014,0.8237767479896415
1.0,0.586552217453505,0.897497093759028,0.5788438595713588,0.6214880034158864,0.492976130319995,0.3751783166904427,0.4668949491277285,0.9146545019112768,0.3599232351567643,0.4965109093646173,0.8063172958975059
1.0,0.5150214592274678,0.894873656950022,0.5649936130248284,0.6042262538636256,0.4672010340756241,0.2239657631954352,0.4341264265606808,0.9119164689769054,0.3511248794963626,0.4977064140426675,0.7724955703966201
1.0,0.6219599427753935,0.8960045682135873,0.5679166741409665,0.6468270875022492,0.4710106829817589,0.3038674033149176,0.4052095564213037,0.9114361780229088,0.35274846280466376,0.4955580909391003,0.7157012402889464
1.0,0.6190987124463521,0.8951531927617807,0.5592712841328957,0.6452060867559695,0.4953844053143845,0.34177215189873456,0.4318026617669458,0.9107393515047414,0.3553603632656702,0.4976111889231361,0.7698855117895598
1.0,0.6140915593705294,0.8985987407517481,0.5744751849120576,0.6374475987337914,0.5281130292158145,0.4812575574365178,0.4356051859748761,0.9102988049869072,0.3592588724181224,0.4942056180849842,0.7705601744582253
1.0,0.6337625178826894,0.8988376750050311,0.5778379112202027,0.6080252357289351,0.5191001815269756,0.5405078597339783,0.4463151378783485,0.908903113079778,0.3612660757289139,0.495055708665746,0.7862545999727406
1.0,0.655937052932761,0.8970476187942944,0.5850468909917361,0.6234455507939982,0.5354128675486066,0.5344619105199516,0.42813278375231534,0.9074406262830316,0.35586270321800817,0.493732891900545,0.7458566171459724
1.0,0.5819027181688126,0.8957392401749235,0.5924153049161431,0.6125320556055056,0.5419101757088289,0.38331318016928656,0.41698067787117626,0.9057930563054508,0.3534458735130903,0.4928933601922876,0.7262709554313753
1.0,0.6051502145922746,0.8991139135028129,0.6116719713521444,0.6317715967207855,0.5153994632286765,0.5235792019347038,0.3672678323155599,0.9055891792337708,0.3606139574011201,0.4889760012919554,0.6456930625596289
0.0,0.6573676680972819,0.8974852214744027,0.6172914455826732,0.6309264512116629,0.5589301966362812,0.6481257557436519,0.34912969358729345,0.9063606378840322,0.37549479970289423,0.4874189107602656,0.652139839171323
0.0,0.6949213161659513,0.8897664413327288,0.5974866069318103,0.6207104550682899,0.5875037289835946,0.7436517533252723,0.3698224997420768,0.9066304708019668,0.3883580718522817,0.4890780969859064,0.6974717186861114
0.0,0.7417739628040056,0.8818217453169913,0.5876925009939942,0.6079208938152939,0.0,0.7714631197097943,0.3828709549052072,0.9064287662884244,0.3960462277605389,0.4901725350199325,0.6871064467766117
0.0,0.7095851216022888,0.8710143494868829,0.5626898058327594,0.5603166344939311,0.5860115447600449,0.8706166868198306,0.3947894610143015,0.9053514404157508,0.3998284357510196,0.4910812658404163,0.7261823633637726
0.0,0.7070815450643775,0.8584912618032466,0.5450181279988985,0.561721836805675,0.5580807647086373,0.971080669710806,0.4044235049054528,0.9060787799640077,0.4133184878613197,0.4918691358917499,0.7250715551315251
0.0,0.6902718168812589,0.8438447228527708,0.5037503601814494,0.5528075861673016,0.6505676150325492,0.9731092436974791,0.3364202231403741,0.9049158173175316,0.4130649161615235,0.4900435248345068,0.6704988414883466
1.0,0.6226752503576538,0.8319548238889862,0.4704159692884644,0.5085254793265475,0.5192746440393995,0.8762626262626266,0.3372357515880697,0.9034348682909399,0.40675962231656415,0.4901602220311472,0.6293716777974646
1.0,0.5979971387696709,0.8277103698208089,0.4506417995388843,0.4796368762582635,0.634793135093397,0.9725274725274722,0.3398493728782748,0.9005173007551112,0.3877162440934221,0.4904190912082492,0.5978601608286764
1.0,0.498211731044349,0.8236771964738593,0.4418007329841237,0.4386950603222417,0.6071046873586233,0.425824175824175,0.34695331345278024,0.8983390407237725,0.3726386234005065,0.4910216439569127,0.5922516014719909
1.0,0.4896280400572247,0.8228047627590221,0.4515009353008398,0.4798918820470067,0.6122374734923742,0.3791208791208788,0.2880338395177576,0.8957194725996119,0.3595310076933221,0.485997611681476,0.4893757666621237
1.0,0.5647353361945637,0.8225650377624639,0.4662618591813754,0.5029121696326491,0.6940719341363577,0.5494505494505494,0.35776643461770874,0.8937169562977799,0.3508677961665204,0.4883419647744216,0.5352119394848028
1.0,0.5375536480686696,0.819618030332207,0.4805145734877612,0.4758684551924686,0.6769644708597624,0.5659340659340655,0.39991353433325627,0.8926098722607155,0.34684411592682873,0.4882717955050132,0.5830039525691697
1.0,0.5690271816881258,0.8190248615878002,0.4946704781684496,0.5056998463268745,0.4889991557920693,0.8241758241758241,0.3748434037995766,0.8918551246853271,0.3439907260814954,0.4898046215588602,0.5665121984462314
1.0,0.4695994277539343,0.8135777495192708,0.4929012228750162,0.44930537370990026,1.0,0.13141025641025655,0.40884995750408987,0.892050932982858,0.3437175060483174,0.4890434472504544,0.5830039525691697
1.0,0.4746065808297568,0.8174120783504321,0.5049166030530015,0.4553261846134219,0.5101616726905899,0.10576923076923032,0.4045905408525709,0.891926214419753,0.3427521084554899,0.4886106842799303,0.5960610603789012
1.0,0.4835479256080114,0.8207242354961639,0.5087716948392981,0.4658860644785169,0.4810592841643598,0.4423076923076924,0.4020800888238212,0.8909334954581068,0.3382157670740238,0.4883593711304875,0.6032233883058469
1.0,0.4989270386266095,0.8218229535837326,0.5053234775011587,0.4838745841769743,0.4505208870476525,0.4230769230769235,0.4832251693695376,0.8895453175368554,0.3332464962924723,0.4916168436641348,0.6569578846940167
1.0,0.4674535050071531,0.8210675775930548,0.4875915411960858,0.4959519013681902,0.4607428665445433,0.20833333333333304,0.4999484153692722,0.8883536832734008,0.33231799897769176,0.4929977140936515,0.6864794875289626
1.0,0.5146638054363376,0.8231305545070831,0.4943137023684357,0.5007544189127331,0.3945380074999948,0.4711538461538462,0.4411075465858345,0.8893645003090763,0.3435061935299686,0.4917603536412383,0.6324860297124166
0.0,0.5396995708154507,0.8228299688067944,0.4950817185393047,0.4809708555203098,0.4707080292046456,0.6346153846153852,0.4898820431444025,0.8914295082385079,0.3614352991774944,0.4957421028872048,0.7220253509608829
1.0,0.5085836909871244,0.8205906257836451,0.5218607159623947,0.4932649235839165,0.44063291441897934,0.4967948717948713,0.5025915135913219,0.8942960785249082,0.3834847735356708,0.4966009290630462,0.7729317159602013
1.0,0.5207439198855509,0.8208356499016741,0.5418908474471144,0.5080272622682741,0.4048629999588455,0.41346153846153855,0.4467916816098335,0.8966973874118301,0.4068567695459243,0.4953938353540792,0.7651219844623138
1.0,0.463519313304721,0.8209343053352046,0.5674440476492552,0.4842996413863675,0.4575518628786782,0.0673076923076915,0.4109329940210957,0.8965438401631062,0.4069541651642597,0.4962025600480349,0.7290786424969333
0.0,0.5271816881258942,0.8258528077070969,0.5850596474846117,0.5155032049453611,0.4508245546788009,0.6185897435897441,0.40951318847058976,0.8940435126043457,0.39444065881291934,0.4962746411609034,0.6697969197219574
0.0,0.4989270386266095,0.8238060040882078,0.5829388599164181,0.521432851854826,0.4458705912898962,0.3782051282051284,0.5181012925634612,0.8919397844212121,0.3807171752540132,0.5015629693907931,0.8031688701103988
1.0,0.5157367668097282,0.8261181335513941,0.5958226370034736,0.5484216476619906,0.44345903415399945,0.29931972789115635,0.5048661501653164,0.8896648144313529,0.37497712822563145,0.5003373698253408,0.8038639771023577
1.0,0.4542203147353362,0.8292868568881873,0.6220808252776348,0.5150750707751166,0.4435526678456483,0.15306122448979578,0.5479515988779113,0.8880566927503578,0.3748029323347437,0.5002594016372464,0.8229112716369085
0.0,0.46530758226037205,0.8356538320825699,0.6610013558533422,0.5297170701384171,0.4871608494635868,0.3592592592592602,0.5546772521604135,0.8836237221187632,0.3567433626637009,0.5007744815840817,0.8379378492571894
0.0,0.4899856938483548,0.8381034484256517,0.6824816584498362,0.5619119061032914,0.4424178611512886,0.5227272727272723,0.6672545676962303,0.8797216716046318,0.34474248278668784,0.5064833377915228,0.9201921766389528
0.0,0.4949928469241774,0.8341838828589929,0.6665851515126223,0.5184931400969031,0.5005044309939453,0.5454545454545451,0.7110622012390136,0.8773377306278106,0.3425806748666941,0.5064066789933458,0.9612034891645084
1.0,0.523247496423462,0.8292029656333209,0.6478943239949535,0.5622488256731986,0.6234748826566355,0.009464319515426084,0.6431227861595981,0.877247404222797,0.3549358913434193,0.5039626807944729,0.9405002044432328
0.0,0.5665236051502146,0.8269484976445345,0.6303154431003718,0.5777294219982515,0.5651468027452722,0.3989844033369603,0.6293423205223312,0.8766975589510021,0.3623514243119814,0.5064800147900976,0.9341420198991413
0.0,0.5987124463519313,0.8246562332564501,0.6275001355849265,0.5698968436515371,0.5261266228020379,0.4514782270984034,0.6802637202835677,0.873022022205694,0.3492957760794213,0.506964638676507,0.96579721219647
1.0,0.6219599427753935,0.8221117368413225,0.6235143538539253,0.5503160232804588,0.6096943835194741,0.5595982807779053,0.6935086883256611,0.8711559048070182,0.3464067801342846,0.5082500835766249,0.9491768269801526
0.0,0.6201716738197425,0.8210334413064159,0.6256487190305258,0.549198994601133,0.6527261833817525,0.5679459602249143,0.6355865172513743,0.8690790634239348,0.34214538878439915,0.5027965071434312,0.9503162376251136
0.0,0.6201716738197425,0.8215429328522945,0.6297588226932129,0.5437342953758949,0.6430687769416918,0.7241008926256529,0.6726046308259926,0.8691438451284822,0.3472105395906557,0.5021298460171558,0.952861148826134
0.0,0.5926323319027181,0.8204617858759454,0.6343205760360028,0.5578246822369713,0.5794546641991749,0.6333567909922587,0.6611577556264089,0.8695624672711685,0.3601487758770009,0.5008393620194007,0.9746873443544588
0.0,0.5858369098712446,0.8218532478796859,0.6549465549845144,0.5453985120843137,0.5211715673767978,0.6722471202637134,0.5877700209777498,0.8683161195520642,0.3617194359805965,0.4981327674460186,0.993018928636383
1.0,0.5135908440629471,0.8189803772380401,0.6612999099355826,0.5010289423478514,0.5504941376015271,0.5796510981888218,0.6339014193142679,0.86873503670035,0.3761015385639472,0.5021791785519819,0.9606444107589802
1.0,0.5851216022889842,0.8180738216708469,0.6718925602385666,0.5786836562576992,0.5804234662265791,0.5444646098003626,0.5665908454475332,0.8688481991934284,0.3842011051872184,0.5000526123234235,0.9596855501110444
0.0,0.5901287553648069,0.8106291158026058,0.6496976738676202,0.5835727847506118,0.4835547373659882,0.6259491092262676,0.511483721364389,0.8720083331584382,0.4085524655340299,0.4954587276919483,0.9649874854584553
1.0,0.6670243204577968,0.8049682562364365,0.643790808047722,0.6509614216739027,0.5700849449409112,0.5880688071951946,0.5059224068897418,0.8721761381976602,0.4160770562973791,0.49878581052762105,0.9995068307619832
0.0,0.6841917024320459,0.7987368840799212,0.6335327603752137,0.6700459639806329,0.5105457884630964,0.6961127673738752,0.4845074159047696,0.8716952449691046,0.4211351961042942,0.4973419330315912,0.9859175256165831
1.0,0.6988555078683834,0.7953625485635861,0.6402654821517286,0.6802404814544678,0.5435198958388094,0.6887806565030691,0.4503240006091901,0.8712841350371344,0.4297158391478765,0.4945526599488297,1.0
0.0,0.6802575107296137,0.7917022609897506,0.641667206867829,0.6555078214810739,0.5501095301873389,0.7035161822708325,0.42957224059071797,0.8710784246795863,0.4414582073458878,0.4930978391639168,0.9817780360255668
1.0,0.6552217453505007,0.7876599859822843,0.6399999837727125,0.6829711607918064,0.6203650088354692,0.6209963915074546,0.4334877597040516,0.8693101916751459,0.4441854519571122,0.4896812689329903,0.9950352777190468
0.0,0.7203147353361945,0.7830325232642167,0.6342178896463088,0.7021526320844201,0.0,0.801974950486764,0.4180614987054712,0.8687743030438005,0.4516535946819288,0.4885814023727938,0.9765462455078492
0.0,0.7703862660944205,0.7734896613925266,0.6128766824032634,0.7009396120275403,0.4962596550539123,0.8783156415468395,0.4020948272897432,0.8677820368724097,0.4561024907740915,0.4872754021718458,0.9972653048357604
0.0,0.7718168812589414,0.7624483434204277,0.5899331200238532,0.7017550947280817,0.5534569856934426,0.9035536411360884,0.41005851170971136,0.8649820180052606,0.4479710412668296,0.4879023393225425,0.984671521341656
0.0,0.7575107296137339,0.7529246996771775,0.567808165127861,0.7233478192930582,0.7033962604475826,0.8957015300399336,0.4357820475659424,0.86068824290037,0.4324404446244202,0.4899425499386785,0.95663892566673
1.0,0.6373390557939914,0.7422705028126958,0.5428663056502772,0.6709127858372708,0.5851606957658361,0.8077738515901061,0.4559098791937079,0.8563138393484516,0.4140051797224517,0.4877535988827285,0.9747178614210958
1.0,0.6280400572246065,0.7383984195452573,0.5342253036166162,0.6652035196055198,0.6492363940148905,0.7526501766784451,0.4371379864307858,0.8525823449404429,0.4018668290520983,0.486498133704486,0.9896087706415752
1.0,0.5869098712446352,0.7333948637370646,0.5322343238402907,0.6759875136163206,0.7110784501679919,0.6339222614840989,0.4542100427906791,0.8484110546893927,0.386643844622394,0.4878674826806054,0.9759985655492746
1.0,0.5758226037195994,0.7309403696270295,0.5652066510137747,0.6676030785219629,0.7263290218611044,0.5689045936395758,0.42955258930282136,0.8437887470625999,0.3711734134496004,0.4861697371865194,0.8890862207346433
1.0,0.5715307582260372,0.7302935929549156,0.5979901969451504,0.6641938563876139,0.6537811149256539,0.5448763250883394,0.4285700249080073,0.8416193478706254,0.3677803058656063,0.486250583758633,0.83327925681791
1.0,0.5740343347639485,0.730982436867266,0.6193141977347527,0.6651495010953389,0.656413330375066,0.6579505300353358,0.3975455541417546,0.8411592677477139,0.3746906492889596,0.4873841006814388,0.8290271350262131
1.0,0.5661659513590843,0.7287752759636447,0.6140305704311524,0.6561144294251838,0.7018612669313175,0.6975265017667843,0.4135220512014305,0.8427683105013591,0.389389588842974,0.4885821016650253,0.8788486825253162
1.0,0.5929899856938484,0.7238050763645806,0.6103161818733658,0.6347926682045352,0.0,0.7540636042402827,0.3796874462660096,0.8418683794876629,0.3876805970190113,0.4896142833313773,0.8537116412507045
1.0,0.6630901287553648,0.7161755392133984,0.6113055388364659,0.6652643546294932,0.7377219804278943,0.9689045936395762,0.4222079204515866,0.8388694683904846,0.3763443078850925,0.4892545975217111,0.8769873119418026
1.0,0.5836909871244635,0.7030508111264581,0.5862253027704255,0.6430942723775237,0.7699950334539181,0.7981180496150556,0.5268903310750728,0.8351814939617758,0.3605171944584712,0.493728634292148,0.9858262606943424
1.0,0.5944206008583691,0.6962283665443729,0.5722203972749199,0.6372416773304135,0.5606990691676996,0.9841427155599608,0.4580027413546614,0.8328045172576625,0.359429900910524,0.4922939745739936,0.9382820008237608
1.0,0.505722460658083,0.6868810326518034,0.5519327142094017,0.5028542763228315,0.5293827365316024,0.4938684503901896,0.4540086170897427,0.8317296683705023,0.3659584792029905,0.4918832794208289,0.9585556725092677
1.0,0.526824034334764,0.685394964031257,0.5516223656945334,0.4908297733655981,0.5121913881523185,0.5027870680044592,0.4568138384369364,0.8304642758352537,0.3736044803295616,0.4922128413409267,0.9264289963846049
1.0,0.5200286123032903,0.6838799448055267,0.5497260022260355,0.4781758116314127,0.5458752242284612,0.39799331103678937,0.4576932335702954,0.8271795349152871,0.3683357951451155,0.4922689435326801,0.9321953228685188
1.0,0.5411301859799713,0.6847814024845885,0.5513650611271282,0.4681710072839673,0.5016234341340834,0.5228539576365662,0.4629597787264982,0.8229760817689175,0.35202045829376283,0.4929063601376166,0.872234680334996
1.0,0.5400572246065808,0.6844392173391496,0.5596756729578792,0.4655510146947444,0.5409524855792428,0.5473801560758079,0.5080545716264878,0.8186378740979242,0.3374704218898886,0.4929281193953516,0.8776165850533156
1.0,0.5178826895565093,0.6832209667888267,0.5608912305132473,0.4731967867000366,1.0,0.4292084726867338,0.5061434838785747,0.8142979181921043,0.3176686869847967,0.49282963971108,0.8639970710722619
1.0,0.4974964234620887,0.6843674870890931,0.5665188377527438,0.42106921702731626,0.5522027395549707,0.21739130434782644,0.5324074301519532,0.8100005040494699,0.3006748325693719,0.4951208131984407,0.8460299299803211
1.0,0.4788984263233189,0.6885533323103114,0.5764620330497268,0.3854413673159744,0.4629373240166452,0.09234828496042162,0.5293762189939525,0.8092091718486106,0.2990054933802868,0.4952929053417315,0.7620337741979775
1.0,0.4889127324749643,0.6948993745743446,0.6100005890188517,0.4048583363905797,0.48221365598040605,0.043076923076923256,0.4490122771421129,0.8115082426393202,0.3175614059716733,0.488136835360738,0.7633060271841103
1.0,0.4985693848354793,0.7003033710634176,0.6586221256374464,0.4260117076529492,0.4770800844039237,0.3784615384615385,0.4340183444772512,0.8134435154382093,0.33348110954720755,0.4867376130839844,0.7996613427303098
0.0,0.4803290414878397,0.7025786829832357,0.6891833142247129,0.43881039611328,0.4646068366305951,0.3384615384615389,0.5102407774049492,0.8151422768397353,0.3518603225130448,0.4891976398355828,0.8435586472015011
0.0,0.4949928469241774,0.7024581160035401,0.7017858171878013,0.4185245196381009,0.4674777819347921,0.4338461538461539,0.4357967860318642,0.8173869272394364,0.3745465492438905,0.4829128014551648,0.8496819367534663
0.0,0.5368383404864092,0.6953238009683202,0.6735352500385997,0.5120744249746669,0.5242539757330613,0.38769230769230817,0.3903384443057937,0.8223496950428019,0.4117809321282081,0.479232881549156,0.8641984348542402
0.0,0.6723891273247496,0.6896214480005048,0.6660895992226851,0.6997565930976808,0.5120444110040357,0.5084337349397591,0.3627971643191569,0.8236403688575223,0.4279266821214307,0.4808512265819585,0.8386160816438609
0.0,0.6652360515021459,0.686799471786814,0.6677195720481587,0.6764175187623965,0.0,0.7975270479134469,0.3787147075151439,0.8240053826329853,0.43889280524874,0.4783485420616788,0.8436867877900327
0.0,0.6205293276108728,0.6857945339412544,0.688571225882132,0.6014238668051836,0.4759082984540268,0.8748068006182382,0.3671106220123903,0.8243392184993831,0.4454508775342063,0.4773980763310982,0.8739645782801704
0.0,0.6466380543633762,0.6807069729721065,0.6904130852868884,0.6249413738558386,0.5224752727995056,0.8719211822660097,0.3606699124043841,0.8232504453674431,0.4429074326787089,0.4768814540264836,0.8879044437325522
0.0,0.6684549356223176,0.6732525696562085,0.6767871780489599,0.6443586016576361,0.5834796410443039,0.7996715927750412,0.3934924760131464,0.8217145670854676,0.4314417969872753,0.479408320606241,0.8627705825820327
0.0,0.6709585121602288,0.6693511493427553,0.6673461899881716,0.5967137374612634,0.5405944122419348,0.8045977011494252,0.34620656451272186,0.8208673169839732,0.4294653184751066,0.479574924217506,0.8079172577914058
0.0,0.6348354792560801,0.6656945697159855,0.652034171502066,0.5753813239562716,0.5428919044832151,0.8045977011494252,0.3307360881163747,0.8214456684281203,0.4364926705737455,0.4783689235563176,0.8350006864674381
0.0,0.6437768240343348,0.661353257803012,0.6456458425623985,0.5832850844684504,0.5269439378003811,0.7602627257799671,0.3376729927437621,0.8206673981109266,0.440472271164826,0.4789002839317435,0.8181227403780147
1.0,0.6427038626609441,0.656713229151597,0.6296435403532019,0.5846805591463751,0.4965010451594153,0.6715686274509802,0.3524802381736092,0.8184452406776659,0.43407531377556696,0.4762980226996654,0.819651274541211
1.0,0.609442060085837,0.6537891734712062,0.6284291109298521,0.5986877388306805,0.5641861126915554,0.6258169934640525,0.3528044844238977,0.8166811374360526,0.4305453720824126,0.4763358674767772,0.8075145302274493
1.0,0.6137339055793991,0.6526026988883458,0.624142717659731,0.6020084009839684,0.5241743374982492,0.6209150326797386,0.3529911716589124,0.8138219163003707,0.4228014373964904,0.4763579473503994,0.8003386572696898
1.0,0.6173104434907011,0.64954477070845,0.6221411666710212,0.6053951617317263,0.5434081122004842,0.6437908496732028,0.3974669489901692,0.8115764950597172,0.4150387557121191,0.4760283381592553,0.8050249416502673
1.0,0.6394849785407726,0.6466724558924161,0.6217694975422785,0.5743575942991967,0.5498282611551941,0.6584967320261438,0.3485450677723793,0.8088242380143714,0.4058793838018343,0.4760882746847229,0.7287721385748938
1.0,0.6097997138769671,0.6437085238989272,0.6306936342220052,0.596007728234278,0.5535910065360949,0.604166666666667,0.3625220462886087,0.8076939794709582,0.4018583556989249,0.4771626351700967,0.7266029014690405
1.0,0.6108726752503577,0.6423455388328729,0.6291721670785385,0.5947406249082259,0.5525266351350698,0.6987179487179489,0.3655434318026619,0.8067034942462276,0.4058917946505435,0.4774090740312862,0.7164614891766969
1.0,0.6190987124463518,0.636078085520197,0.611673476416203,0.5520562398891241,0.5228908622332076,0.7067307692307689,0.3916649062387926,0.8066808723206421,0.40992661361434135,0.4793585456799765,0.7869296599697955
0.0,0.7045779685264664,0.625470389733193,0.5520876714917182,0.5709613975805895,0.0,0.8381410256410254,0.3547155721718112,0.8062277262756766,0.4128726905830923,0.4802845967290337,0.7335133403505565
0.0,0.7879113018597997,0.6136556241193548,0.5231103047738425,0.5795782001934172,0.5414436384207926,0.9182879377431908,0.3564350598627357,0.8048805051282998,0.4073175059906176,0.4804437704361034,0.7123243787469681
0.0,0.7206723891273248,0.6004234197992929,0.4869565078421595,0.5537545372126629,0.6841829221100193,0.9109756097560976,0.35020068877764066,0.8027264383881053,0.4065351617604696,0.48000482737615,0.6722529861333578
0.0,0.6866952789699571,0.5889095216525855,0.480235447964948,0.5393074760137132,0.5192172313463681,0.9935379644588048,0.3404634756250336,0.8002681271862474,0.4058004956536421,0.4792821696660241,0.6294448766646833
1.0,0.5722460658082975,0.5773018673976721,0.4500087900442542,0.4626617170304608,0.5503267184377204,0.4538310412573672,0.3444772511778489,0.7970790583291737,0.4031164110327419,0.4796408146183354,0.592650221957805
1.0,0.6173104434907011,0.5784180647644624,0.458761439462825,0.4545464963331114,0.0,0.6365422396856578,0.32485544021341284,0.7951824417575138,0.4032293787751856,0.4781208881475724,0.4874467987735114
1.0,0.6652360515021459,0.5755821198773117,0.4602341888398776,0.5058285816872903,0.5588455274179455,0.9821109123434704,0.3330795041980064,0.7946009269404705,0.3964820985578917,0.478766355927384,0.5328909432062605
1.0,0.6713161659513591,0.5678044893884637,0.4554739512775589,0.5178127175551793,0.5147974474647825,0.8909426987060999,0.3568428240865837,0.7951394054038771,0.39084068180916864,0.4806947167721231,0.5779598187725964
1.0,0.6237482117310443,0.5632195929511083,0.44914135773899416,0.5269156520383047,0.5396137819156926,0.6968576709796672,0.31580602213717585,0.7953751226471767,0.3809663984573809,0.4773929424570876,0.4914100041188048
1.0,0.5861945636623749,0.5639183979574943,0.4566656008125199,0.5289279378589566,0.0,0.689463955637708,0.24562636023758394,0.7960552436733322,0.3842373172448119,0.4751895300488125,0.3841563315180083
1.0,0.6144492131616595,0.5665803162969512,0.4578321759902273,0.5587719953745325,0.5089053700463712,0.8761552680221808,0.24321907747028956,0.7977717371418577,0.3956322133102009,0.4749925607570071,0.38701203606242257
1.0,0.5479256080114451,0.5634204220751371,0.4372137209008711,0.5402479236939461,0.5176533991179073,0.7800369685767096,0.28024701668885604,0.798935055330784,0.4029552629788888,0.4781037834808141,0.4755663356368128
1.0,0.5532904148783978,0.5633730935499698,0.4300430492697041,0.5456875651804021,0.6152464903264555,0.6839186691312383,0.2404678971648103,0.7999421942582979,0.4110124787838095,0.4747046865030202,0.3994508260491511
1.0,0.5382689556509299,0.5625161179084699,0.4330602377130656,0.5307967167219139,0.525073309919346,0.8040665434380773,0.2181636854025321,0.7998852837797391,0.4138499831591146,0.4764969666809279,0.3719555169099813
0.0,0.5343347639484979,0.5616707353936371,0.4514014608947625,0.527614189610943,0.5343026707337121,0.77634011090573,0.2463583707117205,0.7990353550526285,0.4127668426187021,0.475184147064797,0.3822159168916756
0.0,0.5135908440629471,0.558714128053122,0.44203409400648586,0.5095048568045614,0.5336425145900382,0.7837338262476892,0.2494927511311773,0.7979343082672145,0.412778627470704,0.4754100911321942,0.34431376138391856
1.0,0.5125178826895564,0.5556532767160275,0.424114919915046,0.5084173732952562,0.0,0.6857670979667277,0.27313325047040243,0.7976451194547746,0.4164245843026765,0.477460781309844,0.3931902430094731
1.0,0.5282546494992848,0.5521510902009418,0.390054779134906,0.5222484150228607,0.6380759517612035,0.7689463955637708,0.27644449248092584,0.798487953280186,0.4315732807494129,0.4777409882004089,0.3891538144707336
0.0,0.567238912732475,0.5502924559895592,0.3885058763683214,0.5061511957432434,0.5184650141970297,0.9129593810444876,0.25492633223449884,0.7987585342109488,0.4379091387181415,0.4795893574385321,0.3653745823989748
0.0,0.4949928469241774,0.5456412690345406,0.3841524657660544,0.4969990726686105,0.5090554797547266,0.848613992784912,0.23238630501746504,0.7992806273460765,0.4479273288371477,0.4775539142083596,0.3010937714521074
1.0,0.4452789699570815,0.5462588322392511,0.4069564964738801,0.4506741487157162,0.5188044876132623,0.5520446096654275,0.2251398926057116,0.7990167007026484,0.4440059819823709,0.4768987293088609,0.2845270239348314
1.0,0.2829041487839771,0.5453810175125576,0.4041073883741878,0.35503121876969657,0.5183341719829562,0.13802435723951278,0.21472471002068305,0.7989451226005572,0.44267699936051785,0.4758860395891034,0.2347260994920143
1.0,0.43276108726752494,0.5525899576963699,0.4321724741251467,0.4417514433775407,0.5277574560018704,0.3626943005181344,0.1445204840112209,0.7990479403335337,0.4381246187287471,0.4690183197527474,0.08755663356368157
1.0,0.41487839771101576,0.5495755854890495,0.4340618930083443,0.4741146915744528,0.5366133368712663,0.31476683937823835,0.2349016698681891,0.801727582356277,0.4592127760905325,0.4736030617679782,0.2530685094503686
1.0,0.3952074391988555,0.5509557042038163,0.4579449578807993,0.44989840146365423,0.6628342313480428,0.2318652849740932,0.18915838446762206,0.8046997622492209,0.4825920182247442,0.47320450293411104,0.232364651503364
1.0,0.39377682403433467,0.5530475467382832,0.4621116868847378,0.445799362056938,0.5690984850420874,0.18911917098445566,0.1655915774580076,0.8073771943133393,0.5018072436467715,0.4747681368848061,0.21237471969246274
1.0,0.4431330472103005,0.5556643165664026,0.44811966277537296,0.4451311828243657,1.0,0.2422279792746111,0.17742656559354258,0.8116731504607012,0.5179151684793136,0.4721271944076815,0.2126767653654296
1.0,0.42346208869814017,0.5565162253194665,0.4013168648012719,0.41645803363515227,0.6678413196493704,0.03794037940379372,0.08775282610084051,0.8151962097138078,0.5280261130908325,0.4681592658787941,0.18075145302274492
1.0,0.4567238912732475,0.5637800019616409,0.3624949448112983,0.4025544097791116,0.4728991448018763,0.024320457796852383,0.0,0.8201376421889496,0.5478149204580843,0.4589856544876641,0.0013327328376182429
1.0,0.4756795422031474,0.5715665281108557,0.3349894743033004,0.4211644102763592,0.4838488448570827,0.09360374414976623,0.02110057037863133,0.8223139521149451,0.5538848319669357,0.4612184974223598,0.01263186845569036
1.0,0.4871244635193133,0.5802005148595656,0.3487059475373171,0.3830779573541176,0.5363499526221154,0.14916286149162866,0.07319613459167068,0.8246421373972689,0.5645717591672643,0.4623483356610841,0.0489676914200937
0.0,0.4796137339055794,0.5891694384006679,0.36020639836465457,0.3791950710476264,0.4839968408194898,0.3531202435312025,0.09306849947678447,0.8253015807484262,0.5666736962204825,0.4642329222883833,0.025418826618016668
0.0,0.4259656652360515,0.5941014141570331,0.3584125664728047,0.3800240544532323,0.5631845691308682,0.2511415525114153,0.1657193108293333,0.8260509755876743,0.5687644187390577,0.4671727428980582,0.12675894681266214
0.0,0.4885550786838341,0.5979688739407321,0.327621371511716,0.3867000591274485,0.5752733455941302,0.4140030441400303,0.1573675134734141,0.8263129183875674,0.5739383393319314,0.4663276438441274,0.09299175906158892
0.0,0.5300429184549357,0.5964674084650939,0.3112360433474101,0.4242410501543421,0.5763497700116001,0.4079147640791476,0.19790320758146698,0.8258562191061206,0.5738394525735608,0.4700690076331007,0.18894474668870406
0.0,0.5729613733905579,0.5986251384505866,0.31430286515099315,0.4104307630346453,0.5829717619905768,0.5022831050228311,0.27489695355909394,0.8258515651603314,0.5789710984839034,0.4734029800860774,0.2839680462778049
0.0,0.4835479256080114,0.6005993827725493,0.3355999492846389,0.3886028813606977,0.5813775465338932,0.4261796042617961,0.26796987457565485,0.8255301495623516,0.5785790736097048,0.4727790124295091,0.2950095264329823
0.0,0.4778254649499285,0.6068854827316934,0.36188322855960536,0.3845477885403219,0.5848681995407751,0.42770167427701655,0.24239863620062002,0.8265468932719237,0.5891413545539804,0.4741112239360062,0.2352799393981133
0.0,0.4359799713876967,0.6089054726937292,0.3540137216136545,0.40197009529772015,0.5563223732156136,0.3470319634703198,0.2361888292253952,0.8270807627492834,0.5945911460032505,0.4735214347472867,0.2144709960287401
0.0,0.5432761087267526,0.6118972403383167,0.3446043466237372,0.4340453322200932,0.6231504021770329,0.6270928462709285,0.2195392755552716,0.828809385320718,0.6074749739843031,0.4719187970986953,0.16465808139935267
0.0,0.5647353361945637,0.6082411210962871,0.3068987477463211,0.4505049525720027,0.6129786704584655,0.599695585996956,0.2591267950223289,0.8303185256086708,0.6137274282457107,0.4756109486980394,0.3228198241627071
0.0,0.6455650929899857,0.6063491888071849,0.2889494030443362,0.5191103204083027,0.5527939335300375,0.9939117199391172,0.26859871578833594,0.8317707814381153,0.6215781915148652,0.4764707539186663,0.31756306957739394
0.0,0.5597281831187411,0.5939997266881037,0.2308667195009352,0.4516176038146032,0.5315456099336526,0.8168930306334886,0.34698770320659905,0.8315287926192646,0.6131891451731274,0.4835541420381924,0.5106397631017152
0.0,0.6362660944206008,0.5867772838670561,0.18060212957120544,0.4697870634924303,0.52426340006674,0.8426687816000791,0.3216031520665785,0.8304484266892891,0.6041180784129793,0.4812732000889814,0.4181989302848749
0.0,0.669170243204578,0.5774140756250246,0.10698588566699667,0.4970225087197591,0.5322053875065291,0.8268835113157634,0.3096846459574845,0.8294225458006145,0.594141254819848,0.4801839795588331,0.3456603080595921
0.0,0.671316165951359,0.5714329867256005,0.05571744576048704,0.5003165535347011,0.5593758876828914,0.8061452052531592,0.3302890213167346,0.8296974224905523,0.5971471495480375,0.4784216064741752,0.3923627849321675
0.0,0.6087267525035766,0.5695384433379739,0.011084591674691837,0.4942235191372843,0.5475704283517366,0.6459073263401333,0.2646979351409242,0.8300024856629075,0.6023764647904214,0.4758756889760157,0.270344099350366
1.0,0.525035765379113,0.5763141288854426,0.018701875312664262,0.4690462280709329,0.5228747529283965,0.5302717436193933,0.280802165571926,0.8306933364115799,0.6095319815578062,0.4737045216327101,0.2725248490691642
1.0,0.3758941344778255,0.5881888698388358,0.035998365328094466,0.42095651806345796,0.5478446946607951,0.4228958453787064,0.24338120059543406,0.8299908541875697,0.6081966506248856,0.4700330318059245,0.1850653077152632
1.0,0.3108011444921317,0.6015229687682703,0.06542310668048007,0.3943010868527676,0.5280948689785149,0.34042553191489355,0.27115338321485233,0.8299796495146873,0.6100774957494486,0.4690294375760004,0.20115694511397306
1.0,0.30937052932761083,0.6077847263546848,0.07124099165228948,0.3926656740150745,0.5306350409460104,0.3234323432343232,0.2511238080265684,0.8304317730231744,0.6149580078039423,0.4670317285748238,0.14428528797373918
1.0,0.4138054363376252,0.6158323107301931,0.08452000927938362,0.4060604983646848,0.5442610715038205,0.4741288278775078,0.2518705569666271,0.8316249643455506,0.624380070413209,0.4671335170398196,0.17618162201868556
0.0,0.3376251788268955,0.6197258420797209,0.09018261215343172,0.3771753314665298,0.5397410116690987,0.4867337602927719,0.3324162732315069,0.8327883524594163,0.6360827362498431,0.4712219782047704,0.3490002984183826
1.0,0.28898426323319026,0.6254761995468824,0.09402144003941998,0.3985890076375995,0.5295001878945386,0.400690846286701,0.3437796304575312,0.8323261668077554,0.6376630646469871,0.4686191784019961,0.3678465670408376
1.0,0.2145922746781116,0.626722474405662,0.06822036297213319,0.39950928852465656,0.5390103871673692,0.2783171521035597,0.3017307871814649,0.8318760801380121,0.6365266536639035,0.4645027227565596,0.23383375800564696
1.0,0.2625178826895565,0.6317259064999291,0.047145558314677205,0.4255054386959893,0.5302374177391883,0.23139158576051774,0.30960604080589943,0.8316726313466737,0.6321871296809844,0.461578870551326,0.2406170373941192
0.0,0.3311874105865523,0.6357172614764454,0.03461333297241154,0.4607443569150856,0.5238457113536064,0.3932038834951456,0.3012738947378765,0.8322055156165339,0.6395679057390987,0.4607541042754956,0.20625301287790124
0.0,0.3744635193133047,0.6362069935723726,0.010273449990119643,0.4375828297890891,0.5309113754097694,0.4069579288025888,0.3662803550987722,0.8328107237175363,0.6489234016388534,0.4672014061499866,0.3660675343755021
0.0,0.4080829756795422,0.6390023384916139,0.015246558488855476,0.4073114570551379,0.5442763925588163,0.4587378640776698,0.4126623073559682,0.8326174847032818,0.6543286212277091,0.4681008703250539,0.4613089089364827
0.0,0.28648068669527904,0.640041479128218,0.0,0.3923585776013529,0.5535035961542253,0.3648867313915856,0.4330750826582296,0.8320144946032503,0.6521432820053497,0.4664245750327845,0.473532584991851
0.0,0.2864806866952789,0.6476441850100895,0.0363871040777724,0.3867390138240021,0.5572199318044476,0.3017799352750807,0.3956786817916079,0.8314224655184982,0.6560913751407671,0.462851311418095,0.3861074765282464
1.0,0.2664520743919885,0.6553557932831006,0.04843230483074384,0.3808567327056669,0.5609756336591178,0.3284789644012945,0.37386083940476256,0.8314384935502751,0.6640086525205798,0.4607337279016965,0.3253563804145722
1.0,0.2507153075822603,0.6651492767269619,0.06744037549596421,0.423207232674401,0.6117512460126817,0.3276699029126212,0.3871500228446221,0.8314263947884325,0.6690732659837266,0.4583786674418077,0.3417234809356564
1.0,0.15557939914163096,0.6754727328146073,0.07255812180787352,0.388059543014088,1.0,0.1611374407582938,0.41231840981778334,0.8311872464570479,0.6730798780294498,0.4572339805382132,0.3888506301218923
1.0,0.09835479256080117,0.6965175974338048,0.13263653071944587,0.379393957615066,0.6380976217256217,0.07892720306513393,0.365494303582921,0.8306742291605697,0.6661346028371229,0.4525865217895476,0.2592681863048921
1.0,0.0,0.7211930018474336,0.20599417226702832,0.3877914084440406,0.6205028824161561,0.03986254295532658,0.3342634942937572,0.8307060088057557,0.6628143400645923,0.4493722073991333,0.16352179601955816
1.0,0.04685264663805433,0.7519572325080052,0.29971365310770065,0.3655818860046896,0.5868673589202982,0.03903095558546422,0.2975794526133755,0.8312542442896081,0.6568379067379333,0.4454429172581639,0.07665909143080131
1.0,0.04470672389127317,0.7785277838101349,0.3578290656124697,0.37604083293956,0.46572230506888,0.10292164674634798,0.32591169693783817,0.8321744223657753,0.6623979485457232,0.444815373275825,0.0998024543549837
0.0,0.18490701001430626,0.8043457594394369,0.4179270263874788,0.3950812172915914,0.4993293896877216,0.0039880358923229465,0.3822912419122666,0.8322310982768634,0.6656008019040246,0.447185073062728,0.2216749357403308
0.0,0.25357653791130186,0.8182217717067946,0.4568820103177708,0.4321616766243681,0.5213318121194395,0.16230936819172098,0.3409400193565185,0.831890691074724,0.6688758037150165,0.4427929930275567,0.10664829566506076
0.0,0.2500000000000001,0.8242826927466362,0.4852376619296181,0.4820570404026262,0.4936185557196497,0.14299999999999996,0.45003905693469387,0.8309999833297276,0.6654798723161846,0.4509825815329898,0.3766361402725041
0.0,0.2578683834048641,0.8310622037950668,0.5277210604867757,0.4751421742352644,0.5245072651523444,0.005999999999999872,0.4784646448766634,0.8301137917007443,0.6626865798164486,0.4542053122123085,0.3841343674920189
0.0,0.3580114449213162,0.8426355613023879,0.5777038834828448,0.5367134335045468,0.5661472889922545,0.22872928176795584,0.4680985905113755,0.8304458033972809,0.6654753473102528,0.4531509518921363,0.38315297797692016
0.0,0.3812589413447782,0.8490823832248912,0.61774953705215,0.5528898919935477,0.5389131578000638,0.30386740331491713,0.4555414175456524,0.8316525515632996,0.6764579676157169,0.4514858278641203,0.4220641457631346
0.0,0.3869814020028613,0.8542863588244888,0.6494090827329915,0.5589956439320386,0.4787890692664262,0.4011049723756905,0.5116605829554554,0.8331778291159583,0.6914522119781914,0.4539123935728594,0.5193227671700156
0.0,0.3004291845493563,0.8575910767847917,0.6789217014508445,0.5130117390472093,0.5411495523250754,0.188950276243094,0.5041783550889466,0.8341653465252828,0.7010026364227163,0.4529695491850792,0.5222763010108572
0.0,0.2929184549356224,0.8634396909919662,0.7008157887847719,0.5090221661660891,0.5027990861608798,0.19779005524861865,0.4235785977823521,0.8354613683644995,0.7112163452660313,0.4480288311611716,0.3953887432921504
0.0,0.3358369098712447,0.8717557216019794,0.7314162720044837,0.5540077909937708,0.517229850432267,0.08287292817679556,0.4468408098295741,0.8362112323621831,0.7156530970186332,0.4468875879706666,0.4392965597570613
0.0,0.26323319027181685,0.8800071091390744,0.7519454674523518,0.5667611992068607,0.5758351536490592,0.00975081256771396,0.4198202889721884,0.8354025042921586,0.7168241144285982,0.4441394208432072,0.3502121552477224
0.0,0.4188125894134477,0.8942387361773683,0.8042123474684821,0.6358571352133412,1.0,0.1564792176039117,0.4500980107983826,0.8349455176501007,0.7204120186059773,0.44385341901569203,0.3832210158492447
0.0,0.3984263233190272,0.8954679928932632,0.8137947416446465,0.6141624881614118,0.6289625946138454,0.06112469437652813,0.5292190086907821,0.8350060557091928,0.7271634238219865,0.4489660459210631,0.5497004867090979
0.0,0.5200286123032904,0.9037824206768268,0.8460548499286078,0.6617427682399151,0.659031255415433,0.10657894736842133,0.5364261185267428,0.8347403242680648,0.7300744945105558,0.44977919534610733,0.5661113191064521
0.0,0.5189556509298999,0.9104474688977284,0.8725639478733138,0.6609816525319107,0.6111607963673671,0.16315789473684233,0.5721472471002067,0.8333473278386568,0.7270792995271532,0.4500718873346996,0.620699696326802
0.0,0.5182403433476395,0.9197496943682042,0.9153704948283798,0.6605179584020701,0.5238307189436293,0.2486842105263158,0.6298286898977641,0.8322829278677287,0.7286070705694452,0.4528829390865109,0.6851678522401093
0.0,0.5554363376251789,0.9232277459690234,0.9454947393767934,0.6384533580765342,0.5326330600132358,0.3024523160762941,0.6594284422915369,0.8310489788569663,0.7330510991858749,0.4559083935686216,0.7827173179405044
0.0,0.7446351931330472,0.9239213581895448,0.9653600980829109,0.7238227895507789,0.5253918540448301,0.68270632837562,0.6590992832192739,0.8304756412158801,0.7376211555496627,0.45604524584598,0.7646146252027363
0.0,0.7356938483547926,0.9169469261480075,0.9704293873286154,0.7211965174634829,0.4620505909215251,0.6549893842887474,0.6700057480017095,0.8301891913318368,0.7426128947796172,0.4534900024822166,0.7794780652870241
0.0,0.7854077253218885,0.9152679724336586,0.9922737935317838,0.7611519892350407,0.4698655097857952,0.8354564755838645,0.6512928091024763,0.8300150423975364,0.7459063899836431,0.4509365620183439,0.7837364940341439
0.0,0.7764663805436336,0.9085601816180374,1.0,0.7585109238359591,0.0,0.8075024679170777,0.6452598637183182,0.8293773472333331,0.7520820396907055,0.4504481990039925,0.7627793869057621
0.0,0.7825464949928469,0.900079745551755,0.9998458466182188,0.762102398977769,0.544510449090285,0.8450148075024678,0.6518872605613389,0.8270844792288546,0.7502186584104489,0.4513848041995885,0.7443924910289745
0.0,0.8297567954220314,0.8874936753653456,0.9873479600555072,0.7474342814055811,0.5787472214263562,0.8489634748272457,0.6848277318974789,0.8248258060109067,0.7502728967633586,0.4513564594413224,0.7684537458999735
0.0,0.8333333333333333,0.8709829993621503,0.98256962698225,0.7564659239676049,0.5639873220541474,0.7279860505666956,0.7011383008513921,0.8229923914715697,0.7444725691475337,0.4493944432938221,0.8015419760137066
0.0,0.8887696709585122,0.8590950784921669,0.986267219158464,0.7473136214054606,0.5761333307581407,0.7723076923076923,0.6986966283302791,0.8220688933725141,0.7423926461279964,0.4492341337409209,0.7912805585748235
0.0,0.9077253218884119,0.8471554667276019,0.9882715482577582,0.7163557492454972,0.5522347153772863,0.7896625987078248,0.7047787019341782,0.821421345293062,0.7380917585215304,0.4498898348481637,0.805042279987473
0.0,0.9484978540772532,0.8356783580632892,0.980431552746492,0.7104229650681373,0.0,0.8452380952380952,0.6760927344275824,0.8209351374835744,0.7392894071323248,0.4509272178503054,0.7541681251266555
0.0,0.9738912732474964,0.8206388643829439,0.9629395665563854,0.6907780065073696,0.5779963461697655,0.8843813387423934,0.6744076364904762,0.8194575858601573,0.7326311717714961,0.450675777549527,0.7552734842762657
0.0,1.0,0.8035381900118391,0.9449189314343124,0.6596928148500538,0.6853988632963259,0.90785204412719,0.6858446860461118,0.8180067851840979,0.7346724323311381,0.4523763198615196,0.7247103037895399
1.0,0.9066523605150214,0.7842673194787183,0.920752195001492,0.6556692540288134,0.7227272134193156,0.7624918883841661,0.7137102122830374,0.8164078689244242,0.7362695979844923,0.4555124039700471,0.7882424318127067
0.0,0.9570815450643776,0.7708456308445277,0.9136219118607428,0.7265638744411186,0.6482471211084812,0.9941002949852508,0.712344447774246,0.8173974277522168,0.7560276948151105,0.4554625601641902,0.7796325871467958
1.0,0.8919885550786839,0.7487829382303199,0.8850271174502505,0.7065977538023513,0.6001358176391497,0.9586846543001688,0.6434126426560677,0.8179526269853415,0.7651698393141629,0.4508581243797043,0.7299006968174798
1.0,0.9084406294706724,0.7310548006850933,0.8626916738231736,0.7170856246615095,0.6584851251917035,0.9955396966993756,0.6671513984347748,0.818826763367475,0.7782656284620805,0.449779097499933,0.7566402869353412
1.0,0.8172389127324748,0.7131092830934314,0.8410623566269568,0.7229806310960405,0.7284356217867477,0.7716324710080283,0.6727078000874481,0.8166566104109972,0.7720072118724725,0.4466043695535093,0.7653125864330259
1.0,0.8165236051502146,0.7026902387282536,0.8343111329921926,0.7069284901165269,0.7330670885386289,0.8126672613737733,0.6955917248426667,0.8142126296146052,0.7686272111974437,0.4494663609167723,0.7499486978167573
1.0,0.8412017167381975,0.6895255541557757,0.8223134333677622,0.7122710593488308,0.7565492610790835,0.8724353256021409,0.7183724803364301,0.8136687431832025,0.7714031494012926,0.4482867598655946,0.7675492610837439
1.0,0.8297567954220314,0.6706205013919546,0.7904881456600663,0.7081688163867104,0.7587546613873848,0.9946695095948824,0.7016639728026173,0.8143395713411558,0.7833493732679059,0.4451857615706532,0.8196516537649541
1.0,0.7600143061516453,0.6518048476938069,0.7662383783081028,0.676605898423307,0.8138819001063825,0.7590497737556562,0.7292985964067622,0.8156534848147258,0.7971756602377739,0.4482400609823624,0.8701090781140044
1.0,0.7392703862660944,0.6401564379522956,0.7604224406591116,0.6813639792857358,0.778802662249213,0.7301231802911533,0.7368889063567003,0.8142908948602979,0.8020195569397587,0.4489444609617424,0.8925404644616469
1.0,0.7614449213161659,0.6296399568710099,0.7578447942693067,0.6700043239804825,0.8368385854935206,0.7741935483870966,0.7484045610639205,0.8127836148283129,0.807410615885722,0.4503575316018583,0.8847202674173116
1.0,0.7614449213161659,0.617994020576896,0.7501760750623723,0.6711961412579985,0.0,0.7580645161290324,0.7677365155318867,0.8111910073457985,0.8173074506890144,0.4486743756660557,0.917690007037298
1.0,0.7299713876967096,0.6052184489858801,0.7325526406665499,0.5671061844818148,0.8549705316810189,0.7806451612903227,0.7575571484016133,0.8105731309965917,0.8308747801130391,0.4514633558599146,0.9041959887403236
1.0,0.7013590844062947,0.5901845278662163,0.7117745694358866,0.5495526396216149,0.7266110259805106,0.9966666666666668,0.7403180560946011,0.8097620554332253,0.8423921946636425,0.4531521204623098,0.8940358902181562
1.0,0.6620171673819741,0.5727740526621271,0.667369855374318,0.519184947522788,0.6150517700833776,0.9930555555555552,0.7272057342458081,0.8091912020650046,0.8463311292306946,0.4521164257007679,0.8583743842364533
1.0,0.694563662374821,0.560347481392191,0.6406547910496971,0.570150012361814,0.4320924571063376,0.9951100244498772,0.6886400817493576,0.8083744389542961,0.8442654336323324,0.4519899566277074,0.8029644616467279
1.0,0.6716738197424892,0.5521829851022844,0.6173054291436668,0.5955064991893085,0.4667455157163719,0.9968051118210862,0.6840858957793947,0.8089592258088231,0.8523804080194325,0.4552550331785995,0.7993314567206194
1.0,0.6398426323319027,0.5482383105347279,0.6160308260998776,0.5899248297295129,0.5072373359135197,0.9342105263157892,0.6523490658269016,0.8092160797263915,0.8681767066803713,0.4550849986644899,0.7835151301900067
1.0,0.6380543633762518,0.5455366689105948,0.609048317341742,0.5893149753887118,0.5782418182461813,0.8881578947368418,0.6339112449582165,0.8098406648254136,0.8939392663442302,0.4533367998454878,0.7491115411681915
1.0,0.6148068669527896,0.5426305805334327,0.6039494329832145,0.606026761106723,0.5323919142550879,0.7916666666666659,0.6230342571076251,0.8096198836171152,0.9010877794088278,0.4556973965144484,0.7472290640394086
1.0,0.6230329041487839,0.5412235972593162,0.5984917775521941,0.6200143959950417,0.0,0.8728070175438593,0.6258050887010005,0.8098791934458135,0.8915561193777216,0.45222514088121,0.7501935256861362
1.0,0.6337625178826894,0.5377127227028836,0.5974905610353883,0.6409167451285919,0.6418454452708551,0.9429824561403506,0.6070282831161048,0.8097102697444548,0.8797438823663551,0.4537982096457594,0.7360045742434909
1.0,0.6337625178826897,0.5321377412289953,0.5913017471734983,0.6427761051714063,0.5367255593533082,0.8991031390134531,0.6333364447872505,0.8090891971423463,0.8736134241901269,0.4529696882143196,0.7823715693173825
1.0,0.6208869814020028,0.5272955038062654,0.5903745754909834,0.6317844328768005,0.5766790266006078,0.7488789237668159,0.6451124790590962,0.8075760569479297,0.8782919047322569,0.4543527381255668,0.778764954257565
1.0,0.6119456366237483,0.5241024504501125,0.5909499003983052,0.6098205699651328,0.7064822895987966,0.7578475336322873,0.6573797955283491,0.8061648250926355,0.8802220137192162,0.4519505822921326,0.7883180858550314
1.0,0.6394849785407725,0.5214662368356322,0.595213106299837,0.6099377936361142,0.6169821447012395,0.8654708520179368,0.6850389832423643,0.8045186527558673,0.8798802552636581,0.4550006828884278,0.8418103448275863
1.0,0.6287553648068669,0.5164335804157177,0.5967920466514921,0.6320520597265087,0.6233928051692446,0.8609865470852014,0.7243071692811067,0.8031158431389992,0.8805945850178717,0.4556471080945249,0.87905524278677
1.0,0.6219599427753935,0.5111155896086971,0.5971774926908405,0.6683323429319168,0.6819890491328846,0.8318385650224215,0.7187704189163295,0.8004911265580549,0.8715762922042795,0.4587505003057434,0.8765130190007037
1.0,0.5972818311874105,0.5040485706108816,0.5837034109675445,0.6434606544180711,0.6840072021512046,0.6210762331838562,0.7379107733273067,0.7981208222655057,0.8663990903787603,0.4610725025655752,0.8676020408163264
1.0,0.6387696709585121,0.4986380974882347,0.5744511037927036,0.6583685661566713,0.7373637444704437,0.704255319148936,0.7376749578725513,0.7949528446981329,0.8547560550320726,0.4613441038685964,0.845197044334975
1.0,0.6455650929899857,0.4920923232401085,0.5596087704629613,0.6683939532165719,0.7561372372634729,0.6705426356589149,0.7467587657026069,0.791916423785132,0.8394876851906855,0.4625641491827127,0.8332160450387049
1.0,0.6344778254649499,0.4868470383821069,0.5584897989033377,0.6927476159393149,0.0,0.6455938697318004,0.7496671563112569,0.7898965741105334,0.8289011870371831,0.4633981908019013,0.7989481065918657
1.0,0.6795422031473534,0.4828835173221555,0.5619953667920458,0.7431964003323769,0.7714254393778087,0.8602941176470593,0.7410107639929452,0.7875925318262597,0.817763385783486,0.4620230441099832,0.8114792426522477
1.0,0.6509298998569385,0.4739943556017426,0.5513338382767254,0.7343314699371842,0.8072353403131466,0.8171206225680937,0.7554790247065817,0.7869645945396312,0.8219164590711435,0.4640040304586104,0.7926770187919119
1.0,0.6419885550786839,0.4669645691989068,0.5477270362025837,0.7290395415418499,0.5684226779245601,0.9730458221024264,0.7697360340753329,0.7861357998053357,0.8251400619635222,0.4649870416545063,0.8524721565980422
1.0,0.5407725321888412,0.4599255219721836,0.5348256968952233,0.6031591560518514,0.4920710197331231,0.5796460176991153,0.7896575271801876,0.7876419342194653,0.8402430954815815,0.4670263753182418,0.8975869051636853
1.0,0.5597281831187411,0.4616317326363764,0.5482834938271348,0.5969432595077514,0.5103625480962743,0.6415929203539829,0.747520253108588,0.7871845109677412,0.8440071001743726,0.4650679842651831,0.8903476206547418
1.0,0.5518597997138771,0.4617657261857629,0.5543554249787829,0.5737240820593315,0.5041580200774769,0.8617886178861789,0.7456189910046227,0.788100297855795,0.8555333151981833,0.4654927968184298,0.8446760040499492
1.0,0.5515021459227467,0.4624368635827186,0.5689336210572962,0.5736035982405687,0.4640288765136173,0.7967479674796749,0.7186770752988221,0.788246893624761,0.8648738471665273,0.4614339633236485,0.8656176172797836
1.0,0.5278969957081545,0.4626869078035093,0.580063254862002,0.5210260942579786,0.0,0.8821138211382117,0.7022977268372728,0.7888098083965981,0.8783150078325593,0.463067662241887,0.863609517381033
1.0,0.526824034334764,0.4633376225103366,0.5930173727907944,0.5187998077823965,0.4430203346352967,0.8918918918918928,0.7237028921782959,0.7879216923689382,0.8846255687409016,0.4616332997429277,0.8780037124535941
1.0,0.5125178826895566,0.4610829842634774,0.5942505599703853,0.49260438708759,0.5796241401789967,0.8472727272727281,0.7354297982304017,0.7853745913167397,0.8815731074012237,0.4628315827786735,0.9029109011137364
1.0,0.5296852646638054,0.4583677967967437,0.5940801070883235,0.5231452643541925,0.5715234859994055,0.7285714285714281,0.7507135873917337,0.7839821965925061,0.889809232631286,0.4647518034603311,0.8877489031387108
1.0,0.5218168812589413,0.4555552106515419,0.5945664962861531,0.5096849358869084,0.6037214759114296,0.6178571428571429,0.7131403249340453,0.7812824537018513,0.8902212384973475,0.4643382284962299,0.854463381707729
1.0,0.5296852646638054,0.453999208767964,0.5993590592200683,0.5241607535324875,0.5430231378565952,0.7214285714285711,0.7484045610639207,0.779812182538235,0.9016540706578638,0.4644862967607272,0.862867026662167
0.0,0.5361230329041488,0.4513671766732131,0.6040234767355197,0.5359509148335299,0.5871031044180882,0.6178571428571429,0.7509985310662297,0.7779835167060919,0.903488780498914,0.4646800481024967,0.8725531555855551
0.0,0.5504291845493562,0.4485071845343237,0.6024547485833276,0.5130480108591313,0.5815279992550814,0.7178571428571432,0.6930075804843059,0.7779484618400346,0.9172628291827288,0.4627172367660234,0.7918157273034089
1.0,0.5697424892703863,0.4446704383110046,0.5989677951517698,0.4945160787889736,0.6112132053716536,0.7392857142857142,0.7033687220276199,0.7776891143417081,0.9224657282184541,0.4634574386610405,0.835791427607155
1.0,0.5736766809728182,0.4414501136472375,0.5997117306966495,0.5019443427493633,0.6133659049306629,0.6765676567656763,0.7065620563107655,0.7770084212788736,0.930733353226659,0.4639699529716567,0.8235993925075938
1.0,0.5150214592274678,0.4380878239742049,0.6001010307837911,0.4476174300735184,0.5626592372652531,0.3927392739273927,0.6865668708762998,0.7783126188570614,0.948190393014396,0.4657301091467372,0.7970975362807962
1.0,0.5264663805436338,0.4381960379214183,0.6120690277104973,0.4685773876016775,0.5644102843432139,0.2277227722772276,0.5976497059676047,0.7794602291066853,0.9643283717850072,0.4589411965982269,0.7539402632467094
1.0,0.5321888412017167,0.4378609170485288,0.6185414754833031,0.4500067529764912,0.5770375741308309,0.2805280528052805,0.5778166436582839,0.7802158020557205,0.9723774268804052,0.4573061642114344,0.6913094836314548
1.0,0.5422031473533621,0.4373606439905245,0.6255630495068799,0.4676540007715795,0.5281072188355869,0.2244224422442244,0.6134444286142402,0.7785091479164422,0.9686560750136732,0.4574535872771444,0.7343570705366181
1.0,0.5776108726752504,0.4374739543408606,0.6316064821937517,0.4741123703303904,0.5706533443454197,0.4064327485380119,0.5984701472372744,0.7773373775145612,0.9698668208405284,0.4560778196464077,0.7037293283833947
1.0,0.5622317596566524,0.4363604518281167,0.6338554229934349,0.5045714387262713,0.5650652956885001,0.3506849315068496,0.5886887186869009,0.7760793250918064,0.9728619437853242,0.4588746726866637,0.6888288896388793
1.0,0.5976394849785408,0.4376940998630049,0.6439093356152024,0.516309328121885,0.593957990235565,0.5233160621761658,0.5861537025482808,0.7747862233748392,0.9723164979352568,0.4588806577440934,0.6579311508606142
1.0,0.5772532188841202,0.4368893960055629,0.6500492526329124,0.5355118531860004,0.5884584656556342,0.4534313725490195,0.6331251934423653,0.7736557888632035,0.9705744382193109,0.4603432279898161,0.7298768140398247
1.0,0.6065808297567954,0.4376709492694788,0.6682028566124791,0.547553596154411,0.5943831648284962,0.6225490196078434,0.6196787996993354,0.7725137227798652,0.965703687230732,0.462735350153608,0.7112807964900442
1.0,0.6123032904148784,0.4357634869485635,0.6784154805666314,0.5577440712599631,0.5994272742596237,0.6078886310904874,0.6810448589774449,0.7716330200163791,0.9624802877083576,0.4658150156880052,0.8018140398245017
0.0,0.6477110157367667,0.4343049643833131,0.6914647149669713,0.6033258064876287,0.6233893494352948,0.8153153153153153,0.6972817356017469,0.7697535395064047,0.9512693721743904,0.463848496315374,0.8291765102936214
0.0,0.6534334763948498,0.4302370920678623,0.6905462034850406,0.6248138988768701,0.0,0.8596112311015122,0.7302418582257835,0.7677476362221841,0.937966252428042,0.463775359388809,0.8631370232872091
0.0,0.6680972818311874,0.42510279327775546,0.6887662888441984,0.6865637946949648,0.604072311694105,0.9503239740820733,0.7324821050459593,0.7657323115600038,0.9255618312296421,0.4641898157518994,0.8515693553830576
0.0,0.6469957081545064,0.4180302377988958,0.6802779349071507,0.6653239270115197,0.5845633114904129,0.8897058823529413,0.7469798426914405,0.7634584289089689,0.9190125294592076,0.4657244068693556,0.8819946000674994
0.0,0.6437768240343348,0.41219953075024185,0.6715320910523759,0.6791689927870324,0.0,0.8692493946731237,0.7740249276586961,0.7606242936330628,0.9144570862588008,0.46500994963044,0.8936044549443128
0.0,0.659513590844063,0.406083420100521,0.6653587529985948,0.6536566699554487,0.627946779624267,0.9487179487179488,0.7991392735901427,0.7570855118706127,0.9033127350595046,0.464072089353639,0.902708403644954
0.0,0.6505722460658083,0.3986065995272496,0.6570868359796664,0.6459210699468139,0.5539070507131241,0.9685039370078736,0.7967860318645632,0.7564684918889516,0.905829263419162,0.4641989180089681,0.8784864052123793
0.0,0.6562947067238913,0.3927460689075104,0.6545431854272115,0.6563201636539512,0.6698441893221115,0.9378238341968912,0.746621206687333,0.7562439338994519,0.9116807487596332,0.4570103024475989,0.8847429311280954
1.0,0.6326895565092989,0.38665092312205146,0.650116371637391,0.6516830414519965,0.6755151700453078,0.8317757009345793,0.7479427557983579,0.7558106569226023,0.9164373994814996,0.4574112172180181,0.8666583134945495
1.0,0.6262517882689557,0.3815659716071412,0.6455678677989845,0.6451299492300936,0.6727349957577752,0.7476635514018694,0.7627893038039978,0.7532406445618881,0.9110668352307141,0.459169569196796,0.8613289896838323
1.0,0.6663090128755365,0.3768382099149491,0.6452733016854073,0.7841752072606382,0.6904826100763977,0.9832134292565946,0.7659531611552991,0.7512394256835307,0.9056372268162364,0.4556960320160098,0.8659566470367119
1.0,0.6376967095851216,0.3687304501442468,0.633551817678707,0.7539850602684081,0.5666326215799318,0.9636871508379886,0.7907923890561974,0.7492953615396712,0.8997662799127085,0.458348387561993,0.9120995698116356
1.0,0.6487839771101573,0.362604360561419,0.6248910540375953,0.7571124192684799,0.6425327432412372,0.9646739130434779,0.7957346879621124,0.7468468141597314,0.8949986643862571,0.4591964034748742,0.8935471745395317
1.0,0.6452074391988555,0.3558818766827641,0.6130335514111068,0.7575610821907887,0.6263358509936046,1.0,0.792570830610811,0.7443783081597394,0.8916472951730253,0.4591376163080678,0.8740675771624272
1.0,0.6198140200286123,0.35057583905929923,0.6070746589097964,0.756277096507397,0.5253728594864878,0.9294871794871798,0.7768498002937869,0.7422794776830987,0.8924870700363537,0.4615371143499717,0.8484400451071298
1.0,0.617310443490701,0.3471487935540921,0.6089205550284327,0.7215593512198575,0.5501539494022784,0.9583333333333336,0.7453733499059195,0.740579811774717,0.8912077113298249,0.4588766913125453,0.7811552437037967
1.0,0.6097997138769671,0.343411980706795,0.6057654103205639,0.7126929202177815,0.0,0.8779661016949148,0.7543687269404417,0.7391818890559144,0.8870108501748807,0.4560805496501785,0.7954141085077058
1.0,0.6080114449213161,0.3403628595619441,0.6032940339308085,0.6822468322421616,0.5230245879523712,0.9389830508474571,0.7402885791627569,0.7380210727262452,0.88781626737308,0.4585025421264403,0.7755299293427546
1.0,0.605865522174535,0.3349520083304537,0.5898328848067285,0.6793850688980504,0.5271325874854385,0.9924812030075191,0.7533615984357571,0.7364047909095358,0.8821645841919373,0.4561770238176062,0.7966771097187038
1.0,0.642346208869814,0.3297698580785121,0.5780166099087907,0.7541837398205834,0.5078430392081692,0.922222222222222,0.7637718681988118,0.7348533637801417,0.8795393012620688,0.4574850778382789,0.7924244054664799
1.0,0.6244635193133048,0.3246635767214673,0.561836137495949,0.6918582218110987,0.0,0.912,0.7584365435349718,0.7326991610095134,0.8715827712639473,0.4566798578973828,0.7956148182123464
1.0,0.6266094420600858,0.32158870777716875,0.5539064543738423,0.6449267548850897,0.5072770251182418,0.9146666666666668,0.7630840731224421,0.7318442435561171,0.874365284853056,0.4575135710715771,0.7773746242618329
1.0,0.6287553648068669,0.3177174011176631,0.5433701331325175,0.5896479766173384,0.5395848337736799,0.9297297297297298,0.7413890512849484,0.7302290784038875,0.8758424662633372,0.4583339617046509,0.7741607737950091
1.0,0.6180257510729614,0.31381079430266057,0.5354355125130298,0.6124487712739802,0.0,0.953216374269006,0.7471812683923775,0.7283051862203817,0.8776601837351165,0.4592243863072604,0.7603023652767621
1.0,0.6090844062947067,0.3104063477278515,0.5285426703495689,0.5990357943343879,0.6106847374554748,0.953216374269006,0.7939120310097321,0.7258171762608464,0.8754172790584093,0.460818270607445,0.7980283956536929
1.0,0.5901287553648069,0.3058856368487156,0.5193038929024572,0.6020832554564958,0.4961456294286106,0.9965517241379306,0.8020329257328702,0.7230383733834632,0.8700763310857057,0.4616067925613563,0.8247556493861914
1.0,0.5976394849785408,0.3016190327232149,0.5078167498080793,0.6195346276755049,0.4971510603108098,0.9535714285714288,0.7984072631160062,0.7207438884332623,0.8604330946398691,0.4617606886211529,0.7938773295295976
1.0,0.5933476394849785,0.2974984163341288,0.4986873041714753,0.6145109155436791,0.0,0.9122137404580152,0.824450132400552,0.7183740293797499,0.8512630509560221,0.4609510941393451,0.8206560256370748
1.0,0.5944206008583691,0.2941240112772928,0.4897964088565354,0.6144415525819882,0.5184351654830437,0.9809160305343516,0.8147718731116341,0.7160328222777733,0.8437383896351233,0.4601095907690204,0.8088527402413698
1.0,0.5972818311874105,0.2903585539942363,0.48171984136862,0.6222206119341522,0.5106925758062416,0.9876033057851232,0.8564866444934633,0.7143376583176412,0.8465301831801456,0.4611187515828205,0.8530054603765932
1.0,0.5793991416309012,0.28581312650368024,0.4669124695987085,0.6248730202162031,0.4280379004010388,0.9669811320754716,0.8212174955416139,0.7130819408378174,0.8527956774125166,0.4614943698845431,0.8083552700069899
1.0,0.5947782546494993,0.2825775213282524,0.456295408551984,0.6552428101704066,0.5597273965549757,0.9575471698113208,0.7804705500886765,0.7127829694549627,0.865816409767386,0.4606398535750033,0.7700144261514897
1.0,0.580829756795422,0.2792555879313258,0.4426384605452718,0.6713018752886935,0.6124066090614289,0.9565217391304348,0.7634623604144455,0.7126001466195261,0.8751999918324463,0.4625420857758651,0.7531417778372669
1.0,0.5536480686695279,0.2769443086277369,0.4358895011801635,0.6449020958580489,0.6138857461774003,0.7688172043010754,0.7447985497349532,0.7116770440393948,0.8780605646164369,0.4644129841475014,0.7300673716146879
1.0,0.5640200286123034,0.2752849040025,0.43027415118654205,0.6209013710767219,0.5153906430173444,0.7903225806451618,0.7128259043277048,0.7104202411547013,0.8811470759702106,0.461453483386845,0.674534124540817
1.0,0.5776108726752504,0.2725932580610851,0.42320998499765744,0.606442437023566,0.5445810683256577,0.9008620689655176,0.7099420778289256,0.7095665368082703,0.8869172400002022,0.4612952653644205,0.6628890971013846
1.0,0.5693848354792561,0.2701622631469125,0.4147238816398716,0.5919841131738219,0.0,0.7931034482758627,0.7154493512618583,0.7090125674123072,0.8978477421953975,0.4617151285749668,0.6828403158881006
1.0,0.5590128755364806,0.26823570597132346,0.4065819813729178,0.5549414800254793,0.6275793499897562,0.8922413793103449,0.6916221646876182,0.7088166829055694,0.9014132630428552,0.463092616204305,0.6493627210398727
1.0,0.5650929899856938,0.2658319693354195,0.3944668371464135,0.5678600744633046,0.4977328866765125,0.9302325581395348,0.6990749156222825,0.7086073005518746,0.9051918951344614,0.4638058047441489,0.6700575558827468
1.0,0.5107296137339056,0.2631152864769563,0.3816851480079051,0.475764361988415,0.4993107571718019,0.4161490683229821,0.7029413065158756,0.7081134006158846,0.9063284405537868,0.4641567075681794,0.6816728386799329
1.0,0.5085836909871245,0.26523041591329083,0.3849232411916248,0.4711447251247367,0.5249629545804629,0.6521739130434782,0.6636485563672627,0.7072659135433651,0.9104302984834246,0.4602838481332465,0.6174839007123841
1.0,0.5,0.2664956810271001,0.3912527238210641,0.4978360836729426,0.5318095555623771,0.5681818181818177,0.6694456862966656,0.7062905189539167,0.912998208802096,0.4571962655257187,0.6243846577135295
1.0,0.4881974248927039,0.2678812922882,0.39797525939505374,0.5197172683594411,0.5542420984459334,0.4922279792746116,0.6954983812251596,0.7053710461752908,0.9220234698518244,0.4565931040177682,0.6545308526301701
1.0,0.4799713876967096,0.269094788533961,0.3991050360013553,0.5035700250643439,0.5726802059081061,0.4819819819819819,0.7121184579634385,0.7040247922190799,0.927590041899506,0.454813910249543,0.6784083641933996
1.0,0.494277539341917,0.2701763958191352,0.4002087066780949,0.4885903141108895,0.5425323821997001,0.5739130434782608,0.7444153496209754,0.7028426514527774,0.9345919886979812,0.4549567298841836,0.714719136215589
1.0,0.4885550786838341,0.26993842322430794,0.3931863779407509,0.4775501233577098,0.5563431299166672,0.5967741935483871,0.7938923797218357,0.7009120309541589,0.9329669309354476,0.4609625164895775,0.790657207870432
1.0,0.4717453505007153,0.26945239582229696,0.3882643768792042,0.472304893557701,0.5508789103230065,0.38888888888888895,0.8189035563918269,0.7002668140659829,0.9434565395401644,0.4602233794049602,0.8056038905992058
1.0,0.4663805436337625,0.2697219912962008,0.38461597697568695,0.45013126201394105,0.545814156167862,0.3296296296296297,0.7455354730310635,0.6993830154269814,0.947286458323412,0.4549836871021323,0.7430657802763274
1.0,0.4753218884120172,0.27090925734050353,0.38696027680601786,0.425216631383122,0.5203299558065148,0.38518518518518535,0.736112680484797,0.6992532814278062,0.955772709073717,0.454144843233688,0.7242374217344101
0.0,0.4560085836909871,0.2714877304705106,0.3902658636080859,0.414614073254558,0.567236668488873,0.2888888888888892,0.7535188087389275,0.6979066588310355,0.9558982798674032,0.452456303819388,0.7450289266645845
1.0,0.4660228898426324,0.27352222364263234,0.39600648096583935,0.3947921458996058,0.5399887054349,0.31385642737896524,0.7241008307581958,0.6961279257807672,0.9577949976333898,0.45338593057446896,0.7005978673091507
1.0,0.4434907010014306,0.2751125109219029,0.3976323114477849,0.3465514214529291,0.583117501303054,0.1636060100166945,0.7394091840293979,0.6949838100428537,0.9640228089633964,0.4514785380973498,0.7068144975386307
1.0,0.4366952789699571,0.27897610153460023,0.4034048671389722,0.3363839724418341,0.5887311156161831,0.1900506801813818,0.678662140320021,0.69327838613158,0.9722975547732688,0.4486724722065572,0.6261693362483082
1.0,0.4417024320457797,0.2820415669062051,0.4050571880219456,0.3499912201694137,1.0,0.2760563380281691,0.6771833809058261,0.6918669987292329,0.9868477186066468,0.4488395132136093,0.6046119067802912
1.0,0.449928469241774,0.2839920892252375,0.4006502379019384,0.3803499192434408,1.0,0.1931216931216932,0.7428530722332212,0.6903184980780576,0.9947765258378728,0.453409783137005,0.6848555154002883
1.0,0.4366952789699571,0.2862472745946269,0.3903498701298889,0.3726853067317972,0.6104341552319602,0.07102272727272728,0.7499226230539083,0.6887945505478056,0.9993481556763624,0.45424321411719104,0.7016512734396866
1.0,0.4395565092989985,0.29043281118358083,0.3821393501023144,0.3870927197963015,0.5666702962853924,0.006042296072507423,0.7240222256066107,0.6877577748218858,1.0000000000000002,0.4516758515377052,0.6582924565822619
0.0,0.4549356223175966,0.29514586346420096,0.3866044036319801,0.4234151702193629,1.0,0.08580858085808629,0.6977189767574392,0.686958273029073,0.9959127423451728,0.4526937317894067,0.6204943509066538
1.0,0.43884120171673824,0.29936525953811743,0.3938531306285286,0.4010496584949245,0.5627438987250191,0.006600660066007044,0.7529489213899356,0.6863224569355727,0.982280674706301,0.4597909780205928,0.7088535880098007
0.0,0.430615164520744,0.3045344247836737,0.4098333912287968,0.3893262621429535,0.5397204292662205,0.03424657534246564,0.7207404605279317,0.6857612138771564,0.9743658550575052,0.4564938447257994,0.6561573382581247
0.0,0.45028612303290416,0.3089153206261913,0.4201618692179988,0.394777401825544,0.5098239514737971,0.0962962962962962,0.7352283725294646,0.6843697629350155,0.9687068970855492,0.4579607508267807,0.6968383721700232
0.0,0.4695994277539342,0.3112989386718157,0.4251998446514261,0.4267112897698267,0.5806925134705966,0.025974025974026184,0.8268426767019244,0.6832387937931613,0.966063831882398,0.4662831692850841,0.8001486266748095
0.0,0.4878397711015737,0.31322571591882964,0.42552120564997786,0.44043194497648,0.5410222840009898,0.02955665024630565,0.7448280266667975,0.6809784727677589,0.9571963580651212,0.46093726911585,0.690024205970806
0.0,0.5046494992846924,0.31535043944836605,0.4264729300420638,0.44634141856318094,1.0,0.13829787234042534,0.8147718731116342,0.6799418837522256,0.9616747755270872,0.4666729819805314,0.7895254162693468
0.0,0.4885550786838341,0.3165182074249442,0.4274391429530547,0.4416632129125952,0.5378894638048388,0.058510638297872015,0.8779360252322537,0.6785737209628132,0.9745293756588064,0.4715304719320592,0.8796554800828921
0.0,0.5071530758226037,0.31915746785624954,0.4365723781743097,0.4559729966001158,0.5199585315465047,0.18767507002801068,0.8673292425902359,0.6768605700912128,0.9817969602106016,0.4694921017578267,0.8800296454064008
0.0,0.4953505007153076,0.3204193755072434,0.4414226156322657,0.4223378445770812,1.0,0.21008403361344533,0.8611194356150116,0.674919946239848,0.9817969883862382,0.4689320338247995,0.8682938061247986
0.0,0.4946351931330473,0.32150396377162344,0.44707599504301065,0.4695152006328784,0.5176059525592126,0.2044817927170869,0.91314130749844,0.6723598449882352,0.97217325326752,0.4722560654413653,0.9300454754777802
0.0,0.5060801144492132,0.3220708128966888,0.4487522420521664,0.5099125544269738,0.4566845580707726,0.1484593837535007,0.9162511238080262,0.6691681160927413,0.9687328891017448,0.4727762324500819,0.9266204236702736
0.0,0.5196709585121603,0.3223733361635123,0.4457102603430996,0.5016061258904645,0.2469156786799965,0.3053221288515405,0.9239986440611352,0.6659643249522625,0.963025872032728,0.4739355905725264,0.9233608680635504
0.0,0.5286123032904149,0.3223303165832732,0.44223300864122506,0.529542325203091,0.4619690126293276,0.06206896551724124,0.9339471085586272,0.6631424759754126,0.9633817445953198,0.4753154266470256,0.924644275197468
0.0,0.5382689556509298,0.32329348124139073,0.4439831237585521,0.5101959836101897,0.5649091000736662,0.475555555555555,0.958535782538848,0.6603415373645697,0.9583459346089246,0.4785004923308535,0.9861686819441166
0.0,0.5343347639484979,0.3243282371139736,0.445128761477454,0.4957725880212723,0.5013887371236556,0.5955555555555555,0.9515595753356684,0.6578417904305971,0.9457839660671676,0.4781910581307745,1.0
0.0,0.5422031473533621,0.3246996071163493,0.44672869799614895,0.5214444268388518,0.5090431277069036,0.7155555555555553,0.905831028401024,0.6552438157395691,0.937204522251424,0.4772593682276709,0.9925596169493652
0.0,0.5278969957081545,0.3248912336859894,0.4464738125131898,0.4793546456720456,0.4757435125749897,0.5022222222222218,0.8970812924652046,0.6533060113438832,0.9247854813191208,0.4763769996621151,0.9956135113403866
0.0,0.501788268955651,0.32763083606478793,0.4619487297825975,0.4047964083143084,0.4185781544583551,0.5688888888888886,0.8768257274661134,0.6509610284215449,0.921699252678436,0.478094491086033,0.994016399497673
0.0,0.4695994277539342,0.3311319374679845,0.4829429085081288,0.3841315741565235,0.462177622821605,0.48559670781893,0.8605790251978639,0.6487246488104091,0.9138366934275528,0.4767280615230829,0.9675953335946168
0.0,0.4552932761087268,0.3328551351929785,0.5016853415889198,0.3619708179978111,0.5632293906057374,0.3956386292834891,0.8354892433762875,0.6462072002299725,0.9081298570836224,0.4740558653454465,0.9248315232294358
0.0,0.4939198855507869,0.33411260933988746,0.5137383467699871,0.4047980069610606,0.6325758603436625,0.4596273291925464,0.8140889908572383,0.6439587971843103,0.8929255858076129,0.4720773582002246,0.8723834966357764
0.0,0.4928469241773962,0.33315335095588394,0.5139507906182227,0.4045811572603623,0.6180518593645214,0.5900621118012421,0.8484885703196773,0.6416495610957907,0.8720576473703122,0.4733836203359277,0.9235105957616956
0.0,0.5021459227467812,0.33147971538028204,0.5095744140289667,0.4234361169315218,0.58329853444255,0.5559006211180123,0.8675650580449915,0.6397974050007272,0.8567207565440692,0.4723693616608308,0.9441663334666136
0.0,0.5089413447782547,0.3296855519950469,0.5053335634919086,0.4365729286664285,0.4947360521248797,0.4472049689440994,0.8802106618062482,0.6383929742536602,0.8479173697226766,0.4738947356477839,0.9889036732389828
1.0,0.4899856938483548,0.32958955565775444,0.5041622736871318,0.4491473455084926,0.5212127474361147,0.3757763975155278,0.8432515020953186,0.6364421955789051,0.8380701338026452,0.4729943344879925,0.9410910850368944
1.0,0.4774678111587983,0.3307542403922025,0.5060700779264741,0.4754364518974302,0.5271818141338566,0.3385093167701864,0.8177834329817388,0.6348424967638343,0.8281991892295265,0.4707973868104359,0.8720535462279748
0.0,0.4985693848354793,0.3319952626047622,0.5077903092534911,0.4667136171214095,0.5007787061660273,0.4316770186335401,0.8122565082609101,0.632366615792089,0.8197960816036359,0.4693608604423616,0.8807306157009801
1.0,0.4935622317596567,0.3317411389878865,0.506794313455474,0.4553286711986469,0.5203646620325715,0.3695652173913043,0.8473094930459002,0.6295725948376033,0.8129610851598897,0.470822646039065,0.9051489859279868
0.0,0.5110872675250357,0.3321766512836446,0.5128598840845189,0.4401927623929524,0.4964249586566853,0.4844720496894407,0.8508565505111791,0.6263073462234215,0.8063399522579734,0.4721994442533105,0.8755400882995275
0.0,0.5218168812589413,0.3311284914753315,0.5156126109539085,0.4115921114490543,0.4635221450245401,0.4875776397515525,0.8507877710035419,0.6234080267909482,0.7999686793311135,0.4720531977539174,0.8827285125446661
1.0,0.5164520743919885,0.33023847608660023,0.5203536655526318,0.40064844922489307,0.44554155988504013,0.3571428571428568,0.8269114562095613,0.6215703318834173,0.8015111805830423,0.469924789443708,0.8246489550555808
1.0,0.5089413447782547,0.3312022658592669,0.5276490808565,0.4350341032942305,1.0,0.3260869565217389,0.781349945222035,0.6194077107808204,0.8036967074758,0.4681673948479828,0.7604008733094794
1.0,0.4914163090128755,0.33278924325279674,0.5342865279986136,0.44448216520037376,0.4528545756090795,0.2111801242236025,0.7873239367425042,0.6184748187357493,0.8058705999399288,0.4693250781647776,0.7539330830405309
1.0,0.4946351931330472,0.3354746423554355,0.5447823676966835,0.4516675231353681,0.4245599725262686,0.099315068493151,0.7412465794477006,0.6170803849257877,0.7995944972513046,0.4666691534255252,0.701857522855802
1.0,0.5132331902718169,0.3391829566167221,0.5568565844507221,0.4425025391110826,1.0,0.2294520547945205,0.7077460464065162,0.6166360436915799,0.7972095387618695,0.4627765548943085,0.6380773558054109
1.0,0.4985693848354793,0.3416026375868125,0.5678321922945891,0.4136617493586114,0.4184088921672692,0.2465753424657537,0.7825339353177858,0.6157592781880411,0.7991810875698283,0.4748010222703321,0.7650742267890235
1.0,0.5100143061516452,0.3448766483521024,0.5821507036543722,0.4378442191207319,0.5693846057656975,0.21917808219178106,0.8242094041238227,0.614459884476536,0.8040844435193356,0.4779079526310375,0.8165166506763538
0.0,0.5329041487839771,0.3470554055607078,0.5905400822295735,0.4842664259428938,0.7448963284108935,0.3886462882096066,0.7772870414494788,0.612307777232625,0.7968081421047676,0.4723599441865202,0.7380127580726669
0.0,0.5819027181688126,0.34647964573576645,0.5877326061586664,0.5429185507009233,0.0,0.7379912663755459,0.8638951800303613,0.6103433620985393,0.7873248220839476,0.4834134493804722,0.8538900403541797
0.0,0.6198140200286123,0.34167847681904673,0.5696408090799545,0.5780273866790542,0.6654606481000992,0.9558232931726909,0.9279682042161836,0.6079614297611909,0.7734816714484606,0.490731668531457,0.9346230293984692
0.0,0.6137339055793991,0.3359524549414057,0.552035220144626,0.5783400755598709,0.0,0.8083067092651752,0.9447012758598664,0.6053688256757218,0.7648478762207549,0.4897761837251736,0.9547936653726652
0.0,0.6201716738197425,0.3331735885818516,0.5446195513768957,0.5918367157953548,0.5239824344345896,0.953125,0.9363249143940772,0.6026353756669619,0.7526159318390816,0.4890613983330037,0.9357403871595192
0.0,0.607653791130186,0.3296862515188313,0.5363535115031782,0.5744236479442075,0.4407821927678653,0.9640287769784168,0.9758190902436268,0.600748398269712,0.7536943783170325,0.4921337423990893,0.9766032357527394
0.0,0.5908440629470673,0.3267662263785228,0.5289428194482011,0.5477905907594665,0.4849584822705749,0.7697841726618704,0.9733528536126436,0.5989324207192391,0.7526641923843913,0.4902680518001351,0.9966251225318584
0.0,0.5987124463519313,0.3258564896470549,0.5293194280820191,0.5769523165431546,0.0,0.8776978417266189,0.9248976904823901,0.5982053254493284,0.7580819883720237,0.4882654898504808,0.9306189609298424
0.0,0.594420600858369,0.32405428448489737,0.5306665414373156,0.550655121435175,0.4855171655683974,0.9803220035778176,0.9250254238537158,0.5967070694622661,0.7566493311472007,0.4868781149531856,0.9560495728889512
0.0,0.580829756795422,0.32121104554373586,0.5286052644748055,0.5712229572204363,0.4946722635329735,0.914179104477612,0.9650698357643612,0.5947924766040783,0.7585371755065359,0.4900544623514469,0.9988166923400088
0.0,0.5797567954220315,0.3185620579996693,0.5254192445465612,0.5695590614080023,0.4967310228747322,0.8917910447761191,0.9543746223268104,0.591903131391578,0.7586077135498634,0.4891059718362055,1.0
1.0,0.5743919885550787,0.31468662593724234,0.5176268535826076,0.6067988994817368,0.6079726842305974,0.9153225806451616,0.9413359928076288,0.5895008130961633,0.7578024690066025,0.4876390195896406,0.9985228519195616
1.0,0.5886981402002861,0.3107378363571257,0.5098192932872554,0.6396622029210974,0.5802384755669406,0.8878923766816144,0.9345464728394636,0.5871218749074313,0.7562890261037697,0.4868455804419333,0.991483087215828
1.0,0.5847639484978541,0.3070872534321562,0.5017060401891321,0.6348096947066659,0.5856448307364702,0.7842323651452284,0.9371158787319022,0.5844189239264143,0.7504953678178349,0.4874986782581773,0.9961218179256542
1.0,0.5894134477825465,0.3047098079212513,0.4973860000643081,0.602540642744092,0.6690238692208257,0.8340080971659919,0.9048926794039764,0.5823320119892199,0.7493946687618408,0.4841212309101892,0.9505720374204664
1.0,0.6012160228898427,0.3023664184507404,0.49194646777033896,0.5834457965543013,0.6264456344790154,0.8830645161290326,0.8977789131855226,0.5802603165038059,0.7466540632577293,0.4815710549027525,0.994210452396186
1.0,0.5854792560801145,0.2989852156543209,0.4842204455598861,0.581965978554621,0.6523607016467156,0.8156862745098042,0.8951898560051879,0.5786922317361837,0.7510884267073108,0.4819051081888043,0.9748865070839968
1.0,0.5883404864091559,0.2964431364871548,0.4750959487589133,0.5893662473849557,0.7328269608246272,0.7607843137254904,0.8826474215053868,0.575891757221847,0.747841196842145,0.4837169681895224,0.961377125787002
1.0,0.6012160228898427,0.29355148463033154,0.4626027398008938,0.6343911199497329,0.6811919107199061,0.9411764705882352,0.911721501947934,0.5740883060445411,0.7528413222537615,0.4850199843822594,0.9800534730008392
1.0,0.5883404864091559,0.2890654361002307,0.4457343775237677,0.6131323792492536,0.0,0.7843137254901964,0.9089555831765326,0.5720801182921559,0.7497857730064388,0.4835918290475364,0.9956640399769368
1.0,0.600143061516452,0.2854672576106547,0.4395917869758049,0.6079270478100818,0.7530265329806024,0.8860294117647056,0.8942367685422182,0.5705548912907318,0.7463000865768905,0.4855106078307891,0.9955577182682952
1.0,0.5754649499284693,0.28170853128476697,0.4391502298150667,0.5948663165387861,0.6515213110332435,0.7581967213114758,0.8828881497821163,0.5674009982159626,0.7295015138708683,0.4843186377721237,0.9811441937913812
1.0,0.5300429184549357,0.279774307918492,0.4437368369869277,0.4885707831064995,0.4569008282551757,0.8590604026845644,0.9008936423170832,0.5639516852169942,0.7129343145249409,0.4882226961845123,0.9607213094445392
1.0,0.4992846924177396,0.27946368253074905,0.4453833884196347,0.42827347017752987,0.4894651475306543,0.38926174496644295,0.8849367965453036,0.5601101859678933,0.6938819909911162,0.4866630908604183,0.9244681905139364
1.0,0.5110872675250357,0.2809076656295683,0.4489044907750297,0.4207631702324144,0.5156636453854414,0.570469798657719,0.8629224412794954,0.5571352463075813,0.6829456103823737,0.4846558086731506,0.8687404816116046
1.0,0.498211731044349,0.2818184110100115,0.4448692586181117,0.4282900174714745,0.5059381736528321,0.5570469798657718,0.8922519884646939,0.5567533196671631,0.6868228563174112,0.486297977974187,0.8967252565593615
1.0,0.4821173104434907,0.28278854268696063,0.4411338128424551,0.4308383023538578,0.5449886325870915,0.4130434782608705,0.8415565785142642,0.5572509203504245,0.6985955488228628,0.4726424274145486,0.8973616261803925
1.0,0.4910586552217453,0.2836820005093519,0.4325905358798687,0.4129115500137705,0.5108948900856003,0.4117647058823527,0.8259288918147473,0.5582998350081542,0.7112400925019748,0.4732639696935344,0.8892936297206557
1.0,0.5039341917024321,0.2837895024653386,0.4140625384868737,0.4014482047644718,0.4931101856572429,0.5833333333333337,0.8388152238527332,0.5573012600443584,0.7157194596031934,0.4717192042799716,0.9080701908377404
1.0,0.5060801144492132,0.28290791011366434,0.3952747584738288,0.4081889126850505,0.4590145417170218,0.6274509803921572,0.8433350200688776,0.5555908297939037,0.7183613744252636,0.4686057468791319,0.9139364947005773
1.0,0.5071530758226037,0.2817225209076489,0.3778587943212565,0.4118928530955768,0.4911003475693794,0.6127450980392154,0.8589676195903688,0.5540293719126116,0.7164942903143354,0.46749005351069206,0.9295750952725784
1.0,0.5067954220314735,0.2802542812275611,0.37100651681247576,0.41092850552281546,0.5730551626966792,0.6274509803921572,0.8535340384870473,0.5522539837729948,0.7135965976092826,0.4701820901743598,0.9279731993299836
1.0,0.4867668097281831,0.27839887617400383,0.3609352482656382,0.3183381845758791,0.5372565071270339,0.2878048780487803,0.8648482674933307,0.5502184326928682,0.7079062231738403,0.4682751717892146,0.9392084147081842
1.0,0.4874821173104435,0.27866440591285696,0.3527244260855596,0.31923564666067705,0.5516209860444924,0.20975609756097627,0.8537305513660102,0.5479846114305321,0.7040377258259768,0.4674733232147321,0.9054296226401294
1.0,0.4849785407725322,0.2795973206103354,0.34620280603098724,0.3550592401790661,0.5499309034454164,0.2,0.829195918427504,0.5454538705481912,0.6998913650455216,0.4681793652596238,0.8704731810435
1.0,0.4785407725321889,0.2812461279459395,0.3434336644736341,0.3144348624634889,0.5361578755236824,0.0975609756097566,0.8461058516622533,0.5431577586916084,0.7036678215055743,0.4672552146124303,0.8743352863297567
1.0,0.4817596566523605,0.28345885971294904,0.34185268410135217,0.32608013167877314,0.5011854104787106,0.22439024390243936,0.8499820681997946,0.5399730993196817,0.7034273981805028,0.4682252637257798,0.8661795147498776
1.0,0.478898426323319,0.28599944258526344,0.3461045798074229,0.3025896293713639,0.5094672073038158,0.11707317073170738,0.878741728036001,0.5378197613190446,0.7041126970032261,0.4694944686934488,0.8792141200909934
1.0,0.4613733905579399,0.2896342453687228,0.3542515258201309,0.26365924015370923,1.0,0.16585365853658526,0.8559167571444712,0.5351347188845751,0.6952602496360959,0.4690308891542137,0.8614030852954729
1.0,0.4477825464949928,0.2934925950553408,0.36533762708853545,0.2707286452925341,0.5790181315599033,0.13333333333333364,0.8746788242634451,0.5341358199551872,0.6972530988235062,0.4724702473691523,0.8593939128786222
1.0,0.4488555078683834,0.2959093771517077,0.3683629495652173,0.2731669100797042,0.434803762242358,0.08171206225680966,0.8384369365607298,0.5328235925220978,0.6996493974038079,0.4690643731974338,0.8392558721670305
1.0,0.4821173104434907,0.2980404678151945,0.36697142332110216,0.3813932970456711,0.36041812681747065,0.08571428571428537,0.8261204918717359,0.5322847279831157,0.7089182699056487,0.4709716022217855,0.8265337325150584
0.0,0.5168097281831188,0.2999068436622984,0.3634436018093255,0.4433702363400514,0.5507964409734777,0.11494252873563278,0.8286505951883818,0.5294882859429048,0.7026743998801088,0.4714963047122947,0.8243007801110787
0.0,0.5243204577968527,0.3011030617740296,0.3589842664280853,0.42005329509427214,0.4937628948741946,0.14285714285714318,0.9006971294381205,0.5268631048057729,0.6965833229282008,0.4807789072649502,0.8744284281864018
0.0,0.515379113018598,0.3021287495181989,0.3600923718879093,0.43861831386583977,0.49781835441615296,0.10559006211180123,0.9056836437418018,0.5244004774871046,0.6894930344252231,0.481037549313603,0.8941223662542754
0.0,0.5311158798283262,0.3049829774029441,0.3683420750663522,0.4449524881322605,0.6308285253154278,0.3167701863354037,0.8872703869829867,0.5239873459022558,0.6980410608150759,0.4817204265110345,0.8774015116328168
0.0,0.5107296137339056,0.3067627627834113,0.3752503508719677,0.3802934125732948,0.4966309465594419,0.555555555555556,0.944106824401004,0.5239506836661955,0.7100607016030093,0.49089627163621397,0.9813086742952049
0.0,0.4985693848354793,0.3083335143828672,0.3789392812891135,0.3929117890284673,0.6242099391108765,0.4506172839506178,0.922367587165744,0.5230443117827225,0.7185286825870841,0.4898404237816622,0.972265619502034
0.0,0.4867668097281831,0.31189579714971344,0.39275477885941895,0.4126470499053918,0.5728473388742809,0.397790055248618,0.9441903423745632,0.5215671779390866,0.7267844694158893,0.4899301697112429,0.9992821855339272
0.0,0.419170243204578,0.3151867649819832,0.40380957699119213,0.3124539841704319,0.6079693453611156,0.30241935483870963,0.931903374617414,0.5193985034786349,0.7342106640550623,0.4923421245016845,0.9898674040984188
0.0,0.4223891273247497,0.3184014934175944,0.4100912450925557,0.3191455389135842,0.6426104921936272,0.18598382749326134,0.9333330058118684,0.5173031449794004,0.7397460148165832,0.4924527466852587,0.9945259873785716
0.0,0.4341917024320458,0.31930343577997794,0.40189352908911335,0.30241625156361424,0.5856345953045756,0.1967654986522913,0.92000943261819,0.5153390999759823,0.7483995099178096,0.4910092137639255,0.9927246904007944
1.0,0.5211600806098312,0.963987008568442,0.5974344247416639,0.5144414843447686,1.0,0.5633836003770029,0.5311792246584358,0.9876416516802424,0.3621795260509752,0.5148829710661211,0.8304071745702466
1.0,0.44113437892461815,0.9632664753283008,0.6013748881750763,0.4948396661676538,0.4835795544285278,0.30973138548539114,0.5503146662474392,0.9869499786981384,0.3734012125176319,0.512543642142056,0.8441504231124378
1.0,0.4949034726481501,0.964987247782004,0.6337394185394294,0.5434745617258379,0.4961782467916789,0.07016845735508652,0.5056325503932712,0.9871529967170954,0.3794693767671601,0.5132126448304439,0.7967542406112043
1.0,0.6140658313618974,0.9691355036709786,0.6417151389018987,0.5962305169476693,0.5235544339121175,0.4506471434174405,0.4443696603766172,0.98907596165884,0.3873330370821911,0.5125066462338401,0.7553474075666925
0.0,0.5970092584479691,0.9716403187633441,0.6421880366613857,0.5779677001239824,0.5096787434411293,0.6811766101292861,0.4523529960844807,0.9914210967093784,0.3924143193425438,0.5129254659326258,0.8019024248327156
0.0,0.6002219690995649,0.9720787850712422,0.6185247564847516,0.5807493371638794,0.0,0.7382279682125495,0.4652982819861557,0.9922003182759694,0.4032666755754648,0.5137651400301384,0.8346952199046259
0.0,0.7077893630070972,0.9704410678433008,0.5958403784052074,0.6207160628863952,0.4583812100340976,0.9320365318467556,0.4500587082225904,0.9924233138150031,0.4118320321707691,0.5127758354825722,0.8094539382976842
0.0,0.7270072139957363,0.9657987177766172,0.5579032348751214,0.5892711238770372,0.5325395301720487,0.976301697618777,0.4829353128730672,0.9919582176922468,0.4167895854843183,0.5149566290052425,0.8754822469863516
0.0,0.6453167440637866,0.9604125107920553,0.5175051503763964,0.5861312983209029,0.4989113732998408,0.6686622150587153,0.4838097951844516,0.9911112013477468,0.4144578965020765,0.5150564339747568,0.8669061563175934
0.0,0.7445018838167008,0.9610958214260976,0.5760181570252155,0.6374472384447474,0.5491629229570676,0.8921667225388326,0.452490555099755,0.988750172991494,0.404933441998414,0.5130030892648807,0.819282289993296
0.0,0.6195274394696105,0.9589979910254176,0.6257134484454198,0.5424258479765048,0.0,0.8463006147975407,0.5130951269718839,0.9856792075852584,0.3896700366259367,0.5136055825052577,0.8716622183993827
0.0,0.6453751569847254,0.9585733445705502,0.6939067935168732,0.5674962627783355,0.5177403407442146,0.9407462370150528,0.5378704881871192,0.9824611923581102,0.3763916882470584,0.5154508427490749,0.8637185827946923
0.0,0.6510704167761914,0.9553302136003397,0.6904570420265578,0.5716982324711155,0.5613475814719134,0.8943837247051188,0.5695483642759236,0.97969458939292,0.3588682834100462,0.5139864191718035,0.901887245911178
0.0,0.5935921025730894,0.9510974843936059,0.6815420762880275,0.5688921293730348,0.5593371063982218,0.8644086137863873,0.5868316719807025,0.977193783229672,0.3452527061900388,0.5115209181071798,0.9127654730131424
0.0,0.6607085487309796,0.9471144488779396,0.6710955118052268,0.562220407781303,0.0,0.8833459582296292,0.6078929397835411,0.9746587407276592,0.32993605369337065,0.50934756105238,0.9151435040540368
0.0,0.7141271649288825,0.9407836635780312,0.638858024374786,0.5498388386640429,0.5560350401662124,0.9742452115571896,0.5998359117460662,0.9725064470425164,0.3221658506259182,0.5088450487599274,0.9034177871662216
1.0,0.7141563713893515,0.9359297967149212,0.6168517013801261,0.5503165974197938,0.5863272175023827,0.919489232767016,0.6087084682312371,0.9708578865232956,0.3144224056694737,0.5094554826554583,0.9169712991891928
1.0,0.5755717164636818,0.9303209291350296,0.5968506539286477,0.4983005741890182,0.526775350364334,0.9659169311439212,0.6253629347233342,0.9702160610409002,0.31476821409745226,0.5069432320140335,0.9282100256776756
1.0,0.5987324396156432,0.9280780933997596,0.6002883311265895,0.5124618111750943,0.5198961571685444,0.7895109851169395,0.5969127826714942,0.9693507330539624,0.3168613912744665,0.5084008223467535,0.9249212593445236
1.0,0.5554192587400331,0.9261305378904424,0.6032347446327674,0.5332689859527053,0.0,0.7834160170092136,0.5687082717183576,0.9690483998167128,0.32602733340460466,0.5066086913008683,0.8860189483537194
1.0,0.5079879669382864,0.9237625920302028,0.60359297547026,0.5049334202966339,0.4546324682594925,0.879999999999999,0.5657409272460192,0.9690940883700292,0.336038378724192,0.5063489951588641,0.8890673817625254
1.0,0.6135693215339233,0.9201359397269422,0.6007351233216092,0.5104492160241915,0.46166720625847707,0.9717187500000009,0.5337977587706151,0.9700380548412048,0.35215867733349804,0.5075721826914087,0.8864047459428004
1.0,0.5402903122170626,0.9127349017907032,0.573351586779933,0.4734018852474296,0.4500582793950656,0.5433574675871347,0.5113314238831926,0.970740792172978,0.36445026697735294,0.5095618681094003,0.8842607232756113
1.0,0.5508338444463915,0.9135361378997892,0.5909260590973917,0.479474576471865,0.4624343112141907,0.3291799966324284,0.45327660661560604,0.970060217039902,0.3749874147659956,0.5057007176331587,0.8076957132195756
1.0,0.4906977423406058,0.9170553028213896,0.6214714520173586,0.44647302783895626,0.4659466571888632,0.7169867947178856,0.4128833843448017,0.9684221422996876,0.3777485466042,0.5029376121693906,0.7492884880529241
1.0,0.4563801512894654,0.919869455897678,0.6588510747081103,0.4298013085577837,0.426794773172786,0.7713857677902624,0.4532864322595544,0.9668619232443736,0.3846287879200714,0.5021764514155406,0.7851929620400468
1.0,0.3777855661672361,0.9203756460661916,0.6950805824311574,0.4366560706056321,0.4458059340850653,0.3313735970069483,0.4524266884140921,0.9645147687752814,0.3873269826594175,0.5021516106144432,0.7754721277053265
1.0,0.34060574199012805,0.9237073443386444,0.7488697694307966,0.4684395505576616,0.37474354565882345,0.3000534473543554,0.4271305680696046,0.9628605460350124,0.3882732201694742,0.5004669965841297,0.717760603109149
1.0,0.3012354332778415,0.9276202610901684,0.8048706324928041,0.4522213926534177,0.4526658745477943,0.3019328802039087,0.4209600636701728,0.9613112008853664,0.39119284977665736,0.5037060294739792,0.7146362750926548
1.0,0.2399602792137617,0.9246454264435506,0.7946029752242634,0.4640956602327324,0.4957689102599991,0.10193900602409572,0.43874447921630655,0.9619311675875594,0.3966739674851598,0.5013285643609326,0.7234969705402429
1.0,0.6699377902392007,0.9239373445310944,0.7809638280760258,0.6281891594611888,0.6205726771220934,0.38817255651066496,0.3797070975539063,0.9633993786810128,0.4084151771167557,0.5006057226116603,0.6911848413170246
1.0,0.6590437804842428,0.916526973925557,0.7131630229553423,0.6228607556347788,0.5330860091818963,0.4691042300248816,0.4319107438503751,0.9653300910017903,0.4080867863527631,0.504275380062184,0.7922068887005578
0.0,0.6112328046963988,0.915224958600488,0.6957115030374273,0.6508445576228254,0.6439173275244218,0.4134641968482161,0.4375899660523999,0.9643234699445472,0.402815381627606,0.5009851539342995,0.7940916047914793
0.0,0.6864394404042176,0.9143807536541991,0.6862018561975861,0.6352193254412666,0.5594676542968565,0.5303428255460325,0.443603260148662,0.962730388383318,0.3869161991400325,0.5015301084831307,0.7675980621576837
1.0,0.6468062735477091,0.9113462395871712,0.6880422958460041,0.6215607981780265,0.5382200352576629,0.3836051976776333,0.4484030872173288,0.9613664079880012,0.3770619899170157,0.5018177252033916,0.7894746828237855
1.0,0.572096147667864,0.911421970942238,0.7101740780053691,0.6365837956779569,0.5533959178077391,0.31524744263201465,0.4120531174311836,0.9613035843758531,0.3720499153218565,0.499273827058871,0.7411740895809354
1.0,0.5587487952335057,0.9140740839737228,0.7493596706595522,0.6314191600139344,0.5939953891690152,0.28020458943876103,0.3589504247134596,0.9615754470569025,0.37630658053835264,0.4990887999761262,0.6836017050988525
0.0,0.6339846374017933,0.9164348013657287,0.7826287024425422,0.6657254879427928,0.5891971330507164,0.5047000276472211,0.35075583766071045,0.9618387430049076,0.3885249483840766,0.4984410563459755,0.6917224281214819
0.0,0.5776745816174539,0.9141851723976816,0.7947846081565366,0.6434155912289609,0.6088560778429294,0.3510505944152609,0.4310510000049128,0.960952912408882,0.3875160275762154,0.5006741365747782,0.78372566629141
0.0,0.6348316247553965,0.9143618381506642,0.8165530263705789,0.6249349029315553,0.6471649022951221,0.4505805916505393,0.3879360743604733,0.959195334772932,0.3904611944737912,0.4976068870458527,0.703271057591358
0.0,0.6890096089254948,0.9124286405517804,0.8240234956498305,0.6094416118569759,0.6310876382048032,0.5700857063865079,0.4166171290450947,0.9584117257232364,0.3915656023990453,0.4997635782440013,0.7464930366697448
1.0,0.6098308945938843,0.9071321962018792,0.8166232191923182,0.5728341734401834,0.6426932787729075,0.3607962399778824,0.4432593626104773,0.9562938009423021,0.3875846382453305,0.5017454542195628,0.7880516589296331
1.0,0.6442653114869009,0.9053318988294604,0.8239358999844565,0.5906367933429597,0.6566617497402961,0.3274122200718819,0.4178698986484827,0.9547959752442524,0.3774541518007805,0.5000831073054021,0.6948467561379766
1.0,0.6184760068927249,0.9050655537157156,0.8542897190950827,0.5783946669961353,0.6677809634910494,0.2952121061771267,0.3830527293182477,0.9532170298998658,0.36851322341166304,0.5010190817910601,0.6829882236867073
0.0,0.6935366102981977,0.907460426126318,0.9022238903246808,0.6310982730847157,0.6915986545627874,0.553026544281815,0.3597708659831293,0.9529907812369104,0.3683145086830443,0.4992774808311167,0.6438772025247608
0.0,0.7669324454569351,0.9042561881037884,0.9161907094476104,0.6362954856538015,0.7115297457418441,0.6489084594393443,0.4663791028204515,0.9509140321037376,0.3464858100533881,0.5037960633249753,0.7612545378650849
0.0,0.8160285055054184,0.8965704022661272,0.9002993726807427,0.6203341977602167,0.7604606239302844,0.6887248821632346,0.5441982028897221,0.9470343526872936,0.3177468128792437,0.5061223663419754,0.8290853434863454
0.0,0.8814509769561029,0.8866958409765171,0.8332282073296502,0.6165468315567568,0.8314844617221395,0.7606092935040298,0.6046799542124988,0.9444074546103428,0.3001618919029612,0.5071631458824287,0.8599997470179741
0.0,0.9721078302520518,0.8746453178666007,0.7545396196175786,0.6336936468805028,0.8272350375336012,0.8465849994221648,0.6414671651543363,0.9418736226241744,0.2984834553561692,0.5096290182918909,0.9396258395840976
0.0,1.0,0.8602348250518805,0.6538516229246144,0.5954194524168558,0.5560601728416014,0.8809291330489745,0.6668517162943568,0.9400609093420206,0.2980259127217736,0.5078923994323954,0.9493466739188179
1.0,0.6700546160810776,0.8453360352641119,0.5788250071994236,0.4703837526061474,0.4480827381493836,0.7329558858221293,0.6847638652118164,0.9364350814792431,0.28877520694555936,0.5055599611372485,0.9612368291232908
1.0,0.6599199742983152,0.8468333696546639,0.591219685285902,0.4534471055913128,0.4588529968802103,0.7779479326186838,0.697645284427828,0.9351317517826676,0.2930966837163511,0.5066448251719465,0.9546592964569866
1.0,0.5991705365226786,0.8481304996973329,0.5986544360521079,0.3771239356660481,0.4654846979401645,0.875957120980092,0.6878294661236356,0.9337452681902416,0.2965901801847713,0.5053140389756553,0.9959522875899663
1.0,0.5480300242413627,0.8474418530050236,0.5994318302263631,0.38686996103405946,0.4593175909929517,0.7718223583460958,0.6603225758908171,0.9350167108339285,0.3139360947397508,0.5036208800367877,0.9997795650082829
1.0,0.5612021379129062,0.8456259650844464,0.5856223613856228,0.39756932969449343,0.44631157562570506,0.6815879373306629,0.5869102771322876,0.9354718102280264,0.32500500200086635,0.5013951488867169,0.9912634591795008
1.0,0.6324074885364644,0.8440753990348641,0.5779173754223028,0.4086138494532521,0.4510759208842349,0.8664153610554844,0.536509636500302,0.9373300988130708,0.34705579239372264,0.5013918885059963,0.9434510017718409
1.0,0.6288150938987704,0.840112614490075,0.5520553625075562,0.4610769246985405,0.0,0.8605253857933804,0.5326530712506568,0.9370246681956051,0.3565692909434077,0.5009365210650623,0.9655308709281716
1.0,0.6815911679663541,0.8360121023644478,0.5171655594132184,0.451955910940668,0.4533597643283473,0.9396866533160574,0.5155220610270743,0.9366922236420588,0.3654942787406419,0.499796427246016,0.9324246967425374
1.0,0.6951429656239962,0.8306541568118109,0.47645763055560497,0.4615112448570621,0.4563983616600965,0.965681961030798,0.4989609381524839,0.9359763605487288,0.3734863103689071,0.498415714317061,0.9340261687338146
1.0,0.6662869826805689,0.8250673755081652,0.4689875488092092,0.4908835504717606,0.0,0.9006913890634809,0.5186760927344278,0.9357428391031648,0.3866110019252715,0.4998391081544306,0.9707509881422924
0.0,0.6973918630801135,0.8204127964046075,0.470559083346145,0.5120273721008971,0.4883372213153228,0.8848522941546186,0.5149767377879527,0.9340188706907578,0.39553106561189255,0.4995213256266453,0.9729726046067869
0.0,0.6824673617804262,0.8150677358358969,0.4461896318060968,0.5524565465467836,0.5571535907266427,0.9803409403354436,0.5024490417540739,0.9321529911506172,0.3872077037111601,0.4987492390006775,0.9350415701240284
1.0,0.6289027132801775,0.8095552601807049,0.3938980468391303,0.5644712243660296,0.5479531273957271,0.8407378939277463,0.4930508133176781,0.9298013559256284,0.3739888721154549,0.5017541759005794,0.9271091726863842
1.0,0.6490259645433573,0.8045703572063714,0.33923258086614283,0.5797386217218612,0.5205538544012651,0.7254419677171394,0.4816628919817834,0.9279504971339428,0.3645651399549629,0.5010143511587705,0.896558538912362
0.0,0.7555711323344728,0.7997789194665144,0.2942278572694974,0.6263903285606324,0.5110730127363652,0.9761676646706586,0.4685309188450938,0.9261869453189668,0.36740090468244346,0.5000941059445545,0.8739948207714321
1.0,0.7364409007272408,0.7935368103907154,0.2386133945844999,0.6160941744876884,0.5126080060122675,0.9459342560553632,0.4772413522051203,0.9260399855803804,0.3757866225939719,0.5007457102499254,0.8898528008722911
1.0,0.6773270247378718,0.7883601100971258,0.18985012336503648,0.6073285652515519,0.5067915220504298,0.8507000106871857,0.4554087713523525,0.9254973054089398,0.3817339675961916,0.4989215272272374,0.8972127572577342
1.0,0.6865270597856247,0.7887561624845245,0.19851317142104813,0.614781667776177,0.4263084080046651,0.7160414662819286,0.4562390382659701,0.924363090670345,0.3862672060490453,0.4990391361698044,0.8832288401253916
1.0,0.4383889716405268,0.7906134787343013,0.2165466076405333,0.4590540298330585,0.39168989362609297,0.5602772754671489,0.4767107674319208,0.9215762221590416,0.3818780150436272,0.4968995783637091,0.8957339512062151
1.0,0.3768217529717575,0.7969103146822305,0.2481583192826331,0.46933083201086,0.3972115042046143,0.4982921438617657,0.4399088180241612,0.91755547719035,0.3691193338551194,0.494294936807014,0.8237767479896415
1.0,0.39189228657378977,0.8015543470071449,0.1963036389771553,0.42926587265661736,0.4487692656053466,0.5341284955397412,0.4668949491277285,0.9146545019112768,0.3599232351567643,0.4965109093646173,0.8063172958975059
1.0,0.35579310143403714,0.8049344509406531,0.14613300481053032,0.4106462054325664,0.5038594409275003,0.5608039270167634,0.4341264265606808,0.9119164689769054,0.3511248794963626,0.4977064140426675,0.7724955703966201
1.0,0.4436169280644883,0.8084000959938957,0.11091762036713038,0.4127335851802571,0.42562168968436337,0.6926463772593856,0.4052095564213037,0.9114361780229088,0.35274846280466376,0.4955580909391003,0.7157012402889464
0.0,0.4492829813954846,0.8072891898747083,0.10957137391972332,0.4165508009190384,0.4502378385351391,0.7596168700756982,0.4318026617669458,0.9107393515047414,0.3553603632656702,0.4976111889231361,0.7698855117895598
1.0,0.38304272905166653,0.8048089055997967,0.08632207948990317,0.41893000471995057,0.4155054395767197,0.6656109995365368,0.4356051859748761,0.9102988049869072,0.3592588724181224,0.4942056180849842,0.7705601744582253
1.0,0.36178042583019343,0.8029052672260115,0.06458559437663969,0.4003160101347668,0.3961648208941499,0.5665813528336382,0.4463151378783485,0.908903113079778,0.3612660757289139,0.495055708665746,0.7862545999727406
1.0,0.3924764157831711,0.8028696019459374,0.05484884580298066,0.3771691126548098,0.3942667319235227,0.5719195612431447,0.42813278375231534,0.9074406262830316,0.35586270321800817,0.493732891900545,0.7458566171459724
1.0,0.28888110049943083,0.8035068022398886,0.05806035942034316,0.3600037917489687,0.3575869203760053,0.4889213893967103,0.41698067787117626,0.9057930563054508,0.3534458735130903,0.4928933601922876,0.7262709554313753
0.0,0.22080084114606136,0.8058795073734529,0.06484586203117909,0.36527273733311205,0.3806538465884344,0.3721587341454225,0.3672678323155599,0.9055891792337708,0.3606139574011201,0.4889760012919554,0.6456930625596289
0.0,0.27456993486959325,0.8054126058183457,0.037688407373034805,0.3591412299522601,0.3360595820320427,0.3828157721534133,0.34912969358729345,0.9063606378840322,0.37549479970289423,0.4874189107602656,0.652139839171323
1.0,0.3739595198457899,0.8039901209206446,0.005537555881713285,0.4301194818040158,0.3962494732418009,0.31155388021300723,0.3698224997420768,0.9066304708019668,0.3883580718522817,0.4890780969859064,0.6974717186861114
1.0,0.3453663950465844,0.8063097328538888,0.0,0.41691047829385136,0.3673719910535281,0.323161610722192,0.3828709549052072,0.9064287662884244,0.3960462277605389,0.4901725350199325,0.6871064467766117
1.0,0.25970384649084344,0.8116956136185829,0.019273527675122304,0.3824643831896512,0.3618836819706125,0.3334530006581702,0.3947894610143015,0.9053514404157508,0.3998284357510196,0.4910812658404163,0.7261823633637726
1.0,0.21671193668039326,0.8171753659942989,0.03951114132200817,0.4004335923697958,0.27311407929612497,0.24735236043798176,0.4044235049054528,0.9060787799640077,0.4133184878613197,0.4918691358917499,0.7250715551315251
1.0,0.1483104062618651,0.8236739249390723,0.048178794934716,0.3952707448602291,0.3579098374858357,0.1240351821935021,0.3364202231403741,0.9049158173175316,0.4130649161615235,0.4900435248345068,0.6704988414883466
1.0,0.1155991705365232,0.8346882550540284,0.07779023217645198,0.4294780478608356,0.3157566821499914,0.10536707951893803,0.3372357515880697,0.9034348682909399,0.40675962231656415,0.4901602220311472,0.6293716777974646
1.0,0.10172610181372103,0.8468891625956759,0.1058117922505385,0.4259000046990061,0.2658509771599887,0.16370573506617406,0.3398493728782748,0.9005173007551112,0.3877162440934221,0.4904190912082492,0.5978601608286764
1.0,0.06714565261835925,0.8571986861247538,0.12730252802901976,0.3869550155696155,0.25862895301000605,0.06953681710213795,0.34695331345278024,0.8983390407237725,0.3726386234005065,0.4910216439569127,0.5922516014719909
0.0,0.3323403136773855,0.8703868086451432,0.164528458213145,0.48731240058133796,0.5717949264669104,0.03420938314509216,0.2880338395177576,0.8957194725996119,0.3595310076933221,0.485997611681476,0.4893757666621237
0.0,0.35599754665732103,0.8767026219819485,0.18789104113320013,0.5012563744568742,0.6494213954916915,0.11332055582175413,0.35776643461770874,0.8937169562977799,0.3508677961665204,0.4883419647744216,0.5352119394848028
0.0,0.2768188323257105,0.8890220221292746,0.2774771047873918,0.5129519406616919,0.5446680020164443,0.09152348224513188,0.39991353433325627,0.8926098722607155,0.34684411592682873,0.4882717955050132,0.5830039525691697
0.0,0.050118286164899266,0.9009298102426332,0.3610371689719964,0.4327778849904023,0.5677097247024274,0.22819803970846786,0.3748434037995766,0.8918551246853271,0.3439907260814954,0.4898046215588602,0.5665121984462314
0.0,0.1021934051812255,0.91027904852293,0.4277881750236704,0.469706458086841,0.5045908001776801,0.09802358033832556,0.40884995750408987,0.892050932982858,0.3437175060483174,0.4890434472504544,0.5830039525691697
0.0,0.15128946522970876,0.9134950997917282,0.4221269992742503,0.4427551012943728,0.5705116141591721,0.13635586945377814,0.4045905408525709,0.891926214419753,0.3427521084554899,0.4886106842799303,0.5960610603789012
0.0,0.20327696486462787,0.9179259333360196,0.42271214965023823,0.4165438455762581,0.5487548730957039,0.1962180326935116,0.4020800888238212,0.8909334954581068,0.3382157670740238,0.4883593711304875,0.6032233883058469
0.0,0.16837524460410674,0.9207948468905394,0.41156898160517497,0.4539614100679081,0.5180611195633565,0.18818704790112192,0.4832251693695376,0.8895453175368554,0.3332464962924723,0.4916168436641348,0.6569578846940167
0.0,0.18896579923479093,0.9241540124260048,0.3932890837011041,0.4644994557713482,0.5517599182927735,0.13248277040496667,0.4999484153692722,0.8883536832734008,0.33231799897769176,0.4929977140936515,0.6864794875289626
0.0,0.29530652180262257,0.9283371821736948,0.3833694945833161,0.4603445032903756,0.5396421559259611,0.2698638719599015,0.4411075465858345,0.8893645003090763,0.3435061935299686,0.4917603536412383,0.6324860297124166
0.0,0.3451035369023625,0.929973439244984,0.3804171685138276,0.43150287570090207,0.5103347155836988,0.3594008087942127,0.4898820431444025,0.8914295082385079,0.3614352991774944,0.4957421028872048,0.7220253509608829
0.0,0.3291276030257889,0.9300585497483054,0.3959458161485104,0.42174745073831177,0.5305993709850882,0.2813692544284324,0.5025915135913219,0.8942960785249082,0.3834847735356708,0.4966009290630462,0.7729317159602013
0.0,0.2106661993632989,0.9319112928228775,0.4137507229667001,0.3394456846282857,0.5200209407124828,0.007668357933578913,0.4467916816098335,0.8966973874118301,0.4068567695459243,0.4953938353540792,0.7651219844623138
1.0,0.25602383247174243,0.9402847620874082,0.4462707925999645,0.3168308051527923,0.4851369831332878,0.06467603662448193,0.4109329940210957,0.8965438401631062,0.4069541651642597,0.4962025600480349,0.7290786424969333
0.0,0.3850871812845007,0.9480582751156732,0.4673903544024252,0.33713531471206537,0.565478391257663,0.14123505976095746,0.40951318847058976,0.8940435126043457,0.39444065881291934,0.4962746411609034,0.6697969197219574
0.0,0.3952218230672625,0.9520525421518844,0.474365520325009,0.29690958253966554,0.523593209513771,0.0936555891238666,0.5181012925634612,0.8919397844212121,0.3807171752540132,0.5015629693907931,0.8031688701103988
0.0,0.4144104675954319,0.9576434234827838,0.5043146432247687,0.26072364632480444,0.5291436417554225,0.08980092325447228,0.5048661501653164,0.8896648144313529,0.37497712822563145,0.5003373698253408,0.8038639771023577
0.0,0.4216828762522268,0.9637422207558202,0.5582585238267819,0.264079602805608,0.4221873509732967,0.14808136180034592,0.5479515988779113,0.8880566927503578,0.3748029323347437,0.5002594016372464,0.8229112716369085
0.0,0.4550658605683578,0.9701200769473556,0.6182704287776128,0.27961677324657314,0.37029650907231904,0.25339007501442645,0.5546772521604135,0.8836237221187632,0.3567433626637009,0.5007744815840817,0.8379378492571894
0.0,0.4202809661497121,0.9741409518665468,0.6511134753152359,0.3092493642932281,1.0,0.22518753606462785,0.6672545676962303,0.8797216716046318,0.34474248278668784,0.5064833377915228,0.9201921766389528
1.0,0.3782236630742721,0.9787675001129028,0.6684040117699551,0.28215269374529955,0.3610235640213448,0.05900173110213544,0.7110622012390136,0.8773377306278106,0.3425806748666941,0.5064066789933458,0.9612034891645084
0.0,0.4135050673208913,0.9861736728228304,0.7027876892729231,0.2559361346377449,0.2691914344426901,0.013168395849959012,0.6431227861595981,0.877247404222797,0.3549358913434193,0.5039626807944729,0.9405002044432328
0.0,0.507549870031251,0.9925790726548788,0.7409830415603764,0.25662816059788185,0.0,0.14003685180310638,0.6293423205223312,0.8766975589510021,0.3623514243119814,0.5064800147900976,0.9341420198991413
0.0,0.8560705628084933,0.9960963659426859,0.7837225812145607,0.5745051888877596,0.7671071992199936,0.9930386041045116,0.6802637202835677,0.873022022205694,0.3492957760794213,0.506964638676507,0.96579721219647
0.0,0.8147142147843107,0.986515315686762,0.7658183351137795,0.5512624218069551,0.569406518417558,0.9867590864658312,0.6935086883256611,0.8711559048070182,0.3464067801342846,0.5082500835766249,0.9491768269801526
0.0,0.7685095943222641,0.9807695034953864,0.7717573469402716,0.5543185572628802,0.595273462657225,0.9361261261261248,0.6355865172513743,0.8690790634239348,0.34214538878439915,0.5027965071434312,0.9503162376251136
0.0,0.7126668419054297,0.9766488831209029,0.7788257631049209,0.5240891684268354,0.0,0.8704504504504494,0.6726046308259926,0.8691438451284822,0.3472105395906557,0.5021298460171558,0.952861148826134
0.0,0.7214287800461457,0.973491701440629,0.7902547628862873,0.5379481481001547,0.5309449881977064,0.965405405405404,0.6611577556264089,0.8695624672711685,0.3601487758770009,0.5008393620194007,0.9746873443544588
0.0,0.6422792721750049,0.9694643123299505,0.8088580686267539,0.5024425445761116,0.4894067100544279,0.9936200637993629,0.5877700209777498,0.8683161195520642,0.3617194359805965,0.4981327674460186,0.993018928636383
0.0,0.5232045328426647,0.966274879381026,0.8156019053063902,0.4177649197386221,0.5173132622380605,0.9458247485153312,0.6339014193142679,0.86873503670035,0.3761015385639472,0.5021791785519819,0.9606444107589802
0.0,0.5476503402552646,0.9627756741222298,0.8115314927351577,0.4401207002935671,0.5641901067669001,0.9392677849883699,0.5665908454475332,0.8688481991934284,0.3842011051872184,0.5000526123234235,0.9596855501110444
0.0,0.5936213090335585,0.9563310646724326,0.7786188276080853,0.4789080336166739,0.5104053610194677,0.937953704971922,0.511483721364389,0.8720083331584382,0.4085524655340299,0.4954587276919483,0.9649874854584553
0.0,0.6185344198136629,0.9509421065340992,0.7545484904143325,0.498104084438288,0.5120814003619187,0.8642651691549091,0.5059224068897418,0.8721761381976602,0.4160770562973791,0.49878581052762105,0.9995068307619832
1.0,0.6023248342533372,0.9473401887648424,0.7480300479082928,0.5357920886000379,0.5204184937601388,0.8122175044514445,0.4845074159047696,0.8716952449691046,0.4211351961042942,0.4973419330315912,0.9859175256165831
1.0,0.5574345045123981,0.9452654647625544,0.7498081732575774,0.5489950004007209,0.4807045771682344,0.6322421586084079,0.4503240006091901,0.8712841350371344,0.4297158391478765,0.4945526599488297,1.0
1.0,0.5291918572388216,0.944621605330152,0.7758859114650984,0.5722512257406582,0.472897898555822,0.5892343514587041,0.42957224059071797,0.8710784246795863,0.4414582073458878,0.4930978391639168,0.9817780360255668
1.0,0.5234965974473555,0.943197832491145,0.7938658831338439,0.5673984349336519,0.5031438697184153,0.5377345569100123,0.4334877597040516,0.8693101916751459,0.4441854519571122,0.4896812689329903,0.9950352777190468
1.0,0.5923654312333888,0.9400084269568748,0.79482924460575,0.5761722564705397,0.5258339813538904,0.6142994110395824,0.4180614987054712,0.8687743030438005,0.4516535946819288,0.4885814023727938,0.9765462455078492
1.0,0.6871696019159439,0.9358119280707008,0.7687517865254365,0.593747835760729,0.550603589372794,0.7055496641922943,0.4020948272897432,0.8677820368724097,0.4561024907740915,0.4872754021718458,0.9972653048357604
1.0,0.7079646017699119,0.9324256286759574,0.7370885103969307,0.6150430110372529,0.5214897008740751,0.8400790662650601,0.41005851170971136,0.8649820180052606,0.4479710412668296,0.4879023393225425,0.984671521341656
1.0,0.6415783171237476,0.9297080119352064,0.7233074067584264,0.6061173523958086,0.4880137032773762,0.7587537650602401,0.4357820475659424,0.86068824290037,0.4324404446244202,0.4899425499386785,0.95663892566673
1.0,0.6137737667572065,0.927072437801464,0.7252675628236994,0.6329620252703868,0.4919498723276551,0.7091490963855414,0.4559098791937079,0.8563138393484516,0.4140051797224517,0.4877535988827285,0.9747178614210958
1.0,0.6406729168492069,0.9238141098821706,0.7322284841933588,0.6495070773692171,0.540386598365189,0.6474021084337346,0.4371379864307858,0.8525823449404429,0.4018668290520983,0.486498133704486,0.9896087706415752
1.0,0.5904670113029006,0.9193410619118084,0.7369886941370486,0.6191460407495923,0.5253003385185541,0.4394766566265065,0.4542100427906791,0.8484110546893927,0.386643844622394,0.4878674826806054,0.9759985655492746
1.0,0.6411402202167121,0.9185084173075228,0.7629362837575115,0.6515325631788736,0.5343732016693096,0.3959902108433729,0.42955258930282136,0.8437887470625999,0.3711734134496004,0.4861697371865194,0.8890862207346433
1.0,0.6685942930576241,0.9182721278837708,0.7925404137031427,0.6263625959181004,0.5112108497405842,0.5049563670253319,0.4285700249080073,0.8416193478706254,0.3677803058656063,0.486250583758633,0.83327925681791
1.0,0.705715704313794,0.9183506057572932,0.8046135227500696,0.6150594417889107,0.5174114567139043,0.6355958711291828,0.3975455541417546,0.8411592677477139,0.3746906492889596,0.4873841006814388,0.8290271350262131
1.0,0.741405999006981,0.9169534690346552,0.8054569298047849,0.5992509886949368,0.5388453758674552,0.6989363342068757,0.4135220512014305,0.8427683105013591,0.389389588842974,0.4885821016650253,0.8788486825253162
1.0,0.7736499313648184,0.9135654941572642,0.7979661202090091,0.5881398706273483,0.0,0.7780946508401421,0.3796874462660096,0.8418683794876629,0.3876805970190113,0.4896142833313773,0.8537116412507045
0.0,0.892899909459973,0.9097399138896268,0.8101898617368264,0.7025581834243505,0.4899025336521523,0.9977195821686042,0.4222079204515866,0.8388694683904846,0.3763443078850925,0.4892545975217111,0.8769873119418026
0.0,0.8167294605566757,0.9015583902634317,0.7791777345329283,0.6394655245846983,0.5287503226818502,0.9730323460343916,0.5268903310750728,0.8351814939617758,0.3605171944584712,0.493728634292148,0.9858262606943424
1.0,0.7294313502146678,0.8945050670546395,0.7597295855689457,0.6220803158104362,0.5436104912944986,0.9573025471871004,0.4580027413546614,0.8328045172576625,0.359429900910524,0.4922939745739936,0.9382820008237608
1.0,0.7088992085049209,0.8897588024563794,0.7478771530645149,0.6099839471935694,0.5368295626236482,0.8298515667949427,0.4540086170897427,0.8317296683705023,0.3659584792029905,0.4918832794208289,0.9585556725092677
0.0,0.6860597564181196,0.8859274592425351,0.7548068880878571,0.5751826661007826,0.4665173551875212,0.8458860179585858,0.4568138384369364,0.8304642758352537,0.3736044803295616,0.4922128413409267,0.9264289963846049
0.0,0.694237565349455,0.8819726497962908,0.7782748907807266,0.5326338305497392,0.0,0.8663184900128281,0.4576932335702954,0.8271795349152871,0.3683357951451155,0.4922689435326801,0.9321953228685188
0.0,0.7163760623849997,0.8750577263463777,0.7674568407571803,0.5064478843925813,0.5571712423829357,0.9261498992120216,0.4629597787264982,0.8229760817689175,0.35202045829376283,0.4929063601376166,0.872234680334996
0.0,0.7854493413943169,0.866680389533296,0.7434281223126195,0.5520642253729294,0.6071696625175597,0.9214703425229738,0.5080545716264878,0.8186378740979242,0.3374704218898886,0.4929281193953516,0.8776165850533156
1.0,0.7321475510382894,0.8576390941237659,0.6936508979773366,0.5759389147602954,0.5458370013267333,0.9920663981447566,0.5061434838785747,0.8142979181921043,0.3176686869847967,0.49282963971108,0.8639970710722619
1.0,0.6362919477788487,0.8530008662200974,0.6769562909860324,0.5492555221305415,0.5603449777938542,0.677568389057751,0.5324074301519532,0.8100005040494699,0.3006748325693719,0.4951208131984407,0.8460299299803211
1.0,0.5892695464236685,0.8537998997169831,0.7036183288996668,0.484324172944999,0.0,0.6907117008443899,0.5293762189939525,0.8092091718486106,0.2990054933802868,0.4952929053417315,0.7620337741979775
1.0,0.5457811267852455,0.8537037047095168,0.7240811351768938,0.4372852352848604,0.4555559513564138,0.8606755126658632,0.4490122771421129,0.8115082426393202,0.3175614059716733,0.488136835360738,0.7633060271841103
1.0,0.5887146236747569,0.8494480929718526,0.7489547317060377,0.4212078476000004,0.565788878241873,0.9119420989143552,0.4340183444772512,0.8134435154382093,0.33348110954720755,0.4867376130839844,0.7996613427303098
1.0,0.6092467653845036,0.8426177992720816,0.7349722547071518,0.4375315708750224,0.5140676532971257,0.831780898095372,0.5102407774049492,0.8151422768397353,0.3518603225130448,0.4891976398355828,0.8435586472015011
1.0,0.5737025029936619,0.8359898800250938,0.7255370835236558,0.4587730306577762,0.6375500592715564,0.909286541963251,0.4357967860318642,0.8173869272394364,0.3745465492438905,0.4829128014551648,0.8496819367534663
1.0,0.5910219340518121,0.8294775168423607,0.6843720835276859,0.4730795707059854,0.5700521292210494,0.5456050322794238,0.3903384443057937,0.8223496950428019,0.4117809321282081,0.479232881549156,0.8641984348542402
1.0,0.6619060136102111,0.8253735573363079,0.6650529257662979,0.521936774403224,0.5748152031401849,0.5978541882109625,0.3627971643191569,0.8236403688575223,0.4279266821214307,0.4808512265819585,0.8386160816438609
1.0,0.6307135138292594,0.8241749642794959,0.6667166259242272,0.5441588819473097,0.5927505442398666,0.6363946351443509,0.3787147075151439,0.8240053826329853,0.43889280524874,0.4783485420616788,0.8436867877900327
1.0,0.5538129034142351,0.823787420800546,0.7095675932737575,0.5354383981029197,0.5958056060337527,0.5832007274380534,0.3671106220123903,0.8243392184993831,0.4454508775342063,0.4773980763310982,0.8739645782801704
1.0,0.6027045182394345,0.8237856095733922,0.7538097052270002,0.5646036882520772,0.6106307164418339,0.5744487383496244,0.3606699124043841,0.8232504453674431,0.4429074326787089,0.4768814540264836,0.8879044437325522
1.0,0.5654370746809193,0.8218329263422126,0.7666309288020776,0.5922262051232876,0.5930285333700008,0.4340759263468976,0.3934924760131464,0.8217145670854676,0.4314417969872753,0.479408320606241,0.8627705825820327
1.0,0.6301585910803464,0.8244580907764547,0.7718156231699538,0.5889265634050319,0.6346646045220482,0.6202546033189352,0.34620656451272186,0.8208673169839732,0.4294653184751066,0.479574924217506,0.8079172577914058
1.0,0.5637138935132453,0.8242057797163254,0.7592210733054481,0.5396990243662326,0.64829250072625,0.6875426233234826,0.3307360881163747,0.8214456684281203,0.4364926705737455,0.4783689235563176,0.8350006864674381
1.0,0.5675107333742231,0.8233004059291433,0.7711558026682479,0.5421053676876404,0.6681554629478473,0.6093430325073894,0.3376729927437621,0.8206673981109266,0.440472271164826,0.4789002839317435,0.8181227403780147
1.0,0.6235287245538715,0.8211086862709565,0.7607062476929772,0.5272619385851809,0.7297292993369999,0.7181177540350085,0.3524802381736092,0.8184452406776659,0.43407531377556696,0.4762980226996654,0.819651274541211
0.0,0.6306258944478523,0.8156014107221721,0.7224068266765789,0.5311522646837249,0.6688578877339552,0.7116390088656526,0.3528044844238977,0.8166811374360526,0.4305453720824126,0.4763358674767772,0.8075145302274493
0.0,0.7297818277402961,0.8112386911526785,0.6832362027528721,0.5806429183224338,0.6437082732752017,0.7346323824829241,0.3529911716589124,0.8138219163003707,0.4228014373964904,0.4763579473503994,0.8003386572696898
1.0,0.6175706066181836,0.8071194376213071,0.6652737793114876,0.5689343569633898,0.6131749294254127,0.5080132764343283,0.3974669489901692,0.8115764950597172,0.4150387557121191,0.4760283381592553,0.8050249416502673
1.0,0.5763894973568159,0.8088694536658578,0.6997869125828913,0.5428596599891768,0.6621171779647884,0.5104788999525854,0.3485450677723793,0.8088242380143714,0.4058793838018343,0.4760882746847229,0.7287721385748938
1.0,0.5784631560501183,0.8102805038846208,0.7365784320781174,0.5439747658367751,0.7258162494584659,0.543954480796587,0.3625220462886087,0.8076939794709582,0.4018583556989249,0.4771626351700967,0.7266029014690405
0.0,0.6171909226320869,0.8097826566365987,0.737068882253854,0.5672760323770861,0.0,0.7049786628734008,0.3655434318026619,0.8067034942462276,0.4058917946505435,0.4774090740312862,0.7164614891766969
0.0,0.7294313502146671,0.8068355068278343,0.7317541986732683,0.5901832033887771,0.7342402626646097,0.991364421416234,0.3916649062387926,0.8066808723206421,0.40992661361434135,0.4793585456799765,0.7869296599697955
0.0,0.6926312100236578,0.7957688072711533,0.6404854954257456,0.6193056607520045,0.7186458606004762,0.9901908519031896,0.3547155721718112,0.8062277262756766,0.4128726905830923,0.4802845967290337,0.7335133403505565
1.0,0.7796664622214431,0.7878572780703541,0.5938269656060629,0.6612762425670974,0.5148534047568359,0.8382202173467277,0.3564350598627357,0.8048805051282998,0.4073175059906176,0.4804437704361034,0.7123243787469681
1.0,0.7155874879523353,0.7807804340017479,0.5378311209914173,0.6147125837435312,0.5176704850470161,0.98309591642925,0.35020068877764066,0.8027264383881053,0.4065351617604696,0.48000482737615,0.6722529861333578
1.0,0.6624901428195917,0.7760437104925155,0.5382623648640061,0.5929750310348458,0.4847971123363408,0.790756038899927,0.3404634756250336,0.8002681271862474,0.4058004956536421,0.4792821696660241,0.6294448766646833
1.0,0.5758929875288411,0.7730845674263511,0.5572691321895851,0.5975984475307443,0.5181858877648873,0.4986928788037222,0.3444772511778489,0.7970790583291737,0.4031164110327419,0.4796408146183354,0.592650221957805
1.0,0.5863489003767628,0.7741717572071964,0.5852334430740846,0.6041327826252345,0.5106939087837788,0.6011711805918634,0.32485544021341284,0.7951824417575138,0.4032293787751856,0.4781208881475724,0.4874467987735114
1.0,0.6643301498291425,0.7700621036910695,0.5897256844524628,0.6090067677102422,0.4759095723157208,0.8514414414414414,0.3330795041980064,0.7946009269404705,0.3964820985578917,0.478766355927384,0.5328909432062605
1.0,0.7977160547913201,0.7627262983782164,0.5514476972856858,0.6735011851845891,0.4952492971833536,0.7287702923696702,0.3568428240865837,0.7951394054038771,0.39084068180916864,0.4806947167721231,0.5779598187725964
1.0,0.7796956686819128,0.758616236822462,0.5423939614819294,0.6593208116996908,0.5113214403642701,0.7606528711323428,0.31580602213717585,0.7953751226471767,0.3809663984573809,0.4773929424570876,0.4914100041188048
1.0,0.6683898478343413,0.7589278946598927,0.5591367417467075,0.6368695037105639,0.0,0.7194672085882803,0.24562636023758394,0.7960552436733322,0.3842373172448119,0.4751895300488125,0.3841563315180083
1.0,0.7174274949618855,0.7604895901718234,0.5702217195733523,0.6629941223069742,0.5343113914380054,0.9237566454634132,0.24321907747028956,0.7977717371418577,0.3956322133102009,0.4749925607570071,0.38701203606242257
1.0,0.6703174742252982,0.7548886761589668,0.52932198333763,0.6855311960546657,0.3802171235848237,0.9740176631774954,0.28024701668885604,0.798935055330784,0.4029552629788888,0.4781037834808141,0.4755663356368128
1.0,0.6941207395075789,0.7508925894757907,0.5026029311266248,0.6952185400386669,0.4418653473148149,0.8969527690835861,0.2404678971648103,0.7999421942582979,0.4110124787838095,0.4747046865030202,0.3994508260491511
1.0,0.609246765384503,0.7482652321506842,0.5080383420649373,0.6993633007851844,0.4291353248560315,0.9408765313540232,0.2181636854025321,0.7998852837797391,0.4138499831591146,0.4764969666809279,0.3719555169099813
1.0,0.4432664505388593,0.7472121751443004,0.5282058931027074,0.67968174174576,0.4452074378495602,0.6383441625515066,0.2463583707117205,0.7990353550526285,0.4127668426187021,0.475184147064797,0.3822159168916756
1.0,0.4805631005578434,0.7488534182948261,0.5283791773860699,0.6952910294019228,0.4016546862508668,0.7503675768280957,0.2494927511311773,0.7979343082672145,0.412778627470704,0.4754100911321942,0.34431376138391856
1.0,0.5577849820380264,0.7468708686594239,0.4920445560615694,0.6801748160050518,0.3921441086228918,0.8744922858567847,0.27313325047040243,0.7976451194547746,0.4164245843026765,0.477460781309844,0.3931902430094731
1.0,0.5907590759075909,0.7420885840209264,0.4317811906149944,0.6470398991114714,0.3880069649215517,0.8988677510003033,0.27644449248092584,0.798487953280186,0.4315732807494129,0.4777409882004089,0.3891538144707336
0.0,0.6209001431116563,0.7390947376153052,0.4231369127231908,0.6132166164231004,0.4049392599199789,0.931022619913026,0.25492633223449884,0.7987585342109488,0.4379091387181415,0.4795893574385321,0.3653745823989748
1.0,0.5012996874908735,0.7345743306675088,0.419884262988088,0.6049851262471917,0.435541014248356,0.861401015691229,0.23238630501746504,0.7992806273460765,0.4479273288371477,0.4775539142083596,0.3010937714521074
1.0,0.5531703612839158,0.7352223999561953,0.458265238767145,0.5781139231986424,0.41433958225803424,0.8802490749109532,0.2251398926057116,0.7990167007026484,0.4440059819823709,0.4768987293088609,0.2845270239348314
1.0,0.2421507637489416,0.7325162303681474,0.4425461201722102,0.4865107992754783,0.4117269042663445,0.35005172788715216,0.21472471002068305,0.7989451226005572,0.44267699936051785,0.4758860395891034,0.2347260994920143
1.0,0.34706036975378945,0.7379827651210031,0.4551851665695658,0.4806094922881642,0.4351041726487439,0.4895134806702174,0.1445204840112209,0.7990479403335337,0.4381246187287471,0.4690183197527474,0.08755663356368157
1.0,0.36268582610473465,0.7359817812366247,0.4493646612377249,0.4883399335789701,0.4657266145299807,0.4277364765879776,0.2349016698681891,0.801727582356277,0.4592127760905325,0.4736030617679782,0.2530685094503686
1.0,0.3758579397762788,0.7330146343142749,0.4445190042168895,0.44491585472118905,0.4280707782163576,0.43866820982063737,0.18915838446762206,0.8046997622492209,0.4825920182247442,0.47320450293411104,0.232364651503364
1.0,0.5094190835012709,0.7309601010750322,0.4279681819973983,0.458840290399041,0.4117188349477536,0.47820040790618606,0.1655915774580076,0.8073771943133393,0.5018072436467715,0.4747681368848061,0.21237471969246274
1.0,0.4839802564327225,0.7258533376444505,0.3575313246680856,0.4976084767864007,1.0,0.4461043306823875,0.17742656559354258,0.8116731504607012,0.5179151684793136,0.4721271944076815,0.2126767653654296
1.0,0.3749233330412689,0.7246662223316154,0.33080669009325553,0.4374407073040547,0.554448075703366,0.04455380414782986,0.08775282610084051,0.8151962097138078,0.5280261130908325,0.4681592658787941,0.18075145302274492
1.0,0.3552089722246559,0.7309870966984173,0.3240450990450245,0.4293651771343647,0.2886816310320012,0.06540537026201124,0.0,0.8201376421889496,0.5478149204580843,0.4589856544876641,0.0013327328376182429
1.0,0.4875434446099478,0.7388564278512784,0.3485746770280105,0.4456109551678258,0.5088899708678093,0.1236432279377067,0.02110057037863133,0.8223139521149451,0.5538848319669357,0.4612184974223598,0.01263186845569036
1.0,0.5310902771693098,0.7443566105221726,0.34406731357625603,0.4184650293735321,0.4769960859199823,0.2503953610964681,0.07319613459167068,0.8246421373972689,0.5645717591672643,0.4623483356610841,0.0489676914200937
0.0,0.4350010222261168,0.7494752681257268,0.3770275805438685,0.3731532636139406,0.545636890610695,0.3102643271330677,0.09306849947678447,0.8253015807484262,0.5666736962204825,0.4642329222883833,0.025418826618016668
1.0,0.3750109524226763,0.7536903098453211,0.3887980654556512,0.3907138390287697,0.5313005616052786,0.17651931621357075,0.1657193108293333,0.8260509755876743,0.5687644187390577,0.4671727428980582,0.12675894681266214
0.0,0.4992260287975704,0.7578600623136476,0.3829895051449629,0.40232051769836413,0.563692346191376,0.3727690338127872,0.1573675134734141,0.8263129183875674,0.5739383393319314,0.4663276438441274,0.09299175906158892
0.0,0.5822892023715645,0.7584387358557083,0.3706215634232893,0.3942854036127309,0.5831008132891977,0.5371639430680017,0.19790320758146698,0.8258562191061206,0.5738394525735608,0.4700690076331007,0.18894474668870406
0.0,0.5787844271152783,0.7586654119020879,0.373379632103516,0.3922617013274948,0.5676662606951678,0.538594773702839,0.27489695355909394,0.8258515651603314,0.5789710984839034,0.4734029800860774,0.2839680462778049
0.0,0.4627179532112507,0.7602632780010496,0.4092152490591048,0.384674023954505,0.5354840462397604,0.44762406807741606,0.26796987457565485,0.8255301495623516,0.5785790736097048,0.4727790124295091,0.2950095264329823
0.0,0.3865475043079528,0.7647592681153199,0.44415578797110494,0.3978529475703904,0.5713990042433799,0.3838391445138945,0.24239863620062002,0.8265468932719237,0.5891413545539804,0.4741112239360062,0.2352799393981133
0.0,0.327521247699991,0.7668202563795286,0.4363584538926705,0.4193265948761494,0.5659478325233277,0.3341366066721884,0.2361888292253952,0.8270807627492834,0.5945911460032505,0.4735214347472867,0.2144709960287401
0.0,0.5324629808113555,0.7684235741233834,0.39828278891151503,0.4687352226796968,0.5603929780168212,0.571353264553053,0.2195392755552716,0.828809385320718,0.6074749739843031,0.4719187970986953,0.16465808139935267
0.0,0.5272934373083327,0.7652884695668021,0.3276139404592277,0.4664513563258406,0.0,0.4537992318698698,0.2591267950223289,0.8303185256086708,0.6137274282457107,0.4756109486980394,0.3228198241627071
0.0,0.6386576710768419,0.7673194498523448,0.31428069723843866,0.524941624124955,0.6209394278545315,0.8596279840349417,0.26859871578833594,0.8317707814381153,0.6215781915148652,0.4764707539186663,0.31756306957739394
0.0,0.5767399748824442,0.7631356610645843,0.2656785981089496,0.5411301658959888,0.5676160177436872,0.9974006683995548,0.34698770320659905,0.8315287926192646,0.6131891451731274,0.4835541420381924,0.5106397631017152
0.0,0.5192908671398114,0.7560305142793602,0.1963557681746884,0.5619882205623195,0.5284360456603291,0.8575009283327133,0.3216031520665785,0.8304484266892891,0.6041180784129793,0.4812732000889814,0.4181989302848749
0.0,0.6310931978153568,0.7487766928327939,0.11892492911387215,0.6141903915539809,0.552556142971765,0.831600445599702,0.3096846459574845,0.8294225458006145,0.594141254819848,0.4801839795588331,0.3456603080595921
1.0,0.5588656210753818,0.7434330548709154,0.07580086031321714,0.5825481101137714,0.4973781500465695,0.4648161901225392,0.3302890213167346,0.8296974224905523,0.5971471495480375,0.4784216064741752,0.3923627849321675
1.0,0.4263851163877451,0.7467324772995485,0.08101758999683434,0.5199117802807329,0.4463958508779751,0.4987931674712217,0.2646979351409242,0.8300024856629075,0.6023764647904214,0.4758756889760157,0.270344099350366
1.0,0.29297000496509823,0.7485013786820509,0.08172617619168931,0.50694848340096,0.542371964938014,0.24296541510584446,0.280802165571926,0.8306933364115799,0.6095319815578062,0.4737045216327101,0.2725248490691642
1.0,0.4676246385700522,0.7549618401506322,0.10539867449648672,0.5399975789372717,1.0,0.35654355159588325,0.24338120059543406,0.8299908541875697,0.6081966506248856,0.4700330318059245,0.1850653077152632
1.0,0.26093051783054394,0.7576329418175849,0.11133131467395384,0.5137264910964892,0.4687678240192599,0.2442695268575385,0.27115338321485233,0.8299796495146873,0.6100774957494486,0.4690294375760004,0.20115694511397306
1.0,0.26242004731446644,0.7660138312201752,0.1538951914490823,0.5140701637031749,0.5346273493904746,0.1824909747292422,0.2511238080265684,0.8304317730231744,0.6149580078039423,0.4670317285748238,0.14428528797373918
1.0,0.399807237360904,0.7713214579402758,0.15673727685769412,0.513599341098295,0.5150631084027997,0.5334090313564498,0.2518705569666271,0.8316249643455506,0.624380070413209,0.4671335170398196,0.17618162201868556
1.0,0.4291597301323049,0.7733390790351904,0.15586550748503647,0.4757991922723428,0.4666220802000317,0.5576906280024448,0.3324162732315069,0.8327883524594163,0.6360827362498431,0.4712219782047704,0.3490002984183826
1.0,0.2943719150676129,0.7756417842522081,0.15631155502719907,0.473271329630574,0.4000183745176335,0.3785856971634034,0.3437796304575312,0.8323261668077554,0.6376630646469871,0.4686191784019961,0.3678465670408376
1.0,0.25903209790005577,0.7795162119874488,0.17485085655490534,0.5096628549959481,0.4825776830741543,0.2916309012875536,0.3017307871814649,0.8318760801380121,0.6365266536639035,0.4645027227565596,0.23383375800564696
1.0,0.35258039078244063,0.7841145351167182,0.17572016286185227,0.4994591044846824,0.5064037313772537,0.3015736766809719,0.30960604080589943,0.8316726313466737,0.6321871296809844,0.461578870551326,0.2406170373941192
0.0,0.3805017669908585,0.7862699798818893,0.1490527641758268,0.5099186197339217,0.4338032972256455,0.4994277539341914,0.3012738947378765,0.8322055156165339,0.6395679057390987,0.4607541042754956,0.20625301287790124
0.0,0.5189695960746521,0.7872702174812958,0.12750638257867286,0.5120831109394464,0.4112988428426719,0.6253934191702438,0.3662803550987722,0.8328107237175363,0.6489234016388534,0.4672014061499866,0.3660675343755021
0.0,0.5545722713864305,0.7874769384975573,0.10808335842497696,0.525694932498852,0.450961159948323,0.7227467811158798,0.4126623073559682,0.8326174847032818,0.6543286212277091,0.4681008703250539,0.4613089089364827
0.0,0.28680744180612705,0.788112055290356,0.11085575252988468,0.4773523031046832,0.4250346357046319,0.4461373390557933,0.4330750826582296,0.8320144946032503,0.6521432820053497,0.4664245750327845,0.473532584991851
0.0,0.21498875551271926,0.7956424121704941,0.14087661022289227,0.5003210921776471,0.4726651827552334,0.31441528992549395,0.3956786817916079,0.8314224655184982,0.6560913751407671,0.462851311418095,0.3861074765282464
0.0,0.2262332427933061,0.8029794215612194,0.16683085227189076,0.5048444066421239,0.4181442436433205,0.38118107435076504,0.37386083940476256,0.8314384935502751,0.6640086525205798,0.4607337279016965,0.3253563804145722
0.0,0.24156663453956034,0.8103043470031104,0.18394785402570268,0.5104649935410632,0.403640688780352,0.4506864988558352,0.3871500228446221,0.8314263947884325,0.6690732659837266,0.4583786674418077,0.3417234809356564
0.0,0.15435614357895944,0.8151570826814565,0.18114002948803626,0.4865730751195829,1.0,0.4196275792652233,0.41231840981778334,0.8311872464570479,0.6730798780294498,0.4572339805382132,0.3888506301218923
0.0,0.04576652355500993,0.8197554998595169,0.1688181240861868,0.42693236089457975,0.4580983442350335,0.20441588559281065,0.365494303582921,0.8306742291605697,0.6661346028371229,0.4525865217895476,0.2592681863048921
1.0,0.0,0.8282624130834293,0.1589673907359062,0.4506336530031578,0.412081313737944,0.12667955089269273,0.3342634942937572,0.8307060088057557,0.6628143400645923,0.4493722073991333,0.16352179601955816
0.0,0.14740500598732453,0.8400979724127849,0.165500009790846,0.4463281547083304,0.3549196876433129,0.22776893960173344,0.2975794526133755,0.8312542442896081,0.6568379067379333,0.4454429172581639,0.07665909143080131
0.0,0.20453284266479746,0.8452140556972101,0.15938069331733268,0.4670699784093045,1.0,0.2863802667296115,0.32591169693783817,0.8321744223657753,0.6623979485457232,0.444815373275825,0.0998024543549837
1.0,0.10765501328893927,0.8481879107916728,0.15028174457273735,0.388193129724858,0.411562900019947,0.012156261064557684,0.3822912419122666,0.8322310982768634,0.6656008019040246,0.447185073062728,0.2216749357403308
0.0,0.2769356581675866,0.8570972371992052,0.1798597388712072,0.4099727622840244,0.4605189917759939,0.2625311175402006,0.3409400193565185,0.831890691074724,0.6688758037150165,0.4427929930275567,0.10664829566506076
0.0,0.30844942901369765,0.8591549687701567,0.17960519064453107,0.4340906406799377,0.4345989322278566,0.2387135840678182,0.45003905693469387,0.8309999833297276,0.6654798723161846,0.4509825815329898,0.3766361402725041
0.0,0.3121002365723303,0.8630124900751481,0.19795321085985654,0.4360108191674141,0.4140275659179696,0.19706654107515295,0.4784646448766634,0.8301137917007443,0.6626865798164486,0.4542053122123085,0.3841343674920189
0.0,0.2340605741990132,0.8678551614260028,0.2125385124855257,0.443662971215522,0.4706972612762895,0.14815313193837046,0.4680985905113755,0.8304458033972809,0.6654753473102528,0.4531509518921363,0.38315297797692016
0.0,0.37127252548263656,0.8746855172651331,0.22717733573079865,0.4730237734649589,0.4488572948369219,0.3478436385655645,0.4555414175456524,0.8316525515632996,0.6764579676157169,0.4514858278641203,0.4220641457631346
0.0,0.4082186979759924,0.876005470650014,0.21394012723570494,0.44606272160806937,0.3981582958563253,0.3847809997981557,0.5116605829554554,0.8331778291159583,0.6914522119781914,0.4539123935728594,0.5193227671700156
0.0,0.3399924063202784,0.878925483194051,0.20934646950558794,0.393206523718734,0.4398772270632117,0.17863150104285794,0.5041783550889466,0.8341653465252828,0.7010026364227163,0.4529695491850792,0.5222763010108572
0.0,0.3398463740179326,0.8871003569256608,0.22874054251063325,0.3945102889754111,0.3855942538495187,0.3004104151248059,0.4235785977823521,0.8354613683644995,0.7112163452660313,0.4480288311611716,0.3953887432921504
1.0,0.2406612342650191,0.8935822835326108,0.22444001345679848,0.3494126063989729,0.3869080966601782,0.09991253448159806,0.4468408098295741,0.8362112323621831,0.7156530970186332,0.4468875879706666,0.4392965597570613
0.0,0.2755921609860106,0.905060252354664,0.2520021494462433,0.3371350162742368,0.4034185117356908,0.004886850612736569,0.4198202889721884,0.8354025042921586,0.7168241144285982,0.4441394208432072,0.3502121552477224
0.0,0.37670492712988135,0.916081649251636,0.2736576869038507,0.3956037734116885,0.5306115268565516,0.10962746858168754,0.4500980107983826,0.8349455176501007,0.7204120186059773,0.44385341901569203,0.3832210158492447
0.0,0.4517071176144167,0.9218340181967022,0.2869759811170707,0.4090437092232754,0.4851628207238543,0.2302513464991024,0.5292190086907821,0.8350060557091928,0.7271634238219865,0.4489660459210631,0.5497004867090979
0.0,0.4791027775343907,0.9255739671232948,0.2840554001688586,0.4298761578558145,0.4770543214299303,0.2236373596274984,0.5364261185267428,0.8347403242680648,0.7300744945105558,0.44977919534610733,0.5661113191064521
0.0,0.4873974123076023,0.9299316161655788,0.2962157794854325,0.43662903795723096,0.5063141280516296,0.3501780334155018,0.5721472471002067,0.8333473278386568,0.7270792995271532,0.4500718873346996,0.620699696326802
0.0,0.5439119133152256,0.9339818426797089,0.3263937015235396,0.4861176505664192,0.4850678306289993,0.8221035332785537,0.6298286898977641,0.8322829278677287,0.7286070705694452,0.4528829390865109,0.6851678522401093
0.0,0.4968895119600461,0.9344366166068984,0.3439792198882829,0.4935611002847238,0.0,0.7688304574089306,0.6594284422915369,0.8310489788569663,0.7330510991858749,0.4559083935686216,0.7827173179405044
0.0,0.4396448494406964,0.9358915331916179,0.3648865536618549,0.4493875045313536,0.5013097078740336,0.7467591986382094,0.6590992832192739,0.8304756412158801,0.7376211555496627,0.45604524584598,0.7646146252027363
0.0,0.36928648617074056,0.9372878192858104,0.3804759942863977,0.4533897565267812,0.5353741418888976,0.5500247402276096,0.6700057480017095,0.8301891913318368,0.7426128947796172,0.4534900024822166,0.7794780652870241
0.0,0.34028447092496805,0.9367128550370392,0.3813350901815572,0.4372140548471714,0.5312807259400464,0.4734299516908204,0.6512928091024763,0.8300150423975364,0.7459063899836431,0.4509365620183439,0.7837364940341439
0.0,0.3563188177224803,0.9353905186293124,0.3766660327333095,0.4492907057175101,0.5319480982708845,0.3607085346215776,0.6452598637183182,0.8293773472333331,0.7520820396907055,0.4504481990039925,0.7627793869057621
0.0,0.3254183825462196,0.9336348682168232,0.3442315261357057,0.4836779466724239,0.5645692314028044,0.3592677345537766,0.6518872605613389,0.8270844792288546,0.7502186584104489,0.4513848041995885,0.7443924910289745
0.0,0.340576535529659,0.9322999590197472,0.2943194518809857,0.4944606088139962,0.5464914452125346,0.2378167641325531,0.6848277318974789,0.8248258060109067,0.7502728967633586,0.4513564594413224,0.7684537458999735
0.0,0.3643798008119391,0.9320643557168956,0.24955096450172906,0.5124424672556768,0.4944632141743681,0.12310878962535887,0.7011383008513921,0.8229923914715697,0.7444725691475337,0.4493944432938221,0.8015419760137066
0.0,0.4194631852565786,0.9337325121718144,0.2347140945014291,0.544292173582144,0.5059786083110367,0.29827089337175705,0.6986966283302791,0.8220688933725141,0.7423926461279964,0.4492341337409209,0.7912805585748235
1.0,0.3816116124886823,0.9341515383478319,0.2627598713971276,0.5122318637581819,0.5293541214200388,0.14247118155619545,0.7047787019341782,0.821421345293062,0.7380917585215304,0.4498898348481637,0.805042279987473
1.0,0.34744005373988684,0.9366055911307982,0.3004506610410135,0.5380698202088368,1.0,0.0779899135446673,0.6760927344275824,0.8209351374835744,0.7392894071323248,0.4509272178503054,0.7541681251266555
1.0,0.3439936914045387,0.941250210536032,0.3451542478906934,0.5338669626228802,0.497331318822307,0.012427953890488851,0.6744076364904762,0.8194575858601573,0.7326311717714961,0.450675777549527,0.7552734842762657
1.0,0.3730249131107803,0.947494087159538,0.36649584697378856,0.5525642985283499,0.5081708194731822,0.13571968265961565,0.6858446860461118,0.8180067851840979,0.7346724323311381,0.4523763198615196,0.7247103037895399
1.0,0.361342328923158,0.9538470939924076,0.3909769004358872,0.5457472728082962,1.0,0.17500944465432736,0.7137102122830374,0.8164078689244242,0.7362695979844923,0.4555124039700471,0.7882424318127067
1.0,0.2548555740529799,0.9590618667620384,0.41536150627011137,0.5290190802782103,0.4829192460283017,0.07546278806195694,0.712344447774246,0.8173974277522168,0.7560276948151105,0.4554625601641902,0.7796325871467958
1.0,0.3363123923011767,0.9664250678186316,0.4538900248024345,0.5300827357612626,1.0,0.2491499811106921,0.6434126426560677,0.8179526269853415,0.7651698393141629,0.4508581243797043,0.7299006968174798
1.0,0.28140424661935204,0.970735286302936,0.478845412512652,0.5326018470404449,0.5494065157894368,0.10814129202871206,0.6671513984347748,0.818826763367475,0.7782656284620805,0.449779097499933,0.7566402869353412
0.0,0.2538917608575013,0.9780777733830309,0.5263525843212702,0.5181645200655721,0.5001631890449711,0.13203626747261055,0.6727078000874481,0.8166566104109972,0.7720072118724725,0.4466043695535093,0.7653125864330259
1.0,0.28172551768451204,0.985401786538148,0.5805060354915328,0.4819110379538729,0.4088608435558427,0.18809413936317568,0.6955917248426667,0.8142126296146052,0.7686272111974437,0.4494663609167723,0.7499486978167573
0.0,0.3418908262507666,0.9906348784612848,0.6197109436483925,0.472193450196319,0.3608107525743721,0.2459118194990681,0.7183724803364301,0.8136687431832025,0.7714031494012926,0.4482867598655946,0.7675492610837439
0.0,0.4306200531557577,0.9945315629588029,0.6462951846491626,0.4943404936617719,0.5366909738838553,0.10756327251324224,0.7016639728026173,0.8143395713411558,0.7833493732679059,0.4451857615706532,0.8196516537649541
0.0,0.4890329740938693,0.9973971068235477,0.6756019536065327,0.537752881859575,0.5615135135689979,0.40906415538552,0.7292985964067622,0.8156534848147258,0.7971756602377739,0.4482400609823624,0.8701090781140044
0.0,0.5464820818365022,0.9983349819452684,0.7146064219457621,0.5874916979380386,0.5460975625162342,0.7422012948793412,0.7368889063567003,0.8142908948602979,0.8020195569397587,0.4489444609617424,0.8925404644616469
0.0,0.6000759367972198,0.995811282826065,0.7185513940419701,0.5875489728761152,0.5437147127270892,0.8924367274867577,0.7484045610639205,0.8127836148283129,0.807410615885722,0.4503575316018583,0.8847202674173116
0.0,0.5620491252665086,0.9914538858099068,0.7154156488235638,0.5568192203097255,0.5303576331219855,0.6159505591524408,0.7677365155318867,0.8111910073457985,0.8173074506890144,0.4486743756660557,0.917690007037298
0.0,0.5842168287625225,0.9912158657669836,0.7237146443483738,0.5818511422289396,0.5261433859136999,0.7691288993525596,0.7575571484016133,0.8105731309965917,0.8308747801130391,0.4514633558599146,0.9041959887403236
0.0,0.4604690557551328,0.9917447271456854,0.7657869662526926,0.5051404755888652,0.5638560361823521,0.481901118304885,0.7403180560946011,0.8097620554332253,0.8423921946636425,0.4531521204623098,0.8940358902181562
0.0,0.3196939162942845,0.9944455524323392,0.8009821589144078,0.4253458299859976,0.5446450592927397,0.19624885635864675,0.7272057342458081,0.8091912020650046,0.8463311292306946,0.4521164257007679,0.8583743842364533
0.0,0.3493384736703757,0.9975086424509784,0.8265468837652015,0.41130453513301096,0.5798838443125098,0.20299634034766684,0.6886400817493576,0.8083744389542961,0.8442654336323324,0.4519899566277074,0.8029644616467279
0.0,0.3886211630012559,0.9956712767405852,0.788022284916982,0.453370195555093,0.5215659358342422,0.15336230558097064,0.6840858957793947,0.8089592258088231,0.8523804080194325,0.4552550331785995,0.7993314567206194
0.0,0.5395893571658053,0.9941835618715492,0.7578713005180682,0.5270180340097262,1.0,0.20528362305581008,0.6523490658269016,0.8092160797263915,0.8681767066803713,0.4550849986644899,0.7835151301900067
1.0,0.5600922924150817,0.9926456678278954,0.7234529922615216,0.540572432279072,0.4940226226626512,0.23976667001910795,0.6339112449582165,0.8098406648254136,0.8939392663442302,0.4533367998454878,0.7491115411681915
1.0,0.5805076082829523,0.9957112007392408,0.7439932472008771,0.555841573453343,0.5023567499323279,0.32233732273961513,0.6230342571076251,0.8096198836171152,0.9010877794088278,0.4556973965144484,0.7472290640394086
1.0,0.5640059581179356,0.998747070231403,0.7654809357547874,0.5430003449667011,0.5511218855210336,0.4044051091219954,0.6258050887010005,0.8098791934458135,0.8915561193777216,0.45222514088121,0.7501935256861362
0.0,0.6392125938257549,1.0,0.7978472695465811,0.6028202310872666,0.599070014510265,0.6650910188072017,0.6070282831161048,0.8097102697444548,0.8797438823663551,0.4537982096457594,0.7360045742434909
1.0,0.6598615613773771,0.9973059705465126,0.8085909736894591,0.6157308463944373,0.5782557178496518,0.6089181286549714,0.6333364447872505,0.8090891971423463,0.8736134241901269,0.4529696882143196,0.7823715693173825
0.0,0.6480621513478779,0.9952245284595054,0.8331461842685501,0.6047752541498039,0.5691353873778199,0.6442799707602335,0.6451124790590962,0.8075760569479297,0.8782919047322569,0.4543527381255668,0.778764954257565
0.0,0.6921931131166217,0.991781325729781,0.8342933656070562,0.5932071406131396,0.5287929428266637,0.7534722222222221,0.6573797955283491,0.8061648250926355,0.8802220137192162,0.4519505822921326,0.7883180858550314
0.0,0.7700867431875928,0.9856006356289808,0.8259780033182658,0.6344089474229014,0.6115691315995039,0.745563630218015,0.6850389832423643,0.8045186527558673,0.8798802552636581,0.4550006828884278,0.8418103448275863
0.0,0.7666695873127132,0.9790855981677892,0.8102502154439589,0.6333246951511028,0.5971912184926405,0.7383699566399641,0.7243071692811067,0.8031158431389992,0.8805945850178717,0.4556471080945249,0.87905524278677
0.0,0.7131925581938728,0.9738974493931708,0.8061935646023981,0.6541166719557506,0.6149560393135176,0.6048357463070485,0.7187704189163295,0.8004911265580549,0.8715762922042795,0.4587505003057434,0.8765130190007037
0.0,0.7502555565291048,0.97030672758758,0.7967430564945504,0.6274710796772005,0.5874229312836209,0.6084368339825097,0.7379107733273067,0.7981208222655057,0.8663990903787603,0.4610725025655752,0.8676020408163264
0.0,0.7992055842752422,0.9646470357324052,0.7643537663472522,0.6073111401304335,0.6436066385650111,0.6737354085603119,0.7376749578725513,0.7949528446981329,0.8547560550320726,0.4613441038685964,0.845197044334975
0.0,0.848476883086539,0.9603708290703414,0.7458404523256705,0.6307655261596671,0.6353288474225969,0.6527447718631179,0.7467587657026069,0.791916423785132,0.8394876851906855,0.4625641491827127,0.8332160450387049
1.0,0.7561844680043229,0.9564683811825724,0.7430093667903998,0.6019636867090975,0.6732712411792278,0.637195638664482,0.7496671563112569,0.7898965741105334,0.8289011870371831,0.4633981908019013,0.7989481065918657
1.0,0.8021554367826162,0.9549614737775808,0.779222866206702,0.5752989583692731,0.5905067680919053,0.6678208180047607,0.7410107639929452,0.7875925318262597,0.817763385783486,0.4620230441099832,0.8114792426522477
0.0,0.8759309559274517,0.9503706416410668,0.8062288812576877,0.58473535183199,0.0,0.7914412464834456,0.7554790247065817,0.7869645945396312,0.8219164590711435,0.4640040304586104,0.7926770187919119
0.0,0.9999123806185928,0.9438835249735812,0.8303359149603073,0.6540210323252319,0.6154987345560943,0.9895218662107754,0.7697360340753329,0.7861357998053357,0.8251400619635222,0.4649870416545063,0.8524721565980422
0.0,0.9261952743946968,0.932359654515094,0.8077286793468861,0.6312961550473588,0.6302104888193665,0.98664111053029,0.7896575271801876,0.7876419342194653,0.8402430954815815,0.4670263753182418,0.8975869051636853
0.0,0.8547854785478552,0.9236815004926676,0.7954204429484277,0.6383761513873027,0.7203602824992348,0.90025454330196,0.747520253108588,0.7871845109677412,0.8440071001743726,0.4650679842651831,0.8903476206547418
1.0,0.6294284295686208,0.9154859031909252,0.7733427079921009,0.5377976706548727,0.5981323088964896,0.9083275623268704,0.7456189910046227,0.788100297855795,0.8555333151981833,0.4654927968184298,0.8446760040499492
1.0,0.5906714565261838,0.9140588840906904,0.7981396859795422,0.5641973336021124,0.5696688635018052,0.7947541551246554,0.7186770752988221,0.788246893624761,0.8648738471665273,0.4614339633236485,0.8656176172797836
1.0,0.5515055930371798,0.9119025774128612,0.8064276205569039,0.5339838683204247,0.0,0.8053150969529085,0.7022977268372728,0.7888098083965981,0.8783150078325593,0.463067662241887,0.863609517381033
1.0,0.6075527906772981,0.9098595668677264,0.8265617299105885,0.5243973465651677,0.5576622006920401,0.9248614958448768,0.7237028921782959,0.7879216923689382,0.8846255687409016,0.4616332997429277,0.8780037124535941
1.0,0.5937673413359036,0.9030140541888548,0.8025738381310764,0.5132349376299391,0.5277296753685184,0.9495962374656132,0.7354297982304017,0.7853745913167397,0.8815731074012237,0.4628315827786735,0.9029109011137364
1.0,0.6163731417389527,0.8960631166452768,0.7840397518032505,0.5279046915088201,0.0,0.866532528504359,0.7507135873917337,0.7839821965925061,0.889809232631286,0.4647518034603311,0.8877489031387108
1.0,0.6370221092905757,0.8891350184041713,0.7487829961927991,0.5443572440600488,0.5400753893492679,0.9423205902079144,0.7131403249340453,0.7812824537018513,0.8902212384973475,0.4643382284962299,0.854463381707729
1.0,0.674172727007214,0.8823524956750939,0.7156273925415906,0.5656750338100369,0.5948837908322671,0.992389491242702,0.7484045610639207,0.779812182538235,0.9016540706578638,0.4644862967607272,0.862867026662167
1.0,0.5755717164636818,0.8745728667513812,0.6771086240201905,0.5543410356111839,0.5685625721774715,0.6852861035422348,0.7509985310662297,0.7779835167060919,0.903488780498914,0.4646800481024967,0.8725531555855551
1.0,0.5842460352229915,0.8709445584590825,0.6558582383852782,0.5602685526039952,0.5594504451526279,0.6400125759798797,0.6930075804843059,0.7779484618400346,0.9172628291827288,0.4627172367660234,0.7918157273034089
1.0,0.6085750167937146,0.8673509617049731,0.6539908589671721,0.5261823607258496,0.5648429448413602,0.6414797736323621,0.7033687220276199,0.7776891143417081,0.9224657282184541,0.4634574386610405,0.835791427607155
1.0,0.5679488302812579,0.8645108249689653,0.6739896217657149,0.5490667856419691,0.5805550538697307,0.5136239782016344,0.7065620563107655,0.7770084212788736,0.930733353226659,0.4639699529716567,0.8235993925075938
1.0,0.4910774263267033,0.8638797256788928,0.7087104926609,0.5416207171827656,0.5797896484310097,0.3691050094319849,0.6865668708762998,0.7783126188570614,0.948190393014396,0.4657301091467372,0.7970975362807962
1.0,0.4061450392826893,0.8653136428688817,0.7518883861309276,0.5192957764210938,0.5880320798121454,0.10700062879899422,0.5976497059676047,0.7794602291066853,0.9643283717850072,0.4589411965982269,0.7539402632467094
1.0,0.475685621659511,0.8685761739921067,0.7931545457253425,0.574294505487542,0.5772895767360432,0.37769859568224623,0.5778166436582839,0.7802158020557205,0.9723774268804052,0.4573061642114344,0.6913094836314548
1.0,0.4906393294196678,0.8661679253268808,0.8022444358873506,0.5882535839661788,0.563864072799989,0.2422972123244613,0.6134444286142402,0.7785091479164422,0.9686560750136732,0.4574535872771444,0.7343570705366181
1.0,0.5858231840883203,0.8638342669040937,0.7944719163864147,0.6621086761701903,0.5565292666428422,0.21704045273527586,0.5984701472372744,0.7773373775145612,0.9698668208405284,0.4560778196464077,0.7037293283833947
1.0,0.6228861824235523,0.8619439511783664,0.7880903964796737,0.6851346362935712,0.45686110681392,0.31532917645153496,0.5886887186869009,0.7760793250918064,0.9728619437853242,0.4588746726866637,0.6888288896388793
1.0,0.6961359852799439,0.8644133806688652,0.8054526734316659,0.6948598625239604,0.4660424600458086,0.489625018526752,0.5861537025482808,0.7747862233748392,0.9723164979352568,0.4588806577440934,0.6579311508606142
1.0,0.6688279447413771,0.8662770384934892,0.8303559319719096,0.6688524147921306,0.5331290483127995,0.5505382559063652,0.6331251934423653,0.7736557888632035,0.9705744382193109,0.4603432279898161,0.7298768140398247
0.0,0.7524752475247524,0.8682480555152491,0.8587005390388587,0.745128621766312,0.5872597622029373,0.7673578498663389,0.6196787996993354,0.7725137227798652,0.965703687230732,0.462735350153608,0.7112807964900442
0.0,0.7514238149478667,0.8643688054446177,0.8615378333690507,0.7439418359306907,0.0,0.7684415865905647,0.6810448589774449,0.7716330200163791,0.9624802877083576,0.4658150156880052,0.8018140398245017
0.0,0.8252577470136395,0.8605783747425855,0.8475934130247786,0.767479782256621,0.5905573675970863,0.8741420417599879,0.6972817356017469,0.7697535395064047,0.9512693721743904,0.463848496315374,0.8291765102936214
0.0,0.7841350506732092,0.8531652608174674,0.8004091200954921,0.7665368180223092,0.5828798064154935,0.9550598926063606,0.7302418582257835,0.7677476362221841,0.937966252428042,0.463775359388809,0.8631370232872091
0.0,0.84038669353661,0.8473954637584917,0.7556451849612941,0.7627454200374777,0.5023177122673986,0.9954564229657152,0.7324821050459593,0.7657323115600038,0.9255618312296421,0.4641898157518994,0.8515693553830576
0.0,0.7354478810712929,0.8396333331308381,0.7331733387927242,0.7327823104000905,0.5740122173617802,0.9347002234962588,0.7469798426914405,0.7634584289089689,0.9190125294592076,0.4657244068693556,0.8819946000674994
0.0,0.7296357954379509,0.8357171221382105,0.7302301095292343,0.7263771303294866,0.5365030784183846,0.9428626955592256,0.7740249276586961,0.7606242936330628,0.9144570862588008,0.46500994963044,0.8936044549443128
0.0,0.6809778322965044,0.831847218631192,0.7551405167690848,0.7416367363835324,0.5374612334166137,0.8278922668843104,0.7991392735901427,0.7570855118706127,0.9033127350595046,0.464072089353639,0.902708403644954
0.0,0.6290779520429924,0.8293360624803485,0.7815049588816109,0.6931359853687711,0.5033184312754067,0.8682921852683141,0.7967860318645632,0.7564684918889516,0.905829263419162,0.4641989180089681,0.8784864052123793
0.0,0.6171909226320862,0.8263685766714786,0.8118913894709698,0.6865420846118435,0.5039841735414796,0.7939196082432176,0.746621206687333,0.7562439338994519,0.9116807487596332,0.4570103024475989,0.8847429311280954
1.0,0.587166681269897,0.8215845627782654,0.8135563386264275,0.7120943748841898,0.5384958082541964,0.7103652315853921,0.7479427557983579,0.7558106569226023,0.9164373994814996,0.4574112172180181,0.8666583134945495
1.0,0.6404100587049857,0.8159591152358534,0.7930901011791921,0.7001713068668752,0.5413127332557103,0.7278106508875756,0.7627893038039978,0.7532406445618881,0.9110668352307141,0.459169569196796,0.8613289896838323
1.0,0.7656765676567662,0.8093889195535862,0.7773645596469682,0.7337867178223353,0.0,0.8570562683099316,0.7659531611552991,0.7512394256835307,0.9056372268162364,0.4556960320160098,0.8659566470367119
1.0,0.7750226350068634,0.8005259232779759,0.7490352515069431,0.7419840678098782,0.501671069606373,0.9079115658688108,0.7907923890561974,0.7492953615396712,0.8997662799127085,0.458348387561993,0.9120995698116356
1.0,0.8056310055784339,0.7907556732806613,0.7127568436564907,0.7185131386941709,0.5894728648370282,0.9552002974254118,0.7957346879621124,0.7468468141597314,0.8949986643862571,0.4591964034748742,0.8935471745395317
1.0,0.8250825082508253,0.7796416761522578,0.6621253897302489,0.7287511975497164,0.5965956468642319,0.9736907834485048,0.792570830610811,0.7443783081597394,0.8916472951730253,0.4591376163080678,0.8740675771624272
1.0,0.7235900581208565,0.7711212884809868,0.6241318029554462,0.6844048630301597,0.4966317803984435,0.8353890803555227,0.7768498002937869,0.7422794776830987,0.8924870700363537,0.4615371143499717,0.8484400451071298
1.0,0.6148544057945621,0.7669653347622025,0.6201757865970062,0.6443115766907129,0.4711341097643997,0.6310538726646107,0.7453733499059195,0.740579811774717,0.8912077113298249,0.4588766913125453,0.7811552437037967
1.0,0.6521510558135457,0.766763821318478,0.6240638133492329,0.6691496636721778,0.5087335973799375,0.5458008343914375,0.7543687269404417,0.7391818890559144,0.8870108501748807,0.4560805496501785,0.7954141085077058
1.0,0.6613218844008293,0.7672538879963209,0.6403512127514753,0.6759736020794542,0.5086282648987611,0.6910030836205321,0.7402885791627569,0.7380210727262452,0.88781626737308,0.4585025421264403,0.7755299293427546
1.0,0.6306843073687903,0.7658364451782536,0.6439695623465076,0.646871800962272,0.4951641949444378,0.7034282604752403,0.7533615984357571,0.7364047909095358,0.8821645841919373,0.4561770238176062,0.7966771097187038
1.0,0.6915213645258333,0.7634595892837597,0.6313693454119214,0.6361404795693824,0.4782473647745737,0.7080536912751676,0.7637718681988118,0.7348533637801417,0.8795393012620688,0.4574850778382789,0.7924244054664799
1.0,0.6614387102427057,0.762844245339533,0.6326359448796182,0.620104038034901,0.4750772585381046,0.6114638128060937,0.7584365435349718,0.7326991610095134,0.8715827712639473,0.4566798578973828,0.7956148182123464
1.0,0.5373988726306261,0.7649633235409117,0.634870412060911,0.5243338220835121,0.42647170430596026,0.6903682205695623,0.7630840731224421,0.7318442435561171,0.874365284853056,0.4575135710715771,0.7773746242618329
1.0,0.4851777213119548,0.7674648791792726,0.6517156520649597,0.5415375896161081,0.4239282673067459,0.5600399056774901,0.7413890512849484,0.7302290784038875,0.8758424662633372,0.4583339617046509,0.7741607737950091
1.0,0.4836881918280322,0.7679135402703465,0.6252163754902199,0.5407712217701807,0.4431700328782272,0.6654271721385809,0.7471812683923775,0.7283051862203817,0.8776601837351165,0.4592243863072604,0.7603023652767621
1.0,0.533017903560267,0.7669892064612382,0.6027857678266589,0.5215586121178293,0.4454684852669616,0.6910937783420992,0.7939120310097321,0.7258171762608464,0.8754172790584093,0.460818270607445,0.7980283956536929
0.0,0.5237010426706388,0.7624742544098662,0.5549618728272256,0.5156275359368353,0.0,0.6981679666243409,0.8020329257328702,0.7230383733834632,0.8700763310857057,0.4616067925613563,0.8247556493861914
0.0,0.6843073687899764,0.7579768986742377,0.5004002170452071,0.5606695876554805,0.4705236319191974,0.895247596589877,0.7984072631160062,0.7207438884332623,0.8604330946398691,0.4617606886211529,0.7938773295295976
0.0,0.7042845877508109,0.7493148440503561,0.4241463410285175,0.5705233524283626,0.40901323684314334,0.9406028368794329,0.824450132400552,0.7183740293797499,0.8512630509560221,0.4609510941393451,0.8206560256370748
0.0,0.7067379304302115,0.7415787806304854,0.3769153171373572,0.5721063725358108,0.4666549828687445,0.9611899133175724,0.8147718731116341,0.7160328222777733,0.8437383896351233,0.4601095907690204,0.8088527402413698
0.0,0.6942083588889867,0.7342136822582139,0.3302048247482177,0.5674661350429058,0.5254818699482228,0.9044856058915428,0.8564866444934633,0.7143376583176412,0.8465301831801456,0.4611187515828205,0.8530054603765932
1.0,0.572125354128333,0.7271239965745708,0.2796775841663533,0.546749303004471,0.5062398831579162,0.5657219370676181,0.8212174955416139,0.7130819408378174,0.8527956774125166,0.4614943698845431,0.8083552700069899
1.0,0.6225941178188616,0.7241262790046212,0.2567575486362048,0.5254995344862101,0.4887753479819301,0.5754295916090164,0.7804705500886765,0.7127829694549627,0.865816409767386,0.4606398535750033,0.7700144261514897
1.0,0.6275008031776629,0.7211598199784929,0.2563942518513445,0.5286415831640396,1.0,0.4810310198616382,0.7634623604144455,0.7126001466195261,0.8751999918324463,0.4625420857758651,0.7531417778372669
1.0,0.4890913870148073,0.7197589642657953,0.2717052370975657,0.4943975045656186,0.5673867836809885,0.21970195047118074,0.7447985497349532,0.7116770440393948,0.8780605646164369,0.4644129841475014,0.7300673716146879
1.0,0.4969187184205144,0.7220945106036138,0.29174633236895786,0.49917480136843,0.5449214039565019,0.21696252465483187,0.7128259043277048,0.7104202411547013,0.8811470759702106,0.461453483386845,0.674534124540817
1.0,0.5720669412073953,0.7228262640128416,0.2960366366954069,0.4949766957105837,0.5088950086532816,0.4380198019801981,0.7099420778289256,0.7095665368082703,0.8869172400002022,0.4612952653644205,0.6628890971013846
1.0,0.5249861269312774,0.7231236217101529,0.3042848484101993,0.4668745248344651,0.481477081105821,0.218514851485149,0.7154493512618583,0.7090125674123072,0.8978477421953975,0.4617151285749668,0.6828403158881006
1.0,0.4909898069452962,0.7251906373593839,0.2941564389113406,0.4454728721579357,0.468865832040252,0.3602556653108662,0.6916221646876182,0.7088166829055694,0.9014132630428552,0.463092616204305,0.6493627210398727
1.0,0.6189725167206988,0.7266669506142072,0.273698756584408,0.4698687149136119,0.4865651124923268,0.4751113693588994,0.6990749156222825,0.7086073005518746,0.9051918951344614,0.4638058047441489,0.6700575558827468
1.0,0.5544846520050234,0.7274001145955185,0.22984470927674155,0.4853072517524057,0.4481872146233177,0.3434939652894019,0.7029413065158756,0.7081134006158846,0.9063284405537868,0.4641567075681794,0.6816728386799329
1.0,0.4157539647770089,0.7313354438427928,0.2251981168732439,0.4586648559770234,0.4626075863464731,0.34041053651660635,0.6636485563672627,0.7072659135433651,0.9104302984834246,0.4602838481332465,0.6174839007123841
0.0,0.6456380151289466,0.7380462803346715,0.2577209855968895,0.5332482576584873,0.47387412021005393,0.7912078230992861,0.6694456862966656,0.7062905189539167,0.912998208802096,0.4571962655257187,0.6243846577135295
0.0,0.5782002979058964,0.7368651366383845,0.26483520676922223,0.49197451804646203,0.0,0.8221302087921764,0.6954983812251596,0.7053710461752908,0.9220234698518244,0.4565931040177682,0.6545308526301701
0.0,0.4943193434387688,0.7371216936063978,0.2851278686751557,0.4504434856732475,0.4625150180525606,0.9289930402607705,0.7121184579634385,0.7040247922190799,0.927590041899506,0.454813910249543,0.6784083641933996
0.0,0.44799789713484667,0.7346264255608717,0.2836047347713154,0.4781702174827299,0.4364062829207873,0.7328789093825185,0.7444153496209754,0.7028426514527774,0.9345919886979812,0.4549567298841836,0.714719136215589
0.0,0.4471217033207745,0.7332243929477866,0.2887134772478355,0.4778756460697237,0.5171109491961525,0.7647153167602234,0.7938923797218357,0.7009120309541589,0.9329669309354476,0.4609625164895775,0.790657207870432
0.0,0.2496568240894881,0.7318107063897243,0.3015819908497582,0.4317777316756129,0.5337331382886416,0.4587427051783997,0.8189035563918269,0.7002668140659829,0.9434565395401644,0.4602233794049602,0.8056038905992058
0.0,0.17298986535821734,0.7349849073653256,0.34022763052804283,0.4459417057448372,0.5222962327351005,0.3011399803252125,0.7455354730310635,0.6993830154269814,0.947286458323412,0.4549836871021323,0.7430657802763274
1.0,0.18166418411752636,0.7372698021699238,0.3636670517720629,0.40046819387438376,0.48607123042146,0.29854341736694656,0.736112680484797,0.6992532814278062,0.955772709073717,0.454144843233688,0.7242374217344101
0.0,0.1721720844650832,0.7401520301630842,0.38820091485174396,0.39209363855893786,0.4998800825671975,0.2300280112044815,0.7535188087389275,0.6979066588310355,0.9558982798674032,0.452456303819388,0.7450289266645845
0.0,0.1295890651012001,0.7446180108649436,0.4288596368814771,0.3800072806898248,0.481438559258636,0.2706185567010309,0.7241008307581958,0.6961279257807672,0.9577949976333898,0.45338593057446896,0.7005978673091507
1.0,0.09652735185022954,0.7469485847595982,0.4323895735128748,0.3547888267643276,0.4510758560338107,0.18587762669962926,0.7394091840293979,0.6949838100428537,0.9640228089633964,0.4514785380973498,0.7068144975386307
1.0,0.1587955255702559,0.7493700913783099,0.40924397923231065,0.39241451718739395,0.4753899869666415,0.13365265760197792,0.678662140320021,0.69327838613158,0.9722975547732688,0.4486724722065572,0.6261693362483082
1.0,0.26694704868717,0.7526674917969443,0.3735979968539548,0.393153076560594,0.4498765105676748,0.2505150391429753,0.6771833809058261,0.6918669987292329,0.9868477186066468,0.4488395132136093,0.6046119067802912
1.0,0.2996874908729809,0.7547131569237056,0.3318754808728125,0.4106064987464111,0.4531843002645487,0.23542439225381134,0.7428530722332212,0.6903184980780576,0.9947765258378728,0.453409783137005,0.6848555154002883
1.0,0.2854055317036127,0.7575751171637448,0.278158228413516,0.4016230660211969,0.44136846711523214,0.17861557478368326,0.7499226230539083,0.6887945505478056,0.9993481556763624,0.45424321411719104,0.7016512734396866
1.0,0.29875288413797096,0.7624957430108454,0.21742807962347604,0.4082268451421235,0.4231493415507427,0.14745570663370408,0.7240222256066107,0.6877577748218858,1.0000000000000002,0.4516758515377052,0.6582924565822619
0.0,0.40751774292473497,0.7711737450000159,0.21112111420809565,0.408852373773732,1.0,0.2736918005768442,0.6977189767574392,0.686958273029073,0.9959127423451728,0.4526937317894067,0.6204943509066538
1.0,0.21922369228073207,0.7784185712142309,0.2330268844960912,0.36559803494869897,0.3882212058317037,0.10908529048207632,0.7529489213899356,0.6863224569355727,0.982280674706301,0.4597909780205928,0.7088535880098007
1.0,0.18467244954583967,0.793847612621388,0.3043611924926338,0.3544847697714138,0.4686964139159992,0.051622909050626165,0.7207404605279317,0.6857612138771564,0.9743658550575052,0.4564938447257994,0.6561573382581247
0.0,0.24588919068898,0.8074757410588964,0.35777326936670983,0.3786132927378392,1.0,0.25963718820861603,0.7352283725294646,0.6843697629350155,0.9687068970855492,0.4579607508267807,0.6968383721700232
0.0,0.21104588334939692,0.8141375213898829,0.38704137267639743,0.3523838571040758,0.4879833297858769,0.010959619022767705,0.8268426767019244,0.6832387937931613,0.966063831882398,0.4662831692850841,0.8001486266748095
0.0,0.3418616197902976,0.8238372859233756,0.42239471949270496,0.36981911790255545,0.4514355702830715,0.027310924369747837,0.7448280266667975,0.6809784727677589,0.9571963580651212,0.46093726911585,0.690024205970806
0.0,0.449925523525804,0.8309011208641754,0.4527317694672197,0.4215358977605113,0.4769911457649914,0.342756735650137,0.8147718731116342,0.6799418837522256,0.9616747755270872,0.4666729819805314,0.7895254162693468
0.0,0.4848564502467948,0.8336785064940182,0.4736016546529048,0.39214128282533695,0.481515152483916,0.35681374463100346,0.8779360252322537,0.6785737209628132,0.9745293756588064,0.4715304719320592,0.8796554800828921
0.0,0.5209556353865473,0.8358918779074813,0.4973705244825049,0.3612733600596895,0.5385708728338017,0.39016009371339294,0.8673292425902359,0.6768605700912128,0.9817969602106016,0.4694921017578267,0.8800296454064008
0.0,0.6333713017319437,0.8371866396724914,0.5085805897005854,0.3735862750175569,0.5396800191692649,0.6584146817649361,0.8611194356150116,0.674919946239848,0.9817969883862382,0.4689320338247995,0.8682938061247986
0.0,0.7351558164666021,0.8331420286814291,0.4879572889810298,0.3751467254428579,0.5519538958029473,0.7848496680983978,0.91314130749844,0.6723598449882352,0.97217325326752,0.4722560654413653,0.9300454754777802
0.0,0.7843394958964924,0.8265248718388083,0.4510976225115175,0.3975372629517408,0.5466790656257544,0.7719694608912436,0.9162511238080262,0.6691681160927413,0.9687328891017448,0.4727762324500819,0.9266204236702736
0.0,0.7568854230555804,0.819975863010761,0.4269280932157658,0.4467269921441849,0.0,0.7085492227979276,0.9239986440611352,0.6659643249522625,0.963025872032728,0.4739355905725264,0.9233608680635504
0.0,0.8570927889249106,0.8129781577227522,0.3909221588127251,0.4657073106225766,0.5500884417042954,0.9078163865229516,0.9339471085586272,0.6631424759754126,0.9633817445953198,0.4753154266470256,0.924644275197468
0.0,0.9548468121148396,0.8045492070958913,0.3590983647818503,0.5090400877804118,0.4789524277107536,0.9990243902439019,0.958535782538848,0.6603415373645697,0.9583459346089246,0.4785004923308535,0.9861686819441166
0.0,0.7236484710417946,0.7975105585898181,0.3272887729102787,0.4108614456376562,0.44683539064333616,0.8990152801358242,0.9515595753356684,0.6578417904305971,0.9457839660671676,0.4781910581307745,1.0
0.0,0.5970092584479685,0.7959641412966052,0.32618206148015205,0.3975032955086236,0.4266786104321269,0.8016298811544991,0.905831028401024,0.6552438157395691,0.937204522251424,0.4772593682276709,0.9925596169493652
0.0,0.6200823622185228,0.7970932308606801,0.349121770679221,0.4083125418707373,0.3988469837712056,0.7056027164685914,0.8970812924652046,0.6533060113438832,0.9247854813191208,0.4763769996621151,0.9956135113403866
1.0,0.43622769356581664,0.801593125999001,0.3961107888490861,0.3780537862956717,0.4216566744846807,0.6639049235993209,0.8768257274661134,0.6509610284215449,0.921699252678436,0.478094491086033,0.994016399497673
1.0,0.2229913256812412,0.8093247368616429,0.4758959227323177,0.35551578883478496,0.44525947767038415,0.5917826825127341,0.8605790251978639,0.6487246488104091,0.9138366934275528,0.4767280615230829,0.9675953335946168
1.0,0.18397149449458228,0.8160359918853808,0.5432740008604179,0.3842859027339586,0.4883424474746574,0.3907062221055399,0.8354892433762875,0.6462072002299725,0.9081298570836224,0.4740558653454465,0.9248315232294358
1.0,0.293086830806975,0.82163792235407,0.5905995125934544,0.3735468181980191,0.4471513790424351,0.561407193489105,0.8140889908572383,0.6439587971843103,0.8929255858076129,0.4720773582002246,0.8723834966357764
1.0,0.30617132509711137,0.8230462553950664,0.6100408122568712,0.3784913329687272,0.4636229700144222,0.6311737285916302,0.8484885703196773,0.6416495610957907,0.8720576473703122,0.4733836203359277,0.9235105957616956
1.0,0.3795087473349108,0.8227520185898967,0.6092884177832177,0.4047738223880575,0.42278679333602703,0.729850746268657,0.8675650580449915,0.6397974050007272,0.8567207565440692,0.4723693616608308,0.9441663334666136
1.0,0.3497473641169421,0.8174121381601291,0.5807247145410878,0.3901960040687409,0.4884403615675675,0.6521890547263678,0.8802106618062482,0.6383929742536602,0.8479173697226766,0.4738947356477839,0.9889036732389828
1.0,0.3283098221326561,0.8139869884459485,0.5612095560845568,0.3784733968256096,0.5072424054823054,0.5616915422885577,0.8432515020953186,0.6364421955789051,0.8380701338026452,0.4729943344879925,0.9410910850368944
1.0,0.3253015567043428,0.8122789327710891,0.5476111670585713,0.37761144108823536,0.4765092807393764,0.5808457711442786,0.8177834329817388,0.6348424967638343,0.8281991892295265,0.4707973868104359,0.8720535462279748
0.0,0.3307047518911178,0.8094431464468501,0.5250169652927333,0.3794656773536644,0.4672929792781783,0.5302985074626861,0.8122565082609101,0.632366615792089,0.8197960816036359,0.4693608604423616,0.8807306157009801
0.0,0.3674172727007214,0.8069543484271848,0.4976689127099807,0.3967596489702337,0.4551973935885845,0.4900497512437811,0.8473094930459002,0.6295725948376033,0.8129610851598897,0.470822646039065,0.9051489859279868
0.0,0.3773182627997309,0.8061614842397571,0.4880327014269793,0.4011889587007568,0.4688967217417948,0.4694527363184074,0.8508565505111791,0.6263073462234215,0.8063399522579734,0.4721994442533105,0.8755400882995275
0.0,0.3136773854376592,0.8066536746097144,0.4973930342224967,0.4174205056094247,0.40441112418454656,0.3766169154228858,0.8507877710035419,0.6234080267909482,0.7999686793311135,0.4720531977539174,0.8827285125446661
1.0,0.2840036216010983,0.8104918652746447,0.5310946069772386,0.3988492995027472,0.4503091654635542,0.28427860696517465,0.8269114562095613,0.6215703318834173,0.8015111805830423,0.469924789443708,0.8246489550555808
1.0,0.2853763252431433,0.8159398831127058,0.5621701755835401,0.3523995531992801,0.4480798813310642,0.28636815920397984,0.781349945222035,0.6194077107808204,0.8036967074758,0.4681673948479828,0.7604008733094794
1.0,0.31548818598674033,0.8224755733441655,0.5924896270742206,0.3677943047022773,1.0,0.24512437810945265,0.7873239367425042,0.6184748187357493,0.8058705999399288,0.4693250781647776,0.7539330830405309
1.0,0.20844650836765066,0.8308316224523804,0.6303579649571186,0.29856861075328456,0.4531373435898549,0.015571650284531773,0.7412465794477006,0.6170803849257877,0.7995944972513046,0.4666691534255252,0.701857522855802
1.0,0.34002161278074744,0.8469369990637654,0.7107953142456099,0.3540869087899071,0.4652188884222984,0.15119947615929574,0.7077460464065162,0.6166360436915799,0.7972095387618695,0.4627765548943085,0.6380773558054109
1.0,0.4206314436753411,0.8577775205422347,0.7798244781115011,0.39815903821642296,0.34807441257917643,0.3239478540389313,0.7825339353177858,0.6157592781880411,0.7991810875698283,0.4748010222703321,0.7650742267890235
1.0,0.3677093373054123,0.8645446651891286,0.8355193175758783,0.3537019264829968,0.5211512578976538,0.039997168342064925,0.8242094041238227,0.614459884476536,0.8040844435193356,0.4779079526310375,0.8165166506763538
0.0,0.5760682262916559,0.8748854506719232,0.910260382814434,0.4681464326761275,0.485737497198793,0.18087318087318172,0.7772870414494788,0.612307777232625,0.7968081421047676,0.4723599441865202,0.7380127580726669
0.0,0.7706708723969742,0.8771052800371582,0.9354809679282576,0.7315723594682111,0.5410169228132236,0.8418160786581832,0.8638951800303613,0.6103433620985393,0.7873248220839476,0.4834134493804722,0.8538900403541797
0.0,0.8259879085253659,0.8704006228186119,0.9093659820252196,0.7231145501106119,0.5528870446058766,0.8733242353696719,0.9279682042161836,0.6079614297611909,0.7734816714484606,0.490731668531457,0.9346230293984692
0.0,0.8696807733870728,0.8632364836102141,0.8759091430583346,0.7462216441654335,0.0,0.8577045109670292,0.9447012758598664,0.6053688256757218,0.7648478762207549,0.4897761837251736,0.9547936653726652
0.0,0.8888402114547739,0.8572532169611136,0.8441722857004929,0.8022035448644971,0.5292668631448156,0.9207157604955266,0.9363249143940772,0.6026353756669619,0.7526159318390816,0.4890613983330037,0.9357403871595192
0.0,0.879581763486083,0.8510311528779704,0.8191195443650912,0.7682652120609663,0.595610254995385,1.0,0.9758190902436268,0.600748398269712,0.7536943783170325,0.4921337423990893,0.9766032357527394
0.0,0.8472502117468391,0.8440288095240625,0.797204463315168,0.7538987562640759,0.5187777795401357,0.9634536657982892,0.9733528536126436,0.5989324207192391,0.7526641923843913,0.4902680518001351,0.9966251225318584
0.0,0.8067700575367275,0.8369573060118531,0.7894316501354499,0.7573404300854817,0.5931910326526711,0.8826944547822851,0.9248976904823901,0.5982053254493284,0.7580819883720237,0.4882654898504808,0.9306189609298424
0.0,0.8152107246122848,0.8305131938294998,0.7896900519544272,0.7744970810238421,0.5995271070598012,0.9814005246005888,0.9250254238537158,0.5967070694622661,0.7566493311472007,0.4868781149531856,0.9560495728889512
0.0,0.7722188148018347,0.8228741412546636,0.7853261759436824,0.7758711357222281,0.5400890555091757,0.9761779646172708,0.9650698357643612,0.5947924766040783,0.7585371755065359,0.4900544623514469,0.9988166923400088
0.0,0.6937118490610125,0.8163482661366865,0.7828771024315231,0.7413221674010818,0.5590192930545538,0.944063214805572,0.9543746223268104,0.591903131391578,0.7586077135498634,0.4891059718362055,1.0
1.0,0.6562107538187452,0.8111672046286185,0.7755624620923678,0.7369189949957847,0.5963155581910027,0.8657725098773126,0.9413359928076288,0.5895008130961633,0.7578024690066025,0.4876390195896406,0.9985228519195616
1.0,0.7035836326995529,0.8053600498101847,0.7581515140975961,0.7401746649939068,0.0,0.8983156581409837,0.9345464728394636,0.5871218749074313,0.7562890261037697,0.4868455804419333,0.991483087215828
1.0,0.7214871929670845,0.7976782474660553,0.7250357788707272,0.7523924982772057,0.5845220367245383,0.8109794135995004,0.9371158787319022,0.5844189239264143,0.7504953678178349,0.4874986782581773,0.9961218179256542
1.0,0.7390986886299251,0.7909796570939636,0.7050850534732753,0.7625451534067256,0.5106866508572829,0.9917302798982206,0.9048926794039764,0.5823320119892199,0.7493946687618408,0.4841212309101892,0.9505720374204664
1.0,0.6924267648003739,0.7847086834537447,0.6821138831135658,0.7356741146054796,0.462651668533754,0.9020391292367028,0.8977789131855226,0.5802603165038059,0.7466540632577293,0.4815710549027525,0.994210452396186
1.0,0.6775022635006867,0.7806578195747227,0.6697510284794359,0.7536019838677468,0.4627735178675765,0.8785839278503169,0.8951898560051879,0.5786922317361837,0.7510884267073108,0.4819051081888043,0.9748865070839968
1.0,0.6928064487864712,0.7763961140827059,0.6496357310883554,0.7334064252929541,0.0,0.9151119402985061,0.8826474215053868,0.575891757221847,0.747841196842145,0.4837169681895224,0.961377125787002
1.0,0.7110020736586937,0.770352854388445,0.6215014960703078,0.7105043364560069,0.4635945324457094,0.9340351812366732,0.911721501947934,0.5740883060445411,0.7528413222537615,0.4850199843822594,0.9800534730008392
1.0,0.7341627968106544,0.7628508887345156,0.5893068989490643,0.7262928468446168,0.5081718446054267,0.9579391459984664,0.9089555831765326,0.5720801182921559,0.7497857730064388,0.4835918290475364,0.9956640399769368
1.0,0.7300446858845177,0.7549066545816452,0.5546730024324489,0.7255534755243467,0.4904427788401884,0.9062746423341226,0.8942367685422182,0.5705548912907318,0.7463000865768905,0.4855106078307891,0.9955577182682952
1.0,0.7402377405882181,0.7497212626392211,0.5379313607965678,0.7324685932179906,0.5456253408561278,0.9511622947323531,0.8828881497821163,0.5674009982159626,0.7295015138708683,0.4843186377721237,0.9811441937913812
1.0,0.6482081836502238,0.7459934722134949,0.5267977190244743,0.6693310759141474,0.4842910052012888,0.8422240703338484,0.9008936423170832,0.5639516852169942,0.7129343145249409,0.4882226961845123,0.9607213094445392
1.0,0.5579310143403722,0.7452125045579441,0.5406168113512558,0.6144307007023571,0.4902725998513368,0.6068670547701089,0.8849367965453036,0.5601101859678933,0.6938819909911162,0.4866630908604183,0.9244681905139364
1.0,0.5618446800432254,0.7480382405610592,0.5703786498455707,0.6197381990676835,0.4807226136188648,0.6371628846382325,0.8629224412794954,0.5571352463075813,0.6829456103823737,0.4846558086731506,0.8687404816116046
1.0,0.4985834866672511,0.7504227273590154,0.598186390663918,0.5432196597366555,0.4907791210690095,0.6876559344184392,0.8922519884646939,0.5567533196671631,0.6868228563174112,0.486297977974187,0.8967252565593615
1.0,0.4896171033032505,0.7516879954463891,0.6364365614448441,0.5340432662959038,0.4422619677747704,0.7547819888321241,0.8415565785142642,0.5572509203504245,0.6985955488228628,0.4726424274145486,0.8973616261803925
1.0,0.5436490551710036,0.7504367253810198,0.6566581357081829,0.5386176114091081,0.45160235449084,0.7905429487941058,0.8259288918147473,0.5582998350081542,0.7112400925019748,0.4732639696935344,0.8892936297206557
1.0,0.5628961126201112,0.7477546764502094,0.6721464029420317,0.506902017598929,0.454113497807161,0.814185576808838,0.8388152238527332,0.5573012600443584,0.7157194596031934,0.4717192042799716,0.9080701908377404
1.0,0.5755425100032128,0.744545625199101,0.664122137954785,0.4686270097725256,0.4801870506507917,0.8463823214922173,0.8433350200688776,0.5555908297939037,0.7183613744252636,0.4686057468791319,0.9139364947005773
1.0,0.6393878325885684,0.741078032340134,0.6462258174341511,0.4737139512657026,0.0,0.9202803849352496,0.8589676195903688,0.5540293719126116,0.7164942903143354,0.46749005351069206,0.9295750952725784
1.0,0.6513040684599429,0.7370241202938401,0.6284061230576182,0.4883241431904033,0.6052049648462637,0.9833669953665192,0.8535340384870473,0.5522539837729948,0.7135965976092826,0.4701820901743598,0.9279731993299836
1.0,0.5763310844358772,0.7320348323443693,0.5980081759191401,0.4674872881352761,0.5978388917300147,0.8970133882595261,0.8648482674933307,0.5502184326928682,0.7079062231738403,0.4682751717892146,0.9392084147081842
0.0,0.5691170887000203,0.7288868849272974,0.5885373294723065,0.4620189919302611,0.4717767305278178,0.709963954685891,0.8537305513660102,0.5479846114305321,0.7040377258259768,0.4674733232147321,0.9054296226401294
1.0,0.5360845819095185,0.7264265484185366,0.5755345672608311,0.4808723711356402,0.4968840087052528,0.6316941297631319,0.829195918427504,0.5454538705481912,0.6998913650455216,0.4681793652596238,0.8704731810435
1.0,0.5297175735272641,0.7256578375849847,0.5807940463296851,0.4749766913424074,0.4726211951809411,0.5979660144181251,0.8461058516622533,0.5431577586916084,0.7036678215055743,0.4672552146124303,0.8743352863297567
1.0,0.5304477350389905,0.7250246185143481,0.586503096040609,0.4756658618075846,0.4565480948163552,0.6391606591143153,0.8499820681997946,0.5399730993196817,0.7034273981805028,0.4682252637257798,0.8661795147498776
1.0,0.5124565553900525,0.7245604064121289,0.5952759275646708,0.5079519228803071,0.4275905181996717,0.6058187435633379,0.878741728036001,0.5378197613190446,0.7041126970032261,0.4694944686934488,0.8792141200909934
1.0,0.4675370191886445,0.7238335099246562,0.609664954051744,0.5152443685172432,0.4352440260548521,0.5438980432543759,0.8559167571444712,0.5351347188845751,0.6952602496360959,0.4690308891542137,0.8614030852954729
1.0,0.4501591752095562,0.7230567861609367,0.6176424431688268,0.4961372500246176,0.4198405966133476,0.39134912461380017,0.8746788242634451,0.5341358199551872,0.6972530988235062,0.4724702473691523,0.8593939128786222
1.0,0.44019977218960826,0.7236227880862705,0.6311660535040653,0.4838106939552468,0.4263006674528415,0.22245108135942307,0.8384369365607298,0.5328235925220978,0.6996493974038079,0.4690643731974338,0.8392558721670305
1.0,0.3962732556441485,0.7259347868608291,0.6465449311338554,0.4879536972493364,0.41693454371254624,0.03743995478948825,0.8261204918717359,0.5322847279831157,0.7089182699056487,0.4709716022217855,0.8265337325150584
1.0,0.455328718712579,0.7303834034201941,0.6874515716350842,0.4972263995131535,0.5206565085324111,0.129477020602218,0.8286505951883818,0.5294882859429048,0.7026743998801088,0.4714963047122947,0.8243007801110787
1.0,0.4888285288705867,0.7322218314010549,0.7118565597083674,0.4816957300943601,0.4927007607530198,0.146279703934554,0.9006971294381205,0.5268631048057729,0.6965833229282008,0.4807789072649502,0.8744284281864018
1.0,0.5202838867957597,0.7331953802769675,0.7348373832110644,0.4666285035673361,0.5850003948540078,0.16984807167900354,0.9056836437418018,0.5244004774871046,0.6894930344252231,0.481037549313603,0.8941223662542754
0.0,0.5956949677268608,0.7340308754955664,0.7440657121786016,0.5657926380621838,0.0,0.6888268156424577,0.8872703869829867,0.5239873459022558,0.6980410608150759,0.4817204265110345,0.8774015116328168
0.0,0.6195858523905486,0.7292647664667751,0.7289152759324041,0.6061769047354307,0.5883810675147483,0.9796884243738913,0.944106824401004,0.5239506836661955,0.7100607016030093,0.49089627163621397,0.9813086742952049
0.0,0.6977423406057421,0.7230179104844319,0.7070561444467298,0.6757239232235418,0.3824235740416954,0.8280455316057173,0.922367587165744,0.5230443117827225,0.7185286825870841,0.4898404237816622,0.972265619502034
0.0,0.6841905429481003,0.7175771003193847,0.7002205143834783,0.7093354092786732,0.4120084344890476,0.8400546821599475,0.9441903423745632,0.5215671779390866,0.7267844694158893,0.4899301697112429,0.9992821855339272
0.0,0.6881334151114226,0.7149434899987241,0.7132044712075856,0.7122445148318701,0.4943857043433778,0.8449323616382226,0.931903374617414,0.5193985034786349,0.7342106640550623,0.4923421245016845,0.9898674040984188
0.0,0.6510704167761914,0.7134480968014945,0.7304653736578794,0.6862058868862106,0.5568221107615563,0.6653570603189293,0.9333330058118684,0.5173031449794004,0.7397460148165832,0.4924527466852587,0.9945259873785716
0.0,0.597622594117819,0.7138873006253255,0.7420465194502446,0.603958643370897,0.43662759853373095,0.6795701409752735,0.92000943261819,0.5153390999759823,0.7483995099178096,0.4910092137639255,0.9927246904007944
1.0,0.5128278465806705,0.9734144028429432,0.6164018099852083,0.5130342663642928,1.0,0.5423314312332596,0.5311792246584358,0.9876416516802424,0.3621795260509752,0.5148829710661211,0.8304071745702466
1.0,0.4338300489088456,0.9728366751228986,0.621353803789985,0.4930275472196714,0.461925736504809,0.2957959706533119,0.5503146662474392,0.9869499786981384,0.3734012125176319,0.512543642142056,0.8441504231124378
1.0,0.4875153733947313,0.974701131732622,0.6566012515099706,0.5424733062571523,0.5094121401061587,0.06934164394234704,0.5056325503932712,0.9871529967170954,0.3794693767671601,0.5132126448304439,0.7967542406112043
1.0,0.6061836798901687,0.9788572522172532,0.6647918262919404,0.5962202206745526,0.5270810454912471,0.4411384217335049,0.4443696603766172,0.98907596165884,0.3873330370821911,0.5125066462338401,0.7553474075666925
0.0,0.5895661127477618,0.9813762812842828,0.6662987925872843,0.5782129455485076,0.5116379855721584,0.6556991774383082,0.4523529960844807,0.9914210967093784,0.3924143193425438,0.5129254659326258,0.8019024248327156
0.0,0.5933987358064237,0.9819127380649032,0.6412139810507361,0.5815621541808266,0.0,0.7272620446533483,0.4652982819861557,0.9922003182759694,0.4032666755754648,0.5137651400301384,0.8346952199046259
0.0,0.7024568829905901,0.9802813104964956,0.618033903004227,0.6233151627351375,0.4984028279465354,0.9188014101057596,0.4500587082225904,0.9924233138150031,0.4118320321707691,0.5127758354825722,0.8094539382976842
0.0,0.7262248662872177,0.9755934575694616,0.5779690661557371,0.5974524029616451,0.5368295501236809,0.9804395604395608,0.4829353128730672,0.9919582176922468,0.4167895854843183,0.5149566290052425,0.8754822469863516
0.0,0.643823470525984,0.9700253805488216,0.5316483913250439,0.5924291654568871,0.521137847443661,0.6871645796064401,0.4838097951844516,0.9911112013477468,0.4144578965020765,0.5150564339747568,0.8669061563175934
0.0,0.7378371421216712,0.9706067491497532,0.5933453295448837,0.6384618966461053,0.5194672682609037,0.8862046348928719,0.452490555099755,0.988750172991494,0.404933441998414,0.5130030892648807,0.819282289993296
0.0,0.6167376941337985,0.9685937025332292,0.6455124239873291,0.5455187779868449,0.0,0.8499327748474508,0.5130951269718839,0.9856792075852584,0.3896700366259367,0.5136055825052577,0.8716622183993827
0.0,0.6369304693533161,0.9681249581721012,0.7212064001034979,0.5648719510368049,0.5081913533055394,0.9407384424449268,0.5378704881871192,0.9824611923581102,0.3763916882470584,0.5154508427490749,0.8637185827946923
0.0,0.6433944455567311,0.9647714529997871,0.7159487592995624,0.5695775082291265,0.5443035287708561,0.8995855913292974,0.5695483642759236,0.97969458939292,0.3588682834100462,0.5139864191718035,0.901887245911178
0.0,0.5889940794554239,0.9603532207235904,0.7054800722472685,0.5702583396074506,0.5500312607327609,0.8649452768037422,0.5868316719807025,0.977193783229672,0.3452527061900388,0.5115209181071798,0.9127654730131424
0.0,0.6547779080742497,0.9562290988578632,0.6932021819007361,0.5631059416848101,0.5303171440613124,0.8877908830092448,0.6078929397835411,0.9746587407276592,0.32993605369337065,0.50934756105238,0.9151435040540368
0.0,0.7079770042616476,0.949891720681978,0.6598506728006116,0.5504919643423835,0.5343581543293676,0.9755605142917868,0.5998359117460662,0.9725064470425164,0.3221658506259182,0.5088450487599274,0.9034177871662216
1.0,0.7012842147412977,0.9450467740009032,0.6367033696406929,0.5472798104915156,0.6044397812321572,0.9191371798958676,0.6087084682312371,0.9708578865232956,0.3144224056694737,0.5094554826554583,0.9169712991891928
1.0,0.5666847810542572,0.9395172694481284,0.6165981890339829,0.4969878316508756,0.5359428113612824,0.9675350701402828,0.6253629347233342,0.9702160610409002,0.31476821409745226,0.5069432320140335,0.9282100256776756
1.0,0.5906815776678198,0.9370494387876994,0.619084987610872,0.5117451933430501,0.4747583928303575,0.8062283737024223,0.5969127826714942,0.9693507330539624,0.3168613912744665,0.5084008223467535,0.9249212593445236
1.0,0.5480936990532849,0.9347746430250148,0.6202423602817388,0.5331616124864157,0.0,0.7842214532871984,0.5687082717183576,0.9690483998167128,0.32602733340460466,0.5066086913008683,0.8860189483537194
1.0,0.50155879072162,0.9321906085354502,0.6191970931317852,0.504918937241104,0.4857354861623899,0.8757849594118564,0.5657409272460192,0.9690940883700292,0.336038378724192,0.5063489951588641,0.8890673817625254
1.0,0.6081285930841174,0.9285181173410632,0.615312512700749,0.5119125737553626,0.4768444793423605,0.97457497319651,0.5337977587706151,0.9700380548412048,0.35215867733349804,0.5075721826914087,0.8864047459428004
1.0,0.5339644767325455,0.920907365144017,0.5857628407164372,0.4738204029574091,0.4676166319714458,0.5681971640783268,0.5113314238831926,0.970740792172978,0.36445026697735294,0.5095618681094003,0.8842607232756113
1.0,0.5471498441209279,0.9215895017258624,0.6035936676935229,0.4814945749407002,0.4853742640133201,0.3484132343011496,0.45327660661560604,0.970060217039902,0.3749874147659956,0.5057007176331587,0.8076957132195756
1.0,0.4843405886222572,0.924934458135454,0.6350010624774118,0.4464338387148212,0.4672510965166468,0.7174270755422569,0.4128833843448017,0.9684221422996876,0.3777485466042,0.5029376121693906,0.7492884880529241
1.0,0.4549666790607208,0.9279053345299588,0.6752279471904157,0.43193400938879817,0.41768754632775457,0.7884816753926684,0.4532864322595544,0.9668619232443736,0.3846287879200714,0.5021764514155406,0.7851929620400468
1.0,0.3705917684409227,0.9283175662030586,0.712800323258823,0.4350844717365319,0.4461905573292304,0.3286155155900814,0.4524266884140921,0.9645147687752814,0.3873269826594175,0.5021516106144432,0.7754721277053265
1.0,0.3372994308268733,0.9318349190340924,0.7699788996975754,0.4681485216339645,0.3423151717467877,0.2947749281685632,0.4271305680696046,0.9628605460350124,0.3882732201694742,0.5004669965841297,0.717760603109149
1.0,0.2994880302033576,0.9363566080691392,0.8324239377917305,0.4522739073468442,0.4160038970534462,0.3034941412435349,0.4209600636701728,0.9613112008853664,0.39119284977665736,0.5037060294739792,0.7146362750926548
1.0,0.21768726939907834,0.9334082334737668,0.8206161306219577,0.4555547325442829,0.5012934931239922,0.10398209456308763,0.43874447921630655,0.9619311675875594,0.3966739674851598,0.5013285643609326,0.7234969705402429
1.0,0.6653891256471125,0.9329885168164428,0.8078779218343836,0.6285231023783902,0.5881418344114991,0.3938282433617728,0.3797070975539063,0.9633993786810128,0.4084151771167557,0.5006057226116603,0.6911848413170246
1.0,0.6540342647942108,0.9251740442124178,0.7334389731563777,0.6229656094982442,0.5300131271585202,0.4862753232386088,0.4319107438503751,0.9653300910017903,0.4080867863527631,0.504275380062184,0.7922068887005578
0.0,0.6055258416039809,0.9239035179594456,0.7176825834773671,0.6510879254537705,0.6250509768179805,0.4270898153909979,0.4375899660523999,0.9643234699445472,0.402815381627606,0.5009851539342995,0.7940916047914793
0.0,0.6738838200383261,0.9230180567152588,0.7079064947587774,0.6320169672243007,0.5506371827175329,0.5360575261010858,0.443603260148662,0.962730388383318,0.3869161991400325,0.5015301084831307,0.7675980621576837
1.0,0.6370448760117835,0.9201332746760345,0.7115328741388671,0.6195178313377103,0.5172773535120675,0.3918965636451627,0.4484030872173288,0.9613664079880012,0.3770619899170157,0.5018177252033916,0.7894746828237855
1.0,0.5610502531247317,0.9203130561421468,0.7343124108270125,0.6348283118716218,0.5419276464669087,0.3204037889787731,0.4120531174311836,0.9613035843758531,0.3720499153218565,0.499273827058871,0.7411740895809354
1.0,0.5524983554042844,0.9232144509523142,0.7766538530051713,0.6797451240926623,0.5768860367705256,0.2998686302980013,0.3589504247134596,0.9615754470569025,0.37630658053835264,0.4990887999761262,0.6836017050988525
0.0,0.6261476417927522,0.9254922844393968,0.8106341781518969,0.7099790594745272,0.5619594681474396,0.5278987761875128,0.35075583766071045,0.9618387430049076,0.3885249483840766,0.4984410563459755,0.6917224281214819
0.0,0.5708892257529388,0.923010946543995,0.8227669590410276,0.6902748509669786,0.6003566195891602,0.3719145405517528,0.4310510000049128,0.960952912408882,0.3875160275762154,0.5006741365747782,0.78372566629141
0.0,0.6244887452449727,0.9229907698374056,0.8450053378069822,0.6682093913460985,0.6198481366786166,0.4638733319504942,0.3879360743604733,0.959195334772932,0.3904611944737912,0.4976068870458527,0.703271057591358
0.0,0.6744844549952802,0.9209667589213008,0.8531870244021891,0.6489706593099612,0.6069882385127602,0.5799626633478528,0.4166171290450947,0.9584117257232364,0.3915656023990453,0.4997635782440013,0.7464930366697448
1.0,0.5970311472127674,0.9157164834611348,0.8462050304654711,0.6156254822699454,0.6297078023343222,0.3669363202655049,0.4432593626104773,0.9562938009423021,0.3875846382453305,0.5017454542195628,0.7880516589296331
1.0,0.6302376798329663,0.9139505212723196,0.8540947778190779,0.6315610265340963,0.6235936990565116,0.3390029731037821,0.4178698986484827,0.9547959752442524,0.3774541518007805,0.5000831073054021,0.6948467561379766
1.0,0.6040671567085202,0.913634558901506,0.8862039578151266,0.6199574631733109,0.6439267368207061,0.2850738729637574,0.3830527293182477,0.9532170298998658,0.36851322341166304,0.5010190817910601,0.6829882236867073
0.0,0.679661356290936,0.9160799110167264,0.9360622684783162,0.6678343315482798,0.6754400580074719,0.5481752746558909,0.3597708659831293,0.9529907812369104,0.3683145086830443,0.4992774808311167,0.6438772025247608
0.0,0.7512513228269884,0.9129530328370904,0.950514139941403,0.6681171425516635,0.6753975373085224,0.6430104811213536,0.4663791028204515,0.9509140321037376,0.3464858100533881,0.5037960633249753,0.7612545378650849
0.0,0.8027343191373737,0.9053910294790836,0.9339725579587328,0.6542167956123567,0.7031854137506437,0.6914383129182983,0.5441982028897221,0.9470343526872936,0.3177468128792437,0.5061223663419754,0.8290853434863454
0.0,0.8649715413437059,0.8955040211780992,0.8642319533582947,0.6457571186851467,0.7519481821483813,0.758573306249254,0.6046799542124988,0.9444074546103428,0.3001618919029612,0.5071631458824287,0.8599997470179741
0.0,0.9545233532591592,0.8836926050091741,0.7848069721972712,0.6592384647753048,0.0,0.8478906022694217,0.6414671651543363,0.9418736226241744,0.2984834553561692,0.5096290182918909,0.9396258395840976
0.0,1.0,0.8695266857356155,0.6822100567787588,0.6521660174131643,0.5638391561433604,0.9212196898740772,0.6668517162943568,0.9400609093420206,0.2980259127217736,0.5078923994323954,0.9493466739188179
1.0,0.6508308783571198,0.853760758554687,0.6021939705922361,0.5142360924928352,0.4781139696556448,0.6894730665414854,0.6847638652118164,0.9364350814792431,0.28877520694555936,0.5055599611372485,0.9612368291232908
1.0,0.6483711352000684,0.855614873865529,0.6178354375038231,0.509123154485543,0.4653709956014898,0.7594394255269863,0.697645284427828,0.9351317517826676,0.2930966837163511,0.5066448251719465,0.9546592964569866
1.0,0.5889654777908072,0.8568698759737113,0.6256927077389609,0.43075215416719537,0.4836751227937894,0.8567292100996073,0.6878294661236356,0.9337452681902416,0.2965901801847713,0.5053140389756553,0.9959522875899663
1.0,0.5474930640963296,0.8562829299038119,0.6268407501057497,0.4453558826916924,0.4700112216334493,0.7624507760018531,0.6603225758908171,0.9350167108339285,0.3139360947397508,0.5036208800367877,0.9997795650082829
1.0,0.5546148785859328,0.8544033993774051,0.6120623047827954,0.4517096622052051,0.44677507254885584,0.670141301829974,0.5869102771322876,0.9354718102280264,0.32500500200086635,0.5013951488867169,0.9912634591795008
1.0,0.6270342933958752,0.8530461890127018,0.6066392276274651,0.4715269978313888,0.4918826346726278,0.8581190641649292,0.536509636500302,0.9373300988130708,0.34705579239372264,0.5013918885059963,0.9434510017718409
1.0,0.6234590853187651,0.8490975011920755,0.5815693860401978,0.4669504603409131,0.0,0.8583507065091496,0.5326530712506568,0.9370246681956051,0.3565692909434077,0.5009365210650623,0.9655308709281716
1.0,0.6758859365615073,0.8449987075775919,0.5466546314037812,0.4603574039873114,0.4576533194549952,0.9420894139448692,0.5155220610270743,0.9366922236420588,0.3654942787406419,0.499796427246016,0.9324246967425374
1.0,0.6870691874267079,0.8394482306525158,0.5044405901119988,0.4686367338738309,0.450451337069119,0.9662254113571692,0.4989609381524839,0.9359763605487288,0.3734863103689071,0.498415714317061,0.9340261687338146
1.0,0.6617281125761518,0.8336998614571692,0.4954797134035909,0.5014798306227827,0.0,0.8989236669553402,0.5186760927344278,0.9357428391031648,0.3866110019252715,0.4998391081544306,0.9707509881422924
0.0,0.6933329519778051,0.8288497066432329,0.4962171171460586,0.5237479533176284,0.4873505482674728,0.8903872324631955,0.5149767377879527,0.9340188706907578,0.39553106561189255,0.4995213256266453,0.9729726046067869
0.0,0.6778308497554554,0.823293422981285,0.4687094857736294,0.5634116709773812,0.4559104522242957,0.9789290028184144,0.5024490417540739,0.9321529911506172,0.3872077037111601,0.4987492390006775,0.9350415701240284
1.0,0.6283213683036344,0.8176191165660888,0.4146405195677279,0.576578774551685,0.5116774700856668,0.8767982858891925,0.4930508133176781,0.9298013559256284,0.3739888721154549,0.5017541759005794,0.9271091726863842
1.0,0.6450819437691269,0.8122688045609127,0.3561333377458781,0.589947512800072,0.0,0.7470156106519716,0.4816628919817834,0.9279504971339428,0.3645651399549629,0.5010143511587705,0.896558538912362
0.0,0.7507364928638843,0.80729277175706,0.3097952507900623,0.640321543034438,0.4873907065575504,0.9847301136363614,0.4685309188450938,0.9261869453189668,0.36740090468244346,0.5000941059445545,0.8739948207714321
1.0,0.7281697794811651,0.800969770011165,0.2513224032227981,0.6277037803337707,0.4997719996751067,0.9443369868901776,0.4772413522051203,0.9260399855803804,0.3757866225939719,0.5007457102499254,0.8898528008722911
1.0,0.6676486571518461,0.7957763713305642,0.20103933282104716,0.6123925435175923,0.4977680531685465,0.8626361888485375,0.4554087713523525,0.9254973054089398,0.3817339675961916,0.4989215272272374,0.8972127572577342
1.0,0.6777164430969879,0.7961043457474958,0.20981313653938452,0.6207820791661015,0.4309336986268849,0.720572527237771,0.4562390382659701,0.924363090670345,0.3862672060490453,0.4990391361698044,0.8832288401253916
1.0,0.4362039870720472,0.7978794951863172,0.228925582723853,0.4601009371210145,0.4002125501165488,0.5641206739985888,0.4767107674319208,0.9215762221590416,0.3818780150436272,0.4968995783637091,0.8957339512062151
1.0,0.3812315876784024,0.8041544063751415,0.2655467280899997,0.4734972153666178,0.3895553161228669,0.5146806578549091,0.4399088180241612,0.91755547719035,0.3691193338551194,0.494294936807014,0.8237767479896415
1.0,0.39633326659611534,0.8084764109909116,0.21236143027680854,0.43377482249692456,0.4383087306326108,0.5529209968721623,0.4668949491277285,0.9146545019112768,0.3599232351567643,0.4965109093646173,0.8063172958975059
1.0,0.36447101221291,0.8115469452733565,0.1590656356168908,0.4163441850205167,0.4710762895222807,0.5893371757925069,0.4341264265606808,0.9119164689769054,0.3511248794963626,0.4977064140426675,0.7724955703966201
1.0,0.4498469810942992,0.8147816731457883,0.11793410296427925,0.4197040395422858,0.463952064173266,0.7150643810727548,0.4052095564213037,0.9114361780229088,0.35274846280466376,0.4955580909391003,0.7157012402889464
0.0,0.4471584246203129,0.8135246423591521,0.11411073614316647,0.4181338412560784,0.4502260454560881,0.7653053163757025,0.4318026617669458,0.9107393515047414,0.3553603632656702,0.4976111889231361,0.7698855117895598
1.0,0.3867803106140774,0.8111756996573684,0.09142455057480492,0.4238010242484725,0.42045816075408415,0.6826763567422397,0.4356051859748761,0.9102988049869072,0.3592588724181224,0.4942056180849842,0.7705601744582253
1.0,0.365901095443754,0.8090770298412041,0.06858481186553911,0.40513101062649853,0.4094618705344895,0.579164170161773,0.4463151378783485,0.908903113079778,0.3612660757289139,0.495055708665746,0.7862545999727406
1.0,0.4003661013070957,0.8088443685919388,0.058165226950701136,0.3850498452314573,0.4002049689898325,0.5886758538046729,0.42813278375231534,0.9074406262830316,0.35586270321800817,0.493732891900545,0.7458566171459724
1.0,0.30154735005577304,0.8092657931952548,0.0595446153662661,0.3690027320710176,0.358888180174859,0.5055422408627922,0.41698067787117626,0.9057930563054508,0.3534458735130903,0.4928933601922876,0.7262709554313753
0.0,0.2333895832737459,0.8113591968054762,0.06541824722662537,0.37433382302264173,0.3889600487581565,0.3889784079922648,0.3672678323155599,0.9055891792337708,0.3606139574011201,0.4889760012919554,0.6456930625596289
0.0,0.285416011211852,0.8107045113707984,0.03726486785718392,0.3681219146765704,0.3344674785659086,0.3908433439568519,0.34912969358729345,0.9063606378840322,0.37549479970289423,0.4874189107602656,0.652139839171323
1.0,0.3770271429797208,0.8091543028172262,0.004234769474069089,0.43402492881739196,0.3876227379385979,0.31888943368472633,0.3698224997420768,0.9066304708019668,0.3883580718522817,0.4890780969859064,0.6974717186861114
1.0,0.3487114950090093,0.8115034926701631,0.0,0.4205212156115564,0.3556118473546043,0.3292473645501348,0.3828709549052072,0.9064287662884244,0.3960462277605389,0.4901725350199325,0.6871064467766117
1.0,0.2612476046105884,0.8166764131172807,0.01850640118604041,0.3844447556436614,0.3429565302543712,0.3394214268202996,0.3947894610143015,0.9053514404157508,0.3998284357510196,0.4910812658404163,0.7261823633637726
1.0,0.22563853216257115,0.8220336530998599,0.0398142942342602,0.3596042049286187,1.0,0.2515322382936991,0.4044235049054528,0.9060787799640077,0.4133184878613197,0.4918691358917499,0.7250715551315251
1.0,0.15244687240797367,0.8282587551568416,0.04704702614380502,0.3512263950074537,0.5168418586018511,0.11853395440058785,0.3364202231403741,0.9049158173175316,0.4130649161615235,0.4900435248345068,0.6704988414883466
1.0,0.12398821611417787,0.8393580319427899,0.07895582542562507,0.3852042997059113,0.2947536992582663,0.10554057367001728,0.3372357515880697,0.9034348682909399,0.40675962231656415,0.4901602220311472,0.6293716777974646
1.0,0.11123187369504832,0.8514214715787162,0.10718164105566363,0.38214857244093453,1.0,0.1695478723404252,0.3398493728782748,0.9005173007551112,0.3877162440934221,0.4904190912082492,0.5978601608286764
1.0,0.07453593799159057,0.8614636508527754,0.1289739624185643,0.3430269794571392,0.23172016056997566,0.06771178776002426,0.34695331345278024,0.8983390407237725,0.3726386234005065,0.4910216439569127,0.5922516014719909
0.0,0.33249435117123843,0.8743871102528827,0.16671149069327704,0.4395542623795235,0.5026588515746755,0.03805007168854143,0.2880338395177576,0.8957194725996119,0.3595310076933221,0.485997611681476,0.4893757666621237
0.0,0.3578068243571776,0.8801147216444792,0.18687948680119346,0.4544255392812391,0.5518463623681693,0.11775384243011053,0.35776643461770874,0.8937169562977799,0.3508677961665204,0.4883419647744216,0.5352119394848028
0.0,0.29519778051082546,0.8920105216575996,0.2763947684931413,0.4709928871517633,0.5213595788220526,0.09972165073217984,0.39991353433325627,0.8926098722607155,0.34684411592682873,0.4882717955050132,0.5830039525691697
0.0,0.06235162886480011,0.9036653149221906,0.3611753686819253,0.3863610721498461,0.4967573446096711,0.2295770948253224,0.3748434037995766,0.8918551246853271,0.3439907260814954,0.4898046215588602,0.5665121984462314
0.0,0.1044532791808479,0.9134403645765208,0.4342829186094385,0.4158776452226426,0.5544689240498168,0.09733487833140188,0.40884995750408987,0.892050932982858,0.3437175060483174,0.4890434472504544,0.5830039525691697
0.0,0.1503017475617076,0.9169509395830758,0.4316388482835857,0.3902293712570611,0.5654696063220687,0.13962920046349894,0.4045905408525709,0.891926214419753,0.3427521084554899,0.4886106842799303,0.5960610603789012
0.0,0.2020707605182621,0.9212929588002876,0.4319108021045396,0.3667537864970937,0.54293724011422,0.20133256083429907,0.4020800888238212,0.8909334954581068,0.3382157670740238,0.4883593711304875,0.6032233883058469
0.0,0.17249663930440762,0.9240212952743976,0.41774011142167,0.40281991338609296,0.5155352538512463,0.19096176129779865,0.4832251693695376,0.8895453175368554,0.3332464962924723,0.4916168436641348,0.6569578846940167
0.0,0.18659725996052934,0.9272475839741452,0.3970974472164816,0.40950744842407777,0.5551631805073088,0.12850521436848114,0.4999484153692722,0.8883536832734008,0.33231799897769176,0.4929977140936515,0.6864794875289626
0.0,0.28933443926436503,0.9316636213516986,0.3869030269614807,0.4071274079827215,0.5480806376713394,0.2643684820393969,0.4411075465858345,0.8893645003090763,0.3435061935299686,0.4917603536412383,0.6324860297124166
0.0,0.3371278208391728,0.9334913474873902,0.3853630753779103,0.3787845775888693,0.5084180621600758,0.3610081112398608,0.4898820431444025,0.8914295082385079,0.3614352991774944,0.4957421028872048,0.7220253509608829
0.0,0.32122529531218663,0.9336359857997502,0.4014237365053634,0.3687926052890498,1.0,0.2754345307068365,0.5025915135913219,0.8942960785249082,0.3834847735356708,0.4966009290630462,0.7729317159602013
0.0,0.2132826130480795,0.9356558721747528,0.4221918898550271,0.2939991893141598,0.5016631108041897,0.005243931180768911,0.4467916816098335,0.8966973874118301,0.4068567695459243,0.4953938353540792,0.7651219844623138
1.0,0.2556702800102965,0.9439790457163209,0.4574697985564953,0.2716087057245508,0.4962932384630168,0.059344340751376325,0.4109329940210957,0.8965438401631062,0.4069541651642597,0.4962025600480349,0.7290786424969333
0.0,0.3857792523524868,0.9518047522977612,0.4807655371442186,0.29189974414078235,0.5753321119860135,0.14832731484635814,0.40951318847058976,0.8940435126043457,0.39444065881291934,0.4962746411609034,0.6697969197219574
0.0,0.3874095472356489,0.9555456098233952,0.4857668763064561,0.2927822612808511,0.5252606230991129,0.08329721138563934,0.5181012925634612,0.8919397844212121,0.3807171752540132,0.5015629693907931,0.8031688701103988
0.0,0.4125790120985037,0.9612695396767484,0.5157839089915408,0.2605401642078718,0.4505548505005599,0.08393535413718617,0.5048661501653164,0.8896648144313529,0.37497712822563145,0.5003373698253408,0.8038639771023577
0.0,0.416125618510997,0.9672991806378032,0.5725662135534578,0.26239328332413264,0.4307868145406447,0.14225068891040374,0.5479515988779113,0.8880566927503578,0.3748029323347437,0.5002594016372464,0.8229112716369085
0.0,0.4503904127220201,0.9737166083857688,0.6373443657770351,0.27920265535610184,0.3961180645234543,0.2561257168392054,0.5546772521604135,0.8836237221187632,0.3567433626637009,0.5007744815840817,0.8379378492571894
0.0,0.4165260418156336,0.9775734662713852,0.6728421916543774,0.30817569163066066,1.0,0.2264094734490213,0.6672545676962303,0.8797216716046318,0.34474248278668784,0.5064833377915228,0.9201921766389528
1.0,0.3773131596258894,0.9820126274665276,0.6895675761523463,0.2812962539105293,0.42671446880971226,0.05667684516273106,0.7110622012390136,0.8773377306278106,0.3425806748666941,0.5064066789933458,0.9612034891645084
0.0,0.4084889740582897,0.9892233165857904,0.7233217557728543,0.2542399150549821,0.3022204105716847,0.007371611106559621,0.6431227861595981,0.877247404222797,0.3549358913434193,0.5039626807944729,0.9405002044432328
0.0,0.4841689786345561,0.9956828317775542,0.7638750392950966,0.2473237720911328,0.0,0.11796622035529905,0.6293423205223312,0.8766975589510021,0.3623514243119814,0.5064800147900976,0.9341420198991413
0.0,0.8280181906586959,1.0,0.8120098235396047,0.5728532758696996,0.7246024432292941,0.9842453621702242,0.6802637202835677,0.873022022205694,0.3492957760794213,0.506964638676507,0.96579721219647
0.0,0.7977576294940363,0.9908721688228076,0.7963761487840804,0.5551711807606714,0.563062321824736,0.9919230420183331,0.6935086883256611,0.8711559048070182,0.3464067801342846,0.5082500835766249,0.9491768269801526
0.0,0.7598318222120526,0.9850862437758396,0.8019842604441867,0.5687859528422198,0.562429675213311,0.9493474491192848,0.6355865172513743,0.8690790634239348,0.34214538878439915,0.5027965071434312,0.9503162376251136
0.0,0.7053456511168951,0.9807882160032853,0.8094200448714246,0.5349349189407216,0.0,0.8814193195293261,0.6726046308259926,0.8691438451284822,0.3472105395906557,0.5021298460171558,0.952861148826134
0.0,0.7058318794153815,0.9776775439878616,0.8222339596662636,0.5330768433184292,0.5641186718127001,0.9594089209158072,0.6611577556264089,0.8695624672711685,0.3601487758770009,0.5008393620194007,0.9746873443544588
0.0,0.6251465835311609,0.9738480796453594,0.8433698463223245,0.4900530436386458,0.4368209082211675,0.9972135532768616,0.5877700209777498,0.8683161195520642,0.3617194359805965,0.4981327674460186,0.993018928636383
0.0,0.5150015730915534,0.9708408697650812,0.8516341653914707,0.4162358212610647,0.5437702990742974,0.9318649400943956,0.6339014193142679,0.86873503670035,0.3761015385639472,0.5021791785519819,0.9606444107589802
0.0,0.5365672282126813,0.9672995821156716,0.8481908971045158,0.43644178599685,0.5281414803646858,0.9480231555610296,0.5665908454475332,0.8688481991934284,0.3842011051872184,0.5000526123234235,0.9596855501110444
0.0,0.5820724766181394,0.9607677702957834,0.8134340868047769,0.47603217088852895,0.4715792844190192,0.935653134493236,0.511483721364389,0.8720083331584382,0.4085524655340299,0.4954587276919483,0.9649874854584553
0.0,0.6065555015301884,0.955180414031367,0.7875105314837817,0.4954867819041329,0.5768590876536535,0.8523888428610875,0.5059224068897418,0.8721761381976602,0.4160770562973791,0.49878581052762105,0.9995068307619832
1.0,0.5967451305665982,0.951474281972196,0.7800142465904479,0.5391513782693086,0.5209343061661474,0.8077879038939512,0.4845074159047696,0.8716952449691046,0.4211351961042942,0.4973419330315912,0.9859175256165831
1.0,0.5557303435059915,0.9493218180914648,0.7816813232546742,0.5552961688679691,0.4682822349026711,0.6248273957470306,0.4503240006091901,0.8712841350371344,0.4297158391478765,0.4945526599488297,1.0
1.0,0.5264708406029232,0.9488039734820628,0.8101740415029743,0.5761176055903068,0.4639125886402651,0.5908588787627748,0.42957224059071797,0.8710784246795863,0.4414582073458878,0.4930978391639168,0.9817780360255668
1.0,0.5127706432514367,0.9475348006069036,0.8303404716990263,0.5639825444647935,0.4847663226404104,0.5230599281966317,0.4334877597040516,0.8693101916751459,0.4441854519571122,0.4896812689329903,0.9950352777190468
1.0,0.5815004433258011,0.9443512726641852,0.8320344765897166,0.5757793969857833,0.5277188834243302,0.6140568903617782,0.4180614987054712,0.8687743030438005,0.4516535946819288,0.4885814023727938,0.9765462455078492
1.0,0.6866115607928382,0.9399378585992278,0.803915223655004,0.602854020096535,0.5534603384534506,0.7178841309823689,0.4020948272897432,0.8677820368724097,0.4561024907740915,0.4872754021718458,0.9972653048357604
1.0,0.706260904384635,0.9362343669830574,0.7680243617729727,0.6238086306661104,0.4993199866022953,0.8452391925523092,0.41005851170971136,0.8649820180052606,0.4479710412668296,0.4879023393225425,0.984671521341656
1.0,0.6386465692303294,0.9334704083792368,0.7547943666778302,0.6117756105602924,0.4912966568209467,0.7615448428426593,0.4357820475659424,0.86068824290037,0.4324404446244202,0.4899425499386785,0.95663892566673
1.0,0.6111889711981235,0.9309443628427676,0.7583421101311261,0.6382135581830459,0.5088561157200975,0.7114941469259844,0.4559098791937079,0.8563138393484516,0.4140051797224517,0.4877535988827285,0.9747178614210958
1.0,0.6345565311901152,0.927666951588663,0.7680466749155681,0.6528502919001236,0.5681672138504372,0.6556364641902489,0.4371379864307858,0.8525823449404429,0.4018668290520983,0.486498133704486,0.9896087706415752
1.0,0.5936275491233585,0.9231899019203093,0.7740617155631324,0.6281355490456823,0.5552396963959216,0.460964144160752,0.4542100427906791,0.8484110546893927,0.386643844622394,0.4878674826806054,0.9759985655492746
1.0,0.6401052541257896,0.9220833328163732,0.8011325318640956,0.6578716389714401,0.5693156234610539,0.4165360862752332,0.42955258930282136,0.8437887470625999,0.3711734134496004,0.4861697371865194,0.8890862207346433
1.0,0.6641306524039696,0.9217180394780696,0.8324693627572669,0.6301890465997997,0.5294198070576316,0.5134128166915053,0.4285700249080073,0.8416193478706254,0.3677803058656063,0.486250583758633,0.83327925681791
1.0,0.6999399365043035,0.9217016629078236,0.8458649541221189,0.6184818184644185,0.5456664131041571,0.6393455157122098,0.3975455541417546,0.8411592677477139,0.3746906492889596,0.4873841006814388,0.8290271350262131
1.0,0.7402968852787226,0.9203542098415276,0.8482891033870837,0.6074637294565945,0.5510175918929265,0.7058466671722151,0.4135220512014305,0.8427683105013591,0.389389588842974,0.4885821016650253,0.8788486825253162
1.0,0.7732746045819866,0.9168030750592578,0.8399205659201746,0.6506691341948312,0.0,0.8006369909759613,0.3796874462660096,0.8418683794876629,0.3876805970190113,0.4896142833313773,0.8537116412507045
0.0,0.8860795698309636,0.9126031565694536,0.8509066955452715,0.7506346064541828,0.5572357132470179,0.9981643292459064,0.4222079204515866,0.8388694683904846,0.3763443078850925,0.4892545975217111,0.8769873119418026
0.0,0.8162915081657751,0.9041341341550616,0.8169139784656948,0.6912072717848531,0.5737350771447085,0.9764522359233392,0.5268903310750728,0.8351814939617758,0.3605171944584712,0.493728634292148,0.9858262606943424
1.0,0.7308297342905352,0.8966717776755445,0.7960172812853192,0.67787515537725,0.5784134784749335,0.9808135780832012,0.4580027413546614,0.8328045172576625,0.359429900910524,0.4922939745739936,0.9382820008237608
1.0,0.7031433229413946,0.8915001288356258,0.7823231152913892,0.6621735661136076,0.5543877777802876,0.8462318974264362,0.4540086170897427,0.8317296683705023,0.3659584792029905,0.4918832794208289,0.9585556725092677
0.0,0.6807768212109939,0.8873610565209465,0.7889041985276599,0.6290995168360979,0.5676751074485198,0.848076745687667,0.4568138384369364,0.8304642758352537,0.3736044803295616,0.4922128413409267,0.9264289963846049
0.0,0.6882132540113828,0.8832829956007328,0.8119684699224772,0.5875680549940795,0.0,0.8581311687113726,0.4576932335702954,0.8271795349152871,0.3683357951451155,0.4922689435326801,0.9321953228685188
0.0,0.706975946000057,0.8764078035096091,0.8008136668905357,0.6146093421470842,0.5435582747585409,0.9298035236601778,0.4629597787264982,0.8229760817689175,0.35202045829376283,0.4929063601376166,0.872234680334996
0.0,0.7820267139547521,0.8679779071188481,0.7758875735518782,0.6605676345187971,0.6060713469279153,0.9367324153330856,0.5080545716264878,0.8186378740979242,0.3374704218898886,0.4929281193953516,0.8776165850533156
1.0,0.7320024025398276,0.8584771560295165,0.7221509065295574,0.6794329453162985,0.5317308113097209,0.9948607625194208,0.5061434838785747,0.8142979181921043,0.3176686869847967,0.49282963971108,0.8639970710722619
1.0,0.6259188284758167,0.853307408790129,0.7036143716653951,0.6447793670025288,0.5258568206611923,0.6714423308451724,0.5324074301519532,0.8100005040494699,0.3006748325693719,0.4951208131984407,0.8460299299803211
1.0,0.5814718416611842,0.8542783278302161,0.7322868489674843,0.5853816954982104,0.0,0.6853247219232153,0.5293762189939525,0.8092091718486106,0.2990054933802868,0.4952929053417315,0.7620337741979775
1.0,0.5351371449818373,0.8541572211061471,0.7537348806111431,0.5350001900929852,0.4592502979679977,0.8594665709843319,0.4490122771421129,0.8115082426393202,0.3175614059716733,0.488136835360738,0.7633060271841103
1.0,0.5847896347567425,0.8499046615083398,0.7803670436376116,0.5276215056620163,0.504645701899147,0.9093409879201059,0.4340183444772512,0.8134435154382093,0.33348110954720755,0.4867376130839844,0.7996613427303098
1.0,0.6071561364871431,0.8428141088063931,0.7646320445572548,0.5454402380503854,0.6451073499661888,0.8550083010514662,0.5102407774049492,0.8151422768397353,0.3518603225130448,0.4891976398355828,0.8435586472015011
1.0,0.5716042673683608,0.8359247881012623,0.7551739028241092,0.5645648067859628,0.6004930110115647,0.9014754098360658,0.4357967860318642,0.8173869272394364,0.3745465492438905,0.4829128014551648,0.8496819367534663
1.0,0.5894517060892944,0.8292957729385787,0.7116548332660562,0.5791792806636167,0.5587625802064832,0.5560655737704929,0.3903384443057937,0.8223496950428019,0.4117809321282081,0.479232881549156,0.8641984348542402
1.0,0.6597259960529701,0.8250507160691144,0.6912654049800555,0.6259762693073361,0.5463752037094586,0.6138490330630068,0.3627971643191569,0.8236403688575223,0.4279266821214307,0.4808512265819585,0.8386160816438609
1.0,0.6300374681806483,0.8236523122933653,0.6914412493042905,0.6462700128114173,0.5655160126423687,0.6503181917928478,0.3787147075151439,0.8240053826329853,0.43889280524874,0.4783485420616788,0.8436867877900327
1.0,0.5538426336412778,0.8231156663365192,0.7349402673087513,0.6384826842974995,0.5649907748796509,0.5874478823787594,0.3671106220123903,0.8243392184993831,0.4454508775342063,0.4773980763310982,0.8739645782801704
1.0,0.6054972399393636,0.8231921689112304,0.7833679791307311,0.62050007141301,0.5688905347241378,0.5980908492429222,0.3606699124043841,0.8232504453674431,0.4429074326787089,0.4768814540264836,0.8879044437325522
1.0,0.5623945313617251,0.8211576378252116,0.8004290070646339,0.6437069816370716,0.5842990528558092,0.4510642966864174,0.3934924760131464,0.8217145670854676,0.4314417969872753,0.479408320606241,0.8627705825820327
1.0,0.6249749735434598,0.8237932126121784,0.8088143834280557,0.6397995515655008,0.5917234040516416,0.6357252578450734,0.34620656451272186,0.8208673169839732,0.4294653184751066,0.479574924217506,0.8079172577914058
1.0,0.5592483482538679,0.8233898791137905,0.7972689311252983,0.5912351148256032,0.6155722119517896,0.6879526003949965,0.3307360881163747,0.8214456684281203,0.4364926705737455,0.4783689235563176,0.8350006864674381
1.0,0.5691159225466919,0.8224636725468065,0.8072703657912013,0.5970404780625771,0.6330358322755529,0.634079438226905,0.3376729927437621,0.8206673981109266,0.440472271164826,0.4789002839317435,0.8181227403780147
1.0,0.6175957440723048,0.8199638836728771,0.7940500814265581,0.5784195144731249,0.6778826974656406,0.7220759271450526,0.3524802381736092,0.8184452406776659,0.43407531377556696,0.4762980226996654,0.819651274541211
0.0,0.6242027285988041,0.8145093165952783,0.7536221809813237,0.5820751911840479,0.6363883975899219,0.7055080096554763,0.3528044844238977,0.8166811374360526,0.4305453720824126,0.4763358674767772,0.8075145302274493
0.0,0.7205045333638409,0.8102471310070748,0.7143591462514729,0.5822321964365389,0.6248374966132103,0.7428256070640168,0.3529911716589124,0.8138219163003707,0.4228014373964904,0.4763579473503994,0.8003386572696898
1.0,0.6093584646626429,0.8059318672005998,0.6958436378990122,0.5698016426307826,0.6275687529888464,0.5083222999810857,0.3974669489901692,0.8115764950597172,0.4150387557121191,0.4760283381592553,0.8050249416502673
1.0,0.5719188856791462,0.8075481482973382,0.7328006025486833,0.5452185228275351,0.6450194413894471,0.508795157934556,0.3485450677723793,0.8088242380143714,0.4058793838018343,0.4760882746847229,0.7287721385748938
1.0,0.5699739724851982,0.8087148509513152,0.7699354727469409,0.5438620044970547,0.7173510365650096,0.5433137885379236,0.3625220462886087,0.8076939794709582,0.4018583556989249,0.4771626351700967,0.7266029014690405
0.0,0.6125904527643506,0.8081330305101483,0.7708175199628197,0.5705796333454576,0.0,0.6995460563646683,0.3655434318026619,0.8067034942462276,0.4058917946505435,0.4774090740312862,0.7164614891766969
0.0,0.7231358865085942,0.8050174549035721,0.763657772920578,0.5968948861113721,0.7314739173545667,0.9918552893266416,0.3916649062387926,0.8066808723206421,0.40992661361434135,0.4793585456799765,0.7869296599697955
0.0,0.6787747046878123,0.7935044542980824,0.6667041618602895,0.6212077426357505,0.5999452101412567,1.0,0.3547155721718112,0.8062277262756766,0.4128726905830923,0.4802845967290337,0.7335133403505565
1.0,0.7720161313388437,0.7854623779333577,0.6209388282110466,0.6677985509961175,0.5129311308583475,0.8539659766345562,0.3564350598627357,0.8048805051282998,0.4073175059906176,0.4804437704361034,0.7123243787469681
1.0,0.7028859079598428,0.7780664538668961,0.5577899692856277,0.6154852593656279,0.5001275071172945,0.9907030796048804,0.35020068877764066,0.8027264383881053,0.4065351617604696,0.48000482737615,0.6722529861333578
1.0,0.6540628664588277,0.7733670313995317,0.5567226427829632,0.5949321548650123,0.47043889888140095,0.7953966907085279,0.3404634756250336,0.8002681271862474,0.4058004956536421,0.4792821696660241,0.6294448766646833
1.0,0.5685152875897372,0.77036593635114,0.5722505025804088,0.5987160982935201,0.4831416473009946,0.4937420449724216,0.3444772511778489,0.7970790583291737,0.4031164110327419,0.4796408146183354,0.592650221957805
1.0,0.5761233303778271,0.7715696473227381,0.6026661331090951,0.6035514761882723,0.5801517734279725,0.5940814594823924,0.32485544021341284,0.7951824417575138,0.4032293787751856,0.4781208881475724,0.4874467987735114
1.0,0.6485713468523864,0.7676287519521366,0.6089979799002393,0.606541826571309,0.4682534436406594,0.8440951953300412,0.3330795041980064,0.7946009269404705,0.3964820985578917,0.478766355927384,0.5328909432062605
1.0,0.7805680290592911,0.7603397974530791,0.567631407487427,0.6727533858290731,0.4837302478581415,0.7251695253290797,0.3568428240865837,0.7951394054038771,0.39084068180916864,0.4806947167721231,0.5779598187725964
1.0,0.7758487543975054,0.7560652802682039,0.5545721526912559,0.6685249944014053,0.4927743521615167,0.7628761574074074,0.31580602213717585,0.7953751226471767,0.3809663984573809,0.4773929424570876,0.4914100041188048
1.0,0.6759717415553582,0.7561207806382751,0.570308205304994,0.6482070355503257,0.0,0.7263454861111114,0.24562636023758394,0.7960552436733322,0.3842373172448119,0.4751895300488125,0.3841563315180083
1.0,0.7164144953236274,0.7573401614530196,0.5795285090988199,0.6705242088110949,0.4749198367369382,0.9270109953703708,0.24321907747028956,0.7977717371418577,0.3956322133102009,0.4749925607570071,0.38701203606242257
1.0,0.6762005548722934,0.7520108347129822,0.5402772965183962,0.6957252119078378,0.41165631487562615,0.9797170197104766,0.28024701668885604,0.798935055330784,0.4029552629788888,0.4781037834808141,0.4755663356368128
1.0,0.6854960958727796,0.7481378973071328,0.51530088575828,0.6999700577251639,0.4247075646731064,0.9066819334260238,0.2404678971648103,0.7999421942582979,0.4110124787838095,0.4747046865030202,0.3994508260491511
1.0,0.6014358035637676,0.7456612655593994,0.5254094970764377,0.7017308448917703,0.43528744954574106,0.9352555701179568,0.2181636854025321,0.7998852837797391,0.4138499831591146,0.4764969666809279,0.3719555169099813
1.0,0.4519635042759485,0.744625893755625,0.5491146808239339,0.6849445298761956,0.4423586911744112,0.6516382699868946,0.2463583707117205,0.7990353550526285,0.4127668426187021,0.475184147064797,0.3822159168916756
1.0,0.4826244887452446,0.7459386543061274,0.5479205586767336,0.6986330102809748,0.4270160019362873,0.7608562691131506,0.2494927511311773,0.7979343082672145,0.412778627470704,0.4754100911321942,0.34431376138391856
1.0,0.5543288619397644,0.7435686574513393,0.5080929422302163,0.6831055288098955,0.0,0.8756662297946698,0.27313325047040243,0.7976451194547746,0.4164245843026765,0.477460781309844,0.3931902430094731
0.0,0.6016074135514687,0.7386643781941694,0.44718868921944377,0.6576628757414329,0.38025345222267504,0.9134993446920064,0.27644449248092584,0.798487953280186,0.4315732807494129,0.4777409882004089,0.3891538144707336
0.0,0.6147355776106167,0.7352859722966606,0.4382247332752784,0.616659888073091,0.4705709965333743,0.9276539973787682,0.25492633223449884,0.7987585342109488,0.4379091387181415,0.4795893574385321,0.3653745823989748
1.0,0.5002145124846265,0.7307947130761313,0.437949415305366,0.6075422715444804,0.4606903310478031,0.8811188811188813,0.23238630501746504,0.7992806273460765,0.4479273288371477,0.4775539142083596,0.3010937714521074
1.0,0.5580756800045762,0.7311583153096924,0.4765451205839808,0.5843355350303728,0.420228974168926,0.901918594226286,0.2251398926057116,0.7990167007026484,0.4440059819823709,0.4768987293088609,0.2845270239348314
1.0,0.242713725938849,0.7276827934879414,0.4566261719266621,0.4847979858783423,0.4553390308522964,0.3421189784826141,0.21472471002068305,0.7989451226005572,0.44267699936051785,0.4758860395891034,0.2347260994920143
1.0,0.3622400823727933,0.7334058057856377,0.4715747390015225,0.4890854671829464,0.4334850846991099,0.4900996505759018,0.1445204840112209,0.7990479403335337,0.4381246187287471,0.4690183197527474,0.08755663356368157
1.0,0.35048479821525563,0.7313642612547712,0.4662886719047679,0.4816379769853478,0.4659070481010685,0.4238384884172373,0.2349016698681891,0.801727582356277,0.4592127760905325,0.4736030617679782,0.2530685094503686
1.0,0.3606097874896313,0.7287549233018334,0.4646707984881498,0.437086364144564,0.4288634501887404,0.4333505888443113,0.18915838446762206,0.8046997622492209,0.4825920182247442,0.47320450293411104,0.232364651503364
1.0,0.4996710808569056,0.7265844140581094,0.44626038640791016,0.4576272409079906,0.422662325648838,0.4773521418403006,0.1655915774580076,0.8073771943133393,0.5018072436467715,0.4747681368848061,0.21237471969246274
1.0,0.4749878442925379,0.7212366555939561,0.3689741441763663,0.4961939915722523,1.0,0.4487511323929079,0.17742656559354258,0.8116731504607012,0.5179151684793136,0.4721271944076815,0.2126767653654296
1.0,0.3648714355175469,0.7198968401968623,0.3366052924567308,0.4319867508741055,0.5804805003969431,0.03953668953021879,0.08775282610084051,0.8151962097138078,0.5280261130908325,0.4681592658787941,0.18075145302274492
1.0,0.33509710265137416,0.7261392614140341,0.3291029471255752,0.4190449406087765,0.3608990130264481,0.038751987281398434,0.0,0.8201376421889496,0.5478149204580843,0.4589856544876641,0.0013327328376182429
1.0,0.4544232474330002,0.7341516917999554,0.3558902370983895,0.4308621122148732,0.5155939330038014,0.10172265959934483,0.02110057037863133,0.8223139521149451,0.5538848319669357,0.4612184974223598,0.01263186845569036
1.0,0.5097960701312813,0.7401953569313106,0.354893845208214,0.4109687658673873,0.4982801234322506,0.20982663453315706,0.07319613459167068,0.8246421373972689,0.5645717591672643,0.4623483356610841,0.0489676914200937
0.0,0.4074307124674653,0.7455709970928247,0.38939763477877626,0.362559471343432,0.4436987178564368,0.2541397807665399,0.09306849947678447,0.8253015807484262,0.5666736962204825,0.4642329222883833,0.025418826618016668
1.0,0.3633841489574688,0.7502974691209358,0.4041095708292855,0.3878113871815848,0.523809483376832,0.1594495840783641,0.1657193108293333,0.8260509755876743,0.5687644187390577,0.4671727428980582,0.12675894681266214
0.0,0.4967251094013663,0.7541518447891397,0.3972933938312084,0.4045308841492661,0.5417354889350855,0.35823680323408136,0.1573675134734141,0.8263129183875674,0.5739383393319314,0.4663276438441274,0.09299175906158892
0.0,0.5751222721162372,0.7544234608214496,0.3821662428854457,0.3935897923170532,0.5528566835694776,0.5121666796237274,0.19790320758146698,0.8258562191061206,0.5738394525735608,0.4700690076331007,0.18894474668870406
0.0,0.5728341389468863,0.7548868582144274,0.38552995026505893,0.3922260220818364,0.5580432064284225,0.5260048200264326,0.27489695355909394,0.8258515651603314,0.5789710984839034,0.4734029800860774,0.2839680462778049
0.0,0.4600005720332918,0.7565233889618722,0.42304461544912464,0.3869638759033062,0.5419022911243828,0.4332581823835806,0.26796987457565485,0.8255301495623516,0.5785790736097048,0.4727790124295091,0.2950095264329823
0.0,0.3786288361982661,0.7608170411757537,0.4580811421259741,0.39710676061536737,0.5597978447030998,0.33841250097177905,0.24239863620062002,0.8265468932719237,0.5891413545539804,0.4741112239360062,0.2352799393981133
0.0,0.3387009123931005,0.7632567130097786,0.4487906972905041,0.42801120785702174,0.5386070742431285,0.3153230195133321,0.2361888292253952,0.8270807627492834,0.5945911460032505,0.4735214347472867,0.2144709960287401
0.0,0.5381403197666103,0.7646849513235824,0.404852547365527,0.4747688919719658,0.5479914735074192,0.5652647127419729,0.2195392755552716,0.828809385320718,0.6074749739843031,0.4719187970986953,0.16465808139935267
0.0,0.5318765552155132,0.7615641677855832,0.3310041450861713,0.4720827099966864,0.0,0.4260281427349756,0.2591267950223289,0.8303185256086708,0.6137274282457107,0.4756109486980394,0.3228198241627071
0.0,0.6403054657781082,0.7637179988640154,0.3180873660011987,0.5295980344470224,0.5512147401942892,0.8583534167768014,0.26859871578833594,0.8317707814381153,0.6215781915148652,0.4764707539186663,0.31756306957739394
0.0,0.5710608357406399,0.7596926597347998,0.2697190882503038,0.5426937652609406,0.6067558115271542,0.9885484681064804,0.34698770320659905,0.8315287926192646,0.6131891451731274,0.4835541420381924,0.5106397631017152
0.0,0.5341646883848635,0.7533713584891314,0.19939503905000736,0.5729555041009801,0.5005299204416105,0.927996781979082,0.3216031520665785,0.8304484266892891,0.6041180784129793,0.4812732000889814,0.4181989302848749
0.0,0.6442524954952374,0.7457896746142042,0.12013661722209,0.6227788077298295,0.5185414294692822,0.9071802091713594,0.3096846459574845,0.8294225458006145,0.594141254819848,0.4801839795588331,0.3456603080595921
1.0,0.570774819094471,0.7400062436303271,0.07649302933160057,0.591789692618353,0.4894680919089317,0.4866251005631544,0.3302890213167346,0.8296974224905523,0.5971471495480375,0.4784216064741752,0.3923627849321675
1.0,0.4358321654320274,0.7433953284431748,0.08697577399489176,0.5274819851167519,0.4044153571180951,0.5215887758126656,0.2646979351409242,0.8300024856629075,0.6023764647904214,0.4758756889760157,0.270344099350366
1.0,0.2961416354431826,0.7453697776279548,0.0916183543386101,0.5142135723212121,0.4482780333131665,0.2533875338753385,0.280802165571926,0.8306933364115799,0.6095319815578062,0.4737045216327101,0.2725248490691642
0.0,0.4637187884334861,0.7515050385096916,0.11338989886551072,0.5414298829305819,1.0,0.3628310898827605,0.24338120059543406,0.8299908541875697,0.6081966506248856,0.4700330318059245,0.1850653077152632
1.0,0.27829419672224875,0.7535600226617104,0.11343904586850305,0.5234678806013499,0.4291895232321229,0.2599218410768559,0.27115338321485233,0.8299796495146873,0.6100774957494486,0.4690294375760004,0.20115694511397306
1.0,0.2690558590509962,0.7610357387080721,0.1488735128801496,0.5188200286053043,0.5110344171217202,0.2099001302648716,0.2511238080265684,0.8304317730231744,0.6149580078039423,0.4670317285748238,0.14428528797373918
1.0,0.4011669479163683,0.7659760536340016,0.1476167044885911,0.5164703567245201,0.4894273800057952,0.5640893470790377,0.2518705569666271,0.8316249643455506,0.624380070413209,0.4671335170398196,0.17618162201868556
1.0,0.4346594971827357,0.7673128765308314,0.14114818349550462,0.4804365117726919,0.4147604435551295,0.5917525773195877,0.3324162732315069,0.8327883524594163,0.6360827362498431,0.4712219782047704,0.3490002984183826
1.0,0.29516917884620864,0.7687007901174102,0.1358257793853665,0.4741019786670714,0.3807387283653729,0.3795730497579564,0.3437796304575312,0.8323261668077554,0.6376630646469871,0.4686191784019961,0.3678465670408376
1.0,0.25741498155192594,0.7723909982947573,0.15256767810738525,0.5088931948475884,0.42146189413840096,0.30204265545208714,0.3017307871814649,0.8318760801380121,0.6365266536639035,0.4645027227565596,0.23383375800564696
1.0,0.3478248434058862,0.7770403750464029,0.15427737204262465,0.4981632121231661,0.4631432672656982,0.32141784319615563,0.30960604080589943,0.8316726313466737,0.6321871296809844,0.461578870551326,0.2406170373941192
0.0,0.37553985641964377,0.7790219563013953,0.12508138641685054,0.5088447446716077,0.4356553646150452,0.5280865124662065,0.3012738947378765,0.8322055156165339,0.6395679057390987,0.4607541042754956,0.20625301287790124
0.0,0.5099962817835999,0.7797657310942901,0.1028628262501992,0.5111280843134862,0.43511458472740216,0.6501201562030645,0.3662803550987722,0.8328107237175363,0.6489234016388534,0.4672014061499866,0.3660675343755021
0.0,0.5359951949203442,0.7801687440326105,0.08742028344833648,0.5212732107265549,0.4069337726690981,0.7326524481826381,0.4126623073559682,0.8326174847032818,0.6543286212277091,0.4681008703250539,0.4613089089364827
0.0,0.2637645510968736,0.7814071187429849,0.09528624021946974,0.4705311319131666,0.3796818903569344,0.439929587795217,0.4330750826582296,0.8320144946032503,0.6521432820053497,0.4664245750327845,0.473532584991851
0.0,0.18977204473300285,0.7892921752511931,0.1301996937725477,0.4913905405895341,0.4085559631277439,0.27920767095634563,0.3956786817916079,0.8314224655184982,0.6560913751407671,0.462851311418095,0.3861074765282464
1.0,0.21642879615593613,0.7970886267846088,0.15809520808872599,0.5007075363904037,0.4056465180926473,0.35987686588836576,0.37386083940476256,0.8314384935502751,0.6640086525205798,0.4607337279016965,0.3253563804145722
0.0,0.22034722420844846,0.8046397554786237,0.17720609986857574,0.5028488560724041,0.400387781810054,0.41745933472167496,0.3871500228446221,0.8314263947884325,0.6690732659837266,0.4583786674418077,0.3417234809356564
0.0,0.14029116494579935,0.8103824326682901,0.17964312864058654,0.4810329646054584,1.0,0.40132883776279227,0.41231840981778334,0.8311872464570479,0.6730798780294498,0.4572339805382132,0.3888506301218923
0.0,0.032405686010925916,0.815181415230876,0.16690477055770114,0.4195918686965722,0.37606074952249335,0.1917561021939405,0.365494303582921,0.8306742291605697,0.6661346028371229,0.4525865217895476,0.2592681863048921
1.0,0.0,0.8238590925594549,0.15758435658288014,0.3966798097988484,0.4020771406541921,0.11324896091159575,0.3342634942937572,0.8307060088057557,0.6628143400645923,0.4493722073991333,0.16352179601955816
0.0,0.15224666075565568,0.8360024206212185,0.16454567046288893,0.3974816818115807,0.3794321092155871,0.2125433558878722,0.2975794526133755,0.8312542442896081,0.6568379067379333,0.4454429172581639,0.07665909143080131
0.0,0.21783027772216265,0.8414023776366065,0.15990693314584994,0.4214727132466615,1.0,0.2904726460736876,0.32591169693783817,0.8321744223657753,0.6623979485457232,0.444815373275825,0.0998024543549837
1.0,0.12999456568372253,0.8443720340453179,0.1512066734901108,0.3515861654161631,0.4137154290717978,0.012219327626845472,0.3822912419122666,0.8322310982768634,0.6656008019040246,0.447185073062728,0.2216749357403308
0.0,0.26962789234333395,0.8531599222553253,0.1835579887381064,0.4103467157603672,0.4516078279315647,0.2499823558472726,0.3409400193565185,0.831890691074724,0.6688758037150165,0.4427929930275567,0.10664829566506076
0.0,0.2946543488831052,0.8558463830213437,0.1889988470975415,0.4295086907018325,0.4174002260031032,0.23212647328675334,0.45003905693469387,0.8309999833297276,0.6654798723161846,0.4509825815329898,0.3766361402725041
0.0,0.30203357835426026,0.8600849665456968,0.21172854631885016,0.43442420530573067,0.35930928162052794,0.19895546615851534,0.4784646448766634,0.8301137917007443,0.6626865798164486,0.4542053122123085,0.3841343674920189
0.0,0.21831650602065045,0.8650146127960995,0.22862090123235998,0.4385169530096018,0.4464271419575768,0.13903592349495406,0.4680985905113755,0.8304458033972809,0.6654753473102528,0.4531509518921363,0.38315297797692016
0.0,0.34273374710408155,0.8719536126071629,0.24413431524431145,0.4600715763369431,0.4537211589713753,0.3346742889406455,0.4555414175456524,0.8316525515632996,0.6764579676157169,0.4514858278641203,0.4220641457631346
0.0,0.3869519206017785,0.8737239953470984,0.2338707949225439,0.4381898839457123,0.3862989441803285,0.3741266144399744,0.5116605829554554,0.8331778291159583,0.6914522119781914,0.4539123935728594,0.5193227671700156
0.0,0.3187083488259015,0.8768778863973979,0.231248805566711,0.38542208047782267,0.4220156765734237,0.1692427129649235,0.5041783550889466,0.8341653465252828,0.7010026364227163,0.4529695491850792,0.5222763010108572
0.0,0.3225695735491801,0.8852421740341264,0.2551532000402548,0.3887367040444303,0.375453667612686,0.2950808102194928,0.4235785977823521,0.8354613683644995,0.7112163452660313,0.4480288311611716,0.3953887432921504
1.0,0.22658238709492864,0.8916805291818742,0.2509532792062179,0.3439710385435253,0.3600043947171638,0.07798715505681382,0.4468408098295741,0.8362112323621831,0.7156530970186332,0.4468875879706666,0.4392965597570613
0.0,0.26779738580785395,0.9031415103997876,0.2766751427508459,0.33746202643358986,0.381182774445919,0.0006985950477366933,0.4198202889721884,0.8354025042921586,0.7168241144285982,0.4441394208432072,0.3502121552477224
0.0,0.3909561536481421,0.9142959058757806,0.2982824401138975,0.4099356020025743,0.5419386959481092,0.13874092009685252,0.4500980107983826,0.8349455176501007,0.7204120186059773,0.44385341901569203,0.3832210158492447
0.0,0.456368160626948,0.919424246652152,0.30856946143886066,0.4163993366563503,0.444211119572896,0.2616222760290568,0.5292190086907821,0.8350060557091928,0.7271634238219865,0.4489660459210631,0.5497004867090979
0.0,0.4797929239481734,0.9228692394164308,0.3063265278753947,0.43507968394083796,0.5768312077186796,0.18861813695249832,0.5364261185267428,0.8347403242680648,0.7300744945105558,0.44977919534610733,0.5661113191064521
0.0,0.491891428081114,0.9272256087386279,0.3185097018750857,0.4453455063083607,0.0,0.3375099127676445,0.5721472471002067,0.8333473278386568,0.7270792995271532,0.4500718873346996,0.620699696326802
0.0,0.5482939107056028,0.9310976802680828,0.3483586442946865,0.4977228973397072,0.4651746887574493,0.8888183980967487,0.6298286898977641,0.8322829278677287,0.7286070705694452,0.4528829390865109,0.6851678522401093
0.0,0.5100820867774498,0.931331419041354,0.3655667310960151,0.5108726612676071,0.5343206044885032,0.8437747819191095,0.6594284422915369,0.8310489788569663,0.7330510991858749,0.4559083935686216,0.7827173179405044
0.0,0.4357463604381768,0.9322668987727466,0.38567127975850346,0.4981191610526352,0.4985311463428256,0.7324455205811126,0.6590992832192739,0.8304756412158801,0.7376211555496627,0.45604524584598,0.7646146252027363
0.0,0.37062037010554016,0.9340461750176662,0.4042471203459512,0.5035614390875136,0.5540215523131348,0.5074659400544953,0.6700057480017095,0.8301891913318368,0.7426128947796172,0.4534900024822166,0.7794780652870241
0.0,0.3448502702857307,0.9339101821650097,0.4052140666345269,0.4880982574997639,0.4994158144980749,0.44724512743628186,0.6512928091024763,0.8300150423975364,0.7459063899836431,0.4509365620183439,0.7837364940341439
0.0,0.3562909361324823,0.9330694067048804,0.4010325802628283,0.49700408859688294,0.5113181906897777,0.3146551724137923,0.6452598637183182,0.8293773472333331,0.7520820396907055,0.4504481990039925,0.7627793869057621
0.0,0.3376712524668937,0.9318741287311616,0.3710932957051605,0.4865990413369973,0.5537586114875943,0.3536356821589205,0.6518872605613389,0.8270844792288546,0.7502186584104489,0.4513848041995885,0.7443924910289745
0.0,0.3659582987729877,0.9305246651569499,0.32360874544430673,0.5100098818860527,0.5471504339173143,0.2479385307346308,0.6848277318974789,0.8248258060109067,0.7502728967633586,0.4513564594413224,0.7684537458999735
0.0,0.3888110288018754,0.9298802405245438,0.2773023122082995,0.5279035463991396,0.4723196805319241,0.13864016530551904,0.7011383008513921,0.8229923914715697,0.7444725691475337,0.4493944432938221,0.8015419760137066
0.0,0.4426679632754622,0.9311062711574136,0.2589112068573604,0.5617316072144102,0.5189807010071807,0.34310735019187105,0.6986966283302791,0.8220688933725141,0.7423926461279964,0.4492341337409209,0.7912805585748235
1.0,0.4138660870062635,0.9309415355030384,0.2806387557912205,0.5373235124218075,0.5118156141093584,0.1878382367411188,0.7047787019341782,0.821421345293062,0.7380917585215304,0.4498898348481637,0.805042279987473
1.0,0.3680462202900207,0.9323745599859846,0.31632354963698794,0.552529513444436,0.5123511847706888,0.09072124372724603,0.6760927344275824,0.8209351374835744,0.7392894071323248,0.4509272178503054,0.7541681251266555
1.0,0.3727368932871887,0.9362460247913303,0.3603680627515493,0.5564115604173479,0.49726396451138705,0.039850437862835285,0.6744076364904762,0.8194575858601573,0.7326311717714961,0.450675777549527,0.7552734842762657
1.0,0.4040557160426733,0.9412165024134524,0.3828448333285762,0.5777433218499488,0.4919114905376512,0.202007281314572,0.6858446860461118,0.8180067851840979,0.7346724323311381,0.4523763198615196,0.7247103037895399
1.0,0.3894974687526805,0.9465281602794215,0.4041456580523801,0.5682782585722596,0.526164167478439,0.2295582013185073,0.7137102122830374,0.8164078689244242,0.7362695979844923,0.4555124039700471,0.7882424318127067
1.0,0.2744329719989701,0.9510976117670814,0.42829629450242535,0.5411905758301602,0.4966985160232306,0.10646462658663708,0.712344447774246,0.8173974277522168,0.7560276948151105,0.4554625601641902,0.7796325871467958
1.0,0.3362983725652827,0.9579882773966999,0.4663492747644106,0.5298093837308909,0.5043760527518969,0.24953261832136056,0.6434126426560677,0.8179526269853415,0.7651698393141629,0.4508581243797043,0.7299006968174798
1.0,0.2924806223722223,0.962202877793366,0.4940587658793998,0.5411907431326324,1.0,0.12437272458919695,0.6671513984347748,0.818826763367475,0.7782656284620805,0.449779097499933,0.7566402869353412
1.0,0.2601607413551466,0.9689314187707846,0.5430296590692787,0.5231917246803293,0.4957402805034735,0.12624225130374805,0.6727078000874481,0.8166566104109972,0.7720072118724725,0.4466043695535093,0.7653125864330259
1.0,0.2890484226181965,0.9761252612872012,0.5986615791003242,0.4885219278982928,0.4091048706535176,0.18775352520764985,0.6955917248426667,0.8142126296146052,0.7686272111974437,0.4494663609167723,0.7499486978167573
0.0,0.34176129050710713,0.9812277119158224,0.6371273705251005,0.4726215013395199,0.42110387593043697,0.25904761904761925,0.7183724803364301,0.8136687431832025,0.7714031494012926,0.4482867598655946,0.7675492610837439
0.0,0.42176014644052257,0.9849321715709486,0.6627155179549257,0.4905421905573558,0.5010221736024825,0.12833284500439485,0.7016639728026173,0.8143395713411558,0.7833493732679059,0.4451857615706532,0.8196516537649541
0.0,0.4853988502130821,0.987665756979162,0.6936217922669368,0.4895719755302584,0.5126239303834721,0.43876355112804055,0.7292985964067622,0.8156534848147258,0.7971756602377739,0.4482400609823624,0.8701090781140044
0.0,0.5382833280896939,0.9884032978281831,0.7333020746843908,0.5376622629232289,0.4841303944666055,0.7453852915323744,0.7368889063567003,0.8142908948602979,0.8020195569397587,0.4489444609617424,0.8925404644616469
0.0,0.5849612447444437,0.9861615970722732,0.7397155230303578,0.5333619545247419,0.5051376272535849,0.8945209493114555,0.7484045610639205,0.8127836148283129,0.807410615885722,0.4503575316018583,0.8847202674173116
0.0,0.5409146812344477,0.982134134363076,0.7371075880913648,0.4944948594589657,0.4960763534070392,0.62862584236742,0.7677365155318867,0.8111910073457985,0.8173074506890144,0.4486743756660557,0.917690007037298
0.0,0.5643394445556726,0.9818418563174544,0.7447831975146137,0.5224397585188172,0.5457549868763885,0.7849399355405793,0.7575571484016133,0.8105731309965917,0.8308747801130391,0.4514633558599146,0.9041959887403236
0.0,0.4501329977404685,0.981920178262844,0.7837588882161332,0.445788398026728,0.5560674290324094,0.4748022267799602,0.7403180560946011,0.8097620554332253,0.8423921946636425,0.4531521204623098,0.8940358902181562
0.0,0.3211394903183367,0.9846659095418591,0.8200512706357249,0.3642026964532966,0.5549075657674302,0.20011675423234188,0.7272057342458081,0.8091912020650046,0.8463311292306946,0.4521164257007679,0.8583743842364533
0.0,0.3399593856362434,0.9880787933598706,0.8498928028161616,0.34057874588083265,0.5908558622433917,0.2228838295388196,0.6886400817493576,0.8083744389542961,0.8442654336323324,0.4519899566277074,0.8029644616467279
0.0,0.3683036352715724,0.986929082404846,0.8163198222121575,0.3751671825901728,0.5260619525128105,0.15621716287215254,0.6840858957793947,0.8089592258088231,0.8523804080194325,0.4552550331785995,0.7993314567206194
0.0,0.507679546949632,0.9856005389126165,0.7841059354582358,0.4596321318379416,1.0,0.2280210157618208,0.6523490658269016,0.8092160797263915,0.8681767066803713,0.4550849986644899,0.7835151301900067
1.0,0.5470926407916936,0.9840170968248196,0.7477062801555951,0.4898467249649289,0.4570134075823698,0.21487781246635826,0.6339112449582165,0.8098406648254136,0.8939392663442302,0.4533367998454878,0.7491115411681915
1.0,0.5570460200783681,0.9864397640362784,0.7609334006553723,0.4981537126773878,0.4934356435727578,0.2744105931747226,0.6230342571076251,0.8096198836171152,0.9010877794088278,0.4556973965144484,0.7472290640394086
1.0,0.5541000486228295,0.9898761151235494,0.7838384599001423,0.4953253632134672,0.5352594042063453,0.35934976854343925,0.6258050887010005,0.8098791934458135,0.8915561193777216,0.45222514088121,0.7501935256861362
0.0,0.6250321768726935,0.991562874514722,0.8148124890683593,0.5611877429767486,0.5771578345088193,0.6577672515878981,0.6070282831161048,0.8097102697444548,0.8797438823663551,0.4537982096457594,0.7360045742434909
1.0,0.6474844835969452,0.989244944504195,0.8263490212142419,0.5771062439396587,0.5532270925827928,0.623584083647981,0.6333364447872505,0.8090891971423463,0.8736134241901269,0.4529696882143196,0.7823715693173825
0.0,0.6407344907473611,0.9869517100770736,0.8492832463864717,0.5695027886539951,0.5928425164620229,0.6487559299060883,0.6451124790590962,0.8075760569479297,0.8782919047322569,0.4543527381255668,0.778764954257565
0.0,0.688871092297571,0.983330461061922,0.8487797864012151,0.5650073518031278,0.6036767169693391,0.7599961274082666,0.6573797955283491,0.8061648250926355,0.8802220137192162,0.4519505822921326,0.7883180858550314
0.0,0.7634928352830126,0.9773820447227324,0.8425428439925016,0.609247817001927,0.6184557742012745,0.7602577144794829,0.6850389832423643,0.8045186527558673,0.8798802552636581,0.4550006828884278,0.8418103448275863
0.0,0.7568286474272803,0.9713746093484,0.8303981635522282,0.6060727409878003,0.5944856514156313,0.7616825946271348,0.7243071692811067,0.8031158431389992,0.8805945850178717,0.4556471080945249,0.87905524278677
0.0,0.7034579412521806,0.9663696742295456,0.8284963623202529,0.6239386805041405,0.6484265632580505,0.6303709835202039,0.7187704189163295,0.8004911265580549,0.8715762922042795,0.4587505003057434,0.8765130190007037
0.0,0.7401252752910215,0.9625586661290194,0.8163715960928744,0.6447027128223027,0.6174484687787306,0.6223944615847692,0.7379107733273067,0.7981208222655057,0.8663990903787603,0.4610725025655752,0.8676020408163264
0.0,0.7925807281983811,0.9570151259633968,0.7824916816645369,0.6287358229386948,0.6375823788969405,0.688279464577212,0.7376749578725513,0.7949528446981329,0.8547560550320726,0.4613441038685964,0.845197044334975
0.0,0.8361696650745067,0.9529395662039076,0.7654218987675274,0.6503234604050884,0.6500929719935666,0.6742639501843898,0.7467587657026069,0.791916423785132,0.8394876851906855,0.4625641491827127,0.8332160450387049
1.0,0.7580299173411889,0.9492421438791856,0.7673115508851698,0.6200892104645372,0.6787676823604732,0.6742968884798983,0.7496671563112569,0.7898965741105334,0.8289011870371831,0.4633981908019013,0.7989481065918657
1.0,0.7989016960787112,0.9473267711114745,0.805518726735968,0.5928692303249959,0.6775220304008244,0.6993170081625851,0.7410107639929452,0.7875925318262597,0.817763385783486,0.4620230441099832,0.8114792426522477
0.0,0.8566484569401935,0.942388914240028,0.8305224792057048,0.5957852194932735,0.0,0.8034871453162303,0.7554790247065817,0.7869645945396312,0.8219164590711435,0.4640040304586104,0.7926770187919119
0.0,0.9712553270600344,0.9359686112132848,0.8517201784532972,0.665570795263163,0.649800787759944,0.9918167869523212,0.7697360340753329,0.7861357998053357,0.8251400619635222,0.4649870416545063,0.8524721565980422
0.0,0.9165975459771756,0.9248160458231716,0.8254454271083895,0.6472201693173565,0.6531177338381927,0.9866434378629504,0.7896575271801876,0.7876419342194653,0.8402430954815815,0.4670263753182418,0.8975869051636853
0.0,0.8537596888138885,0.9159089667085402,0.8089784343840047,0.6553590677278219,0.7416052988051952,0.8959349593495931,0.747520253108588,0.7871845109677412,0.8440071001743726,0.4650679842651831,0.8903476206547418
1.0,0.6442524954952374,0.9073525706949204,0.7836278808943811,0.5554161229465974,0.6036580480579995,0.9912148371639008,0.7456189910046227,0.788100297855795,0.8555333151981833,0.4654927968184298,0.8446760040499492
1.0,0.5791265051626001,0.9047673112294358,0.8018392451175598,0.5634084040376431,0.5682179163136639,0.8230352303523043,0.7186770752988221,0.788246893624761,0.8648738471665273,0.4614339633236485,0.8656176172797836
1.0,0.5501530189057003,0.9026300651285992,0.8094690736553264,0.5395251110174325,0.0,0.8415537488708225,0.7022977268372728,0.7888098083965981,0.8783150078325593,0.463067662241887,0.863609517381033
1.0,0.5807568000457628,0.9003267476703928,0.8267473398136352,0.5134519079294588,0.545136961150921,0.9221318879855476,0.7237028921782959,0.7879216923689382,0.8846255687409016,0.4616332997429277,0.8780037124535941
1.0,0.5736635872207757,0.8942832004329427,0.8045070195693902,0.5072981999076164,0.5433400815787739,0.9611863786158916,0.7354297982304017,0.7853745913167397,0.8815731074012237,0.4628315827786735,0.9029109011137364
1.0,0.591568229270943,0.8875025555215353,0.7842375550769554,0.5198596488664989,0.0,0.8862428655776406,0.7507135873917337,0.7839821965925061,0.889809232631286,0.4647518034603311,0.8877489031387108
1.0,0.6061550782255525,0.8804525337563506,0.7472541014657735,0.4809355580255189,0.5362256284147381,0.93505215508758,0.7131403249340453,0.7812824537018513,0.8902212384973475,0.4643382284962299,0.854463381707729
1.0,0.6404484741011924,0.8737857742148462,0.7134238207287935,0.5027492455706178,0.5106275762838641,0.9696183371175268,0.7484045610639207,0.779812182538235,0.9016540706578638,0.4644862967607272,0.862867026662167
1.0,0.5428881960930128,0.8663664802297714,0.6744800130030562,0.4869821908259818,0.5380505255653565,0.649799978376042,0.7509985310662297,0.7779835167060919,0.903488780498914,0.4646800481024967,0.8725531555855551
1.0,0.5665417727311723,0.8631914392538061,0.6539432874396602,0.5041691677154378,0.5097316306050097,0.6383392799221533,0.6930075804843059,0.7779484618400346,0.9172628291827288,0.4627172367660234,0.7918157273034089
1.0,0.5960872922804106,0.8596485072408487,0.6504372390834023,0.4737374923858176,0.5323558235561936,0.6514217753270625,0.7033687220276199,0.7776891143417081,0.9224657282184541,0.4634574386610405,0.835791427607155
1.0,0.5478362840717331,0.8568645642050897,0.6704835430416728,0.4903636153080758,0.5665114848013246,0.5013514974591861,0.7065620563107655,0.7770084212788736,0.930733353226659,0.4639699529716567,0.8235993925075938
1.0,0.4651202699997133,0.8565484576585386,0.7053156532629584,0.4750871771793455,0.5765388541141833,0.32944102065088143,0.6865668708762998,0.7783126188570614,0.948190393014396,0.4657301091467372,0.7970975362807962
1.0,0.39601864828533,0.8584256359451167,0.7483585133029029,0.4604209035862417,0.6002712441055604,0.09828089523191852,0.5976497059676047,0.7794602291066853,0.9643283717850072,0.4589411965982269,0.7539402632467094
1.0,0.4673511998398305,0.8615174438429141,0.7866250689963001,0.4698808908658511,0.5643306755800126,0.3639312358092776,0.5778166436582839,0.7802158020557205,0.9723774268804052,0.4573061642114344,0.6913094836314548
1.0,0.4901753282041014,0.8591723221880833,0.7920461205375615,0.4929693442360055,1.0,0.2175454142667269,0.6134444286142402,0.7785091479164422,0.9686560750136732,0.4574535872771444,0.7343570705366181
1.0,0.5847896347567425,0.8572178075914104,0.7852299135377779,0.5730108295384813,0.4711217608051208,0.20170580416482106,0.5984701472372744,0.7773373775145612,0.9698668208405284,0.4560778196464077,0.7037293283833947
1.0,0.6046677916654748,0.8558183811558014,0.780159592318266,0.5875647318499243,0.4419840198724385,0.3067463993935827,0.5886887186869009,0.7760793250918064,0.9728619437853242,0.4588746726866637,0.6888288896388793
1.0,0.6674770471641449,0.8588927854657146,0.8011148106353871,0.594367671002718,0.459111471223426,0.4760543797311918,0.5861537025482808,0.7747862233748392,0.9723164979352568,0.4588806577440934,0.6579311508606142
1.0,0.6417641506735685,0.8613952759229805,0.8292702405827965,0.5659552215449924,0.4676368973696773,0.5309376668955517,0.6331251934423653,0.7736557888632035,0.9705744382193109,0.4603432279898161,0.7298768140398247
0.0,0.7192460601206987,0.863958474562141,0.8606466319697516,0.6496768834836181,0.5060227856074321,0.7649347676813919,0.6196787996993354,0.7725137227798652,0.965703687230732,0.462735350153608,0.7112807964900442
0.0,0.7241941480994192,0.8607262190069491,0.8668855694552648,0.6558015808649196,0.0,0.7815671015487915,0.6810448589774449,0.7716330200163791,0.9624802877083576,0.4658150156880052,0.8018140398245017
0.0,0.7875182335611925,0.8572739890352216,0.854814444144713,0.6743959507115579,0.5287651277524494,0.8744945448996715,0.6972817356017469,0.7697535395064047,0.9512693721743904,0.463848496315374,0.8291765102936214
0.0,0.7542544976117607,0.8506504742932114,0.8103074786848576,0.6747118342424596,0.5274493900448818,0.9475186833487278,0.7302418582257835,0.7677476362221841,0.937966252428042,0.463775359388809,0.8631370232872091
0.0,0.8075107971283929,0.84524202687966,0.7648809633125386,0.6696154629968586,0.5043325642243461,0.9928625409354276,0.7324821050459593,0.7657323115600038,0.9255618312296421,0.4641898157518994,0.8515693553830576
0.0,0.7118954323141605,0.8377525707333967,0.7409241015758402,0.6368983068511531,0.6005109733277376,0.9679800498753114,0.7469798426914405,0.7634584289089689,0.9190125294592076,0.4657244068693556,0.8819946000674994
0.0,0.7023996796613556,0.8334315223358545,0.7349613722405433,0.6710642389872864,0.5242995205810222,0.9665835411471311,0.7740249276586961,0.7606242936330628,0.9144570862588008,0.46500994963044,0.8936044549443128
0.0,0.6600978176929893,0.8291956969291919,0.761053006588746,0.6468305367698269,0.4958113577379394,0.871713409290096,0.7991392735901427,0.7570855118706127,0.9033127350595046,0.464072089353639,0.902708403644954
0.0,0.6130766810628372,0.8265157572020453,0.7879785014709972,0.5955936561998367,0.5315705152332693,0.9290764471939894,0.7967860318645632,0.7564684918889516,0.905829263419162,0.4641989180089681,0.8784864052123793
0.0,0.5919400509109627,0.8233150816856766,0.8169433182398407,0.5813239897361613,0.5346798059673457,0.8260053026955368,0.746621206687333,0.7562439338994519,0.9116807487596332,0.4570103024475989,0.8847429311280954
1.0,0.5678288476389322,0.818754173819577,0.8171717475421741,0.5635073227696205,0.5653160054135755,0.725254087494475,0.7479427557983579,0.7558106569226023,0.9164373994814996,0.4574112172180181,0.8666583134945495
1.0,0.6187398106569796,0.8134668202495642,0.7950970233740736,0.5544826064238765,0.5468036059309003,0.7582854617764018,0.7627893038039978,0.7532406445618881,0.9110668352307141,0.459169569196796,0.8613289896838323
1.0,0.7384949804078594,0.8072866624165366,0.7801568661812371,0.5982165631962642,0.0,0.9021210782147604,0.7659531611552991,0.7512394256835307,0.9056372268162364,0.4556960320160098,0.8659566470367119
1.0,0.743929296685067,0.7987949374890427,0.7510182023108702,0.6044135655960781,0.5501763139322194,0.9383367139959441,0.7907923890561974,0.7492953615396712,0.8997662799127085,0.458348387561993,0.9120995698116356
1.0,0.7616909304121494,0.7895194517841925,0.7149752829517668,0.6142925564411853,0.5883874671951485,0.9725709463023512,0.7957346879621124,0.7468468141597314,0.8949986643862571,0.4591964034748742,0.8935471745395317
1.0,0.7751337127820834,0.7793757034409087,0.6664188400529187,0.6241400171389268,0.5663596171491749,0.9951503394762368,0.792570830610811,0.7443783081597394,0.8916472951730253,0.4591376163080678,0.8740675771624272
1.0,0.6745416583245138,0.7719580272891714,0.6323081914416513,0.6148804670098084,0.46010992817591495,0.7533984300210609,0.7768498002937869,0.7422794776830987,0.8924870700363537,0.4615371143499717,0.8484400451071298
1.0,0.5883934444984695,0.7691205009083383,0.6349233511817235,0.5847330714087132,0.4463812947535792,0.5888378326632201,0.7453733499059195,0.740579811774717,0.8912077113298249,0.4588766913125453,0.7811552437037967
1.0,0.62414552526957,0.7695155119931442,0.6419138831655653,0.6119884380842844,0.4687237186396742,0.5172314761631241,0.7543687269404417,0.7391818890559144,0.8870108501748807,0.4560805496501785,0.7954141085077058
1.0,0.6316391613991934,0.7704252509380699,0.6583709627118426,0.618152558313911,0.4526090872938064,0.664081945242199,0.7402885791627569,0.7380210727262452,0.88781626737308,0.4585025421264403,0.7755299293427546
1.0,0.6133054943797727,0.76950977255594,0.6620106768239673,0.5983331390001214,0.4560076020175668,0.6983534367221905,0.7533615984357571,0.7364047909095358,0.8821645841919373,0.4561770238176062,0.7966771097187038
1.0,0.6685353087549695,0.7672873894839473,0.6464169944147236,0.5864529963973388,0.4729517146148512,0.7026613057629721,0.7637718681988118,0.7348533637801417,0.8795393012620688,0.4574850778382789,0.7924244054664799
1.0,0.6434802505505817,0.7667847625023966,0.6497699257152545,0.5713990817460836,0.4649774697569722,0.6073138043270154,0.7584365435349718,0.7326991610095134,0.8715827712639473,0.4566798578973828,0.7956148182123464
1.0,0.5358807882618761,0.7689792485353154,0.6527752059652516,0.4788266542166105,0.4218258113392852,0.7016082711085577,0.7630840731224421,0.7318442435561171,0.874365284853056,0.4575135710715771,0.7773746242618329
1.0,0.4823098704344586,0.7715570107711732,0.6720666387462163,0.4924047538158159,0.4073832897928758,0.5750526517327198,0.7413890512849484,0.7302290784038875,0.8758424662633372,0.4583339617046509,0.7741607737950091
1.0,0.4751308526156216,0.7720777586756388,0.6416723123088193,0.4877947954310076,0.4402460693054628,0.6921309592188389,0.7471812683923775,0.7283051862203817,0.8776601837351165,0.4592243863072604,0.7603023652767621
1.0,0.5289019820953578,0.7709279353245887,0.6149611312284234,0.473547417243341,0.4232080906009712,0.7225732337736932,0.7939120310097321,0.7258171762608464,0.8754172790584093,0.460818270607445,0.7980283956536929
0.0,0.5156880130423586,0.7657282180975956,0.5572437400652505,0.5150479109432053,0.0,0.6982577062990621,0.8020329257328702,0.7230383733834632,0.8700763310857057,0.4616067925613563,0.8247556493861914
0.0,0.679146526327832,0.761142086187146,0.5000466174884532,0.5680985743274325,0.4502419496854699,0.8990044035994644,0.7984072631160062,0.7207438884332623,0.8604330946398691,0.4617606886211529,0.7938773295295976
0.0,0.6985098532734602,0.752679644389657,0.4201621876540155,0.5779860124647325,0.4041664118583398,0.967697811447812,0.824450132400552,0.7183740293797499,0.8512630509560221,0.4609510941393451,0.8206560256370748
0.0,0.687269399079026,0.745173268707381,0.3739239375765758,0.6179503353729762,0.4815887260167473,0.969516728624534,0.8147718731116341,0.7160328222777733,0.8437383896351233,0.4601095907690204,0.8088527402413698
0.0,0.6807768212109939,0.7384202293864647,0.3282200137853437,0.6160011009222116,0.5037175101528685,0.8702628883578004,0.8564866444934633,0.7143376583176412,0.8465301831801456,0.4611187515828205,0.8530054603765932
1.0,0.5648828761833935,0.7316363782125496,0.2774574323393889,0.5965646659589915,0.521593218615127,0.5419369523159219,0.8212174955416139,0.7130819408378174,0.8527956774125166,0.4614943698845431,0.8083552700069899
1.0,0.6137059176844086,0.7289117986768715,0.2560465851922836,0.5758718742594637,0.5034105002346716,0.5519517468988271,0.7804705500886765,0.7127829694549627,0.865816409767386,0.4606398535750033,0.7700144261514897
1.0,0.6189400223092982,0.7261043634159984,0.2583870202200325,0.5791021271865892,1.0,0.4770683964948221,0.7634623604144455,0.7126001466195261,0.8751999918324463,0.4625420857758651,0.7531417778372669
1.0,0.4894888882532962,0.7246523887639406,0.2771083861817947,0.5480589947727303,0.4547094181236535,0.22703829693843994,0.7447985497349532,0.7116770440393948,0.8780605646164369,0.4644129841475014,0.7300673716146879
1.0,0.4990132425707173,0.7267315465733747,0.296536424915285,0.5040587123412666,0.5151215248624851,0.2342806979040943,0.7128259043277048,0.7104202411547013,0.8811470759702106,0.461453483386845,0.674534124540817
1.0,0.5695449475159449,0.7271233406172349,0.29911861591043365,0.4986349298140639,0.5046681299961261,0.4380189798339256,0.7099420778289256,0.7095665368082703,0.8869172400002022,0.4612952653644205,0.6628890971013846
1.0,0.5322483768555327,0.727327813794688,0.3047488781134492,0.4761326041384916,0.4797671045411439,0.24051008303677365,0.7154493512618583,0.7090125674123072,0.8978477421953975,0.4617151285749668,0.6828403158881006
1.0,0.496210279438263,0.7293076820582337,0.2922688085768602,0.452393553760185,0.4751232322579413,0.3823104345312643,0.6916221646876182,0.7088166829055694,0.9014132630428552,0.463092616204305,0.6493627210398727
1.0,0.602665675142293,0.7306704961102101,0.26772599712384426,0.4653991945955638,0.4925961939535723,0.4785624819346751,0.6990749156222825,0.7086073005518746,0.9051918951344614,0.4638058047441489,0.6700575558827468
1.0,0.5471784457855442,0.7316182607509477,0.2226135467714147,0.4852675834499413,0.4276310026858667,0.3571176885130367,0.7029413065158756,0.7081134006158846,0.9063284405537868,0.4641567075681794,0.6816728386799329
1.0,0.4061436375597056,0.7349946091475049,0.21457675112325755,0.4555355225078758,0.4386386652457129,0.3465468639887244,0.6636485563672627,0.7072659135433651,0.9104302984834246,0.4602838481332465,0.6174839007123841
0.0,0.6324114063438488,0.7414015201038567,0.2482003944965932,0.5298836487506562,0.4703886070085015,0.7647110641296686,0.6694456862966656,0.7062905189539167,0.912998208802096,0.4571962655257187,0.6243846577135295
0.0,0.5694877441867117,0.7403116822549837,0.25607018160354783,0.491244284424841,0.0,0.8132487667371386,0.6954983812251596,0.7053710461752908,0.9220234698518244,0.4565931040177682,0.6545308526301701
0.0,0.492091639733432,0.7409853034614263,0.2804499398473873,0.4524925337600525,0.4641421874588986,0.9430937279774486,0.7121184579634385,0.7040247922190799,0.927590041899506,0.454813910249543,0.6784083641933996
0.0,0.4278809026685347,0.7383428090401808,0.2773080083276716,0.471746272473493,0.42726034329481655,0.7276778608944768,0.7444153496209754,0.7028426514527774,0.9345919886979812,0.4549567298841836,0.714719136215589
0.0,0.4277950976746848,0.7371219276238578,0.2840660734673945,0.4717713194568415,0.5183372993564203,0.744230463154545,0.7938923797218357,0.7009120309541589,0.9329669309354476,0.4609625164895775,0.790657207870432
0.0,0.22160569745159134,0.7356550418804203,0.2969609759434109,0.4199096447036391,0.4926693638831845,0.4056597099398658,0.8189035563918269,0.7002668140659829,0.9434565395401644,0.4602233794049602,0.8056038905992058
1.0,0.15708034207590865,0.7395011164794089,0.3409922693596361,0.4391103619302457,0.4951446008267684,0.2775051358137409,0.7455354730310635,0.6993830154269814,0.947286458323412,0.4549836871021323,0.7430657802763274
1.0,0.1666046963933297,0.7420341279808397,0.3658579144609938,0.3930188240158781,0.4495070305392454,0.28746397694524506,0.736112680484797,0.6992532814278062,0.955772709073717,0.454144843233688,0.7242374217344101
1.0,0.1631152933100702,0.7451201388701488,0.3951281327320041,0.3881423808846488,0.4658799170559135,0.2179671913101311,0.7535188087389275,0.6979066588310355,0.9558982798674032,0.452456303819388,0.7450289266645845
0.0,0.1211852529817235,0.7497574100066081,0.4399409626293525,0.3762452254578501,0.44868494382963386,0.2600448704874572,0.7241008307581958,0.6961279257807672,0.9577949976333898,0.45338593057446896,0.7005978673091507
1.0,0.08763550038612239,0.7522315082779129,0.4464054166281759,0.35017609045159903,0.469260097719954,0.17723130186854066,0.7394091840293979,0.6949838100428537,0.9640228089633964,0.4514785380973498,0.7068144975386307
1.0,0.1609415667991873,0.7546576885308706,0.4187092926732203,0.3958384707465076,0.4560178359918803,0.1344127081105849,0.678662140320021,0.69327838613158,0.9722975547732688,0.4486724722065572,0.6261693362483082
1.0,0.267139547521665,0.7576218983091453,0.3788001780113149,0.3968706532620203,0.4417080858739561,0.24016088793849585,0.6771833809058261,0.6918669987292329,0.9868477186066468,0.4488395132136093,0.6046119067802912
1.0,0.3012041300803708,0.7598472140913853,0.3357747010952319,0.41489250711599385,0.4430156057685231,0.2265668754136761,0.7428530722332212,0.6903184980780576,0.9947765258378728,0.453409783137005,0.6848555154002883
1.0,0.2794668649715407,0.7629063994771687,0.2860080600255308,0.4018947786952629,0.4378416630384605,0.1668448653327223,0.7499226230539083,0.6887945505478056,0.9993481556763624,0.45424321411719104,0.7016512734396866
1.0,0.2939679089322994,0.7684267601104894,0.22957301566964836,0.4090344596221615,0.4040501397557652,0.1315106155491067,0.7240222256066107,0.6877577748218858,1.0000000000000002,0.4516758515377052,0.6582924565822619
0.0,0.3932728884821093,0.7779022378581534,0.23194673055777576,0.404826628284874,1.0,0.2604246219642584,0.6977189767574392,0.686958273029073,0.9959127423451728,0.4526937317894067,0.6204943509066538
1.0,0.21468409461430604,0.7860187984588093,0.25963005975356696,0.36883449987802025,0.3923978943012961,0.1217860597729238,0.7529489213899356,0.6863224569355727,0.982280674706301,0.4597909780205928,0.7088535880098007
1.0,0.1774447272831277,0.8015250165534563,0.33589988661080605,0.3568104488707353,0.44097897095257865,0.04541164714372989,0.7207404605279317,0.6857612138771564,0.9743658550575052,0.4564938447257994,0.6561573382581247
0.0,0.24222749764036244,0.8151341019657018,0.39099664248909705,0.3819759560826253,1.0,0.2656981915209017,0.7352283725294646,0.6843697629350155,0.9687068970855492,0.4579607508267807,0.6968383721700232
0.0,0.20024025398278167,0.8214737720353628,0.4181029658072401,0.3508523493951777,0.480951778707703,0.002246037348392626,0.8268426767019244,0.6832387937931613,0.966063831882398,0.4662831692850841,0.8001486266748095
0.0,0.3365843892114513,0.8315212636015655,0.4540179065010093,0.3711760268374599,0.4666443436215106,0.02417263992679464,0.7448280266667975,0.6809784727677589,0.9571963580651212,0.46093726911585,0.690024205970806
0.0,0.4426679632754629,0.8389601099643741,0.4863571444079722,0.4216594911540955,0.477942107729551,0.3316528348716373,0.8147718731116342,0.6799418837522256,0.9616747755270872,0.4666729819805314,0.7895254162693468
0.0,0.4876011783885818,0.8421540853673841,0.5111778923140429,0.3973865520975137,0.4935402515564655,0.3846273171488414,0.8779360252322537,0.6785737209628132,0.9745293756588064,0.4715304719320592,0.8796554800828921
0.0,0.5155450047192742,0.8439796390366273,0.5357841025159413,0.36209839930847865,0.5227674388439142,0.4009927867835261,0.8673292425902359,0.6768605700912128,0.9817969602106016,0.4694921017578267,0.8800296454064008
0.0,0.6333552612762061,0.8450064115632604,0.5463092213646987,0.3778752397146173,0.5309310818041819,0.6795160164430317,0.8611194356150116,0.674919946239848,0.9817969883862382,0.4689320338247995,0.8682938061247986
0.0,0.7296570660412429,0.8404354884799748,0.5249101534057755,0.37495432078881896,0.5764303847451724,0.7869386488792367,0.91314130749844,0.6723598449882352,0.97217325326752,0.4722560654413653,0.9300454754777802
0.0,0.7797385807854016,0.8335856629347126,0.4876328050783666,0.3974062344768441,0.5409466849488083,0.7884881043745208,0.9162511238080262,0.6691681160927413,0.9687328891017448,0.4727762324500819,0.9266204236702736
0.0,0.7478191230729625,0.8262792560093813,0.4586329820167218,0.3843994862254403,0.5771145562403531,0.7075812274368241,0.9239986440611352,0.6659643249522625,0.963025872032728,0.4739355905725264,0.9233608680635504
0.0,0.8636272631067126,0.8188919556720243,0.41875486332585216,0.40009043620265977,0.5796626445053803,0.9078019394651782,0.9339471085586272,0.6631424759754126,0.9633817445953198,0.4753154266470256,0.924644275197468
0.0,0.954580556588393,0.8098925886053748,0.3815645478711807,0.43873112590336855,0.5207824721498633,0.9954826438421304,0.958535782538848,0.6603415373645697,0.9583459346089246,0.4785004923308535,0.9861686819441166
0.0,0.7226210565454908,0.8027654768167253,0.35067491583712346,0.3546215858933624,0.4460391034207866,0.8809083707420124,0.9515595753356684,0.6578417904305971,0.9457839660671676,0.4781910581307745,1.0
0.0,0.5842462031290223,0.8011691400681001,0.35026889240226,0.34146962565651023,0.42961006532248996,0.7729073144969643,0.905831028401024,0.6552438157395691,0.937204522251424,0.4772593682276709,0.9925596169493652
1.0,0.6134771043674738,0.8026065087646456,0.3781976701495626,0.3542575757227516,0.42030279175914204,0.6766569844203855,0.8970812924652046,0.6533060113438832,0.9247854813191208,0.4763769996621151,0.9956135113403866
1.0,0.4412092783800013,0.8068817319497089,0.4255170454736936,0.33374330231301724,0.4385680822177304,0.6493926590969114,0.8768257274661134,0.6509610284215449,0.921699252678436,0.478094491086033,0.994016399497673
1.0,0.24726139061293345,0.8144099870983227,0.5076158905867096,0.3187293565766464,0.4538867020970351,0.5701082651175079,0.8605790251978639,0.6487246488104091,0.9138366934275528,0.4767280615230829,0.9675953335946168
1.0,0.213969052998884,0.8209541703019453,0.5748548236683044,0.3508003983598795,0.5050911288513039,0.4241622574955909,0.8354892433762875,0.6462072002299725,0.9081298570836224,0.4740558653454465,0.9248315232294358
1.0,0.3325515545004715,0.8265339398287018,0.6251437634690786,0.3433460720356831,0.4472285371401135,0.6182208994708996,0.8140889908572383,0.6439587971843103,0.8929255858076129,0.4720773582002246,0.8723834966357764
1.0,0.3373280324914908,0.8273058039158029,0.6448112957618248,0.3454855863823514,0.4451641398856533,0.6834637964774951,0.8484885703196773,0.6416495610957907,0.8720576473703122,0.4733836203359277,0.9235105957616956
1.0,0.4094042273260303,0.8264377263182948,0.6439636181770924,0.3708016704000733,0.4197736048491407,0.7780064838161888,0.8675650580449915,0.6397974050007272,0.8567207565440692,0.4723693616608308,0.9441663334666136
1.0,0.3765409146812343,0.8206363476041686,0.6146179192873871,0.3559871904146336,0.4818100213777072,0.6907322595584824,0.8802106618062482,0.6383929742536602,0.8479173697226766,0.4738947356477839,0.9889036732389828
1.0,0.3364127792237508,0.8169861845276366,0.5934386980881678,0.3364895056691215,0.4185119604574205,0.5869912005351725,0.8432515020953186,0.6364421955789051,0.8380701338026452,0.4729943344879925,0.9410910850368944
0.0,0.33349540943282835,0.8152511693902212,0.5807545781635889,0.3357133025885132,0.4683926206956229,0.6112283229557962,0.8177834329817388,0.6348424967638343,0.8281991892295265,0.4707973868104359,0.8720535462279748
0.0,0.34859708835054193,0.8121044880548244,0.5571653439125968,0.3421512496560405,0.4577291594087633,0.5655328564812433,0.8122565082609101,0.632366615792089,0.8197960816036359,0.4693608604423616,0.8807306157009801
0.0,0.3790292595029026,0.8089764664839026,0.5269101116489877,0.3556790784771194,0.4441394772062173,0.5261153707610762,0.8473094930459002,0.6295725948376033,0.8129610851598897,0.470822646039065,0.9051489859279868
0.0,0.3860080656694217,0.8075454664236185,0.5147466817629981,0.3585619868633448,0.4537468034706617,0.4989450933978282,0.8508565505111791,0.6263073462234215,0.8063399522579734,0.4721994442533105,0.8755400882995275
0.0,0.32305580184766725,0.8072334431778158,0.5202909844683463,0.3750382143006751,0.4428930291888135,0.3969536355683633,0.8507877710035419,0.6234080267909482,0.7999686793311135,0.4720531977539174,0.8827285125446661
1.0,0.301947773360409,0.8104136499712872,0.5538783470266457,0.362085287244303,0.4088828950865415,0.3063860443575357,0.8269114562095613,0.6215703318834173,0.8015111805830423,0.469924789443708,0.8246489550555808
1.0,0.3000600634956953,0.8151536187589389,0.5836913599249192,0.4087542957121969,0.4359293447253333,0.3055627026192562,0.781349945222035,0.6194077107808204,0.8036967074758,0.4681673948479828,0.7604008733094794
1.0,0.30743929296685035,0.8210509685196664,0.6144738081754559,0.4114646624277564,0.441650656599843,0.2326969587814542,0.7873239367425042,0.6184748187357493,0.8058705999399288,0.4693250781647776,0.7539330830405309
1.0,0.21205274146955344,0.8296121877978834,0.6563360187067081,0.3440754956666905,0.42520586442013003,0.004617945551200199,0.7412465794477006,0.6170803849257877,0.7995944972513046,0.4666691534255252,0.701857522855802
1.0,0.3362125675714321,0.8454522617770431,0.7419174109039515,0.4009471688593342,0.4372013243487495,0.15535877862595374,0.7077460464065162,0.6166360436915799,0.7972095387618695,0.4627765548943085,0.6380773558054109
1.0,0.425850184480736,0.8560954035490284,0.8151738274642023,0.4532261906723009,0.3322124699313258,0.3509007633587779,0.7825339353177858,0.6157592781880411,0.7991810875698283,0.4748010222703321,0.7650742267890235
1.0,0.368389440265423,0.8620307763582301,0.8703164194759022,0.40155186482567296,0.5150201841041646,0.027954916209402183,0.8242094041238227,0.614459884476536,0.8040844435193356,0.4779079526310375,0.8165166506763538
0.0,0.574121213854646,0.8719346706213414,0.9458133735137192,0.5249958351520291,0.4913713531246595,0.2097165138581523,0.7772870414494788,0.612307777232625,0.7968081421047676,0.4723599441865202,0.7380127580726669
0.0,0.7449303549466576,0.8738156205844919,0.9710139567538996,0.7395432830813529,0.5413307040130267,0.813490135095733,0.8638951800303613,0.6103433620985393,0.7873248220839476,0.4834134493804722,0.8538900403541797
0.0,0.8013328375711464,0.8678084440771149,0.9479155134167424,0.7441079441140872,0.5487151675961259,0.8629527813712804,0.9279682042161836,0.6079614297611909,0.7734816714484606,0.490731668531457,0.9346230293984692
0.0,0.8366558933729938,0.8611141008390532,0.9173923356105168,0.762930719980971,0.0,0.836227587180573,0.9447012758598664,0.6053688256757218,0.7648478762207549,0.4897761837251736,0.9547936653726652
0.0,0.8656865829591274,0.8556394529240544,0.8871265337645632,0.8412538543582957,0.573296818190565,0.9203465032748774,0.9363249143940772,0.6026353756669619,0.7526159318390816,0.4890613983330037,0.9357403871595192
0.0,0.8629122214912905,0.849611725121414,0.8638996425403818,0.8316495495952094,0.6147531880327188,0.9702420608483234,0.9758190902436268,0.600748398269712,0.7536943783170325,0.4921337423990893,0.9766032357527394
0.0,0.8261876841232152,0.8429700887264432,0.8433495231939951,0.7974215351755171,0.5422081694875083,0.9297505366792508,0.9733528536126436,0.5989324207192391,0.7526641923843913,0.4902680518001351,0.9966251225318584
0.0,0.7989875010725624,0.8366287957429389,0.8409023771142291,0.8006393277949998,0.5384141346121197,0.8843733807091576,0.9248976904823901,0.5982053254493284,0.7580819883720237,0.4882654898504808,0.9306189609298424
0.0,0.8053370706175094,0.8301059897746493,0.8411778841671291,0.8113228973734892,0.5344892327301087,0.986914709128172,0.9250254238537158,0.5967070694622661,0.7566493311472007,0.4868781149531856,0.9560495728889512
0.0,0.761061693790578,0.8222275220440926,0.8371672473050569,0.817121054338088,0.6045683817123186,0.9646425158543988,0.9650698357643612,0.5947924766040783,0.7585371755065359,0.4900544623514469,0.9988166923400088
0.0,0.6923318937162137,0.8157100372968596,0.8363299076065214,0.7910392654294041,0.5368409729988521,0.974774017237754,0.9543746223268104,0.591903131391578,0.7586077135498634,0.4891059718362055,1.0
1.0,0.6517747332894768,0.8102964519604815,0.8293882052536563,0.7808215228485657,0.0,0.8936304393525318,0.9413359928076288,0.5895008130961633,0.7578024690066025,0.4876390195896406,0.9985228519195616
1.0,0.6950776535194344,0.8042754586189971,0.8116172348322859,0.7787177962628969,0.520210838979932,0.9166491486230812,0.9345464728394636,0.5871218749074313,0.7562890261037697,0.4868455804419333,0.991483087215828
1.0,0.7088636558647707,0.7962612025580128,0.7757030552570099,0.7877404031689843,0.5707279959022746,0.8092285053605207,0.9371158787319022,0.5844189239264143,0.7504953678178349,0.4874986782581773,0.9961218179256542
1.0,0.7347195606784314,0.7896216179155796,0.7562819732201608,0.7689422036392359,0.5000065502155979,0.9749938408474996,0.9048926794039764,0.5823320119892199,0.7493946687618408,0.4841212309101892,0.9505720374204664
1.0,0.6872121957497922,0.7831685304854122,0.7325407111259741,0.7416046371140445,0.4403760367859247,0.9211140074084236,0.8977789131855226,0.5802603165038059,0.7466540632577293,0.4815710549027525,0.994210452396186
1.0,0.6771158081400334,0.7787885036723136,0.7198313135041825,0.7700445239122203,0.4416923873617557,0.8883732920855878,0.8951898560051879,0.5786922317361837,0.7510884267073108,0.4819051081888043,0.9748865070839968
1.0,0.6991390898950316,0.7740330490144521,0.6983106786722738,0.7601909661551087,0.0,0.9367583943448624,0.8826474215053868,0.575891757221847,0.747841196842145,0.4837169681895224,0.961377125787002
1.0,0.7185882218345103,0.7674155040165987,0.668531396431167,0.7377004439724252,0.4550092667038508,0.9453420853319878,0.911721501947934,0.5740883060445411,0.7528413222537615,0.4850199843822594,0.9800534730008392
1.0,0.741011926894145,0.7594625616729617,0.6340461576261406,0.7522219702365663,0.4967488897978051,0.9765606869343236,0.9089555831765326,0.5720801182921559,0.7497857730064388,0.4835918290475364,0.9956640399769368
1.0,0.7335754940937562,0.7512953541774658,0.5980718004947893,0.7497978450022491,0.4466925921932763,0.9224277831872784,0.8942367685422182,0.5705548912907318,0.7463000865768905,0.4855106078307891,0.9955577182682952
1.0,0.7408689185710606,0.7460017940081592,0.5803994247890043,0.7546656538835202,0.552668952060221,0.9611264156718708,0.8828881497821163,0.5674009982159626,0.7295015138708683,0.4843186377721237,0.9811441937913812
1.0,0.6580098961759572,0.7421617575883029,0.5699362746219285,0.6979881042199035,0.4809610834090081,0.8504600376898348,0.9008936423170832,0.5639516852169942,0.7129343145249409,0.4882226961845123,0.9607213094445392
1.0,0.5726625289591855,0.7409839748268706,0.5826852262479058,0.643666108628542,0.5019295338119654,0.6442744706795266,0.8849367965453036,0.5601101859678933,0.6938819909911162,0.4866630908604183,0.9244681905139364
1.0,0.5769241769871006,0.7433293201808121,0.6119103515008397,0.6499876564348304,0.4923393433760063,0.6635627979159751,0.8629224412794954,0.5571352463075813,0.6829456103823737,0.4846558086731506,0.8687404816116046
1.0,0.5067928953465083,0.7451564892858692,0.6372803886540088,0.5591508243747374,0.5061746884605229,0.6771976499279446,0.8922519884646939,0.5567533196671631,0.6868228563174112,0.486297977974187,0.8967252565593615
1.0,0.508423190229671,0.7464296495607364,0.6797591055085261,0.5609050805788819,0.44575042397069614,0.7588959095443965,0.8415565785142642,0.5572509203504245,0.6985955488228628,0.4726424274145486,0.8973616261803925
1.0,0.5569888167491345,0.7448954780297821,0.7017099708634333,0.5612086523497399,0.4670709738507817,0.7963640394634729,0.8259288918147473,0.5582998350081542,0.7112400925019748,0.4732639696935344,0.8892936297206557
1.0,0.5803277750765093,0.7420065321457313,0.7209840291096434,0.535542600289328,0.4826399273988881,0.8352732513025175,0.8388152238527332,0.5573012600443584,0.7157194596031934,0.4717192042799716,0.9080701908377404
1.0,0.5883076395046191,0.7381873067172174,0.7101757278515036,0.4928270042492871,0.5113273651951292,0.8499057754129259,0.8433350200688776,0.5555908297939037,0.7183613744252636,0.4686057468791319,0.9139364947005773
1.0,0.6507736750278865,0.7342232194602051,0.6896686498380105,0.4989816310316715,0.0,0.9134242323467472,0.8589676195903688,0.5540293719126116,0.7164942903143354,0.46749005351069206,0.9295750952725784
1.0,0.6672196321825928,0.7297288347231122,0.6699396971583887,0.5219897424070913,0.5359233093800043,0.9850349185234464,0.8535340384870473,0.5522539837729948,0.7135965976092826,0.4701820901743598,0.9279731993299836
1.0,0.5918256442524953,0.7241327807935748,0.6383670060197506,0.4934477256107189,0.7028463455931641,0.9567683387950612,0.8648482674933307,0.5502184326928682,0.7079062231738403,0.4682751717892146,0.9392084147081842
0.0,0.5819580699596717,0.7203402600134864,0.628081736839209,0.4858242393398093,0.5107451929070215,0.8214574898785426,0.8537305513660102,0.5479846114305321,0.7040377258259768,0.4674733232147321,0.9054296226401294
1.0,0.5429740010868627,0.7172083445752054,0.6128340137861921,0.4971284015693373,0.4923928422140124,0.7062078272604566,0.829195918427504,0.5454538705481912,0.6998913650455216,0.4681793652596238,0.8704731810435
1.0,0.5433172210622655,0.7159889140180574,0.6162020886456248,0.4974653002033114,0.44925642545013134,0.7044534412955459,0.8461058516622533,0.5431577586916084,0.7036678215055743,0.4672552146124303,0.8743352863297567
1.0,0.5384549380773956,0.7144906393502005,0.6183257273203091,0.4918332761271664,0.4455362219222957,0.7128205128205106,0.8499820681997946,0.5399730993196817,0.7034273981805028,0.4682252637257798,0.8661795147498776
1.0,0.517747332894774,0.713303664284144,0.6236154048475329,0.5205043316762851,0.4126521546747678,0.6581646423751673,0.878741728036001,0.5378197613190446,0.7041126970032261,0.4694944686934488,0.8792141200909934
1.0,0.4756742842433431,0.7120009860863218,0.6341739799378152,0.5271268431384089,0.3790204649776496,0.5755735492577599,0.8559167571444712,0.5351347188845751,0.6952602496360959,0.4690308891542137,0.8614030852954729
1.0,0.4584274804793638,0.7109232131827293,0.6399324707677614,0.5071900069856643,0.3916072300153695,0.4062078272604584,0.8746788242634451,0.5341358199551872,0.6972530988235062,0.4724702473691523,0.8593939128786222
1.0,0.4418385150015725,0.7113322567168666,0.6527294493787751,0.4858518104284652,0.3983193101237105,0.22766531713900096,0.8384369365607298,0.5328235925220978,0.6996493974038079,0.4690643731974338,0.8392558721670305
1.0,0.4045133426765433,0.7135793930749358,0.6691406927851961,0.4935025537787148,0.3813628392500587,0.046549917676992916,0.8261204918717359,0.5322847279831157,0.7089182699056487,0.4709716022217855,0.8265337325150584
1.0,0.4571118039069872,0.7176346951153784,0.7098609065800502,0.5017786800183469,0.4838097345385621,0.13502319416832273,0.8286505951883818,0.5294882859429048,0.7026743998801088,0.4714963047122947,0.8243007801110787
1.0,0.4894888882532959,0.7193639318648278,0.7349094696917828,0.4884517226652758,0.4888012286110313,0.17014381203159726,0.9006971294381205,0.5268631048057729,0.6965833229282008,0.4807789072649502,0.8744284281864018
1.0,0.5155450047192742,0.7202058597514301,0.7581108256029745,0.4698726882334788,0.0,0.1752076159611091,0.9056836437418018,0.5244004774871046,0.6894930344252231,0.481037549313603,0.8941223662542754
0.0,0.5878500128707489,0.7211208826313705,0.7685116499231256,0.5755177701614176,0.5728309856177848,0.7118937644341804,0.8872703869829867,0.5239873459022558,0.6980410608150759,0.4817204265110345,0.8774015116328168
0.0,0.6011211852529815,0.7161079797565203,0.7515020336042744,0.5997285445946148,0.5426110175260817,0.9739366138448708,0.944106824401004,0.5239506836661955,0.7100607016030093,0.49089627163621397,0.9813086742952049
0.0,0.6958212967994732,0.7099310042706998,0.7293250672917941,0.6867522347370794,0.3661677226123718,0.8097334311567576,0.922367587165744,0.5230443117827225,0.7185286825870841,0.4898404237816622,0.972265619502034
0.0,0.6803191945771241,0.7041382096529106,0.7184331956846854,0.7160878774814567,0.41468338357823176,0.8368552303451889,0.9441903423745632,0.5215671779390866,0.7267844694158893,0.4899301697112429,0.9992821855339272
0.0,0.6840946143065524,0.7015064822655438,0.7313207006052471,0.7188505425823638,0.4641335141106059,0.8418117673836341,0.931903374617414,0.5193985034786349,0.7342106640550623,0.4923421245016845,0.9898674040984188
0.0,0.6439950805136854,0.6999587895571143,0.7487436919495429,0.6905533588860875,0.5499676843101037,0.6584727438261059,0.9333330058118684,0.5173031449794004,0.7397460148165832,0.4924527466852587,0.9945259873785716
0.0,0.5895375110831447,0.70038377917936,0.7620465231536988,0.6046283186424465,0.4358829318981885,0.6665528621827697,0.92000943261819,0.5153390999759823,0.7483995099178096,0.4910092137639255,0.9927246904007944
0.0,0.5219955763086754,0.9221756779121024,0.4801732599783906,0.41098563600190025,0.5438053740397595,0.480879541108987,0.5311792246584358,0.9876416516802424,0.3621795260509752,0.5148829710661211,0.8304071745702466
0.0,0.4603096583927258,0.9190513511680676,0.4698475099680611,0.4051148503931497,0.5418109438685224,0.2743785850860427,0.5503146662474392,0.9869499786981384,0.3734012125176319,0.512543642142056,0.8441504231124378
1.0,0.5077414598181373,0.9175240346346778,0.4766022877536644,0.4496758682251805,0.4814552164021682,0.0830917874396135,0.5056325503932712,0.9871529967170954,0.3794693767671601,0.5132126448304439,0.7967542406112043
1.0,0.5967068075694276,0.9204226877064332,0.4699092478469623,0.472039145259052,0.6242495272815556,0.15891472868217071,0.4443696603766172,0.98907596165884,0.3873330370821911,0.5125066462338401,0.7553474075666925
0.0,0.5598427131973461,0.9240037266193212,0.4620253978586862,0.4392278164740931,0.4821263880151033,0.4671417260490901,0.4523529960844807,0.9914210967093784,0.3924143193425438,0.5129254659326258,0.8019024248327156
1.0,0.5627918407471127,0.9268924446177484,0.4341960909702735,0.44148208653244986,0.4583061985052991,0.4125098970704679,0.4652982819861557,0.9922003182759694,0.4032666755754648,0.5137651400301384,0.8346952199046259
0.0,0.6387318751536005,0.9279558256320591,0.3957588817531718,0.449610659252226,0.4839231071484105,0.5787806809184485,0.4500587082225904,0.9924233138150031,0.4118320321707691,0.5127758354825722,0.8094539382976842
0.0,0.6515114278692558,0.9257611370237816,0.35003693930158664,0.4582686805461655,0.4909451202205575,0.5423594615993674,0.4829353128730672,0.9919582176922468,0.4167895854843183,0.5149566290052425,0.8754822469863516
0.0,0.6343081838289505,0.923473430663812,0.3098473726916878,0.4482042295336168,0.5146195075254952,0.4061757719714961,0.4838097951844516,0.9911112013477468,0.4144578965020765,0.5150564339747568,0.8669061563175934
0.0,0.7618579503563532,0.9272046655694576,0.3164426381041188,0.5132678165870143,0.4833857609944271,0.690193164933136,0.452490555099755,0.988750172991494,0.404933441998414,0.5130030892648807,0.819282289993296
0.0,0.677807815188007,0.9263724309308444,0.2973742315795914,0.4138556416796495,0.4650840288821669,0.7876526458616013,0.5130951269718839,0.9856792075852584,0.3896700366259367,0.5136055825052577,0.8716622183993827
0.0,0.6923076923076922,0.9269401962822824,0.3175613387867884,0.3665908870337704,0.4957853285475657,0.8249660786974221,0.5378704881871192,0.9824611923581102,0.3763916882470584,0.5154508427490749,0.8637185827946923
0.0,0.6672401081346768,0.9239458377896632,0.32632071004437746,0.34395692537314515,0.4318710861520426,0.8710990502035284,0.5695483642759236,0.97969458939292,0.3588682834100462,0.5139864191718035,0.901887245911178
0.0,0.6141558122388795,0.919370552432636,0.3514572870994921,0.3679188820304877,0.4840748208168513,0.7842605156037996,0.5868316719807025,0.977193783229672,0.3452527061900388,0.5115209181071798,0.9127654730131424
0.0,0.629638731875154,0.9138522346090852,0.3431693914762783,0.3767033311902351,0.5019799854176241,0.7829036635006791,0.6078929397835411,0.9746587407276592,0.32993605369337065,0.50934756105238,0.9151435040540368
0.0,0.7114770213811746,0.908418848698602,0.33671293777763656,0.3694037410989805,0.0,0.8683853459972865,0.5998359117460662,0.9725064470425164,0.3221658506259182,0.5088450487599274,0.9034177871662216
0.0,0.6581469648562299,0.9023163709211388,0.31694974645895896,0.3878499420909559,0.4941003954462855,0.8473541383989145,0.6087084682312371,0.9708578865232956,0.3144224056694737,0.5094554826554583,0.9169712991891928
0.0,0.5627918407471127,0.8949542108547801,0.2832804718994298,0.38281320625792015,0.5255380292730347,0.8941548183254353,0.6253629347233342,0.9702160610409002,0.31476821409745226,0.5069432320140335,0.9282100256776756
0.0,0.6365200294912758,0.8890317479814811,0.2479059271207625,0.4212973414603025,0.3678234728235004,1.0,0.5969127826714942,0.9693507330539624,0.3168613912744665,0.5084008223467535,0.9249212593445236
1.0,0.5674612927009096,0.8825636358630278,0.2203198165748378,0.4349606924683143,0.34432192602661343,0.8988212180746561,0.5687082717183576,0.9690483998167128,0.32602733340460466,0.5066086913008683,0.8860189483537194
1.0,0.5215040550503811,0.8785325369222191,0.21174405201340446,0.4604970935449789,0.3490706854158108,0.879174852652259,0.5657409272460192,0.9690940883700292,0.336038378724192,0.5063489951588641,0.8890673817625254
1.0,0.5917915949864834,0.8732010785985445,0.1945218593126776,0.444355316455667,0.4665786831421977,0.9135559921414528,0.5337977587706151,0.9700380548412048,0.35215867733349804,0.5075721826914087,0.8864047459428004
1.0,0.5109363479970509,0.8641698489303558,0.1499079322387687,0.4045195561074444,0.3952712812015824,0.5469999999999999,0.5113314238831926,0.970740792172978,0.36445026697735294,0.5095618681094003,0.8842607232756113
1.0,0.4824281150159746,0.8652300320086468,0.1522543816608497,0.3883911372319398,0.4930911139864975,0.2659999999999997,0.45327660661560604,0.970060217039902,0.3749874147659956,0.5057007176331587,0.8076957132195756
1.0,0.4431064143524207,0.8716917610084356,0.17337203769778065,0.3702021922535031,0.4684685186090132,0.611,0.4128833843448017,0.9684221422996876,0.3777485466042,0.5029376121693906,0.7492884880529241
1.0,0.3794544114032935,0.8772831155973209,0.19616140060047865,0.3876569722677232,0.4880861748416327,0.4723707664884134,0.4532864322595544,0.9668619232443736,0.3846287879200714,0.5021764514155406,0.7851929620400468
1.0,0.2813959203735565,0.8833781449416735,0.2154947094313175,0.3913874865936954,0.4257391029139338,0.2623250152160682,0.4524266884140921,0.9645147687752814,0.3873269826594175,0.5021516106144432,0.7754721277053265
1.0,0.17129515851560612,0.8906785999001512,0.24829642901120666,0.3940952240657677,0.3746931314490087,0.19304347826086946,0.4271305680696046,0.9628605460350124,0.3882732201694742,0.5004669965841297,0.717760603109149
1.0,0.14008355861391047,0.8989280659631682,0.28225916739462786,0.4234798738832727,1.0,0.13079815183910146,0.4209600636701728,0.9613112008853664,0.39119284977665736,0.5037060294739792,0.7146362750926548
1.0,0.07987220447284382,0.9073153572404428,0.32782649952818205,0.4329087950356529,0.37672202999719184,0.023961661341853183,0.43874447921630655,0.9619311675875594,0.3966739674851598,0.5013285643609326,0.7234969705402429
1.0,0.18014254116490536,0.9209241962151606,0.3914179198345853,0.4724351618475066,0.4900890191533733,0.1473372781065085,0.3797070975539063,0.9633993786810128,0.4084151771167557,0.5006057226116603,0.6911848413170246
1.0,0.11870238387810304,0.9254879545060849,0.4023350998827411,0.5070507718745995,0.4852028092026927,0.13641425389755032,0.4319107438503751,0.9653300910017903,0.4080867863527631,0.504275380062184,0.7922068887005578
0.0,0.2764807077906123,0.9295340388347836,0.3962865423842872,0.5458797336081093,0.524778024772777,0.22257978010190435,0.4375899660523999,0.9643234699445472,0.402815381627606,0.5009851539342995,0.7940916047914793
0.0,0.3524207421971004,0.9278518390903248,0.35865694909974843,0.5320790669090689,0.5020830497366573,0.2697774202198982,0.443603260148662,0.962730388383318,0.3869161991400325,0.5015301084831307,0.7675980621576837
0.0,0.38387810272794304,0.928044048388608,0.35621486790337675,0.54795056152338,0.4548192083030559,0.234915526950925,0.4484030872173288,0.9613664079880012,0.3770619899170157,0.5018177252033916,0.7894746828237855
1.0,0.3273531580240847,0.9292149250096288,0.3658973396095818,0.5697477699647491,0.5004741961989035,0.12389380530973465,0.4120531174311836,0.9613035843758531,0.3720499153218565,0.499273827058871,0.7411740895809354
0.0,0.4239370852789386,0.9362528473165451,0.4229533688226372,0.564289271486198,0.5276455655477342,0.22365245374094944,0.3589504247134596,0.9615754470569025,0.37630658053835264,0.4990887999761262,0.6836017050988525
0.0,0.4531826001474566,0.9416460112989976,0.4756612403948749,0.5778484782755602,0.4486038407826548,0.3689997318315901,0.35075583766071045,0.9618387430049076,0.3885249483840766,0.4984410563459755,0.6917224281214819
0.0,0.3150651265667241,0.9445175416597892,0.5143769911712323,0.5542137900938567,0.5009447619668412,0.15124698310538987,0.4310510000049128,0.960952912408882,0.3875160275762154,0.5006741365747782,0.78372566629141
0.0,0.3769968051118211,0.9515898441130388,0.5462992702061149,0.533265372035504,0.4730893388889254,0.2424242424242423,0.3879360743604733,0.959195334772932,0.3904611944737912,0.4976068870458527,0.703271057591358
0.0,0.4740722536249694,0.9557729861293648,0.5560723927916565,0.5353731869786803,0.3907061735766401,0.3319924912845266,0.4166171290450947,0.9584117257232364,0.3915656023990453,0.4997635782440013,0.7464930366697448
0.0,0.4101744900466944,0.9576376337061524,0.5603979470948934,0.5476217423710721,0.4422492606831962,0.1973719495843386,0.4432593626104773,0.9562938009423021,0.3875846382453305,0.5017454542195628,0.7880516589296331
1.0,0.4145981813713444,0.9643035645509186,0.6045876660211996,0.5501044233686926,1.0,0.16840976133011534,0.4178698986484827,0.9547959752442524,0.3774541518007805,0.5000831073054021,0.6948467561379766
1.0,0.4099287294175474,0.9731106314039012,0.6658668702328021,0.5460967747796239,0.44238798833829707,0.07991418610887611,0.3830527293182477,0.9532170298998658,0.36851322341166304,0.5010190817910601,0.6829882236867073
0.0,0.5087245023347263,0.9858266388152824,0.7554288135382375,0.6022084344824669,0.5103456612402166,0.0956294359357491,0.3597708659831293,0.9529907812369104,0.3683145086830443,0.4992774808311167,0.6438772025247608
0.0,0.5448513148193659,0.9935420282247188,0.8036418672217387,0.6252713248366224,0.572398746924741,0.2337662337662333,0.4663791028204515,0.9509140321037376,0.3464858100533881,0.5037960633249753,0.7612545378650849
0.0,0.6102236421725238,0.9995908626825556,0.8684602817972451,0.6704541323505783,0.5998820496425504,0.4564007421150274,0.5441982028897221,0.9470343526872936,0.3177468128792437,0.5061223663419754,0.8290853434863454
0.0,0.6596215286311132,0.9999999999999998,0.9061412942191891,0.7066442829570982,0.6391592346869622,0.7161410018552873,0.6046799542124988,0.9444074546103428,0.3001618919029612,0.5071631458824287,0.8599997470179741
0.0,0.7181125583681492,0.9951735859614488,0.9284996714671268,0.6953607314457462,0.6780849785652672,0.7346938775510201,0.6414671651543363,0.9418736226241744,0.2984834553561692,0.5096290182918909,0.9396258395840976
0.0,0.7333497173752764,0.9867917221813938,0.9066100422678736,0.6648861829018844,0.651780475022645,0.7784786641929499,0.6668517162943568,0.9400609093420206,0.2980259127217736,0.5078923994323954,0.9493466739188179
0.0,0.7911034652248712,0.9779120651502736,0.8927370725198527,0.6525708302401156,0.0,0.8071084783413558,0.6847638652118164,0.9364350814792431,0.28877520694555936,0.5055599611372485,0.9612368291232908
0.0,0.8660604571147703,0.9690240170067388,0.8839098538609379,0.6797005478520703,0.686328621049218,0.9899270580062524,0.697645284427828,0.9351317517826676,0.2930966837163511,0.5066448251719465,0.9546592964569866
0.0,0.6856721553207177,0.957100090409334,0.8690611291121664,0.5919298272074187,0.530234185704447,0.999007936507936,0.6878294661236356,0.9337452681902416,0.2965901801847713,0.5053140389756553,0.9959522875899663
0.0,0.6124354878348488,0.9511647359233544,0.8571194407687911,0.5866617185458266,0.4015196014134663,0.9481302774427012,0.6603225758908171,0.9350167108339285,0.3139360947397508,0.5036208800367877,0.9997795650082829
0.0,0.5922831162447777,0.945279196238172,0.8494552486005467,0.5728559106095045,0.4517318228474456,0.7153196622436674,0.5869102771322876,0.9354718102280264,0.32500500200086635,0.5013951488867169,0.9912634591795008
0.0,0.6352912263455395,0.9404047399450328,0.8512306023091698,0.5564411372210958,0.4622206681113318,0.7430639324487341,0.536509636500302,0.9373300988130708,0.34705579239372264,0.5013918885059963,0.9434510017718409
1.0,0.6114524453182602,0.9321609486230862,0.8305675813800195,0.5404420553197327,0.4616232237629548,0.5138888888888886,0.5326530712506568,0.9370246681956051,0.3565692909434077,0.5009365210650623,0.9655308709281716
1.0,0.767756205455886,0.9267983346889668,0.797798870344899,0.609453754971419,0.0,0.7783291976840359,0.5155220610270743,0.9366922236420588,0.3654942787406419,0.499796427246016,0.9324246967425374
1.0,0.8326370115507497,0.9198991546925324,0.7358138057477818,0.6215903880733028,0.4471671107811036,0.9236537150647576,0.4989609381524839,0.9359763605487288,0.3734863103689071,0.498415714317061,0.9340261687338146
1.0,0.7692307692307694,0.9121954871544526,0.6957538917165076,0.6033922903874683,0.4447172426645077,0.8736979166666669,0.5186760927344278,0.9357428391031648,0.3866110019252715,0.4998391081544306,0.9707509881422924
1.0,0.7478495944949619,0.9065858463417928,0.6950314007705958,0.5941129275089512,0.4803171286492891,0.7252604166666667,0.5149767377879527,0.9340188706907578,0.39553106561189255,0.4995213256266453,0.9729726046067869
1.0,0.7304005898255101,0.903260150473134,0.6864803059587976,0.5730346547817564,0.5679116292599549,0.731119791666667,0.5024490417540739,0.9321529911506172,0.3872077037111601,0.4987492390006775,0.9350415701240284
1.0,0.678790857704596,0.8966403713522053,0.6536555455821892,0.5776714440095883,0.5306571099936813,0.6842447916666672,0.4930508133176781,0.9298013559256284,0.3739888721154549,0.5017541759005794,0.9271091726863842
1.0,0.7869255345293684,0.889970453204129,0.602320874449999,0.6372392328554477,0.5392635266401463,0.5891927083333331,0.4816628919817834,0.9279504971339428,0.3645651399549629,0.5010143511587705,0.896558538912362
1.0,0.8299336446301303,0.8830111561905851,0.5574519115531827,0.6211228191296282,0.591886283953125,0.7131993481803367,0.4685309188450938,0.9261869453189668,0.36740090468244346,0.5000941059445545,0.8739948207714321
1.0,0.8400098304251659,0.8786172203994433,0.530744889814761,0.5788108958180347,0.5014111579300949,0.7452588416196824,0.4772413522051203,0.9260399855803804,0.3757866225939719,0.5007457102499254,0.8898528008722911
1.0,0.8213320226099781,0.8705040185301205,0.4695711774096401,0.5565372662570301,0.507133342823386,0.7650938609842721,0.4554087713523525,0.9254973054089398,0.3817339675961916,0.4989215272272374,0.8972127572577342
1.0,0.9783730646350456,0.8619389807694415,0.4216517676386899,0.5909382962384764,0.5168503010389524,0.8520960904380595,0.4562390382659701,0.924363090670345,0.3862672060490453,0.4990391361698044,0.8832288401253916
1.0,0.9125092160235929,0.8496208001402243,0.37134574214450655,0.6109521035198651,0.5850885424781026,0.918032786885246,0.4767107674319208,0.9215762221590416,0.3818780150436272,0.4968995783637091,0.8957339512062151
1.0,0.8763824035389531,0.8428324344500568,0.3523891579307593,0.6229918837686256,0.5432042329323898,0.9193633952254644,0.4399088180241612,0.91755547719035,0.3691193338551194,0.494294936807014,0.8237767479896415
1.0,0.8267387564512167,0.8345163150214951,0.33634719778015953,0.6516491254167885,0.5823852933033935,0.8148541114058357,0.4668949491277285,0.9146545019112768,0.3599232351567643,0.4965109093646173,0.8063172958975059
1.0,0.8368149422462523,0.8282359553737662,0.3116901622798245,0.6565432998270524,0.0,0.783554376657825,0.4341264265606808,0.9119164689769054,0.3511248794963626,0.4977064140426675,0.7724955703966201
1.0,0.8690095846645369,0.8221374912066095,0.2921926233661656,0.6798953321484356,0.469291183341868,0.9225464190981436,0.4052095564213037,0.9114361780229088,0.35274846280466376,0.4955580909391003,0.7157012402889464
0.0,0.8803145736053084,0.8140425592311551,0.2517632690107985,0.6888934040384889,0.6542911905457933,0.9633952254641912,0.4318026617669458,0.9107393515047414,0.3553603632656702,0.4976111889231361,0.7698855117895598
1.0,0.7864340132710741,0.8017981239933585,0.2047589650038438,0.6637229642761809,0.5101773913484883,0.925122083559414,0.4356051859748761,0.9102988049869072,0.3592588724181224,0.4942056180849842,0.7705601744582253
1.0,0.7874170557876632,0.7886625739797342,0.15100751298071424,0.665657904813428,0.5004030027180896,0.9694132334581776,0.4463151378783485,0.908903113079778,0.3612660757289139,0.495055708665746,0.7862545999727406
1.0,0.8188744163185058,0.7766428432271344,0.10593522849699588,0.6794253574553255,0.4943672817946851,0.9568965517241376,0.42813278375231534,0.9074406262830316,0.35586270321800817,0.493732891900545,0.7458566171459724
1.0,0.6180879823052348,0.7681546059161972,0.06871222642464159,0.6173490601853565,0.4387776324610632,0.7348659003831411,0.41698067787117626,0.9057930563054508,0.3534458735130903,0.4928933601922876,0.7262709554313753
1.0,0.4964364708773654,0.7702023269024554,0.07679880613736778,0.5988244814133319,0.5238122563872968,0.6521072796934859,0.3672678323155599,0.9055891792337708,0.3606139574011201,0.4889760012919554,0.6456930625596289
1.0,0.4612927009093145,0.7712736948280599,0.08564648731969282,0.5822434189990228,0.5033335215811652,0.7869731800766282,0.34912969358729345,0.9063606378840322,0.37549479970289423,0.4874189107602656,0.652139839171323
1.0,0.4546571639223399,0.7658209201229185,0.0501660777651215,0.5784099356110566,0.4268964855734969,0.6651651651651654,0.3698224997420768,0.9066304708019668,0.3883580718522817,0.4890780969859064,0.6974717186861114
1.0,0.5362496927992136,0.7638375764866485,0.04457562494976847,0.569133726125587,0.42156576065255297,0.7252252252252254,0.3828709549052072,0.9064287662884244,0.3960462277605389,0.4901725350199325,0.6871064467766117
1.0,0.4136151388547557,0.7604249826811216,0.02335024015420456,0.5161680525088849,0.5909365626518671,0.8288288288288287,0.3947894610143015,0.9053514404157508,0.3998284357510196,0.4910812658404163,0.7261823633637726
1.0,0.27082821332022633,0.7572474609514848,0.02555416827734136,0.4327022847480494,0.570776965759476,0.3312020460358052,0.4044235049054528,0.9060787799640077,0.4133184878613197,0.4918691358917499,0.7250715551315251
1.0,0.2531334480216272,0.7601467807245343,0.0231587938092912,0.4491628014801892,0.5793595598353166,0.28516624040920674,0.3364202231403741,0.9049158173175316,0.4130649161615235,0.4900435248345068,0.6704988414883466
1.0,0.17375276480707808,0.7650949843859394,0.03363184565322569,0.4742936775550824,0.5671286697225023,0.2497136311569302,0.3372357515880697,0.9034348682909399,0.40675962231656415,0.4901602220311472,0.6293716777974646
1.0,0.1700663553698698,0.7723880623611084,0.05463308935912509,0.4743110986915686,1.0,0.29073482428114983,0.3398493728782748,0.9005173007551112,0.3877162440934221,0.4904190912082492,0.5978601608286764
1.0,0.0,0.7765333735110951,0.06704317938775994,0.40123675881042864,0.5641687947220525,0.02816901408450645,0.34695331345278024,0.8983390407237725,0.3726386234005065,0.4910216439569127,0.5922516014719909
1.0,0.013271073973949945,0.7865162547009854,0.1005891641434783,0.4061614315593101,0.5311323851760144,0.03088101725703937,0.2880338395177576,0.8957194725996119,0.3595310076933221,0.485997611681476,0.4893757666621237
1.0,0.10420250675841752,0.7964099899982056,0.12925904706760916,0.4130640900429936,1.0,0.0962761126248867,0.35776643461770874,0.8937169562977799,0.3508677961665204,0.4883419647744216,0.5352119394848028
1.0,0.0675841730154833,0.8031643005704945,0.15275018684883485,0.4013686119062306,0.5443868969894526,0.0985467756584924,0.39991353433325627,0.8926098722607155,0.34684411592682873,0.4882717955050132,0.5830039525691697
1.0,0.10100761857950392,0.8129340623839616,0.1926622320873624,0.4242410089500304,0.486894491047279,0.018458626971909527,0.3748434037995766,0.8918551246853271,0.3439907260814954,0.4898046215588602,0.5665121984462314
1.0,0.11943966576554473,0.824164687498671,0.2339829118470313,0.4320142712238157,0.4681766555739048,0.08012861251947792,0.40884995750408987,0.892050932982858,0.3437175060483174,0.4890434472504544,0.5830039525691697
1.0,0.1128041287785701,0.8378061858735709,0.2735323537876511,0.4302322331208634,0.4394733834247442,0.09472227322157434,0.4045905408525709,0.891926214419753,0.3427521084554899,0.4886106842799303,0.5960610603789012
0.0,0.12361759646104695,0.8498402120890103,0.30344393298683303,0.4372097787924276,0.4376195307147238,0.2222991135528031,0.4020800888238212,0.8909334954581068,0.3382157670740238,0.4883593711304875,0.6032233883058469
0.0,0.1634308183828952,0.8587713346365828,0.3161061948184013,0.4620939834366429,1.0,0.14490356106882446,0.4832251693695376,0.8895453175368554,0.3332464962924723,0.4916168436641348,0.6569578846940167
1.0,0.11722782010321975,0.8697577829329688,0.3313732134722676,0.420217678883946,0.4319075539428587,0.035839813766777695,0.4999484153692722,0.8883536832734008,0.33231799897769176,0.4929977140936515,0.6864794875289626
0.0,0.1700663553698698,0.8874479648851172,0.3757056715634284,0.4430922020955696,0.3682512102503089,0.03514028874965927,0.4411075465858345,0.8893645003090763,0.3435061935299686,0.4917603536412383,0.6324860297124166
0.0,0.2747603833865816,0.9025790839989414,0.41803216144017935,0.4390251040035477,0.4375250985448447,0.06989247311827994,0.4898820431444025,0.8914295082385079,0.3614352991774944,0.4957421028872048,0.7220253509608829
0.0,0.3482428115015978,0.9113587418180712,0.4511075744011418,0.4770624604957472,0.3762231387070825,0.2842741935483872,0.5025915135913219,0.8942960785249082,0.3834847735356708,0.4966009290630462,0.7729317159602013
0.0,0.36102236421725264,0.9174303928030528,0.4710297561472208,0.4859092254563269,1.0,0.20766129032258074,0.4467916816098335,0.8966973874118301,0.4068567695459243,0.4953938353540792,0.7651219844623138
0.0,0.26787908577046005,0.9238593375293264,0.4984447895957914,0.4663062759683715,0.37243108532733227,0.0383064516129037,0.4109329940210957,0.8965438401631062,0.4069541651642597,0.4962025600480349,0.7290786424969333
0.0,0.4831653969034162,0.9365356541037138,0.5518957042268702,0.5604647142919434,0.5280867589086177,0.26887661141804675,0.40951318847058976,0.8940435126043457,0.39444065881291934,0.4962746411609034,0.6697969197219574
0.0,0.475792578029,0.938477404230529,0.5644066532762486,0.6085845554126154,0.4323033111728259,0.252921926133707,0.5181012925634612,0.8919397844212121,0.3807171752540132,0.5015629693907931,0.8031688701103988
0.0,0.5146227574342592,0.9433961263635138,0.5929319912359832,0.6053523009443567,0.493386428118184,0.06984866123399233,0.5048661501653164,0.8896648144313529,0.37497712822563145,0.5003373698253408,0.8038639771023577
0.0,0.5608257557139351,0.948163286112974,0.6296904035461128,0.6386650656184779,0.5739907073564805,0.4342258440046569,0.5479515988779113,0.8880566927503578,0.3748029323347437,0.5002594016372464,0.8229112716369085
0.0,0.5984271319734583,0.949368048921598,0.6556382969198851,0.6204096482015372,0.0,0.5797438882421423,0.5546772521604135,0.8836237221187632,0.3567433626637009,0.5007744815840817,0.8379378492571894
0.0,0.6706807569427378,0.9474430930510034,0.6621603525151867,0.6342413210918123,0.6555716560213586,0.8149010477299182,0.6672545676962303,0.8797216716046318,0.34474248278668784,0.5064833377915228,0.9201921766389528
0.0,0.6881297616121895,0.94120861824809,0.6328717815646245,0.597782147528021,0.6179467068219497,0.8319148936170201,0.7110622012390136,0.8773377306278106,0.3425806748666941,0.5064066789933458,0.9612034891645084
0.0,0.6751044482673878,0.9351037386524406,0.6044084742030861,0.5914915098420711,0.725811096246473,0.5914893617021275,0.6431227861595981,0.877247404222797,0.3549358913434193,0.5039626807944729,0.9405002044432328
0.0,0.7087736544605554,0.9301033476521114,0.5783674696711365,0.629455603964097,0.5888685319731338,0.7933513027852642,0.6293423205223312,0.8766975589510021,0.3623514243119814,0.5064800147900976,0.9341420198991413
0.0,0.7247480953551242,0.9229142033852652,0.5589730861643226,0.6421198121100735,0.5774739193002206,0.6205211726384356,0.6802637202835677,0.873022022205694,0.3492957760794213,0.506964638676507,0.96579721219647
0.0,0.7680019660850333,0.9187137461020513,0.5562059143267514,0.6295357489578199,0.7211622788605367,0.7059582891075471,0.6935086883256611,0.8711559048070182,0.3464067801342846,0.5082500835766249,0.9491768269801526
0.0,0.7603833865814698,0.9165710431422682,0.5657049540261034,0.6169728129213261,0.0,0.7690288713910757,0.6355865172513743,0.8690790634239348,0.34214538878439915,0.5027965071434312,0.9503162376251136
0.0,0.7635782747603838,0.9129453748148448,0.5595308518799803,0.614732676550414,0.591316643000332,0.917979002624672,0.6726046308259926,0.8691438451284822,0.3472105395906557,0.5021298460171558,0.952861148826134
0.0,0.7308921110838045,0.906646444736482,0.5512572888704561,0.5988092414868992,0.5335355133045026,0.8558986539984159,0.6611577556264089,0.8695624672711685,0.3601487758770009,0.5008393620194007,0.9746873443544588
1.0,0.6657655443597935,0.9044273298417826,0.5647449532166233,0.5774959618208648,0.5020311009748443,0.8163103721298492,0.5877700209777498,0.8683161195520642,0.3617194359805965,0.4981327674460186,0.993018928636383
1.0,0.62644384369624,0.9031573884079219,0.5809288422768438,0.5382383977563774,0.0,0.9097387173396676,0.6339014193142679,0.86873503670035,0.3761015385639472,0.5021791785519819,0.9606444107589802
1.0,0.6554435979356109,0.8997574715505963,0.5926851550563789,0.5564637826308807,0.5077751824576309,0.8788598574821853,0.5665908454475332,0.8688481991934284,0.3842011051872184,0.5000526123234235,0.9596855501110444
1.0,0.6274268862128286,0.8937483172337797,0.5747795531111171,0.5321947188267151,0.4687232532238312,0.9666381522668948,0.511483721364389,0.8720083331584382,0.4085524655340299,0.4954587276919483,0.9649874854584553
1.0,0.6062914721061685,0.8883357824827647,0.5779696068815903,0.5201107956136315,0.0,0.8540420819490581,0.5059224068897418,0.8721761381976602,0.4160770562973791,0.49878581052762105,0.9995068307619832
0.0,0.6316048169083313,0.883052099982627,0.5623544571012017,0.5407923629482377,0.44707514771839385,0.992720655141036,0.4845074159047696,0.8716952449691046,0.4211351961042942,0.4973419330315912,0.9859175256165831
1.0,0.6008847382649299,0.8758456807845799,0.5505595112856548,0.5218978944975249,0.4042801170668809,0.9083155650319816,0.4503240006091901,0.8712841350371344,0.4297158391478765,0.4945526599488297,1.0
1.0,0.6112066846891128,0.8711132561676282,0.5500224854218154,0.4790383072047702,0.4558065750106102,0.994331065759636,0.42957224059071797,0.8710784246795863,0.4414582073458878,0.4930978391639168,0.9817780360255668
1.0,0.5765544359793562,0.8661632482350752,0.5548823757797281,0.4551627883137836,0.0,0.8434017595307909,0.4334877597040516,0.8693101916751459,0.4441854519571122,0.4896812689329903,0.9950352777190468
1.0,0.6129270090931431,0.8617410547825148,0.5567919286542606,0.435591946507519,0.4617363443787829,0.9900293255131956,0.4180614987054712,0.8687743030438005,0.4516535946819288,0.4885814023727938,0.9765462455078492
1.0,0.6618333742934382,0.8553624761998342,0.5344903238003706,0.4697797012158497,0.4913311303379176,0.9600112942505206,0.4020948272897432,0.8677820368724097,0.4561024907740915,0.4872754021718458,0.9972653048357604
1.0,0.6325878594249202,0.8493043482007672,0.518842682842916,0.5015957417953205,0.4690944687630494,0.9258312020460359,0.41005851170971136,0.8649820180052606,0.4479710412668296,0.4879023393225425,0.984671521341656
1.0,0.588105185549275,0.8465694255561331,0.5243051066564043,0.5143747694735346,0.4989392045023112,0.8363171355498722,0.4357820475659424,0.86068824290037,0.4324404446244202,0.4899425499386785,0.95663892566673
1.0,0.5101990661096093,0.8447598154950562,0.5393126581468103,0.5019761695524756,0.4782651200165118,0.6150895140664959,0.4559098791937079,0.8563138393484516,0.4140051797224517,0.4877535988827285,0.9747178614210958
1.0,0.5038092897517821,0.8446319087683603,0.5569928671953528,0.4968797753015602,0.4555701369428276,0.6368286445012786,0.4371379864307858,0.8525823449404429,0.4018668290520983,0.486498133704486,0.9896087706415752
1.0,0.4352420742197101,0.8422899743072738,0.5562722399424523,0.4328018771738244,1.0,0.2519181585677745,0.4542100427906791,0.8484110546893927,0.386643844622394,0.4878674826806054,0.9759985655492746
1.0,0.4421233718358321,0.8434002021303502,0.5787207175810627,0.4390048808163919,0.4657505026856621,0.09846547314577946,0.42955258930282136,0.8437887470625999,0.3711734134496004,0.4861697371865194,0.8890862207346433
1.0,0.4893094126320962,0.8473128737831788,0.605070853905269,0.4325076939463688,0.4671380689825754,0.16076294277929049,0.4285700249080073,0.8416193478706254,0.3677803058656063,0.486250583758633,0.83327925681791
1.0,0.5111821086261981,0.8515896494596633,0.6387604250545356,0.4519341183103962,0.3675142520964234,0.4353932584269652,0.3975455541417546,0.8411592677477139,0.3746906492889596,0.4873841006814388,0.8290271350262131
1.0,0.44802162693536496,0.8526005089055801,0.6647070862765426,0.4392076035986573,0.5116668334248982,0.1755617977528089,0.4135220512014305,0.8427683105013591,0.389389588842974,0.4885821016650253,0.8788486825253162
1.0,0.5497665274023105,0.8554711837523314,0.722603840886375,0.4899725406349997,0.0,0.4685714285714288,0.3796874462660096,0.8418683794876629,0.3876805970190113,0.4896142833313773,0.8537116412507045
1.0,0.6335709019415092,0.8556050527479737,0.7749161991693501,0.5370432606708415,0.550786043723948,0.8657142857142858,0.4222079204515866,0.8388694683904846,0.3763443078850925,0.4892545975217111,0.8769873119418026
1.0,0.5571393462767268,0.8510354675850567,0.7901984523530821,0.5013442721397302,0.0,0.6878801342055669,0.5268903310750728,0.8351814939617758,0.3605171944584712,0.493728634292148,0.9858262606943424
0.0,0.6539690341607276,0.8502373049802472,0.8097323334902446,0.5511037006782274,0.5231640681889383,0.8931717555497681,0.4580027413546614,0.8328045172576625,0.359429900910524,0.4922939745739936,0.9382820008237608
0.0,0.5969525681985749,0.8449008935568834,0.8138665604080073,0.5368183759431235,0.0,0.7706095935532309,0.4540086170897427,0.8317296683705023,0.3659584792029905,0.4918832794208289,0.9585556725092677
0.0,0.6335709019415092,0.8423640975850961,0.8441300036927083,0.5179016465961663,0.4919287701772218,0.8073782421521913,0.4568138384369364,0.8304642758352537,0.3736044803295616,0.4922128413409267,0.9264289963846049
0.0,0.6072745146227575,0.8376866498691014,0.8524525317379416,0.4973015879057604,0.4828325996883666,0.7904599659284492,0.4576932335702954,0.8271795349152871,0.3683357951451155,0.4922689435326801,0.9321953228685188
0.0,0.6119439665765545,0.8336706553104879,0.8408503393623912,0.5013780113825379,0.4539011717767765,0.7670549084858561,0.4629597787264982,0.8229760817689175,0.35202045829376283,0.4929063601376166,0.872234680334996
0.0,0.6645367412140575,0.8289840586145658,0.8347423986320543,0.5428878724812204,0.4578427755336203,0.7621212121212113,0.5080545716264878,0.8186378740979242,0.3374704218898886,0.4929281193953516,0.8776165850533156
0.0,0.6839518309166873,0.8240115751471446,0.8305813530413537,0.5568402807688821,0.4962660114298428,0.7872340425531921,0.5061434838785747,0.8142979181921043,0.3176686869847967,0.49282963971108,0.8639970710722619
1.0,0.6306217743917426,0.8215762589688886,0.8669940339388775,0.5191048152476951,0.5109359799192403,0.6090297790585972,0.5324074301519532,0.8100005040494699,0.3006748325693719,0.4951208131984407,0.8460299299803211
1.0,0.5935119193905141,0.8216487707163482,0.9141663483249208,0.4752878780907514,0.5205391813681615,0.6349663784822293,0.5293762189939525,0.8092091718486106,0.2990054933802868,0.4952929053417315,0.7620337741979775
1.0,0.6701892356844434,0.8213129525767766,0.959394912826078,0.4888685389489675,0.49730132855322207,0.7415946205571571,0.4490122771421129,0.8115082426393202,0.3175614059716733,0.488136835360738,0.7633060271841103
1.0,0.7227820103219466,0.8182716289680787,0.9934179265301968,0.4880028018869466,0.4942698152724692,0.8801534036433367,0.4340183444772512,0.8134435154382093,0.33348110954720755,0.4867376130839844,0.7996613427303098
1.0,0.7127058245269107,0.8129032995016674,0.9878896714924096,0.4724653492862162,0.4663118469744424,0.9237209302325574,0.5102407774049492,0.8151422768397353,0.3518603225130448,0.4891976398355828,0.8435586472015011
1.0,0.7485868763824036,0.8071484972086076,0.9835865242619456,0.4958742366405899,0.5546965191564843,0.9652087475149096,0.4357967860318642,0.8173869272394364,0.3745465492438905,0.4829128014551648,0.8496819367534663
1.0,0.708527893831408,0.7989622132835938,0.9528822882011112,0.5261785795678823,0.5629153431268589,0.8712195121951213,0.3903384443057937,0.8223496950428019,0.4117809321282081,0.479232881549156,0.8641984348542402
1.0,0.7323666748586878,0.7937760041515722,0.962042894323654,0.5432455186403419,0.5859827606628191,0.7896150402864822,0.3627971643191569,0.8236403688575223,0.4279266821214307,0.4808512265819585,0.8386160816438609
1.0,0.7549766527402312,0.7894315629119626,0.9784055209151116,0.5723198890016011,0.0,0.9060375166569864,0.3787147075151439,0.8240053826329853,0.43889280524874,0.4783485420616788,0.8436867877900327
0.0,0.7645613172769724,0.7822711143654664,1.0,0.584782651119391,0.6245920032816975,0.9716840536512671,0.3671106220123903,0.8243392184993831,0.4454508775342063,0.4773980763310982,0.8739645782801704
0.0,0.7874170557876627,0.7693981462519058,0.9796567071343176,0.6018303874689129,0.5655181798077261,0.8233979135618477,0.3606699124043841,0.8232504453674431,0.4429074326787089,0.4768814540264836,0.8879044437325522
1.0,0.9166871467190956,0.7581619807610229,0.9593750870661782,0.6697951745466492,0.6236512057649947,0.8309859154929577,0.3934924760131464,0.8217145670854676,0.4314417969872753,0.479408320606241,0.8627705825820327
0.0,0.9478987466207912,0.7494561719112596,0.9324338340840754,0.7124456320556292,0.5635071881794919,0.9288152120916622,0.34620656451272186,0.8208673169839732,0.4294653184751066,0.479574924217506,0.8079172577914058
1.0,0.8291963627426886,0.7399537796454618,0.8989088919486179,0.6504510451858487,0.4474567212889749,0.9108527131782946,0.3307360881163747,0.8214456684281203,0.4364926705737455,0.4783689235563176,0.8350006864674381
1.0,0.9292209388056032,0.7325378843573138,0.8740358212318451,0.6780515290547281,0.4515652719116777,0.9950166112956808,0.3376729927437621,0.8206673981109266,0.440472271164826,0.4789002839317435,0.8181227403780147
1.0,0.9429835340378472,0.7205677294441795,0.8292763681843303,0.6858855900557279,0.5157462315348643,0.9694656488549614,0.3524802381736092,0.8184452406776659,0.43407531377556696,0.4762980226996654,0.819651274541211
1.0,0.9262718112558368,0.7107380380989006,0.8107284415613738,0.7077566232552378,0.4756426101966959,0.9659033078880408,0.3528044844238977,0.8166811374360526,0.4305453720824126,0.4763358674767772,0.8075145302274493
1.0,0.9201277955271566,0.7030638358182775,0.8032786248733716,0.7059122944823311,0.5699802467212955,0.9578189300411526,0.3529911716589124,0.8138219163003707,0.4228014373964904,0.4763579473503994,0.8003386572696898
1.0,0.8004423691324649,0.693548567610526,0.7849122563456317,0.6539112036372042,0.5224473853091609,0.9041019955654102,0.3974669489901692,0.8115764950597172,0.4150387557121191,0.4760283381592553,0.8050249416502673
1.0,0.8110100761857952,0.6863124915534906,0.7789053399026258,0.6601101992479945,0.5606353150900744,0.8475609756097562,0.3485450677723793,0.8088242380143714,0.4058793838018343,0.4760882746847229,0.7287721385748938
1.0,0.8382895060211353,0.6764892422773523,0.7644315952209769,0.6722059087771379,0.0,0.8420177383592014,0.3625220462886087,0.8076939794709582,0.4018583556989249,0.4771626351700967,0.7266029014690405
1.0,0.9351191939051364,0.6654870161311974,0.7272706823291881,0.6922134277389371,0.5337850771829483,0.9406873614190684,0.3655434318026619,0.8067034942462276,0.4058917946505435,0.4774090740312862,0.7164614891766969
1.0,0.9356107151634312,0.6509760250483589,0.6737358234468294,0.6956525453970009,0.5122560197153561,0.9784768211920528,0.3916649062387926,0.8066808723206421,0.40992661361434135,0.4793585456799765,0.7869296599697955
1.0,0.9311870238387812,0.6380546536988723,0.5980863160590273,0.69508224826319,0.0,0.941742383752004,0.3547155721718112,0.8062277262756766,0.4128726905830923,0.4802845967290337,0.7335133403505565
1.0,1.0,0.6297851628048055,0.5743841030297696,0.6914875509349013,0.5165547480714583,0.9955379276152708,0.3564350598627357,0.8048805051282998,0.4073175059906176,0.4804437704361034,0.7123243787469681
1.0,0.8311624477758663,0.619046520720917,0.553126935568418,0.5858026069559393,0.4871681560100858,0.969441517386723,0.35020068877764066,0.8027264383881053,0.4065351617604696,0.48000482737615,0.6722529861333578
1.0,0.8370607028753996,0.6116537796056865,0.5586033885646469,0.5370330109480181,0.4929568790324877,0.9773445732349846,0.3404634756250336,0.8002681271862474,0.4058004956536421,0.4792821696660241,0.6294448766646833
1.0,0.7970017203244044,0.5994382253374009,0.5332042510674424,0.5221074897411371,0.5531289162438974,0.9276905829596416,0.3444772511778489,0.7970790583291737,0.4031164110327419,0.4796408146183354,0.592650221957805
1.0,0.8075694273777343,0.5883547658424133,0.4937515272586988,0.4727981179654032,0.0,0.9544811987560085,0.32485544021341284,0.7951824417575138,0.4032293787751856,0.4781208881475724,0.4874467987735114
1.0,0.8407471123126076,0.5733526102934408,0.4436278250388668,0.428360346567596,0.6277092390827248,0.9731410800113092,0.3330795041980064,0.7946009269404705,0.3964820985578917,0.478766355927384,0.5328909432062605
1.0,0.8653231752273286,0.5577138285123535,0.38278083790191386,0.4437778830308681,0.6232242692675097,0.95136186770428,0.3568428240865837,0.7951394054038771,0.39084068180916864,0.4806947167721231,0.5779598187725964
1.0,0.6738756451216518,0.5452474478743488,0.3375735463122013,0.40113389730310495,0.5812850375518418,0.7668122270742357,0.31580602213717585,0.7953751226471767,0.3809663984573809,0.4773929424570876,0.4914100041188048
1.0,0.6701892356844434,0.5441958005267287,0.3517824674392749,0.3978011412000921,0.0,0.7903930131004361,0.24562636023758394,0.7960552436733322,0.3842373172448119,0.4751895300488125,0.3841563315180083
1.0,0.7016465962152865,0.5440942118064147,0.3615006802661844,0.4200651540850678,0.483076609337829,0.9851528384279474,0.24321907747028956,0.7977717371418577,0.3956322133102009,0.4749925607570071,0.38701203606242257
1.0,0.531826001474564,0.5396038647455301,0.3506527804962671,0.3681194576678391,0.454922117368396,0.7914777878513148,0.28024701668885604,0.798935055330784,0.4029552629788888,0.4781037834808141,0.4755663356368128
1.0,0.5055296141558123,0.5384880365290037,0.3493500101087465,0.3534444215434081,0.4738355129009463,0.6273798730734361,0.2404678971648103,0.7999421942582979,0.4110124787838095,0.4747046865030202,0.3994508260491511
1.0,0.5215040550503811,0.5375498623290111,0.3619969466118905,0.3118787052447797,0.5142864353818966,0.6826835902085222,0.2181636854025321,0.7998852837797391,0.4138499831591146,0.4764969666809279,0.3719555169099813
1.0,0.4895551732612439,0.5364332243945618,0.3857472297016107,0.3446340049792403,0.0,0.6727107887579329,0.2463583707117205,0.7990353550526285,0.4127668426187021,0.475184147064797,0.3822159168916756
1.0,0.5372327353158026,0.5352295922798023,0.3768604063406408,0.3719878666226839,0.4655232990193954,0.9048050770625571,0.2494927511311773,0.7979343082672145,0.412778627470704,0.4754100911321942,0.34431376138391856
1.0,0.5124109117719342,0.5291233741288062,0.33377540974280845,0.3574025209312522,0.4710429852986344,0.8170498084291189,0.27313325047040243,0.7976451194547746,0.4164245843026765,0.477460781309844,0.3931902430094731
1.0,0.4866060457114772,0.522746930986695,0.28232393423918895,0.3412495714691354,0.4661266445534618,0.6678832116788324,0.27644449248092584,0.798487953280186,0.4315732807494129,0.4777409882004089,0.3891538144707336
1.0,0.4841484394200049,0.5200329371073635,0.2661043637152532,0.3391750683506281,0.4542401444244691,0.4708029197080286,0.25492633223449884,0.7987585342109488,0.4379091387181415,0.4795893574385321,0.3653745823989748
1.0,0.35782747603833864,0.5205580645360541,0.2804656802363603,0.3094234358933497,0.5030465858685842,0.2855839416058388,0.23238630501746504,0.7992806273460765,0.4479273288371477,0.4775539142083596,0.3010937714521074
1.0,0.3226837060702877,0.5281236922816641,0.3221668531379687,0.3333997464939732,0.6875659859979372,0.23813868613138664,0.2251398926057116,0.7990167007026484,0.4440059819823709,0.4768987293088609,0.2845270239348314
1.0,0.1990661096092408,0.5338992780648661,0.3436541293189201,0.3017205592297188,0.4521366470912002,0.048872180451128254,0.21472471002068305,0.7989451226005572,0.44267699936051785,0.4758860395891034,0.2347260994920143
1.0,0.3656918161710496,0.5415873077090414,0.3791314343428335,0.3520549820145679,0.5143999461006734,0.4016506189821183,0.1445204840112209,0.7990479403335337,0.4381246187287471,0.4690183197527474,0.08755663356368157
1.0,0.4224625215040553,0.5406364334104963,0.3871613342465253,0.3961398629832554,0.4783718040284118,0.3954607977991745,0.2349016698681891,0.801727582356277,0.4592127760905325,0.4736030617679782,0.2530685094503686
1.0,0.38387810272794304,0.5397141108167041,0.4123264688960715,0.4210373044545089,0.4897691288169827,0.3700137551581839,0.18915838446762206,0.8046997622492209,0.4825920182247442,0.47320450293411104,0.232364651503364
1.0,0.4094372081592531,0.5415674076189929,0.4420655586322807,0.43974911119521937,0.5728181506558557,0.3631361760660246,0.1655915774580076,0.8073771943133393,0.5018072436467715,0.4747681368848061,0.21237471969246274
1.0,0.3723273531580245,0.5417700885725427,0.4568641013397589,0.4629792918845262,1.0,0.2929848693259975,0.17742656559354258,0.8116731504607012,0.5179151684793136,0.4721271944076815,0.2126767653654296
1.0,0.3111329565003689,0.5452325545933674,0.4846633583836056,0.4006194870172055,0.5647369600593312,0.004207573632538727,0.08775282610084051,0.8151962097138078,0.5280261130908325,0.4681592658787941,0.18075145302274492
1.0,0.33226837060702863,0.5540112673700923,0.5002595659271633,0.4144868178945653,1.0,0.06035141329258914,0.0,0.8201376421889496,0.5478149204580843,0.4589856544876641,0.0013327328376182429
1.0,0.3588105185549276,0.559731742375194,0.5045386791482249,0.3879774676572488,0.4603700711875504,0.09243697478991547,0.02110057037863133,0.8223139521149451,0.5538848319669357,0.4612184974223598,0.01263186845569036
0.0,0.4681739985254365,0.5674043563717062,0.5154032424767045,0.4253140499522484,0.4373467223008685,0.03929823944590378,0.07319613459167068,0.8246421373972689,0.5645717591672643,0.4623483356610841,0.0489676914200937
0.0,0.4780044236913246,0.5743730984767392,0.5435050526081802,0.4326713444663549,0.3716139953927461,0.3905380333951756,0.09306849947678447,0.8253015807484262,0.5666736962204825,0.4642329222883833,0.025418826618016668
0.0,0.4514622757434263,0.5760321367556387,0.5465898181058925,0.4635348260055763,0.38978716742099423,0.3218923933209645,0.1657193108293333,0.8260509755876743,0.5687644187390577,0.4671727428980582,0.12675894681266214
0.0,0.5411649053821579,0.5758869152375536,0.5295785129488157,0.5248044145383836,0.46556896490964206,0.31818181818181746,0.1573675134734141,0.8263129183875674,0.5739383393319314,0.4663276438441274,0.09299175906158892
0.0,0.5908085524698944,0.5743676145542849,0.5136319457296613,0.5066825783623352,0.5160750691753361,0.4285714285714276,0.19790320758146698,0.8258562191061206,0.5738394525735608,0.4700690076331007,0.18894474668870406
0.0,0.6330793806832146,0.5757237777311821,0.5316767249656622,0.4818912839230835,0.4814408401739801,0.4860853432281999,0.27489695355909394,0.8258515651603314,0.5789710984839034,0.4734029800860774,0.2839680462778049
0.0,0.5389530597198329,0.5780227336515267,0.5656109974201047,0.471915652580423,0.4334958358205773,0.44526901669758784,0.26796987457565485,0.8255301495623516,0.5785790736097048,0.4727790124295091,0.2950095264329823
0.0,0.4775129024330303,0.5812795976401113,0.5946160993215976,0.4885517104384986,0.4706334384304774,0.43042671614100186,0.24239863620062002,0.8265468932719237,0.5891413545539804,0.4741112239360062,0.2352799393981133
0.0,0.4666994347505531,0.5828725416308063,0.6000597804449537,0.4819565425516577,0.4471714357478638,0.23933209647495346,0.2361888292253952,0.8270807627492834,0.5945911460032505,0.4735214347472867,0.2144709960287401
0.0,0.5517326124354882,0.5848589629373908,0.5966893975450868,0.4794149405716101,0.525652139850452,0.5278293135435991,0.2195392755552716,0.828809385320718,0.6074749739843031,0.4719187970986953,0.16465808139935267
0.0,0.6129270090931435,0.5840468400786196,0.5857646788994728,0.4631303183954754,0.0,0.6122448979591831,0.2591267950223289,0.8303185256086708,0.6137274282457107,0.4756109486980394,0.3228198241627071
0.0,0.6687146719095601,0.5822723923049968,0.5736521657600722,0.4991771973600141,0.5387381154605089,0.8970315398886828,0.26859871578833594,0.8317707814381153,0.6215781915148652,0.4764707539186663,0.31756306957739394
0.0,0.6094863602850825,0.5739906084719453,0.5228330415049519,0.5157508359202327,0.5004020354531827,0.9938499384993852,0.34698770320659905,0.8315287926192646,0.6131891451731274,0.4835541420381924,0.5106397631017152
0.0,0.6559351191939053,0.5665070629075749,0.4698715572783868,0.5431379587544862,0.43157206479639576,0.8157524613220812,0.3216031520665785,0.8304484266892891,0.6041180784129793,0.4812732000889814,0.4181989302848749
0.0,0.7077906119439668,0.5592233686332566,0.4182135249600319,0.5248275759683897,0.501764157752681,0.9861635220125788,0.3096846459574845,0.8294225458006145,0.594141254819848,0.4801839795588331,0.3456603080595921
0.0,0.7385106905873681,0.5515775291329117,0.3785446971798519,0.5414753393853473,0.0,0.8799807969275083,0.3302890213167346,0.8296974224905523,0.5971471495480375,0.4784216064741752,0.3923627849321675
0.0,0.7844679282378961,0.5453321279770644,0.3468467517988739,0.5136070672747491,0.44652068108563225,0.9358649789029532,0.2646979351409242,0.8300024856629075,0.6023764647904214,0.4758756889760157,0.270344099350366
0.0,0.7480953551241093,0.5383903057460446,0.3131945746078584,0.5508952799967627,0.0,0.8458831808585504,0.280802165571926,0.8306933364115799,0.6095319815578062,0.4737045216327101,0.2725248490691642
0.0,0.8046202998279679,0.5371719135718083,0.3120833923627143,0.533576505947866,0.4758326417143456,0.9190710767065452,0.24338120059543406,0.8299908541875697,0.6081966506248856,0.4700330318059245,0.1850653077152632
1.0,0.6696977144261488,0.5336217609784988,0.288031101236186,0.4886226410634854,0.4820154875332465,0.9212481426448736,0.27115338321485233,0.8299796495146873,0.6100774957494486,0.4690294375760004,0.20115694511397306
1.0,0.5861391005160974,0.5321558148212251,0.2782235974435517,0.4494589913631738,0.40822406688712937,0.6612184249628525,0.2511238080265684,0.8304317730231744,0.6149580078039423,0.4670317285748238,0.14428528797373918
1.0,0.6887441631850582,0.5329482404430081,0.26340264172950445,0.4648962603583702,0.4561586248220098,0.9554234769687968,0.2518705569666271,0.8316249643455506,0.624380070413209,0.4671335170398196,0.17618162201868556
1.0,0.6765790120422708,0.5291030157608994,0.2594129303304941,0.4544835947734657,0.437474692495035,0.980683506686478,0.3324162732315069,0.8327883524594163,0.6360827362498431,0.4712219782047704,0.3490002984183826
1.0,0.5347751290243303,0.5247938700617478,0.2554621440013069,0.4211186974381684,0.4015515741852682,0.7065378900445761,0.3437796304575312,0.8323261668077554,0.6376630646469871,0.4686191784019961,0.3678465670408376
1.0,0.501843204718604,0.5241144465938896,0.2650440031976221,0.4505971652371407,0.4147786347134724,0.6448736998514113,0.3017307871814649,0.8318760801380121,0.6365266536639035,0.4645027227565596,0.23383375800564696
1.0,0.5205210125337921,0.5235039615419703,0.2540598404529681,0.46263686607832394,0.41969311980812,0.5631500742942052,0.30960604080589943,0.8316726313466737,0.6321871296809844,0.461578870551326,0.2406170373941192
1.0,0.5971983288277221,0.5235423503561367,0.2392088662917245,0.5165746186795868,0.0,0.8150074294205055,0.3012738947378765,0.8322055156165339,0.6395679057390987,0.4607541042754956,0.20625301287790124
0.0,0.6669943475055299,0.5199590993670893,0.219061032237038,0.5216590622222084,0.4012506690704026,0.9888558692421996,0.3662803550987722,0.8328107237175363,0.6489234016388534,0.4672014061499866,0.3660675343755021
1.0,0.6215286311132957,0.5140067249119016,0.19024364772749405,0.5428910042236429,0.4421606040818857,0.9427419354838714,0.4126623073559682,0.8326174847032818,0.6543286212277091,0.4681008703250539,0.4613089089364827
1.0,0.5426394691570409,0.5099242513190825,0.161086946338514,0.5285634181117203,0.4280694012821945,0.9152542372881346,0.4330750826582296,0.8320144946032503,0.6521432820053497,0.4664245750327845,0.473532584991851
0.0,0.5106905873679036,0.5066354970436395,0.13111426607649712,0.5062243505550105,0.0,0.7877320419693293,0.3956786817916079,0.8314224655184982,0.6560913751407671,0.462851311418095,0.3861074765282464
1.0,0.5138854755468176,0.5051271079429729,0.10059007639327684,0.50860744624825,0.4739433380665774,0.8523002421307507,0.37386083940476256,0.8314384935502751,0.6640086525205798,0.4607337279016965,0.3253563804145722
1.0,0.4642418284590811,0.5035397930593289,0.07654645793207265,0.4751835904702938,0.5034792330435967,0.8849144634525657,0.3871500228446221,0.8314263947884325,0.6690732659837266,0.4583786674418077,0.3417234809356564
1.0,0.31359056279184083,0.5006095079389381,0.04134790273806322,0.4038924225172444,0.4570014177561888,0.4732977303070757,0.41231840981778334,0.8311872464570479,0.6730798780294498,0.4572339805382132,0.3888506301218923
1.0,0.2799213565986729,0.5021762262638483,0.025728055634057775,0.4218753018709293,0.44646047346295853,0.3763702801461628,0.365494303582921,0.8306742291605697,0.6661346028371229,0.4525865217895476,0.2592681863048921
1.0,0.2187269599410176,0.5040715389197872,0.01139248124249437,0.3856440534130141,1.0,0.21907514450867013,0.3342634942937572,0.8307060088057557,0.6628143400645923,0.4493722073991333,0.16352179601955816
1.0,0.1830916687146723,0.5093219459163127,0.0,0.369680233713565,0.4017754549634418,0.1393063583815027,0.2975794526133755,0.8312542442896081,0.6568379067379333,0.4454429172581639,0.07665909143080131
1.0,0.1912017694765299,0.5172887996524675,0.0007958437223568593,0.3315171233969146,1.0,0.08168316831683127,0.32591169693783817,0.8321744223657753,0.6623979485457232,0.444815373275825,0.0998024543549837
1.0,0.15679528139592064,0.5260759600253613,0.0043197386811191785,0.3029020888469197,0.33202158022506384,0.003712871287127975,0.3822912419122666,0.8322310982768634,0.6656008019040246,0.447185073062728,0.2216749357403308
1.0,0.26959941017449035,0.5395256105342925,0.04415670342454103,0.37375430255396586,0.451827711082042,0.20745428973277094,0.3409400193565185,0.831890691074724,0.6688758037150165,0.4427929930275567,0.10664829566506076
1.0,0.20717621037109876,0.5464615749589008,0.0684307902198158,0.388043408237762,0.6325825138533033,0.08084074373484232,0.45003905693469387,0.8309999833297276,0.6654798723161846,0.4509825815329898,0.3766361402725041
1.0,0.21270582452691086,0.5548284047581691,0.09708645178686626,0.4008624856888138,0.6039063191584921,0.0568017366136032,0.4784646448766634,0.8301137917007443,0.6626865798164486,0.4542053122123085,0.3841343674920189
1.0,0.2199557630867539,0.5608859807809481,0.11076188531337178,0.40693185692825656,0.4326517777474689,0.1144876325088342,0.4680985905113755,0.8304458033972809,0.6654753473102528,0.4531509518921363,0.38315297797692016
0.0,0.3330056524944706,0.5663964707227576,0.12607622561570025,0.513688950518208,0.4190337579976683,0.1726049089469521,0.4555414175456524,0.8316525515632996,0.6764579676157169,0.4514858278641203,0.4220641457631346
0.0,0.3632342098795776,0.5682481023434525,0.12469733411546602,0.4949294404350569,1.0,0.21298495645289076,0.5116605829554554,0.8331778291159583,0.6914522119781914,0.4539123935728594,0.5193227671700156
0.0,0.33103956746129304,0.572078296383598,0.13207581611343985,0.4339069699289748,0.5493376843491609,0.065716547901822,0.5041783550889466,0.8341653465252828,0.7010026364227163,0.4529695491850792,0.5222763010108572
0.0,0.30769230769230793,0.5794394186060471,0.14471236610999838,0.4171375899131274,0.3584265899292511,0.08709422011084783,0.4235785977823521,0.8354613683644995,0.7112163452660313,0.4480288311611716,0.3953887432921504
0.0,0.29859916441386103,0.5868325385583963,0.15608370403326868,0.3973289116217391,1.0,0.0391373801916929,0.4468408098295741,0.8362112323621831,0.7156530970186332,0.4468875879706666,0.4392965597570613
0.0,0.33816662570656225,0.5964258625493934,0.1757827214598526,0.4104894316463381,0.3710668426921072,0.05750798722044721,0.4198202889721884,0.8354025042921586,0.7168241144285982,0.4441394208432072,0.3502121552477224
0.0,0.35364954534283644,0.6073050260591017,0.20123112566154305,0.4258697485355827,1.0,0.12180746561886133,0.4500980107983826,0.8349455176501007,0.7204120186059773,0.44385341901569203,0.3832210158492447
0.0,0.31383632342098816,0.6157477457375713,0.2142804365602781,0.4425603580065268,0.4311692513382164,0.09430255402750562,0.5292190086907821,0.8350060557091928,0.7271634238219865,0.4489660459210631,0.5497004867090979
0.0,0.3457852052101258,0.6261732287763007,0.2359891406242347,0.4267660612550238,0.3574088028279533,0.09427966101694923,0.5364261185267428,0.8347403242680648,0.7300744945105558,0.44977919534610733,0.5661113191064521
0.0,0.3386581469648562,0.6359061978423237,0.251249579538387,0.4256246737778989,0.4761616044947764,0.0974124809741248,0.5721472471002067,0.8333473278386568,0.7270792995271532,0.4500718873346996,0.620699696326802
0.0,0.3647087736544606,0.6433025839373772,0.2809671046359571,0.4468626622564498,0.5566768008789521,0.28375286041189945,0.6298286898977641,0.8322829278677287,0.7286070705694452,0.4528829390865109,0.6851678522401093
0.0,0.3701155074956996,0.6469644780785111,0.3001674323288448,0.4516021851033842,0.5184119483197712,0.309799789251845,0.6594284422915369,0.8310489788569663,0.7330510991858749,0.4559083935686216,0.7827173179405044
0.0,0.35438682723027803,0.6495396749075322,0.316421461561738,0.4398321177413394,0.5314570705939261,0.3186582809224323,0.6590992832192739,0.8304756412158801,0.7376211555496627,0.45604524584598,0.7646146252027363
0.0,0.3629884492504303,0.6532295594402929,0.3360359904728997,0.40072357405356895,0.498349834267113,0.3144590495449949,0.6700057480017095,0.8301891913318368,0.7426128947796172,0.4534900024822166,0.7794780652870241
0.0,0.31678545097075483,0.6566789661856094,0.34977407488406204,0.41351885354926615,0.5048889413855345,0.26155268022181244,0.6512928091024763,0.8300150423975364,0.7459063899836431,0.4509365620183439,0.7837364940341439
0.0,0.3140820840501352,0.6610977715178874,0.3703836003151752,0.4119806543023653,0.4853978835659478,0.26829268292682895,0.6452598637183182,0.8293773472333331,0.7520820396907055,0.4504481990039925,0.7627793869057621
0.0,0.3285819611698211,0.6638198893554967,0.3708070139894587,0.37847035626961983,0.4673016437543364,0.27864583333333376,0.6518872605613389,0.8270844792288546,0.7502186584104489,0.4513848041995885,0.7443924910289745
0.0,0.4202506758417303,0.6654085044401128,0.3616137560021084,0.4132019188190281,0.4716571295817423,0.490451388888889,0.6848277318974789,0.8248258060109067,0.7502728967633586,0.4513564594413224,0.7684537458999735
0.0,0.44359793561071537,0.6639431539006369,0.34346716120452514,0.43844954421081617,0.4836753661228192,0.4522569444444448,0.7011383008513921,0.8229923914715697,0.7444725691475337,0.4493944432938221,0.8015419760137066
0.0,0.4438436962398624,0.6623929285488113,0.3253384168476588,0.4389711390662568,0.4853468618540529,0.499131944444444,0.6986966283302791,0.8220688933725141,0.7423926461279964,0.4492341337409209,0.7912805585748235
0.0,0.4310641435242075,0.6596408276136376,0.3039317937888463,0.4224999946918017,0.4682986639327962,0.2803819444444445,0.7047787019341782,0.821421345293062,0.7380917585215304,0.4498898348481637,0.805042279987473
1.0,0.4669451953797005,0.6605030973442919,0.28850452902816964,0.460819869181265,0.4735697749251656,0.21788194444444475,0.6760927344275824,0.8209351374835744,0.7392894071323248,0.4509272178503054,0.7541681251266555
1.0,0.43278446792823816,0.6634407669743627,0.284787625587117,0.4793210463687318,0.4825554479931026,0.17013888888888942,0.6744076364904762,0.8194575858601573,0.7326311717714961,0.450675777549527,0.7552734842762657
0.0,0.4706316048169084,0.6689212010878984,0.29260098154612435,0.4633302036418714,0.3743491209371306,0.27604166666666696,0.6858446860461118,0.8180067851840979,0.7346724323311381,0.4523763198615196,0.7247103037895399
0.0,0.4797247480953553,0.673204654196198,0.3007425260459459,0.4725165950439287,1.0,0.2647569444444452,0.7137102122830374,0.8164078689244242,0.7362695979844923,0.4555124039700471,0.7882424318127067
1.0,0.4190218726959944,0.6784095972441957,0.3179186908483232,0.4623633048181081,0.3654697337590169,0.1449652777777778,0.712344447774246,0.8173974277522168,0.7560276948151105,0.4554625601641902,0.7796325871467958
0.0,0.4669451953797005,0.6866468824788046,0.35008116425684066,0.5053769790680522,0.5629592138154805,0.1360544217687077,0.6434126426560677,0.8179526269853415,0.7651698393141629,0.4508581243797043,0.7299006968174798
1.0,0.5045465716392237,0.6934308607032138,0.37756744466491376,0.4944912969879353,0.5689480891928052,0.2879818594104313,0.6671513984347748,0.818826763367475,0.7782656284620805,0.449779097499933,0.7566402869353412
1.0,0.4202506758417303,0.6989441964975305,0.4089873897762441,0.4619780720068393,0.4703767976738126,0.21655328798185888,0.6727078000874481,0.8166566104109972,0.7720072118724725,0.4466043695535093,0.7653125864330259
0.0,0.4787417055787666,0.7065417809783858,0.4423429219721823,0.5162681013215817,0.4742590262695501,0.5714285714285716,0.6955917248426667,0.8142126296146052,0.7686272111974437,0.4494663609167723,0.7499486978167573
0.0,0.4954534283607768,0.7074143823600559,0.453299182616063,0.5339943727140285,0.463479920147326,0.6598639455782316,0.7183724803364301,0.8136687431832025,0.7714031494012926,0.4482867598655946,0.7675492610837439
0.0,0.5310887195871223,0.7061990142644554,0.4420665391503746,0.523269407216773,0.5124941258901408,0.6870748299319724,0.7016639728026173,0.8143395713411558,0.7833493732679059,0.4451857615706532,0.8196516537649541
0.0,0.5694273777340869,0.7040621903117001,0.440966572192654,0.5145398626727723,0.5593916136774386,0.7709750566893415,0.7292985964067622,0.8156534848147258,0.7971756602377739,0.4482400609823624,0.8701090781140044
0.0,0.5716392233964119,0.7012571375992647,0.4416742085330196,0.5168253724976689,0.5664494148834602,0.7392290249433096,0.7368889063567003,0.8142908948602979,0.8020195569397587,0.4489444609617424,0.8925404644616469
0.0,0.6146473334971738,0.6992053071805346,0.4390092277631441,0.5215331740644096,0.0,0.9206349206349204,0.7484045610639205,0.8127836148283129,0.807410615885722,0.4503575316018583,0.8847202674173116
0.0,0.6183337429343821,0.6941810370206614,0.4238207194802127,0.5268674860671939,0.6223438597937779,0.9489795918367344,0.7677365155318867,0.8111910073457985,0.8173074506890144,0.4486743756660557,0.917690007037298
0.0,0.630130253133448,0.6895197937192534,0.4033213545438631,0.5381887203366269,0.4759273132204778,0.9250288350634364,0.7575571484016133,0.8105731309965917,0.8308747801130391,0.4514633558599146,0.9041959887403236
0.0,0.5573851069058737,0.6850742526075604,0.3894376540182399,0.5027774569680797,0.3995390187269555,0.9711399711399707,0.7403180560946011,0.8097620554332253,0.8423921946636425,0.4531521204623098,0.8940358902181562
0.0,0.5055296141558123,0.6821665472678187,0.3685700009008053,0.4951362011597654,0.4947202822104927,0.7585227272727271,0.7272057342458081,0.8091912020650046,0.8463311292306946,0.4521164257007679,0.8583743842364533
0.0,0.5468173998525439,0.6806420452948394,0.3530328590568537,0.4913045901597271,0.4886468124495522,0.8338068181818181,0.6886400817493576,0.8083744389542961,0.8442654336323324,0.4519899566277074,0.8029644616467279
1.0,0.4755468173998527,0.6776247600999878,0.3267921281491342,0.4588172997749815,0.5119214332428976,0.5063766175119516,0.6840858957793947,0.8089592258088231,0.8523804080194325,0.4552550331785995,0.7993314567206194
1.0,0.41361513885475537,0.6783032747966553,0.3263783094678657,0.4160564825512781,0.4904898821776969,0.16468979504040795,0.6523490658269016,0.8092160797263915,0.8681767066803713,0.4550849986644899,0.7835151301900067
1.0,0.4337675104448268,0.6820832970511703,0.3244323649969739,0.4385142996567381,0.4485930566688433,0.29374980794640976,0.6339112449582165,0.8098406648254136,0.8939392663442302,0.4533367998454878,0.7491115411681915
1.0,0.4148439420004917,0.6852431468053191,0.3302947092955606,0.46193377668293,0.4918798142083182,0.2277474987041959,0.6230342571076251,0.8096198836171152,0.9010877794088278,0.4556973965144484,0.7472290640394086
1.0,0.3821577783239127,0.6886721211880271,0.3300886218087513,0.4682835312714798,0.4363589511351686,0.14921387846136988,0.6258050887010005,0.8098791934458135,0.8915561193777216,0.45222514088121,0.7501935256861362
1.0,0.4293438191201768,0.6926675730258587,0.3376372448958521,0.4841632123334413,0.4470871996459273,0.14484574868321964,0.6070282831161048,0.8097102697444548,0.8797438823663551,0.4537982096457594,0.7360045742434909
1.0,0.451462275743426,0.6950540511837138,0.3328028354434863,0.4673930022591498,1.0,0.19751693002257276,0.6333364447872505,0.8090891971423463,0.8736134241901269,0.4529696882143196,0.7823715693173825
1.0,0.4349963135905628,0.6979290777778107,0.33949324029406913,0.4971610288279391,0.4074284534914032,0.1617757712565837,0.6451124790590962,0.8075760569479297,0.8782919047322569,0.4543527381255668,0.778764954257565
0.0,0.4969279921356598,0.7004646031358281,0.3394440129325164,0.5770930582531419,0.4814143809490312,0.6435029708085755,0.6573797955283491,0.8061648250926355,0.8802220137192162,0.4519505822921326,0.7883180858550314
0.0,0.5689358564757926,0.7003376255645141,0.3388828421234184,0.6312655256645747,0.41333690278581103,0.8049599586670101,0.6850389832423643,0.8045186527558673,0.8798802552636581,0.4550006828884278,0.8418103448275863
0.0,0.5143769968051121,0.6974914684857625,0.3211021507626022,0.5547771953972297,0.4822957068307078,0.8264875570481364,0.7243071692811067,0.8031158431389992,0.8805945850178717,0.4556471080945249,0.87905524278677
0.0,0.5180634062423198,0.6962000453873611,0.31552511927589244,0.5593224106278838,0.4718909390348069,0.5660036166365271,0.7187704189163295,0.8004911265580549,0.8715762922042795,0.4587505003057434,0.8765130190007037
0.0,0.4974195133939544,0.6942319146698053,0.29582918223021776,0.5833924941018515,1.0,0.38947730991130697,0.7379107733273067,0.7981208222655057,0.8663990903787603,0.4610725025655752,0.8676020408163264
0.0,0.5079872204472843,0.6931178938146043,0.2822028732583625,0.596906262367894,0.4774276045203775,0.309825195901145,0.7376749578725513,0.7949528446981329,0.8547560550320726,0.4613441038685964,0.845197044334975
0.0,0.5507495699188991,0.6936398637623977,0.2846636626868698,0.6446385640513921,0.4783759501807059,0.2485445588893867,0.7467587657026069,0.791916423785132,0.8394876851906855,0.4625641491827127,0.8332160450387049
0.0,0.5089702629638733,0.6943856191167812,0.29626163985640075,0.5993430309731714,0.5195297883410082,0.3521687226422598,0.7496671563112569,0.7898965741105334,0.8289011870371831,0.4633981908019013,0.7989481065918657
0.0,0.4981567952813961,0.6967217764273891,0.31827235760325673,0.5879185516482037,0.5165301669232475,0.187027457222443,0.7410107639929452,0.7875925318262597,0.817763385783486,0.4620230441099832,0.8114792426522477
0.0,0.5384615384615387,0.699576164131573,0.3472064779284526,0.6316474154776417,0.4774600188999647,0.5192996418623163,0.7554790247065817,0.7869645945396312,0.8219164590711435,0.4640040304586104,0.7926770187919119
1.0,0.5426394691570413,0.7018693504881646,0.3765416440361317,0.6363223183733834,0.4764507303814451,0.6625547154795067,0.7697360340753329,0.7861357998053357,0.8251400619635222,0.4649870416545063,0.8524721565980422
1.0,0.4600638977635785,0.7028345532901319,0.3912564769242393,0.5984197074535091,0.4414515982423963,0.4337445284520482,0.7896575271801876,0.7876419342194653,0.8402430954815815,0.4670263753182418,0.8975869051636853
1.0,0.4959449496190711,0.7062258513248367,0.409116552710068,0.5851003008045358,0.5283568564576976,0.6111111111111117,0.747520253108588,0.7871845109677412,0.8440071001743726,0.4650679842651831,0.8903476206547418
0.0,0.4811993118702386,0.7068961567847833,0.4119727016145315,0.5701696063379338,0.4419409957654287,0.6785714285714299,0.7456189910046227,0.788100297855795,0.8555333151981833,0.4654927968184298,0.8446760040499492
0.0,0.4799705087245026,0.7088535083065861,0.4245564817773109,0.5689581111552932,0.5635822511192753,0.6243194192377501,0.7186770752988221,0.788246893624761,0.8648738471665273,0.4614339633236485,0.8656176172797836
0.0,0.4458097812730404,0.7095709608919563,0.42908343466232,0.5378749759379632,0.5982634185126648,0.5581061692969873,0.7022977268372728,0.7888098083965981,0.8783150078325593,0.463067662241887,0.863609517381033
0.0,0.4893094126320965,0.7106178638562883,0.4362988227579536,0.5305047553446176,0.5392849446237078,0.6771879483500718,0.7237028921782959,0.7879216923689382,0.8846255687409016,0.4616332997429277,0.8780037124535941
0.0,0.44359793561071537,0.7092368235897388,0.4366347203813461,0.5366162389607455,0.5647984850668117,0.5581061692969873,0.7354297982304017,0.7853745913167397,0.8815731074012237,0.4628315827786735,0.9029109011137364
0.0,0.4182845908085526,0.7099092328430283,0.4469521680779141,0.5630702565726267,0.5293187631736737,0.4691535150645619,0.7507135873917337,0.7839821965925061,0.889809232631286,0.4647518034603311,0.8877489031387108
0.0,0.42516588842467457,0.7104726889796693,0.4569521395082463,0.5690709762500784,0.5539315592951093,0.49407114624506,0.7131403249340453,0.7812824537018513,0.8902212384973475,0.4643382284962299,0.854463381707729
0.0,0.44802162693536535,0.7107711150488594,0.4671092229292614,0.5405426937223674,0.5696502372583305,0.4680603948896633,0.7484045610639207,0.779812182538235,0.9016540706578638,0.4644862967607272,0.862867026662167
1.0,0.3706070287539939,0.7099568458727783,0.4765393974558325,0.5022458205882862,0.5133986805637833,0.21486643437862885,0.7509985310662297,0.7779835167060919,0.903488780498914,0.4646800481024967,0.8725531555855551
0.0,0.44310641435242093,0.7128308326687576,0.4914413169863116,0.5229236028138018,0.5881054516868724,0.4843205574912894,0.6930075804843059,0.7779484618400346,0.9172628291827288,0.4627172367660234,0.7918157273034089
1.0,0.4177930695502584,0.7122738605369454,0.4998137133491711,0.4838437970609569,0.5786921400639626,0.326364692218351,0.7033687220276199,0.7776891143417081,0.9224657282184541,0.4634574386610405,0.835791427607155
1.0,0.3961661341853039,0.7141838540039229,0.5177776093284072,0.4635049227286686,0.6002067286545257,0.3286875725900114,0.7065620563107655,0.7770084212788736,0.930733353226659,0.4639699529716567,0.8235993925075938
1.0,0.37306463504546616,0.7156605041937152,0.5408835878861374,0.4786617580953765,1.0,0.2201735357917572,0.6865668708762998,0.7783126188570614,0.948190393014396,0.4657301091467372,0.7970975362807962
1.0,0.362496927992136,0.71755378653987,0.5613293939058119,0.4525366538967873,0.7635201811948175,0.015184381778741929,0.5976497059676047,0.7794602291066853,0.9643283717850072,0.4589411965982269,0.7539402632467094
1.0,0.4229540427623496,0.7212498321499483,0.5902655776070798,0.4761754251800845,0.5567640513691956,0.18840579710144906,0.5778166436582839,0.7802158020557205,0.9723774268804052,0.4573061642114344,0.6913094836314548
1.0,0.4521995576308676,0.7228518097615608,0.6075058898978998,0.5244979238684782,1.0,0.10187353629976628,0.6134444286142402,0.7785091479164422,0.9686560750136732,0.4574535872771444,0.7343570705366181
1.0,0.4829196362742689,0.7241218667032101,0.6182578977121782,0.51641162433431,0.5295633890085801,0.10538641686182727,0.5984701472372744,0.7773373775145612,0.9698668208405284,0.4560778196464077,0.7037293283833947
1.0,0.5505038092897518,0.7262214383187677,0.6305472114581391,0.5451054856565469,0.3985560802342201,0.11815920398009976,0.5886887186869009,0.7760793250918064,0.9728619437853242,0.4588746726866637,0.6888288896388793
0.0,0.6193167854509707,0.7290154581080786,0.6501554812588467,0.5835557323781423,0.396214959943927,0.5391879131255894,0.5861537025482808,0.7747862233748392,0.9723164979352568,0.4588806577440934,0.6579311508606142
1.0,0.5795035635291228,0.7298870344039239,0.666695013237999,0.5806823392551158,0.3488948755934784,0.4863078375826255,0.6331251934423653,0.7736557888632035,0.9705744382193109,0.4603432279898161,0.7298768140398247
0.0,0.6126812484639961,0.7318848440266017,0.6857781866929165,0.5743961587180627,0.40967503337962863,0.5750708215297452,0.6196787996993354,0.7725137227798652,0.965703687230732,0.462735350153608,0.7112807964900442
0.0,0.6303760137625952,0.7327376005974549,0.7034823957853867,0.5416974126905797,0.4761033565086821,0.5816808309726151,0.6810448589774449,0.7716330200163791,0.9624802877083576,0.4658150156880052,0.8018140398245017
0.0,0.6431555664782505,0.733420242000113,0.7246778787718594,0.5590853864020475,0.4430797926293271,0.7554296506137862,0.6972817356017469,0.7697535395064047,0.9512693721743904,0.463848496315374,0.8291765102936214
0.0,0.6301302531334483,0.7317604341666024,0.7276122328141297,0.5479563832898237,0.4921654926335275,0.6666666666666665,0.7302418582257835,0.7677476362221841,0.937966252428042,0.463775359388809,0.8631370232872091
0.0,0.6657655443597938,0.7304873224718769,0.7283565981436831,0.5502130166747528,0.486554663727885,0.7639282341831918,0.7324821050459593,0.7657323115600038,0.9255618312296421,0.4641898157518994,0.8515693553830576
0.0,0.6719095600884738,0.7275523674045776,0.7026986724898909,0.5619797914184447,0.6078785862200815,0.802644003777148,0.7469798426914405,0.7634584289089689,0.9190125294592076,0.4657244068693556,0.8819946000674994
0.0,0.683460309658393,0.7232315664197047,0.6760363894927195,0.5217434800113755,0.4992717556727092,0.8215297450424929,0.7740249276586961,0.7606242936330628,0.9144570862588008,0.46500994963044,0.8936044549443128
0.0,0.6972229048906364,0.7182829463039997,0.6538547142913055,0.5351250288551966,0.6113337838520717,0.7601510859301223,0.7991392735901427,0.7570855118706127,0.9033127350595046,0.464072089353639,0.902708403644954
0.0,0.7134431064143523,0.7129841309365306,0.6500437953763707,0.5706931061356589,0.5231971339866321,0.854629629629629,0.7967860318645632,0.7564684918889516,0.905829263419162,0.4641989180089681,0.8784864052123793
0.0,0.7291717866797741,0.7071335467209221,0.6517807365597637,0.5849837432866408,0.5130069560403411,0.796296296296296,0.746621206687333,0.7562439338994519,0.9116807487596332,0.4570103024475989,0.8847429311280954
0.0,0.7028753993610224,0.7007094763766843,0.6490486884816251,0.5904815559319669,0.0,0.7735004476275738,0.7479427557983579,0.7558106569226023,0.9164373994814996,0.4574112172180181,0.8666583134945495
0.0,0.7426886212828703,0.6944005273578115,0.6487108586955109,0.5985863954276618,0.6184102999415361,0.8544642857142848,0.7627893038039978,0.7532406445618881,0.9110668352307141,0.459169569196796,0.8613289896838323
0.0,0.7756205455885966,0.6848914547776259,0.6443518353645249,0.5685187878224033,0.4922851018086037,0.9953401677539598,0.7659531611552991,0.7512394256835307,0.9056372268162364,0.4556960320160098,0.8659566470367119
0.0,0.7623494716146474,0.6744357194356836,0.6250627240798704,0.5612736273910024,0.4556273122508813,0.9740980573543014,0.7907923890561974,0.7492953615396712,0.8997662799127085,0.458348387561993,0.9120995698116356
1.0,0.7517817645613176,0.6643283572936374,0.5886710982515344,0.5542859610395017,0.5401072638693654,0.97074340527578,0.7957346879621124,0.7468468141597314,0.8949986643862571,0.4591964034748742,0.8935471745395317
1.0,0.7709510936348001,0.6552226610385947,0.5468568406343471,0.5724124346120836,0.5224375386450949,0.9973474801061007,0.792570830610811,0.7443783081597394,0.8916472951730253,0.4591376163080678,0.8740675771624272
1.0,0.7313836323420991,0.647761727095097,0.5176124353912437,0.5857070437691815,0.5381299027737908,0.9004934210526321,0.7768498002937869,0.7422794776830987,0.8924870700363537,0.4615371143499717,0.8484400451071298
1.0,0.6635536986974688,0.6421212073937708,0.5114604895220927,0.5630488392806133,0.5337460218491805,0.813953488372093,0.7453733499059195,0.740579811774717,0.8912077113298249,0.4588766913125453,0.7811552437037967
1.0,0.6861636765790123,0.6393746918875503,0.5069019026620167,0.5852406292229536,0.4135528916604321,0.8047337278106506,0.7543687269404417,0.7391818890559144,0.8870108501748807,0.4560805496501785,0.7954141085077058
1.0,0.7041042025067584,0.6372752566440747,0.5027568821394144,0.6244198904493183,0.5232253689963082,0.9110251450676984,0.7402885791627569,0.7380210727262452,0.88781626737308,0.4585025421264403,0.7755299293427546
1.0,0.6689604325387075,0.6337897131204815,0.4847058854488967,0.6085412957801191,0.5372383397789888,0.8713733075435205,0.7533615984357571,0.7364047909095358,0.8821645841919373,0.4561770238176062,0.7966771097187038
1.0,0.6758417301548294,0.6304528952900228,0.4687353308525602,0.6156042583556784,0.0,0.8085106382978721,0.7637718681988118,0.7348533637801417,0.8795393012620688,0.4574850778382789,0.7924244054664799
1.0,0.7112312607520274,0.6271312681017409,0.4686687003457522,0.6391339594733484,0.41514544180636337,0.9361702127659564,0.7584365435349718,0.7326991610095134,0.8715827712639473,0.4566798578973828,0.7956148182123464
1.0,0.6925534529368396,0.6232242629407839,0.4628375507723948,0.6578252692785691,0.4373307089962391,0.9233067729083668,0.7630840731224421,0.7318442435561171,0.874365284853056,0.4575135710715771,0.7773746242618329
1.0,0.6389776357827475,0.6196073310875705,0.4607581375412957,0.6095294216258829,0.6063472831632797,0.9276729559748428,0.7413890512849484,0.7302290784038875,0.8758424662633372,0.4583339617046509,0.7741607737950091
1.0,0.6406979601867785,0.6193322468101745,0.4545564603150784,0.6121377790291439,0.5985516697602636,0.9846994535519124,0.7471812683923775,0.7283051862203817,0.8776601837351165,0.4592243863072604,0.7603023652767621
1.0,0.5180634062423202,0.6175872004901528,0.4476904940540291,0.510193139497327,0.4379251895129719,0.9831271091113604,0.7939120310097321,0.7258171762608464,0.8754172790584093,0.460818270607445,0.7980283956536929
1.0,0.473580732366675,0.6152860147710064,0.4439350329228639,0.5171743087829878,0.4507761798734633,0.7993630573248407,0.8020329257328702,0.7230383733834632,0.8700763310857057,0.4616067925613563,0.8247556493861914
1.0,0.5310887195871223,0.6111628099754279,0.4221557615340268,0.5219012974630932,0.45339615496366903,0.8243953732912722,0.7984072631160062,0.7207438884332623,0.8604330946398691,0.4617606886211529,0.7938773295295976
1.0,0.508724502334726,0.6055974020670751,0.39506326561763744,0.5014665595795702,0.4541442648709059,0.6908517350157717,0.824450132400552,0.7183740293797499,0.8512630509560221,0.4609510941393451,0.8206560256370748
1.0,0.5210125337920868,0.6013422421655006,0.3717350198132784,0.5133989474982011,0.4411360010219592,0.7686645636172448,0.8147718731116341,0.7160328222777733,0.8437383896351233,0.4601095907690204,0.8088527402413698
1.0,0.5578766281641684,0.5954471545598687,0.33624494452771264,0.5470092739744709,0.4502998537700374,0.6929547844374343,0.8564866444934633,0.7143376583176412,0.8465301831801456,0.4611187515828205,0.8530054603765932
1.0,0.5473089211108382,0.5882699427119951,0.29268983183360714,0.5382621805758719,0.4839384317021127,0.5667718191377495,0.8212174955416139,0.7130819408378174,0.8527956774125166,0.4614943698845431,0.8083552700069899
1.0,0.5748341115753259,0.5840304210259775,0.27498831556738285,0.5623195588470152,0.5034530743350336,0.4700315457413245,0.7804705500886765,0.7127829694549627,0.865816409767386,0.4606398535750033,0.7700144261514897
1.0,0.561317276972229,0.5827342481723643,0.2775783861944728,0.5987730339683699,0.46122953075355894,0.4458464773922179,0.7634623604144455,0.7126001466195261,0.8751999918324463,0.4625420857758651,0.7531417778372669
1.0,0.4386827230277711,0.5831923751641848,0.2925774974220535,0.5401245844408842,0.4832535166458876,0.19768664563617186,0.7447985497349532,0.7116770440393948,0.8780605646164369,0.4644129841475014,0.7300673716146879
1.0,0.4408945686900961,0.5862988260138948,0.3081015204750718,0.5421075312692007,0.4464350673842472,0.2386961093585694,0.7128259043277048,0.7104202411547013,0.8811470759702106,0.461453483386845,0.674534124540817
1.0,0.4969279921356601,0.5868831018356084,0.3154392083081814,0.5422314707242779,1.0,0.29758149316508903,0.7099420778289256,0.7095665368082703,0.8869172400002022,0.4612952653644205,0.6628890971013846
1.0,0.4787417055787663,0.5878295852420443,0.330050065916676,0.5252224360753752,0.44530212904676064,0.13880126182965222,0.7154493512618583,0.7090125674123072,0.8978477421953975,0.4617151285749668,0.6828403158881006
1.0,0.42836077660358857,0.5913664720705567,0.34351696998431724,0.4868047039949987,0.4781564281674031,0.05642256902761252,0.6916221646876182,0.7088166829055694,0.9014132630428552,0.463092616204305,0.6493627210398727
1.0,0.4834111575325636,0.5964884942581129,0.352785803384128,0.4821030370859166,1.0,0.16788321167883302,0.6990749156222825,0.7086073005518746,0.9051918951344614,0.4638058047441489,0.6700575558827468
1.0,0.4325387072990908,0.5999647450636025,0.3478691113740009,0.491213528882745,0.4968028610527762,0.054744525547445515,0.7029413065158756,0.7081134006158846,0.9063284405537868,0.4641567075681794,0.6816728386799329
1.0,0.3789628901449991,0.6025839038117755,0.34762844932338405,0.5068584134016809,0.4640109707996238,0.04014598540146131,0.6636485563672627,0.7072659135433651,0.9104302984834246,0.4602838481332465,0.6174839007123841
1.0,0.5205210125337921,0.6073569057775912,0.37869005618677454,0.5623242999231504,0.5017961892045296,0.05985037406483833,0.6694456862966656,0.7062905189539167,0.912998208802096,0.4571962655257187,0.6243846577135295
1.0,0.4939788645858935,0.6111416988833063,0.406259423045616,0.5463469925172482,0.5143826518818335,0.27749999999999986,0.6954983812251596,0.7053710461752908,0.9220234698518244,0.4565931040177682,0.6545308526301701
0.0,0.4406488080609488,0.6167257125809982,0.4468084241905364,0.5171674341260722,0.4310021535053932,0.2887499999999985,0.7121184579634385,0.7040247922190799,0.927590041899506,0.454813910249543,0.6784083641933996
0.0,0.558859670680757,0.621537237013748,0.4845145029706302,0.5356880771081353,0.0,0.8787499999999983,0.7444153496209754,0.7028426514527774,0.9345919886979812,0.4549567298841836,0.714719136215589
0.0,0.5541902187269602,0.6183408725554287,0.4931398729784044,0.5323991802823022,0.4449954373661436,0.9537499999999994,0.7938923797218357,0.7009120309541589,0.9329669309354476,0.4609625164895775,0.790657207870432
0.0,0.4883263701155075,0.6138800050969593,0.4998271887854586,0.54100893598203,0.4409965107919552,0.8259587020648975,0.8189035563918269,0.7002668140659829,0.9434565395401644,0.4602233794049602,0.8056038905992058
0.0,0.4846399606782996,0.6116913808026048,0.5064365950139584,0.5385079042941958,0.4800352809365607,0.7014725568942429,0.7455354730310635,0.6993830154269814,0.947286458323412,0.4549836871021323,0.7430657802763274
0.0,0.4868518063406242,0.6096875353474087,0.50696504599341,0.5399508796681708,0.5239274412962788,0.7336010709504673,0.736112680484797,0.6992532814278062,0.955772709073717,0.454144843233688,0.7242374217344101
0.0,0.4182845908085526,0.6078090419345774,0.5147106411045435,0.5416451322832471,0.4918310506963637,0.4185389652073432,0.7535188087389275,0.6979066588310355,0.9558982798674032,0.452456303819388,0.7450289266645845
0.0,0.3779798476284101,0.608521138143252,0.5313330876747113,0.5660990421228544,0.5282071839893885,0.26745435016111685,0.7241008307581958,0.6961279257807672,0.9577949976333898,0.45338593057446896,0.7005978673091507
1.0,0.3475055296141558,0.6089324346182521,0.5339054117359248,0.5362256177729557,0.5309232303630433,0.048335123523092285,0.7394091840293979,0.6949838100428537,0.9640228089633964,0.4514785380973498,0.7068144975386307
1.0,0.4047677562054561,0.6119249675486371,0.5250806748054895,0.5310616160751681,0.5263774796960753,0.08270676691729291,0.678662140320021,0.69327838613158,0.9722975547732688,0.4486724722065572,0.6261693362483082
0.0,0.4689112804128781,0.614511724340091,0.5214130100096505,0.5737883692548714,0.4936619492099677,0.36519871106337226,0.6771833809058261,0.6918669987292329,0.9868477186066468,0.4488395132136093,0.6046119067802912
1.0,0.4961907102482181,0.6143367587950579,0.5047300212089286,0.5441232164821594,0.5517155812580589,0.3974221267454343,0.7428530722332212,0.6903184980780576,0.9947765258378728,0.453409783137005,0.6848555154002883
1.0,0.4733349717375277,0.6125557619287259,0.4836970312913849,0.5253780155838164,0.5232563306784478,0.20326086956521655,0.7499226230539083,0.6887945505478056,0.9993481556763624,0.45424321411719104,0.7016512734396866
1.0,0.4939788645858935,0.6130130234331916,0.4515816154953858,0.5419982138402114,0.4935189687881024,0.11956521739130388,0.7240222256066107,0.6877577748218858,1.0000000000000002,0.4516758515377052,0.6582924565822619
1.0,0.5824526910788891,0.6163401516371907,0.4518091530065424,0.5627505625171512,0.5474324413701764,0.4204660587639307,0.6977189767574392,0.686958273029073,0.9959127423451728,0.4526937317894067,0.6204943509066538
1.0,0.5072499385598427,0.6186245951210674,0.4577987905688054,0.5521110767208327,0.4573197991104221,0.31013916500993977,0.7529489213899356,0.6863224569355727,0.982280674706301,0.4597909780205928,0.7088535880098007
0.0,0.4834111575325633,0.624078034313291,0.4804953979640072,0.5347838708407129,0.4582274903952671,0.4234592445328028,0.7207404605279317,0.6857612138771564,0.9743658550575052,0.4564938447257994,0.6561573382581247
0.0,0.5315802408454167,0.6260034394038927,0.4896712336713941,0.5712317668621462,0.4639480651651804,0.6282306163021869,0.7352283725294646,0.6843697629350155,0.9687068970855492,0.4579607508267807,0.6968383721700232
1.0,0.4475301056770706,0.622408230360316,0.4658246139947997,0.4913575958959144,0.4809419065262978,0.09045725646123236,0.8268426767019244,0.6832387937931613,0.966063831882398,0.4662831692850841,0.8001486266748095
0.0,0.5618087982305237,0.6264070577516679,0.463544607555606,0.5532053958265423,0.4799870382350354,0.3727634194831018,0.7448280266667975,0.6809784727677589,0.9571963580651212,0.46093726911585,0.690024205970806
0.0,0.6210371098550014,0.6276762739592692,0.4444222276485788,0.5750105973370375,0.4834050508847731,0.5974155069582503,0.8147718731116342,0.6799418837522256,0.9616747755270872,0.4666729819805314,0.7895254162693468
0.0,0.6188252641926764,0.6253844247262839,0.4288139474945002,0.5962698722252991,0.4963211918700278,0.5884691848906555,0.8779360252322537,0.6785737209628132,0.9745293756588064,0.4715304719320592,0.8796554800828921
0.0,0.6952568198574589,0.6228056512006572,0.4109572181123655,0.6195765862762407,0.5385050355119393,0.6669980119284296,0.8673292425902359,0.6768605700912128,0.9817969602106016,0.4694921017578267,0.8800296454064008
0.0,0.7281887441631851,0.6182946297384784,0.3927572593958625,0.6047923178196352,0.5098631855145243,0.7688336372742925,0.8611194356150116,0.674919946239848,0.9817969883862382,0.4689320338247995,0.8682938061247986
0.0,0.7296633079380684,0.6133993602999352,0.38386488999340346,0.6061787978364344,0.531454249655257,0.7697784810126584,0.91314130749844,0.6723598449882352,0.97217325326752,0.4722560654413653,0.9300454754777802
0.0,0.7527648070779063,0.6092938149453344,0.39108607587215605,0.5694794787923225,0.5378429354477616,0.7949495174627238,0.9162511238080262,0.6691681160927413,0.9687328891017448,0.4727762324500819,0.9266204236702736
0.0,0.7493241582698452,0.6038292293885146,0.38814288615637865,0.5600840460000139,0.0,0.8372968997258564,0.9239986440611352,0.6659643249522625,0.963025872032728,0.4739355905725264,0.9233608680635504
0.0,0.7982305234701399,0.5968438537836835,0.3727630170125027,0.5545161554691022,0.4963772312455303,0.9837926759102438,0.9339471085586272,0.6631424759754126,0.9633817445953198,0.4753154266470256,0.924644275197468
0.0,0.8092897517817645,0.5889576464455728,0.3452992568379676,0.5632771761312676,0.4619804649283868,0.9863994273443094,0.958535782538848,0.6603415373645697,0.9583459346089246,0.4785004923308535,0.9861686819441166
0.0,0.6942737773408703,0.5840148113552381,0.3315705577339204,0.4815395268195396,0.4770299758267791,0.8425196850393699,0.9515595753356684,0.6578417904305971,0.9457839660671676,0.4781910581307745,1.0
1.0,0.6163676579012041,0.5806280237102309,0.31415527150834804,0.3945448778633364,0.5036743096447964,0.8439513242662844,0.905831028401024,0.6552438157395691,0.937204522251424,0.4772593682276709,0.9925596169493652
1.0,0.6736298844925044,0.5780090778242706,0.3114123010978785,0.4315457760076691,0.4871007061098285,0.7859699355762352,0.8970812924652046,0.6533060113438832,0.9247854813191208,0.4763769996621151,0.9956135113403866
1.0,0.5630376013762597,0.5750198992301117,0.30312315914201804,0.4051514121440414,0.4666700697096736,0.7294201861130994,0.8768257274661134,0.6509610284215449,0.921699252678436,0.478094491086033,0.994016399497673
1.0,0.4610469402801672,0.5756910193366613,0.3213792203416357,0.3960725300191532,0.4487046554707291,0.6141732283464566,0.8605790251978639,0.6487246488104091,0.9138366934275528,0.4767280615230829,0.9675953335946168
1.0,0.4254116490538219,0.5763298316983587,0.3353670651888469,0.4240291040616079,0.4936101139330832,0.5268432355046528,0.8354892433762875,0.6462072002299725,0.9081298570836224,0.4740558653454465,0.9248315232294358
1.0,0.4787417055787666,0.5785819311461806,0.35384239182025085,0.40512051555482,0.0,0.6585540443808163,0.8140889908572383,0.6439587971843103,0.8929255858076129,0.4720773582002246,0.8723834966357764
1.0,0.475792578029,0.5779236047863163,0.35834226919000395,0.4038470344062393,0.4814868646861269,0.8905511811023622,0.8484885703196773,0.6416495610957907,0.8720576473703122,0.4733836203359277,0.9235105957616956
1.0,0.4767756205455886,0.5732845782017761,0.34249191885583474,0.40446719248898894,0.4719824423060506,0.8458117123795403,0.8675650580449915,0.6397974050007272,0.8567207565440692,0.4723693616608308,0.9441663334666136
1.0,0.473580732366675,0.5687278024198554,0.3292723768631687,0.4017563024937595,0.4614150493504264,0.6982950333580434,0.8802106618062482,0.6383929742536602,0.8479173697226766,0.4738947356477839,0.9889036732389828
1.0,0.3465224870975672,0.5669507398565692,0.32584001329154183,0.3753496213903631,0.5030094276905749,0.4744389027431424,0.8432515020953186,0.6364421955789051,0.8380701338026452,0.4729943344879925,0.9410910850368944
1.0,0.3150651265667241,0.569613511814226,0.3419412311200579,0.4095189591948024,0.5142868177209455,0.4650872817955111,0.8177834329817388,0.6348424967638343,0.8281991892295265,0.4707973868104359,0.8720535462279748
1.0,0.3106414352420742,0.5701599677522604,0.3467645760337007,0.4306703496956033,0.5351219700593675,0.4613481756338895,0.8122565082609101,0.632366615792089,0.8197960816036359,0.4693608604423616,0.8807306157009801
1.0,0.2661587613664293,0.5707263197030643,0.3500146701958548,0.3889830406369104,0.5389362865663738,0.3178726035868893,0.8473094930459002,0.6295725948376033,0.8129610851598897,0.470822646039065,0.9051489859279868
1.0,0.22216760874907887,0.5735365606385663,0.3635425772985435,0.4086303461177438,0.4419939777776938,0.261920317365023,0.8508565505111791,0.6263073462234215,0.8063399522579734,0.4721994442533105,0.8755400882995275
1.0,0.2565740968296882,0.5767172393557107,0.3777089057431427,0.4392854750065831,0.4988249896907626,0.23981640849110694,0.8507877710035419,0.6234080267909482,0.7999686793311135,0.4720531977539174,0.8827285125446661
1.0,0.2978618825264197,0.5790808379599515,0.3866033917220132,0.4721235358160464,0.5048425616708385,0.1944922547332187,0.8269114562095613,0.6215703318834173,0.8015111805830423,0.469924789443708,0.8246489550555808
1.0,0.3418530351437702,0.5833039820189905,0.3963733599738253,0.4505711141058216,1.0,0.2352266207687892,0.781349945222035,0.6194077107808204,0.8036967074758,0.4681673948479828,0.7604008733094794
1.0,0.33472597689850125,0.5878736349584683,0.40396398597037936,0.44348382720401175,0.4588231941981625,0.17096959265633996,0.7873239367425042,0.6184748187357493,0.8058705999399288,0.4693250781647776,0.7539330830405309
1.0,0.33054804620299866,0.5963875016435191,0.4318981885624931,0.4381313041409152,0.4531373810353196,0.0069576217583816324,0.7412465794477006,0.6170803849257877,0.7995944972513046,0.4666691534255252,0.701857522855802
1.0,0.35856475792578035,0.6081852584497087,0.4731082074331377,0.4547934625046408,0.4507600893266597,0.16581306017925676,0.7077460464065162,0.6166360436915799,0.7972095387618695,0.4627765548943085,0.6380773558054109
0.0,0.43229294666994383,0.6180080478650214,0.5173590824548768,0.498970474878845,0.4121988946412653,0.3700384122919338,0.7825339353177858,0.6157592781880411,0.7991810875698283,0.4748010222703321,0.7650742267890235
1.0,0.359056279184075,0.6226602809741746,0.5418427965711935,0.4290664528807173,0.540876402882891,0.0053639846743300705,0.8242094041238227,0.614459884476536,0.8040844435193356,0.4779079526310375,0.8165166506763538
0.0,0.4593266158761369,0.6325469357121485,0.5892314172843431,0.4556167711074871,0.6273651155090281,0.005364806866952489,0.7772870414494788,0.612307777232625,0.7968081421047676,0.4723599441865202,0.7380127580726669
0.0,0.5192922093880562,0.6371105426695682,0.6118812044221889,0.5110821413689943,0.6454871477261179,0.2165308498253785,0.8638951800303613,0.6103433620985393,0.7873248220839476,0.4834134493804722,0.8538900403541797
0.0,0.5524698943229295,0.6378003998236728,0.6144449621767691,0.4931565905431732,0.6412634561079019,0.24330616996507476,0.9279682042161836,0.6079614297611909,0.7734816714484606,0.490731668531457,0.9346230293984692
0.0,0.5750798722044729,0.6382990129478812,0.6185027432767416,0.5133284240378401,0.6253960065315239,0.2772486772486766,0.9447012758598664,0.6053688256757218,0.7648478762207549,0.4897761837251736,0.9547936653726652
0.0,0.6212828704841487,0.6397874661154994,0.6238124183899401,0.5657057057238342,0.6388318094687768,0.5213319458896988,0.9363249143940772,0.6026353756669619,0.7526159318390816,0.4890613983330037,0.9357403871595192
0.0,0.629638731875154,0.6386796863456743,0.6246029093966602,0.522541617415712,0.6362398814779572,0.5309917355371906,0.9758190902436268,0.600748398269712,0.7536943783170325,0.4921337423990893,0.9766032357527394
0.0,0.5954780044236917,0.6372476837642362,0.6133864931699994,0.4938979316843528,0.5942774151921324,0.34760448521916515,0.9733528536126436,0.5989324207192391,0.7526641923843913,0.4902680518001351,0.9966251225318584
0.0,0.6726468419759157,0.6385079125224633,0.6204473029564833,0.6155568156358934,0.6024731155144224,0.7158878504672902,0.9248976904823901,0.5982053254493284,0.7580819883720237,0.4882654898504808,0.9306189609298424
0.0,0.7053330056524945,0.6351350327411962,0.6065221714623541,0.6307634720737478,0.6128294159077761,0.8214953271028038,0.9250254238537158,0.5967070694622661,0.7566493311472007,0.4868781149531856,0.9560495728889512
0.0,0.7097566969771444,0.6290287052309373,0.5755440516317843,0.6058099700336542,0.6959328162397571,0.8383177570093465,0.9650698357643612,0.5947924766040783,0.7585371755065359,0.4900544623514469,0.9988166923400088
0.0,0.7144261489309414,0.6222888052921602,0.5513412041117801,0.6108133226711457,0.0,0.790654205607477,0.9543746223268104,0.591903131391578,0.7586077135498634,0.4891059718362055,1.0
0.0,0.7380191693290734,0.6145967146878684,0.5241796363822462,0.6792386111614809,0.7190164797874362,0.8960802187784868,0.9413359928076288,0.5895008130961633,0.7578024690066025,0.4876390195896406,0.9985228519195616
0.0,0.7313836323420988,0.6042122925665017,0.5064718229050802,0.6769632154440168,0.6549579151156483,0.9560251284980006,0.9345464728394636,0.5871218749074313,0.7562890261037697,0.4868455804419333,0.991483087215828
0.0,0.7014008355861391,0.5949157511901779,0.4715408414069655,0.6549742953472654,0.5669103671916035,0.9286563614744342,0.9371158787319022,0.5844189239264143,0.7504953678178349,0.4874986782581773,0.9961218179256542
1.0,0.6812484639960676,0.5894839383788781,0.4552676435279542,0.6369400833707691,0.5062919838139419,0.9266409266409258,0.9048926794039764,0.5823320119892199,0.7493946687618408,0.4841212309101892,0.9505720374204664
1.0,0.6534775129024329,0.586195308898799,0.4443710019219196,0.6428232164374328,0.4848566518010181,0.848202396804261,0.8977789131855226,0.5802603165038059,0.7466540632577293,0.4815710549027525,0.994210452396186
1.0,0.6190710248218237,0.5838570044951024,0.442121523930276,0.6372579245894681,0.47205158684495596,0.7043941411451402,0.8951898560051879,0.5786922317361837,0.7510884267073108,0.4819051081888043,0.9748865070839968
1.0,0.6635536986974688,0.5831611320167192,0.43416155013619895,0.7363349235851689,0.0,0.9081225033288952,0.8826474215053868,0.575891757221847,0.747841196842145,0.4837169681895224,0.961377125787002
1.0,0.6537232735315803,0.5792761611117052,0.41063605776001344,0.6890682764203879,0.4619613895138942,0.9396782841823054,0.911721501947934,0.5740883060445411,0.7528413222537615,0.4850199843822594,0.9800534730008392
1.0,0.6669943475055299,0.5746433527107284,0.380766031946989,0.704016146173933,0.0,0.9182305630026808,0.9089555831765326,0.5720801182921559,0.7497857730064388,0.4835918290475364,0.9956640399769368
1.0,0.6721553207176211,0.56925761394482,0.35827672809166744,0.7100340343503023,0.44919627346911023,0.8812121212121208,0.8942367685422182,0.5705548912907318,0.7463000865768905,0.4855106078307891,0.9955577182682952
1.0,0.6755959695256821,0.5647023210014017,0.3443015736164171,0.671411261159409,0.4626813477430571,0.9722955145118742,0.8828881497821163,0.5674009982159626,0.7295015138708683,0.4843186377721237,0.9811441937913812
1.0,0.6330793806832146,0.5603526958707774,0.3340777015672972,0.6300969040157844,0.5179072319774987,0.9455882352941172,0.9008936423170832,0.5639516852169942,0.7129343145249409,0.4882226961845123,0.9607213094445392
1.0,0.5849102973703615,0.5570311671589712,0.3230659988074342,0.5804841721578213,0.0,0.8676214931657603,0.8849367965453036,0.5601101859678933,0.6938819909911162,0.4866630908604183,0.9244681905139364
1.0,0.6045711477021383,0.5558878444459799,0.3163223243894577,0.5709548906122963,0.4367428549280552,0.9234437550838124,0.8629224412794954,0.5571352463075813,0.6829456103823737,0.4846558086731506,0.8687404816116046
1.0,0.5630376013762597,0.553662717490033,0.3052558111621461,0.5176060975134169,0.3912233685470454,0.9198651062622072,0.8922519884646939,0.5567533196671631,0.6868228563174112,0.486297977974187,0.8967252565593615
1.0,0.5421479478987465,0.5532422065676739,0.3099379910681899,0.5311549224772519,0.3815318030261215,0.9081064523685102,0.8415565785142642,0.5572509203504245,0.6985955488228628,0.4726424274145486,0.8973616261803925
1.0,0.5057753747849594,0.5520829771325095,0.31062264204115303,0.4643603384929638,0.394740205536608,0.9477468062487602,0.8259288918147473,0.5582998350081542,0.7112400925019748,0.4732639696935344,0.8892936297206557
1.0,0.5131481936593759,0.5514682898846375,0.3143350146384093,0.4764452868660708,0.3719175239618422,0.8939910599127202,0.8388152238527332,0.5573012600443584,0.7157194596031934,0.4717192042799716,0.9080701908377404
1.0,0.4753010567707057,0.5515766793438617,0.3266990203592024,0.4488484065625257,0.4541823017372609,0.7076882194156572,0.8433350200688776,0.5555908297939037,0.7183613744252636,0.4686057468791319,0.9139364947005773
1.0,0.3873187515360044,0.5503347053014609,0.3256141546721804,0.3953717378634075,0.5138691807699804,0.4718557560146755,0.8589676195903688,0.5540293719126116,0.7164942903143354,0.46749005351069206,0.9295750952725784
1.0,0.4558859670680759,0.5495386667297221,0.32779087400581763,0.4421329464215555,0.5618245067873433,0.4326868527581997,0.8535340384870473,0.5522539837729948,0.7135965976092826,0.4701820901743598,0.9279731993299836
1.0,0.42000491521258293,0.5451207388450332,0.2975754554813107,0.443085417905999,0.5429718687139906,0.29807017375167016,0.8648482674933307,0.5502184326928682,0.7079062231738403,0.4682751717892146,0.9392084147081842
1.0,0.4217252396166136,0.5452437660545475,0.2928531952675275,0.4436471592808876,0.5545057227933687,0.1778767103529835,0.8537305513660102,0.5479846114305321,0.7040377258259768,0.4674733232147321,0.9054296226401294
1.0,0.3838781027279434,0.5467128829381365,0.2904854109017876,0.4562125717943522,0.5674945602908452,0.15287646996605755,0.829195918427504,0.5454538705481912,0.6998913650455216,0.4681793652596238,0.8704731810435
1.0,0.4013271073973952,0.5496085356056364,0.29595733774318944,0.4271375389272177,0.5023762949705127,0.1817229011817421,0.8461058516622533,0.5431577586916084,0.7036678215055743,0.4672552146124303,0.8743352863297567
1.0,0.42000491521258293,0.5514671549071015,0.2958891658021661,0.4003683421688988,0.4818287223382465,0.2124924278118052,0.8499820681997946,0.5399730993196817,0.7034273981805028,0.4682252637257798,0.8661795147498776
1.0,0.41042025067584176,0.5547682193828103,0.3073493044325887,0.4370434608532024,0.4761606221220274,0.1855690920104993,0.878741728036001,0.5378197613190446,0.7041126970032261,0.4694944686934488,0.8792141200909934
1.0,0.3683951830916689,0.5589557555003837,0.3267327059163292,0.4042420835527704,0.5327373261149781,0.2423004067346797,0.8559167571444712,0.5351347188845751,0.6952602496360959,0.4690308891542137,0.8614030852954729
1.0,0.35364954534283605,0.5631736214754561,0.3490529186700788,0.38204144834298653,0.485618250631068,0.17499206723141492,0.8746788242634451,0.5341358199551872,0.6972530988235062,0.4724702473691523,0.8593939128786222
1.0,0.330056524944704,0.5668929635532405,0.3621348507213869,0.4006374715754028,0.4761742638643256,0.11922230021442448,0.8384369365607298,0.5328235925220978,0.6996493974038079,0.4690643731974338,0.8392558721670305
1.0,0.3406242319980342,0.5713813447553275,0.3741892439699962,0.4170749737263785,0.4724956095003697,0.11537610938566725,0.8261204918717359,0.5322847279831157,0.7089182699056487,0.4709716022217855,0.8265337325150584
1.0,0.3806832145490294,0.5762647381917401,0.3904515006219811,0.4151628212731175,0.3809112818403697,0.1740305195242263,0.8286505951883818,0.5294882859429048,0.7026743998801088,0.4714963047122947,0.8243007801110787
0.0,0.3932170066355373,0.5811164585453463,0.4143300182321619,0.42584149190975984,1.0,0.21939235440379565,0.9006971294381205,0.5268631048057729,0.6965833229282008,0.4807789072649502,0.8744284281864018
0.0,0.3745391988203491,0.5861492314926555,0.4432712180908576,0.4538398157914915,0.314239275016447,0.1748145066222862,0.9056836437418018,0.5244004774871046,0.6894930344252231,0.481037549313603,0.8941223662542754
0.0,0.40869992627181145,0.5922258877889401,0.4714486349199233,0.4843795094162012,0.4095384758189965,0.08959347454282299,0.8872703869829867,0.5239873459022558,0.6980410608150759,0.4817204265110345,0.8774015116328168
0.0,0.42074219710002503,0.5961400865155209,0.4884430201748456,0.44632199148905294,0.5362838915973435,0.007587253414263617,0.944106824401004,0.5239506836661955,0.7100607016030093,0.49089627163621397,0.9813086742952049
0.0,0.4784959449496193,0.5994398782980723,0.5052293473105973,0.462103432978552,0.5643190199877945,0.1946755407653916,0.922367587165744,0.5230443117827225,0.7185286825870841,0.4898404237816622,0.972265619502034
0.0,0.4834111575325636,0.6008013685922406,0.5234218026511974,0.468314093055788,0.4626081022010522,0.11148086522462608,0.9441903423745632,0.5215671779390866,0.7267844694158893,0.4899301697112429,0.9992821855339272
0.0,0.5106905873679036,0.6024205763866641,0.5389491163725939,0.5014772349533767,0.0,0.36772046589018254,0.931903374617414,0.5193985034786349,0.7342106640550623,0.4923421245016845,0.9898674040984188
0.0,0.6188252641926764,0.6026261888238167,0.5451192899614411,0.6049525453568175,0.4814500643121659,0.8469217970049912,0.9333330058118684,0.5173031449794004,0.7397460148165832,0.4924527466852587,0.9945259873785716
0.0,0.5497665274023101,0.5978207119553605,0.5301482710207361,0.5659189990486743,0.4095787210507553,0.4899598393574303,0.92000943261819,0.5153390999759823,0.7483995099178096,0.4910092137639255,0.9927246904007944
1.0,0.796411856474259,0.9367522232090872,0.8287780246533982,0.5408516607447649,0.5108368719983521,0.9294460641399412,0.5311792246584358,0.9876416516802424,0.3621795260509752,0.5148829710661211,0.8304071745702466
1.0,0.7156786271450859,0.9296524260590108,0.8214255353435665,0.5396427491423477,0.5099544357871464,0.5685131195335275,0.5503146662474392,0.9869499786981384,0.3734012125176319,0.512543642142056,0.8441504231124378
1.0,0.744669786791472,0.9260038612610508,0.8342056428981919,0.5612968580521498,0.0,0.4600583090379016,0.5056325503932712,0.9871529967170954,0.3794693767671601,0.5132126448304439,0.7967542406112043
1.0,0.8632345293811756,0.9242944817929158,0.8265506266294569,0.6260128738936573,0.5612190930343656,0.8263157894736843,0.4443696603766172,0.98907596165884,0.3873330370821911,0.5125066462338401,0.7553474075666925
1.0,0.8156526261050442,0.9192192508336932,0.8015802474138797,0.6181229351958213,0.5425982542611767,0.8896396396396401,0.4523529960844807,0.9914210967093784,0.3924143193425438,0.5129254659326258,0.8019024248327156
1.0,0.7451898075923038,0.9144340839124284,0.7593680598880886,0.6199467721697266,0.5069537435900184,0.6576576576576578,0.4652982819861557,0.9922003182759694,0.4032666755754648,0.5137651400301384,0.8346952199046259
1.0,0.8043421736869474,0.911758753181184,0.7460778026659114,0.6189150168008056,0.5158854695994881,0.7058558558558556,0.4500587082225904,0.9924233138150031,0.4118320321707691,0.5127758354825722,0.8094539382976842
1.0,0.8369734789391577,0.908444192596968,0.7373819873385388,0.5994860130529995,0.574160029934053,0.7666666666666672,0.4829353128730672,0.9919582176922468,0.4167895854843183,0.5149566290052425,0.8754822469863516
1.0,0.7631305252210091,0.9036981915179472,0.7374291882065673,0.583502534652162,0.6022720969702153,0.6216450216450223,0.4838097951844516,0.9911112013477468,0.4144578965020765,0.5150564339747568,0.8669061563175934
1.0,0.8267030681227252,0.905234778544348,0.7593481982297923,0.5822909127237599,0.5576652951474249,0.6666666666666672,0.452490555099755,0.988750172991494,0.404933441998414,0.5130030892648807,0.819282289993296
1.0,0.6861674466978678,0.904677928806078,0.7714243680516042,0.5021163868922502,0.5028736978450428,0.6581431943351691,0.5130951269718839,0.9856792075852584,0.3896700366259367,0.5136055825052577,0.8716622183993827
0.0,0.7258190327613109,0.9062051772844542,0.7899374483528079,0.5331242713622243,0.5220417279809747,0.7852084972462634,0.5378704881871192,0.9824611923581102,0.3763916882470584,0.5154508427490749,0.8637185827946923
0.0,0.7789911596463859,0.9017617492421328,0.7837802506256366,0.5202606931074317,0.5875521845901899,0.8564122738001582,0.5695483642759236,0.97969458939292,0.3588682834100462,0.5139864191718035,0.901887245911178
1.0,0.7522100884035362,0.8938894213720642,0.7751551924063025,0.5048660674733267,0.544373995848737,0.7749803304484657,0.5868316719807025,0.977193783229672,0.3452527061900388,0.5115209181071798,0.9127654730131424
1.0,0.7918616744669789,0.8862031663551139,0.7593009555630374,0.5291623736748773,0.5833287336760344,0.7435090479937062,0.6078929397835411,0.9746587407276592,0.32993605369337065,0.50934756105238,0.9151435040540368
1.0,0.8387935517420697,0.8785805943051043,0.7458272146244188,0.5557986276325384,0.0,0.6982690794649885,0.5998359117460662,0.9725064470425164,0.3221658506259182,0.5088450487599274,0.9034177871662216
0.0,0.8820202808112327,0.8742312952046792,0.7374830702614201,0.5956287069249587,0.5689430708610954,0.875327102803739,0.6087084682312371,0.9708578865232956,0.3144224056694737,0.5094554826554583,0.9169712991891928
0.0,0.8077223088923559,0.8647573790900446,0.7159209595094738,0.5241322433991256,0.6126066748159036,0.995008319467554,0.6253629347233342,0.9702160610409002,0.31476821409745226,0.5069432320140335,0.9282100256776756
1.0,0.8285231409256372,0.8544270301085949,0.6911257142313183,0.5383072353190005,0.5546184562542773,0.995324371712448,0.5969127826714942,0.9693507330539624,0.3168613912744665,0.5084008223467535,0.9249212593445236
1.0,0.7890015600624023,0.8463321141476147,0.6706051612859671,0.5674312973493829,0.5146314735850883,0.8687102371312893,0.5687082717183576,0.9690483998167128,0.32602733340460466,0.5066086913008683,0.8860189483537194
1.0,0.7454498179927196,0.8410221799237189,0.6603464193328455,0.5856013848803413,0.4289410760843613,0.9231272489368656,0.5657409272460192,0.9690940883700292,0.336038378724192,0.5063489951588641,0.8890673817625254
1.0,0.8027821112844516,0.8353220264819189,0.6473471030689358,0.565824720669201,0.458724546204517,0.9244357212953876,0.5337977587706151,0.9700380548412048,0.35215867733349804,0.5075721826914087,0.8864047459428004
1.0,0.7761310452418098,0.8266169612047699,0.6172501500616312,0.5540263035855858,0.4798641436811893,0.7455736114479747,0.5113314238831926,0.970740792172978,0.36445026697735294,0.5095618681094003,0.8842607232756113
1.0,0.7783411336453457,0.8254639878132012,0.6168703324719127,0.5565994708560903,0.4579337998475232,0.5762794081979137,0.45327660661560604,0.970060217039902,0.3749874147659956,0.5057007176331587,0.8076957132195756
1.0,0.6790171606864276,0.8285602534635633,0.6294337281622443,0.4901052491754223,0.4255508955985743,0.7394188972775111,0.4128833843448017,0.9684221422996876,0.3777485466042,0.5029376121693906,0.7492884880529241
1.0,0.625195007800312,0.8331096968112642,0.6564181876472727,0.4611397057520722,0.4756118251862888,0.7517730496453894,0.4532864322595544,0.9668619232443736,0.3846287879200714,0.5021764514155406,0.7851929620400468
1.0,0.5200208008320336,0.8326432568343073,0.6663726862516779,0.4596991220825652,0.4980507651434231,0.5088408644400784,0.4524266884140921,0.9645147687752814,0.3873269826594175,0.5021516106144432,0.7754721277053265
1.0,0.5575923036921479,0.8340137801504007,0.6872246700160052,0.4787195099823422,0.5436913386824554,0.4022229940951715,0.4271305680696046,0.9628605460350124,0.3882732201694742,0.5004669965841297,0.717760603109149
1.0,0.5761830473218931,0.8338973374176507,0.6905204600614557,0.4874812896316296,0.5277573427587475,0.4831538728725252,0.4209600636701728,0.9613112008853664,0.39119284977665736,0.5037060294739792,0.7146362750926548
1.0,0.5513520540821631,0.8334089824973617,0.6953787788415241,0.4741836548097416,0.5855677903468406,0.34942688433483765,0.43874447921630655,0.9619311675875594,0.3966739674851598,0.5013285643609326,0.7234969705402429
1.0,0.6883775351014042,0.8360206714913226,0.7101383554183834,0.4961930547913698,0.6942005556413239,0.6905175408127824,0.3797070975539063,0.9633993786810128,0.4084151771167557,0.5006057226116603,0.6911848413170246
1.0,0.6692667706708271,0.8318197123460273,0.7053908650301368,0.4846655937944748,0.5995226299294896,0.6967697117054525,0.4319107438503751,0.9653300910017903,0.4080867863527631,0.504275380062184,0.7922068887005578
0.0,0.6374154966198651,0.8268670379187161,0.6986374990343102,0.5180020392235557,0.6044398344260627,0.6175755470649533,0.4375899660523999,0.9643234699445472,0.402815381627606,0.5009851539342995,0.7940916047914793
0.0,0.6583463338533543,0.8210825356071457,0.6730721518218684,0.5292017765483831,0.49847144240767205,0.6172282042375821,0.443603260148662,0.962730388383318,0.3869161991400325,0.5015301084831307,0.7675980621576837
1.0,0.6684867394695789,0.8157209367880891,0.6592645090687199,0.5350551865762012,0.515222776566416,0.4835012156998955,0.4484030872173288,0.9613664079880012,0.3770619899170157,0.5018177252033916,0.7894746828237855
1.0,0.5666926677067086,0.8122228839875002,0.6474407361290778,0.5277237711716701,0.5281270122957027,0.3181660298714831,0.4120531174311836,0.9613035843758531,0.3720499153218565,0.499273827058871,0.7411740895809354
1.0,0.6098543941757673,0.8145377876477865,0.6687243651045992,0.5023181697315365,0.5271453646499782,0.3532476554359149,0.3589504247134596,0.9615754470569025,0.37630658053835264,0.4990887999761262,0.6836017050988525
0.0,0.6757670306812273,0.8151857244337207,0.6817174510686529,0.5411630861091811,0.4292316107264713,0.5692948940604373,0.35075583766071045,0.9618387430049076,0.3885249483840766,0.4984410563459755,0.6917224281214819
1.0,0.5561622464898596,0.8112606960871561,0.6822287304346014,0.5133110564053249,0.4421438780263746,0.274400833622785,0.4310510000049128,0.960952912408882,0.3875160275762154,0.5006741365747782,0.78372566629141
1.0,0.5876235049401978,0.8127962495317776,0.6873735245710001,0.4854098707291791,0.4446667214104753,0.292115317818687,0.3879360743604733,0.959195334772932,0.3904611944737912,0.4976068870458527,0.703271057591358
1.0,0.6394955798231932,0.8142447034402797,0.6892097889695459,0.4707271556050464,0.3837783678102389,0.37686696769711703,0.4166171290450947,0.9584117257232364,0.3915656023990453,0.4997635782440013,0.7464930366697448
1.0,0.5631825273010922,0.8137954048729429,0.6924492615391509,0.4658400621410179,0.3443320458694447,0.22438346648141647,0.4432593626104773,0.9562938009423021,0.3875846382453305,0.5017454542195628,0.7880516589296331
1.0,0.5625325013000521,0.8171108032342932,0.7119763561853878,0.46488357979338796,1.0,0.15352552969781136,0.4178698986484827,0.9547959752442524,0.3774541518007805,0.5000831073054021,0.6948467561379766
1.0,0.5308112324492981,0.8231593554040472,0.7532721447050378,0.4371721023056596,0.5430566345066855,0.026398054880166416,0.3830527293182477,0.9532170298998658,0.36851322341166304,0.5010190817910601,0.6829882236867073
1.0,0.6149245969838798,0.8333046465856021,0.810651451557385,0.50138877614494,0.7560174101733129,0.24433797909407715,0.3597708659831293,0.9529907812369104,0.3683145086830443,0.4992774808311167,0.6438772025247608
0.0,0.6699167966718672,0.8362593997213094,0.8521405924045009,0.5533249752244274,0.0,0.4364111498257843,0.4663791028204515,0.9509140321037376,0.3464858100533881,0.5037960633249753,0.7612545378650849
0.0,0.7516900676027043,0.8341407195712081,0.8784103952269982,0.5918168052163977,0.7263398246732838,0.6371951219512191,0.5441982028897221,0.9470343526872936,0.3177468128792437,0.5061223663419754,0.8290853434863454
1.0,0.7116484659386375,0.8267839446985641,0.8784484267094551,0.5592711273238643,0.0,0.8479149632052341,0.6046799542124988,0.9444074546103428,0.3001618919029612,0.5071631458824287,0.8599997470179741
0.0,0.7705408216328657,0.8233074570485636,0.8826553730106248,0.5661443080786903,0.4999741288373912,0.9215044971381864,0.6414671651543363,0.9418736226241744,0.2984834553561692,0.5096290182918909,0.9396258395840976
0.0,0.7216588663546544,0.8188919055207483,0.8738156959157684,0.562681223806778,0.4697260987066979,0.8430599369085187,0.6668517162943568,0.9400609093420206,0.2980259127217736,0.5078923994323954,0.9493466739188179
0.0,0.7115184607384297,0.8155983365769285,0.8690973551079877,0.6026839888175366,0.4683076509058695,0.8178835110746515,0.6847638652118164,0.9364350814792431,0.28877520694555936,0.5055599611372485,0.9612368291232908
0.0,0.7879615184607385,0.8130194128869629,0.8728423191385012,0.6265397750995723,0.0,0.9603305785123952,0.697645284427828,0.9351317517826676,0.2930966837163511,0.5066448251719465,0.9546592964569866
0.0,0.7510400416016642,0.8085021429295159,0.8669720057303619,0.5774512011881825,0.485823792841774,0.994860499265786,0.6878294661236356,0.9337452681902416,0.2965901801847713,0.5053140389756553,0.9959522875899663
0.0,0.7273790951638066,0.8053927521891707,0.8660594709808345,0.6076999843883799,0.44594566752886544,0.9991624790619772,0.6603225758908171,0.9350167108339285,0.3139360947397508,0.5036208800367877,0.9997795650082829
1.0,0.6583463338533543,0.8015638947312244,0.8528543870419354,0.5955976048831916,0.468346526645457,0.6512042818911692,0.5869102771322876,0.9354718102280264,0.32500500200086635,0.5013951488867169,0.9912634591795008
1.0,0.7189287571502858,0.8012170913003706,0.8574124647017648,0.6145413523602776,0.4370426669349717,0.9584103512014772,0.536509636500302,0.9373300988130708,0.34705579239372264,0.5013918885059963,0.9434510017718409
1.0,0.6813572542901718,0.7964781521630083,0.8382187656499007,0.6251833366963124,0.4403796412545565,0.7449168207024017,0.5326530712506568,0.9370246681956051,0.3565692909434077,0.5009365210650623,0.9655308709281716
1.0,0.7555902236089447,0.7934747168128483,0.8309835608781609,0.6492450448089153,0.0,0.8522935779816501,0.5155220610270743,0.9366922236420588,0.3654942787406419,0.499796427246016,0.9324246967425374
1.0,0.7797711908476341,0.7892227040001635,0.8100743066727436,0.6270379638095048,0.3975268426563352,0.9518248175182484,0.4989609381524839,0.9359763605487288,0.3734863103689071,0.498415714317061,0.9340261687338146
1.0,0.7366094643785753,0.7855475415822321,0.8100439490369611,0.629210574217531,0.4073438433904281,0.8795669824086603,0.5186760927344278,0.9357428391031648,0.3866110019252715,0.4998391081544306,0.9707509881422924
1.0,0.715938637545502,0.7837331455427646,0.8247360898896332,0.6587031749793434,0.3844129550334269,0.7746955345060885,0.5149767377879527,0.9340188706907578,0.39553106561189255,0.4995213256266453,0.9729726046067869
1.0,0.7271190847633905,0.781652543400157,0.8159346599240365,0.6725104550928372,0.4412140614361577,0.8748308525033814,0.5024490417540739,0.9321529911506172,0.3872077037111601,0.4987492390006775,0.9350415701240284
1.0,0.7302392095683828,0.7774703702270663,0.7891443619870828,0.6759346591756566,0.4582047769955524,0.7401894451962109,0.4930508133176781,0.9298013559256284,0.3739888721154549,0.5017541759005794,0.9271091726863842
1.0,0.7459698387935519,0.7724497754519359,0.7412886772499461,0.6887896292907201,0.433602591608295,0.6576454668470906,0.4816628919817834,0.9279504971339428,0.3645651399549629,0.5010143511587705,0.896558538912362
0.0,0.8647945917836714,0.7677944841726086,0.7143116153046984,0.7665145653793959,0.4315296341770175,0.955981356809942,0.4685309188450938,0.9261869453189668,0.36740090468244346,0.5000941059445545,0.8739948207714321
1.0,0.901976079043162,0.7589943587519187,0.6690998338174703,0.7514821862973221,0.32497936102536784,0.9964191557264408,0.4772413522051203,0.9260399855803804,0.3757866225939719,0.5007457102499254,0.8898528008722911
1.0,0.9178367134685388,0.7487368536102409,0.6150127744556231,0.7604730755429305,0.4162862575054096,0.924625267665952,0.4554087713523525,0.9254973054089398,0.3817339675961916,0.4989215272272374,0.8972127572577342
1.0,0.9849193967758711,0.7403463130701325,0.5720272110318932,0.7901654756114123,0.5331267076066071,0.901901901901902,0.4562390382659701,0.924363090670345,0.3862672060490453,0.4990391361698044,0.8832288401253916
1.0,0.9147165886635464,0.7336664977585908,0.5440248133627466,0.7712070817215452,0.0,0.8833865814696483,0.4767107674319208,0.9215762221590416,0.3818780150436272,0.4968995783637091,0.8957339512062151
1.0,0.8963858554342174,0.7312212094977729,0.5582898579583941,0.7421791031103101,0.4889651826953732,0.941533546325879,0.4399088180241612,0.91755547719035,0.3691193338551194,0.494294936807014,0.8237767479896415
1.0,0.9091263650546024,0.7269689178686775,0.5538877416735916,0.7089586552116842,0.5346612045563092,0.9612630208333336,0.4668949491277285,0.9146545019112768,0.3599232351567643,0.4965109093646173,0.8063172958975059
1.0,0.8430837233489341,0.7211690576674804,0.5475574711792452,0.7089275464654057,0.5957979057901716,0.8273381294964026,0.4341264265606808,0.9119164689769054,0.3511248794963626,0.4977064140426675,0.7724955703966201
1.0,0.8725949037961521,0.7187125824920068,0.5298698579677077,0.7450700253849496,0.478509270920457,0.9257684761281888,0.4052095564213037,0.9114361780229088,0.35274846280466376,0.4955580909391003,0.7157012402889464
1.0,0.8662246489859596,0.7143842932752625,0.512433306532581,0.7354288105304377,0.0,0.932308698495749,0.4318026617669458,0.9107393515047414,0.3553603632656702,0.4976111889231361,0.7698855117895598
1.0,0.8345033801352056,0.7103954235642006,0.4964490138962066,0.6922570568209879,0.4697679964641845,0.9620962425840474,0.4356051859748761,0.9102988049869072,0.3592588724181224,0.4942056180849842,0.7705601744582253
1.0,0.7641705668226731,0.7040908862472571,0.4764947882562395,0.6701282389118829,0.4932433710307853,0.919387075283145,0.4463151378783485,0.908903113079778,0.3612660757289139,0.495055708665746,0.7862545999727406
1.0,0.8173426937077483,0.6996082393851742,0.4687914126151201,0.6588909775727331,0.4716557836397728,0.9387075283144568,0.42813278375231534,0.9074406262830316,0.35586270321800817,0.493732891900545,0.7458566171459724
1.0,0.6812272490899636,0.6926729055554811,0.4520119440893832,0.6014653580027972,0.4380978177057673,0.8906485671191551,0.41698067787117626,0.9057930563054508,0.3534458735130903,0.4928933601922876,0.7262709554313753
1.0,0.6522360894435778,0.6905888262401362,0.4552685194116594,0.6293244748797098,0.0,0.8472850678733037,0.3672678323155599,0.9055891792337708,0.3606139574011201,0.4889760012919554,0.6456930625596289
1.0,0.6596463858554346,0.6862685341256715,0.4427305698551896,0.6346645396595606,0.4431255114658416,0.9004524886877833,0.34912969358729345,0.9063606378840322,0.37549479970289423,0.4874189107602656,0.652139839171323
1.0,0.6895475819032763,0.6791218958287296,0.4179642953221566,0.6058126864495734,0.4959738726860196,0.9296541002720559,0.3698224997420768,0.9066304708019668,0.3883580718522817,0.4890780969859064,0.6974717186861114
1.0,0.7358294331773273,0.6746958219576044,0.4014014539248048,0.5872701089106583,0.4824738149722685,0.9537504858142248,0.3828709549052072,0.9064287662884244,0.3960462277605389,0.4901725350199325,0.6871064467766117
1.0,0.557852314092564,0.6707381783089231,0.38609560595580783,0.5219151361786151,0.4842171197029732,0.8888446215139445,0.3947894610143015,0.9053514404157508,0.3998284357510196,0.4910812658404163,0.7261823633637726
1.0,0.480239209568383,0.6706515412589288,0.38959503271455465,0.5285251491692796,0.5546666953228285,0.6955913226032192,0.4044235049054528,0.9060787799640077,0.4133184878613197,0.4918691358917499,0.7250715551315251
1.0,0.3878055122204889,0.6683544683721147,0.37423971892262425,0.5183303993775508,0.5443640373148065,0.475963069086278,0.3364202231403741,0.9049158173175316,0.4130649161615235,0.4900435248345068,0.6704988414883466
1.0,0.3534841393655745,0.6704452572134955,0.3822193606065244,0.4860619852558663,0.5226600147228915,0.3498716852010261,0.3372357515880697,0.9034348682909399,0.40675962231656415,0.4901602220311472,0.6293716777974646
1.0,0.2427197087883517,0.6749620170738578,0.3976598888184004,0.470768310117718,1.0,0.2522377010565982,0.3398493728782748,0.9005173007551112,0.3877162440934221,0.4904190912082492,0.5978601608286764
1.0,0.11778471138845592,0.6816654231880023,0.4209150681284156,0.3870652734734565,0.5149172363599606,0.07855846512833813,0.34695331345278024,0.8983390407237725,0.3726386234005065,0.4910216439569127,0.5922516014719909
1.0,0.17459698387935524,0.6927728491104826,0.4510056982827821,0.3878221677537858,0.5588144345793714,0.002170963364992784,0.2880338395177576,0.8957194725996119,0.3595310076933221,0.485997611681476,0.4893757666621237
1.0,0.19877795111804494,0.6988647661719289,0.4577352964783843,0.3997242571964714,1.0,0.06275579809004123,0.35776643461770874,0.8937169562977799,0.3508677961665204,0.4883419647744216,0.5352119394848028
1.0,0.3148725949037965,0.7057972516407326,0.4765060432212293,0.5276444662449713,0.5758191406490899,0.035105571101500775,0.39991353433325627,0.8926098722607155,0.34684411592682873,0.4882717955050132,0.5830039525691697
1.0,0.2747009880395215,0.7127283978548159,0.4923476611437996,0.5122067883841865,0.5543182655191936,0.011199999999999663,0.3748434037995766,0.8918551246853271,0.3439907260814954,0.4898046215588602,0.5665121984462314
1.0,0.2883515340613625,0.7240210491783311,0.5283637197039088,0.4629950010231708,1.0,0.030933333333333243,0.40884995750408987,0.892050932982858,0.3437175060483174,0.4890434472504544,0.5830039525691697
1.0,0.2845813832553304,0.7350239931601813,0.5637816226402614,0.462019514008442,0.5219471617847506,0.04933333333333319,0.4045905408525709,0.891926214419753,0.3427521084554899,0.4886106842799303,0.5960610603789012
1.0,0.3007020280811235,0.746866765995086,0.5977788347392932,0.4705103873779904,0.4814873155795606,0.07126400027408165,0.4020800888238212,0.8909334954581068,0.3382157670740238,0.4883593711304875,0.6032233883058469
0.0,0.3462038481539264,0.7562494747898852,0.6186838702049199,0.4919156500972432,1.0,0.18032552867718651,0.4832251693695376,0.8895453175368554,0.3332464962924723,0.4916168436641348,0.6569578846940167
0.0,0.33892355694227794,0.76279988770789,0.6191455890415888,0.4809161467619692,0.43544019126423605,0.08011454315496197,0.4999484153692722,0.8883536832734008,0.33231799897769176,0.4929977140936515,0.6864794875289626
0.0,0.4244669786791472,0.7722609907454397,0.6434874736304435,0.4752221933778694,0.4650560994900259,0.18946395563770807,0.4411075465858345,0.8893645003090763,0.3435061935299686,0.4917603536412383,0.6324860297124166
0.0,0.44799791991679705,0.7778166141669735,0.6634568207002289,0.4404279300275086,0.450830154652891,0.22273567467652547,0.4898820431444025,0.8914295082385079,0.3614352991774944,0.4957421028872048,0.7220253509608829
0.0,0.5093603744149766,0.7834333284933438,0.6919529298649375,0.436665957431816,0.3630631509761574,0.2486136783733824,0.5025915135913219,0.8942960785249082,0.3834847735356708,0.4966009290630462,0.7729317159602013
0.0,0.480239209568383,0.788853102594914,0.711241171045167,0.413590465588492,1.0,0.17898952556993225,0.4467916816098335,0.8966973874118301,0.4068567695459243,0.4953938353540792,0.7651219844623138
0.0,0.4466978679147167,0.7981176225210526,0.7474535247080553,0.3837996247260875,0.3835534075185891,0.08841651263093048,0.4109329940210957,0.8965438401631062,0.4069541651642597,0.4962025600480349,0.7290786424969333
0.0,0.5946437857514305,0.8112242412671516,0.8050065641072552,0.4852944578288142,0.5120991131147065,0.1956521739130434,0.40951318847058976,0.8940435126043457,0.39444065881291934,0.4962746411609034,0.6697969197219574
0.0,0.6189547581903277,0.8163566362725924,0.8397554471850044,0.5069232688137791,0.4986353368248206,0.23612565445026135,0.5181012925634612,0.8919397844212121,0.3807171752540132,0.5015629693907931,0.8031688701103988
0.0,0.6618564742589705,0.8195635737468657,0.8710156154903699,0.497201423012249,0.5123667717441949,0.35026178010471204,0.5048661501653164,0.8896648144313529,0.37497712822563145,0.5003373698253408,0.8038639771023577
0.0,0.6535361414456582,0.8196121682279435,0.8972502405078269,0.5388541274536086,0.5728558870428642,0.3481675392670161,0.5479515988779113,0.8880566927503578,0.3748029323347437,0.5002594016372464,0.8229112716369085
0.0,0.7669006760270412,0.8198261412706621,0.9246472547481948,0.6034441093535988,0.7278335999131832,0.6424083769633501,0.5546772521604135,0.8836237221187632,0.3567433626637009,0.5007744815840817,0.8379378492571894
0.0,0.8264430577223091,0.8151083750616058,0.9311404473751076,0.6277554284101962,0.6492167600508979,0.8163054695562434,0.6672545676962303,0.8797216716046318,0.34474248278668784,0.5064833377915228,0.9201921766389528
0.0,0.7970618824752993,0.8079375759455681,0.9190280018039432,0.6080929271924708,0.0,0.7221470455570596,0.7110622012390136,0.8773377306278106,0.3425806748666941,0.5064066789933458,0.9612034891645084
0.0,0.8321632865314614,0.8016392967242484,0.9059155965419136,0.6013883263099967,0.5161266470377863,0.7839422643211552,0.6431227861595981,0.877247404222797,0.3549358913434193,0.5039626807944729,0.9405002044432328
0.0,0.7402496099843993,0.7932906114053321,0.8909375721385855,0.5255123711016052,0.4595425535021952,0.5519219736087199,0.6293423205223312,0.8766975589510021,0.3623514243119814,0.5064800147900976,0.9341420198991413
0.0,0.8082423296931882,0.7917760190970352,0.8999789850911417,0.6175665494500945,0.460095569665129,0.8074626865671654,0.6802637202835677,0.873022022205694,0.3492957760794213,0.506964638676507,0.96579721219647
0.0,0.8202028081123248,0.7878947808508866,0.9025202647405604,0.6287857924888388,0.477144870272055,0.7920398009950259,0.6935086883256611,0.8711559048070182,0.3464067801342846,0.5082500835766249,0.9491768269801526
0.0,0.8361934477379096,0.7836853619739378,0.9035887782906058,0.6181375449635211,0.0,0.8472553699284014,0.6355865172513743,0.8690790634239348,0.34214538878439915,0.5027965071434312,0.9503162376251136
0.0,0.8824752990119606,0.7794193390434986,0.9038909686937636,0.6888602855701308,0.4344988001648016,0.939808481532148,0.6726046308259926,0.8691438451284822,0.3472105395906557,0.5021298460171558,0.952861148826134
0.0,0.8612844513780551,0.7739040811584841,0.9084095097178012,0.5711339376845506,0.4913857927029092,0.9883470004315922,0.6611577556264089,0.8695624672711685,0.3601487758770009,0.5008393620194007,0.9746873443544588
1.0,0.7929017160686427,0.7696056812162614,0.924707848847927,0.501525828707733,0.43212628676488457,0.9798624754420434,0.5877700209777498,0.8683161195520642,0.3617194359805965,0.4981327674460186,0.993018928636383
1.0,0.7316692667706711,0.7641349372277125,0.9281508127308972,0.4380676521813872,0.4789515337186423,0.9851814001021976,0.6339014193142679,0.86873503670035,0.3761015385639472,0.5021791785519819,0.9606444107589802
1.0,0.8122724908996362,0.7577376601796638,0.9267402567230576,0.5096212907671087,0.5005952978427763,0.9867021276595744,0.5665908454475332,0.8688481991934284,0.3842011051872184,0.5000526123234235,0.9596855501110444
1.0,0.7830213208528343,0.7498026728643238,0.9137560702627788,0.4885892155535563,0.470475791069159,0.8029556650246306,0.511483721364389,0.8720083331584382,0.4085524655340299,0.4954587276919483,0.9649874854584553
1.0,0.7633905356214248,0.7458767054118204,0.9178757059734772,0.5117104215855934,0.45034313168374607,0.8018609742747668,0.5059224068897418,0.8721761381976602,0.4160770562973791,0.49878581052762105,0.9995068307619832
1.0,0.7834113364534583,0.7415280145366164,0.9200394758014456,0.5283009312815854,0.4737919256155136,0.7821565407772307,0.4845074159047696,0.8716952449691046,0.4211351961042942,0.4973419330315912,0.9859175256165831
1.0,0.8155226209048363,0.7357161238483235,0.9120802637637068,0.4966133333656957,0.5524785785031282,0.7959183673469383,0.4503240006091901,0.8712841350371344,0.4297158391478765,0.4945526599488297,1.0
1.0,0.8634945397815913,0.7295705358669086,0.9074061926724496,0.4882366433333064,0.0,0.8900936421882706,0.42957224059071797,0.8710784246795863,0.4414582073458878,0.4930978391639168,0.9817780360255668
1.0,0.8593343733749351,0.7215565925039246,0.8940080071035607,0.4863043181293434,0.5509305940911038,0.8472412220702238,0.4334877597040516,0.8693101916751459,0.4441854519571122,0.4896812689329903,0.9950352777190468
1.0,0.8932657306292251,0.7123283703488111,0.8737892589366583,0.4465114069812388,0.4681542395301854,0.9937679769894536,0.4180614987054712,0.8687743030438005,0.4516535946819288,0.4885814023727938,0.9765462455078492
1.0,0.9308372334893398,0.7018850598358349,0.8403489722236133,0.4734897802315138,0.3774641866338939,0.9691136974037602,0.4020948272897432,0.8677820368724097,0.4561024907740915,0.4872754021718458,0.9972653048357604
1.0,0.9191367654706188,0.6938144481739302,0.8171002159097238,0.4675633011359944,0.38104956322304095,0.9290528556225612,0.41005851170971136,0.8649820180052606,0.4479710412668296,0.4879023393225425,0.984671521341656
1.0,0.8884555382215288,0.6884082697503778,0.8130691653386731,0.4859209664431634,0.5566194570666696,0.9169918410783964,0.4357820475659424,0.86068824290037,0.4324404446244202,0.4899425499386785,0.95663892566673
1.0,0.8580343213728552,0.6830709328083745,0.8253328301566908,0.5169252858538677,0.57417680681774,0.8698119900674002,0.4559098791937079,0.8563138393484516,0.4140051797224517,0.4877535988827285,0.9747178614210958
1.0,0.8177327093083726,0.6772309051484194,0.8342113216596179,0.5450629513084074,0.5886140042056662,0.7711954593827602,0.4371379864307858,0.8525823449404429,0.4018668290520983,0.486498133704486,0.9896087706415752
1.0,0.8124024960998439,0.6720343049614584,0.8401551785419127,0.5422488752183042,0.5635100762258665,0.7254345512593114,0.4542100427906791,0.8484110546893927,0.386643844622394,0.4878674826806054,0.9759985655492746
1.0,0.8200728029121165,0.6677741663833013,0.8608932709136978,0.5485782402344029,0.5877872120703915,0.681802057467187,0.42955258930282136,0.8437887470625999,0.3711734134496004,0.4861697371865194,0.8890862207346433
1.0,0.7944617784711391,0.6639930836219531,0.8799181476829896,0.5668413052361037,0.6147062186890978,0.6729336644200071,0.4285700249080073,0.8416193478706254,0.3677803058656063,0.486250583758633,0.83327925681791
1.0,0.7796411856474258,0.6607994895862456,0.9008302362238204,0.5574261537662062,0.6321937530013726,0.6133380631429582,0.3975455541417546,0.8411592677477139,0.3746906492889596,0.4873841006814388,0.8290271350262131
1.0,0.8062922516900679,0.6574936914765647,0.9078118234194109,0.5397021494001575,0.6537495114108874,0.6825115289109617,0.4135220512014305,0.8427683105013591,0.389389588842974,0.4885821016650253,0.8788486825253162
1.0,0.8527041081643268,0.6518927255981007,0.9075798247592346,0.5419652951816574,0.0,0.7644554806669036,0.3796874462660096,0.8418683794876629,0.3876805970190113,0.4896142833313773,0.8537116412507045
1.0,0.9300572022880916,0.6442203747863399,0.9075124972736192,0.6059094302743506,0.6786325874372647,0.9537830786433094,0.4222079204515866,0.8388694683904846,0.3763443078850925,0.4892545975217111,0.8769873119418026
1.0,0.8273530941237651,0.6324763619220647,0.8784529641664756,0.5733454553787329,0.5398598280955421,0.9334667333666828,0.5268903310750728,0.8351814939617758,0.3605171944584712,0.493728634292148,0.9858262606943424
1.0,0.8204628185127405,0.6256219016689567,0.8684636105449421,0.5690801892798468,0.0,0.8737814263724983,0.4580027413546614,0.8328045172576625,0.359429900910524,0.4922939745739936,0.9382820008237608
1.0,0.8464638585543426,0.6190398440593844,0.8576720353170739,0.5635205436052695,0.5349797243884185,0.9804232804232816,0.4540086170897427,0.8317296683705023,0.3659584792029905,0.4918832794208289,0.9585556725092677
1.0,0.8168226729069163,0.6107391110769006,0.8524720292482314,0.5903273592536241,0.6297062532530614,0.9321748878923762,0.4568138384369364,0.8304642758352537,0.3736044803295616,0.4922128413409267,0.9264289963846049
1.0,0.7938117524700987,0.6035457857922814,0.8554114861861513,0.5711926507589884,0.54535073679354,0.9748641304347824,0.4576932335702954,0.8271795349152871,0.3683357951451155,0.4922689435326801,0.9321953228685188
1.0,0.758320332813313,0.5967788894775957,0.8516825061611318,0.5759168346145299,0.5826983400441506,0.8857758620689654,0.4629597787264982,0.8229760817689175,0.35202045829376283,0.4929063601376166,0.872234680334996
1.0,0.7669006760270412,0.5915614591525772,0.8482587346463543,0.5855986021691657,0.5986675200516293,0.8675696012039134,0.5080545716264878,0.8186378740979242,0.3374704218898886,0.4929281193953516,0.8776165850533156
1.0,0.7280291211648469,0.5862020836465854,0.8381399242356429,0.5787989543657271,0.5383021266129784,0.977710233029382,0.5061434838785747,0.8142979181921043,0.3176686869847967,0.49282963971108,0.8639970710722619
1.0,0.6432657306292253,0.5835791051472584,0.8491417248517369,0.5032412484237939,0.5236326401995756,0.4812433011789928,0.5324074301519532,0.8100005040494699,0.3006748325693719,0.4951208131984407,0.8460299299803211
1.0,0.5950338013520541,0.5849472599897548,0.8791283739540489,0.4631566682362528,0.501805602775974,0.4372990353697757,0.5293762189939525,0.8092091718486106,0.2990054933802868,0.4952929053417315,0.7620337741979775
1.0,0.62207488299532,0.5858317732138981,0.9052805294645018,0.4605079373017951,0.5460771136176094,0.6538049303322631,0.4490122771421129,0.8115082426393202,0.3175614059716733,0.488136835360738,0.7633060271841103
1.0,0.6732969318772752,0.5824807896712648,0.9201212868327816,0.4987268666667373,0.5393528397069849,0.7620578778135054,0.4340183444772512,0.8134435154382093,0.33348110954720755,0.4867376130839844,0.7996613427303098
1.0,0.7389495579823192,0.5779341007889561,0.8960100667689771,0.5329578628318257,0.5056176147293487,0.8185291308500472,0.5102407774049492,0.8151422768397353,0.3518603225130448,0.4891976398355828,0.8435586472015011
1.0,0.7285491419656788,0.5730146781801969,0.8742847193213757,0.5219421349629796,0.5260614174947921,0.9094567404426552,0.4357967860318642,0.8173869272394364,0.3745465492438905,0.4829128014551648,0.8496819367534663
1.0,0.7203588143525743,0.5665033340550879,0.8297010814406381,0.5135942446178617,0.4814553951398455,0.7595048629531391,0.3903384443057937,0.8223496950428019,0.4117809321282081,0.479232881549156,0.8641984348542402
1.0,0.8801352054082164,0.5616138802058669,0.8213095544468152,0.6407692899631369,0.4436549090527697,0.9360613810741688,0.3627971643191569,0.8236403688575223,0.4279266821214307,0.4808512265819585,0.8386160816438609
1.0,0.8520540821632867,0.5549788570555837,0.8058076556500818,0.6356868557679959,0.0,0.9292279411764708,0.3787147075151439,0.8240053826329853,0.43889280524874,0.4783485420616788,0.8436867877900327
1.0,0.8317732709308373,0.5503745642434271,0.8183770094251291,0.6450728037151197,0.4855095627707573,0.9261593876632142,0.3671106220123903,0.8243392184993831,0.4454508775342063,0.4773980763310982,0.8739645782801704
0.0,0.8811752470098806,0.5454557395111054,0.8221650345167504,0.6781970999319245,0.494542909767794,0.8813327247832042,0.3606699124043841,0.8232504453674431,0.4429074326787089,0.4768814540264836,0.8879044437325522
1.0,0.8404836193447741,0.5398560496498951,0.8138696512492531,0.6821825139549144,0.5367609297204,0.8107427612253466,0.3934924760131464,0.8217145670854676,0.4314417969872753,0.479408320606241,0.8627705825820327
1.0,0.8611544461778471,0.5383660942353202,0.7971723749561263,0.6612978815319278,0.4893081749544331,0.8516966904063682,0.34620656451272186,0.8208673169839732,0.4294653184751066,0.479574924217506,0.8079172577914058
1.0,0.8010920436817476,0.5350029113356606,0.7687919615182108,0.628881359326797,0.5096617534724475,0.8056137410976126,0.3307360881163747,0.8214456684281203,0.4364926705737455,0.4783689235563176,0.8350006864674381
1.0,0.8069422776911075,0.5323603062328307,0.7575241028476278,0.6330735646376203,0.4741597217608918,0.7842480100544614,0.3376729927437621,0.8206673981109266,0.440472271164826,0.4789002839317435,0.8181227403780147
1.0,0.8238429537181491,0.5278593489796591,0.7388778823771168,0.5987671480271268,0.5240971091109383,0.8001675743611236,0.3524802381736092,0.8184452406776659,0.43407531377556696,0.4762980226996654,0.819651274541211
1.0,0.8400936037441501,0.5219061720992747,0.7137637595570416,0.6096913070902794,0.496804583041875,0.7741935483870974,0.3528044844238977,0.8166811374360526,0.4305453720824126,0.4763358674767772,0.8075145302274493
1.0,0.8892355694227769,0.5169104695548067,0.6925993593176968,0.5952648904916411,0.4964901886142895,0.8166144200626956,0.3529911716589124,0.8138219163003707,0.4228014373964904,0.4763579473503994,0.8003386572696898
1.0,0.8404836193447741,0.5117371428232728,0.6750444137736553,0.5941626386313448,0.4825729322754572,0.7669829222011391,0.3974669489901692,0.8115764950597172,0.4150387557121191,0.4760283381592553,0.8050249416502673
1.0,0.8335933437337493,0.5082637886333617,0.6738510064221831,0.5837813950218336,0.520655383796366,0.8041745730550286,0.3485450677723793,0.8088242380143714,0.4058793838018343,0.4760882746847229,0.7287721385748938
1.0,0.8468538741549663,0.5020540512646033,0.6589642658333896,0.5430989563975646,0.0,0.8242884250474386,0.3625220462886087,0.8076939794709582,0.4018583556989249,0.4771626351700967,0.7266029014690405
0.0,0.9230369214768592,0.4933103743934418,0.6189678599085822,0.5619240793740596,0.5123237296525837,0.9495256166982928,0.3655434318026619,0.8067034942462276,0.4058917946505435,0.4774090740312862,0.7164614891766969
0.0,0.9589183567342694,0.4812513876991845,0.5669843727659901,0.581571048476285,0.5387395159328855,0.9661144578313252,0.3916649062387926,0.8066808723206421,0.40992661361434135,0.4793585456799765,0.7869296599697955
0.0,0.9165366614664591,0.4666623729629084,0.482809701892455,0.6118477309479129,0.4926138882121907,0.984274898078043,0.3547155721718112,0.8062277262756766,0.4128726905830923,0.4802845967290337,0.7335133403505565
1.0,0.933957358294332,0.4594645849605671,0.4583362904078066,0.6263226276357158,0.4927502538080724,0.901587301587302,0.3564350598627357,0.8048805051282998,0.4073175059906176,0.4804437704361034,0.7123243787469681
1.0,0.7284191367654709,0.4540708638149304,0.434483111887885,0.4746337515111087,0.5396775361988346,0.9051851851851852,0.35020068877764066,0.8027264383881053,0.4065351617604696,0.48000482737615,0.6722529861333578
1.0,0.7152886115444618,0.4510563792111834,0.4390289550839404,0.4682456139775774,0.5314664489072914,0.9627329192546584,0.3404634756250336,0.8002681271862474,0.4058004956536421,0.4792821696660241,0.6294448766646833
1.0,0.5975039001560066,0.44280076774663735,0.41292065999886496,0.3972962822109342,0.4766861234480204,0.7304147465437787,0.3444772511778489,0.7970790583291737,0.4031164110327419,0.4796408146183354,0.592650221957805
1.0,0.6196047841913679,0.4423363204408909,0.4090155498492827,0.3619444946919427,0.4860024122107097,0.8237327188940092,0.32485544021341284,0.7951824417575138,0.4032293787751856,0.4781208881475724,0.4874467987735114
1.0,0.6253250130005202,0.4375691772625373,0.3929488176412039,0.3658247443911584,0.44223479068068217,0.9078341013824872,0.3330795041980064,0.7946009269404705,0.3964820985578917,0.478766355927384,0.5328909432062605
1.0,0.6939677587103482,0.4329355600946013,0.35913092473059843,0.41162788722448573,0.4697247906116674,0.6163594470046072,0.3568428240865837,0.7951394054038771,0.39084068180916864,0.4806947167721231,0.5779598187725964
1.0,0.6591263650546023,0.4326191835880665,0.3394700985435296,0.3866620909446256,0.4674240638290397,0.6866359447004595,0.31580602213717585,0.7953751226471767,0.3809663984573809,0.4773929424570876,0.4914100041188048
1.0,0.5717628705148208,0.4366024991150804,0.3232764990878468,0.3867066083509772,0.44614417343860746,0.6509216589861753,0.24562636023758394,0.7960552436733322,0.3842373172448119,0.4751895300488125,0.3841563315180083
1.0,0.5647425897035884,0.4420787110008319,0.30736639992434583,0.3837290072092513,0.4748056709347879,0.7369467926404767,0.24321907747028956,0.7977717371418577,0.3956322133102009,0.4749925607570071,0.38701203606242257
1.0,0.4849193967758715,0.4424547822793926,0.2715018984307132,0.3941822216832507,0.4717455474035196,0.5445972495088417,0.28024701668885604,0.798935055330784,0.4029552629788888,0.4781037834808141,0.4755663356368128
1.0,0.5006500260010402,0.44307707101907,0.25777642992304783,0.4023973579116584,0.4857428514195615,0.5068546807677241,0.2404678971648103,0.7999421942582979,0.4110124787838095,0.4747046865030202,0.3994508260491511
1.0,0.4563182527301095,0.44419915185363823,0.2489487522019372,0.4277896745573894,0.4492212409407424,0.4201138519924097,0.2181636854025321,0.7998852837797391,0.4138499831591146,0.4764969666809279,0.3719555169099813
1.0,0.3452938117524705,0.4470024823669715,0.2382488858327843,0.4220519821490227,0.5053368371125291,0.295420974889217,0.2463583707117205,0.7990353550526285,0.4127668426187021,0.475184147064797,0.3822159168916756
1.0,0.3991159646385857,0.452247697622964,0.20363373747530691,0.4006528696418739,0.4549535671056834,0.3366045142296368,0.2494927511311773,0.7979343082672145,0.412778627470704,0.4754100911321942,0.34431376138391856
1.0,0.4248569942797717,0.4544043684398488,0.15718727749606887,0.3651551707899102,0.4813992562776783,0.3859993457638213,0.27313325047040243,0.7976451194547746,0.4164245843026765,0.477460781309844,0.3931902430094731
0.0,0.4058762350494023,0.4558428717724291,0.1064569438384424,0.40366535997020253,0.4629955103663906,0.36997055937193335,0.27644449248092584,0.798487953280186,0.4315732807494129,0.4777409882004089,0.3891538144707336
1.0,0.3870254810192408,0.4602105218798728,0.09973573087377073,0.3899931460997759,0.4121890201236933,0.28622832842656204,0.25492633223449884,0.7987585342109488,0.4379091387181415,0.4795893574385321,0.3653745823989748
1.0,0.2693707748309936,0.4670637498050253,0.11110449440396276,0.3817708616195084,0.3701490746372923,0.18251769775315502,0.23238630501746504,0.7992806273460765,0.4479273288371477,0.4775539142083596,0.3010937714521074
1.0,0.24804992199688006,0.4804036440897844,0.1441008918154511,0.37514174717594495,1.0,0.1909701037217813,0.2251398926057116,0.7990167007026484,0.4440059819823709,0.4768987293088609,0.2845270239348314
1.0,0.06344253770150843,0.4903000719261367,0.11702584702083962,0.3209548384192395,0.4356107727556708,0.004704146333613049,0.21472471002068305,0.7989451226005572,0.44267699936051785,0.4758860395891034,0.2347260994920143
0.0,0.34906396255850225,0.5064274465585662,0.1098739015373542,0.4084471777174181,0.4744552533138035,0.2954367666232069,0.1445204840112209,0.7990479403335337,0.4381246187287471,0.4690183197527474,0.08755663356368157
0.0,0.3341133645345816,0.5087754113818262,0.07351140571747039,0.4518064790563329,0.43830103641877577,0.290743155149935,0.2349016698681891,0.801727582356277,0.4592127760905325,0.4736030617679782,0.2530685094503686
0.0,0.2964118564742591,0.511598896478945,0.06843531335939379,0.4812837972607065,0.4326662644286142,0.2513689700130375,0.18915838446762206,0.8046997622492209,0.4825920182247442,0.47320450293411104,0.232364651503364
0.0,0.3824752990119607,0.5160162176086865,0.054529714614624185,0.5414435383422971,0.4311040026370929,0.2492829204693613,0.1655915774580076,0.8073771943133393,0.5018072436467715,0.4747681368848061,0.21237471969246274
0.0,0.39079563182527294,0.5191641363821108,0.014205644875048053,0.5453154034875065,1.0,0.27588005215123823,0.17742656559354258,0.8116731504607012,0.5179151684793136,0.4721271944076815,0.2126767653654296
1.0,0.2866614664586589,0.5259690924262593,0.0,0.448752138366204,0.5766507242585954,0.0062581486310302244,0.08775282610084051,0.8151962097138078,0.5280261130908325,0.4681592658787941,0.18075145302274492
1.0,0.27899115964638593,0.5412612737973207,0.0008428126270326741,0.4491812105422424,0.3287991042717832,0.03115264797507772,0.0,0.8201376421889496,0.5478149204580843,0.4589856544876641,0.0013327328376182429
0.0,0.35569422776911125,0.5592667249868403,0.03356693909056807,0.4861137490508872,0.4071948999731486,0.051619433198380624,0.02110057037863133,0.8223139521149451,0.5538848319669357,0.4612184974223598,0.01263186845569036
0.0,0.29303172126885063,0.5749606642064461,0.054449375922644434,0.4633712749994882,0.5150417599227768,0.06963249516440942,0.07319613459167068,0.8246421373972689,0.5645717591672643,0.4623483356610841,0.0489676914200937
0.0,0.26066042641705683,0.5886658736331766,0.09127237959290402,0.4553943535538949,1.0,0.11941365749016815,0.09306849947678447,0.8253015807484262,0.5666736962204825,0.4642329222883833,0.025418826618016668
0.0,0.2605304212168489,0.5954648095092135,0.08446260838486308,0.4514112331794734,0.5044931846204489,0.037531599435475335,0.1657193108293333,0.8260509755876743,0.5687644187390577,0.4671727428980582,0.12675894681266214
0.0,0.3404836193447737,0.6036454695038377,0.07514515394166732,0.4542255859350742,0.5077333208212315,0.06795303339180384,0.1573675134734141,0.8263129183875674,0.5739383393319314,0.4663276438441274,0.09299175906158892
0.0,0.341003640145606,0.6123970420478945,0.07113878982531198,0.4578620014167623,0.4535697264597646,0.2408381927653717,0.19790320758146698,0.8258562191061206,0.5738394525735608,0.4700690076331007,0.18894474668870406
0.0,0.29173166926677097,0.6232698243857898,0.08876640904053422,0.4816175454979434,0.42696292997268864,0.1704579025110778,0.27489695355909394,0.8258515651603314,0.5789710984839034,0.4734029800860774,0.2839680462778049
0.0,0.1517160686427459,0.6358505829554532,0.1276115266283404,0.4896762688615674,0.4338752535880232,0.14512595837897002,0.26796987457565485,0.8255301495623516,0.5785790736097048,0.4727790124295091,0.2950095264329823
0.0,0.11206448257930324,0.6504857753876551,0.1604795303820819,0.4791264924946886,0.4335093718554735,0.146907216494845,0.24239863620062002,0.8265468932719237,0.5891413545539804,0.4741112239360062,0.2352799393981133
0.0,0.07865314612584562,0.6601907866295053,0.1564686226415586,0.5236010559898252,0.5153803687749056,0.004543280726924863,0.2361888292253952,0.8270807627492834,0.5945911460032505,0.4735214347472867,0.2144709960287401
0.0,0.2399895995839835,0.6698791273814156,0.13821752380266086,0.5440555220909468,0.5207283484535897,0.1118916206723534,0.2195392755552716,0.828809385320718,0.6074749739843031,0.4719187970986953,0.16465808139935267
0.0,0.2939417576703069,0.6767476945591896,0.11435714037865707,0.5136698334785514,0.5188231758823095,0.16131460110386364,0.2591267950223289,0.8303185256086708,0.6137274282457107,0.4756109486980394,0.3228198241627071
0.0,0.3230629225169009,0.6897106392412274,0.1403421864524947,0.5275660964643355,0.5319327682138483,0.3652784746613145,0.26859871578833594,0.8317707814381153,0.6215781915148652,0.4764707539186663,0.31756306957739394
0.0,0.050312012480499664,0.6971868562511637,0.13703628140269306,0.4702390610828289,0.5576531726813759,0.1917492509794888,0.34698770320659905,0.8315287926192646,0.6131891451731274,0.4835541420381924,0.5106397631017152
0.0,0.106604264170567,0.7074689806044071,0.13968642423726035,0.4455125774067468,0.561937532444165,0.1783109404990406,0.3216031520665785,0.8304484266892891,0.6041180784129793,0.4812732000889814,0.4181989302848749
0.0,0.19695787831513267,0.7121591368586543,0.12039943683632676,0.43956147787789596,0.5485991621619428,0.20499040307101732,0.3096846459574845,0.8294225458006145,0.594141254819848,0.4801839795588331,0.3456603080595921
0.0,0.12363494539781615,0.7185148037346311,0.12249424323249447,0.3865848549746644,0.535007132182858,0.07639155470249552,0.3302890213167346,0.8296974224905523,0.5971471495480375,0.4784216064741752,0.3923627849321675
0.0,0.07579303172126907,0.7338750831328819,0.1550831686984661,0.3748685063391216,0.5462308234719045,0.08368522072936684,0.2646979351409242,0.8300024856629075,0.6023764647904214,0.4758756889760157,0.270344099350366
0.0,0.0,0.7495200444969935,0.1921306397006544,0.3899909507015472,0.7016115382997613,0.0037803422204535945,0.280802165571926,0.8306933364115799,0.6095319815578062,0.4737045216327101,0.2725248490691642
0.0,0.11960478419136787,0.7701357087493199,0.2427448567862881,0.3955805841020203,0.6314127706059486,0.027107790821771817,0.24338120059543406,0.8299908541875697,0.6081966506248856,0.4700330318059245,0.1850653077152632
0.0,0.02288091523660973,0.7867550445915233,0.2794410228936036,0.3731030742279197,0.4855310175983722,0.030172413793103425,0.27115338321485233,0.8299796495146873,0.6100774957494486,0.4690294375760004,0.20115694511397306
0.0,0.1653666146645869,0.8068905713983062,0.3298122653789452,0.3726351507136034,0.4964024289766024,0.022171253822630098,0.2511238080265684,0.8304317730231744,0.6149580078039423,0.4670317285748238,0.14428528797373918
0.0,0.2825013000520023,0.818060774746631,0.34486506872889583,0.3659047223619109,0.4417743385775717,0.1984334203655352,0.2518705569666271,0.8316249643455506,0.624380070413209,0.4671335170398196,0.17618162201868556
0.0,0.2977119084763391,0.8268926855610811,0.3621212858638759,0.3718449568691979,1.0,0.14308093994778048,0.3324162732315069,0.8327883524594163,0.6360827362498431,0.4712219782047704,0.3490002984183826
0.0,0.17056682267290735,0.8387366883304225,0.3834147184857112,0.3620837920283382,0.4389123645783641,0.022715404699739032,0.3437796304575312,0.8323261668077554,0.6376630646469871,0.4686191784019961,0.3678465670408376
0.0,0.22867914716588664,0.8554141385226312,0.4252741178077625,0.3813615024794532,0.4772388173879441,0.023792018889624362,0.3017307871814649,0.8318760801380121,0.6365266536639035,0.4645027227565596,0.23383375800564696
0.0,0.3161726469058761,0.8694689905749714,0.4468586967180947,0.3771003311812648,0.4618250954064366,0.012483574244415095,0.30960604080589943,0.8316726313466737,0.6321871296809844,0.461578870551326,0.2406170373941192
0.0,0.3883255330213209,0.8800117213496966,0.44550864036043947,0.4043413929253191,0.5084024492687265,0.2417498081350733,0.3012738947378765,0.8322055156165339,0.6395679057390987,0.4607541042754956,0.20625301287790124
0.0,0.540171606864275,0.8865713079359082,0.44946704195001297,0.42433359982784813,0.4630416668850069,0.3960092095165012,0.3662803550987722,0.8328107237175363,0.6489234016388534,0.4672014061499866,0.3660675343755021
0.0,0.5343213728549141,0.8918098542360847,0.4586103952933059,0.4222607990634389,0.4703322399684706,0.4520337682271681,0.4126623073559682,0.8326174847032818,0.6543286212277091,0.4681008703250539,0.4613089089364827
0.0,0.3173426937077486,0.8980223346557944,0.4922526973693948,0.3848698795493887,1.0,0.19872249822569274,0.4330750826582296,0.8320144946032503,0.6521432820053497,0.4664245750327845,0.473532584991851
0.0,0.3293031721268852,0.9100928349980074,0.5279685404182319,0.3891323498775389,0.3969487127788612,0.11752577319587675,0.3956786817916079,0.8314224655184982,0.6560913751407671,0.462851311418095,0.3861074765282464
0.0,0.3991159646385857,0.9222409757971703,0.561267794730482,0.41372137669042985,0.4139642792574351,0.09386446886446807,0.37386083940476256,0.8314384935502751,0.6640086525205798,0.4607337279016965,0.3253563804145722
0.0,0.5426417056682268,0.9334566247698051,0.5816888868101604,0.4709081645659656,0.4506989307190637,0.7226702508960574,0.3871500228446221,0.8314263947884325,0.6690732659837266,0.4583786674418077,0.3417234809356564
0.0,0.44591783671346896,0.9331854924641452,0.570447226231458,0.4755722644794514,1.0,0.4862909367859869,0.41231840981778334,0.8311872464570479,0.6730798780294498,0.4572339805382132,0.3888506301218923
0.0,0.40990639625585057,0.9338650914796026,0.5611742298154033,0.4522661982963808,0.4641006309317862,0.2633308984660339,0.365494303582921,0.8306742291605697,0.6661346028371229,0.4525865217895476,0.2592681863048921
0.0,0.4223868954758195,0.9368446464843536,0.5642253150921253,0.4590027481408214,0.4365365503899836,0.22461650840029246,0.3342634942937572,0.8307060088057557,0.6628143400645923,0.4493722073991333,0.16352179601955816
0.0,0.4949297971918879,0.9416612786966432,0.5813465127353173,0.4437871787879449,0.4375354940368833,0.1881796690307337,0.2975794526133755,0.8312542442896081,0.6568379067379333,0.4454429172581639,0.07665909143080131
0.0,0.5507020280811237,0.9429198023222888,0.5918474306283368,0.4215540410542819,0.4277198169225718,0.3536643026004736,0.32591169693783817,0.8321744223657753,0.6623979485457232,0.444815373275825,0.0998024543549837
0.0,0.5483619344773795,0.9428164296875072,0.6006755074788018,0.4194364270609988,0.4335380111973592,0.13096926713948034,0.3822912419122666,0.8322310982768634,0.6656008019040246,0.447185073062728,0.2216749357403308
0.0,0.62467498699948,0.9458605870579571,0.6172249276425821,0.4596744430518853,0.42829933793908653,0.4921985815602834,0.3409400193565185,0.831890691074724,0.6688758037150165,0.4427929930275567,0.10664829566506076
0.0,0.6158346333853357,0.9439982189915508,0.6176188157444531,0.454658887490251,0.4357700412278381,0.3938534278959816,0.45003905693469387,0.8309999833297276,0.6654798723161846,0.4509825815329898,0.3766361402725041
0.0,0.6391055642225691,0.9437350910906852,0.620650890623851,0.4678962617531831,0.36346653720524696,0.3304964539007096,0.4784646448766634,0.8301137917007443,0.6626865798164486,0.4542053122123085,0.3841343674920189
1.0,0.5655226209048365,0.9441579545597804,0.6214218771940553,0.4754105988917722,0.3874873316927073,0.17494089834515442,0.4680985905113755,0.8304458033972809,0.6654753473102528,0.4531509518921363,0.38315297797692016
0.0,0.654316172646906,0.9485786234363353,0.6353797719721928,0.4778053834179166,0.3805697880933871,0.4193853427895982,0.4555414175456524,0.8316525515632996,0.6764579676157169,0.4514858278641203,0.4220641457631346
0.0,0.6684867394695789,0.948258282178406,0.6284930087006707,0.4360133732411984,0.3376936506079203,0.4647754137115844,0.5116605829554554,0.8331778291159583,0.6914522119781914,0.4539123935728594,0.5193227671700156
0.0,0.6108944357774315,0.9497845301328204,0.6419687637461914,0.4010798889734766,0.4028777340750624,0.23829787234042646,0.5041783550889466,0.8341653465252828,0.7010026364227163,0.4529695491850792,0.5222763010108572
0.0,0.5951638065522624,0.955936367712382,0.6771566901913589,0.39172373866671706,1.0,0.462884160756502,0.4235785977823521,0.8354613683644995,0.7112163452660313,0.4480288311611716,0.3953887432921504
1.0,0.4621684867394696,0.9576440472885084,0.7034013559134744,0.3473705148280257,0.38556617078238575,0.1007092198581558,0.4468408098295741,0.8362112323621831,0.7156530970186332,0.4468875879706666,0.4392965597570613
0.0,0.556422256890276,0.9646703302308356,0.7375114248246197,0.36585171571268016,0.4684279976881903,0.058337919647771214,0.4198202889721884,0.8354025042921586,0.7168241144285982,0.4441394208432072,0.3502121552477224
0.0,0.6569162766510663,0.9676212041468156,0.7490214885734167,0.432706461524916,0.44943450335437335,0.6367638965327463,0.4500980107983826,0.8349455176501007,0.7204120186059773,0.44385341901569203,0.3832210158492447
0.0,0.6883775351014042,0.9659713704460277,0.7536621505970617,0.45508317557854,0.4508864002334815,0.4661529994496425,0.5292190086907821,0.8350060557091928,0.7271634238219865,0.4489660459210631,0.5497004867090979
0.0,0.6565262610504419,0.9656686965047256,0.7616082877061711,0.43034929622410056,0.4623991899199126,0.4947716015410009,0.5364261185267428,0.8347403242680648,0.7300744945105558,0.44977919534610733,0.5661113191064521
0.0,0.6812272490899639,0.9684079439967054,0.7854031287859894,0.4482570732760525,0.0,0.6984039625756745,0.5721472471002067,0.8333473278386568,0.7270792995271532,0.4500718873346996,0.620699696326802
0.0,0.6852574102964119,0.967899566653519,0.7986812169709895,0.4504701361507337,0.4566998580084306,0.9229499174463398,0.6298286898977641,0.8322829278677287,0.7286070705694452,0.4528829390865109,0.6851678522401093
0.0,0.6296151846073843,0.9634094257981146,0.798278267728885,0.4626045104063932,0.413971998732604,0.9510204081632654,0.6594284422915369,0.8310489788569663,0.7330510991858749,0.4559083935686216,0.7827173179405044
0.0,0.6128445137805514,0.9584955634076884,0.7911179713299775,0.4505391906817479,0.4673845947263935,0.8322894919972164,0.6590992832192739,0.8304756412158801,0.7376211555496627,0.45604524584598,0.7646146252027363
0.0,0.6268850754030164,0.9534513934358184,0.7951588908958501,0.4608104065817802,0.4765320505230597,0.7265135699373705,0.6700057480017095,0.8301891913318368,0.7426128947796172,0.4534900024822166,0.7794780652870241
0.0,0.6432657306292253,0.9481291318835808,0.8146882057201777,0.4724340714539276,0.4912369826114702,0.6715379262352118,0.6512928091024763,0.8300150423975364,0.7459063899836431,0.4509365620183439,0.7837364940341439
0.0,0.6270150806032243,0.9432182595289954,0.8369308347035314,0.4609348536801672,0.4918331599346387,0.3562978427279042,0.6452598637183182,0.8293773472333331,0.7520820396907055,0.4504481990039925,0.7627793869057621
1.0,0.6729069162766512,0.9413635921556452,0.8574442879009827,0.4444644291118898,0.4503631107307487,0.4794711203897006,0.6518872605613389,0.8270844792288546,0.7502186584104489,0.4513848041995885,0.7443924910289745
1.0,0.6778471138845554,0.9388522339100456,0.8513509584260373,0.4481229974842965,0.4273246766766992,0.3820459290187884,0.6848277318974789,0.8248258060109067,0.7502728967633586,0.4513564594413224,0.7684537458999735
1.0,0.6458658346333853,0.9375889090491304,0.8478339506375709,0.42560954696251896,0.5111227856523213,0.17513736263736174,0.7011383008513921,0.8229923914715697,0.7444725691475337,0.4493944432938221,0.8015419760137066
1.0,0.6823972958918357,0.9392957571600196,0.8594225770871963,0.40402099701671296,0.6322705221957221,0.3603185136031858,0.6986966283302791,0.8220688933725141,0.7423926461279964,0.4492341337409209,0.7912805585748235
1.0,0.6609464378575146,0.9396708448792218,0.8775530320505516,0.3884167480482849,0.6068617922631613,0.2861655085281116,0.7047787019341782,0.821421345293062,0.7380917585215304,0.4498898348481637,0.805042279987473
1.0,0.653796151846074,0.9422627154061836,0.9071140977651874,0.4338813437828861,0.5999104344957809,0.27795325331648835,0.6760927344275824,0.8209351374835744,0.7392894071323248,0.4509272178503054,0.7541681251266555
1.0,0.6215548621944877,0.9437480388678609,0.9267441710407219,0.4571280876925618,0.5740683345335422,0.2552116234996839,0.6744076364904762,0.8194575858601573,0.7326311717714961,0.450675777549527,0.7552734842762657
1.0,0.7544201768070725,0.9447784177273131,0.9437360702783016,0.5193303925911368,0.5306718224452784,0.6468806783767421,0.6858446860461118,0.8180067851840979,0.7346724323311381,0.4523763198615196,0.7247103037895399
0.0,0.8278731149245969,0.9400560288749176,0.9393430285591026,0.5308478055658866,0.603059727521121,0.8208791208791213,0.7137102122830374,0.8164078689244242,0.7362695979844923,0.4555124039700471,0.7882424318127067
0.0,0.7648205928237131,0.9338982491787668,0.9358755780705548,0.4899509761350326,0.599304689993974,0.5970009372071226,0.712344447774246,0.8173974277522168,0.7560276948151105,0.4554625601641902,0.7796325871467958
0.0,0.8124024960998439,0.9320064297827272,0.942389339340242,0.4911441660752045,0.5939601774315574,0.7281644091546009,0.6434126426560677,0.8179526269853415,0.7651698393141629,0.4508581243797043,0.7299006968174798
1.0,0.7580603224128968,0.9283432311412058,0.948660295143812,0.4511362311736184,0.6025597498636438,0.4838416021847986,0.6671513984347748,0.818826763367475,0.7782656284620805,0.449779097499933,0.7566402869353412
0.0,0.7791211648465942,0.928290801849761,0.9694315818604504,0.4839482951343726,0.6106722565013718,0.6360869565217402,0.6727078000874481,0.8166566104109972,0.7720072118724725,0.4466043695535093,0.7653125864330259
0.0,0.8237129485179407,0.9264933876900556,0.9838091019516668,0.483302799739422,0.5825906013047536,0.7143478260869568,0.6955917248426667,0.8142126296146052,0.7686272111974437,0.4494663609167723,0.7499486978167573
0.0,0.874544981799272,0.9231315210529306,0.9943712554277132,0.5414339147621287,0.5133835521574764,0.8886679920477143,0.7183724803364301,0.8136687431832025,0.7714031494012926,0.4482867598655946,0.7675492610837439
0.0,0.868434737389496,0.9166008657887472,0.9950186294590492,0.5142046763633578,0.5283302789207549,0.9667477696674781,0.7016639728026173,0.8143395713411558,0.7833493732679059,0.4451857615706532,0.8196516537649541
0.0,0.8729849193967758,0.9082327402317969,1.0,0.5184229285663204,0.6520915976901389,0.9490759753593426,0.7292985964067622,0.8156534848147258,0.7971756602377739,0.4482400609823624,0.8701090781140044
0.0,0.8469838793551745,0.8967812993749814,0.9923007052513484,0.4994652229439759,0.6742370681983445,0.8639427127211461,0.7368889063567003,0.8142908948602979,0.8020195569397587,0.4489444609617424,0.8925404644616469
1.0,0.8969058762350494,0.8829594697382647,0.9575476061427629,0.5412455446151898,0.5129596681502191,0.977960242005185,0.7484045610639205,0.8127836148283129,0.807410615885722,0.4503575316018583,0.8847202674173116
1.0,1.0,0.8693781222904925,0.9213162181117512,0.6122817804794277,0.4483605658631568,0.963839862247094,0.7677365155318867,0.8111910073457985,0.8173074506890144,0.4486743756660557,0.917690007037298
1.0,0.9820592823712951,0.8587374834713729,0.8920137347638084,0.603808213705717,0.5002204609237471,0.9584450402144769,0.7575571484016133,0.8105731309965917,0.8308747801130391,0.4514633558599146,0.9041959887403236
1.0,0.9450078003120126,0.8535835021473089,0.9007355861000677,0.6162097847514775,0.4884049268355337,0.8997010959814012,0.7403180560946011,0.8097620554332253,0.8423921946636425,0.4531521204623098,0.8940358902181562
1.0,0.8943057722308894,0.8496030449626834,0.9092747730349712,0.5740426642939652,0.4814903542823311,0.8774493523746265,0.7272057342458081,0.8091912020650046,0.8463311292306946,0.4521164257007679,0.8583743842364533
1.0,0.8806552262090488,0.8449260624576128,0.91940013174968,0.6112202670547124,0.5364765279256141,0.8628362670209235,0.6886400817493576,0.8083744389542961,0.8442654336323324,0.4519899566277074,0.8029644616467279
1.0,0.904186167446698,0.8385357011884816,0.9126608241328732,0.6251412581802069,0.0,0.8625041514447024,0.6840858957793947,0.8089592258088231,0.8523804080194325,0.4552550331785995,0.7993314567206194
1.0,0.9277171086843474,0.8311150732956899,0.9018352643720556,0.5900196112529916,0.5441449321247148,0.8764530056459648,0.6523490658269016,0.8092160797263915,0.8681767066803713,0.4550849986644899,0.7835151301900067
1.0,0.9574882995319816,0.8233174128526713,0.8844123610892336,0.5818018016340051,0.5424604481858416,0.9871883656509703,0.6339112449582165,0.8098406648254136,0.8939392663442302,0.4533367998454878,0.7491115411681915
1.0,0.8963858554342174,0.8130149480363281,0.8658907549665279,0.5996211487028192,0.5167497858504535,0.9801108232526748,0.6230342571076251,0.8096198836171152,0.9010877794088278,0.4556973965144484,0.7472290640394086
1.0,0.8755850234009361,0.8054968921715225,0.8508068264157713,0.5884564857065273,0.5199502452380766,0.9674618407823788,0.6258050887010005,0.8098791934458135,0.8915561193777216,0.45222514088121,0.7501935256861362
1.0,0.8555642225689031,0.7991316525076159,0.8392679267849619,0.6108451720308696,0.4407946732196373,0.945069006489352,0.6070282831161048,0.8097102697444548,0.8797438823663551,0.4537982096457594,0.7360045742434909
1.0,0.8511440457618307,0.7932726069164661,0.8248267290741151,0.6085263069075316,0.4900118329025187,0.9048533040855502,0.6333364447872505,0.8090891971423463,0.8736134241901269,0.4529696882143196,0.7823715693173825
1.0,0.8282631305252209,0.7869450371489427,0.8132514477235886,0.6374040346559783,0.0,0.8913568324480927,0.6451124790590962,0.8075760569479297,0.8782919047322569,0.4543527381255668,0.778764954257565
1.0,0.8497139885595424,0.7801876696953799,0.7944066017208238,0.6217819865962554,0.5276337352297849,0.9565427329792368,0.6573797955283491,0.8061648250926355,0.8802220137192162,0.4519505822921326,0.7883180858550314
1.0,0.8694747789911599,0.7724210964311568,0.7798728931123866,0.6365184066923226,0.5134283304891225,0.8898678414096917,0.6850389832423643,0.8045186527558673,0.8798802552636581,0.4550006828884278,0.8418103448275863
1.0,0.8355434217368698,0.7650028088995059,0.7637596737604719,0.6258361025109794,0.0,0.8908177249885799,0.7243071692811067,0.8031158431389992,0.8805945850178717,0.4556471080945249,0.87905524278677
1.0,0.8580343213728547,0.7573765820275035,0.7475476029993379,0.6608455764881725,0.5216429931202032,0.9916820702402954,0.7187704189163295,0.8004911265580549,0.8715762922042795,0.4587505003057434,0.8765130190007037
1.0,0.8779251170046805,0.7457161028152125,0.7112988612324719,0.6737923983520379,0.6205523227144176,0.9645054424988168,0.7379107733273067,0.7981208222655057,0.8663990903787603,0.4610725025655752,0.8676020408163264
1.0,0.9035361414456576,0.7330010085244129,0.6702160721493431,0.6887836027688791,0.7535809440229077,0.9572907679033644,0.7376749578725513,0.7949528446981329,0.8547560550320726,0.4613441038685964,0.845197044334975
1.0,0.8462038481539265,0.7213688721738781,0.6416191475277571,0.6584717201289155,0.5420077630712504,0.9851258581235705,0.7467587657026069,0.791916423785132,0.8394876851906855,0.4625641491827127,0.8332160450387049
1.0,0.6580863234529379,0.7132058783175127,0.6256845110922288,0.5075045335575655,0.5307998070409375,0.5434782608695645,0.7496671563112569,0.7898965741105334,0.8289011870371831,0.4633981908019013,0.7989481065918657
1.0,0.6800572022880914,0.7140326736668882,0.6426922446595376,0.5332997882920691,0.5191539293245738,0.5175438596491226,0.7410107639929452,0.7875925318262597,0.817763385783486,0.4620230441099832,0.8114792426522477
1.0,0.6888975559022361,0.7134143070750568,0.6472391103841463,0.546640255982911,0.5243727345312821,0.6183908045977001,0.7554790247065817,0.7869645945396312,0.8219164590711435,0.4640040304586104,0.7926770187919119
1.0,0.7483099323972962,0.7128255696637135,0.651458021283275,0.5893570180426878,0.5298852189498744,0.8659003831417625,0.7697360340753329,0.7861357998053357,0.8251400619635222,0.4649870416545063,0.8524721565980422
1.0,0.7527301092043681,0.7086076095394865,0.6345795680725452,0.5981050950298364,0.4932218945726834,0.9974874371859296,0.7896575271801876,0.7876419342194653,0.8402430954815815,0.4670263753182418,0.8975869051636853
1.0,0.7584503380135208,0.7049937659517213,0.6248167229001853,0.6050811050706106,0.4920430513437451,0.9406390230303684,0.747520253108588,0.7871845109677412,0.8440071001743726,0.4650679842651831,0.8903476206547418
1.0,0.7046281851274055,0.7022606733418711,0.6168281796542918,0.568126239318308,0.4688353169793517,0.91275167785235,0.7456189910046227,0.788100297855795,0.8555333151981833,0.4654927968184298,0.8446760040499492
1.0,0.6953978159126365,0.7017109692856368,0.6222010657260224,0.6030656319322226,0.0,0.8984899328859055,0.7186770752988221,0.788246893624761,0.8648738471665273,0.4614339633236485,0.8656176172797836
1.0,0.6875975039001561,0.6999376729915326,0.6188690351226276,0.5908281258298399,0.4382480341824154,0.9354026845637576,0.7022977268372728,0.7888098083965981,0.8783150078325593,0.463067662241887,0.863609517381033
1.0,0.6788871554862197,0.6985622690551626,0.6222629910709445,0.5820164664547514,0.4072915614521177,0.8112416107382553,0.7237028921782959,0.7879216923689382,0.8846255687409016,0.4616332997429277,0.8780037124535941
0.0,0.6528861154446177,0.6976905966355146,0.6219496874563223,0.5452662162350834,0.3996841744095563,0.8993288590604014,0.7354297982304017,0.7853745913167397,0.8815731074012237,0.4628315827786735,0.9029109011137364
0.0,0.6445657826313054,0.6970763185456067,0.6245839895903549,0.5852115016469717,0.0,0.8540268456375835,0.7507135873917337,0.7839821965925061,0.889809232631286,0.4647518034603311,0.8877489031387108
0.0,0.6245449817992721,0.6955879167955531,0.6221135384008499,0.5609334692219915,0.3749278159967285,0.954095409540955,0.7131403249340453,0.7812824537018513,0.8902212384973475,0.4643382284962299,0.854463381707729
1.0,0.6219448777951121,0.6942508369881494,0.6194095438387252,0.5580312881831379,0.5567340677910768,0.9501845018450192,0.7484045610639207,0.779812182538235,0.9016540706578638,0.4644862967607272,0.862867026662167
1.0,0.560452418096724,0.6918593085939374,0.6124346385543145,0.5338617385550084,0.4540854994889315,0.5884773662551442,0.7509985310662297,0.7779835167060919,0.903488780498914,0.4646800481024967,0.8725531555855551
1.0,0.606214248569943,0.6920513549012385,0.6069625687669257,0.5383891308453304,0.44072264119748056,0.7917695473251029,0.6930075804843059,0.7779484618400346,0.9172628291827288,0.4627172367660234,0.7918157273034089
1.0,0.6030941237649511,0.6902249216604978,0.6037241175381,0.53458370348831,0.5314383451735305,0.8106995884773679,0.7033687220276199,0.7776891143417081,0.9224657282184541,0.4634574386610405,0.835791427607155
1.0,0.546281851274051,0.6885634761201275,0.6050892701735462,0.5098386840297064,0.503031638383537,0.5958847736625519,0.7065620563107655,0.7770084212788736,0.930733353226659,0.4639699529716567,0.8235993925075938
1.0,0.5061102444097768,0.6884942420209993,0.615275598525511,0.49402459861104203,0.4870713631147818,0.3466963622865639,0.6865668708762998,0.7783126188570614,0.948190393014396,0.4657301091467372,0.7970975362807962
1.0,0.4955798231929277,0.6893513908292145,0.6229949618239659,0.4696742604438042,0.5044490380115226,0.2368225686711209,0.5976497059676047,0.7794602291066853,0.9643283717850072,0.4589411965982269,0.7539402632467094
1.0,0.5572022880915237,0.6907413942035417,0.6412626500003398,0.5074208162321109,0.4717204285729898,0.4788418708240548,0.5778166436582839,0.7802158020557205,0.9723774268804052,0.4573061642114344,0.6913094836314548
1.0,0.5509620384815395,0.6887638068312049,0.6466325486816213,0.4935746658405887,0.4981319065401031,0.32516703786191714,0.6134444286142402,0.7785091479164422,0.9686560750136732,0.4574535872771444,0.7343570705366181
1.0,0.5998439937597505,0.6889866354287854,0.6735677851604066,0.5268636988505703,0.4727155814973457,0.3541202672605799,0.5984701472372744,0.7773373775145612,0.9698668208405284,0.4560778196464077,0.7037293283833947
1.0,0.5742329693187729,0.6893918375428131,0.6964584392546058,0.538488507222388,0.4547624284941047,0.2546399406087607,0.5886887186869009,0.7760793250918064,0.9728619437853242,0.4588746726866637,0.6888288896388793
1.0,0.5725429017160688,0.6924184243468036,0.7382403418227346,0.5363675523075246,1.0,0.2746844840386056,0.5861537025482808,0.7747862233748392,0.9723164979352568,0.4588806577440934,0.6579311508606142
1.0,0.5343213728549141,0.6951737063971263,0.7622987756558547,0.5210259351570096,0.43522793870029175,0.10690423162583504,0.6331251934423653,0.7736557888632035,0.9705744382193109,0.4603432279898161,0.7298768140398247
1.0,0.5756630265210608,0.6999901590044205,0.7876541035772588,0.5293708098125895,0.4462451626862036,0.13674418604651153,0.6196787996993354,0.7725137227798652,0.965703687230732,0.462735350153608,0.7112807964900442
1.0,0.5799531981279252,0.7024425849110552,0.8006569259224856,0.5361383727637861,0.4534561880870221,0.1869767441860483,0.6810448589774449,0.7716330200163791,0.9624802877083576,0.4658150156880052,0.8018140398245017
0.0,0.6090743629745192,0.7051036826323432,0.8154249944327637,0.537317001582736,1.0,0.2837209302325592,0.6972817356017469,0.7697535395064047,0.9512693721743904,0.463848496315374,0.8291765102936214
0.0,0.5924336973478941,0.7065961604150465,0.8241890462276285,0.5580007090434493,0.5246437951000196,0.20837209302325665,0.7302418582257835,0.7677476362221841,0.937966252428042,0.463775359388809,0.8631370232872091
0.0,0.6492459698387938,0.709644582009168,0.8246899744101372,0.6122093453782681,0.5254225576362745,0.35308056872038146,0.7324821050459593,0.7657323115600038,0.9255618312296421,0.4641898157518994,0.8515693553830576
0.0,0.6417056682267291,0.7107122479136069,0.8154331809956095,0.5965711310172958,0.4798539717982643,0.3649289099526081,0.7469798426914405,0.7634584289089689,0.9190125294592076,0.4657244068693556,0.8819946000674994
0.0,0.6517160686427459,0.7117243045630379,0.8046092232505423,0.6165884366609689,0.5149495908585013,0.5971563981042679,0.7740249276586961,0.7606242936330628,0.9144570862588008,0.46500994963044,0.8936044549443128
0.0,0.6730369214768591,0.7117647157593162,0.8095062167979378,0.6487230812902692,0.5315993784496995,0.5853080568720378,0.7991392735901427,0.7570855118706127,0.9033127350595046,0.464072089353639,0.902708403644954
0.0,0.6713468538741549,0.7114077735795331,0.8240144577712671,0.644352308118338,0.5286130753548999,0.7890109890109902,0.7967860318645632,0.7564684918889516,0.905829263419162,0.4641989180089681,0.8784864052123793
0.0,0.6519760790431617,0.7110112073302012,0.8448426953162178,0.6605291966173996,0.5330047914591751,0.6736263736263736,0.746621206687333,0.7562439338994519,0.9116807487596332,0.4570103024475989,0.8847429311280954
0.0,0.639235569422777,0.7098372511454246,0.8587776122167591,0.6373459172232893,0.0,0.7252747252747251,0.7479427557983579,0.7558106569226023,0.9164373994814996,0.4574112172180181,0.8666583134945495
0.0,0.6969578783151327,0.707759574560188,0.8659464687974952,0.6793899311857544,0.5016092744551156,0.9186813186813207,0.7627893038039978,0.7532406445618881,0.9110668352307141,0.459169569196796,0.8613289896838323
0.0,0.720748829953198,0.7030855141352151,0.8686262633499783,0.6682041473076701,0.4985815662859273,0.9888641425389731,0.7659531611552991,0.7512394256835307,0.9056372268162364,0.4556960320160098,0.8659566470367119
0.0,0.7236089443577746,0.6979987687355337,0.8709042337351178,0.6717041093867547,0.5302370344970673,0.9386861313868616,0.7907923890561974,0.7492953615396712,0.8997662799127085,0.458348387561993,0.9120995698116356
0.0,0.7216588663546544,0.6910331553616068,0.8564620450610207,0.6704590106310312,0.5415530019534791,0.8370066632496179,0.7957346879621124,0.7468468141597314,0.8949986643862571,0.4591964034748742,0.8935471745395317
0.0,0.791211648465939,0.6848805635310081,0.8412747266844869,0.73506263915104,0.4032506445666297,0.9893442622950824,0.792570830610811,0.7443783081597394,0.8916472951730253,0.4591376163080678,0.8740675771624272
1.0,0.7515600624024964,0.6768256279609689,0.8147786654179013,0.7046414420745414,0.4263920832904835,0.7802735907689796,0.7768498002937869,0.7422794776830987,0.8924870700363537,0.4615371143499717,0.8484400451071298
1.0,0.8568642745709829,0.6721240229971986,0.8127600811727675,0.753994451751274,0.439804785256812,0.8267954133977063,0.7453733499059195,0.740579811774717,0.8912077113298249,0.4588766913125453,0.7811552437037967
1.0,0.9119864794591788,0.6651602095136934,0.7966588005553852,0.7543934117021083,0.4871525362360615,0.901593625498008,0.7543687269404417,0.7391818890559144,0.8870108501748807,0.4560805496501785,0.7954141085077058
1.0,0.9590483619344776,0.6604123876994777,0.7915089156085249,0.7533232283672754,0.4145304597070528,0.9372590255871016,0.7402885791627569,0.7380210727262452,0.88781626737308,0.4585025421264403,0.7755299293427546
1.0,0.9287571502860116,0.6555927938931844,0.7812406140895893,0.7338194477307272,0.3837783297653757,0.9253530598520512,0.7533615984357571,0.7364047909095358,0.8821645841919373,0.4561770238176062,0.7966771097187038
1.0,0.9388975559022364,0.6516197807510119,0.7698705335892748,0.6995038832234262,0.4227192811552432,0.9324142568930736,0.7637718681988118,0.7348533637801417,0.8795393012620688,0.4574850778382789,0.7924244054664799
1.0,0.9325273010920438,0.6471149241457171,0.7688717741549934,0.6971677662983032,0.44557849082151896,0.8920645595158034,0.7584365435349718,0.7326991610095134,0.8715827712639473,0.4566798578973828,0.7956148182123464
1.0,0.908736349453978,0.6433270381580091,0.7652113968668747,0.6453916994146793,0.3885947721940351,0.9078681909885672,0.7630840731224421,0.7318442435561171,0.874365284853056,0.4575135710715771,0.7773746242618329
1.0,0.8853354134165368,0.6415746818936806,0.7810381533278912,0.6729189984553375,0.4175987528123213,0.8634835238735709,0.7413890512849484,0.7302290784038875,0.8758424662633372,0.4583339617046509,0.7741607737950091
1.0,0.8021320852834114,0.6413076878428253,0.7799683686026521,0.5548662715532422,0.3998539803967941,0.8863483523873573,0.7471812683923775,0.7283051862203817,0.8776601837351165,0.4592243863072604,0.7603023652767621
0.0,0.7520800832033283,0.6407556771172581,0.7863963258766904,0.5028463228215933,0.3867452643464801,0.9263618022864828,0.7939120310097321,0.7258171762608464,0.8754172790584093,0.460818270607445,0.7980283956536929
1.0,0.7242589703588144,0.6360858133593702,0.7716843789748429,0.5356922685830878,0.4406810751424151,0.8678547410894416,0.8020329257328702,0.7230383733834632,0.8700763310857057,0.4616067925613563,0.8247556493861914
0.0,0.7779511180447221,0.6301620790665586,0.7537525838631176,0.5241082435485673,0.440008235069279,0.9253530598520512,0.7984072631160062,0.7207438884332623,0.8604330946398691,0.4617606886211529,0.7938773295295976
0.0,0.7978419136765473,0.6217810984566937,0.7265652170120591,0.4845480026145044,0.0,0.9401479488903832,0.824450132400552,0.7183740293797499,0.8512630509560221,0.4609510941393451,0.8206560256370748
0.0,0.824362974518981,0.6124431778212637,0.6983582109979477,0.4505036507401946,0.4485290168057302,0.9889038332212504,0.8147718731116341,0.7160328222777733,0.8437383896351233,0.4601095907690204,0.8088527402413698
1.0,0.8116224648985962,0.6016761709666566,0.6646306729147606,0.444686634252243,0.4924287426072801,0.9885355029585808,0.8564866444934633,0.7143376583176412,0.8465301831801456,0.4611187515828205,0.8530054603765932
1.0,0.7840613624544984,0.5908823380073934,0.6290900816267617,0.4804954776537152,0.0,0.9400887573964506,0.8212174955416139,0.7130819408378174,0.8527956774125166,0.4614943698845431,0.8083552700069899
1.0,0.814092563702548,0.5802296912125094,0.6011107014536811,0.4992556377781523,0.5709777633580352,0.907174556213018,0.7804705500886765,0.7127829694549627,0.865816409767386,0.4606398535750033,0.7700144261514897
1.0,0.8185127405096208,0.5701823765190711,0.5833965929572473,0.5026945974875232,0.5057354623071233,0.982218458933108,0.7634623604144455,0.7126001466195261,0.8751999918324463,0.4625420857758651,0.7531417778372669
1.0,0.6708268330733228,0.5606457365300938,0.5614753851132573,0.44590416616721296,0.45689983681806395,0.8882091060552258,0.7447985497349532,0.7116770440393948,0.8780605646164369,0.4644129841475014,0.7300673716146879
1.0,0.6821372854914195,0.5554817499685106,0.5448918816132428,0.4538411597462975,0.4643651271130577,0.8707289760467593,0.7128259043277048,0.7104202411547013,0.8811470759702106,0.461453483386845,0.674534124540817
1.0,0.6268850754030164,0.5478271226246877,0.5113234419543911,0.4126929236430722,0.5182098105774489,0.4626771911616092,0.7099420778289256,0.7095665368082703,0.8869172400002022,0.4612952653644205,0.6628890971013846
1.0,0.5991939677587103,0.5459179858429674,0.4998134909896765,0.3888421768237628,1.0,0.2529156310600057,0.7154493512618583,0.7090125674123072,0.8978477421953975,0.4617151285749668,0.6828403158881006
1.0,0.5466718668746751,0.547445232437258,0.4936213327974103,0.3883932778268965,0.4984360709524199,0.09231693660721588,0.6916221646876182,0.7088166829055694,0.9014132630428552,0.463092616204305,0.6493627210398727
1.0,0.5882735309412379,0.5528489262446793,0.5008757099373269,0.3776634978084876,0.4909729215019278,0.16932898331489454,0.6990749156222825,0.7086073005518746,0.9051918951344614,0.4638058047441489,0.6700575558827468
1.0,0.5566822672906918,0.5582479846984435,0.5069266944027018,0.39883781793238415,1.0,0.13715540403242218,0.7029413065158756,0.7081134006158846,0.9063284405537868,0.4641567075681794,0.6816728386799329
1.0,0.4898595943837754,0.5624790262345521,0.516773187930891,0.3959575379011172,0.5002655316849861,0.0970795421191662,0.6636485563672627,0.7072659135433651,0.9104302984834246,0.4602838481332465,0.6174839007123841
1.0,0.6215548621944881,0.5689373823446798,0.5426516031590782,0.4592561879980463,0.4723320328466026,0.07745933384972932,0.6694456862966656,0.7062905189539167,0.912998208802096,0.4571962655257187,0.6243846577135295
1.0,0.5769630785231411,0.5727243370887883,0.5622388170472509,0.4275939061026686,0.4028148023551025,0.0864065254207998,0.6954983812251596,0.7053710461752908,0.9220234698518244,0.4565931040177682,0.6545308526301701
1.0,0.637545501820073,0.5809909826157132,0.5999414198754897,0.4705769240567316,0.4606027056263254,0.5758130854042107,0.7121184579634385,0.7040247922190799,0.927590041899506,0.454813910249543,0.6784083641933996
0.0,0.6514560582423298,0.5831231435006553,0.6113448624161307,0.4808141834805147,0.0,0.9242041959008752,0.7444153496209754,0.7028426514527774,0.9345919886979812,0.4549567298841836,0.714719136215589
0.0,0.6558762350494021,0.5817927491195659,0.6101685413316822,0.4843389078215614,0.4228965106415544,0.9518542840355312,0.7938923797218357,0.7009120309541589,0.9329669309354476,0.4609625164895775,0.790657207870432
0.0,0.5890535621424856,0.5786431632924577,0.6121439812474122,0.4839974045139578,0.4330280198964013,0.8730769230769226,0.8189035563918269,0.7002668140659829,0.9434565395401644,0.4602233794049602,0.8056038905992058
0.0,0.5666926677067082,0.5771521505727719,0.6254584658348136,0.516896988189283,0.4675158304858302,0.7003412969283268,0.7455354730310635,0.6993830154269814,0.947286458323412,0.4549836871021323,0.7430657802763274
0.0,0.5617524700988039,0.5759187150760646,0.6439878193636799,0.5127276396722639,0.4353927694134251,0.6131896005072911,0.736112680484797,0.6992532814278062,0.955772709073717,0.454144843233688,0.7242374217344101
0.0,0.5197607904316175,0.5753085250188562,0.6672191620677691,0.5308328337755492,0.4544732657064505,0.496573208722741,0.7535188087389275,0.6979066588310355,0.9558982798674032,0.452456303819388,0.7450289266645845
0.0,0.5075403016120646,0.5755142971478476,0.6887713876831896,0.5232814710892616,0.4490768618482667,0.4613767735155019,0.7241008307581958,0.6961279257807672,0.9577949976333898,0.45338593057446896,0.7005978673091507
0.0,0.4885595423816957,0.5736885844114997,0.6912394571908711,0.5037254170609556,0.4721715327738262,0.2932212296374153,0.7394091840293979,0.6949838100428537,0.9640228089633964,0.4514785380973498,0.7068144975386307
0.0,0.5063702548101926,0.5728840436336963,0.6746479313015679,0.5193750373151416,0.4551984988935445,0.20546505517603764,0.678662140320021,0.69327838613158,0.9722975547732688,0.4486724722065572,0.6261693362483082
0.0,0.5886635465418619,0.5743707736684899,0.6760699124534293,0.5317909112909411,0.4651201718349488,0.4377299001576465,0.6771833809058261,0.6918669987292329,0.9868477186066468,0.4488395132136093,0.6046119067802912
1.0,0.5518720748829958,0.5735136034857939,0.6733672074161708,0.5531856463169855,0.4581150275363479,0.3751970572779829,0.7428530722332212,0.6903184980780576,0.9947765258378728,0.453409783137005,0.6848555154002883
1.0,0.5080603224128966,0.5741254666909424,0.6712502484509056,0.5630129226168891,0.4538117867425373,0.20599054125065624,0.7499226230539083,0.6887945505478056,0.9993481556763624,0.45424321411719104,0.7016512734396866
1.0,0.4937597503900157,0.5763567108247519,0.6585166965950902,0.5463974366619242,0.4508770994184354,0.1161324224908044,0.7240222256066107,0.6877577748218858,1.0000000000000002,0.4516758515377052,0.6582924565822619
1.0,0.5237909516380657,0.5811725589460491,0.6627186720468697,0.5213503883043555,0.456374758009948,0.1530172413793105,0.6977189767574392,0.686958273029073,0.9959127423451728,0.4526937317894067,0.6204943509066538
1.0,0.4663286531461258,0.5857481604180496,0.6794538619721675,0.5266435810498002,0.4454282962558114,0.08297413793103403,0.7529489213899356,0.6863224569355727,0.982280674706301,0.4597909780205928,0.7088535880098007
1.0,0.4869994799791996,0.5926934182333049,0.6989620900799817,0.5417801512958464,0.4543508979425259,0.1831896551724141,0.7207404605279317,0.6857612138771564,0.9743658550575052,0.4564938447257994,0.6561573382581247
1.0,0.5370514820592827,0.5965594236769581,0.7042122939200577,0.5810086323071092,1.0,0.4218750000000007,0.7352283725294646,0.6843697629350155,0.9687068970855492,0.4579607508267807,0.6968383721700232
1.0,0.4803692147685909,0.5963812718790228,0.6908430713646723,0.4974421221830814,0.4575129419988422,0.0,0.8268426767019244,0.6832387937931613,0.966063831882398,0.4662831692850841,0.8001486266748095
0.0,0.5702028081123246,0.6015314004923061,0.6919302447992326,0.549221624901286,0.4469424142573104,0.016778523489932883,0.7448280266667975,0.6809784727677589,0.9571963580651212,0.46093726911585,0.690024205970806
1.0,0.6202548101924081,0.6055316239311342,0.6925315163844173,0.5566045075407832,0.493309698211449,0.0008169934640538661,0.8147718731116342,0.6799418837522256,0.9616747755270872,0.4666729819805314,0.7895254162693468
0.0,0.6617264690587628,0.6092281828049008,0.6984180122161272,0.6096380025949238,0.4849055595455439,0.33867093674940074,0.8779360252322537,0.6785737209628132,0.9745293756588064,0.4715304719320592,0.8796554800828921
0.0,0.6549661986479461,0.6109352367476876,0.7052166533472197,0.6001016799497785,0.4918142389381445,0.34347477982386043,0.8673292425902359,0.6768605700912128,0.9817969602106016,0.4694921017578267,0.8800296454064008
0.0,0.6830473218928759,0.6106043483598887,0.7005893861268921,0.6400022306080052,0.5044318591963292,0.5612489991993607,0.8611194356150116,0.674919946239848,0.9817969883862382,0.4689320338247995,0.8682938061247986
0.0,0.7643005720228809,0.6070879182497074,0.6920941722531676,0.6755550757254042,0.4845463444524809,0.6655172413793108,0.91314130749844,0.6723598449882352,0.97217325326752,0.4722560654413653,0.9300454754777802
0.0,0.8009620384815394,0.6016509499675847,0.6743988473006113,0.7025631734553315,0.4883710154665151,0.7546071774975751,0.9162511238080262,0.6691681160927413,0.9687328891017448,0.4727762324500819,0.9266204236702736
0.0,0.8420436817472698,0.5956200624977016,0.6573468877902225,0.7055132217267425,0.4892471997877046,0.8384439359267734,0.9239986440611352,0.6659643249522625,0.963025872032728,0.4739355905725264,0.9233608680635504
0.0,0.9466978679147168,0.5885597541005029,0.6344046083733523,0.7500338985757498,0.4789859883199034,0.9730707395498396,0.9339471085586272,0.6631424759754126,0.9633817445953198,0.4753154266470256,0.924644275197468
0.0,0.940457618304732,0.58106312704226,0.6156247758738557,0.7485455136744793,0.460127219738844,0.9790946502057608,0.958535782538848,0.6603415373645697,0.9583459346089246,0.4785004923308535,0.9861686819441166
0.0,0.8438637545501821,0.5774406220954392,0.6125563260534784,0.6711435631737946,0.4590298886385263,0.8790123456790121,0.9515595753356684,0.6578417904305971,0.9457839660671676,0.4781910581307745,1.0
0.0,0.7736609464378577,0.5742870499484459,0.6032221817918986,0.6427118689858292,0.4808147697223126,0.8161316872427979,0.905831028401024,0.6552438157395691,0.937204522251424,0.4772593682276709,0.9925596169493652
0.0,0.8800052002080081,0.5725073055316426,0.601777530437947,0.6718198896420133,0.4467887008235351,0.8701234567901227,0.8970812924652046,0.6533060113438832,0.9247854813191208,0.4763769996621151,0.9956135113403866
0.0,0.8298231929277171,0.5697932099742115,0.6003118208444586,0.6134084259282124,0.4625989519855123,0.8750617283950612,0.8768257274661134,0.6509610284215449,0.921699252678436,0.478094491086033,0.994016399497673
1.0,0.7272490899635988,0.5690267869149613,0.6123460785545484,0.5759115615161932,0.4468630227301007,0.8549794238683127,0.8605790251978639,0.6487246488104091,0.9138366934275528,0.4767280615230829,0.9675953335946168
1.0,0.7160686427457099,0.5675383579472079,0.6218306156543215,0.5700756980475989,0.4486620533368055,0.8151440329218105,0.8354892433762875,0.6462072002299725,0.9081298570836224,0.4740558653454465,0.9248315232294358
1.0,0.7626105044201771,0.5644551738903381,0.6152616526616751,0.5544668392514284,0.0,0.9178600823045266,0.8140889908572383,0.6439587971843103,0.8929255858076129,0.4720773582002246,0.8723834966357764
1.0,0.7532501300051999,0.5598449940958613,0.6091564496201168,0.5464592014195575,0.4634667752757761,0.9308862433862432,0.8484885703196773,0.6416495610957907,0.8720576473703122,0.4733836203359277,0.9235105957616956
1.0,0.714638585543422,0.5545169531783863,0.5942226011929898,0.5167201982612544,0.4528287685653238,0.9855917667238426,0.8675650580449915,0.6397974050007272,0.8567207565440692,0.4723693616608308,0.9441663334666136
1.0,0.6747269890795632,0.5491181823676409,0.5762641388943088,0.4942301389364007,0.4401116763974749,0.9940968122786302,0.8802106618062482,0.6383929742536602,0.8479173697226766,0.4738947356477839,0.9889036732389828
1.0,0.5952938117524703,0.5453808994277015,0.5602439204639316,0.4924933511398727,0.4254012072483612,0.9008498583569408,0.8432515020953186,0.6364421955789051,0.8380701338026452,0.4729943344879925,0.9410910850368944
1.0,0.5400416016640668,0.5438778484411398,0.5508593757153609,0.507848513356878,0.4912210963724952,0.7697708795269764,0.8177834329817388,0.6348424967638343,0.8281991892295265,0.4707973868104359,0.8720535462279748
1.0,0.5507020280811233,0.5428802103011321,0.5496105192410633,0.4641803220352118,0.4716833369948124,0.7400684931506847,0.8122565082609101,0.632366615792089,0.8197960816036359,0.4693608604423616,0.8807306157009801
1.0,0.5392615704628186,0.540323059984137,0.5380991177902198,0.4577679246057245,0.4535984291252034,0.7599315068493153,0.8473094930459002,0.6295725948376033,0.8129610851598897,0.470822646039065,0.9051489859279868
1.0,0.5361414456578267,0.537074705788723,0.5275889359989406,0.4561647046505983,0.42096939510687625,0.7753919563735514,0.8508565505111791,0.6263073462234215,0.8063399522579734,0.4721994442533105,0.8755400882995275
1.0,0.4651586063442541,0.5315750915078409,0.5091535817738647,0.4001380820922555,0.3871630259516639,0.5736771600803752,0.8507877710035419,0.6234080267909482,0.7999686793311135,0.4720531977539174,0.8827285125446661
1.0,0.4635985439417579,0.5300351533925481,0.5053931926356354,0.39648361539059146,0.4178602470350439,0.4722036168787676,0.8269114562095613,0.6215703318834173,0.8015111805830423,0.469924789443708,0.8246489550555808
1.0,0.4307072282891318,0.5299361787639542,0.4999598803097113,0.4184016153671405,1.0,0.4176155391828535,0.781349945222035,0.6194077107808204,0.8036967074758,0.4681673948479828,0.7604008733094794
1.0,0.372334893395736,0.5319960380397649,0.4974652361776044,0.34727754744677225,0.44178737801977896,0.20663094440723345,0.7873239367425042,0.6184748187357493,0.8058705999399288,0.4693250781647776,0.7539330830405309
1.0,0.36882475299012,0.5388347555814316,0.5140216326110169,0.3407069467915524,0.3996061739357883,0.04406130268199257,0.7412465794477006,0.6170803849257877,0.7995944972513046,0.4666691534255252,0.701857522855802
1.0,0.4253770150806032,0.5480002641216294,0.5382369572234326,0.37525697222378895,0.3785628442974568,0.2122605363984672,0.7077460464065162,0.6166360436915799,0.7972095387618695,0.4627765548943085,0.6380773558054109
1.0,0.4704888195527824,0.5552533172298054,0.562973014332658,0.4075020375380897,1.0,0.345977011494253,0.7825339353177858,0.6157592781880411,0.7991810875698283,0.4748010222703321,0.7650742267890235
1.0,0.3770150806032244,0.5598092562889375,0.5714957759364889,0.28917239532906225,0.34669089212127746,0.020331950207469262,0.8242094041238227,0.614459884476536,0.8040844435193356,0.4779079526310375,0.8165166506763538
1.0,0.4547581903276133,0.5698512704571279,0.5955121514843268,0.3369925273909001,0.3753440343135396,0.020000000000000285,0.7772870414494788,0.612307777232625,0.7968081421047676,0.4723599441865202,0.7380127580726669
1.0,0.5598023920956842,0.5774370315322231,0.6096543905609209,0.4089959002891884,0.4137966931910506,0.20000000000000076,0.8638951800303613,0.6103433620985393,0.7873248220839476,0.4834134493804722,0.8538900403541797
0.0,0.5548621944877798,0.5797221687335857,0.6081582380664559,0.4484278164445825,1.0,0.1772727272727284,0.9279682042161836,0.6079614297611909,0.7734816714484606,0.490731668531457,0.9346230293984692
0.0,0.5882735309412379,0.5835588207003389,0.6185284332567997,0.5092985727801921,0.4000760335308909,0.147402597402598,0.9447012758598664,0.6053688256757218,0.7648478762207549,0.4897761837251736,0.9547936653726652
0.0,0.577093083723349,0.5877078289684853,0.6243776972012629,0.4947912447528116,0.4393897679492534,0.06830391404451379,0.9363249143940772,0.6026353756669619,0.7526159318390816,0.4890613983330037,0.9357403871595192
0.0,0.6294851794071764,0.5927821354449833,0.6371324384963749,0.5221724986878119,0.5284152420873492,0.21047794117646995,0.9758190902436268,0.600748398269712,0.7536943783170325,0.4921337423990893,0.9766032357527394
0.0,0.6246749869994804,0.596362008292891,0.6413637614962321,0.5146391127004186,0.5420390796215324,0.1737132352941191,0.9733528536126436,0.5989324207192391,0.7526641923843913,0.4902680518001351,0.9966251225318584
0.0,0.6073842953718152,0.6006540182552503,0.6549849728744329,0.487885559420909,0.5571898937917963,0.459558823529412,0.9248976904823901,0.5982053254493284,0.7580819883720237,0.4882654898504808,0.9306189609298424
0.0,0.6440457618304734,0.6030443143905991,0.6694384895344325,0.5220610665730048,0.5830617495638445,0.7187499999999997,0.9250254238537158,0.5967070694622661,0.7566493311472007,0.4868781149531856,0.9560495728889512
0.0,0.6521060842433699,0.6018863505382542,0.6777143801628213,0.5343240349345587,0.567514235331391,0.7150735294117652,0.9650698357643612,0.5947924766040783,0.7585371755065359,0.4900544623514469,0.9988166923400088
0.0,0.6686167446697872,0.6012199853252532,0.6891227003720835,0.5665048022612704,0.5651040880557481,0.8492647058823541,0.9543746223268104,0.591903131391578,0.7586077135498634,0.4891059718362055,1.0
0.0,0.6545761830473221,0.5986946606051461,0.6892288716236054,0.5381989452014857,0.5675100102609549,0.9227941176470584,0.9413359928076288,0.5895008130961633,0.7578024690066025,0.4876390195896406,0.9985228519195616
0.0,0.6843473738949559,0.5948296718034253,0.6818674309908644,0.5785578745587809,0.5769448823358635,0.9714847590953792,0.9345464728394636,0.5871218749074313,0.7562890261037697,0.4868455804419333,0.991483087215828
0.0,0.6692667706708271,0.5898865502350888,0.6645140779549343,0.5600318986417161,0.5551449205817343,0.6853490658800401,0.9371158787319022,0.5844189239264143,0.7504953678178349,0.4874986782581773,0.9961218179256542
0.0,0.6803172126885076,0.5873191292030499,0.6522501532085195,0.5814467736969893,0.5361630597996527,0.9668304668304656,0.9048926794039764,0.5823320119892199,0.7493946687618408,0.4841212309101892,0.9505720374204664
0.0,0.6641965678627149,0.5847759959163278,0.6366301665873306,0.5592690964543869,0.4688248791722937,0.7593984962406027,0.8977789131855226,0.5802603165038059,0.7466540632577293,0.4815710549027525,0.994210452396186
0.0,0.6387155486219451,0.582185980116609,0.6185390181477417,0.5664187961057945,0.4834247781468111,0.6353383458646616,0.8951898560051879,0.5786922317361837,0.7510884267073108,0.4819051081888043,0.9748865070839968
0.0,0.6821372854914199,0.5804882366245413,0.6076797288668491,0.5772627498867743,0.4863432467341597,0.6587395957193842,0.8826474215053868,0.575891757221847,0.747841196842145,0.4837169681895224,0.961377125787002
1.0,0.6830473218928759,0.5778797822707872,0.5956420239244187,0.5259262296880447,0.4785663067723244,0.6611177170035677,0.911721501947934,0.5740883060445411,0.7528413222537615,0.4850199843822594,0.9800534730008392
1.0,0.6955278211128448,0.5764345829355123,0.593574278567981,0.4925955324988046,0.5202102031609446,0.7384066587395971,0.9089555831765326,0.5720801182921559,0.7497857730064388,0.4835918290475364,0.9956640399769368
1.0,0.6617264690587628,0.5743519038570896,0.5939094982064269,0.4972479137118305,0.5175424660524439,0.6117318435754194,0.8942367685422182,0.5705548912907318,0.7463000865768905,0.4855106078307891,0.9955577182682952
1.0,0.6492459698387935,0.5741843500880114,0.6067684909485994,0.5311844977140747,0.5075872081655506,0.5372439478584723,0.8828881497821163,0.5674009982159626,0.7295015138708683,0.4843186377721237,0.9811441937913812
1.0,0.6333853354134165,0.5746332971179279,0.6231775191095749,0.5025367770215893,0.4940583057848789,0.5400372439478579,0.9008936423170832,0.5639516852169942,0.7129343145249409,0.4882226961845123,0.9607213094445392
1.0,0.5835933437337495,0.5743052198655539,0.6291661214457634,0.4687611526072708,0.4720710488004636,0.2579143389199243,0.8849367965453036,0.5601101859678933,0.6938819909911162,0.4866630908604183,0.9244681905139364
1.0,0.6384555382215293,0.5772249384891327,0.6433191402749849,0.5134637979374721,0.5190653804629247,0.4301675977653643,0.8629224412794954,0.5571352463075813,0.6829456103823737,0.4846558086731506,0.8687404816116046
1.0,0.5855434217368697,0.5787395314541056,0.6573601628913757,0.4812733005415629,0.4815159473513159,0.38547486033519496,0.8922519884646939,0.5567533196671631,0.6868228563174112,0.486297977974187,0.8967252565593615
1.0,0.5718928757150287,0.5821952491251668,0.6966315586175794,0.5162877986235046,0.4695873816471135,0.38268156424580935,0.8415565785142642,0.5572509203504245,0.6985955488228628,0.4726424274145486,0.8973616261803925
0.0,0.6181747269890796,0.584734807383425,0.7291527619787963,0.5827721781935835,0.5158340530453879,0.7960893854748602,0.8259288918147473,0.5582998350081542,0.7112400925019748,0.4732639696935344,0.8892936297206557
0.0,0.6183047321892875,0.5830995849088635,0.7411478822851106,0.5540960004132891,0.4442148737872991,0.7960893854748602,0.8388152238527332,0.5573012600443584,0.7157194596031934,0.4717192042799716,0.9080701908377404
1.0,0.6333853354134168,0.5799590689213064,0.7365551978535553,0.5775916791339331,0.4366335463707922,0.73463687150838,0.8433350200688776,0.5555908297939037,0.7183613744252636,0.4686057468791319,0.9139364947005773
0.0,0.6769370774830995,0.5770536517222572,0.7301508903319727,0.5875228531393136,0.0,0.7523277467411544,0.8589676195903688,0.5540293719126116,0.7164942903143354,0.46749005351069206,0.9295750952725784
0.0,0.6991679667186687,0.5744625826515705,0.7285061423124572,0.6259953843373876,0.4487393261893441,0.9273743016759776,0.8535340384870473,0.5522539837729948,0.7135965976092826,0.4701820901743598,0.9279731993299836
0.0,0.6549661986479461,0.5705893260989837,0.7153147818646192,0.6116653882214136,0.4626761661254368,0.8307522123893802,0.8648482674933307,0.5502184326928682,0.7079062231738403,0.4682751717892146,0.9392084147081842
0.0,0.6584763390535622,0.5690844904517854,0.709787167879516,0.6170118056199102,0.4402921055550851,0.6371681415929199,0.8537305513660102,0.5479846114305321,0.7040377258259768,0.4674733232147321,0.9054296226401294
0.0,0.6297451898075925,0.5691141266028893,0.7091511344135079,0.5705786788927434,0.4372253483276409,0.6426991150442486,0.829195918427504,0.5454538705481912,0.6998913650455216,0.4681793652596238,0.8704731810435
0.0,0.5881435257410297,0.5701661445167318,0.7271532091000981,0.5645987539226542,0.4323454764037505,0.5796460176991134,0.8461058516622533,0.5431577586916084,0.7036678215055743,0.4672552146124303,0.8743352863297567
0.0,0.5916536661466459,0.5715061841077947,0.7492909999650215,0.5690951912449477,0.4978629278685023,0.6869469026548656,0.8499820681997946,0.5399730993196817,0.7034273981805028,0.4682252637257798,0.8661795147498776
1.0,0.5330213208528344,0.5713664469537899,0.7642176437046254,0.5306306710786348,0.4798921053193059,0.3219026548672565,0.878741728036001,0.5378197613190446,0.7041126970032261,0.4694944686934488,0.8792141200909934
1.0,0.5276911076443057,0.5731480029478339,0.7793123299457391,0.5803626646517457,1.0,0.2968344577062779,0.8559167571444712,0.5351347188845751,0.6952602496360959,0.4690308891542137,0.8614030852954729
1.0,0.5422516900676028,0.5745916266890855,0.790632656115289,0.6058634751264945,0.4738415373146453,0.2607361963190166,0.8746788242634451,0.5341358199551872,0.6972530988235062,0.4724702473691523,0.8593939128786222
1.0,0.5577223088923557,0.5756241320374212,0.8013868588624642,0.5721629042743127,0.4574252379172616,0.2731277533039633,0.8384369365607298,0.5328235925220978,0.6996493974038079,0.4690643731974338,0.8392558721670305
1.0,0.5825533021320856,0.5753400299438863,0.804861976354384,0.5570944629286076,0.4926155398173244,0.2907488986784153,0.8261204918717359,0.5322847279831157,0.7089182699056487,0.4709716022217855,0.8265337325150584
1.0,0.6558762350494021,0.5747280471438102,0.8107241839775934,0.5989721004980681,0.4631908428258441,0.4284140969163006,0.8286505951883818,0.5294882859429048,0.7026743998801088,0.4714963047122947,0.8243007801110787
1.0,0.6821372854914199,0.5741756639526606,0.8169163746052238,0.5808363737775047,0.4681718458040926,0.5994525547445245,0.9006971294381205,0.5268631048057729,0.6965833229282008,0.4807789072649502,0.8744284281864018
1.0,0.6233749349974,0.5736256948691286,0.8272471212426611,0.5603144072090693,0.4469962558214819,0.3832116788321155,0.9056836437418018,0.5244004774871046,0.6894930344252231,0.481037549313603,0.8941223662542754
0.0,0.7002080083203329,0.574341352871354,0.8355858957988522,0.6063740456752835,0.45977426568962393,0.710766423357663,0.8872703869829867,0.5239873459022558,0.6980410608150759,0.4817204265110345,0.8774015116328168
0.0,0.7611804472178887,0.5695506292055726,0.8247653303951815,0.6232207934494903,0.4659423513848349,0.8282747603833863,0.944106824401004,0.5239506836661955,0.7100607016030093,0.49089627163621397,0.9813086742952049
0.0,0.8459438377535102,0.5639179400733486,0.8089645247183112,0.6496833050834374,0.4343981445091475,0.9275940706955526,0.922367587165744,0.5230443117827225,0.7185286825870841,0.4898404237816622,0.972265619502034
0.0,0.8588143525741032,0.5582357915083366,0.7985408657159947,0.6580462686804762,0.5149678740011894,0.934224049331963,0.9441903423745632,0.5215671779390866,0.7267844694158893,0.4899301697112429,0.9992821855339272
0.0,0.826183047321893,0.5536608427897954,0.7983554806843953,0.6742013460822133,0.4779389461605652,0.8521697663328553,0.931903374617414,0.5193985034786349,0.7342106640550623,0.4923421245016845,0.9898674040984188
0.0,0.7971918876755072,0.5505254745343647,0.8029330865157616,0.6563678680041396,0.5127501631685121,0.7014783023366705,0.9333330058118684,0.5173031449794004,0.7397460148165832,0.4924527466852587,0.9945259873785716
0.0,0.7983619344773794,0.5491390100196499,0.8072442783213857,0.6580651433598517,0.5205870205929157,0.7095851216022888,0.92000943261819,0.5153390999759823,0.7483995099178096,0.4910092137639255,0.9927246904007944
1.0,0.4166344294003869,0.8087243570003295,0.6672655149681949,0.4345857103295884,1.0,0.5473311092577157,0.5311792246584358,0.9876416516802424,0.3621795260509752,0.5148829710661211,0.8304071745702466
1.0,0.3589941972920697,0.8068724358002888,0.670879870300515,0.426253306881688,0.5040936275843162,0.22414512093411185,0.5503146662474392,0.9869499786981384,0.3734012125176319,0.512543642142056,0.8441504231124378
1.0,0.3845261121856868,0.8066279736070621,0.6908315368404571,0.4535215690239678,0.4795256239697874,0.08941963770624275,0.5056325503932712,0.9871529967170954,0.3794693767671601,0.5132126448304439,0.7967542406112043
1.0,0.4796905222437139,0.8069498395785841,0.6873480562952359,0.4938051701547436,0.4225802625102173,0.3841775754126363,0.4443696603766172,0.98907596165884,0.3873330370821911,0.5125066462338401,0.7553474075666925
1.0,0.4591876208897484,0.8057334467377733,0.6675215286978794,0.5233337863001057,0.4490195551795119,0.5021257880076238,0.4523529960844807,0.9914210967093784,0.3924143193425438,0.5129254659326258,0.8019024248327156
1.0,0.4684719535783365,0.8055489625013708,0.6380428244380263,0.531520801146938,0.4035368040580827,0.4159947221814988,0.4652982819861557,0.9922003182759694,0.4032666755754648,0.5137651400301384,0.8346952199046259
0.0,0.6282398452611219,0.8056057601031803,0.6111459951661099,0.6549374749825614,0.4667186903904333,0.9220284626177592,0.4500587082225904,0.9924233138150031,0.4118320321707691,0.5127758354825722,0.8094539382976842
0.0,0.6348162475822051,0.7997961753674114,0.5695705197037778,0.6597440647702513,0.5028743444302078,0.9112294488677491,0.4829353128730672,0.9919582176922468,0.4167895854843183,0.5149566290052425,0.8754822469863516
0.0,0.6011605415860735,0.7949024750308629,0.5395366584166457,0.6813934867888218,0.500920072534259,0.8117050977148171,0.4838097951844516,0.9911112013477468,0.4144578965020765,0.5150564339747568,0.8669061563175934
0.0,0.6433268858800774,0.7938128791017427,0.5443595760282859,0.6866445065594479,0.4876947027924199,0.8892565401716471,0.452490555099755,0.988750172991494,0.404933441998414,0.5130030892648807,0.819282289993296
0.0,0.5384912959381045,0.790540813064722,0.5266480974365716,0.5983844110998853,0.0,0.7876387500320443,0.5130951269718839,0.9856792075852584,0.3896700366259367,0.5136055825052577,0.8716622183993827
0.0,0.5740812379110252,0.7897275737168612,0.5317674054436823,0.5899932707176512,0.4774697422543489,0.8799251454792486,0.5378704881871192,0.9824611923581102,0.3763916882470584,0.5154508427490749,0.8637185827946923
0.0,0.5938104448742749,0.7852864546911079,0.5167672893356297,0.5635201462205118,0.5170020121667123,0.9986273164035692,0.5695483642759236,0.97969458939292,0.3588682834100462,0.5139864191718035,0.901887245911178
0.0,0.5450676982591878,0.7790787834624244,0.5286838584782255,0.5696209889831035,0.4780797629810806,0.8911374738311243,0.5868316719807025,0.977193783229672,0.3452527061900388,0.5115209181071798,0.9127654730131424
0.0,0.5524177949709865,0.7751372927086957,0.5400623473666724,0.5759661721204238,0.4720612147859328,0.8520586182833224,0.6078929397835411,0.9746587407276592,0.32993605369337065,0.50934756105238,0.9151435040540368
0.0,0.5485493230174083,0.7704126395669406,0.5607904309065415,0.5681094814564129,0.4498003664162099,0.914402173913044,0.5998359117460662,0.9725064470425164,0.3221658506259182,0.5088450487599274,0.9034177871662216
1.0,0.5620889748549323,0.7662397502234126,0.5683493562517088,0.5783928206765692,0.4529155353999499,0.9157458563535912,0.6087084682312371,0.9708578865232956,0.3144224056694737,0.5094554826554583,0.9169712991891928
1.0,0.5218568665377177,0.7593837223813307,0.5580614537147219,0.5245559785125999,0.5158352555675325,0.9760900140646984,0.6253629347233342,0.9702160610409002,0.31476821409745226,0.5069432320140335,0.9282100256776756
1.0,0.5307543520309477,0.7527444446009319,0.5362613675047344,0.5339122044383113,0.580992780349773,0.7834036568213785,0.5969127826714942,0.9693507330539624,0.3168613912744665,0.5084008223467535,0.9249212593445236
1.0,0.5222437137330754,0.7474672983645148,0.5223233059901438,0.5223477443399104,0.5312787295693954,0.8495077355836849,0.5687082717183576,0.9690483998167128,0.32602733340460466,0.5066086913008683,0.8860189483537194
1.0,0.4731141199226307,0.7411840449705389,0.5123908512938264,0.5290985196317556,0.0,0.7707454289732777,0.5657409272460192,0.9690940883700292,0.336038378724192,0.5063489951588641,0.8890673817625254
1.0,0.5284332688588009,0.7347211326538681,0.5068018730382283,0.5198523586718998,0.5934419493150145,0.8059071729957812,0.5337977587706151,0.9700380548412048,0.35215867733349804,0.5075721826914087,0.8864047459428004
1.0,0.5094777562862669,0.7250657185241741,0.4741920292239276,0.5082785080332254,0.5067241627193977,0.9898785425101206,0.5113314238831926,0.970740792172978,0.36445026697735294,0.5095618681094003,0.8842607232756113
1.0,0.4696324951644101,0.7199043961837209,0.4631959771355989,0.4806521179684518,0.0,0.8236914600550963,0.45327660661560604,0.970060217039902,0.3749874147659956,0.5057007176331587,0.8076957132195756
1.0,0.4046421663442943,0.7196785519529956,0.4640102912429074,0.4202606160476388,0.5046928161468766,0.9366391184573012,0.4128833843448017,0.9684221422996876,0.3777485466042,0.5029376121693906,0.7492884880529241
1.0,0.3415860735009673,0.7207066949867647,0.4742529322666636,0.4218855944147264,0.4551405719892859,0.7116402116402127,0.4532864322595544,0.9668619232443736,0.3846287879200714,0.5021764514155406,0.7851929620400468
1.0,0.2522243713733077,0.7226717897263673,0.481080607906467,0.39677857812296996,0.4683465279733732,0.19906687402799397,0.4524266884140921,0.9645147687752814,0.3873269826594175,0.5021516106144432,0.7754721277053265
1.0,0.1845261121856868,0.7271656774136204,0.507224121892749,0.3987199211031073,0.4647198778693241,0.1384136858475895,0.4271305680696046,0.9628605460350124,0.3882732201694742,0.5004669965841297,0.717760603109149
1.0,0.190715667311412,0.7324190607295638,0.5358351230918871,0.3561223081108308,0.4054222553525281,0.15396578538102676,0.4209600636701728,0.9613112008853664,0.39119284977665736,0.5037060294739792,0.7146362750926548
1.0,0.1690522243713732,0.7365064231482563,0.5738355334166643,0.38015728887146977,0.4423384426638896,0.07776049766718507,0.43874447921630655,0.9619311675875594,0.3966739674851598,0.5013285643609326,0.7234969705402429
1.0,0.23984526112185695,0.7436256855109691,0.637985494295694,0.4256017222134454,0.4515294570228233,0.3719135802469139,0.3797070975539063,0.9633993786810128,0.4084151771167557,0.5006057226116603,0.6911848413170246
1.0,0.18104448742746612,0.7455756261182538,0.6744876963193978,0.4353870845610292,0.4407221212374467,0.3082287308228731,0.4319107438503751,0.9653300910017903,0.4080867863527631,0.504275380062184,0.7922068887005578
1.0,0.22011605415860724,0.7482164971248646,0.7024661527131179,0.4762491467311389,0.4715217868978618,0.2705128205128203,0.4375899660523999,0.9643234699445472,0.402815381627606,0.5009851539342995,0.7940916047914793
1.0,0.24603481624758244,0.7466788283719139,0.680562600606137,0.4458458445814857,0.4248570262349495,0.31794871794871826,0.443603260148662,0.962730388383318,0.3869161991400325,0.5015301084831307,0.7675980621576837
1.0,0.34081237911025153,0.7459698289866421,0.6764223999456361,0.5257363476289647,0.4890409170952101,0.2576923076923082,0.4484030872173288,0.9613664079880012,0.3770619899170157,0.5018177252033916,0.7894746828237855
1.0,0.3473887814313345,0.7439842158631154,0.6645101738266259,0.5303547265715178,0.5290686419380393,0.29395973154362376,0.4120531174311836,0.9613035843758531,0.3720499153218565,0.499273827058871,0.7411740895809354
0.0,0.4054158607350098,0.7439009885901857,0.6904534089907249,0.5702541582408873,0.5670926460763297,0.233557046979866,0.3589504247134596,0.9615754470569025,0.37630658053835264,0.4990887999761262,0.6836017050988525
0.0,0.4657640232108319,0.7443579131181015,0.7054445999177732,0.5629638942635337,0.5266066631380472,0.4147651006711413,0.35075583766071045,0.9618387430049076,0.3885249483840766,0.4984410563459755,0.6917224281214819
0.0,0.3934235976789169,0.7439990647291541,0.7235804058065007,0.5629305469051266,0.5549146447851058,0.20000000000000015,0.4310510000049128,0.960952912408882,0.3875160275762154,0.5006741365747782,0.78372566629141
0.0,0.4112185686653773,0.7464465253240777,0.7354751983898851,0.5765694344563518,0.5824635096375883,0.2926174496644294,0.3879360743604733,0.959195334772932,0.3904611944737912,0.4976068870458527,0.703271057591358
0.0,0.4862669245647969,0.7468007559129126,0.7240934825208519,0.5827925847304484,0.5346095260761827,0.3879194630872482,0.4166171290450947,0.9584117257232364,0.3915656023990453,0.4997635782440013,0.7464930366697448
1.0,0.4622823984526113,0.7442566577705094,0.7051375871391435,0.5679082215104957,0.5342794934881114,0.2869565217391305,0.4432593626104773,0.9562938009423021,0.3875846382453305,0.5017454542195628,0.7880516589296331
1.0,0.4777562862669246,0.7450926692685471,0.7122008018046662,0.5790944995075684,0.5207033510232498,0.2434782608695652,0.4178698986484827,0.9547959752442524,0.3774541518007805,0.5000831073054021,0.6948467561379766
1.0,0.4642166344294004,0.7479273393520975,0.7523071715288405,0.5707088954508481,0.5534662693090158,0.2704402515723269,0.3830527293182477,0.9532170298998658,0.36851322341166304,0.5010190817910601,0.6829882236867073
0.0,0.5245647969052225,0.7545325995325192,0.8178765691991563,0.6262215496508591,0.533527806657881,0.4895178197064985,0.3597708659831293,0.9529907812369104,0.3683145086830443,0.4992774808311167,0.6438772025247608
0.0,0.5334622823984525,0.7574443684977972,0.8611810595829191,0.6330429474988268,0.5321987830644594,0.5859538784067082,0.4663791028204515,0.9509140321037376,0.3464858100533881,0.5037960633249753,0.7612545378650849
0.0,0.5686653771760155,0.7590534325662823,0.9166148175813952,0.6252524203391733,0.4861857921085596,0.6802935010482174,0.5441982028897221,0.9470343526872936,0.3177468128792437,0.5061223663419754,0.8290853434863454
0.0,0.5818181818181818,0.7569921221664768,0.9466572131702912,0.6358379871669996,0.4697434096405803,0.8228511530398318,0.6046799542124988,0.9444074546103428,0.3001618919029612,0.5071631458824287,0.8599997470179741
0.0,0.6092843326885882,0.7515443016714414,0.95587563070184,0.6529669872944714,0.5006370872371992,0.8165618448637316,0.6414671651543363,0.9418736226241744,0.2984834553561692,0.5096290182918909,0.9396258395840976
0.0,0.6205029013539654,0.7432307787998199,0.9338153798771074,0.6138935196866986,0.5529766998583262,0.8238993710691824,0.6668517162943568,0.9400609093420206,0.2980259127217736,0.5078923994323954,0.9493466739188179
0.0,0.6665377176015475,0.7331789660377372,0.9019121461131636,0.5922841954859319,0.0,0.8322851153039831,0.6847638652118164,0.9364350814792431,0.28877520694555936,0.5055599611372485,0.9612368291232908
0.0,0.779497098646035,0.7224185432106314,0.8728680451936275,0.6461568331980058,0.5521641658751246,0.970649895178197,0.697645284427828,0.9351317517826676,0.2930966837163511,0.5066448251719465,0.9546592964569866
0.0,0.7230174081237912,0.7088831443928192,0.8304972483989868,0.6542734969215798,0.5396347653551381,0.9692144373673036,0.6878294661236356,0.9337452681902416,0.2965901801847713,0.5053140389756553,0.9959522875899663
0.0,0.6870406189555125,0.6986591975030987,0.7997754113580536,0.6577914855982978,0.6374509920482194,0.9921348314606742,0.6603225758908171,0.9350167108339285,0.3139360947397508,0.5036208800367877,0.9997795650082829
0.0,0.5644100580270794,0.6870931901453208,0.7558258678194394,0.6298794360615042,0.5057520279852127,0.8768545994065284,0.5869102771322876,0.9354718102280264,0.32500500200086635,0.5013951488867169,0.9912634591795008
1.0,0.6046421663442939,0.6804940121011518,0.7380397053137981,0.618614421761795,0.5331857134370314,0.9302670623145404,0.536509636500302,0.9373300988130708,0.34705579239372264,0.5013918885059963,0.9434510017718409
1.0,0.5377176015473887,0.6700758884228064,0.6792838448022651,0.5737332568820175,0.4918465289696153,0.7646017699115046,0.5326530712506568,0.9370246681956051,0.3565692909434077,0.5009365210650623,0.9655308709281716
1.0,0.5996131528046421,0.664899939188798,0.6625340723950495,0.6219901124631861,0.0,0.7704918032786885,0.5155220610270743,0.9366922236420588,0.3654942787406419,0.499796427246016,0.9324246967425374
1.0,0.581818181818182,0.6598927314369376,0.6373960591244938,0.5922370358478836,0.4895826604459786,0.8261678917039658,0.4989609381524839,0.9359763605487288,0.3734863103689071,0.498415714317061,0.9340261687338146
1.0,0.5744680851063829,0.6557207643917959,0.6555358082415133,0.5802225764401423,0.5217935101086236,0.8576492971434047,0.5186760927344278,0.9357428391031648,0.3866110019252715,0.4998391081544306,0.9707509881422924
1.0,0.532688588007737,0.6521448013216546,0.681314272700118,0.5524865068204041,0.5595585127027071,0.6892922158803162,0.5149767377879527,0.9340188706907578,0.39553106561189255,0.4995213256266453,0.9729726046067869
1.0,0.4239845261121857,0.6497631376609003,0.6934018614305185,0.4888294815972485,0.5087655402551166,0.6126418374190722,0.5024490417540739,0.9321529911506172,0.3872077037111601,0.4987492390006775,0.9350415701240284
1.0,0.418568665377176,0.6475229456743326,0.6904788507239964,0.4848457218464505,0.5292639753178621,0.5099850805513351,0.4930508133176781,0.9298013559256284,0.3739888721154549,0.5017541759005794,0.9271091726863842
1.0,0.4615087040618958,0.6442056069699864,0.6581390357317335,0.5198647326311839,0.5238760940310422,0.4388097291230379,0.4816628919817834,0.9279504971339428,0.3645651399549629,0.5010143511587705,0.896558538912362
1.0,0.4870406189555124,0.6413285443812784,0.6352167194843932,0.4922763293113611,0.6053483013290176,0.5113538373095713,0.4685309188450938,0.9261869453189668,0.36740090468244346,0.5000941059445545,0.8739948207714321
1.0,0.5442940038684719,0.638608509626305,0.6106684592335558,0.4888647568185421,0.6088133713313546,0.6057980536278901,0.4772413522051203,0.9260399855803804,0.3757866225939719,0.5007457102499254,0.8898528008722911
1.0,0.5504835589941971,0.6322628671155808,0.5620215517470791,0.49312906852772703,0.0,0.6089309878213802,0.4554087713523525,0.9254973054089398,0.3817339675961916,0.4989215272272374,0.8972127572577342
1.0,0.653384912959381,0.6262163319926712,0.5214353923845105,0.5243632571835666,0.561088497938046,0.7740181268882178,0.4562390382659701,0.924363090670345,0.3862672060490453,0.4990391361698044,0.8832288401253916
1.0,0.6270793036750484,0.6180244210635621,0.4845604669813672,0.5106684248203011,0.6316946054011973,0.9299270072992696,0.4767107674319208,0.9215762221590416,0.3818780150436272,0.4968995783637091,0.8957339512062151
1.0,0.5775628626692456,0.6121499333883644,0.4622528833823513,0.5078105375477924,0.5179223250057816,0.971563981042654,0.4399088180241612,0.91755547719035,0.3691193338551194,0.494294936807014,0.8237767479896415
1.0,0.5493230174081238,0.6061868952327754,0.4353698092898215,0.491988381515144,0.5367793631218555,0.8386023294509153,0.4668949491277285,0.9146545019112768,0.3599232351567643,0.4965109093646173,0.8063172958975059
1.0,0.5013539651837524,0.6015138609175299,0.4027904158383888,0.4603080726506533,0.5330273513238825,0.5821138211382112,0.4341264265606808,0.9119164689769054,0.3511248794963626,0.4977064140426675,0.7724955703966201
1.0,0.4959381044487428,0.6009335555056079,0.3959602562039943,0.4527979511012685,0.5378091115872948,0.6390243902439026,0.4052095564213037,0.9114361780229088,0.35274846280466376,0.4955580909391003,0.7157012402889464
1.0,0.5032882011605417,0.6004835421480865,0.39426942862507297,0.4594084139508981,0.5186017458654782,0.7414634146341469,0.4318026617669458,0.9107393515047414,0.3553603632656702,0.4976111889231361,0.7698855117895598
1.0,0.4916827852998066,0.5987567013836042,0.3973225586449198,0.4455066062806792,0.5262620224457006,0.7821138211382119,0.4356051859748761,0.9102988049869072,0.3592588724181224,0.4942056180849842,0.7705601744582253
1.0,0.4352030947775628,0.594841977892093,0.3843213524807261,0.4483241679184852,0.5360490254318439,0.6715447154471551,0.4463151378783485,0.908903113079778,0.3612660757289139,0.495055708665746,0.7862545999727406
1.0,0.4622823984526113,0.5941979309561889,0.39135193825972,0.4695477822958709,0.5050528347710326,0.635772357723578,0.42813278375231534,0.9074406262830316,0.35586270321800817,0.493732891900545,0.7458566171459724
1.0,0.30135396518375235,0.5916111920621612,0.3765765529985127,0.3909782366333293,0.5323143453296079,0.34146341463414664,0.41698067787117626,0.9057930563054508,0.3534458735130903,0.4928933601922876,0.7262709554313753
1.0,0.3698259187620889,0.5945866696418967,0.3905776998219226,0.39510775666450143,0.5876927414491228,0.4601626016260161,0.3672678323155599,0.9055891792337708,0.3606139574011201,0.4889760012919554,0.6456930625596289
1.0,0.39226305609284334,0.5917290563490296,0.37389572738008064,0.3617154770154328,0.5980703087166553,0.5284552845528456,0.34912969358729345,0.9063606378840322,0.37549479970289423,0.4874189107602656,0.652139839171323
1.0,0.4441005802707931,0.5879258130968261,0.3507909005546012,0.39848997435241656,0.0,0.5040650406504068,0.3698224997420768,0.9066304708019668,0.3883580718522817,0.4890780969859064,0.6974717186861114
0.0,0.5667311411992262,0.5857935770603331,0.3437920151788493,0.4437170476656099,0.5927891923209445,0.8699186991869923,0.3828709549052072,0.9064287662884244,0.3960462277605389,0.4901725350199325,0.6871064467766117
0.0,0.476982591876209,0.5794945612598768,0.31828377768218297,0.4205532540822424,0.6000180416882556,0.795302013422819,0.3947894610143015,0.9053514404157508,0.3998284357510196,0.4910812658404163,0.7261823633637726
1.0,0.4085106382978724,0.5760464451348937,0.3151944328882391,0.4248553044626893,0.5537249425037546,0.5218120805369126,0.4044235049054528,0.9060787799640077,0.4133184878613197,0.4918691358917499,0.7250715551315251
1.0,0.37872340425531936,0.5746463256092034,0.3027522483520125,0.4515317937416776,0.6068819416118397,0.5000000000000006,0.3364202231403741,0.9049158173175316,0.4130649161615235,0.4900435248345068,0.6704988414883466
1.0,0.32998065764023243,0.5744257121625389,0.29540883830980924,0.4622577704271378,0.582364828820688,0.36744966442953103,0.3372357515880697,0.9034348682909399,0.40675962231656415,0.4901602220311472,0.6293716777974646
1.0,0.2823984526112187,0.5762079780320215,0.2977723981889848,0.4787161955723465,0.5772567963571804,0.33892617449664475,0.3398493728782748,0.9005173007551112,0.3877162440934221,0.4904190912082492,0.5978601608286764
1.0,0.18607350096711808,0.5779231587447944,0.30653663910249684,0.441578424996529,1.0,0.06375838926174539,0.34695331345278024,0.8983390407237725,0.3726386234005065,0.4910216439569127,0.5922516014719909
1.0,0.19264990328820106,0.5824307689124018,0.3351965202494673,0.4481870316050842,0.5563402942084789,0.048657718120805216,0.2880338395177576,0.8957194725996119,0.3595310076933221,0.485997611681476,0.4893757666621237
1.0,0.24603481624758214,0.5873511821739206,0.36071938932514425,0.4380075286731359,1.0,0.22651006711409416,0.35776643461770874,0.8937169562977799,0.3508677961665204,0.4883419647744216,0.5352119394848028
1.0,0.204642166344294,0.5905751191909168,0.39355860679244,0.4550457365761616,0.5259900095588291,0.15470494417862812,0.39991353433325627,0.8926098722607155,0.34684411592682873,0.4882717955050132,0.5830039525691697
1.0,0.18413926499032876,0.5959725826947511,0.4368704968681579,0.4866804696756577,0.5447596911763201,0.05666666666666606,0.3748434037995766,0.8918551246853271,0.3439907260814954,0.4898046215588602,0.5665121984462314
1.0,0.18684719535783387,0.6017950625123485,0.4787427113455109,0.4897436587178062,0.5178436553203813,0.13301282051282035,0.40884995750408987,0.892050932982858,0.3437175060483174,0.4890434472504544,0.5830039525691697
1.0,0.21199226305609276,0.6069873365847023,0.5026245242188677,0.45726150913381,0.5639847321768781,0.20352564102564052,0.4045905408525709,0.891926214419753,0.3427521084554899,0.4886106842799303,0.5960610603789012
1.0,0.232882011605416,0.6105038313752342,0.5082145949338503,0.471996237260297,0.4964743577710176,0.2570621468926555,0.4020800888238212,0.8909334954581068,0.3382157670740238,0.4883593711304875,0.6032233883058469
0.0,0.2874274661508707,0.6133397566783594,0.5115033281255699,0.4695141382117026,0.5291504362088744,0.3672316384180794,0.4832251693695376,0.8895453175368554,0.3332464962924723,0.4916168436641348,0.6569578846940167
1.0,0.2533849129593812,0.6146263660424179,0.5030513561533637,0.4289964545027965,0.4543275241191765,0.23728813559322035,0.4999484153692722,0.8883536832734008,0.33231799897769176,0.4929977140936515,0.6864794875289626
0.0,0.3381044487427467,0.6188791255036217,0.5214619520570715,0.5027739650990728,0.4999285796711424,0.5692090395480229,0.4411075465858345,0.8893645003090763,0.3435061935299686,0.4917603536412383,0.6324860297124166
0.0,0.3001934235976788,0.617861010506217,0.5142843613551081,0.4496626003539035,0.4900728613755135,0.4223163841807903,0.4898820431444025,0.8914295082385079,0.3614352991774944,0.4957421028872048,0.7220253509608829
0.0,0.30058027079303684,0.6180163011506921,0.5243708011270889,0.4497446950463815,0.4786567999244671,0.3997175141242936,0.5025915135913219,0.8942960785249082,0.3834847735356708,0.4966009290630462,0.7729317159602013
0.0,0.2820116054158607,0.6189986103321969,0.520814289667197,0.413673317110589,1.0,0.18926553672316335,0.4467916816098335,0.8966973874118301,0.4068567695459243,0.4953938353540792,0.7651219844623138
0.0,0.2355899419729208,0.6230657191188753,0.546793714057646,0.37574834659082107,0.4718807891323156,0.059322033898305336,0.4109329940210957,0.8965438401631062,0.4069541651642597,0.4962025600480349,0.7290786424969333
0.0,0.3218568665377176,0.6307186212723492,0.5910969960374333,0.4457530754314392,0.5000377715170787,0.16947702219761324,0.40951318847058976,0.8940435126043457,0.39444065881291934,0.4962746411609034,0.6697969197219574
0.0,0.3388781431334622,0.6345188221893818,0.6232397600880546,0.4263839079825315,0.4321492203664341,0.18529810298102992,0.5181012925634612,0.8919397844212121,0.3807171752540132,0.5015629693907931,0.8031688701103988
0.0,0.3698259187620889,0.6398581581754468,0.6584549129499926,0.4254103666738145,0.5199452592768871,0.08351648351648258,0.5048661501653164,0.8896648144313529,0.37497712822563145,0.5003373698253408,0.8038639771023577
0.0,0.35280464216634416,0.6445562888904863,0.697428563303241,0.4009406997543535,0.5379936195631104,0.18681318681318568,0.5479515988779113,0.8880566927503578,0.3748029323347437,0.5002594016372464,0.8229112716369085
0.0,0.3891682785299807,0.6485570184477081,0.7374732601624907,0.4582605190499781,0.5280594869782821,0.3545232273838635,0.5546772521604135,0.8836237221187632,0.3567433626637009,0.5007744815840817,0.8379378492571894
0.0,0.4382978723404257,0.6492845143258477,0.7563979641582615,0.5009281659651205,0.5637673475285739,0.5623471882640593,0.6672545676962303,0.8797216716046318,0.34474248278668784,0.5064833377915228,0.9201921766389528
0.0,0.4355899419729209,0.6463697179209045,0.7414544982652687,0.4970358465563585,0.5403384273398752,0.4987775061124706,0.7110622012390136,0.8773377306278106,0.3425806748666941,0.5064066789933458,0.9612034891645084
0.0,0.4789168278529982,0.6445048292556417,0.7301517474208836,0.5615262357222199,0.5359779100008533,0.42615012106537625,0.6431227861595981,0.877247404222797,0.3549358913434193,0.5039626807944729,0.9405002044432328
0.0,0.5001934235976788,0.6415928245773364,0.7155953645083314,0.6136310932357995,0.5836654142807878,0.6731517509727627,0.6293423205223312,0.8766975589510021,0.3623514243119814,0.5064800147900976,0.9341420198991413
0.0,0.5636363636363639,0.6373625652503472,0.7062668387052897,0.6441671065034208,0.5426645871880224,0.7274368231046935,0.6802637202835677,0.873022022205694,0.3492957760794213,0.506964638676507,0.96579721219647
0.0,0.6243713733075436,0.6323584686001162,0.6916215658251808,0.6813674831196442,0.0,0.8385185185185179,0.6935086883256611,0.8711559048070182,0.3464067801342846,0.5082500835766249,0.9491768269801526
0.0,0.6000000000000001,0.6279109317882503,0.6759656360280863,0.6707757222113213,0.565683941276596,0.8268974700399471,0.6355865172513743,0.8690790634239348,0.34214538878439915,0.5027965071434312,0.9503162376251136
0.0,0.5733075435203094,0.6245807024367396,0.6657164465424794,0.5998575459844665,0.5276533606409257,0.8405405405405405,0.6726046308259926,0.8691438451284822,0.3472105395906557,0.5021298460171558,0.952861148826134
0.0,0.5578336557059962,0.6210475352818852,0.6598223689939313,0.5883871671499805,0.4775924572930661,0.8887122416534177,0.6611577556264089,0.8695624672711685,0.3601487758770009,0.5008393620194007,0.9746873443544588
0.0,0.5384912959381045,0.6192664648942616,0.6748681642785472,0.59976939975756,0.0,0.8823529411764703,0.5877700209777498,0.8683161195520642,0.3617194359805965,0.4981327674460186,0.993018928636383
1.0,0.4878143133462285,0.615790790278339,0.6767277886113536,0.5149148163287548,0.44462186898917416,0.907790143084261,0.6339014193142679,0.86873503670035,0.3761015385639472,0.5021791785519819,0.9606444107589802
0.0,0.55357833655706,0.61237196346553,0.6781859055127778,0.5697157124441113,0.5123708974454779,0.8982511923688393,0.5665908454475332,0.8688481991934284,0.3842011051872184,0.5000526123234235,0.9596855501110444
0.0,0.5160541586073502,0.6062260169847691,0.6552010319350766,0.5746998811331043,0.4877846999537304,0.9272419627749576,0.511483721364389,0.8720083331584382,0.4085524655340299,0.4954587276919483,0.9649874854584553
1.0,0.4912959381044488,0.6024469488048652,0.6388134765407655,0.5575540149897693,0.0,0.8679611650485437,0.5059224068897418,0.8721761381976602,0.4160770562973791,0.49878581052762105,0.9995068307619832
1.0,0.4870406189555127,0.5981650083766371,0.6119721004685685,0.5516211855994729,0.4422822924762982,0.9223300970873791,0.4845074159047696,0.8716952449691046,0.4211351961042942,0.4973419330315912,0.9859175256165831
1.0,0.5234042553191489,0.5930841015275168,0.5800259462453671,0.5809444615946233,0.4606924710080158,0.8213592233009704,0.4503240006091901,0.8712841350371344,0.4297158391478765,0.4945526599488297,1.0
1.0,0.5245647969052225,0.5881056827485338,0.5646815590471692,0.5824958048693901,0.5057507671574226,0.763106796116505,0.42957224059071797,0.8710784246795863,0.4414582073458878,0.4930978391639168,0.9817780360255668
1.0,0.5141199226305608,0.5846881248922373,0.5622679980616276,0.621391123236357,0.44908304698700063,0.7320388349514557,0.4334877597040516,0.8693101916751459,0.4441854519571122,0.4896812689329903,0.9950352777190468
1.0,0.5570599613152807,0.580924061307901,0.5549527419819891,0.6197276995282579,0.0,0.90873786407767,0.4180614987054712,0.8687743030438005,0.4516535946819288,0.4885814023727938,0.9765462455078492
1.0,0.5914893617021275,0.5743244472819309,0.5250142785894059,0.5973268010124214,0.4897568918355491,0.937275985663082,0.4020948272897432,0.8677820368724097,0.4561024907740915,0.4872754021718458,0.9972653048357604
1.0,0.5818181818181818,0.5673339496151646,0.5027603088881881,0.5920820634182073,0.4950465102664904,0.9371980676328502,0.41005851170971136,0.8649820180052606,0.4479710412668296,0.4879023393225425,0.984671521341656
1.0,0.5551257253384914,0.5622773191389094,0.4959978520850349,0.609962090443764,0.6054260687433314,0.9066022544283416,0.4357820475659424,0.86068824290037,0.4324404446244202,0.4899425499386785,0.95663892566673
1.0,0.4661508704061897,0.5575051403289284,0.4920883627769838,0.5804255562191388,0.5555121344496708,0.807321772639692,0.4559098791937079,0.8563138393484516,0.4140051797224517,0.4877535988827285,0.9747178614210958
1.0,0.4657640232108319,0.5547506991768076,0.4848654406885319,0.5797042835135691,0.5551296433511423,0.8342967244701351,0.4371379864307858,0.8525823449404429,0.4018668290520983,0.486498133704486,0.9896087706415752
1.0,0.42901353965183736,0.5502594323190202,0.4592118072138688,0.5493065331459122,0.5348580922265306,0.5510597302504809,0.4542100427906791,0.8484110546893927,0.386643844622394,0.4878674826806054,0.9759985655492746
1.0,0.3930367504835589,0.5490101281161599,0.4617282236985501,0.5132924616254678,0.5736105549823542,0.329479768786127,0.42955258930282136,0.8437887470625999,0.3711734134496004,0.4861697371865194,0.8890862207346433
1.0,0.39226305609284334,0.5516990236932091,0.4785280594830783,0.5123464106897196,0.5520617517971407,0.4104046242774568,0.4285700249080073,0.8416193478706254,0.3677803058656063,0.486250583758633,0.83327925681791
1.0,0.3883945841392652,0.5540045508898006,0.4977955850279706,0.5080648882443891,0.5226783705908545,0.545279383429673,0.3975455541417546,0.8411592677477139,0.3746906492889596,0.4873841006814388,0.8290271350262131
1.0,0.3764023210831723,0.5543052783841713,0.5065581839577266,0.5451715579145271,0.5058244996316147,0.5009633911368013,0.4135220512014305,0.8427683105013591,0.389389588842974,0.4885821016650253,0.8788486825253162
1.0,0.4030947775628627,0.5537093312307562,0.5384635342364884,0.524432389343385,0.5741188508158025,0.5895953757225433,0.3796874462660096,0.8418683794876629,0.3876805970190113,0.4896142833313773,0.8537116412507045
1.0,0.4831721470019343,0.5520472301506663,0.5708545546180993,0.5705340966327994,0.5784411381392853,0.8728323699421959,0.4222079204515866,0.8388694683904846,0.3763443078850925,0.4892545975217111,0.8769873119418026
1.0,0.4085106382978724,0.5471083569405102,0.5738715868901072,0.5353265996024975,0.0,0.6548463356973997,0.5268903310750728,0.8351814939617758,0.3605171944584712,0.493728634292148,0.9858262606943424
1.0,0.4278529980657641,0.5463456624395806,0.5757772315831939,0.5645650243197218,0.5759460835544286,0.8439716312056729,0.4580027413546614,0.8328045172576625,0.359429900910524,0.4922939745739936,0.9382820008237608
1.0,0.4212765957446809,0.5451300415531195,0.5888858240327914,0.5563408440441502,0.0,0.7565011820330969,0.4540086170897427,0.8317296683705023,0.3659584792029905,0.4918832794208289,0.9585556725092677
0.0,0.3740812379110252,0.5442596938654716,0.6131339403410137,0.4895038765110482,0.6151596087344284,0.8486997635933807,0.4568138384369364,0.8304642758352537,0.3736044803295616,0.4922128413409267,0.9264289963846049
0.0,0.3121856866537718,0.5427582331930523,0.6273818430080905,0.4412747906957592,0.5853779706384153,0.4819004524886882,0.4576932335702954,0.8271795349152871,0.3683357951451155,0.4922689435326801,0.9321953228685188
1.0,0.3056092843326888,0.5420103391441975,0.6200112728097321,0.4274359149367154,0.5669652506505737,0.4058624577226614,0.4629597787264982,0.8229760817689175,0.35202045829376283,0.4929063601376166,0.872234680334996
1.0,0.3404255319148938,0.5417434762245621,0.6147436246224915,0.438063211692688,0.5365243703688418,0.4306651634723794,0.5080545716264878,0.8186378740979242,0.3374704218898886,0.4929281193953516,0.8776165850533156
1.0,0.3373307543520309,0.5413522193063383,0.6132890617690522,0.4326242209896336,1.0,0.3855693348365276,0.5061434838785747,0.8142979181921043,0.3176686869847967,0.49282963971108,0.8639970710722619
1.0,0.3021276595744682,0.5426221057535057,0.6425067665780504,0.4175294219596301,0.5932791038391422,0.21195039458850154,0.5324074301519532,0.8100005040494699,0.3006748325693719,0.4951208131984407,0.8460299299803211
1.0,0.2816247582205029,0.5448087729861626,0.6610668632052474,0.4366625464309626,0.5493529469844239,0.1242532855436088,0.5293762189939525,0.8092091718486106,0.2990054933802868,0.4952929053417315,0.7620337741979775
1.0,0.34584139264990343,0.5474516506494804,0.6844539406812205,0.4955877572598669,0.5562403801834855,0.11468531468531565,0.4490122771421129,0.8115082426393202,0.3175614059716733,0.488136835360738,0.7633060271841103
1.0,0.3876208897485494,0.5489605323322824,0.7078678242427422,0.5067151364906681,0.5592884501187089,0.3046757164404219,0.4340183444772512,0.8134435154382093,0.33348110954720755,0.4867376130839844,0.7996613427303098
1.0,0.3775628626692456,0.5495544999894306,0.7282417364357553,0.4914704085787434,0.5654937288725409,0.3499245852187021,0.5102407774049492,0.8151422768397353,0.3518603225130448,0.4891976398355828,0.8435586472015011
1.0,0.3663442940038687,0.5507472218588687,0.7591362851565132,0.4731965039506323,1.0,0.193061840120664,0.4357967860318642,0.8173869272394364,0.3745465492438905,0.4829128014551648,0.8496819367534663
1.0,0.3377176015473889,0.5513059537664673,0.7635752880574235,0.480733462649406,0.5542792144958433,0.12669683257918612,0.3903384443057937,0.8223496950428019,0.4117809321282081,0.479232881549156,0.8641984348542402
0.0,0.4088974854932302,0.5534870681392401,0.8029555954431984,0.5364220801493981,0.510401537255412,0.16354344122657705,0.3627971643191569,0.8236403688575223,0.4279266821214307,0.4808512265819585,0.8386160816438609
0.0,0.42050290135396506,0.554400576109287,0.8384691590598667,0.5529343004753852,0.5427878695158327,0.512518409425625,0.3787147075151439,0.8240053826329853,0.43889280524874,0.4783485420616788,0.8436867877900327
0.0,0.404642166344294,0.5537303031160634,0.8809839161651551,0.5294970001975511,0.5501847093442055,0.5760430686406448,0.3671106220123903,0.8243392184993831,0.4454508775342063,0.4773980763310982,0.8739645782801704
0.0,0.4487427466150871,0.5488866953495259,0.8754045244795666,0.5809736324363542,0.5550452259477702,0.5141318977119781,0.3606699124043841,0.8232504453674431,0.4429074326787089,0.4768814540264836,0.8879044437325522
0.0,0.5613152804642165,0.5437454841245148,0.8562487983440754,0.6807810212050298,0.4994669186613705,0.539712918660287,0.3934924760131464,0.8217145670854676,0.4314417969872753,0.479408320606241,0.8627705825820327
0.0,0.5628626692456481,0.541583300832132,0.8361695598215569,0.6818736782266775,0.48041354742795,0.7031872509960161,0.34620656451272186,0.8208673169839732,0.4294653184751066,0.479574924217506,0.8079172577914058
0.0,0.525338491295938,0.5414547476378184,0.8305907247807031,0.6332859558473962,0.517419068679377,0.7430278884462149,0.3307360881163747,0.8214456684281203,0.4364926705737455,0.4783689235563176,0.8350006864674381
0.0,0.5628626692456481,0.5399242991470496,0.8266722346566847,0.6583521687623772,0.4486989035954337,0.7164674634794159,0.3376729927437621,0.8206673981109266,0.440472271164826,0.4789002839317435,0.8181227403780147
0.0,0.6599613152804642,0.5372303826373408,0.8158801534424067,0.7045906798114925,0.0,0.9342517219787102,0.3524802381736092,0.8184452406776659,0.43407531377556696,0.4762980226996654,0.819651274541211
0.0,0.6611218568665378,0.5316276449431234,0.8043118830865759,0.704926267972621,0.4672942749174676,0.9517845961177208,0.3528044844238977,0.8166811374360526,0.4305453720824126,0.4763358674767772,0.8075145302274493
0.0,0.6506769825918761,0.5270744096431075,0.7953248695685788,0.7364808285151778,0.5715172444728023,0.9738857255055958,0.3529911716589124,0.8138219163003707,0.4228014373964904,0.4763579473503994,0.8003386572696898
0.0,0.5845261121856866,0.5222045752318882,0.7843377501448995,0.7190396954195015,0.5624632849999436,0.8914209115281498,0.3974669489901692,0.8115764950597172,0.4150387557121191,0.4760283381592553,0.8050249416502673
0.0,0.5806576402321084,0.5183194826848778,0.7827115044092346,0.7172673170571806,0.6691761466854986,0.8753351206434317,0.3485450677723793,0.8088242380143714,0.4058793838018343,0.4760882746847229,0.7287721385748938
0.0,0.6038684719535785,0.511890973105644,0.7699292793937984,0.6908371190420248,0.0,0.8941018766756034,0.3625220462886087,0.8076939794709582,0.4018583556989249,0.4771626351700967,0.7266029014690405
0.0,0.6715667311411995,0.5059486318334803,0.7538016716492789,0.6921101897501181,0.5871385710898587,0.9423592493297588,0.3655434318026619,0.8067034942462276,0.4058917946505435,0.4774090740312862,0.7164614891766969
0.0,0.5729206963249517,0.4979743698607202,0.7225046892052422,0.6523065231033081,0.5803312237030226,0.8799454297407909,0.3916649062387926,0.8066808723206421,0.40992661361434135,0.4793585456799765,0.7869296599697955
1.0,0.5876208897485492,0.4916654423321836,0.6663323762336757,0.6611521497796389,0.0,0.8499317871759888,0.3547155721718112,0.8062277262756766,0.4128726905830923,0.4802845967290337,0.7335133403505565
0.0,0.6870406189555127,0.4857369516347969,0.6292170563393347,0.6749618033353623,0.5377417896532376,0.9114249037227216,0.3564350598627357,0.8048805051282998,0.4073175059906176,0.4804437704361034,0.7123243787469681
1.0,0.6030947775628628,0.4774477791926534,0.5871423054452437,0.6437891576282979,0.0,0.8920187793427228,0.35020068877764066,0.8027264383881053,0.4065351617604696,0.48000482737615,0.6722529861333578
1.0,0.6518375241779497,0.4714139675275913,0.5832085231659966,0.6257418520709791,0.5962412635066091,0.9530516431924884,0.3404634756250336,0.8002681271862474,0.4058004956536421,0.4792821696660241,0.6294448766646833
1.0,0.6116054158607349,0.4603293233025589,0.5468393849125863,0.6102092675122233,0.5650023260845856,0.8400000000000005,0.3444772511778489,0.7970790583291737,0.4031164110327419,0.4796408146183354,0.592650221957805
1.0,0.663056092843327,0.4513497187244797,0.5095016158580398,0.5936931186492788,0.0,0.9025000000000007,0.32485544021341284,0.7951824417575138,0.4032293787751856,0.4781208881475724,0.4874467987735114
1.0,0.7172147001934235,0.4388624071614074,0.4642853724578514,0.5763167200641618,0.6497109874724996,0.9690088164573872,0.3330795041980064,0.7946009269404705,0.3964820985578917,0.478766355927384,0.5328909432062605
1.0,0.728046421663443,0.4261618294909335,0.4136002373535499,0.5877136613315831,0.5102405721654987,0.9895890410958904,0.3568428240865837,0.7951394054038771,0.39084068180916864,0.4806947167721231,0.5779598187725964
1.0,0.5411992263056095,0.4165442053815695,0.37358196527138576,0.5210832851665194,0.4553634077171495,0.7330677290836657,0.31580602213717585,0.7953751226471767,0.3809663984573809,0.4773929424570876,0.4914100041188048
1.0,0.5234042553191489,0.41706067234268734,0.3866526719389414,0.5038358581918557,0.0,0.7503320053120847,0.24562636023758394,0.7960552436733322,0.3842373172448119,0.4751895300488125,0.3841563315180083
1.0,0.5481624758220504,0.4176777375616362,0.3943078298821829,0.5213910193978876,0.4505870455820583,0.9189907038512616,0.24321907747028956,0.7977717371418577,0.3956322133102009,0.4749925607570071,0.38701203606242257
1.0,0.4352030947775628,0.41397015990542896,0.38904735062741613,0.4922228836199784,0.4119032425333983,0.8812260536398469,0.28024701668885604,0.798935055330784,0.4029552629788888,0.4781037834808141,0.4755663356368128
1.0,0.4239845261121857,0.41238481521606457,0.3902724814250397,0.4857468099336033,0.4398720508607583,0.7432950191570885,0.2404678971648103,0.7999421942582979,0.4110124787838095,0.4747046865030202,0.3994508260491511
1.0,0.4290135396518376,0.41176332899776974,0.4004257014179707,0.43843010755055695,0.43573960486939145,0.7601532567049811,0.2181636854025321,0.7998852837797391,0.4138499831591146,0.4764969666809279,0.3719555169099813
1.0,0.39226305609284334,0.4118876204081096,0.4233808729842093,0.41356699904972144,0.0,0.7770114942528736,0.2463583707117205,0.7990353550526285,0.4127668426187021,0.475184147064797,0.3822159168916756
1.0,0.4088974854932302,0.411775463593437,0.4202582189031019,0.4239041032529339,0.3366880777764031,0.9180076628352496,0.2494927511311773,0.7979343082672145,0.412778627470704,0.4754100911321942,0.34431376138391856
1.0,0.41508704061895535,0.4085251172629504,0.3957519027613437,0.4276137029163888,0.4633175349874742,0.9629032258064508,0.27313325047040243,0.7976451194547746,0.4164245843026765,0.477460781309844,0.3931902430094731
1.0,0.3914893617021276,0.4038270200788116,0.3483874450693272,0.4635259402196321,0.4831210841282996,0.8361153262518961,0.27644449248092584,0.798487953280186,0.4315732807494129,0.4777409882004089,0.3891538144707336
1.0,0.3582205029013539,0.4011064273533918,0.3290570138876414,0.4406187496063804,0.4995195039754246,0.6251896813353559,0.25492633223449884,0.7987585342109488,0.4379091387181415,0.4795893574385321,0.3653745823989748
1.0,0.3713733075435203,0.4017908398000271,0.3338925662646074,0.4497089198272105,0.4912680416448921,0.8361153262518961,0.23238630501746504,0.7992806273460765,0.4479273288371477,0.4775539142083596,0.3010937714521074
1.0,0.3195357833655708,0.4029472175992012,0.3504098888450093,0.464529945000169,0.4801051261786291,0.7450682852807285,0.2251398926057116,0.7990167007026484,0.4440059819823709,0.4768987293088609,0.2845270239348314
1.0,0.12340425531914885,0.4032323046038673,0.3516597756089925,0.3815761842592961,0.5200043621702314,0.2964959568733154,0.21472471002068305,0.7989451226005572,0.44267699936051785,0.4758860395891034,0.2347260994920143
1.0,0.2394584139264989,0.4078681247455675,0.3822466658554077,0.4080979288483597,0.5042507932083808,0.4760744665732788,0.1445204840112209,0.7990479403335337,0.4381246187287471,0.4690183197527474,0.08755663356368157
1.0,0.2394584139264992,0.4054819935147252,0.3853241213342663,0.4054502810392078,0.4999509273778869,0.40095823943804976,0.2349016698681891,0.801727582356277,0.4592127760905325,0.4736030617679782,0.2530685094503686
1.0,0.2034816247582207,0.4044596428849669,0.4067818478128468,0.4295415034958634,0.5057771209063574,0.3644152100209112,0.18915838446762206,0.8046997622492209,0.4825920182247442,0.47320450293411104,0.232364651503364
1.0,0.21431334622823994,0.4052837170414549,0.4095140541030933,0.4349809157539444,0.5728912983291345,0.2801632255313968,0.1655915774580076,0.8073771943133393,0.5018072436467715,0.4747681368848061,0.21237471969246274
1.0,0.17872340425531932,0.4063126388747406,0.4012882292347824,0.4469706107140718,1.0,0.18779056783807396,0.17742656559354258,0.8116731504607012,0.5179151684793136,0.4721271944076815,0.2126767653654296
1.0,0.15203094777562876,0.41113714941959584,0.40874512236898103,0.4023489283683037,0.5985183523496607,0.0030987253909556052,0.08775282610084051,0.8151962097138078,0.5280261130908325,0.4681592658787941,0.18075145302274492
1.0,0.1976789168278531,0.4207838453052393,0.4338444225342121,0.4336076634129536,0.3671488557901338,0.007150177562742658,0.0,0.8201376421889496,0.5478149204580843,0.4589856544876641,0.0013327328376182429
1.0,0.19806576402321072,0.4279546913688136,0.4525503380117246,0.4360726108496998,0.463618292832119,0.015264456712544519,0.02110057037863133,0.8223139521149451,0.5538848319669357,0.4612184974223598,0.01263186845569036
1.0,0.2746615087040619,0.43558356667882575,0.4636099838175354,0.4617691941113101,0.5348565741159207,0.023347158513472924,0.07319613459167068,0.8246421373972689,0.5645717591672643,0.4623483356610841,0.0489676914200937
0.0,0.3044487427466153,0.44106220479304775,0.478897593355153,0.4863054073469104,0.5711203254025992,0.12486941760250735,0.09306849947678447,0.8253015807484262,0.5666736962204825,0.4642329222883833,0.025418826618016668
1.0,0.2955512572533849,0.44323046711879416,0.4733408286811998,0.4756094288873333,1.0,0.09130474480323852,0.1657193108293333,0.8260509755876743,0.5687644187390577,0.4671727428980582,0.12675894681266214
1.0,0.35048355899419736,0.4459592748050783,0.4743469051764157,0.5286547147987132,0.5904670927847181,0.08826125330979677,0.1573675134734141,0.8263129183875674,0.5739383393319314,0.4663276438441274,0.09299175906158892
0.0,0.3949709864603482,0.4482608802346333,0.4774466725968383,0.5165296739991089,0.580701491945819,0.2495663024621848,0.19790320758146698,0.8258562191061206,0.5738394525735608,0.4700690076331007,0.18894474668870406
0.0,0.4475822050290138,0.4516727174703532,0.5049818485620129,0.5122659059869582,0.5017116098927054,0.3241318440514964,0.27489695355909394,0.8258515651603314,0.5789710984839034,0.4734029800860774,0.2839680462778049
0.0,0.3764023210831723,0.4546813241329318,0.5407694370933326,0.5016312760223296,0.5987472200153531,0.29674042061052497,0.26796987457565485,0.8255301495623516,0.5785790736097048,0.4727790124295091,0.2950095264329823
0.0,0.3566731141199229,0.4600284589898124,0.5686443024281846,0.4871669623679488,0.5969601887176104,0.3195666068113343,0.24239863620062002,0.8265468932719237,0.5891413545539804,0.4741112239360062,0.2352799393981133
0.0,0.3241779497098647,0.4634176676309992,0.5746030972298759,0.5123274968213744,0.4944526078571277,0.2389140822351403,0.2361888292253952,0.8270807627492834,0.5945911460032505,0.4735214347472867,0.2144709960287401
0.0,0.3794970986460349,0.467229806638189,0.562168674339247,0.503892656308734,0.5205150612036439,0.3986973856408069,0.2195392755552716,0.828809385320718,0.6074749739843031,0.4719187970986953,0.16465808139935267
0.0,0.4294003868471954,0.4695273929850531,0.5533191322984883,0.4930016882852924,0.5446689520006356,0.5113065708981345,0.2591267950223289,0.8303185256086708,0.6137274282457107,0.4756109486980394,0.3228198241627071
0.0,0.5052224371373308,0.4705851437325987,0.5454035696005937,0.5571807783007982,0.5617967162036871,0.9541345831938408,0.26859871578833594,0.8317707814381153,0.6215781915148652,0.4764707539186663,0.31756306957739394
0.0,0.4611218568665377,0.4630694015540766,0.4940324066258333,0.5742563610035812,0.535940412053969,1.0,0.34698770320659905,0.8315287926192646,0.6131891451731274,0.4835541420381924,0.5106397631017152
0.0,0.5280464216634428,0.4560381495899088,0.44274792737170426,0.6260073834725506,0.4544772268747492,0.8833992094861653,0.3216031520665785,0.8304484266892891,0.6041180784129793,0.4812732000889814,0.4181989302848749
0.0,0.5678916827852998,0.4481330803483112,0.3871514364557668,0.6127384242045931,0.5002018206356048,0.9960474308300388,0.3096846459574845,0.8294225458006145,0.594141254819848,0.4801839795588331,0.3456603080595921
0.0,0.5752417794970986,0.44214090985225857,0.3586864716474353,0.6212929151585822,0.4741139931629349,0.8419243986254292,0.3302890213167346,0.8296974224905523,0.5971471495480375,0.4784216064741752,0.3923627849321675
0.0,0.5276595744680851,0.4385714009700276,0.3431224476455291,0.5679732794504208,0.5536979032562329,0.8575899843505471,0.2646979351409242,0.8300024856629075,0.6023764647904214,0.4758756889760157,0.270344099350366
0.0,0.4796905222437137,0.43546167600482616,0.3275135115952923,0.5835132584144338,0.0,0.7073552425665095,0.280802165571926,0.8306933364115799,0.6095319815578062,0.4737045216327101,0.2725248490691642
0.0,0.5172147001934236,0.4348227592258115,0.32343936560164777,0.5610996627666512,0.4917494680712809,0.7292644757433484,0.24338120059543406,0.8299908541875697,0.6081966506248856,0.4700330318059245,0.1850653077152632
0.0,0.4735009671179885,0.43311050483896224,0.3054961306975523,0.5205558356168377,0.5352178126538226,0.8200312989045386,0.27115338321485233,0.8299796495146873,0.6100774957494486,0.4690294375760004,0.20115694511397306
1.0,0.4208897485493231,0.4319158026121835,0.2917101431371801,0.5361074901660239,0.4841811083450031,0.7085610200364297,0.2511238080265684,0.8304317730231744,0.6149580078039423,0.4670317285748238,0.14428528797373918
1.0,0.4294003868471954,0.431433314739789,0.27531753549317445,0.542111406049787,0.4537663154174323,0.8870673952641158,0.2518705569666271,0.8316249643455506,0.624380070413209,0.4671335170398196,0.17618162201868556
1.0,0.4290135396518376,0.4298107019574086,0.26512489703172226,0.54216442522269,0.4758419210662694,0.8178506375227687,0.3324162732315069,0.8327883524594163,0.6360827362498431,0.4712219782047704,0.3490002984183826
1.0,0.33307543520309474,0.42766956691307295,0.25077833594650645,0.5177439646535015,0.4654063212307794,0.5555555555555548,0.3437796304575312,0.8323261668077554,0.6376630646469871,0.4686191784019961,0.3678465670408376
1.0,0.33733075435203114,0.4280551221975696,0.2456461847692734,0.5211323908921173,0.4808508063670133,0.5333333333333338,0.3017307871814649,0.8318760801380121,0.6365266536639035,0.4645027227565596,0.23383375800564696
1.0,0.3551257253384913,0.4278854389254929,0.22817721264010185,0.5351020012440272,0.4727424179504158,0.3765765765765761,0.30960604080589943,0.8316726313466737,0.6321871296809844,0.461578870551326,0.2406170373941192
1.0,0.4092843326885882,0.42877131874302704,0.21380078652134016,0.5779201672749533,0.5351867474811495,0.6756756756756759,0.3012738947378765,0.8322055156165339,0.6395679057390987,0.4607541042754956,0.20625301287790124
1.0,0.4696324951644101,0.4291144464625752,0.20892906241896306,0.5777896565721283,0.4916563079510254,0.7945945945945944,0.3662803550987722,0.8328107237175363,0.6489234016388534,0.4672014061499866,0.3660675343755021
0.0,0.4181818181818183,0.4285689519293371,0.1996552056688719,0.5331465064907825,0.4822910777887487,0.8504504504504508,0.4126623073559682,0.8326174847032818,0.6543286212277091,0.4681008703250539,0.4613089089364827
1.0,0.35357833655705995,0.4293495917355981,0.1991216424150593,0.5371305582290741,0.4837998535510767,0.7819819819819817,0.4330750826582296,0.8320144946032503,0.6521432820053497,0.4664245750327845,0.473532584991851
1.0,0.2986460348162475,0.43011556770979503,0.18772199187661806,0.5510874671351693,0.4733135070355502,0.6264462809917357,0.3956786817916079,0.8314224655184982,0.6560913751407671,0.462851311418095,0.3861074765282464
1.0,0.3102514506769827,0.4316023122900538,0.17917446370890594,0.5591666616756118,0.5170284910074671,0.7001477104874454,0.37386083940476256,0.8314384935502751,0.6640086525205798,0.4607337279016965,0.3253563804145722
0.0,0.2882011605415862,0.4311096402776296,0.14790537666989295,0.5465800675992241,0.542478039661242,0.640957446808511,0.3871500228446221,0.8314263947884325,0.6690732659837266,0.4583786674418077,0.3417234809356564
1.0,0.1528046421663444,0.4296455936907522,0.10997122282861044,0.485623960352221,0.5306429589103725,0.28728606356968234,0.41231840981778334,0.8311872464570479,0.6730798780294498,0.4572339805382132,0.3888506301218923
1.0,0.13578336557059986,0.4328594582920261,0.08355778482552728,0.464182276397791,1.0,0.2072368421052633,0.365494303582921,0.8306742291605697,0.6661346028371229,0.4525865217895476,0.2592681863048921
1.0,0.10715667311411993,0.4367206636002288,0.07367860211124794,0.4158012914986205,0.5253586140657339,0.06469298245614036,0.3342634942937572,0.8307060088057557,0.6628143400645923,0.4493722073991333,0.16352179601955816
1.0,0.14313346228239854,0.44366392271954985,0.07529809146265347,0.4396395454718964,0.5235209819966737,0.09777227722772268,0.2975794526133755,0.8312542442896081,0.6568379067379333,0.4454429172581639,0.07665909143080131
1.0,0.16557059961315285,0.4490085259773967,0.0738153505208371,0.4094710187620591,1.0,0.1092757306226175,0.32591169693783817,0.8321744223657753,0.6623979485457232,0.444815373275825,0.0998024543549837
1.0,0.13694390715667326,0.4541666075817535,0.06950962732106802,0.3628794935732984,0.5045675198851425,0.003811944091486353,0.3822912419122666,0.8322310982768634,0.6656008019040246,0.447185073062728,0.2216749357403308
1.0,0.19071566731141226,0.4626753376331267,0.08983527489820703,0.40081692211441866,0.4096609349359955,0.1870026525198944,0.3409400193565185,0.831890691074724,0.6688758037150165,0.4427929930275567,0.10664829566506076
1.0,0.17098646034816253,0.46864080608856795,0.10471042726168063,0.3884575710718425,0.4343014341309632,0.10917030567685597,0.45003905693469387,0.8309999833297276,0.6654798723161846,0.4509825815329898,0.3766361402725041
1.0,0.17988394584139258,0.4746566941886599,0.12066098943533228,0.3967287034439216,0.3983942168568916,0.219796215429403,0.4784646448766634,0.8301137917007443,0.6626865798164486,0.4542053122123085,0.3841343674920189
1.0,0.17485493230174093,0.4786771911149248,0.111013198071657,0.385986388337824,0.4116574636496446,0.15884074125679262,0.4680985905113755,0.8304458033972809,0.6654753473102528,0.4531509518921363,0.38315297797692016
0.0,0.22862669245647985,0.4835466523239483,0.10511822025242534,0.3871279457609751,0.410372772611502,0.30374808415772603,0.4555414175456524,0.8316525515632996,0.6764579676157169,0.4514858278641203,0.4220641457631346
0.0,0.2150870406189556,0.486114750018245,0.08723969249424908,0.4196991311179832,1.0,0.27588128744600765,0.5116605829554554,0.8331778291159583,0.6914522119781914,0.4539123935728594,0.5193227671700156
0.0,0.18259187620889744,0.4903242266778631,0.055548386253303605,0.3510322063234955,0.3874251275126792,0.09056708931308327,0.5041783550889466,0.8341653465252828,0.7010026364227163,0.4529695491850792,0.5222763010108572
0.0,0.17717601547388775,0.497629338724884,0.031542745024763175,0.3484853867704437,1.0,0.12679392503831638,0.4235785977823521,0.8354613683644995,0.7112163452660313,0.4480288311611716,0.3953887432921504
0.0,0.15048355899419733,0.5052320609198051,0.0,0.27970529685321266,0.2930099944248445,0.0013933398355856226,0.4468408098295741,0.8362112323621831,0.7156530970186332,0.4468875879706666,0.4392965597570613
0.0,0.2332688588007737,0.516156731621819,0.014831216528947531,0.3290841541423474,0.33520047004576964,0.05795125276972839,0.4198202889721884,0.8354025042921586,0.7168241144285982,0.4441394208432072,0.3502121552477224
0.0,0.2526112185686654,0.5247772670654167,0.02371419476504244,0.3501335625250316,0.474603748485585,0.007030700726506003,0.4500980107983826,0.8349455176501007,0.7204120186059773,0.44385341901569203,0.3832210158492447
0.0,0.27001934235976804,0.5321623590191213,0.0307913656201943,0.3696573548369944,0.5402265936031589,0.07677543186180456,0.5292190086907821,0.8350060557091928,0.7271634238219865,0.4489660459210631,0.5497004867090979
0.0,0.2854932301740813,0.53783943756215,0.02070674818940493,0.388024739301266,0.5545376195523793,0.07878071690452539,0.5364261185267428,0.8347403242680648,0.7300744945105558,0.44977919534610733,0.5661113191064521
0.0,0.2943907156673113,0.5443754839370956,0.023753820289706074,0.3999790477686039,0.5242654152909524,0.16611295681063132,0.5721472471002067,0.8333473278386568,0.7270792995271532,0.4500718873346996,0.620699696326802
0.0,0.2479690522243715,0.5497319047756051,0.029939579401467912,0.3574013240294873,0.5458442161405441,0.31808731808731816,0.6298286898977641,0.8322829278677287,0.7286070705694452,0.4528829390865109,0.6851678522401093
0.0,0.2425531914893618,0.5535867784820161,0.04630687129328387,0.3996639413627517,0.5337818395755461,0.2909441233140653,0.6594284422915369,0.8310489788569663,0.7330510991858749,0.4559083935686216,0.7827173179405044
0.0,0.20541586073500973,0.555474447991402,0.04711815465440439,0.3821482880225345,0.5477785665424735,0.16934046345811105,0.6590992832192739,0.8304756412158801,0.7376211555496627,0.45604524584598,0.7646146252027363
0.0,0.2127659574468085,0.5587989859009004,0.05354599699914875,0.3896061306388877,0.5264035196360521,0.213197969543147,0.6700057480017095,0.8301891913318368,0.7426128947796172,0.4534900024822166,0.7794780652870241
0.0,0.2027079303675049,0.5616152558222938,0.04738574061666068,0.35903455150793034,0.5286670815450855,0.1571194762684126,0.6512928091024763,0.8300150423975364,0.7459063899836431,0.4509365620183439,0.7837364940341439
0.0,0.18762088974854935,0.5656285975930158,0.04653310513225079,0.3914118068790185,0.4995506467938602,0.14238952536824834,0.6452598637183182,0.8293773472333331,0.7520820396907055,0.4504481990039925,0.7627793869057621
0.0,0.18646034816247584,0.5693067121184263,0.03520268991868841,0.39182295945412543,0.5602712269000975,0.19039999999999965,0.6518872605613389,0.8270844792288546,0.7502186584104489,0.4513848041995885,0.7443924910289745
0.0,0.24603481624758244,0.5725124778271786,0.036732354682801005,0.4559901773348696,0.5586153417063194,0.25110132158590315,0.6848277318974789,0.8248258060109067,0.7502728967633586,0.4513564594413224,0.7684537458999735
0.0,0.2642166344294006,0.5743916342255291,0.03418617059522633,0.4757001325917763,0.5536247664074151,0.3289280469897211,0.7011383008513921,0.8229923914715697,0.7444725691475337,0.4493944432938221,0.8015419760137066
0.0,0.2471953578336557,0.5771351155678996,0.04681486069790758,0.5024119821904786,0.4937396690689673,0.2936857562408222,0.6986966283302791,0.8220688933725141,0.7423926461279964,0.4492341337409209,0.7912805585748235
0.0,0.20386847195357846,0.5803987385348803,0.04786464436080756,0.5002901839831347,0.5195918114816499,0.2422907488986781,0.7047787019341782,0.821421345293062,0.7380917585215304,0.4498898348481637,0.805042279987473
0.0,0.21856866537717595,0.58505491834386,0.0426104943285654,0.4658802623307444,0.4508243201540199,0.2631578947368418,0.6760927344275824,0.8209351374835744,0.7392894071323248,0.4509272178503054,0.7541681251266555
0.0,0.19032882011605426,0.5926457942500316,0.06005320798674435,0.4625048071728914,0.5100599121423367,0.19152046783625776,0.6744076364904762,0.8194575858601573,0.7326311717714961,0.450675777549527,0.7552734842762657
0.0,0.06421663442940058,0.6022092078742045,0.07743411078380308,0.3813709729079235,0.4985296306843556,0.23014804845222084,0.6858446860461118,0.8180067851840979,0.7346724323311381,0.4523763198615196,0.7247103037895399
0.0,0.05299806576402338,0.6132220748005184,0.11875300659051735,0.42038838592755823,1.0,0.13837638376383768,0.7137102122830374,0.8164078689244242,0.7362695979844923,0.4555124039700471,0.7882424318127067
0.0,0.0,0.6215405926354989,0.1397504936817206,0.3999857998017846,0.5002239911076485,0.09225092250922512,0.712344447774246,0.8173974277522168,0.7560276948151105,0.4554625601641902,0.7796325871467958
0.0,0.035589941972920765,0.6319208717619562,0.18601080231064301,0.35757123800674706,0.5200841953560821,0.06454720616570342,0.6434126426560677,0.8179526269853415,0.7651698393141629,0.4508581243797043,0.7299006968174798
0.0,0.056479690522243775,0.6415560083038959,0.22779730375509585,0.3199026388501575,0.5074525663033144,0.02107481559536384,0.6671513984347748,0.818826763367475,0.7782656284620805,0.449779097499933,0.7566402869353412
0.0,0.026305609284332957,0.6522549246623144,0.2755619187039778,0.3063091798850607,0.5608253926426182,0.02375809935205172,0.6727078000874481,0.8166566104109972,0.7720072118724725,0.4466043695535093,0.7653125864330259
0.0,0.003094777562862916,0.663165415070204,0.3113979770255513,0.2977774593608223,0.3930216479455262,0.0032119914346896306,0.6955917248426667,0.8142126296146052,0.7686272111974437,0.4494663609167723,0.7499486978167573
0.0,0.11063829787234042,0.6731767546886525,0.3403030768375166,0.35436502355184296,0.4795616407611608,0.06847697756788647,0.7183724803364301,0.8136687431832025,0.7714031494012926,0.4482867598655946,0.7675492610837439
0.0,0.12108317214700205,0.6769845745564653,0.3354642911199507,0.3207294337023305,0.5602312865481863,0.0689035350509282,0.7016639728026173,0.8143395713411558,0.7833493732679059,0.4451857615706532,0.8196516537649541
0.0,0.1613152804642167,0.6808172141488478,0.34910659315490095,0.3363520982570576,0.5733714989194862,0.06353240152477765,0.7292985964067622,0.8156534848147258,0.7971756602377739,0.4482400609823624,0.8701090781140044
0.0,0.1941972920696326,0.6840619796506493,0.36430203495099456,0.3425737289391233,0.6038071631451238,0.07878017789072397,0.7368889063567003,0.8142908948602979,0.8020195569397587,0.4489444609617424,0.8925404644616469
0.0,0.19806576402321105,0.6886200581771043,0.3802917472330506,0.3482956805603,0.5583919481743693,0.07369758576874187,0.7484045610639205,0.8127836148283129,0.807410615885722,0.4503575316018583,0.8847202674173116
0.0,0.18413926499032876,0.6937413649147073,0.3901323750338536,0.34019051219282986,0.5503740259883192,0.1118170266836081,0.7677365155318867,0.8111910073457985,0.8173074506890144,0.4486743756660557,0.917690007037298
0.0,0.22553191489361726,0.6994615091607876,0.4073048057977829,0.3436692602765152,1.0,0.15628970775095266,0.7575571484016133,0.8105731309965917,0.8308747801130391,0.4514633558599146,0.9041959887403236
0.0,0.17098646034816253,0.7028415226877864,0.41467962505289335,0.3142085887802739,0.5964972441034324,0.026683608640405827,0.7403180560946011,0.8097620554332253,0.8423921946636425,0.4531521204623098,0.8940358902181562
0.0,0.21702127659574466,0.7088027300111797,0.4256527373705496,0.3357429658487029,0.5889045899474314,0.021853844371798773,0.7272057342458081,0.8091912020650046,0.8463311292306946,0.4521164257007679,0.8583743842364533
0.0,0.2715667311411993,0.7146412340980428,0.42686029694523664,0.3514401158447957,0.5035108574607279,0.047594532677804426,0.6886400817493576,0.8083744389542961,0.8442654336323324,0.4519899566277074,0.8029644616467279
0.0,0.3032882011605417,0.7221727603869883,0.4293573982734992,0.33018111747589984,1.0,0.1466961826559243,0.6840858957793947,0.8089592258088231,0.8523804080194325,0.4552550331785995,0.7993314567206194
0.0,0.27427466150870417,0.7302945116645825,0.4450921252773923,0.3515213000218009,0.4609294265234621,0.1170943911040186,0.6523490658269016,0.8092160797263915,0.8681767066803713,0.4550849986644899,0.7835151301900067
0.0,0.27079303675048383,0.7398632678169754,0.470818826472629,0.3494993204299501,0.3651765497706075,0.14798321707122522,0.6339112449582165,0.8098406648254136,0.8939392663442302,0.4533367998454878,0.7491115411681915
0.0,0.4158607350096711,0.7510064213664089,0.5187629330868088,0.4399349284391403,0.51174908044936,0.4371018351240845,0.6230342571076251,0.8096198836171152,0.9010877794088278,0.4556973965144484,0.7472290640394086
0.0,0.3566731141199226,0.7529815259069379,0.5365547254566791,0.3741443857552906,0.5286284215045227,0.4523152990396494,0.6258050887010005,0.8098791934458135,0.8915561193777216,0.45222514088121,0.7501935256861362
0.0,0.4282398452611221,0.7545131714671959,0.5399148584031022,0.3961615965160055,0.5236207965236204,0.6177617191214226,0.6070282831161048,0.8097102697444548,0.8797438823663551,0.4537982096457594,0.7360045742434909
0.0,0.4615087040618955,0.7520081625091153,0.5158935375233025,0.4265766989344295,0.5382560362752286,0.5930398402586287,0.6333364447872505,0.8090891971423463,0.8736134241901269,0.4529696882143196,0.7823715693173825
0.0,0.4638297872340426,0.7500057770542371,0.4812275793369474,0.4287463104448205,0.4590719673750659,0.5702196443852812,0.6451124790590962,0.8075760569479297,0.8782919047322569,0.4543527381255668,0.778764954257565
0.0,0.5210831721470018,0.7487194843704856,0.4599613119373139,0.4370105721499275,0.0,0.7660929922981831,0.6573797955283491,0.8061648250926355,0.8802220137192162,0.4519505822921326,0.7883180858550314
0.0,0.579110251450677,0.7465672248569735,0.4509251527305649,0.4504275526294686,0.4746564831153236,0.9600646572216412,0.6850389832423643,0.8045186527558673,0.8798802552636581,0.4550006828884278,0.8418103448275863
0.0,0.4982591876208898,0.7417590640140819,0.431073111757102,0.4055095528531255,0.4397596574215885,0.9318637274549108,0.7243071692811067,0.8031158431389992,0.8805945850178717,0.4556471080945249,0.87905524278677
0.0,0.5009671179883943,0.7382627287160959,0.4170216264368671,0.4079209521689915,0.5401978034034436,0.9355509355509352,0.7187704189163295,0.8004911265580549,0.8715762922042795,0.4587505003057434,0.8765130190007037
0.0,0.4912959381044488,0.7323001686507669,0.3626682141846085,0.4012692172529734,0.5567683358471295,0.8587319243604009,0.7379107733273067,0.7981208222655057,0.8663990903787603,0.4610725025655752,0.8676020408163264
0.0,0.4897485493230175,0.7268268854815658,0.31411878807256943,0.4012855620092304,0.5859806084108142,0.7022900763358774,0.7376749578725513,0.7949528446981329,0.8547560550320726,0.4613441038685964,0.845197044334975
0.0,0.5090909090909091,0.7237906778166734,0.28303215573742124,0.4172896424904144,0.0,0.6717557251908391,0.7467587657026069,0.791916423785132,0.8394876851906855,0.4625641491827127,0.8332160450387049
0.0,0.5005802707930369,0.7218418281756,0.2698586445285207,0.404650360979393,0.6181251577598181,0.8215417106652589,0.7496671563112569,0.7898965741105334,0.8289011870371831,0.4633981908019013,0.7989481065918657
1.0,0.4529980657640232,0.7180438933504545,0.2639459063030072,0.4156961349858899,0.0,0.6694825765575491,0.7410107639929452,0.7875925318262597,0.817763385783486,0.4620230441099832,0.8114792426522477
0.0,0.5029013539651838,0.714740406298846,0.24395042619199184,0.4048335917339856,0.5939706615496096,0.7518479408658914,0.7554790247065817,0.7869645945396312,0.8219164590711435,0.4640040304586104,0.7926770187919119
1.0,0.46073500967118003,0.7108426546497255,0.22078177828187204,0.37269222085767256,0.4930238961657206,0.5676855895196512,0.7697360340753329,0.7861357998053357,0.8251400619635222,0.4649870416545063,0.8524721565980422
1.0,0.3589941972920697,0.710140955827129,0.20953732469319655,0.33000517353924763,0.513273700846528,0.30349344978165965,0.7896575271801876,0.7876419342194653,0.8402430954815815,0.4670263753182418,0.8975869051636853
1.0,0.35551257253384905,0.7138934089529998,0.2291183895949088,0.3754998978136824,0.513836557680079,0.2925764192139731,0.747520253108588,0.7871845109677412,0.8440071001743726,0.4650679842651831,0.8903476206547418
1.0,0.3272727272727273,0.7174813804531983,0.2545736058989277,0.3530737803658701,0.5662517438506667,0.4061135371179039,0.7456189910046227,0.788100297855795,0.8555333151981833,0.4654927968184298,0.8446760040499492
1.0,0.3001934235976788,0.7198941193508737,0.26584862619072536,0.3343116130037169,0.5615216560017638,0.4534161490683226,0.7186770752988221,0.788246893624761,0.8648738471665273,0.4614339633236485,0.8656176172797836
1.0,0.3125725338491297,0.7205896464576302,0.2677468135052412,0.3451267745128007,0.5733695750856164,0.402298850574713,0.7022977268372728,0.7888098083965981,0.8783150078325593,0.463067662241887,0.863609517381033
0.0,0.3760154738878145,0.7200859848478172,0.25930980711697016,0.3456530250018183,0.5516540846682478,0.7107279693486593,0.7237028921782959,0.7879216923689382,0.8846255687409016,0.4616332997429277,0.8780037124535941
1.0,0.3470019342359767,0.7171695071595854,0.2090844713188684,0.318599216563052,0.5342946063271412,0.5229885057471261,0.7354297982304017,0.7853745913167397,0.8815731074012237,0.4628315827786735,0.9029109011137364
1.0,0.2704061895551258,0.7165611777590604,0.15698622387761454,0.2952179850028208,0.5400580271715295,0.33333333333333376,0.7507135873917337,0.7839821965925061,0.889809232631286,0.4647518034603311,0.8877489031387108
1.0,0.2487427466150873,0.7200165007842645,0.12711927576704546,0.320657535628015,0.559510231207679,0.2988505747126442,0.7131403249340453,0.7812824537018513,0.8902212384973475,0.4643382284962299,0.854463381707729
1.0,0.18143133462282415,0.7229649195943078,0.11589092807877348,0.3109624562995589,0.5779521178250918,0.17156105100463673,0.7484045610639207,0.779812182538235,0.9016540706578638,0.4644862967607272,0.862867026662167
1.0,0.16750483558994214,0.7261683299638426,0.1160056471733208,0.2902088160767457,0.5661134912563929,0.08974358974359006,0.7509985310662297,0.7779835167060919,0.903488780498914,0.4646800481024967,0.8725531555855551
0.0,0.26460348162475833,0.7307678374888236,0.10535237246407224,0.3338050691908305,0.5817786778964085,0.3091168091168092,0.6930075804843059,0.7779484618400346,0.9172628291827288,0.4627172367660234,0.7918157273034089
0.0,0.20735009671179908,0.7320548427477085,0.10238282007900107,0.3360207671330601,0.6094741270275851,0.2777777777777781,0.7033687220276199,0.7776891143417081,0.9224657282184541,0.4634574386610405,0.835791427607155
1.0,0.1883945841392652,0.7366767654970452,0.12413430682710043,0.3578394327090709,0.5953778886142945,0.2222222222222225,0.7065620563107655,0.7770084212788736,0.930733353226659,0.4639699529716567,0.8235993925075938
1.0,0.11218568665377172,0.7415650364751316,0.1574999638683156,0.33262958739568416,0.5263028195882875,0.11999999999999965,0.6865668708762998,0.7783126188570614,0.948190393014396,0.4657301091467372,0.7970975362807962
1.0,0.07272727272727286,0.7481074602843094,0.1857357424898507,0.3226066760386948,0.6025290753164295,0.02751196172248766,0.5976497059676047,0.7794602291066853,0.9643283717850072,0.4589411965982269,0.7539402632467094
1.0,0.13075435203094787,0.755519379251588,0.2237436743182484,0.3378706863198189,0.5488126726517584,0.128175519630485,0.5778166436582839,0.7802158020557205,0.9723774268804052,0.4573061642114344,0.6913094836314548
1.0,0.15241779497098634,0.7595473903015297,0.2351194897926664,0.30852153712792085,1.0,0.18706697459584276,0.6134444286142402,0.7785091479164422,0.9686560750136732,0.4574535872771444,0.7343570705366181
1.0,0.17408123791102514,0.7644570220527949,0.25534095858061323,0.3348574946345444,0.5220500807198475,0.08314087759815232,0.5984701472372744,0.7773373775145612,0.9698668208405284,0.4560778196464077,0.7037293283833947
1.0,0.14119922630560924,0.7721348113193125,0.2828470314852685,0.3606657703594167,0.5143541376504008,0.0062266500622661525,0.5886887186869009,0.7760793250918064,0.9728619437853242,0.4588746726866637,0.6888288896388793
0.0,0.17949709864603486,0.7812998676988379,0.3199558193233724,0.3874097654355765,1.0,0.08209383351756766,0.5861537025482808,0.7747862233748392,0.9723164979352568,0.4588806577440934,0.6579311508606142
1.0,0.22630560928433274,0.7872466442450272,0.3379916117387847,0.4019327820568313,0.5240597466370324,0.08769082233758238,0.6331251934423653,0.7736557888632035,0.9705744382193109,0.4603432279898161,0.7298768140398247
0.0,0.27775628626692456,0.7925516841774762,0.3508224302721363,0.3945737813293499,0.5523501003880578,0.12589152429922054,0.6196787996993354,0.7725137227798652,0.965703687230732,0.462735350153608,0.7112807964900442
0.0,0.3342359767891683,0.7966826706839649,0.3640468475730333,0.40045019431372025,0.5272546919552739,0.2967324597777413,0.6810448589774449,0.7716330200163791,0.9624802877083576,0.4658150156880052,0.8018140398245017
0.0,0.3218568665377176,0.7985318964134791,0.3660051891846424,0.3856217560446376,0.52625121613647,0.22872781555813546,0.6972817356017469,0.7697535395064047,0.9512693721743904,0.463848496315374,0.8291765102936214
0.0,0.3303675048355899,0.8015505820352411,0.3546808928967014,0.3954761729939248,0.5328029979457694,0.22375186598109095,0.7302418582257835,0.7677476362221841,0.937966252428042,0.463775359388809,0.8631370232872091
0.0,0.3404255319148938,0.8096215783423906,0.3763677739003549,0.4066332981316131,0.5259339194481868,0.033464566929134215,0.7324821050459593,0.7657323115600038,0.9255618312296421,0.4641898157518994,0.8515693553830576
0.0,0.2065764023210833,0.8200309465613429,0.3952277081732579,0.3191864607103622,0.28628833922978403,0.16595744680851104,0.7469798426914405,0.7634584289089689,0.9190125294592076,0.4657244068693556,0.8819946000674994
0.0,0.1744680851063829,0.8294418637253507,0.3956108770377293,0.3042082073226446,0.4403975443214099,0.17984496124030966,0.7740249276586961,0.7606242936330628,0.9144570862588008,0.46500994963044,0.8936044549443128
0.0,0.2661508704061893,0.8354680221311446,0.3759612158680074,0.3224721718596697,0.3797547462027346,0.3535353535353529,0.7991392735901427,0.7570855118706127,0.9033127350595046,0.464072089353639,0.902708403644954
0.0,0.21624758220502915,0.8368768354057035,0.3620107055906824,0.3400549171028348,0.22290964206047814,0.33621933621933603,0.7967860318645632,0.7564684918889516,0.905829263419162,0.4641989180089681,0.8784864052123793
0.0,0.19497098646034813,0.8409502895352394,0.39150375705538104,0.3191958112082756,0.4105609830906997,0.1617122473246136,0.746621206687333,0.7562439338994519,0.9116807487596332,0.4570103024475989,0.8847429311280954
0.0,0.21702127659574466,0.8448507372805205,0.4148313368764368,0.3325024942393165,0.4175684156111856,0.3115338882282995,0.7479427557983579,0.7558106569226023,0.9164373994814996,0.4574112172180181,0.8666583134945495
0.0,0.2750483558994197,0.8462215767536385,0.4226911605404685,0.3329242136916101,0.4414641986053281,0.3234244946492272,0.7627893038039978,0.7532406445618881,0.9110668352307141,0.459169569196796,0.8613289896838323
0.0,0.3508704061895551,0.8456049610803062,0.4343312277678689,0.3340759071155992,0.44227084110276976,0.4756242568370988,0.7659531611552991,0.7512394256835307,0.9056372268162364,0.4556960320160098,0.8659566470367119
0.0,0.3988394584139263,0.8433580946238521,0.4379205596201561,0.3151936944063053,0.4244334695957493,0.5208085612366228,0.7907923890561974,0.7492953615396712,0.8997662799127085,0.458348387561993,0.9120995698116356
0.0,0.3760154738878143,0.8386558616876874,0.410441204086719,0.3008963313442564,0.4020808602187931,0.4470868014268728,0.7957346879621124,0.7468468141597314,0.8949986643862571,0.4591964034748742,0.8935471745395317
0.0,0.4456479690522245,0.8359272094405785,0.36908625115338795,0.34400587480352285,0.390503415800424,0.4411414982164093,0.792570830610811,0.7443783081597394,0.8916472951730253,0.4591376163080678,0.8740675771624272
0.0,0.3961315280464217,0.8330748328615825,0.3312670664117747,0.3140120923101638,0.4181537455086914,0.2675386444708681,0.7768498002937869,0.7422794776830987,0.8924870700363537,0.4615371143499717,0.8484400451071298
0.0,0.4127659574468088,0.8341654591284613,0.33461808902349666,0.325362370522769,0.4178107744839571,0.3638525564803809,0.7453733499059195,0.740579811774717,0.8912077113298249,0.4588766913125453,0.7811552437037967
0.0,0.4773694390715668,0.8335731091592928,0.3213013086965896,0.3120659043514004,0.4335214065308904,0.414982164090369,0.7543687269404417,0.7391818890559144,0.8870108501748807,0.4560805496501785,0.7954141085077058
0.0,0.44255319148936173,0.8323364834256786,0.3075574325185946,0.2924995696130745,0.4071583723769244,0.2758620689655174,0.7402885791627569,0.7380210727262452,0.88781626737308,0.4585025421264403,0.7755299293427546
1.0,0.3972920696324953,0.8336181540596614,0.27915875876870866,0.314511147878425,0.3472632899208139,0.2663495838287756,0.7533615984357571,0.7364047909095358,0.8821645841919373,0.4561770238176062,0.7966771097187038
1.0,0.432882011605416,0.8354826968522753,0.25317848555410405,0.3365970389761217,0.4131329898158974,0.21521997621878752,0.7637718681988118,0.7348533637801417,0.8795393012620688,0.4574850778382789,0.7924244054664799
1.0,0.4456479690522245,0.8385894318346612,0.24312169103332895,0.3442196955818946,0.4006403617315391,0.2728260869565217,0.7584365435349718,0.7326991610095134,0.8715827712639473,0.4566798578973828,0.7956148182123464
1.0,0.3794970986460349,0.8444530889290158,0.2311535905094481,0.3539801321153695,0.4740074035427736,0.24565217391304334,0.7630840731224421,0.7318442435561171,0.874365284853056,0.4575135710715771,0.7773746242618329
1.0,0.32533849129593795,0.8523282487082253,0.2452330854566173,0.3714993900182564,0.4509566652448993,0.19239130434782573,0.7413890512849484,0.7302290784038875,0.8758424662633372,0.4583339617046509,0.7741607737950091
0.0,0.4936170212765959,0.8643667145121083,0.2693352799245798,0.4865816580705989,0.4794471612802152,0.6760869565217393,0.7471812683923775,0.7283051862203817,0.8776601837351165,0.4592243863072604,0.7603023652767621
0.0,0.4034816247582208,0.8688273671997873,0.30537498763202825,0.417855077974076,0.4703119495988118,0.8076086956521743,0.7939120310097321,0.7258171762608464,0.8754172790584093,0.460818270607445,0.7980283956536929
0.0,0.2406189555125728,0.870156471002774,0.3366729213328057,0.37618792184858096,0.0,0.6902173913043483,0.8020329257328702,0.7230383733834632,0.8700763310857057,0.4616067925613563,0.8247556493861914
0.0,0.3241779497098647,0.8701644734605714,0.3291275268821794,0.3736767133703774,0.512625448258697,0.7054409005628516,0.7984072631160062,0.7207438884332623,0.8604330946398691,0.4617606886211529,0.7938773295295976
0.0,0.3388781431334625,0.8640653427373577,0.2769512476953742,0.3818345680569052,0.5057912942966261,0.6660412757973737,0.824450132400552,0.7183740293797499,0.8512630509560221,0.4609510941393451,0.8206560256370748
0.0,0.3516441005802709,0.8577235377057153,0.2305542257903095,0.38878325044719547,0.4653600176807259,0.7307692307692311,0.8147718731116341,0.7160328222777733,0.8437383896351233,0.4601095907690204,0.8088527402413698
0.0,0.3547388781431335,0.8500509869892108,0.17673478578914953,0.3900926474818992,0.4667576821155604,0.5994371482176363,0.8564866444934633,0.7143376583176412,0.8465301831801456,0.4611187515828205,0.8530054603765932
0.0,0.3342359767891685,0.8423893711851338,0.10563044445727,0.3776501580606668,0.4667421728719757,0.5356472795497188,0.8212174955416139,0.7130819408378174,0.8527956774125166,0.4614943698845431,0.8083552700069899
0.0,0.3698259187620889,0.8366900473860313,0.056283230413251006,0.398801203115486,0.5028221518959325,0.4549718574108821,0.7804705500886765,0.7127829694549627,0.865816409767386,0.4606398535750033,0.7700144261514897
0.0,0.3949709864603482,0.8343095144147912,0.03440627917694855,0.4131873436983426,0.5060995736334852,0.4521575984990621,0.7634623604144455,0.7126001466195261,0.8751999918324463,0.4625420857758651,0.7531417778372669
1.0,0.2479690522243715,0.8347117947404832,0.03710683232148376,0.3786414046632681,0.5198118059829497,0.27861163227016883,0.7447985497349532,0.7116770440393948,0.8780605646164369,0.4644129841475014,0.7300673716146879
1.0,0.19187620889748552,0.8390235773713808,0.05401489288604955,0.39982176652386897,0.5006944419910156,0.26172607879924953,0.7128259043277048,0.7104202411547013,0.8811470759702106,0.461453483386845,0.674534124540817
1.0,0.2676982591876209,0.8413383070169651,0.048047638565482935,0.3958380945671032,0.4767821513797038,0.2973733583489677,0.7099420778289256,0.7095665368082703,0.8869172400002022,0.4612952653644205,0.6628890971013846
1.0,0.2618955512572535,0.8441122268882923,0.06299655319088687,0.3906805240248922,0.4909602041186123,0.1810506566604128,0.7154493512618583,0.7090125674123072,0.8978477421953975,0.4617151285749668,0.6828403158881006
1.0,0.14622823984526118,0.8498216738113444,0.06410211172307563,0.3899677817962096,0.5123078011557665,0.1557223264540335,0.6916221646876182,0.7088166829055694,0.9014132630428552,0.463092616204305,0.6493627210398727
1.0,0.2483558994197293,0.8601829696598609,0.10166916409109016,0.3926087430268136,1.0,0.2579737335834897,0.6990749156222825,0.7086073005518746,0.9051918951344614,0.4638058047441489,0.6700575558827468
1.0,0.1427466150870408,0.8685641478152419,0.11295115405360018,0.3888583619121376,0.5235574386088095,0.13133208255159465,0.7029413065158756,0.7081134006158846,0.9063284405537868,0.4641567075681794,0.6816728386799329
1.0,0.009284332688588082,0.879621586414292,0.14988520012333836,0.3886938927493193,0.475173304754943,0.0489130434782608,0.6636485563672627,0.7072659135433651,0.9104302984834246,0.4602838481332465,0.6174839007123841
1.0,0.1852998065764023,0.8959429862341204,0.22875564186072525,0.4238379923476652,0.5369523072430984,0.02691065662002153,0.6694456862966656,0.7062905189539167,0.912998208802096,0.4571962655257187,0.6243846577135295
1.0,0.08201160541586094,0.9078637462489896,0.2941384890693477,0.394243011293888,0.4625759069269986,0.048009367681499264,0.6954983812251596,0.7053710461752908,0.9220234698518244,0.4565931040177682,0.6545308526301701
0.0,0.015473887814313303,0.9213473097508748,0.3599120561266602,0.3770672490675882,0.4685531301310446,0.039714867617108005,0.7121184579634385,0.7040247922190799,0.927590041899506,0.454813910249543,0.6784083641933996
0.0,0.2123791102514508,0.9317660625417999,0.4053953198395989,0.3955997850837189,0.5559979753765883,0.2911917098445591,0.7444153496209754,0.7028426514527774,0.9345919886979812,0.4549567298841836,0.714719136215589
0.0,0.3617021276595745,0.9334454662556636,0.4200188888299425,0.39954039528243707,0.5178139695565722,0.615544041450777,0.7938923797218357,0.7009120309541589,0.9329669309354476,0.4609625164895775,0.790657207870432
0.0,0.28704061895551264,0.9301604981407292,0.4463909753387296,0.4203763434961594,0.5363073887859163,0.5129533678756473,0.8189035563918269,0.7002668140659829,0.9434565395401644,0.4602233794049602,0.8056038905992058
0.0,0.22359767891682789,0.9297898563135091,0.4952629666140175,0.4447169953380979,0.529269936237036,0.4300518134715025,0.7455354730310635,0.6993830154269814,0.947286458323412,0.4549836871021323,0.7430657802763274
0.0,0.2394584139264992,0.9298650659032716,0.5350223936360593,0.4016315114718627,0.5182250194480281,0.4673575129533678,0.736112680484797,0.6992532814278062,0.955772709073717,0.454144843233688,0.7242374217344101
0.0,0.20309477756286293,0.929493523587581,0.5727244106075984,0.3839326571347019,0.4964349883621477,0.3139896373056996,0.7535188087389275,0.6979066588310355,0.9558982798674032,0.452456303819388,0.7450289266645845
0.0,0.14777562862669247,0.9330870110532704,0.6281773591391693,0.4132164853770645,0.5018198575952018,0.27906976744186,0.7241008307581958,0.6961279257807672,0.9577949976333898,0.45338593057446896,0.7005978673091507
0.0,0.05415860735009692,0.9359409087078387,0.6533391649005272,0.4159056072792222,1.0,0.10496183206106886,0.7394091840293979,0.6949838100428537,0.9640228089633964,0.4514785380973498,0.7068144975386307
0.0,0.11450676982591905,0.9423409037825006,0.6685050722208591,0.4450561011252121,0.5175636222619352,0.040076335877862766,0.678662140320021,0.69327838613158,0.9722975547732688,0.4486724722065572,0.6261693362483082
0.0,0.18800773694390716,0.9504142202399416,0.6828577336765048,0.472408380536665,0.4868778671459658,0.19782393669634024,0.6771833809058261,0.6918669987292329,0.9868477186066468,0.4488395132136093,0.6046119067802912
0.0,0.2150870406189556,0.9547331502926018,0.6866015002332917,0.4837286497773019,0.4271873130624095,0.32344213649851666,0.7428530722332212,0.6903184980780576,0.9947765258378728,0.453409783137005,0.6848555154002883
1.0,0.2452611218568664,0.9571948625198314,0.6805206732154235,0.4966218442092286,1.0,0.15631262525050058,0.7499226230539083,0.6887945505478056,0.9993481556763624,0.45424321411719104,0.7016512734396866
1.0,0.18762088974854935,0.9615189497381068,0.6527503830220891,0.5186667321923061,0.4650919982392033,0.047094188376753415,0.7240222256066107,0.6877577748218858,1.0000000000000002,0.4516758515377052,0.6582924565822619
1.0,0.32998065764023216,0.9723067606966228,0.6837555145191647,0.5319302856985959,1.0,0.2167493367170376,0.6977189767574392,0.686958273029073,0.9959127423451728,0.4526937317894067,0.6204943509066538
1.0,0.24990328820116056,0.9770477750452856,0.6949920936974273,0.5405417495801194,0.4945851342467666,0.037951320798246715,0.7529489213899356,0.6863224569355727,0.982280674706301,0.4597909780205928,0.7088535880098007
0.0,0.30135396518375235,0.9883955596714208,0.7325832053084003,0.565021615846303,0.4826606686842096,0.07936507936507868,0.7207404605279317,0.6857612138771564,0.9743658550575052,0.4564938447257994,0.6561573382581247
0.0,0.3733075435203094,0.9950815249549614,0.7511687653672703,0.6012048601820559,1.0,0.4601648351648353,0.7352283725294646,0.6843697629350155,0.9687068970855492,0.4579607508267807,0.6968383721700232
0.0,0.3234042553191492,0.994637883069276,0.7447902423485236,0.5698563317328029,0.5060726063855079,0.03571428571428641,0.8268426767019244,0.6832387937931613,0.966063831882398,0.4662831692850841,0.8001486266748095
0.0,0.4982591876208898,1.0000000000000002,0.7654420115852729,0.6299651004713437,0.5428368928793433,0.5274725274725278,0.7448280266667975,0.6809784727677589,0.9571963580651212,0.46093726911585,0.690024205970806
0.0,0.5663442940038684,0.9997223082724178,0.7636855419738096,0.6827917289687901,0.533175068514209,0.7774725274725278,0.8147718731116342,0.6799418837522256,0.9616747755270872,0.4666729819805314,0.7895254162693468
0.0,0.4858800773694391,0.9944045329493448,0.7478895682450972,0.6776580000491209,0.512931285078234,0.5645604395604394,0.8779360252322537,0.6785737209628132,0.9745293756588064,0.4715304719320592,0.8796554800828921
0.0,0.5206963249516441,0.9913969493928698,0.7455741846698773,0.6987160410573005,0.4915005710845524,0.5154677599701823,0.8673292425902359,0.6768605700912128,0.9817969602106016,0.4694921017578267,0.8800296454064008
0.0,0.5972920696324949,0.9869008040263187,0.7233518555461438,0.7067056302597033,0.511577632354849,0.6609392898052691,0.8611194356150116,0.674919946239848,0.9817969883862382,0.4689320338247995,0.8682938061247986
0.0,0.7083172147001935,0.979050045079588,0.7065493100801247,0.7312191567912074,0.4851422302965052,0.8206429780033843,0.91314130749844,0.6723598449882352,0.97217325326752,0.4722560654413653,0.9300454754777802
0.0,0.7996131528046422,0.9693092991282032,0.6923050578065575,0.7651855393941794,0.5065485731641547,0.8362239430029131,0.9162511238080262,0.6691681160927413,0.9687328891017448,0.4727762324500819,0.9266204236702736
0.0,0.7806576402321083,0.9589926680639532,0.6797359840724209,0.7600889584742992,0.0,0.8050359712230215,0.9239986440611352,0.6659643249522625,0.963025872032728,0.4739355905725264,0.9233608680635504
0.0,0.8851063829787233,0.9493684170626328,0.6467020946140251,0.7894992563786825,0.5006896824999536,0.8977841315225161,0.9339471085586272,0.6631424759754126,0.9633817445953198,0.4753154266470256,0.924644275197468
0.0,1.0,0.9386796825615766,0.5977451562910889,0.8076772593520761,0.4706290457961474,0.9909801563439568,0.958535782538848,0.6603415373645697,0.9583459346089246,0.4785004923308535,0.9861686819441166
0.0,0.7996131528046422,0.9277203696917355,0.5441861960692838,0.6923956528540635,0.5269692992318755,0.9461794019933554,0.9515595753356684,0.6578417904305971,0.9457839660671676,0.4781910581307745,1.0
1.0,0.7411992263056093,0.9220918544545552,0.524923655824142,0.6417925763991639,0.5985896403958225,0.9495016611295682,0.905831028401024,0.6552438157395691,0.937204522251424,0.4772593682276709,0.9925596169493652
0.0,0.8382978723404255,0.9153955096109508,0.5134661569890102,0.6367946769784362,0.4904305318425417,0.987375415282392,0.8970812924652046,0.6533060113438832,0.9247854813191208,0.4763769996621151,0.9956135113403866
1.0,0.6553191489361703,0.9068519371668295,0.5073875182376231,0.5881176855631448,0.4614940374273694,0.901550667147494,0.8768257274661134,0.6509610284215449,0.921699252678436,0.478094491086033,0.994016399497673
1.0,0.5702127659574469,0.9058513752630072,0.5392455118762359,0.53800341926576,0.4518274128238822,0.9304002884962136,0.8605790251978639,0.6487246488104091,0.9138366934275528,0.4767280615230829,0.9675953335946168
1.0,0.5195357833655705,0.901368890343295,0.5619872142425809,0.5673971813672756,0.4611611897922992,0.8611611972592861,0.8354892433762875,0.6462072002299725,0.9081298570836224,0.4740558653454465,0.9248315232294358
1.0,0.5493230174081238,0.8978703457462252,0.579024387015847,0.531241290801272,0.4683379950041526,0.8986657050126222,0.8140889908572383,0.6439587971843103,0.8929255858076129,0.4720773582002246,0.8723834966357764
1.0,0.4758220502901355,0.8939316471803462,0.5937903111766263,0.4956938027069286,0.0,0.902271907681212,0.8484885703196773,0.6416495610957907,0.8720576473703122,0.4733836203359277,0.9235105957616956
1.0,0.4518375241779499,0.8885753277486723,0.5881415490893392,0.4848931310394993,0.4854351677432629,0.9866570501262174,0.8675650580449915,0.6397974050007272,0.8567207565440692,0.4723693616608308,0.9441663334666136
1.0,0.43481624758220505,0.8793236645105944,0.5608274942098562,0.4790633878059053,0.459262872030605,0.9713818479149631,0.8802106618062482,0.6383929742536602,0.8479173697226766,0.4738947356477839,0.9889036732389828
1.0,0.3551257253384913,0.8719013103506377,0.5357387960176803,0.4974748589928781,0.4677470065679944,0.8044117647058825,0.8432515020953186,0.6364421955789051,0.8380701338026452,0.4729943344879925,0.9410910850368944
1.0,0.32224371373307564,0.8672960348838101,0.5083114481693489,0.4851445138755397,0.4899998302921004,0.808823529411765,0.8177834329817388,0.6348424967638343,0.8281991892295265,0.4707973868104359,0.8720535462279748
1.0,0.35551257253384905,0.8609637375447571,0.4802717250396049,0.4479007685959542,0.5010457088728308,0.8477941176470587,0.8122565082609101,0.632366615792089,0.8197960816036359,0.4693608604423616,0.8807306157009801
1.0,0.29477756286266943,0.8515992064600577,0.4276951349516666,0.4226858782512765,0.4475445437163053,0.7279411764705884,0.8473094930459002,0.6295725948376033,0.8129610851598897,0.470822646039065,0.9051489859279868
1.0,0.25454545454545474,0.8454538503200226,0.4063912718551244,0.4274962197590852,0.46806294257882,0.6514705882352944,0.8508565505111791,0.6263073462234215,0.8063399522579734,0.4721994442533105,0.8755400882995275
1.0,0.1783365570599613,0.838316566748923,0.3753911603815516,0.38685031406924986,0.452047472872164,0.5022058823529413,0.8507877710035419,0.6234080267909482,0.7999686793311135,0.4720531977539174,0.8827285125446661
1.0,0.19497098646034813,0.8345089931177543,0.3619227191173057,0.39080020924027736,0.4542325801708493,0.3249999999999997,0.8269114562095613,0.6215703318834173,0.8015111805830423,0.469924789443708,0.8246489550555808
1.0,0.2336557059961315,0.8353870618389571,0.3600619390335359,0.4111570698599265,0.4437023704381036,0.3213235294117646,0.781349945222035,0.6194077107808204,0.8036967074758,0.4681673948479828,0.7604008733094794
1.0,0.18839458413926488,0.839598037735027,0.3642195447274008,0.38371093241269344,0.4646561560173293,0.21691176470588214,0.7873239367425042,0.6184748187357493,0.8058705999399288,0.4693250781647776,0.7539330830405309
1.0,0.0943907156673116,0.8503787073402223,0.4036853007336002,0.3644915421893585,0.42679907254015137,0.0007698229407234808,0.7412465794477006,0.6170803849257877,0.7995944972513046,0.4666691534255252,0.701857522855802
1.0,0.14777562862669247,0.8690999825151438,0.4718113772217459,0.3911955381676914,1.0,0.18572587185725864,0.7077460464065162,0.6166360436915799,0.7972095387618695,0.4627765548943085,0.6380773558054109
1.0,0.16711798839458414,0.8815035209497744,0.5337134320456933,0.4023505999519196,0.40630865148952855,0.3122465531224657,0.7825339353177858,0.6157592781880411,0.7991810875698283,0.4748010222703321,0.7650742267890235
1.0,0.14313346228239854,0.8897608349127064,0.5798279954999351,0.376223760049666,0.4702412274943456,0.0,0.8242094041238227,0.614459884476536,0.8040844435193356,0.4779079526310375,0.8165166506763538
1.0,0.24680851063829795,0.901765351393922,0.6475231009940658,0.3842333724403704,0.4949581623032348,0.019488428745432,0.7772870414494788,0.612307777232625,0.7968081421047676,0.4723599441865202,0.7380127580726669
1.0,0.3593810444874277,0.9098535241112776,0.6765293615863954,0.4070989906345919,0.5508005032513137,0.11669367909238243,0.8638951800303613,0.6103433620985393,0.7873248220839476,0.4834134493804722,0.8538900403541797
0.0,0.4092843326885882,0.9109810351529806,0.6583930908731226,0.3912908309393146,0.5159557046515522,0.17341977309562415,0.9279682042161836,0.6079614297611909,0.7734816714484606,0.490731668531457,0.9346230293984692
0.0,0.4738878143133465,0.9123592593869336,0.6388727611489804,0.4348949413105173,0.5354836891161578,0.2876165113182429,0.9447012758598664,0.6053688256757218,0.7648478762207549,0.4897761837251736,0.9547936653726652
0.0,0.5261121856866537,0.9150264905416408,0.6072825726688396,0.4770215413632578,0.5383645770912038,0.5567144719687092,0.9363249143940772,0.6026353756669619,0.7526159318390816,0.4890613983330037,0.9357403871595192
0.0,0.5969052224371373,0.914965683115652,0.5817294671058673,0.4898537083997188,0.5540048585542615,0.7900912646675358,0.9758190902436268,0.600748398269712,0.7536943783170325,0.4921337423990893,0.9766032357527394
0.0,0.5686653771760155,0.911024546932884,0.5299317535288917,0.4743692706684692,0.5264987839590718,0.6172680412371134,0.9733528536126436,0.5989324207192391,0.7526641923843913,0.4902680518001351,0.9966251225318584
0.0,0.5729206963249517,0.909553209090186,0.524911415420732,0.47512099309377903,0.0,0.786845310596833,0.9248976904823901,0.5982053254493284,0.7580819883720237,0.4882654898504808,0.9306189609298424
0.0,0.6147001934235976,0.9076287697433548,0.5135969959347613,0.4601712968425575,0.5521640035154745,0.8976857490864795,0.9250254238537158,0.5967070694622661,0.7566493311472007,0.4868781149531856,0.9560495728889512
0.0,0.5477756286266926,0.9016509971235778,0.4972928751231865,0.4460120348099102,0.5675526905796816,0.8574908647990253,0.9650698357643612,0.5947924766040783,0.7585371755065359,0.4900544623514469,0.9988166923400088
0.0,0.5582205029013539,0.8968160806180814,0.4945130573891003,0.45282190021114094,0.0,0.8501827040194879,0.9543746223268104,0.591903131391578,0.7586077135498634,0.4891059718362055,1.0
0.0,0.5411992263056093,0.8890294472615101,0.4685114281800585,0.4726228166021924,0.6270860013523268,0.8501827040194879,0.9413359928076288,0.5895008130961633,0.7578024690066025,0.4876390195896406,0.9985228519195616
0.0,0.5721470019342362,0.8797239289825292,0.4405513383394288,0.4918842490829433,0.6206310523722819,0.9746478873239436,0.9345464728394636,0.5871218749074313,0.7562890261037697,0.4868455804419333,0.991483087215828
0.0,0.5098646034816248,0.8684674202316645,0.38171947497044784,0.4553534114154514,0.5647541131442325,0.6766169154228849,0.9371158787319022,0.5844189239264143,0.7504953678178349,0.4874986782581773,0.9961218179256542
1.0,0.4905222437137333,0.8633016577735622,0.35534007931365835,0.4428121673156675,0.5829869415784339,0.5024875621890548,0.9048926794039764,0.5823320119892199,0.7493946687618408,0.4841212309101892,0.9505720374204664
1.0,0.4920696324951646,0.8625930310122496,0.3429143951801353,0.4443325111246519,0.5539451275316106,0.4610281923714761,0.8977789131855226,0.5802603165038059,0.7466540632577293,0.4815710549027525,0.994210452396186
1.0,0.4514506769825919,0.8626505231320365,0.34597048824455634,0.4043912611858464,0.5760573027715572,0.4784768211920526,0.8951898560051879,0.5786922317361837,0.7510884267073108,0.4819051081888043,0.9748865070839968
1.0,0.5191489361702128,0.8639635882703731,0.35377133222371404,0.4114804297979049,0.0,0.7367549668874169,0.8826474215053868,0.575891757221847,0.747841196842145,0.4837169681895224,0.961377125787002
1.0,0.5264990328820118,0.8589168494189117,0.3243983026804172,0.4168137378106931,0.5757826081152922,0.9122516556291391,0.911721501947934,0.5740883060445411,0.7528413222537615,0.4850199843822594,0.9800534730008392
1.0,0.5253384912959382,0.8503879930917675,0.2697924467380659,0.4183636270153094,0.5267696269230152,0.9249448123620316,0.9089555831765326,0.5720801182921559,0.7497857730064388,0.4835918290475364,0.9956640399769368
1.0,0.5493230174081238,0.8426425089461478,0.2207661912152844,0.4356871279762802,0.4833567771994355,0.8887938408896495,0.8942367685422182,0.5705548912907318,0.7463000865768905,0.4855106078307891,0.9955577182682952
1.0,0.5493230174081236,0.8383125726977361,0.1955285181159226,0.4363213055308197,0.5086475395618071,0.9505798039118092,0.8828881497821163,0.5674009982159626,0.7295015138708683,0.4843186377721237,0.9811441937913812
1.0,0.4301740812379112,0.8359071055040308,0.18626648231669435,0.3871611480867533,0.4318988406601508,0.7983333333333333,0.9008936423170832,0.5639516852169942,0.7129343145249409,0.4882226961845123,0.9607213094445392
1.0,0.3226305609284331,0.8363644647359927,0.18763572426268796,0.3543571696073103,0.491737391911221,0.4783333333333328,0.8849367965453036,0.5601101859678933,0.6938819909911162,0.4866630908604183,0.9244681905139364
1.0,0.3404255319148938,0.8437471220119526,0.22895778005645814,0.3674763951546074,0.4606677180807358,0.5783333333333331,0.8629224412794954,0.5571352463075813,0.6829456103823737,0.4846558086731506,0.8687404816116046
1.0,0.16789168278529995,0.8486483682480783,0.24307060787862306,0.32034938226798704,0.4635501529197862,0.3893303064699204,0.8922519884646939,0.5567533196671631,0.6868228563174112,0.486297977974187,0.8967252565593615
1.0,0.15860735009671184,0.8559931013742448,0.2882921061377106,0.3112078700625767,0.5026520683438411,0.2985074626865668,0.8415565785142642,0.5572509203504245,0.6985955488228628,0.4726424274145486,0.8973616261803925
1.0,0.16015473887814344,0.8601878482938119,0.30136434585003313,0.3136969429505432,0.49047469625994505,0.40618336886993617,0.8259288918147473,0.5582998350081542,0.7112400925019748,0.4732639696935344,0.8892936297206557
1.0,0.16247582205029024,0.8642283652030771,0.3199078569008028,0.3149001487346611,0.4571262264515063,0.3684210526315789,0.8388152238527332,0.5573012600443584,0.7157194596031934,0.4717192042799716,0.9080701908377404
1.0,0.17330754352030964,0.8666223486543891,0.3175015162189766,0.3219046225952319,0.454235712958486,0.4688372093023255,0.8433350200688776,0.5555908297939037,0.7183613744252636,0.4686057468791319,0.9139364947005773
1.0,0.20618955512572554,0.8653851912053285,0.2939703720644483,0.34540183259540297,0.4465112150572084,0.43813953488372104,0.8589676195903688,0.5540293719126116,0.7164942903143354,0.46749005351069206,0.9295750952725784
1.0,0.2669245647969052,0.8647906803930268,0.287245574710922,0.3375571671411393,0.4634617084937432,0.4790697674418603,0.8535340384870473,0.5522539837729948,0.7135965976092826,0.4701820901743598,0.9279731993299836
1.0,0.1814313346228239,0.8619047806098683,0.26595118975519183,0.33618041891561645,0.4881665745216036,0.3393987341772152,0.8648482674933307,0.5502184326928682,0.7079062231738403,0.4682751717892146,0.9392084147081842
0.0,0.21392649903288205,0.8632370233596507,0.27040266493594745,0.3557269918164185,0.4167774378296504,0.2420886075949369,0.8537305513660102,0.5479846114305321,0.7040377258259768,0.4674733232147321,0.9054296226401294
1.0,0.16750483558994192,0.8662354372333994,0.2704628428069841,0.3747815225218097,0.4421921202193902,0.1985759493670884,0.829195918427504,0.5454538705481912,0.6998913650455216,0.4681793652596238,0.8704731810435
1.0,0.13268858800773692,0.8726002622649682,0.3003356558973035,0.4029676670704875,0.4568290809679164,0.17563291139240494,0.8461058516622533,0.5431577586916084,0.7036678215055743,0.4672552146124303,0.8743352863297567
0.0,0.20309477756286268,0.8788952799515042,0.3288368255097575,0.3957921991233656,0.451963355813001,0.2666139240506327,0.8499820681997946,0.5399730993196817,0.7034273981805028,0.4682252637257798,0.8661795147498776
1.0,0.22978723404255336,0.8838329247624068,0.3566390707531665,0.4141010452392363,0.4167509614795996,0.2515822784810126,0.878741728036001,0.5378197613190446,0.7041126970032261,0.4694944686934488,0.8792141200909934
0.0,0.20773694390715655,0.8896980815490507,0.3857437775450544,0.4053546362619747,0.40489590173667017,0.32041139240506306,0.8559167571444712,0.5351347188845751,0.6952602496360959,0.4690308891542137,0.8614030852954729
1.0,0.17524177949709868,0.8953089854254894,0.4135646833052093,0.3791388872756166,1.0,0.21835443037974667,0.8746788242634451,0.5341358199551872,0.6972530988235062,0.4724702473691523,0.8593939128786222
1.0,0.14468085106382986,0.9031133029980464,0.4482807229270325,0.3526345496361029,0.3942435018367331,0.14477848101265808,0.8384369365607298,0.5328235925220978,0.6996493974038079,0.4690643731974338,0.8392558721670305
1.0,0.1241779497098649,0.9141260270219856,0.5007847638907953,0.3844637583615445,0.3916286839801377,0.04302925989672978,0.8261204918717359,0.5322847279831157,0.7089182699056487,0.4709716022217855,0.8265337325150584
1.0,0.2181818181818182,0.9267143241059884,0.5604741141888332,0.38948753930181945,0.4202861289612431,0.14630668314478512,0.8286505951883818,0.5294882859429048,0.7026743998801088,0.4714963047122947,0.8243007801110787
0.0,0.2727272727272729,0.9359858580534332,0.6079309668118814,0.3785452292757311,0.4145703090039287,0.12688172043010754,0.9006971294381205,0.5268631048057729,0.6965833229282008,0.4807789072649502,0.8744284281864018
0.0,0.25029013539651834,0.9437616601908844,0.6397047121359986,0.3664422505810409,0.5879942993745055,0.14193548387096705,0.9056836437418018,0.5244004774871046,0.6894930344252231,0.481037549313603,0.8941223662542754
0.0,0.4417794970986461,0.9536661148073312,0.6895314136490449,0.4497081560227634,0.6092053635823749,0.41535833935492295,0.8872703869829867,0.5239873459022558,0.6980410608150759,0.4817204265110345,0.8774015116328168
0.0,0.3961315280464217,0.9522283460683344,0.7023491022673973,0.4624446977504808,0.4854539263525342,0.3513105169808835,0.944106824401004,0.5239506836661955,0.7100607016030093,0.49089627163621397,0.9813086742952049
0.0,0.4630560928433268,0.9517808534259128,0.7367453012530214,0.4662670100857115,0.5115783581671577,0.5106089469881093,0.922367587165744,0.5230443117827225,0.7185286825870841,0.4898404237816622,0.972265619502034
0.0,0.4785299806576404,0.9490781412245352,0.7886499251266108,0.4776888339888498,0.0,0.4728371543059841,0.9441903423745632,0.5215671779390866,0.7267844694158893,0.4899301697112429,0.9992821855339272
0.0,0.4800773694390714,0.9472403578956798,0.8333145404537025,0.4774650693782592,0.6827296725223221,0.6692514638392143,0.931903374617414,0.5193985034786349,0.7342106640550623,0.4923421245016845,0.9898674040984188
0.0,0.43481624758220505,0.943186541194868,0.8492100544893356,0.4449128254486868,0.0,0.4825130558632687,0.9333330058118684,0.5173031449794004,0.7397460148165832,0.4924527466852587,0.9945259873785716
0.0,0.4019342359767892,0.939558577777298,0.8401286409280545,0.4181086056519179,0.7656068117664995,0.30368729229308405,0.92000943261819,0.5153390999759823,0.7483995099178096,0.4910092137639255,0.9927246904007944
1.0,0.5463666332234485,0.9591113017289804,0.9363898202852988,0.425376133471705,0.4882332143265002,0.5663233970833984,0.5311792246584358,0.9876416516802424,0.3621795260509752,0.5148829710661211,0.8304071745702466
1.0,0.543213415508098,0.9546050875154934,0.9250882312443494,0.4238924580935386,0.4484499929076881,0.4805054006665512,0.5503146662474392,0.9869499786981384,0.3734012125176319,0.512543642142056,0.8441504231124378
1.0,0.6257703884190912,0.9497552090037488,0.925355230884222,0.473811068977378,0.4753447137175504,0.2796631856013065,0.5056325503932712,0.9871529967170954,0.3794693767671601,0.5132126448304439,0.7967542406112043
1.0,0.8027805647126269,0.9477302343434624,0.9122282119428526,0.5373284106319046,0.4612644142119876,0.7593278105153118,0.4443696603766172,0.98907596165884,0.3873330370821911,0.5125066462338401,0.7553474075666925
1.0,0.8090870001433278,0.9439493505115368,0.8935551178090537,0.5394795304012578,0.4735148689566195,0.8888193035173397,0.4523529960844807,0.9914210967093784,0.3924143193425438,0.5129254659326258,0.8019024248327156
1.0,0.7827146337967609,0.9391756280278004,0.8631137136422762,0.5305054843971189,0.5037130399479226,0.747005654480529,0.4652982819861557,0.9922003182759694,0.4032666755754648,0.5137651400301384,0.8346952199046259
1.0,0.9019635946681954,0.9355891247188268,0.8371566697035102,0.5715773710189039,0.5077422529845876,0.877377862618404,0.4500587082225904,0.9924233138150031,0.4118320321707691,0.5127758354825722,0.8094539382976842
0.0,0.9187329797907412,0.9295561796851656,0.799433409570512,0.5789446336663876,0.5017374732069259,0.8847654874822724,0.4829353128730672,0.9919582176922468,0.4167895854843183,0.5149566290052425,0.8754822469863516
0.0,0.9035402035258704,0.9233634218418684,0.7624193306585829,0.5735558203697904,0.488250125959375,0.8560989348112532,0.4838097951844516,0.9911112013477468,0.4144578965020765,0.5150564339747568,0.8669061563175934
0.0,0.9835172710333951,0.9191096474302268,0.7556634530590668,0.5715542487729443,0.527397969308464,0.9087346052770422,0.452490555099755,0.988750172991494,0.404933441998414,0.5130030892648807,0.819282289993296
1.0,0.8767378529453921,0.9132616041763212,0.7389607169962034,0.5176974928273429,0.0,0.8512770331619334,0.5130951269718839,0.9856792075852584,0.3896700366259367,0.5136055825052577,0.8716622183993827
0.0,0.9058334527733984,0.9091167708261704,0.741505086855973,0.5483802857202479,0.561851707511299,0.9406622977658392,0.5378704881871192,0.9824611923581102,0.3763916882470584,0.5154508427490749,0.8637185827946923
0.0,0.9422387845778988,0.9011668983267432,0.7250175256421926,0.4938696966025302,0.5929253991162198,0.9654095604131636,0.5695483642759236,0.97969458939292,0.3588682834100462,0.5139864191718035,0.901887245911178
0.0,0.9036835316038412,0.8908034822596935,0.7109997150718314,0.5364261703916404,0.6399142183106084,0.9248138361758348,0.5868316719807025,0.977193783229672,0.3452527061900388,0.5115209181071798,0.9127654730131424
1.0,0.9172996990110364,0.8804401394818815,0.6795286402588012,0.5433551747325424,0.0,0.8794138842181124,0.6078929397835411,0.9746587407276592,0.32993605369337065,0.50934756105238,0.9151435040540368
0.0,1.0,0.8694940481872231,0.6575174331719387,0.5419244320263249,0.6601663756596627,0.9468438538205984,0.5998359117460662,0.9725064470425164,0.3221658506259182,0.5088450487599274,0.9034177871662216
1.0,0.9853805360470118,0.8591742342370587,0.670652328529171,0.5381867668795439,0.6445047503829412,0.9660391288298268,0.6087084682312371,0.9708578865232956,0.3144224056694737,0.5094554826554583,0.9169712991891928
1.0,0.8123835459366493,0.8483760660424393,0.683092758486042,0.42645669063846703,0.5873032979932258,1.0,0.6253629347233342,0.9702160610409002,0.31476821409745226,0.5069432320140335,0.9282100256776756
1.0,0.8292962591371651,0.8389220114797917,0.6860299391122473,0.43490432061909146,0.0,0.9815602836879432,0.5969127826714942,0.9693507330539624,0.3168613912744665,0.5084008223467535,0.9249212593445236
1.0,0.8023505804787159,0.8283756461717104,0.6404679649762222,0.4775417562153954,0.5385104324011575,0.9719148936170218,0.5687082717183576,0.9690483998167128,0.32602733340460466,0.5066086913008683,0.8860189483537194
1.0,0.7047441593808228,0.8171531817313771,0.5960785682973112,0.4792411243890426,0.6935306165374965,0.9530871670702176,0.5657409272460192,0.9690940883700292,0.336038378724192,0.5063489951588641,0.8890673817625254
1.0,0.7457359896803787,0.8061665622727963,0.5560645068152652,0.4956149857817122,0.7004903290085661,0.9697948635115492,0.5337977587706151,0.9700380548412048,0.35215867733349804,0.5075721826914087,0.8864047459428004
1.0,0.6165973914289814,0.7927818721003261,0.4916445670445016,0.4461081410129746,0.4626354035891639,0.9911678115799816,0.5113314238831926,0.970740792172978,0.36445026697735294,0.5095618681094003,0.8842607232756113
1.0,0.5522430844202383,0.7875744200540347,0.4708831101042985,0.4171849755556387,0.0,0.7644628099173565,0.45327660661560604,0.970060217039902,0.3749874147659956,0.5057007176331587,0.8076957132195756
1.0,0.4778558119535621,0.7866526737205553,0.4560883207909408,0.3739992275232666,0.4377738634778395,0.9173553719008278,0.4128833843448017,0.9684221422996876,0.3777485466042,0.5029376121693906,0.7492884880529241
1.0,0.4147914576465533,0.7855918862430493,0.4490182127074832,0.39315679807583775,0.4369181095644768,0.8190045248868789,0.4532864322595544,0.9668619232443736,0.3846287879200714,0.5021764514155406,0.7851929620400468
1.0,0.3379676078543788,0.7854461493449263,0.4444744898144576,0.4002307361389811,0.4383397234634209,0.3790393013100439,0.4524266884140921,0.9645147687752814,0.3873269826594175,0.5021516106144432,0.7754721277053265
1.0,0.23462806363766664,0.7879671527618466,0.4796867776813503,0.3986745583264189,0.39786667747230586,0.30567685589519644,0.4271305680696046,0.9628605460350124,0.3882732201694742,0.5004669965841297,0.717760603109149
1.0,0.1957861545076684,0.7916088499662809,0.5284780954177426,0.4318028898314189,0.4033810815277274,0.3021834061135377,0.4209600636701728,0.9613112008853664,0.39119284977665736,0.5037060294739792,0.7146362750926548
1.0,0.14748459223161842,0.7939772420777922,0.5707554554971296,0.39680978369641295,0.4848122610074572,0.14179412980570513,0.43874447921630655,0.9619311675875594,0.3966739674851598,0.5013285643609326,0.7234969705402429
1.0,0.2271750035832018,0.7991016936517636,0.6248646931061959,0.3859903479229157,0.5247569114086217,0.3232044198895025,0.3797070975539063,0.9633993786810128,0.4084151771167557,0.5006057226116603,0.6911848413170246
1.0,0.19506951411781584,0.8006141791885888,0.6433206260164703,0.3738778230766881,0.4694983372389223,0.3845559845559848,0.4319107438503751,0.9653300910017903,0.4080867863527631,0.504275380062184,0.7922068887005578
1.0,0.21671205389135734,0.8010826098481745,0.6591027286487521,0.3863716332219914,0.5386703529226584,0.27779803135253384,0.4375899660523999,0.9643234699445472,0.402815381627606,0.5009851539342995,0.7940916047914793
1.0,0.26644689694711193,0.8006230136674066,0.6478426028318174,0.3669756876287977,0.4172537729702076,0.3142544659132337,0.443603260148662,0.962730388383318,0.3869161991400325,0.5015301084831307,0.7675980621576837
1.0,0.2847928909273327,0.8014227652552013,0.6712687438082858,0.3763823944437798,0.3964451228476013,0.21071819176084575,0.4484030872173288,0.9613664079880012,0.3770619899170157,0.5018177252033916,0.7894746828237855
1.0,0.19850938798910736,0.8020919339485599,0.6898824029959887,0.37861991522858857,1.0,0.10171345242435363,0.4120531174311836,0.9613035843758531,0.3720499153218565,0.499273827058871,0.7411740895809354
1.0,0.3108786011179593,0.8029540173206533,0.7142811425265443,0.4444040741082577,0.5832020243835147,0.06015311702515513,0.3589504247134596,0.9615754470569025,0.37630658053835264,0.4990887999761262,0.6836017050988525
0.0,0.6426831016196073,0.8040463740017048,0.7204766081132332,0.5533697635538607,0.6001779361507503,0.36774508142864737,0.35075583766071045,0.9618387430049076,0.3885249483840766,0.4984410563459755,0.6917224281214819
0.0,0.5493765228608285,0.8009493498603828,0.6998665343175021,0.5611016967627114,0.6269402314311683,0.33477106834771003,0.4310510000049128,0.960952912408882,0.3875160275762154,0.5006741365747782,0.78372566629141
0.0,0.5510964597964743,0.8044895570777739,0.715724287164238,0.5616143406360983,0.496311634984669,0.3858659588586596,0.3879360743604733,0.959195334772932,0.3904611944737912,0.4976068870458527,0.703271057591358
0.0,0.6009746309301992,0.8068087529705061,0.7206602940667759,0.588920352544244,0.6058985513102964,0.5199071001990708,0.4166171290450947,0.9584117257232364,0.3915656023990453,0.4997635782440013,0.7464930366697448
1.0,0.5477999140031531,0.8060530538225237,0.7284156572201199,0.5659073129074471,0.6105563263964382,0.3762441937624413,0.4432593626104773,0.9562938009423021,0.3875846382453305,0.5017454542195628,0.7880516589296331
0.0,0.5578328794610862,0.8081631967848617,0.7507128109104904,0.5708806149723259,0.5883730126925036,0.34936960849369536,0.4178698986484827,0.9547959752442524,0.3774541518007805,0.5000831073054021,0.6948467561379766
1.0,0.4979217428694282,0.8115259764706415,0.7998905492289093,0.5888615985905804,0.4998058592374839,0.257796947577969,0.3830527293182477,0.9532170298998658,0.36851322341166304,0.5010190817910601,0.6829882236867073
0.0,0.5847785581195357,0.8185560520357824,0.8785075652288118,0.6401824316331818,0.5093100929810114,0.5159256801592564,0.3597708659831293,0.9529907812369104,0.3683145086830443,0.4992774808311167,0.6438772025247608
0.0,0.5482298982370646,0.821153261482058,0.9335749683912946,0.6161345920522054,0.5281070645338749,0.5666887856668876,0.4663791028204515,0.9509140321037376,0.3464858100533881,0.5037960633249753,0.7612545378650849
0.0,0.5594094883187619,0.8229128745899219,0.9865697319928602,0.6226629165761118,0.4479261521902341,0.6121433311214333,0.5441982028897221,0.9470343526872936,0.3177468128792437,0.5061223663419754,0.8290853434863454
0.0,0.6307868711480581,0.820907565793495,1.0,0.6677756109739845,0.4491792998438284,0.7956204379562044,0.6046799542124988,0.9444074546103428,0.3001618919029612,0.5071631458824287,0.8599997470179741
0.0,0.7693851225455066,0.8144787089374009,0.9899951382816968,0.6916005653706143,0.5393556603194458,0.8828798938287988,0.6414671651543363,0.9418736226241744,0.2984834553561692,0.5096290182918909,0.9396258395840976
0.0,0.8098036405331803,0.8050793173980122,0.957532160638204,0.7058597074514305,0.4641426870811303,0.8788984737889846,0.6668517162943568,0.9400609093420206,0.2980259127217736,0.5078923994323954,0.9493466739188179
0.0,0.8069370789737714,0.7952703824646994,0.9199792706406784,0.7053255217624255,0.0,0.8536906131842844,0.6847638652118164,0.9364350814792431,0.28877520694555936,0.5055599611372485,0.9612368291232908
0.0,0.9410921599541352,0.7869348535377527,0.9040168569741962,0.7328258026892359,0.5457563864612256,0.9859961807765756,0.697645284427828,0.9351317517826676,0.2930966837163511,0.5066448251719465,0.9546592964569866
0.0,0.832019492618604,0.7748272037603541,0.8623472375800304,0.7117754743523554,0.5630662474654861,0.9662752183077384,0.6878294661236356,0.9337452681902416,0.2965901801847713,0.5053140389756553,0.9959522875899663
0.0,0.804213845492332,0.7655199741896048,0.8428228190195378,0.7039186777329582,0.6848264876158692,0.9873629542219602,0.6603225758908171,0.9350167108339285,0.3139360947397508,0.5036208800367877,0.9997795650082829
0.0,0.7539056901246957,0.7543534295977132,0.7948634547138207,0.6879960723659606,0.7507972883924413,0.8832698302736404,0.5869102771322876,0.9354718102280264,0.32500500200086635,0.5013951488867169,0.9912634591795008
0.0,0.866704887487459,0.7442968983908107,0.7581382991680061,0.7047064061896141,0.7843623662426598,0.9882230689296848,0.536509636500302,0.9373300988130708,0.34705579239372264,0.5013918885059963,0.9434510017718409
1.0,0.7680951698437724,0.7298770979996538,0.6692128824237782,0.6730225220962041,0.5742814841171672,0.9212695795548218,0.5326530712506568,0.9370246681956051,0.3565692909434077,0.5009365210650623,0.9655308709281716
1.0,0.6593091586641826,0.7216891987374827,0.6187414031230511,0.6270329710002263,0.4622917673668253,0.5723247232472323,0.5155220610270743,0.9366922236420588,0.3654942787406419,0.499796427246016,0.9324246967425374
1.0,0.6504228178300128,0.722464031815288,0.6074942515841045,0.6153060338208604,0.4275470572070731,0.6372693726937264,0.4989609381524839,0.9359763605487288,0.3734863103689071,0.498415714317061,0.9340261687338146
1.0,0.5860685108212701,0.7233930700933655,0.6342788114775253,0.5538394672620548,0.4720969818814045,0.6896678966789669,0.5186760927344278,0.9357428391031648,0.3866110019252715,0.4998391081544306,0.9707509881422924
1.0,0.6100042998423394,0.7240679540682382,0.6842531961527283,0.5183192181249134,0.4605859579410857,0.7103321033210334,0.5149767377879527,0.9340188706907578,0.39553106561189255,0.4995213256266453,0.9729726046067869
1.0,0.5541063494338544,0.7220540857031061,0.6900971251625345,0.5269785781640252,0.510999413651706,0.6874538745387454,0.5024490417540739,0.9321529911506172,0.3872077037111601,0.4987492390006775,0.9350415701240284
1.0,0.5588361760068802,0.7203447324900827,0.6939436039827365,0.5300549530995784,0.4793136200114763,0.6317343173431738,0.4930508133176781,0.9298013559256284,0.3739888721154549,0.5017541759005794,0.9271091726863842
1.0,0.602694567865845,0.7173335812284447,0.6560695828716498,0.5066202693235521,0.4995272231309854,0.6841328413284131,0.4816628919817834,0.9279504971339428,0.3645651399549629,0.5010143511587705,0.896558538912362
1.0,0.6826716353733701,0.7127723726544084,0.6306256819327031,0.5006180731750842,0.5474865260741048,0.74760147601476,0.4685309188450938,0.9261869453189668,0.36740090468244346,0.5000941059445545,0.8739948207714321
1.0,0.7893077253834028,0.707298923437895,0.5917332110160144,0.5179781401150257,0.5674558681961855,0.8981549815498159,0.4772413522051203,0.9260399855803804,0.3757866225939719,0.5007457102499254,0.8898528008722911
1.0,0.7825713057187902,0.6986754478214461,0.53490427271507,0.5095996366790589,0.0,0.9218862491000714,0.4554087713523525,0.9254973054089398,0.3817339675961916,0.4989215272272374,0.8972127572577342
0.0,0.8403325211408916,0.690218616848763,0.4862416760464285,0.475942275773977,0.5027051725202573,0.9431179775280896,0.4562390382659701,0.924363090670345,0.3862672060490453,0.4990391361698044,0.8832288401253916
0.0,0.7240934499068368,0.6804782397880758,0.4380037271645039,0.4814561837188919,0.4325201921901597,0.9217650820720537,0.4767107674319208,0.9215762221590416,0.3818780150436272,0.4968995783637091,0.8957339512062151
1.0,0.6555826286369504,0.6748239601861619,0.4126573324165879,0.4930706301530376,0.3912712484625033,0.9719042663891784,0.4399088180241612,0.91755547719035,0.3691193338551194,0.494294936807014,0.8237767479896415
1.0,0.6660455783287945,0.6709002534364643,0.3950090947862873,0.4988114217576911,0.5022461510310741,0.9689174705251868,0.4668949491277285,0.9146545019112768,0.3599232351567643,0.4965109093646173,0.8063172958975059
1.0,0.5545363336677653,0.6659294937856968,0.3656677924493565,0.4816364732332683,0.0,0.7253561253561243,0.4341264265606808,0.9119164689769054,0.3511248794963626,0.4977064140426675,0.7724955703966201
1.0,0.6254837322631505,0.6645863255140929,0.3639683058779544,0.4839406051566874,0.4374281408410461,0.9396011396011396,0.4052095564213037,0.9114361780229088,0.35274846280466376,0.4955580909391003,0.7157012402889464
1.0,0.6061344417371365,0.6601695874170086,0.34122533817286266,0.5218200990836329,0.0,0.922543352601156,0.4318026617669458,0.9107393515047414,0.3553603632656702,0.4976111889231361,0.7698855117895598
1.0,0.5843485738856242,0.65659275150564,0.3277821745166256,0.5559676427341597,0.4405392093071044,0.8872832369942187,0.4356051859748761,0.9102988049869072,0.3592588724181224,0.4942056180849842,0.7705601744582253
1.0,0.4831589508384693,0.6518882113374525,0.3007469126495571,0.5363841545851237,0.4456848942393167,0.642813455657492,0.4463151378783485,0.908903113079778,0.3612660757289139,0.495055708665746,0.7862545999727406
1.0,0.4999283359610151,0.6525626699846294,0.3062222257245259,0.5482324327350141,0.4570748462529289,0.5143730886850153,0.42813278375231534,0.9074406262830316,0.35586270321800817,0.493732891900545,0.7458566171459724
1.0,0.2734699727676653,0.6537325247288575,0.3161585745255082,0.4476172466319274,0.4261476282700637,0.2036697247706413,0.41698067787117626,0.9057930563054508,0.3534458735130903,0.4928933601922876,0.7262709554313753
1.0,0.294109215995414,0.6593657713055703,0.35145779394684845,0.4594497629517605,0.497773515279465,0.31460055096418765,0.3672678323155599,0.9055891792337708,0.3606139574011201,0.4889760012919554,0.6456930625596289
1.0,0.4004586498495058,0.6603079171589623,0.3614697276441031,0.4779671705187286,0.5228515726286517,0.6402203856749312,0.34912969358729345,0.9063606378840322,0.37549479970289423,0.4874189107602656,0.652139839171323
1.0,0.4216712053891359,0.655297675195744,0.3206192474883387,0.4932795258653456,0.4999976577421422,0.579063360881542,0.3698224997420768,0.9066304708019668,0.3883580718522817,0.4890780969859064,0.6974717186861114
0.0,0.5776121542210121,0.6532079390564167,0.31663418162048723,0.5463166209012572,0.4955632243777746,0.7597796143250684,0.3828709549052072,0.9064287662884244,0.3960462277605389,0.4901725350199325,0.6871064467766117
1.0,0.4322774831589507,0.6490079632128121,0.2881989760114755,0.5029829096051254,0.5327129327119549,0.6584022038567485,0.3947894610143015,0.9053514404157508,0.3998284357510196,0.4910812658404163,0.7261823633637726
1.0,0.4051884764225313,0.648901458170593,0.2963066931607504,0.5372854308173433,0.5005240542523218,0.5680440771349862,0.4044235049054528,0.9060787799640077,0.4133184878613197,0.4918691358917499,0.7250715551315251
1.0,0.3148917873011322,0.6470932236426723,0.2678890425084468,0.5331987424195517,0.5244624273043873,0.35537190082644554,0.3364202231403741,0.9049158173175316,0.4130649161615235,0.4900435248345068,0.6704988414883466
1.0,0.2773398308728683,0.6488112965322679,0.2694365953020527,0.5040170846898931,0.47553190364579107,0.17024793388429765,0.3372357515880697,0.9034348682909399,0.40675962231656415,0.4901602220311472,0.6293716777974646
1.0,0.2283216282069662,0.6528726265355522,0.2929121338727279,0.4808170533276641,1.0,0.22865013774104706,0.3398493728782748,0.9005173007551112,0.3877162440934221,0.4904190912082492,0.5978601608286764
1.0,0.12813530170560405,0.6563296446674669,0.31996046245043896,0.4674619274117509,0.4694816386460436,0.034841393655745595,0.34695331345278024,0.8983390407237725,0.3726386234005065,0.4910216439569127,0.5922516014719909
1.0,0.1828866274903256,0.66140688979011,0.3562904011575128,0.4543361475949162,0.42806141381693663,0.052776502983020016,0.2880338395177576,0.8957194725996119,0.3595310076933221,0.485997611681476,0.4893757666621237
1.0,0.20266590225025102,0.6657872282362798,0.3842367889953927,0.4640422012370698,0.38025201768730893,0.13721890775585047,0.35776643461770874,0.8937169562977799,0.3508677961665204,0.4883419647744216,0.5352119394848028
1.0,0.14877454493335274,0.6695984124427163,0.4213623589801673,0.4854215791914746,0.4072368784788373,0.06925323320817675,0.39991353433325627,0.8926098722607155,0.34684411592682873,0.4882717955050132,0.5830039525691697
1.0,0.2181453346710624,0.674928532428474,0.4677334093387485,0.4759268652911365,0.4517514719450581,0.09922972360670586,0.3748434037995766,0.8918551246853271,0.3439907260814954,0.4898046215588602,0.5665121984462314
1.0,0.18976637523290865,0.6781443911071208,0.4993870216322745,0.5099158605474281,0.4415383951330454,0.04531037607612145,0.40884995750408987,0.892050932982858,0.3437175060483174,0.4890434472504544,0.5830039525691697
1.0,0.2157087573455641,0.6830209901524376,0.524759289336513,0.4733107502479667,0.3745594016529605,0.08246488445854074,0.4045905408525709,0.891926214419753,0.3427521084554899,0.4886106842799303,0.5960610603789012
1.0,0.24021785867851536,0.6875948232714284,0.5417818038080416,0.4375045225012728,0.4021722864545657,0.12090909090909074,0.4020800888238212,0.8909334954581068,0.3382157670740238,0.4883593711304875,0.6032233883058469
0.0,0.2737566289236064,0.6923895961367861,0.5573689071751379,0.4057772369808649,0.3866187433645458,0.2218181818181816,0.4832251693695376,0.8895453175368554,0.3332464962924723,0.4916168436641348,0.6569578846940167
0.0,0.2237351297119107,0.6966257795796962,0.5653557921772409,0.4139341965134023,0.3785236035085992,0.07318181818181753,0.4999484153692722,0.8883536832734008,0.33231799897769176,0.4929977140936515,0.6864794875289626
0.0,0.3716497061774402,0.7027146172047785,0.5851522745640374,0.5026513056803925,0.3894706079917559,0.5384248210023862,0.4411075465858345,0.8893645003090763,0.3435061935299686,0.4917603536412383,0.6324860297124166
0.0,0.4216712053891355,0.7028041039239001,0.5813699116218198,0.4923929032176382,0.3896115979551581,0.5832935560859184,0.4898820431444025,0.8914295082385079,0.3614352991774944,0.4957421028872048,0.7220253509608829
0.0,0.39630213558836175,0.7010245733951939,0.5810948173969869,0.5222271097568406,0.3866462318075802,0.511217183770883,0.5025915135913219,0.8942960785249082,0.3834847735356708,0.4966009290630462,0.7729317159602013
0.0,0.41335817686684817,0.7016885156264976,0.5859914063575011,0.5358927779941919,0.3964944751858484,0.3875894988066825,0.4467916816098335,0.8966973874118301,0.4068567695459243,0.4953938353540792,0.7651219844623138
1.0,0.2617170703740865,0.7023542184509723,0.606082734336809,0.4440132868224078,0.4183023021675921,0.024821002386635312,0.4109329940210957,0.8965438401631062,0.4069541651642597,0.4962025600480349,0.7290786424969333
0.0,0.4510534613730833,0.7098053917764324,0.666250319820002,0.5650370856901542,1.0,0.2479851208927465,0.40951318847058976,0.8940435126043457,0.39444065881291934,0.4962746411609034,0.6697969197219574
0.0,0.4276909846638961,0.7120842470900697,0.7104641834043344,0.5433106215351752,0.5177537204355072,0.26348419094854314,0.5181012925634612,0.8919397844212121,0.3807171752540132,0.5015629693907931,0.8031688701103988
0.0,0.4371506378099473,0.7164969068832723,0.7551768372559537,0.5518538640509878,0.5260390024221118,0.3048600883652438,0.5048661501653164,0.8896648144313529,0.37497712822563145,0.5003373698253408,0.8038639771023577
0.0,0.3980220725240075,0.7187418523564113,0.7908394601159199,0.5679935131671776,0.5059451452683629,0.2503681885125186,0.5479515988779113,0.8880566927503578,0.3748029323347437,0.5002594016372464,0.8229112716369085
0.0,0.4933352443743731,0.7205236303423947,0.8243543887371995,0.6031634181913779,0.39257604117544004,0.5802650957290124,0.5546772521604135,0.8836237221187632,0.3567433626637009,0.5007744815840817,0.8379378492571894
0.0,0.5867851512111225,0.7188749465132234,0.8285540818131136,0.643057813537877,0.4855386756552829,0.838733431516937,0.6672545676962303,0.8797216716046318,0.34474248278668784,0.5064833377915228,0.9201921766389528
0.0,0.5565429267593522,0.7142897419971335,0.8041887327331196,0.6219488932771867,0.3710440035587729,0.636229749631812,0.7110622012390136,0.8773377306278106,0.3425806748666941,0.5064066789933458,0.9612034891645084
0.0,0.6190339687544788,0.7115540493419468,0.7831137972036575,0.6237302205196551,0.0,0.6864940517844631,0.6431227861595981,0.877247404222797,0.3549358913434193,0.5039626807944729,0.9405002044432328
0.0,0.6733553103052888,0.7070575007012858,0.7575913788239157,0.6367237724753722,0.3631300717670142,0.9885885885885888,0.6293423205223312,0.8766975589510021,0.3623514243119814,0.5064800147900976,0.9341420198991413
0.0,0.7023075820553245,0.7007321834652591,0.7366744340486825,0.6561940922681733,0.4143509261138602,0.8627342888643877,0.6802637202835677,0.873022022205694,0.3492957760794213,0.506964638676507,0.96579721219647
0.0,0.7688118102336249,0.6954810274471115,0.7202714481012717,0.655895510593514,0.5130877775133872,0.9273504273504264,0.6935086883256611,0.8711559048070182,0.3464067801342846,0.5082500835766249,0.9491768269801526
0.0,0.7566289236061345,0.6911522645804924,0.712129862922968,0.6503258183852694,0.0,0.8970531955606583,0.6355865172513743,0.8690790634239348,0.34214538878439915,0.5027965071434312,0.9503162376251136
0.0,0.6988677081840334,0.6877772561660693,0.7016302258193501,0.6217978659152863,0.5681189068452707,0.8664370455415228,0.6726046308259926,0.8691438451284822,0.3472105395906557,0.5021298460171558,0.952861148826134
0.0,0.710907266733553,0.6851836215530511,0.7049802297799523,0.6284580753621283,0.5593001126542541,0.8618446230386525,0.6611577556264089,0.8695624672711685,0.3601487758770009,0.5008393620194007,0.9746873443544588
0.0,0.6937078973770961,0.6831155682702379,0.7221544828805342,0.6057143256359651,0.0,0.8702640642939145,0.5877700209777498,0.8683161195520642,0.3617194359805965,0.4981327674460186,0.993018928636383
1.0,0.6047011609574314,0.6800040358877346,0.7336379112048459,0.5138682801989819,0.6401773495965785,0.8855721393034822,0.6339014193142679,0.86873503670035,0.3761015385639472,0.5021791785519819,0.9606444107589802
1.0,0.6143041421814539,0.6762680490252075,0.7414469986520212,0.5203803242779746,0.6406307461224486,0.7879831611174898,0.5665908454475332,0.8688481991934284,0.3842011051872184,0.5000526123234235,0.9596855501110444
1.0,0.6227604987817115,0.6715580907705463,0.7247298518632725,0.4727207236159521,0.4779255469288897,0.9612724757952972,0.511483721364389,0.8720083331584382,0.4085524655340299,0.4954587276919483,0.9649874854584553
1.0,0.5710190626343704,0.6677160261950971,0.7217318744395507,0.4447342230085677,0.4649836420457701,0.8163558106169294,0.5059224068897418,0.8721761381976602,0.4160770562973791,0.49878581052762105,0.9995068307619832
1.0,0.5826286369499785,0.6633123000220402,0.7058997370446759,0.4532572918540765,0.4644252181272405,0.958871353419416,0.4845074159047696,0.8716952449691046,0.4211351961042942,0.4973419330315912,0.9859175256165831
1.0,0.6487028808943673,0.6568100468433073,0.6841378508695855,0.4944248971143693,0.4726160532895648,0.7240554758488755,0.4503240006091901,0.8712841350371344,0.4297158391478765,0.4945526599488297,1.0
1.0,0.6865414934785724,0.6515421500626489,0.6725150565267294,0.4683905706028885,0.4421483949278703,0.8142914430843845,0.42957224059071797,0.8710784246795863,0.4414582073458878,0.4930978391639168,0.9817780360255668
1.0,0.7123405475132578,0.6469436619305444,0.6619371468319669,0.4323114826886829,0.0,0.900892437764208,0.4334877597040516,0.8693101916751459,0.4441854519571122,0.4896812689329903,0.9950352777190468
1.0,0.7612154221011898,0.6404018379344525,0.6429756194737288,0.404338065851942,0.4468101437593978,0.9947529514648008,0.4180614987054712,0.8687743030438005,0.4516535946819288,0.4885814023727938,0.9765462455078492
1.0,0.7623620467249532,0.6315544647929314,0.5857553954506365,0.4066154454164404,0.4431191789287424,0.9859034600598028,0.4020948272897432,0.8677820368724097,0.4561024907740915,0.4872754021718458,0.9972653048357604
1.0,0.7381396015479431,0.6244513113806294,0.5589464439981788,0.396734142306704,0.4107006588149323,0.9727078891257991,0.41005851170971136,0.8649820180052606,0.4479710412668296,0.4879023393225425,0.984671521341656
1.0,0.6767951841765805,0.6198904469742599,0.5513469086045241,0.4010153724136129,0.5227364119553264,0.9591174561972748,0.4357820475659424,0.86068824290037,0.4324404446244202,0.4899425499386785,0.95663892566673
1.0,0.5725956714920455,0.6160589635192872,0.5684876277520194,0.3888538773385079,0.5035840807498491,0.918783002263012,0.4559098791937079,0.8563138393484516,0.4140051797224517,0.4877535988827285,0.9747178614210958
1.0,0.5369069800773972,0.6132048185043257,0.581559650530991,0.4198539347761525,0.6066871731175585,0.8503897410108112,0.4371379864307858,0.8525823449404429,0.4018668290520983,0.486498133704486,0.9896087706415752
1.0,0.4812956858248532,0.6093803936694024,0.573793021525221,0.3853357008522359,0.5838081829995891,0.6276087503143075,0.4542100427906791,0.8484110546893927,0.386643844622394,0.4878674826806054,0.9759985655492746
1.0,0.4582198652716066,0.6079711008338007,0.5811697841749349,0.3695709462633384,0.6240639294576671,0.4339954739753577,0.42955258930282136,0.8437887470625999,0.3711734134496004,0.4861697371865194,0.8890862207346433
1.0,0.4382972624337109,0.609168775302549,0.594010492721817,0.4051147790005154,0.6190977787842049,0.42695499119939656,0.4285700249080073,0.8416193478706254,0.3677803058656063,0.486250583758633,0.83327925681791
1.0,0.46681954994983504,0.6117206207975563,0.6186341231876331,0.4272322157834499,0.6372949327285917,0.5893889866733713,0.3975455541417546,0.8411592677477139,0.3746906492889596,0.4873841006814388,0.8290271350262131
1.0,0.4296975777554825,0.6115979466163874,0.6408796072967261,0.4485344973182589,0.6224988945113152,0.5411113904953487,0.4135220512014305,0.8427683105013591,0.389389588842974,0.4885821016650253,0.8788486825253162
1.0,0.4801490612010896,0.6112142122798674,0.6729000747735592,0.4366800634633475,0.0,0.6125220015086746,0.3796874462660096,0.8418683794876629,0.3876805970190113,0.4896142833313773,0.8537116412507045
1.0,0.6087143471406051,0.6097156934215784,0.7143638755962951,0.497201310350668,0.644270705786094,0.9449333668594418,0.4222079204515866,0.8388694683904846,0.3763443078850925,0.4892545975217111,0.8769873119418026
1.0,0.5436433997420095,0.6039831502232498,0.7131088190191138,0.4972268253144418,0.7435839684240496,0.8953421506612984,0.5268903310750728,0.8351814939617758,0.3605171944584712,0.493728634292148,0.9858262606943424
1.0,0.5588361760068798,0.6010011015157319,0.7264235608251222,0.5086272427230202,0.6475512348547341,0.8763657274295569,0.4580027413546614,0.8328045172576625,0.359429900910524,0.4922939745739936,0.9382820008237608
1.0,0.5290239357890211,0.5973766311120408,0.7277693334236008,0.5293713784789692,0.7365322330111943,0.8665899942495676,0.4540086170897427,0.8317296683705023,0.3659584792029905,0.4918832794208289,0.9585556725092677
0.0,0.5606994410204958,0.5934567053899087,0.7323705147890935,0.5099905169384377,0.5400815109673421,0.9913743530764804,0.4568138384369364,0.8304642758352537,0.3736044803295616,0.4922128413409267,0.9264289963846049
1.0,0.4532033825426401,0.5873760741115988,0.7142847877883807,0.4176486383361812,0.4855701127483861,0.6078740157480306,0.4576932335702954,0.8271795349152871,0.3683357951451155,0.4922689435326801,0.9321953228685188
1.0,0.4354307008743015,0.5853759355648795,0.6992276638218142,0.4488226457640948,0.5300948902256623,0.5480314960629921,0.4629597787264982,0.8229760817689175,0.35202045829376283,0.4929063601376166,0.872234680334996
1.0,0.4963451340117527,0.5850776206613106,0.7014213935786486,0.5094958077808527,0.5443007654721074,0.5464566929133851,0.5080545716264878,0.8186378740979242,0.3374704218898886,0.4929281193953516,0.8776165850533156
1.0,0.4394438870574749,0.5843118354598527,0.6968011374909189,0.5036234959152717,1.0,0.4346456692913388,0.5061434838785747,0.8142979181921043,0.3176686869847967,0.49282963971108,0.8639970710722619
1.0,0.40676508528020666,0.5873205965354893,0.7458387597064634,0.5205825472651882,0.6077583006670685,0.2574803149606304,0.5324074301519532,0.8100005040494699,0.3006748325693719,0.4951208131984407,0.8460299299803211
1.0,0.3052888060771106,0.5897289481410937,0.7823781043886426,0.4836252246933864,0.4370405716266568,0.05202821869488565,0.5293762189939525,0.8092091718486106,0.2990054933802868,0.4952929053417315,0.7620337741979775
1.0,0.4327074673928621,0.5931351848698652,0.8359265667436799,0.5488145952820928,0.5230486931458127,0.3183125599232973,0.4490122771421129,0.8115082426393202,0.3175614059716733,0.488136835360738,0.7633060271841103
1.0,0.5103912856528595,0.5923504527379879,0.8615443633679098,0.5674075670743816,0.5977914565409395,0.6414189837008623,0.4340183444772512,0.8134435154382093,0.33348110954720755,0.4867376130839844,0.7996613427303098
1.0,0.5430700874301277,0.5899325277034366,0.8658337403149634,0.5471393699238736,0.5542588027027819,0.7497603068072856,0.5102407774049492,0.8151422768397353,0.3518603225130448,0.4891976398355828,0.8435586472015011
1.0,0.5836319334957721,0.5877707145356563,0.8721961887133582,0.5764660902721107,0.4904303762154777,0.7386269644334164,0.4357967860318642,0.8173869272394364,0.3745465492438905,0.4829128014551648,0.8496819367534663
1.0,0.5205675791887633,0.5851224716918999,0.8570158189869732,0.5721088272096688,0.5573859767167054,0.6145610278372592,0.3903384443057937,0.8223496950428019,0.4117809321282081,0.479232881549156,0.8641984348542402
0.0,0.5754622330514547,0.5846802706828901,0.8792819552577973,0.5660033394242718,0.6150510986597206,0.7143840330350995,0.3627971643191569,0.8236403688575223,0.4279266821214307,0.4808512265819585,0.8386160816438609
0.0,0.5998280063064356,0.5833055554459763,0.8998551035968461,0.5382372644937975,0.0,0.8174404015056463,0.3787147075151439,0.8240053826329853,0.43889280524874,0.4783485420616788,0.8436867877900327
0.0,0.5872151354450339,0.5795891230087338,0.9222654071752404,0.5228482274576255,0.5819364025507506,0.9248385202583675,0.3671106220123903,0.8243392184993831,0.4454508775342063,0.4773980763310982,0.8739645782801704
0.0,0.668338827576322,0.5731315889514526,0.9169579003132026,0.5739941241414467,0.4900140503540053,0.8633776091081579,0.3606699124043841,0.8232504453674431,0.4429074326787089,0.4768814540264836,0.8879044437325522
0.0,0.731689838039272,0.5656161413476783,0.8877174083527671,0.6090041928026424,0.5264976166394651,0.7712550607287446,0.3934924760131464,0.8217145670854676,0.4314417969872753,0.479408320606241,0.8627705825820327
0.0,0.7881611007596387,0.5616513885149486,0.8624389481258783,0.5950943904184539,0.49150558063418,0.8787419477074644,0.34620656451272186,0.8208673169839732,0.4294653184751066,0.479574924217506,0.8079172577914058
1.0,0.7223735129711915,0.5568281667933628,0.8205590431916719,0.5879957651059172,0.5583332526043285,0.8421595598349382,0.3307360881163747,0.8214456684281203,0.4364926705737455,0.4783689235563176,0.8350006864674381
1.0,0.8237064640963168,0.5534074401419781,0.8035965033673094,0.5948383960819479,0.5513755065876108,0.9078404401650616,0.3376729927437621,0.8206673981109266,0.440472271164826,0.4789002839317435,0.8181227403780147
1.0,0.8268596818116671,0.5477141356995567,0.771921616898325,0.5961876719489805,0.5718619239158912,0.9145460257618601,0.3524802381736092,0.8184452406776659,0.43407531377556696,0.4762980226996654,0.819651274541211
1.0,0.7699584348573889,0.5427655719328579,0.762859949101397,0.6073943377412209,0.5363925901687847,0.8510838831291232,0.3528044844238977,0.8166811374360526,0.4305453720824126,0.4763358674767772,0.8075145302274493
1.0,0.7845778988103771,0.5396648237933068,0.7591017113667566,0.5650339236813386,0.4782972346688977,0.8661639962299712,0.3529911716589124,0.8138219163003707,0.4228014373964904,0.4763579473503994,0.8003386572696898
1.0,0.6756485595528166,0.5353900021443794,0.7568834752408283,0.548115475106822,0.5726409824878779,0.7320138234370092,0.3974669489901692,0.8115764950597172,0.4150387557121191,0.4760283381592553,0.8050249416502673
1.0,0.7037408628350292,0.5337655466014026,0.7755598166703289,0.5698362795159563,0.6338465666839397,0.8121269242852649,0.3485450677723793,0.8088242380143714,0.4058793838018343,0.4760882746847229,0.7287721385748938
1.0,0.6997276766518563,0.527655800286404,0.7712439117447231,0.5661087206819723,0.0,0.8130694313540681,0.3625220462886087,0.8076939794709582,0.4018583556989249,0.4771626351700967,0.7266029014690405
0.0,0.8753045721656874,0.5212219949422643,0.7406881449761475,0.6300970117390782,0.6369175349343057,0.9940307885642476,0.3655434318026619,0.8067034942462276,0.4058917946505435,0.4774090740312862,0.7164614891766969
1.0,0.7834312741866134,0.5090502684795404,0.6694123826084146,0.6336687619540143,0.39590281922693454,0.9806763285024158,0.3916649062387926,0.8066808723206421,0.40992661361434135,0.4793585456799765,0.7869296599697955
1.0,0.8045005016482731,0.4992739992461448,0.5818156575422809,0.6444841702506259,0.3711117374448495,0.9934693877551024,0.3547155721718112,0.8062277262756766,0.4128726905830923,0.4802845967290337,0.7335133403505565
1.0,0.8796044145048014,0.4917128813212918,0.5407860350768123,0.6753620466891551,0.5063286828295471,0.9923050017488632,0.3564350598627357,0.8048805051282998,0.4073175059906176,0.4804437704361034,0.7123243787469681
1.0,0.7076107209402321,0.4843365230000567,0.5047461064446132,0.5979315390434802,0.0,0.9152598477325388,0.35020068877764066,0.8027264383881053,0.4065351617604696,0.48000482737615,0.6722529861333578
1.0,0.7483158950838469,0.4805733032884811,0.5082481240237323,0.5731992707936315,0.5315271474637557,0.9867593512082088,0.3404634756250336,0.8002681271862474,0.4058004956536421,0.4792821696660241,0.6294448766646833
1.0,0.7189336390998999,0.4722814283632324,0.4801807822644109,0.5627087521106827,0.5947443517131729,0.9243041412084184,0.3444772511778489,0.7970790583291737,0.4031164110327419,0.4796408146183354,0.592650221957805
1.0,0.7223735129711915,0.4645353312839753,0.4511292030568831,0.5644923710651907,0.0,0.9086897488119486,0.32485544021341284,0.7951824417575138,0.4032293787751856,0.4781208881475724,0.4874467987735114
1.0,0.7794180880034399,0.4542949189993141,0.4184365481581556,0.5481838554415505,0.6451635067659067,0.9938900203665986,0.3330795041980064,0.7946009269404705,0.3964820985578917,0.478766355927384,0.5328909432062605
1.0,0.7815680091729973,0.44267268237285495,0.3648366340002974,0.5558974731178545,0.5975814560625984,0.9744408945686908,0.3568428240865837,0.7951394054038771,0.39084068180916864,0.4806947167721231,0.5779598187725964
1.0,0.6350867134871725,0.4357352791365176,0.3415150463489908,0.5251163366370768,0.6411412487407477,0.9012787723785164,0.31580602213717585,0.7953751226471767,0.3809663984573809,0.4773929424570876,0.4914100041188048
1.0,0.5369069800773972,0.43507968586202816,0.3422854100917504,0.5143980266650297,0.5350144701348211,0.7688364941055872,0.24562636023758394,0.7960552436733322,0.3842373172448119,0.4751895300488125,0.3841563315180083
1.0,0.5655725956714921,0.4375253121884719,0.352448476471498,0.5323000197959398,0.4946416251191898,0.9328549461814452,0.24321907747028956,0.7977717371418577,0.3956322133102009,0.4749925607570071,0.38701203606242257
1.0,0.3669198796044144,0.4362479692542247,0.3125324950904313,0.4703012491832077,0.4278759445839946,0.6818300653594767,0.28024701668885604,0.798935055330784,0.4029552629788888,0.4781037834808141,0.4755663356368128
1.0,0.3915723090153364,0.43838789831675706,0.3025474749344131,0.4839985225988411,0.4750698726132455,0.6317350469599609,0.2404678971648103,0.7999421942582979,0.4110124787838095,0.4747046865030202,0.3994508260491511
1.0,0.41335817686684817,0.439028819573165,0.2926249200570593,0.4954916023058116,0.44004170594078174,0.7281265447355412,0.2181636854025321,0.7998852837797391,0.4138499831591146,0.4764969666809279,0.3719555169099813
1.0,0.3617600687974775,0.4393415627971713,0.30924435585360915,0.5194306778742895,0.4590146506058545,0.7014335145823037,0.2463583707117205,0.7990353550526285,0.4127668426187021,0.475184147064797,0.3822159168916756
1.0,0.3932922459509821,0.4390314708911201,0.29397782477472184,0.5353148936187098,0.4451666237616596,0.8299384178114637,0.2494927511311773,0.7979343082672145,0.412778627470704,0.4754100911321942,0.34431376138391856
1.0,0.45549663179016797,0.4358394533066785,0.25935399900957395,0.5175291557109238,0.4679003109480243,0.7929071803852894,0.27313325047040243,0.7976451194547746,0.4164245843026765,0.477460781309844,0.3931902430094731
1.0,0.4607997706750753,0.43088819364927294,0.198122871620158,0.4701609550905542,0.4771498019786964,0.8064798598949205,0.27644449248092584,0.798487953280186,0.4315732807494129,0.4777409882004089,0.3891538144707336
1.0,0.3947255267306868,0.4282200616624408,0.1739424292270011,0.43424916437693584,0.4883399388402437,0.5223292469352017,0.25492633223449884,0.7987585342109488,0.4379091387181415,0.4795893574385321,0.3653745823989748
1.0,0.3136018345993983,0.4299545769803852,0.18029393120518436,0.397005811187908,0.5448786148902492,0.5731173380035027,0.23238630501746504,0.7992806273460765,0.4479273288371477,0.4775539142083596,0.3010937714521074
1.0,0.2159954135015052,0.43415164231533787,0.21170361742001945,0.3955610709771872,0.7727852615430778,0.4190017513134848,0.2251398926057116,0.7990167007026484,0.4440059819823709,0.4768987293088609,0.2845270239348314
1.0,0.009459653146051628,0.4372378457677898,0.2229943804681691,0.33520842645579635,0.5061284828043091,0.09996856334486033,0.21472471002068305,0.7989451226005572,0.44267699936051785,0.4758860395891034,0.2347260994920143
1.0,0.22344847355597006,0.4443667392531165,0.24811604301059045,0.3957177136418959,0.4920110322068982,0.35014836795252274,0.1445204840112209,0.7990479403335337,0.4381246187287471,0.4690183197527474,0.08755663356368157
1.0,0.21126558692847935,0.4448306194488427,0.2489122317806771,0.43678870542865583,0.5448603238018813,0.32997032640949586,0.2349016698681891,0.801727582356277,0.4592127760905325,0.4736030617679782,0.2530685094503686
1.0,0.16368066504228196,0.4457214364548062,0.2665703801142065,0.4664783140922505,0.5995189886805615,0.3142433234421367,0.18915838446762206,0.8046997622492209,0.4825920182247442,0.47320450293411104,0.232364651503364
1.0,0.25254407338397594,0.4473474376936412,0.2747848583654903,0.5200728494911175,0.5579692722584777,0.2934718100890205,0.1655915774580076,0.8073771943133393,0.5018072436467715,0.4747681368848061,0.21237471969246274
1.0,0.2311881897663751,0.4473498261337696,0.25209437340910923,0.5600859090344472,1.0,0.24985163204747746,0.17742656559354258,0.8116731504607012,0.5179151684793136,0.4721271944076815,0.2126767653654296
1.0,0.17185036548659893,0.4505031632393868,0.2644602674312756,0.5123491658956282,0.8074608305180263,0.00598981731057169,0.08775282610084051,0.8151962097138078,0.5280261130908325,0.4681592658787941,0.18075145302274492
1.0,0.21757202235918024,0.4580409449515079,0.26315690915143164,0.5337743584315695,0.4016434483708252,0.014900662251655256,0.0,0.8201376421889496,0.5478149204580843,0.4589856544876641,0.0013327328376182429
1.0,0.3151784434570733,0.4660253974077447,0.2752169662214867,0.5363737382145615,0.2980617663136279,0.037344398340249316,0.02110057037863133,0.8223139521149451,0.5538848319669357,0.4612184974223598,0.01263186845569036
1.0,0.299985667192203,0.4733590305034915,0.2607281027806039,0.5294606615974962,0.4781913225365904,0.02172164119066743,0.07319613459167068,0.8246421373972689,0.5645717591672643,0.4623483356610841,0.0489676914200937
0.0,0.3472839329224597,0.483550409062905,0.305572533310322,0.5550942218937187,0.43591506503269395,0.2775208140610549,0.09306849947678447,0.8253015807484262,0.5666736962204825,0.4642329222883833,0.025418826618016668
0.0,0.20710907266733566,0.4876658256344072,0.3059197142646095,0.5389236886102944,0.5115555239802955,0.18593894542090594,0.1657193108293333,0.8260509755876743,0.5687644187390577,0.4671727428980582,0.12675894681266214
0.0,0.2714633796760789,0.4919155653826955,0.3075400105508121,0.524209335268099,0.5387367200578015,0.20582793709528185,0.1573675134734141,0.8263129183875674,0.5739383393319314,0.4663276438441274,0.09299175906158892
0.0,0.3416941378816114,0.4933371491549755,0.3025726193117636,0.5081381589227724,0.5636091036210811,0.34736355226642,0.19790320758146698,0.8258562191061206,0.5738394525735608,0.4700690076331007,0.18894474668870406
0.0,0.3849792174286944,0.4958893322275789,0.3342395217548293,0.4803859262216753,0.4916801390278796,0.3996299722479184,0.27489695355909394,0.8258515651603314,0.5789710984839034,0.4734029800860774,0.2839680462778049
0.0,0.23806793750895816,0.4981185142379545,0.3664455407606437,0.4595308683044647,0.4230563283304802,0.2261794634597591,0.26796987457565485,0.8255301495623516,0.5785790736097048,0.4727790124295091,0.2950095264329823
0.0,0.2445177010176293,0.5045380408447049,0.4043928296357221,0.4631221117995201,0.5094049051986692,0.22340425531914845,0.24239863620062002,0.8265468932719237,0.5891413545539804,0.4741112239360062,0.2352799393981133
0.0,0.18274329941235526,0.5096435716843695,0.4060474628528876,0.4837796108800159,0.5629160025560336,0.13644773358001813,0.2361888292253952,0.8270807627492834,0.5945911460032505,0.4735214347472867,0.2144709960287401
0.0,0.2803497205102479,0.5155281595398724,0.4053321376823068,0.5257414885283693,0.5032357713561274,0.4453053783044659,0.2195392755552716,0.828809385320718,0.6074749739843031,0.4719187970986953,0.16465808139935267
0.0,0.3930055897950406,0.5177249061018181,0.38009930774810097,0.5342295526859138,0.529267495328691,0.5952597994530526,0.2591267950223289,0.8303185256086708,0.6137274282457107,0.4756109486980394,0.3228198241627071
0.0,0.4774258277196503,0.517958749614972,0.3636343844209413,0.5776120762288223,0.4759845865330468,0.9608021877848671,0.26859871578833594,0.8317707814381153,0.6215781915148652,0.4764707539186663,0.31756306957739394
0.0,0.3765228608284364,0.5137298554977034,0.31467819050452106,0.5697279062657653,0.4583045221457864,0.668325791855203,0.34698770320659905,0.8315287926192646,0.6131891451731274,0.4835541420381924,0.5106397631017152
0.0,0.42711767235201387,0.5115524003495318,0.27509892720642737,0.5498424545452724,0.5106065366570549,0.6760180995475114,0.3216031520665785,0.8304484266892891,0.6041180784129793,0.4812732000889814,0.4181989302848749
0.0,0.5189909703310879,0.5072895926048167,0.22455812960252128,0.5526547952844184,0.5748415397732048,0.8022624434389136,0.3096846459574845,0.8294225458006145,0.594141254819848,0.4801839795588331,0.3456603080595921
0.0,0.4970617744016053,0.502533905672071,0.19287796206655056,0.541873647593492,0.5364804444309035,0.4900452488687777,0.3302890213167346,0.8296974224905523,0.5971471495480375,0.4784216064741752,0.3923627849321675
0.0,0.4566432564139316,0.5030686076120787,0.18389352343259224,0.5165642184293601,0.5174784393775179,0.4909502262443438,0.2646979351409242,0.8300024856629075,0.6023764647904214,0.4758756889760157,0.270344099350366
0.0,0.3620467249534186,0.5023976441051128,0.16378150948765835,0.5112295606002752,0.575492531609955,0.3203619909502256,0.280802165571926,0.8306933364115799,0.6095319815578062,0.4737045216327101,0.2725248490691642
0.0,0.5215708757345565,0.5076285602730839,0.17644238866562914,0.5501762075884026,1.0,0.33167420814479576,0.24338120059543406,0.8299908541875697,0.6081966506248856,0.4700330318059245,0.1850653077152632
1.0,0.27261000429984283,0.5122858435500224,0.18189659827850305,0.4902046926557649,0.495341034105065,0.21493212669683265,0.27115338321485233,0.8299796495146873,0.6100774957494486,0.4690294375760004,0.20115694511397306
1.0,0.25655725956714925,0.5228785743208808,0.2385265390549066,0.485410787461617,0.44846854739461095,0.2720694645441394,0.2511238080265684,0.8304317730231744,0.6149580078039423,0.4670317285748238,0.14428528797373918
1.0,0.34212412211552284,0.5291588285164575,0.25655438677665865,0.4690797085361677,0.4745933064533471,0.5325615050651236,0.2518705569666271,0.8316249643455506,0.624380070413209,0.4671335170398196,0.17618162201868556
0.0,0.4441737136305003,0.5339539911871616,0.2842876435275319,0.5129908287119762,0.515481732010002,0.9088277858176548,0.3324162732315069,0.8327883524594163,0.6360827362498431,0.4712219782047704,0.3490002984183826
0.0,0.26315035115379115,0.5334303932326638,0.2824224184302248,0.4850646874614202,0.4402361579864803,0.5947686116700196,0.3437796304575312,0.8323261668077554,0.6376630646469871,0.4686191784019961,0.3678465670408376
1.0,0.2839329224595098,0.5335290764858562,0.29151509456693386,0.4941959540694974,0.5105329249371525,0.4134185303514375,0.3017307871814649,0.8318760801380121,0.6365266536639035,0.4645027227565596,0.23383375800564696
0.0,0.3768095169843775,0.5325479195074938,0.2774237152956005,0.5358150671776678,0.4808137756586159,0.3530351437699683,0.30960604080589943,0.8316726313466737,0.6321871296809844,0.461578870551326,0.2406170373941192
0.0,0.4566432564139316,0.532457064055581,0.2662218489668212,0.568518766977894,0.4814025391368482,0.5607028753993611,0.3012738947378765,0.8322055156165339,0.6395679057390987,0.4607541042754956,0.20625301287790124
0.0,0.4851655439300561,0.5309196205457836,0.2658515090658161,0.5800216388275266,0.5307474639388517,0.5444089456869015,0.3662803550987722,0.8328107237175363,0.6489234016388534,0.4672014061499866,0.3660675343755021
0.0,0.5179876737852946,0.53208588222399,0.2725961572825374,0.5943704756663274,0.5508309817283624,0.6220447284345045,0.4126623073559682,0.8326174847032818,0.6543286212277091,0.4681008703250539,0.4613089089364827
0.0,0.3600401318618321,0.531944427265792,0.265323130327126,0.5327468002915525,0.5070854499159166,0.6223642172523965,0.4330750826582296,0.8320144946032503,0.6521432820053497,0.4664245750327845,0.473532584991851
0.0,0.3127418661315754,0.5329683130540961,0.26125377935593497,0.5128145415459181,0.4528290947999516,0.476357827476039,0.3956786817916079,0.8314224655184982,0.6560913751407671,0.462851311418095,0.3861074765282464
0.0,0.3130285222875165,0.5345494173217227,0.25943172395937364,0.5134518785013577,0.4691617197631626,0.5444089456869015,0.37386083940476256,0.8314384935502751,0.6640086525205798,0.4607337279016965,0.3253563804145722
1.0,0.2708900673641967,0.5365210641539311,0.24792003040053265,0.4996055108395568,0.4594643657990638,0.5677316293929714,0.3871500228446221,0.8314263947884325,0.6690732659837266,0.4583786674418077,0.3417234809356564
1.0,0.16038411924896126,0.5372548256593828,0.20378666433059567,0.5099705854637889,0.4640110351814102,0.4349532146091161,0.41231840981778334,0.8311872464570479,0.6730798780294498,0.4572339805382132,0.3888506301218923
1.0,0.13214848788877775,0.5393586952698408,0.1536739040149228,0.4946039891095998,0.3505869708026815,0.31375399825530725,0.365494303582921,0.8306742291605697,0.6661346028371229,0.4525865217895476,0.2592681863048921
1.0,0.056327934642396486,0.5420213691754081,0.12127023348080912,0.4508684096594733,0.42686924461953024,0.15760395463797655,0.3342634942937572,0.8307060088057557,0.6628143400645923,0.4493722073991333,0.16352179601955816
1.0,0.12655869284792906,0.5490784606109327,0.11620441467238996,0.4299010986903378,0.4073585702465216,0.23893549320219884,0.2975794526133755,0.8312542442896081,0.6568379067379333,0.4454429172581639,0.07665909143080131
1.0,0.15680091729969892,0.5549957768996385,0.11976245108044685,0.4410406239178178,1.0,0.3207983800983511,0.32591169693783817,0.8321744223657753,0.6623979485457232,0.444815373275825,0.0998024543549837
1.0,0.0,0.5607875355073221,0.12280897773395172,0.3740783444498808,0.3559130471001308,0.0060746311831069676,0.3822912419122666,0.8322310982768634,0.6656008019040246,0.447185073062728,0.2216749357403308
1.0,0.19177296832449467,0.5741175510291958,0.1785773873394753,0.4534907615150356,0.3875123609855601,0.22525732383214545,0.3409400193565185,0.831890691074724,0.6688758037150165,0.4427929930275567,0.10664829566506076
0.0,0.2221585208542357,0.5787608623979197,0.20090085486063053,0.469556457504746,0.4139881519058971,0.29393807239424363,0.45003905693469387,0.8309999833297276,0.6654798723161846,0.4509825815329898,0.3766361402725041
0.0,0.2575605561129425,0.5823292713910373,0.22459695451769185,0.4969315902005092,0.4052473882364417,0.2690798081116435,0.4784646448766634,0.8301137917007443,0.6626865798164486,0.4542053122123085,0.3841343674920189
0.0,0.2234484735559696,0.5853419374590598,0.2290186903168509,0.4813524617772357,0.4150926043186127,0.2987352812908849,0.4680985905113755,0.8304458033972809,0.6654753473102528,0.4531509518921363,0.38315297797692016
0.0,0.3812526874014618,0.5887232909930773,0.2308050519121129,0.5205024517784554,0.3838122421362356,0.6724814653292622,0.4555414175456524,0.8316525515632996,0.6764579676157169,0.4514858278641203,0.4220641457631346
0.0,0.36964311308585374,0.5851588418792364,0.2009320369765406,0.5115743595019723,0.33724517296186896,0.5290013083296987,0.5116605829554554,0.8331778291159583,0.6914522119781914,0.4539123935728594,0.5193227671700156
0.0,0.29955568295829155,0.5843100462969462,0.18435414787329207,0.44917706456241135,0.3521353486100763,0.16397732228521542,0.5041783550889466,0.8341653465252828,0.7010026364227163,0.4529695491850792,0.5222763010108572
0.0,0.2948258563852661,0.588506566887969,0.1891802560080236,0.44678663833247256,0.3176874861309899,0.20453554295682494,0.4235785977823521,0.8354613683644995,0.7112163452660313,0.4480288311611716,0.3953887432921504
0.0,0.2926759352157089,0.5919492507778816,0.16232158082629922,0.4428170838298348,0.3367890731312617,0.09550806803314422,0.4468408098295741,0.8362112323621831,0.7156530970186332,0.4468875879706666,0.4392965597570613
0.0,0.3897090440017199,0.5991580186900605,0.1638416550567866,0.4730243316918449,0.4758277913846408,0.0033865505563615444,0.4198202889721884,0.8354025042921586,0.7168241144285982,0.4441394208432072,0.3502121552477224
0.0,0.4331374516267736,0.6077529512754289,0.17279861850508446,0.5014358644305885,0.20936144640390453,0.5173978819969735,0.4500980107983826,0.8349455176501007,0.7204120186059773,0.44385341901569203,0.3832210158492447
0.0,0.3819693277913148,0.6113859317430101,0.17301305837461115,0.5172616433552762,0.3267091250361112,0.4533535047907213,0.5292190086907821,0.8350060557091928,0.7271634238219865,0.4489660459210631,0.5497004867090979
0.0,0.4810090296689121,0.6150504961023271,0.1577792372091582,0.5326285910021106,0.3604588660145495,0.5597579425113458,0.5364261185267428,0.8347403242680648,0.7300744945105558,0.44977919534610733,0.5661113191064521
0.0,0.4822989823706468,0.6195873637886031,0.14939369618506682,0.5329299894845396,0.0,0.7448310640443772,0.5721472471002067,0.8333473278386568,0.7270792995271532,0.4500718873346996,0.620699696326802
0.0,0.3917156370933067,0.6247949177530965,0.16688048967922406,0.4811957454018638,0.3440532844494089,0.9641956631366612,0.6298286898977641,0.8322829278677287,0.7286070705694452,0.4528829390865109,0.6851678522401093
0.0,0.3055754622330517,0.6287304887615712,0.19003747817277755,0.4872332188902351,0.35629056172591445,0.6861743912018851,0.6594284422915369,0.8310489788569663,0.7330510991858749,0.4559083935686216,0.7827173179405044
0.0,0.2245950981797336,0.6310750129180978,0.19299932122336605,0.5047905842322128,0.332842557764816,0.6391032708563031,0.6590992832192739,0.8304756412158801,0.7376211555496627,0.45604524584598,0.7646146252027363
0.0,0.19291959294825906,0.6331673244369203,0.19701372931127328,0.5382595653770903,0.3441132131549955,0.4649681528662424,0.6700057480017095,0.8301891913318368,0.7426128947796172,0.4534900024822166,0.7794780652870241
0.0,0.18002006593091624,0.6350466863877438,0.19511323981395526,0.5337744095373946,0.3095264943883467,0.4698477751756444,0.6512928091024763,0.8300150423975364,0.7459063899836431,0.4509365620183439,0.7837364940341439
0.0,0.18274329941235526,0.6372331124469526,0.1988540191946419,0.4819258715211773,0.29865694698488754,0.4618692660550463,0.6452598637183182,0.8293773472333331,0.7520820396907055,0.4504481990039925,0.7627793869057621
0.0,0.1757202235918019,0.637560158755301,0.18351296333453104,0.4800471552825573,0.2996601795679518,0.4953350296861749,0.6518872605613389,0.8270844792288546,0.7502186584104489,0.4513848041995885,0.7443924910289745
0.0,0.27418661315751786,0.6364149354629534,0.14990866619819404,0.481498220355335,0.2890689412638357,0.5139573070607555,0.6848277318974789,0.8248258060109067,0.7502728967633586,0.4513564594413224,0.7684537458999735
0.0,0.2799197362763369,0.6339134541105054,0.10287747403861837,0.4831482390348174,0.2807112525340517,0.4307608100711552,0.7011383008513921,0.8229923914715697,0.7444725691475337,0.4493944432938221,0.8015419760137066
0.0,0.3055754622330517,0.6344109320009517,0.08204012530069699,0.4943824006306097,0.2719254321684144,0.5145046524356873,0.6986966283302791,0.8220688933725141,0.7423926461279964,0.4492341337409209,0.7912805585748235
1.0,0.27518990970331103,0.6338716642001305,0.04927810503379832,0.4769706394510723,0.33368370487451626,0.4477285166940345,0.7047787019341782,0.821421345293062,0.7380917585215304,0.4498898348481637,0.805042279987473
1.0,0.2539773541636806,0.6338720260091828,0.023567658598225905,0.4634445549218207,0.2931641664022817,0.37985769020251775,0.6760927344275824,0.8209351374835744,0.7392894071323248,0.4509272178503054,0.7541681251266555
1.0,0.2344847355596963,0.6356619403155881,0.001470047229017002,0.4492250538899232,0.31249887010765065,0.2846195949644228,0.6744076364904762,0.8194575858601573,0.7326311717714961,0.450675777549527,0.7552734842762657
1.0,0.2455209975634225,0.6397978464866765,0.0,0.4544203742205552,0.26857159564128835,0.3191023535851122,0.6858446860461118,0.8180067851840979,0.7346724323311381,0.4523763198615196,0.7247103037895399
1.0,0.2221585208542357,0.6465336873139089,0.05462415837213014,0.43752826238225184,0.21682574220789788,0.25478927203065144,0.7137102122830374,0.8164078689244242,0.7362695979844923,0.4555124039700471,0.7882424318127067
1.0,0.005733123118819017,0.6547849563587178,0.1124860794135425,0.3612385330570364,0.2850772490026796,0.07334428024083217,0.712344447774246,0.8173974277522168,0.7560276948151105,0.4554625601641902,0.7796325871467958
1.0,0.13343844059051208,0.6685746524189558,0.21235086790931015,0.3696798460656213,0.4955948170871731,0.10673575129533697,0.6434126426560677,0.8179526269853415,0.7651698393141629,0.4508581243797043,0.7299006968174798
1.0,0.1780134728393294,0.6776598036423989,0.2574329829887275,0.3471906003621804,1.0,0.18618307426597544,0.6671513984347748,0.818826763367475,0.7782656284620805,0.449779097499933,0.7566402869353412
1.0,0.033538770245091436,0.6873606731620451,0.3156863504552894,0.2977148269092201,0.4361387799422716,0.020379965457685792,0.6727078000874481,0.8166566104109972,0.7720072118724725,0.4466043695535093,0.7653125864330259
1.0,0.029955568295829182,0.7016824511431174,0.3835575300432461,0.2991032062318533,0.2487557410597316,0.03404539385847739,0.6955917248426667,0.8142126296146052,0.7686272111974437,0.4494663609167723,0.7499486978167573
0.0,0.174860255123979,0.7138950069156793,0.4426125707345736,0.3603827809405169,0.3657795216205531,0.05960232546778041,0.7183724803364301,0.8136687431832025,0.7714031494012926,0.4482867598655946,0.7675492610837439
0.0,0.2372079690411353,0.7199031024814888,0.4613544343299983,0.39421768903409743,0.4466972362531032,0.2644549763033169,0.7016639728026173,0.8143395713411558,0.7833493732679059,0.4451857615706532,0.8196516537649541
0.0,0.2996990110362623,0.7238820604208298,0.4899011511533817,0.43448706083394395,0.4476531431584253,0.5284360189573464,0.7292985964067622,0.8156534848147258,0.7971756602377739,0.4482400609823624,0.8701090781140044
0.0,0.2869428120968899,0.7243003314786429,0.511896635241728,0.4262207068966133,0.4872252360745073,0.5355450236966818,0.7368889063567003,0.8142908948602979,0.8020195569397587,0.4489444609617424,0.8925404644616469
0.0,0.3375376236204673,0.7244457743441495,0.5190153942511203,0.4207420932061587,0.4543379459229826,0.5814581458145809,0.7484045610639205,0.8127836148283129,0.807410615885722,0.4503575316018583,0.8847202674173116
0.0,0.3343844059051169,0.7233026230114663,0.511090181003799,0.4674904292999457,0.4958208549410082,0.5756075607560753,0.7677365155318867,0.8111910073457985,0.8173074506890144,0.4486743756660557,0.917690007037298
0.0,0.3544503368209834,0.7223568720543301,0.5032204608497444,0.4825204270814504,0.4827932793323542,0.6558035714285712,0.7575571484016133,0.8105731309965917,0.8308747801130391,0.4514633558599146,0.9041959887403236
0.0,0.29124265443600383,0.7210536807654226,0.5049235080410436,0.4068193992727585,0.4225122495455723,0.3999999999999995,0.7403180560946011,0.8097620554332253,0.8423921946636425,0.4531521204623098,0.8940358902181562
0.0,0.19392288949405187,0.7234529106659671,0.5231789719673579,0.346230379386034,0.4781918573514606,0.2388818297331635,0.7272057342458081,0.8091912020650046,0.8463311292306946,0.4521164257007679,0.8583743842364533
0.0,0.17887344130715227,0.7273306352476243,0.5375816624128329,0.3386394117418392,0.4984932853426433,0.2926725963574757,0.6886400817493576,0.8083744389542961,0.8442654336323324,0.4519899566277074,0.8029644616467279
0.0,0.24982083990253734,0.732007158295293,0.5378742006207776,0.43838867287167815,0.46098250309426597,0.26181962653953145,0.6840858957793947,0.8089592258088231,0.8523804080194325,0.4552550331785995,0.7993314567206194
0.0,0.13401175290239387,0.7359275718134588,0.5453241860803665,0.4172359892642087,1.0,0.21524836349634208,0.6523490658269016,0.8092160797263915,0.8681767066803713,0.4550849986644899,0.7835151301900067
1.0,0.11752902393578925,0.7416606466117823,0.5557748080070907,0.3913256086167489,0.4869234016161482,0.125,0.6339112449582165,0.8098406648254136,0.8939392663442302,0.4533367998454878,0.7491115411681915
1.0,0.18976637523290865,0.7480091772687225,0.5873784008406433,0.4211408885816466,0.43772878813501664,0.07894736842105342,0.6230342571076251,0.8096198836171152,0.9010877794088278,0.4556973965144484,0.7472290640394086
1.0,0.1416081410348286,0.7510264126210511,0.5720218884284192,0.4435139572468796,0.4972040337909005,0.05108359133126908,0.6258050887010005,0.8098791934458135,0.8915561193777216,0.45222514088121,0.7501935256861362
1.0,0.4573598968037842,0.755554197501086,0.5606762367151024,0.6180812264744696,0.5656341497724573,0.15592952931895904,0.6070282831161048,0.8097102697444548,0.8797438823663551,0.4537982096457594,0.7360045742434909
1.0,0.5053748029238926,0.7535619569918963,0.5101524722495266,0.6445996594818098,0.4547273703584857,0.2384373596766951,0.6333364447872505,0.8090891971423463,0.8736134241901269,0.4529696882143196,0.7823715693173825
0.0,0.5065214275476566,0.7557851567173497,0.5097106281118244,0.6453238268221803,0.5144979750461913,0.20278151637505532,0.6451124790590962,0.8075760569479297,0.8782919047322569,0.4543527381255668,0.778764954257565
0.0,0.5801920596244802,0.7584197789850222,0.5290970687338299,0.6918842595004024,0.5837755060329571,0.4590731918579468,0.6573797955283491,0.8061648250926355,0.8802220137192162,0.4519505822921326,0.7883180858550314
0.0,0.7173570302422245,0.7600181318590618,0.5548776681095986,0.7242196837011211,0.6332426517580018,0.6589208349743995,0.6850389832423643,0.8045186527558673,0.8798802552636581,0.4550006828884278,0.8418103448275863
0.0,0.641679805073814,0.7587587062440837,0.5677941045526308,0.6676735391962998,0.5829613298458576,0.7140840098835157,0.7243071692811067,0.8031158431389992,0.8805945850178717,0.4556471080945249,0.87905524278677
0.0,0.6464096316468394,0.758579436484693,0.5812871441375288,0.6238688848938968,0.6439190470675829,0.7144369925873629,0.7187704189163295,0.8004911265580549,0.8715762922042795,0.4587505003057434,0.8765130190007037
0.0,0.6894080550379822,0.7563135744476349,0.5644355395776343,0.5994954846966347,0.6414820314156187,0.7571478997529121,0.7379107733273067,0.7981208222655057,0.8663990903787603,0.4610725025655752,0.8676020408163264
0.0,0.7233768095169842,0.7518640793506801,0.5365481586506644,0.5690882664215581,0.6254287703690441,0.793858100953053,0.7376749578725513,0.7949528446981329,0.8547560550320726,0.4613441038685964,0.845197044334975
0.0,0.7607854378672783,0.7478939760858763,0.5275624618457302,0.5860383187805848,0.6590942273544564,0.7264384045181784,0.7467587657026069,0.791916423785132,0.8394876851906855,0.4625641491827127,0.8332160450387049
0.0,0.7078973770961732,0.7454708502797669,0.5483343486124557,0.5445778550863869,0.6767954087413997,0.7479434024350116,0.7496671563112569,0.7898965741105334,0.8289011870371831,0.4633981908019013,0.7989481065918657
0.0,0.6760785437867279,0.7430360673699719,0.5749256019430375,0.5223187302493579,0.6479695241679931,0.7752230503111089,0.7410107639929452,0.7875925318262597,0.817763385783486,0.4620230441099832,0.8114792426522477
0.0,0.7218002006593092,0.7392712474703529,0.5785947998086071,0.5410129759332031,0.7104689473034737,0.7375509358381109,0.7554790247065817,0.7869645945396312,0.8219164590711435,0.4640040304586104,0.7926770187919119
0.0,0.7652286082843629,0.7358930268862678,0.5849095588377116,0.5680225694978103,0.5309378650901779,0.8427189220752315,0.7697360340753329,0.7861357998053357,0.8251400619635222,0.4649870416545063,0.8524721565980422
0.0,0.74014619463953,0.7309060321556882,0.5605511896098793,0.5482774996788793,0.6932109589045626,0.9155516767230284,0.7896575271801876,0.7876419342194653,0.8402430954815815,0.4670263753182418,0.8975869051636853
0.0,0.6835316038411924,0.7267227825426092,0.5535171478159924,0.5285986686996779,0.0,0.7501083073291097,0.747520253108588,0.7871845109677412,0.8440071001743726,0.4650679842651831,0.8903476206547418
0.0,0.6456929912569873,0.7232795115326327,0.5365996589686408,0.5011708885827734,0.4893596298894944,0.9723737827198012,0.7456189910046227,0.788100297855795,0.8555333151981833,0.4654927968184298,0.8446760040499492
0.0,0.6623190483015623,0.7163647000470865,0.5170294647815543,0.5079825426687585,0.7527440976823613,0.9478735570452836,0.7186770752988221,0.788246893624761,0.8648738471665273,0.4614339633236485,0.8656176172797836
1.0,0.5790454350007166,0.7064686938441889,0.4702776667834393,0.5239724652192818,0.0,0.8877023624353941,0.7022977268372728,0.7888098083965981,0.8783150078325593,0.463067662241887,0.863609517381033
0.0,0.6071377382829297,0.7004003580530396,0.4575217510045299,0.5389906923822948,0.6392737961191503,0.9797724752212827,0.7237028921782959,0.7879216923689382,0.8846255687409016,0.4616332997429277,0.8780037124535941
1.0,0.3422674501934932,0.6925587152008423,0.43148736069736177,0.4521795103279343,0.5226410111429165,0.8158730871571478,0.7354297982304017,0.7853745913167397,0.8815731074012237,0.4628315827786735,0.9029109011137364
1.0,0.22789164397305475,0.6926757452769141,0.4421684817632269,0.4351733080587232,0.48608475257876294,0.4783228113302428,0.7507135873917337,0.7839821965925061,0.889809232631286,0.4647518034603311,0.8877489031387108
1.0,0.19979934069084165,0.693625361360737,0.4420106835565653,0.4694362184596791,0.4844148632922846,0.3652165113762855,0.7131403249340453,0.7812824537018513,0.8902212384973475,0.4643382284962299,0.854463381707729
1.0,0.23247814246810986,0.6930634683487948,0.43293267605527264,0.4410881653625119,0.4291496721897128,0.35151215407215,0.7484045610639207,0.779812182538235,0.9016540706578638,0.4644862967607272,0.862867026662167
1.0,0.21341550809803655,0.6921798520019069,0.43092017101288105,0.4229645770275564,0.4705938457081806,0.13965556695627826,0.7509985310662297,0.7779835167060919,0.903488780498914,0.4646800481024967,0.8725531555855551
1.0,0.2896660455783289,0.6945354711518987,0.4286348604398935,0.4611717821493415,0.4612557302281993,0.3552030353807886,0.6930075804843059,0.7779484618400346,0.9172628291827288,0.4627172367660234,0.7918157273034089
1.0,0.31962161387415844,0.6949058166161629,0.4369990061769741,0.4825075525391606,0.5115918871290969,0.3433922151931445,0.7033687220276199,0.7776891143417081,0.9224657282184541,0.4634574386610405,0.835791427607155
1.0,0.29238927905976786,0.6968495165246921,0.4596745426934901,0.5135483048496081,0.414617410490491,0.2773254397685079,0.7065620563107655,0.7770084212788736,0.930733353226659,0.4639699529716567,0.8235993925075938
1.0,0.1866131575175578,0.6995206577247133,0.4877838462538108,0.5108011429338538,0.5705487352596174,0.2282367183636115,0.6865668708762998,0.7783126188570614,0.948190393014396,0.4657301091467372,0.7970975362807962
1.0,0.18331661172423705,0.7022879815467,0.5051050679142917,0.5033621504681526,0.5531943667129547,0.061408883213133925,0.5976497059676047,0.7794602291066853,0.9643283717850072,0.4589411965982269,0.7539402632467094
1.0,0.31489178730113265,0.7058261926024423,0.5127581247076874,0.5341668900755652,0.399839743320636,0.20092419667968345,0.5778166436582839,0.7802158020557205,0.9723774268804052,0.4573061642114344,0.6913094836314548
1.0,0.379102766231905,0.7068977021959977,0.5153688545178808,0.5204253564187389,0.4716316206299126,0.29523454951600897,0.6134444286142402,0.7785091479164422,0.9686560750136732,0.4574535872771444,0.7343570705366181
1.0,0.3951555109645982,0.7081547584487731,0.5260209409146097,0.52988165156564,0.4669818908519913,0.13179448994787854,0.5984701472372744,0.7773373775145612,0.9698668208405284,0.4560778196464077,0.7037293283833947
1.0,0.3932922459509821,0.7120991330645514,0.5495312514004816,0.5288708682110976,0.4619627477557306,0.007337073802331282,0.5886887186869009,0.7760793250918064,0.9728619437853242,0.4588746726866637,0.6888288896388793
0.0,0.4731259853805362,0.7194430400984655,0.5889491716796366,0.5269822566427198,0.5200072554101667,0.14305115436849236,0.5861537025482808,0.7747862233748392,0.9723164979352568,0.4588806577440934,0.6579311508606142
1.0,0.3753762362046728,0.7245540951777203,0.6127574160158875,0.5199186131717785,0.5144868181826722,0.09777853024781052,0.6331251934423653,0.7736557888632035,0.9705744382193109,0.4603432279898161,0.7298768140398247
0.0,0.5185609860971765,0.7316286349882479,0.651099269749891,0.5570379125740412,0.5560083825923159,0.5308448357288614,0.6196787996993354,0.7725137227798652,0.965703687230732,0.462735350153608,0.7112807964900442
0.0,0.4970617744016057,0.7323337167592061,0.6591242360871699,0.5443647787020999,0.5564412028015362,0.4359445033549277,0.6810448589774449,0.7716330200163791,0.9624802877083576,0.4658150156880052,0.8018140398245017
0.0,0.4815823419807943,0.7344224186646062,0.6914679030746171,0.5330107505954748,0.5730271549400557,0.4920827281395079,0.6972817356017469,0.7697535395064047,0.9512693721743904,0.463848496315374,0.8291765102936214
0.0,0.4917586355166981,0.7348688181044659,0.6982162320228988,0.4900457180090215,0.5700852611893946,0.52237954786452,0.7302418582257835,0.7677476362221841,0.937966252428042,0.463775359388809,0.8631370232872091
0.0,0.6363766661889064,0.7357393880524639,0.7126501845671127,0.5369907137478083,0.5435776444768118,0.7415859494043108,0.7324821050459593,0.7657323115600038,0.9255618312296421,0.4641898157518994,0.8515693553830576
0.0,0.6174573598968038,0.7333163287730287,0.6776065474904582,0.5178016815811375,0.0,0.9073273749587868,0.7469798426914405,0.7634584289089689,0.9190125294592076,0.4657244068693556,0.8819946000674994
0.0,0.6256270603411208,0.7293142367884942,0.6278222000527143,0.5239508378114343,0.5474060157143478,0.9550003118790258,0.7740249276586961,0.7606242936330628,0.9144570862588008,0.46500994963044,0.8936044549443128
0.0,0.6372366346567293,0.7233722681634649,0.580610789023411,0.5310191107618976,0.5014533855146498,0.9166254940711466,0.7991392735901427,0.7570855118706127,0.9033127350595046,0.464072089353639,0.902708403644954
0.0,0.5452200085996849,0.7169330084090602,0.5519079563939392,0.5253401283679394,0.4795830278596076,0.7690471515815362,0.7967860318645632,0.7564684918889516,0.905829263419162,0.4641989180089681,0.8784864052123793
0.0,0.5976780851368785,0.7142788729187357,0.5623333519857981,0.5051237603650215,0.5379886860021896,0.7959141496078458,0.746621206687333,0.7562439338994519,0.9116807487596332,0.4570103024475989,0.8847429311280954
0.0,0.5306005446466964,0.709339524373042,0.5424593354814085,0.5129986330498927,0.5015405422596547,0.6713959472166817,0.7479427557983579,0.7558106569226023,0.9164373994814996,0.4574112172180181,0.8666583134945495
0.0,0.5768955138311598,0.7054483596711376,0.5237032463148528,0.4874739981862162,0.0,0.6770793506453248,0.7627893038039978,0.7532406445618881,0.9110668352307141,0.459169569196796,0.8613289896838323
0.0,0.7220868568152503,0.7006140844148367,0.5161466046847234,0.5319901477887669,0.5158969319311264,0.989666539220651,0.7659531611552991,0.7512394256835307,0.9056372268162364,0.4556960320160098,0.8659566470367119
0.0,0.6461229754908988,0.6923047029000529,0.5027210225628648,0.5426906154097503,0.5205159569165196,0.9706214689265532,0.7907923890561974,0.7492953615396712,0.8997662799127085,0.458348387561993,0.9120995698116356
1.0,0.5596961444747026,0.6863277165838617,0.4930004605534326,0.5429595430328493,0.4982060722013149,0.9800332778702155,0.7957346879621124,0.7468468141597314,0.8949986643862571,0.4591964034748742,0.8935471745395317
1.0,0.5740289522717501,0.6822818438082645,0.4727529476229314,0.5525238881543034,0.4448315541312149,0.8509687034277197,0.792570830610811,0.7443783081597394,0.8916472951730253,0.4591376163080678,0.8740675771624272
1.0,0.5295972481009031,0.6789371298343979,0.4410803263928089,0.5253467865244107,0.4131235770703599,0.4714989444053493,0.7768498002937869,0.7422794776830987,0.8924870700363537,0.4615371143499717,0.8484400451071298
1.0,0.5202809230328223,0.6785531373731695,0.4463728561322705,0.5166986487884565,0.40256890976483706,0.5031667839549614,0.7453733499059195,0.740579811774717,0.8912077113298249,0.4588766913125453,0.7811552437037967
1.0,0.5416368066504229,0.6795969178290728,0.4507086860914338,0.5316323732773522,0.4582618041055936,0.4711152301513747,0.7543687269404417,0.7391818890559144,0.8870108501748807,0.4560805496501785,0.7954141085077058
1.0,0.5731689838039272,0.6821609503256452,0.4790777111982415,0.5576835270878692,0.41992345167805417,0.8148820326678765,0.7402885791627569,0.7380210727262452,0.88781626737308,0.4585025421264403,0.7755299293427546
1.0,0.5129711910563282,0.6814202333096164,0.4615941290537738,0.5558834718328491,0.4201172184124136,0.7985480943738666,0.7533615984357571,0.7364047909095358,0.8821645841919373,0.4561770238176062,0.7966771097187038
1.0,0.5615594094883187,0.6807694546652374,0.4420379163860821,0.5853023572161127,0.4283665690916428,0.7604355716878398,0.7637718681988118,0.7348533637801417,0.8795393012620688,0.4574850778382789,0.7924244054664799
1.0,0.5608427690984662,0.6782482019827374,0.41271389754698856,0.5836474011067481,0.39790515137099897,0.9019963702359344,0.7584365435349718,0.7326991610095134,0.8715827712639473,0.4566798578973828,0.7956148182123464
1.0,0.5995413501504946,0.6758554700176738,0.3888392595409622,0.6043481118778531,0.4130997082930517,0.9001814882032665,0.7630840731224421,0.7318442435561171,0.874365284853056,0.4575135710715771,0.7773746242618329
1.0,0.5010749605847786,0.6728759432664957,0.35871542010308644,0.5946472179733291,0.0,0.5874168179068365,0.7413890512849484,0.7302290784038875,0.8758424662633372,0.4583339617046509,0.7741607737950091
0.0,0.5435000716640391,0.6767002099257701,0.3562781799889325,0.6243944865670977,0.3741400242421949,0.8923169993950393,0.7471812683923775,0.7283051862203817,0.8776601837351165,0.4592243863072604,0.7603023652767621
0.0,0.3898523720796906,0.6787692089928371,0.3615081426147229,0.5280948074046946,0.319744206890352,0.9507481296758108,0.7939120310097321,0.7258171762608464,0.8754172790584093,0.460818270607445,0.7980283956536929
0.0,0.2561272753332382,0.6789640651472268,0.37060449002403,0.5093387273372758,0.5489601831527708,0.5823863636363641,0.8020329257328702,0.7230383733834632,0.8700763310857057,0.4616067925613563,0.8247556493861914
0.0,0.3709330657875881,0.6779471129669921,0.35762501029103483,0.5218077293002439,0.4990557382971262,0.5563763608087093,0.7984072631160062,0.7207438884332623,0.8604330946398691,0.4617606886211529,0.7938773295295976
1.0,0.3409774974917589,0.6735112990322594,0.32657912605605177,0.5045044275554714,0.5814834908063155,0.4342923794712292,0.824450132400552,0.7183740293797499,0.8512630509560221,0.4609510941393451,0.8206560256370748
0.0,0.3650566145907983,0.6721047197745271,0.3256190680228678,0.5165639934620087,0.5626487784357064,0.5225505443234836,0.8147718731116341,0.7160328222777733,0.8437383896351233,0.4601095907690204,0.8088527402413698
1.0,0.3302278916439729,0.6694880453916456,0.3140528171344045,0.4948439671419458,0.5807655997194955,0.4012441679626747,0.8564866444934633,0.7143376583176412,0.8465301831801456,0.4611187515828205,0.8530054603765932
1.0,0.2717500358320196,0.6664547019822304,0.2893419733441194,0.4824777498333367,0.5575376106973914,0.24261275272161775,0.8212174955416139,0.7130819408378174,0.8527956774125166,0.4614943698845431,0.8083552700069899
1.0,0.3868424824423105,0.6650220105001711,0.268509633624489,0.503645016032056,0.5546811785063669,0.2818818040435459,0.7804705500886765,0.7127829694549627,0.865816409767386,0.4606398535750033,0.7700144261514897
1.0,0.4517701017629354,0.6636058127225295,0.2558812121801496,0.4870527607780328,0.6573623359845677,0.30637636080870895,0.7634623604144455,0.7126001466195261,0.8751999918324463,0.4625420857758651,0.7531417778372669
1.0,0.35416368066504234,0.6632830186480263,0.2588323323047169,0.4882469372043004,0.6796691804937148,0.19906687402799397,0.7447985497349532,0.7116770440393948,0.8780605646164369,0.4644129841475014,0.7300673716146879
1.0,0.3256413931489182,0.6663768904855623,0.28401160342525555,0.470860059844236,0.6354267128745534,0.10536547433903606,0.7128259043277048,0.7104202411547013,0.8811470759702106,0.461453483386845,0.674534124540817
1.0,0.3246380966031246,0.6683344756178926,0.3066791108328505,0.4706951595568349,1.0,0.14813374805598764,0.7099420778289256,0.7095665368082703,0.8869172400002022,0.4612952653644205,0.6628890971013846
1.0,0.3732263150351152,0.6716604419764964,0.3411476149503657,0.4984556265621876,0.6178017040000792,0.03188180404354562,0.7154493512618583,0.7090125674123072,0.8978477421953975,0.4617151285749668,0.6828403158881006
1.0,0.34155080980364066,0.6752671554114975,0.3515879238569817,0.4844290396746231,0.5339601973916084,0.06209292227529339,0.6916221646876182,0.7088166829055694,0.9014132630428552,0.463092616204305,0.6493627210398727
1.0,0.4556399598681384,0.6810510991141312,0.3731565173981675,0.4890595592248929,0.5864913286693308,0.23273990447242784,0.6990749156222825,0.7086073005518746,0.9051918951344614,0.4638058047441489,0.6700575558827468
1.0,0.3154650996130144,0.6848695982662338,0.37353841664533416,0.4730695193705766,0.5328334746076181,0.05818497611810696,0.7029413065158756,0.7081134006158846,0.9063284405537868,0.4641567075681794,0.6816728386799329
0.0,0.2470976064210984,0.6906956415823575,0.3973666829302077,0.4471494493408029,1.0,0.15052816901408522,0.6636485563672627,0.7072659135433651,0.9104302984834246,0.4602838481332465,0.6174839007123841
1.0,0.3275046581625339,0.6960705257796187,0.43455071248198174,0.4860749528424044,0.6029743367258569,0.030369718309859062,0.6694456862966656,0.7062905189539167,0.912998208802096,0.4571962655257187,0.6243846577135295
1.0,0.2714633796760789,0.7033913042091433,0.4874977996290829,0.4661835647123693,0.3966057926835784,0.10519366197183164,0.6954983812251596,0.7053710461752908,0.9220234698518244,0.4565931040177682,0.6545308526301701
0.0,0.17213702164254002,0.7126520177922544,0.549930967428746,0.43596753357611545,0.4716586102097298,0.1967429577464788,0.7121184579634385,0.7040247922190799,0.927590041899506,0.454813910249543,0.6784083641933996
0.0,0.3491471979360758,0.7204945536216898,0.6032434444624721,0.4453205387129844,0.3142618577459709,0.6184469846275126,0.7444153496209754,0.7028426514527774,0.9345919886979812,0.4549567298841836,0.714719136215589
0.0,0.4384405905116812,0.7197140500508599,0.6053140640805996,0.4808833865141281,0.4647740279483461,0.8699251083957426,0.7938923797218357,0.7009120309541589,0.9329669309354476,0.4609625164895775,0.790657207870432
0.0,0.3336677655152644,0.7152498504033551,0.6049222241681269,0.4855718254868338,0.4521388870883253,0.6334253054789117,0.8189035563918269,0.7002668140659829,0.9434565395401644,0.4602233794049602,0.8056038905992058
0.0,0.3131718503654869,0.7133240112199408,0.6180159104435634,0.5287997907530461,0.4530771381426506,0.592037839968467,0.7455354730310635,0.6993830154269814,0.947286458323412,0.4549836871021323,0.7430657802763274
0.0,0.3633366776551529,0.7106258899113866,0.627142863121069,0.4995871852218498,0.43330547148912657,0.6152936539219555,0.736112680484797,0.6992532814278062,0.955772709073717,0.454144843233688,0.7242374217344101
0.0,0.4037551956428266,0.707976720432195,0.6390764745989148,0.5181182626925982,0.4187405003839957,0.58809617658652,0.7535188087389275,0.6979066588310355,0.9558982798674032,0.452456303819388,0.7450289266645845
0.0,0.35674358606851103,0.7055476173440134,0.6459772915119314,0.5228296267652695,0.3929802085791274,0.58809617658652,0.7241008307581958,0.6961279257807672,0.9577949976333898,0.45338593057446896,0.7005978673091507
0.0,0.28321628206965765,0.702964751275406,0.6385638205845755,0.4853610978009762,0.3522424563293013,0.3113914071738275,0.7394091840293979,0.6949838100428537,0.9640228089633964,0.4514785380973498,0.7068144975386307
0.0,0.2902393578902106,0.7038426578368473,0.6220232802025694,0.4874617114660593,0.37677832885544826,0.15766653527788724,0.678662140320021,0.69327838613158,0.9722975547732688,0.4486724722065572,0.6261693362483082
0.0,0.33352443743729404,0.706685591968705,0.6184693301014822,0.5063915154613944,0.3341208343284532,0.3173039022467485,0.6771833809058261,0.6918669987292329,0.9868477186066468,0.4488395132136093,0.6046119067802912
1.0,0.3735129711910563,0.7075281659698949,0.603409112159055,0.5264164615980531,0.3489521049910424,0.30074891604256976,0.7428530722332212,0.6903184980780576,0.9947765258378728,0.453409783137005,0.6848555154002883
1.0,0.4546366633223452,0.7070768581758364,0.5784503140092782,0.5138346179844021,0.5956900855653784,0.3468663776113524,0.7499226230539083,0.6887945505478056,0.9993481556763624,0.45424321411719104,0.7016512734396866
1.0,0.43170417084706936,0.7062367441473203,0.5286424912410184,0.5031975647031985,0.3957920572112744,0.0953882538431224,0.7240222256066107,0.6877577748218858,1.0000000000000002,0.4516758515377052,0.6582924565822619
1.0,0.5341837465959582,0.7113606351397008,0.5372624310204409,0.5034462118772994,0.5710054454413604,0.3519137866963954,0.6977189767574392,0.686958273029073,0.9959127423451728,0.4526937317894067,0.6204943509066538
1.0,0.4268310161960732,0.7153414334253501,0.5562917214109878,0.5004334201814628,0.3917505024098705,0.20393029291805712,0.7529489213899356,0.6863224569355727,0.982280674706301,0.4597909780205928,0.7088535880098007
1.0,0.4800057331231189,0.7238149483355334,0.6025198743699233,0.5273801223974892,0.4772917108292714,0.4175009269558766,0.7207404605279317,0.6857612138771564,0.9743658550575052,0.4564938447257994,0.6561573382581247
0.0,0.5338970904400171,0.7274689257070102,0.6261772878578384,0.5560335667560795,0.5459940477556402,0.6829810901001108,0.7352283725294646,0.6843697629350155,0.9687068970855492,0.4579607508267807,0.6968383721700232
0.0,0.4719793607567727,0.7257534076094979,0.6259544937905132,0.5245046552137135,0.4626353663399986,0.3737486095661851,0.8268426767019244,0.6832387937931613,0.966063831882398,0.4662831692850841,0.8001486266748095
0.0,0.6029812240217861,0.7282634086162691,0.6415934873319162,0.5543002158309615,0.4601184748722116,0.5817575083426029,0.7448280266667975,0.6809784727677589,0.9571963580651212,0.46093726911585,0.690024205970806
0.0,0.7160670775404903,0.7287727301221385,0.6398467202667111,0.644148616029803,0.4500995724700734,0.9158324063774559,0.8147718731116342,0.6799418837522256,0.9616747755270872,0.4666729819805314,0.7895254162693468
0.0,0.6839615880751038,0.7238675790113114,0.6170151729140558,0.6670593561305125,0.4952482785525318,0.8911153119092629,0.8779360252322537,0.6785737209628132,0.9745293756588064,0.4715304719320592,0.8796554800828921
0.0,0.7332664468969474,0.7196977583442243,0.6118706046929392,0.645121760064955,0.4690192489091432,0.896786389413989,0.8673292425902359,0.6768605700912128,0.9817969602106016,0.4694921017578267,0.8800296454064008
0.0,0.7137738282929627,0.7134451949614387,0.6002759287664702,0.6253041533756108,0.4750509786187578,0.9463137996219286,0.8611194356150116,0.674919946239848,0.9817969883862382,0.4689320338247995,0.8682938061247986
0.0,0.7702450910133295,0.705300168549519,0.6083099742064019,0.6036697951467901,0.4839795594812365,0.9606805293005674,0.91314130749844,0.6723598449882352,0.97217325326752,0.4722560654413653,0.9300454754777802
0.0,0.8159667478859108,0.6955320742422246,0.6142835150050331,0.6246400515381254,0.48439042216946604,0.9311148086522464,0.9162511238080262,0.6691681160927413,0.9687328891017448,0.4727762324500819,0.9266204236702736
0.0,0.7498925039415223,0.6865288926524009,0.6213937935290232,0.6395809791480593,0.0,0.8143094841930121,0.9239986440611352,0.6659643249522625,0.963025872032728,0.4739355905725264,0.9233608680635504
0.0,0.8351727103339548,0.679722095484923,0.6066020263427252,0.6481824710377063,0.4874210951753352,0.9511455525606471,0.9339471085586272,0.6631424759754126,0.9633817445953198,0.4753154266470256,0.924644275197468
0.0,0.8621183889924036,0.6717153301702461,0.5742711044238704,0.6599224528765362,0.4200196435781112,0.9858865039694209,0.958535782538848,0.6603415373645697,0.9583459346089246,0.4785004923308535,0.9861686819441166
0.0,0.6952845062347716,0.666301168303411,0.553365825555511,0.5943499704015314,0.3268651299988845,0.9295055821371618,0.9515595753356684,0.6578417904305971,0.9457839660671676,0.4781910581307745,1.0
1.0,0.6102909559982801,0.6624128306572619,0.5428106742683423,0.53812378558067,0.5853383893338997,0.9878847413228562,0.905831028401024,0.6552438157395691,0.937204522251424,0.4772593682276709,0.9925596169493652
1.0,0.6707754049018203,0.6580390191647929,0.5420601129729404,0.5643248875857926,0.5012935249561504,0.9800072700836066,0.8970812924652046,0.6533060113438832,0.9247854813191208,0.4763769996621151,0.9956135113403866
1.0,0.4933352443743731,0.6543521223155186,0.5471016022493569,0.530294157729823,0.3905051114835272,0.8945063694267514,0.8768257274661134,0.6509610284215449,0.921699252678436,0.478094491086033,0.994016399497673
1.0,0.32664468969471144,0.6559760364575549,0.5902309769341082,0.5092022871839688,0.3694302972940868,0.7042197452229297,0.8605790251978639,0.6487246488104091,0.9138366934275528,0.4767280615230829,0.9675953335946168
1.0,0.2810663609001005,0.6580403315498686,0.6299966532340209,0.5405970729024666,0.4567536928259008,0.5833181900781393,0.8354892433762875,0.6462072002299725,0.9081298570836224,0.4740558653454465,0.9248315232294358
1.0,0.3697864411638241,0.6605004404057702,0.6646461245698441,0.527239288001973,0.4456550890552808,0.702303815694744,0.8140889908572383,0.6439587971843103,0.8929255858076129,0.4720773582002246,0.8723834966357764
1.0,0.34484735559696145,0.6609942307438004,0.6898746858620881,0.5179121498116805,0.43469979388203206,0.7760979121670267,0.8484885703196773,0.6416495610957907,0.8720576473703122,0.4733836203359277,0.9235105957616956
1.0,0.3578902106922749,0.6596790700208779,0.6979776206931283,0.5234171748520616,0.4347842204012464,0.8693834900731453,0.8675650580449915,0.6397974050007272,0.8567207565440692,0.4723693616608308,0.9441663334666136
1.0,0.3816826716353732,0.6556449111846216,0.6879463529934573,0.5331994207597959,0.3891751516592844,0.6800909386164339,0.8802106618062482,0.6383929742536602,0.8479173697226766,0.4738947356477839,0.9889036732389828
1.0,0.3107352730399886,0.6534667178298592,0.6865206334969622,0.5529066281992328,0.45139789037819,0.5324159021406724,0.8432515020953186,0.6364421955789051,0.8380701338026452,0.4729943344879925,0.9410910850368944
1.0,0.2812096889780708,0.6549871887967205,0.7047934678601779,0.5424512387625234,0.4096670022739065,0.5666666666666664,0.8177834329817388,0.6348424967638343,0.8281991892295265,0.4707973868104359,0.8720535462279748
1.0,0.2955424967751187,0.6557129822048999,0.7204446998027954,0.5479332401932154,0.3866116964662139,0.6006116207951072,0.8122565082609101,0.632366615792089,0.8197960816036359,0.4693608604423616,0.8807306157009801
1.0,0.24867421527877295,0.654297680371422,0.7204851219875814,0.5240555213555113,0.4101330753782069,0.4999999999999996,0.8473094930459002,0.6295725948376033,0.8129610851598897,0.470822646039065,0.9051489859279868
0.0,0.3179016769385123,0.6537047786657121,0.7267317865732437,0.5034789426395023,0.4454150238311547,0.581651376146789,0.8508565505111791,0.6263073462234215,0.8063399522579734,0.4721994442533105,0.8755400882995275
1.0,0.3267880177726817,0.647929779830333,0.7038006844816981,0.5067727709410141,0.4143772562028867,0.4727828746177371,0.8507877710035419,0.6234080267909482,0.7999686793311135,0.4720531977539174,0.8827285125446661
1.0,0.4228178300128999,0.6430708262679863,0.6760396645442084,0.5514565242953424,0.5026748528514587,0.28623853211009204,0.8269114562095613,0.6215703318834173,0.8015111805830423,0.469924789443708,0.8246489550555808
1.0,0.5175576895513833,0.6415853079189213,0.6595066348284804,0.5410542806118115,1.0,0.31987767584097865,0.781349945222035,0.6194077107808204,0.8036967074758,0.4681673948479828,0.7604008733094794
1.0,0.5125412068224163,0.6433919904951175,0.6627103539615973,0.5395040737366623,0.5170322859530857,0.23822629969418924,0.7873239367425042,0.6184748187357493,0.8058705999399288,0.4693250781647776,0.7539330830405309
1.0,0.4275476565859253,0.6490860177822881,0.7044243929078355,0.5535248380373856,0.5481360086976564,0.06488425171177073,0.7412465794477006,0.6170803849257877,0.7995944972513046,0.4666691534255252,0.701857522855802
1.0,0.5009316325068083,0.6587676623649406,0.7662889247638957,0.5853636399461499,0.5807520451084871,0.3012716009129444,0.7077460464065162,0.6166360436915799,0.7972095387618695,0.4627765548943085,0.6380773558054109
1.0,0.5864984950551815,0.6641025400337475,0.8198655466714653,0.6258561004475918,0.6193948450860457,0.5282034561460713,0.7825339353177858,0.6157592781880411,0.7991810875698283,0.4748010222703321,0.7650742267890235
1.0,0.4937652286082845,0.6645029692585125,0.8410614793771386,0.5861837701950423,0.6088004873690555,0.2859471796543856,0.8242094041238227,0.614459884476536,0.8040844435193356,0.4779079526310375,0.8165166506763538
0.0,0.6372366346567293,0.6688789155824544,0.8819145996354594,0.6200050831744363,0.5680143160490627,0.54320182588849,0.7772870414494788,0.612307777232625,0.7968081421047676,0.4723599441865202,0.7380127580726669
0.0,0.7593521570875732,0.6686045527348548,0.8916843252710651,0.6578359060622535,0.6097257284458769,0.7665471144440815,0.8638951800303613,0.6103433620985393,0.7873248220839476,0.4834134493804722,0.8538900403541797
0.0,0.8007739716210409,0.663516907340985,0.8707591133279282,0.639198626089648,0.5649555381345214,0.8181229773462781,0.9279682042161836,0.6079614297611909,0.7734816714484606,0.490731668531457,0.9346230293984692
0.0,0.8176866848215566,0.6575584921001281,0.8515822159437683,0.6482674225195791,0.6108449140369361,0.7586705202312135,0.9447012758598664,0.6053688256757218,0.7648478762207549,0.4897761837251736,0.9547936653726652
0.0,0.8665615594094886,0.6528153674507329,0.8157899288175019,0.6968865989875411,0.0,0.8691910499139415,0.9363249143940772,0.6026353756669619,0.7526159318390816,0.4890613983330037,0.9357403871595192
0.0,0.9045435000716642,0.6461231548727326,0.7822797999256215,0.6950439877024575,0.6435669742572356,0.9407216494845356,0.9758190902436268,0.600748398269712,0.7536943783170325,0.4921337423990893,0.9766032357527394
0.0,0.8367493191916299,0.6376388422740602,0.7263737715092595,0.6724242886346914,0.6601839376661593,0.7826696578799777,0.9733528536126436,0.5989324207192391,0.7526641923843913,0.4902680518001351,0.9966251225318584
0.0,0.8265730256557259,0.6315830101932853,0.7156227979044859,0.6521850572629563,0.3763918779886572,0.890909090909091,0.9248976904823901,0.5982053254493284,0.7580819883720237,0.4882654898504808,0.9306189609298424
0.0,0.8818976637523294,0.6245887403385912,0.6971884299577159,0.672904335015255,0.4865415180025217,0.9826839826839828,0.9250254238537158,0.5967070694622661,0.7566493311472007,0.4868781149531856,0.9560495728889512
0.0,0.8744446036978646,0.6146696830541016,0.6781209778434538,0.6578846425928441,0.0,0.9858585858585855,0.9650698357643612,0.5947924766040783,0.7585371755065359,0.4900544623514469,0.9988166923400088
0.0,0.8474989250394154,0.6036450023727509,0.6463962073783032,0.6636538631565649,0.6217940862233791,0.9852813852813856,0.9543746223268104,0.591903131391578,0.7586077135498634,0.4891059718362055,1.0
0.0,0.8259997133438443,0.5907178224422045,0.6043615763916566,0.6561949116310012,0.8622515689887125,0.9350877192982456,0.9413359928076288,0.5895008130961633,0.7578024690066025,0.4876390195896406,0.9985228519195616
1.0,0.8029238927905977,0.5767619042086232,0.5511289068667936,0.6491846436342987,0.8222931165626367,0.9322602280348764,0.9345464728394636,0.5871218749074313,0.7562890261037697,0.4868455804419333,0.991483087215828
1.0,0.6465529597248102,0.5644591373483476,0.4951699875649521,0.5670352951136988,0.5500743508528171,0.8798866855524077,0.9371158787319022,0.5844189239264143,0.7504953678178349,0.4874986782581773,0.9961218179256542
1.0,0.5467966174573599,0.5592018998524753,0.4782582660872945,0.5253146597200882,0.4929861330979228,0.7362233651726672,0.9048926794039764,0.5823320119892199,0.7493946687618408,0.4841212309101892,0.9505720374204664
1.0,0.530743872724667,0.5583322890332183,0.4745481940617332,0.5111519762800861,0.4997834435199148,0.5657604702424694,0.8977789131855226,0.5802603165038059,0.7466540632577293,0.4815710549027525,0.994210452396186
1.0,0.5191342984090587,0.557399277564228,0.4745480102561673,0.4928214432827592,0.5012564832660857,0.7244673034533434,0.8951898560051879,0.5786922317361837,0.7510884267073108,0.4819051081888043,0.9748865070839968
1.0,0.5948115235774691,0.5556753105719281,0.4613027517180857,0.5251981138143211,0.0,0.8809698750918441,0.8826474215053868,0.575891757221847,0.747841196842145,0.4837169681895224,0.961377125787002
1.0,0.6062777698151073,0.550960513475677,0.4252535649157516,0.5438923977287353,0.4874082045988348,0.9537105069801619,0.911721501947934,0.5740883060445411,0.7528413222537615,0.4850199843822594,0.9800534730008392
1.0,0.6140174860255128,0.5460710131918818,0.3826771897631711,0.5510055539425295,0.3889654592111881,0.9554531490015372,0.9089555831765326,0.5720801182921559,0.7497857730064388,0.4835918290475364,0.9956640399769368
1.0,0.5860685108212701,0.5408190481485522,0.3436168466690725,0.5287193356923217,0.5319355182407883,0.9242761692650326,0.8942367685422182,0.5705548912907318,0.7463000865768905,0.4855106078307891,0.9955577182682952
1.0,0.5789021069227462,0.5376504037895093,0.3279684373740024,0.5233939399625818,0.518558434852957,0.9556737588652482,0.8828881497821163,0.5674009982159626,0.7295015138708683,0.4843186377721237,0.9811441937913812
1.0,0.515121112225885,0.5359258288727748,0.3266210056351955,0.4883768155942295,0.4054438482296257,0.9884696016771474,0.9008936423170832,0.5639516852169942,0.7129343145249409,0.4882226961845123,0.9607213094445392
1.0,0.4147914576465528,0.5344758847893243,0.3259250966642959,0.42529235417947503,0.4636623228131364,0.600652883569095,0.8849367965453036,0.5601101859678933,0.6938819909911162,0.4866630908604183,0.9244681905139364
1.0,0.4643829726243371,0.537859589556926,0.3592219323330632,0.4294768067273341,0.4387106069295221,0.6420021762785614,0.8629224412794954,0.5571352463075813,0.6829456103823737,0.4846558086731506,0.8687404816116046
1.0,0.2922459509817975,0.5400476259011442,0.3783559339001095,0.3462210832051936,0.5265788665560586,0.403656821378339,0.8922519884646939,0.5567533196671631,0.6868228563174112,0.486297977974187,0.8967252565593615
1.0,0.2724666762218721,0.5445849706607158,0.4197769841081264,0.3758157622425199,0.5014310384587045,0.2859701492537309,0.8415565785142642,0.5572509203504245,0.6985955488228628,0.4726424274145486,0.8973616261803925
1.0,0.27934642396445475,0.5457453120843319,0.42223425340122334,0.3808850019966723,0.5173895051323445,0.3922902494331062,0.8259288918147473,0.5582998350081542,0.7112400925019748,0.4732639696935344,0.8892936297206557
1.0,0.3179016769385123,0.5463871814222134,0.42565107589543894,0.4155417168473345,0.38930838488015396,0.3453237410071933,0.8388152238527332,0.5573012600443584,0.7157194596031934,0.4717192042799716,0.9080701908377404
1.0,0.2929625913716496,0.5457427273182052,0.4139637769417128,0.4013243166712599,0.3421142320669003,0.3801881571665733,0.8433350200688776,0.5555908297939037,0.7183613744252636,0.4686057468791319,0.9139364947005773
1.0,0.3746595958148203,0.5455564155040409,0.4131272075819878,0.4124517728731068,0.3478678836011613,0.4831211953514108,0.8589676195903688,0.5540293719126116,0.7164942903143354,0.46749005351069206,0.9295750952725784
1.0,0.38239931202522576,0.543685748151526,0.4029323431247411,0.4178750087988191,0.4851643085442793,0.44659656889872695,0.8535340384870473,0.5522539837729948,0.7135965976092826,0.4701820901743598,0.9279731993299836
1.0,0.324638096603125,0.5420217847184938,0.4032801704261769,0.4251048667775749,0.5314568424072273,0.3043718871057002,0.8648482674933307,0.5502184326928682,0.7079062231738403,0.4682751717892146,0.9392084147081842
1.0,0.3531603841192491,0.5430013666043516,0.4019717595204086,0.4468297206216061,0.5534553812363834,0.19977863862755876,0.8537305513660102,0.5479846114305321,0.7040377258259768,0.4674733232147321,0.9054296226401294
1.0,0.3391142324781428,0.5441489290610808,0.3995304724114429,0.43899055381325214,0.5079596705990742,0.2800221361372443,0.829195918427504,0.5454538705481912,0.6998913650455216,0.4681793652596238,0.8704731810435
1.0,0.3432707467392864,0.5460407412685584,0.39579921043664495,0.441599055211028,0.5136439788128176,0.21361372440509055,0.8461058516622533,0.5431577586916084,0.7036678215055743,0.4672552146124303,0.8743352863297567
0.0,0.3750895800487317,0.5476303850957855,0.4030165256228827,0.4617686878988509,0.4973822856761123,0.3779745434421686,0.8499820681997946,0.5399730993196817,0.7034273981805028,0.4682252637257798,0.8661795147498776
1.0,0.3527303998853377,0.5489920481569119,0.4180155450898016,0.4430958870194221,0.4840227169831639,0.2036524626452673,0.878741728036001,0.5378197613190446,0.7041126970032261,0.4694944686934488,0.8792141200909934
1.0,0.3052888060771106,0.5526059971349857,0.4485819070667768,0.4151914167558139,1.0,0.21416712783619132,0.8559167571444712,0.5351347188845751,0.6952602496360959,0.4690308891542137,0.8614030852954729
1.0,0.25498065070947384,0.5574714904087199,0.4863985363494461,0.4302345703077008,0.5299580388009687,0.1311566131710004,0.8746788242634451,0.5341358199551872,0.6972530988235062,0.4724702473691523,0.8593939128786222
1.0,0.23247814246810986,0.5627343625136147,0.5235661593673702,0.4684495314861414,0.5583794872472106,0.11931187569367395,0.8384369365607298,0.5328235925220978,0.6996493974038079,0.4690643731974338,0.8392558721670305
1.0,0.2205819119965603,0.5675226900411992,0.5535945729569232,0.4567323630425102,0.4083547207841069,0.0543840177580476,0.8261204918717359,0.5322847279831157,0.7089182699056487,0.4709716022217855,0.8265337325150584
1.0,0.298409058334528,0.5729524880332659,0.5765383858965741,0.4594616133955773,0.4198446848831432,0.08047493403693927,0.8286505951883818,0.5294882859429048,0.7026743998801088,0.4714963047122947,0.8243007801110787
0.0,0.3548803210548949,0.5768232361242733,0.5932982940516259,0.4466017667077494,0.3360873304640349,0.2404620231011553,0.9006971294381205,0.5268631048057729,0.6965833229282008,0.4807789072649502,0.8744284281864018
1.0,0.3200515981080695,0.5790631867791425,0.5994243356204213,0.4162342054919133,0.4401253696378569,0.0248512425621274,0.9056836437418018,0.5244004774871046,0.6894930344252231,0.481037549313603,0.8941223662542754
0.0,0.5303138884907552,0.5840400500357081,0.6265364030779731,0.5371614051918627,0.4632625220990825,0.7950536998719079,0.8872703869829867,0.5239873459022558,0.6980410608150759,0.4817204265110345,0.8774015116328168
0.0,0.5221441880464384,0.5817973596930037,0.6206924758502584,0.5280483476279185,0.0,0.8374224061483889,0.944106824401004,0.5239506836661955,0.7100607016030093,0.49089627163621397,0.9813086742952049
0.0,0.5617027375662895,0.5798509707857955,0.6282809825641235,0.5148214850145265,0.4226461786624625,1.0,0.922367587165744,0.5230443117827225,0.7185286825870841,0.4898404237816622,0.972265619502034
0.0,0.5199942668768811,0.5766030248791614,0.6408373095792097,0.4824681095406233,0.0,0.7345324520533119,0.9441903423745632,0.5215671779390866,0.7267844694158893,0.4899301697112429,0.9992821855339272
0.0,0.5386269170130429,0.5753087330789775,0.6643369922363429,0.504102678269891,0.4848600716110465,0.991778006166497,0.931903374617414,0.5193985034786349,0.7342106640550623,0.4923421245016845,0.9898674040984188
0.0,0.488748745879318,0.5718291116715453,0.6591384619767752,0.4584793283117082,0.5778506980773395,0.6008273009307146,0.9333330058118684,0.5173031449794004,0.7397460148165832,0.4924527466852587,0.9945259873785716
0.0,0.5123978787444463,0.570354809398036,0.6535098149792236,0.4824009914199068,0.4619823124115258,0.4767321613236835,0.92000943261819,0.5153390999759823,0.7483995099178096,0.4910092137639255,0.9927246904007944
0.0,0.4236542835481425,0.8049681721244607,0.5025892905855925,0.5137424675916376,0.5504682919975428,0.3379204892966358,0.5311792246584358,0.9876416516802424,0.3621795260509752,0.5148829710661211,0.8304071745702466
0.0,0.4238059135708873,0.8040149927387615,0.5102006248140909,0.5132161293503432,1.0,0.2298674821610611,0.5503146662474392,0.9869499786981384,0.3734012125176319,0.512543642142056,0.8441504231124378
1.0,0.4533737680060653,0.8038293108855791,0.5224459160943286,0.5376878994448719,0.5537525522642283,0.0637362637362636,0.5056325503932712,0.9871529967170954,0.3794693767671601,0.5132126448304439,0.7967542406112043
1.0,0.5452615617892344,0.8064589756667745,0.5174673891667412,0.5591237707522354,0.5519385984744285,0.21365149833518304,0.4443696603766172,0.98907596165884,0.3873330370821911,0.5125066462338401,0.7553474075666925
1.0,0.5501137225170584,0.8081486671317505,0.496671510587125,0.5625049468238837,0.5022951597669769,0.3913043478260864,0.4523529960844807,0.9914210967093784,0.3924143193425438,0.5129254659326258,0.8019024248327156
1.0,0.5149355572403337,0.8088533380528306,0.4648224065066389,0.5374338515267003,0.4757493811503773,0.2658670664667664,0.4652982819861557,0.9922003182759694,0.4032666755754648,0.5137651400301384,0.8346952199046259
0.0,0.6124336618650489,0.8146933884267448,0.46208681918720296,0.5719754472445678,0.4573287958841004,0.4597701149425284,0.4500587082225904,0.9924233138150031,0.4118320321707691,0.5127758354825722,0.8094539382976842
1.0,0.4339651250947688,0.8166175508157466,0.4482263482830927,0.4793745432307025,0.3468102631178188,0.5874751491053682,0.4829353128730672,0.9919582176922468,0.4167895854843183,0.5149566290052425,0.8754822469863516
0.0,0.4962850644427595,0.8205843695765885,0.4362701794569878,0.4713033718618419,0.3479150693553723,0.6438038436050365,0.4838097951844516,0.9911112013477468,0.4144578965020765,0.5150564339747568,0.8669061563175934
0.0,0.6031842304776345,0.8200213048187986,0.3993155312507177,0.4915898604563197,0.38711853716700173,0.7511597084161701,0.452490555099755,0.988750172991494,0.404933441998414,0.5130030892648807,0.819282289993296
0.0,0.5993934799090219,0.8176039951065122,0.35264226997612297,0.4878465041836966,0.3673498121152147,0.7833001988071574,0.5130951269718839,0.9856792075852584,0.3896700366259367,0.5136055825052577,0.8716622183993827
0.0,0.5887793783169069,0.8158941361865691,0.3376884269878496,0.47938880388249605,0.3727625645058015,0.7846255798542081,0.5378704881871192,0.9824611923581102,0.3763916882470584,0.5154508427490749,0.8637185827946923
0.0,0.5451099317664899,0.8133952484397909,0.31902215034536874,0.5038997756284292,0.4191754765736844,0.709410205434063,0.5695483642759236,0.97969458939292,0.3588682834100462,0.5139864191718035,0.901887245911178
0.0,0.5896891584533734,0.8115506379499092,0.31250332862070435,0.485932481953372,0.4643933866627413,0.7942345924453278,0.5868316719807025,0.977193783229672,0.3452527061900388,0.5115209181071798,0.9127654730131424
0.0,0.6238059135708871,0.8067903907871533,0.27277762580605996,0.4534665888221288,0.5311783867900979,0.8008614976805837,0.6078929397835411,0.9746587407276592,0.32993605369337065,0.50934756105238,0.9151435040540368
0.0,0.6362395754359363,0.802813206995788,0.2439525786541652,0.46066606585760705,0.0,0.7879390324718355,0.5998359117460662,0.9725064470425164,0.3221658506259182,0.5088450487599274,0.9034177871662216
0.0,0.6090978013646704,0.8010190506746805,0.22836684983223984,0.4371467973533866,0.5310200132836309,0.8611663353214051,0.6087084682312371,0.9708578865232956,0.3144224056694737,0.5094554826554583,0.9169712991891928
0.0,0.5194844579226685,0.7967690484878406,0.20226305748866613,0.4319682116856189,0.4933707390617827,0.9904799682665604,0.6253629347233342,0.9702160610409002,0.31476821409745226,0.5069432320140335,0.9282100256776756
1.0,0.4636846095526916,0.7926953606042481,0.1718157719577903,0.3996975392038212,0.4631037786317161,0.7393231265108785,0.5969127826714942,0.9693507330539624,0.3168613912744665,0.5084008223467535,0.9249212593445236
1.0,0.4712661106899168,0.7916912461788399,0.14447998399795334,0.4043144117012145,0.36044089106979454,0.8589846897663176,0.5687082717183576,0.9690483998167128,0.32602733340460466,0.5066086913008683,0.8860189483537194
1.0,0.4497346474601969,0.7866493879623137,0.10339712665526417,0.4411229181728096,0.4368775682694636,0.8319903303787264,0.5657409272460192,0.9690940883700292,0.336038378724192,0.5063489951588641,0.8890673817625254
1.0,0.5375284306292648,0.7808401218242861,0.05952750040018345,0.4940119093502485,0.28955033672353137,0.7461724415793712,0.5337977587706151,0.9700380548412048,0.35215867733349804,0.5075721826914087,0.8864047459428004
1.0,0.4862774829416227,0.7752763319280599,0.01256150814398016,0.4647937334645967,0.12168171777713198,0.589846897663175,0.5113314238831926,0.970740792172978,0.36445026697735294,0.5095618681094003,0.8842607232756113
1.0,0.4394238059135712,0.7768414517578347,0.0,0.4342128498333219,0.2357150288274478,0.4613215149073331,0.45327660661560604,0.970060217039902,0.3749874147659956,0.5057007176331587,0.8076957132195756
1.0,0.40121304018195614,0.7832373377757845,0.010670718994822193,0.41230709384974895,0.1228397334302528,0.5286059629331181,0.4128833843448017,0.9684221422996876,0.3777485466042,0.5029376121693906,0.7492884880529241
1.0,0.3117513267626991,0.7900207774040943,0.027683622956091503,0.416501241300352,0.1269213051762277,0.5209508460918613,0.4532864322595544,0.9668619232443736,0.3846287879200714,0.5021764514155406,0.7851929620400468
1.0,0.2321455648218353,0.7978177727227799,0.05869745107211844,0.4193674799867982,0.4599146826891337,0.3563336766220397,0.4524266884140921,0.9645147687752814,0.3873269826594175,0.5021516106144432,0.7754721277053265
1.0,0.3232752084912817,0.8072323034434971,0.10971047298606508,0.464658939172347,0.5609579596627869,0.4794589178356723,0.4271305680696046,0.9628605460350124,0.3882732201694742,0.5004669965841297,0.717760603109149
1.0,0.2491281273692193,0.8103044697462826,0.1299460741869869,0.4686630066840892,0.4750071126607548,0.3223773075191365,0.4209600636701728,0.9613112008853664,0.39119284977665736,0.5037060294739792,0.7146362750926548
1.0,0.11220621683093274,0.8147495583072543,0.16035355104737894,0.43308820605003256,0.4749512656460832,0.1197283774124382,0.43874447921630655,0.9619311675875594,0.3966739674851598,0.5013285643609326,0.7234969705402429
1.0,0.10144048521607336,0.8234110694465434,0.19018230978624331,0.4302399098044222,0.5054989764426218,0.1480401684483324,0.3797070975539063,0.9633993786810128,0.4084151771167557,0.5006057226116603,0.6911848413170246
1.0,0.058225928733889536,0.8286329455544456,0.1888311498909052,0.41579310803411096,0.4845248372518679,0.16531755915317564,0.4319107438503751,0.9653300910017903,0.4080867863527631,0.504275380062184,0.7922068887005578
0.0,0.12463987869598192,0.8336688124911197,0.17252628431390105,0.4146194387260869,0.4596302538512762,0.17772440708495993,0.4375899660523999,0.9643234699445472,0.402815381627606,0.5009851539342995,0.7940916047914793
0.0,0.1094768764215316,0.8366644028456004,0.14438144453732155,0.4586888483872877,0.44465724822983416,0.16631642149504713,0.443603260148662,0.962730388383318,0.3869161991400325,0.5015301084831307,0.7675980621576837
0.0,0.09431387414708126,0.8429200096203479,0.1617689359523422,0.4421024264656872,0.3805589536361383,0.10477334133893752,0.4484030872173288,0.9613664079880012,0.3770619899170157,0.5018177252033916,0.7894746828237855
0.0,0.0294162244124338,0.8508203362879428,0.20050497230721745,0.4640790281046573,0.441160805303308,0.06763571640462772,0.4120531174311836,0.9613035843758531,0.3720499153218565,0.499273827058871,0.7411740895809354
0.0,0.10159211523881727,0.8609971408397138,0.260398056270022,0.4420583014234307,0.3782505947731875,0.18629486799169384,0.3589504247134596,0.9615754470569025,0.37630658053835264,0.4990887999761262,0.6836017050988525
0.0,0.18498862774829453,0.8686767798158405,0.3001052621589039,0.4295531565376216,0.43246335436073935,0.3313556808068826,0.35075583766071045,0.9618387430049076,0.3885249483840766,0.4984410563459755,0.6917224281214819
0.0,0.0994692949203944,0.8734612799201246,0.3113793643928592,0.4198151830166829,0.3477833745943621,0.2419165196942979,0.4310510000049128,0.960952912408882,0.3875160275762154,0.5006741365747782,0.78372566629141
0.0,0.1296436694465507,0.881284981027796,0.3192462981407792,0.433739644885358,0.3510542089301411,0.31231757151196765,0.3879360743604733,0.959195334772932,0.3904611944737912,0.4976068870458527,0.703271057591358
0.0,0.15405610310841555,0.8867095932667896,0.31651132372951424,0.3993867402789493,0.34667403285763443,0.33420899007589056,0.4166171290450947,0.9584117257232364,0.3915656023990453,0.4997635782440013,0.7464930366697448
1.0,0.04291129643669439,0.8913703534255134,0.3140966154594358,0.2447230298343841,0.3891573371602391,0.10303561004086396,0.4432593626104773,0.9562938009423021,0.3875846382453305,0.5017454542195628,0.7880516589296331
1.0,0.05640636846095544,0.9028587499432228,0.3415992995065166,0.2618130337382323,1.0,0.07627118644067754,0.4178698986484827,0.9547959752442524,0.3774541518007805,0.5000831073054021,0.6948467561379766
1.0,0.0773313115996968,0.9169798272383372,0.3935556656796997,0.2896309096432279,0.30922284458033306,0.07334891876095824,0.3830527293182477,0.9532170298998658,0.36851322341166304,0.5010190817910601,0.6829882236867073
0.0,0.10507960576194107,0.9329322901940974,0.460702850234354,0.3035731519238688,0.2683992175054689,0.05688827964359136,0.3597708659831293,0.9529907812369104,0.3683145086830443,0.4992774808311167,0.6438772025247608
0.0,0.19514783927217605,0.9472073402228449,0.5305032212198122,0.30561703543381497,0.3324495875143296,0.019775280898876302,0.4663791028204515,0.9509140321037376,0.3464858100533881,0.5037960633249753,0.7612545378650849
0.0,0.2648976497346475,0.9571376679982648,0.5843885543217187,0.31997992732937885,0.4388689469389449,0.08978328173374568,0.5441982028897221,0.9470343526872936,0.3177468128792437,0.5061223663419754,0.8290853434863454
0.0,0.3396512509476878,0.9636216018349244,0.6029046741464696,0.3287540983335143,0.5395850848810084,0.01833660772757046,0.6046799542124988,0.9444074546103428,0.3001618919029612,0.5071631458824287,0.8599997470179741
0.0,0.4741470811220623,0.9691416641368584,0.6187715427275235,0.4031852227934812,0.3603006627086105,0.14197530864197666,0.6414671651543363,0.9418736226241744,0.2984834553561692,0.5096290182918909,0.9396258395840976
0.0,0.5176648976497348,0.9719820967718136,0.6075996259951764,0.4412564940279099,0.3775322103813051,0.4125705076551174,0.6668517162943568,0.9400609093420206,0.2980259127217736,0.5078923994323954,0.9493466739188179
0.0,0.5889310083396512,0.9738291638121628,0.6208363835786672,0.4516764472419184,0.41472322932664096,0.571371451419431,0.6847638652118164,0.9364350814792431,0.28877520694555936,0.5055599611372485,0.9612368291232908
0.0,0.6330553449583016,0.9750177877078352,0.6396281329389932,0.5032781944801026,0.3565333688895217,0.8634259259259253,0.697645284427828,0.9351317517826676,0.2930966837163511,0.5066448251719465,0.9546592964569866
0.0,0.4949203942380594,0.9751495023291392,0.6365232034450328,0.42110315213722976,0.3723251366802986,0.5725308641975317,0.6878294661236356,0.9337452681902416,0.2965901801847713,0.5053140389756553,0.9959522875899663
0.0,0.4680818802122825,0.9779323358618852,0.6297346390082081,0.3980738388152295,0.3615531193226735,0.6203703703703716,0.6603225758908171,0.9350167108339285,0.3139360947397508,0.5036208800367877,0.9997795650082829
0.0,0.473995451099318,0.9773065015018186,0.5955935876278193,0.4029057192446781,0.401561484694812,0.5393518518518522,0.5869102771322876,0.9354718102280264,0.32500500200086635,0.5013951488867169,0.9912634591795008
0.0,0.5784685367702805,0.9752707581494524,0.5779922666646387,0.4367220744162544,0.35178012293483263,0.7762345679012342,0.536509636500302,0.9373300988130708,0.34705579239372264,0.5013918885059963,0.9434510017718409
0.0,0.6235026535253979,0.9693194880466676,0.5419604378325084,0.4679820345237156,0.3669270479134261,0.717592592592593,0.5326530712506568,0.9370246681956051,0.3565692909434077,0.5009365210650623,0.9655308709281716
0.0,0.6827899924184988,0.9650187190372064,0.512423179384119,0.5051027432761525,0.0,0.7332916926920666,0.5155220610270743,0.9366922236420588,0.3654942787406419,0.499796427246016,0.9324246967425374
0.0,0.7119029567854436,0.9633185596643612,0.4991031917657507,0.5343112562755131,0.36966687605203896,0.9136888400219906,0.4989609381524839,0.9359763605487288,0.3734863103689071,0.498415714317061,0.9340261687338146
0.0,0.6561031084154663,0.9613906649858314,0.510683776855945,0.4750932867157313,0.4307730323270803,0.9428121720881424,0.5186760927344278,0.9357428391031648,0.3866110019252715,0.4998391081544306,0.9707509881422924
0.0,0.6210765731614859,0.9586154126748092,0.5392214505455434,0.5019186913176996,0.0,0.8976915005246596,0.5149767377879527,0.9340188706907578,0.39553106561189255,0.4995213256266453,0.9729726046067869
1.0,0.6207733131159973,0.955441530795476,0.5316602240457423,0.5020274989546223,0.4647771627066977,0.8667366211962231,0.5024490417540739,0.9321529911506172,0.3872077037111601,0.4987492390006775,0.9350415701240284
0.0,0.5705837755875662,0.9518048230272556,0.5190518761934461,0.5178514860067102,0.4662794060009126,0.938585607940446,0.4930508133176781,0.9298013559256284,0.3739888721154549,0.5017541759005794,0.9271091726863842
1.0,0.5454131918119787,0.9478289805475716,0.4831939008959058,0.5525028928598725,0.0,0.8467741935483872,0.4816628919817834,0.9279504971339428,0.3645651399549629,0.5010143511587705,0.896558538912362
0.0,0.6439727065959059,0.944124777510676,0.47233166658704995,0.5671330751507351,0.3960754221611966,0.9931761786600488,0.4685309188450938,0.9261869453189668,0.36740090468244346,0.5000941059445545,0.8739948207714321
1.0,0.6382107657316148,0.9372140023458918,0.4261285997081645,0.6119819360240377,0.5170938351743226,0.9887218045112778,0.4772413522051203,0.9260399855803804,0.3757866225939719,0.5007457102499254,0.8898528008722911
1.0,0.6306292645943896,0.9296469871209366,0.3718414741286124,0.608852610253975,0.5791272072276336,0.8891736066623949,0.4554087713523525,0.9254973054089398,0.3817339675961916,0.4989215272272374,0.8972127572577342
1.0,0.6955269143290369,0.9250165856911184,0.33997388308867826,0.6424007521602939,0.5724329208801621,0.8414481897627953,0.4562390382659701,0.924363090670345,0.3862672060490453,0.4990391361698044,0.8832288401253916
1.0,0.5062926459438971,0.9211088604588052,0.32169501393159045,0.5744779706382193,0.5886990531612092,0.5114879649890587,0.4767107674319208,0.9215762221590416,0.3818780150436272,0.4968995783637091,0.8957339512062151
1.0,0.515996967399545,0.9240276207511632,0.33012771684257297,0.5803831607570382,0.5914761113111511,0.6400437636761481,0.4399088180241612,0.91755547719035,0.3691193338551194,0.494294936807014,0.8237767479896415
1.0,0.4906747536012128,0.922967242053502,0.30981103199498783,0.5652940102274642,0.6218925155564867,0.4885120350109397,0.4668949491277285,0.9146545019112768,0.3599232351567643,0.4965109093646173,0.8063172958975059
1.0,0.5075056861258529,0.9233889987828028,0.2912114209672853,0.5265731936247902,0.6493938925211847,0.5257111597374171,0.4341264265606808,0.9119164689769054,0.3511248794963626,0.4977064140426675,0.7724955703966201
1.0,0.5865049279757393,0.9266154616387604,0.3118504605301936,0.5846917143614792,0.0,0.8178336980306341,0.4052095564213037,0.9114361780229088,0.35274846280466376,0.4955580909391003,0.7157012402889464
0.0,0.4965883244882486,0.9272374971298408,0.32145962612310497,0.5195448244393175,0.6226546244645369,0.9564258135686696,0.4318026617669458,0.9107393515047414,0.3553603632656702,0.4976111889231361,0.7698855117895598
1.0,0.4066717210007581,0.926428795015401,0.3319528276833431,0.5170196935145771,0.5493338382681281,0.7875185735512619,0.4356051859748761,0.9102988049869072,0.3592588724181224,0.4942056180849842,0.7705601744582253
1.0,0.345716451857468,0.92253401927007,0.3186689841973279,0.5263418332607673,0.5497080415407443,0.5510948905109485,0.4463151378783485,0.908903113079778,0.3612660757289139,0.495055708665746,0.7862545999727406
1.0,0.3440485216072783,0.9210834602781732,0.32374914904438845,0.5228788951225204,0.3940017415998141,0.3809306569343065,0.42813278375231534,0.9074406262830316,0.35586270321800817,0.493732891900545,0.7458566171459724
1.0,0.21910538286580733,0.9228920753560788,0.3437861891123261,0.4857381025532132,0.4855675948124006,0.17472627737226215,0.41698067787117626,0.9057930563054508,0.3534458735130903,0.4928933601922876,0.7262709554313753
1.0,0.1952994692949204,0.9290238033471316,0.3626368460877847,0.4754848069783742,0.4128560366864715,0.19092979913025426,0.3672678323155599,0.9055891792337708,0.3606139574011201,0.4889760012919554,0.6456930625596289
1.0,0.3093252463987871,0.9328280645835516,0.3570758677553583,0.4986445796125241,0.4135477019676008,0.35263369521511817,0.34912969358729345,0.9063606378840322,0.37549479970289423,0.4874189107602656,0.652139839171323
0.0,0.3822592873388933,0.9308012566921391,0.3158738490977281,0.4977534638502845,0.4270009350632653,0.4109368717330121,0.3698224997420768,0.9066304708019668,0.3883580718522817,0.4890780969859064,0.6974717186861114
0.0,0.4498862774829414,0.9317242535822969,0.3131674775115618,0.5415613170353236,0.42403706972306615,0.3880176919983911,0.3828709549052072,0.9064287662884244,0.3960462277605389,0.4901725350199325,0.6871064467766117
1.0,0.3449583017437453,0.93299306908767,0.3151996438793515,0.4906745886681384,0.4064770645760765,0.465219139525533,0.3947894610143015,0.9053514404157508,0.3998284357510196,0.4910812658404163,0.7261823633637726
1.0,0.3833206974981051,0.9355465292043174,0.3388787755619547,0.4615127813095933,0.4550659972735031,0.4724567752312027,0.4044235049054528,0.9060787799640077,0.4133184878613197,0.4918691358917499,0.7250715551315251
1.0,0.3191811978771799,0.9343261206267643,0.3353850268883712,0.4728320774055216,0.5039731349530869,0.3059911540008039,0.3364202231403741,0.9049158173175316,0.4130649161615235,0.4900435248345068,0.6704988414883466
1.0,0.3334344200151632,0.938938330363422,0.36196658931379794,0.4314915945533758,0.3999738326608445,0.31202251708886203,0.3372357515880697,0.9034348682909399,0.40675962231656415,0.4901602220311472,0.6293716777974646
1.0,0.24306292645943905,0.9441499430570364,0.3870055862343511,0.4384626116846041,1.0,0.25572979493365466,0.3398493728782748,0.9005173007551112,0.3877162440934221,0.4904190912082492,0.5978601608286764
1.0,0.14435178165276752,0.9504789055851904,0.4102679537908738,0.4205688603752123,0.4430931459318457,0.05106554081222288,0.34695331345278024,0.8983390407237725,0.3726386234005065,0.4910216439569127,0.5922516014719909
0.0,0.2873388931008338,0.9603312072133592,0.4491411240665543,0.448381006004232,0.31437267166478305,0.12054244098443025,0.2880338395177576,0.8957194725996119,0.3595310076933221,0.485997611681476,0.4893757666621237
0.0,0.3040181956027296,0.966880355582817,0.4766425078552217,0.4568970110120205,0.4274041403167187,0.206428930185837,0.35776643461770874,0.8937169562977799,0.3508677961665204,0.4883419647744216,0.5352119394848028
1.0,0.2230477634571647,0.9733610486617074,0.534249581555134,0.467334235479386,0.2606733664907536,0.1472602739726037,0.39991353433325627,0.8926098722607155,0.34684411592682873,0.4882717955050132,0.5830039525691697
1.0,0.23972706595906,0.9816715476308834,0.6029033850040931,0.4784674195886096,1.0,0.12622309197651727,0.3748434037995766,0.8918551246853271,0.3439907260814954,0.4898046215588602,0.5665121984462314
1.0,0.23699772554965884,0.9888484279250968,0.6620173265639364,0.47741782692003704,0.3072146530698446,0.13258317025440353,0.40884995750408987,0.892050932982858,0.3437175060483174,0.4890434472504544,0.5830039525691697
0.0,0.3884761182714178,0.9977023452287664,0.7051858118556441,0.5044520282471603,0.4495231337226756,0.3442508710801393,0.4045905408525709,0.891926214419753,0.3427521084554899,0.4886106842799303,0.5960610603789012
0.0,0.441546626231994,1.0,0.7183347051744874,0.534833496787077,0.4732425758469992,0.6571428571428579,0.4020800888238212,0.8909334954581068,0.3382157670740238,0.4883593711304875,0.6032233883058469
0.0,0.4601971190295677,0.998505191801464,0.7165959217503319,0.4963914591348063,0.47123147073438,0.6710801393728222,0.4832251693695376,0.8895453175368554,0.3332464962924723,0.4916168436641348,0.6569578846940167
0.0,0.4527672479150874,0.9953046604629721,0.6988207218417035,0.4913659016100015,0.4571902025299315,0.4188153310104545,0.4999484153692722,0.8883536832734008,0.33231799897769176,0.4929977140936515,0.6864794875289626
0.0,0.5539044730856714,0.9946115747100978,0.6988610118995877,0.5058671959050733,0.4645103457976204,0.6780487804878064,0.4411075465858345,0.8893645003090763,0.3435061935299686,0.4917603536412383,0.6324860297124166
0.0,0.6072782410917362,0.9934607762091168,0.7017102469508736,0.4911417072849727,0.4764895544392976,0.8418118466898967,0.4898820431444025,0.8914295082385079,0.3614352991774944,0.4957421028872048,0.7220253509608829
0.0,0.4859742228961336,0.9911797732635872,0.7214101925368199,0.4623866580235305,0.4438279447225319,0.607665505226481,0.5025915135913219,0.8942960785249082,0.3834847735356708,0.4966009290630462,0.7729317159602013
0.0,0.4335102350265353,0.9919013728060004,0.7440379989695987,0.4772897744218144,1.0,0.3735191637630673,0.4467916816098335,0.8966973874118301,0.4068567695459243,0.4953938353540792,0.7651219844623138
0.0,0.3708870356330555,0.9937023011316608,0.7683522189808465,0.4259200572817493,0.4636382537650332,0.02299651567944339,0.4109329940210957,0.8965438401631062,0.4069541651642597,0.4962025600480349,0.7290786424969333
0.0,0.5047763457164521,0.9992250967816256,0.8021987468632676,0.5308632089717983,0.4302816486847809,0.6336633663366349,0.40951318847058976,0.8940435126043457,0.39444065881291934,0.4962746411609034,0.6697969197219574
0.0,0.4906747536012128,0.9972635083396578,0.8002172836035395,0.5183002276419062,0.4606928291554421,0.4674681753889669,0.5181012925634612,0.8919397844212121,0.3807171752540132,0.5015629693907931,0.8031688701103988
1.0,0.5435936315390446,0.9969329556584666,0.8059845911413976,0.5141377855429774,0.4509837382560157,0.4738330975954736,0.5048661501653164,0.8896648144313529,0.37497712822563145,0.5003373698253408,0.8038639771023577
1.0,0.5364670204700529,0.9966615912774776,0.8175354187560505,0.5086402509597499,0.4787071868962571,0.4179632248939181,0.5479515988779113,0.8880566927503578,0.3748029323347437,0.5002594016372464,0.8229112716369085
0.0,0.611827141774071,0.9978752272970602,0.8416296184271991,0.5411608995488302,0.4559257680998988,0.7680151706700387,0.5546772521604135,0.8836237221187632,0.3567433626637009,0.5007744815840817,0.8379378492571894
0.0,0.6527672479150868,0.9961699025080414,0.8545262742268722,0.5333414630136403,0.4766289438425113,0.8577749683944372,0.6672545676962303,0.8797216716046318,0.34474248278668784,0.5064833377915228,0.9201921766389528
1.0,0.5778620166793026,0.9923126834934208,0.8487494685130429,0.5114285866054482,0.4519411608616163,0.6466498103666259,0.7110622012390136,0.8773377306278106,0.3425806748666941,0.5064066789933458,0.9612034891645084
0.0,0.621986353297953,0.9913123759908504,0.8485708788884385,0.4998208921726346,0.0,0.685208596713022,0.6431227861595981,0.877247404222797,0.3549358913434193,0.5039626807944729,0.9405002044432328
0.0,0.6943138741470813,0.9861158492727651,0.8155358519455033,0.5559469973242177,0.42629563405058135,0.977777777777778,0.6293423205223312,0.8766975589510021,0.3623514243119814,0.5064800147900976,0.9341420198991413
0.0,0.7924184988627749,0.977054039759194,0.7604495515829686,0.6245200159358544,0.4120043266864383,0.9118269456853986,0.6802637202835677,0.873022022205694,0.3492957760794213,0.506964638676507,0.96579721219647
0.0,0.8394238059135709,0.9680384406293724,0.7069433799760723,0.5982190201246494,0.4296307893645677,0.9794622062248576,0.6935086883256611,0.8711559048070182,0.3464067801342846,0.5082500835766249,0.9491768269801526
0.0,0.8130401819560271,0.9617107790221316,0.6831140643100233,0.6427955742716871,0.0,0.9179828734538534,0.6355865172513743,0.8690790634239348,0.34214538878439915,0.5027965071434312,0.9503162376251136
0.0,0.7854435178165277,0.9566479763772489,0.6720416188421701,0.5829605565516591,0.4147617917626413,0.9595728451563692,0.6726046308259926,0.8691438451284822,0.3472105395906557,0.5021298460171558,0.952861148826134
0.0,0.7883244882486732,0.9502985583627958,0.666062772528999,0.5856389099757344,0.4537377952290466,0.9630812213131108,0.6611577556264089,0.8695624672711685,0.3601487758770009,0.5008393620194007,0.9746873443544588
1.0,0.7479909021986353,0.9445810827808564,0.6651917419978801,0.5645884239558767,0.4477404033799493,0.9032258064516128,0.5877700209777498,0.8683161195520642,0.3617194359805965,0.4981327674460186,0.993018928636383
1.0,0.6335102350265351,0.9395186769872256,0.6642398607351379,0.4898135147349966,0.4377395930092057,0.7763440860215046,0.6339014193142679,0.86873503670035,0.3761015385639472,0.5021791785519819,0.9606444107589802
1.0,0.6841546626231993,0.9373191606852712,0.6692567548937027,0.5242285057465099,0.0,0.7260215053763439,0.5665908454475332,0.8688481991934284,0.3842011051872184,0.5000526123234235,0.9596855501110444
1.0,0.7425322213798331,0.9332576652909064,0.6539069712249871,0.5974416450527638,0.4701418185443632,0.9255913978494617,0.511483721364389,0.8720083331584382,0.4085524655340299,0.4954587276919483,0.9649874854584553
1.0,0.7630022744503413,0.9266101702804292,0.6345518799868239,0.5552015163571067,0.36070924161462253,0.9699416778824592,0.5059224068897418,0.8721761381976602,0.4160770562973791,0.49878581052762105,0.9995068307619832
1.0,0.7579984836997725,0.9187560714417654,0.6101910992367465,0.5531226277619122,0.4444763258018607,0.929564827276806,0.4845074159047696,0.8716952449691046,0.4211351961042942,0.4973419330315912,0.9859175256165831
1.0,0.7601213040181953,0.9113454593295456,0.5887893873265676,0.4919085373510984,0.4644333144447498,0.9890267175572512,0.4503240006091901,0.8712841350371344,0.4297158391478765,0.4945526599488297,1.0
1.0,0.7351023502653526,0.903853481087597,0.5806897412981005,0.5368936808800039,0.5320979351006893,0.9772267206477738,0.42957224059071797,0.8710784246795863,0.4414582073458878,0.4930978391639168,0.9817780360255668
1.0,0.6618650492797573,0.8964846870247835,0.572107131336,0.5286556605838751,0.4654754194034219,0.9138426191843768,0.4334877597040516,0.8693101916751459,0.4441854519571122,0.4896812689329903,0.9950352777190468
1.0,0.6686884003032603,0.8905945463614463,0.5768641324629785,0.5336572196500882,0.5816299820589012,0.8954623779437108,0.4180614987054712,0.8687743030438005,0.4516535946819288,0.4885814023727938,0.9765462455078492
1.0,0.6877937831690676,0.8839369423237838,0.5582525461978145,0.5469198065693925,0.506464601990305,0.8719126938541073,0.4020948272897432,0.8677820368724097,0.4561024907740915,0.4872754021718458,0.9972653048357604
1.0,0.6623199393479908,0.8773372864122141,0.5406367638502818,0.5788062570192978,0.0,0.8158447009443868,0.41005851170971136,0.8649820180052606,0.4479710412668296,0.4879023393225425,0.984671521341656
1.0,0.6753601213040183,0.8721702399761025,0.5228912535917521,0.5946666058313141,0.5383727134946442,0.8997901364113329,0.4357820475659424,0.86068824290037,0.4324404446244202,0.4899425499386785,0.95663892566673
1.0,0.6222896133434418,0.8660818700196434,0.5155882115701753,0.5962276820790161,0.506601187767008,0.96742671009772,0.4559098791937079,0.8563138393484516,0.4140051797224517,0.4877535988827285,0.9747178614210958
1.0,0.5675511751326763,0.861628623617063,0.5210203872613979,0.5854497743755794,0.5239825016844617,0.9896337249481684,0.4371379864307858,0.8525823449404429,0.4018668290520983,0.486498133704486,0.9896087706415752
1.0,0.4162244124336617,0.8579710850418959,0.5342299215774612,0.490785896897706,0.4673068737178927,0.5121555915721225,0.4542100427906791,0.8484110546893927,0.386643844622394,0.4878674826806054,0.9759985655492746
1.0,0.3247915087187266,0.8597854464005684,0.5757210554051684,0.4420939771007749,0.5128940168514821,0.18056265984654726,0.42955258930282136,0.8437887470625999,0.3711734134496004,0.4861697371865194,0.8890862207346433
1.0,0.3065959059893859,0.8631673970588044,0.6146652267179463,0.4287375364952319,0.5993631807995502,0.18414322250639345,0.4285700249080073,0.8416193478706254,0.3677803058656063,0.486250583758633,0.83327925681791
1.0,0.3639120545868082,0.8659390895246071,0.6446381937323694,0.4332659007596176,0.4921662954324429,0.3278772378516621,0.3975455541417546,0.8411592677477139,0.3746906492889596,0.4873841006814388,0.8290271350262131
1.0,0.3358605003790752,0.8652462103099977,0.6569702625405086,0.4484611839033277,0.5350091792614236,0.2654731457800509,0.4135220512014305,0.8427683105013591,0.389389588842974,0.4885821016650253,0.8788486825253162
1.0,0.3655799848369979,0.8654068137661065,0.6696470310635898,0.4895376959780926,0.5550929800488698,0.2414322250639384,0.3796874462660096,0.8418683794876629,0.3876805970190113,0.4896142833313773,0.8537116412507045
1.0,0.4608036391205456,0.8655975118926059,0.6830463864193925,0.5364590628058388,0.4880330461266522,0.4767263427109968,0.4222079204515866,0.8388694683904846,0.3763443078850925,0.4892545975217111,0.8769873119418026
1.0,0.3928733889310083,0.8631556723447161,0.6666805755983175,0.4386057845349315,0.5101494055762373,0.24603580562659846,0.5268903310750728,0.8351814939617758,0.3605171944584712,0.493728634292148,0.9858262606943424
1.0,0.3915087187263077,0.8646696682844716,0.6848358928697786,0.4376083028081778,0.4529233812897586,0.2864450127877233,0.4580027413546614,0.8328045172576625,0.359429900910524,0.4922939745739936,0.9382820008237608
1.0,0.3775587566338136,0.8656379108262434,0.7077829454105918,0.4117228224896268,0.4671452100803448,0.22250639386189214,0.4540086170897427,0.8317296683705023,0.3659584792029905,0.4918832794208289,0.9585556725092677
1.0,0.3751326762699016,0.8674164900093565,0.7411387936913347,0.4065213193857744,0.4699289373598862,0.1933503836317135,0.4568138384369364,0.8304642758352537,0.3736044803295616,0.4922128413409267,0.9264289963846049
0.0,0.37179681576952256,0.8697734085861876,0.7668585234024117,0.45125579629518797,0.5006801883700782,0.18670076726342727,0.4576932335702954,0.8271795349152871,0.3683357951451155,0.4922689435326801,0.9321953228685188
0.0,0.3827141774071268,0.8709203555144641,0.7743170191043434,0.4188649729579438,0.4870327144449152,0.19846547314577967,0.4629597787264982,0.8229760817689175,0.35202045829376283,0.4929063601376166,0.872234680334996
1.0,0.479757391963609,0.8720201217243825,0.7843554470437022,0.5084054180212758,0.4525938529380487,0.2716112531969309,0.5080545716264878,0.8186378740979242,0.3374704218898886,0.4929281193953516,0.8776165850533156
1.0,0.472024260803639,0.8705712711852388,0.7755271716161979,0.4987531300662191,1.0,0.2322250639386184,0.5061434838785747,0.8142979181921043,0.3176686869847967,0.49282963971108,0.8639970710722619
1.0,0.5035633055344959,0.8722619369686399,0.8017971177415321,0.5370130619256255,0.5399649245025208,0.16307074761665824,0.5324074301519532,0.8100005040494699,0.3006748325693719,0.4951208131984407,0.8460299299803211
1.0,0.4835481425322216,0.8753132596903234,0.8366073672838638,0.5126682861393891,0.4855104254689793,0.18314099347717028,0.5293762189939525,0.8092091718486106,0.2990054933802868,0.4952929053417315,0.7620337741979775
1.0,0.4926459438968917,0.8796456925900914,0.895721441799287,0.5233376677351057,0.5671691270722811,0.22027094831911612,0.4490122771421129,0.8115082426393202,0.3175614059716733,0.488136835360738,0.7633060271841103
1.0,0.5234268385140259,0.8823103906951296,0.9545122991877028,0.5094578021676205,0.5317569319294154,0.2804816859006524,0.4340183444772512,0.8134435154382093,0.33348110954720755,0.4867376130839844,0.7996613427303098
0.0,0.6083396512509477,0.8835875646926731,0.986373608734936,0.5640312807137637,0.5313385645651301,0.438403990024937,0.5102407774049492,0.8151422768397353,0.3518603225130448,0.4891976398355828,0.8435586472015011
0.0,0.6667172100075818,0.8822483970839176,1.0,0.5906879054544372,0.5561846092812939,0.581132927104491,0.4357967860318642,0.8173869272394364,0.3745465492438905,0.4829128014551648,0.8496819367534663
0.0,0.7340409401061407,0.8779700446658342,0.9820536443437278,0.6701997915830079,0.573930245118727,0.8394517865883503,0.3903384443057937,0.8223496950428019,0.4117809321282081,0.479232881549156,0.8641984348542402
0.0,0.8418498862774829,0.8716455112553071,0.9786536990457536,0.7341935775728956,0.5830348626796575,0.9217289719626172,0.3627971643191569,0.8236403688575223,0.4279266821214307,0.4808512265819585,0.8386160816438609
0.0,0.8178923426838511,0.8640830159360409,0.9753873515678481,0.7417835953696112,0.0,0.8907624633431089,0.3787147075151439,0.8240053826329853,0.43889280524874,0.4783485420616788,0.8436867877900327
0.0,0.8075815011372248,0.8566686311787074,0.9893573176282888,0.704757371963231,0.5892000145431331,0.91470054446461,0.3671106220123903,0.8243392184993831,0.4454508775342063,0.4773980763310982,0.8739645782801704
0.0,0.8621683093252459,0.8485455279091646,0.9980167633701308,0.7355567993952207,0.5164287894322203,0.9887617065556707,0.3606699124043841,0.8232504453674431,0.4429074326787089,0.4768814540264836,0.8879044437325522
0.0,0.8148597422289613,0.8411092657542371,0.9938671527001248,0.7138899482434176,0.5597259620631675,0.9360608943862996,0.3934924760131464,0.8217145670854676,0.4314417969872753,0.479408320606241,0.8627705825820327
0.0,0.7905989385898409,0.8376065208621292,0.9872683136046372,0.7089497713755161,0.5416867338136147,0.9349191246431976,0.34620656451272186,0.8208673169839732,0.4294653184751066,0.479574924217506,0.8079172577914058
0.0,0.7634571645185748,0.8313760971987404,0.9590047583790916,0.6609657518487725,0.0,0.9684110371075172,0.3307360881163747,0.8214456684281203,0.4364926705737455,0.4783689235563176,0.8350006864674381
0.0,0.8377558756633812,0.8231243515610164,0.9404247968138564,0.6979481348756755,0.5456151760567653,0.9558515699333968,0.3376729927437621,0.8206673981109266,0.440472271164826,0.4789002839317435,0.8181227403780147
0.0,0.8497346474601968,0.8130978323070707,0.9061327711349351,0.7035717217607816,0.0,0.9567889737381264,0.3524802381736092,0.8184452406776659,0.43407531377556696,0.4762980226996654,0.819651274541211
1.0,0.8423047763457164,0.8038796721075595,0.8763873347861577,0.6922100820336216,0.5605242357218111,0.9601415533618928,0.3528044844238977,0.8166811374360526,0.4305453720824126,0.4763358674767772,0.8075145302274493
1.0,0.8520090978013644,0.7948692625790844,0.8346683186020976,0.6968895437184002,0.5111299695944088,0.9974756581319862,0.3529911716589124,0.8138219163003707,0.4228014373964904,0.4763579473503994,0.8003386572696898
1.0,0.74647460197119,0.7849198389366957,0.8073285335210911,0.6700567648496645,0.489117586958087,0.9302993029930292,0.3974669489901692,0.8115764950597172,0.4150387557121191,0.4760283381592553,0.8050249416502673
1.0,0.7429871114480666,0.7786211165619569,0.8023590179723539,0.6685174194592994,0.5087812401974567,0.995561473590768,0.3485450677723793,0.8088242380143714,0.4058793838018343,0.4760882746847229,0.7287721385748938
1.0,0.6852160727824108,0.7700739057195144,0.7957536813767536,0.6836863201795846,0.519092377147656,0.8564878496102708,0.3625220462886087,0.8076939794709582,0.4018583556989249,0.4771626351700967,0.7266029014690405
1.0,0.7552691432903713,0.7634308189876567,0.7631631540857542,0.6947106138314789,0.0,0.9353507565337004,0.3655434318026619,0.8067034942462276,0.4058917946505435,0.4774090740312862,0.7164614891766969
1.0,0.7748294162244123,0.7529150323436623,0.7130138859482859,0.661711566048055,0.5251950940311033,0.9417698303530486,0.3916649062387926,0.8066808723206421,0.40992661361434135,0.4793585456799765,0.7869296599697955
1.0,0.8295678544351781,0.7401213894881079,0.6164736086483265,0.6895023415499537,0.5363688187130579,0.956734693877551,0.3547155721718112,0.8062277262756766,0.4128726905830923,0.4802845967290337,0.7335133403505565
1.0,0.8888551933282789,0.7295230638979374,0.5661954968666923,0.7180171024202636,0.5223360789381677,0.982342342342342,0.3564350598627357,0.8048805051282998,0.4073175059906176,0.4804437704361034,0.7123243787469681
1.0,0.7526914329037145,0.7207464797472255,0.5172605487374482,0.6301610158894263,0.4744643372311468,0.9500910746812384,0.35020068877764066,0.8027264383881053,0.4065351617604696,0.48000482737615,0.6722529861333578
1.0,0.7398028809704319,0.7151400172882544,0.5183033536423268,0.6253120518478945,0.5053345145953019,0.9975942261427426,0.3404634756250336,0.8002681271862474,0.4058004956536421,0.4792821696660241,0.6294448766646833
1.0,0.6721758908263835,0.7072531548560029,0.4980549424016584,0.5955879588658831,0.4551477898442125,0.8913857677902626,0.3444772511778489,0.7970790583291737,0.4031164110327419,0.4796408146183354,0.592650221957805
1.0,0.6786959818043974,0.7028468399038276,0.4953931726866799,0.6011109327468801,0.0,0.91994382022472,0.32485544021341284,0.7951824417575138,0.4032293787751856,0.4781208881475724,0.4874467987735114
1.0,0.7210007581501138,0.6954013326579672,0.4833232038729506,0.5820197217204361,0.5301350334656633,0.9812734082397014,0.3330795041980064,0.7946009269404705,0.3964820985578917,0.478766355927384,0.5328909432062605
1.0,0.7449583017437454,0.6868935599898053,0.454207121949797,0.6011118897858774,0.6008755477996633,0.755127934024107,0.3568428240865837,0.7951394054038771,0.39084068180916864,0.4806947167721231,0.5779598187725964
1.0,0.7367702805155422,0.6840191495878906,0.481783455360655,0.5890311227095587,0.6374076004221052,0.8196517412935326,0.31580602213717585,0.7953751226471767,0.3809663984573809,0.4773929424570876,0.4914100041188048
1.0,0.6903714935557239,0.6837195530743921,0.5091436078342516,0.542120612860493,0.0,0.8847429519071309,0.24562636023758394,0.7960552436733322,0.3842373172448119,0.4751895300488125,0.3841563315180083
1.0,0.6823351023502653,0.6824134120353506,0.523170744288196,0.5320320492461009,0.4979316894567557,0.9954394693200658,0.24321907747028956,0.7977717371418577,0.3956322133102009,0.4749925607570071,0.38701203606242257
1.0,0.5658832448824865,0.6759533111035622,0.4732063800244709,0.5152399738844831,0.4653168778286879,0.9306243805748264,0.28024701668885604,0.798935055330784,0.4029552629788888,0.4781037834808141,0.4755663356368128
1.0,0.5978771796815772,0.6736639715214968,0.4573972538334751,0.533560610343224,0.433905272856716,0.8763708873379865,0.2404678971648103,0.7999421942582979,0.4110124787838095,0.4747046865030202,0.3994508260491511
1.0,0.5425322213798331,0.6721982987564296,0.4629706009361633,0.4962464256563549,0.42919629195431264,0.9052841475573278,0.2181636854025321,0.7998852837797391,0.4138499831591146,0.4764969666809279,0.3719555169099813
1.0,0.4636846095526916,0.6723329328651374,0.4877880932250528,0.5027882364035519,0.0,0.8489531405782652,0.2463583707117205,0.7990353550526285,0.4127668426187021,0.475184147064797,0.3822159168916756
1.0,0.4601971190295682,0.6706053399425277,0.4673450279915299,0.5011073260345899,0.3280528132649231,0.8961130742049477,0.2494927511311773,0.7979343082672145,0.412778627470704,0.4754100911321942,0.34431376138391856
1.0,0.5191811978771798,0.6661899287634089,0.4237211526561103,0.5303880219627728,0.4595427207725543,0.8365638766519833,0.27313325047040243,0.7976451194547746,0.4164245843026765,0.477460781309844,0.3931902430094731
0.0,0.5026535253980289,0.6592753317683752,0.3619044019106321,0.5218739339887207,0.4840070049150456,0.8392070484581509,0.27644449248092584,0.798487953280186,0.4315732807494129,0.4777409882004089,0.3891538144707336
1.0,0.4958301743745264,0.6559490064708194,0.35488018402618204,0.5188315910605089,0.4549086331530544,0.7114537444933927,0.25492633223449884,0.7987585342109488,0.4379091387181415,0.4795893574385321,0.3653745823989748
1.0,0.36360879454131945,0.6536433086871595,0.3622811673511087,0.5098835903307768,0.4512739136103992,0.6607929515418506,0.23238630501746504,0.7992806273460765,0.4479273288371477,0.4775539142083596,0.3010937714521074
1.0,0.3008339651250949,0.6564453739980308,0.4013108617111884,0.4752456217469795,0.4639632977777283,0.4651982378854629,0.2251398926057116,0.7990167007026484,0.4440059819823709,0.4768987293088609,0.2845270239348314
1.0,0.0793025018953753,0.6586858451740712,0.4058681636189556,0.4151078605818408,0.49456133558982596,0.13266945069065195,0.21472471002068305,0.7989451226005572,0.44267699936051785,0.4758860395891034,0.2347260994920143
1.0,0.2404852160727827,0.6676748326943746,0.4570302980830053,0.4405459340147116,0.5295280359424456,0.3438360354848581,0.1445204840112209,0.7990479403335337,0.4381246187287471,0.4690183197527474,0.08755663356368157
1.0,0.21925701288855212,0.6674375381346805,0.4682116390601424,0.4818168689708252,0.4929322495062952,0.3331293973692265,0.2349016698681891,0.801727582356277,0.4592127760905325,0.4736030617679782,0.2530685094503686
1.0,0.23457164518574705,0.6679430077058813,0.4938603355943899,0.4895011805363563,0.5095552737025042,0.2909146527990213,0.18915838446762206,0.8046997622492209,0.4825920182247442,0.47320450293411104,0.232364651503364
1.0,0.28278999241849895,0.6686838547491301,0.5004251332132161,0.4658146924345991,0.4855011865747614,0.29642092382991736,0.1655915774580076,0.8073771943133393,0.5018072436467715,0.4747681368848061,0.21237471969246274
1.0,0.2809704321455649,0.667961872213933,0.4735115588861927,0.4635373549595079,1.0,0.2511471397981037,0.17742656559354258,0.8116731504607012,0.5179151684793136,0.4721271944076815,0.2126767653654296
1.0,0.2582259287338894,0.6705013047175302,0.4748969887321301,0.4412691114445618,0.6323376772387693,0.01835423676965416,0.08775282610084051,0.8151962097138078,0.5280261130908325,0.4681592658787941,0.18075145302274492
1.0,0.2526156178923429,0.6753376382801183,0.4444010601224074,0.4404966138730009,0.4134331846653073,0.006270627062706197,0.0,0.8201376421889496,0.5478149204580843,0.4589856544876641,0.0013327328376182429
1.0,0.5046247156937076,0.6829963379631968,0.4515444942174545,0.5244636948937373,0.5445041170918438,0.13244807626830105,0.02110057037863133,0.8223139521149451,0.5538848319669357,0.4612184974223598,0.01263186845569036
1.0,0.512357846853677,0.6886712912768024,0.44500078407291305,0.5278630654249125,0.5067720021606735,0.2649290663147476,0.07319613459167068,0.8246421373972689,0.5645717591672643,0.4623483356610841,0.0489676914200937
0.0,0.4236542835481429,0.6969553272003105,0.4797258045580338,0.4896178854246074,0.44789477309496173,0.3457604750907297,0.09306849947678447,0.8253015807484262,0.5666736962204825,0.4642329222883833,0.025418826618016668
1.0,0.36967399545109947,0.7019444625526915,0.4888807022836536,0.5149034048601635,0.5105295884101619,0.2365555922137909,0.1657193108293333,0.8260509755876743,0.5687644187390577,0.4671727428980582,0.12675894681266214
0.0,0.5075056861258529,0.7076759198715746,0.4855863046365407,0.5255476762885294,0.5447103799576112,0.376113493896404,0.1573675134734141,0.8263129183875674,0.5739383393319314,0.4663276438441274,0.09299175906158892
0.0,0.5466262319939349,0.7097330593626279,0.4934365161386762,0.543095027797144,0.5696681658227796,0.510392609699769,0.19790320758146698,0.8258562191061206,0.5738394525735608,0.4700690076331007,0.18894474668870406
0.0,0.5925701288855191,0.7126043251945174,0.5217048994889785,0.5144228357560671,0.6171855251513001,0.5836357637743318,0.27489695355909394,0.8258515651603314,0.5789710984839034,0.4734029800860774,0.2839680462778049
0.0,0.4506444275966641,0.7148912712256382,0.5735829742892924,0.500930377220896,0.6008987695299315,0.4543055097327618,0.26796987457565485,0.8255301495623516,0.5785790736097048,0.4727790124295091,0.2950095264329823
0.0,0.39135708870356334,0.7205797506858093,0.6129265486803199,0.4774779587223781,0.6205411478342927,0.4922467832398553,0.24239863620062002,0.8265468932719237,0.5891413545539804,0.4741112239360062,0.2352799393981133
0.0,0.3798332069749813,0.7224048370161696,0.6134868956867897,0.4717922458181264,0.5570202562770952,0.4114153744638733,0.2361888292253952,0.8270807627492834,0.5945911460032505,0.4735214347472867,0.2144709960287401
0.0,0.5737680060652008,0.724466879644213,0.5786881110763101,0.503372885803582,0.5567925729985387,0.6611679313757832,0.2195392755552716,0.828809385320718,0.6074749739843031,0.4719187970986953,0.16465808139935267
0.0,0.572251705837756,0.7210181153828041,0.5121364272236448,0.5028552407763814,0.5530694940774088,0.6512702078521942,0.2591267950223289,0.8303185256086708,0.6137274282457107,0.4756109486980394,0.3228198241627071
0.0,0.6867323730098561,0.7198328856855064,0.4858711548513656,0.5584405526594923,0.5808474098532301,0.9211481359287368,0.26859871578833594,0.8317707814381153,0.6215781915148652,0.4764707539186663,0.31756306957739394
0.0,0.6166793025018955,0.7097722755247652,0.4165224020496248,0.578054781025173,0.0,0.8924652523774691,0.34698770320659905,0.8315287926192646,0.6131891451731274,0.4835541420381924,0.5106397631017152
0.0,0.7232752084912814,0.7004484503817521,0.3616593780459421,0.5739784878695706,0.5953547447509754,0.9308705193855162,0.3216031520665785,0.8304484266892891,0.6041180784129793,0.4812732000889814,0.4181989302848749
0.0,0.7369219105382865,0.6878860704172535,0.28130665163622204,0.5807659297404216,0.6054444521754487,0.9185421230830506,0.3096846459574845,0.8294225458006145,0.594141254819848,0.4801839795588331,0.3456603080595921
0.0,0.7191811978771796,0.6783221007463388,0.22394531724974115,0.5759911907625732,0.5615136394285494,0.8759825327510916,0.3302890213167346,0.8296974224905523,0.5971471495480375,0.4784216064741752,0.3923627849321675
0.0,0.6897649734647462,0.6732077475889696,0.18937923408835805,0.6117874130578689,0.5092472377018645,0.9080846968238692,0.2646979351409242,0.8300024856629075,0.6023764647904214,0.4758756889760157,0.270344099350366
1.0,0.5167551175132677,0.6674408409055977,0.15335931246437245,0.5804098383661763,0.4758145385627226,0.6140519730510101,0.280802165571926,0.8306933364115799,0.6095319815578062,0.4737045216327101,0.2725248490691642
0.0,0.6295678544351779,0.6696873635026587,0.1601687665645073,0.5822034637578919,1.0,0.727141482194417,0.24338120059543406,0.8299908541875697,0.6081966506248856,0.4700330318059245,0.1850653077152632
1.0,0.30826383623957543,0.6679921729439838,0.15059094300693934,0.4779449512618504,0.3749950212700081,0.15014436958614005,0.27115338321485233,0.8299796495146873,0.6100774957494486,0.4690294375760004,0.20115694511397306
1.0,0.3260045489006826,0.6777221666895076,0.1889236459213812,0.4865847669677559,0.47757094932149896,0.279595765158806,0.2511238080265684,0.8304317730231744,0.6149580078039423,0.4670317285748238,0.14428528797373918
1.0,0.4891584533737678,0.6843346970998611,0.2099423527031271,0.5163917212602795,0.4384921908402884,0.6790182868142438,0.2518705569666271,0.8316249643455506,0.624380070413209,0.4671335170398196,0.17618162201868556
1.0,0.43062926459438977,0.6854660303908471,0.2189880400465059,0.4872981805083813,0.4062235704519393,0.6910490856592869,0.3324162732315069,0.8327883524594163,0.6360827362498431,0.4712219782047704,0.3490002984183826
1.0,0.2890068233510236,0.6874831742704614,0.2324128326381038,0.4663637065314299,0.4432670239099004,0.4414498141263945,0.3437796304575312,0.8323261668077554,0.6376630646469871,0.4686191784019961,0.3678465670408376
1.0,0.3169067475360122,0.6900563825894434,0.24441913586774885,0.4297221479033092,0.40871598955885097,0.4957149300857008,0.3017307871814649,0.8318760801380121,0.6365266536639035,0.4645027227565596,0.23383375800564696
1.0,0.4080363912054591,0.6914186444410365,0.2249049631455104,0.4777329039790097,0.4826838734279214,0.4591790708164191,0.30960604080589943,0.8316726313466737,0.6321871296809844,0.461578870551326,0.2406170373941192
1.0,0.4362395754359365,0.6905228837541014,0.18641070364530135,0.4909621156455617,0.4570559832664602,0.7045557059088865,0.3012738947378765,0.8322055156165339,0.6395679057390987,0.4607541042754956,0.20625301287790124
0.0,0.6235026535253985,0.6891647035275968,0.15387688743898115,0.5276665054521799,0.503055837965659,0.9327920613441596,0.3662803550987722,0.8328107237175363,0.6489234016388534,0.4672014061499866,0.3660675343755021
0.0,0.5583017437452614,0.6847657105230417,0.12522508796490828,0.5468596552955621,0.4878896712748624,0.8565629228687412,0.4126623073559682,0.8326174847032818,0.6543286212277091,0.4681008703250539,0.4613089089364827
0.0,0.3372251705837753,0.6851557743841102,0.12873018552796028,0.5025310496952593,0.4614711725528467,0.6211096075778074,0.4330750826582296,0.8320144946032503,0.6521432820053497,0.4664245750327845,0.473532584991851
0.0,0.2833965125094769,0.6914733429117575,0.16398778808659506,0.5344163667245642,0.5096770040438471,0.4812056737588651,0.3956786817916079,0.8314224655184982,0.6560913751407671,0.462851311418095,0.3861074765282464
0.0,0.2051554207733132,0.6950480373214348,0.17814232202570424,0.5106093465449826,0.4881883196104028,0.43826213631186944,0.37386083940476256,0.8314384935502751,0.6640086525205798,0.4607337279016965,0.3253563804145722
0.0,0.2203184230477636,0.6985778004122262,0.1918299784530617,0.5157533476945652,0.4946749822746464,0.457467483928838,0.3871500228446221,0.8314263947884325,0.6690732659837266,0.4583786674418077,0.3417234809356564
1.0,0.08764215314632312,0.6988920795784487,0.16798181485850974,0.5069980380968541,0.5341133485837598,0.2673551348250143,0.41231840981778334,0.8311872464570479,0.6730798780294498,0.4572339805382132,0.3888506301218923
1.0,0.05216072782410952,0.7049167426578632,0.16538723013855314,0.4819188956388902,1.0,0.1679665738161556,0.365494303582921,0.8306742291605697,0.6661346028371229,0.4525865217895476,0.2592681863048921
1.0,0.0004548900682337376,0.7132903490506851,0.16989812009703198,0.5120229037913083,0.4657007770991109,0.1156069364161847,0.3342634942937572,0.8307060088057557,0.6628143400645923,0.4493722073991333,0.16352179601955816
1.0,0.0,0.7244762300468076,0.19409304236455735,0.5125026891934259,0.4630291972349103,0.023845918679302577,0.2975794526133755,0.8312542442896081,0.6568379067379333,0.4454429172581639,0.07665909143080131
1.0,0.08203184230477645,0.7353816897795938,0.21426193796416632,0.4843060405842341,1.0,0.16662342168855448,0.32591169693783817,0.8321744223657753,0.6623979485457232,0.444815373275825,0.0998024543549837
1.0,0.022744503411675887,0.7430773048079079,0.22706255606955175,0.4322395017864765,0.44819198762841145,0.007502743190478864,0.3822912419122666,0.8322310982768634,0.6656008019040246,0.447185073062728,0.2216749357403308
0.0,0.15344958301743766,0.7547996929841722,0.25024297983921684,0.4837362620028952,0.4975777109574338,0.18214158662397734,0.3409400193565185,0.831890691074724,0.6688758037150165,0.4427929930275567,0.10664829566506076
0.0,0.21546626231993915,0.7606332781770291,0.3135177028954516,0.4685655832602862,0.5078280297908154,0.2362148701529699,0.45003905693469387,0.8309999833297276,0.6654798723161846,0.4509825815329898,0.3766361402725041
1.0,0.18468536770280536,0.7657224511844395,0.3653001330670886,0.4428077526373703,0.4156963432176841,0.14870152970473158,0.4784646448766634,0.8301137917007443,0.6626865798164486,0.4542053122123085,0.3841343674920189
0.0,0.2344200151630025,0.7726082442913059,0.4408306611443581,0.4664212009489859,0.4555739315367081,0.2949128424048377,0.4680985905113755,0.8304458033972809,0.6654753473102528,0.4531509518921363,0.38315297797692016
0.0,0.3755875663381351,0.777382663083028,0.4595116134116158,0.5009169254546663,0.42225181172351933,0.4542867307008184,0.4555414175456524,0.8316525515632996,0.6764579676157169,0.4514858278641203,0.4220641457631346
0.0,0.3643669446550417,0.7775501986995558,0.4614679450506098,0.545392947946359,0.4638388860738938,0.4418356456776941,0.5116605829554554,0.8331778291159583,0.6914522119781914,0.4539123935728594,0.5193227671700156
0.0,0.29234268385140266,0.7816375913147143,0.4848463186634739,0.4861884368305451,0.4357598123522227,0.1992173603699748,0.5041783550889466,0.8341653465252828,0.7010026364227163,0.4529695491850792,0.5222763010108572
0.0,0.2764215314632301,0.7912998069359459,0.5321548231982585,0.4808408832379296,0.4570999377562077,0.32657417289220925,0.4235785977823521,0.8354613683644995,0.7112163452660313,0.4480288311611716,0.3953887432921504
0.0,0.16542835481425328,0.7999699917397466,0.5689522179351645,0.4041143090181638,0.4355312748324479,0.06723585912486607,0.4468408098295741,0.8362112323621831,0.7156530970186332,0.4468875879706666,0.4392965597570613
0.0,0.214101592115239,0.8138050715675883,0.6280144585760022,0.3866705300824237,0.3623392619766206,0.006731173748422235,0.4198202889721884,0.8354025042921586,0.7168241144285982,0.4441394208432072,0.3502121552477224
0.0,0.3546626231993937,0.8268475808221246,0.6742515607969182,0.4817848749584563,0.5127355476788563,0.01110340041637923,0.4500980107983826,0.8349455176501007,0.7204120186059773,0.44385341901569203,0.3832210158492447
0.0,0.4072782410917364,0.8332511195130469,0.7037641315204309,0.4787644539041105,0.5267436258474241,0.0909090909090911,0.5292190086907821,0.8350060557091928,0.7271634238219865,0.4489660459210631,0.5497004867090979
0.0,0.5190295678544354,0.8374571440745812,0.7262924469471259,0.5593028079835978,0.4732718692392699,0.5441570026761811,0.5364261185267428,0.8347403242680648,0.7300744945105558,0.44977919534610733,0.5661113191064521
0.0,0.5261561789234266,0.8374724617568924,0.7351828729725295,0.5179691417330108,0.3927955657289059,0.5530776092774294,0.5721472471002067,0.8333473278386568,0.7270792995271532,0.4500718873346996,0.620699696326802
0.0,0.5601213040181955,0.8394741758976073,0.7633616969033836,0.5704557045721813,0.44870465601826176,0.8001784121320243,0.6298286898977641,0.8322829278677287,0.7286070705694452,0.4528829390865109,0.6851678522401093
0.0,0.4811220621683092,0.8397006621513005,0.7901697330065924,0.5109516326052935,0.39750061563126576,0.7154326494201585,0.6594284422915369,0.8310489788569663,0.7330510991858749,0.4559083935686216,0.7827173179405044
0.0,0.4935557240333587,0.8406413892215657,0.8260722235176391,0.5261769418038152,0.0,0.8563782337198919,0.6590992832192739,0.8304756412158801,0.7376211555496627,0.45604524584598,0.7646146252027363
0.0,0.510235026535254,0.8394355920587374,0.8607454780257293,0.4965132602509572,0.3901439233780791,0.9107939339875112,0.6700057480017095,0.8301891913318368,0.7426128947796172,0.4534900024822166,0.7794780652870241
0.0,0.4811220621683096,0.8376032580203489,0.8845801080025538,0.5106508253080322,0.3956696205574551,0.9009812667261362,0.6512928091024763,0.8300150423975364,0.7459063899836431,0.4509365620183439,0.7837364940341439
0.0,0.4459438968915845,0.8351837344969576,0.908167266619636,0.5206738327505471,0.5230931810411448,0.7604433077578854,0.6452598637183182,0.8293773472333331,0.7520820396907055,0.4504481990039925,0.7627793869057621
0.0,0.4877937831690677,0.8338459741688408,0.9156002015980896,0.5176049375771289,0.5834047099899687,0.7963118189438386,0.6518872605613389,0.8270844792288546,0.7502186584104489,0.4513848041995885,0.7443924910289745
0.0,0.4098559514783932,0.8238371143611493,0.8508064989029327,0.4825898528218429,0.5911406459228805,0.4935897435897443,0.6848277318974789,0.8248258060109067,0.7502728967633586,0.4513564594413224,0.7684537458999735
0.0,0.7200909780136466,0.8169232363009301,0.7985854383905227,0.7215199919445315,0.6487642220553272,0.4629629629629632,0.7011383008513921,0.8229923914715697,0.7444725691475337,0.4493944432938221,0.8015419760137066
0.0,0.7231235784685366,0.8065643959453269,0.7386648490859042,0.7230019942707554,0.4771078055100457,0.723754631535611,0.6986966283302791,0.8220688933725141,0.7423926461279964,0.4492341337409209,0.7912805585748235
1.0,0.671417740712661,0.8020249185168896,0.7343531947302873,0.7028287223043266,0.5591090890696188,0.5402390438247014,0.7047787019341782,0.821421345293062,0.7380917585215304,0.4498898348481637,0.805042279987473
1.0,0.7046247156937072,0.8002153030674769,0.7385839004994701,0.6782025912271001,0.5042688791736492,0.575238095238095,0.6760927344275824,0.8209351374835744,0.7392894071323248,0.4509272178503054,0.7541681251266555
1.0,0.6940106141015921,0.7988498916487466,0.7372107370952882,0.6745401735999822,0.6165918875825488,0.5330271988696574,0.6744076364904762,0.8194575858601573,0.7326311717714961,0.450675777549527,0.7552734842762657
1.0,0.7432903714935557,0.7986479970287396,0.7372332103905044,0.7186721565059224,0.6485389080678527,0.7143332224808777,0.6858446860461118,0.8180067851840979,0.7346724323311381,0.4523763198615196,0.7247103037895399
1.0,0.7843821076573159,0.7963887191334081,0.7379805712917873,0.695794527694972,0.5683467527416454,0.7153308945793149,0.7137102122830374,0.8164078689244242,0.7362695979844923,0.4555124039700471,0.7882424318127067
1.0,0.7305534495830174,0.7928074807889675,0.7301103176203639,0.6869451754618439,0.635293145575238,0.7006535947712419,0.712344447774246,0.8173974277522168,0.7560276948151105,0.4554625601641902,0.7796325871467958
1.0,0.7411675511751329,0.7911405712925864,0.7418480554251807,0.6478576478609008,0.6017778913253359,0.7035947712418303,0.6434126426560677,0.8179526269853415,0.7651698393141629,0.4508581243797043,0.7299006968174798
1.0,0.7172100075815011,0.7880687341994222,0.7415058913649462,0.6708045852339822,0.6113895413827031,0.6996732026143792,0.6671513984347748,0.818826763367475,0.7782656284620805,0.449779097499933,0.7566402869353412
1.0,0.6893100833965121,0.7847667096677523,0.7531585699354795,0.7009664175775825,0.6183979243766761,0.6480392156862742,0.6727078000874481,0.8166566104109972,0.7720072118724725,0.4466043695535093,0.7653125864330259
1.0,0.698407884761183,0.7822737351617698,0.7642133070680734,0.7051866310359328,0.6421225027459715,0.6359477124183011,0.6955917248426667,0.8142126296146052,0.7686272111974437,0.4494663609167723,0.7499486978167573
0.0,0.6905231235784687,0.7793151403750606,0.7729657186765307,0.6980219485609146,0.6615512607100836,0.6532679738562096,0.7183724803364301,0.8136687431832025,0.7714031494012926,0.4482867598655946,0.7675492610837439
0.0,0.7678544351781653,0.7752858286254686,0.7611093908078671,0.7136805083737259,0.7061322254174693,0.7924836601307191,0.7016639728026173,0.8143395713411558,0.7833493732679059,0.4451857615706532,0.8196516537649541
0.0,0.8142532221379828,0.7666289943686707,0.7400974794234484,0.6971038275759156,0.7318406724941251,0.8173202614379084,0.7292985964067622,0.8156534848147258,0.7971756602377739,0.4482400609823624,0.8701090781140044
0.0,0.8203184230477636,0.7552241247268213,0.7073344077547842,0.699991937780827,0.5340771677041161,0.801307189542484,0.7368889063567003,0.8142908948602979,0.8020195569397587,0.4489444609617424,0.8925404644616469
0.0,0.9081122062168304,0.7444416332322762,0.6806524892132362,0.7085536148160412,0.0,0.8746145940390542,0.7484045610639205,0.8127836148283129,0.807410615885722,0.4503575316018583,0.8847202674173116
0.0,0.9062926459438968,0.7305328738960105,0.6345515591188544,0.7021420488763517,0.5446112615906322,0.9080898546468948,0.7677365155318867,0.8111910073457985,0.8173074506890144,0.4486743756660557,0.917690007037298
0.0,0.8950720242608035,0.7173814841784659,0.5994715556789307,0.7001770553689127,0.6934485034146475,0.8440757598003229,0.7575571484016133,0.8105731309965917,0.8308747801130391,0.4514633558599146,0.9041959887403236
0.0,0.8709628506444274,0.7056410245223642,0.579809665140061,0.6636059881357385,0.7878445154876337,0.9824720459353276,0.7403180560946011,0.8097620554332253,0.8423921946636425,0.4531521204623098,0.8940358902181562
1.0,0.4786959818043976,0.691132322604708,0.5412253971559225,0.4573380711397893,0.6134886965890279,0.8294075660242693,0.7272057342458081,0.8091912020650046,0.8463311292306946,0.4521164257007679,0.8583743842364533
1.0,0.4926459438968917,0.6897975310834187,0.5427085577698354,0.4191754648402229,0.4930425074942394,0.9525660964230162,0.6886400817493576,0.8083744389542961,0.8442654336323324,0.4519899566277074,0.8029644616467279
1.0,0.5247915087187265,0.6867470799007088,0.5073390570960437,0.4458457400862947,0.42620780874886893,0.848081440877056,0.6840858957793947,0.8089592258088231,0.8523804080194325,0.4552550331785995,0.7993314567206194
1.0,0.4642911296436695,0.684249735721402,0.4761667636357326,0.4454963945413898,0.4614702008299021,0.7071260767423645,0.6523490658269016,0.8092160797263915,0.8681767066803713,0.4550849986644899,0.7835151301900067
1.0,0.4462471569370736,0.684579811776883,0.4489463210246538,0.4296605256105071,0.41220327697492737,0.5998433829287385,0.6339112449582165,0.8098406648254136,0.8939392663442302,0.4533367998454878,0.7491115411681915
1.0,0.4644427596664138,0.6862310197428533,0.444995594556572,0.4451462007504188,0.4274902249169139,0.7079091620986676,0.6230342571076251,0.8096198836171152,0.9010877794088278,0.4556973965144484,0.7472290640394086
1.0,0.3793783169067477,0.6865893252765584,0.4365748675457482,0.4190802120956774,0.457082182467094,0.4980422866092411,0.6258050887010005,0.8098791934458135,0.8915561193777216,0.45222514088121,0.7501935256861362
1.0,0.4373009855951479,0.6892568166447101,0.4548048161935623,0.4194793433113169,0.4859981807181748,0.7015825169555384,0.6070282831161048,0.8097102697444548,0.8797438823663551,0.4537982096457594,0.7360045742434909
1.0,0.43290371493555696,0.6889271431139173,0.4577459528297329,0.4149866336952169,0.4628883533128582,0.6556141672946483,0.6333364447872505,0.8090891971423463,0.8736134241901269,0.4529696882143196,0.7823715693173825
1.0,0.44033358605003775,0.6894314017528357,0.4703922948994337,0.4217252546858157,0.43601678836150376,0.7656367746797279,0.6451124790590962,0.8075760569479297,0.8782919047322569,0.4543527381255668,0.778764954257565
1.0,0.44048521607278257,0.6871303571239714,0.4565229251089914,0.42191789004170827,0.4523223612383558,0.7852298417483051,0.6573797955283491,0.8061648250926355,0.8802220137192162,0.4519505822921326,0.7883180858550314
1.0,0.5052312357846852,0.6849652691442006,0.449959797293834,0.4813613817322617,0.4573148593062832,0.7121326299924629,0.6850389832423643,0.8045186527558673,0.8798802552636581,0.4550006828884278,0.8418103448275863
1.0,0.48855193328279,0.6830162570218866,0.44107105380899053,0.4664629960049351,0.4573823381395274,0.7912584777694041,0.7243071692811067,0.8031158431389992,0.8805945850178717,0.4556471080945249,0.87905524278677
0.0,0.4667172100075815,0.6822231606873698,0.4479891156851101,0.4983460810805541,0.4396588639815372,0.7279577995478514,0.7187704189163295,0.8004911265580549,0.8715762922042795,0.4587505003057434,0.8765130190007037
1.0,0.4297194844579227,0.6804274122229638,0.4313653817708737,0.514850817224628,0.4220652991526741,0.5546345139412214,0.7379107733273067,0.7981208222655057,0.8663990903787603,0.4610725025655752,0.8676020408163264
1.0,0.45125094768764207,0.6797749639045402,0.4177352642760973,0.5347060618988624,0.4110102276495613,0.4875659382064803,0.7376749578725513,0.7949528446981329,0.8547560550320726,0.4613441038685964,0.845197044334975
1.0,0.4090978013646705,0.6797104375073101,0.4047313229049901,0.4911779734139226,0.4230551702775589,0.18764129615674505,0.7467587657026069,0.791916423785132,0.8394876851906855,0.4625641491827127,0.8332160450387049
1.0,0.4236542835481425,0.6834269003965062,0.4240801256339962,0.5042944029301559,1.0,0.2825923134890729,0.7496671563112569,0.7898965741105334,0.8289011870371831,0.4633981908019013,0.7989481065918657
1.0,0.4141015921152389,0.6867178901776007,0.4523088263089705,0.4929634217233724,0.4541836326107809,0.1740768651092691,0.7410107639929452,0.7875925318262597,0.817763385783486,0.4620230441099832,0.8114792426522477
1.0,0.4900682335102349,0.6904725297523936,0.4755943441560127,0.5213165551881926,0.4640995017918562,0.24022346368715106,0.7554790247065817,0.7869645945396312,0.8219164590711435,0.4640040304586104,0.7926770187919119
0.0,0.6053070507960574,0.6924468039846351,0.492542869963966,0.6125560680117881,0.4956013140306551,0.8308550185873587,0.7697360340753329,0.7861357998053357,0.8251400619635222,0.4649870416545063,0.8524721565980422
0.0,0.5622441243366187,0.6904261781502735,0.4734427324329546,0.5989991820928525,0.457750609885726,0.8144239226033408,0.7896575271801876,0.7876419342194653,0.8402430954815815,0.4670263753182418,0.8975869051636853
1.0,0.5149355572403337,0.6920346006450799,0.4654724608485044,0.5527356332846144,0.465809106580551,0.5030782761653471,0.747520253108588,0.7871845109677412,0.8440071001743726,0.4650679842651831,0.8903476206547418
0.0,0.4456406368460957,0.6958839350228093,0.4623741074490457,0.4752472267016743,0.4603105721389688,0.695690413368513,0.7456189910046227,0.788100297855795,0.8555333151981833,0.4654927968184298,0.8446760040499492
0.0,0.4242608036391204,0.7000818789201647,0.4811247261032713,0.5050740667006943,0.48303646689239504,0.6798592788038686,0.7186770752988221,0.788246893624761,0.8648738471665273,0.4614339633236485,0.8656176172797836
0.0,0.37846853677028064,0.7022477241535435,0.4975384537328377,0.4679622139173354,0.530832550341815,0.5146723924783654,0.7022977268372728,0.7888098083965981,0.8783150078325593,0.463067662241887,0.863609517381033
0.0,0.4213798332069753,0.7043258170835668,0.5126097112101899,0.5036617473233591,0.4508022821285505,0.6631591826746606,0.7237028921782959,0.7879216923689382,0.8846255687409016,0.4616332997429277,0.8780037124535941
0.0,0.4048521607278244,0.7018155917515438,0.5004493139635585,0.537173890465342,0.5295013664781311,0.6099351523308453,0.7354297982304017,0.7853745913167397,0.8815731074012237,0.4628315827786735,0.9029109011137364
0.0,0.4495830174374527,0.7000032488454896,0.4949539725571351,0.5827593435311287,0.5899089351626494,0.5903584974917413,0.7507135873917337,0.7839821965925061,0.889809232631286,0.4647518034603311,0.8877489031387108
0.0,0.4579226686884005,0.6974799555879649,0.486765101465313,0.5900825937776286,0.5567856436281959,0.6497002324727762,0.7131403249340453,0.7812824537018513,0.8902212384973475,0.4643382284962299,0.854463381707729
0.0,0.480667172100076,0.695313017878111,0.4839400419990067,0.5604754867782231,0.5492789599627612,0.6649944940658267,0.7484045610639207,0.779812182538235,0.9016540706578638,0.4644862967607272,0.862867026662167
1.0,0.39818043972706585,0.6919596292775729,0.4658927336553303,0.5226146509752057,0.5748519491190796,0.3444267710754921,0.7509985310662297,0.7779835167060919,0.903488780498914,0.4646800481024967,0.8725531555855551
0.0,0.4518574677786204,0.6928210335947412,0.4651441483733999,0.529246246869675,0.5612203704069247,0.4759574207757249,0.6930075804843059,0.7779484618400346,0.9172628291827288,0.4627172367660234,0.7918157273034089
0.0,0.4736921910538288,0.6915062081828344,0.4507655497796154,0.5031899076969715,0.556654058255969,0.5126636485990452,0.7033687220276199,0.7776891143417081,0.9224657282184541,0.4634574386610405,0.835791427607155
0.0,0.490826383623958,0.6914085674928481,0.4598379423399744,0.4713240632128015,0.5297355384245753,0.5212284350911544,0.7065620563107655,0.7770084212788736,0.930733353226659,0.4639699529716567,0.8235993925075938
1.0,0.3983320697498106,0.6909007401274839,0.4706092716202043,0.4268549430956888,0.5154089268084383,0.3799094579713696,0.6865668708762998,0.7783126188570614,0.948190393014396,0.4657301091467372,0.7970975362807962
1.0,0.3972706595905988,0.6925147599284681,0.4942027942436814,0.4247933285924377,0.5059114122553782,0.30649700232472715,0.5976497059676047,0.7794602291066853,0.9643283717850072,0.4589411965982269,0.7539402632467094
1.0,0.4204700530705082,0.6930517407237929,0.5043122533114971,0.4009854573805967,0.5038969591606249,0.3248501162363881,0.5778166436582839,0.7802158020557205,0.9723774268804052,0.4573061642114344,0.6913094836314548
1.0,0.4392721758908264,0.6922671027639847,0.508826759613174,0.4202967246736897,0.446970208282544,0.27529670867490513,0.6134444286142402,0.7785091479164422,0.9686560750136732,0.4574535872771444,0.7343570705366181
1.0,0.4934040940106144,0.6926516401128399,0.5097150805855213,0.4717350524887836,0.4482112323750409,0.2232962192585345,0.5984701472372744,0.7773373775145612,0.9698668208405284,0.4560778196464077,0.7037293283833947
1.0,0.4495830174374527,0.6943239099090671,0.5164702105642405,0.4805285160524919,0.4387477029823709,0.06301235776336724,0.5886887186869009,0.7760793250918064,0.9728619437853242,0.4588746726866637,0.6888288896388793
1.0,0.4844579226686882,0.701159586980412,0.5450073770002198,0.5149995950406634,0.4781269577044253,0.13568043331076435,0.5861537025482808,0.7747862233748392,0.9723164979352568,0.4588806577440934,0.6579311508606142
1.0,0.43062926459438977,0.7085862171849121,0.5892140666511833,0.5136515472768933,0.5077429387072493,0.10881319275479936,0.6331251934423653,0.7736557888632035,0.9705744382193109,0.4603432279898161,0.7298768140398247
0.0,0.4395754359363155,0.7171834720929026,0.6450720557168466,0.5227304206786618,0.5562819332022723,0.5656934306569338,0.6196787996993354,0.7725137227798652,0.965703687230732,0.462735350153608,0.7112807964900442
0.0,0.4523123578468538,0.7194343321908948,0.6750879214876878,0.5340635565217328,0.0,0.6488240064882408,0.6810448589774449,0.7716330200163791,0.9624802877083576,0.4658150156880052,0.8018140398245017
0.0,0.5402577710386656,0.7189730407238354,0.6758403010639852,0.5666299127665474,0.5024460151749854,0.8650986753176529,0.6972817356017469,0.7697535395064047,0.9512693721743904,0.463848496315374,0.8291765102936214
0.0,0.5272175890826385,0.7158660043217581,0.6563249067119911,0.5528657896603432,0.5526999219720724,0.8995815899581592,0.7302418582257835,0.7677476362221841,0.937966252428042,0.463775359388809,0.8631370232872091
0.0,0.512661106899166,0.7125684272866145,0.6276547604381248,0.5383750711104563,0.52460449961771,0.9149232914923292,0.7324821050459593,0.7657323115600038,0.9255618312296421,0.4641898157518994,0.8515693553830576
0.0,0.4984078847611828,0.7083353764666575,0.6037945690683126,0.5265205860860398,0.0,0.8347457627118655,0.7469798426914405,0.7634584289089689,0.9190125294592076,0.4657244068693556,0.8819946000674994
0.0,0.5137225170583775,0.7058180030434315,0.5890774503927813,0.4905202956751207,0.539692356040917,0.8703389830508474,0.7740249276586961,0.7606242936330628,0.9144570862588008,0.46500994963044,0.8936044549443128
0.0,0.4912812736921911,0.7028227590488726,0.5856300161982356,0.5203652103728641,0.5020540615222635,0.7644067796610172,0.7991392735901427,0.7570855118706127,0.9033127350595046,0.464072089353639,0.902708403644954
0.0,0.5253980288097043,0.7016022587575127,0.5986640662322635,0.5007957039223266,0.4335633310192336,0.7813559322033913,0.7967860318645632,0.7564684918889516,0.905829263419162,0.4641989180089681,0.8784864052123793
0.0,0.4724791508718725,0.6998610732274116,0.5985039660008521,0.5025244387247895,0.5030480555451953,0.6635593220338989,0.746621206687333,0.7562439338994519,0.9116807487596332,0.4570103024475989,0.8847429311280954
1.0,0.4557998483699773,0.6996188435936844,0.6019855303050495,0.5374390529528985,0.4208444796832488,0.5923728813559324,0.7479427557983579,0.7558106569226023,0.9164373994814996,0.4574112172180181,0.8666583134945495
1.0,0.4582259287338893,0.6983860050779508,0.5909603140826687,0.5395669529456336,0.5286212061797828,0.508474576271186,0.7627893038039978,0.7532406445618881,0.9110668352307141,0.459169569196796,0.8613289896838323
1.0,0.5545109931766492,0.6973274740600374,0.5982398844466068,0.5791774468813824,0.5089149510157748,0.8296610169491535,0.7659531611552991,0.7512394256835307,0.9056372268162364,0.4556960320160098,0.8659566470367119
1.0,0.5554207733131162,0.6925986652423123,0.5905421822834399,0.580444608162432,0.5104557571810394,0.7338983050847472,0.7907923890561974,0.7492953615396712,0.8997662799127085,0.458348387561993,0.9120995698116356
1.0,0.5687642153146321,0.6886329459911543,0.5836904377532218,0.5917683602715542,0.5304545968798435,0.6296610169491526,0.7957346879621124,0.7468468141597314,0.8949986643862571,0.4591964034748742,0.8935471745395317
1.0,0.5658832448824871,0.6848135504010439,0.5658642176269656,0.5905805520369475,0.5840301553545689,0.5526132404181192,0.792570830610811,0.7443783081597394,0.8916472951730253,0.4591376163080678,0.8740675771624272
1.0,0.5343442001516299,0.6836818948836388,0.5641400526001027,0.5652453851112601,0.5050442549530001,0.3252412075941485,0.7768498002937869,0.7422794776830987,0.8924870700363537,0.4615371143499717,0.8484400451071298
1.0,0.511144806671721,0.6861425694426063,0.5884357617195126,0.5393296321263955,0.5961004151488194,0.3420479302832247,0.7453733499059195,0.740579811774717,0.8912077113298249,0.4588766913125453,0.7811552437037967
1.0,0.532524639878696,0.6899872983080121,0.6157634148028069,0.5089537024789494,0.6004618520922107,0.35760971055088736,0.7543687269404417,0.7391818890559144,0.8870108501748807,0.4560805496501785,0.7954141085077058
1.0,0.5687642153146323,0.6933371084617729,0.6362062229590172,0.5489804775138782,0.4882671321484055,0.5524431995020231,0.7402885791627569,0.7380210727262452,0.88781626737308,0.4585025421264403,0.7755299293427546
0.0,0.6571645185746775,0.6938985988361283,0.627789180934845,0.6736624121788738,0.6576982913727863,0.9365079365079358,0.7533615984357571,0.7364047909095358,0.8821645841919373,0.4561770238176062,0.7966771097187038
0.0,0.7087187263078091,0.6891900263094461,0.5903340217985943,0.6718649392527439,0.5797640515623805,0.9607843137254904,0.7637718681988118,0.7348533637801417,0.8795393012620688,0.4574850778382789,0.7924244054664799
1.0,0.6736921910538286,0.6852562924093631,0.5734078299068179,0.6495034671189139,0.5321639230035877,0.8303125820856322,0.7584365435349718,0.7326991610095134,0.8715827712639473,0.4566798578973828,0.7956148182123464
0.0,0.6048521607278238,0.6843134637497351,0.5710268371050111,0.5331352685789033,0.0,0.8807459942211708,0.7630840731224421,0.7318442435561171,0.874365284853056,0.4575135710715771,0.7773746242618329
0.0,0.6089461713419255,0.6837567143451463,0.5825308911654531,0.5371989907005087,0.5022436852293609,0.9565565031982944,0.7413890512849484,0.7302290784038875,0.8758424662633372,0.4583339617046509,0.7741607737950091
0.0,0.5396512509476876,0.6805574167909326,0.5629738968315495,0.5175221419158079,0.4811259308260377,0.8935622317596574,0.7471812683923775,0.7283051862203817,0.8776601837351165,0.4592243863072604,0.7603023652767621
0.0,0.5073540561031085,0.6782390475435459,0.5523407171104983,0.5346121787707937,0.4999802677840174,0.8597997138769677,0.7939120310097321,0.7258171762608464,0.8754172790584093,0.460818270607445,0.7980283956536929
0.0,0.5304018195602728,0.6744458368323337,0.5370406828641425,0.5051449747208819,0.4875420128810138,0.8729613733905579,0.8020329257328702,0.7230383733834632,0.8700763310857057,0.4616067925613563,0.8247556493861914
0.0,0.5426838514025779,0.6692818017040706,0.5077179777508887,0.5163642056729094,0.478838194100686,0.7556509298998579,0.7984072631160062,0.7207438884332623,0.8604330946398691,0.4617606886211529,0.7938773295295976
0.0,0.5828658074298714,0.6666269150633505,0.4921060416981046,0.5069895244245933,0.0,0.912913808529676,0.824450132400552,0.7183740293797499,0.8512630509560221,0.4609510941393451,0.8206560256370748
1.0,0.5413191811978774,0.6624927273208706,0.4761074763201201,0.4609339352310948,0.4768661021193637,0.9284223083805554,0.8147718731116341,0.7160328222777733,0.8437383896351233,0.4601095907690204,0.8088527402413698
1.0,0.5425322213798331,0.6584693729270651,0.459036412367333,0.4623358737902501,0.5018437487780698,0.9321047526673124,0.8564866444934633,0.7143376583176412,0.8465301831801456,0.4611187515828205,0.8530054603765932
1.0,0.4917361637604246,0.6522168411733297,0.41839332966661297,0.4693482767782709,0.4811829318047442,0.85750452079566,0.8212174955416139,0.7130819408378174,0.8527956774125166,0.4614943698845431,0.8083552700069899
1.0,0.5367702805155421,0.6474627792204072,0.3862126252492836,0.5082348022371563,0.5091050210158933,0.7714285714285716,0.7804705500886765,0.7127829694549627,0.865816409767386,0.4606398535750033,0.7700144261514897
1.0,0.5323730098559516,0.6434381095590221,0.3611928902536377,0.5054274956204367,0.4945705129281681,0.6188065099457515,0.7634623604144455,0.7126001466195261,0.8751999918324463,0.4625420857758651,0.7531417778372669
1.0,0.4697498104624714,0.6419420127022988,0.4005727519709164,0.4998549568320504,0.4355137088920557,0.48426763110307397,0.7447985497349532,0.7116770440393948,0.8780605646164369,0.4644129841475014,0.7300673716146879
1.0,0.4421531463229721,0.6417778583619317,0.4412988915448395,0.4737287000142798,0.4533961967975966,0.3150090415913206,0.7128259043277048,0.7104202411547013,0.8811470759702106,0.461453483386845,0.674534124540817
1.0,0.5097801364670205,0.6419627743902862,0.4925750302874968,0.4861513825063451,0.4527619686260138,0.44520795660036216,0.7099420778289256,0.7095665368082703,0.8869172400002022,0.4612952653644205,0.6628890971013846
1.0,0.5238817285822595,0.6417650616093471,0.5027186240320005,0.4985404766563528,0.4518665993723507,0.36130198915009104,0.7154493512618583,0.7090125674123072,0.8978477421953975,0.4617151285749668,0.6828403158881006
1.0,0.4921910538286581,0.6429134022535555,0.5105214758912462,0.4690119429142044,0.4303619745725708,0.419239052404882,0.6916221646876182,0.7088166829055694,0.9014132630428552,0.463092616204305,0.6493627210398727
1.0,0.5129643669446552,0.6459582289099267,0.5320969840495552,0.4351358333580225,0.4427253670986541,0.4436468054558514,0.6990749156222825,0.7086073005518746,0.9051918951344614,0.4638058047441489,0.6700575558827468
1.0,0.4103108415466263,0.6498074654181943,0.5533235706479755,0.4031781960162473,0.4744306522260533,0.2275664034458007,0.7029413065158756,0.7081134006158846,0.9063284405537868,0.4641567075681794,0.6816728386799329
1.0,0.3163002274450344,0.6548162212839314,0.5870392472169235,0.3939362443869575,0.4138429075832447,0.20674802584350405,0.6636485563672627,0.7072659135433651,0.9104302984834246,0.4602838481332465,0.6174839007123841
1.0,0.4937073540561031,0.6609888998725763,0.6313055031478019,0.4686977552246741,0.4208830808728185,0.6015793251974166,0.6694456862966656,0.7062905189539167,0.912998208802096,0.4571962655257187,0.6243846577135295
0.0,0.4561031084154664,0.6618560793393423,0.6542743371806438,0.4437552119666141,0.4394428415914715,0.6669059583632456,0.6954983812251596,0.7053710461752908,0.9220234698518244,0.4565931040177682,0.6545308526301701
0.0,0.4274450341167555,0.6642452185909012,0.6827438211175071,0.42737283175477453,0.0,0.7620621282220759,0.7121184579634385,0.7040247922190799,0.927590041899506,0.454813910249543,0.6784083641933996
0.0,0.4650492797573922,0.6639630218738798,0.6945885991002436,0.40004959501374143,0.4636736070692362,0.7779761904761909,0.7444153496209754,0.7028426514527774,0.9345919886979812,0.4549567298841836,0.714719136215589
0.0,0.44988627748294185,0.6612254384030021,0.6908561397940305,0.3907588808474783,0.4442915514501702,0.7011904761904773,0.7938923797218357,0.7009120309541589,0.9329669309354476,0.4609625164895775,0.790657207870432
0.0,0.3846853677028053,0.6598932117007686,0.7102388570029999,0.39795257211380014,0.43579804452319293,0.5309523809523812,0.8189035563918269,0.7002668140659829,0.9434565395401644,0.4602233794049602,0.8056038905992058
0.0,0.36163760424564056,0.6607706471111949,0.7352078077577497,0.43236516135244013,0.467258945107333,0.4596375617792418,0.7455354730310635,0.6993830154269814,0.947286458323412,0.4549836871021323,0.7430657802763274
0.0,0.41516300227445024,0.6616573511757752,0.7658734547389651,0.416137402884092,0.4345567951111388,0.6243822075782534,0.736112680484797,0.6992532814278062,0.955772709073717,0.454144843233688,0.7242374217344101
0.0,0.3993934799090221,0.6605939566294846,0.7883008130297222,0.4043832673818356,0.420905829409566,0.5568369028006592,0.7535188087389275,0.6979066588310355,0.9558982798674032,0.452456303819388,0.7450289266645845
0.0,0.3754359363153903,0.6608832784884845,0.8215624547659671,0.3909919198052113,0.4332112472047464,0.5342130987292275,0.7241008307581958,0.6961279257807672,0.9577949976333898,0.45338593057446896,0.7005978673091507
1.0,0.29734647460197106,0.6600373951647197,0.8313338048517448,0.3767164510876955,0.4309100844456745,0.33088954056695985,0.7394091840293979,0.6949838100428537,0.9640228089633964,0.4514785380973498,0.7068144975386307
1.0,0.3011372251705841,0.6618971772629908,0.8384760588398451,0.3778230631221479,0.4601940415519554,0.24193548387096794,0.678662140320021,0.69327838613158,0.9722975547732688,0.4486724722065572,0.6261693362483082
1.0,0.32934040940106185,0.6586204671699575,0.8053259051036386,0.3949397921953681,0.5310424860176927,0.35288367546432137,0.6771833809058261,0.6918669987292329,0.9868477186066468,0.4488395132136093,0.6046119067802912
1.0,0.5918119787717968,0.654275667197885,0.7790716838612053,0.5810433784967336,0.5645066561063748,0.3274682306940374,0.7428530722332212,0.6903184980780576,0.9947765258378728,0.453409783137005,0.6848555154002883
1.0,0.5666413949962092,0.6475460072439275,0.7300183275729341,0.5692335553763229,0.42705614729862296,0.2863972186006087,0.7499226230539083,0.6887945505478056,0.9993481556763624,0.45424321411719104,0.7016512734396866
1.0,0.5742228961334344,0.6487125212678088,0.7231304445480822,0.5741188461511211,0.5190035664766908,0.29378099961846643,0.7240222256066107,0.6877577748218858,1.0000000000000002,0.4516758515377052,0.6582924565822619
1.0,0.6404852160727824,0.6529362981436623,0.7398214461666202,0.5667846726444189,0.5011955273600346,0.4809665673618009,0.6977189767574392,0.686958273029073,0.9959127423451728,0.4526937317894067,0.6204943509066538
1.0,0.5834723275208491,0.6555936558928704,0.7597704972307459,0.5779383047887516,0.5308945395121258,0.4468718967229395,0.7529489213899356,0.6863224569355727,0.982280674706301,0.4597909780205928,0.7088535880098007
1.0,0.6609552691432903,0.6605111011508648,0.7905119316012171,0.5783650237674987,0.5608842563120516,0.5713339953657732,0.7207404605279317,0.6857612138771564,0.9743658550575052,0.4564938447257994,0.6561573382581247
0.0,0.7384382107657315,0.66099592588735,0.7991890389136702,0.6377288356030993,0.5634414506709242,0.7669645812644822,0.7352283725294646,0.6843697629350155,0.9687068970855492,0.4579607508267807,0.6968383721700232
0.0,0.6730856709628508,0.656395024732121,0.7906703585369514,0.6095129609208895,0.584591547671657,0.5617345249917252,0.8268426767019244,0.6832387937931613,0.966063831882398,0.4662831692850841,0.8001486266748095
0.0,0.7645185746777861,0.6560499228218205,0.7962959547319539,0.6338914382735985,0.4661749367424903,0.6739490235021518,0.7448280266667975,0.6809784727677589,0.9571963580651212,0.46093726911585,0.690024205970806
0.0,0.8274450341167547,0.6540887599492932,0.8015496270479138,0.6630667694826096,0.6336452466486073,0.8106587222773914,0.8147718731116342,0.6799418837522256,0.9616747755270872,0.4666729819805314,0.7895254162693468
0.0,0.7843821076573161,0.6490140463129187,0.8018768252042805,0.6602704896124832,0.6329244297215639,0.7795431976166833,0.8779360252322537,0.6785737209628132,0.9745293756588064,0.4715304719320592,0.8796554800828921
0.0,0.7999999999999998,0.6445765785909566,0.8187724860375504,0.668087540119928,0.4945588391264607,0.7699437272426353,0.8673292425902359,0.6768605700912128,0.9817969602106016,0.4694921017578267,0.8800296454064008
0.0,0.8131918119787718,0.6377853644379148,0.8147865133660097,0.6818877697786505,0.4529630164635982,0.817610062893082,0.8611194356150116,0.674919946239848,0.9817969883862382,0.4689320338247995,0.8682938061247986
0.0,0.8824867323730097,0.6297380119192235,0.805591491264504,0.6784905396071629,0.51877064215667,0.85472,0.91314130749844,0.6723598449882352,0.97217325326752,0.4722560654413653,0.9300454754777802
0.0,0.8764215314632294,0.6190655836322234,0.763483562500473,0.6765700739400995,0.5203909186533494,0.8502215657311671,0.9162511238080262,0.6691681160927413,0.9687328891017448,0.4727762324500819,0.9266204236702736
0.0,0.894920394238059,0.6082900491182073,0.7301886097626292,0.6846492171587398,0.0,0.8498425630675511,0.9239986440611352,0.6659643249522625,0.963025872032728,0.4739355905725264,0.9233608680635504
0.0,0.9678544351781652,0.5961753135646469,0.6890935009786094,0.7029565244749666,0.4476200576799261,0.9226337448559672,0.9339471085586272,0.6631424759754126,0.9633817445953198,0.4753154266470256,0.924644275197468
0.0,1.0,0.5832620371717271,0.6616338853382043,0.6820668984387247,0.5894125361303866,0.983355006501951,0.958535782538848,0.6603415373645697,0.9583459346089246,0.4785004923308535,0.9861686819441166
0.0,0.881728582259287,0.5695603380275289,0.6297814049296953,0.5754896007660373,0.7284520999263744,0.9832187070151304,0.9515595753356684,0.6578417904305971,0.9457839660671676,0.4781910581307745,1.0
0.0,0.8564063684609549,0.5556956258906071,0.5903199854102494,0.5420330109461126,0.8693272483189481,0.9944979367262718,0.905831028401024,0.6552438157395691,0.937204522251424,0.4772593682276709,0.9925596169493652
1.0,0.6382107657316148,0.5389524804637149,0.532189482474426,0.4356171618378224,0.6212166077078398,0.9596647459402832,0.8970812924652046,0.6533060113438832,0.9247854813191208,0.4763769996621151,0.9956135113403866
1.0,0.5857467778620168,0.5353433029003171,0.5288381468377448,0.4413391239820491,0.5362422826549705,0.952171522814734,0.8768257274661134,0.6509610284215449,0.921699252678436,0.478094491086033,0.994016399497673
1.0,0.4868840030326006,0.5335694365151631,0.5413746502533294,0.4144949710495616,0.5348680258034131,0.8097855964815837,0.8605790251978639,0.6487246488104091,0.9138366934275528,0.4767280615230829,0.9675953335946168
1.0,0.4627748294162243,0.5328607449180266,0.5655029367331307,0.4460441660685084,0.0,0.7251236943375481,0.8354892433762875,0.6462072002299725,0.9081298570836224,0.4740558653454465,0.9248315232294358
1.0,0.5132676269901442,0.5323201158005377,0.5797940560545094,0.437154014971596,0.5567675649824211,0.8752061572292471,0.8140889908572383,0.6439587971843103,0.8929255858076129,0.4720773582002246,0.8723834966357764
1.0,0.4721758908263838,0.5298551376992074,0.5843053029469866,0.4534060606074734,0.0,0.9021671826625388,0.8484885703196773,0.6416495610957907,0.8720576473703122,0.4733836203359277,0.9235105957616956
1.0,0.4630780894617135,0.5282033273664583,0.5875809156158509,0.4460399498764691,0.423043968416339,0.90839243498818,0.8675650580449915,0.6397974050007272,0.8567207565440692,0.4723693616608308,0.9441663334666136
1.0,0.4482183472327521,0.5253384342238806,0.5853344018705404,0.4331276161859823,0.40443570180809707,0.7791907514450871,0.8802106618062482,0.6383929742536602,0.8479173697226766,0.4738947356477839,0.9889036732389828
1.0,0.4077331311599697,0.5237577730080222,0.5854989967969513,0.4432387086300909,0.4059043898434878,0.6265895953757229,0.8432515020953186,0.6364421955789051,0.8380701338026452,0.4729943344879925,0.9410910850368944
1.0,0.37968157695223664,0.5240134617739588,0.5884555562094999,0.4714424107230655,0.4307378840910706,0.6116449971735449,0.8177834329817388,0.6348424967638343,0.8281991892295265,0.4707973868104359,0.8720535462279748
1.0,0.4282031842304776,0.5237313803518283,0.586527445920427,0.4639322945744572,0.4170451448402199,0.7190503109101187,0.8122565082609101,0.632366615792089,0.8197960816036359,0.4693608604423616,0.8807306157009801
1.0,0.44063684609552695,0.5201631201613143,0.5611749180443949,0.4752398754649002,0.435601647895202,0.6444318824194464,0.8473094930459002,0.6295725948376033,0.8129610851598897,0.470822646039065,0.9051489859279868
1.0,0.4908263836239576,0.5179122630449736,0.5413341101971609,0.4690333993401074,0.4657025393734842,0.6766534765404182,0.8508565505111791,0.6263073462234215,0.8063399522579734,0.4721994442533105,0.8755400882995275
1.0,0.42941622441243377,0.5152093433287045,0.5259911636683771,0.4628618362339253,0.4208032932367721,0.4731486715658567,0.8507877710035419,0.6234080267909482,0.7999686793311135,0.4720531977539174,0.8827285125446661
1.0,0.4429112964366946,0.5177039141789553,0.5454873754360395,0.4759825484800202,0.3874427179819442,0.4657998869417756,0.8269114562095613,0.6215703318834173,0.8015111805830423,0.469924789443708,0.8246489550555808
1.0,0.3619408642911297,0.5192390152955452,0.5596273719835951,0.4587588107399047,0.37463483383334173,0.3860938383267382,0.781349945222035,0.6194077107808204,0.8036967074758,0.4681673948479828,0.7604008733094794
1.0,0.3651250947687642,0.5222518509070451,0.57354052126625,0.459399980351533,0.3748677482596277,0.2481628038439797,0.7873239367425042,0.6184748187357493,0.8058705999399288,0.4693250781647776,0.7539330830405309
1.0,0.3751326762699016,0.5261554904449269,0.5847747409864253,0.4684879651212852,0.4261239507014246,0.01367053998632966,0.7412465794477006,0.6170803849257877,0.7995944972513046,0.4666691534255252,0.701857522855802
1.0,0.4523123578468538,0.5320313785367469,0.6008395832701892,0.5325163869634376,0.4018058181770357,0.4053315105946691,0.7077460464065162,0.6166360436915799,0.7972095387618695,0.4627765548943085,0.6380773558054109
0.0,0.4943138741470812,0.5343770398970784,0.6149141321924025,0.523812567565355,0.41950134458391664,0.5475051264524954,0.7825339353177858,0.6157592781880411,0.7991810875698283,0.4748010222703321,0.7650742267890235
1.0,0.4509476876421533,0.5354127573417622,0.6259380186370983,0.4768256732980809,0.4974422344320443,0.013725490196078502,0.8242094041238227,0.614459884476536,0.8040844435193356,0.4779079526310375,0.8165166506763538
1.0,0.4695981804397272,0.5386205647323733,0.6471254844134531,0.4974885284850224,0.4859209883383137,0.25490196078431343,0.7772870414494788,0.612307777232625,0.7968081421047676,0.4723599441865202,0.7380127580726669
0.0,0.5699772554965883,0.5397632194702862,0.6550000662733876,0.5681770402258204,0.46017632755566,0.6401960784313719,0.8638951800303613,0.6103433620985393,0.7873248220839476,0.4834134493804722,0.8538900403541797
0.0,0.6050037907505686,0.5363928856343787,0.6319350308029901,0.5509598831062094,0.4610796994343576,0.7044897959183681,0.9279682042161836,0.6079614297611909,0.7734816714484606,0.490731668531457,0.9346230293984692
0.0,0.6306292645943896,0.5336749920835989,0.6195404118062456,0.5735859040318942,0.4851999212995025,0.7158995280700693,0.9447012758598664,0.6053688256757218,0.7648478762207549,0.4897761837251736,0.9547936653726652
0.0,0.6476118271417741,0.5316927676172347,0.5527229667372878,0.5991914491912252,0.4948332197231061,0.8074579740000942,0.9363249143940772,0.6026353756669619,0.7526159318390816,0.4890613983330037,0.9357403871595192
0.0,0.6762699014404852,0.5290353206464863,0.49187130542988794,0.5901888079432204,0.4907005934484057,0.902925531914894,0.9758190902436268,0.600748398269712,0.7536943783170325,0.4921337423990893,0.9766032357527394
0.0,0.6742987111448068,0.5248772931627989,0.4171156985850817,0.5898493986239389,0.5042495365431698,0.8496192893401021,0.9733528536126436,0.5989324207192391,0.7526641923843913,0.4902680518001351,0.9966251225318584
0.0,0.6733889310083396,0.5213497772853167,0.40480908649417,0.5878226831762927,0.0,0.8542056074766361,0.9248976904823901,0.5982053254493284,0.7580819883720237,0.4882654898504808,0.9306189609298424
0.0,0.6929492039423805,0.5179275579545484,0.3950883794431168,0.6238321465139456,0.5221130642359888,0.9785894206549124,0.9250254238537158,0.5967070694622661,0.7566493311472007,0.4868781149531856,0.9560495728889512
0.0,0.664139499620925,0.5127490877974374,0.3806331040733742,0.6396004725226451,0.5919260171305214,0.9331585845347315,0.9650698357643612,0.5947924766040783,0.7585371755065359,0.4900544623514469,0.9988166923400088
0.0,0.6262319939347991,0.5086516825679116,0.3634142229937486,0.650822307882276,0.5931720845969415,0.8711303095752345,0.9543746223268104,0.591903131391578,0.7586077135498634,0.4891059718362055,1.0
1.0,0.5529946929492039,0.5059231476656553,0.35251374546094266,0.6043681588939434,0.56918646998877,0.673866090712743,0.9413359928076288,0.5895008130961633,0.7578024690066025,0.4876390195896406,0.9985228519195616
1.0,0.5458680818802122,0.5043855132682822,0.3463904912863175,0.5928171469884418,0.5858097295709231,0.7062634989200867,0.9345464728394636,0.5871218749074313,0.7562890261037697,0.4868455804419333,0.991483087215828
1.0,0.5630022744503412,0.5015696185831536,0.33573256501282744,0.6111724295079267,0.0,0.6328293736501084,0.9371158787319022,0.5844189239264143,0.7504953678178349,0.4874986782581773,0.9961218179256542
1.0,0.6260803639120546,0.4988968554973661,0.3209538871600601,0.6685651083754006,0.5918855526532145,0.9860465116279064,0.9048926794039764,0.5823320119892199,0.7493946687618408,0.4841212309101892,0.9505720374204664
1.0,0.5811978771796817,0.4936935005528046,0.29502674760135555,0.666084733840146,0.5549214876328564,0.9350046425255351,0.8977789131855226,0.5802603165038059,0.7466540632577293,0.4815710549027525,0.994210452396186
1.0,0.5464746019711904,0.4903325988912378,0.2768077016268716,0.6658325480791569,0.0,0.8149606299212603,0.8951898560051879,0.5786922317361837,0.7510884267073108,0.4819051081888043,0.9748865070839968
1.0,0.5511751326762699,0.4888570891706385,0.2664957856515577,0.6743373201795785,0.5423519119102018,0.8779527559055122,0.8826474215053868,0.575891757221847,0.747841196842145,0.4837169681895224,0.961377125787002
1.0,0.5035633055344959,0.4854920846961858,0.2410480530228956,0.6430948440463016,0.5599482016908189,0.8100393700787408,0.911721501947934,0.5740883060445411,0.7528413222537615,0.4850199843822594,0.9800534730008392
1.0,0.5355572403335861,0.4823771974741327,0.21181994045682925,0.6811482097209417,0.5528595421629388,0.7529527559055126,0.9089555831765326,0.5720801182921559,0.7497857730064388,0.4835918290475364,0.9956640399769368
1.0,0.5592115238817285,0.4787500427981138,0.17811447735727026,0.670245011409857,0.5289404578076136,0.9844789356984478,0.8942367685422182,0.5705548912907318,0.7463000865768905,0.4855106078307891,0.9955577182682952
1.0,0.4978013646702046,0.4743875766219815,0.14138471456510898,0.6355467041319449,0.5726267722190413,0.8855507868383391,0.8828881497821163,0.5674009982159626,0.7295015138708683,0.4843186377721237,0.9811441937913812
1.0,0.4770280515542078,0.4729702701182496,0.11942156754263022,0.6052295035536257,0.5829627907523999,0.5622317596566526,0.9008936423170832,0.5639516852169942,0.7129343145249409,0.4882226961845123,0.9607213094445392
1.0,0.4022744503411676,0.4724434680419819,0.09923726986596244,0.5345880140530228,0.5748382180240114,0.2346208869814018,0.8849367965453036,0.5601101859678933,0.6938819909911162,0.4866630908604183,0.9244681905139364
1.0,0.4113722517058377,0.4815546684057093,0.14711474314765804,0.4975677972334961,0.6889162555916832,0.22410299201335035,0.8629224412794954,0.5571352463075813,0.6829456103823737,0.4846558086731506,0.8687404816116046
1.0,0.09143290371493597,0.4897122429945061,0.18821722430086069,0.3231853750697994,0.7472301430984679,0.1233362910381545,0.8922519884646939,0.5567533196671631,0.6868228563174112,0.486297977974187,0.8967252565593615
1.0,0.07520849128127377,0.5005276880145315,0.2537310288720752,0.3468252722107222,0.7627247098955992,0.021855965603726248,0.8415565785142642,0.5572509203504245,0.6985955488228628,0.4726424274145486,0.8973616261803925
1.0,0.08779378316906772,0.5045453396250125,0.26481768019136354,0.3164125204682605,0.7449930845569951,0.008743169398906922,0.8259288918147473,0.5582998350081542,0.7112400925019748,0.4732639696935344,0.8892936297206557
1.0,0.12221379833207012,0.5087871856595536,0.2781196344608816,0.3136508679289821,0.5085692610646118,0.028415300546448138,0.8388152238527332,0.5573012600443584,0.7157194596031934,0.4717192042799716,0.9080701908377404
1.0,0.1322213798332073,0.5126898743003936,0.28432177646782764,0.2767634744842603,0.6160951196197579,0.031215161649944388,0.8433350200688776,0.5555908297939037,0.7183613744252636,0.4686057468791319,0.9139364947005773
1.0,0.15936315390447325,0.5176572216617962,0.2905316520802754,0.2652730659378372,0.6776989486938565,0.008866615265998613,0.8589676195903688,0.5540293719126116,0.7164942903143354,0.46749005351069206,0.9295750952725784
1.0,0.17270659590598975,0.5225513589735495,0.29824028466940394,0.27299864421739417,0.6370182721923036,0.08943716268311518,0.8535340384870473,0.5522539837729948,0.7135965976092826,0.4701820901743598,0.9279731993299836
0.0,0.19408642911296464,0.5258565002553067,0.29916491571251946,0.24882926978187894,1.0,0.12490362374710907,0.8648482674933307,0.5502184326928682,0.7079062231738403,0.4682751717892146,0.9392084147081842
0.0,0.2066717210007584,0.5283032633638647,0.3000844539978688,0.2560552325866382,0.7207783873080166,0.042020046260601525,0.8537305513660102,0.5479846114305321,0.7040377258259768,0.4674733232147321,0.9054296226401294
0.0,0.2054586808188022,0.5330227256526856,0.3054968027571858,0.2542425011169632,0.6698344741507551,0.03315343099460291,0.829195918427504,0.5454538705481912,0.6998913650455216,0.4681793652596238,0.8704731810435
0.0,0.19848369977255514,0.5390093278689977,0.3150390775626094,0.251691160661323,0.6844196531931352,0.045104086353122665,0.8461058516622533,0.5431577586916084,0.7036678215055743,0.4672552146124303,0.8743352863297567
0.0,0.2292645943896893,0.5452932621800392,0.3280968322878772,0.2390589707522389,0.5473600526009977,0.06437933693138018,0.8499820681997946,0.5399730993196817,0.7034273981805028,0.4682252637257798,0.8661795147498776
0.0,0.24503411675511755,0.5519475531396897,0.34599314590315644,0.21280096881935096,0.5220327811097889,0.07710100231303008,0.878741728036001,0.5378197613190446,0.7041126970032261,0.4694944686934488,0.8792141200909934
0.0,0.2603487490523124,0.5593651933646651,0.3744432823620607,0.2207124908877327,1.0,0.17154973014649202,0.8559167571444712,0.5351347188845751,0.6952602496360959,0.4690308891542137,0.8614030852954729
0.0,0.2262319939347992,0.5660951272961838,0.4015544365333936,0.187980832285876,0.5536813213616896,0.06784888203546667,0.8746788242634451,0.5341358199551872,0.6972530988235062,0.4724702473691523,0.8593939128786222
0.0,0.21485974222896165,0.5755006499214019,0.4393249963833489,0.21464554242609796,1.0,0.05512721665381677,0.8384369365607298,0.5328235925220978,0.6996493974038079,0.4690643731974338,0.8392558721670305
0.0,0.21986353297953026,0.5862860880760471,0.481650665931511,0.21790693747438555,0.4425375464204021,0.1075558982266772,0.8261204918717359,0.5322847279831157,0.7089182699056487,0.4709716022217855,0.8265337325150584
1.0,0.20833965125094794,0.5970268592727579,0.532676308051364,0.20443267331464568,0.3808279734590108,0.034538152610441755,0.8286505951883818,0.5294882859429048,0.7026743998801088,0.4714963047122947,0.8243007801110787
0.0,0.2474601971190297,0.6092812201136489,0.5913281462793503,0.22313791715113224,0.16818931270040766,0.14056224899598402,0.9006971294381205,0.5268631048057729,0.6965833229282008,0.4807789072649502,0.8744284281864018
0.0,0.2392721758908267,0.6203324138602243,0.6496519019944446,0.2518525763965728,0.5166531452173748,0.12610441767068278,0.9056836437418018,0.5244004774871046,0.6894930344252231,0.481037549313603,0.8941223662542754
0.0,0.5677028051554207,0.6327558013053629,0.7094953828387585,0.5859345199975791,0.0,0.8963029756537415,0.8872703869829867,0.5239873459022558,0.6980410608150759,0.4817204265110345,0.8774015116328168
0.0,0.5771038665655801,0.6286109878911099,0.7055443673138079,0.5536555167965027,0.6307158355122049,0.9376718606782788,0.944106824401004,0.5239506836661955,0.7100607016030093,0.49089627163621397,0.9813086742952049
0.0,0.5996967399545111,0.6237616610941309,0.6938314628851241,0.5845949698099375,0.43280084701963856,0.9958027282266536,0.922367587165744,0.5230443117827225,0.7185286825870841,0.4898404237816622,0.972265619502034
0.0,0.5948445792266869,0.6187972495974899,0.6836012253275731,0.5804978640274626,0.5301762139870462,0.9003250270855904,0.9441903423745632,0.5215671779390866,0.7267844694158893,0.4899301697112429,0.9992821855339272
0.0,0.6037907505686124,0.6154150477383163,0.6810654923560625,0.5917357187748401,0.5419596915562812,0.9442815249266856,0.931903374617414,0.5193985034786349,0.7342106640550623,0.4923421245016845,0.9898674040984188
0.0,0.5866565579984838,0.6128782731623672,0.6824186255048258,0.5714386157942221,0.5329867479116582,0.8073217726396916,0.9333330058118684,0.5173031449794004,0.7397460148165832,0.4924527466852587,0.9945259873785716
0.0,0.5774071266110689,0.610879097376314,0.6798693539653899,0.5398755186056899,0.5361783736421101,0.9570858283433128,0.92000943261819,0.5153390999759823,0.7483995099178096,0.4910092137639255,0.9927246904007944
0.0,0.5229663843982549,0.013097326221902184,0.5163348369078887,0.5314261969475518,0.5073491280405813,0.4509681449094314,0.5311792246584358,0.9876416516802424,0.3621795260509752,0.5148829710661211,0.8304071745702466
1.0,0.5085963561714137,0.012192364199757002,0.5100723312666222,0.5601550727770892,0.3963513826320182,0.44159900062460905,0.5503146662474392,0.9869499786981384,0.3734012125176319,0.512543642142056,0.8441504231124378
1.0,0.5075699255837822,0.012200546494689934,0.5108494878562804,0.5587575467593379,0.4981942880652261,0.3354153653966273,0.5056325503932712,0.9871529967170954,0.3794693767671601,0.5132126448304439,0.7967542406112043
1.0,0.5020956291164143,0.013293456356326838,0.503074974966944,0.6009927382978669,0.4745183792454064,0.29668956901936283,0.4443696603766172,0.98907596165884,0.3873330370821911,0.5125066462338401,0.7553474075666925
1.0,0.4922590026516123,0.015445070775341074,0.4979198781780572,0.5880029804220271,0.4612977164904678,0.3441599000624612,0.4523529960844807,0.9914210967093784,0.3924143193425438,0.5129254659326258,0.8019024248327156
1.0,0.4759216491318107,0.017071793577567832,0.4870456646895955,0.6158906791565185,0.5020582540874329,0.2473454091193,0.4652982819861557,0.9922003182759694,0.4032666755754648,0.5137651400301384,0.8346952199046259
0.0,0.5195449491061498,0.019422713471417663,0.4855280428894744,0.6256401579520187,0.3388158620932921,0.488444722048719,0.4500587082225904,0.9924233138150031,0.4118320321707691,0.5127758354825722,0.8094539382976842
0.0,0.4979899067658881,0.01928243800459628,0.478244108243234,0.6439705291289964,1.0,0.3466583385384132,0.4829353128730672,0.9919582176922468,0.4167895854843183,0.5149566290052425,0.8754822469863516
1.0,0.4539389273800358,0.020471274951954218,0.475839853664594,0.5562940435989012,0.495153306086882,0.022485946283572717,0.4838097951844516,0.9911112013477468,0.4144578965020765,0.5150564339747568,0.8669061563175934
0.0,0.511333504405098,0.02618271551041018,0.4876675008815281,0.6146691545301411,0.5505017663715934,0.029411764705882207,0.452490555099755,0.988750172991494,0.404933441998414,0.5130030892648807,0.819282289993296
0.0,0.5044050979385851,0.02984842060117021,0.4945880942951901,0.6011260493538804,0.5557685492659415,0.3082835183603755,0.5130951269718839,0.9856792075852584,0.3896700366259367,0.5136055825052577,0.8716622183993827
0.0,0.5057736720554271,0.03304422369888305,0.5058006274579062,0.6037697728773918,0.5505872481439098,0.5311699402220321,0.5378704881871192,0.9824611923581102,0.3763916882470584,0.5154508427490749,0.8637185827946923
0.0,0.5041484902916773,0.03260076859124728,0.5081226443524068,0.6007459784118315,0.499790681894696,0.5849701110162258,0.5695483642759236,0.97969458939292,0.3588682834100462,0.5139864191718035,0.901887245911178
0.0,0.548113933795227,0.0290047777410829,0.4985773214777334,0.6268714248768056,0.4574644259643346,0.6320675105485235,0.5868316719807025,0.977193783229672,0.3452527061900388,0.5115209181071798,0.9127654730131424
0.0,0.6290308784535111,0.023651272327414152,0.4814485620488295,0.693514276958455,0.4968946447302349,0.8194029850746268,0.6078929397835411,0.9746587407276592,0.32993605369337065,0.50934756105238,0.9151435040540368
0.0,0.6453682319733127,0.017622853415691586,0.4571774870729618,0.7097573101374834,0.0,0.8515057113187955,0.5998359117460662,0.9725064470425164,0.3221658506259182,0.5088450487599274,0.9034177871662216
0.0,0.6493028825592335,0.01414117403600901,0.444604844244022,0.7158091525005718,0.4686011760014104,0.9050474762618688,0.6087084682312371,0.9708578865232956,0.3144224056694737,0.5094554826554583,0.9169712991891928
0.0,0.6301428449234454,0.00970086525958036,0.4264397967944725,0.6754623939441049,0.700093214640528,0.9195402298850576,0.6253629347233342,0.9702160610409002,0.31476821409745226,0.5069432320140335,0.9282100256776756
0.0,0.6379266102129844,0.0053057262563885885,0.4125594994968729,0.6842886723806286,0.5928424464454257,0.8500749625187407,0.5969127826714942,0.9693507330539624,0.3168613912744665,0.5084008223467535,0.9249212593445236
0.0,0.5727482678983833,0.0010824541699728798,0.3986115100697857,0.650793986205334,0.5232341788032834,0.5832083958020989,0.5687082717183576,0.9690483998167128,0.32602733340460466,0.5066086913008683,0.8860189483537194
1.0,0.5299803267470703,0.0004990494349841335,0.3966328233885148,0.6395631887072158,0.5978904402191602,0.4597701149425288,0.5657409272460192,0.9690940883700292,0.336038378724192,0.5063489951588641,0.8890673817625254
1.0,0.5490548285005561,0.0010762847241150286,0.3948896202884187,0.6187392890605554,0.5730054915512162,0.5362318840579711,0.5337977587706151,0.9700380548412048,0.35215867733349804,0.5075721826914087,0.8864047459428004
1.0,0.5313489008639123,0.0,0.38940229124408576,0.6431374077152604,0.5965265470857253,0.4572713643178413,0.5113314238831926,0.970740792172978,0.36445026697735294,0.5095618681094003,0.8842607232756113
1.0,0.5274997861602941,0.0022186604711179614,0.3923311582348844,0.6372459899246843,0.6128158697617087,0.4582708645677161,0.45327660661560604,0.970060217039902,0.3749874147659956,0.5057007176331587,0.8076957132195756
1.0,0.4787443332477973,0.004715698486729925,0.3941861863558156,0.5758652674848685,0.7060128014925735,0.5537231384307844,0.4128833843448017,0.9684221422996876,0.3777485466042,0.5029376121693906,0.7492884880529241
1.0,0.4694209220768112,0.007182190621347173,0.3947190685176951,0.5656189414022594,0.5505436897378503,0.5717141429285355,0.4532864322595544,0.9668619232443736,0.3846287879200714,0.5021764514155406,0.7851929620400468
1.0,0.4375160379779317,0.007615794053935644,0.3914566546381313,0.5817018348075856,0.6166977325631527,0.5097451274362819,0.4524266884140921,0.9645147687752814,0.3873269826594175,0.5021516106144432,0.7754721277053265
1.0,0.4306731673937216,0.0087719756345217,0.39330879852196093,0.5753729929368596,0.5401863010649393,0.5222388805597201,0.4271305680696046,0.9628605460350124,0.3882732201694742,0.5004669965841297,0.717760603109149
1.0,0.4243435121033272,0.00937017898690906,0.39571506445783505,0.6242125981776376,0.6044753738028464,0.5202398800599697,0.4209600636701728,0.9613112008853664,0.39119284977665736,0.5037060294739792,0.7146362750926548
1.0,0.40107775211701296,0.009820421906499788,0.3958205428015181,0.652935381000074,0.5309544045030096,0.4084983099951712,0.43874447921630655,0.9619311675875594,0.3966739674851598,0.5013285643609326,0.7234969705402429
0.0,0.4297322726883927,0.01195605762762686,0.4034420993569877,0.6796253191027568,0.4961979802871058,0.5511882998171849,0.3797070975539063,0.9633993786810128,0.4084151771167557,0.5006057226116603,0.6911848413170246
0.0,0.43435121033273455,0.011323132946939651,0.3967178570911647,0.6851419183911339,0.3890448645451275,0.6344556187144732,0.4319107438503751,0.9653300910017903,0.4080867863527631,0.504275380062184,0.7922068887005578
0.0,0.4519716020870754,0.008120137553482176,0.38126632927204906,0.6494451666776897,0.5250390733585604,0.6559691912708598,0.4375899660523999,0.9643234699445472,0.402815381627606,0.5009851539342995,0.7940916047914793
0.0,0.44290479856299697,0.0036312706168200037,0.3551335423198114,0.6337703537428484,0.5517843154072534,0.4634146341463413,0.443603260148662,0.962730388383318,0.3869161991400325,0.5015301084831307,0.7675980621576837
1.0,0.3738773415447779,0.0016611491485715169,0.33940719390482565,0.5482973100225149,1.0,0.14163457424047932,0.4484030872173288,0.9613664079880012,0.3770619899170157,0.5018177252033916,0.7894746828237855
1.0,0.3577110597895815,0.006039422202557375,0.3432188480857799,0.4886405270198366,0.5224775545367705,0.041078305519897024,0.4120531174311836,0.9613035843758531,0.3720499153218565,0.499273827058871,0.7411740895809354
1.0,0.3466769309725428,0.012353504397105364,0.35721375749224304,0.4780250750745968,0.511607817163256,0.042290460059009966,0.3589504247134596,0.9615754470569025,0.37630658053835264,0.4990887999761262,0.6836017050988525
1.0,0.3627576768454365,0.01962673908100654,0.3765933470589344,0.4989966527528112,1.0,0.15287946672494812,0.35075583766071045,0.9618387430049076,0.3885249483840766,0.4984410563459755,0.6917224281214819
1.0,0.33110940039346504,0.02524017079327712,0.3890191129703095,0.4638635529626691,0.5614824255833135,0.009140767824497385,0.4310510000049128,0.960952912408882,0.3875160275762154,0.5006741365747782,0.78372566629141
1.0,0.3568557009665553,0.03281531553239059,0.4043139238042315,0.4457753755775904,0.5280076944507456,0.03745968742247559,0.3879360743604733,0.959195334772932,0.3904611944737912,0.4976068870458527,0.703271057591358
1.0,0.3797793174236591,0.03911870814468077,0.4110102098706381,0.4194294362278328,1.0,0.11163770405476584,0.4166171290450947,0.9584117257232364,0.3915656023990453,0.4997635782440013,0.7464930366697448
1.0,0.3767855615430672,0.04476471514482983,0.42363068729509706,0.4028517020165479,0.4836200470157274,0.07477619799894687,0.4432593626104773,0.9562938009423021,0.3875846382453305,0.5017454542195628,0.7880516589296331
1.0,0.37755538448379095,0.051029229851661806,0.4381464542255901,0.4046246543350804,0.38135940925907497,0.024000000000000098,0.4178698986484827,0.9547959752442524,0.3774541518007805,0.5000831073054021,0.6948467561379766
1.0,0.3952613121204345,0.05867924985325046,0.4639644437317351,0.4094277260858786,0.3755987352076625,0.04977116704805517,0.3830527293182477,0.9532170298998658,0.36851322341166304,0.5010190817910601,0.6829882236867073
0.0,0.4339235309212213,0.06715343478490621,0.4886789521274518,0.4747951233208863,0.4587041280550884,0.08814589665653537,0.3597708659831293,0.9529907812369104,0.3683145086830443,0.4992774808311167,0.6438772025247608
0.0,0.426909588572406,0.07235658876617279,0.5030069724613437,0.4649050204231432,0.4129901096664185,0.050828729281767265,0.4663791028204515,0.9509140321037376,0.3464858100533881,0.5037960633249753,0.7612545378650849
0.0,0.4414506885638525,0.07593004497356437,0.514982832541671,0.4922875511002096,0.4746666716953968,0.1005291005291008,0.5441982028897221,0.9470343526872936,0.3177468128792437,0.5061223663419754,0.8290853434863454
0.0,0.46189376443417995,0.07744325063692857,0.5175545476387068,0.4940661338216328,0.4621325988649901,0.14857142857142824,0.6046799542124988,0.9444074546103428,0.3001618919029612,0.5071631458824287,0.8599997470179741
0.0,0.4734411085450346,0.07774995089816139,0.5172019339543236,0.4718322826289713,0.4790908273073801,0.19323671497584552,0.6414671651543363,0.9418736226241744,0.2984834553561692,0.5096290182918909,0.9396258395840976
0.0,0.4913181079462833,0.07797010185006914,0.5106130154108672,0.4667648516225185,0.5305390889095815,0.26763285024154565,0.6668517162943568,0.9400609093420206,0.2980259127217736,0.5078923994323954,0.9493466739188179
0.0,0.49576597382602,0.0771342896518954,0.5011519157263651,0.4277739563724656,0.5217309549627916,0.2917874396135263,0.6847638652118164,0.9364350814792431,0.28877520694555936,0.5055599611372485,0.9612368291232908
0.0,0.5335728338037805,0.07748103994481625,0.4994211697127461,0.46577379965914795,0.5052375436590656,0.4763285024154584,0.697645284427828,0.9351317517826676,0.2930966837163511,0.5066448251719465,0.9546592964569866
0.0,0.4935420408861516,0.07650262256317952,0.4969241185444318,0.426589753593456,1.0,0.3565217391304348,0.6878294661236356,0.9337452681902416,0.2965901801847713,0.5053140389756553,0.9959522875899663
0.0,0.4623214438456933,0.07760281531619151,0.4974717429679782,0.3942976035111132,0.4637334755749177,0.02415458937198069,0.6603225758908171,0.9350167108339285,0.3139360947397508,0.5036208800367877,0.9997795650082829
0.0,0.4551364297322726,0.07984043628204797,0.496108751704261,0.3816842745529773,1.0,0.06372549019607897,0.5869102771322876,0.9354718102280264,0.32500500200086635,0.5013951488867169,0.9912634591795008
0.0,0.4554785732614832,0.08174537801773019,0.4953600811760793,0.38205833952425344,0.4429407151835016,0.01862745098039332,0.536509636500302,0.9373300988130708,0.34705579239372264,0.5013918885059963,0.9434510017718409
0.0,0.4780600461893763,0.08298069008752806,0.4823437547094335,0.384687830725549,0.5214157353729109,0.15246373225277646,0.5326530712506568,0.9370246681956051,0.3565692909434077,0.5009365210650623,0.9655308709281716
0.0,0.506030279702335,0.08300180231820597,0.4355711990436951,0.4023550853119823,0.550454134349948,0.21948302349799548,0.5155220610270743,0.9366922236420588,0.3654942787406419,0.499796427246016,0.9324246967425374
0.0,0.5286972885125308,0.08300553615914896,0.3850433201682872,0.4014092486370867,0.5402048107336209,0.3638322661800035,0.4989609381524839,0.9359763605487288,0.3734863103689071,0.498415714317061,0.9340261687338146
0.0,0.5144983320502949,0.08254396698829625,0.34350248471818656,0.4210876621078801,0.496870565937051,0.32352941176470684,0.5186760927344278,0.9357428391031648,0.3866110019252715,0.4998391081544306,0.9707509881422924
0.0,0.5210845949875972,0.08362421936667798,0.34297389076912144,0.4350020910934681,0.5232224632716962,0.3088235294117652,0.5149767377879527,0.9340188706907578,0.39553106561189255,0.4995213256266453,0.9729726046067869
1.0,0.4985886579420066,0.08349172922945514,0.3275256563131282,0.437520785731248,0.5005790078122088,0.27450980392156965,0.5024490417540739,0.9321529911506172,0.3872077037111601,0.4987492390006775,0.9350415701240284
1.0,0.5328885467453595,0.08355458459653642,0.3094329539670495,0.4524715181197837,0.5030370295373146,0.31372549019607865,0.4930508133176781,0.9298013559256284,0.3739888721154549,0.5017541759005794,0.9271091726863842
0.0,0.5358823026259515,0.08223897474136432,0.2815366579489202,0.4582837491394466,0.479066767833856,0.20370370370370405,0.4816628919817834,0.9279504971339428,0.3645651399549629,0.5010143511587705,0.896558538912362
0.0,0.5701821914293045,0.08293878375086383,0.2633391818647124,0.4786450343600951,0.4874688739116906,0.5685199686765863,0.4685309188450938,0.9261869453189668,0.36740090468244346,0.5000941059445545,0.8739948207714321
0.0,0.5874604396544351,0.08287020663341005,0.24470887225855334,0.5264865137725511,0.4947599559399811,0.7708628005657713,0.4772413522051203,0.9260399855803804,0.3757866225939719,0.5007457102499254,0.8898528008722911
0.0,0.5746300573090409,0.08051091136936972,0.21539631872177464,0.4863107567026389,0.0,0.8304498269896192,0.4554087713523525,0.9254973054089398,0.3817339675961916,0.4989215272272374,0.8972127572577342
0.0,0.5943888461209477,0.07817399615162834,0.19094126002768946,0.5182915382767708,0.5298218608843005,0.7420013614703884,0.4562390382659701,0.924363090670345,0.3862672060490453,0.4990391361698044,0.8832288401253916
0.0,0.569840047900094,0.07598973025107747,0.16850126529626192,0.5154624858394427,0.4752862332465162,0.7400140154169591,0.4767107674319208,0.9215762221590416,0.3818780150436272,0.4968995783637091,0.8957339512062151
0.0,0.5429817808570695,0.07553087451646567,0.15515532413600575,0.5171376158307105,0.4511588692687177,0.6475122634898396,0.4399088180241612,0.91755547719035,0.3691193338551194,0.494294936807014,0.8237767479896415
0.0,0.5310067573347017,0.07560974797325147,0.14133610256850992,0.5452427329330639,0.5087805964236309,0.6285914505956554,0.4668949491277285,0.9146545019112768,0.3599232351567643,0.4965109093646173,0.8063172958975059
1.0,0.4993584808827302,0.07543340802164689,0.1235276433664268,0.5421763449757934,0.4949061522920883,0.4526979677645418,0.4341264265606808,0.9119164689769054,0.3511248794963626,0.4977064140426675,0.7724955703966201
0.0,0.5259601402788469,0.07631277201622833,0.1048387726159316,0.5898401094483845,0.4993994228274446,0.6937631394533993,0.4052095564213037,0.9114361780229088,0.35274846280466376,0.4955580909391003,0.7157012402889464
0.0,0.5363955179197673,0.07609346532534468,0.08271713748219423,0.5588274186136514,0.0,0.7084793272599862,0.4318026617669458,0.9107393515047414,0.3553603632656702,0.4976111889231361,0.7698855117895598
0.0,0.5060302797023349,0.07599206476070641,0.0553010066867089,0.5042940762034013,0.4715345189660422,0.8058864751226351,0.4356051859748761,0.9102988049869072,0.3592588724181224,0.4942056180849842,0.7705601744582253
1.0,0.4838764861859549,0.0746851649364153,0.030742102575408436,0.5205313618234125,0.5164828850179699,0.7665505226480832,0.4463151378783485,0.908903113079778,0.3612660757289139,0.495055708665746,0.7862545999727406
1.0,0.5017534855872038,0.07526876728882947,0.01234149160572756,0.5482274150781441,0.6048185421020306,0.7073170731707318,0.42813278375231534,0.9074406262830316,0.35586270321800817,0.493732891900545,0.7458566171459724
1.0,0.3873064750662902,0.0824646376362459,0.030024777046398,0.4626353149733253,0.6120993436043812,0.4571948998178507,0.41698067787117626,0.9057930563054508,0.3534458735130903,0.4928933601922876,0.7262709554313753
1.0,0.15943888461209474,0.0925999183333054,0.05112082195686502,0.3735481280650226,0.7147599301076517,0.22978412001463602,0.3672678323155599,0.9055891792337708,0.3606139574011201,0.4889760012919554,0.6456930625596289
1.0,0.17765802754255405,0.10278792596245878,0.07373970703620952,0.34208128607890514,0.7077965306618351,0.14818925473753455,0.34912969358729345,0.9063606378840322,0.37549479970289423,0.4874189107602656,0.652139839171323
1.0,0.17072962107604145,0.10524632233944477,0.05290522724473057,0.3301428358580213,0.738603868138912,0.12928022361984634,0.3698224997420768,0.9066304708019668,0.3883580718522817,0.4890780969859064,0.6974717186861114
0.0,0.19750235223676327,0.11042280474209044,0.0448486281954108,0.3052867408885818,0.6937126768638442,0.17614173552020396,0.3828709549052072,0.9064287662884244,0.3960462277605389,0.4901725350199325,0.6871064467766117
1.0,0.1220597040458472,0.1150245733683002,0.02508995254781665,0.27680568830869506,0.6529785656807257,0.10194434167797113,0.3947894610143015,0.9053514404157508,0.3998284357510196,0.4910812658404163,0.7261823633637726
1.0,0.08870070994782314,0.12324316922412447,0.01642706621667339,0.2779490138256057,0.5737766944787799,0.05767388388580196,0.4044235049054528,0.9060787799640077,0.4133184878613197,0.4918691358917499,0.7250715551315251
1.0,0.07330425113335026,0.13279530661727654,0.0004899692590558669,0.3021560375103977,0.6663025837344054,0.03954588457899722,0.3364202231403741,0.9049158173175316,0.4130649161615235,0.4900435248345068,0.6704988414883466
1.0,0.05363099820374645,0.1439940710194869,0.0,0.2958756418530463,0.6173144579194233,0.042700729927007366,0.3372357515880697,0.9034348682909399,0.40675962231656415,0.4901602220311472,0.6293716777974646
1.0,0.052946711145325454,0.15672860085074702,0.012447727667892984,0.2987143817050177,1.0,0.0820630981921306,0.3398493728782748,0.9005173007551112,0.3877162440934221,0.4904190912082492,0.5978601608286764
1.0,0.0,0.16834815216880927,0.03180534455790557,0.2371583858805869,0.6010413135901739,0.01690529584267731,0.34695331345278024,0.8983390407237725,0.3726386234005065,0.4910216439569127,0.5922516014719909
1.0,0.025831836455392887,0.18279530778906106,0.05796061518751966,0.2175735824529913,0.6045531283730886,0.020976673938580298,0.2880338395177576,0.8957194725996119,0.3595310076933221,0.485997611681476,0.4893757666621237
1.0,0.04841330938328625,0.19672106137659195,0.08053604456472413,0.20080838395098524,0.6292815558417111,0.013784679811551077,0.35776643461770874,0.8937169562977799,0.3508677961665204,0.4883419647744216,0.5352119394848028
1.0,0.051150457616970346,0.21098668673085186,0.10723421520836418,0.20275203822325247,0.5760623518406606,0.015384615384615462,0.39991353433325627,0.8926098722607155,0.34684411592682873,0.4882717955050132,0.5830039525691697
1.0,0.06457959113848255,0.22640153985764444,0.13417355611864767,0.17961475977595812,0.5635284885812769,0.0151816374480391,0.3748434037995766,0.8918551246853271,0.3439907260814954,0.4898046215588602,0.5665121984462314
0.0,0.0650928064322982,0.2428840795587395,0.16526475400226842,0.18006536419857594,1.0,0.02114585215976869,0.40884995750408987,0.892050932982858,0.3437175060483174,0.4890434472504544,0.5830039525691697
0.0,0.040971687622957664,0.2613502848420283,0.1923067812929045,0.1841751328369996,0.5059779555889893,0.002891740466293089,0.4045905408525709,0.891926214419753,0.3427521084554899,0.4886106842799303,0.5960610603789012
0.0,0.07150799760499515,0.2835273405081864,0.2318545041604783,0.19698941079910245,0.3419565280288909,0.03098106712564553,0.4020800888238212,0.8909334954581068,0.3382157670740238,0.4883593711304875,0.6032233883058469
0.0,0.05525617996749632,0.3030942400770347,0.2632041144174616,0.19470181726595104,1.0,0.05832057753134073,0.4832251693695376,0.8895453175368554,0.3332464962924723,0.4916168436641348,0.6569578846940167
0.0,0.06363869643315356,0.3237384025058457,0.2970719013300284,0.18895451599338503,0.19833683865546373,0.006830337909075954,0.4999484153692722,0.8883536832734008,0.33231799897769176,0.4929977140936515,0.6864794875289626
0.0,0.14156188521084578,0.34677273088495897,0.3365745546189153,0.22304233090058007,0.25873098136503914,0.029568177882158264,0.4411075465858345,0.8893645003090763,0.3435061935299686,0.4917603536412383,0.6324860297124166
0.0,0.3646394662560941,0.3664868689050255,0.3713362562557356,0.34178083235169154,0.4393826362267359,0.1518264557599154,0.4898820431444025,0.8914295082385079,0.3614352991774944,0.4957421028872048,0.7220253509608829
0.0,0.35480283979129235,0.3705983268138321,0.3744128445878274,0.3082782497978113,0.4300272396623119,0.10231782888168232,0.5025915135913219,0.8942960785249082,0.3834847735356708,0.4966009290630462,0.7729317159602013
0.0,0.3676332221366863,0.3774314374427797,0.3863484421032168,0.34699229354228833,1.0,0.09777953808451033,0.4467916816098335,0.8966973874118301,0.4068567695459243,0.4953938353540792,0.7651219844623138
0.0,0.3225558121632023,0.3843145967011051,0.4016335197467,0.3362777235554508,0.37388907467541377,0.06271092737909513,0.4109329940210957,0.8965438401631062,0.4069541651642597,0.4962025600480349,0.7290786424969333
0.0,0.3832862885980669,0.3949386864364065,0.4324043974639464,0.3807241191129412,0.4865143605453589,0.14125817875045354,0.40951318847058976,0.8940435126043457,0.39444065881291934,0.4962746411609034,0.6697969197219574
0.0,0.3500128303823453,0.4027151756606194,0.4575933419817374,0.3501335131358702,0.4149270642558489,0.2121212121212116,0.5181012925634612,0.8919397844212121,0.3807171752540132,0.5015629693907931,0.8031688701103988
0.0,0.3236677786331366,0.4119041770833775,0.487890877300626,0.32922160072953216,0.3953095113046405,0.04677349295223434,0.5048661501653164,0.8896648144313529,0.37497712822563145,0.5003373698253408,0.8038639771023577
0.0,0.31323240099221605,0.41888697393662794,0.5135691866691233,0.3236976413667552,0.5050590623138405,0.08320312499999984,0.5479515988779113,0.8880566927503578,0.3748029323347437,0.5002594016372464,0.8229112716369085
0.0,0.361046959199384,0.4233387321058052,0.5261182080396145,0.3535130454328953,0.549210228902917,0.17162471395881007,0.5546772521604135,0.8836237221187632,0.3567433626637009,0.5007744815840817,0.8379378492571894
0.0,0.4034727568214865,0.4242273625007323,0.5194831499280566,0.365190969162741,0.5455287616559035,0.2014987510407994,0.6672545676962303,0.8797216716046318,0.34474248278668784,0.5064833377915228,0.9201921766389528
0.0,0.4327260285689847,0.4234189091733837,0.5068261390035548,0.4106790934125081,0.5418167551088792,0.16819317235637046,0.7110622012390136,0.8773377306278106,0.3425806748666941,0.5064066789933458,0.9612034891645084
0.0,0.4593276879651013,0.4235058906407009,0.507936676219923,0.4476242907731093,1.0,0.1340549542048292,0.6431227861595981,0.877247404222797,0.3549358913434193,0.5039626807944729,0.9405002044432328
0.0,0.4712171756051661,0.4236763354414715,0.5128821477801737,0.41248796679303057,0.5097531046729872,0.1677768526228143,0.6293423205223312,0.8766975589510021,0.3623514243119814,0.5064800147900976,0.9341420198991413
0.0,0.5154392267556239,0.4244751531781016,0.5191533775266477,0.4649019794320423,1.0,0.08408273381294981,0.6802637202835677,0.873022022205694,0.3492957760794213,0.506964638676507,0.96579721219647
0.0,0.524078350868189,0.425531891241462,0.5170127435885121,0.42370050775527934,0.5156433080357117,0.11687170474516685,0.6935086883256611,0.8711559048070182,0.3464067801342846,0.5082500835766249,0.9491768269801526
0.0,0.5380206996835173,0.4290146061939474,0.5282039576594065,0.4398095809784449,0.5636081547948321,0.22137079608344046,0.6355865172513743,0.8690790634239348,0.34214538878439915,0.5027965071434312,0.9503162376251136
0.0,0.5248481738089129,0.4317397606264598,0.534924183457126,0.4242951887905621,0.5735531962396501,0.2796934865900391,0.6726046308259926,0.8691438451284822,0.3472105395906557,0.5021298460171558,0.952861148826134
0.0,0.5617141390813445,0.4339356381595908,0.5377209483376828,0.4150558294854048,0.6120422707011954,0.4495530012771391,0.6611577556264089,0.8695624672711685,0.3601487758770009,0.5008393620194007,0.9746873443544588
0.0,0.5294671114532546,0.43424031277456654,0.53050823605231,0.3814475887026605,0.5840710008532622,0.2826734780757775,0.5877700209777498,0.8683161195520642,0.3617194359805965,0.4981327674460186,0.993018928636383
0.0,0.5004704473526643,0.4366432332983717,0.5319355872309585,0.34852431786104504,0.5878025396835524,0.35291613452533066,0.6339014193142679,0.86873503670035,0.3761015385639472,0.5021791785519819,0.9606444107589802
0.0,0.5082542126422035,0.4387648978851567,0.534690359426812,0.3566491407263541,0.5679332999559021,0.32354193273733584,0.5665908454475332,0.8688481991934284,0.3842011051872184,0.5000526123234235,0.9596855501110444
0.0,0.5030365238217432,0.4400102961436304,0.5417301898203228,0.4012858444934249,0.6028914514079832,0.32141336739037923,0.511483721364389,0.8720083331584382,0.4085524655340299,0.4954587276919483,0.9649874854584553
0.0,0.4855016679497048,0.4417427391936527,0.5444860519183656,0.4312814754561723,0.6119384194006156,0.2528735632183906,0.5059224068897418,0.8721761381976602,0.4160770562973791,0.49878581052762105,0.9995068307619832
0.0,0.5292105038063468,0.4438175128065466,0.5488701906972211,0.4321994210658189,0.6177430226891926,0.44103873988931497,0.4845074159047696,0.8716952449691046,0.4211351961042942,0.4973419330315912,0.9859175256165831
0.0,0.5364810538020697,0.4432324447030868,0.5479194500052736,0.4408893509568799,0.5900500198723677,0.3605789697743719,0.4503240006091901,0.8712841350371344,0.4297158391478765,0.4945526599488297,1.0
0.0,0.5827559661277906,0.4435349037116155,0.5567377946579047,0.5078954827580136,0.6118832982621308,0.6091954022988504,0.42957224059071797,0.8710784246795863,0.4414582073458878,0.4930978391639168,0.9817780360255668
0.0,0.6267214096313402,0.440936839033193,0.5585723434591342,0.5285642832468028,0.0,0.7777777777777779,0.4334877597040516,0.8693101916751459,0.4441854519571122,0.4896812689329903,0.9950352777190468
0.0,0.6592250449063382,0.4343322844595906,0.5413514250847655,0.5490282812544763,0.6253742461211259,0.938271604938272,0.4180614987054712,0.8687743030438005,0.4516535946819288,0.4885814023727938,0.9765462455078492
0.0,0.6599948678470617,0.4256009048460176,0.5142662190229124,0.5528538373836285,0.6037833887046663,0.9533941236068902,0.4020948272897432,0.8677820368724097,0.4561024907740915,0.4872754021718458,0.9972653048357604
0.0,0.6215892566931827,0.4190873102411256,0.4928660394086773,0.5381760303049599,0.6327587936658721,0.9195979899497488,0.41005851170971136,0.8649820180052606,0.4479710412668296,0.4879023393225425,0.984671521341656
0.0,0.5468308955606875,0.41379154397922413,0.4793042192461625,0.4658092346908481,0.5455590484684879,0.8745341614906824,0.4357820475659424,0.86068824290037,0.4324404446244202,0.4899425499386785,0.95663892566673
0.0,0.5345992643914119,0.4084918895929249,0.4661752415520679,0.4491735270778701,0.5784658538404339,0.7620120120120107,0.4559098791937079,0.8563138393484516,0.4140051797224517,0.4877535988827285,0.9747178614210958
0.0,0.5879736549482508,0.4041941275984199,0.4541017311969493,0.5211062831736422,0.5663245893902711,0.7255496588324485,0.4371379864307858,0.8525823449404429,0.4018668290520983,0.486498133704486,0.9896087706415752
1.0,0.530493542040886,0.4002896416242433,0.4450687891712408,0.4930806188387821,0.4355503133962634,0.41142490372272095,0.4542100427906791,0.8484110546893927,0.386643844622394,0.4878674826806054,0.9759985655492746
1.0,0.5203147720468737,0.4016887315644341,0.4544938609760128,0.5271332093685099,0.4913120291590686,0.3639281129653409,0.42955258930282136,0.8437887470625999,0.3711734134496004,0.4861697371865194,0.8890862207346433
1.0,0.525019245573518,0.4033418953199196,0.4632502583053495,0.4844262030395722,0.4846023052418199,0.37548138639281065,0.4285700249080073,0.8416193478706254,0.3677803058656063,0.486250583758633,0.83327925681791
1.0,0.551535369087332,0.4057433852425879,0.4725042662867342,0.481367827665815,0.4571046578525263,0.5622593068035933,0.3975455541417546,0.8411592677477139,0.3746906492889596,0.4873841006814388,0.8290271350262131
1.0,0.5229663843982549,0.4071106982763192,0.4809909980456458,0.4807226603863883,0.4609006458226186,0.5417201540436452,0.4135220512014305,0.8427683105013591,0.389389588842974,0.4885821016650253,0.8788486825253162
1.0,0.5031220597040458,0.4103092451209248,0.4998961096791218,0.4998625990673993,0.4846021153711462,0.5320924261874188,0.3796874462660096,0.8418683794876629,0.3876805970190113,0.4896142833313773,0.8537116412507045
1.0,0.5065434949961508,0.4128192567235024,0.5194089097757745,0.5048564249625619,0.4272071026566083,0.8474253019707578,0.4222079204515866,0.8388694683904846,0.3763443078850925,0.4892545975217111,0.8769873119418026
1.0,0.4982465144127959,0.4122597273044414,0.5113722217869721,0.4924300487507812,0.4626923403410553,0.7457088366179273,0.5268903310750728,0.8351814939617758,0.3605171944584712,0.493728634292148,0.9858262606943424
1.0,0.4921734667693096,0.4105047552455162,0.5012302126745161,0.4837638741968477,0.5244780163760299,0.696368571056225,0.4580027413546614,0.8328045172576625,0.359429900910524,0.4922939745739936,0.9382820008237608
0.0,0.5163801214609527,0.4096682435411859,0.488267550219124,0.4685387028105805,0.5029466857524819,0.7212995858051866,0.4540086170897427,0.8317296683705023,0.3659584792029905,0.4918832794208289,0.9585556725092677
0.0,0.4760927208964157,0.4077270164171235,0.4886187489342342,0.4656298811509539,0.5497577279088922,0.6822032217670422,0.4568138384369364,0.8304642758352537,0.3736044803295616,0.4922128413409267,0.9264289963846049
0.0,0.4548798220853648,0.4060191971020056,0.4911463323236188,0.4336269776067134,0.4951294631283385,0.5269509935576001,0.4576932335702954,0.8271795349152871,0.3683357951451155,0.4922689435326801,0.9321953228685188
0.0,0.48909417500641494,0.4041574715529693,0.4874477052435778,0.4326458635188512,0.5372389854574646,0.5513153943349932,0.4629597787264982,0.8229760817689175,0.35202045829376283,0.4929063601376166,0.872234680334996
1.0,0.4977332991189803,0.40226871725639596,0.4798829522829285,0.44382315381000254,0.5420411723491746,0.4844549456900517,0.5080545716264878,0.8186378740979242,0.3374704218898886,0.4929281193953516,0.8776165850533156
0.0,0.4817380891283893,0.4023527736787108,0.4750902180663208,0.4745230628321005,0.495712772396307,0.4827551037753497,0.5061434838785747,0.8142979181921043,0.3176686869847967,0.49282963971108,0.8639970710722619
1.0,0.4390556838593789,0.4038424257544681,0.4848446770782264,0.467919046685613,0.48411032274058,0.2952058791865696,0.5324074301519532,0.8100005040494699,0.3006748325693719,0.4951208131984407,0.8460299299803211
1.0,0.4373449662133264,0.4077921207165215,0.5055844462969954,0.467030644063377,0.4309523393018753,0.4124949713010026,0.5293762189939525,0.8092091718486106,0.2990054933802868,0.4952929053417315,0.7620337741979775
0.0,0.4556496450260885,0.4096969397032065,0.520074716683963,0.4883925418645857,0.498660586955455,0.6519337016574593,0.4490122771421129,0.8115082426393202,0.3175614059716733,0.488136835360738,0.7633060271841103
1.0,0.4538533914977333,0.4075873390359498,0.5264576734648563,0.4845523575742424,0.4598610284199513,0.5040650406504075,0.4340183444772512,0.8134435154382093,0.33348110954720755,0.4867376130839844,0.7996613427303098
1.0,0.4183560003421433,0.4064839703970261,0.5232945512611221,0.4171305443200979,0.45063816680870794,0.13441734417344126,0.5102407774049492,0.8151422768397353,0.3518603225130448,0.4891976398355828,0.8435586472015011
1.0,0.4167308185783936,0.409331791609204,0.5325310901216906,0.4160338768564932,0.4750374221564178,0.0914671577655009,0.4357967860318642,0.8173869272394364,0.3745465492438905,0.4829128014551648,0.8496819367534663
1.0,0.4487212385595755,0.4115743979604117,0.5256864663007924,0.4217030522023527,1.0,0.11909146715776542,0.3903384443057937,0.8223496950428019,0.4117809321282081,0.479232881549156,0.8641984348542402
1.0,0.4803695150115471,0.4138875359764739,0.5310467843984017,0.4693815707374687,0.4337413493971819,0.09637814610190264,0.3627971643191569,0.8236403688575223,0.4279266821214307,0.4808512265819585,0.8386160816438609
1.0,0.4596698314943117,0.4172897489872721,0.5331330621492206,0.495060422244575,0.4952829657315851,0.08471454880294635,0.3787147075151439,0.8240053826329853,0.43889280524874,0.4783485420616788,0.8436867877900327
1.0,0.4889231032418099,0.4213462551662967,0.5503730179523917,0.4805687056317643,0.3852691158666812,0.16090331686661982,0.3671106220123903,0.8243392184993831,0.4454508775342063,0.4773980763310982,0.8739645782801704
0.0,0.5451201779146351,0.42341781061946,0.5608600393133826,0.502706379595337,0.4702285455099177,0.31404375441072635,0.3606699124043841,0.8232504453674431,0.4429074326787089,0.4768814540264836,0.8879044437325522
0.0,0.5800188178941066,0.4233233799455843,0.5633724010444141,0.554355740743385,0.4775378597345677,0.6803020767778485,0.3934924760131464,0.8217145670854676,0.4314417969872753,0.479408320606241,0.8627705825820327
0.0,0.5991788555298948,0.4247385371225604,0.5692585806116937,0.5758509961348461,0.4728218630871792,0.6826014452473604,0.34620656451272186,0.8208673169839732,0.4294653184751066,0.479574924217506,0.8079172577914058
0.0,0.5162090496963473,0.4251351158430597,0.5626578861146959,0.46628516744158,0.44855101935368796,0.7583015786608598,0.3307360881163747,0.8214456684281203,0.4364926705737455,0.4783689235563176,0.8350006864674381
0.0,0.5235651355743732,0.4268364913531081,0.5649035107926678,0.4739160832287375,0.3902321435017789,0.6281981491562334,0.3376729927437621,0.8206673981109266,0.440472271164826,0.4789002839317435,0.8181227403780147
0.0,0.5439226755623984,0.4261276928630465,0.5440142632105458,0.4959692292615362,0.3402393719667729,0.8470332063146446,0.3524802381736092,0.8184452406776659,0.43407531377556696,0.4762980226996654,0.819651274541211
0.0,0.5572662732016078,0.4224876850439646,0.5186945483098033,0.5089721406032206,0.4293984458719317,0.8328796951551444,0.3528044844238977,0.8166811374360526,0.4305453720824126,0.4763358674767772,0.8075145302274493
0.0,0.5686425455478572,0.4190286193110381,0.495885018067248,0.5209916985003263,0.4131307273858728,0.6385410996189442,0.3529911716589124,0.8138219163003707,0.4228014373964904,0.4763579473503994,0.8003386572696898
0.0,0.5235651355743732,0.41836350912541176,0.4948476863628662,0.5237250341248345,0.4236731557912513,0.5193249863908549,0.3974669489901692,0.8115764950597172,0.4150387557121191,0.4760283381592553,0.8050249416502673
0.0,0.5201437002822684,0.42022372350577103,0.5025537209290711,0.5199870389234087,0.4154427838415937,0.6194882961350032,0.3485450677723793,0.8088242380143714,0.4058793838018343,0.4760882746847229,0.7287721385748938
0.0,0.5491403643828587,0.4193876646901905,0.5000929253246053,0.4988150175555657,0.37062039056969903,0.7109417528579216,0.3625220462886087,0.8076939794709582,0.4018583556989249,0.4771626351700967,0.7266029014690405
0.0,0.5962706355316053,0.41643461355791933,0.4843564225312122,0.4941049985514454,0.0,0.8345127925966251,0.3655434318026619,0.8067034942462276,0.4058917946505435,0.4774090740312862,0.7164614891766969
0.0,0.6234710461038404,0.41157943562276855,0.4636717134487863,0.4712025901753678,0.3628876277096923,0.9647624132407904,0.3916649062387926,0.8066808723206421,0.40992661361434135,0.4793585456799765,0.7869296599697955
0.0,0.6179967496364724,0.4039046225078985,0.42229671902751853,0.4678099478718032,0.4954139444633639,0.9082014388489208,0.3547155721718112,0.8062277262756766,0.4128726905830923,0.4802845967290337,0.7335133403505565
0.0,0.6485330596185099,0.3993796893632414,0.3980891174102788,0.495306862494101,0.5399950170644281,0.7858744394618838,0.3564350598627357,0.8048805051282998,0.4073175059906176,0.4804437704361034,0.7123243787469681
1.0,0.5956718843554871,0.3950266061303197,0.3785987562749006,0.430829286388414,0.4796948339986878,0.8845612388549973,0.35020068877764066,0.8027264383881053,0.4065351617604696,0.48000482737615,0.6722529861333578
1.0,0.5987511761183816,0.3928170012208966,0.3766308821831771,0.4345118463764833,0.4375396476798211,0.7592095633081238,0.3404634756250336,0.8002681271862474,0.4058004956536421,0.4792821696660241,0.6294448766646833
1.0,0.5334017620391756,0.38970659625068815,0.3701530982190113,0.4303546181358156,0.4534223471231189,0.5606245425713592,0.3444772511778489,0.7970790583291737,0.4031164110327419,0.4796408146183354,0.592650221957805
1.0,0.5575228808485158,0.3907138983821045,0.3660477123688428,0.4001405847275768,0.4574563097449693,0.6694315686752864,0.32485544021341284,0.7951824417575138,0.4032293787751856,0.4781208881475724,0.4874467987735114
1.0,0.5416132067402274,0.3875127125871215,0.35662166829842445,0.4374570041990634,0.4143012616177391,0.6499146133203214,0.3330795041980064,0.7946009269404705,0.3964820985578917,0.478766355927384,0.5328909432062605
1.0,0.5546146608502265,0.3847662042262162,0.33883682518740005,0.4492414163144934,0.4986193147516733,0.4352281044157104,0.3568428240865837,0.7951394054038771,0.39084068180916864,0.4806947167721231,0.5779598187725964
1.0,0.5568385937900948,0.3846336993735405,0.3389383894838345,0.451274042927272,0.4518900144432998,0.462551841912661,0.31580602213717585,0.7953751226471767,0.3809663984573809,0.4773929424570876,0.4914100041188048
1.0,0.5071422461722689,0.3864843676292064,0.3376054342967636,0.4583477445931718,0.5256859095338013,0.3225176872407897,0.24562636023758394,0.7960552436733322,0.3842373172448119,0.4751895300488125,0.3841563315180083
1.0,0.5828415020100933,0.3918740031282136,0.3461640438770961,0.5304097488141429,0.4869103486799933,0.8577701878506957,0.24321907747028956,0.7977717371418577,0.3956322133102009,0.4749925607570071,0.38701203606242257
1.0,0.5111624326404925,0.3903197637642012,0.326089478910508,0.5106905191331099,0.0,0.8165242165242167,0.28024701668885604,0.798935055330784,0.4029552629788888,0.4781037834808141,0.4755663356368128
1.0,0.5059447438200323,0.3924726052600985,0.3298785867856754,0.5058376605213625,0.463423807540935,0.8185545873910818,0.2404678971648103,0.7999421942582979,0.4110124787838095,0.4747046865030202,0.3994508260491511
1.0,0.4246856556325379,0.39275100441582256,0.3342163676298744,0.4892231980856595,0.497785151722579,0.615217391304348,0.2181636854025321,0.7998852837797391,0.4138499831591146,0.4764969666809279,0.3719555169099813
1.0,0.3625866050808313,0.3938975253454314,0.3463220367141645,0.4808688396109727,0.4965298027135327,0.3460531238309017,0.2463583707117205,0.7990353550526285,0.4127668426187021,0.475184147064797,0.3822159168916756
1.0,0.3902146950645796,0.3953268248949203,0.3436116140251094,0.4510653410892502,0.4779598612843883,0.4205320600272857,0.2494927511311773,0.7979343082672145,0.412778627470704,0.4754100911321942,0.34431376138391856
0.0,0.4341801385681292,0.3948882121429617,0.3280606856903812,0.4421027644549961,0.4847604426267999,0.4969304229195087,0.27313325047040243,0.7976451194547746,0.4164245843026765,0.477460781309844,0.3931902430094731
0.0,0.3994525703532631,0.392839097537757,0.2942510461943356,0.4611737139166814,0.4884930680724767,0.4386084583901769,0.27644449248092584,0.798487953280186,0.4315732807494129,0.4777409882004089,0.3891538144707336
0.0,0.3686596527243178,0.3930464985453802,0.27571431214532616,0.476310324395181,0.4749811804432828,0.3281036834924968,0.25492633223449884,0.7987585342109488,0.4379091387181415,0.4795893574385321,0.3653745823989748
0.0,0.3520656915576084,0.3952119545936289,0.26858339046684193,0.5136639821786426,0.4902318969848308,0.2811603442779723,0.23238630501746504,0.7992806273460765,0.4479273288371477,0.4775539142083596,0.3010937714521074
1.0,0.3211872380463603,0.4004643916349237,0.27838708975335114,0.5391807112924086,1.0,0.2285623206885555,0.2251398926057116,0.7990167007026484,0.4440059819823709,0.4768987293088609,0.2845270239348314
1.0,0.19365323753314498,0.4060018176650467,0.27361326013179105,0.4590170494592343,0.5202754881276729,0.02341389728096694,0.21472471002068305,0.7989451226005572,0.44267699936051785,0.4758860395891034,0.2347260994920143
1.0,0.284235736891626,0.4147926486352512,0.28570983764664915,0.4853063537865563,0.5255322644521264,0.18458564870741695,0.1445204840112209,0.7990479403335337,0.4381246187287471,0.4690183197527474,0.08755663356368157
1.0,0.29629629629629617,0.4183007444158807,0.2956484328413326,0.49680334500094,0.5180362330192143,0.09640009664170046,0.2349016698681891,0.801727582356277,0.4592127760905325,0.4736030617679782,0.2530685094503686
1.0,0.2821828757163628,0.4234810824075995,0.32038515410973056,0.4909960441512664,0.4869918552552482,0.18265281468953795,0.18915838446762206,0.8046997622492209,0.4825920182247442,0.47320450293411104,0.232364651503364
1.0,0.32546403216149183,0.4295838395703479,0.330731733655574,0.5498440100428557,0.5362863807577665,0.16839816380768305,0.1655915774580076,0.8073771943133393,0.5018072436467715,0.4747681368848061,0.21237471969246274
1.0,0.3174236592250448,0.4339653132451987,0.3198442168002293,0.5458702207007796,1.0,0.2036723846339691,0.17742656559354258,0.8116731504607012,0.5179151684793136,0.4721271944076815,0.2126767653654296
1.0,0.2888546745359677,0.440198553324508,0.32318954160750835,0.4958805552147493,0.4933837814373887,0.04588957055214735,0.08775282610084051,0.8151962097138078,0.5280261130908325,0.4681592658787941,0.18075145302274492
1.0,0.27995894277649463,0.4482201975329313,0.3215689455336093,0.4905942774340292,0.4071500297084231,0.029433962264150633,0.0,0.8201376421889496,0.5478149204580843,0.4589856544876641,0.0013327328376182429
1.0,0.3604482080232658,0.4595372775034304,0.33439755326839626,0.5258496645723789,0.4411229565148189,0.014625784511598237,0.02110057037863133,0.8223139521149451,0.5538848319669357,0.4612184974223598,0.01263186845569036
0.0,0.33059618509964905,0.4702346962170933,0.34296477486082644,0.5080932786928094,0.4518059021395055,0.06888888888888861,0.07319613459167068,0.8246421373972689,0.5645717591672643,0.4623483356610841,0.0489676914200937
0.0,0.3414592421520829,0.4833030638805586,0.3757237081159524,0.5179952138926303,0.5113200756697025,0.013893713094824794,0.09306849947678447,0.8253015807484262,0.5666736962204825,0.4642329222883833,0.025418826618016668
0.0,0.3482165768539903,0.4918798865338249,0.3861820611043611,0.5236276643840809,0.43451063668160733,0.08184053389532886,0.1657193108293333,0.8260509755876743,0.5687644187390577,0.4671727428980582,0.12675894681266214
0.0,0.4425626550337865,0.4983854125085619,0.3800112228782705,0.5494748918499022,0.4908865693243304,0.1512643678160916,0.1573675134734141,0.8263129183875674,0.5739383393319314,0.4663276438441274,0.09299175906158892
0.0,0.477461295013258,0.4991139267876138,0.3592495537141741,0.5297690285889408,0.4616265461085428,0.259770114942529,0.19790320758146698,0.8258562191061206,0.5738394525735608,0.4700690076331007,0.18894474668870406
0.0,0.5010691985287826,0.5003267718035861,0.3492925205235483,0.551157370375486,0.4550453158612942,0.25287356321839083,0.27489695355909394,0.8258515651603314,0.5789710984839034,0.4734029800860774,0.2839680462778049
0.0,0.4478658797365493,0.5033782598895421,0.3596757319709987,0.5557784682859545,0.4686271897716522,0.1195402298850572,0.26796987457565485,0.8255301495623516,0.5785790736097048,0.4727790124295091,0.2950095264329823
0.0,0.4269095885724058,0.511540960643108,0.3892963343289334,0.541127460617969,0.4878026273479295,0.2275862068965512,0.24239863620062002,0.8265468932719237,0.5891413545539804,0.4741112239360062,0.2352799393981133
0.0,0.3713112650756992,0.5172351825494853,0.408100688830071,0.5054003677358818,0.41824698776370706,0.22961574507966284,0.2361888292253952,0.8270807627492834,0.5945911460032505,0.4735214347472867,0.2144709960287401
0.0,0.4064665127020784,0.521775590395631,0.4094577044339789,0.482509101945169,0.4962678278618363,0.2827715355805238,0.2195392755552716,0.828809385320718,0.6074749739843031,0.4719187970986953,0.16465808139935267
0.0,0.4390556838593789,0.5249459612372677,0.3969158409824708,0.4566265461618763,0.492709357666348,0.3545893719806761,0.2591267950223289,0.8303185256086708,0.6137274282457107,0.4756109486980394,0.3228198241627071
0.0,0.4781455820716791,0.5297595143389274,0.3966933188219623,0.4842648209277792,0.5095854213547112,0.7327231121281476,0.26859871578833594,0.8317707814381153,0.6215781915148652,0.4764707539186663,0.31756306957739394
0.0,0.3940638097681977,0.5267967633417819,0.3677070517370632,0.4749424811327356,0.5090695809804784,0.4190106692531524,0.34698770320659905,0.8315287926192646,0.6131891451731274,0.4835541420381924,0.5106397631017152
0.0,0.4483790950303651,0.5231106805079743,0.32863087494169296,0.5167714999240033,0.5788435021720625,0.25541545425153583,0.3216031520665785,0.8304484266892891,0.6041180784129793,0.4812732000889814,0.4181989302848749
0.0,0.5502523308527926,0.5193217952644905,0.2745216047208755,0.5371562654673774,0.562795438138989,0.4241836404784999,0.3096846459574845,0.8294225458006145,0.594141254819848,0.4801839795588331,0.3456603080595921
0.0,0.5157813702848343,0.5168009413573992,0.23978665752190895,0.5138797448764589,0.5474871889047271,0.2415130940834141,0.3302890213167346,0.8296974224905523,0.5971471495480375,0.4784216064741752,0.3923627849321675
0.0,0.4784877256008896,0.5200463731966508,0.22273580514404065,0.4883130524799811,0.4696884652065896,0.31910766246362765,0.2646979351409242,0.8300024856629075,0.6023764647904214,0.4758756889760157,0.270344099350366
0.0,0.4399965785647079,0.5212289194380081,0.21247024382176727,0.5117667667976287,0.5336179362781026,0.2356935014548988,0.280802165571926,0.8306933364115799,0.6095319815578062,0.4737045216327101,0.2725248490691642
0.0,0.5024377726456246,0.5249354782923222,0.21326390969633435,0.5048036249246504,1.0,0.27901713546718376,0.24338120059543406,0.8299908541875697,0.6081966506248856,0.4700330318059245,0.1850653077152632
1.0,0.3705414421349755,0.5277170086709254,0.21347075019679096,0.4700017214508695,0.493022239942418,0.06983511154219192,0.27115338321485233,0.8299796495146873,0.6100774957494486,0.4690294375760004,0.20115694511397306
0.0,0.39483363270892136,0.5361388080554105,0.2243388951928343,0.4849218999772088,0.547867066150101,0.18594024604569398,0.2511238080265684,0.8304317730231744,0.6149580078039423,0.4670317285748238,0.14428528797373918
1.0,0.4643743050209562,0.5392625130921221,0.21237702605779185,0.4803789932199344,0.5461038786060399,0.3216168717047445,0.2518705569666271,0.8316249643455506,0.624380070413209,0.4671335170398196,0.17618162201868556
0.0,0.4772046873663501,0.5415523118618891,0.20640846305051894,0.4386938993036633,0.5008072790674596,0.372934973637961,0.3324162732315069,0.8327883524594163,0.6360827362498431,0.4712219782047704,0.3490002984183826
0.0,0.37293644683944893,0.5448861786614364,0.22200295241020834,0.4263272533137893,0.5015311969086444,0.25518453427065,0.3437796304575312,0.8323261668077554,0.6376630646469871,0.4686191784019961,0.3678465670408376
1.0,0.3369258403900435,0.5503644241566744,0.24402914305400145,0.4541349092223904,1.0,0.19472759226713512,0.3017307871814649,0.8318760801380121,0.6365266536639035,0.4645027227565596,0.23383375800564696
1.0,0.3384654862714908,0.5562336276275219,0.2574048564571996,0.453287768662601,0.4813224620349353,0.09244288224956053,0.30960604080589943,0.8316726313466737,0.6321871296809844,0.461578870551326,0.2406170373941192
1.0,0.33059618509964905,0.56176325228575,0.2475558840458923,0.4510551214574224,0.45273010970142,0.20913884007029845,0.3012738947378765,0.8322055156165339,0.6395679057390987,0.4607541042754956,0.20625301287790124
0.0,0.42605422974937984,0.5660423427962961,0.2408669032469353,0.460189975667794,0.4966813487906693,0.3726169844020798,0.3662803550987722,0.8328107237175363,0.6489234016388534,0.4672014061499866,0.3660675343755021
0.0,0.5167222649901633,0.5678889639299561,0.2347369607027137,0.4642405154187742,0.4928123863409526,0.6103986135181971,0.4126623073559682,0.8326174847032818,0.6543286212277091,0.4681008703250539,0.4613089089364827
0.0,0.4349499615088529,0.5678633374111071,0.23639275745962546,0.4663320425173542,0.482332587953821,0.5074523396880413,0.4330750826582296,0.8320144946032503,0.6521432820053497,0.4664245750327845,0.473532584991851
0.0,0.3923530921221453,0.5717048946172137,0.2436460163887122,0.4922075454192274,0.4007689485439004,0.4433275563258231,0.3956786817916079,0.8314224655184982,0.6560913751407671,0.462851311418095,0.3861074765282464
0.0,0.4133949191685911,0.5765061927030443,0.2502825160058557,0.5039028890966645,0.4632182964804112,0.5854419410745231,0.37386083940476256,0.8314384935502751,0.6640086525205798,0.4607337279016965,0.3253563804145722
0.0,0.43332477974510303,0.5798782757973074,0.2500361465543196,0.5155786224475789,0.4814889791036275,0.7533418204964988,0.3871500228446221,0.8314263947884325,0.6690732659837266,0.4583786674418077,0.3417234809356564
0.0,0.2820118039517577,0.5794375172693979,0.23691292757309185,0.4636682905181799,1.0,0.32719508940485703,0.41231840981778334,0.8311872464570479,0.6730798780294498,0.4572339805382132,0.3888506301218923
0.0,0.2029766487041313,0.5877457421441042,0.24049100078293284,0.44572390621678215,0.4139904080412424,0.12902478573083148,0.365494303582921,0.8306742291605697,0.6661346028371229,0.4525865217895476,0.2592681863048921
0.0,0.11641433581387378,0.5996307369346691,0.25315401495341594,0.4557719264136745,0.4669503104849682,0.08229988726042854,0.3342634942937572,0.8307060088057557,0.6628143400645923,0.4493722073991333,0.16352179601955816
0.0,0.1632879993157127,0.6140066225946309,0.27833893308944513,0.4790640785964558,0.507129348225268,0.121680049413218,0.2975794526133755,0.8312542442896081,0.6568379067379333,0.4454429172581639,0.07665909143080131
0.0,0.16439996578564708,0.6222635802797308,0.28923182192999464,0.4809448305963305,1.0,0.135949098621421,0.32591169693783817,0.8321744223657753,0.6623979485457232,0.444815373275825,0.0998024543549837
1.0,0.13095543580532035,0.62938646551251,0.28901529301035656,0.4281617257945446,0.46511406488422996,0.009420138162026142,0.3822912419122666,0.8322310982768634,0.6656008019040246,0.447185073062728,0.2216749357403308
0.0,0.22307758104524836,0.6405582141180576,0.30534532349049626,0.4316361971131626,0.42785110878400223,0.12400760371240048,0.3409400193565185,0.831890691074724,0.6688758037150165,0.4427929930275567,0.10664829566506076
0.0,0.24651441279616795,0.6481802479748454,0.32239540892228324,0.4452553167557777,0.4045086338986221,0.1649460885524202,0.45003905693469387,0.8309999833297276,0.6654798723161846,0.4509825815329898,0.3766361402725041
1.0,0.1910016251817636,0.6557841514157129,0.3418926337191403,0.4340894461500421,1.0,0.06698784124799237,0.4784646448766634,0.8301137917007443,0.6626865798164486,0.4542053122123085,0.3841343674920189
1.0,0.1755196304849883,0.6658793679814458,0.3607327871569985,0.4885172441469588,0.43324265559769054,0.06277244986922396,0.4680985905113755,0.8304458033972809,0.6654753473102528,0.4531509518921363,0.38315297797692016
0.0,0.28714395688991523,0.6739256690459964,0.3599682676527275,0.5215257536425418,0.4901605355198255,0.25544899738448124,0.4555414175456524,0.8316525515632996,0.6764579676157169,0.4514858278641203,0.4220641457631346
0.0,0.3899580874176717,0.6767159915020152,0.3523512347252933,0.5676866902193404,0.4085545661897301,0.3097210113339148,0.5116605829554554,0.8331778291159583,0.6914522119781914,0.4539123935728594,0.5193227671700156
0.0,0.35685570096655544,0.6795513457469214,0.35479223681606503,0.5919474936814971,0.4621385861399082,0.24237140366172635,0.5041783550889466,0.8341653465252828,0.7010026364227163,0.4529695491850792,0.5222763010108572
0.0,0.3728509109571465,0.6883214359698554,0.3857737459738941,0.6036169389636741,1.0,0.3347863993025287,0.4235785977823521,0.8354613683644995,0.7112163452660313,0.4480288311611716,0.3953887432921504
0.0,0.29800701394234885,0.6940095230201017,0.4034129754221464,0.583748503588537,0.3968444604329098,0.1961639058413252,0.4468408098295741,0.8362112323621831,0.7156530970186332,0.4468875879706666,0.4392965597570613
0.0,0.29792147806004604,0.7032609901267685,0.4191929118985409,0.5782753247696519,0.3993303006886873,0.04826616682286791,0.4198202889721884,0.8354025042921586,0.7168241144285982,0.4441394208432072,0.3502121552477224
0.0,0.3764434180138567,0.7143509044132351,0.42756161779737256,0.5866306323450161,0.4828932705149484,0.0724790946654601,0.4500980107983826,0.8349455176501007,0.7204120186059773,0.44385341901569203,0.3832210158492447
0.0,0.4246856556325376,0.7240482298989103,0.4411586618600862,0.5779647530590171,0.4320768377106655,0.15779030341353842,0.5292190086907821,0.8350060557091928,0.7271634238219865,0.4489660459210631,0.5497004867090979
0.0,0.4177572491660251,0.7330160594721048,0.4531200154004166,0.5729789241162525,0.4028814232178029,0.10437710437710432,0.5364261185267428,0.8347403242680648,0.7300744945105558,0.44977919534610733,0.5661113191064521
0.0,0.4642887691386534,0.7431388973211782,0.4689649985857334,0.5631656251320618,0.4817622675607551,0.12239122744959258,0.5721472471002067,0.8333473278386568,0.7270792995271532,0.4500718873346996,0.620699696326802
0.0,0.5078265332306899,0.7522193249482073,0.4763297310915181,0.6060039346052639,0.4976797375232554,0.29757391963608776,0.6298286898977641,0.8322829278677287,0.7286070705694452,0.4528829390865109,0.6851678522401093
0.0,0.4788298691301,0.7595417947968731,0.482220324918886,0.5778169157307781,0.5263812665477139,0.3942380591357091,0.6594284422915369,0.8310489788569663,0.7330510991858749,0.4559083935686216,0.7827173179405044
0.0,0.514754939697203,0.7651885247603375,0.4953394704598502,0.612554141080997,0.5676454217342328,0.7164518574677791,0.6590992832192739,0.8304756412158801,0.7376211555496627,0.45604524584598,0.7646146252027363
0.0,0.5447780343854246,0.7647784864310762,0.5032289963321511,0.5934442742649014,0.5622239100314408,0.7649734647460201,0.6700057480017095,0.8301891913318368,0.7426128947796172,0.4534900024822166,0.7794780652870241
0.0,0.5462321443845691,0.7619273923813946,0.4808663519290611,0.5947169358257429,0.5587145596763583,0.8328278999241852,0.6512928091024763,0.8300150423975364,0.7459063899836431,0.4509365620183439,0.7837364940341439
0.0,0.5299803267470702,0.7592054597103407,0.450116559684928,0.5793023361469908,0.5543936147385485,0.7551175132676267,0.6452598637183182,0.8293773472333331,0.7520820396907055,0.4504481990039925,0.7627793869057621
0.0,0.4896929261825333,0.7557517039389984,0.4012985098039076,0.5872271493278277,0.5364236316998444,0.6861258529188778,0.6518872605613389,0.8270844792288546,0.7502186584104489,0.4513848041995885,0.7443924910289745
0.0,0.5263022838080572,0.7520511198437111,0.36631661375612895,0.5737154328019001,0.0,0.6872630780894616,0.6848277318974789,0.8248258060109067,0.7502728967633586,0.4513564594413224,0.7684537458999735
0.0,0.5885724061243689,0.7479900993818146,0.3311324970627743,0.5823383475124727,0.5870699378432732,0.7714177407126609,0.7011383008513921,0.8229923914715697,0.7444725691475337,0.4493944432938221,0.8015419760137066
0.0,0.5718073731930544,0.7429820069049987,0.3071950731416381,0.5638325489231637,0.5017517062546443,0.902857142857143,0.6986966283302791,0.8220688933725141,0.7423926461279964,0.4492341337409209,0.7912805585748235
0.0,0.5349414079206226,0.7382363766374974,0.28855094207004284,0.5819329642318167,0.5105226336354047,0.7824377457404984,0.7047787019341782,0.821421345293062,0.7380917585215304,0.4498898348481637,0.805042279987473
1.0,0.4484646309126677,0.7342941561476476,0.2727914368964577,0.5360729825970285,0.5039337821402524,0.36609873307121016,0.6760927344275824,0.8209351374835744,0.7392894071323248,0.4509272178503054,0.7541681251266555
1.0,0.4640321614917458,0.7347205755592942,0.25061598999558754,0.5037159570285826,0.5028523799296568,0.4001747487986021,0.6744076364904762,0.8194575858601573,0.7326311717714961,0.450675777549527,0.7552734842762657
1.0,0.5302369343939781,0.7335207254668145,0.21704133895673397,0.5302027153350005,0.4640311671084871,0.5037134119702931,0.6858446860461118,0.8180067851840979,0.7346724323311381,0.4523763198615196,0.7247103037895399
1.0,0.5834402531862114,0.7315266382205644,0.18065146931616988,0.5379429171736022,0.5424446929750311,0.6081258191349933,0.7137102122830374,0.8164078689244242,0.7362695979844923,0.4555124039700471,0.7882424318127067
1.0,0.5280985373364124,0.7294952795229052,0.15273956535856115,0.5277103492567918,0.3980901664296224,0.4581911262798639,0.712344447774246,0.8173974277522168,0.7560276948151105,0.4554625601641902,0.7796325871467958
1.0,0.4943118638268753,0.731721698949458,0.1477681905464599,0.5400477610671763,0.498396361200378,0.34769624573378866,0.6434126426560677,0.8179526269853415,0.7651698393141629,0.4508581243797043,0.7299006968174798
1.0,0.4512017791463518,0.7349790676795122,0.13853484563668025,0.5419282391478604,0.5006660560256964,0.24061433447099045,0.6671513984347748,0.818826763367475,0.7782656284620805,0.449779097499933,0.7566402869353412
1.0,0.4739543238388503,0.740554016769641,0.14495122568247676,0.5154542989414349,0.4035327803167241,0.3451365187713312,0.6727078000874481,0.8166566104109972,0.7720072118724725,0.4466043695535093,0.7653125864330259
1.0,0.4474382003250363,0.7455584953357758,0.15022877481054794,0.5365681974936676,0.4784068622998191,0.30290102389078605,0.6955917248426667,0.8142126296146052,0.7686272111974437,0.4494663609167723,0.7499486978167573
1.0,0.4176717132837226,0.7535591034500638,0.17364532992203452,0.5093058219325977,0.3928859357941159,0.35366894197952303,0.7183724803364301,0.8136687431832025,0.7714031494012926,0.4482867598655946,0.7675492610837439
0.0,0.4146779574031305,0.7618111646502114,0.19866570403359468,0.5088516236970746,0.5340540285675697,0.6070819112627994,0.7016639728026173,0.8143395713411558,0.7833493732679059,0.4451857615706532,0.8196516537649541
0.0,0.4284492344538531,0.7644150582009671,0.21468342138331686,0.5221417772132629,0.5108195102369298,0.6653500897666064,0.7292985964067622,0.8156534848147258,0.7971756602377739,0.4482400609823624,0.8701090781140044
0.0,0.4537678556154305,0.7621569802336422,0.21311851927293107,0.5513386172039737,0.5852654620826669,0.5516074450084604,0.7368889063567003,0.8142908948602979,0.8020195569397587,0.4489444609617424,0.8925404644616469
0.0,0.4880677444187837,0.7654233141573844,0.22196877538003285,0.5356341150155219,0.5827151033836651,0.6064297800338413,0.7484045610639205,0.8127836148283129,0.807410615885722,0.4503575316018583,0.8847202674173116
0.0,0.3233256351039259,0.7700604664867995,0.2326360650810374,0.4698717799628945,0.6829966398945129,0.596909640577763,0.7677365155318867,0.8111910073457985,0.8173074506890144,0.4486743756660557,0.917690007037298
0.0,0.3119493627576768,0.7780688018514049,0.2626159145753466,0.4649758857457045,0.5974320896106462,0.4305063554907276,0.7575571484016133,0.8105731309965917,0.8308747801130391,0.4514633558599146,0.9041959887403236
0.0,0.24403387220939185,0.7807061050182992,0.270225009768312,0.4602529149319259,0.5913043177799405,0.3324554294975693,0.7403180560946011,0.8097620554332253,0.8423921946636425,0.4531521204623098,0.8940358902181562
0.0,0.15576084167308168,0.7858834995420517,0.2684354713313513,0.43386061551801336,0.5908333046846724,0.20632612252317808,0.7272057342458081,0.8091912020650046,0.8463311292306946,0.4521164257007679,0.8583743842364533
0.0,0.1657685399024888,0.7922116902909191,0.26287747951109885,0.4409081290534983,0.6240296119189906,0.2708221463553052,0.6886400817493576,0.8083744389542961,0.8442654336323324,0.4519899566277074,0.8029644616467279
0.0,0.2216234710461036,0.7965604071944948,0.2403565187485172,0.451396326670052,0.5653421958659007,0.2722869955156952,0.6840858957793947,0.8089592258088231,0.8523804080194325,0.4552550331785995,0.7993314567206194
0.0,0.19322555812163208,0.7998981401174944,0.22050717719780527,0.4389704771089919,0.5805819046302955,0.27275874004845985,0.6523490658269016,0.8092160797263915,0.8681767066803713,0.4550849986644899,0.7835151301900067
1.0,0.1877512616542636,0.8061312168539413,0.20709874366426284,0.43162261869970003,0.5851447844519416,0.25475943232952564,0.6339112449582165,0.8098406648254136,0.8939392663442302,0.4533367998454878,0.7491115411681915
1.0,0.12094773757591297,0.8143632155479521,0.2140395115665878,0.41172866674003056,1.0,0.16182069920387712,0.6230342571076251,0.8096198836171152,0.9010877794088278,0.4556973965144484,0.7472290640394086
1.0,0.028312377042168987,0.8272183489560182,0.2255417476037983,0.3870734781316481,0.5247342743200509,0.0930075821398485,0.6258050887010005,0.8098791934458135,0.8915561193777216,0.45222514088121,0.7501935256861362
1.0,0.04661705585493131,0.8427543709503925,0.24168364972610784,0.39588772480681816,0.5849878721273645,0.04501949663240023,0.6070282831161048,0.8097102697444548,0.8797438823663551,0.4537982096457594,0.7360045742434909
1.0,0.0833974852450603,0.8561059235736806,0.2484155449455307,0.3812760306608413,0.6460407005713378,0.02130772748056685,0.6333364447872505,0.8090891971423463,0.8736134241901269,0.4529696882143196,0.7823715693173825
1.0,0.10409716876229567,0.8708032274643449,0.27031061954978497,0.39117421662250706,0.5672039592722286,0.06578706248854689,0.6451124790590962,0.8075760569479297,0.8782919047322569,0.4543527381255668,0.778764954257565
0.0,0.0658626293730219,0.8833137786287649,0.29266304576779845,0.4345958846947248,0.495649096834556,0.00533088235294103,0.6573797955283491,0.8061648250926355,0.8802220137192162,0.4519505822921326,0.7883180858550314
1.0,0.17115730048755445,0.8977986359675273,0.31565892252619565,0.4901947445273108,0.3814297358864213,0.013657056145675243,0.6850389832423643,0.8045186527558673,0.8798802552636581,0.4550006828884278,0.8418103448275863
0.0,0.21110255752288065,0.9106985963669646,0.339871666617424,0.4918131140601662,0.24913446639903725,0.048451950140731725,0.7243071692811067,0.8031158431389992,0.8805945850178717,0.4556471080945249,0.87905524278677
0.0,0.2587460439654432,0.9221700100132604,0.3564158651518131,0.5178073884346681,0.2608286348588333,0.14124293785310738,0.7187704189163295,0.8004911265580549,0.8715762922042795,0.4587505003057434,0.8765130190007037
0.0,0.36900179625352825,0.9288990586685668,0.3636032815056792,0.5509339290228703,1.0,0.19753086419753085,0.7379107733273067,0.7981208222655057,0.8663990903787603,0.4610725025655752,0.8676020408163264
0.0,0.3904713027114875,0.934633773664,0.3652574951020524,0.5653307694285169,0.22844756563668295,0.0889307386482528,0.7376749578725513,0.7949528446981329,0.8547560550320726,0.4613441038685964,0.845197044334975
0.0,0.3498417586177399,0.9469721672042084,0.3894601760093841,0.5949098896311721,0.26175438231418113,0.030218828914807688,0.7467587657026069,0.791916423785132,0.8394876851906855,0.4625641491827127,0.8332160450387049
0.0,0.5148404755795055,0.9638018342041321,0.4453921063435573,0.6432330235348838,0.4375237734631041,0.12238219895287987,0.7496671563112569,0.7898965741105334,0.8289011870371831,0.4633981908019013,0.7989481065918657
0.0,0.5787357796595671,0.9689840214710204,0.4752481220790048,0.641135791863255,0.4880670019478784,0.4008483563096503,0.7410107639929452,0.7875925318262597,0.817763385783486,0.4620230441099832,0.8114792426522477
0.0,0.6170558549311435,0.9720493909389476,0.5055704498421092,0.6247344302516608,0.5024959431126675,0.4986744432661719,0.7554790247065817,0.7869645945396312,0.8219164590711435,0.4640040304586104,0.7926770187919119
0.0,0.6552903943204175,0.9761364979083288,0.5298952171973951,0.6627706127095445,0.4744069179600794,0.6381230116648998,0.7697360340753329,0.7861357998053357,0.8251400619635222,0.4649870416545063,0.8524721565980422
0.0,0.6107261996407494,0.9771606629055796,0.5375061417787719,0.615781328597364,0.424385512752201,0.7059915164369042,0.7896575271801876,0.7876419342194653,0.8402430954815815,0.4670263753182418,0.8975869051636853
0.0,0.5588059190830554,0.9792499200464884,0.5576263500040914,0.5788835738242367,0.44759090462713735,0.5355249204665964,0.747520253108588,0.7871845109677412,0.8440071001743726,0.4650679842651831,0.8903476206547418
0.0,0.5186895902831237,0.9835148836816276,0.5787943922270797,0.5427792090211759,0.4497121102137025,0.638918345705196,0.7456189910046227,0.788100297855795,0.8555333151981833,0.4654927968184298,0.8446760040499492
0.0,0.5024377726456248,0.9872434342760559,0.6068779087153557,0.5821220614971271,0.4476438616050776,0.6283138918345711,0.7186770752988221,0.788246893624761,0.8648738471665273,0.4614339633236485,0.8656176172797836
0.0,0.4928577538277307,0.9883951093030088,0.6170001526849009,0.5748960528732452,0.5209567404727049,0.6930010604453876,0.7022977268372728,0.7888098083965981,0.8783150078325593,0.463067662241887,0.863609517381033
0.0,0.5694123684885809,0.9897730589733368,0.6157294255024061,0.5842628179892555,0.4440909365720303,0.8785790031813366,0.7237028921782959,0.7879216923689382,0.8846255687409016,0.4616332997429277,0.8780037124535941
0.0,0.516551193225558,0.9864240621258891,0.5669560664137324,0.5402360336022798,0.5135127987263839,0.8944856839872741,0.7354297982304017,0.7853745913167397,0.8815731074012237,0.4628315827786735,0.9029109011137364
0.0,0.4565050038491142,0.982559798195502,0.5099874865500021,0.5488557412381255,0.5090624739679885,0.8165429480381756,0.7507135873917337,0.7839821965925061,0.889809232631286,0.4647518034603311,0.8877489031387108
0.0,0.4773757591309554,0.9782444163229854,0.4747865484429611,0.5115994742266977,0.6086178004430591,0.8194591728525981,0.7131403249340453,0.7812824537018513,0.8902212384973475,0.4643382284962299,0.854463381707729
0.0,0.5192883414592421,0.9712917255653128,0.4619678475537842,0.4896697494869154,0.517752970190944,0.9421376908652552,0.7484045610639207,0.779812182538235,0.9016540706578638,0.4644862967607272,0.862867026662167
1.0,0.454109999144641,0.9622347136176556,0.4576288680444816,0.4348243409288367,0.4990466570427461,0.6688990088400747,0.7509985310662297,0.7779835167060919,0.903488780498914,0.4646800481024967,0.8725531555855551
0.0,0.4339235309212216,0.9571598675441964,0.4430892081027821,0.4457610972143077,0.4986378180204046,0.6688990088400747,0.6930075804843059,0.7779484618400346,0.9172628291827288,0.4627172367660234,0.7918157273034089
0.0,0.4930288255923364,0.9530399656404486,0.44411182040024544,0.4453374203666345,0.5030521853858658,0.6881864452183235,0.7033687220276199,0.7776891143417081,0.9224657282184541,0.4634574386610405,0.835791427607155
1.0,0.3946625609443162,0.9466091577930464,0.4303133457060886,0.4044770047081998,0.4686883819189493,0.4149477631931424,0.7065620563107655,0.7770084212788736,0.930733353226659,0.4639699529716567,0.8235993925075938
1.0,0.3369258403900435,0.9471144500705628,0.4464053034481641,0.3301687666447725,0.5014313249212666,0.20867934637021132,0.6865668708762998,0.7783126188570614,0.948190393014396,0.4657301091467372,0.7970975362807962
1.0,0.39098451800530304,0.9526452735704101,0.4669985159876894,0.341896261374266,0.3646818676521182,0.2718992767211359,0.5976497059676047,0.7794602291066853,0.9643283717850072,0.4589411965982269,0.7539402632467094
1.0,0.3815755709520144,0.9537467712581192,0.4725657109300315,0.3805511460970415,0.4690937008312629,0.2670774176265737,0.5778166436582839,0.7802158020557205,0.9723774268804052,0.4573061642114344,0.6913094836314548
1.0,0.4601830467881274,0.9550768036953148,0.4699822018341938,0.4650072165481208,1.0,0.1452108349623007,0.6134444286142402,0.7785091479164422,0.9686560750136732,0.4574535872771444,0.7343570705366181
1.0,0.5038918826447695,0.9575727820286608,0.4611178618526597,0.5038366027997959,0.422732876721464,0.12314995811225905,0.5984701472372744,0.7773373775145612,0.9698668208405284,0.4560778196464077,0.7037293283833947
1.0,0.518604054400821,0.9645099944070088,0.4742043500221334,0.4659271856478359,0.5007267890597242,0.0357901103124154,0.5886887186869009,0.7760793250918064,0.9728619437853242,0.4588746726866637,0.6888288896388793
1.0,0.5814729278932511,0.9739151232719546,0.4936593494980485,0.5241019386559157,0.4926792716852286,0.3108026554013279,0.5861537025482808,0.7747862233748392,0.9723164979352568,0.4588806577440934,0.6579311508606142
1.0,0.563424856727397,0.9784805433270591,0.5218191579006783,0.5560456605146978,0.4776308529660843,0.2999396499698248,0.6331251934423653,0.7736557888632035,0.9705744382193109,0.4603432279898161,0.7298768140398247
1.0,0.6670088101958771,0.9838710472728449,0.5606039176134611,0.6097531207095345,0.4622307837117139,0.5642708022666265,0.6196787996993354,0.7725137227798652,0.965703687230732,0.462735350153608,0.7112807964900442
0.0,0.6788982978359421,0.9833149432914692,0.58768094811586,0.6248714764475708,0.4763948232306746,0.6093563766388554,0.6810448589774449,0.7716330200163791,0.9624802877083576,0.4658150156880052,0.8018140398245017
0.0,0.7129415789923872,0.9829790149473429,0.6020395329341012,0.6225066591532136,0.4470321456973657,0.7418918918918915,0.6972817356017469,0.7697535395064047,0.9512693721743904,0.463848496315374,0.8291765102936214
0.0,0.6916431442990335,0.9837069982380598,0.6160142301726298,0.651528556373057,0.4795009307644394,0.6891891891891891,0.7302418582257835,0.7677476362221841,0.937966252428042,0.463775359388809,0.8631370232872091
0.0,0.6427166196219313,0.9930783186952966,0.6624265530033766,0.5805602414288125,0.4121554618985493,0.8724324324324317,0.7324821050459593,0.7657323115600038,0.9255618312296421,0.4641898157518994,0.8515693553830576
0.0,0.4494910615002993,1.0,0.7069449898724094,0.4262290750339785,0.0,0.9827027027027032,0.7469798426914405,0.7634584289089689,0.9190125294592076,0.4657244068693556,0.8819946000674994
0.0,0.39201094859293456,0.9991230572004164,0.7250223988554592,0.4407642236185989,0.3822389889248983,0.7188424165610475,0.7740249276586961,0.7606242936330628,0.9144570862588008,0.46500994963044,0.8936044549443128
0.0,0.490462749123257,0.9921162363787498,0.725600804910812,0.5029841165123821,0.37776105821224026,0.7013232514177689,0.7991392735901427,0.7570855118706127,0.9033127350595046,0.464072089353639,0.902708403644954
0.0,0.4654862714908906,0.9820398287442368,0.7154990124021794,0.5384910571180932,0.3711592364544025,0.6471329552614995,0.7967860318645632,0.7564684918889516,0.905829263419162,0.4641989180089681,0.8784864052123793
0.0,0.5057736720554267,0.9761141941338448,0.71660394402922,0.5118695466859915,0.35029144403079904,0.6967023734509545,0.746621206687333,0.7562439338994519,0.9116807487596332,0.4570103024475989,0.8847429311280954
0.0,0.4633478744333244,0.9657304051918804,0.6962982210102835,0.4857236363873052,0.34496098400971376,0.566687670657424,0.7479427557983579,0.7558106569226023,0.9164373994814996,0.4574112172180181,0.8666583134945495
0.0,0.5376785561543064,0.9596999286619318,0.6832713035493228,0.4805885942370253,0.3353580442586385,0.5939928586431414,0.7627893038039978,0.7532406445618881,0.9110668352307141,0.459169569196796,0.8613289896838323
1.0,0.5141561885210847,0.9494904427589268,0.6675700746121171,0.5166918036932845,0.320436093812086,0.5740390674228099,0.7659531611552991,0.7512394256835307,0.9056372268162364,0.4556960320160098,0.8659566470367119
1.0,0.558891454965358,0.9408936438442124,0.6626358716642116,0.5419873299993817,0.3338400812892806,0.4908632640201638,0.7907923890561974,0.7492953615396712,0.8997662799127085,0.458348387561993,0.9120995698116356
1.0,0.5853220425968692,0.9331591765923752,0.6532239559537502,0.5065059466985776,0.4387574579396664,0.5101869355177474,0.7957346879621124,0.7468468141597314,0.8949986643862571,0.4591964034748742,0.8935471745395317
1.0,0.4726712856043109,0.9259629687641594,0.6418101275193733,0.4899869629367576,0.5252443107708661,0.248897290485192,0.792570830610811,0.7443783081597394,0.8916472951730253,0.4591376163080678,0.8740675771624272
1.0,0.44495765973825996,0.9276290777974272,0.6531850172785567,0.4697577171601071,0.509718772849202,0.12497374501155192,0.7768498002937869,0.7422794776830987,0.8924870700363537,0.4615371143499717,0.8484400451071298
1.0,0.417072962107604,0.9325465850269876,0.6790735345237446,0.5015473847475592,0.4988231702113946,0.1054400336063848,0.7453733499059195,0.740579811774717,0.8912077113298249,0.4588766913125453,0.7811552437037967
1.0,0.4311863826875374,0.9398821109697392,0.7097750690942425,0.4613594298163541,0.4893549449593012,0.11426170972484764,0.7543687269404417,0.7391818890559144,0.8870108501748807,0.4560805496501785,0.7954141085077058
1.0,0.4373449662133264,0.943167154828938,0.7160666589949203,0.4654291264927074,0.5067225489276203,0.15101869355177475,0.7402885791627569,0.7380210727262452,0.88781626737308,0.4585025421264403,0.7755299293427546
1.0,0.5204858438114789,0.9444377792489976,0.7041517951699235,0.5212278145989289,1.0,0.07708464608275542,0.7533615984357571,0.7364047909095358,0.8821645841919373,0.4561770238176062,0.7966771097187038
1.0,0.5836968608331193,0.9472660416302904,0.6916591155361045,0.5075655145955291,0.5349375627046448,0.15091049980627638,0.7637718681988118,0.7348533637801417,0.8795393012620688,0.4574850778382789,0.7924244054664799
1.0,0.5801043537764091,0.9540035844776116,0.7034575169856205,0.529492810152544,0.5034421551780364,0.28305249513933883,0.7584365435349718,0.7326991610095134,0.8715827712639473,0.4566798578973828,0.7956148182123464
1.0,0.5846377555384483,0.9642900796032922,0.7322837669550094,0.5324463567357636,0.41731906666397256,0.2918016850291637,0.7630840731224421,0.7318442435561171,0.874365284853056,0.4575135710715771,0.7773746242618329
1.0,0.6823197331280471,0.9765686618800752,0.7599590494208627,0.6005379593867477,0.0,0.494329228775113,0.7413890512849484,0.7302290784038875,0.8758424662633372,0.4583339617046509,0.7741607737950091
0.0,0.8710118894876399,0.9820351604977392,0.7588065964856572,0.7668747872994313,0.5403882767171718,0.9264419961114708,0.7471812683923775,0.7283051862203817,0.8776601837351165,0.4592243863072604,0.7603023652767621
0.0,0.9030878453511246,0.9698966949749108,0.7223291045639763,0.8043257950292922,0.5614605285906049,0.997569669475048,0.7939120310097321,0.7258171762608464,0.8754172790584093,0.460818270607445,0.7980283956536929
0.0,0.8169532118723806,0.9506441251191844,0.6659697576795635,0.7767578758020852,0.0,0.8784216139353007,0.8020329257328702,0.7230383733834632,0.8700763310857057,0.4616067925613563,0.8247556493861914
0.0,0.8692156359592846,0.93670673316412,0.6247782817820476,0.7645924025912931,0.5501911441012536,0.8844649840028438,0.7984072631160062,0.7207438884332623,0.8604330946398691,0.4617606886211529,0.7938773295295976
0.0,0.8639124112565223,0.9223254369509212,0.5841802383795753,0.7636803581047201,0.4581245497166177,0.9677485201061444,0.824450132400552,0.7183740293797499,0.8512630509560221,0.4609510941393451,0.8206560256370748
0.0,0.8262766230433666,0.9090944988692844,0.5613218385489982,0.7544503894134081,0.5380679069772142,0.9846481876332628,0.8147718731116341,0.7160328222777733,0.8437383896351233,0.4601095907690204,0.8088527402413698
0.0,0.7775211701308701,0.8965731085252252,0.5330893492695716,0.7351942367722509,0.5363967283412462,0.9251132840448371,0.8564866444934633,0.7143376583176412,0.8465301831801456,0.4611187515828205,0.8530054603765932
0.0,0.7770934907193564,0.8844330706410891,0.4958037034468045,0.731691385227405,0.594090786032423,0.9783080260303678,0.8212174955416139,0.7130819408378174,0.8527956774125166,0.4614943698845431,0.8083552700069899
0.0,0.7598152424942262,0.8694122011065156,0.4546474921562973,0.7273864645868835,0.5487948410916895,0.9022988505747124,0.7804705500886765,0.7127829694549627,0.865816409767386,0.4606398535750033,0.7700144261514897
1.0,0.7798306389530407,0.8595956487478945,0.4356846566635129,0.7391474046815101,0.7122143706344221,0.8425664217071787,0.7634623604144455,0.7126001466195261,0.8751999918324463,0.4625420857758651,0.7531417778372669
1.0,0.7368916260371225,0.8516037709126408,0.4194572571528836,0.6774574235869778,0.6958239926957688,0.8764360479959152,0.7447985497349532,0.7116770440393948,0.8780605646164369,0.4644129841475014,0.7300673716146879
1.0,0.7250021383970574,0.8428669394355358,0.3981263594739308,0.6720215907218983,0.7925577327140879,0.8085269338779679,0.7128259043277048,0.7104202411547013,0.8811470759702106,0.461453483386845,0.674534124540817
1.0,0.7815413565990931,0.8332343437712123,0.3749715789675185,0.6702742426455225,0.7231806468486554,0.8818123628383319,0.7099420778289256,0.7095665368082703,0.8869172400002022,0.4612952653644205,0.6628890971013846
1.0,0.7706782995466597,0.8220771422768735,0.3527010082223767,0.7104313759017835,0.0,0.8536942209217264,0.7154493512618583,0.7090125674123072,0.8978477421953975,0.4617151285749668,0.6828403158881006
1.0,0.7527157642631084,0.8117668869338887,0.3258457889661901,0.6852460666592792,0.6640399266578828,0.8772403072421361,0.6916221646876182,0.7088166829055694,0.9014132630428552,0.463092616204305,0.6493627210398727
1.0,0.6402360790351551,0.8020787393654799,0.3014119480979014,0.6176307342694505,0.443221825578848,0.9362986142154668,0.6990749156222825,0.7086073005518746,0.9051918951344614,0.4638058047441489,0.6700575558827468
1.0,0.5107347532289793,0.8002550020618014,0.2858713352352722,0.5355468653923944,0.4765357523856732,0.6651020712263448,0.7029413065158756,0.7081134006158846,0.9063284405537868,0.4641567075681794,0.6816728386799329
1.0,0.4681378838422717,0.8017192205515423,0.2861325072729727,0.5196054600913991,0.4762423923462337,0.6456442338986729,0.6636485563672627,0.7072659135433651,0.9104302984834246,0.4602838481332465,0.6174839007123841
1.0,0.518347446753913,0.8030588159568125,0.2835134308575573,0.5152581983239447,0.5167680182441745,0.646005858315553,0.6694456862966656,0.7062905189539167,0.912998208802096,0.4571962655257187,0.6243846577135295
1.0,0.4760071850141132,0.8063780847474175,0.3018225100505386,0.4812470434355637,0.4315651437403256,0.6850612953386613,0.6954983812251596,0.7053710461752908,0.9220234698518244,0.4565931040177682,0.6545308526301701
1.0,0.39620220682576335,0.8123407766492986,0.328708400912658,0.43172794614889065,0.6763713559795399,0.7450496615423554,0.7121184579634385,0.7040247922190799,0.927590041899506,0.454813910249543,0.6784083641933996
1.0,0.3639551791976733,0.8142672816580511,0.3426296606224942,0.41452962900506013,0.5691825051778988,0.5943887578616355,0.7444153496209754,0.7028426514527774,0.9345919886979812,0.4549567298841836,0.714719136215589
1.0,0.3601060644940549,0.8146424191989413,0.34254025630248297,0.41071488789058813,0.5152308069467101,0.5120878103001111,0.7938923797218357,0.7009120309541589,0.9329669309354476,0.4609625164895775,0.790657207870432
1.0,0.2289795569241297,0.814764237270636,0.3526486054370873,0.3775517622683017,0.5045012428611022,0.3390589992531744,0.8189035563918269,0.7002668140659829,0.9434565395401644,0.4602233794049602,0.8056038905992058
1.0,0.21144470105209132,0.8188062249138349,0.3844590911625804,0.4103211945966071,0.5839308082036101,0.2914406509253351,0.7455354730310635,0.6993830154269814,0.947286458323412,0.4549836871021323,0.7430657802763274
1.0,0.26729963219570585,0.8212783063778054,0.4179922551207386,0.3996514627268719,0.553183412482421,0.3473844591163029,0.736112680484797,0.6992532814278062,0.955772709073717,0.454144843233688,0.7242374217344101
1.0,0.26139765631682466,0.8237169992893544,0.4491388434818073,0.39315510232860706,0.5682503211954125,0.31437277805992925,0.7535188087389275,0.6979066588310355,0.9558982798674032,0.452456303819388,0.7450289266645845
0.0,0.21460952869728828,0.8276971697479224,0.4765491082366282,0.3745587990534871,0.5127662717022181,0.3295863639703183,0.7241008307581958,0.6961279257807672,0.9577949976333898,0.45338593057446896,0.7005978673091507
1.0,0.1713283722521598,0.8298835146288913,0.4798430930873108,0.32690469439101816,0.5744637016521713,0.18893799102132489,0.7394091840293979,0.6949838100428537,0.9640228089633964,0.4514785380973498,0.7068144975386307
1.0,0.18766572577196133,0.8348341721255198,0.4694971537166912,0.3362986021907867,0.5247581362775744,0.10984848484848504,0.678662140320021,0.69327838613158,0.9722975547732688,0.4486724722065572,0.6261693362483082
1.0,0.2358224275083397,0.8439526680265542,0.4688767777240026,0.3593744229579123,0.5834663428920046,0.210683221099888,0.6771833809058261,0.6918669987292329,0.9868477186066468,0.4488395132136093,0.6046119067802912
1.0,0.2123855957574201,0.85113334764632,0.4686022894761459,0.3889900452874315,0.5666496128482763,0.18841189674523054,0.7428530722332212,0.6903184980780576,0.9947765258378728,0.453409783137005,0.6848555154002883
1.0,0.20862201693610485,0.8588618032522479,0.4672240786514068,0.378547968546378,0.5582558758528684,0.07178263264182116,0.7499226230539083,0.6887945505478056,0.9993481556763624,0.45424321411719104,0.7016512734396866
1.0,0.2456590539731417,0.8694188932378851,0.4568973002423108,0.3687682645196324,0.5575083845480235,0.07251698182485755,0.7240222256066107,0.6877577748218858,1.0000000000000002,0.4516758515377052,0.6582924565822619
1.0,0.27970233512958675,0.8827525720594235,0.4709006944082252,0.34335010254183,0.4623121817292877,0.06009520031733441,0.6977189767574392,0.686958273029073,0.9959127423451728,0.4526937317894067,0.6204943509066538
1.0,0.2567787186724829,0.8961114439303975,0.48361712082270103,0.37854022068287535,0.4342721271853365,0.05756252481143322,0.7529489213899356,0.6863224569355727,0.982280674706301,0.4597909780205928,0.7088535880098007
0.0,0.3400906680352407,0.913035198108295,0.5117950044784485,0.38267151774445823,0.474598426261202,0.05396370582617048,0.7207404605279317,0.6857612138771564,0.9743658550575052,0.4564938447257994,0.6561573382581247
0.0,0.333162261568728,0.9239437911238156,0.5240104518522805,0.3809335184200784,1.0,0.16003879728419004,0.7352283725294646,0.6843697629350155,0.9687068970855492,0.4579607508267807,0.6968383721700232
0.0,0.3301685056881361,0.9334289898566436,0.5421377996563671,0.3742596832736289,0.4264285127706515,0.017943743937924573,0.8268426767019244,0.6832387937931613,0.966063831882398,0.4662831692850841,0.8001486266748095
0.0,0.3936361303566847,0.944995298187271,0.5709051886682235,0.3693152817418339,0.4826788936452713,0.06483993488876874,0.7448280266667975,0.6809784727677589,0.9571963580651212,0.46093726911585,0.690024205970806
0.0,0.5336583696860834,0.955101285970732,0.5954501984120217,0.4285611011771576,0.5286969981864261,0.3138368983957225,0.8147718731116342,0.6799418837522256,0.9616747755270872,0.4666729819805314,0.7895254162693468
0.0,0.5841245402446326,0.9572490846492461,0.6052810650568634,0.4245760138575985,0.5347343796921205,0.4612299465240648,0.8779360252322537,0.6785737209628132,0.9745293756588064,0.4715304719320592,0.8796554800828921
0.0,0.5762552390727911,0.9583921575546364,0.6180450866147835,0.41844515804118415,0.5469955960220204,0.4067513368983964,0.8673292425902359,0.6768605700912128,0.9817969602106016,0.4694921017578267,0.8800296454064008
0.0,0.6282610555127874,0.9575850405604373,0.6142711453137388,0.4782652156921064,0.5438389206185736,0.7262700534759358,0.8611194356150116,0.674919946239848,0.9817969883862382,0.4689320338247995,0.8682938061247986
0.0,0.736292874861004,0.9483140931846508,0.5843324258220515,0.504504512022004,0.533469895877849,0.7647234678624811,0.91314130749844,0.6723598449882352,0.97217325326752,0.4722560654413653,0.9300454754777802
0.0,0.7955692412967241,0.9352399536020688,0.5425577781820277,0.5437674239184495,0.5353960945686618,0.7036313733769671,0.9162511238080262,0.6691681160927413,0.9687328891017448,0.4727762324500819,0.9266204236702736
0.0,0.8208878624583014,0.9246499951103132,0.5123474205551273,0.5587527267311715,0.0,0.7492824928249289,0.9239986440611352,0.6659643249522625,0.963025872032728,0.4739355905725264,0.9233608680635504
0.0,0.9345650500384912,0.9157283575894434,0.49489466342467703,0.6255598115055802,0.4858528209115655,0.9056491377753187,0.9339471085586272,0.6631424759754126,0.9633817445953198,0.4753154266470256,0.924644275197468
0.0,0.9473098965015824,0.904974124806742,0.4670881523672076,0.6333016702716713,0.5189554408847589,0.9325091881055794,0.958535782538848,0.6603415373645697,0.9583459346089246,0.4785004923308535,0.9861686819441166
0.0,0.8031819348216575,0.8975677303047492,0.4549470109013686,0.517257559420065,0.4226784750428208,0.9452736318407956,0.9515595753356684,0.6578417904305971,0.9457839660671676,0.4781910581307745,1.0
0.0,0.7505773672055425,0.8941778936646559,0.4580023453688049,0.4576771701913442,0.4747075571522095,0.947569843092231,0.905831028401024,0.6552438157395691,0.937204522251424,0.4772593682276709,0.9925596169493652
0.0,0.7926610212984349,0.8897919671713436,0.4649564728430974,0.4217262860696329,0.4511595026584336,0.975698430922312,0.8970812924652046,0.6533060113438832,0.9247854813191208,0.4763769996621151,0.9956135113403866
0.0,0.6926695748866648,0.8836635816520851,0.4628909842933938,0.409006937423253,0.4030575569226293,0.9463975672664866,0.8768257274661134,0.6509610284215449,0.921699252678436,0.478094491086033,0.994016399497673
1.0,0.5930202720041056,0.8825252906905442,0.4761646482923208,0.4034563594160488,0.4503148346493924,0.8602884354833854,0.8605790251978639,0.6487246488104091,0.9138366934275528,0.4767280615230829,0.9675953335946168
1.0,0.5310922932170046,0.8810922692346131,0.4940454422371168,0.4199754140505639,0.4504146506760186,0.8432271855962908,0.8354892433762875,0.6462072002299725,0.9081298570836224,0.4740558653454465,0.9248315232294358
1.0,0.5776238131896331,0.8809574244873465,0.5169624309416295,0.3924493401932341,0.4463967640328857,0.8952138176052028,0.8140889908572383,0.6439587971843103,0.8929255858076129,0.4720773582002246,0.8723834966357764
1.0,0.4789154050124028,0.8785007716516914,0.5268076639406992,0.394485468139448,0.4442401164059085,0.8574783472666877,0.8484885703196773,0.6416495610957907,0.8720576473703122,0.4733836203359277,0.9235105957616956
1.0,0.4726712856043109,0.8765670300498613,0.5258860663646274,0.39204550668362187,0.4632887621189608,0.9851746547522336,0.8675650580449915,0.6397974050007272,0.8567207565440692,0.4723693616608308,0.9441663334666136
1.0,0.4778034385424687,0.8692672227829518,0.5074724700073815,0.3941464748564125,0.4100794171156027,0.8161468001351387,0.8802106618062482,0.6383929742536602,0.8479173697226766,0.4738947356477839,0.9889036732389828
1.0,0.4332392438628005,0.8621469214065008,0.4860304038283007,0.4234694806503264,0.4297414002582512,0.7897643803168165,0.8432515020953186,0.6364421955789051,0.8380701338026452,0.4729943344879925,0.9410910850368944
1.0,0.4176717132837221,0.8564856486157767,0.4782013187268119,0.4154343697285385,0.4233858029769145,0.703790192204059,0.8177834329817388,0.6348424967638343,0.8281991892295265,0.4707973868104359,0.8720535462279748
1.0,0.4306731673937216,0.8511516947554815,0.4674477256606652,0.4216527238615833,0.4297808558891123,0.6770253278246811,0.8122565082609101,0.632366615792089,0.8197960816036359,0.4693608604423616,0.8807306157009801
1.0,0.4105722350526045,0.8459110569988969,0.45015643135028255,0.4618780168468174,0.4211080684521271,0.6642716005029635,0.8473094930459002,0.6295725948376033,0.8129610851598897,0.470822646039065,0.9051489859279868
1.0,0.449063382088786,0.841795864949083,0.4389119393247826,0.4301979925083355,0.4751591936037796,0.7267828273756056,0.8508565505111791,0.6263073462234215,0.8063399522579734,0.4721994442533105,0.8755400882995275
1.0,0.33923530921221423,0.8350202754938222,0.4248929695990912,0.4142115819506691,0.4876336206953286,0.5056583438117472,0.8507877710035419,0.6234080267909482,0.7999686793311135,0.4720531977539174,0.8827285125446661
1.0,0.2316311692755112,0.8345640949650798,0.4295196668939877,0.3827292831680117,0.4545605221699685,0.320819112627986,0.8269114562095613,0.6215703318834173,0.8015111805830423,0.469924789443708,0.8246489550555808
1.0,0.2383029680951157,0.840136119294061,0.43801948459106105,0.3842770832539547,0.4603342121450133,0.2395312769257278,0.781349945222035,0.6194077107808204,0.8036967074758,0.4681673948479828,0.7604008733094794
1.0,0.21135916516978853,0.8476302724434738,0.44507246313685705,0.3535373015950951,0.45956911281963,0.13665345510942584,0.7873239367425042,0.6184748187357493,0.8058705999399288,0.4693250781647776,0.7539330830405309
1.0,0.19142930459327684,0.8628005589314546,0.4786798974915251,0.32931026832008753,0.4569406253287247,0.006842981320510535,0.7412465794477006,0.6170803849257877,0.7995944972513046,0.4666691534255252,0.701857522855802
1.0,0.231203489863998,0.8814629346286871,0.5227584458176273,0.3512472929081488,0.4495907050261047,0.13060076351215594,0.7077460464065162,0.6166360436915799,0.7972095387618695,0.4627765548943085,0.6380773558054109
1.0,0.31827901804807124,0.8944963533799196,0.5570758036946382,0.3655670196114849,0.4070388005751353,0.25658026923849736,0.7825339353177858,0.6157592781880411,0.7991810875698283,0.4748010222703321,0.7650742267890235
1.0,0.3373535198015567,0.9030916948874922,0.5792348915644719,0.3804096126045252,0.4442518986564158,0.017965525613012408,0.8242094041238227,0.614459884476536,0.8040844435193356,0.4779079526310375,0.8165166506763538
1.0,0.3994525703532631,0.9156676710283153,0.6149293230255187,0.4194493896810769,0.4596670911626346,0.022195560887821868,0.7772870414494788,0.612307777232625,0.7968081421047676,0.4723599441865202,0.7380127580726669
1.0,0.46394662560944294,0.9253313609766152,0.6374697061806318,0.4182339607573766,0.4502353004404551,0.04393939393939385,0.8638951800303613,0.6103433620985393,0.7873248220839476,0.4834134493804722,0.8538900403541797
0.0,0.5455478573261481,0.9287770821234026,0.6373512794938637,0.439352470615564,0.4714084665443161,0.26596287368720234,0.9279682042161836,0.6079614297611909,0.7734816714484606,0.490731668531457,0.9346230293984692
0.0,0.5912240184757503,0.9286498718719974,0.6298437208941791,0.4771599803736351,0.510917771847693,0.2887577843330057,0.9447012758598664,0.6053688256757218,0.7648478762207549,0.4897761837251736,0.9547936653726652
0.0,0.6693182790180477,0.9316934534660244,0.6281867337930835,0.5650455200329951,0.6526710947194274,0.6381124135858129,0.9363249143940772,0.6026353756669619,0.7526159318390816,0.4890613983330037,0.9357403871595192
0.0,0.6996835172354801,0.9312342280128424,0.6256918457358421,0.6040595089466593,0.5685396287413702,0.8340847610459877,0.9758190902436268,0.600748398269712,0.7536943783170325,0.4921337423990893,0.9766032357527394
0.0,0.6463946625609439,0.9267952669091368,0.6057302616495386,0.6136163889781304,0.6785981864551457,0.6504358280733393,0.9733528536126436,0.5989324207192391,0.7526641923843913,0.4902680518001351,0.9966251225318584
0.0,0.6686339919596267,0.925073841120518,0.6008396085263636,0.6470743742784945,0.5936104643637434,0.7652539825668768,0.9248976904823901,0.5982053254493284,0.7580819883720237,0.4882654898504808,0.9306189609298424
0.0,0.6596527243178514,0.9189649496186256,0.5921304741623321,0.6815847687215231,0.5964697199274108,0.7469191463781195,0.9250254238537158,0.5967070694622661,0.7566493311472007,0.4868781149531856,0.9560495728889512
0.0,0.6862543837139679,0.9130739537339712,0.5952000570229059,0.7026572102714529,0.6337620787427687,0.6564472497745721,0.9650698357643612,0.5947924766040783,0.7585371755065359,0.4900544623514469,0.9988166923400088
0.0,0.6810366948935076,0.9094662927955764,0.6057950265026036,0.6926467586281301,0.5877234005546714,0.7160672853828308,0.9543746223268104,0.591903131391578,0.7586077135498634,0.4891059718362055,1.0
0.0,0.6268924813959456,0.9041852385331658,0.6056506206187442,0.6693358151917695,0.6949685170082027,0.6864849187935042,0.9413359928076288,0.5895008130961633,0.7578024690066025,0.4876390195896406,0.9985228519195616
0.0,0.6951501154734412,0.8983874209249509,0.6014342509653627,0.6730858129816096,0.0,0.7018561484918799,0.9345464728394636,0.5871218749074313,0.7562890261037697,0.4868455804419333,0.991483087215828
0.0,0.7289367889829781,0.8899896513064528,0.5866241926660339,0.660851205739251,0.6872731820999456,0.7808557323093798,0.9371158787319022,0.5844189239264143,0.7504953678178349,0.4874986782581773,0.9961218179256542
1.0,0.6762466854845606,0.8812341287976307,0.5724217733352985,0.6656027819736994,0.5748305989528272,0.8649297223174486,0.9048926794039764,0.5823320119892199,0.7493946687618408,0.4841212309101892,0.9505720374204664
1.0,0.6564878966726542,0.8755119262565528,0.5596733580341571,0.6532118188168314,0.5713067642791052,0.8245033112582777,0.8977789131855226,0.5802603165038059,0.7466540632577293,0.4815710549027525,0.994210452396186
1.0,0.6386964331537078,0.8708392166286464,0.5454764851683459,0.6816693589493167,0.0,0.7777777777777771,0.8951898560051879,0.5786922317361837,0.7510884267073108,0.4819051081888043,0.9748865070839968
1.0,0.6791549054828498,0.866239963395749,0.5322263952575377,0.7295000519436391,0.5729888615785093,0.9904341427520228,0.8826474215053868,0.575891757221847,0.747841196842145,0.4837169681895224,0.961377125787002
1.0,0.6592250449063382,0.8566955133864133,0.5014620430987897,0.7177969811950429,0.5128426923047124,0.8833013435700569,0.911721501947934,0.5740883060445411,0.7528413222537615,0.4850199843822594,0.9800534730008392
1.0,0.6265503378667348,0.8485181642014591,0.4743030666311133,0.6951507088597444,0.0,0.810191678354371,0.9089555831765326,0.5720801182921559,0.7497857730064388,0.4835918290475364,0.9956640399769368
1.0,0.6264648019844322,0.8429857974616021,0.4569650662361653,0.6945838430626919,0.4509544958867559,0.8421292083712466,0.8942367685422182,0.5705548912907318,0.7463000865768905,0.4855106078307891,0.9955577182682952
1.0,0.642802155504234,0.8386785835219767,0.44889939576988536,0.7075571857627772,0.4980736902281527,0.9656089115348124,0.8828881497821163,0.5674009982159626,0.7295015138708683,0.4843186377721237,0.9811441937913812
1.0,0.5695834402531862,0.8345524301925776,0.439532179166117,0.669880345613918,0.4116707694026097,0.9757505773672064,0.9008936423170832,0.5639516852169942,0.7129343145249409,0.4882226961845123,0.9607213094445392
1.0,0.4695064579591137,0.8320576101223819,0.4315892984295231,0.6108900640322021,0.42292747288340027,0.5278787878787884,0.8849367965453036,0.5601101859678933,0.6938819909911162,0.4866630908604183,0.9244681905139364
1.0,0.5004704473526643,0.8356970371920512,0.4507075716030114,0.5969353873706655,0.4909861216481379,0.5600000000000005,0.8629224412794954,0.5571352463075813,0.6829456103823737,0.4846558086731506,0.8687404816116046
1.0,0.4528269609101018,0.8386862379708312,0.4680846583759864,0.5498355002103412,0.424220074305989,0.6643090315560398,0.8922519884646939,0.5567533196671631,0.6868228563174112,0.486297977974187,0.8967252565593615
1.0,0.4282781626892481,0.8420903096267786,0.4629312613527941,0.5283449978001052,0.5069038659909164,0.5246808510638303,0.8415565785142642,0.5572509203504245,0.6985955488228628,0.4726424274145486,0.8973616261803925
1.0,0.4181849285775384,0.8432923474998338,0.4337409198343449,0.5204210220045847,0.4323836494401524,0.5765957446808515,0.8259288918147473,0.5582998350081542,0.7112400925019748,0.4732639696935344,0.8892936297206557
1.0,0.41998118210589336,0.8415231786091543,0.3906580403242996,0.5220079281275043,0.4598260364254047,0.562470851224651,0.8388152238527332,0.5573012600443584,0.7157194596031934,0.4717192042799716,0.9080701908377404
1.0,0.4133949191685911,0.8370869728648751,0.36048611961773547,0.5114562565188726,0.5006041286318651,0.2872262773722629,0.8433350200688776,0.5555908297939037,0.7183613744252636,0.4686057468791319,0.9139364947005773
1.0,0.4819091608929946,0.8361904147943747,0.3423723285599558,0.5313962477934209,0.4936305164284345,0.3693430656934307,0.8589676195903688,0.5540293719126116,0.7164942903143354,0.46749005351069206,0.9295750952725784
1.0,0.5210845949875972,0.8350350573446758,0.3272051750492185,0.5691836307934003,0.4859143959435893,0.5631386861313871,0.8535340384870473,0.5522539837729948,0.7135965976092826,0.4701820901743598,0.9279731993299836
1.0,0.4569326832606277,0.8306656646248062,0.3015654106346385,0.5461171714640533,0.5035771219865992,0.2912408759124083,0.8648482674933307,0.5502184326928682,0.7079062231738403,0.4682751717892146,0.9392084147081842
1.0,0.4864425626550336,0.8308556727623352,0.28280823560131063,0.5822850482869191,0.5083170007901956,0.2306569343065691,0.8537305513660102,0.5479846114305321,0.7040377258259768,0.4674733232147321,0.9054296226401294
1.0,0.4925156102985203,0.8325053983601446,0.263062044010996,0.5888279828734321,0.4745904853003477,0.2824817518248178,0.829195918427504,0.5454538705481912,0.6998913650455216,0.4681793652596238,0.8704731810435
1.0,0.4671969891369427,0.8349611096636115,0.26759033766634865,0.613965099294543,0.5145392227044566,0.2638686131386857,0.8461058516622533,0.5431577586916084,0.7036678215055743,0.4672552146124303,0.8743352863297567
1.0,0.4738687879565475,0.8386811624244034,0.2822853916828787,0.620499597885222,0.5234651922603067,0.2934306569343062,0.8499820681997946,0.5399730993196817,0.7034273981805028,0.4682252637257798,0.8661795147498776
1.0,0.4600975109058249,0.841737821162447,0.29825520343946066,0.607717084443948,0.464022026824933,0.3317518248175183,0.878741728036001,0.5378197613190446,0.7041126970032261,0.4694944686934488,0.8792141200909934
1.0,0.4370028226841157,0.8451850144965741,0.3012857682500373,0.6371258574490909,1.0,0.2740875912408755,0.8559167571444712,0.5351347188845751,0.6952602496360959,0.4690308891542137,0.8614030852954729
1.0,0.4015054315285262,0.8495029636986194,0.3142522903959377,0.6590424168690696,0.5453363746859586,0.206204379562044,0.8746788242634451,0.5341358199551872,0.6972530988235062,0.4724702473691523,0.8593939128786222
1.0,0.3975707809426053,0.8544131033768584,0.3332595479802932,0.6562485289063659,0.4366827869033921,0.22810218978102184,0.8384369365607298,0.5328235925220978,0.6996493974038079,0.4690643731974338,0.8392558721670305
1.0,0.4052690103498417,0.8590405930888759,0.3588518410710411,0.6642667604846599,0.4861018863690186,0.13573819263666806,0.8261204918717359,0.5322847279831157,0.7089182699056487,0.4709716022217855,0.8265337325150584
0.0,0.44683944914891777,0.8659438324238332,0.3801590454653433,0.6986344601384963,0.4822741683443842,0.33692822610635914,0.8286505951883818,0.5294882859429048,0.7026743998801088,0.4714963047122947,0.8243007801110787
0.0,0.44829355914806257,0.8704645871196629,0.3876620012081521,0.700562330229437,0.5389796769794823,0.4674600223131281,0.9006971294381205,0.5268631048057729,0.6965833229282008,0.4807789072649502,0.8744284281864018
0.0,0.4346078179796424,0.8711141169915716,0.3762138403703096,0.6839287835839443,0.5635557905856611,0.3525474153960585,0.9056836437418018,0.5244004774871046,0.6894930344252231,0.481037549313603,0.8941223662542754
0.0,0.5719784449576597,0.8737871516252763,0.3681054793207129,0.7649363774073085,0.5794807831943243,0.6701375976199331,0.8872703869829867,0.5239873459022558,0.6980410608150759,0.4817204265110345,0.8774015116328168
0.0,0.5723205884868702,0.8770345395090731,0.3870701785737515,0.7644703193950556,0.6007185384384236,0.7813313499442175,0.944106824401004,0.5239506836661955,0.7100607016030093,0.49089627163621397,0.9813086742952049
0.0,0.4110854503464201,0.8812214668929541,0.41917423577125706,0.6373759563593493,0.0,0.8705838601710667,0.922367587165744,0.5230443117827225,0.7185286825870841,0.4898404237816622,0.972265619502034
0.0,0.392353092122145,0.8848120477975353,0.4569582550795862,0.6254062521468401,0.4833832467428642,0.5984810126582282,0.9441903423745632,0.5215671779390866,0.7267844694158893,0.4899301697112429,0.9992821855339272
0.0,0.3383799503891883,0.8827436743347746,0.4626074628695132,0.6311400621020914,0.5760040868247255,0.4303529411764711,0.931903374617414,0.5193985034786349,0.7342106640550623,0.4923421245016845,0.9898674040984188
0.0,0.2708921392524163,0.882867629548795,0.4615623479293194,0.620022173130263,0.5842908765702383,0.2948235294117647,0.9333330058118684,0.5173031449794004,0.7397460148165832,0.4924527466852587,0.9945259873785716
0.0,0.2876571721837313,0.8865447360947997,0.4662930014996623,0.569980251086174,0.5597805991213424,0.31200000000000044,0.92000943261819,0.5153390999759823,0.7483995099178096,0.4910092137639255,0.9927246904007944
1.0,0.4949627682873411,0.8622874162208579,0.6342108748690197,0.37648865942160464,0.5892781135508168,0.4047279977214469,0.5311792246584358,0.9876416516802424,0.3621795260509752,0.5148829710661211,0.8304071745702466
1.0,0.4414367060884803,0.8606330166899276,0.6382455369001515,0.3170520640658545,1.0,0.2053545998291082,0.5503146662474392,0.9869499786981384,0.3734012125176319,0.512543642142056,0.8441504231124378
1.0,0.4733245729303549,0.8605520772672977,0.6317575074905839,0.35048636877969314,0.45326407939136104,0.0514554542781535,0.5056325503932712,0.9871529967170954,0.3794693767671601,0.5132126448304439,0.7967542406112043
1.0,0.5937801138852388,0.8642323606708069,0.6296696778816447,0.4109741787744414,0.40369780548890494,0.15001546551190922,0.4443696603766172,0.98907596165884,0.3873330370821911,0.5125066462338401,0.7553474075666925
1.0,0.529215943933421,0.8674295994005856,0.612717702076052,0.3624228138149872,0.4500757126038911,0.1877513145685121,0.4523529960844807,0.9914210967093784,0.3924143193425438,0.5129254659326258,0.8019024248327156
1.0,0.5059132720105124,0.8712575111025678,0.5941818819969034,0.3919814170037065,0.4193482137152889,0.12805443860191734,0.4652982819861557,0.9922003182759694,0.4032666755754648,0.5137651400301384,0.8346952199046259
0.0,0.5942181340341658,0.8745867384584372,0.5668827065976177,0.4110264455440537,1.0,0.2137333745746993,0.4500587082225904,0.9924233138150031,0.4118320321707691,0.5127758354825722,0.8094539382976842
0.0,0.5885238720981164,0.8768558491635756,0.5417072000279487,0.406893653523445,0.5120807652850435,0.17847200742344524,0.4829353128730672,0.9919582176922468,0.4167895854843183,0.5149566290052425,0.8754822469863516
0.0,0.6313622426631622,0.8804293181812535,0.5325545621225429,0.4407961560475634,0.5486203759763827,0.37162586315128654,0.4838097951844516,0.9911112013477468,0.4144578965020765,0.5150564339747568,0.8669061563175934
0.0,0.7035479632063073,0.884701715608504,0.5599254997474882,0.44453126172015217,0.5933359700471661,0.4704959196484612,0.452490555099755,0.988750172991494,0.404933441998414,0.5130030892648807,0.819282289993296
0.0,0.5573368374945247,0.8870443512269377,0.5736576921128729,0.3887804630928351,0.5834150214114405,0.4328311362209662,0.5130951269718839,0.9856792075852584,0.3896700366259367,0.5136055825052577,0.8716622183993827
0.0,0.6142794568550152,0.8905399821037567,0.5993523039591035,0.3742487052738885,0.600387106502615,0.6330822347771496,0.5378704881871192,0.9824611923581102,0.3763916882470584,0.5154508427490749,0.8637185827946923
0.0,0.6513359614542269,0.8878848527431868,0.5880735339503319,0.397112190475507,0.5956776130461917,0.5420590081607033,0.5695483642759236,0.97969458939292,0.3588682834100462,0.5139864191718035,0.901887245911178
0.0,0.6748138414367062,0.8850645855123214,0.5877137886647584,0.3579889719757122,0.6058893934811285,0.5762711864406774,0.5868316719807025,0.977193783229672,0.3452527061900388,0.5115209181071798,0.9127654730131424
0.0,0.7171265878230403,0.8820236316778867,0.5838699331868314,0.3806963846482795,0.5557244532703097,0.5709353421217835,0.6078929397835411,0.9746587407276592,0.32993605369337065,0.50934756105238,0.9151435040540368
0.0,0.7766973280770916,0.8795667825449391,0.5870756318059729,0.35480071987177736,0.0,0.6230382925298177,0.5998359117460662,0.9725064470425164,0.3221658506259182,0.5088450487599274,0.9034177871662216
0.0,0.8409986859395531,0.8793078313776925,0.6047382398981856,0.4026649687281005,0.6569356639221862,0.9533084311632868,0.6087084682312371,0.9708578865232956,0.3144224056694737,0.5094554826554583,0.9169712991891928
0.0,0.7121331581252738,0.8736669594913136,0.5880629737156347,0.3702669910012184,0.5393840000606347,0.9773062186855296,0.6253629347233342,0.9702160610409002,0.31476821409745226,0.5069432320140335,0.9282100256776756
0.0,0.7514673674989051,0.8686754671768426,0.5707698792389113,0.3895397201776647,0.0,0.9146831530139106,0.5969127826714942,0.9693507330539624,0.3168613912744665,0.5084008223467535,0.9249212593445236
0.0,0.7346473937801138,0.8608738102292384,0.5359019129807188,0.4372466383594889,0.5448836576319568,0.8581143740340038,0.5687082717183576,0.9690483998167128,0.32602733340460466,0.5066086913008683,0.8860189483537194
0.0,0.7701270258431888,0.8547822726563412,0.5253434129885748,0.4543080476798987,0.4811401732748001,0.9386056191467228,0.5657409272460192,0.9690940883700292,0.336038378724192,0.5063489951588641,0.8890673817625254
0.0,0.7704774419623299,0.8474599153289242,0.4984746377105383,0.4547293332217356,0.4574562602037229,0.9146889031430396,0.5337977587706151,0.9700380548412048,0.35215867733349804,0.5075721826914087,0.8864047459428004
1.0,0.7320192728865527,0.8410975444479176,0.4642206544018774,0.43817424844158,0.4681740085341783,0.7625418060200656,0.5113314238831926,0.970740792172978,0.36445026697735294,0.5095618681094003,0.8842607232756113
1.0,0.6427507665352605,0.8399521793464271,0.4452270911028899,0.4420213816066685,0.438843508182745,0.4292084726867336,0.45327660661560604,0.970060217039902,0.3749874147659956,0.5057007176331587,0.8076957132195756
1.0,0.6227770477441963,0.8448048836160913,0.4609278746676558,0.4283723815886918,0.4363651128660031,0.7484206614641385,0.4128833843448017,0.9684221422996876,0.3777485466042,0.5029376121693906,0.7492884880529241
1.0,0.5695137976346915,0.8471556326954786,0.44870990665857,0.3980640705220809,0.4559578319715379,0.7755481233742096,0.4532864322595544,0.9668619232443736,0.3846287879200714,0.5021764514155406,0.7851929620400468
1.0,0.4647393780113885,0.8491185020643002,0.4388614463150824,0.3886456556344654,0.4613297922250286,0.3839184597961496,0.4524266884140921,0.9645147687752814,0.3873269826594175,0.5021516106144432,0.7754721277053265
1.0,0.3766097240473061,0.8536084368664452,0.4610961445346398,0.3979095308820508,0.4433698476622982,0.34098617271067044,0.4271305680696046,0.9628605460350124,0.3882732201694742,0.5004669965841297,0.717760603109149
1.0,0.3719667104686818,0.8579707975122415,0.5019288511060771,0.3965830102516071,0.4341175387023801,0.3830340879521214,0.4209600636701728,0.9613112008853664,0.39119284977665736,0.5037060294739792,0.7146362750926548
1.0,0.3345597897503284,0.8599352362181178,0.5437309500027807,0.3702252134839496,0.4369957880268741,0.24044943820224698,0.43874447921630655,0.9619311675875594,0.3966739674851598,0.5013285643609326,0.7234969705402429
1.0,0.4749014454664917,0.8646330213719611,0.5863712075833791,0.3887163468137415,0.4252663608308375,0.6200172775515245,0.3797070975539063,0.9633993786810128,0.4084151771167557,0.5006057226116603,0.6911848413170246
1.0,0.44424003504161214,0.8621457098595104,0.5865454338223502,0.4215991505795268,0.4356703948662735,0.6170554115759598,0.4319107438503751,0.9653300910017903,0.4080867863527631,0.504275380062184,0.7922068887005578
1.0,0.407971966710469,0.8588541433863626,0.5827633162898378,0.3925995729432978,0.43979305838900973,0.4216611609249648,0.4375899660523999,0.9643234699445472,0.402815381627606,0.5009851539342995,0.7940916047914793
0.0,0.4346035917652212,0.8565312372545557,0.5548758905513788,0.4115153238969929,0.4627207683322173,0.3841434638980645,0.443603260148662,0.962730388383318,0.3869161991400325,0.5015301084831307,0.7675980621576837
1.0,0.44467805519053855,0.8552465987634084,0.5422855675196829,0.4168988342428703,0.4654444772109854,0.26616328456819194,0.4484030872173288,0.9613664079880012,0.3770619899170157,0.5018177252033916,0.7894746828237855
1.0,0.4015768725361368,0.8559731883259107,0.5256825920911624,0.38159120629109866,0.4755703287538373,0.14487966021708326,0.4120531174311836,0.9613035843758531,0.3720499153218565,0.499273827058871,0.7411740895809354
1.0,0.4683311432325889,0.8604043602171942,0.5631437104587135,0.3795757603849288,0.4582267744107164,0.2137800849457292,0.3589504247134596,0.9615754470569025,0.37630658053835264,0.4990887999761262,0.6836017050988525
0.0,0.5830048182216381,0.8646557520653144,0.6006952803895262,0.4026949248198463,0.4411212526373408,0.5002359603586596,0.35075583766071045,0.9618387430049076,0.3885249483840766,0.4984410563459755,0.6917224281214819
1.0,0.4755146736749892,0.8640494535481384,0.5936069035029212,0.3692024720526441,0.4458510312773539,0.3100519112789049,0.4310510000049128,0.960952912408882,0.3875160275762154,0.5006741365747782,0.78372566629141
0.0,0.5021462987297418,0.865708712257653,0.5723441686030384,0.3440028900785704,0.4630018319103459,0.3121755545068433,0.3879360743604733,0.959195334772932,0.3904611944737912,0.4976068870458527,0.703271057591358
1.0,0.5422689443714412,0.8663413248194698,0.5300106232141715,0.3740165381080696,0.4662330008917216,0.20009438414346434,0.4166171290450947,0.9584117257232364,0.3915656023990453,0.4997635782440013,0.7464930366697448
1.0,0.5477879982479195,0.8697339706295446,0.537256986675154,0.3779341503862663,1.0,0.16833810888252182,0.4432593626104773,0.9562938009423021,0.3875846382453305,0.5017454542195628,0.7880516589296331
1.0,0.5071397284275079,0.8757583421780926,0.5705664651235743,0.3955624148143063,0.496639490929553,0.057843137254902276,0.4178698986484827,0.9547959752442524,0.3774541518007805,0.5000831073054021,0.6948467561379766
1.0,0.5228208497590894,0.8860111161282005,0.6450688364516076,0.35859444849974154,0.4445090605936901,0.08774509803921668,0.3830527293182477,0.9532170298998658,0.36851322341166304,0.5010190817910601,0.6829882236867073
0.0,0.5505913272010508,0.8968100073453371,0.7334990478865234,0.3779552290869189,0.4848620209022488,0.18848167539266872,0.3597708659831293,0.9529907812369104,0.3683145086830443,0.4992774808311167,0.6438772025247608
0.0,0.5907139728427506,0.9061795281284096,0.8203293226892507,0.4079288217157812,0.44990086018195335,0.3982137357560813,0.4663791028204515,0.9509140321037376,0.3464858100533881,0.5037960633249753,0.7612545378650849
0.0,0.5399912395970217,0.9125649077615384,0.9140460634123992,0.37236570776535494,0.3993163476872577,0.5414228518632584,0.5441982028897221,0.9470343526872936,0.3177468128792437,0.5061223663419754,0.8290853434863454
0.0,0.5798510731493647,0.9148362769731742,0.9696376319211221,0.3998577240572867,0.42471965237741294,0.8361564521096397,0.6046799542124988,0.9444074546103428,0.3001618919029612,0.5071631458824287,0.8599997470179741
0.0,0.7083661848445028,0.9106718621132774,0.9809575905851796,0.4356217150960916,0.4471573620737878,0.8797240551889624,0.6414671651543363,0.9418736226241744,0.2984834553561692,0.5096290182918909,0.9396258395840976
0.0,0.7200175208059574,0.902637671317586,0.9452626697543004,0.4425952828778197,0.4875734896520547,0.8551289742051593,0.6668517162943568,0.9400609093420206,0.2980259127217736,0.5078923994323954,0.9493466739188179
0.0,0.7527814279456854,0.8958954989833279,0.9168905639691662,0.4611911706369916,0.0,0.8392321535692857,0.6847638652118164,0.9364350814792431,0.28877520694555936,0.5055599611372485,0.9612368291232908
0.0,0.825580376697328,0.8896177058919119,0.9007452018816512,0.4522290660648497,0.5570217724729306,0.9406118776244744,0.697645284427828,0.9351317517826676,0.2930966837163511,0.5066448251719465,0.9546592964569866
0.0,0.7758212877792376,0.8807546936151585,0.8577850185455315,0.4747744428131233,0.5241117193962822,0.8509298140371917,0.6878294661236356,0.9337452681902416,0.2965901801847713,0.5053140389756553,0.9959522875899663
0.0,0.7809023215067891,0.8746468199898723,0.8200498023885212,0.479101967285232,0.5412442841828613,0.7120575884823026,0.6603225758908171,0.9350167108339285,0.3139360947397508,0.5036208800367877,0.9997795650082829
0.0,0.6826982041173892,0.8688192138035105,0.7680132157334499,0.4674242820340046,0.5201273039198427,0.5275944811037789,0.5869102771322876,0.9354718102280264,0.32500500200086635,0.5013951488867169,0.9912634591795008
0.0,0.6944371441086287,0.8667221603471282,0.7492708432440311,0.4742369596923007,0.548226587229479,0.5209958008398309,0.536509636500302,0.9373300988130708,0.34705579239372264,0.5013918885059963,0.9434510017718409
1.0,0.6483574244415239,0.8609275826216272,0.6808531100358385,0.4976847123577855,0.53418601534176,0.3800239952009589,0.5326530712506568,0.9370246681956051,0.3565692909434077,0.5009365210650623,0.9655308709281716
1.0,0.745860709592641,0.8573088900719139,0.6222095809426422,0.5546260233249272,0.5144173466263723,0.4497117477124348,0.5155220610270743,0.9366922236420588,0.3654942787406419,0.499796427246016,0.9324246967425374
1.0,0.7830924222514233,0.8562305828223475,0.5629272808973195,0.5323423728011419,0.5164320035910812,0.6079711776626883,0.4989609381524839,0.9359763605487288,0.3734863103689071,0.498415714317061,0.9340261687338146
1.0,0.6198861147612788,0.8550333529996057,0.5453491653344736,0.4758716472964967,0.4431132076071877,0.578293289146644,0.5186760927344278,0.9357428391031648,0.3866110019252715,0.4998391081544306,0.9707509881422924
1.0,0.5546211125711782,0.8565215465097693,0.5741812371376055,0.4389260118200259,0.4527596367027346,0.38504556752278346,0.5149767377879527,0.9340188706907578,0.39553106561189255,0.4995213256266453,0.9729726046067869
1.0,0.5081033727551466,0.8582487864745718,0.5806444147534187,0.4622024560591325,0.3501474743989709,0.3527340513670253,0.5024490417540739,0.9321529911506172,0.3872077037111601,0.4987492390006775,0.9350415701240284
1.0,0.5457731055628559,0.8604585889079104,0.5857072920119445,0.43461399993734,0.4219704627766814,0.3740679370339677,0.4930508133176781,0.9298013559256284,0.3739888721154549,0.5017541759005794,0.9271091726863842
1.0,0.5875602277704772,0.8611654732448633,0.5611494266625766,0.4580282596840224,0.4829756688633223,0.3622618061309023,0.4816628919817834,0.9279504971339428,0.3645651399549629,0.5010143511587705,0.896558538912362
1.0,0.6732369689005694,0.8613465954538178,0.5420488594398493,0.4562133661188755,0.5216604240867785,0.5217481358740682,0.4685309188450938,0.9261869453189668,0.36740090468244346,0.5000941059445545,0.8739948207714321
1.0,0.7547087166009632,0.8592068405125071,0.5094440702840649,0.4468528090476389,0.5638590824938862,0.5679370339685165,0.4772413522051203,0.9260399855803804,0.3757866225939719,0.5007457102499254,0.8898528008722911
0.0,0.8463425317564607,0.8534891677622609,0.4388874920087025,0.4565826094393911,0.0,0.7841756420878206,0.4554087713523525,0.9254973054089398,0.3817339675961916,0.4989215272272374,0.8972127572577342
0.0,1.0,0.8438379903358206,0.3597860420569168,0.4821851283036285,0.5737984003536991,0.8919783956791363,0.4562390382659701,0.924363090670345,0.3862672060490453,0.4990391361698044,0.8832288401253916
1.0,0.90407358738502,0.8313469361053223,0.2673451477326411,0.4460791358193807,0.5020687792410993,0.9040690505548707,0.4767107674319208,0.9215762221590416,0.3818780150436272,0.4968995783637091,0.8957339512062151
0.0,0.8416119141480505,0.8254042382928417,0.2192686529486258,0.45591564048856104,0.4564894109311154,0.8517791411042941,0.4399088180241612,0.91755547719035,0.3691193338551194,0.494294936807014,0.8237767479896415
0.0,0.8261060008760401,0.8205002637972405,0.18649560101359225,0.45012429063831133,0.4989847788474199,0.7469938650306748,0.4668949491277285,0.9146545019112768,0.3599232351567643,0.4965109093646173,0.8063172958975059
0.0,0.7797634691195794,0.8161445252811641,0.16018589709077655,0.4834665407685783,0.480298002861894,0.6260122699386501,0.4341264265606808,0.9119164689769054,0.3511248794963626,0.4977064140426675,0.7724955703966201
0.0,0.7905387647831799,0.8149680262269177,0.1508251813212147,0.4918209206686023,0.4744901657220899,0.6987518002880457,0.4052095564213037,0.9114361780229088,0.35274846280466376,0.4955580909391003,0.7157012402889464
1.0,0.7085413929040738,0.8141264800291206,0.13531517578675256,0.4888867565547662,0.4817657576588997,0.57369179068651,0.4318026617669458,0.9107393515047414,0.3553603632656702,0.4976111889231361,0.7698855117895598
1.0,0.6728865527814278,0.8164829827189393,0.13110411273932354,0.46064206598874397,0.5014705014685016,0.6951512241958716,0.4356051859748761,0.9102988049869072,0.3592588724181224,0.4942056180849842,0.7705601744582253
1.0,0.6056942619360492,0.8155456121110845,0.1093732576363302,0.4691586771871366,0.4704451921215766,0.6577052328372541,0.4463151378783485,0.908903113079778,0.3612660757289139,0.495055708665746,0.7862545999727406
1.0,0.6346035917652215,0.8169726033227875,0.10330896283256097,0.4346457963822157,0.4529620348368822,0.6711473835813733,0.42813278375231534,0.9074406262830316,0.35586270321800817,0.493732891900545,0.7458566171459724
1.0,0.37722295225580416,0.8179434643458587,0.09273233907783818,0.34729510390472274,0.51298949831223,0.3811809889582339,0.41698067787117626,0.9057930563054508,0.3534458735130903,0.4928933601922876,0.7262709554313753
1.0,0.31204555409548834,0.8271816773048222,0.13387174699815602,0.3692881142585045,0.5293168351218533,0.3643054277828888,0.3672678323155599,0.9055891792337708,0.3606139574011201,0.4889760012919554,0.6456930625596289
1.0,0.3873850197109068,0.8333133336770062,0.15443752846853653,0.4018884761348343,0.5244786595994232,0.5946047915487643,0.34912969358729345,0.9063606378840322,0.37549479970289423,0.4874189107602656,0.652139839171323
1.0,0.3916776171703901,0.8298443320552462,0.12034840743456887,0.4037182806492327,0.5093466564044706,0.5138696255201114,0.3698224997420768,0.9066304708019668,0.3883580718522817,0.4890780969859064,0.6974717186861114
0.0,0.500043802014893,0.8275076772251018,0.10304133889785776,0.4138062744934621,0.5178111335215801,0.5788834951456315,0.3828709549052072,0.9064287662884244,0.3960462277605389,0.4901725350199325,0.6871064467766117
0.0,0.3787122207621551,0.8231468656051482,0.07377045810822502,0.40825534277483344,0.4889002050619043,0.5221914008321773,0.3947894610143015,0.9053514404157508,0.3998284357510196,0.4910812658404163,0.7261823633637726
0.0,0.3310556285589138,0.8220359079780064,0.07787116811763584,0.426534877316937,0.5314260112141865,0.4296116504854372,0.4044235049054528,0.9060787799640077,0.4133184878613197,0.4918691358917499,0.7250715551315251
1.0,0.3187034603591769,0.8217549871329437,0.06282210601647943,0.4173778454652244,0.5211412640355034,0.3935506241331488,0.3364202231403741,0.9049158173175316,0.4130649161615235,0.4900435248345068,0.6704988414883466
1.0,0.22260183968462569,0.8231247375196321,0.05553779798892045,0.40416824038901855,0.5083953373536343,0.2709778085991683,0.3372357515880697,0.9034348682909399,0.40675962231656415,0.4901602220311472,0.6293716777974646
1.0,0.1849321068769164,0.8289536194062603,0.06963872723591613,0.4432878028719592,0.4766215641591704,0.2622427551448968,0.3398493728782748,0.9005173007551112,0.3877162440934221,0.4904190912082492,0.5978601608286764
1.0,0.038983793254490084,0.8346651708252018,0.07840506439331868,0.3520255842385244,1.0,0.049967658473479996,0.34695331345278024,0.8983390407237725,0.3726386234005065,0.4910216439569127,0.5922516014719909
1.0,0.024529128339903727,0.8466198519919821,0.11857633144443115,0.3874023344494853,0.4724399964390414,0.02328725961538437,0.2880338395177576,0.8957194725996119,0.3595310076933221,0.485997611681476,0.4893757666621237
1.0,0.0411738939991243,0.8594807156908484,0.15046022492094147,0.3958003056385753,1.0,0.0905749358485332,0.35776643461770874,0.8937169562977799,0.3508677961665204,0.4883419647744216,0.5352119394848028
1.0,0.023653088042050352,0.8703782052887921,0.18415124749216225,0.36052936375567496,0.5473308072013611,0.055122418273833976,0.39991353433325627,0.8926098722607155,0.34684411592682873,0.4882717955050132,0.5830039525691697
1.0,0.0765659220324133,0.8825459782581537,0.22071854235015465,0.3740629693500928,0.3404542418705877,0.0600465052660373,0.3748434037995766,0.8918551246853271,0.3439907260814954,0.4898046215588602,0.5665121984462314
1.0,0.10959264126149787,0.8960279738911427,0.2778843948729965,0.3498625274884076,0.5162415405745086,0.0029647198339755217,0.40884995750408987,0.892050932982858,0.3437175060483174,0.4890434472504544,0.5830039525691697
1.0,0.13359614542268938,0.9118685233754056,0.3446531183738165,0.3599768183905709,0.4201523404085762,0.02952483469168015,0.4045905408525709,0.891926214419753,0.3427521084554899,0.4886106842799303,0.5960610603789012
1.0,0.19159001314060486,0.928226421276138,0.4271109073391981,0.38522991117365707,0.3463477896915657,0.01063049853372509,0.4020800888238212,0.8909334954581068,0.3382157670740238,0.4883593711304875,0.6032233883058469
0.0,0.2336399474375822,0.9417194575375288,0.4912837740465698,0.4049996048440436,1.0,0.12261730205278587,0.4832251693695376,0.8895453175368554,0.3332464962924723,0.4916168436641348,0.6569578846940167
0.0,0.21524310118265427,0.9540386003068712,0.5497241252652404,0.3786757101469487,0.27438236358809776,0.0723973607038121,0.4999484153692722,0.8883536832734008,0.33231799897769176,0.4929977140936515,0.6864794875289626
0.0,0.3350854139290406,0.9689128711635036,0.6245892823231087,0.4421295000749916,0.360698096592204,0.048285714285714224,0.4411075465858345,0.8893645003090763,0.3435061935299686,0.4917603536412383,0.6324860297124166
0.0,0.3831800262812094,0.9771895566857124,0.6562209992882388,0.4732003060513108,0.4016196825495612,0.2597142857142866,0.4898820431444025,0.8914295082385079,0.3614352991774944,0.4957421028872048,0.7220253509608829
0.0,0.4629872974156812,0.981823277651556,0.6872295849154108,0.4867329033395963,0.3522110573463054,0.4620000000000005,0.5025915135913219,0.8942960785249082,0.3834847735356708,0.4966009290630462,0.7729317159602013
0.0,0.4606219886114764,0.983331340719769,0.6970356771337124,0.4826697778815371,1.0,0.3942857142857147,0.4467916816098335,0.8966973874118301,0.4068567695459243,0.4953938353540792,0.7651219844623138
0.0,0.379588261060009,0.9849297099416524,0.7592020666443595,0.40612248441672105,0.35281599187431195,0.1480000000000002,0.4109329940210957,0.8965438401631062,0.4069541651642597,0.4962025600480349,0.7290786424969333
0.0,0.539027595269382,0.9909572840779424,0.8292415868118159,0.5468226550025279,0.4854031488062433,0.2750565184626965,0.40951318847058976,0.8940435126043457,0.39444065881291934,0.4962746411609034,0.6697969197219574
0.0,0.5565484012264565,0.9914985412759167,0.8721506911793486,0.5181375661402756,0.5224726217718295,0.2736215317705193,0.5181012925634612,0.8919397844212121,0.3807171752540132,0.5015629693907931,0.8031688701103988
0.0,0.5862461673236968,0.9939288605656488,0.8926476878572256,0.5525621190082243,0.5733093612298858,0.019306930693068644,0.5048661501653164,0.8896648144313529,0.37497712822563145,0.5003373698253408,0.8038639771023577
0.0,0.6113885238720981,0.9971109489232493,0.9333921212825392,0.5808538151214614,0.5679631970488416,0.30554343081623786,0.5479515988779113,0.8880566927503578,0.3748029323347437,0.5002594016372464,0.8229112716369085
0.0,0.6506351292159441,0.9993062734823956,0.967990489302902,0.5822360619511302,0.5693273675381431,0.4923614142295936,0.5546772521604135,0.8836237221187632,0.3567433626637009,0.5007744815840817,0.8379378492571894
0.0,0.7068769163381513,1.0,0.9877569535023171,0.6106566924152714,0.5390755392983384,0.6730685290266252,0.6672545676962303,0.8797216716046318,0.34474248278668784,0.5064833377915228,0.9201921766389528
0.0,0.6885676741130092,0.9985242570972508,0.9776130531189022,0.5792033793750668,0.0,0.6778699257965951,0.7110622012390136,0.8773377306278106,0.3425806748666941,0.5064066789933458,0.9612034891645084
0.0,0.7256241787122204,0.9980002846578324,0.9823963903667638,0.584788182758376,0.5423339949517767,0.8123090353557391,0.6431227861595981,0.877247404222797,0.3549358913434193,0.5039626807944729,0.9405002044432328
0.0,0.6972404730617604,0.9944010935843146,0.9796647920504014,0.5878849490655801,0.5448563603355141,0.8173931882396464,0.6293423205223312,0.8766975589510021,0.3623514243119814,0.5064800147900976,0.9341420198991413
0.0,0.691984231274639,0.990801768108611,0.9837131034777316,0.5846831346214956,0.5425553219294559,0.5714713735581041,0.6802637202835677,0.873022022205694,0.3492957760794213,0.506964638676507,0.96579721219647
0.0,0.6861147612790192,0.9880621342745745,0.9894195622233284,0.5796473016942632,0.540589382362359,0.501949035413685,0.6935086883256611,0.8711559048070182,0.3464067801342846,0.5082500835766249,0.9491768269801526
0.0,0.7256241787122204,0.9874228558961642,0.9998542880106348,0.5762791756452134,0.5111986735947148,0.6031565816894351,0.6355865172513743,0.8690790634239348,0.34214538878439915,0.5027965071434312,0.9503162376251136
0.0,0.7383267630310995,0.985305988572894,1.0,0.5982224419331368,0.5284689062793743,0.7293452234057446,0.6726046308259926,0.8691438451284822,0.3472105395906557,0.5021298460171558,0.952861148826134
0.0,0.7924660534384578,0.9827256385962392,0.9981942372096669,0.6049943989975535,0.5139182360309253,0.773032568749207,0.6611577556264089,0.8695624672711685,0.3601487758770009,0.5008393620194007,0.9746873443544588
0.0,0.7825667980727115,0.9796437612218436,0.9933926814296484,0.6420425618016111,0.4766486210130957,0.7773638163127391,0.5877700209777498,0.8683161195520642,0.3617194359805965,0.4981327674460186,0.993018928636383
0.0,0.7779237844940866,0.9763910077805696,0.990080237692624,0.6286757176198461,0.0,0.8856051046830798,0.6339014193142679,0.86873503670035,0.3761015385639472,0.5021791785519819,0.9606444107589802
0.0,0.8452036793692509,0.9729461605214721,0.9924361423883784,0.6465167878058671,0.4681963685679525,0.9871626275909569,0.5665908454475332,0.8688481991934284,0.3842011051872184,0.5000526123234235,0.9596855501110444
1.0,0.7548839246605343,0.965847869607014,0.9743858071719,0.5627921626909566,0.4906315229929363,0.9513028895768836,0.511483721364389,0.8720083331584382,0.4085524655340299,0.4954587276919483,0.9649874854584553
1.0,0.7844064826982041,0.959962338609885,0.9715250614134932,0.5840097089624341,0.4120997901454981,0.9607265586647028,0.5059224068897418,0.8721761381976602,0.4160770562973791,0.49878581052762105,0.9995068307619832
0.0,0.8210249671484884,0.9480850715915976,0.9089513874512852,0.5588685853708778,0.4792849817599734,0.9855826710739144,0.4845074159047696,0.8716952449691046,0.4211351961042942,0.4973419330315912,0.9859175256165831
1.0,0.9477879982479196,0.9367728995911128,0.859307891600035,0.6343224324804816,0.3392799543260564,0.970775571375048,0.4503240006091901,0.8712841350371344,0.4297158391478765,0.4945526599488297,1.0
1.0,0.9047744196233029,0.9272792330568901,0.8190387930385693,0.6412230815591876,0.30757961383426896,0.993480294189187,0.42957224059071797,0.8710784246795863,0.4414582073458878,0.4930978391639168,0.9817780360255668
1.0,0.8830486202365307,0.9225497805278132,0.8235527184620739,0.6327060681009962,0.4049625760014522,0.9000230326684234,0.4334877597040516,0.8693101916751459,0.4441854519571122,0.4896812689329903,0.9950352777190468
1.0,0.8970652650021902,0.9175245888847054,0.8252948329488623,0.5951695411304169,0.3668571300382276,0.9322977046139588,0.4180614987054712,0.8687743030438005,0.4516535946819288,0.4885814023727938,0.9765462455078492
1.0,0.9379763469119576,0.9121787981853487,0.8085798025004843,0.6152671486169143,0.3761760218918069,0.9280276816608994,0.4020948272897432,0.8677820368724097,0.4561024907740915,0.4872754021718458,0.9972653048357604
1.0,0.9064388961892248,0.9074142884242088,0.8081285870254703,0.6418361254515565,0.40171600904830107,0.8879668049792535,0.41005851170971136,0.8649820180052606,0.4479710412668296,0.4879023393225425,0.984671521341656
1.0,0.8745510293473495,0.905325621405126,0.8144342287080141,0.6028540773910457,0.39913261295445146,0.9336099585062244,0.4357820475659424,0.86068824290037,0.4324404446244202,0.4899425499386785,0.95663892566673
1.0,0.8148926850635129,0.9014145606896596,0.8345024199735227,0.6002273226224782,0.3977370242714632,0.9106957424714434,0.4559098791937079,0.8563138393484516,0.4140051797224517,0.4877535988827285,0.9747178614210958
1.0,0.8574682435392029,0.8962016741669392,0.8277728306699391,0.5792791304801761,0.4411329090011996,0.9798107255520508,0.4371379864307858,0.8525823449404429,0.4018668290520983,0.486498133704486,0.9896087706415752
1.0,0.8317126587823037,0.8884048159114353,0.8056494105668358,0.5688506838413706,0.4172750908788016,0.9412698412698406,0.4542100427906791,0.8484110546893927,0.386643844622394,0.4878674826806054,0.9759985655492746
1.0,0.7944809461235214,0.8816937410181793,0.7835041547806528,0.5911442047536363,0.5062491683286997,0.9040816326530609,0.42955258930282136,0.8437887470625999,0.3711734134496004,0.4861697371865194,0.8890862207346433
1.0,0.8012264564169953,0.8763896066096328,0.7723599550670692,0.5956149885820159,0.6117804266575205,0.8800861656294879,0.4285700249080073,0.8416193478706254,0.3677803058656063,0.486250583758633,0.83327925681791
1.0,0.7797634691195792,0.8718699639096443,0.7692004179292486,0.5768640512356952,0.5222308707341164,0.905457156534226,0.3975455541417546,0.8411592677477139,0.3746906492889596,0.4873841006814388,0.8290271350262131
1.0,0.7055628558913709,0.8668864283408141,0.765111940157289,0.5809637400348757,0.5512896483334139,0.7888942077549069,0.4135220512014305,0.8427683105013591,0.389389588842974,0.4885821016650253,0.8788486825253162
1.0,0.7282522996057816,0.8639388742626886,0.7847048662710931,0.5443201260174679,0.6127540111179525,0.8006223073240777,0.3796874462660096,0.8418683794876629,0.3876805970190113,0.4896142833313773,0.8537116412507045
1.0,0.7257117827420062,0.8599768709839366,0.7978782751395539,0.5409896793884234,0.5932131323763387,0.8999521302058401,0.4222079204515866,0.8388694683904846,0.3763443078850925,0.4892545975217111,0.8769873119418026
1.0,0.6534384581690754,0.8539204368634703,0.7911977682936259,0.5490365141986395,0.6196253842794911,0.7618477740545706,0.5268903310750728,0.8351814939617758,0.3605171944584712,0.493728634292148,0.9858262606943424
1.0,0.7413929040735872,0.8491200751766399,0.785148357812046,0.5601638496742652,0.6407945748177224,0.9600287218764956,0.4580027413546614,0.8328045172576625,0.359429900910524,0.4922939745739936,0.9382820008237608
1.0,0.6911081909767847,0.8392721694590459,0.7590127825791072,0.5810997946844241,0.7186935379735943,0.8585329100151421,0.4540086170897427,0.8317296683705023,0.3659584792029905,0.4918832794208289,0.9585556725092677
1.0,0.6637757336837496,0.8312910664203046,0.7387685468739156,0.5646584230361823,0.5635509067334322,0.7705481574010048,0.4568138384369364,0.8304642758352537,0.3736044803295616,0.4922128413409267,0.9264289963846049
1.0,0.4718353044240034,0.8236582519860534,0.717935862300233,0.3783246349723259,0.4320063909391414,0.3281677301731996,0.4576932335702954,0.8271795349152871,0.3683357951451155,0.4922689435326801,0.9321953228685188
1.0,0.5151116951379763,0.8248525254247936,0.7270036702812717,0.3756992738987443,0.4711798828610093,0.4379216043755692,0.4629597787264982,0.8229760817689175,0.35202045829376283,0.4929063601376166,0.872234680334996
1.0,0.5334209373631185,0.8244849715355076,0.7399685825848743,0.39702581950475613,0.4803014613827946,0.3803099361896081,0.5080545716264878,0.8186378740979242,0.3374704218898886,0.4929281193953516,0.8776165850533156
1.0,0.542969776609724,0.8241298857934005,0.7457311936196372,0.4077211520320813,1.0,0.3595259799453057,0.5061434838785747,0.8142979181921043,0.3176686869847967,0.49282963971108,0.8639970710722619
1.0,0.5438458169075779,0.8262504701308611,0.7913181398526004,0.4078170387810415,0.4949122642265174,0.18195077484047428,0.5324074301519532,0.8100005040494699,0.3006748325693719,0.4951208131984407,0.8460299299803211
1.0,0.4930354796320632,0.8296269612164942,0.8338623529857869,0.3659177963914365,0.4329492375129028,0.06342869815923734,0.5293762189939525,0.8092091718486106,0.2990054933802868,0.4952929053417315,0.7620337741979775
1.0,0.5985983355234342,0.8346826594505006,0.8996284405430099,0.4146401623014275,0.4165514939665649,0.24846248462484696,0.4490122771421129,0.8115082426393202,0.3175614059716733,0.488136835360738,0.7633060271841103
1.0,0.629610162067455,0.8346509214194766,0.9156987477941512,0.4454820917157226,0.4401862427448613,0.526937269372693,0.4340183444772512,0.8134435154382093,0.33348110954720755,0.4867376130839844,0.7996613427303098
1.0,0.6575558475689879,0.8338390601144774,0.9005121179598784,0.4707862399107055,0.4336219863234831,0.4585928489042673,0.5102407774049492,0.8151422768397353,0.3518603225130448,0.4891976398355828,0.8435586472015011
1.0,0.6261936049058257,0.8337170022450107,0.8789170322566981,0.4919978960480956,0.4500590395577532,0.3616287094547968,0.4357967860318642,0.8173869272394364,0.3745465492438905,0.4829128014551648,0.8496819367534663
0.0,0.6265440210249673,0.8348509533179254,0.8561394393617956,0.4919698031703968,0.4761666032505568,0.48171152518978705,0.3903384443057937,0.8223496950428019,0.4117809321282081,0.479232881549156,0.8641984348542402
0.0,0.6320630749014455,0.8350387594784598,0.8762294344025883,0.4975095185409002,0.4508636520848224,0.30365769496204364,0.3627971643191569,0.8236403688575223,0.4279266821214307,0.4808512265819585,0.8386160816438609
0.0,0.6514235654840121,0.8363244057310664,0.9055858897330378,0.5181727340672004,0.4081524869191017,0.4900197411713098,0.3787147075151439,0.8240053826329853,0.43889280524874,0.4783485420616788,0.8436867877900327
0.0,0.6801576872536138,0.8362829653302697,0.9559368363940016,0.5521927090309287,0.41658978950308456,0.7131367292225211,0.3671106220123903,0.8243392184993831,0.4454508775342063,0.4773980763310982,0.8739645782801704
0.0,0.7002190100744633,0.8331951731390934,0.9621833252787988,0.570039882041796,0.4057839636485611,0.6380697050938341,0.3606699124043841,0.8232504453674431,0.4429074326787089,0.4768814540264836,0.8879044437325522
0.0,0.7919404292597461,0.8307800865134316,0.976039094398688,0.6138215215610558,0.0,0.7967828418230564,0.3934924760131464,0.8217145670854676,0.4314417969872753,0.479408320606241,0.8627705825820327
0.0,0.8069207183530441,0.8272496073673332,0.95732580811421,0.635893566301639,0.4123017110855175,0.9028051554207738,0.34620656451272186,0.8208673169839732,0.4294653184751066,0.479574924217506,0.8079172577914058
0.0,0.7693385895751207,0.8224110320240314,0.9439240923600648,0.638086145959919,0.4192022393805429,0.9201708278580829,0.3307360881163747,0.8214456684281203,0.4364926705737455,0.4783689235563176,0.8350006864674381
0.0,0.8197985107314936,0.8172103804894588,0.9114503320568896,0.6255404041074787,0.4056596708802626,0.9290407358738512,0.3376729927437621,0.8206673981109266,0.440472271164826,0.4789002839317435,0.8181227403780147
0.0,0.8478318002628121,0.8115789918307841,0.8782536704974597,0.6426674176597846,0.3796586556938826,0.9607268464243852,0.3524802381736092,0.8184452406776659,0.43407531377556696,0.4762980226996654,0.819651274541211
0.0,0.8042925974594829,0.8053913861241401,0.8439867646222334,0.6324782552096955,0.4213262922514248,0.9748803827751186,0.3528044844238977,0.8166811374360526,0.4305453720824126,0.4763358674767772,0.8075145302274493
0.0,0.8366184844502844,0.799688437877025,0.8296772095812426,0.6514001990057474,0.458140738677357,0.9684243763814336,0.3529911716589124,0.8138219163003707,0.4228014373964904,0.4763579473503994,0.8003386572696898
0.0,0.8070959264126152,0.7927937210807989,0.8175808306167641,0.6367801550850463,0.4472453885306577,0.8744868035190624,0.3974669489901692,0.8115764950597172,0.4150387557121191,0.4760283381592553,0.8050249416502673
1.0,0.8017520805957072,0.7874712008791982,0.8351927724128927,0.6344399673965732,0.4784777107932544,0.8258064516129032,0.3485450677723793,0.8088242380143714,0.4058793838018343,0.4760882746847229,0.7287721385748938
1.0,0.7865965834428381,0.7804235573359871,0.850870513122634,0.6275433518826931,0.0,0.6938832772166097,0.3625220462886087,0.8076939794709582,0.4018583556989249,0.4771626351700967,0.7266029014690405
1.0,0.9384143670608848,0.7756221221591844,0.8682311183261955,0.7094895517450941,0.4865958573161849,0.9100830367734276,0.3655434318026619,0.8067034942462276,0.4058917946505435,0.4774090740312862,0.7164614891766969
1.0,0.8672798948751643,0.7663202887788061,0.8408894159453295,0.7030468836121924,0.4669570386086847,0.8877902186030731,0.3916649062387926,0.8066808723206421,0.40992661361434135,0.4793585456799765,0.7869296599697955
1.0,0.9274638633377136,0.7608805066267492,0.8011013551744629,0.7061905649762162,0.4276196318844352,0.9620842056292164,0.3547155721718112,0.8062277262756766,0.4128726905830923,0.4802845967290337,0.7335133403505565
1.0,0.9008322382829608,0.7577855178256527,0.793663903090273,0.6962502606296463,0.4712350420207131,0.8385671086299141,0.3564350598627357,0.8048805051282998,0.4073175059906176,0.4804437704361034,0.7123243787469681
1.0,0.7159001314060447,0.7574518717177461,0.8114388148274556,0.4899416258642016,0.4609384277207008,0.8733223853164521,0.35020068877764066,0.8027264383881053,0.4065351617604696,0.48000482737615,0.6722529861333578
1.0,0.7316688567674112,0.7577012631191031,0.8594866136395853,0.5014278848016044,0.4554492059770161,0.9325153798140372,0.3404634756250336,0.8002681271862474,0.4058004956536421,0.4792821696660241,0.6294448766646833
1.0,0.6982917214191852,0.7513514525400786,0.8450053925894184,0.4837250462467719,0.4547322001710034,0.9343152297798644,0.3444772511778489,0.7970790583291737,0.4031164110327419,0.4796408146183354,0.592650221957805
1.0,0.7336837494524748,0.7457401160965944,0.8282206611332834,0.4532148682033238,0.0,0.9680662974819104,0.32485544021341284,0.7951824417575138,0.4032293787751856,0.4781208881475724,0.4874467987735114
1.0,0.7602277704774419,0.7361878289660113,0.788405983225428,0.4122291310517477,0.468232802714088,0.9902573379360828,0.3330795041980064,0.7946009269404705,0.3964820985578917,0.478766355927384,0.5328909432062605
1.0,0.8473937801138851,0.7284694829557772,0.7690659691014788,0.4586120433656269,0.5043580223545383,0.9121296746326611,0.3568428240865837,0.7951394054038771,0.39084068180916864,0.4806947167721231,0.5779598187725964
1.0,0.6972404730617607,0.7211370237898481,0.7510065012023942,0.4185261797472328,0.5001065611338145,0.8526058963913521,0.31580602213717585,0.7953751226471767,0.3809663984573809,0.4773929424570876,0.4914100041188048
1.0,0.7304424003504164,0.7198889062370186,0.7655750577290401,0.38023030813057657,0.0,0.8767534410251102,0.24562636023758394,0.7960552436733322,0.3842373172448119,0.4751895300488125,0.3841563315180083
1.0,0.7350854139290408,0.7166971846407342,0.7506139285511855,0.3822754233280359,0.4346528787789423,0.956095373393168,0.24321907747028956,0.7977717371418577,0.3956322133102009,0.4749925607570071,0.38701203606242257
1.0,0.6363556723609288,0.7135057999230092,0.7400737570985423,0.3850497370988689,0.4055075618514696,0.7839265161992389,0.28024701668885604,0.798935055330784,0.4029552629788888,0.4781037834808141,0.4755663356368128
1.0,0.5654840122645641,0.7123699160932646,0.7574066169041165,0.3998277979499785,0.0,0.6700880914972409,0.2404678971648103,0.7999421942582979,0.4110124787838095,0.4747046865030202,0.3994508260491511
1.0,0.6013140604467805,0.712388834679111,0.7972134222159584,0.4186208658617347,0.4175836554327122,0.8203046353877559,0.2181636854025321,0.7998852837797391,0.4138499831591146,0.4764969666809279,0.3719555169099813
1.0,0.521681997371879,0.7085134372847806,0.8148055688167561,0.42535055546527295,0.459349070259325,0.6570401154290366,0.2463583707117205,0.7990353550526285,0.4127668426187021,0.475184147064797,0.3822159168916756
1.0,0.5481384143670609,0.7052806902914175,0.7822638177945821,0.440139031298381,0.4266714947011986,0.6474423574652965,0.2494927511311773,0.7979343082672145,0.412778627470704,0.4754100911321942,0.34431376138391856
1.0,0.6102496714848884,0.6996139155487706,0.7234120154337754,0.4731306371346632,0.5066924750582968,0.6138502045922082,0.27313325047040243,0.7976451194547746,0.4164245843026765,0.477460781309844,0.3931902430094731
1.0,0.6483574244415243,0.6922645296908978,0.6522176086544968,0.4924355362929944,0.5191936242627281,0.5101944185838194,0.27644449248092584,0.798487953280186,0.4315732807494129,0.4777409882004089,0.3891538144707336
1.0,0.6525624178712219,0.687069658157019,0.6335880750858695,0.4959379375350517,0.4874912606454319,0.272519954389966,0.25492633223449884,0.7987585342109488,0.4379091387181415,0.4795893574385321,0.3653745823989748
1.0,0.6808585194918965,0.6882516885138936,0.6714891793227693,0.4602176921103641,0.4123872085595843,0.36344028039902937,0.23238630501746504,0.7992806273460765,0.4479273288371477,0.4775539142083596,0.3010937714521074
1.0,0.5971966710468681,0.6928470931013229,0.7339585555530633,0.4665725942105878,0.4878170651813168,0.3551614370168256,0.2251398926057116,0.7990167007026484,0.4440059819823709,0.4768987293088609,0.2845270239348314
1.0,0.489443714410863,0.6994828848555117,0.7796301186158172,0.463648706121268,0.4658998584558151,0.3035470668485677,0.21472471002068305,0.7989451226005572,0.44267699936051785,0.4758860395891034,0.2347260994920143
0.0,0.727814279456855,0.70700988192074,0.8247444705956443,0.5363980970409714,0.5099304236105829,0.8162801273306051,0.1445204840112209,0.7990479403335337,0.4381246187287471,0.4690183197527474,0.08755663356368157
1.0,0.7488392466053437,0.7024172332976368,0.8077610156755197,0.4964779854657955,0.500218830417202,0.8337880854934067,0.2349016698681891,0.801727582356277,0.4592127760905325,0.4736030617679782,0.2530685094503686
0.0,0.7477003942181341,0.6980696848330871,0.8315353068356169,0.4961445715961789,0.5009654852849927,0.8180991359708963,0.18915838446762206,0.8046997622492209,0.4825920182247442,0.47320450293411104,0.232364651503364
0.0,0.7183530442400349,0.6938019347563741,0.8422493130458429,0.5326274568785271,0.5715556869124745,0.7557980900409279,0.1655915774580076,0.8073771943133393,0.5018072436467715,0.4747681368848061,0.21237471969246274
1.0,0.6991677617170388,0.6894408859385577,0.8296759549886359,0.5235662264854993,0.5988713714410059,0.6941791723510687,0.17742656559354258,0.8116731504607012,0.5179151684793136,0.4721271944076815,0.2126767653654296
1.0,0.6209373631187035,0.6858532676810258,0.8087778991667127,0.4798013572927886,0.5617833206783789,0.36812187357889975,0.08775282610084051,0.8151962097138078,0.5280261130908325,0.4681592658787941,0.18075145302274492
0.0,0.7173893999123959,0.687961826396327,0.7933676763030922,0.553683465314811,0.6074583519355501,0.620736698499318,0.0,0.8201376421889496,0.5478149204580843,0.4589856544876641,0.0013327328376182429
0.0,0.7109943057380638,0.6866649888030865,0.7877122609496574,0.5506234287193426,0.5993122327974536,0.5520691223283309,0.02110057037863133,0.8223139521149451,0.5538848319669357,0.4612184974223598,0.01263186845569036
0.0,0.7160753394656153,0.6881636362643302,0.7936431582185633,0.5544559262212099,0.6110430532680454,0.597544338335607,0.07319613459167068,0.8246421373972689,0.5645717591672643,0.4623483356610841,0.0489676914200937
0.0,0.6924222514235652,0.6890259906756859,0.8177497998897221,0.5313079400966043,0.5704567157322815,0.7289677125966348,0.09306849947678447,0.8253015807484262,0.5666736962204825,0.4642329222883833,0.025418826618016668
0.0,0.7426193604905824,0.6853621095468899,0.7957776234996793,0.5202265288506128,0.5697922174850882,0.8303774442928608,0.1657193108293333,0.8260509755876743,0.5687644187390577,0.4671727428980582,0.12675894681266214
0.0,0.8375821287779239,0.6772767564699829,0.7412890074583433,0.5229334753820555,0.6035333988407087,0.8462937698954077,0.1573675134734141,0.8263129183875674,0.5739383393319314,0.4663276438441274,0.09299175906158892
0.0,0.8799824791940428,0.6676620418230208,0.6837785547383926,0.5015821460056059,0.6511827245728844,0.9270904534062432,0.19790320758146698,0.8258562191061206,0.5738394525735608,0.4700690076331007,0.18894474668870406
0.0,0.8614104248795443,0.6606604693320133,0.6747764137729828,0.4938495854327925,0.6869562318933836,0.8776420854861435,0.27489695355909394,0.8258515651603314,0.5789710984839034,0.4734029800860774,0.2839680462778049
1.0,0.6555409548839246,0.6546388044398392,0.6814030989332024,0.398413851772089,0.5131318654545426,0.8930644668499846,0.26796987457565485,0.8255301495623516,0.5785790736097048,0.4727790124295091,0.2950095264329823
0.0,0.5780113885238721,0.6514713694657626,0.6835521000574107,0.4032701486885016,0.4840503507388605,0.7353041114509005,0.24239863620062002,0.8265468932719237,0.5891413545539804,0.4741112239360062,0.2352799393981133
1.0,0.5356110381077529,0.6470776744880824,0.6389504436867014,0.3724216067603296,1.0,0.3720693170234453,0.2361888292253952,0.8270807627492834,0.5945911460032505,0.4735214347472867,0.2144709960287401
1.0,0.5779237844940868,0.6451638297993318,0.5937134924365617,0.4023564680347347,0.5038313974575493,0.3272171253822631,0.2195392755552716,0.828809385320718,0.6074749739843031,0.4719187970986953,0.16465808139935267
1.0,0.6914586070959263,0.6449894954530877,0.5579485739443428,0.4266160801831031,0.0,0.4509516837481698,0.2591267950223289,0.8303185256086708,0.6137274282457107,0.4756109486980394,0.3228198241627071
1.0,0.7733683749452472,0.6453712467607868,0.5537507470222015,0.4967015274627032,0.5409490159240654,0.8508850885088508,0.26859871578833594,0.8317707814381153,0.6215781915148652,0.4764707539186663,0.31756306957739394
1.0,0.6527376259307928,0.6415071358818296,0.5222054236393806,0.4536798888408012,0.5455551519022926,0.8197855413351779,0.34698770320659905,0.8315287926192646,0.6131891451731274,0.4835541420381924,0.5106397631017152
1.0,0.6944371441086289,0.6392674989909,0.5033469404133226,0.4798182782632812,0.5015398770813604,0.7634036665513662,0.3216031520665785,0.8304484266892891,0.6041180784129793,0.4812732000889814,0.4181989302848749
1.0,0.7112571178274201,0.633452533889878,0.4530736402207535,0.48977319070511105,0.5315229018223194,0.7440332065029399,0.3096846459574845,0.8294225458006145,0.594141254819848,0.4801839795588331,0.3456603080595921
1.0,0.7999123959702147,0.6291061820647592,0.4230593069315767,0.4858491015826726,0.5275331588050833,0.7852624920936119,0.3302890213167346,0.8296974224905523,0.5971471495480375,0.4784216064741752,0.3923627849321675
1.0,0.7809023215067892,0.6259330373424636,0.40301599762140616,0.5249540172587173,0.5193855249458711,0.7874382087816226,0.2646979351409242,0.8300024856629075,0.6023764647904214,0.4758756889760157,0.270344099350366
1.0,0.6538764783180026,0.6239292703158477,0.3981065517997664,0.4970952073318785,0.5310552716760119,0.6301250363477757,0.280802165571926,0.8306933364115799,0.6095319815578062,0.4737045216327101,0.2725248490691642
0.0,0.6856767411300919,0.6263605717353007,0.4139346727554681,0.4624230600644492,0.4875088330360538,0.6330328583890666,0.24338120059543406,0.8299908541875697,0.6081966506248856,0.4700330318059245,0.1850653077152632
0.0,0.5750328515111695,0.6265625140643751,0.4058170852851269,0.4536293536579178,0.5048977632823262,0.5664437336435013,0.27115338321485233,0.8299796495146873,0.6100774957494486,0.4690294375760004,0.20115694511397306
1.0,0.5912395970214629,0.6289923768341388,0.4131165342811273,0.41143292662631575,0.4938909228828644,0.6077348066298341,0.2511238080265684,0.8304317730231744,0.6149580078039423,0.4670317285748238,0.14428528797373918
1.0,0.6685063512921595,0.6286933888067916,0.4071331825124143,0.39987350182429054,0.5109497450321184,0.8543181157313176,0.2518705569666271,0.8316249643455506,0.624380070413209,0.4671335170398196,0.17618162201868556
1.0,0.659658344283837,0.6263339993593442,0.4087358782010445,0.3958617825657461,0.4937121345209314,0.8173887758069207,0.3324162732315069,0.8327883524594163,0.6360827362498431,0.4712219782047704,0.3490002984183826
1.0,0.4906701708278581,0.6244150874623025,0.4144004423502948,0.3594323454582728,0.473885967003525,0.5225356208200056,0.3437796304575312,0.8323261668077554,0.6376630646469871,0.4686191784019961,0.3678465670408376
1.0,0.468593955321945,0.6262459227859603,0.43788328979121216,0.3958906132978315,0.4797633275612436,0.4826984588543186,0.3017307871814649,0.8318760801380121,0.6365266536639035,0.4645027227565596,0.23383375800564696
1.0,0.5093298291721419,0.6271651251933588,0.4417190108368288,0.4186980521523388,0.4500275363138795,0.4478045943588252,0.30960604080589943,0.8316726313466737,0.6321871296809844,0.461578870551326,0.2406170373941192
0.0,0.6396846254927728,0.6274284116929787,0.4356248950256088,0.4896995776222875,0.0,0.8944460599011343,0.3012738947378765,0.8322055156165339,0.6395679057390987,0.4607541042754956,0.20625301287790124
0.0,0.6862023653088041,0.6225718440229844,0.4142688826515688,0.4650352341821325,0.4571088951987009,0.9310846176214016,0.3662803550987722,0.8328107237175363,0.6489234016388534,0.4672014061499866,0.3660675343755021
0.0,0.6092860271572491,0.6188355539169631,0.4046675826761921,0.4716337711461814,0.4881740448023517,0.8305299904792129,0.4126623073559682,0.8326174847032818,0.6543286212277091,0.4681008703250539,0.4613089089364827
0.0,0.4426631625054754,0.6174962918484671,0.3910690490580506,0.4285262289259643,0.5104945499636684,0.5434310532030404,0.4330750826582296,0.8320144946032503,0.6521432820053497,0.4664245750327845,0.473532584991851
1.0,0.4003504161191415,0.6193957565607033,0.3986343511376279,0.3960210564138428,0.4995043716094898,0.3162945005827183,0.3956786817916079,0.8314224655184982,0.6560913751407671,0.462851311418095,0.3861074765282464
1.0,0.38125273762593104,0.6230378777499512,0.4378005866381139,0.38784287951881546,0.4932520534021596,0.33442942978982193,0.37386083940476256,0.8314384935502751,0.6640086525205798,0.4607337279016965,0.3253563804145722
1.0,0.4265440210249673,0.6277625771068716,0.4940246470717337,0.4112157044243647,0.4935556835062073,0.5176948828311811,0.3871500228446221,0.8314263947884325,0.6690732659837266,0.4583786674418077,0.3417234809356564
1.0,0.3596145422689446,0.6280157228556421,0.5206711353872856,0.4076445961430881,0.4664161043022255,0.3648971783835488,0.41231840981778334,0.8311872464570479,0.6730798780294498,0.4572339805382132,0.3888506301218923
1.0,0.34945247481384145,0.6307511700309236,0.5258947078748896,0.3967748319930957,0.5580334295835949,0.2965197215777261,0.365494303582921,0.8306742291605697,0.6661346028371229,0.4525865217895476,0.2592681863048921
1.0,0.2537888742882174,0.6340140428304066,0.5448739002036808,0.33800688279345464,0.5508994849232259,0.07520699172033139,0.3342634942937572,0.8307060088057557,0.6628143400645923,0.4493722073991333,0.16352179601955816
1.0,0.2925974594831364,0.6423752942999126,0.5893989445386476,0.3281121278790002,0.4277333177718123,0.09198603675249738,0.2975794526133755,0.8312542442896081,0.6568379067379333,0.4454429172581639,0.07665909143080131
1.0,0.3746824353920283,0.650231431774875,0.6316069971604179,0.3286820137538807,1.0,0.12827502164641008,0.32591169693783817,0.8321744223657753,0.6623979485457232,0.444815373275825,0.0998024543549837
1.0,0.3526938239159002,0.6557629085561554,0.6681486017221191,0.2996523949100141,0.4671538037912322,0.025363470189176642,0.3822912419122666,0.8322310982768634,0.6656008019040246,0.447185073062728,0.2216749357403308
0.0,0.4238282961016208,0.6638406889869823,0.7240000687729008,0.34464390438837683,0.4860078367559448,0.3069546739658933,0.3409400193565185,0.831890691074724,0.6688758037150165,0.4427929930275567,0.10664829566506076
0.0,0.4042925974594833,0.6679908059232633,0.769348483630254,0.3752902425274213,0.5060888858698349,0.0816010183044918,0.45003905693469387,0.8309999833297276,0.6654798723161846,0.4509825815329898,0.3766361402725041
0.0,0.4131406044678057,0.6717658188017588,0.8048411706591283,0.3865009123555204,0.4934978995933201,0.0683255763103641,0.4784646448766634,0.8301137917007443,0.6626865798164486,0.4542053122123085,0.3841343674920189
1.0,0.4386333771353483,0.6750890445965699,0.8233805847107573,0.41770749728240975,0.5320253008728558,0.058173767726619835,0.4680985905113755,0.8304458033972809,0.6654753473102528,0.4531509518921363,0.38315297797692016
0.0,0.5462987297415681,0.6787032231841319,0.8437232706710671,0.4648036757413551,0.5386327816713239,0.3999791594025157,0.4555414175456524,0.8316525515632996,0.6764579676157169,0.4514858278641203,0.4220641457631346
0.0,0.5744196233026719,0.6780953670183254,0.8418410322940525,0.4433611535509091,0.5420537087490017,0.44606894229959937,0.5116605829554554,0.8331778291159583,0.6914522119781914,0.4539123935728594,0.5193227671700156
0.0,0.5660972404730616,0.6778940947467766,0.853916896763407,0.4342626780373373,0.5268020946711814,0.21161222060573998,0.5041783550889466,0.8341653465252828,0.7010026364227163,0.4529695491850792,0.5222763010108572
0.0,0.5570740254051685,0.6804139833634333,0.8756028573349712,0.4256984666412011,0.5290944997159279,0.2308496952062614,0.4235785977823521,0.8354613683644995,0.7112163452660313,0.4480288311611716,0.3953887432921504
0.0,0.529653964082348,0.6830363650870537,0.9026216429483088,0.39458769141651456,0.5023211364404211,0.06853350326435928,0.4468408098295741,0.8362112323621831,0.7156530970186332,0.4468875879706666,0.4392965597570613
0.0,0.6037669732807711,0.6880838685155792,0.9361186328218644,0.4225162905837887,0.5144885572351799,0.033775266039683935,0.4198202889721884,0.8354025042921586,0.7168241144285982,0.4441394208432072,0.3502121552477224
0.0,0.6932106876916335,0.6938181184112309,0.9754042001219684,0.5345351366543761,0.5057014751180428,0.7461286261612411,0.4500980107983826,0.8349455176501007,0.7204120186059773,0.44385341901569203,0.3832210158492447
0.0,0.5934296977660971,0.6937581211482615,0.9804198714604077,0.4612720590270335,0.5044385379357377,0.6325205637416287,0.5292190086907821,0.8350060557091928,0.7271634238219865,0.4489660459210631,0.5497004867090979
0.0,0.6888304862023651,0.6918638833583479,0.9642228571529582,0.5072151687023889,0.3974747301316704,0.7300938545885028,0.5364261185267428,0.8347403242680648,0.7300744945105558,0.44977919534610733,0.5661113191064521
0.0,0.8688567674113008,0.6877718306798077,0.9339784373277684,0.6047393672087176,0.3712869331974663,0.8645130035174142,0.5721472471002067,0.8333473278386568,0.7270792995271532,0.4500718873346996,0.620699696326802
0.0,0.8320630749014454,0.6819820023325385,0.9106537987386318,0.5502037086496163,0.32133252376619725,0.928801479803146,0.6298286898977641,0.8322829278677287,0.7286070705694452,0.4528829390865109,0.6851678522401093
0.0,0.8379325448970651,0.6788311983258857,0.9190668333207214,0.5543420148150241,0.0,0.894265762807649,0.6594284422915369,0.8310489788569663,0.7330510991858749,0.4559083935686216,0.7827173179405044
0.0,0.8537888742882171,0.6742201782065551,0.9182745651441162,0.5143864379072638,0.5328569404036956,0.9311561877801118,0.6590992832192739,0.8304756412158801,0.7376211555496627,0.45604524584598,0.7646146252027363
0.0,0.8502847130968023,0.6686106102834775,0.9058452732705998,0.5140769453987183,0.5989640038466789,0.9068546158098396,0.6700057480017095,0.8301891913318368,0.7426128947796172,0.4534900024822166,0.7794780652870241
0.0,0.8623740692071833,0.6636100788796908,0.8881730324401437,0.5212047240387974,0.5965814253248176,0.8991155334438915,0.6512928091024763,0.8300150423975364,0.7459063899836431,0.4509365620183439,0.7837364940341439
0.0,0.8583442838370564,0.6583872321255635,0.8607057708249435,0.5195519029790789,0.4951508002821168,0.8725784447476129,0.6452598637183182,0.8293773472333331,0.7520820396907055,0.4504481990039925,0.7627793869057621
0.0,0.8905825667980727,0.6526709981722041,0.8354305955340714,0.4895957604510932,0.0,0.9347188915534242,0.6518872605613389,0.8270844792288546,0.7502186584104489,0.4513848041995885,0.7443924910289745
0.0,0.9411300919842313,0.6447937173385827,0.8009413602484202,0.4595523854464914,0.6952109372627606,0.9843260188087772,0.6848277318974789,0.8248258060109067,0.7502728967633586,0.4513564594413224,0.7684537458999735
0.0,0.9591765221200174,0.6358652624153713,0.7649090552753285,0.4700607213728141,0.694601058308312,0.9848038103878428,0.7011383008513921,0.8229923914715697,0.7444725691475337,0.4493944432938221,0.8015419760137066
1.0,0.914323258869908,0.6278972874421351,0.7448621247362979,0.5004757934864057,0.5070068173382812,0.9731624758220506,0.6986966283302791,0.8220688933725141,0.7423926461279964,0.4492341337409209,0.7912805585748235
1.0,0.8607971966710468,0.6205739707089333,0.7307529819892664,0.5120613479773245,0.4514440853882034,0.9814863792647444,0.7047787019341782,0.821421345293062,0.7380917585215304,0.4498898348481637,0.805042279987473
1.0,0.8759526938239157,0.6142152210966102,0.7401923737067813,0.5218556121625082,0.6044632074271999,0.9545206971677556,0.6760927344275824,0.8209351374835744,0.7392894071323248,0.4509272178503054,0.7541681251266555
1.0,0.8106876916338148,0.6071645116694019,0.7254740488724353,0.5285093762276561,0.563935623561796,0.8312655086848642,0.6744076364904762,0.8194575858601573,0.7326311717714961,0.450675777549527,0.7552734842762657
1.0,0.8289969338589575,0.6021714556685392,0.724928674694061,0.4891841424698303,0.5443569113005995,0.8728977116073894,0.6858446860461118,0.8180067851840979,0.7346724323311381,0.4523763198615196,0.7247103037895399
1.0,0.8394218134034163,0.5955574712226763,0.703470806637317,0.4957982079380015,0.6913058820292057,0.8475323959194925,0.7137102122830374,0.8164078689244242,0.7362695979844923,0.4555124039700471,0.7882424318127067
1.0,0.7846692947875601,0.5894463819950287,0.6962443219390597,0.5185022120749095,0.6320022951767654,0.7103195390256677,0.712344447774246,0.8173974277522168,0.7560276948151105,0.4554625601641902,0.7796325871467958
1.0,0.7748576434515987,0.5858943922073048,0.7015394956903684,0.5040589938119605,0.0,0.7799895233106343,0.6434126426560677,0.8179526269853415,0.7651698393141629,0.4508581243797043,0.7299006968174798
1.0,0.8353920280332896,0.5815745319593989,0.6935481544620653,0.5733818571253904,0.6704728841928523,0.9910948140387644,0.6671513984347748,0.818826763367475,0.7782656284620805,0.449779097499933,0.7566402869353412
1.0,0.7269382391590012,0.5727670670015556,0.5931298489713992,0.5321593043366373,0.6426821041928333,0.9132965686274512,0.6727078000874481,0.8166566104109972,0.7720072118724725,0.4466043695535093,0.7653125864330259
1.0,0.5561979851073149,0.5667895073949405,0.4882920374712947,0.4188431546591878,0.0,0.6583541147132169,0.6955917248426667,0.8142126296146052,0.7686272111974437,0.4494663609167723,0.7499486978167573
1.0,0.5964958388085849,0.5663594575479752,0.4118428376204592,0.4655152523333727,0.4668923717252119,0.980031529164476,0.7183724803364301,0.8136687431832025,0.7714031494012926,0.4482867598655946,0.7675492610837439
1.0,0.6084975908891811,0.5630052044610121,0.3779927735737497,0.4801711484076977,0.4770563907511252,0.8738526094938368,0.7016639728026173,0.8143395713411558,0.7833493732679059,0.4451857615706532,0.8196516537649541
1.0,0.5974594831362242,0.5595859547497082,0.3576227180178383,0.5165035344972813,0.4468654047941992,0.8528717545239963,0.7292985964067622,0.8156534848147258,0.7971756602377739,0.4482400609823624,0.8701090781140044
1.0,0.5893999123959703,0.5568834246962701,0.3484135976392148,0.5067405220855136,0.4342035854498785,0.7280356674534487,0.7368889063567003,0.8142908948602979,0.8020195569397587,0.4489444609617424,0.8925404644616469
1.0,0.5709154621112571,0.5557248847623217,0.3445409869790199,0.5330500692930531,0.43704315023995793,0.6409651193286127,0.7484045610639205,0.8127836148283129,0.807410615885722,0.4503575316018583,0.8847202674173116
1.0,0.5224704336399474,0.5561257663789407,0.3478327432885461,0.5294306519805615,0.4719250979734502,0.550779404818139,0.7677365155318867,0.8111910073457985,0.8173074506890144,0.4486743756660557,0.917690007037298
1.0,0.4797196671046868,0.5560452870338021,0.3293052287832927,0.5362397801470103,0.4376340007288379,0.3912543153049479,0.7575571484016133,0.8105731309965917,0.8308747801130391,0.4514633558599146,0.9041959887403236
1.0,0.4812089356110381,0.5561951257445499,0.3103148390089256,0.5354953524522501,0.4773707295890201,0.23897199846566905,0.7403180560946011,0.8097620554332253,0.8423921946636425,0.4531521204623098,0.8940358902181562
1.0,0.4326763031099431,0.5577861088755315,0.2881375683265425,0.5248277705863493,0.5290444148717668,0.10633484162895908,0.7272057342458081,0.8091912020650046,0.8463311292306946,0.4521164257007679,0.8583743842364533
1.0,0.4253175646079719,0.5603511853093545,0.2686687939579281,0.5200528413780184,0.5604701542375313,0.176666666666666,0.6886400817493576,0.8083744389542961,0.8442654336323324,0.4519899566277074,0.8029644616467279
1.0,0.5269382391590012,0.5619901833480246,0.2327791555163959,0.5950254911757383,0.5358030504965833,0.286666666666666,0.6840858957793947,0.8089592258088231,0.8523804080194325,0.4552550331785995,0.7993314567206194
1.0,0.49916776171703897,0.5602018320540083,0.17811683299372316,0.558752640526766,0.5687525455975291,0.14629629629629587,0.6523490658269016,0.8092160797263915,0.8681767066803713,0.4550849986644899,0.7835151301900067
1.0,0.5774857643451599,0.5619859778378744,0.14383823440579865,0.5953617385131577,0.5662407002778526,0.24074074074074076,0.6339112449582165,0.8098406648254136,0.8939392663442302,0.4533367998454878,0.7491115411681915
1.0,0.5720543144984669,0.5623302294129869,0.1136189392937686,0.6401782765555817,1.0,0.2192592592592588,0.6230342571076251,0.8096198836171152,0.9010877794088278,0.4556973965144484,0.7472290640394086
1.0,0.5674989049496277,0.5643205356717051,0.08868098514996264,0.6352910033846618,0.5793705197691608,0.1411111111111112,0.6258050887010005,0.8098791934458135,0.8915561193777216,0.45222514088121,0.7501935256861362
1.0,0.5779237844940868,0.566429631849099,0.051227306593010224,0.5955546383300864,0.4796634458928301,0.028954191875540863,0.6070282831161048,0.8097102697444548,0.8797438823663551,0.4537982096457594,0.7360045742434909
1.0,0.655365746824354,0.5687048997483096,0.016444130934488932,0.6268220859356709,0.4532322702241887,0.3267291066282427,0.6333364447872505,0.8090891971423463,0.8736134241901269,0.4529696882143196,0.7823715693173825
0.0,0.6723609286027156,0.5708674365397225,0.0,0.5975401087897158,0.5006737486023752,0.4001367989056082,0.6451124790590962,0.8075760569479297,0.8782919047322569,0.4543527381255668,0.778764954257565
0.0,0.6445904511607535,0.5802736436271507,0.06512854964978054,0.5628709950816536,0.5589343105444684,0.5489056087551302,0.6573797955283491,0.8061648250926355,0.8802220137192162,0.4519505822921326,0.7883180858550314
0.0,0.3766973280770917,0.5898549723953722,0.13818969897299044,0.3858919996911435,0.4019356481853463,0.6809363327174878,0.6850389832423643,0.8045186527558673,0.8798802552636581,0.4550006828884278,0.8418103448275863
0.0,0.3217696014016645,0.5980911371355321,0.20035125955856448,0.3633261366079568,0.3763642926124899,0.4563057945462859,0.7243071692811067,0.8031158431389992,0.8805945850178717,0.4556471080945249,0.87905524278677
0.0,0.31975470871660083,0.5998842661517763,0.1881387669233759,0.3589952990043712,0.337455921115764,0.3587065930850717,0.7187704189163295,0.8004911265580549,0.8715762922042795,0.4587505003057434,0.8765130190007037
0.0,0.3250985545335085,0.6012753549767621,0.1659538523292139,0.3615427049454811,0.30144995372608674,0.37453191101754935,0.7379107733273067,0.7981208222655057,0.8663990903787603,0.4610725025655752,0.8676020408163264
0.0,0.33228208497590883,0.6019473426761881,0.13808871367205466,0.3654381989183142,0.3232230933302992,0.3476656735972969,0.7376749578725513,0.7949528446981329,0.8547560550320726,0.4613441038685964,0.845197044334975
0.0,0.3897503285151119,0.6038907399991468,0.1313566714194862,0.3567222006688949,0.3106129914132147,0.3559463632131284,0.7467587657026069,0.791916423785132,0.8394876851906855,0.4625641491827127,0.8332160450387049
0.0,0.40911081909767855,0.6061340931590009,0.1292266398481119,0.3666172055681092,0.2267602313539564,0.4474019796368641,0.7496671563112569,0.7898965741105334,0.8289011870371831,0.4633981908019013,0.7989481065918657
0.0,0.4339027595269384,0.6082005953257873,0.13418114550427954,0.3787924934124279,0.27662040008209443,0.5103352207171811,0.7410107639929452,0.7875925318262597,0.817763385783486,0.4620230441099832,0.8114792426522477
0.0,0.3778361804643015,0.6087115909858056,0.13437309942801873,0.3909677480031273,0.19606835514854112,0.4341528762515342,0.7554790247065817,0.7869645945396312,0.8219164590711435,0.4640040304586104,0.7926770187919119
0.0,0.3771353482260184,0.6119905813459531,0.14727051360386811,0.3915455382543873,0.22164249247971754,0.4733481404331352,0.7697360340753329,0.7861357998053357,0.8251400619635222,0.4649870416545063,0.8524721565980422
0.0,0.3627682873412178,0.6143074303160058,0.1466314681632881,0.3865371416380773,0.23226741220034935,0.4941363838809912,0.7896575271801876,0.7876419342194653,0.8402430954815815,0.4670263753182418,0.8975869051636853
1.0,0.2794568550153309,0.6167029655835707,0.1580438448270453,0.3630701477102768,0.19726061716945936,0.3445782130311437,0.747520253108588,0.7871845109677412,0.8440071001743726,0.4650679842651831,0.8903476206547418
1.0,0.2101620674551032,0.6222501293710259,0.18522604612933208,0.3809367034963156,0.19254493186104316,0.32669982853741203,0.7456189910046227,0.788100297855795,0.8555333151981833,0.4654927968184298,0.8446760040499492
1.0,0.15470871660096402,0.6290920924172467,0.2271173617643268,0.3132478489140369,0.17025095011718366,0.20100931713387665,0.7186770752988221,0.788246893624761,0.8648738471665273,0.4614339633236485,0.8656176172797836
1.0,0.14130530004380193,0.6379283932814783,0.2599321403585676,0.30890116064640394,0.16657240650007055,0.19832046601846315,0.7022977268372728,0.7888098083965981,0.8783150078325593,0.463067662241887,0.863609517381033
1.0,0.1297415681121334,0.6484640223070404,0.30624836557669105,0.29224385375629724,0.1493402501346665,0.17011326061057658,0.7237028921782959,0.7879216923689382,0.8846255687409016,0.4616332997429277,0.8780037124535941
1.0,0.0945247481384145,0.6615513285251544,0.3594438406074531,0.3219374147319313,1.0,0.16305231261070285,0.7354297982304017,0.7853745913167397,0.8815731074012237,0.4628315827786735,0.9029109011137364
1.0,0.0,0.6759708992486786,0.4204864191726277,0.27459264301504704,0.11394592931076815,0.08097613613014759,0.7507135873917337,0.7839821965925061,0.889809232631286,0.4647518034603311,0.8877489031387108
1.0,0.008585194918966699,0.692783292389757,0.4810102098653576,0.28463459273824754,1.0,0.0672908936119849,0.7131403249340453,0.7812824537018513,0.8902212384973475,0.4643382284962299,0.854463381707729
1.0,0.1172141918528254,0.7100782675623551,0.5402628526691287,0.3220699977230545,0.2741225930515885,0.16842964602781554,0.7484045610639207,0.779812182538235,0.9016540706578638,0.4644862967607272,0.862867026662167
0.0,0.4291721419185282,0.7258209531010826,0.6003841343046497,0.44873772169651416,0.5631726854700101,0.17505088688572282,0.7509985310662297,0.7779835167060919,0.903488780498914,0.4646800481024967,0.8725531555855551
0.0,0.4968024529128342,0.7281488574439878,0.6035759690166397,0.456411477077274,0.5619223753913833,0.3820878162256472,0.6930075804843059,0.7779484618400346,0.9172628291827288,0.4627172367660234,0.7918157273034089
0.0,0.4944371441086288,0.7292593414161961,0.6256637288469877,0.4517747895197259,0.5412858921593966,0.2910729863332369,0.7033687220276199,0.7776891143417081,0.9224657282184541,0.4634574386610405,0.835791427607155
0.0,0.4378449408672799,0.7315786371769506,0.6483427544635404,0.4074979883316872,0.629681258505842,0.2983425414364645,0.7065620563107655,0.7770084212788736,0.930733353226659,0.4639699529716567,0.8235993925075938
0.0,0.4280332895313187,0.7341126371068294,0.6801507990202156,0.3928918574690429,0.7696531983660934,0.2320441988950281,0.6865668708762998,0.7783126188570614,0.948190393014396,0.4657301091467372,0.7970975362807962
0.0,0.411826544021025,0.7363638716834928,0.7041557719977632,0.3636869813241267,0.7732598345694724,0.05437627217214317,0.5976497059676047,0.7794602291066853,0.9643283717850072,0.4589411965982269,0.7539402632467094
0.0,0.4438020148926851,0.7413745385685491,0.7521098964681638,0.3473803001057763,0.5451696097248979,0.13463216051177732,0.5778166436582839,0.7802158020557205,0.9723774268804052,0.4573061642114344,0.6913094836314548
0.0,0.4667542706964522,0.7457264569810942,0.7885239731846689,0.32977972578876746,0.4754634319756037,0.01269250296158402,0.6134444286142402,0.7785091479164422,0.9686560750136732,0.4574535872771444,0.7343570705366181
0.0,0.5239597021462988,0.7499334461341405,0.8125721733690344,0.3428586806947201,0.5404723868104833,0.08918598747673104,0.5984701472372744,0.7773373775145612,0.9698668208405284,0.4560778196464077,0.7037293283833947
0.0,0.5667104686815594,0.753916193918361,0.8296753247235492,0.3351927210277625,0.567158712178327,0.010416666666667438,0.5886887186869009,0.7760793250918064,0.9728619437853242,0.4588746726866637,0.6888288896388793
0.0,0.6029785370127025,0.7581797561745138,0.8530891732932018,0.3703659576128258,0.5796003135890424,0.11135466900482208,0.5861537025482808,0.7747862233748392,0.9723164979352568,0.4588806577440934,0.6579311508606142
0.0,0.6077091546211124,0.7601421529521769,0.8716946316755538,0.37545880311465,0.5062375699326289,0.1693263360822528,0.6331251934423653,0.7736557888632035,0.9705744382193109,0.4603432279898161,0.7298768140398247
0.0,0.7285151116951377,0.7614012813177053,0.8856113770324834,0.4569659558511344,0.5090041746409955,0.5642779978393944,0.6196787996993354,0.7725137227798652,0.965703687230732,0.462735350153608,0.7112807964900442
0.0,0.7540078843626804,0.7587227770176206,0.8864888396061292,0.4784315937521254,0.565857625055621,0.6177302734988989,0.6810448589774449,0.7716330200163791,0.9624802877083576,0.4658150156880052,0.8018140398245017
0.0,0.7858957512045555,0.7572439430886402,0.8860379221984698,0.4530598467752592,0.5450756698703492,0.7040245947456687,0.6972817356017469,0.7697535395064047,0.9512693721743904,0.463848496315374,0.8291765102936214
0.0,0.7786246167323694,0.7548283877444819,0.8721300124665639,0.5048792834971167,0.6057007922241965,0.6964784795975402,0.7302418582257835,0.7677476362221841,0.937966252428042,0.463775359388809,0.8631370232872091
0.0,0.8365308804204992,0.7535097725128825,0.855935728083201,0.5201957273745778,0.0,0.7956959195081049,0.7324821050459593,0.7657323115600038,0.9255618312296421,0.4641898157518994,0.8515693553830576
0.0,0.8564169951817786,0.7502957685058966,0.8267972246170446,0.5551871698259822,0.6148184444452589,0.9560256053437244,0.7469798426914405,0.7634584289089689,0.9190125294592076,0.4657244068693556,0.8819946000674994
0.0,0.8316250547525185,0.7450940699705402,0.7939721997966348,0.5838604129955349,0.5862715917858361,0.981620970171738,0.7740249276586961,0.7606242936330628,0.9144570862588008,0.46500994963044,0.8936044549443128
0.0,0.7795006570302231,0.7400588367139846,0.7739888702477783,0.5885659760481959,0.5759281077889952,0.9052287581699336,0.7991392735901427,0.7570855118706127,0.9033127350595046,0.464072089353639,0.902708403644954
0.0,0.7328077091546212,0.7362264205963172,0.7729239639000367,0.5731253431984509,0.5547857429651617,0.8349673202614376,0.7967860318645632,0.7564684918889516,0.905829263419162,0.4641989180089681,0.8784864052123793
0.0,0.7396408234778798,0.7329392114574014,0.7921199567468616,0.5791942867599045,0.5975373586150129,0.8153594771241821,0.746621206687333,0.7562439338994519,0.9116807487596332,0.4570103024475989,0.8847429311280954
1.0,0.7134472185720546,0.7277451997777169,0.7887533554103571,0.6063653381039631,0.6187502816107813,0.7218954248366019,0.7479427557983579,0.7558106569226023,0.9164373994814996,0.4574112172180181,0.8666583134945495
0.0,0.8200613228208496,0.7239091130145807,0.7920552387719461,0.7046282776813451,0.6461389232323919,0.941176470588235,0.7627893038039978,0.7532406445618881,0.9110668352307141,0.459169569196796,0.8613289896838323
0.0,0.802890932982917,0.7157179153337565,0.7658512795042312,0.7245148139983904,0.6008318898509609,0.9912553014734821,0.7659531611552991,0.7512394256835307,0.9056372268162364,0.4556960320160098,0.8659566470367119
1.0,0.7908015768725359,0.7074110470307446,0.7506978766408126,0.7185602806809446,0.6218346158257992,0.9234496727381932,0.7907923890561974,0.7492953615396712,0.8997662799127085,0.458348387561993,0.9120995698116356
1.0,0.8307490144546648,0.698976812410119,0.714481362369521,0.7449094718335904,0.4956268440191403,0.96509167842031,0.7957346879621124,0.7468468141597314,0.8949986643862571,0.4591964034748742,0.8935471745395317
1.0,0.8591327201051245,0.6912718463124103,0.6761900098898257,0.761985081979553,0.488444571376353,0.9619260918253076,0.792570830610811,0.7443783081597394,0.8916472951730253,0.4591376163080678,0.8740675771624272
1.0,0.7911519929916774,0.6849219647405955,0.6356145976715669,0.7253887748104161,0.5446700571299151,0.9033323326328432,0.7768498002937869,0.7422794776830987,0.8924870700363537,0.4615371143499717,0.8484400451071298
1.0,0.7533946561541831,0.6809566527153066,0.6395496887266146,0.7292470168935458,0.4702308680608784,0.9124792013311149,0.7453733499059195,0.740579811774717,0.8912077113298249,0.4588766913125453,0.7811552437037967
1.0,0.7643451598773544,0.6778004170351586,0.6334511552485694,0.6974742278907771,0.4776497387574377,0.9512530037761752,0.7543687269404417,0.7391818890559144,0.8870108501748807,0.4560805496501785,0.7954141085077058
1.0,0.7378887428821725,0.6732406755821301,0.6164351363402624,0.6581734522280539,0.4582178337982705,0.9773519163763064,0.7402885791627569,0.7380210727262452,0.88781626737308,0.4585025421264403,0.7755299293427546
1.0,0.7016206745510294,0.6681617595083194,0.5638955053587588,0.6320928034219958,0.3905494382326161,0.8150529500756434,0.7533615984357571,0.7364047909095358,0.8821645841919373,0.4561770238176062,0.7966771097187038
1.0,0.6880420499342971,0.6646330644303382,0.521454469323575,0.6212977134191003,0.4229402515614137,0.702723146747353,0.7637718681988118,0.7348533637801417,0.8795393012620688,0.4574850778382789,0.7924244054664799
1.0,0.6752518615856331,0.6635814841123098,0.5054259505032623,0.6101119178494725,0.3944739098611516,0.624432677760969,0.7584365435349718,0.7326991610095134,0.8715827712639473,0.4566798578973828,0.7956148182123464
1.0,0.6358300481822166,0.6642851543184638,0.5124571469505018,0.5571637077850046,0.40930185396998015,0.6456127080181553,0.7630840731224421,0.7318442435561171,0.874365284853056,0.4575135710715771,0.7773746242618329
1.0,0.5768725361366623,0.6662090769472475,0.5349318173573011,0.5434515395192588,0.4050228730681941,0.529878971255674,0.7413890512849484,0.7302290784038875,0.8758424662633372,0.4583339617046509,0.7741607737950091
1.0,0.5568988173455977,0.6700114860446023,0.5651436621341167,0.5241901687641911,0.4105352883607484,0.6607413010590015,0.7471812683923775,0.7283051862203817,0.8776601837351165,0.4592243863072604,0.7603023652767621
1.0,0.5072273324572929,0.6723330031571835,0.5852920193241257,0.48221818755363793,0.4555226511223559,0.7008320726172467,0.7939120310097321,0.7258171762608464,0.8754172790584093,0.460818270607445,0.7980283956536929
1.0,0.4977660972404731,0.6729171048698086,0.5792023881803114,0.4752818538711541,0.3619403346034939,0.660154934321321,0.8020329257328702,0.7230383733834632,0.8700763310857057,0.4616067925613563,0.8247556493861914
1.0,0.5463863337713534,0.6712507787859261,0.5242009899098656,0.4683014165203397,0.4517321619834441,0.7379332685455133,0.7984072631160062,0.7207438884332623,0.8604330946398691,0.4617606886211529,0.7938773295295976
1.0,0.5555847568988174,0.6659290501249948,0.4575848054038852,0.4767707593462709,0.42557512748721704,0.6932296728215096,0.824450132400552,0.7183740293797499,0.8512630509560221,0.4609510941393451,0.8206560256370748
1.0,0.62251423565484,0.661436971278063,0.40952944947494174,0.4836114040656208,0.4732249125584399,0.6974408811143504,0.8147718731116341,0.7160328222777733,0.8437383896351233,0.4601095907690204,0.8088527402413698
1.0,0.5668856767411302,0.6564992299740071,0.3803775265551442,0.4873760894987243,0.4836022443910839,0.5205701328150314,0.8564866444934633,0.7143376583176412,0.8465301831801456,0.4611187515828205,0.8530054603765932
0.0,0.5788874288217257,0.6542715419223826,0.36838343998808615,0.4478640413129929,0.4587441500766401,0.5464852607709751,0.8212174955416139,0.7130819408378174,0.8527956774125166,0.4614943698845431,0.8083552700069899
1.0,0.5975470871660096,0.6501614777451852,0.3537022402583694,0.464036245161141,0.4008944833801253,0.4531908001295759,0.7804705500886765,0.7127829694549627,0.865816409767386,0.4606398535750033,0.7700144261514897
1.0,0.6012264564169952,0.6484651752823523,0.3603148384828594,0.4674597104675817,0.4010738952543365,0.2766439909297058,0.7634623604144455,0.7126001466195261,0.8751999918324463,0.4625420857758651,0.7531417778372669
1.0,0.4898817345597897,0.6499463851001499,0.3627734777855932,0.4230063146556269,0.4414730420951746,0.08518395757374858,0.7447985497349532,0.7116770440393948,0.8780605646164369,0.4644129841475014,0.7300673716146879
1.0,0.5144984669294788,0.6555644628186941,0.3861869101535863,0.4417699300839566,0.5233374981794477,0.10670618747684317,0.7128259043277048,0.7104202411547013,0.8811470759702106,0.461453483386845,0.674534124540817
1.0,0.5307052124397722,0.6567576282407952,0.36687910825710224,0.4059452422581572,0.4742389294201112,0.16746943312337847,0.7099420778289256,0.7095665368082703,0.8869172400002022,0.4612952653644205,0.6628890971013846
1.0,0.6020148926850634,0.6589282488791401,0.38066659983587614,0.4681212982935124,0.5144250162252592,0.1319007039644304,0.7154493512618583,0.7090125674123072,0.8978477421953975,0.4617151285749668,0.6828403158881006
1.0,0.5616294349540079,0.66147620201645,0.3808599801855671,0.4377803913359801,0.4551275043463726,0.2677854797519155,0.6916221646876182,0.7088166829055694,0.9014132630428552,0.463092616204305,0.6493627210398727
1.0,0.5319316688567672,0.6665640244667752,0.4094786572399606,0.4647617879463089,1.0,0.1816855162349504,0.6990749156222825,0.7086073005518746,0.9051918951344614,0.4638058047441489,0.6700575558827468
1.0,0.4521243977222952,0.6720832594134698,0.4196513467663733,0.4624857389322887,0.4641611780291618,0.1298796059832179,0.7029413065158756,0.7081134006158846,0.9063284405537868,0.4641567075681794,0.6816728386799329
1.0,0.4173455978975033,0.6778259529577919,0.430611127435612,0.4928277267037749,0.4844971401439078,0.10239500173550813,0.6636485563672627,0.7072659135433651,0.9104302984834246,0.4602838481332465,0.6174839007123841
1.0,0.5076653526062199,0.6832371113127242,0.4531377506895157,0.503593689320577,0.4983682230606569,0.2780284623394651,0.6694456862966656,0.7062905189539167,0.912998208802096,0.4571962655257187,0.6243846577135295
0.0,0.5302671922908455,0.6863782409573511,0.4669022992758111,0.5180379145189624,0.4910437376360645,0.4054147865324542,0.6954983812251596,0.7053710461752908,0.9220234698518244,0.4565931040177682,0.6545308526301701
0.0,0.5592641261498029,0.6885735990671022,0.4791991498922709,0.537307678896349,0.3611890021944599,0.6046511627906982,0.7121184579634385,0.7040247922190799,0.927590041899506,0.454813910249543,0.6784083641933996
0.0,0.6501095050372316,0.6887933947891383,0.4780931584699341,0.5519775349154458,0.0,0.8382506074279764,0.7444153496209754,0.7028426514527774,0.9345919886979812,0.4549567298841836,0.714719136215589
0.0,0.6462549277266756,0.6871469895318452,0.466653580340525,0.5485117791009642,0.3708774682054299,0.9128774730996184,0.7938923797218357,0.7009120309541589,0.9329669309354476,0.4609625164895775,0.790657207870432
0.0,0.5385895751204556,0.6875840718579564,0.4888169827444624,0.5260459676370842,0.5249908018995152,0.7706924315619967,0.8189035563918269,0.7002668140659829,0.9434565395401644,0.4602233794049602,0.8056038905992058
0.0,0.40438020148926856,0.687321766577045,0.5015503037824146,0.5043972294133373,0.6160949785891269,0.5634171907756811,0.7455354730310635,0.6993830154269814,0.947286458323412,0.4549836871021323,0.7430657802763274
0.0,0.4014016644765662,0.6867968013487562,0.5165109602491987,0.4982376634090804,0.594282284478506,0.32190520018407764,0.736112680484797,0.6992532814278062,0.955772709073717,0.454144843233688,0.7242374217344101
0.0,0.4036793692509853,0.6868804686638965,0.5309461666403477,0.4996258899113451,0.6185999616906868,0.3423838011965026,0.7535188087389275,0.6979066588310355,0.9558982798674032,0.452456303819388,0.7450289266645845
0.0,0.38449408672798974,0.6863282783670228,0.5488770961536211,0.5424813653975646,0.5817570802398948,0.29560008262755616,0.7241008307581958,0.6961279257807672,0.9577949976333898,0.45338593057446896,0.7005978673091507
0.0,0.4199737187910645,0.6847471382355603,0.5415154606735593,0.5647781411677727,0.5812050860487978,0.19210906837430294,0.7394091840293979,0.6949838100428537,0.9640228089633964,0.4514785380973498,0.7068144975386307
1.0,0.4283837056504601,0.6847494358253352,0.518050807038501,0.5677269018959052,0.5875547555992742,0.07085312951869459,0.678662140320021,0.69327838613158,0.9722975547732688,0.4486724722065572,0.6261693362483082
1.0,0.4926850635129215,0.6899426610538106,0.538595112388106,0.6016729927220925,0.5575785656519089,0.2245403842181367,0.6771833809058261,0.6918669987292329,0.9868477186066468,0.4488395132136093,0.6046119067802912
1.0,0.4643889618922471,0.692866570737422,0.5521519374601122,0.5873107640194768,0.5165100252310717,0.2385870687874407,0.7428530722332212,0.6903184980780576,0.9947765258378728,0.453409783137005,0.6848555154002883
1.0,0.4974156811213317,0.6967783719536034,0.5781741184491449,0.6081229622407914,1.0,0.2342491220822144,0.7499226230539083,0.6887945505478056,0.9993481556763624,0.45424321411719104,0.7016512734396866
1.0,0.3836180464301359,0.6985976396136313,0.5427907642437301,0.5875958990565233,0.5099669882786437,0.046271431522412886,0.7240222256066107,0.6877577748218858,1.0000000000000002,0.4516758515377052,0.6582924565822619
1.0,0.5196671046868157,0.7066388445218907,0.5700587536248773,0.6169891710875924,0.5296385044885992,0.022767971348171247,0.6977189767574392,0.686958273029073,0.9959127423451728,0.4526937317894067,0.6204943509066538
1.0,0.5010950503723172,0.7116623199909198,0.5795687846003942,0.6072567124458397,0.5141054834935267,0.02823529411764737,0.7529489213899356,0.6863224569355727,0.982280674706301,0.4597909780205928,0.7088535880098007
0.0,0.5215943933420938,0.7186389947908425,0.6169357041460481,0.6191002435655697,0.5031141080506607,0.12755253033441846,0.7207404605279317,0.6857612138771564,0.9743658550575052,0.4564938447257994,0.6561573382581247
0.0,0.5410424879544459,0.7224485932259694,0.6323829730410072,0.6299854033467682,1.0,0.2269902337969809,0.7352283725294646,0.6843697629350155,0.9687068970855492,0.4579607508267807,0.6968383721700232
0.0,0.4883924660534383,0.72309906935845,0.6147193162517509,0.6485170273296919,0.42703356248772223,0.07161882213672642,0.8268426767019244,0.6832387937931613,0.966063831882398,0.4662831692850841,0.8001486266748095
0.0,0.5361366622864652,0.7259778410896103,0.6061330443601838,0.6261691531611785,0.485812113345455,0.10387688665285556,0.7448280266667975,0.6809784727677589,0.9571963580651212,0.46093726911585,0.690024205970806
0.0,0.5638195356986421,0.7285198609261351,0.5884530108709305,0.5921739399954905,1.0,0.17579165433560207,0.8147718731116342,0.6799418837522256,0.9616747755270872,0.4666729819805314,0.7895254162693468
0.0,0.5231712658782305,0.7309629547860454,0.5820907192024488,0.6163028735898046,0.5183126609522675,0.06335514574658006,0.8779360252322537,0.6785737209628132,0.9745293756588064,0.4715304719320592,0.8796554800828921
0.0,0.5522558037669733,0.7361484575055872,0.5977332235934254,0.5837253040511547,0.6488353235245842,0.14039262343842934,0.8673292425902359,0.6768605700912128,0.9817969602106016,0.4694921017578267,0.8800296454064008
0.0,0.6134034165571616,0.7395431652315498,0.6059560936029508,0.6247664457227368,0.0,0.4354550862581797,0.8611194356150116,0.674919946239848,0.9817969883862382,0.4689320338247995,0.8682938061247986
0.0,0.762855891371003,0.7387136520894806,0.6066397366141761,0.6913215590201477,0.6829130952719725,0.818857822724568,0.91314130749844,0.6723598449882352,0.97217325326752,0.4722560654413653,0.9300454754777802
0.0,0.7158125273762589,0.7307572801981219,0.5742482257398318,0.6650926615567846,0.0,0.6055919095776313,0.9162511238080262,0.6691681160927413,0.9687328891017448,0.4727762324500819,0.9266204236702736
0.0,0.7341217696014017,0.7243892073868599,0.5380502235176048,0.6335799116583033,0.7115043283528424,0.6262207753773309,0.9239986440611352,0.6659643249522625,0.963025872032728,0.4739355905725264,0.9233608680635504
0.0,0.8262812089356107,0.7164029299730197,0.4855304617930991,0.6505477721537238,0.5193986071187802,0.9455470851850593,0.9339471085586272,0.6631424759754126,0.9633817445953198,0.4753154266470256,0.924644275197468
0.0,0.7988611476127903,0.7084454568654142,0.4294485524057854,0.639065613350697,0.4770363038464662,0.9335367921329262,0.958535782538848,0.6603415373645697,0.9583459346089246,0.4785004923308535,0.9861686819441166
0.0,0.6706088480070083,0.7059798335872156,0.3980920909262179,0.5746670107679097,0.4767504542746924,0.7019328585961336,0.9515595753356684,0.6578417904305971,0.9457839660671676,0.4781910581307745,1.0
0.0,0.6452036793692509,0.7055465840147168,0.3699801578494712,0.5513784819880585,0.4668253467476857,0.7053238385893524,0.905831028401024,0.6552438157395691,0.937204522251424,0.4772593682276709,0.9925596169493652
0.0,0.7870346035917652,0.7051545956448508,0.3541876464699988,0.6017884882968793,0.4287027312828007,0.8450064850843062,0.8970812924652046,0.6533060113438832,0.9247854813191208,0.4763769996621151,0.9956135113403866
0.0,0.6875164257555847,0.7022430890210329,0.3301127391283068,0.574803533471351,0.4235734248376793,0.7159533073929956,0.8768257274661134,0.6509610284215449,0.921699252678436,0.478094491086033,0.994016399497673
1.0,0.6925974594831363,0.7056276784450153,0.35995380945496896,0.5775057290017039,0.3762707921175887,0.8420881971465629,0.8605790251978639,0.6487246488104091,0.9138366934275528,0.4767280615230829,0.9675953335946168
1.0,0.5454226894437144,0.7044989552511276,0.3715011052185315,0.5303157955826032,0.3870838382922848,0.5969520103761348,0.8354892433762875,0.6462072002299725,0.9081298570836224,0.4740558653454465,0.9248315232294358
1.0,0.6347787998247921,0.7074500820410978,0.3989450479742737,0.5375014823398089,0.3503344068629289,0.6990920881971465,0.8140889908572383,0.6439587971843103,0.8929255858076129,0.4720773582002246,0.8723834966357764
1.0,0.6423127463863337,0.7078956955734996,0.408972480862425,0.5417995098213108,0.3191111693261496,0.8725680933852138,0.8484885703196773,0.6416495610957907,0.8720576473703122,0.4733836203359277,0.9235105957616956
1.0,0.6056942619360489,0.7068372389187942,0.3983524936405013,0.5183636146466033,0.0,0.9095330739299604,0.8675650580449915,0.6397974050007272,0.8567207565440692,0.4723693616608308,0.9441663334666136
1.0,0.6430135786246168,0.7063472910329611,0.39439506143058173,0.4893416697953234,0.4037309442349008,0.9341763942931258,0.8802106618062482,0.6383929742536602,0.8479173697226766,0.4738947356477839,0.9889036732389828
0.0,0.5209811651335959,0.7051398616800839,0.3850579011797229,0.4719411920456241,0.4507215978971664,0.7422586520947179,0.8432515020953186,0.6364421955789051,0.8380701338026452,0.4729943344879925,0.9410910850368944
0.0,0.4616732369689008,0.7067078898319985,0.3819320129796856,0.4935207165891057,0.5089622421429414,0.6181912952827734,0.8177834329817388,0.6348424967638343,0.8281991892295265,0.4707973868104359,0.8720535462279748
1.0,0.4773543583004818,0.7077996629928007,0.3842176694626692,0.4515124831411694,0.4993345077467547,0.6256485535673609,0.8122565082609101,0.632366615792089,0.8197960816036359,0.4693608604423616,0.8807306157009801
0.0,0.43346473937801133,0.7077738542511831,0.3741739819190145,0.4815355382610215,0.4592397562542226,0.5729639359923572,0.8473094930459002,0.6295725948376033,0.8129610851598897,0.470822646039065,0.9051489859279868
0.0,0.42934734997809904,0.7075732276264208,0.3663594352915425,0.4805942945058312,0.4877712841295995,0.6046250561293223,0.8508565505111791,0.6263073462234215,0.8063399522579734,0.4721994442533105,0.8755400882995275
0.0,0.4277704774419623,0.7047706669444322,0.3483870623049172,0.4782331068092369,0.4708707838173707,0.5039858281665189,0.8507877710035419,0.6234080267909482,0.7999686793311135,0.4720531977539174,0.8827285125446661
1.0,0.4344283837056506,0.7029506033573629,0.3267757405703536,0.4813349473214934,0.4580364130203216,0.4641275465013288,0.8269114562095613,0.6215703318834173,0.8015111805830423,0.469924789443708,0.8246489550555808
1.0,0.4125273762593078,0.7023614452190394,0.32251367605506104,0.5209080734696101,0.5705640993995105,0.4317980513728964,0.781349945222035,0.6194077107808204,0.8036967074758,0.4681673948479828,0.7604008733094794
1.0,0.3414805081033728,0.702874233749917,0.31009667957401044,0.4699777757151365,0.5643064528333943,0.2347209920283436,0.7873239367425042,0.6184748187357493,0.8058705999399288,0.4693250781647776,0.7539330830405309
1.0,0.2954007884362682,0.7084397620747671,0.33062882893019113,0.4293885499296827,0.4308433175189284,0.10341009743135493,0.7412465794477006,0.6170803849257877,0.7995944972513046,0.4666691534255252,0.701857522855802
1.0,0.3141480508103373,0.718111424334505,0.36112056228988143,0.4407780622426732,0.4202362750548088,0.27635075287865346,0.7077460464065162,0.6166360436915799,0.7972095387618695,0.4627765548943085,0.6380773558054109
1.0,0.30740254051686394,0.7253598394799979,0.3853467766964839,0.4394265646886519,1.0,0.3162410623084777,0.7825339353177858,0.6157592781880411,0.7991810875698283,0.4748010222703321,0.7650742267890235
1.0,0.20551905387647829,0.7305937929590032,0.3984151241216143,0.32202390169670536,0.3974455146306644,0.010802255587075059,0.8242094041238227,0.614459884476536,0.8040844435193356,0.4779079526310375,0.8165166506763538
1.0,0.28418747262374083,0.7412288390446147,0.43761351538626864,0.322352734399759,0.3891222035779985,0.03460293751555855,0.7772870414494788,0.612307777232625,0.7968081421047676,0.4723599441865202,0.7380127580726669
1.0,0.3139728427507665,0.7490642397252179,0.4495963291516426,0.2943847409982308,0.35807296219752616,0.047785234899328885,0.8638951800303613,0.6103433620985393,0.7873248220839476,0.4834134493804722,0.8538900403541797
0.0,0.4204993429697768,0.7545956425812348,0.42876159963855054,0.32010154013217035,1.0,0.2958389261744969,0.9279682042161836,0.6079614297611909,0.7734816714484606,0.490731668531457,0.9346230293984692
1.0,0.4473061760841,0.7572361306620146,0.4114364509844553,0.34218380707378204,0.4292145462717513,0.10657718120805366,0.9447012758598664,0.6053688256757218,0.7648478762207549,0.4897761837251736,0.9547936653726652
0.0,0.4558037669732806,0.7633064675599106,0.4115000178432212,0.34872936577449537,0.3898240863188704,0.06434839129021745,0.9363249143940772,0.6026353756669619,0.7526159318390816,0.4890613983330037,0.9357403871595192
0.0,0.5137976346911957,0.7701223348919264,0.425638034463809,0.3444506726955977,0.3878114358087386,0.19123069394956455,0.9758190902436268,0.600748398269712,0.7536943783170325,0.4921337423990893,0.9766032357527394
0.0,0.4920718353044238,0.7752300121016895,0.4239931839261813,0.32310084058146943,0.4278962853405095,0.010638297872340136,0.9733528536126436,0.5989324207192391,0.7526641923843913,0.4902680518001351,0.9966251225318584
0.0,0.5386771791502408,0.7824873737148845,0.4547688690998212,0.3593363433063631,0.499652593418811,0.16626736942980486,0.9248976904823901,0.5982053254493284,0.7580819883720237,0.4882654898504808,0.9306189609298424
0.0,0.5987735435830048,0.7873085912299753,0.4925175337729345,0.3660097787840565,0.5660244740660806,0.455678006708193,0.9250254238537158,0.5967070694622661,0.7566493311472007,0.4868781149531856,0.9560495728889512
0.0,0.5558475689881737,0.7884047555046716,0.5085554704837013,0.374572382837944,0.5217957949656459,0.41782462865357095,0.9650698357643612,0.5947924766040783,0.7585371755065359,0.4900544623514469,0.9988166923400088
0.0,0.6103372755146736,0.7905104277367232,0.5242242472020615,0.3769611124048848,0.5114043391607962,0.6229036895064685,0.9543746223268104,0.591903131391578,0.7586077135498634,0.4891059718362055,1.0
0.0,0.6341655716162945,0.7901255549929449,0.5276580894523302,0.40299485323164347,0.530795298249937,0.7862961188308587,0.9413359928076288,0.5895008130961633,0.7578024690066025,0.4876390195896406,0.9985228519195616
0.0,0.5874726237406919,0.7872803602942386,0.5251123406699753,0.40501953758089226,0.5731106821128268,0.5951126018207961,0.9345464728394636,0.5871218749074313,0.7562890261037697,0.4868455804419333,0.991483087215828
0.0,0.621024967148489,0.7865547177850958,0.5327670960743015,0.4410637241434676,0.5455688522865255,0.4724484906564452,0.9371158787319022,0.5844189239264143,0.7504953678178349,0.4874986782581773,0.9961218179256542
0.0,0.6065703022339032,0.7856623281487207,0.5326321250725891,0.4246828754883889,0.5477575476282853,0.5222807858169637,0.9048926794039764,0.5823320119892199,0.7493946687618408,0.4841212309101892,0.9505720374204664
0.0,0.6288217257993869,0.7860231965763367,0.5347903213629086,0.446073309314299,0.5515665046194311,0.4844274077623389,0.8977789131855226,0.5802603165038059,0.7466540632577293,0.4815710549027525,0.994210452396186
0.0,0.6120017520805956,0.7860258735869291,0.5259421170449311,0.4796671911983024,0.4986080121150057,0.4523239099185432,0.8951898560051879,0.5786922317361837,0.7510884267073108,0.4819051081888043,0.9748865070839968
0.0,0.6620236530880418,0.7879100881365511,0.5236174928982111,0.4862285142821474,0.5327441755744536,0.7240057498802114,0.8826474215053868,0.575891757221847,0.747841196842145,0.4837169681895224,0.961377125787002
0.0,0.6601839684625492,0.7870081643724962,0.5088608878970147,0.4824827547687335,0.5277113770630351,0.9046478198370864,0.911721501947934,0.5740883060445411,0.7528413222537615,0.4850199843822594,0.9800534730008392
0.0,0.6544897065265003,0.7839961759728669,0.4709130396085396,0.4990201523775724,0.4960496291640273,0.8171223666517264,0.9089555831765326,0.5720801182921559,0.7497857730064388,0.4835918290475364,0.9956640399769368
0.0,0.6600963644327639,0.780531613591408,0.4477036933146702,0.5047501009496277,0.4551629255433282,0.7454056476916179,0.8942367685422182,0.5705548912907318,0.7463000865768905,0.4855106078307891,0.9955577182682952
0.0,0.6421375383267629,0.7788843921591553,0.4603571962907032,0.5357956055750547,0.5845858559432613,0.7413715822501129,0.8828881497821163,0.5674009982159626,0.7295015138708683,0.4843186377721237,0.9811441937913812
0.0,0.5469119579500656,0.7787762187265683,0.4999717635169838,0.4936652375376962,0.5743361633247788,0.6104885701479159,0.9008936423170832,0.5639516852169942,0.7129343145249409,0.4882226961845123,0.9607213094445392
1.0,0.4024529128339902,0.7785022286266311,0.5209073470410895,0.3876696478037233,0.5624435849960715,0.15732855221873554,0.8849367965453036,0.5601101859678933,0.6938819909911162,0.4866630908604183,0.9244681905139364
1.0,0.4897065265002192,0.7827102209836496,0.541549149147065,0.4347796082721371,0.5413226275157603,0.28164274239103954,0.8629224412794954,0.5571352463075813,0.6829456103823737,0.4846558086731506,0.8687404816116046
1.0,0.4266316250547528,0.7853725466651593,0.5680146804537896,0.4354899094870091,1.0,0.22956086968714864,0.8922519884646939,0.5567533196671631,0.6868228563174112,0.486297977974187,0.8967252565593615
1.0,0.3544459045116077,0.7899793131459869,0.6348590247129436,0.4396081672067058,0.5336551618800235,0.14947635671215606,0.8415565785142642,0.5572509203504245,0.6985955488228628,0.4726424274145486,0.8973616261803925
1.0,0.411300919842313,0.7932100856368591,0.6800999975690506,0.4322790146524755,0.5425215688848339,0.2588945362134698,0.8259288918147473,0.5582998350081542,0.7112400925019748,0.4732639696935344,0.8892936297206557
1.0,0.4655278142794566,0.7935258244345111,0.6908380098749543,0.4881648172139037,0.5576075435054894,0.2328462515883094,0.8388152238527332,0.5573012600443584,0.7157194596031934,0.4717192042799716,0.9080701908377404
1.0,0.490845378887429,0.7940884397543391,0.6910726084972076,0.50612048264551,0.4983494477835248,0.3634053367217278,0.8433350200688776,0.5555908297939037,0.7183613744252636,0.4686057468791319,0.9139364947005773
1.0,0.4888304862023653,0.7938301734997891,0.6953547262010306,0.5035419273770021,0.5202771911437816,0.3017789072426936,0.8589676195903688,0.5540293719126116,0.7164942903143354,0.46749005351069206,0.9295750952725784
1.0,0.5213315812527374,0.794217219661365,0.7059728116060863,0.4788580137376862,0.5016731949156764,0.32369758576874186,0.8535340384870473,0.5522539837729948,0.7135965976092826,0.4701820901743598,0.9279731993299836
1.0,0.530880420499343,0.7932787644537254,0.700265894563014,0.4860166953982742,0.5606429492549208,0.3662642947903438,0.8648482674933307,0.5502184326928682,0.7079062231738403,0.4682751717892146,0.9392084147081842
0.0,0.531931668856767,0.7919648666035433,0.6964512080166221,0.4857496482229447,0.5013422499100058,0.163278271918678,0.8537305513660102,0.5479846114305321,0.7040377258259768,0.4674733232147321,0.9054296226401294
0.0,0.5759964958388084,0.7935414024012302,0.6989860208731701,0.4696799116805083,1.0,0.2487293519695038,0.829195918427504,0.5454538705481912,0.6998913650455216,0.4681793652596238,0.8704731810435
1.0,0.5314936487078405,0.7953197804039684,0.7060536084719828,0.4838922817727602,0.5520587333765298,0.1429479034307496,0.8461058516622533,0.5431577586916084,0.7036678215055743,0.4672552146124303,0.8743352863297567
0.0,0.5428821725799388,0.7995489079413176,0.7235225313808519,0.44074908496817605,0.4684692875718804,0.1826556543837356,0.8499820681997946,0.5399730993196817,0.7034273981805028,0.4682252637257798,0.8661795147498776
1.0,0.5365746824353924,0.8045842602606521,0.7544183192870255,0.4880672764488181,0.4695348322401289,0.1813850063532412,0.878741728036001,0.5378197613190446,0.7041126970032261,0.4694944686934488,0.8792141200909934
0.0,0.5122207621550592,0.8098524837327556,0.7970688317153973,0.470800329394552,1.0,0.3078144853875474,0.8559167571444712,0.5351347188845751,0.6952602496360959,0.4690308891542137,0.8614030852954729
1.0,0.521681997371879,0.8152161072984039,0.8485177784580589,0.4529594960542112,0.42310592961478777,0.3078144853875474,0.8746788242634451,0.5341358199551872,0.6972530988235062,0.4724702473691523,0.8593939128786222
1.0,0.4477441962330267,0.8187185967177539,0.8883117560986671,0.44906712764713774,0.528452849517598,0.13091909916491462,0.8384369365607298,0.5328235925220978,0.6996493974038079,0.4690643731974338,0.8392558721670305
1.0,0.4989925536574684,0.8214036029994274,0.9115822986134552,0.4402024356964103,0.5065582122270955,0.20180543148438185,0.8261204918717359,0.5322847279831157,0.7089182699056487,0.4709716022217855,0.8265337325150584
0.0,0.6924222514235655,0.8221964369758834,0.9252974997761928,0.5297127990441048,0.4530946711815119,0.5057752887644379,0.8286505951883818,0.5294882859429048,0.7026743998801088,0.4714963047122947,0.8243007801110787
0.0,0.7501533070521241,0.8205730916617215,0.9371178388177857,0.5277030007568593,0.4396826060424411,0.7897310513447431,0.9006971294381205,0.5268631048057729,0.6965833229282008,0.4807789072649502,0.8744284281864018
0.0,0.6532632501095048,0.8182824842589921,0.9517408603079012,0.5064494433938905,0.3406053176956142,0.6147785927737026,0.9056836437418018,0.5244004774871046,0.6894930344252231,0.481037549313603,0.8941223662542754
0.0,0.7284275076653521,0.8173774025874079,0.9611766799408598,0.5173000525000796,0.0,0.7750611246943757,0.8872703869829867,0.5239873459022558,0.6980410608150759,0.4817204265110345,0.8774015116328168
0.0,0.8646517739816031,0.8108834761099433,0.9270451098744864,0.5775321212668304,0.42034477940630505,0.9712034773159466,0.944106824401004,0.5239506836661955,0.7100607016030093,0.49089627163621397,0.9813086742952049
0.0,0.9250985545335084,0.8012003788035438,0.8857187135528604,0.6106145088791867,0.4946297395879902,0.9848258706467656,0.922367587165744,0.5230443117827225,0.7185286825870841,0.4898404237816622,0.972265619502034
0.0,0.8456416995181779,0.7933041371081635,0.8682268798995445,0.6096456943833131,0.0,0.8351704691104844,0.9441903423745632,0.5215671779390866,0.7267844694158893,0.4899301697112429,0.9992821855339272
0.0,0.8400350416119138,0.7891965619680406,0.8778481046575206,0.6013359845635073,0.5765269257532071,0.866444501409894,0.931903374617414,0.5193985034786349,0.7342106640550623,0.4923421245016845,0.9898674040984188
0.0,0.8549277266754269,0.7837831838195201,0.8696238122697584,0.6101824423340417,0.5271505083913386,0.8226095872853111,0.9333330058118684,0.5173031449794004,0.7397460148165832,0.4924527466852587,0.9945259873785716
0.0,0.8287341217696014,0.7780528672705078,0.8493669754099425,0.5975039299772346,0.5813335031138874,0.7457150166282938,0.92000943261819,0.5153390999759823,0.7483995099178096,0.4910092137639255,0.9927246904007944
0.0,0.24144578313252985,0.8506496839150166,0.20891697893094327,0.4443498283467006,0.5084817339786125,0.378932968536251,0.5311792246584358,0.9876416516802424,0.3621795260509752,0.5148829710661211,0.8304071745702466
1.0,0.17301204819277066,0.8515008808913005,0.21329330047777748,0.4525048319031154,1.0,0.2514432328415642,0.5503146662474392,0.9869499786981384,0.3734012125176319,0.512543642142056,0.8441504231124378
1.0,0.22265060240963824,0.8525415689757083,0.23604859469329156,0.4860743440542952,0.5009347861723521,0.11289288005131436,0.5056325503932712,0.9871529967170954,0.3794693767671601,0.5132126448304439,0.7967542406112043
1.0,0.3012048192771086,0.8551019255921788,0.2155358278937404,0.4759970151619864,0.5222264118334878,0.1605947955390351,0.4443696603766172,0.98907596165884,0.3873330370821911,0.5125066462338401,0.7553474075666925
1.0,0.3228915662650599,0.8577674992703805,0.19576100235244148,0.4874629269423357,0.5266072232593237,0.2780669144981416,0.4523529960844807,0.9914210967093784,0.3924143193425438,0.5129254659326258,0.8019024248327156
1.0,0.2544578313253014,0.8578409689072795,0.13350124512037576,0.4948441099441701,0.533601466172956,0.14721189591078185,0.4652982819861557,0.9922003182759694,0.4032666755754648,0.5137651400301384,0.8346952199046259
0.0,0.4269879518072292,0.8597532925002596,0.0947901431771217,0.5487837671429773,0.5188382309981683,0.35241635687732364,0.4500587082225904,0.9924233138150031,0.4118320321707691,0.5127758354825722,0.8094539382976842
0.0,0.3913253012048191,0.8589925184933456,0.04734784567355227,0.5787342081269702,0.5244757398570681,0.2855018587360594,0.4829353128730672,0.9919582176922468,0.4167895854843183,0.5149566290052425,0.8754822469863516
0.0,0.3118072289156621,0.8601223509855198,0.021482218137477416,0.5838892769383632,0.5188172304434129,0.13483146067415608,0.4838097951844516,0.9911112013477468,0.4144578965020765,0.5150564339747568,0.8669061563175934
0.0,0.3980722891566263,0.8654763639190866,0.03719736912208155,0.5822567647127737,0.5432936698295304,0.256179775280898,0.452490555099755,0.988750172991494,0.404933441998414,0.5130030892648807,0.819282289993296
0.0,0.25542168674698795,0.8687955359971904,0.047302272357796986,0.5160294976017528,0.5020907572997532,0.26217228464419484,0.5130951269718839,0.9856792075852584,0.3896700366259367,0.5136055825052577,0.8716622183993827
0.0,0.30506024096385553,0.8730442554617921,0.07341988705513064,0.4877828250687117,0.5164789041049448,0.3883211678832115,0.5378704881871192,0.9824611923581102,0.3763916882470584,0.5154508427490749,0.8637185827946923
0.0,0.3903614457831325,0.8741327708220648,0.08916884146878568,0.4816488412567854,0.5240406527772467,0.5153284671532853,0.5695483642759236,0.97969458939292,0.3588682834100462,0.5139864191718035,0.901887245911178
0.0,0.3301204819277108,0.8733946565145823,0.09173601120061432,0.5018824759149811,1.0,0.4510948905109477,0.5868316719807025,0.977193783229672,0.3452527061900388,0.5115209181071798,0.9127654730131424
1.0,0.2655421686746992,0.8734034937549364,0.07367206246429088,0.4610199046625095,0.5236989683571456,0.21459854014598545,0.6078929397835411,0.9746587407276592,0.32993605369337065,0.50934756105238,0.9151435040540368
0.0,0.3132530120481929,0.8754262984715375,0.050454786818513515,0.4902766906732702,0.4976133605273805,0.08237232289950586,0.5998359117460662,0.9725064470425164,0.3221658506259182,0.5088450487599274,0.9034177871662216
1.0,0.3624096385542169,0.8806568370621484,0.052188276427879376,0.4658546011708068,1.0,0.18286655683690287,0.6087084682312371,0.9708578865232956,0.3144224056694737,0.5094554826554583,0.9169712991891928
1.0,0.17349397590361426,0.8842253088251271,0.05167236741669862,0.43248563625236935,0.506059437701877,0.07084019769357383,0.6253629347233342,0.9702160610409002,0.31476821409745226,0.5069432320140335,0.9282100256776756
0.0,0.2963855421686745,0.8917121917178703,0.07950124824039129,0.4456237517470056,0.4511890909358997,0.11986863711001496,0.5969127826714942,0.9693507330539624,0.3168613912744665,0.5084008223467535,0.9249212593445236
0.0,0.3503614457831325,0.8970100468301903,0.08749858694799967,0.4679036460174486,0.0,0.4664574342879562,0.5687082717183576,0.9690483998167128,0.32602733340460466,0.5066086913008683,0.8860189483537194
0.0,0.3715662650602409,0.8981660808689833,0.08137332551226263,0.4772011978876318,0.4833820621606613,0.7546595663750469,0.5657409272460192,0.9690940883700292,0.336038378724192,0.5063489951588641,0.8890673817625254
0.0,0.5195180722891564,0.8957478362151472,0.05678329495811363,0.490494690620001,0.4411289916115376,0.811990067399787,0.5337977587706151,0.9700380548412048,0.35215867733349804,0.5075721826914087,0.8864047459428004
0.0,0.4072289156626503,0.8892109884014403,0.0,0.4927453670693527,0.4488676856558644,0.4377438808087977,0.5113314238831926,0.970740792172978,0.36445026697735294,0.5095618681094003,0.8842607232756113
0.0,0.4693975903614458,0.8911884515023838,0.0064496700563862475,0.5204351102780032,0.4475513573903495,0.3738914508691029,0.45327660661560604,0.970060217039902,0.3749874147659956,0.5057007176331587,0.8076957132195756
0.0,0.304096385542169,0.8946579519123871,0.015669431052993118,0.4579067491940392,0.4385805499039451,0.4341965235899264,0.4128833843448017,0.9684221422996876,0.3777485466042,0.5029376121693906,0.7492884880529241
0.0,0.2448192771084331,0.9004740591357974,0.05433127535301757,0.4398164082916366,1.0,0.4294337453291176,0.4532864322595544,0.9668619232443736,0.3846287879200714,0.5021764514155406,0.7851929620400468
0.0,0.09686746987951766,0.9041213212801442,0.08072814471452305,0.42817140423957534,0.5294127582110533,0.08465835840137474,0.4524266884140921,0.9645147687752814,0.3873269826594175,0.5021516106144432,0.7754721277053265
0.0,0.032289156626505444,0.9113204367527329,0.14467329891753908,0.41155771528833096,0.4425424300390272,0.060344827586207135,0.4271305680696046,0.9628605460350124,0.3882732201694742,0.5004669965841297,0.717760603109149
0.0,0.026024096385542483,0.9178373837205488,0.20238148966439884,0.4110234837889402,1.0,0.1275720164609063,0.4209600636701728,0.9613112008853664,0.39119284977665736,0.5037060294739792,0.7146362750926548
1.0,0.0,0.9226338431181259,0.24806382297646154,0.3963237918029755,0.4966250655696367,0.026289180990900416,0.43874447921630655,0.9619311675875594,0.3966739674851598,0.5013285643609326,0.7234969705402429
1.0,0.13831325301204778,0.928756534471434,0.28116367305801515,0.4379143348972667,0.48696415679621297,0.2890704800817161,0.3797070975539063,0.9633993786810128,0.4084151771167557,0.5006057226116603,0.6911848413170246
1.0,0.14457831325301146,0.9292058221055604,0.2652595245672734,0.4406555533724984,0.4574743800600472,0.26831683168316783,0.4319107438503751,0.9653300910017903,0.4080867863527631,0.504275380062184,0.7922068887005578
0.0,0.17445783132530152,0.9286226475504856,0.2350704994797653,0.45314317404374604,0.5096529818399295,0.17920792079207953,0.4375899660523999,0.9643234699445472,0.402815381627606,0.5009851539342995,0.7940916047914793
0.0,0.29108433734939737,0.9299460189253884,0.19957993455295706,0.4509961500954078,0.5028339430305239,0.2594059405940586,0.443603260148662,0.962730388383318,0.3869161991400325,0.5015301084831307,0.7675980621576837
0.0,0.2650602409638549,0.9323735367773538,0.20384000603775515,0.4908447285963538,1.0,0.23168316831683075,0.4484030872173288,0.9613664079880012,0.3770619899170157,0.5018177252033916,0.7894746828237855
1.0,0.12144578313253003,0.9365816783859986,0.2380131511519971,0.4880483884706765,0.5032044633160608,0.11485148514851458,0.4120531174311836,0.9613035843758531,0.3720499153218565,0.499273827058871,0.7411740895809354
0.0,0.1195180722891569,0.9437850652211228,0.3135710556829637,0.4862558852885286,0.5305611626431235,0.0742574257425743,0.3589504247134596,0.9615754470569025,0.37630658053835264,0.4990887999761262,0.6836017050988525
0.0,0.2592771084337349,0.9512448106309896,0.3783273780664484,0.5338076649765552,0.4981616358136168,0.3950495049504948,0.35075583766071045,0.9618387430049076,0.3885249483840766,0.4984410563459755,0.6917224281214819
0.0,0.12626506024096346,0.9536983121441454,0.4032658626840431,0.5169748385073604,0.5278502487774638,0.17227722772277188,0.4310510000049128,0.960952912408882,0.3875160275762154,0.5006741365747782,0.78372566629141
0.0,0.20819277108433715,0.9605125296585386,0.4279487158267814,0.4968923289105238,0.5328133079663334,0.322772277227722,0.3879360743604733,0.959195334772932,0.3904611944737912,0.4976068870458527,0.703271057591358
0.0,0.25493975903614435,0.964665889210006,0.4484131562792391,0.5165770060060464,0.4555000763835059,0.4366336633663365,0.4166171290450947,0.9584117257232364,0.3915656023990453,0.4997635782440013,0.7464930366697448
1.0,0.14120481927710882,0.9668448885660316,0.4683039211520867,0.4320302269831412,0.49708961352412895,0.19306930693069346,0.4432593626104773,0.9562938009423021,0.3875846382453305,0.5017454542195628,0.7880516589296331
0.0,0.1812048192771088,0.9735806292275164,0.5333315517021228,0.4092511458392878,0.4534783620754462,0.21485148514851515,0.4178698986484827,0.9547959752442524,0.3774541518007805,0.5000831073054021,0.6948467561379766
1.0,0.10746987951807184,0.9806463573179359,0.6011255504192157,0.3433175388588819,0.4982085287194409,0.05148514851485112,0.3830527293182477,0.9532170298998658,0.36851322341166304,0.5010190817910601,0.6829882236867073
0.0,0.2872289156626505,0.99233049627574,0.6931459961087205,0.4342633385626232,0.3925257187330029,0.09501557632398744,0.3597708659831293,0.9529907812369104,0.3683145086830443,0.4992774808311167,0.6438772025247608
0.0,0.3532530120481929,0.9977323262044516,0.7539058358983682,0.4801416090089976,0.4495650925083037,0.3244147157190653,0.4663791028204515,0.9509140321037376,0.3464858100533881,0.5037960633249753,0.7612545378650849
0.0,0.4332530120481928,1.0,0.8044799888232009,0.4991894950920496,0.4798631195832581,0.4698996655518395,0.5441982028897221,0.9470343526872936,0.3177468128792437,0.5061223663419754,0.8290853434863454
0.0,0.5440963855421693,0.9984656521537458,0.8121609914830894,0.5528299977685405,0.5135062729999573,0.7424749163879614,0.6046799542124988,0.9444074546103428,0.3001618919029612,0.5071631458824287,0.8599997470179741
0.0,0.7055421686746985,0.9940421862496648,0.7932910699715077,0.6315142699408285,0.5316544831995449,0.8779264214046818,0.6414671651543363,0.9418736226241744,0.2984834553561692,0.5096290182918909,0.9396258395840976
0.0,0.7151807228915662,0.9876115014219196,0.7543572472189449,0.637557696736518,0.0,0.8359046283309953,0.6668517162943568,0.9400609093420206,0.2980259127217736,0.5078923994323954,0.9493466739188179
0.0,0.7373493975903618,0.9831330670073392,0.7444175035526872,0.6041163127167227,0.4996007425889283,0.8541374474053306,0.6847638652118164,0.9364350814792431,0.28877520694555936,0.5055599611372485,0.9612368291232908
0.0,0.7450602409638556,0.9799439187445564,0.7556751985472288,0.6087160367900251,0.4353291666446376,0.9670329670329679,0.697645284427828,0.9351317517826676,0.2930966837163511,0.5066448251719465,0.9546592964569866
0.0,0.5826506024096384,0.9770183058874092,0.7668418511374049,0.5138634200772496,0.4520195702416352,0.7874899759422609,0.6878294661236356,0.9337452681902416,0.2965901801847713,0.5053140389756553,0.9959522875899663
0.0,0.5007228915662647,0.9782796228144309,0.8007128105393344,0.507850796155102,0.4442934533689125,0.5292702485966315,0.6603225758908171,0.9350167108339285,0.3139360947397508,0.5036208800367877,0.9997795650082829
0.0,0.4506024096385542,0.97996652364837,0.8222236632196007,0.4639416106265768,0.4771144414428333,0.5709703287890943,0.5869102771322876,0.9354718102280264,0.32500500200086635,0.5013951488867169,0.9912634591795008
0.0,0.5966265060240965,0.9798277511513872,0.8315643138509803,0.5338125573816374,0.4635781120805576,0.859663191659984,0.536509636500302,0.9373300988130708,0.34705579239372264,0.5013918885059963,0.9434510017718409
0.0,0.686265060240964,0.97388114724629,0.7776723563804341,0.5877502546372573,0.4556752573470792,0.8047058823529405,0.5326530712506568,0.9370246681956051,0.3565692909434077,0.5009365210650623,0.9655308709281716
1.0,0.7826506024096388,0.9689683538879951,0.7288163698880255,0.5932651500624775,0.4873165535890247,0.8797342192691029,0.5155220610270743,0.9366922236420588,0.3654942787406419,0.499796427246016,0.9324246967425374
1.0,0.7990361445783136,0.9648686634217072,0.6905549690413979,0.6109067261986864,0.4524051327267583,0.9523234761617384,0.4989609381524839,0.9359763605487288,0.3734863103689071,0.498415714317061,0.9340261687338146
1.0,0.7720481927710846,0.9618303747086444,0.7028761586307186,0.6352270440079372,0.0,0.9324721080446268,0.5186760927344278,0.9357428391031648,0.3866110019252715,0.4998391081544306,0.9707509881422924
1.0,0.7204819277108442,0.9577064183767656,0.724520328279203,0.5813091879709249,0.480382665528904,0.9536112742219616,0.5149767377879527,0.9340188706907578,0.39553106561189255,0.4995213256266453,0.9729726046067869
1.0,0.7710843373493974,0.9519732197526284,0.7078362924152236,0.6035963472238454,0.4619814744470681,0.9418672930123306,0.5024490417540739,0.9321529911506172,0.3872077037111601,0.4987492390006775,0.9350415701240284
0.0,0.7913253012048191,0.9433585514426156,0.6662662270117111,0.6130721832211056,0.4645210251436685,0.933249370277078,0.4930508133176781,0.9298013559256284,0.3739888721154549,0.5017541759005794,0.9271091726863842
0.0,0.8626506024096394,0.935235051136996,0.6127304661030977,0.6404809949009375,0.4258939280677826,0.9291166848418766,0.4816628919817834,0.9279504971339428,0.3645651399549629,0.5010143511587705,0.896558538912362
0.0,0.9069879518072292,0.9270348803878176,0.5815554018112803,0.6070215988272304,0.0,0.9400196656833826,0.4685309188450938,0.9261869453189668,0.36740090468244346,0.5000941059445545,0.8739948207714321
0.0,0.9354216867469884,0.9181530948739114,0.5303635781230872,0.5725506392055018,0.4616619027252537,0.9815140845070428,0.4772413522051203,0.9260399855803804,0.3757866225939719,0.5007457102499254,0.8898528008722911
1.0,0.9590361445783134,0.9072394713478624,0.4655299834836738,0.5828242486539729,0.4707232573596781,1.0,0.4554087713523525,0.9254973054089398,0.3817339675961916,0.4989215272272374,0.8972127572577342
1.0,1.0,0.8981945301527341,0.4164139530824936,0.5984502138901917,0.5522777952558594,0.9840848806366042,0.4562390382659701,0.924363090670345,0.3862672060490453,0.4990391361698044,0.8832288401253916
1.0,0.7874698795180726,0.8907381941380863,0.3963078132897564,0.5312251808246371,0.5703769774408536,0.8062871707731519,0.4767107674319208,0.9215762221590416,0.3818780150436272,0.4968995783637091,0.8957339512062151
1.0,0.7204819277108442,0.8883165093450776,0.4013211829659418,0.5461149706952511,0.5189894499762617,0.7519116397621068,0.4399088180241612,0.91755547719035,0.3691193338551194,0.494294936807014,0.8237767479896415
1.0,0.7320481927710847,0.885495173551728,0.40201433114887225,0.55121345108984,0.5658490493622017,0.7238742565845371,0.4668949491277285,0.9146545019112768,0.3599232351567643,0.4965109093646173,0.8063172958975059
1.0,0.7040963855421691,0.8822776116943645,0.3887602179278621,0.5885569770081212,0.5405696968372817,0.6890399320305867,0.4341264265606808,0.9119164689769054,0.3511248794963626,0.4977064140426675,0.7724955703966201
1.0,0.7898795180722893,0.8797859884196342,0.3930713730928052,0.6460403442517597,0.5707315691988445,0.8462192013593881,0.4052095564213037,0.9114361780229088,0.35274846280466376,0.4955580909391003,0.7157012402889464
1.0,0.8072289156626511,0.8742899249557017,0.3748236292762532,0.606313874037304,0.0,0.8538657604078166,0.4318026617669458,0.9107393515047414,0.3553603632656702,0.4976111889231361,0.7698855117895598
1.0,0.8216867469879522,0.8683577610840352,0.3631176521448967,0.6129360829112795,0.5766023339823773,0.9643160577740016,0.4356051859748761,0.9102988049869072,0.3592588724181224,0.4942056180849842,0.7705601744582253
1.0,0.7320481927710847,0.8591719433775422,0.34631865873604845,0.6156331392726989,0.5437373955001754,0.9834791059280854,0.4463151378783485,0.908903113079778,0.3612660757289139,0.495055708665746,0.7862545999727406
1.0,0.659759036144578,0.8537775270058556,0.3664354490593207,0.5873600401964665,0.5012117852940455,0.9006849315068489,0.42813278375231534,0.9074406262830316,0.35586270321800817,0.493732891900545,0.7458566171459724
1.0,0.3850602409638554,0.8518682933285091,0.39390081518938985,0.4791964182507863,0.4891769454138742,0.7111872146118722,0.41698067787117626,0.9057930563054508,0.3534458735130903,0.4928933601922876,0.7262709554313753
1.0,0.33590361445783146,0.8531589983217179,0.4155284849327697,0.45687928699738,0.4683523790684082,0.7305936073059359,0.3672678323155599,0.9055891792337708,0.3606139574011201,0.4889760012919554,0.6456930625596289
1.0,0.407710843373494,0.8505180426352876,0.3916573867250189,0.4420743886625624,0.4579273261157163,0.7499999999999994,0.34912969358729345,0.9063606378840322,0.37549479970289423,0.4874189107602656,0.652139839171323
1.0,0.4992771084337345,0.8447857932299796,0.3464123074486207,0.43473663240016464,0.4720198212627151,0.8882743362831853,0.3698224997420768,0.9066304708019668,0.3883580718522817,0.4890780969859064,0.6974717186861114
1.0,0.5012048192771084,0.8390459475955889,0.3210661310617713,0.4360856838567305,0.4743970889129701,0.7610619469026553,0.3828709549052072,0.9064287662884244,0.3960462277605389,0.4901725350199325,0.6871064467766117
1.0,0.33301204819277114,0.8344702118356306,0.3020329620596295,0.4097371495255833,0.4680263830195104,0.6471238938053099,0.3947894610143015,0.9053514404157508,0.3998284357510196,0.4910812658404163,0.7261823633637726
1.0,0.2877108433734934,0.8330098142650122,0.3061756145459529,0.38551645918111904,0.4646726035908598,0.4701327433628311,0.4044235049054528,0.9060787799640077,0.4133184878613197,0.4918691358917499,0.7250715551315251
1.0,0.233734939759036,0.8318040032339231,0.2990981414161017,0.4043080554065609,0.4687599426508902,0.3727876106194688,0.3364202231403741,0.9049158173175316,0.4130649161615235,0.4900435248345068,0.6704988414883466
1.0,0.2409638554216869,0.8338489354165826,0.31341142128983657,0.4081448587529938,0.4921134021004193,0.3517699115044248,0.3372357515880697,0.9034348682909399,0.40675962231656415,0.4901602220311472,0.6293716777974646
1.0,0.11180722891566236,0.8362908483225698,0.33271944976117623,0.390115960515424,1.0,0.21017699115044236,0.3398493728782748,0.9005173007551112,0.3877162440934221,0.4904190912082492,0.5978601608286764
1.0,0.025542168674698832,0.8412142555780628,0.3501600485049516,0.3724172450742101,0.4712545695011828,0.04203539823008878,0.34695331345278024,0.8983390407237725,0.3726386234005065,0.4910216439569127,0.5922516014719909
1.0,0.15518072289156598,0.8476349724077341,0.3743289604553602,0.39152353441615945,0.4573896636459597,0.0977835723598436,0.2880338395177576,0.8957194725996119,0.3595310076933221,0.485997611681476,0.4893757666621237
1.0,0.2351807228915655,0.85164370809993,0.3824909464100325,0.3911214344924352,1.0,0.19556714471968634,0.35776643461770874,0.8937169562977799,0.3508677961665204,0.4883419647744216,0.5352119394848028
1.0,0.16722891566265066,0.8542351028125521,0.4042876125760026,0.4016815949565374,0.4810808750901155,0.12125162972620605,0.39991353433325627,0.8926098722607155,0.34684411592682873,0.4882717955050132,0.5830039525691697
1.0,0.2332530120481924,0.8592188774267819,0.4454048446864297,0.3965005104145664,0.4757481925370222,0.084958217270195,0.3748434037995766,0.8918551246853271,0.3439907260814954,0.4898046215588602,0.5665121984462314
1.0,0.2346987951807229,0.8628990506109581,0.4835431033933152,0.3971880586111986,1.0,0.09470752089136496,0.40884995750408987,0.892050932982858,0.3437175060483174,0.4890434472504544,0.5830039525691697
1.0,0.2568674698795181,0.8680796695370954,0.5233083881467058,0.41043909211356255,0.4619656819561528,0.05710306406685195,0.4045905408525709,0.891926214419753,0.3427521084554899,0.4886106842799303,0.5960610603789012
0.0,0.29734939759036105,0.8733837279794612,0.5567979413125733,0.4292051620586556,0.4446916092336028,0.05641864268192955,0.4020800888238212,0.8909334954581068,0.3382157670740238,0.4883593711304875,0.6032233883058469
0.0,0.373493975903614,0.8761734618443602,0.5695334463478656,0.42183592495371935,0.4414560589797762,0.15944399018806135,0.4832251693695376,0.8895453175368554,0.3332464962924723,0.4916168436641348,0.6569578846940167
0.0,0.4583132530120487,0.8773380271684192,0.5651009490383531,0.4669173718355482,0.4713081284104672,0.04006541291905228,0.4999484153692722,0.8883536832734008,0.33231799897769176,0.4929977140936515,0.6864794875289626
0.0,0.6934939759036145,0.8809339001790133,0.5885967029855067,0.5554335213756363,0.5036452708331576,0.7472375690607735,0.4411075465858345,0.8893645003090763,0.3435061935299686,0.4917603536412383,0.6324860297124166
0.0,0.7219277108433735,0.8800065104787027,0.6001325266124293,0.5761015383598029,0.4510046445159929,0.91969887076537,0.4898820431444025,0.8914295082385079,0.3614352991774944,0.4957421028872048,0.7220253509608829
0.0,0.6332530120481925,0.8778403739731717,0.6242266848466822,0.5731573967247896,0.4221229060318245,0.7804265997490587,0.5025915135913219,0.8942960785249082,0.3834847735356708,0.4966009290630462,0.7729317159602013
0.0,0.5845783132530122,0.8770012332796739,0.6413620502264159,0.5938505846022096,0.5079515052717567,0.6988707653701388,0.4467916816098335,0.8966973874118301,0.4068567695459243,0.4953938353540792,0.7651219844623138
0.0,0.5310843373493978,0.8763793881354338,0.6533930785708857,0.5657873295879932,0.4605854710068947,0.549560853199499,0.4109329940210957,0.8965438401631062,0.4069541651642597,0.4962025600480349,0.7290786424969333
0.0,0.6693975903614462,0.87751807171971,0.6754608528979816,0.6286988753617312,0.4404157885668194,0.8582183186951071,0.40951318847058976,0.8940435126043457,0.39444065881291934,0.4962746411609034,0.6697969197219574
0.0,0.6424096385542172,0.8741147195670236,0.6751374316206888,0.6149580483391672,0.47274260234123205,0.7754077791718954,0.5181012925634612,0.8919397844212121,0.3807171752540132,0.5015629693907931,0.8031688701103988
0.0,0.6616867469879517,0.8716666492858882,0.6867049465086192,0.5827128376762744,0.4688655316645053,0.805520702634881,0.5048661501653164,0.8896648144313529,0.37497712822563145,0.5003373698253408,0.8038639771023577
0.0,0.6612048192771085,0.8687795612918945,0.6997904231349903,0.5830720268361637,0.5120883745434572,0.7628607277289834,0.5479515988779113,0.8880566927503578,0.3748029323347437,0.5002594016372464,0.8229112716369085
0.0,0.7180722891566265,0.8658643793539884,0.7146085812137469,0.6523133860623372,0.0,0.9385194479297372,0.5546772521604135,0.8836237221187632,0.3567433626637009,0.5007744815840817,0.8379378492571894
0.0,0.7566265060240963,0.8616103971943622,0.7280393176098667,0.6358316912199184,0.5194814665185907,0.972396486825596,0.6672545676962303,0.8797216716046318,0.34474248278668784,0.5064833377915228,0.9201921766389528
1.0,0.6448192771084339,0.8555617818568169,0.7204021762420583,0.5671861680372661,0.5196704669755108,0.9277108433734951,0.7110622012390136,0.8773377306278106,0.3425806748666941,0.5064066789933458,0.9612034891645084
1.0,0.6279518072289161,0.8513011419515413,0.7251834636637469,0.5585123462429693,0.4262739394824669,0.8058902275769759,0.6431227861595981,0.877247404222797,0.3549358913434193,0.5039626807944729,0.9405002044432328
0.0,0.659277108433735,0.8458339935806021,0.7133896699654134,0.5940579041785251,0.4898362710773996,0.9567642956764292,0.6293423205223312,0.8766975589510021,0.3623514243119814,0.5064800147900976,0.9341420198991413
0.0,0.6636144578313259,0.8381876761144607,0.699759733229594,0.5990845459477666,0.4261803022141457,0.789400278940029,0.6802637202835677,0.873022022205694,0.3492957760794213,0.506964638676507,0.96579721219647
1.0,0.7069879518072291,0.8309963612320752,0.6789927384870664,0.5738736624976509,0.5265138234549617,0.7949790794979079,0.6935086883256611,0.8711559048070182,0.3464067801342846,0.5082500835766249,0.9491768269801526
1.0,0.7113253012048193,0.8243979652414233,0.6650104486731176,0.5779616231222883,0.0,0.7256857855361591,0.6355865172513743,0.8690790634239348,0.34214538878439915,0.5027965071434312,0.9503162376251136
1.0,0.6963855421686753,0.8188794829509418,0.6510026139301652,0.5569497314531165,0.6223748265098489,0.762652705061083,0.6726046308259926,0.8691438451284822,0.3472105395906557,0.5021298460171558,0.952861148826134
1.0,0.6597590361445786,0.8130182963516659,0.6440492242975963,0.5373940524861079,0.5486097817997648,0.6521233275159982,0.6611577556264089,0.8695624672711685,0.3601487758770009,0.5008393620194007,0.9746873443544588
1.0,0.5566265060240962,0.8089258321357724,0.6563927827133909,0.467851993918021,0.5384036097339521,0.6853685368536839,0.5877700209777498,0.8683161195520642,0.3617194359805965,0.4981327674460186,0.993018928636383
1.0,0.4525301204819277,0.8077127457496054,0.6794014296325164,0.4159975585716139,0.4866971087149048,0.5005500550055001,0.6339014193142679,0.86873503670035,0.3761015385639472,0.5021791785519819,0.9606444107589802
1.0,0.5599999999999998,0.8084191816895228,0.72904940450911,0.45620155444849797,0.5346962489892721,0.6325632563256324,0.5665908454475332,0.8688481991934284,0.3842011051872184,0.5000526123234235,0.9596855501110444
1.0,0.6053012048192772,0.8065418831837736,0.7516529707520581,0.4474417791581807,0.6142752824744909,0.7931793179317936,0.511483721364389,0.8720083331584382,0.4085524655340299,0.4954587276919483,0.9649874854584553
1.0,0.6313253012048194,0.8044670520322812,0.7869941546580171,0.4141942004379765,0.5327088286742659,0.9170212765957446,0.5059224068897418,0.8721761381976602,0.4160770562973791,0.49878581052762105,0.9995068307619832
1.0,0.6308433734939761,0.8018023865455661,0.8051458321031908,0.4140291932620365,0.5141873012692791,0.9000000000000002,0.4845074159047696,0.8716952449691046,0.4211351961042942,0.4973419330315912,0.9859175256165831
1.0,0.6028915662650601,0.7987412562347471,0.8152994411506483,0.4511249153465378,0.5875930802154065,0.8127659574468066,0.4503240006091901,0.8712841350371344,0.4297158391478765,0.4945526599488297,1.0
1.0,0.6221686746987953,0.7962149096130909,0.8320674679289352,0.4650152369024729,0.515169602078013,0.7962577962577956,0.42957224059071797,0.8710784246795863,0.4414582073458878,0.4930978391639168,0.9817780360255668
1.0,0.616385542168675,0.7928572209375209,0.8380457071249378,0.4612907513593729,0.5325752063078703,0.7908256880733944,0.4334877597040516,0.8693101916751459,0.4441854519571122,0.4896812689329903,0.9950352777190468
1.0,0.632289156626506,0.789294436361275,0.8523350304706896,0.4730296650803044,0.5360807073189678,0.7370304114490152,0.4180614987054712,0.8687743030438005,0.4516535946819288,0.4885814023727938,0.9765462455078492
1.0,0.6814457831325306,0.7856497371056546,0.8557275627866017,0.45018618720336784,0.5548810704022958,0.7999807981566229,0.4020948272897432,0.8677820368724097,0.4561024907740915,0.4872754021718458,0.9972653048357604
0.0,0.6746987951807231,0.7814853351309936,0.8618210183593922,0.4471960682940716,0.0,0.7685305591677504,0.41005851170971136,0.8649820180052606,0.4479710412668296,0.4879023393225425,0.984671521341656
0.0,0.7595180722891569,0.7788021969904458,0.8801841897759726,0.5116625101457948,0.5621929942659867,0.9635890767230166,0.4357820475659424,0.86068824290037,0.4324404446244202,0.4899425499386785,0.95663892566673
1.0,0.7151807228915665,0.7730716974077538,0.8915417277567628,0.5268110242629329,0.0,0.9157754010695192,0.4559098791937079,0.8563138393484516,0.4140051797224517,0.4877535988827285,0.9747178614210958
1.0,0.7402409638554217,0.7677710473805339,0.9072498350021864,0.4840657178562108,0.5274913523508967,0.9411764705882356,0.4371379864307858,0.8525823449404429,0.4018668290520983,0.486498133704486,0.9896087706415752
1.0,0.6973493975903615,0.7605215958467904,0.9108851649898342,0.4589803456842654,0.4714841271292672,0.9916805324459228,0.4542100427906791,0.8484110546893927,0.386643844622394,0.4878674826806054,0.9759985655492746
1.0,0.6987951807228916,0.7553465432810071,0.928252799089558,0.4625190038439904,0.4578115623828872,0.8986254295532641,0.42955258930282136,0.8437887470625999,0.3711734134496004,0.4861697371865194,0.8890862207346433
1.0,0.6496385542168673,0.7513293777326899,0.94630296079052,0.4848959187442214,0.47118623862140097,0.7684729064039404,0.4285700249080073,0.8416193478706254,0.3677803058656063,0.486250583758633,0.83327925681791
1.0,0.6766265060240964,0.749151755227941,0.9734424741320796,0.4674434793939584,0.4679804928999068,0.8562691131498464,0.3975455541417546,0.8411592677477139,0.3746906492889596,0.4873841006814388,0.8290271350262131
1.0,0.6718072289156626,0.7451408595345963,0.9849216753821556,0.4642572620546973,0.4806863957430908,0.8272171253822626,0.4135220512014305,0.8427683105013591,0.389389588842974,0.4885821016650253,0.8788486825253162
1.0,0.6886746987951808,0.7402558069352787,0.9933439034415704,0.4783290607380946,0.0,0.775417298937784,0.3796874462660096,0.8418683794876629,0.3876805970190113,0.4896142833313773,0.8537116412507045
1.0,0.808674698795181,0.7353018607351272,1.0,0.6713488692760925,0.4732831131662715,0.9864077669902908,0.4222079204515866,0.8388694683904846,0.3763443078850925,0.4892545975217111,0.8769873119418026
1.0,0.7460240963855425,0.7259108036343676,0.9670882592648712,0.636357776513771,0.6020031583952394,0.9094339622641512,0.5268903310750728,0.8351814939617758,0.3605171944584712,0.493728634292148,0.9858262606943424
1.0,0.8530120481927714,0.7196651551068038,0.9563629531932551,0.7023184067294891,0.6490138238009425,0.8830188679245283,0.4580027413546614,0.8328045172576625,0.359429900910524,0.4922939745739936,0.9382820008237608
1.0,0.8472289156626509,0.7123117006074655,0.9399155770581308,0.7000177689639696,0.0,0.8893320039880359,0.4540086170897427,0.8317296683705023,0.3659584792029905,0.4918832794208289,0.9585556725092677
1.0,0.8881927710843378,0.7064694277087524,0.9472447953008848,0.7199743080652233,0.6488023039401241,0.8872970391595032,0.4568138384369364,0.8304642758352537,0.3736044803295616,0.4922128413409267,0.9264289963846049
1.0,0.910843373493976,0.7006745111967001,0.9576622323046105,0.6830795508483383,0.4738676734840586,0.9740882917466408,0.4576932335702954,0.8271795349152871,0.3683357951451155,0.4922689435326801,0.9321953228685188
1.0,0.8496385542168674,0.6936255433366987,0.9571235473958416,0.5630255767096514,0.4854647783811506,0.9261036468330132,0.4629597787264982,0.8229760817689175,0.35202045829376283,0.4929063601376166,0.872234680334996
1.0,0.9098795180722892,0.6873114034094123,0.963681411904174,0.5947223999564138,0.4795348226323988,0.9917695473251024,0.5080545716264878,0.8186378740979242,0.3374704218898886,0.4929281193953516,0.8776165850533156
1.0,0.8746987951807234,0.6792523342995669,0.9529175921072874,0.6504645575904471,0.4821922425789429,0.9956989247311828,0.5061434838785747,0.8142979181921043,0.3176686869847967,0.49282963971108,0.8639970710722619
1.0,0.8520481927710846,0.6726516423638289,0.9557321918166566,0.6419587964009965,0.48202985388314,0.9989130434782604,0.5324074301519532,0.8100005040494699,0.3006748325693719,0.4951208131984407,0.8460299299803211
1.0,0.838072289156627,0.6664103380586734,0.9596362347455883,0.6360680199333109,0.0,0.9566520436085659,0.5293762189939525,0.8092091718486106,0.2990054933802868,0.4952929053417315,0.7620337741979775
1.0,0.8448192771084342,0.6602293373459676,0.9615226435436576,0.6405696126115736,0.4845072053519424,0.9299409088976748,0.4490122771421129,0.8115082426393202,0.3175614059716733,0.488136835360738,0.7633060271841103
1.0,0.8809638554216871,0.6531329225724187,0.9673599767164344,0.6324251934258786,0.53172046093171,0.9913606911447078,0.4340183444772512,0.8134435154382093,0.33348110954720755,0.4867376130839844,0.7996613427303098
1.0,0.9137349397590364,0.6444791267008965,0.9496509284836034,0.6499085891561404,0.510980813004867,0.9664363277393876,0.5102407774049492,0.8151422768397353,0.3518603225130448,0.4891976398355828,0.8435586472015011
1.0,0.9257831325301208,0.6353161157714882,0.9263799036264622,0.6570900700454394,0.4680517218205572,0.9797101449275359,0.4357967860318642,0.8173869272394364,0.3745465492438905,0.4829128014551648,0.8496819367534663
1.0,0.9093975903614462,0.6258149098920351,0.8857157308573211,0.6528494131007997,0.5372177818182962,0.922133081642284,0.3903384443057937,0.8223496950428019,0.4117809321282081,0.479232881549156,0.8641984348542402
1.0,0.975903614457832,0.6176591358818295,0.865701262930602,0.6175576059322113,0.5440728912952625,0.9596296232670802,0.3627971643191569,0.8236403688575223,0.4279266821214307,0.4808512265819585,0.8386160816438609
1.0,0.9638554216867472,0.6086489501927266,0.8505746862080912,0.6773823203107093,0.0,0.9531380753138072,0.3787147075151439,0.8240053826329853,0.43889280524874,0.4783485420616788,0.8436867877900327
1.0,0.9532530120481932,0.5993896108266543,0.8517963793552511,0.7211442799015473,0.5739220585277134,0.9465460526315792,0.3671106220123903,0.8243392184993831,0.4454508775342063,0.4773980763310982,0.8739645782801704
1.0,0.9508433734939764,0.5888941741507665,0.8424014347506441,0.7226775069438172,0.7155138338507362,0.9408181026979984,0.3606699124043841,0.8232504453674431,0.4429074326787089,0.4768814540264836,0.8879044437325522
1.0,0.9166265060240968,0.5786410337499988,0.8227177644163055,0.7128893933742236,0.0,0.8459616985845128,0.3934924760131464,0.8217145670854676,0.4314417969872753,0.479408320606241,0.8627705825820327
1.0,0.8862650602409641,0.5706009256754554,0.7959998817782505,0.7136120661964543,0.7216628453874092,0.8195364238410596,0.34620656451272186,0.8208673169839732,0.4294653184751066,0.479574924217506,0.8079172577914058
1.0,0.7286746987951811,0.5620105182354476,0.7588394120713972,0.6082832642062168,0.6726543750631484,0.9828947368421048,0.3307360881163747,0.8214456684281203,0.4364926705737455,0.4783689235563176,0.8350006864674381
1.0,0.7681927710843374,0.5566642244284743,0.7468803565638357,0.6320912677394815,0.5858497940503405,0.9973082099596228,0.3376729927437621,0.8206673981109266,0.440472271164826,0.4789002839317435,0.8181227403780147
1.0,0.741686746987952,0.5499373470110371,0.7194050763512416,0.6197641853898338,0.5718312045854629,0.9037940379403792,0.3524802381736092,0.8184452406776659,0.43407531377556696,0.4762980226996654,0.819651274541211
1.0,0.7320481927710843,0.5442143476744379,0.6975424379257062,0.6149095269487982,0.0,0.8635135135135138,0.3528044844238977,0.8166811374360526,0.4305453720824126,0.4763358674767772,0.8075145302274493
1.0,0.8120481927710845,0.5388792904531838,0.6699398391150362,0.6688449584505869,0.5573323614823049,0.9935400516795868,0.3529911716589124,0.8138219163003707,0.4228014373964904,0.4763579473503994,0.8003386572696898
1.0,0.7465060240963858,0.5313905598154802,0.640466553416837,0.6828911305588093,0.5294148256799776,0.9202657807308976,0.3974669489901692,0.8115764950597172,0.4150387557121191,0.4760283381592553,0.8050249416502673
1.0,0.7561445783132529,0.5259256603031084,0.6315748206756107,0.639802834934435,0.4945016452536252,0.9866777685262276,0.3485450677723793,0.8088242380143714,0.4058793838018343,0.4760882746847229,0.7287721385748938
1.0,0.7628915662650603,0.5195701821907359,0.6248696906719144,0.6453186891710752,0.5179272890011952,0.9447900466562984,0.3625220462886087,0.8076939794709582,0.4018583556989249,0.4771626351700967,0.7266029014690405
1.0,0.7667469879518072,0.5130081641401596,0.6015853590818054,0.648069627839783,0.5188958510461329,0.9318299637117672,0.3655434318026619,0.8067034942462276,0.4058917946505435,0.4774090740312862,0.7164614891766969
1.0,0.7595180722891566,0.5062152050553967,0.5691743802294685,0.6452038286893788,0.5240999978166601,0.8801449650530673,0.3916649062387926,0.8066808723206421,0.40992661361434135,0.4793585456799765,0.7869296599697955
1.0,0.7484337349397592,0.4982076314992459,0.5055390932017998,0.6397430966229222,0.6275960622637974,0.8396295393614426,0.3547155721718112,0.8062277262756766,0.4128726905830923,0.4802845967290337,0.7335133403505565
1.0,0.7831325301204821,0.4917574614023048,0.4738180349913582,0.6656683193562947,0.5855431810376878,0.9815078236130864,0.3564350598627357,0.8048805051282998,0.4073175059906176,0.4804437704361034,0.7123243787469681
1.0,0.6698795180722895,0.486402572731898,0.4566574876217755,0.5180969467349982,0.5892712748921156,0.979228486646884,0.35020068877764066,0.8027264383881053,0.4065351617604696,0.48000482737615,0.6722529861333578
1.0,0.6313253012048194,0.4833480822410132,0.4652838723105087,0.5391641355532679,0.5707915602009974,0.982142857142856,0.3404634756250336,0.8002681271862474,0.4058004956536421,0.4792821696660241,0.6294448766646833
1.0,0.5812048192771082,0.4796115217285194,0.4689334434548764,0.5037833386309648,0.5372242582614011,0.9171374764595096,0.3444772511778489,0.7970790583291737,0.4031164110327419,0.4796408146183354,0.592650221957805
1.0,0.5855421686746991,0.4767661418069971,0.4609405974384829,0.509764040604647,0.5417626548109026,0.9472693032015064,0.32485544021341284,0.7951824417575138,0.4032293787751856,0.4781208881475724,0.4874467987735114
1.0,0.6313253012048194,0.47172538864261704,0.4479946783622605,0.4930607693856784,0.5735821340193169,0.9717514124293788,0.3330795041980064,0.7946009269404705,0.3964820985578917,0.478766355927384,0.5328909432062605
1.0,0.7098795180722891,0.4662063266683477,0.4157299258104376,0.5499941648299119,0.5513016168354965,0.8885298869143773,0.3568428240865837,0.7951394054038771,0.39084068180916864,0.4806947167721231,0.5779598187725964
1.0,0.6693975903614459,0.4623005008940202,0.4018895465081799,0.5642280351966149,0.601593234951302,0.8180379746835434,0.31580602213717585,0.7953751226471767,0.3809663984573809,0.4773929424570876,0.4914100041188048
1.0,0.6419277108433735,0.4612354880612886,0.4039715373873046,0.5242475569526124,0.0,0.8655063291139239,0.24562636023758394,0.7960552436733322,0.3842373172448119,0.4751895300488125,0.3841563315180083
1.0,0.6568674698795179,0.4600474458166736,0.38927699622353773,0.5386488275796887,0.5698754672070914,0.9984177215189866,0.24321907747028956,0.7977717371418577,0.3956322133102009,0.4749925607570071,0.38701203606242257
1.0,0.5672289156626508,0.4558279362078897,0.35227003847455723,0.5107827196381362,0.4246294110404235,0.9941413401684372,0.28024701668885604,0.798935055330784,0.4029552629788888,0.4781037834808141,0.4755663356368128
1.0,0.586024096385542,0.4532729099572381,0.3306559558545269,0.5241484550734273,0.3913166347347615,0.9825242718446596,0.2404678971648103,0.7999421942582979,0.4110124787838095,0.4747046865030202,0.3994508260491511
1.0,0.5373493975903617,0.4507776788419657,0.32885130108111216,0.5299653897500762,0.4841597866559381,0.9880478087649409,0.2181636854025321,0.7998852837797391,0.4138499831591146,0.4764969666809279,0.3719555169099813
1.0,0.4515662650602411,0.4491673613274131,0.3333367845491958,0.5167948119329524,0.3878492538524022,0.9531615925058556,0.2463583707117205,0.7990353550526285,0.4127668426187021,0.475184147064797,0.3822159168916756
1.0,0.4414457831325303,0.4479190089726032,0.3146506782655333,0.5092858826979932,0.38629734461382736,0.9430523917995444,0.2494927511311773,0.7979343082672145,0.412778627470704,0.4754100911321942,0.34431376138391856
1.0,0.4621686746987953,0.44536972332983976,0.28402851423208164,0.5236796887502977,0.3777133794805205,0.8459915611814351,0.27313325047040243,0.7976451194547746,0.4164245843026765,0.477460781309844,0.3931902430094731
1.0,0.4612048192771084,0.4419306045887306,0.24648603456272575,0.5231896194524694,0.41382917558249,0.7468354430379753,0.27644449248092584,0.798487953280186,0.4315732807494129,0.4777409882004089,0.3891538144707336
1.0,0.4867469879518073,0.4405228171893232,0.24645345321841336,0.5403524963434596,0.4134381378849642,0.7088607594936716,0.25492633223449884,0.7987585342109488,0.4379091387181415,0.4795893574385321,0.3653745823989748
1.0,0.4106024096385543,0.4400408770691379,0.25383038613580905,0.5394459506403146,0.4261499254092021,0.6561181434599161,0.23238630501746504,0.7992806273460765,0.4479273288371477,0.4775539142083596,0.3010937714521074
1.0,0.367710843373494,0.4419290175182357,0.27967322984435383,0.5646407159889508,0.4368066096432113,0.622362869198312,0.2251398926057116,0.7990167007026484,0.4440059819823709,0.4768987293088609,0.2845270239348314
1.0,0.21253012048192768,0.4422141115784029,0.2761788543809638,0.5156520550524593,0.4531788616232768,0.20299500831946746,0.21472471002068305,0.7989451226005572,0.44267699936051785,0.4758860395891034,0.2347260994920143
1.0,0.3513253012048191,0.4447068072383537,0.2861545726830962,0.5509123512278961,0.5008619375816287,0.4810543657331128,0.1445204840112209,0.7990479403335337,0.4381246187287471,0.4690183197527474,0.08755663356368157
1.0,0.407710843373494,0.4434128890437266,0.2763525004806181,0.5372362773485224,0.4806784058911333,0.5222405271828656,0.2349016698681891,0.801727582356277,0.4592127760905325,0.4736030617679782,0.2530685094503686
1.0,0.3696385542168674,0.4410086502317046,0.261327742744148,0.5656092232275318,0.4562299224158589,0.4991762767710051,0.18915838446762206,0.8046997622492209,0.4825920182247442,0.47320450293411104,0.232364651503364
1.0,0.4544578313253011,0.4400263336731796,0.24328964646455215,0.5654948425718906,0.4342548485183293,0.5107084019769348,0.1655915774580076,0.8073771943133393,0.5018072436467715,0.4747681368848061,0.21237471969246274
1.0,0.3927710843373496,0.4371885827432753,0.19902776097794694,0.5809639602456378,1.0,0.3756177924217464,0.17742656559354258,0.8116731504607012,0.5179151684793136,0.4721271944076815,0.2126767653654296
1.0,0.32771084337349404,0.4375535947981654,0.1863203672623389,0.5340926032064455,0.6093726640390625,0.0,0.08775282610084051,0.8151962097138078,0.5280261130908325,0.4681592658787941,0.18075145302274492
1.0,0.3243373493975901,0.4412752743837361,0.1812973535000383,0.5328210647140476,0.29700975805157115,0.010434782608694812,0.0,0.8201376421889496,0.5478149204580843,0.4589856544876641,0.0013327328376182429
1.0,0.3845783132530121,0.4456768335907986,0.2413604582412202,0.5199534026456917,0.4638936320786379,0.10242085661080144,0.02110057037863133,0.8223139521149451,0.5538848319669357,0.4612184974223598,0.01263186845569036
1.0,0.4057831325301205,0.4508339946181008,0.3057788660978361,0.5335756040543926,0.4704184531719898,0.13157894736842207,0.07319613459167068,0.8246421373972689,0.5645717591672643,0.4623483356610841,0.0489676914200937
0.0,0.30891566265060244,0.4554789963937165,0.389749210145913,0.4822695600138164,1.0,0.27058771678529675,0.09306849947678447,0.8253015807484262,0.5666736962204825,0.4642329222883833,0.025418826618016668
1.0,0.2828915662650603,0.45835406547341995,0.414902721438363,0.462802547983931,0.5395569514215328,0.1031093677692325,0.1657193108293333,0.8260509755876743,0.5687644187390577,0.4671727428980582,0.12675894681266214
1.0,0.3807228915662649,0.4605223916877876,0.4232081958032656,0.472912098563132,0.5433607050848549,0.30364265409109864,0.1573675134734141,0.8263129183875674,0.5739383393319314,0.4663276438441274,0.09299175906158892
0.0,0.4149397590361445,0.4614023013764745,0.4328001136281591,0.4930551850027514,0.5478455168044569,0.4997686154388588,0.19790320758146698,0.8258562191061206,0.5738394525735608,0.4700690076331007,0.18894474668870406
0.0,0.4178313253012048,0.4628589996871186,0.4536080539362528,0.4948824410611105,0.5049569417794652,0.5614711650763565,0.27489695355909394,0.8258515651603314,0.5789710984839034,0.4734029800860774,0.2839680462778049
0.0,0.32144578313253,0.4638692896643311,0.4799481218430126,0.4895444174817448,0.5168923705716367,0.43806606580136104,0.26796987457565485,0.8255301495623516,0.5785790736097048,0.4727790124295091,0.2950095264329823
0.0,0.2901204819277108,0.4658063717220142,0.5000493479838674,0.5205640617177547,0.5397539127620082,0.3366754963987833,0.24239863620062002,0.8265468932719237,0.5891413545539804,0.4741112239360062,0.2352799393981133
0.0,0.2708433734939759,0.4664334178913063,0.4954987473669272,0.5049433793835787,0.5475656005119408,0.16937744225536538,0.2361888292253952,0.8270807627492834,0.5945911460032505,0.4735214347472867,0.2144709960287401
0.0,0.4048192771084336,0.4685303041141815,0.4911921217280273,0.5373976648040341,0.5241666669270845,0.44147793530964224,0.2195392755552716,0.828809385320718,0.6074749739843031,0.4719187970986953,0.16465808139935267
0.0,0.42795180722891535,0.4685572909336638,0.467312786804083,0.5514051668285794,0.5174953222802787,0.5908263262341696,0.2591267950223289,0.8303185256086708,0.6137274282457107,0.4756109486980394,0.3228198241627071
0.0,0.4901204819277109,0.4686566807015506,0.4603959641392063,0.591237920394053,0.5383825432856322,0.8956607131897136,0.26859871578833594,0.8317707814381153,0.6215781915148652,0.4764707539186663,0.31756306957739394
0.0,0.4255421686746986,0.4652299576986664,0.4206471747093676,0.598700595547633,0.5442124142282296,0.654248245667874,0.34698770320659905,0.8315287926192646,0.6131891451731274,0.4835541420381924,0.5106397631017152
0.0,0.4168674698795179,0.4633860923933823,0.4007671801449311,0.5922174320881188,0.5600626519996816,0.4660283557355915,0.3216031520665785,0.8304484266892891,0.6041180784129793,0.4812732000889814,0.4181989302848749
0.0,0.4573493975903615,0.4626585941712895,0.38205495477890705,0.5720060106518159,0.5676238629528928,0.5990097997094875,0.3096846459574845,0.8294225458006145,0.594141254819848,0.4801839795588331,0.3456603080595921
1.0,0.3845783132530118,0.4623269510919902,0.3825771215799013,0.5104985613290532,0.581740557096448,0.2532580453773599,0.3302890213167346,0.8296974224905523,0.5971471495480375,0.4784216064741752,0.3923627849321675
1.0,0.3431325301204817,0.465907708887194,0.4050136759565132,0.4808540791772534,0.4348534556733644,0.3473679903435011,0.2646979351409242,0.8300024856629075,0.6023764647904214,0.4758756889760157,0.270344099350366
1.0,0.2496385542168673,0.468185783082824,0.4229849890548195,0.4532242615414704,0.5844486352761075,0.15710223204239002,0.280802165571926,0.8306933364115799,0.6095319815578062,0.4737045216327101,0.2725248490691642
0.0,0.3397590361445784,0.4729304795715035,0.4551425755037375,0.48294619509195,1.0,0.23704237139687445,0.24338120059543406,0.8299908541875697,0.6081966506248856,0.4700330318059245,0.1850653077152632
1.0,0.2375903614457829,0.4711465394870187,0.4243457867081707,0.4692062968556986,0.4910580141552064,0.16308219311391786,0.27115338321485233,0.8299796495146873,0.6100774957494486,0.4690294375760004,0.20115694511397306
1.0,0.5426506024096388,0.4715312643857115,0.4099265293891304,0.6179052844462987,0.5477133638328597,0.02514285714285864,0.2511238080265684,0.8304317730231744,0.6149580078039423,0.4670317285748238,0.14428528797373918
1.0,0.710843373493976,0.4692176005903956,0.3713675043719145,0.6668715067214438,0.5999282733836501,0.8150833937635971,0.2518705569666271,0.8316249643455506,0.624380070413209,0.4671335170398196,0.17618162201868556
0.0,0.7036144578313255,0.4667951550713623,0.3635988755117596,0.6645076117833014,0.5551253671289611,0.7883934890304319,0.3324162732315069,0.8327883524594163,0.6360827362498431,0.4712219782047704,0.3490002984183826
0.0,0.6322891566265063,0.4648720527453154,0.3573044151321472,0.6755461414802307,0.5804435350234466,0.6350314026517802,0.3437796304575312,0.8323261668077554,0.6376630646469871,0.4686191784019961,0.3678465670408376
1.0,0.643855421686747,0.4641831173567304,0.3550625295132075,0.6375576835018415,0.6245439211896872,0.6675767918088742,0.3017307871814649,0.8318760801380121,0.6365266536639035,0.4645027227565596,0.23383375800564696
0.0,0.7007228915662651,0.4633266512523678,0.3403697476104444,0.6189891940754966,0.480376596584558,0.701683501683502,0.30960604080589943,0.8316726313466737,0.6321871296809844,0.461578870551326,0.2406170373941192
0.0,0.740722891566265,0.461135557138072,0.3157881815602785,0.645795820176546,0.0,0.9000644745325598,0.3012738947378765,0.8322055156165339,0.6395679057390987,0.4607541042754956,0.20625301287790124
0.0,0.7918072289156628,0.4573416857596225,0.29195254212527944,0.6231050415277519,0.4719884182147078,0.9269841269841276,0.3662803550987722,0.8328107237175363,0.6489234016388534,0.4672014061499866,0.3660675343755021
0.0,0.7600000000000002,0.4535203605539276,0.2726515708489595,0.6496474318388675,0.6065840281807151,0.8887492143306099,0.4126623073559682,0.8326174847032818,0.6543286212277091,0.4681008703250539,0.4613089089364827
0.0,0.6019277108433736,0.4506060369815879,0.2610274279753022,0.6036419050257128,0.6488626638801134,0.7064739157762421,0.4330750826582296,0.8320144946032503,0.6521432820053497,0.4664245750327845,0.473532584991851
0.0,0.6091566265060245,0.4512324777541061,0.2681482624460433,0.6078848846989843,0.6834632714862711,0.7379006913890642,0.3956786817916079,0.8314224655184982,0.6560913751407671,0.462851311418095,0.3861074765282464
1.0,0.5469879518072289,0.4501676880080896,0.265145432393342,0.5693488014544561,0.6804657920979335,0.7630421118793214,0.37386083940476256,0.8314384935502751,0.6640086525205798,0.4607337279016965,0.3253563804145722
1.0,0.5296385542168676,0.4499086064464025,0.2723848334035047,0.5594647651815553,0.6901811994798911,0.7831552482715279,0.3871500228446221,0.8314263947884325,0.6690732659837266,0.4583786674418077,0.3417234809356564
0.0,0.42265060240963853,0.44766398234038657,0.2610995440226349,0.5581454602192111,0.6948315556430177,0.6901319924575744,0.41231840981778334,0.8311872464570479,0.6730798780294498,0.4572339805382132,0.3888506301218923
1.0,0.4332530120481928,0.44682708612016736,0.2552788446319867,0.5628566601683546,0.6806332065380071,0.6662476429918297,0.365494303582921,0.8306742291605697,0.6661346028371229,0.4525865217895476,0.2592681863048921
1.0,0.39710843373493976,0.44504987415374425,0.2387256266506045,0.5967414635653651,0.5752140744620052,0.6436203645505978,0.3342634942937572,0.8307060088057557,0.6628143400645923,0.4493722073991333,0.16352179601955816
1.0,0.4481927710843375,0.4436045787615575,0.2228866963233017,0.6190847242391654,0.0,0.8095537397862987,0.2975794526133755,0.8312542442896081,0.6568379067379333,0.4454429172581639,0.07665909143080131
0.0,0.5118072289156629,0.43909174817768654,0.1948061089522236,0.5995487292010542,0.6166069936211637,0.9365179132621,0.32591169693783817,0.8321744223657753,0.6623979485457232,0.444815373275825,0.0998024543549837
1.0,0.4462650602409637,0.4323354611441313,0.1550824711075509,0.5700358752696257,0.7832855922713782,0.7580138277812699,0.3822912419122666,0.8322310982768634,0.6656008019040246,0.447185073062728,0.2216749357403308
0.0,0.5074698795180723,0.42783210054920207,0.12802164516762368,0.602316541575665,0.5033905818274323,0.9767441860465124,0.3409400193565185,0.831890691074724,0.6688758037150165,0.4427929930275567,0.10664829566506076
1.0,0.19951807228915644,0.4197262092406648,0.08288797392324533,0.3838075004621087,0.4314647877836162,0.22335766423357675,0.45003905693469387,0.8309999833297276,0.6654798723161846,0.4509825815329898,0.3766361402725041
1.0,0.17734939759036114,0.42208839816788907,0.09007272508147174,0.3472925934342477,0.3973805432188946,0.15036496350364978,0.4784646448766634,0.8301137917007443,0.6626865798164486,0.4542053122123085,0.3841343674920189
1.0,0.1633734939759034,0.4248978810366431,0.09904718238722454,0.3850240482464236,0.4180411913399885,0.14014598540145995,0.4680985905113755,0.8304458033972809,0.6654753473102528,0.4531509518921363,0.38315297797692016
1.0,0.21542168674698767,0.42841412218956093,0.1124681992148124,0.3967756710104823,0.4034330145984,0.1927007299270073,0.4555414175456524,0.8316525515632996,0.6764579676157169,0.4514858278641203,0.4220641457631346
1.0,0.20337349397590368,0.4314260283873153,0.1175378662019683,0.43885850783204944,0.398940733412472,0.1839416058394168,0.5116605829554554,0.8331778291159583,0.6914522119781914,0.4539123935728594,0.5193227671700156
1.0,0.14987951807228922,0.43621766799486666,0.13401676407669047,0.4026324520001955,0.4288886186111547,0.04379562043795682,0.5041783550889466,0.8341653465252828,0.7010026364227163,0.4529695491850792,0.5222763010108572
1.0,0.1363855421686747,0.4431119202636689,0.15778827108804006,0.3977723851081458,1.0,0.1241473396998641,0.4235785977823521,0.8354613683644995,0.7112163452660313,0.4480288311611716,0.3953887432921504
1.0,0.09253012048192748,0.44926983256902797,0.17399710360063628,0.33985254487986183,0.378014939070659,0.006596306068602147,0.4468408098295741,0.8362112323621831,0.7156530970186332,0.4468875879706666,0.4392965597570613
1.0,0.13060240963855396,0.4573986991843715,0.20606167987413115,0.34902036039054124,0.3893115268620747,0.006915629322267937,0.4198202889721884,0.8354025042921586,0.7168241144285982,0.4441394208432072,0.3502121552477224
1.0,0.19036144578313244,0.4655942356451413,0.24052355768373815,0.3911363024420662,0.522726694012665,0.061403508771930126,0.4500980107983826,0.8349455176501007,0.7204120186059773,0.44385341901569203,0.3832210158492447
0.0,0.19373493975903566,0.4717117521500697,0.2724990612992061,0.3937973283822538,0.4152770181222156,0.07880910683012184,0.5292190086907821,0.8350060557091928,0.7271634238219865,0.4489660459210631,0.5497004867090979
0.0,0.2679518072289156,0.4778611366416342,0.3013040951762609,0.404537579681892,0.4979612902218398,0.08037825059101572,0.5364261185267428,0.8347403242680648,0.7300744945105558,0.44977919534610733,0.5661113191064521
0.0,0.2881927710843374,0.481853957800441,0.3185481111089765,0.4247547976750831,0.485754483002772,0.08918918918918882,0.5721472471002067,0.8333473278386568,0.7270792995271532,0.4500718873346996,0.620699696326802
0.0,0.3599999999999998,0.4854543831293691,0.3372463433165085,0.4581907248539506,1.0,0.20315581854043388,0.6298286898977641,0.8322829278677287,0.7286070705694452,0.4528829390865109,0.6851678522401093
0.0,0.3349397590361446,0.4869171952365041,0.3476430489981837,0.4474142278368449,0.5899227097705557,0.041420118343196775,0.6594284422915369,0.8310489788569663,0.7330510991858749,0.4559083935686216,0.7827173179405044
0.0,0.343132530120482,0.4893011233207684,0.3643416220228787,0.4601929467166204,0.6203595499370771,0.14341085271317974,0.6590992832192739,0.8304756412158801,0.7376211555496627,0.45604524584598,0.7646146252027363
0.0,0.3546987951807227,0.4910096924882667,0.3842266528192781,0.4776709866537926,1.0,0.2324723247232481,0.6700057480017095,0.8301891913318368,0.7426128947796172,0.4534900024822166,0.7794780652870241
0.0,0.3301204819277108,0.491778196201803,0.3939577550691394,0.4675589579387134,0.6192236092445385,0.11808118081180817,0.6512928091024763,0.8300150423975364,0.7459063899836431,0.4509365620183439,0.7837364940341439
0.0,0.3440963855421689,0.4931899870003849,0.4087137496832631,0.5152921320551086,0.5669440872867608,0.09594095940959596,0.6452598637183182,0.8293773472333331,0.7520820396907055,0.4504481990039925,0.7627793869057621
0.0,0.3701204819277107,0.494618262940545,0.4072200029304045,0.5045588809011754,0.5643742429958679,0.2693726937269387,0.6518872605613389,0.8270844792288546,0.7502186584104489,0.4513848041995885,0.7443924910289745
0.0,0.37831325301204816,0.4952685395771557,0.3952306428129765,0.4667132767602175,0.5399785982274296,0.3247232472324731,0.6848277318974789,0.8248258060109067,0.7502728967633586,0.4513564594413224,0.7684537458999735
0.0,0.3980722891566266,0.4953152530070632,0.3716118342978555,0.519962376899183,0.5428068322670492,0.3099630996309975,0.7011383008513921,0.8229923914715697,0.7444725691475337,0.4493944432938221,0.8015419760137066
0.0,0.43855421686746987,0.4951582776684082,0.3644020636532865,0.5528171612019998,1.0,0.3911439114391151,0.6986966283302791,0.8220688933725141,0.7423926461279964,0.4492341337409209,0.7912805585748235
0.0,0.4207228915662652,0.4946444356711746,0.3652678052825513,0.515556357097751,0.5640966936575041,0.12546125461254734,0.7047787019341782,0.821421345293062,0.7380917585215304,0.4498898348481637,0.805042279987473
0.0,0.4453012048192772,0.4959960269548286,0.3834089583639016,0.5163499486895418,0.5588166999947093,0.050108932461874464,0.6760927344275824,0.8209351374835744,0.7392894071323248,0.4509272178503054,0.7541681251266555
0.0,0.44771084337349387,0.4975332628186821,0.3944273485435945,0.5213935968104435,0.5178117153213783,0.21011673151750934,0.6744076364904762,0.8194575858601573,0.7326311717714961,0.450675777549527,0.7552734842762657
0.0,0.4814457831325302,0.4992909271186973,0.4037062565507899,0.6024446417715801,0.5616999742863833,0.5791805094130668,0.6858446860461118,0.8180067851840979,0.7346724323311381,0.4523763198615196,0.7247103037895399
0.0,0.4804819277108437,0.499970260708549,0.4088271257342284,0.5995910063737039,0.5817132864270498,0.5976375046142496,0.7137102122830374,0.8164078689244242,0.7362695979844923,0.4555124039700471,0.7882424318127067
0.0,0.4322891566265059,0.4999218057510451,0.4123494734140369,0.5381304394514438,0.5086477625550011,0.43521594684385256,0.712344447774246,0.8173974277522168,0.7560276948151105,0.4554625601641902,0.7796325871467958
0.0,0.491566265060241,0.5006400565509029,0.4199459891184588,0.6205589267872669,0.5027765412574651,0.6530084902177928,0.6434126426560677,0.8179526269853415,0.7651698393141629,0.4508581243797043,0.7299006968174798
0.0,0.500722891566265,0.4998640223470811,0.41785334591238144,0.5897616452179739,0.5076868157260247,0.6640826873385021,0.6671513984347748,0.818826763367475,0.7782656284620805,0.449779097499933,0.7566402869353412
0.0,0.4920481927710844,0.4992670855907578,0.4206165853841181,0.6163630587574079,0.4986126712770121,0.6456256921373192,0.6727078000874481,0.8166566104109972,0.7720072118724725,0.4466043695535093,0.7653125864330259
0.0,0.5093975903614457,0.498953921248128,0.4259045195642968,0.60166726821384,0.5209233474103818,0.6825396825396823,0.6955917248426667,0.8142126296146052,0.7686272111974437,0.4494663609167723,0.7499486978167573
0.0,0.5045783132530123,0.4982033324907622,0.4306604937330695,0.6363584852100839,0.4886014950538334,0.6788482834994468,0.7183724803364301,0.8136687431832025,0.7714031494012926,0.4482867598655946,0.7675492610837439
0.0,0.5132530120481926,0.4973872187121005,0.4273722765671275,0.6084019295645129,0.5514171636971433,0.7194536729420453,0.7016639728026173,0.8143395713411558,0.7833493732679059,0.4451857615706532,0.8196516537649541
0.0,0.5479518072289156,0.4961629513768157,0.4259155926940185,0.6415763492065313,0.5604321143860526,0.8711985688729879,0.7292985964067622,0.8156534848147258,0.7971756602377739,0.4482400609823624,0.8701090781140044
0.0,0.552289156626506,0.4935231704228891,0.4203353527551762,0.5993060993861947,0.5622732139041451,0.8918469217970062,0.7368889063567003,0.8142908948602979,0.8020195569397587,0.4489444609617424,0.8925404644616469
0.0,0.5961445783132528,0.4909746524454219,0.4172795002787683,0.6253394876121431,0.5621482836454512,0.9672774869109948,0.7484045610639205,0.8127836148283129,0.807410615885722,0.4503575316018583,0.8847202674173116
0.0,0.5744578313253009,0.4875807036394135,0.4095584238776605,0.6396412330909024,0.3991601526568227,0.9253112033195012,0.7677365155318867,0.8111910073457985,0.8173074506890144,0.4486743756660557,0.917690007037298
0.0,0.5797590361445787,0.4861796103908619,0.4154949950219421,0.6462048893899752,0.4819679050441659,0.9084604715672684,0.7575571484016133,0.8105731309965917,0.8308747801130391,0.4514633558599146,0.9041959887403236
0.0,0.5146987951807228,0.4853387182871592,0.4289903033300518,0.5198438035763967,0.4123376795821774,0.9644444444444452,0.7403180560946011,0.8097620554332253,0.8423921946636425,0.4531521204623098,0.8940358902181562
1.0,0.44385542168674696,0.4851669073820236,0.4411433468671753,0.4610656987034778,0.5213000035835893,0.8848580441640372,0.7272057342458081,0.8091912020650046,0.8463311292306946,0.4521164257007679,0.8583743842364533
1.0,0.38795180722891576,0.4837435063340549,0.4382914992024649,0.4323744272923496,0.5235504128461149,0.6379562043795619,0.6886400817493576,0.8083744389542961,0.8442654336323324,0.4519899566277074,0.8029644616467279
1.0,0.433734939759036,0.4823459906784576,0.4243279345759671,0.4982270906040177,0.5260565202716497,0.5357664233576638,0.6840858957793947,0.8089592258088231,0.8523804080194325,0.4552550331785995,0.7993314567206194
1.0,0.43518072289156623,0.4807811027677267,0.4035761532737854,0.5000438343047864,0.5236217242629765,0.4423357664233573,0.6523490658269016,0.8092160797263915,0.8681767066803713,0.4550849986644899,0.7835151301900067
1.0,0.4404819277108433,0.480792375795561,0.3911010598005911,0.4568060089980288,0.5981450358760564,0.4715328467153285,0.6339112449582165,0.8098406648254136,0.8939392663442302,0.4533367998454878,0.7491115411681915
1.0,0.4453012048192772,0.4811459819206759,0.3878213756660091,0.46308758228719205,0.5817895127945888,0.5270072992700723,0.6230342571076251,0.8096198836171152,0.9010877794088278,0.4556973965144484,0.7472290640394086
1.0,0.4346987951807226,0.4812960024041376,0.38980437492010345,0.449503597701338,0.6186829125437602,0.5474452554744519,0.6258050887010005,0.8098791934458135,0.8915561193777216,0.45222514088121,0.7501935256861362
1.0,0.4549397590361448,0.4808240304549167,0.3903786222504983,0.4758209810323521,0.6019117222977745,0.7109489051094888,0.6070282831161048,0.8097102697444548,0.8797438823663551,0.4537982096457594,0.7360045742434909
1.0,0.4525301204819277,0.4792605796372497,0.3836711989153374,0.4729976401329422,0.5936221994061576,0.5240875912408758,0.6333364447872505,0.8090891971423463,0.8736134241901269,0.4529696882143196,0.7823715693173825
1.0,0.4342168674698797,0.4786976220036861,0.3863840064511643,0.498578475407906,0.6122700524313078,0.4773722627737235,0.6451124790590962,0.8075760569479297,0.8782919047322569,0.4543527381255668,0.778764954257565
1.0,0.4269879518072288,0.4781330463575258,0.3872878450441059,0.489274723693655,0.5115368496776671,0.5153284671532842,0.6573797955283491,0.8061648250926355,0.8802220137192162,0.4519505822921326,0.7883180858550314
1.0,0.4612048192771084,0.4773462277621971,0.3890970125463175,0.5318784132650233,0.5777483361817528,0.4394160583941608,0.6850389832423643,0.8045186527558673,0.8798802552636581,0.4550006828884278,0.8418103448275863
1.0,0.4568674698795179,0.4766070748991617,0.3880378996618006,0.5263101430348419,0.5085140694987256,0.4656934306569334,0.7243071692811067,0.8031158431389992,0.8805945850178717,0.4556471080945249,0.87905524278677
0.0,0.4491566265060244,0.4765017395149165,0.3936579951679992,0.5668517618484725,0.475732051052824,0.4452554744525558,0.7187704189163295,0.8004911265580549,0.8715762922042795,0.4587505003057434,0.8765130190007037
1.0,0.4332530120481928,0.4760394992088369,0.3933410345417741,0.5980956720263615,0.44449822797432015,0.3518248175182493,0.7379107733273067,0.7981208222655057,0.8663990903787603,0.4610725025655752,0.8676020408163264
1.0,0.4501204819277109,0.475563997020151,0.39217885021200893,0.6174447772371142,0.4531222281162522,0.3313868613138697,0.7376749578725513,0.7949528446981329,0.8547560550320726,0.4613441038685964,0.845197044334975
1.0,0.4472289156626506,0.4751116124010013,0.39274360635474426,0.6143746074502231,1.0,0.0797546012269953,0.7467587657026069,0.791916423785132,0.8394876851906855,0.4625641491827127,0.8332160450387049
1.0,0.4539759036144578,0.4758219687162533,0.4007428604467879,0.5730986174929468,0.5178579203013687,0.11042944785276257,0.7496671563112569,0.7898965741105334,0.8289011870371831,0.4633981908019013,0.7989481065918657
1.0,0.467469879518072,0.4768558772168062,0.4152504767500177,0.5883794238566457,0.6713159972095175,0.2578313253012033,0.7410107639929452,0.7875925318262597,0.817763385783486,0.4620230441099832,0.8114792426522477
0.0,0.5416867469879518,0.4781173456612428,0.4305364716077961,0.6428546090352047,0.0,0.5783132530120481,0.7554790247065817,0.7869645945396312,0.8219164590711435,0.4640040304586104,0.7926770187919119
0.0,0.6024096385542169,0.4779707429475682,0.4438988094012831,0.705370271151086,0.6391211010664715,0.8377705675807805,0.7697360340753329,0.7861357998053357,0.8251400619635222,0.4649870416545063,0.8524721565980422
0.0,0.5961445783132528,0.4758616206634527,0.4403155737744907,0.6860045282190691,0.6457371381374769,0.9953808489999532,0.7896575271801876,0.7876419342194653,0.8402430954815815,0.4670263753182418,0.8975869051636853
0.0,0.5426506024096385,0.4732887236927215,0.4357659048151824,0.6344619533116077,0.4825397170499306,0.7413665697817631,0.747520253108588,0.7871845109677412,0.8440071001743726,0.4650679842651831,0.8903476206547418
0.0,0.5002409638554217,0.4730001496633446,0.44081813535498665,0.6042591341841947,0.4840307907076891,0.8146900269541767,0.7456189910046227,0.788100297855795,0.8555333151981833,0.4654927968184298,0.8446760040499492
0.0,0.4501204819277109,0.4737335751527965,0.4570860106584704,0.5692442092153533,0.4602978752202723,0.8116270521930893,0.7186770752988221,0.788246893624761,0.8648738471665273,0.4614339633236485,0.8656176172797836
0.0,0.4399999999999997,0.4740246957078512,0.46952467086644106,0.5551915617943125,0.0,0.83919382504288,0.7022977268372728,0.7888098083965981,0.8783150078325593,0.463067662241887,0.863609517381033
0.0,0.4674698795180724,0.4735589657324691,0.4785611249232292,0.5425190522016421,0.3927155849214353,0.9280200931144328,0.7237028921782959,0.7879216923689382,0.8846255687409016,0.4616332997429277,0.8780037124535941
0.0,0.4616867469879517,0.472051521926624,0.4806251748564644,0.5340289036265442,0.4721051094030017,0.9709017397696624,0.7354297982304017,0.7853745913167397,0.8815731074012237,0.4628315827786735,0.9029109011137364
0.0,0.4409638554216866,0.4703647135803765,0.4864889630965546,0.5066425427595173,0.0,0.7971448876803754,0.7507135873917337,0.7839821965925061,0.889809232631286,0.4647518034603311,0.8877489031387108
0.0,0.455421686746988,0.4690587587448105,0.4900073861374289,0.4774953730133645,0.3673577473620109,0.8651237524333336,0.7131403249340453,0.7812824537018513,0.8902212384973475,0.4643382284962299,0.854463381707729
1.0,0.486265060240964,0.4673099423315516,0.4817112386317192,0.4705762746099527,0.4834567507839742,0.9777763667534444,0.7484045610639207,0.779812182538235,0.9016540706578638,0.4644862967607272,0.862867026662167
1.0,0.4428915662650604,0.46466994765972,0.4637246457302202,0.4097008828939161,0.5062570350379836,0.7104182099804703,0.7509985310662297,0.7779835167060919,0.903488780498914,0.4646800481024967,0.8725531555855551
1.0,0.4640963855421688,0.463726589985635,0.4537435054645673,0.3916841553812255,0.4916812500437176,0.771028352077581,0.6930075804843059,0.7779484618400346,0.9172628291827288,0.4627172367660234,0.7918157273034089
1.0,0.4771084337349396,0.4623921168777491,0.4539153929149731,0.35755785666645223,0.5230456908887932,0.8013334231261352,0.7033687220276199,0.7776891143417081,0.9224657282184541,0.4634574386610405,0.835791427607155
1.0,0.47710843373494,0.4609788869754545,0.461632489953881,0.35754311901383784,0.5568392765774492,0.8047006532426431,0.7065620563107655,0.7770084212788736,0.930733353226659,0.4639699529716567,0.8235993925075938
1.0,0.4549397590361448,0.4592140976325058,0.4657262295803343,0.3787864036603662,0.5527443096264055,0.6632769883493838,0.6865668708762998,0.7783126188570614,0.948190393014396,0.4657301091467372,0.7970975362807962
1.0,0.44433734939759056,0.4578598398892128,0.4702442475914361,0.36211824037975937,0.5337559673220684,0.4444070307764837,0.5976497059676047,0.7794602291066853,0.9643283717850072,0.4589411965982269,0.7539402632467094
1.0,0.455421686746988,0.4573139870082645,0.4748756794323559,0.3797914100833396,0.5289485972436091,0.4309381103104593,0.5778166436582839,0.7802158020557205,0.9723774268804052,0.4573061642114344,0.6913094836314548
1.0,0.4433734939759037,0.4565320273499721,0.480884506878467,0.3605495824671043,0.6229731554228494,0.27604552495117546,0.6134444286142402,0.7785091479164422,0.9686560750136732,0.4574535872771444,0.7343570705366181
1.0,0.4698795180722891,0.4565526585741112,0.4866665120628538,0.40248033163033503,0.5969777851616371,0.20533369250454575,0.5984701472372744,0.7773373775145612,0.9698668208405284,0.4560778196464077,0.7037293283833947
1.0,0.4722891566265062,0.4569260363921426,0.4924024128635799,0.4063011860737536,0.4711418089154479,0.237536656891496,0.5886887186869009,0.7760793250918064,0.9728619437853242,0.4588746726866637,0.6888288896388793
1.0,0.5118072289156629,0.4585922682442775,0.5067239112629373,0.4282144604752649,0.470871535110844,0.4389534883720928,0.5861537025482808,0.7747862233748392,0.9723164979352568,0.4588806577440934,0.6579311508606142
1.0,0.491566265060241,0.4593972994107373,0.5221493402116699,0.4451594950342265,0.4955964509546834,0.4175824175824184,0.6331251934423653,0.7736557888632035,0.9705744382193109,0.4603432279898161,0.7298768140398247
1.0,0.5175903614457832,0.4608873667473426,0.5432325799770463,0.4520791040042571,0.48062249878244506,0.5631868131868123,0.6196787996993354,0.7725137227798652,0.965703687230732,0.462735350153608,0.7112807964900442
0.0,0.5624096385542171,0.4611226887860135,0.5522784392326412,0.6184583512684089,0.0,0.8461538461538456,0.6810448589774449,0.7716330200163791,0.9624802877083576,0.4658150156880052,0.8018140398245017
0.0,0.5903614457831329,0.4594966869441764,0.5780887725291258,0.6645612655796381,0.4897439368633722,0.953125,0.6972817356017469,0.7697535395064047,0.9512693721743904,0.463848496315374,0.8291765102936214
0.0,0.5787951807228918,0.4568485490050356,0.5923018727065442,0.6505184472896971,0.5063247240435834,0.9172320217096338,0.7302418582257835,0.7677476362221841,0.937966252428042,0.463775359388809,0.8631370232872091
0.0,0.6014457831325304,0.4544731400138976,0.6129727841792478,0.7088840329599724,0.4438739695886455,0.9877883310719128,0.7324821050459593,0.7657323115600038,0.9255618312296421,0.4641898157518994,0.8515693553830576
0.0,0.6072289156626507,0.4510032147108058,0.5947116953575425,0.7162514380572281,0.0,0.9625000000000002,0.7469798426914405,0.7634584289089689,0.9190125294592076,0.4657244068693556,0.8819946000674994
0.0,0.6269879518072289,0.44768086073224783,0.580059064366313,0.7374224279403301,0.4887489527953564,0.946135831381732,0.7740249276586961,0.7606242936330628,0.9144570862588008,0.46500994963044,0.8936044549443128
0.0,0.6072289156626507,0.4451930456054502,0.5801217957676496,0.7519147832416394,0.5281508889631009,0.9450830140485303,0.7991392735901427,0.7570855118706127,0.9033127350595046,0.464072089353639,0.902708403644954
0.0,0.5503614457831326,0.44350006160851335,0.5939229896606937,0.5162033180078677,0.41532359365984056,0.9945205479452046,0.7967860318645632,0.7564684918889516,0.905829263419162,0.4641989180089681,0.8784864052123793
0.0,0.5349397590361447,0.4418784549563095,0.6078367832384242,0.5468585440343089,0.4452484851927633,0.9309392265193368,0.746621206687333,0.7562439338994519,0.9116807487596332,0.4570103024475989,0.8847429311280954
0.0,0.5272289156626508,0.4392367852342331,0.6128396226187965,0.5360703968289847,0.0,0.8812154696132598,0.7479427557983579,0.7558106569226023,0.9164373994814996,0.4574112172180181,0.8666583134945495
1.0,0.5503614457831326,0.4359531256083173,0.6069591627456266,0.5129790677929993,0.4962952571034422,0.8839779005524856,0.7627893038039978,0.7532406445618881,0.9110668352307141,0.459169569196796,0.8613289896838323
1.0,0.5937349397590361,0.4324505505183855,0.6082434934954688,0.5074229395075768,0.3573730310233975,0.9818181818181811,0.7659531611552991,0.7512394256835307,0.9056372268162364,0.4556960320160098,0.8659566470367119
1.0,0.5648192771084337,0.4285453176222919,0.6037603222640926,0.5209018175567391,0.43524138095044,0.980582524271844,0.7907923890561974,0.7492953615396712,0.8997662799127085,0.458348387561993,0.9120995698116356
1.0,0.5648192771084339,0.4253909221839409,0.5991878681148619,0.5218604732596492,0.3492680421088991,0.9452054794520558,0.7957346879621124,0.7468468141597314,0.8949986643862571,0.4591964034748742,0.8935471745395317
1.0,0.5812048192771085,0.4220343116380208,0.5885528273492255,0.5420644809582437,0.3743847666626918,0.984894259818732,0.792570830610811,0.7443783081597394,0.8916472951730253,0.4591376163080678,0.8740675771624272
1.0,0.5580722891566268,0.4191725741254027,0.5810232766802931,0.5167912485667876,0.5552738562924288,0.8915812364088237,0.7768498002937869,0.7422794776830987,0.8924870700363537,0.4615371143499717,0.8484400451071298
1.0,0.5262650602409635,0.4175956945574375,0.5925245333968587,0.5058257883660704,0.5032286139139859,0.8459016393442605,0.7453733499059195,0.740579811774717,0.8912077113298249,0.4588766913125453,0.7811552437037967
1.0,0.5325301204819275,0.4166391441416834,0.5995553067199774,0.5146453258757662,0.5493935383412825,0.7973856209150313,0.7543687269404417,0.7391818890559144,0.8870108501748807,0.4560805496501785,0.7954141085077058
1.0,0.5484337349397591,0.41544215546946794,0.6063607237945021,0.4926369696628734,0.5451153180652862,0.8725490196078431,0.7402885791627569,0.7380210727262452,0.88781626737308,0.4585025421264403,0.7755299293427546
1.0,0.5513253012048192,0.4136671470543861,0.6039160425065165,0.4963626450361579,0.5360258342557916,0.8692810457516322,0.7533615984357571,0.7364047909095358,0.8821645841919373,0.4561770238176062,0.7966771097187038
1.0,0.5720481927710842,0.4122459468603949,0.6054229847451467,0.4667224253354461,0.532328200262,0.909638554216866,0.7637718681988118,0.7348533637801417,0.8795393012620688,0.4574850778382789,0.7924244054664799
1.0,0.5330120481927708,0.4078041949278727,0.582922615779801,0.4461891098993388,0.5305541307190663,0.8567901234567891,0.7584365435349718,0.7326991610095134,0.8715827712639473,0.4566798578973828,0.7956148182123464
1.0,0.6925301204819276,0.40428892213050666,0.5610876169849535,0.6004302693685236,0.4729424618534074,0.8661616161616159,0.7630840731224421,0.7318442435561171,0.874365284853056,0.4575135710715771,0.7773746242618329
1.0,0.6689156626506023,0.3997181928175125,0.5317842784789253,0.6181126451958063,0.4460990880588984,0.8744698897370649,0.7413890512849484,0.7302290784038875,0.8758424662633372,0.4583339617046509,0.7741607737950091
1.0,0.6380722891566266,0.3986226140197471,0.528738976200695,0.6263796974538611,0.4542883006489229,0.8269720101781176,0.7471812683923775,0.7283051862203817,0.8776601837351165,0.4592243863072604,0.7603023652767621
1.0,0.5763855421686748,0.3976232582597105,0.5297035503972786,0.5994877906667273,0.4580748115488512,0.7438507209499577,0.7939120310097321,0.7258171762608464,0.8754172790584093,0.460818270607445,0.7980283956536929
1.0,0.5821686746987951,0.3968041393598631,0.5340528390995742,0.5553613301888756,0.3905590915190548,0.7523324851569123,0.8020329257328702,0.7230383733834632,0.8700763310857057,0.4616067925613563,0.8247556493861914
0.0,0.6626506024096386,0.3949613632068654,0.5227009557593454,0.6053548211171268,0.0,0.9406276505513144,0.7984072631160062,0.7207438884332623,0.8604330946398691,0.4617606886211529,0.7938773295295976
0.0,0.67710843373494,0.3909959651809544,0.5048474029567582,0.5634318990778883,0.4002482873206527,0.9622317596566524,0.824450132400552,0.7183740293797499,0.8512630509560221,0.4609510941393451,0.8206560256370748
0.0,0.6679518072289157,0.3863287902839033,0.4816183054046105,0.6017736763601901,0.5264737559128044,0.9911268855368228,0.8147718731116341,0.7160328222777733,0.8437383896351233,0.4601095907690204,0.8088527402413698
1.0,0.6824096385542168,0.3817544267448381,0.4604329021702248,0.6134638179300185,0.4435173327729458,0.9752144899904666,0.8564866444934633,0.7143376583176412,0.8465301831801456,0.4611187515828205,0.8530054603765932
1.0,0.6260240963855424,0.3766636820142771,0.429477858848526,0.6110272954169232,0.0,0.8874045801526711,0.8212174955416139,0.7130819408378174,0.8527956774125166,0.4614943698845431,0.8083552700069899
1.0,0.670843373493976,0.3731370503338237,0.4122304981143203,0.5991603814061586,0.5188973316979266,0.9198473282442744,0.7804705500886765,0.7127829694549627,0.865816409767386,0.4606398535750033,0.7700144261514897
1.0,0.6746987951807231,0.36941064092183823,0.3989626734696437,0.6028280276473122,0.6118828659206857,0.8736263736263727,0.7634623604144455,0.7126001466195261,0.8751999918324463,0.4625420857758651,0.7531417778372669
1.0,0.5961445783132533,0.3660696330148563,0.3913520952915707,0.5563988810147608,0.6335458142065162,0.7873070325900513,0.7447985497349532,0.7116770440393948,0.8780605646164369,0.4644129841475014,0.7300673716146879
1.0,0.5971084337349398,0.3636112104265611,0.38151979511499395,0.5578973044402981,0.714346100944879,0.7392795883361917,0.7128259043277048,0.7104202411547013,0.8811470759702106,0.461453483386845,0.674534124540817
1.0,0.6327710843373495,0.3600849219201579,0.3623709168363086,0.5409411170999168,0.7900740683821851,0.8050847457627122,0.7099420778289256,0.7095665368082703,0.8869172400002022,0.4612952653644205,0.6628890971013846
1.0,0.6414457831325303,0.3564699139020301,0.3507864261383321,0.5479428299730889,0.7174360145902077,0.7576271186440677,0.7154493512618583,0.7090125674123072,0.8978477421953975,0.4617151285749668,0.6828403158881006
1.0,0.592289156626506,0.3526638738764273,0.3359313065217399,0.5389718942252737,0.7190631819325114,0.7449999999999997,0.6916221646876182,0.7088166829055694,0.9014132630428552,0.463092616204305,0.6493627210398727
1.0,0.6192771084337351,0.3494549806044434,0.3217063986056241,0.5570224541727746,0.7223860332562455,0.733333333333333,0.6990749156222825,0.7086073005518746,0.9051918951344614,0.4638058047441489,0.6700575558827468
1.0,0.5908433734939762,0.3459452810090377,0.2923716236857075,0.5834889666091015,0.0,0.6783333333333332,0.7029413065158756,0.7081134006158846,0.9063284405537868,0.4641567075681794,0.6816728386799329
1.0,0.5653012048192774,0.34232763293504137,0.26454191407450445,0.5556618641486986,0.5674637359455886,0.766666666666667,0.6636485563672627,0.7072659135433651,0.9104302984834246,0.4602838481332465,0.6174839007123841
1.0,0.4559036144578313,0.3381874458855358,0.2482963730020755,0.4715578919612714,0.4680262848723153,0.4401408450704231,0.6694456862966656,0.7062905189539167,0.912998208802096,0.4571962655257187,0.6243846577135295
1.0,0.4207228915662652,0.3393702648871552,0.2556927380388232,0.4394077494324281,0.5217724586038393,0.5387323943661982,0.6954983812251596,0.7053710461752908,0.9220234698518244,0.4565931040177682,0.6545308526301701
1.0,0.39180722891566266,0.3408837832238711,0.26127599504915594,0.4168990558877189,0.0,0.66549295774648,0.7121184579634385,0.7040247922190799,0.927590041899506,0.454813910249543,0.6784083641933996
1.0,0.4486746987951808,0.3414146175206259,0.2602292128329691,0.41343564013554135,0.552957278852882,0.8220858895705525,0.7444153496209754,0.7028426514527774,0.9345919886979812,0.4549567298841836,0.714719136215589
1.0,0.43228915662650624,0.33990004122078993,0.24929965927312886,0.4499304708453529,0.533352608729258,0.8006134969325156,0.7938923797218357,0.7009120309541589,0.9329669309354476,0.4609625164895775,0.790657207870432
1.0,0.3879518072289154,0.3390984861394397,0.2561873647814993,0.4617740033196779,0.5254812288013688,0.6212121212121209,0.8189035563918269,0.7002668140659829,0.9434565395401644,0.4602233794049602,0.8056038905992058
1.0,0.3527710843373493,0.33883287058211525,0.26150322391543923,0.4829738933285193,0.5578004120083679,0.4713541666666658,0.7455354730310635,0.6993830154269814,0.947286458323412,0.4549836871021323,0.7430657802763274
1.0,0.3730120481927711,0.3390393349654835,0.2636958187252804,0.4504377929911412,0.5422834985923219,0.5076923076923071,0.736112680484797,0.6992532814278062,0.955772709073717,0.454144843233688,0.7242374217344101
1.0,0.31951807228915663,0.3388743654667044,0.26812328223606,0.4501933682386795,0.556034840282457,0.2987654320987658,0.7535188087389275,0.6979066588310355,0.9558982798674032,0.452456303819388,0.7450289266645845
1.0,0.3089156626506021,0.340329887441647,0.2815739288428873,0.4437282228993161,0.5281527425275989,0.3160083160083155,0.7241008307581958,0.6961279257807672,0.9577949976333898,0.45338593057446896,0.7005978673091507
1.0,0.27325301204819263,0.34085821705585145,0.28143061918157325,0.4004375673183813,1.0,0.15800415800415776,0.7394091840293979,0.6949838100428537,0.9640228089633964,0.4514785380973498,0.7068144975386307
1.0,0.2746987951807228,0.34246696875408605,0.2711374698975331,0.4002548716878261,0.5381733207186767,0.08523908523908462,0.678662140320021,0.69327838613158,0.9722975547732688,0.4486724722065572,0.6261693362483082
1.0,0.32337349397590354,0.3445318606640225,0.25523465852364724,0.43761630106505106,0.5588404083448821,0.30977130977130896,0.6771833809058261,0.6918669987292329,0.9868477186066468,0.4488395132136093,0.6046119067802912
1.0,0.32771084337349404,0.34560578352273524,0.2366425366838617,0.4418563816068949,0.564184637654531,0.2474012474012472,0.7428530722332212,0.6903184980780576,0.9947765258378728,0.453409783137005,0.6848555154002883
1.0,0.2848192771084337,0.3470117111377517,0.217576786956416,0.4487954100492548,0.564491824801314,0.1704781704781707,0.7499226230539083,0.6887945505478056,0.9993481556763624,0.45424321411719104,0.7016512734396866
1.0,0.2727710843373494,0.348856097510084,0.17454753424599687,0.42898426496500297,0.5775820210323775,0.0748440748440748,0.7240222256066107,0.6877577748218858,1.0000000000000002,0.4516758515377052,0.6582924565822619
1.0,0.3681927710843376,0.3517703785940908,0.15602887673106525,0.482650087587188,1.0,0.17523364485981333,0.6977189767574392,0.686958273029073,0.9959127423451728,0.4526937317894067,0.6204943509066538
1.0,0.3118072289156624,0.35374379524901306,0.13627042550253446,0.4718392331692867,0.5720769282542819,0.02803738317756953,0.7529489213899356,0.6863224569355727,0.982280674706301,0.4597909780205928,0.7088535880098007
1.0,0.29445783132530107,0.35844873760574497,0.1478521698837475,0.4593725644627611,0.5812343646445892,0.044117647058823484,0.7207404605279317,0.6857612138771564,0.9743658550575052,0.4564938447257994,0.6561573382581247
0.0,0.32144578313253,0.3626396981344209,0.1551611868690874,0.4827583534098596,0.5591443956268516,0.27551020408163257,0.7352283725294646,0.6843697629350155,0.9687068970855492,0.4579607508267807,0.6968383721700232
0.0,0.27662650602409633,0.3641240850031961,0.14327924553629875,0.40850614194962864,0.5663979570551717,0.0,0.8268426767019244,0.6832387937931613,0.966063831882398,0.4662831692850841,0.8001486266748095
0.0,0.3706024096385544,0.3677402913200362,0.1492461797757687,0.4734956078625101,0.498647124510267,0.0034246575342459003,0.7448280266667975,0.6809784727677589,0.9571963580651212,0.46093726911585,0.690024205970806
0.0,0.39469879518072304,0.3705266857147192,0.1471741561203987,0.4998151280515633,1.0,0.25,0.8147718731116342,0.6799418837522256,0.9616747755270872,0.4666729819805314,0.7895254162693468
0.0,0.3320481927710842,0.371856287901588,0.14245726156715574,0.4800352765542282,0.4667626479941706,0.08461538461538412,0.8779360252322537,0.6785737209628132,0.9745293756588064,0.4715304719320592,0.8796554800828921
0.0,0.3937349397590361,0.3738088810411183,0.1474515802590966,0.5059943175627737,0.4298678479889117,0.1853281853281839,0.8673292425902359,0.6768605700912128,0.9817969602106016,0.4694921017578267,0.8800296454064008
0.0,0.4154216867469881,0.37416456270961423,0.13866450783486967,0.4787086382103168,0.4203120671486266,0.3110236220472458,0.8611194356150116,0.674919946239848,0.9817969883862382,0.4689320338247995,0.8682938061247986
0.0,0.4602409638554215,0.3742195394891351,0.13365366678129906,0.4781852427584081,0.4685097706588854,0.5039370078740151,0.91314130749844,0.6723598449882352,0.97217325326752,0.4722560654413653,0.9300454754777802
0.0,0.4833734939759036,0.37399445501983397,0.11845099102869752,0.5021871708134625,0.4798245333377799,0.4828767123287657,0.9162511238080262,0.6691681160927413,0.9687328891017448,0.4727762324500819,0.9266204236702736
0.0,0.4660240963855422,0.3736850178895516,0.10124804798793363,0.4821994210501203,0.5054519414701089,0.5993150684931503,0.9239986440611352,0.6659643249522625,0.963025872032728,0.4739355905725264,0.9233608680635504
0.0,0.5359036144578315,0.3728658181256637,0.07625056621359039,0.4999062096466256,0.4791808553186966,0.7808219178082191,0.9339471085586272,0.6631424759754126,0.9633817445953198,0.4753154266470256,0.924644275197468
0.0,0.5763855421686748,0.3716713623801545,0.056068368665602934,0.5323974568668197,0.4651521336887758,0.8394160583941599,0.958535782538848,0.6603415373645697,0.9583459346089246,0.4785004923308535,0.9861686819441166
0.0,0.473734939759036,0.3717016773315621,0.046696776480311515,0.4838255495584509,0.4678388775976141,0.7469586374695852,0.9515595753356684,0.6578417904305971,0.9457839660671676,0.4781910581307745,1.0
0.0,0.428433734939759,0.3731666969913191,0.05393362647342087,0.448382609088773,0.443546689633803,0.7639902676399016,0.905831028401024,0.6552438157395691,0.937204522251424,0.4772593682276709,0.9925596169493652
0.0,0.4236144578313252,0.3747506216306808,0.06728252420915165,0.4447036973612813,0.43686002706266175,0.6690997566909965,0.8970812924652046,0.6533060113438832,0.9247854813191208,0.4763769996621151,0.9956135113403866
0.0,0.36144578313253,0.3770338209195511,0.08819506676274919,0.4057863009808047,0.473506623133604,0.6312741312741319,0.8768257274661134,0.6509610284215449,0.921699252678436,0.478094491086033,0.994016399497673
0.0,0.2968674698795181,0.3811362626718254,0.13036804573760996,0.417780260448904,0.4867275652636656,0.5168918918918921,0.8605790251978639,0.6487246488104091,0.9138366934275528,0.4767280615230829,0.9675953335946168
1.0,0.11903614457831292,0.38375059458811694,0.15519086034952362,0.3702269203656056,0.5371347042801647,0.22172949002217288,0.8354892433762875,0.6462072002299725,0.9081298570836224,0.4740558653454465,0.9248315232294358
1.0,0.1874698795180724,0.3885808134702695,0.1839482207365808,0.3654836601340728,0.5889880801844838,0.2815964523281602,0.8140889908572383,0.6439587971843103,0.8929255858076129,0.4720773582002246,0.8723834966357764
0.0,0.18939759036144554,0.39140927430915207,0.19085418076067745,0.3677447916710265,0.6284578370599181,0.35033259423503355,0.8484885703196773,0.6416495610957907,0.8720576473703122,0.4733836203359277,0.9235105957616956
0.0,0.15373493975903613,0.3934090196537315,0.1940263801393776,0.3559886751758168,0.5709195270074634,0.3846558066211249,0.8675650580449915,0.6397974050007272,0.8567207565440692,0.4723693616608308,0.9441663334666136
0.0,0.1918072289156626,0.3948843014945275,0.19713539288744444,0.3794289707839809,0.5279680030511045,0.36638830897703584,0.8802106618062482,0.6383929742536602,0.8479173697226766,0.4738947356477839,0.9889036732389828
1.0,0.12144578313252966,0.3958013601429733,0.1913489932401977,0.38342814556379856,0.5582656720171397,0.26440329218106984,0.8432515020953186,0.6364421955789051,0.8380701338026452,0.4729943344879925,0.9410910850368944
1.0,0.1257831325301202,0.399381463328427,0.19434573105482392,0.38626802037289865,0.5505002466444936,0.3101330603889458,0.8177834329817388,0.6348424967638343,0.8281991892295265,0.4707973868104359,0.8720535462279748
0.0,0.17253012048192773,0.4020295367384798,0.1889991405225672,0.3596373168429335,0.52592777025859,0.4032753326509727,0.8122565082609101,0.632366615792089,0.8197960816036359,0.4693608604423616,0.8807306157009801
1.0,0.1281927710843369,0.4024273831108104,0.17124112864322066,0.3224772912345378,0.527556450833613,0.299897645854657,0.8473094930459002,0.6295725948376033,0.8129610851598897,0.470822646039065,0.9051489859279868
1.0,0.15566265060240958,0.40476243254266997,0.16667954698179333,0.3423188687593497,0.5185748209747302,0.2906857727737976,0.8508565505111791,0.6263073462234215,0.8063399522579734,0.4721994442533105,0.8755400882995275
0.0,0.13831325301204814,0.4070265086825557,0.16760342804236605,0.3270287117308011,0.4963669116122047,0.24564994882292784,0.8507877710035419,0.6234080267909482,0.7999686793311135,0.4720531977539174,0.8827285125446661
1.0,0.13108433734939728,0.4115780648301068,0.18474705838332645,0.3168400920045585,0.5132272513662495,0.17093142272262038,0.8269114562095613,0.6215703318834173,0.8015111805830423,0.469924789443708,0.8246489550555808
1.0,0.12674698795180706,0.41770709214768825,0.20891558078702646,0.3173128180403048,1.0,0.24257932446264116,0.781349945222035,0.6194077107808204,0.8036967074758,0.4681673948479828,0.7604008733094794
1.0,0.09204819277108424,0.4238190604277872,0.2318688208441031,0.28205821988543744,0.4916101527185526,0.1484135107471855,0.7873239367425042,0.6184748187357493,0.8058705999399288,0.4693250781647776,0.7539330830405309
1.0,0.05204819277108391,0.4317350649961575,0.2607738077185546,0.2372854259061465,0.4796766683971688,0.003257328990228137,0.7412465794477006,0.6170803849257877,0.7995944972513046,0.4666691534255252,0.701857522855802
1.0,0.12530120481927692,0.4421054119169109,0.30518755164445505,0.2668191807901653,0.4835008212451025,0.11442193087008352,0.7077460464065162,0.6166360436915799,0.7972095387618695,0.4627765548943085,0.6380773558054109
0.0,0.18120481927710808,0.4496756302663734,0.341566060558997,0.2573618585725288,0.3912702866687996,0.2189781021897807,0.7825339353177858,0.6157592781880411,0.7991810875698283,0.4748010222703321,0.7650742267890235
1.0,0.21204819277108405,0.4557038533743382,0.3719781477381736,0.2855781879587697,0.4110606154062797,0.0029717682020796482,0.8242094041238227,0.614459884476536,0.8040844435193356,0.4779079526310375,0.8165166506763538
0.0,0.3190361445783133,0.4623990150505563,0.4071200394469783,0.3097144674657132,0.3411899470979533,0.0040650406504071385,0.7772870414494788,0.612307777232625,0.7968081421047676,0.4723599441865202,0.7380127580726669
0.0,0.4048192771084336,0.4665573242098645,0.4170268264028121,0.32844469254857783,0.3218749103647319,0.08048780487804834,0.8638951800303613,0.6103433620985393,0.7873248220839476,0.4834134493804722,0.8538900403541797
0.0,0.573975903614458,0.4692068896915243,0.4180821617202175,0.4368398208675325,0.4426513646788434,0.7113924050632912,0.9279682042161836,0.6079614297611909,0.7734816714484606,0.490731668531457,0.9346230293984692
0.0,0.5426506024096385,0.4680880260538299,0.4071829711279267,0.4118021029968337,0.44469893347004186,0.5291375291375283,0.9447012758598664,0.6053688256757218,0.7648478762207549,0.4897761837251736,0.9547936653726652
0.0,0.5479518072289159,0.4691372774654984,0.404016318132062,0.4174806171794772,0.4589115529588249,0.6643356643356648,0.9363249143940772,0.6026353756669619,0.7526159318390816,0.4890613983330037,0.9357403871595192
0.0,0.6096385542168674,0.4692864606255287,0.39981422927336735,0.4584442650555695,0.4890622362476785,0.9533799533799526,0.9758190902436268,0.600748398269712,0.7536943783170325,0.4921337423990893,0.9766032357527394
0.0,0.577831325301205,0.4669954062994957,0.3714890774469965,0.4309112822725281,0.471732271197021,0.7342657342657339,0.9733528536126436,0.5989324207192391,0.7526641923843913,0.4902680518001351,0.9966251225318584
0.0,0.5889156626506027,0.4663381839342383,0.3714385691128005,0.4531544817346502,0.0,0.8554778554778559,0.9248976904823901,0.5982053254493284,0.7580819883720237,0.4882654898504808,0.9306189609298424
0.0,0.5961445783132533,0.4655026701189901,0.3709912012124699,0.4684555624713404,0.4826878217676779,0.9550827423167854,0.9250254238537158,0.5967070694622661,0.7566493311472007,0.4868781149531856,0.9560495728889512
0.0,0.5580722891566264,0.464052826639457,0.3761586252289604,0.4501650650465343,0.4815069720816118,0.9590361445783128,0.9650698357643612,0.5947924766040783,0.7585371755065359,0.4900544623514469,0.9988166923400088
0.0,0.5272289156626508,0.4622866219487114,0.3755547400305718,0.457324631759202,0.4832609570432397,0.9652605459057072,0.9543746223268104,0.591903131391578,0.7586077135498634,0.4891059718362055,1.0
0.0,0.5050602409638553,0.4600659976934097,0.3714214796124093,0.4351834079783932,0.4312345814365837,0.8733270244693796,0.9413359928076288,0.5895008130961633,0.7578024690066025,0.4876390195896406,0.9985228519195616
0.0,0.495421686746988,0.4579199160394132,0.36376514091940415,0.4750910396666354,0.4529228534383515,0.8516966337704481,0.9345464728394636,0.5871218749074313,0.7562890261037697,0.4868455804419333,0.991483087215828
0.0,0.4910843373493978,0.4558284767070617,0.35059345557747584,0.4709293047293589,0.3697195652488816,0.6948763012031914,0.9371158787319022,0.5844189239264143,0.7504953678178349,0.4874986782581773,0.9961218179256542
0.0,0.5354216867469879,0.4545948057675092,0.344602750236985,0.4882863491686076,0.3562088431350637,0.9438202247191004,0.9048926794039764,0.5823320119892199,0.7493946687618408,0.4841212309101892,0.9505720374204664
1.0,0.5146987951807228,0.4523249539333408,0.3358719417717996,0.5100006996848022,0.3256899702494965,0.8876404494382009,0.8977789131855226,0.5802603165038059,0.7466540632577293,0.4815710549027525,0.994210452396186
1.0,0.5031325301204821,0.4503675394620147,0.3362465923595477,0.5417639838976581,0.3810388767538888,0.8792134831460676,0.8951898560051879,0.5786922317361837,0.7510884267073108,0.4819051081888043,0.9748865070839968
1.0,0.5113253012048192,0.4480806008186868,0.3297211116661067,0.5551881118846035,0.3802338157761683,0.9438202247191004,0.8826474215053868,0.575891757221847,0.747841196842145,0.4837169681895224,0.961377125787002
1.0,0.5045783132530123,0.4444414321497598,0.3067734662027409,0.5475319721743749,0.4036009638708333,0.9610778443113784,0.911721501947934,0.5740883060445411,0.7528413222537615,0.4850199843822594,0.9800534730008392
1.0,0.4910843373493978,0.4405145266706675,0.2762186504124127,0.5320168929457101,0.4569319839857697,0.8290909090909095,0.9089555831765326,0.5720801182921559,0.7497857730064388,0.4835918290475364,0.9956640399769368
1.0,0.4824096385542167,0.43761470617992576,0.2548035318942391,0.5209992961519903,0.7014523946581299,0.6799999999999989,0.8942367685422182,0.5705548912907318,0.7463000865768905,0.4855106078307891,0.9955577182682952
1.0,0.4631325301204818,0.4367453795323169,0.2522258440734523,0.4935567363334489,1.0,0.4436363636363632,0.8828881497821163,0.5674009982159626,0.7295015138708683,0.4843186377721237,0.9811441937913812
1.0,0.3580722891566264,0.4371869443854231,0.2630395467617235,0.3780887324672424,0.654781105078888,0.1236363636363623,0.9008936423170832,0.5639516852169942,0.7129343145249409,0.4882226961845123,0.9607213094445392
1.0,0.3378313253012049,0.4391270658311342,0.27650148390183404,0.3919510602074425,0.7117163963249173,0.02941176470588174,0.8849367965453036,0.5601101859678933,0.6938819909911162,0.4866630908604183,0.9244681905139364
1.0,0.3966265060240965,0.44225933598552375,0.3009341227806095,0.4401198521932244,0.7429957338185702,0.2022058823529402,0.8629224412794954,0.5571352463075813,0.6829456103823737,0.4846558086731506,0.8687404816116046
1.0,0.2968674698795181,0.44435359956043335,0.3113349395937749,0.3872202172478669,1.0,0.14956011730205235,0.8922519884646939,0.5567533196671631,0.6868228563174112,0.486297977974187,0.8967252565593615
1.0,0.28578313253012033,0.4481032017918836,0.3410178840465873,0.3676663176530259,0.7497362043280132,0.06267029972751967,0.8415565785142642,0.5572509203504245,0.6985955488228628,0.4726424274145486,0.8973616261803925
1.0,0.2775903614457829,0.4504702081239435,0.35610255028397125,0.3621844521822166,0.6838329922649555,0.08682214105085634,0.8259288918147473,0.5582998350081542,0.7112400925019748,0.4732639696935344,0.8892936297206557
1.0,0.3171084337349395,0.4529815872183201,0.37553256888007736,0.3683386825792227,0.5869702744272653,0.07331378299120228,0.8388152238527332,0.5573012600443584,0.7157194596031934,0.4717192042799716,0.9080701908377404
1.0,0.3363855421686748,0.4544421155917212,0.3852846218182116,0.3859902517067686,0.4094410910911231,0.28739002932551405,0.8433350200688776,0.5555908297939037,0.7183613744252636,0.4686057468791319,0.9139364947005773
0.0,0.386024096385542,0.455113219732721,0.3884226851993856,0.3946520885804336,0.3174506662128886,0.4486803519061582,0.8589676195903688,0.5540293719126116,0.7164942903143354,0.46749005351069206,0.9295750952725784
0.0,0.3893975903614459,0.4547143129044786,0.3903357550635226,0.39859744980166206,0.4341523034214104,0.3900293255131977,0.8535340384870473,0.5522539837729948,0.7135965976092826,0.4701820901743598,0.9279731993299836
0.0,0.3816867469879518,0.4545672346593276,0.39182113157866855,0.3911659042970197,0.5067828672972416,0.425219941348974,0.8648482674933307,0.5502184326928682,0.7079062231738403,0.4682751717892146,0.9392084147081842
0.0,0.3840963855421685,0.4548661428256765,0.40002836697136107,0.3933873886989352,0.4839738928993795,0.281524926686217,0.8537305513660102,0.5479846114305321,0.7040377258259768,0.4674733232147321,0.9054296226401294
0.0,0.3561445783132529,0.4556508736198087,0.4039849776929665,0.4131900274236873,0.4297436802252729,0.2434017595307931,0.829195918427504,0.5454538705481912,0.6998913650455216,0.4681793652596238,0.8704731810435
0.0,0.37204819277108414,0.4568154137799398,0.4099425981246972,0.38167449650323493,0.4967205800032815,0.3108504398826983,0.8461058516622533,0.5431577586916084,0.7036678215055743,0.4672552146124303,0.8743352863297567
0.0,0.4125301204819277,0.4569327869875854,0.4089710762646546,0.37806968352010095,0.5096728315877794,0.3724340175953084,0.8499820681997946,0.5399730993196817,0.7034273981805028,0.4682252637257798,0.8661795147498776
0.0,0.4390361445783135,0.4571088758324094,0.4147324262155359,0.3551640455109666,0.4878234288846812,0.3900293255131977,0.878741728036001,0.5378197613190446,0.7041126970032261,0.4694944686934488,0.8792141200909934
0.0,0.4134939759036143,0.4578001063683306,0.4292787918349698,0.3812005203417506,0.4901826537337536,0.387096774193548,0.8559167571444712,0.5351347188845751,0.6952602496360959,0.4690308891542137,0.8614030852954729
1.0,0.3710843373493976,0.4590702150092543,0.44845649786884256,0.3865530597384744,0.4918074030227636,0.19648093841642256,0.8746788242634451,0.5341358199551872,0.6972530988235062,0.4724702473691523,0.8593939128786222
1.0,0.3604819277108434,0.4609514843763432,0.4676096969590565,0.374036802896793,0.4869185202511143,0.1290322580645174,0.8384369365607298,0.5328235925220978,0.6996493974038079,0.4690643731974338,0.8392558721670305
1.0,0.3672289156626507,0.4631986238805962,0.4873826313097107,0.3813456765777148,0.5113165097164459,0.0061728395061738,0.8261204918717359,0.5322847279831157,0.7089182699056487,0.4709716022217855,0.8265337325150584
0.0,0.43518072289156623,0.4654805954373157,0.5064427097789419,0.4006661532828224,0.4487131211219242,0.32631578947368395,0.8286505951883818,0.5294882859429048,0.7026743998801088,0.4714963047122947,0.8243007801110787
0.0,0.4819277108433734,0.4661066829568223,0.5196634619468878,0.3999683020257829,0.427691087233501,0.32421874999999906,0.9006971294381205,0.5268631048057729,0.6965833229282008,0.4807789072649502,0.8744284281864018
0.0,0.43855421686746987,0.4661958819290273,0.5301907661268297,0.4045384361995384,0.3848055287122916,0.0746268656716402,0.9056836437418018,0.5244004774871046,0.6894930344252231,0.481037549313603,0.8941223662542754
0.0,0.5489156626506024,0.4685506904681118,0.5571431532844504,0.5155996137600466,0.2898676364343937,0.8464163822525588,0.8872703869829867,0.5239873459022558,0.6980410608150759,0.4817204265110345,0.8774015116328168
0.0,0.537831325301205,0.4669285885629023,0.5658983429978881,0.5476617644743228,0.0,0.8338870431893688,0.944106824401004,0.5239506836661955,0.7100607016030093,0.49089627163621397,0.9813086742952049
0.0,0.5773493975903616,0.4651199457178668,0.571400940326413,0.5607475062981271,0.2831007377926488,0.9906759906759908,0.922367587165744,0.5230443117827225,0.7185286825870841,0.4898404237816622,0.972265619502034
0.0,0.5725301204819279,0.4621665324827688,0.5740378938490079,0.5575121361270198,0.3576659173068423,0.8816425120772942,0.9441903423745632,0.5215671779390866,0.7267844694158893,0.4899301697112429,0.9992821855339272
0.0,0.5840963855421686,0.4601082283878296,0.5770665058712312,0.5851832677651237,0.5168420070069228,0.9636803874092011,0.931903374617414,0.5193985034786349,0.7342106640550623,0.4923421245016845,0.9898674040984188
0.0,0.5686746987951811,0.4577914546638436,0.5779912694070349,0.5697721755656402,0.5702961225973023,0.8663366336633664,0.9333330058118684,0.5173031449794004,0.7397460148165832,0.4924527466852587,0.9945259873785716
0.0,0.5493975903614458,0.4556300768208417,0.576259224970106,0.590649592160756,0.6177994198511609,0.7995049504950491,0.92000943261819,0.5153390999759823,0.7483995099178096,0.4910092137639255,0.9927246904007944
1.0,0.4995815899581588,0.7484794220362758,0.37132331186940215,0.5210997097774696,1.0,0.3532608695652159,0.5311792246584358,0.9876416516802424,0.3621795260509752,0.5148829710661211,0.8304071745702466
1.0,0.4506276150627618,0.7527838665693112,0.3815336949443589,0.5000940882769792,0.4988028571355673,0.16847826086956613,0.5503146662474392,0.9869499786981384,0.3734012125176319,0.512543642142056,0.8441504231124378
1.0,0.4912133891213392,0.7591210258389978,0.4017796175789391,0.5090427324898813,0.5061256358434535,0.23563218390804785,0.5056325503932712,0.9871529967170954,0.3794693767671601,0.5132126448304439,0.7967542406112043
1.0,0.5251046025104601,0.7659727089720654,0.4069156860053328,0.5567364555888843,0.4672611607843852,0.4790419161676625,0.4443696603766172,0.98907596165884,0.3873330370821911,0.5125066462338401,0.7553474075666925
0.0,0.4912133891213392,0.770831230309496,0.4075048456131387,0.5103639851931782,0.0,0.6916167664670658,0.4523529960844807,0.9914210967093784,0.3924143193425438,0.5129254659326258,0.8019024248327156
0.0,0.4958158995815902,0.7729266673150981,0.3968093060347041,0.5163517532118138,0.4865481815232853,0.6276098317205515,0.4652982819861557,0.9922003182759694,0.4032666755754648,0.5137651400301384,0.8346952199046259
0.0,0.5129707112970713,0.7709570346770354,0.3653842857746975,0.5406445171622086,0.5410019018876491,0.6251093941439744,0.4500587082225904,0.9924233138150031,0.4118320321707691,0.5127758354825722,0.8094539382976842
0.0,0.5238493723849376,0.769137796560494,0.3407382267071501,0.5549079737083736,0.4704576652115853,0.5926037056484889,0.4829353128730672,0.9919582176922468,0.4167895854843183,0.5149566290052425,0.8754822469863516
0.0,0.5142259414225944,0.7672330885768109,0.3143170869593365,0.5427863773790108,0.4692094607162559,0.6176080814142464,0.4838097951844516,0.9911112013477468,0.4144578965020765,0.5150564339747568,0.8669061563175934
0.0,0.5493723849372382,0.7721928027553633,0.3310695314501222,0.5359827974211008,0.4994271756808719,0.6801190208286438,0.452490555099755,0.988750172991494,0.404933441998414,0.5130030892648807,0.819282289993296
0.0,0.3866108786610876,0.7753051206435158,0.3480765974868261,0.4347924295210671,0.538468297247574,0.4590747330960847,0.5130951269718839,0.9856792075852584,0.3896700366259367,0.5136055825052577,0.8716622183993827
0.0,0.35062761506276185,0.7810976645113141,0.3717226086349095,0.4422952996128856,0.4446828161491712,0.26000000000000106,0.5378704881871192,0.9824611923581102,0.3763916882470584,0.5154508427490749,0.8637185827946923
0.0,0.36276150627615067,0.7842865519456688,0.3783316539107952,0.4573076031843874,0.5002270734114497,0.24428571428571336,0.5695483642759236,0.97969458939292,0.3588682834100462,0.5139864191718035,0.901887245911178
0.0,0.3677824267782429,0.7857932512756116,0.3658602996112484,0.4616843780659238,0.44757099521729343,0.3257142857142859,0.5868316719807025,0.977193783229672,0.3452527061900388,0.5115209181071798,0.9127654730131424
1.0,0.4012552301255231,0.7838711024908476,0.3342260934646437,0.4996272707476592,0.5084472721973939,0.27142857142857224,0.6078929397835411,0.9746587407276592,0.32993605369337065,0.50934756105238,0.9151435040540368
1.0,0.4635983263598325,0.7825429329876286,0.29693969955433264,0.5084484832379543,0.5083844793007567,0.28428571428571353,0.5998359117460662,0.9725064470425164,0.3221658506259182,0.5088450487599274,0.9034177871662216
1.0,0.4631799163179919,0.7849568965137459,0.27904485012327385,0.5082425909823597,0.4722367390857685,0.30714285714285794,0.6087084682312371,0.9708578865232956,0.3144224056694737,0.5094554826554583,0.9169712991891928
0.0,0.41548117154811737,0.7883446479123772,0.26382901027601474,0.4763527102015966,0.4018245169338661,0.3528571428571427,0.6253629347233342,0.9702160610409002,0.31476821409745226,0.5069432320140335,0.9282100256776756
1.0,0.4012552301255231,0.7931436772832245,0.2570169353544476,0.4622586646571454,1.0,0.21285714285714213,0.5969127826714942,0.9693507330539624,0.3168613912744665,0.5084008223467535,0.9249212593445236
1.0,0.3167364016736404,0.7993120971252516,0.2458553752565452,0.4477119685736307,0.4797864195148718,0.06607929515418541,0.5687082717183576,0.9690483998167128,0.32602733340460466,0.5066086913008683,0.8860189483537194
1.0,0.3493723849372388,0.8087832666225638,0.2525533500869531,0.4678854587574277,0.5249386191955538,0.10569105691056993,0.5657409272460192,0.9690940883700292,0.336038378724192,0.5063489951588641,0.8890673817625254
0.0,0.428451882845188,0.8145245806504608,0.25617767701905064,0.4854569205897984,1.0,0.1853658536585365,0.5337977587706151,0.9700380548412048,0.35215867733349804,0.5075721826914087,0.8864047459428004
1.0,0.38744769874477,0.8167105466193394,0.2516168728507636,0.5037465866939341,0.5848579379406085,0.0926829268292694,0.5113314238831926,0.970740792172978,0.36445026697735294,0.5095618681094003,0.8842607232756113
1.0,0.4267782426778243,0.8266668126809058,0.2706495306198251,0.4859664322917012,0.4794384723668682,0.09136212624584676,0.45327660661560604,0.970060217039902,0.3749874147659956,0.5057007176331587,0.8076957132195756
0.0,0.4359832635983264,0.8375639992474342,0.2882551455679899,0.4930127011788485,0.4669512160361826,0.2533081285444238,0.4128833843448017,0.9684221422996876,0.3777485466042,0.5029376121693906,0.7492884880529241
0.0,0.3995815899581589,0.8448577770585459,0.29594440302265024,0.4710238197393792,0.512257675118965,0.2703213610586021,0.4532864322595544,0.9668619232443736,0.3846287879200714,0.5021764514155406,0.7851929620400468
0.0,0.3937238493723847,0.8538275824031232,0.3145140636562903,0.4656627486040734,0.5376571416929552,0.1909262759924393,0.4524266884140921,0.9645147687752814,0.3873269826594175,0.5021516106144432,0.7754721277053265
1.0,0.29623430962343084,0.8632868226050376,0.3372971927074169,0.4600938817135327,1.0,0.0998389694041874,0.4271305680696046,0.9628605460350124,0.3882732201694742,0.5004669965841297,0.717760603109149
0.0,0.30669456066945594,0.8755795164345945,0.3815526172814485,0.4656368461853873,0.5329919506071213,0.1482059282371297,0.4209600636701728,0.9613112008853664,0.39119284977665736,0.5037060294739792,0.7146362750926548
0.0,0.30543933054393346,0.8839185033663746,0.41250279689714825,0.4629682357877013,0.5026956753691871,0.056162246489861636,0.43874447921630655,0.9619311675875594,0.3966739674851598,0.5013285643609326,0.7234969705402429
0.0,0.470292887029289,0.8939713139050507,0.4376948180067941,0.5134790364167994,0.5237172446838136,0.5286885245901655,0.3797070975539063,0.9633993786810128,0.4084151771167557,0.5006057226116603,0.6911848413170246
0.0,0.5041841004184104,0.8908081549381894,0.4180147469907137,0.4903873346568535,0.5405077796256633,0.5491803278688527,0.4319107438503751,0.9653300910017903,0.4080867863527631,0.504275380062184,0.7922068887005578
0.0,0.4928870292887029,0.8868971717570913,0.3944923421593817,0.4813992579942024,0.57193684869177,0.4672131147540977,0.4375899660523999,0.9643234699445472,0.402815381627606,0.5009851539342995,0.7940916047914793
0.0,0.5150627615062762,0.8869578437486199,0.3862438905551343,0.4484943959866115,0.501723027097891,0.5594262295081964,0.443603260148662,0.962730388383318,0.3869161991400325,0.5015301084831307,0.7675980621576837
0.0,0.4309623430962347,0.8872980413277334,0.3982343338232685,0.4299100758330923,1.0,0.31762295081967384,0.4484030872173288,0.9613664079880012,0.3770619899170157,0.5018177252033916,0.7894746828237855
0.0,0.3234309623430963,0.8934383472254901,0.42302819436655936,0.38485627416003865,0.5139655950581203,0.027932960893855784,0.4120531174311836,0.9613035843758531,0.3720499153218565,0.499273827058871,0.7411740895809354
0.0,0.31255230125523004,0.9047385534060586,0.44975687093709227,0.3790079045157702,0.5333766698322058,0.058394160583942915,0.3589504247134596,0.9615754470569025,0.37630658053835264,0.4990887999761262,0.6836017050988525
0.0,0.37154811715481145,0.9167861752162468,0.4695933189006121,0.4169409063282707,0.5129871694141221,0.3128625162583048,0.35075583766071045,0.9618387430049076,0.3885249483840766,0.4984410563459755,0.6917224281214819
0.0,0.28828451882845185,0.9236426244896692,0.4740274000034871,0.3971688486499573,0.5549099060142187,0.16193181818181812,0.4310510000049128,0.960952912408882,0.3875160275762154,0.5006741365747782,0.78372566629141
0.0,0.32510460251046003,0.9342073721701972,0.4942939896653917,0.42100439869775386,0.5189948429375665,0.3221757322175735,0.3879360743604733,0.959195334772932,0.3904611944737912,0.4976068870458527,0.703271057591358
1.0,0.3271966527196649,0.9378494468945948,0.5041024385093822,0.4224663632059744,1.0,0.32428765264586146,0.4166171290450947,0.9584117257232364,0.3915656023990453,0.4997635782440013,0.7464930366697448
1.0,0.28828451882845185,0.9398973675271588,0.5023615961513043,0.35909491644106384,0.48723665567771896,0.1343283582089564,0.4432593626104773,0.9562938009423021,0.3875846382453305,0.5017454542195628,0.7880516589296331
1.0,0.3343096234309627,0.9469807127352012,0.5082305943327938,0.3661461747687324,1.0,0.16033755274261613,0.4178698986484827,0.9547959752442524,0.3774541518007805,0.5000831073054021,0.6948467561379766
1.0,0.3175732217573223,0.9537724915879238,0.5133779876576656,0.3387123575495625,0.4621815644662676,0.028571428571428976,0.3830527293182477,0.9532170298998658,0.36851322341166304,0.5010190817910601,0.6829882236867073
0.0,0.3744769874476988,0.965866333253094,0.5448981386182119,0.3364331519146703,0.4812807021289254,0.07563025210084078,0.3597708659831293,0.9529907812369104,0.3683145086830443,0.4992774808311167,0.6438772025247608
0.0,0.4133891213389125,0.9754936938967445,0.5807323923086247,0.3693194055994748,0.4385217909287231,0.2369747899159681,0.4663791028204515,0.9509140321037376,0.3464858100533881,0.5037960633249753,0.7612545378650849
0.0,0.3841004184100421,0.9811194942233964,0.617193615482772,0.3816161733339057,0.40632248069636,0.1899159663865561,0.5441982028897221,0.9470343526872936,0.3177468128792437,0.5061223663419754,0.8290853434863454
0.0,0.4937238493723853,0.9870106120224172,0.6412418139381112,0.4632084219705472,0.4103561290970877,0.5159663865546228,0.6046799542124988,0.9444074546103428,0.3001618919029612,0.5071631458824287,0.8599997470179741
0.0,0.5376569037656906,0.982177536342163,0.6317657596864678,0.4720250002333832,0.3860272374323877,0.5294117647058829,0.6414671651543363,0.9418736226241744,0.2984834553561692,0.5096290182918909,0.9396258395840976
0.0,0.5774058577405855,0.9764361861405042,0.612184295672897,0.5172499206333426,0.4874344484705912,0.4352941176470592,0.6668517162943568,0.9400609093420206,0.2980259127217736,0.5078923994323954,0.9493466739188179
0.0,0.6008368200836819,0.9741643599264111,0.60327622415099,0.5406449212099362,0.5481172474948616,0.4033613445378159,0.6847638652118164,0.9364350814792431,0.28877520694555936,0.5055599611372485,0.9612368291232908
0.0,0.5623430962343094,0.977426414829342,0.6158116115472201,0.5496977110774095,0.5832374711624017,0.2655172413793091,0.697645284427828,0.9351317517826676,0.2930966837163511,0.5066448251719465,0.9546592964569866
0.0,0.4983263598326357,0.9841933116540508,0.6344749155194731,0.5289645065913823,0.536347200610247,0.2431034482758616,0.6878294661236356,0.9337452681902416,0.2965901801847713,0.5053140389756553,0.9959522875899663
0.0,0.5184100418410041,0.9918204764494478,0.6586610764702479,0.5495442124393327,0.4085837316389956,0.22931034482758605,0.6603225758908171,0.9350167108339285,0.3139360947397508,0.5036208800367877,0.9997795650082829
0.0,0.5673640167364017,0.9964529679809097,0.6732748592420195,0.5496416508310257,0.4047809042327816,0.3724137931034479,0.5869102771322876,0.9354718102280264,0.32500500200086635,0.5013951488867169,0.9912634591795008
0.0,0.6476987447698745,0.9987262191090568,0.6840219576947729,0.5884073520959539,0.4260857254553785,0.5741379310344827,0.536509636500302,0.9373300988130708,0.34705579239372264,0.5013918885059963,0.9434510017718409
0.0,0.6794979079497909,0.998342765970578,0.7021421111099163,0.5759500848859259,0.38272394756114936,0.6551141166525791,0.5326530712506568,0.9370246681956051,0.3565692909434077,0.5009365210650623,0.9655308709281716
0.0,0.6476987447698745,0.9986449926469309,0.7246675889125026,0.5289723247124016,0.3745634749397487,0.6655462184873958,0.5155220610270743,0.9366922236420588,0.3654942787406419,0.499796427246016,0.9324246967425374
0.0,0.6728033472803345,1.0000000000000002,0.7514198008021777,0.5608082225062856,0.3928428514102329,0.8924369747899159,0.4989609381524839,0.9359763605487288,0.3734863103689071,0.498415714317061,0.9340261687338146
0.0,0.6744769874476988,0.9943285994499134,0.7588344136722995,0.5624531939739831,0.3863052043886882,0.9411764705882362,0.5186760927344278,0.9357428391031648,0.3866110019252715,0.4998391081544306,0.9707509881422924
0.0,0.6849372384937239,0.9845597612133796,0.7613074634126609,0.5184510265709652,0.40475858329186937,0.991197183098592,0.5149767377879527,0.9340188706907578,0.39553106561189255,0.4995213256266453,0.9729726046067869
0.0,0.6899581589958161,0.9749739514935464,0.7526488125766111,0.5231335977698728,0.4039323271668636,0.9416058394160596,0.5024490417540739,0.9321529911506172,0.3872077037111601,0.4987492390006775,0.9350415701240284
0.0,0.6179916317991629,0.9663693361193116,0.7434313158387476,0.4956057104575106,0.4364015364964701,0.8156934306569336,0.4930508133176781,0.9298013559256284,0.3739888721154549,0.5017541759005794,0.9271091726863842
0.0,0.5983263598326364,0.960301383035416,0.7379508356920337,0.529825399429049,0.4376915401185535,0.7372262773722634,0.4816628919817834,0.9279504971339428,0.3645651399549629,0.5010143511587705,0.896558538912362
0.0,0.6163179916317992,0.9521858572297937,0.7368225291786786,0.5451792863742078,0.0,0.7262773722627739,0.4685309188450938,0.9261869453189668,0.36740090468244346,0.5000941059445545,0.8739948207714321
0.0,0.6485355648535563,0.9422474324035972,0.7208232374707461,0.5202448044884367,0.3879943626313248,0.7317518248175187,0.4772413522051203,0.9260399855803804,0.3757866225939719,0.5007457102499254,0.8898528008722911
0.0,0.6924686192468623,0.92880676911566,0.6896543038380314,0.5078649232945416,0.5089102015069367,0.9725576289791441,0.4554087713523525,0.9254973054089398,0.3817339675961916,0.4989215272272374,0.8972127572577342
1.0,0.7393305439330543,0.9153076387805476,0.6633399204893333,0.5409703162409435,0.5179666876969788,0.9686192468619236,0.4562390382659701,0.924363090670345,0.3862672060490453,0.4990391361698044,0.8832288401253916
1.0,0.6615062761506276,0.904134064796892,0.6583449916644412,0.5222484527327047,0.4698947748492779,0.9880564603691624,0.4767107674319208,0.9215762221590416,0.3818780150436272,0.4968995783637091,0.8957339512062151
1.0,0.5836820083682015,0.8978762781060314,0.6679062329899945,0.5103407063820474,0.43320776423979945,0.6770601336302917,0.4399088180241612,0.91755547719035,0.3691193338551194,0.494294936807014,0.8237767479896415
1.0,0.5895397489539749,0.8969232415476391,0.6901775494054915,0.5158372980344601,0.4417302962928341,0.510022271714924,0.4668949491277285,0.9146545019112768,0.3599232351567643,0.4965109093646173,0.8063172958975059
1.0,0.5677824267782429,0.8985232510797407,0.7140603079238538,0.4935074128371318,0.407797100624368,0.5567928730512256,0.4341264265606808,0.9119164689769054,0.3511248794963626,0.4977064140426675,0.7724955703966201
1.0,0.6083682008368202,0.9002072888953017,0.7425111108135657,0.534388595067989,0.4177219665730894,0.8685968819599131,0.4052095564213037,0.9114361780229088,0.35274846280466376,0.4955580909391003,0.7157012402889464
1.0,0.6121338912133895,0.8956078379614081,0.7571151480311544,0.5380132959945256,0.4309383935777831,0.7438752783964381,0.4318026617669458,0.9107393515047414,0.3553603632656702,0.4976111889231361,0.7698855117895598
1.0,0.5899581589958162,0.8917310906644731,0.7683892153568307,0.5673658040855375,0.4406579227581461,0.6681514476614707,0.4356051859748761,0.9102988049869072,0.3592588724181224,0.4942056180849842,0.7705601744582253
1.0,0.5577405857740584,0.889093443606314,0.7881850691998409,0.5883754922407746,0.4300120098210569,0.5011135857461029,0.4463151378783485,0.908903113079778,0.3612660757289139,0.495055708665746,0.7862545999727406
1.0,0.5690376569037661,0.8871140378900135,0.8024083393358146,0.5987409814062363,0.4211877184782618,0.4276169265033416,0.42813278375231534,0.9074406262830316,0.35586270321800817,0.493732891900545,0.7458566171459724
1.0,0.6476987447698745,0.8869450180416878,0.8231501471369163,0.625326390505896,0.39782914348447135,0.6722532588454387,0.41698067787117626,0.9057930563054508,0.3534458735130903,0.4928933601922876,0.7262709554313753
1.0,0.661087866108787,0.8836741493680582,0.8255690628658798,0.6404510855250284,0.3824021161507809,0.8119180633147127,0.3672678323155599,0.9055891792337708,0.3606139574011201,0.4889760012919554,0.6456930625596289
0.0,0.6832635983263602,0.8778933255113215,0.8224729776839488,0.6155708368207241,0.3924171964995555,0.8584729981378041,0.34912969358729345,0.9063606378840322,0.37549479970289423,0.4874189107602656,0.652139839171323
0.0,0.7075313807531384,0.8685520022367009,0.8099940497923823,0.6329437716262405,0.4190741496947121,0.8406504065040665,0.3698224997420768,0.9066304708019668,0.3883580718522817,0.4890780969859064,0.6974717186861114
0.0,0.7108786610878663,0.8625675534581203,0.8192008681023369,0.6362205874454883,0.40116264176071703,0.7447154471544724,0.3828709549052072,0.9064287662884244,0.3960462277605389,0.4901725350199325,0.6871064467766117
0.0,0.6794979079497909,0.8586981140948959,0.8266501451817456,0.5929927928177229,0.0,0.9126919967663712,0.3947894610143015,0.9053514404157508,0.3998284357510196,0.4910812658404163,0.7261823633637726
0.0,0.6958158995815896,0.8512598348851006,0.8303464542532553,0.5547056090180539,0.4058296480966069,0.9191592562651576,0.4044235049054528,0.9060787799640077,0.4133184878613197,0.4918691358917499,0.7250715551315251
0.0,0.6991631799163182,0.8389776807153766,0.8520468301761759,0.5577351758687193,0.4860614798906817,0.9540863177226812,0.3364202231403741,0.9049158173175316,0.4130649161615235,0.4900435248345068,0.6704988414883466
0.0,0.6794979079497909,0.8294566181043785,0.8926821645538245,0.5454194781077633,0.5508126244327807,0.9408658922914463,0.3372357515880697,0.9034348682909399,0.40675962231656415,0.4901602220311472,0.6293716777974646
0.0,0.6154811715481168,0.8224459820782324,0.942407163421413,0.5348439343546181,0.5632510411150353,0.9695817490494284,0.3398493728782748,0.9005173007551112,0.3877162440934221,0.4904190912082492,0.5978601608286764
1.0,0.5476987447698746,0.8173289618333757,0.954483132183688,0.478370870969308,0.5572649025522317,0.5133079847908733,0.34695331345278024,0.8983390407237725,0.3726386234005065,0.4910216439569127,0.5922516014719909
1.0,0.6041841004184099,0.8149865732457873,0.9683566474401768,0.4867803252972834,0.6048321292823967,0.7389100126742705,0.2880338395177576,0.8957194725996119,0.3595310076933221,0.485997611681476,0.4893757666621237
1.0,0.6736401673640164,0.8087772886377234,0.9685767050353994,0.4971354178076398,0.5667179806499331,0.8512035010940902,0.35776643461770874,0.8937169562977799,0.3508677961665204,0.4883419647744216,0.5352119394848028
1.0,0.6468619246861926,0.799958719006203,0.9653589861298312,0.4773124720164363,0.556269359467088,0.6774127267870733,0.39991353433325627,0.8926098722607155,0.34684411592682873,0.4882717955050132,0.5830039525691697
1.0,0.7012552301255229,0.7949498442078646,0.9749331245456514,0.483084998894295,0.0,0.8523725834797884,0.3748434037995766,0.8918551246853271,0.3439907260814954,0.4898046215588602,0.5665121984462314
1.0,0.7527196652719668,0.7860436595298148,0.9798465527162388,0.474757137205356,0.5600803419158372,0.9488448844884484,0.40884995750408987,0.892050932982858,0.3437175060483174,0.4890434472504544,0.5830039525691697
1.0,0.7456066945606696,0.7745667727358156,0.977452739542852,0.4711751747451825,0.5883785032707083,0.8972431077694227,0.4045905408525709,0.891926214419753,0.3427521084554899,0.4886106842799303,0.5960610603789012
1.0,0.7723849372384933,0.7653974668605079,0.9766467735712084,0.4274753607736719,0.0,0.9210526315789462,0.4020800888238212,0.8909334954581068,0.3382157670740238,0.4883593711304875,0.6032233883058469
1.0,0.7866108786610881,0.7532977542071573,0.9659461315547292,0.35482196260158794,0.5457374478830741,0.9235588972431078,0.4832251693695376,0.8895453175368554,0.3332464962924723,0.4916168436641348,0.6569578846940167
1.0,0.8100418410041839,0.7408689848054253,0.9475203114480724,0.3705031237832753,0.5102041439505889,0.9727011494252876,0.4999484153692722,0.8883536832734008,0.33231799897769176,0.4929977140936515,0.6864794875289626
1.0,0.7635983263598328,0.7292063010253079,0.9339677772036789,0.42426882937062216,0.0,0.8421052631578945,0.4411075465858345,0.8893645003090763,0.3435061935299686,0.4917603536412383,0.6324860297124166
1.0,0.7945606694560671,0.7240653067959382,0.9410106377963998,0.3843777567790241,0.4599312972525057,0.9050064184852364,0.4898820431444025,0.8914295082385079,0.3614352991774944,0.4957421028872048,0.7220253509608829
1.0,0.7556485355648535,0.7170443970181164,0.9549201280289,0.4052046337854184,0.4421862967555507,0.9050802139037424,0.5025915135913219,0.8942960785249082,0.3834847735356708,0.4966009290630462,0.7729317159602013
1.0,0.7050209205020921,0.7100305395937581,0.9621110025018385,0.4234262236819669,0.4523171914550294,0.7981283422459887,0.4467916816098335,0.8966973874118301,0.4068567695459243,0.4953938353540792,0.7651219844623138
1.0,0.704602510460251,0.7035032891339135,0.9719971133620486,0.4244734413183048,0.4553299572284322,0.7085561497326196,0.4109329940210957,0.8965438401631062,0.4069541651642597,0.4962025600480349,0.7290786424969333
1.0,0.8041841004184098,0.7007005816991051,0.9907680229992296,0.5238482477510975,0.4534006761450787,0.9465240641711222,0.40951318847058976,0.8940435126043457,0.39444065881291934,0.4962746411609034,0.6697969197219574
1.0,0.7263598326359835,0.6898845100507043,1.0,0.4426761798363463,0.4416936507915732,0.8997326203208558,0.5181012925634612,0.8919397844212121,0.3807171752540132,0.5015629693907931,0.8031688701103988
1.0,0.7334728033472803,0.6709964503957273,0.9745547130383608,0.449041316279529,0.4141344154645615,0.8279009126466744,0.5048661501653164,0.8896648144313529,0.37497712822563145,0.5003373698253408,0.8038639771023577
1.0,0.9682008368200836,0.6507375895304406,0.9506774426185804,0.5874114752953506,0.38255903801227975,0.7926988265971313,0.5479515988779113,0.8880566927503578,0.3748029323347437,0.5002594016372464,0.8229112716369085
1.0,0.9962343096234312,0.6282022067031268,0.9139379457457402,0.6311015535259965,0.0,0.9461778471138848,0.5546772521604135,0.8836237221187632,0.3567433626637009,0.5007744815840817,0.8379378492571894
1.0,1.0,0.6111621137737699,0.9051617959826188,0.6332045081401947,0.3954512464767619,0.9321372854914194,0.6672545676962303,0.8797216716046318,0.34474248278668784,0.5064833377915228,0.9201921766389528
1.0,0.9778242677824271,0.5921764077774456,0.8821485169697854,0.6772439552098248,0.4793973248313659,0.9862660944206012,0.7110622012390136,0.8773377306278106,0.3425806748666941,0.5064066789933458,0.9612034891645084
1.0,0.9309623430962344,0.5746534031001851,0.8664081683908621,0.660736783363479,0.4399211130396172,0.9612842304060436,0.6431227861595981,0.877247404222797,0.3549358913434193,0.5039626807944729,0.9405002044432328
1.0,0.8958158995815899,0.5597413764566299,0.8494926095510835,0.6630432065575507,0.4557650296113476,0.9890438247011952,0.6293423205223312,0.8766975589510021,0.3623514243119814,0.5064800147900976,0.9341420198991413
1.0,0.8849372384937236,0.5437466551347401,0.8310323975454157,0.6595142575868956,0.4790198713569114,0.96,0.6802637202835677,0.873022022205694,0.3492957760794213,0.506964638676507,0.96579721219647
1.0,0.8794979079497908,0.5273940171881529,0.7985251126756112,0.6590255117354883,0.6170857026157709,0.9004554874136091,0.6935086883256611,0.8711559048070182,0.3464067801342846,0.5082500835766249,0.9491768269801526
1.0,0.8560669456066945,0.5130491553074352,0.7741046879469214,0.6922410820782816,0.4991920884359946,0.8555835687453792,0.6355865172513743,0.8690790634239348,0.34214538878439915,0.5027965071434312,0.9503162376251136
1.0,0.8334728033472805,0.5003982630134673,0.7537784268053841,0.721503390191469,0.8154221380313086,0.8107862811734217,0.6726046308259926,0.8691438451284822,0.3472105395906557,0.5021298460171558,0.952861148826134
1.0,0.8209205020920503,0.4885884142354458,0.7373347107934674,0.7164515035583712,0.7743464251900772,0.7785161804302001,0.6611577556264089,0.8695624672711685,0.3601487758770009,0.5008393620194007,0.9746873443544588
1.0,0.7610878661087866,0.4788883957591825,0.7323856857021441,0.7201278143920647,0.7912108489904616,0.6615370652360252,0.5877700209777498,0.8683161195520642,0.3617194359805965,0.4981327674460186,0.993018928636383
1.0,0.7075313807531379,0.4715816515876654,0.7250383611288573,0.6572064496683765,0.8153769894096874,0.665570827828928,0.6339014193142679,0.86873503670035,0.3761015385639472,0.5021791785519819,0.9606444107589802
1.0,0.7230125523012552,0.4633976286172972,0.7232502856501258,0.6662647485212113,0.8989165724123205,0.6343091677339325,0.5665908454475332,0.8688481991934284,0.3842011051872184,0.5000526123234235,0.9596855501110444
1.0,0.7510460251046025,0.4529916946037245,0.7047831372096395,0.6501756979577774,0.8469409269334415,0.6998578098685995,0.511483721364389,0.8720083331584382,0.4085524655340299,0.4954587276919483,0.9649874854584553
1.0,0.7644351464435146,0.4405527640653617,0.6966046730316768,0.6651695206370489,0.8477786833853693,0.7412038764458514,0.5059224068897418,0.8721761381976602,0.4160770562973791,0.49878581052762105,0.9995068307619832
1.0,0.7267782426778243,0.4238383194263553,0.6732273813984663,0.683023921401439,0.8902267588945549,0.6746467936629582,0.4845074159047696,0.8716952449691046,0.4211351961042942,0.4973419330315912,0.9859175256165831
1.0,0.7338912133891214,0.4088194281146482,0.6440077047606227,0.6880530468715303,0.9182014640808288,0.6141403547694201,0.4503240006091901,0.8712841350371344,0.4297158391478765,0.4945526599488297,1.0
1.0,0.7794979079497908,0.3926713083510116,0.6086914058199167,0.7382283326304291,0.0,0.7664148926514927,0.42957224059071797,0.8710784246795863,0.4414582073458878,0.4930978391639168,0.9817780360255668
1.0,0.7765690376569037,0.36936860157667417,0.5675793709644655,0.7382579865328505,0.6919693244385037,0.6917902846827944,0.4334877597040516,0.8693101916751459,0.4441854519571122,0.4896812689329903,0.9950352777190468
1.0,0.5569037656903768,0.34427227591058984,0.5332999494688532,0.5578488357117317,0.5697277058045036,0.4470588235294125,0.4180614987054712,0.8687743030438005,0.4516535946819288,0.4885814023727938,0.9765462455078492
1.0,0.6004184100418409,0.34145236568608994,0.5323051984961764,0.5699967226572358,0.5160836555189348,0.6079734219269102,0.4020948272897432,0.8677820368724097,0.4561024907740915,0.4872754021718458,0.9972653048357604
1.0,0.5912133891213389,0.3383936075396721,0.5282811115963709,0.5591713468348509,0.5323357146394349,0.6281955947588395,0.41005851170971136,0.8649820180052606,0.4479710412668296,0.4879023393225425,0.984671521341656
1.0,0.5924686192468621,0.3381333477390227,0.5287933680328719,0.5614445193033973,0.489728452362223,0.6461447729428955,0.4357820475659424,0.86068824290037,0.4324404446244202,0.4899425499386785,0.95663892566673
1.0,0.5723849372384939,0.33699619834751826,0.5371759748048418,0.5784163290293789,0.47819118265171995,0.5974255750147441,0.4559098791937079,0.8563138393484516,0.4140051797224517,0.4877535988827285,0.9747178614210958
1.0,0.6121338912133895,0.33760793481598816,0.5446922019323238,0.5941392141839856,0.4749095399170384,0.748711505423217,0.4371379864307858,0.8525823449404429,0.4018668290520983,0.486498133704486,0.9896087706415752
1.0,0.5748953974895398,0.33510336258779216,0.5493717364147054,0.5811777563148905,0.4113176566215772,0.6692222877509684,0.4542100427906791,0.8484110546893927,0.386643844622394,0.4878674826806054,0.9759985655492746
1.0,0.5468619246861924,0.33629215002215296,0.5616677365983243,0.5691919268543155,0.4126124780814406,0.497423010846432,0.42955258930282136,0.8437887470625999,0.3711734134496004,0.4861697371865194,0.8890862207346433
1.0,0.506694560669456,0.3390358115898249,0.5728022498350186,0.5075152721258498,0.4455592312056929,0.5607476635514014,0.4285700249080073,0.8416193478706254,0.3677803058656063,0.486250583758633,0.83327925681791
1.0,0.5100418410041843,0.3421045005424357,0.5832945162827391,0.5121684033385092,0.4211999199113953,0.5817757009345798,0.3975455541417546,0.8411592677477139,0.3746906492889596,0.4873841006814388,0.8290271350262131
1.0,0.509623430962343,0.3444280956490935,0.5942104856702644,0.5115433069360094,0.4245208658471655,0.5771028037383173,0.4135220512014305,0.8427683105013591,0.389389588842974,0.4885821016650253,0.8788486825253162
1.0,0.4899581589958161,0.34605350572355703,0.6080927121232961,0.4860103070484266,0.0,0.6401869158878509,0.3796874462660096,0.8418683794876629,0.3876805970190113,0.4896142833313773,0.8537116412507045
0.0,0.5661087866108789,0.34807242053391874,0.6336694506962395,0.5417802500164314,0.4329094032237588,0.9485981308411218,0.4222079204515866,0.8388694683904846,0.3763443078850925,0.4892545975217111,0.8769873119418026
0.0,0.5150627615062762,0.3428642689172612,0.6303652133326145,0.5184791444122442,0.33878010465582703,0.853535353535354,0.5268903310750728,0.8351814939617758,0.3605171944584712,0.493728634292148,0.9858262606943424
0.0,0.5238493723849372,0.34169764951092474,0.64196616324399,0.5315686670157259,0.0,0.8615384615384617,0.4580027413546614,0.8328045172576625,0.359429900910524,0.4922939745739936,0.9382820008237608
0.0,0.5121338912133894,0.3373815086512197,0.6305947667880969,0.5149030406463301,0.362631630483448,0.8961038961038965,0.4540086170897427,0.8317296683705023,0.3659584792029905,0.4918832794208289,0.9585556725092677
0.0,0.5686192468619248,0.3332494614205752,0.6238640530201571,0.5369297919154822,0.42818560540539735,0.9584415584415577,0.4568138384369364,0.8304642758352537,0.3736044803295616,0.4922128413409267,0.9264289963846049
0.0,0.5309623430962345,0.3298476830668775,0.620657818878344,0.5415121362131775,0.3971328698605239,0.7584415584415587,0.4576932335702954,0.8271795349152871,0.3683357951451155,0.4922689435326801,0.9321953228685188
0.0,0.4694560669456069,0.3287464911750708,0.6233434414696633,0.4683144218810276,0.4443731324574787,0.6720321931589546,0.4629597787264982,0.8229760817689175,0.35202045829376283,0.4929063601376166,0.872234680334996
0.0,0.4966527196652721,0.323929288595642,0.6195648183310738,0.5019842676639822,0.4649195128148787,0.537223340040242,0.5080545716264878,0.8186378740979242,0.3374704218898886,0.4929281193953516,0.8776165850533156
1.0,0.5326359832635984,0.3167793836165924,0.6034086852770277,0.5419531203861879,0.4738713917443478,0.4104627766599597,0.5061434838785747,0.8142979181921043,0.3176686869847967,0.49282963971108,0.8639970710722619
1.0,0.5158995815899583,0.3146462036169668,0.6038049070058714,0.5240146406659482,1.0,0.2474849094567413,0.5324074301519532,0.8100005040494699,0.3006748325693719,0.4951208131984407,0.8460299299803211
1.0,0.4857740585774058,0.3166588203879146,0.6252322259701298,0.5460797141921457,0.4921272762660026,0.2374245472837022,0.5293762189939525,0.8092091718486106,0.2990054933802868,0.4952929053417315,0.7620337741979775
1.0,0.5234309623430964,0.3205834865398274,0.6476355667087142,0.5320514942733972,0.4413328815577215,0.24547283702213266,0.4490122771421129,0.8115082426393202,0.3175614059716733,0.488136835360738,0.7633060271841103
1.0,0.5280334728033471,0.3218658854666845,0.6694894412722541,0.5365849808901264,0.5190699233059438,0.3038229376257542,0.4340183444772512,0.8134435154382093,0.33348110954720755,0.4867376130839844,0.7996613427303098
1.0,0.5435146443514645,0.3240409660438106,0.6802473860691092,0.5512915341068334,0.4862434096169466,0.23138832997987904,0.5102407774049492,0.8151422768397353,0.3518603225130448,0.4891976398355828,0.8435586472015011
1.0,0.565690376569038,0.3265550362473724,0.6893312171516575,0.5740755779081037,0.4822225647518691,0.34808853118712363,0.4357967860318642,0.8173869272394364,0.3745465492438905,0.4829128014551648,0.8496819367534663
1.0,0.5832635983263599,0.3284953473768037,0.6917317942656407,0.5637276495878312,0.4523955634338813,0.34808853118712363,0.3903384443057937,0.8223496950428019,0.4117809321282081,0.479232881549156,0.8641984348542402
1.0,0.6263598326359834,0.3311686368414104,0.7049970726432285,0.6133316625068005,0.4437869891639396,0.5582329317269082,0.3627971643191569,0.8236403688575223,0.4279266821214307,0.4808512265819585,0.8386160816438609
0.0,0.607949790794979,0.3305521085905496,0.7209822596579745,0.5902903560544612,0.476269316438167,0.5602409638554219,0.3787147075151439,0.8240053826329853,0.43889280524874,0.4783485420616788,0.8436867877900327
0.0,0.6096234309623433,0.3292221540740601,0.7505004216856529,0.591697715204473,0.4262359586585449,0.5582329317269082,0.3671106220123903,0.8243392184993831,0.4454508775342063,0.4773980763310982,0.8739645782801704
0.0,0.6589958158995814,0.3263350197239079,0.7725027389553368,0.5964652176487237,0.4771036611108929,0.7068273092369475,0.3606699124043841,0.8232504453674431,0.4429074326787089,0.4768814540264836,0.8879044437325522
0.0,0.6539748953974895,0.3182475055194736,0.7694581006331261,0.5933870184178349,0.45589240136272796,0.6322701688555344,0.3934924760131464,0.8217145670854676,0.4314417969872753,0.479408320606241,0.8627705825820327
0.0,0.7225941422594145,0.3141077833677388,0.7507877043489274,0.6111476914865746,0.5487376658439096,0.7774294670846402,0.34620656451272186,0.8208673169839732,0.4294653184751066,0.479574924217506,0.8079172577914058
0.0,0.6677824267782426,0.3063324934124434,0.7160600127635096,0.5898715764844691,0.4543208179251835,0.7473200612557429,0.3307360881163747,0.8214456684281203,0.4364926705737455,0.4783689235563176,0.8350006864674381
0.0,0.7108786610878661,0.3017055348785902,0.6939184536308571,0.5783165813170575,0.5574075515861885,0.8039816232771821,0.3376729927437621,0.8206673981109266,0.440472271164826,0.4789002839317435,0.8181227403780147
0.0,0.6543933054393305,0.2941446600086113,0.6612931647945296,0.5834674995966995,0.5488785818422722,0.6339969372128637,0.3524802381736092,0.8184452406776659,0.43407531377556696,0.4762980226996654,0.819651274541211
0.0,0.6259414225941422,0.2907747251595645,0.6379855345708323,0.5489026643600573,0.0,0.6539050535987753,0.3528044844238977,0.8166811374360526,0.4305453720824126,0.4763358674767772,0.8075145302274493
0.0,0.7221757322175733,0.28615731014203605,0.6225610783403424,0.6109705703322961,0.5660756166686624,0.9491525423728816,0.3529911716589124,0.8138219163003707,0.4228014373964904,0.4763579473503994,0.8003386572696898
0.0,0.6736401673640167,0.27206062636927153,0.6033342653419606,0.5765414715016519,0.6143593235412947,0.8673835125448026,0.3974669489901692,0.8115764950597172,0.4150387557121191,0.4760283381592553,0.8050249416502673
1.0,0.6033472803347281,0.2614072617826826,0.5995945838685381,0.5575419264705701,0.5665227703590372,0.6003584229390678,0.3485450677723793,0.8088242380143714,0.4058793838018343,0.4760882746847229,0.7287721385748938
1.0,0.6129707112970713,0.25563714447349706,0.6068527821141813,0.5682397283667432,0.0,0.5268817204301078,0.3625220462886087,0.8076939794709582,0.4018583556989249,0.4771626351700967,0.7266029014690405
1.0,0.6535564853556486,0.2482985741594417,0.589385399475496,0.5782379530559781,0.6644859857547857,0.6469534050179216,0.3655434318026619,0.8067034942462276,0.4058917946505435,0.4774090740312862,0.7164614891766969
1.0,0.6677824267782426,0.2393293649761581,0.5594885821871031,0.5938871233344275,0.5597965557461664,0.7649769585253448,0.3916649062387926,0.8066808723206421,0.40992661361434135,0.4793585456799765,0.7869296599697955
1.0,0.6627615062761509,0.2303295754844632,0.5032633163246002,0.5831677435307825,0.5045902864261691,0.9514066496163688,0.3547155721718112,0.8062277262756766,0.4128726905830923,0.4802845967290337,0.7335133403505565
1.0,0.6962343096234309,0.22436586475389952,0.4694722675187408,0.6144063011136404,0.4674941518010302,0.8767123287671234,0.3564350598627357,0.8048805051282998,0.4073175059906176,0.4804437704361034,0.7123243787469681
1.0,0.6493723849372385,0.2203714077801482,0.4490341150533589,0.536960414332355,0.5092653908784358,0.8997955010224945,0.35020068877764066,0.8027264383881053,0.4065351617604696,0.48000482737615,0.6722529861333578
1.0,0.6079497907949794,0.21826099892848672,0.4437170764327215,0.5417620306095138,0.4359309752843691,0.8139059304703483,0.3404634756250336,0.8002681271862474,0.4058004956536421,0.4792821696660241,0.6294448766646833
1.0,0.6263598326359834,0.21565783225598367,0.4356733260534005,0.5065134733001104,0.4599058799208596,0.8159509202453991,0.3444772511778489,0.7970790583291737,0.4031164110327419,0.4796408146183354,0.592650221957805
1.0,0.6456066945606697,0.2107318831914229,0.4134762094742932,0.4772764372593361,0.0,0.9079754601227,0.32485544021341284,0.7951824417575138,0.4032293787751856,0.4781208881475724,0.4874467987735114
1.0,0.6619246861924685,0.1997581407750737,0.3854848971381156,0.4906034278774126,0.4475245335187372,0.9034749034749034,0.3330795041980064,0.7946009269404705,0.3964820985578917,0.478766355927384,0.5328909432062605
1.0,0.7548117154811717,0.18871230112323034,0.3562182567559613,0.5589294787087281,0.456768254129176,0.9485420240137228,0.3568428240865837,0.7951394054038771,0.39084068180916864,0.4806947167721231,0.5779598187725964
1.0,0.7259414225941422,0.18064699110540405,0.33892078445292023,0.5840209313771808,0.4943101276521088,0.8862876254180602,0.31580602213717585,0.7953751226471767,0.3809663984573809,0.4773929424570876,0.4914100041188048
1.0,0.6184100418410041,0.18061592337518628,0.34485893282542257,0.5353681745855838,0.4249399310960376,0.7023411371237455,0.24562636023758394,0.7960552436733322,0.3842373172448119,0.4751895300488125,0.3841563315180083
1.0,0.6054393305439332,0.18650790678827775,0.3526346846038716,0.5214949995931034,0.41818330213380217,0.8829431438127097,0.24321907747028956,0.7977717371418577,0.3956322133102009,0.4749925607570071,0.38701203606242257
1.0,0.5347280334728033,0.18823130253133,0.3540681893315473,0.5159068104953289,0.4173456674146022,0.7725752508361203,0.28024701668885604,0.798935055330784,0.4029552629788888,0.4781037834808141,0.4755663356368128
1.0,0.4945606694560672,0.1930924250482613,0.3663937608392328,0.4869404267337522,0.4148436636385413,0.8073089700996683,0.2404678971648103,0.7999421942582979,0.4110124787838095,0.4747046865030202,0.3994508260491511
1.0,0.4610878661087869,0.19715543884866915,0.3899692158141188,0.4662643227029333,0.4722941129985746,0.7918994413407827,0.2181636854025321,0.7998852837797391,0.4138499831591146,0.4764969666809279,0.3719555169099813
1.0,0.40794979079497906,0.19542613518638,0.3903337580953353,0.4829022688836656,0.4672270955748912,0.6052934407364786,0.2463583707117205,0.7990353550526285,0.4127668426187021,0.475184147064797,0.3822159168916756
1.0,0.4271966527196656,0.1904752515773691,0.3634884111962369,0.4964152632577238,0.5269275416982986,0.5868814729574227,0.2494927511311773,0.7979343082672145,0.412778627470704,0.4754100911321942,0.34431376138391856
1.0,0.484518828451883,0.1830756497518153,0.3210604572030685,0.4836717644517763,0.4899662336609669,0.6087456846950519,0.27313325047040243,0.7976451194547746,0.4164245843026765,0.477460781309844,0.3931902430094731
1.0,0.479916317991632,0.17375146512554385,0.2704307270306097,0.4804476741319778,0.5049600059381718,0.5350978135788262,0.27644449248092584,0.798487953280186,0.4315732807494129,0.4777409882004089,0.3891538144707336
1.0,0.4970711297071133,0.17020642866768365,0.24994658510178114,0.4911684956743522,0.4819296797051988,0.5005753739930958,0.25492633223449884,0.7987585342109488,0.4379091387181415,0.4795893574385321,0.3653745823989748
1.0,0.39916317991631817,0.17021568543006382,0.2507389008425391,0.4806319781458484,0.4603839366177694,0.36248561565017257,0.23238630501746504,0.7992806273460765,0.4479273288371477,0.4775539142083596,0.3010937714521074
1.0,0.3594142259414227,0.18007771659694494,0.2854514105451128,0.4615265053750174,0.4262442532886664,0.3970080552359029,0.2251398926057116,0.7990167007026484,0.4440059819823709,0.4768987293088609,0.2845270239348314
1.0,0.21213389121338935,0.18732753145463232,0.30035965281512644,0.4243025072090028,0.4437071841318969,0.20020855057351436,0.21472471002068305,0.7989451226005572,0.44267699936051785,0.4758860395891034,0.2347260994920143
1.0,0.2694560669456069,0.1989335905909184,0.31426110961564285,0.4033225527889919,0.4981974768851629,0.2940057088487152,0.1445204840112209,0.7990479403335337,0.4381246187287471,0.4690183197527474,0.08755663356368157
1.0,0.3167364016736401,0.20506301194395585,0.31232709885469817,0.3839501769679296,0.4440680143377865,0.34823977164605113,0.2349016698681891,0.801727582356277,0.4592127760905325,0.4736030617679782,0.2530685094503686
1.0,0.25481171548117165,0.2087379000112628,0.3024297964462146,0.3989246685133764,0.4374442746762965,0.3073263558515697,0.18915838446762206,0.8046997622492209,0.4825920182247442,0.47320450293411104,0.232364651503364
1.0,0.2732217573221757,0.2160427344849805,0.32167283259719714,0.41239363229699394,0.4311394511261249,0.3063748810656517,0.1655915774580076,0.8073771943133393,0.5018072436467715,0.4747681368848061,0.21237471969246274
1.0,0.2556485355648538,0.22021972918046884,0.2794449990998267,0.3978027973018109,1.0,0.2645099904852523,0.17742656559354258,0.8116731504607012,0.5179151684793136,0.4721271944076815,0.2126767653654296
1.0,0.18702928870292912,0.2271035592803561,0.2567151431944033,0.322914804712688,0.6187149928241898,0.011417697431017835,0.08775282610084051,0.8151962097138078,0.5280261130908325,0.4681592658787941,0.18075145302274492
1.0,0.2133891213389122,0.24468561853369386,0.21544762720048688,0.29801023264511484,0.3551842097540363,0.0029673590504452163,0.0,0.8201376421889496,0.5478149204580843,0.4589856544876641,0.0013327328376182429
1.0,0.28744769874477005,0.2646848416076304,0.2355481040828113,0.2942504385040799,0.4108709524143144,0.08208955223880628,0.02110057037863133,0.8223139521149451,0.5538848319669357,0.4612184974223598,0.01263186845569036
1.0,0.3472803347280336,0.2841892964280193,0.2571649376974289,0.2818822841377788,0.4867042265168733,0.03604806408544767,0.07319613459167068,0.8246421373972689,0.5645717591672643,0.4623483356610841,0.0489676914200937
0.0,0.3217573221757324,0.29930652363801097,0.2837316329371372,0.27222006576444985,0.4676913477114379,0.062121212121212674,0.09306849947678447,0.8253015807484262,0.5666736962204825,0.4642329222883833,0.025418826618016668
0.0,0.3979079497907948,0.31129920873358263,0.2895625419506351,0.27365176365857097,0.4299650028327758,0.21044303797468328,0.1657193108293333,0.8260509755876743,0.5687644187390577,0.4671727428980582,0.12675894681266214
0.0,0.4974895397489539,0.3163151236535906,0.274192772839557,0.28784496737505977,0.4445932200565105,0.4651898734177211,0.1573675134734141,0.8263129183875674,0.5739383393319314,0.4663276438441274,0.09299175906158892
0.0,0.5372384937238497,0.31687000193090564,0.26263056446805033,0.26318906788730456,0.4136066261395843,0.6012658227848108,0.19790320758146698,0.8258562191061206,0.5738394525735608,0.4700690076331007,0.18894474668870406
0.0,0.4966527196652721,0.31678214710942565,0.2670558099113871,0.2862083252043142,0.4001467354337341,0.5031645569620252,0.27489695355909394,0.8258515651603314,0.5789710984839034,0.4734029800860774,0.2839680462778049
0.0,0.41338912133891215,0.32017863469034125,0.2869029181611614,0.2722752562477707,0.4227565805032765,0.3164556962025316,0.26796987457565485,0.8255301495623516,0.5785790736097048,0.4727790124295091,0.2950095264329823
0.0,0.3711297071129708,0.3290961929071365,0.2961216265165073,0.2833484170014175,0.4130259640864107,0.23259493670886056,0.24239863620062002,0.8265468932719237,0.5891413545539804,0.4741112239360062,0.2352799393981133
0.0,0.32092050209205025,0.33800495297750044,0.2939473664883373,0.2818965732749439,0.4356769406356634,0.03972366148531898,0.2361888292253952,0.8270807627492834,0.5945911460032505,0.4735214347472867,0.2144709960287401
0.0,0.40794979079497906,0.348511481193764,0.2849377654779709,0.3081054952668984,0.5018428590616806,0.13671874999999922,0.2195392755552716,0.828809385320718,0.6074749739843031,0.4719187970986953,0.16465808139935267
0.0,0.5,0.3545225062650321,0.2684808537629941,0.3354544829210548,0.4808842399306946,0.11204481792717046,0.2591267950223289,0.8303185256086708,0.6137274282457107,0.4756109486980394,0.3228198241627071
0.0,0.5803347280334729,0.35879329876114663,0.2572753261095317,0.4125186894716061,0.5752962883730008,0.669467787114846,0.26859871578833594,0.8317707814381153,0.6215781915148652,0.4764707539186663,0.31756306957739394
0.0,0.5418410041841004,0.3568932731952421,0.2346490272892985,0.42303984672412137,0.5525346013914713,0.6886792452830182,0.34698770320659905,0.8315287926192646,0.6131891451731274,0.4835541420381924,0.5106397631017152
0.0,0.5251046025104603,0.3560550693315252,0.22295215543625407,0.4066289263684461,0.487342108629344,0.5125786163522021,0.3216031520665785,0.8304484266892891,0.6041180784129793,0.4812732000889814,0.4181989302848749
0.0,0.5619246861924685,0.3575734591753725,0.2173073061033471,0.4477933515976342,0.4796392733044194,0.8427672955974843,0.3096846459574845,0.8294225458006145,0.594141254819848,0.4801839795588331,0.3456603080595921
0.0,0.5033472803347283,0.3502596446595223,0.1828033982979648,0.4336382587142889,0.5661545585419324,0.6160220994475142,0.3302890213167346,0.8296974224905523,0.5971471495480375,0.4784216064741752,0.3923627849321675
0.0,0.6217573221757324,0.356264353989886,0.19675324775213995,0.5434296892485226,0.6030940032992516,0.6104972375690603,0.2646979351409242,0.8300024856629075,0.6023764647904214,0.4758756889760157,0.270344099350366
0.0,0.29581589958158994,0.3580238458716314,0.19108986800691047,0.3765689912784971,0.31043287273475584,0.7116343095837084,0.280802165571926,0.8306933364115799,0.6095319815578062,0.4737045216327101,0.2725248490691642
0.0,0.3033472803347283,0.3750408301712216,0.24292952227341424,0.3811081689088237,0.3209431366398992,0.4646715997642591,0.24338120059543406,0.8299908541875697,0.6081966506248856,0.4700330318059245,0.1850653077152632
0.0,0.2200836820083684,0.3807757085696151,0.2452813559030708,0.3898487885216801,0.4386545184058906,0.4146589752290462,0.27115338321485233,0.8299796495146873,0.6100774957494486,0.4690294375760004,0.20115694511397306
0.0,0.2405857740585777,0.3899988290089407,0.25798587995751576,0.40450481497018975,0.5581511710336909,0.4090504951405707,0.2511238080265684,0.8304317730231744,0.6149580078039423,0.4670317285748238,0.14428528797373918
1.0,0.3092050209205024,0.396510468663404,0.25315608936946593,0.4127363520450785,0.4058527328572893,0.5347518165373883,0.2518705569666271,0.8316249643455506,0.624380070413209,0.4671335170398196,0.17618162201868556
1.0,0.2933054393305441,0.4007074488432119,0.25145401300125325,0.3993597214585285,0.2369165140446259,0.487230585277616,0.3324162732315069,0.8327883524594163,0.6360827362498431,0.4712219782047704,0.3490002984183826
1.0,0.19874476987447695,0.4077394907999488,0.2524187670328,0.3965445412785503,0.3491078844955267,0.4207941672692214,0.3437796304575312,0.8323261668077554,0.6376630646469871,0.4686191784019961,0.3678465670408376
1.0,0.18912133891213373,0.4162460028032411,0.25705779519095523,0.44434349604488027,0.4435692595622365,0.40969530737582704,0.3017307871814649,0.8318760801380121,0.6365266536639035,0.4645027227565596,0.23383375800564696
1.0,0.2849372384937239,0.42302766801999225,0.24450512609331002,0.4593172395973862,0.4721533055478338,0.4271853172399683,0.30960604080589943,0.8316726313466737,0.6321871296809844,0.461578870551326,0.2406170373941192
1.0,0.3317991631799165,0.4272867015175488,0.2240477155293184,0.4314261965430927,0.4233322214590989,0.486366426045533,0.3012738947378765,0.8322055156165339,0.6395679057390987,0.4607541042754956,0.20625301287790124
0.0,0.3736401673640167,0.4347661936461045,0.22226233659213235,0.4038367376422887,0.4354071618373144,0.5214367127451266,0.3662803550987722,0.8328107237175363,0.6489234016388534,0.4672014061499866,0.3660675343755021
0.0,0.3372384937238494,0.4423022495039259,0.23658937098268665,0.38865907059143184,0.3975979800880508,0.5572376304176287,0.4126623073559682,0.8326174847032818,0.6543286212277091,0.4681008703250539,0.4613089089364827
0.0,0.2723849372384939,0.4502878860374817,0.2599282224263977,0.4014535553220293,0.2505220434287712,0.4885583189642577,0.4330750826582296,0.8320144946032503,0.6521432820053497,0.4664245750327845,0.473532584991851
0.0,0.22635983263598344,0.4618274288699282,0.2803762285953476,0.4185713575074688,0.3585525247953052,0.4191483765379782,0.3956786817916079,0.8314224655184982,0.6560913751407671,0.462851311418095,0.3861074765282464
1.0,0.1974895397489539,0.4772452070342144,0.2946188928152166,0.4075633023733035,0.34125558374168163,0.4217973675799746,0.37386083940476256,0.8314384935502751,0.6640086525205798,0.4607337279016965,0.3253563804145722
0.0,0.2259414225941425,0.4943316185440174,0.3119038862505832,0.4200360583746378,0.2365464443735133,0.4492937191948672,0.3871500228446221,0.8314263947884325,0.6690732659837266,0.4583786674418077,0.3417234809356564
0.0,0.21087866108786635,0.5080109251782254,0.32629805436618264,0.4651959019600699,0.3069129751903965,0.4382795935787648,0.41231840981778334,0.8311872464570479,0.6730798780294498,0.4572339805382132,0.3888506301218923
0.0,0.23765690376569065,0.5235135231031183,0.34594276722964623,0.429010162312665,0.25720973883547044,0.449982102045874,0.365494303582921,0.8306742291605697,0.6661346028371229,0.4525865217895476,0.2592681863048921
0.0,0.285774058577406,0.540065505409222,0.3676607451158056,0.4014849968330671,1.0,0.5153784728914832,0.3342634942937572,0.8307060088057557,0.6628143400645923,0.4493722073991333,0.16352179601955816
1.0,0.1514644351464437,0.5549286775828101,0.38216667099488105,0.3247045397196503,0.3673167957128677,0.31918936035465456,0.2975794526133755,0.8312542442896081,0.6568379067379333,0.4454429172581639,0.07665909143080131
0.0,0.4430962343096238,0.5834100894737284,0.43233228252288936,0.4496123628134308,0.44993044416307454,0.30820399113082064,0.32591169693783817,0.8321744223657753,0.6623979485457232,0.444815373275825,0.0998024543549837
0.0,0.42301255230125545,0.5863428774785795,0.4288834522916892,0.42391703842487066,0.43092408435336543,0.19733924611973414,0.3822912419122666,0.8322310982768634,0.6656008019040246,0.447185073062728,0.2216749357403308
0.0,0.502928870292887,0.5916951450593528,0.4366361995392832,0.4544371161912914,0.4441992821063325,0.5720620842572061,0.3409400193565185,0.831890691074724,0.6688758037150165,0.4427929930275567,0.10664829566506076
0.0,0.4887029288702928,0.5908311316568395,0.4314087181197306,0.4356077314972219,0.4411247742359594,0.4545454545454541,0.45003905693469387,0.8309999833297276,0.6654798723161846,0.4509825815329898,0.3766361402725041
0.0,0.4870292887029288,0.5932150814117365,0.4341068768553324,0.4597249618631394,0.4389033764112138,0.4545454545454541,0.4784646448766634,0.8301137917007443,0.6626865798164486,0.4542053122123085,0.3841343674920189
0.0,0.4564853556485357,0.5955846941047299,0.4334008462069898,0.4729182066713658,0.5211109416130886,0.40133037694013374,0.4680985905113755,0.8304458033972809,0.6654753473102528,0.4531509518921363,0.38315297797692016
0.0,0.5322175732217574,0.6000112857809687,0.4394541958667286,0.5175452490608694,0.5294673897636933,0.731707317073172,0.4555414175456524,0.8316525515632996,0.6764579676157169,0.4514858278641203,0.4220641457631346
0.0,0.5217573221757327,0.5974342196431512,0.4307277836922884,0.5030599284528459,0.519088441793989,0.7627494456762762,0.5116605829554554,0.8331778291159583,0.6914522119781914,0.4539123935728594,0.5193227671700156
0.0,0.4481171548117153,0.5960884776806192,0.4331057873061082,0.3758725582072062,1.0,0.3325942350332596,0.5041783550889466,0.8341653465252828,0.7010026364227163,0.4529695491850792,0.5222763010108572
0.0,0.4041841004184101,0.6019233569192608,0.4568208709831941,0.35721827984530635,0.4195439874612459,0.2638580931263854,0.4235785977823521,0.8354613683644995,0.7112163452660313,0.4480288311611716,0.3953887432921504
1.0,0.3723849372384936,0.6095052583154106,0.4782295815085974,0.3339733864246902,0.3552750374620652,0.012853470437019088,0.4468408098295741,0.8362112323621831,0.7156530970186332,0.4468875879706666,0.4392965597570613
0.0,0.44602510460251055,0.6166383850162862,0.4915329261425522,0.40151795364980586,0.5213371127714744,0.02316602316602408,0.4198202889721884,0.8354025042921586,0.7168241144285982,0.4441394208432072,0.3502121552477224
0.0,0.5221757322175733,0.6180257243820513,0.4746498893829174,0.5022353597083582,0.6016921529308046,0.16521739130434918,0.4500980107983826,0.8349455176501007,0.7204120186059773,0.44385341901569203,0.3832210158492447
0.0,0.5430962343096235,0.6192273524989049,0.4592780192644251,0.488174692402829,0.4645935790681881,0.2834008097165984,0.5292190086907821,0.8350060557091928,0.7271634238219865,0.4489660459210631,0.5497004867090979
0.0,0.5326359832635984,0.6230960160398411,0.4537941435310885,0.4694259854742047,0.4821705595601562,0.6188679245283041,0.5364261185267428,0.8347403242680648,0.7300744945105558,0.44977919534610733,0.5661113191064521
0.0,0.506694560669456,0.6249014033374112,0.4537817220210133,0.42942711575626624,0.501508742379932,0.5233644859813071,0.5721472471002067,0.8333473278386568,0.7270792995271532,0.4500718873346996,0.620699696326802
0.0,0.5225941422594145,0.6248496844848852,0.4462197267933157,0.4029323854641256,0.4162996914020036,0.5856697819314639,0.6298286898977641,0.8322829278677287,0.7286070705694452,0.4528829390865109,0.6851678522401093
1.0,0.5083682008368202,0.6235954216133275,0.4379225787237709,0.381485718296646,0.3774707114467255,0.43925233644859785,0.6594284422915369,0.8310489788569663,0.7330510991858749,0.4559083935686216,0.7827173179405044
0.0,0.4778242677824268,0.6243816804526972,0.4573082641960272,0.38674376252070575,0.4105512337634365,0.3769470404984411,0.6590992832192739,0.8304756412158801,0.7376211555496627,0.45604524584598,0.7646146252027363
0.0,0.4912133891213386,0.6275517656471512,0.5001357493250388,0.4046345605007296,0.4236461780357407,0.4890965732087216,0.6700057480017095,0.8301891913318368,0.7426128947796172,0.4534900024822166,0.7794780652870241
0.0,0.4573221757322172,0.6281404795977614,0.5364909253690958,0.4058478914663464,0.4253143137934999,0.4267912772585648,0.6512928091024763,0.8300150423975364,0.7459063899836431,0.4509365620183439,0.7837364940341439
0.0,0.4648535564853555,0.6299043950475933,0.5578010258772662,0.4187516323975335,0.4730902717461818,0.4030331979937892,0.6452598637183182,0.8293773472333331,0.7520820396907055,0.4504481990039925,0.7627793869057621
0.0,0.4527196652719668,0.6303177522947039,0.5646218348224885,0.4479369333506378,0.4422780043289055,0.3373537138762829,0.6518872605613389,0.8270844792288546,0.7502186584104489,0.4513848041995885,0.7443924910289745
0.0,0.4535564853556486,0.6318521325586743,0.5754368454528089,0.4490916641253289,0.35765377725367514,0.2806305230475278,0.6848277318974789,0.8248258060109067,0.7502728967633586,0.4513564594413224,0.7684537458999735
1.0,0.4615062761506279,0.6345150278947858,0.5827985191712399,0.4130765761682549,0.3582586278139809,0.29257224743252874,0.7011383008513921,0.8229923914715697,0.7444725691475337,0.4493944432938221,0.8015419760137066
1.0,0.4728033472803351,0.638001882870985,0.5984445725217692,0.4275730592833354,0.3910921291858103,0.43885837114879417,0.6986966283302791,0.8220688933725141,0.7423926461279964,0.4492341337409209,0.7912805585748235
1.0,0.4497907949790797,0.6396952437970691,0.6100752770177075,0.4399073103071595,0.4353918764662746,0.3433245760687844,0.7047787019341782,0.821421345293062,0.7380917585215304,0.4498898348481637,0.805042279987473
0.0,0.4782426778242674,0.6423354050191412,0.6243934897511851,0.4340696423632132,0.3933040806499287,0.44897959183673336,0.6760927344275824,0.8209351374835744,0.7392894071323248,0.4509272178503054,0.7541681251266555
0.0,0.4765690376569037,0.6424093139808102,0.6252394252411756,0.4308962108297185,0.4249301915324797,0.3965014577259482,0.6744076364904762,0.8194575858601573,0.7326311717714961,0.450675777549527,0.7552734842762657
0.0,0.5255230125523013,0.6414639360759213,0.6235292634948145,0.4577814693507108,0.41692314096254257,0.6122448979591834,0.6858446860461118,0.8180067851840979,0.7346724323311381,0.4523763198615196,0.7247103037895399
0.0,0.5920502092050214,0.6391836082053286,0.6174016848271345,0.5025069795107868,0.3717521372822359,0.6822157434402356,0.7137102122830374,0.8164078689244242,0.7362695979844923,0.4555124039700471,0.7882424318127067
0.0,0.5414225941422598,0.6358055996346195,0.6110193840514759,0.4788972961973384,0.3721582848941453,0.5655976676384845,0.712344447774246,0.8173974277522168,0.7560276948151105,0.4554625601641902,0.7796325871467958
1.0,0.492468619246862,0.6381372732800965,0.6210303790683223,0.406617428264528,0.4225960529896128,0.212827988338192,0.6434126426560677,0.8179526269853415,0.7651698393141629,0.4508581243797043,0.7299006968174798
1.0,0.4401673640167362,0.6458061198176541,0.6488556289475429,0.38233445612544587,0.3518545420509096,0.11078717201166073,0.6671513984347748,0.818826763367475,0.7782656284620805,0.449779097499933,0.7566402869353412
0.0,0.4359832635983264,0.6560400696356974,0.6892886243848797,0.37928123034641137,0.3712248383718643,0.37993920972644607,0.6727078000874481,0.8166566104109972,0.7720072118724725,0.4466043695535093,0.7653125864330259
0.0,0.4602510460251045,0.6612022268021096,0.7168237253909309,0.4079183115934661,0.3505682914614175,0.4462616822429906,0.6955917248426667,0.8142126296146052,0.7686272111974437,0.4494663609167723,0.7499486978167573
0.0,0.4702928870292884,0.6641738856071384,0.7174778635310055,0.42527834534668135,0.3615496434372887,0.404205607476634,0.7183724803364301,0.8136687431832025,0.7714031494012926,0.4482867598655946,0.7675492610837439
0.0,0.4175732217573223,0.6672763483261688,0.7170548226996416,0.4122379258509746,0.3709296307355736,0.3508771929824557,0.7016639728026173,0.8143395713411558,0.7833493732679059,0.4451857615706532,0.8196516537649541
0.0,0.4493723849372388,0.6657692880399237,0.6994779194489147,0.40352302797145,0.4236922554326314,0.4671052631578944,0.7292985964067622,0.8156534848147258,0.7971756602377739,0.4482400609823624,0.8701090781140044
0.0,0.6133891213389124,0.6585995989892843,0.6937997839485114,0.5456377232946114,0.57560241227458,0.4727668845315927,0.7368889063567003,0.8142908948602979,0.8020195569397587,0.4489444609617424,0.8925404644616469
0.0,0.682845188284519,0.6500073281224619,0.6799423297744261,0.5601231978852301,0.5312555486514693,0.6998341625207314,0.7484045610639205,0.8127836148283129,0.807410615885722,0.4503575316018583,0.8847202674173116
0.0,0.6677824267782428,0.6430996661106276,0.6874402752862053,0.5954328932913977,0.5896948431370103,0.6835193903418317,0.7677365155318867,0.8111910073457985,0.8173074506890144,0.4486743756660557,0.917690007037298
0.0,0.7179916317991629,0.6388607902642292,0.6965062853713601,0.5819960806495552,0.5218279304155079,0.7042682926829271,0.7575571484016133,0.8105731309965917,0.8308747801130391,0.4514633558599146,0.9041959887403236
0.0,0.701673640167364,0.6334182959670829,0.707911452431778,0.616075620861712,0.4965749949506322,0.6852122986822848,0.7403180560946011,0.8097620554332253,0.8423921946636425,0.4531521204623098,0.8940358902181562
0.0,0.6887029288702928,0.6300370805444395,0.7116405526462072,0.6508269017627208,0.5216639349931435,0.6685878962536023,0.7272057342458081,0.8091912020650046,0.8463311292306946,0.4521164257007679,0.8583743842364533
0.0,0.707949790794979,0.6257640346160473,0.7154688886681192,0.6211437489102776,0.5798311666765638,0.7002881844380401,0.6886400817493576,0.8083744389542961,0.8442654336323324,0.4519899566277074,0.8029644616467279
0.0,0.7393305439330543,0.6203192113978762,0.7056052937502931,0.5977397231749729,0.5586035344619914,0.7469220246238036,0.6840858957793947,0.8089592258088231,0.8523804080194325,0.4552550331785995,0.7993314567206194
0.0,0.7158995815899586,0.6129845224750505,0.6961788725749929,0.6247275320153008,0.5622474675692865,0.7072503419972657,0.6523490658269016,0.8092160797263915,0.8681767066803713,0.4550849986644899,0.7835151301900067
0.0,0.7246861924686194,0.6077464619553303,0.6821444363288515,0.630336669972256,0.6083285389944711,0.6883116883116897,0.6339112449582165,0.8098406648254136,0.8939392663442302,0.4533367998454878,0.7491115411681915
1.0,0.6937238493723851,0.6016668765346294,0.6666707992087758,0.6509865026659709,0.6554711969378824,0.629528366370472,0.6230342571076251,0.8096198836171152,0.9010877794088278,0.4556973965144484,0.7472290640394086
1.0,0.6410041841004183,0.5980245374225153,0.6583098718574423,0.6175206874266008,0.6335716935204817,0.4550335570469802,0.6258050887010005,0.8098791934458135,0.8915561193777216,0.45222514088121,0.7501935256861362
1.0,0.6619246861924685,0.598867836945437,0.6623070827746496,0.6408588890162088,0.6446328256763653,0.5637583892617447,0.6070282831161048,0.8097102697444548,0.8797438823663551,0.4537982096457594,0.7360045742434909
1.0,0.6581589958158997,0.5975590888337872,0.6721229253765094,0.6821024890412609,0.6478617266218543,0.5583892617449673,0.6333364447872505,0.8090891971423463,0.8736134241901269,0.4529696882143196,0.7823715693173825
1.0,0.6774058577405861,0.5947876712657665,0.6815827234660943,0.7026821514496815,0.5930609431654185,0.6791946308724849,0.6451124790590962,0.8075760569479297,0.8782919047322569,0.4543527381255668,0.778764954257565
0.0,0.7439330543933056,0.5869342260159154,0.6798310638971249,0.7339498531460599,0.6894219206776306,0.8281879194630889,0.6573797955283491,0.8061648250926355,0.8802220137192162,0.4519505822921326,0.7883180858550314
0.0,0.7786610878661089,0.5737805183840272,0.6615219268777529,0.7165832829694918,0.7378487225981442,0.8389261744966457,0.6850389832423643,0.8045186527558673,0.8798802552636581,0.4550006828884278,0.8418103448275863
0.0,0.7393305439330546,0.5645785440072235,0.6555045574469088,0.714750561341435,0.0,0.7871222076215516,0.7243071692811067,0.8031158431389992,0.8805945850178717,0.4556471080945249,0.87905524278677
0.0,0.6631799163179916,0.5558967427153976,0.6558624169616032,0.6216966053345996,0.6789180241985098,0.9356110381077536,0.7187704189163295,0.8004911265580549,0.8715762922042795,0.4587505003057434,0.8765130190007037
0.0,0.6849372384937236,0.5414930890098149,0.636615560333312,0.6353496238555542,0.7041769367866686,0.9053876478318004,0.7379107733273067,0.7981208222655057,0.8663990903787603,0.4610725025655752,0.8676020408163264
1.0,0.5334728033472802,0.5184311383263667,0.5894019327377984,0.5171319425736118,0.5968245006693792,0.7678571428571421,0.7376749578725513,0.7949528446981329,0.8547560550320726,0.4613441038685964,0.845197044334975
1.0,0.5426778242677825,0.5097539841259,0.5720713045292886,0.5270476867349521,0.5981585999774426,0.5,0.7467587657026069,0.791916423785132,0.8394876851906855,0.4625641491827127,0.8332160450387049
1.0,0.5606694560669457,0.5021251270900355,0.5599304486541805,0.4958600247669818,0.579306314764018,0.5408163265306114,0.7496671563112569,0.7898965741105334,0.8289011870371831,0.4633981908019013,0.7989481065918657
1.0,0.5707112970711299,0.4955761360486266,0.5484185640261661,0.5065822079596262,0.5601157821401147,0.3325740318906608,0.7410107639929452,0.7875925318262597,0.817763385783486,0.4620230441099832,0.8114792426522477
1.0,0.5794979079497911,0.4913763169014598,0.5299747508990774,0.465667874876117,0.5494473096457749,0.3735763097949886,0.7554790247065817,0.7869645945396312,0.8219164590711435,0.4640040304586104,0.7926770187919119
1.0,0.6238493723849373,0.4901672228012257,0.5300472995769122,0.4547155129233487,0.5608367053714854,0.4901574803149604,0.7697360340753329,0.7861357998053357,0.8251400619635222,0.4649870416545063,0.8524721565980422
1.0,0.5803347280334729,0.4869524474030367,0.5192216110847528,0.45982948752289005,0.5372247798102411,0.4429133858267712,0.7896575271801876,0.7876419342194653,0.8402430954815815,0.4670263753182418,0.8975869051636853
1.0,0.578242677824268,0.4875451058778417,0.5298810188611516,0.4584339923724528,0.553758291235242,0.3405511811023626,0.747520253108588,0.7871845109677412,0.8440071001743726,0.4650679842651831,0.8903476206547418
1.0,0.5635983263598325,0.4886971939567053,0.5331542455649946,0.4427978814325202,0.5420903530534373,0.4088291746641065,0.7456189910046227,0.788100297855795,0.8555333151981833,0.4654927968184298,0.8446760040499492
1.0,0.5439330543933056,0.4919387007083784,0.5490978149707176,0.4757752641901875,0.46307408167025604,0.3416506717850289,0.7186770752988221,0.788246893624761,0.8648738471665273,0.4614339633236485,0.8656176172797836
1.0,0.509623430962343,0.4961260855790022,0.5553315072438011,0.4441846170526837,0.4902079371920529,0.4011516314779263,0.7022977268372728,0.7888098083965981,0.8783150078325593,0.463067662241887,0.863609517381033
1.0,0.4928870292887032,0.4996250699101921,0.5569570331854803,0.4797143949619764,0.4929595972937026,0.38387715930902105,0.7237028921782959,0.7879216923689382,0.8846255687409016,0.4616332997429277,0.8780037124535941
1.0,0.5058577405857742,0.5026725333138764,0.5617744836894799,0.4645034526298958,0.4913510933412587,0.4433781190019184,0.7354297982304017,0.7853745913167397,0.8815731074012237,0.4628315827786735,0.9029109011137364
0.0,0.4870292887029291,0.5027328513593152,0.5680743476450199,0.4489395750545189,0.4921711194339025,0.4529750479846447,0.7507135873917337,0.7839821965925061,0.889809232631286,0.4647518034603311,0.8877489031387108
0.0,0.5384937238493724,0.5015031678798254,0.5862647966663495,0.4394860358471727,0.4950742891682639,0.5374280230326289,0.7131403249340453,0.7812824537018513,0.8902212384973475,0.4643382284962299,0.854463381707729
1.0,0.5527196652719668,0.4979598489892678,0.5890214149742652,0.4509239143523489,0.4942368312536322,0.4452975047984645,0.7484045610639207,0.779812182538235,0.9016540706578638,0.4644862967607272,0.862867026662167
1.0,0.5046025104602514,0.4972137745604643,0.5842988286334584,0.4639934049958722,0.5026214750828987,0.3013435700575816,0.7509985310662297,0.7779835167060919,0.903488780498914,0.4646800481024967,0.8725531555855551
0.0,0.5242677824267782,0.5010973055398569,0.5839651456736019,0.4807605037889562,0.0,0.4011516314779263,0.6930075804843059,0.7779484618400346,0.9172628291827288,0.4627172367660234,0.7918157273034089
0.0,0.6485355648535567,0.5017785175809715,0.5845103039258855,0.5626005201734248,0.4727601173921486,0.9673704414587329,0.7033687220276199,0.7776891143417081,0.9224657282184541,0.4634574386610405,0.835791427607155
0.0,0.6355648535564854,0.4924020775895677,0.5851313812264346,0.5524794288430296,0.5088111988079939,0.9171369933299128,0.7065620563107655,0.7770084212788736,0.930733353226659,0.4639699529716567,0.8235993925075938
0.0,0.5803347280334729,0.4831659708710949,0.5835344287945583,0.53717934870787,0.5807619085606011,0.9527186761229324,0.6865668708762998,0.7783126188570614,0.948190393014396,0.4657301091467372,0.7970975362807962
0.0,0.5656903765690376,0.4742982760227401,0.5823297016991948,0.5240477302416401,0.4853775718623525,0.8165680473372787,0.5976497059676047,0.7794602291066853,0.9643283717850072,0.4589411965982269,0.7539402632467094
0.0,0.5811715481171548,0.4673558339467816,0.5915425914357695,0.5391824614031318,0.5852946225643946,0.7366863905325438,0.5778166436582839,0.7802158020557205,0.9723774268804052,0.4573061642114344,0.6913094836314548
1.0,0.5246861924686194,0.4622205612055017,0.5824060186693659,0.4798751372273871,0.5820243823902426,0.3313609467455618,0.6134444286142402,0.7785091479164422,0.9686560750136732,0.4574535872771444,0.7343570705366181
1.0,0.5255230125523013,0.4641666779358682,0.5820417176012429,0.4808687796162022,0.5522317007582987,0.32248520710059103,0.5984701472372744,0.7773373775145612,0.9698668208405284,0.4560778196464077,0.7037293283833947
1.0,0.4673640167364017,0.4651573720619646,0.5634090530383917,0.4600994412653969,0.5883979501769524,0.056213017751478696,0.5886887186869009,0.7760793250918064,0.9728619437853242,0.4588746726866637,0.6888288896388793
1.0,0.5301255230125522,0.4711119318219506,0.568531524287412,0.48679536008373997,0.5593505254756791,0.29289940828402256,0.5861537025482808,0.7747862233748392,0.9723164979352568,0.4588806577440934,0.6579311508606142
1.0,0.490794979079498,0.4723096048822069,0.5701361413552036,0.4893949161105003,0.4881820534784325,0.15384615384615288,0.6331251934423653,0.7736557888632035,0.9705744382193109,0.4603432279898161,0.7298768140398247
1.0,0.5376569037656906,0.4771906370582142,0.5821906775194812,0.4965938076282914,0.4335840941376767,0.26557377049180425,0.6196787996993354,0.7725137227798652,0.965703687230732,0.462735350153608,0.7112807964900442
1.0,0.5414225941422596,0.4794209638097546,0.5996863097127002,0.5016829214002264,0.5953990280674563,0.40449438202247184,0.6810448589774449,0.7716330200163791,0.9624802877083576,0.4658150156880052,0.8018140398245017
1.0,0.578242677824268,0.4841068394756574,0.6212495464073278,0.5561736846172111,0.5337039122459896,0.7219101123595516,0.6972817356017469,0.7697535395064047,0.9512693721743904,0.463848496315374,0.8291765102936214
1.0,0.5481171548117154,0.4855792141190196,0.6369656793096716,0.5101176550124491,0.6440284734535731,0.8344088639961036,0.7302418582257835,0.7677476362221841,0.937966252428042,0.463775359388809,0.8631370232872091
0.0,0.5234309623430959,0.4844939273340392,0.6368845083468597,0.5044507427312388,0.0,0.8344088639961036,0.7324821050459593,0.7657323115600038,0.9255618312296421,0.4641898157518994,0.8515693553830576
0.0,0.5744769874476988,0.4805431543068648,0.6278580446178481,0.5149099905335381,0.6761520613417877,0.7441485833412297,0.7469798426914405,0.7634584289089689,0.9190125294592076,0.4657244068693556,0.8819946000674994
0.0,0.5686192468619248,0.4699862809264734,0.595314716356298,0.5092386766816616,0.6023245779652607,0.5944281247038755,0.7740249276586961,0.7606242936330628,0.9144570862588008,0.46500994963044,0.8936044549443128
0.0,0.6041841004184101,0.4642611977502715,0.589101768507021,0.547231372814103,0.6069579921111079,0.4390220790296595,0.7991392735901427,0.7570855118706127,0.9033127350595046,0.464072089353639,0.902708403644954
0.0,0.5895397489539749,0.4648348239587519,0.6125592989396723,0.5269810216569463,0.6626474429019521,0.5174363807728554,0.7967860318645632,0.7564684918889516,0.905829263419162,0.4641989180089681,0.8784864052123793
0.0,0.5171548117154814,0.4660255206079429,0.6395511384122936,0.44951922536343225,0.5809661478312295,0.5268614514608863,0.746621206687333,0.7562439338994519,0.9116807487596332,0.4570103024475989,0.8847429311280954
0.0,0.5397489539748952,0.4648610187452846,0.6532469832761094,0.4696207648202417,0.6442290432440371,0.5230914231856737,0.7479427557983579,0.7558106569226023,0.9164373994814996,0.4574112172180181,0.8666583134945495
0.0,0.5598326359832636,0.4591889161958236,0.6424822992632752,0.4867653202012288,0.685037136560077,0.44015080113100863,0.7627893038039978,0.7532406445618881,0.9110668352307141,0.459169569196796,0.8613289896838323
0.0,0.6288702928870296,0.4543327213693898,0.6354185354772316,0.4993974088699703,0.6176977904322379,0.6399622997172485,0.7659531611552991,0.7512394256835307,0.9056372268162364,0.4556960320160098,0.8659566470367119
1.0,0.6196652719665272,0.4449275531102164,0.6179665007507957,0.4933746421275193,0.4992512613106158,0.4955436720142605,0.7907923890561974,0.7492953615396712,0.8997662799127085,0.458348387561993,0.9120995698116356
1.0,0.6271966527196653,0.4355566297761502,0.5814028261962383,0.5002135796894405,0.5114355653360221,0.3847517730496456,0.7957346879621124,0.7468468141597314,0.8949986643862571,0.4591964034748742,0.8935471745395317
1.0,0.716317991631799,0.434159654911866,0.5745321792613589,0.5633180757284361,0.510561164870402,0.5874704491725766,0.792570830610811,0.7443783081597394,0.8916472951730253,0.4591376163080678,0.8740675771624272
1.0,0.5949790794979081,0.4344696822075436,0.5794246620600041,0.503857144555407,0.4882469172851705,0.683079677708147,0.7768498002937869,0.7422794776830987,0.8924870700363537,0.4615371143499717,0.8484400451071298
1.0,0.5790794979079499,0.4390413510980118,0.6106737478693759,0.492125623076251,0.4471416244512957,0.726947179946285,0.7453733499059195,0.740579811774717,0.8912077113298249,0.4588766913125453,0.7811552437037967
1.0,0.5732217573221757,0.4391177468846801,0.6198006752692472,0.4889679507699579,0.5582953359226005,0.6642793196060878,0.7543687269404417,0.7391818890559144,0.8870108501748807,0.4560805496501785,0.7954141085077058
1.0,0.5435146443514645,0.439189046177477,0.6113105449306031,0.4691116802830488,0.4183788652131412,0.7063563115487913,0.7402885791627569,0.7380210727262452,0.88781626737308,0.4585025421264403,0.7755299293427546
1.0,0.5410041841004183,0.4378218561765797,0.6102542709896238,0.4677088803721395,0.4811143809616583,0.6615935541629363,0.7533615984357571,0.7364047909095358,0.8821645841919373,0.4561770238176062,0.7966771097187038
1.0,0.5694560669456066,0.4353411789666157,0.6058995986115863,0.4336538276480818,0.5204277839882834,0.6642793196060878,0.7637718681988118,0.7348533637801417,0.8795393012620688,0.4574850778382789,0.7924244054664799
1.0,0.5966527196652721,0.4342300467162896,0.6220169779389433,0.3975326577842207,0.6338131302327535,0.6866606982990152,0.7584365435349718,0.7326991610095134,0.8715827712639473,0.4566798578973828,0.7956148182123464
0.0,0.6138075313807531,0.4324037441549844,0.6236532845310083,0.4077992223297723,0.0,0.7788719785138766,0.7630840731224421,0.7318442435561171,0.874365284853056,0.4575135710715771,0.7773746242618329
0.0,0.6523012552301258,0.4284625497174373,0.610723876517587,0.3767696033517525,0.5876225758013889,0.8316920322291856,0.7413890512849484,0.7302290784038875,0.8758424662633372,0.4583339617046509,0.7741607737950091
0.0,0.5933054393305438,0.4209257906983794,0.5818705098054093,0.39624799781382736,0.4802652963023892,0.9376367614879648,0.7471812683923775,0.7283051862203817,0.8776601837351165,0.4592243863072604,0.7603023652767621
0.0,0.5506276150627616,0.4158933588618263,0.5560507941776124,0.4229326713024982,0.404851963603308,0.8898876404494378,0.7939120310097321,0.7258171762608464,0.8754172790584093,0.460818270607445,0.7980283956536929
1.0,0.4912133891213389,0.4099169115603616,0.533131133587179,0.3855452153605985,0.5022959993562448,0.7022471910112356,0.8020329257328702,0.7230383733834632,0.8700763310857057,0.4616067925613563,0.8247556493861914
1.0,0.5686192468619248,0.40768911105405947,0.5049833602683608,0.3843937048154295,0.5326235343210147,0.7865168539325837,0.7984072631160062,0.7207438884332623,0.8604330946398691,0.4617606886211529,0.7938773295295976
0.0,0.6861924686192471,0.4029061779450036,0.476248895220963,0.4101746953823761,0.5334483818659989,0.9865168539325836,0.824450132400552,0.7183740293797499,0.8512630509560221,0.4609510941393451,0.8206560256370748
0.0,0.6518828451882847,0.3915942996135688,0.4338225307778185,0.44350321078950783,0.4242958016617793,0.991568052690624,0.8147718731116341,0.7160328222777733,0.8437383896351233,0.4601095907690204,0.8088527402413698
1.0,0.6255230125523012,0.3832357680246801,0.3919143744702992,0.4282604984066373,0.4606716339895085,0.9370988446726572,0.8564866444934633,0.7143376583176412,0.8465301831801456,0.4611187515828205,0.8530054603765932
1.0,0.6066945606694559,0.3768494360421164,0.3501071262775547,0.4166275852778023,0.4497608758320014,0.88086642599278,0.8212174955416139,0.7130819408378174,0.8527956774125166,0.4614943698845431,0.8083552700069899
1.0,0.5845188284518829,0.372454676496653,0.3260842712734133,0.4020881371783675,0.2912217637457429,0.7889727600918942,0.7804705500886765,0.7127829694549627,0.865816409767386,0.4606398535750033,0.7700144261514897
1.0,0.5564853556485356,0.3736090173567963,0.3200853694776143,0.3822424722330796,1.0,0.6813258943222849,0.7634623604144455,0.7126001466195261,0.8751999918324463,0.4625420857758651,0.7531417778372669
1.0,0.3953974895397493,0.3774551480822057,0.32172735734745184,0.3030351813943489,0.4512250726696759,0.399081063340992,0.7447985497349532,0.7116770440393948,0.8780605646164369,0.4644129841475014,0.7300673716146879
1.0,0.5317991631799163,0.38953852957908297,0.33319118183296464,0.362543015736693,0.4895415582873195,0.5088841506751954,0.7128259043277048,0.7104202411547013,0.8811470759702106,0.461453483386845,0.674534124540817
0.0,0.6129707112970713,0.3889439973795044,0.3338801382707155,0.3874963729255245,0.4864422042698348,0.7569099929128291,0.7099420778289256,0.7095665368082703,0.8869172400002022,0.4612952653644205,0.6628890971013846
1.0,0.5702928870292887,0.3866345577092816,0.3382708091350171,0.3999564295615619,0.0,0.6761850371216453,0.7154493512618583,0.7090125674123072,0.8978477421953975,0.4617151285749668,0.6828403158881006
1.0,0.5820083682008369,0.3895096398386964,0.3433160041611799,0.4118350037815935,0.3962116549895601,0.9695550351288048,0.6916221646876182,0.7088166829055694,0.9014132630428552,0.463092616204305,0.6493627210398727
1.0,0.5368200836820085,0.38552647430120746,0.3218589065346604,0.41787405405889055,0.4700053498481692,0.889423076923077,0.6990749156222825,0.7086073005518746,0.9051918951344614,0.4638058047441489,0.6700575558827468
1.0,0.5510460251046028,0.3818040631457198,0.28996122515201583,0.4316137587656791,0.4982179355507886,0.7331730769230773,0.7029413065158756,0.7081134006158846,0.9063284405537868,0.4641567075681794,0.6816728386799329
1.0,0.5292887029288701,0.3765307462965175,0.2572399472652374,0.4609932485563696,0.42670181181284944,0.6370192307692298,0.6636485563672627,0.7072659135433651,0.9104302984834246,0.4602838481332465,0.6174839007123841
0.0,0.6079497907949794,0.3761531789265862,0.2503635340415245,0.4868489743621586,0.4717166811274132,0.7860576923076924,0.6694456862966656,0.7062905189539167,0.912998208802096,0.4571962655257187,0.6243846577135295
0.0,0.5539748953974896,0.3765013294012112,0.2493220140357131,0.4832064146458834,0.3790446754106643,0.7067307692307679,0.6954983812251596,0.7053710461752908,0.9220234698518244,0.4565931040177682,0.6545308526301701
0.0,0.482845188284519,0.3798210418891401,0.2635986575330353,0.4242934311416576,0.0,0.8684210526315796,0.7121184579634385,0.7040247922190799,0.927590041899506,0.454813910249543,0.6784083641933996
0.0,0.5158995815899583,0.3814525808731737,0.25552786799627875,0.4001626284328293,0.4774423178004687,0.7312614259597807,0.7444153496209754,0.7028426514527774,0.9345919886979812,0.4549567298841836,0.714719136215589
0.0,0.4656903765690377,0.3783631372823353,0.23333698239591735,0.41322159099494205,0.5575258996441547,0.6793478260869561,0.7938923797218357,0.7009120309541589,0.9329669309354476,0.4609625164895775,0.790657207870432
1.0,0.3832635983263599,0.3778530769136588,0.2309275480661981,0.39825671667777984,0.4823013392325343,0.4616724738675954,0.8189035563918269,0.7002668140659829,0.9434565395401644,0.4602233794049602,0.8056038905992058
1.0,0.3184100418410041,0.3805965856471729,0.23912018551316186,0.38798540033204987,0.5440269339429397,0.2354651162790693,0.7455354730310635,0.6993830154269814,0.947286458323412,0.4549836871021323,0.7430657802763274
1.0,0.3184100418410044,0.38802473809129867,0.2609450278894324,0.3884987677104151,0.3349671194054561,0.2693409742120346,0.736112680484797,0.6992532814278062,0.955772709073717,0.454144843233688,0.7242374217344101
1.0,0.26401673640167395,0.39685139901728506,0.28207829053518296,0.4006429270139464,0.4598191516712853,0.20050441361916813,0.7535188087389275,0.6979066588310355,0.9558982798674032,0.452456303819388,0.7450289266645845
1.0,0.19163179916318013,0.4078295114889261,0.3110801161748745,0.4139400167260985,0.4067416939600782,0.1501035196687373,0.7241008307581958,0.6961279257807672,0.9577949976333898,0.45338593057446896,0.7005978673091507
1.0,0.17322175732217604,0.4169619300451053,0.3155620542732339,0.4554531995137209,0.4036877409836317,0.1308793456032722,0.7394091840293979,0.6949838100428537,0.9640228089633964,0.4514785380973498,0.7068144975386307
1.0,0.21924686192468654,0.4274166020924344,0.3109301984187859,0.5062303351252951,0.4621449688328811,0.11554192229038887,0.678662140320021,0.69327838613158,0.9722975547732688,0.4486724722065572,0.6261693362483082
1.0,0.2326359832635981,0.4382507955709432,0.3061935881204016,0.5159861829741937,0.42457919423352003,0.2876016260162601,0.6771833809058261,0.6918669987292329,0.9868477186066468,0.4488395132136093,0.6046119067802912
1.0,0.2179916317991632,0.4451245702115936,0.2916552624669314,0.4986368099430585,1.0,0.2422422422422424,0.7428530722332212,0.6903184980780576,0.9947765258378728,0.453409783137005,0.6848555154002883
1.0,0.20041841004184124,0.44942892391214495,0.253104930393575,0.4717171171474013,0.3207269768308884,0.13513513513513525,0.7499226230539083,0.6887945505478056,0.9993481556763624,0.45424321411719104,0.7016512734396866
1.0,0.2778242677824271,0.4576620700995944,0.2073880983312203,0.4877118150708697,0.4986801605940091,0.11758360302049654,0.7240222256066107,0.6877577748218858,1.0000000000000002,0.4516758515377052,0.6582924565822619
0.0,0.3393305439330546,0.4688414453341416,0.19264548736214365,0.4772238687725929,0.5032545322242646,0.17178612059158113,0.6977189767574392,0.686958273029073,0.9959127423451728,0.4526937317894067,0.6204943509066538
0.0,0.2912133891213392,0.4793171634378937,0.1971559283210506,0.4545682210659703,0.5625593064157571,0.2445961319681455,0.7529489213899356,0.6863224569355727,0.982280674706301,0.4597909780205928,0.7088535880098007
0.0,0.2585774058577405,0.4906064822157974,0.21489096015265785,0.4208440860632315,0.5734945198628255,0.13196814562002238,0.7207404605279317,0.6857612138771564,0.9743658550575052,0.4564938447257994,0.6561573382581247
0.0,0.2510460251046028,0.5040189462629765,0.237863004651443,0.4176312923531558,1.0,0.14333706606942906,0.7352283725294646,0.6843697629350155,0.9687068970855492,0.4579607508267807,0.6968383721700232
1.0,0.1866108786610879,0.5160118716641018,0.2521091490688269,0.3989970214814727,0.5648064300654343,0.002239641657334381,0.8268426767019244,0.6832387937931613,0.966063831882398,0.4662831692850841,0.8001486266748095
0.0,0.2945606694560672,0.534987994511013,0.27167128352065995,0.4422484480105974,0.4782430223311465,0.0037593984962407422,0.7448280266667975,0.6809784727677589,0.9571963580651212,0.46093726911585,0.690024205970806
0.0,0.37531380753138094,0.5502237288223208,0.277921200982274,0.4904567409950774,0.43004055776267053,0.08852459016393427,0.8147718731116342,0.6799418837522256,0.9616747755270872,0.4666729819805314,0.7895254162693468
0.0,0.3732217573221758,0.5628373483417672,0.2876736395227653,0.487395987784168,0.4184470352863717,0.01967213114754056,0.8779360252322537,0.6785737209628132,0.9745293756588064,0.4715304719320592,0.8796554800828921
0.0,0.3619246861924688,0.5775528153100582,0.3073846435683561,0.4821101021533352,0.4471882401772293,0.12216404886561995,0.8673292425902359,0.6768605700912128,0.9817969602106016,0.4694921017578267,0.8800296454064008
0.0,0.3907949790794977,0.5873158449544926,0.3068931836063053,0.5010894244966579,0.4269791156362351,0.120507399577167,0.8611194356150116,0.674919946239848,0.9817969883862382,0.4689320338247995,0.8682938061247986
0.0,0.5037656903765693,0.5931797258827138,0.2913156317503636,0.5420220872417096,0.4996835532857213,0.09452736318408017,0.91314130749844,0.6723598449882352,0.97217325326752,0.4722560654413653,0.9300454754777802
0.0,0.503347280334728,0.5963669867970431,0.2547963272141473,0.5417854375692452,0.44449409827245795,0.10344827586206903,0.9162511238080262,0.6691681160927413,0.9687328891017448,0.4727762324500819,0.9266204236702736
0.0,0.5456066945606693,0.601065164818509,0.2322213517962229,0.5491597513824471,0.5201076169245843,0.4875675675675666,0.9239986440611352,0.6659643249522625,0.963025872032728,0.4739355905725264,0.9233608680635504
0.0,0.6615062761506276,0.6017114515618853,0.20196197992888848,0.5870228312750126,0.4795280881645989,0.831351351351351,0.9339471085586272,0.6631424759754126,0.9633817445953198,0.4753154266470256,0.924644275197468
0.0,0.6765690376569037,0.5994895244005296,0.19265150751296492,0.548031566562839,0.4628837519570798,0.9100529100529092,0.958535782538848,0.6603415373645697,0.9583459346089246,0.4785004923308535,0.9861686819441166
0.0,0.5297071129707114,0.5986381231573235,0.1969257304894747,0.4848462707027656,0.5320270597106149,0.6895943562610222,0.9515595753356684,0.6578417904305971,0.9457839660671676,0.4781910581307745,1.0
0.0,0.5661087866108789,0.6026563165122425,0.2097066444489079,0.5123574960672803,0.0,0.9329805996472672,0.905831028401024,0.6552438157395691,0.937204522251424,0.4772593682276709,0.9925596169493652
0.0,0.5878661087866113,0.6026375434057869,0.22363762768128806,0.527340884358967,0.4111776079937536,0.922398589065256,0.8970812924652046,0.6533060113438832,0.9247854813191208,0.4763769996621151,0.9956135113403866
0.0,0.4359832635983264,0.6044194620322794,0.2359717995213914,0.4784009951979085,0.483729642478125,0.6589928057553952,0.8768257274661134,0.6509610284215449,0.921699252678436,0.478094491086033,0.994016399497673
0.0,0.2983263598326358,0.6123258672285103,0.27243639332777875,0.4453605750254323,0.4565127124917667,0.3864324651726225,0.8605790251978639,0.6487246488104091,0.9138366934275528,0.4767280615230829,0.9675953335946168
0.0,0.23933054393305456,0.6219248756307103,0.3016950299960458,0.4626688370949712,0.47485428365712395,0.2814178302900104,0.8354892433762875,0.6462072002299725,0.9081298570836224,0.4740558653454465,0.9248315232294358
0.0,0.30460251046025105,0.6303776857332359,0.3178069332550657,0.49561455681694,0.4780923762199502,0.43968095712861377,0.8140889908572383,0.6439587971843103,0.8929255858076129,0.4720773582002246,0.8723834966357764
0.0,0.3221757322175733,0.630839245123197,0.314462244959636,0.5099297415755535,0.4668382816256606,0.413793103448276,0.8484885703196773,0.6416495610957907,0.8720576473703122,0.4733836203359277,0.9235105957616956
1.0,0.34016736401673675,0.6306005699615984,0.2965849342712671,0.4660856228900917,0.4411699540657794,0.443349753694581,0.8675650580449915,0.6397974050007272,0.8567207565440692,0.4723693616608308,0.9441663334666136
1.0,0.37489539748954,0.6297749882764558,0.2842291262926317,0.43767971794387817,0.3757273086331336,0.4709359605911329,0.8802106618062482,0.6383929742536602,0.8479173697226766,0.4738947356477839,0.9889036732389828
1.0,0.32175732217573205,0.6304218749450936,0.2735146437014748,0.3901889707731875,0.4286414571107697,0.3113300492610832,0.8432515020953186,0.6364421955789051,0.8380701338026452,0.4729943344879925,0.9410910850368944
1.0,0.2786610878661089,0.6382448416188222,0.2747687665505185,0.37064725431967205,0.4064163992933005,0.3566502463054182,0.8177834329817388,0.6348424967638343,0.8281991892295265,0.4707973868104359,0.8720535462279748
1.0,0.265690376569038,0.6458722907841132,0.2742110616926737,0.3581244203652699,0.4585527849633914,0.3201970443349753,0.8122565082609101,0.632366615792089,0.8197960816036359,0.4693608604423616,0.8807306157009801
1.0,0.3259414225941425,0.653970903511554,0.2718814133599671,0.34355875947916803,0.4230686470719146,0.4403940886699504,0.8473094930459002,0.6295725948376033,0.8129610851598897,0.470822646039065,0.9051489859279868
0.0,0.3092050209205027,0.6592802708877825,0.26780212007528337,0.33592654727657306,0.5255607541057148,0.4581280788177343,0.8508565505111791,0.6263073462234215,0.8063399522579734,0.4721994442533105,0.8755400882995275
1.0,0.1849372384937239,0.6654973463435032,0.2742457493487388,0.2675012793817265,0.5012448498198282,0.2298529685464356,0.8507877710035419,0.6234080267909482,0.7999686793311135,0.4720531977539174,0.8827285125446661
1.0,0.18200836820083688,0.6842590367622974,0.3075060094333463,0.2669563182402439,0.5186028032118944,0.23826086956521755,0.8269114562095613,0.6215703318834173,0.8015111805830423,0.469924789443708,0.8246489550555808
1.0,0.08661087866108785,0.7016481776442804,0.334486429609794,0.25408465046712764,1.0,0.21660079051383405,0.781349945222035,0.6194077107808204,0.8036967074758,0.4681673948479828,0.7604008733094794
1.0,0.04811715481171575,0.720593359145514,0.3603394128846673,0.19935715590040612,0.4725462840561169,0.1163310961968682,0.7873239367425042,0.6184748187357493,0.8058705999399288,0.4693250781647776,0.7539330830405309
1.0,0.05648535564853591,0.7407772180883219,0.3845902743848066,0.20876209980891655,0.3991165718593213,0.0032653061224489077,0.7412465794477006,0.6170803849257877,0.7995944972513046,0.4666691534255252,0.701857522855802
0.0,0.17824267782426767,0.7620379556519092,0.41837021213389575,0.2380936148591057,1.0,0.18466013848486046,0.7077460464065162,0.6166360436915799,0.7972095387618695,0.4627765548943085,0.6380773558054109
0.0,0.2460251046025105,0.7768040605958688,0.441627303412869,0.2569424833911897,0.3316621142065013,0.2264514278690539,0.7825339353177858,0.6157592781880411,0.7991810875698283,0.4748010222703321,0.7650742267890235
0.0,0.2242677824267782,0.7892776454535413,0.4565460568368834,0.23356942916447185,0.4203061524273396,0.0009970089730805586,0.8242094041238227,0.614459884476536,0.8040844435193356,0.4779079526310375,0.8165166506763538
0.0,0.41255230125523,0.8078964102017372,0.488950341039745,0.3163169118928215,0.440308600510062,0.0014184397163127802,0.7772870414494788,0.612307777232625,0.7968081421047676,0.4723599441865202,0.7380127580726669
0.0,0.4895397489539755,0.8150946720682988,0.4908004188521976,0.37342299023779135,0.4308715641272073,0.11226252158894733,0.8638951800303613,0.6103433620985393,0.7873248220839476,0.4834134493804722,0.8538900403541797
0.0,0.5456066945606696,0.8163379019871606,0.4827454850603633,0.3755690689053505,0.4591541174008736,0.2573402417961992,0.9279682042161836,0.6079614297611909,0.7734816714484606,0.490731668531457,0.9346230293984692
0.0,0.6046025104602509,0.8151646752238509,0.4751048878559962,0.3731001012577589,0.449462916970224,0.30899830220712954,0.9447012758598664,0.6053688256757218,0.7648478762207549,0.4897761837251736,0.9547936653726652
0.0,0.5556485355648535,0.8128110339563273,0.4666115988895247,0.3832066372619664,0.4847837380392694,0.2231404958677696,0.9363249143940772,0.6026353756669619,0.7526159318390816,0.4890613983330037,0.9357403871595192
0.0,0.5635983263598325,0.8153955557440284,0.4793143298679806,0.3898909934511024,0.6875256125669135,0.2171799027552656,0.9758190902436268,0.600748398269712,0.7536943783170325,0.4921337423990893,0.9766032357527394
0.0,0.5376569037656901,0.8170955784837626,0.4732163931548948,0.4185776549670488,0.6023427205258836,0.12803889789302947,0.9733528536126436,0.5989324207192391,0.7526641923843913,0.4902680518001351,0.9966251225318584
0.0,0.5355648535564858,0.8227773065091653,0.4824211304873833,0.4167144278237157,0.53548401219598,0.0919175911251978,0.9248976904823901,0.5982053254493284,0.7580819883720237,0.4882654898504808,0.9306189609298424
0.0,0.5765690376569037,0.8312288393703737,0.5203044593106599,0.4599216247632132,0.5687341619791909,0.32805071315372303,0.9250254238537158,0.5967070694622661,0.7566493311472007,0.4868781149531856,0.9560495728889512
0.0,0.5476987447698746,0.8353739531880857,0.566462653877272,0.4790689702901629,0.5508666128032549,0.31854199683042633,0.9650698357643612,0.5947924766040783,0.7585371755065359,0.4900544623514469,0.9988166923400088
0.0,0.5338912133891215,0.8400378504613829,0.6161539438363894,0.5156063082237179,0.5312370636566834,0.2836767036450066,0.9543746223268104,0.591903131391578,0.7586077135498634,0.4891059718362055,1.0
0.0,0.5435146443514641,0.8456156584796493,0.6441425661686462,0.5255432239283319,0.5529127337959067,0.3755942947702044,0.9413359928076288,0.5895008130961633,0.7578024690066025,0.4876390195896406,0.9985228519195616
0.0,0.5581589958158997,0.8477971441558505,0.6618621700071244,0.5411672389780617,0.5412771344455627,0.5007923930269407,0.9345464728394636,0.5871218749074313,0.7562890261037697,0.4868455804419333,0.991483087215828
0.0,0.6079497907949796,0.848543415781662,0.67567246730316,0.5399605268674831,0.496505965518131,0.5546751188589538,0.9371158787319022,0.5844189239264143,0.7504953678178349,0.4874986782581773,0.9961218179256542
0.0,0.6577405857740589,0.8478532471784426,0.6857972582570281,0.6009426377532113,0.0,0.9160063391442154,0.9048926794039764,0.5823320119892199,0.7493946687618408,0.4841212309101892,0.9505720374204664
0.0,0.6175732217573223,0.8393589414234726,0.6785834248757703,0.6007427931292944,0.4946389541098381,0.8748019017432637,0.8977789131855226,0.5802603165038059,0.7466540632577293,0.4815710549027525,0.994210452396186
0.0,0.6150627615062761,0.8297358660214231,0.6667041848979837,0.5989524725639119,0.5501788849499766,0.9509090909090891,0.8951898560051879,0.5786922317361837,0.7510884267073108,0.4819051081888043,0.9748865070839968
0.0,0.5757322175732219,0.8179656471982877,0.6426785723811741,0.6089089080171946,0.4975125006834511,0.9786324786324798,0.8826474215053868,0.575891757221847,0.747841196842145,0.4837169681895224,0.961377125787002
0.0,0.5493723849372388,0.8075978961674564,0.6218796285591746,0.5834433103012756,0.4296040034306513,0.9506849315068512,0.911721501947934,0.5740883060445411,0.7528413222537615,0.4850199843822594,0.9800534730008392
0.0,0.5619246861924688,0.8008512292459813,0.6100207094698142,0.5962684643263467,0.5310331220756737,0.9393939393939396,0.9089555831765326,0.5720801182921559,0.7497857730064388,0.4835918290475364,0.9956640399769368
0.0,0.4769874476987449,0.7938123158228196,0.6053728308038488,0.5472614675264931,0.5395910933685171,0.5206611570247942,0.8942367685422182,0.5705548912907318,0.7463000865768905,0.4855106078307891,0.9955577182682952
1.0,0.4920502092050205,0.7937739446987659,0.6153152311031374,0.5158891543633942,0.5357246841904643,0.5371900826446256,0.8828881497821163,0.5674009982159626,0.7295015138708683,0.4843186377721237,0.9811441937913812
1.0,0.4552301255230123,0.7932342952865354,0.6227405121064821,0.5205372900081102,0.4618531741568646,0.3994490358126696,0.9008936423170832,0.5639516852169942,0.7129343145249409,0.4882226961845123,0.9607213094445392
1.0,0.3841004184100421,0.7936865775444784,0.6142863358426031,0.4637541218601844,0.5157402998592965,0.07397260273972511,0.8849367965453036,0.5601101859678933,0.6938819909911162,0.4866630908604183,0.9244681905139364
1.0,0.44518828451882897,0.7985587347252634,0.6222875443481142,0.503257987785322,0.5390811022055209,0.2103896103896113,0.8629224412794954,0.5571352463075813,0.6829456103823737,0.4846558086731506,0.8687404816116046
1.0,0.4326359832635984,0.8000319738751027,0.6266033144074076,0.4819420216218693,0.4222765970622233,0.12727272727272612,0.8922519884646939,0.5567533196671631,0.6868228563174112,0.486297977974187,0.8967252565593615
1.0,0.44518828451882897,0.8065702966943349,0.621890692873621,0.4501710916162808,1.0,0.14545454545454625,0.8415565785142642,0.5572509203504245,0.6985955488228628,0.4726424274145486,0.8973616261803925
1.0,0.3887029288702931,0.8123411481056737,0.6047878470721372,0.436814196337652,0.44315853808869854,0.06266318537858878,0.8259288918147473,0.5582998350081542,0.7112400925019748,0.4732639696935344,0.8892936297206557
1.0,0.4326359832635984,0.8150531831398278,0.5540048769793495,0.4429461999290061,0.4918603102947409,0.025316455696202014,0.8388152238527332,0.5573012600443584,0.7157194596031934,0.4717192042799716,0.9080701908377404
1.0,0.5991631799163176,0.8127443575399054,0.5276228467302404,0.5788707002151048,0.5776962761663185,0.4360465116279061,0.8433350200688776,0.5555908297939037,0.7183613744252636,0.4686057468791319,0.9139364947005773
1.0,0.6435146443514641,0.8070558870560698,0.4909035457925274,0.5659409530555217,0.37141368401823344,0.5246179966044123,0.8589676195903688,0.5540293719126116,0.7164942903143354,0.46749005351069206,0.9295750952725784
1.0,0.6719665271966527,0.8066927488183622,0.4819265472961922,0.5424849145849129,0.5698755265728596,0.6111111111111114,0.8535340384870473,0.5522539837729948,0.7135965976092826,0.4701820901743598,0.9279731993299836
0.0,0.6845188284518827,0.8052309125362431,0.4717186743103044,0.557587673196796,0.5435047677694407,0.6834645669291335,0.8648482674933307,0.5502184326928682,0.7079062231738403,0.4682751717892146,0.9392084147081842
0.0,0.6807531380753136,0.8031575971552438,0.4678604699540926,0.5562862211645799,0.4231454346616553,0.5799306738734488,0.8537305513660102,0.5479846114305321,0.7040377258259768,0.4674733232147321,0.9054296226401294
0.0,0.7142259414225943,0.8044019209336393,0.4723916594073557,0.6009738404677297,0.4589516147583115,0.7538247566063968,0.829195918427504,0.5454538705481912,0.6998913650455216,0.4681793652596238,0.8704731810435
0.0,0.7267782426778243,0.8025751741969811,0.4618168520892423,0.6180056717497089,0.5501427240116102,0.8511821974965221,0.8461058516622533,0.5431577586916084,0.7036678215055743,0.4672552146124303,0.8743352863297567
0.0,0.723849372384937,0.7976366201360297,0.456385111006944,0.616439393788219,0.4775319190750127,0.8191933240611948,0.8499820681997946,0.5399730993196817,0.7034273981805028,0.4682252637257798,0.8661795147498776
0.0,0.7288702928870292,0.7936398910326916,0.4503883837835258,0.6234727029303084,0.4835641539797361,0.8595271210013904,0.878741728036001,0.5378197613190446,0.7041126970032261,0.4694944686934488,0.8792141200909934
0.0,0.6753138075313807,0.7876473303501161,0.4521745207673338,0.6075811520733653,0.5179728450941592,0.792767732962447,0.8559167571444712,0.5351347188845751,0.6952602496360959,0.4690308891542137,0.8614030852954729
0.0,0.6753138075313807,0.7826353423937256,0.441874391507205,0.6081612922347324,0.5528316595649906,0.7426981919332398,0.8746788242634451,0.5341358199551872,0.6972530988235062,0.4724702473691523,0.8593939128786222
0.0,0.7054393305439335,0.7764437027601063,0.4222373307748166,0.5952443370804497,0.5246212587160126,0.8136300417246174,0.8384369365607298,0.5328235925220978,0.6996493974038079,0.4690643731974338,0.8392558721670305
0.0,0.704602510460251,0.7682686026396606,0.397822621627374,0.5952061649091049,0.5517554861223527,0.7719054242002784,0.8261204918717359,0.5322847279831157,0.7089182699056487,0.4709716022217855,0.8265337325150584
0.0,0.7188284518828454,0.7607747315691211,0.3727811909001508,0.6170164566488784,0.0,0.8247566063977743,0.8286505951883818,0.5294882859429048,0.7026743998801088,0.4714963047122947,0.8243007801110787
0.0,0.7397489539748956,0.7550167243662769,0.356927531924326,0.6520821913112165,0.5544718875958001,0.8970792767732951,0.9006971294381205,0.5268631048057729,0.6965833229282008,0.4807789072649502,0.8744284281864018
0.0,0.6163179916317992,0.7442720987979505,0.32362136096185884,0.5472036398716833,0.5505772106074545,0.7691237830319878,0.9056836437418018,0.5244004774871046,0.6894930344252231,0.481037549313603,0.8941223662542754
1.0,0.6598326359832639,0.7350242484549081,0.2982867841719093,0.5804482611165914,0.4997163726989867,0.7663421418636991,0.8872703869829867,0.5239873459022558,0.6980410608150759,0.4817204265110345,0.8774015116328168
1.0,0.6983263598326357,0.7312305505817986,0.3007375081575817,0.6068051075698707,0.0,0.7343532684283717,0.944106824401004,0.5239506836661955,0.7100607016030093,0.49089627163621397,0.9813086742952049
0.0,0.490794979079498,0.7293141701236309,0.3104528953285091,0.4420917612641055,0.467561418598776,0.8997084548104941,0.922367587165744,0.5230443117827225,0.7185286825870841,0.4898404237816622,0.972265619502034
0.0,0.44811715481171577,0.7282554663196261,0.3344305632173276,0.4662363561342608,0.7096008235466198,0.7702630166398283,0.9441903423745632,0.5215671779390866,0.7267844694158893,0.4899301697112429,0.9992821855339272
1.0,0.28368200836820145,0.7179564846047353,0.3167356507734803,0.38381666452357216,0.5458670642218127,0.3982300884955764,0.931903374617414,0.5193985034786349,0.7342106640550623,0.4923421245016845,0.9898674040984188
1.0,0.24100418410041854,0.720385065968886,0.3262919015957578,0.38379124210911947,0.5576279985236883,0.2825552825552831,0.9333330058118684,0.5173031449794004,0.7397460148165832,0.4924527466852587,0.9945259873785716
1.0,0.2037656903765692,0.7253645427727304,0.3311864054623129,0.40441138542991495,0.4494553817291183,0.2399811409712409,0.92000943261819,0.5153390999759823,0.7483995099178096,0.4910092137639255,0.9927246904007944
0.0,0.5576126001657915,0.6567723967018382,0.4649208189428111,0.5231727118811588,0.5052258061364028,0.6933174224343682,0.5311792246584358,0.9876416516802424,0.3621795260509752,0.5148829710661211,0.8304071745702466
1.0,0.4564796905222436,0.6493696519464134,0.44520785488162895,0.5016606257074201,0.5428416512323796,0.3233890214797148,0.5503146662474392,0.9869499786981384,0.3734012125176319,0.512543642142056,0.8441504231124378
1.0,0.505940867642995,0.6501147356523322,0.4628761948610173,0.4880475571447481,0.5003526692335114,0.3293556085918862,0.5056325503932712,0.9871529967170954,0.3794693767671601,0.5132126448304439,0.7967542406112043
1.0,0.4841116330478032,0.6509717126501489,0.4513450048252839,0.5223353721872513,0.4886349861551302,0.2521315468940328,0.4443696603766172,0.98907596165884,0.3873330370821911,0.5125066462338401,0.7553474075666925
0.0,0.5089803813208065,0.6543212381384316,0.4508820459293468,0.5414495304438036,0.5245439543066079,0.5042630937880638,0.4523529960844807,0.9914210967093784,0.3924143193425438,0.5129254659326258,0.8019024248327156
1.0,0.4788615639679469,0.6524717595936163,0.4213747258539817,0.5194431046552689,0.5355805793083506,0.3422655298416571,0.4652982819861557,0.9922003182759694,0.4032666755754648,0.5137651400301384,0.8346952199046259
1.0,0.5515335728101683,0.6528719397043421,0.4197450384647135,0.5258866343589875,0.5638225325007877,0.4579780755176624,0.4500587082225904,0.9924233138150031,0.4118320321707691,0.5127758354825722,0.8094539382976842
1.0,0.4877037855761258,0.6511022783167992,0.4022550830189923,0.5263423768554553,0.5651566688094094,0.3104265402843608,0.4829353128730672,0.9919582176922468,0.4167895854843183,0.5149566290052425,0.8754822469863516
1.0,0.44957170489085374,0.6538606054943741,0.40715939849193106,0.4955338492323772,0.5456204994467581,0.12322274881516665,0.4838097951844516,0.9911112013477468,0.4144578965020765,0.5150564339747568,0.8669061563175934
1.0,0.5045592705167171,0.660948808223393,0.4193712321874552,0.5454956245757938,0.5545427080461786,0.3921800947867303,0.452490555099755,0.988750172991494,0.404933441998414,0.5130030892648807,0.819282289993296
1.0,0.4570323293727547,0.6645207639634596,0.42667413418005984,0.5018897534612894,0.5205827792451504,0.4466824644549776,0.5130951269718839,0.9856792075852584,0.3896700366259367,0.5136055825052577,0.8716622183993827
0.0,0.4307819839734735,0.667035326750443,0.419557438408274,0.5293399730663974,0.45024910679894986,0.3613744075829398,0.5378704881871192,0.9824611923581102,0.3763916882470584,0.5154508427490749,0.8637185827946923
0.0,0.5316385741917655,0.6695598500884605,0.4166783900978053,0.5720608562896778,0.4833661207485752,0.7061611374407595,0.5695483642759236,0.97969458939292,0.3588682834100462,0.5139864191718035,0.901887245911178
0.0,0.5122962144238737,0.6656550858588148,0.3833013600744423,0.6028518340596054,0.4543730065396392,0.6587677725118488,0.5868316719807025,0.977193783229672,0.3452527061900388,0.5115209181071798,0.9127654730131424
0.0,0.5390991986736665,0.6625305164976663,0.3613334571834226,0.5783054719358186,0.4844208433090995,0.6966824644549776,0.6078929397835411,0.9746587407276592,0.32993605369337065,0.50934756105238,0.9151435040540368
0.0,0.5764023210831717,0.6579779060846547,0.3344466415119501,0.5668318911818895,0.0,0.7997630331753557,0.5998359117460662,0.9725064470425164,0.3221658506259182,0.5088450487599274,0.9034177871662216
0.0,0.5645205857971809,0.6543944987981263,0.3208167166374998,0.5578039849314709,0.4900750585209391,0.7334123222748814,0.6087084682312371,0.9708578865232956,0.3144224056694737,0.5094554826554583,0.9169712991891928
0.0,0.5142304504006627,0.6506838331501306,0.3013632433469989,0.502052499574436,0.5430991344152937,0.9868073878627974,0.6253629347233342,0.9702160610409002,0.31476821409745226,0.5069432320140335,0.9282100256776756
0.0,0.5103619784470844,0.6461742297963995,0.27422441377277457,0.4994051908853506,0.5385145435432006,0.9234234234234228,0.5969127826714942,0.9693507330539624,0.3168613912744665,0.5084008223467535,0.9249212593445236
0.0,0.4274661508704058,0.6411146264511456,0.2348495281449077,0.4759571464262782,0.5254504485355803,0.7147147147147144,0.5687082717183576,0.9690483998167128,0.32602733340460466,0.5066086913008683,0.8860189483537194
1.0,0.3415308096159156,0.6376035817196524,0.20055014066078164,0.4372867647335775,0.44804891598141744,0.3362445414847163,0.5657409272460192,0.9690940883700292,0.336038378724192,0.5063489951588641,0.8890673817625254
1.0,0.42276872064106097,0.636468071398478,0.1694135260956396,0.4711900173117362,0.4663820989356174,0.4177583697234356,0.5337977587706151,0.9700380548412048,0.35215867733349804,0.5075721826914087,0.8864047459428004
1.0,0.4050842774247029,0.6330470178241363,0.12840743824760492,0.452896306280988,0.4780139692789887,0.16448326055313087,0.5113314238831926,0.970740792172978,0.36445026697735294,0.5095618681094003,0.8842607232756113
1.0,0.4161370544349264,0.6378578541754947,0.13182476356759565,0.4136690399965432,0.5157484969539085,0.2037845705967984,0.45327660661560604,0.970060217039902,0.3749874147659956,0.5057007176331587,0.8076957132195756
1.0,0.3476098369715391,0.6425161531242014,0.13734791678649974,0.36491738385373895,0.5184362278564559,0.3740902474526937,0.4128833843448017,0.9684221422996876,0.3777485466042,0.5029376121693906,0.7492884880529241
1.0,0.36722851616468577,0.6471876636507186,0.1503775840436315,0.3822434378343818,0.5154479882098382,0.3338108882521485,0.4532864322595544,0.9668619232443736,0.3846287879200714,0.5021764514155406,0.7851929620400468
1.0,0.288753799392097,0.6486905518458101,0.14589436984908544,0.36335825335149946,0.4830835825699436,0.09193776520509264,0.4524266884140921,0.9645147687752814,0.3873269826594175,0.5021516106144432,0.7754721277053265
1.0,0.3290964354794137,0.6552081667661125,0.17140748240858106,0.3479388042748958,0.457963830115173,0.1572890025575451,0.4271305680696046,0.9628605460350124,0.3882732201694742,0.5004669965841297,0.717760603109149
1.0,0.31113567283780025,0.6598451519281707,0.1913393810952489,0.3810358677313737,0.5575883040031113,0.09466666666666584,0.4209600636701728,0.9613112008853664,0.39119284977665736,0.5037060294739792,0.7146362750926548
1.0,0.3020171318043656,0.6668895142401228,0.22384576053681893,0.3757423298440521,0.512356176350617,0.04264705882352827,0.43874447921630655,0.9619311675875594,0.3966739674851598,0.5013285643609326,0.7234969705402429
0.0,0.32937275490466944,0.6733363533937129,0.2414498645452548,0.3943955618053011,0.5323197597842467,0.2585551330798487,0.3797070975539063,0.9633993786810128,0.4084151771167557,0.5006057226116603,0.6911848413170246
0.0,0.3476098369715387,0.67790554057737,0.2589749150751426,0.3629995980418788,0.517595218205245,0.2795566502463048,0.4319107438503751,0.9653300910017903,0.4080867863527631,0.504275380062184,0.7922068887005578
0.0,0.25918762088974845,0.6807144455097673,0.25829291259892456,0.3493146322442132,0.5813285926613374,0.1884236453201971,0.4375899660523999,0.9643234699445472,0.402815381627606,0.5009851539342995,0.7940916047914793
0.0,0.2796352583586623,0.6868548410547786,0.2700347548958991,0.3206025729841888,0.577843881822123,0.19182389937106886,0.443603260148662,0.962730388383318,0.3869161991400325,0.5015301084831307,0.7675980621576837
0.0,0.2392926222713456,0.6912682647419532,0.2738620093497645,0.33551057399027473,0.6230522800180767,0.10669077757685412,0.4484030872173288,0.9613664079880012,0.3770619899170157,0.5018177252033916,0.7894746828237855
0.0,0.20392373583862933,0.6971657005947156,0.2903344775797616,0.35529735094362425,0.6274610696732439,0.06329113924050657,0.4120531174311836,0.9613035843758531,0.3720499153218565,0.499273827058871,0.7411740895809354
0.0,0.22492401215805474,0.7043190105512469,0.31083293733765643,0.3769521862462053,0.5138546573477856,0.043755697356427,0.3589504247134596,0.9615754470569025,0.37630658053835264,0.4990887999761262,0.6836017050988525
0.0,0.3036750483558993,0.7127214212038888,0.334855631520271,0.4235519920243245,0.4700771491670042,0.3272561531449412,0.35075583766071045,0.9618387430049076,0.3885249483840766,0.4984410563459755,0.6917224281214819
0.0,0.23266095606521145,0.7175926609544652,0.3476703519158816,0.4112963501129228,0.5096456573320777,0.2187784867821336,0.4310510000049128,0.960952912408882,0.3875160275762154,0.5006741365747782,0.78372566629141
0.0,0.2448190107764576,0.7255988082217901,0.373647772640901,0.4199813655386255,0.4764476336664986,0.3355676616540729,0.3879360743604733,0.959195334772932,0.3904611944737912,0.4976068870458527,0.703271057591358
0.0,0.251174357557336,0.7305652249975685,0.3893324660015619,0.4244177262465425,0.4556418129233914,0.3654147104851331,0.4166171290450947,0.9584117257232364,0.3915656023990453,0.4997635782440013,0.7464930366697448
0.0,0.17131804365846887,0.7340789943363304,0.3940101255116285,0.36355812731170656,1.0,0.1725697061039934,0.4432593626104773,0.9562938009423021,0.3875846382453305,0.5017454542195628,0.7880516589296331
1.0,0.1279358938933406,0.7423779062775271,0.42426048071565503,0.3417590904937133,0.4528827781623726,0.05267062314540017,0.4178698986484827,0.9547959752442524,0.3774541518007805,0.5000831073054021,0.6948467561379766
1.0,0.12268582481348432,0.7527293730655007,0.4590407416577896,0.3895579575905873,0.4702125198216026,0.023467070401211387,0.3830527293182477,0.9532170298998658,0.36851322341166304,0.5010190817910601,0.6829882236867073
0.0,0.24316109422492355,0.7639853379200305,0.49994316543409495,0.4421966544511189,1.0,0.12735849056603726,0.3597708659831293,0.9529907812369104,0.3683145086830443,0.4992774808311167,0.6438772025247608
0.0,0.21939762365294274,0.7688283358641841,0.5128528832559229,0.3799801151781592,0.4793410523357645,0.037735849056604334,0.4663791028204515,0.9509140321037376,0.3464858100533881,0.5037960633249753,0.7612545378650849
0.0,0.2575297043382148,0.7754868378321609,0.5436218013421416,0.36744201980309005,0.523025255515416,0.14716981132075502,0.5441982028897221,0.9470343526872936,0.3177468128792437,0.5061223663419754,0.8290853434863454
0.0,0.28378004973749643,0.7788822241439468,0.558024978210143,0.4253555193103761,0.5144450312698452,0.09811320754717044,0.6046799542124988,0.9444074546103428,0.3001618919029612,0.5071631458824287,0.8599997470179741
0.0,0.3561757391544622,0.7834811082885298,0.5649490446880131,0.4868794568659234,0.31389652139075297,0.1397544853635497,0.6414671651543363,0.9418736226241744,0.2984834553561692,0.5096290182918909,0.9396258395840976
0.0,0.383531362254766,0.7876107907478667,0.5534109139543525,0.4663442119972122,0.32494694403543617,0.10290237467018416,0.6668517162943568,0.9400609093420206,0.2980259127217736,0.5078923994323954,0.9493466739188179
0.0,0.4517822602928984,0.7931569131934935,0.5552144226786992,0.494429643942268,1.0,0.22849604221635966,0.6847638652118164,0.9364350814792431,0.28877520694555936,0.5055599611372485,0.9612368291232908
0.0,0.436308372478585,0.7968825499362486,0.5598595399539827,0.5265776873586692,0.3925596521803928,0.18311345646438,0.697645284427828,0.9351317517826676,0.2930966837163511,0.5066448251719465,0.9546592964569866
0.0,0.5095330201713176,0.803339004821884,0.5833900955775173,0.5692798359237873,0.5006645866879645,0.2826086956521737,0.6878294661236356,0.9337452681902416,0.2965901801847713,0.5053140389756553,0.9959522875899663
0.0,0.489361702127659,0.8059592485717809,0.5727180961858572,0.5921355184808841,0.5155768038356189,0.2624113475177302,0.6603225758908171,0.9350167108339285,0.3139360947397508,0.5036208800367877,0.9997795650082829
0.0,0.4940591323570046,0.8093999373119112,0.5696873883103648,0.5985308316416552,0.4883629888459373,0.3668600902643456,0.5869102771322876,0.9354718102280264,0.32500500200086635,0.5013951488867169,0.9912634591795008
0.0,0.532467532467532,0.8102282112194499,0.549005613198382,0.6028305754329504,0.4944276577426659,0.4700193423597677,0.536509636500302,0.9373300988130708,0.34705579239372264,0.5013918885059963,0.9434510017718409
0.0,0.549046697982868,0.8095027451274639,0.5460653623542597,0.6212211595002199,0.5056581266245899,0.4432071269487745,0.5326530712506568,0.9370246681956051,0.3565692909434077,0.5009365210650623,0.9655308709281716
0.0,0.5393755180989223,0.8106725000083048,0.5445706495815686,0.6053186309204774,0.483148788685012,0.4721603563474388,0.5155220610270743,0.9366922236420588,0.3654942787406419,0.499796427246016,0.9324246967425374
0.0,0.5783365570599611,0.812686986670172,0.5609429793812266,0.6242333489833523,0.4948154480571357,0.6258351893095765,0.4989609381524839,0.9359763605487288,0.3734863103689071,0.498415714317061,0.9340261687338146
0.0,0.6195081514230447,0.8118155930854827,0.5721569592395156,0.6574342916371719,0.4808101341948682,0.7561247216035635,0.5186760927344278,0.9357428391031648,0.3866110019252715,0.4998391081544306,0.9707509881422924
0.0,0.6253108593534125,0.8085351576719764,0.5858042858927883,0.6716567190770002,0.0,0.8040089086859696,0.5149767377879527,0.9340188706907578,0.39553106561189255,0.4995213256266453,0.9729726046067869
0.0,0.6377452334899139,0.8049846092398938,0.5734478568522849,0.7058969019437421,0.4801411454689617,0.8608017817371936,0.5024490417540739,0.9321529911506172,0.3872077037111601,0.4987492390006775,0.9350415701240284
0.0,0.6313898867090351,0.7981032495053948,0.5475590543260865,0.6850020529644836,0.0,0.9485776805251628,0.4930508133176781,0.9298013559256284,0.3739888721154549,0.5017541759005794,0.9271091726863842
0.0,0.6880353688864325,0.7897867341167943,0.5136877710020238,0.6880523213018378,0.4305027272153645,0.9551422319474824,0.4816628919817834,0.9279504971339428,0.3645651399549629,0.5010143511587705,0.896558538912362
0.0,0.6692456479690522,0.7797892369935484,0.4914122933471601,0.6747263335484105,0.0,0.8774617067833694,0.4685309188450938,0.9261869453189668,0.36740090468244346,0.5000941059445545,0.8739948207714321
0.0,0.6562586349820388,0.7717612483251894,0.4581208151718814,0.6897460655256179,0.3872416273571991,0.8689057421451778,0.4772413522051203,0.9260399855803804,0.3757866225939719,0.5007457102499254,0.8898528008722911
0.0,0.6570875932578056,0.7609032398786439,0.4036957385411205,0.6906721609409914,0.493029322661707,0.9762202753441804,0.4554087713523525,0.9254973054089398,0.3817339675961916,0.4989215272272374,0.8972127572577342
0.0,0.6907985631389884,0.7499241524642968,0.3497378198340013,0.7171871859143178,0.5575141588004793,0.961191279554764,0.4562390382659701,0.924363090670345,0.3862672060490453,0.4990391361698044,0.8832288401253916
1.0,0.6065211384360317,0.7423215348001904,0.3244785848995272,0.6611332322368983,0.5268114124292416,0.9116883116883108,0.4767107674319208,0.9215762221590416,0.3818780150436272,0.4968995783637091,0.8957339512062151
1.0,0.5327438518927881,0.7411787486970858,0.3181504551409137,0.5904735505041231,0.5789398196605652,0.8924731182795702,0.4399088180241612,0.91755547719035,0.3691193338551194,0.494294936807014,0.8237767479896415
1.0,0.4816247582205027,0.7402868836390004,0.3042809690281,0.5807857552396354,0.5445642974588548,0.7233468286099868,0.4668949491277285,0.9146545019112768,0.3599232351567643,0.4965109093646173,0.8063172958975059
1.0,0.4824537164962695,0.7403700120297798,0.2934461778630867,0.5818284899504779,0.5319107992056349,0.740890688259109,0.4341264265606808,0.9119164689769054,0.3511248794963626,0.4977064140426675,0.7724955703966201
1.0,0.4581376070737769,0.7391764835317214,0.2886675807427388,0.6019677828460293,0.5111320954181591,0.7152496626180835,0.4052095564213037,0.9114361780229088,0.35274846280466376,0.4955580909391003,0.7157012402889464
1.0,0.4807957999447359,0.7424161465033325,0.3150577989167198,0.5784299130783868,0.0,0.7543859649122815,0.4318026617669458,0.9107393515047414,0.3553603632656702,0.4976111889231361,0.7698855117895598
1.0,0.36474164133738574,0.7440192157984575,0.3258708397323937,0.4681107137074941,0.5377535941456524,0.6968680089485451,0.4356051859748761,0.9102988049869072,0.3592588724181224,0.4942056180849842,0.7705601744582253
1.0,0.3558994197292069,0.7459074857815278,0.3409445573640859,0.4578302946442809,0.5212585228565547,0.5494398441305407,0.4463151378783485,0.908903113079778,0.3612660757289139,0.495055708665746,0.7862545999727406
1.0,0.3147278253661229,0.7449686676620071,0.32207808247157066,0.4336571672900756,0.491718683375369,0.37053571428571336,0.42813278375231534,0.9074406262830316,0.35586270321800817,0.493732891900545,0.7458566171459724
1.0,0.3188726167449566,0.7476823035657079,0.2694533812404244,0.4374188983463352,0.482192968996447,0.4249999999999991,0.41698067787117626,0.9057930563054508,0.3534458735130903,0.4928933601922876,0.7262709554313753
1.0,0.2989776181265537,0.7475334068621549,0.1976120729035012,0.4765501270917524,0.4892194011381513,0.4223214285714276,0.3672678323155599,0.9055891792337708,0.3606139574011201,0.4889760012919554,0.6456930625596289
1.0,0.3539651837524175,0.7469193833125614,0.11545843478146425,0.5439335267481394,0.47553859586093394,0.3937499999999996,0.34912969358729345,0.9063606378840322,0.37549479970289423,0.4874189107602656,0.652139839171323
1.0,0.3733075435203093,0.7451121838027128,0.07749209840061673,0.5076848167216884,0.4809161932456182,0.41339285714285656,0.3698224997420768,0.9066304708019668,0.3883580718522817,0.4890780969859064,0.6974717186861114
1.0,0.3992815694943351,0.7475344070605896,0.09002999231215236,0.4797166073957921,0.4637162824431595,0.4187499999999996,0.3828709549052072,0.9064287662884244,0.3960462277605389,0.4901725350199325,0.6871064467766117
0.0,0.3307543520309477,0.7493805956701984,0.10813427582576253,0.4333289447112818,0.5174395030579054,0.48125,0.3947894610143015,0.9053514404157508,0.3998284357510196,0.4910812658404163,0.7261823633637726
1.0,0.29925393755180946,0.7508829104283491,0.1307228307990143,0.40043277123558463,0.4557440194480185,0.3035714285714277,0.4044235049054528,0.9060787799640077,0.4133184878613197,0.4918691358917499,0.7250715551315251
1.0,0.3185962973197012,0.7528863423345236,0.11966510304685052,0.4194935905803274,0.4943102671700913,0.3008928571428562,0.3364202231403741,0.9049158173175316,0.4130649161615235,0.4900435248345068,0.6704988414883466
1.0,0.3465045592705165,0.7585971945972867,0.13180570532137492,0.39155213071569056,0.4482686526604951,0.3348214285714285,0.3372357515880697,0.9034348682909399,0.40675962231656415,0.4901602220311472,0.6293716777974646
1.0,0.251174357557336,0.7647134214977127,0.13953371003193346,0.3865814052639087,1.0,0.31249999999999994,0.3398493728782748,0.9005173007551112,0.3877162440934221,0.4904190912082492,0.5978601608286764
1.0,0.16800221055540196,0.7719574845868005,0.13428381089045738,0.3489402127401827,0.4668131890745244,0.07149161518093577,0.34695331345278024,0.8983390407237725,0.3726386234005065,0.4910216439569127,0.5922516014719909
1.0,0.2296214423873995,0.7825256277912152,0.12756639692553995,0.35435019927416805,0.4431385379132367,0.010183299389001466,0.2880338395177576,0.8957194725996119,0.3595310076933221,0.485997611681476,0.4893757666621237
1.0,0.29124067421939703,0.7937048944525182,0.13161178070691024,0.3902706075319515,0.3902798253800194,0.12244897959183546,0.35776643461770874,0.8937169562977799,0.3508677961665204,0.4883419647744216,0.5352119394848028
1.0,0.24868748273003555,0.8026343493847197,0.15256045165588605,0.3669535737301317,0.4774956556524146,0.11586142973004285,0.39991353433325627,0.8926098722607155,0.34684411592682873,0.4882717955050132,0.5830039525691697
1.0,0.2506217187068245,0.8107246027476478,0.18012686844015854,0.36807608272445136,1.0,0.07407407407407414,0.3748434037995766,0.8918551246853271,0.3439907260814954,0.4898046215588602,0.5665121984462314
1.0,0.30118817352859883,0.8171731180319148,0.1921612376417809,0.36029205999324987,0.4176921835339948,0.15375722543352735,0.40884995750408987,0.892050932982858,0.3437175060483174,0.4890434472504544,0.5830039525691697
0.0,0.30035921525283205,0.8219311452982261,0.18805350610883648,0.35888324704573904,0.4873486182987358,0.09248554913294922,0.4045905408525709,0.891926214419753,0.3427521084554899,0.4886106842799303,0.5960610603789012
0.0,0.4606244819010773,0.8295858438113655,0.19145378042582395,0.42616353710035015,0.5286805608119127,0.4966555183946483,0.4020800888238212,0.8909334954581068,0.3382157670740238,0.4883593711304875,0.6032233883058469
0.0,0.44404531638574174,0.8285745643821469,0.1661844678248478,0.4640643046877905,0.479407374841215,0.4515050167224082,0.4832251693695376,0.8895453175368554,0.3332464962924723,0.4916168436641348,0.6569578846940167
0.0,0.4487427466150869,0.8303572959323393,0.15990181201599274,0.4446603654189807,0.4791494255906862,0.4515050167224082,0.4999484153692722,0.8883536832734008,0.33231799897769176,0.4929977140936515,0.6864794875289626
0.0,0.4161370544349268,0.8399334950123718,0.1981526357181136,0.41849851792898746,0.5098520646524903,0.5072231139646884,0.4411075465858345,0.8893645003090763,0.3435061935299686,0.4917603536412383,0.6324860297124166
0.0,0.1715943630837246,0.8496642380787467,0.2366514452722709,0.29721271641313096,0.6050338568691498,0.6216216216216227,0.4898820431444025,0.8914295082385079,0.3614352991774944,0.4957421028872048,0.7220253509608829
0.0,0.0928433268858801,0.8604415111628607,0.2857023484460405,0.27899118332560024,0.5653639915571326,0.1016518424396448,0.5025915135913219,0.8942960785249082,0.3834847735356708,0.4966009290630462,0.7729317159602013
0.0,0.03813208068527208,0.8669591839016473,0.2987073665970125,0.29328435807404163,1.0,0.06383585066970672,0.4467916816098335,0.8966973874118301,0.4068567695459243,0.4953938353540792,0.7651219844623138
0.0,0.046145344017684116,0.8710873006459079,0.30401684769703874,0.2978306064535293,0.5816824125947511,0.01367911085779476,0.4109329940210957,0.8965438401631062,0.4069541651642597,0.4962025600480349,0.7290786424969333
0.0,0.2608455374412817,0.8759686791868169,0.31987959438265223,0.3923582201883393,0.5620469204799224,0.19492732972356805,0.40951318847058976,0.8940435126043457,0.39444065881291934,0.4962746411609034,0.6697969197219574
0.0,0.24454269135120185,0.8743505443108455,0.31329805310012776,0.3797060559828819,1.0,0.14648047876888046,0.5181012925634612,0.8919397844212121,0.3807171752540132,0.5015629693907931,0.8031688701103988
1.0,0.2572533849129591,0.8787798154562934,0.3350691037634191,0.3879584799916329,0.6430790544461078,0.10487318324308938,0.5048661501653164,0.8896648144313529,0.37497712822563145,0.5003373698253408,0.8038639771023577
1.0,0.2343188726167447,0.8846355111441162,0.35718041493096137,0.4199571803856245,0.3474069451044875,0.06896551724137975,0.5479515988779113,0.8880566927503578,0.3748029323347437,0.5002594016372464,0.8229112716369085
0.0,0.33904393478861555,0.8937726563350269,0.3929466924654373,0.4296017185750417,0.40174076466433,0.2513536620119698,0.5546772521604135,0.8836237221187632,0.3567433626637009,0.5007744815840817,0.8379378492571894
0.0,0.3409781707654045,0.9002489739006392,0.4218331897930401,0.4308586431260187,0.3642214583165203,0.2695924764890284,0.6672545676962303,0.8797216716046318,0.34474248278668784,0.5064833377915228,0.9201921766389528
1.0,0.20475269411439614,0.9072118888995884,0.4414172674347721,0.4008842279958597,0.3853971651710633,0.19264747791393613,0.7110622012390136,0.8773377306278106,0.3425806748666941,0.5064066789933458,0.9612034891645084
0.0,0.20116054158607355,0.9169627150172484,0.46338559793857104,0.3993782326999571,0.4469209711587765,0.1960672556283848,0.6431227861595981,0.877247404222797,0.3549358913434193,0.5039626807944729,0.9405002044432328
0.0,0.29234595192042,0.9241419711684355,0.4697239427456956,0.4047367246481641,0.3893578238456429,0.3163294385864925,0.6293423205223312,0.8766975589510021,0.3623514243119814,0.5064800147900976,0.9341420198991413
0.0,0.3017408123791103,0.9261228374063369,0.4583558628052525,0.36376682756194817,0.35074613584669834,0.3180393274437168,0.6802637202835677,0.873022022205694,0.3492957760794213,0.506964638676507,0.96579721219647
0.0,0.31610942249240115,0.9292152412946256,0.4523672448037204,0.37263963496981306,0.3080412648405651,0.2530635508691941,0.6935086883256611,0.8711559048070182,0.3464067801342846,0.5082500835766249,0.9491768269801526
0.0,0.3103067145620334,0.9362026104951452,0.4701163005331832,0.36827515267786587,0.3044603567335358,0.22456540324878949,0.6355865172513743,0.8690790634239348,0.34214538878439915,0.5027965071434312,0.9503162376251136
0.0,0.2417794970986457,0.945751128092934,0.5021733636074257,0.3756642567606081,1.0,0.16984895981761206,0.6726046308259926,0.8691438451284822,0.3472105395906557,0.5021298460171558,0.952861148826134
0.0,0.26830616192318263,0.9588075261542506,0.5480612989092281,0.3461143938524857,0.2400739992121716,0.18865773724707904,0.6611577556264089,0.8695624672711685,0.3601487758770009,0.5008393620194007,0.9746873443544588
1.0,0.2636087316938375,0.9716657457869576,0.5930130161932247,0.3644818023382507,1.0,0.17896836705614136,0.5877700209777498,0.8683161195520642,0.3617194359805965,0.4981327674460186,0.993018928636383
0.0,0.288753799392097,0.986443062282612,0.6536019696701445,0.3772453053307464,0.5745608546666191,0.2724422912510687,0.6339014193142679,0.86873503670035,0.3761015385639472,0.5021791785519819,0.9606444107589802
0.0,0.5620337109698809,1.0,0.7189155481788736,0.5150298803205594,0.5566754423450835,0.6710861805201431,0.5665908454475332,0.8688481991934284,0.3842011051872184,0.5000526123234235,0.9596855501110444
0.0,0.5667311411992256,0.9957743146514408,0.7254075565357316,0.5196498125834286,0.0,0.726160122386537,0.511483721364389,0.8720083331584382,0.4085524655340299,0.4954587276919483,0.9649874854584553
0.0,0.5924288477479962,0.9894350446341144,0.7213239821821757,0.5474551471451561,0.5797897657538524,0.921925133689838,0.5059224068897418,0.8721761381976602,0.4160770562973791,0.49878581052762105,0.9995068307619832
0.0,0.5907709311964631,0.9777480048962186,0.7038936117116773,0.547103803750698,0.5454084551790946,0.8642691415313238,0.4845074159047696,0.8716952449691046,0.4211351961042942,0.4973419330315912,0.9859175256165831
0.0,0.5147830892511742,0.9650891358987668,0.6699759212392479,0.484192420124597,0.4833174576216239,0.4847539788809989,0.4503240006091901,0.8712841350371344,0.4297158391478765,0.4945526599488297,1.0
0.0,0.5562310030395132,0.9603542175080092,0.6683900792545292,0.5221126331343573,0.3452695293443409,0.511841891152236,0.42957224059071797,0.8710784246795863,0.4414582073458878,0.4930978391639168,0.9817780360255668
0.0,0.5465598231555675,0.9561296459309688,0.6636761775313698,0.5144880043565273,0.4961279550602578,0.3849367799558905,0.4334877597040516,0.8693101916751459,0.4441854519571122,0.4896812689329903,0.9950352777190468
0.0,0.5844155844155842,0.9544994927713212,0.6779027431497263,0.4934461731784932,0.4661117521980674,0.5290947211275655,0.4180614987054712,0.8687743030438005,0.4516535946819288,0.4885814023727938,0.9765462455078492
0.0,0.5982315556783641,0.9525699908364818,0.6791593685253985,0.5047978339135413,0.4399672623823214,0.5060779967408581,0.4020948272897432,0.8677820368724097,0.4561024907740915,0.4872754021718458,0.9972653048357604
0.0,0.6184028737220225,0.9529932323746366,0.6926693379877473,0.4653327625661925,0.0,0.6069661032776176,0.41005851170971136,0.8649820180052606,0.4479710412668296,0.4879023393225425,0.984671521341656
1.0,0.7029566178502344,0.9552037908810966,0.7217697032848809,0.6049511716684081,0.5119540133650137,0.9108736067368998,0.4357820475659424,0.86068824290037,0.4324404446244202,0.4899425499386785,0.95663892566673
1.0,0.6642718983144513,0.95144247644271,0.7458859562596648,0.5267221204948256,0.4536721855943912,0.9855595667870028,0.4559098791937079,0.8563138393484516,0.4140051797224517,0.4877535988827285,0.9747178614210958
1.0,0.6153633600442106,0.9467804302446351,0.7686862325811371,0.5349333814474871,0.5255539317852296,0.8781588447653423,0.4371379864307858,0.8525823449404429,0.4018668290520983,0.486498133704486,0.9896087706415752
1.0,0.6026526664824534,0.9434346083497648,0.7950232255893803,0.5764993279856472,0.5419939461580092,0.853260869565216,0.4542100427906791,0.8484110546893927,0.386643844622394,0.4878674826806054,0.9759985655492746
1.0,0.5291516993644652,0.9403386758457186,0.8152226592876619,0.5522131443494986,0.5078301479571761,0.7028985507246368,0.42955258930282136,0.8437887470625999,0.3711734134496004,0.4861697371865194,0.8890862207346433
1.0,0.5017960762641613,0.9388939981467166,0.8404002507627435,0.5732126092500525,0.5647188151211381,0.6766304347826086,0.4285700249080073,0.8416193478706254,0.3677803058656063,0.486250583758633,0.83327925681791
0.0,0.5857971815418621,0.9374498580214009,0.8685384263464646,0.6107546228771874,0.5295896753130793,0.8143115942028979,0.3975455541417546,0.8411592677477139,0.3746906492889596,0.4873841006814388,0.8290271350262131
0.0,0.5600994749930919,0.9327170584169976,0.890137346054823,0.6353378692226453,0.5747105917879299,0.7572463768115941,0.4135220512014305,0.8427683105013591,0.389389588842974,0.4885821016650253,0.8788486825253162
0.0,0.5330201713180435,0.9287859498554734,0.9098970091281282,0.6249257543893904,0.5456852098889132,0.7572463768115941,0.3796874462660096,0.8418683794876629,0.3876805970190113,0.4896142833313773,0.8537116412507045
0.0,0.5968499585520857,0.923466485795506,0.9188171074166352,0.6352289710433249,0.561128199690063,0.8233695652173901,0.4222079204515866,0.8388694683904846,0.3763443078850925,0.4892545975217111,0.8769873119418026
1.0,0.6200607902735562,0.9153420698948888,0.9126516259605668,0.6516188484826975,0.0,0.7916666666666659,0.5268903310750728,0.8351814939617758,0.3605171944584712,0.493728634292148,0.9858262606943424
1.0,0.6206134291240673,0.908090263960366,0.9171247131185748,0.6517169002560382,0.5656884326517798,0.8251811594202896,0.4580027413546614,0.8328045172576625,0.359429900910524,0.4922939745739936,0.9382820008237608
1.0,0.6429953025697706,0.8998795246485622,0.9239057287979636,0.6294520059311846,0.5833562806159208,0.9254302103250478,0.4540086170897427,0.8317296683705023,0.3659584792029905,0.4918832794208289,0.9585556725092677
1.0,0.6338767615363361,0.8882874055891086,0.9100967798775116,0.6243005476220611,0.6745002640846687,0.9953542392566777,0.4568138384369364,0.8304642758352537,0.3736044803295616,0.4922128413409267,0.9264289963846049
1.0,0.6184028737220222,0.8787662867556802,0.9097177463030556,0.6149372947375131,0.5487551489361059,0.9907894736842096,0.4576932335702954,0.8271795349152871,0.3683357951451155,0.4922689435326801,0.9321953228685188
1.0,0.5407571152252002,0.8702300655488622,0.8925956331630915,0.58700483820364,0.480113767561353,0.7776280323450147,0.4629597787264982,0.8229760817689175,0.35202045829376283,0.4929063601376166,0.872234680334996
1.0,0.5849682232660953,0.8655590847543433,0.8868394968126129,0.6234834739825438,0.5093634890705311,0.6644204851752029,0.5080545716264878,0.8186378740979242,0.3374704218898886,0.4929281193953516,0.8776165850533156
1.0,0.5634153080961588,0.8602778080740401,0.8668068113630272,0.6076429664511698,0.6228878838190166,0.5074024226110363,0.5061434838785747,0.8142979181921043,0.3176686869847967,0.49282963971108,0.8639970710722619
1.0,0.5462835037303118,0.8591132833430479,0.8694441804093802,0.5940029098897792,0.5392555827623543,0.49360341151385906,0.5324074301519532,0.8100005040494699,0.3006748325693719,0.4951208131984407,0.8460299299803211
1.0,0.5299806576402315,0.8598094450410501,0.9044155534019568,0.6266449753572395,0.498229330027661,0.4424307036247328,0.5293762189939525,0.8092091718486106,0.2990054933802868,0.4952929053417315,0.7620337741979775
1.0,0.5589941972920693,0.8611135317659153,0.936925575831153,0.6096471076174197,0.5006721485603852,0.4978678038379536,0.4490122771421129,0.8115082426393202,0.3175614059716733,0.488136835360738,0.7633060271841103
1.0,0.6330478032605688,0.8599730859175585,0.976251347342476,0.6492490344402004,0.5127367806483898,0.6684378320935171,0.4340183444772512,0.8134435154382093,0.33348110954720755,0.4867376130839844,0.7996613427303098
1.0,0.6963249516441007,0.8554639577551986,0.9855566273709286,0.6623984512013539,0.4903911698954592,0.7777777777777782,0.5102407774049492,0.8151422768397353,0.3518603225130448,0.4891976398355828,0.8435586472015011
1.0,0.7184305056645479,0.8492651443160333,0.9987239544663734,0.6326605377076997,0.5239546824582142,0.8028052805280528,0.4357967860318642,0.8173869272394364,0.3745465492438905,0.4829128014551648,0.8496819367534663
1.0,0.7734180712904112,0.8435476977140959,1.0,0.6542859068240682,0.5176147444420824,0.8971132494448555,0.3903384443057937,0.8223496950428019,0.4117809321282081,0.479232881549156,0.8641984348542402
0.0,0.7974578612876482,0.8347436620130564,0.9941883354172959,0.6499143002176673,0.4711858563298602,0.987048398091343,0.3627971643191569,0.8236403688575223,0.4279266821214307,0.4808512265819585,0.8386160816438609
0.0,0.7864050842774246,0.8232233356144762,0.976488878859463,0.6458078470934684,0.3246980267601737,0.8834355828220863,0.3787147075151439,0.8240053826329853,0.43889280524874,0.4783485420616788,0.8436867877900327
0.0,0.8402873722022657,0.8130676124194669,0.9790218214804765,0.6317415048393533,0.0,0.9110410094637226,0.3671106220123903,0.8243392184993831,0.4454508775342063,0.4773980763310982,0.8739645782801704
0.0,0.8850511190936723,0.8021030213614431,0.9818256033953314,0.6728446547801892,0.3178027676127613,0.9878283151825754,0.3606699124043841,0.8232504453674431,0.4429074326787089,0.4768814540264836,0.8879044437325522
0.0,0.8400110527770099,0.7888418405504121,0.9635365916637181,0.7192818536505005,0.47406413316066104,0.9710431062849624,0.3934924760131464,0.8217145670854676,0.4314417969872753,0.479408320606241,0.8627705825820327
0.0,0.8275766786405081,0.778144806922668,0.9308087051864464,0.7147423668441856,0.0,0.8987828315182577,0.34620656451272186,0.8208673169839732,0.4294653184751066,0.479574924217506,0.8079172577914058
1.0,0.8322741088698533,0.7677309674875983,0.8945905073472167,0.7342474949909934,0.5310319796893368,0.9216061185468456,0.3307360881163747,0.8214456684281203,0.4364926705737455,0.4783689235563176,0.8350006864674381
1.0,0.8502348715114667,0.7550431233668641,0.8661620600605637,0.7434060984205442,0.4953117127817637,0.9925625422582828,0.3376729927437621,0.8206673981109266,0.440472271164826,0.4789002839317435,0.8181227403780147
1.0,0.8706825089803807,0.7425504333181405,0.8296221305309828,0.7540234127166248,0.0,0.9687499999999996,0.3524802381736092,0.8184452406776659,0.43407531377556696,0.4762980226996654,0.819651274541211
1.0,0.7946946670350923,0.7293636414172908,0.7832513345089454,0.6360802586912109,0.5372151789901931,0.887034659820283,0.3528044844238977,0.8166811374360526,0.4305453720824126,0.4763358674767772,0.8075145302274493
1.0,0.8679193147278252,0.7200813052998045,0.7494109672137903,0.6891911848666346,0.5482740403139195,0.988815789473684,0.3529911716589124,0.8138219163003707,0.4228014373964904,0.4763579473503994,0.8003386572696898
1.0,0.7703785576126001,0.7080402355453792,0.7228392049977366,0.612736888023925,0.34200928727892704,0.9071526822558464,0.3974669489901692,0.8115764950597172,0.4150387557121191,0.4760283381592553,0.8050249416502673
1.0,0.6924564796905224,0.7007752846952338,0.717003928926393,0.5205978099000219,0.36794810881734735,0.9976617303195634,0.3485450677723793,0.8088242380143714,0.4058793838018343,0.4760882746847229,0.7287721385748938
1.0,0.6883116883116882,0.6930187844282023,0.7240616330622673,0.5184501444097301,0.4568031958643018,0.961778471138846,0.3625220462886087,0.8076939794709582,0.4018583556989249,0.4771626351700967,0.7266029014690405
1.0,0.6894169660127107,0.6807458935183202,0.6847344103867443,0.5199483725169654,0.3786558552085456,0.99084030266826,0.3655434318026619,0.8067034942462276,0.4058917946505435,0.4774090740312862,0.7164614891766969
1.0,0.7493782812931746,0.6679237574579648,0.6474040735895125,0.558696828062126,0.3924749866677283,0.9900249376558612,0.3916649062387926,0.8066808723206421,0.40992661361434135,0.4793585456799765,0.7869296599697955
1.0,0.7059961315280463,0.6516673872775479,0.5597151774060654,0.5765976136184321,0.5257610518078473,0.9263698630136988,0.3547155721718112,0.8062277262756766,0.4128726905830923,0.4802845967290337,0.7335133403505565
1.0,0.7416413373860179,0.6397210388945167,0.5158354819297111,0.6003701344283809,0.381755654218368,0.9549266247379448,0.3564350598627357,0.8048805051282998,0.4073175059906176,0.4804437704361034,0.7123243787469681
1.0,0.6919038408400109,0.6280979123537058,0.4725256201539718,0.5973945446740264,0.575142587323295,0.9251483340940216,0.35020068877764066,0.8027264383881053,0.4065351617604696,0.48000482737615,0.6722529861333578
1.0,0.6880353688864325,0.6198542259745285,0.4552630766289516,0.5963248744570067,0.646115559815173,0.8505367464905046,0.3404634756250336,0.8002681271862474,0.4058004956536421,0.4792821696660241,0.6294448766646833
1.0,0.6761536336004421,0.6119273520590967,0.4500569443963736,0.6332751231408492,0.6433194374361616,0.9792170130497836,0.3444772511778489,0.7970790583291737,0.4031164110327419,0.4796408146183354,0.592650221957805
1.0,0.6297319701575018,0.6038807777224042,0.4243996040775709,0.6447413579506149,0.6330537376019578,0.9269547325102888,0.32485544021341284,0.7951824417575138,0.4032293787751856,0.4781208881475724,0.4874467987735114
1.0,0.5976789168278525,0.5942406504884679,0.395713975707852,0.6256166273804494,0.5344637754085864,0.8008658008658004,0.3330795041980064,0.7946009269404705,0.3964820985578917,0.478766355927384,0.5328909432062605
1.0,0.6733904393478859,0.5869194309914276,0.3595459657360014,0.6724943550989627,0.5161650620047376,0.7684407096171797,0.3568428240865837,0.7951394054038771,0.39084068180916864,0.4806947167721231,0.5779598187725964
1.0,0.6626139817629176,0.5825338721398075,0.3549894840689026,0.6608612256417342,0.5453511459491527,0.7841918294849031,0.31580602213717585,0.7953751226471767,0.3809663984573809,0.4773929424570876,0.4914100041188048
1.0,0.5567836418900246,0.5816022858858805,0.3453414604575657,0.6206300566535926,0.5316331329909317,0.7184724689165186,0.24562636023758394,0.7960552436733322,0.3842373172448119,0.4751895300488125,0.3841563315180083
1.0,0.5277701022381872,0.5822303278796224,0.3210793344765898,0.599183240255165,0.5524148169256423,0.7344582593250449,0.24321907747028956,0.7977717371418577,0.3956322133102009,0.4749925607570071,0.38701203606242257
1.0,0.4979276043105829,0.579525658479499,0.27433742227719515,0.6297302393798664,0.5484839089311272,0.6554174067495565,0.28024701668885604,0.798935055330784,0.4029552629788888,0.4781037834808141,0.4755663356368128
1.0,0.4672561481072118,0.5800002851470498,0.2727607268541889,0.6104205186569839,0.557719590155271,0.5204262877442283,0.2404678971648103,0.7999421942582979,0.4110124787838095,0.4747046865030202,0.3994508260491511
1.0,0.41724233213594897,0.5838592853108129,0.2997900415657005,0.5788568120310351,0.5722561035631271,0.6509769094138552,0.2181636854025321,0.7998852837797391,0.4138499831591146,0.4764969666809279,0.3719555169099813
1.0,0.34484664271898285,0.5863436750375872,0.3248464766745905,0.5824575653206487,0.5370597853985185,0.5088809946714034,0.2463583707117205,0.7990353550526285,0.4127668426187021,0.475184147064797,0.3822159168916756
1.0,0.3666758773141751,0.5894267869690806,0.32333410643866684,0.5954574339838709,0.5373606476527056,0.5966754155730537,0.2494927511311773,0.7979343082672145,0.412778627470704,0.4754100911321942,0.34431376138391856
1.0,0.4310583033987284,0.5900078645599229,0.3159787419159001,0.635917607747394,0.557010512798855,0.7773109243697476,0.27313325047040243,0.7976451194547746,0.4164245843026765,0.477460781309844,0.3931902430094731
0.0,0.4142028184581375,0.5831258854734092,0.2689690364154306,0.6760248148070302,0.5387677601722072,0.7126895450917802,0.27644449248092584,0.798487953280186,0.4315732807494129,0.4777409882004089,0.3891538144707336
0.0,0.494888090632771,0.5795132724535341,0.255436090902862,0.6766449185418262,0.5472899986805616,0.7182761372705506,0.25492633223449884,0.7987585342109488,0.4379091387181415,0.4795893574385321,0.3653745823989748
1.0,0.31776733904393484,0.5744561605802305,0.228636480668732,0.6223189227761947,0.5538610987822996,0.5027932960893864,0.23238630501746504,0.7992806273460765,0.4479273288371477,0.4775539142083596,0.3010937714521074
1.0,0.32495164410058003,0.5794512269233043,0.2571201029410611,0.6263141042605491,0.5401414113105765,0.5411013567438149,0.2251398926057116,0.7990167007026484,0.4440059819823709,0.4768987293088609,0.2845270239348314
1.0,0.17960762641613665,0.5798200293009121,0.25310855356126305,0.5796342509742972,0.5425482870899825,0.26582278481012644,0.21472471002068305,0.7989451226005572,0.44267699936051785,0.4758860395891034,0.2347260994920143
1.0,0.2296214423873995,0.5852185153754137,0.262883216223867,0.5525840303983839,0.5464933670617786,0.33790267306374266,0.1445204840112209,0.7990479403335337,0.4381246187287471,0.4690183197527474,0.08755663356368157
1.0,0.2456479690522244,0.587449560103515,0.27449047704968355,0.5659896362822353,0.589058316181581,0.2796435915010289,0.2349016698681891,0.801727582356277,0.4592127760905325,0.4736030617679782,0.2530685094503686
1.0,0.2315556783641885,0.5890961266749324,0.2809653258445681,0.5592288586014107,0.5554782433439921,0.2974640164496232,0.18915838446762206,0.8046997622492209,0.4825920182247442,0.47320450293411104,0.232364651503364
1.0,0.3382149765128487,0.5941666362507978,0.30134214780265045,0.5844772144088265,0.5145166397153554,0.33584647018505864,0.1655915774580076,0.8073771943133393,0.5018072436467715,0.4747681368848061,0.21237471969246274
1.0,0.2597402597402595,0.5962405806755025,0.2826321297179501,0.5989827245213081,1.0,0.3022618231665531,0.17742656559354258,0.8116731504607012,0.5179151684793136,0.4721271944076815,0.2126767653654296
1.0,0.1956341530809612,0.6021368618685523,0.2842010580039349,0.5405845293888963,0.6749022392174574,0.07059629883481842,0.08775282610084051,0.8151962097138078,0.5280261130908325,0.4681592658787941,0.18075145302274492
1.0,0.2395689416966013,0.6123270398894745,0.2731502309648633,0.5178264215536275,0.4110515332366905,0.0230826507818319,0.0,0.8201376421889496,0.5478149204580843,0.4589856544876641,0.0013327328376182429
1.0,0.3489914340978166,0.6272309570612622,0.2991703670908451,0.5310861060395846,0.5215133571906603,0.15287162162162174,0.02110057037863133,0.8223139521149451,0.5538848319669357,0.4612184974223598,0.01263186845569036
1.0,0.26416137054434896,0.6405933491693063,0.33418941534863755,0.4884356397097481,1.0,0.10112359550561753,0.07319613459167068,0.8246421373972689,0.5645717591672643,0.4623483356610841,0.0489676914200937
0.0,0.18872616744957127,0.6535680064441922,0.3947356746847085,0.4560289537876628,0.5847352354629627,0.09143968871595308,0.09306849947678447,0.8253015807484262,0.5666736962204825,0.4642329222883833,0.025418826618016668
0.0,0.19950262503453955,0.6621848576991844,0.4202097534413112,0.46303313322084705,0.4789086257685466,0.049119555143651614,0.1657193108293333,0.8260509755876743,0.5687644187390577,0.4671727428980582,0.12675894681266214
0.0,0.35230726720088384,0.6695367545347404,0.41652145996828815,0.4960209980745853,0.4711124173951064,0.2004581901489117,0.1573675134734141,0.8263129183875674,0.5739383393319314,0.4663276438441274,0.09299175906158892
0.0,0.3904393478861559,0.6714129951005012,0.4100641812928221,0.4667449302483603,0.4724472296419315,0.31729667812141976,0.19790320758146698,0.8258562191061206,0.5738394525735608,0.4700690076331007,0.18894474668870406
0.0,0.40287372202265775,0.6751007288727897,0.42311185890714986,0.4241125148734952,0.4520930315693852,0.35166093928980435,0.27489695355909394,0.8258515651603314,0.5789710984839034,0.4734029800860774,0.2839680462778049
0.0,0.3542415031776732,0.6778528705399709,0.4460383526234401,0.4004207488486344,0.4668316996836816,0.36311569301260027,0.26796987457565485,0.8255301495623516,0.5785790736097048,0.4727790124295091,0.2950095264329823
0.0,0.3907156673114116,0.6823129788943616,0.4682972957132056,0.37118511719016706,1.0,0.3963344788087047,0.24239863620062002,0.8265468932719237,0.5891413545539804,0.4741112239360062,0.2352799393981133
0.0,0.2777010223818734,0.6837725492221192,0.4595817973137824,0.3566132898771681,0.4581414741834371,0.058004640371229675,0.2361888292253952,0.8270807627492834,0.5945911460032505,0.4735214347472867,0.2144709960287401
0.0,0.40812379110251396,0.6921435308213795,0.4651967486679024,0.3755215066773314,0.4729441731109925,0.4521739130434777,0.2195392755552716,0.828809385320718,0.6074749739843031,0.4719187970986953,0.16465808139935267
0.0,0.41972920696324906,0.6921726602802907,0.4319704710580076,0.3331165141671705,0.5059150065661472,0.4795031055900614,0.2591267950223289,0.8303185256086708,0.6137274282457107,0.4756109486980394,0.3228198241627071
0.0,0.4998618402873719,0.6930593279690274,0.421179348689765,0.3265184144688537,0.4970014311278589,0.7602484472049684,0.26859871578833594,0.8317707814381153,0.6215781915148652,0.4764707539186663,0.31756306957739394
0.0,0.4711246200607902,0.6892757980148727,0.3924503559916816,0.3616342309965859,0.4795478021022433,0.6782608695652175,0.34698770320659905,0.8315287926192646,0.6131891451731274,0.4835541420381924,0.5106397631017152
0.0,0.4421110804089524,0.6839319265975212,0.3619438899591511,0.34420736826073595,0.49832329502459705,0.5006211180124218,0.3216031520665785,0.8304484266892891,0.6041180784129793,0.4812732000889814,0.4181989302848749
0.0,0.5667311411992261,0.6804141168768232,0.3231525454103773,0.3634799431601355,0.4075449669115308,0.5962732919254664,0.3096846459574845,0.8294225458006145,0.594141254819848,0.4801839795588331,0.3456603080595921
1.0,0.4871511467256143,0.6760231328315727,0.2900698125148872,0.3210353828442126,0.4774868538085695,0.2697881828316597,0.3302890213167346,0.8296974224905523,0.5971471495480375,0.4784216064741752,0.3923627849321675
0.0,0.5098093395965734,0.6817363671305516,0.28931931929925137,0.33512667660122586,0.4218186280511805,0.5474137931034481,0.2646979351409242,0.8300024856629075,0.6023764647904214,0.4758756889760157,0.270344099350366
0.0,0.4567560099474989,0.6832188581791026,0.2844541575281732,0.35316952667942303,0.4704264019579305,0.4331896551724133,0.280802165571926,0.8306933364115799,0.6095319815578062,0.4737045216327101,0.2725248490691642
0.0,0.44984802431610893,0.6898468215251383,0.30470711709208503,0.3486312260257668,0.4420160603838913,0.3092672413793093,0.24338120059543406,0.8299908541875697,0.6081966506248856,0.4700330318059245,0.1850653077152632
1.0,0.2926222713456753,0.6974612896337096,0.3236768911448097,0.3112534068526145,0.4473427314526917,0.2143622722400858,0.27115338321485233,0.8299796495146873,0.6100774957494486,0.4690294375760004,0.20115694511397306
0.0,0.43078198397347306,0.7075199301080466,0.35674798095969673,0.3373438855897408,0.37796337906324173,0.6752411575562699,0.2511238080265684,0.8304317730231744,0.6149580078039423,0.4670317285748238,0.14428528797373918
0.0,0.5717048908538269,0.7060960170022565,0.337533534106538,0.3758778881800653,0.4432600893318036,0.9882100750267954,0.2518705569666271,0.8316249643455506,0.624380070413209,0.4671335170398196,0.17618162201868556
0.0,0.5355070461453441,0.7000573686088676,0.3123531907313478,0.4061673008812239,0.5109350050478362,0.9024651661307614,0.3324162732315069,0.8327883524594163,0.6360827362498431,0.4712219782047704,0.3490002984183826
0.0,0.4374136501796076,0.6980226636134437,0.2947220561356371,0.3895879485077433,0.4438116346532868,0.6613076098606647,0.3437796304575312,0.8323261668077554,0.6376630646469871,0.4686191784019961,0.3678465670408376
1.0,0.3937551809892236,0.6980219466881432,0.2818369058198069,0.4092432569452841,0.4783893344371704,0.6227224008574495,0.3017307871814649,0.8318760801380121,0.6365266536639035,0.4645027227565596,0.23383375800564696
0.0,0.4501243437413648,0.6982857538609899,0.25953768955128065,0.44914891702628096,0.5237227555592598,0.6066452304394424,0.30960604080589943,0.8316726313466737,0.6321871296809844,0.461578870551326,0.2406170373941192
0.0,0.4899143409781705,0.6962336339928772,0.23318038634612415,0.4764659360243462,0.5504499714412315,0.8060021436227222,0.3012738947378765,0.8322055156165339,0.6395679057390987,0.4607541042754956,0.20625301287790124
0.0,0.4962696877590493,0.6924423024051207,0.21547031265296876,0.4809197771855756,0.5484962322355739,0.6956055734190778,0.3662803550987722,0.8328107237175363,0.6489234016388534,0.4672014061499866,0.3660675343755021
0.0,0.5330201713180429,0.692558613349977,0.2222258342077879,0.4578297169029612,0.5408978923161528,0.8285101822079305,0.4126623073559682,0.8326174847032818,0.6543286212277091,0.4681008703250539,0.4613089089364827
0.0,0.4114396242055817,0.6917444694179582,0.2284248216393408,0.42473271771918797,0.5227944205947158,0.7202572347266881,0.4330750826582296,0.8320144946032503,0.6521432820053497,0.4664245750327845,0.473532584991851
0.0,0.38463663995578856,0.6944518836708871,0.2507244622906193,0.4577734699058173,0.4666098102399113,0.6605876393110438,0.3956786817916079,0.8314224655184982,0.6560913751407671,0.462851311418095,0.3861074765282464
1.0,0.33489914340978144,0.6947559682108353,0.25417164194917224,0.477011693372452,0.4547878306999783,0.5670202507232402,0.37386083940476256,0.8314384935502751,0.6640086525205798,0.4607337279016965,0.3253563804145722
1.0,0.34346504559270497,0.6967898927220864,0.2649763977825912,0.4818764762776614,0.5083596502730621,0.5594280607685427,0.3871500228446221,0.8314263947884325,0.6690732659837266,0.4583786674418077,0.3417234809356564
1.0,0.3020171318043656,0.696235894101223,0.24633977537319876,0.5087601034695863,0.530957529299876,0.5064599483204131,0.41231840981778334,0.8311872464570479,0.6730798780294498,0.4572339805382132,0.3888506301218923
1.0,0.22713456756009945,0.6983590823579884,0.2438347785037623,0.4381121163545432,0.5254330529456825,0.17729908864954447,0.365494303582921,0.8306742291605697,0.6661346028371229,0.4525865217895476,0.2592681863048921
1.0,0.15833103067145593,0.7066507442989214,0.2533664535691489,0.4512586915785159,0.5180138360241606,0.1397238017871648,0.3342634942937572,0.8307060088057557,0.6628143400645923,0.4493722073991333,0.16352179601955816
1.0,0.2022658192870957,0.7183617122257702,0.2792741830987084,0.4217583627956712,0.5311264485379211,0.18555490311215547,0.2975794526133755,0.8312542442896081,0.6568379067379333,0.4454429172581639,0.07665909143080131
1.0,0.2138712351478308,0.7265784063227071,0.2984095118971316,0.4283604879305005,0.4401235859166786,0.11284403669724803,0.32591169693783817,0.8321744223657753,0.6623979485457232,0.444815373275825,0.0998024543549837
1.0,0.17933130699088135,0.7338041554206294,0.3180432830666112,0.44754749563894825,0.4356139000847205,0.015645371577574237,0.3822912419122666,0.8322310982768634,0.6656008019040246,0.447185073062728,0.2216749357403308
0.0,0.3208068527217464,0.7435229918668291,0.35112462325630106,0.4839029184282026,0.4888041526605597,0.3814852492370296,0.3409400193565185,0.831890691074724,0.6688758037150165,0.4427929930275567,0.10664829566506076
0.0,0.2926222713456753,0.7436796522329367,0.3450689325964284,0.5080065078299634,0.5130952231993234,0.3102746693794504,0.45003905693469387,0.8309999833297276,0.6654798723161846,0.4509825815329898,0.3766361402725041
1.0,0.2525559546836139,0.7464584255488869,0.3485424340258888,0.4482772670847757,0.4571224271337679,0.08850457782298987,0.4784646448766634,0.8301137917007443,0.6626865798164486,0.4542053122123085,0.3841343674920189
1.0,0.2401215805471124,0.7528350758681821,0.3675243972625981,0.44087950875064025,0.4650596062578659,0.14038657171922642,0.4680985905113755,0.8304458033972809,0.6654753473102528,0.4531509518921363,0.38315297797692016
0.0,0.2923459519204196,0.7610866018399038,0.3952563831067715,0.4371618545087369,0.4497150729832316,0.2365401588702553,0.4555414175456524,0.8316525515632996,0.6764579676157169,0.4514858278641203,0.4220641457631346
0.0,0.28350373031224074,0.7664865752209019,0.4117437937339613,0.4323552394317881,0.4601945197856941,0.3442188879082076,0.5116605829554554,0.8331778291159583,0.6914522119781914,0.4539123935728594,0.5193227671700156
0.0,0.22298977618126534,0.7715769191434827,0.4302008518522892,0.3586059648977076,0.4916111410125674,0.15092674315975235,0.5041783550889466,0.8341653465252828,0.7010026364227163,0.4529695491850792,0.5222763010108572
0.0,0.21138436032053032,0.7794492694976891,0.4568870640835019,0.35193875950763115,1.0,0.18667835232252372,0.4235785977823521,0.8354613683644995,0.7112163452660313,0.4480288311611716,0.3953887432921504
0.0,0.1953578336557058,0.7859252177541767,0.4753792832872507,0.31262715044793365,0.4510197130695851,0.07624890446976254,0.4468408098295741,0.8362112323621831,0.7156530970186332,0.4468875879706666,0.4392965597570613
0.0,0.2450953302017129,0.7944504615702672,0.4996957286269091,0.4076510859533668,0.4270317831679874,0.008349270021922763,0.4198202889721884,0.8354025042921586,0.7168241144285982,0.4441394208432072,0.3502121552477224
0.0,0.35147830892511706,0.8043417051440152,0.5253403054117555,0.4502476669267789,0.4665059763260276,0.12348668280871615,0.4500980107983826,0.8349455176501007,0.7204120186059773,0.44385341901569203,0.3832210158492447
0.0,0.3744128212213318,0.8085605325090949,0.5369898119214672,0.4215278604235724,0.5369359591571397,0.21670702179176815,0.5292190086907821,0.8350060557091928,0.7271634238219865,0.4489660459210631,0.5497004867090979
0.0,0.4614534401768442,0.8123969073457906,0.547135490884254,0.4790813560356776,0.5043060119768452,0.21216617210682565,0.5364261185267428,0.8347403242680648,0.7300744945105558,0.44977919534610733,0.5661113191064521
0.0,0.4600718430505658,0.8140530126792376,0.5533303780157041,0.477427392498297,0.5022907794574766,0.15890850722311306,0.5721472471002067,0.8333473278386568,0.7270792995271532,0.4500718873346996,0.620699696326802
0.0,0.4901906604034262,0.8185111892630066,0.5719877399652918,0.5158437702539319,0.5051840282937887,0.3386837881219901,0.6298286898977641,0.8322829278677287,0.7286070705694452,0.4528829390865109,0.6851678522401093
0.0,0.43299253937551774,0.8206619746705641,0.5862589806822266,0.4957669835813996,0.5405433462000809,0.1733547351524876,0.6594284422915369,0.8310489788569663,0.7330510991858749,0.4559083935686216,0.7827173179405044
0.0,0.5017960762641613,0.8256155296460346,0.6094360590234781,0.536928290722391,0.5595455247520147,0.5056179775280905,0.6590992832192739,0.8304756412158801,0.7376211555496627,0.45604524584598,0.7646146252027363
0.0,0.4890853827024037,0.8268255342947066,0.6339097494935527,0.5697026543352683,0.5399252753885887,0.4959871589085075,0.6700057480017095,0.8301891913318368,0.7426128947796172,0.4534900024822166,0.7794780652870241
0.0,0.4711246200607898,0.8270211434376322,0.6432243797360356,0.5442546253863247,0.5661523505967747,0.5666131621187799,0.6512928091024763,0.8300150423975364,0.7459063899836431,0.4509365620183439,0.7837364940341439
0.0,0.5338491295938099,0.8260337838929841,0.6446922556144072,0.5651240777482323,0.5411195791159706,0.6227929373996779,0.6452598637183182,0.8293773472333331,0.7520820396907055,0.4504481990039925,0.7627793869057621
0.0,0.536059684995855,0.8232231622766304,0.6311638198792704,0.5675096718375506,0.5370894175834531,0.5839874411302977,0.6518872605613389,0.8270844792288546,0.7502186584104489,0.4513848041995885,0.7443924910289745
0.0,0.5349544072948328,0.8221400146685145,0.6139898883354231,0.5656383571495044,0.5452550110177601,0.6342229199372061,0.6848277318974789,0.8248258060109067,0.7502728967633586,0.4513564594413224,0.7684537458999735
0.0,0.5236253108593532,0.8206727312386097,0.6005564059412086,0.5545768037622885,0.5572722443648814,0.5196232339089482,0.7011383008513921,0.8229923914715697,0.7444725691475337,0.4493944432938221,0.8015419760137066
0.0,0.5529151699364463,0.8192558244578438,0.611121460351307,0.5448895619685465,0.564018102980866,0.6703296703296693,0.6986966283302791,0.8220688933725141,0.7423926461279964,0.4492341337409209,0.7912805585748235
0.0,0.5645205857971813,0.8165829798591693,0.6412827539289394,0.5571645648033151,0.4975061753248954,0.6061493411420207,0.7047787019341782,0.821421345293062,0.7380917585215304,0.4498898348481637,0.805042279987473
0.0,0.593257806023763,0.8147774877990148,0.6707276791957264,0.6070776460405608,0.366127011682258,0.8316251830161047,0.6760927344275824,0.8209351374835744,0.7392894071323248,0.4509272178503054,0.7541681251266555
0.0,0.5896656534954404,0.8102190423179287,0.6662271128400519,0.6278472599899327,0.0,0.8316251830161047,0.6744076364904762,0.8194575858601573,0.7326311717714961,0.450675777549527,0.7552734842762657
0.0,0.630284609008013,0.80439281321246,0.6513527930885337,0.6422711821817632,0.3940195424094724,0.9879154078549852,0.6858446860461118,0.8180067851840979,0.7346724323311381,0.4523763198615196,0.7247103037895399
0.0,0.6244819010776452,0.7964433373868363,0.6412995477460873,0.6380337537993239,0.6770114237628937,0.942215088282502,0.7137102122830374,0.8164078689244242,0.7362695979844923,0.4555124039700471,0.7882424318127067
1.0,0.5609284332688588,0.7886609914027001,0.6344889645790724,0.6106622845370908,0.516560569593174,0.9834162520729696,0.712344447774246,0.8173974277522168,0.7560276948151105,0.4554625601641902,0.7796325871467958
1.0,0.5747444045316381,0.7847367719192087,0.6371381853846115,0.6261297297215781,0.5434498611781265,0.9101497504159723,0.6434126426560677,0.8179526269853415,0.7651698393141629,0.4508581243797043,0.7299006968174798
1.0,0.5623100303951363,0.7808310782260044,0.6332988877467391,0.6492886826135833,0.5748131660663516,0.9001663893510802,0.6671513984347748,0.818826763367475,0.7782656284620805,0.449779097499933,0.7566402869353412
1.0,0.5037303122409502,0.7772010678180509,0.6333872234418302,0.6249587575663614,0.5818502564336245,0.5690515806988351,0.6727078000874481,0.8166566104109972,0.7720072118724725,0.4466043695535093,0.7653125864330259
1.0,0.5197568389057752,0.7766377366443482,0.662895620392229,0.6008156594966474,0.5896058058496313,0.5890183028286196,0.6955917248426667,0.8142126296146052,0.7686272111974437,0.4494663609167723,0.7499486978167573
1.0,0.52694114396242,0.7765013129642204,0.7124056714364411,0.5620065608634035,0.5910993938109464,0.5940099833610633,0.7183724803364301,0.8136687431832025,0.7714031494012926,0.4482867598655946,0.7675492610837439
1.0,0.5261121856866535,0.7756781062246652,0.7497207833063544,0.5591234330285043,0.5838389263935051,0.7670549084858561,0.7016639728026173,0.8143395713411558,0.7833493732679059,0.4451857615706532,0.8196516537649541
1.0,0.544072948328267,0.7732001759229021,0.7799040783832357,0.5818310296755798,0.6115675737122479,0.6971713810316129,0.7292985964067622,0.8156534848147258,0.7971756602377739,0.4482400609823624,0.8701090781140044
1.0,0.5554020447637468,0.7691337990976614,0.7893980562121744,0.5546221262580278,0.0,0.7637271214642262,0.7368889063567003,0.8142908948602979,0.8020195569397587,0.4489444609617424,0.8925404644616469
1.0,0.6170212765957447,0.7655432514154374,0.8117418913131081,0.6112247993680535,0.5297699441607804,0.9547945205479454,0.7484045610639205,0.8127836148283129,0.807410615885722,0.4503575316018583,0.8847202674173116
1.0,0.5446255871787785,0.7598950551140926,0.8238309076615976,0.5517067159566424,0.5038733609193556,0.8851674641148329,0.7677365155318867,0.8111910073457985,0.8173074506890144,0.4486743756660557,0.917690007037298
1.0,0.5100856590218287,0.7586087513350539,0.8449753173239525,0.535686471394046,0.5004564761239072,0.8704358068315656,0.7575571484016133,0.8105731309965917,0.8308747801130391,0.4514633558599146,0.9041959887403236
1.0,0.5189278806300079,0.7600569248215927,0.8904717773241335,0.5534032901560932,0.4419044864743487,0.9128386336866892,0.7403180560946011,0.8097620554332253,0.8423921946636425,0.4531521204623098,0.8940358902181562
0.0,0.42470295661785,0.7599782044265542,0.9198525802669364,0.4569993322739594,0.3648957659582613,0.8751472320376912,0.7272057342458081,0.8091912020650046,0.8463311292306946,0.4521164257007679,0.8583743842364533
1.0,0.4180712904117154,0.7561162244147166,0.936065843779787,0.4983278200583187,0.4793661369302236,0.7611630321910687,0.6886400817493576,0.8083744389542961,0.8442654336323324,0.4519899566277074,0.8029644616467279
1.0,0.5501519756838905,0.7487580222960077,0.9194576195605201,0.6439678771455997,0.7068557583553537,0.6562824506749741,0.6840858957793947,0.8089592258088231,0.8523804080194325,0.4552550331785995,0.7993314567206194
1.0,0.5943630837247856,0.7429517252124835,0.9052160052980428,0.6365591095622226,0.5741589526198521,0.7082035306334372,0.6523490658269016,0.8092160797263915,0.8681767066803713,0.4550849986644899,0.7835151301900067
1.0,0.5526388505111905,0.7403568233433733,0.903808128817223,0.5886343191428668,0.5894007448729581,0.7217030114226372,0.6339112449582165,0.8098406648254136,0.8939392663442302,0.4533367998454878,0.7491115411681915
1.0,0.5440729483282675,0.7381002436599533,0.9103561175134732,0.582531875458858,0.4760164581949355,0.6562824506749741,0.6230342571076251,0.8096198836171152,0.9010877794088278,0.4556973965144484,0.7472290640394086
1.0,0.5468361425808232,0.7348363647123168,0.9077546397319024,0.5849200566696139,0.625822886527083,0.6074766355140191,0.6258050887010005,0.8098791934458135,0.8915561193777216,0.45222514088121,0.7501935256861362
1.0,0.5736391268306159,0.7314419531764179,0.9115271954274892,0.5595840818383271,0.5565100868442883,0.6500519210799584,0.6070282831161048,0.8097102697444548,0.8797438823663551,0.4537982096457594,0.7360045742434909
1.0,0.5786128764852169,0.7277019564256917,0.9168401285929596,0.56401024514675,0.5382777806513089,0.5590631364562123,0.6333364447872505,0.8090891971423463,0.8736134241901269,0.4529696882143196,0.7823715693173825
1.0,0.5799944736114948,0.7262545314904263,0.9360282119761372,0.5651286599283052,0.6783560709184835,0.5987780040733203,0.6451124790590962,0.8075760569479297,0.8782919047322569,0.4543527381255668,0.778764954257565
1.0,0.5675600994749929,0.7236699558922233,0.945369429417068,0.551018559573123,0.5625016156485899,0.6120162932790225,0.6573797955283491,0.8061648250926355,0.8802220137192162,0.4519505822921326,0.7883180858550314
1.0,0.5968499585520857,0.7171002313322048,0.9406944673791512,0.5720870207108346,0.584878215083001,0.5651731160896123,0.6850389832423643,0.8045186527558673,0.8798802552636581,0.4550006828884278,0.8418103448275863
1.0,0.7004697430229343,0.7082638598031004,0.9225626680604428,0.6342354468773462,0.5920136646734584,0.6696035242290751,0.7243071692811067,0.8031158431389992,0.8805945850178717,0.4556471080945249,0.87905524278677
1.0,0.7960762641613702,0.7005680573319459,0.9223414272742532,0.6499691042744619,0.5587920993980802,0.7791371538956854,0.7187704189163295,0.8004911265580549,0.8715762922042795,0.4587505003057434,0.8765130190007037
1.0,0.7441282122133184,0.6907640892031504,0.9054192741736012,0.6582779579932432,0.5421918293039679,0.717159019484601,0.7379107733273067,0.7981208222655057,0.8663990903787603,0.4610725025655752,0.8676020408163264
1.0,0.8223266095606518,0.6841962980281999,0.9057680968838844,0.6917665802742037,0.5796385175489077,0.7283132530120482,0.7376749578725513,0.7949528446981329,0.8547560550320726,0.4613441038685964,0.845197044334975
1.0,0.8068527217463385,0.6756998414328201,0.8887527848003022,0.6870606073419109,0.5996109027640117,0.7024749868351763,0.7467587657026069,0.791916423785132,0.8394876851906855,0.4625641491827127,0.8332160450387049
1.0,0.8275766786405081,0.6697244520794987,0.8846782158813342,0.6622399888963999,0.6176156344698381,0.7393364928909952,0.7496671563112569,0.7898965741105334,0.8289011870371831,0.4633981908019013,0.7989481065918657
0.0,0.8974854932301738,0.6632211512658102,0.8891830650804621,0.6603694005913537,0.6357222023600344,0.8037518037518039,0.7410107639929452,0.7875925318262597,0.817763385783486,0.4620230441099832,0.8114792426522477
1.0,0.8723404255319147,0.6526763555460455,0.879645003228904,0.6268840012472932,0.6331758829949778,0.8056758056758055,0.7554790247065817,0.7869645945396312,0.8219164590711435,0.4640040304586104,0.7926770187919119
0.0,1.0,0.6429913898314554,0.8834708640907958,0.7011484269205661,0.0,0.9554617909048287,0.7697360340753329,0.7861357998053357,0.8251400619635222,0.4649870416545063,0.8524721565980422
0.0,0.9977894445979552,0.6243243583411493,0.8426330015391874,0.6958643306293604,0.5791713365113249,0.9956331877729256,0.7896575271801876,0.7876419342194653,0.8402430954815815,0.4670263753182418,0.8975869051636853
1.0,0.8590770931196461,0.6057460758294471,0.8083020224526528,0.6486619329425457,0.5088070120122523,0.9352380952380944,0.747520253108588,0.7871845109677412,0.8440071001743726,0.4650679842651831,0.8903476206547418
1.0,0.8029842497927602,0.5969851718416015,0.7993023041468825,0.6421535452825232,0.4751462926869807,0.8704948075748318,0.7456189910046227,0.788100297855795,0.8555333151981833,0.4654927968184298,0.8446760040499492
1.0,0.8248134843879523,0.5912957877083429,0.8094854275182687,0.6698578173404479,0.4811800237178069,0.9706780696395844,0.7186770752988221,0.788246893624761,0.8648738471665273,0.4614339633236485,0.8656176172797836
1.0,0.7833655705996125,0.5809985982447707,0.7969003005721299,0.6629968910103256,0.4264912766330552,0.9936183790682828,0.7022977268372728,0.7888098083965981,0.8783150078325593,0.463067662241887,0.863609517381033
1.0,0.7654048079579991,0.5703965434920342,0.7911712506791243,0.6979003284217785,0.4674757705659587,0.9871668311944723,0.7237028921782959,0.7879216923689382,0.8846255687409016,0.4616332997429277,0.8780037124535941
1.0,0.7258911301464492,0.5582232498176964,0.7720740180137899,0.7047541156873696,0.4798673419790437,0.9910775566231986,0.7354297982304017,0.7853745913167397,0.8815731074012237,0.4628315827786735,0.9029109011137364
1.0,0.7079303675048354,0.5459774287955375,0.7539447555864276,0.6974132324119251,0.5665205584166271,0.9261838440111421,0.7507135873917337,0.7839821965925061,0.889809232631286,0.4647518034603311,0.8877489031387108
1.0,0.7181541862392925,0.5339124673136468,0.7238868021840298,0.6644791869748156,0.0,0.9498607242339834,0.7131403249340453,0.7812824537018513,0.8902212384973475,0.4643382284962299,0.854463381707729
1.0,0.7305885603757943,0.5210329185801834,0.6837608195911051,0.6785108004625233,0.562342015892133,0.9909407665505232,0.7484045610639207,0.779812182538235,0.9016540706578638,0.4644862967607272,0.862867026662167
1.0,0.6662061342912406,0.5043120506160585,0.6219822049340735,0.6746051589102688,0.735005995175227,0.9776751347190152,0.7509985310662297,0.7779835167060919,0.903488780498914,0.4646800481024967,0.8725531555855551
1.0,0.5990605139541307,0.4888105929937945,0.5624431355517574,0.6356897372596759,0.7083522042811328,0.9614112458654912,0.6930075804843059,0.7779484618400346,0.9172628291827288,0.4627172367660234,0.7918157273034089
1.0,0.5393755180989223,0.4776361339022806,0.5202028019623959,0.5896942073267152,0.0,0.8339920948616595,0.7033687220276199,0.7776891143417081,0.9224657282184541,0.4634574386610405,0.835791427607155
1.0,0.5915998894722299,0.4722191766485246,0.5060569482650551,0.5962699156434871,0.5532787972981502,0.954545454545454,0.7065620563107655,0.7770084212788736,0.930733353226659,0.4639699529716567,0.8235993925075938
1.0,0.4907432992539373,0.4641864396083615,0.4843301267126238,0.5409212558594514,0.5024123136556701,0.8082706766917298,0.6865668708762998,0.7783126188570614,0.948190393014396,0.4657301091467372,0.7970975362807962
1.0,0.48742746615087,0.4623742237363948,0.486593515613874,0.5373485317550748,0.468993973017089,0.6992481203007526,0.5976497059676047,0.7794602291066853,0.9643283717850072,0.4589411965982269,0.7539402632467094
1.0,0.4783089251174354,0.4609853950164067,0.4947910882620952,0.5753420574188322,0.4749669908405725,0.6898496240601516,0.5778166436582839,0.7802158020557205,0.9723774268804052,0.4573061642114344,0.6913094836314548
1.0,0.4216634429400384,0.458570927338136,0.4984867958473742,0.55347447502139,0.4879667742361496,0.3778195488721819,0.6134444286142402,0.7785091479164422,0.9686560750136732,0.4574535872771444,0.7343570705366181
1.0,0.4943354517822599,0.4588026628619424,0.4975548266311571,0.5961944465189147,0.5012196430053516,0.5563909774436085,0.5984701472372744,0.7773373775145612,0.9698668208405284,0.4560778196464077,0.7037293283833947
1.0,0.4633876761536331,0.4561562001513882,0.4898995452542026,0.5581431183266894,0.4505864072976976,0.268796992481202,0.5886887186869009,0.7760793250918064,0.9728619437853242,0.4588746726866637,0.6888288896388793
1.0,0.4821773970710138,0.4582907593503589,0.5015708329566522,0.5337644738454123,1.0,0.3101503759398484,0.5861537025482808,0.7747862233748392,0.9723164979352568,0.4588806577440934,0.6579311508606142
1.0,0.4451505940867639,0.4599138542880497,0.5115458308222565,0.5330219226135534,0.5116871906835008,0.16541353383458582,0.6331251934423653,0.7736557888632035,0.9705744382193109,0.4603432279898161,0.7298768140398247
1.0,0.4888090632771484,0.46400353891891705,0.5280479196338485,0.5442438880091505,0.4738685387108114,0.3090551181102378,0.6196787996993354,0.7725137227798652,0.965703687230732,0.462735350153608,0.7112807964900442
1.0,0.5064935064935061,0.4657732757387098,0.4966366694238311,0.5723093036660626,0.4720700285562521,0.5266903914590745,0.6810448589774449,0.7716330200163791,0.9624802877083576,0.4658150156880052,0.8018140398245017
1.0,0.5468361425808232,0.4672504099627686,0.4785106003025484,0.5938645283625091,0.5321687156962415,0.7366548042704641,0.6972817356017469,0.7697535395064047,0.9512693721743904,0.463848496315374,0.8291765102936214
0.0,0.5316385741917655,0.4651463355675509,0.43760627761866855,0.5627413892860806,0.4729909622206852,0.7508896797153036,0.7302418582257835,0.7677476362221841,0.937966252428042,0.463775359388809,0.8631370232872091
0.0,0.5913235700469737,0.4633898573989657,0.4285585000284244,0.6022025020132913,0.5387120732893176,0.9056939501779356,0.7324821050459593,0.7657323115600038,0.9255618312296421,0.4641898157518994,0.8515693553830576
0.0,0.5700469743022933,0.4592509260862363,0.40521184962634293,0.6200688322701418,0.468047792114091,0.8185053380782922,0.7469798426914405,0.7634584289089689,0.9190125294592076,0.4657244068693556,0.8819946000674994
0.0,0.55705996131528,0.4572495399656849,0.38572715689670095,0.6417979024253961,0.4789956096347732,0.823825503355705,0.7740249276586961,0.7606242936330628,0.9144570862588008,0.46500994963044,0.8936044549443128
0.0,0.5482177397071011,0.4566541017163821,0.3872527507890564,0.6256059761868671,0.0,0.8456375838926171,0.7991392735901427,0.7570855118706127,0.9033127350595046,0.464072089353639,0.902708403644954
0.0,0.5125725338491292,0.4563043301884231,0.397811465681043,0.5690213995117595,0.39687691887631,0.981543624161074,0.7967860318645632,0.7564684918889516,0.905829263419162,0.4641989180089681,0.8784864052123793
0.0,0.4343741365017957,0.4541337742634137,0.40603259414193815,0.5213220920241385,0.4171919396886647,0.7239057239057237,0.746621206687333,0.7562439338994519,0.9116807487596332,0.4570103024475989,0.8847429311280954
0.0,0.4285714285714283,0.452721481769145,0.4065606826161319,0.513336791562081,0.5207954336812236,0.6851851851851843,0.7479427557983579,0.7558106569226023,0.9164373994814996,0.4574112172180181,0.8666583134945495
1.0,0.4100580270793034,0.450559808953156,0.3954905132808712,0.4853719572659545,0.5123122390044664,0.5033670033670027,0.7627893038039978,0.7532406445618881,0.9110668352307141,0.459169569196796,0.8613289896838323
1.0,0.4288477479966837,0.44985546268862175,0.4003673261655706,0.509262953724055,0.5305154341332512,0.6397306397306395,0.7659531611552991,0.7512394256835307,0.9056372268162364,0.4556960320160098,0.8659566470367119
1.0,0.4288477479966841,0.4472327404499772,0.4011089645272146,0.5090414315334049,0.5186155461724042,0.5622895622895631,0.7907923890561974,0.7492953615396712,0.8997662799127085,0.458348387561993,0.9120995698116356
1.0,0.4589665653495441,0.4442235788554256,0.3934095098046697,0.5023458888814045,0.5405887981613744,0.6094276094276104,0.7957346879621124,0.7468468141597314,0.8949986643862571,0.4591964034748742,0.8935471745395317
1.0,0.4987565625863498,0.44015461119832255,0.36918496662118105,0.5050517554593233,0.5383828123148658,0.6750841750841762,0.792570830610811,0.7443783081597394,0.8916472951730253,0.4591376163080678,0.8740675771624272
1.0,0.4708483006355345,0.43682209684684414,0.35004804253355026,0.4691673974500526,0.5544583745613536,0.3922558922558921,0.7768498002937869,0.7422794776830987,0.8924870700363537,0.4615371143499717,0.8484400451071298
1.0,0.4169660127106933,0.4355256740221778,0.3443156389601839,0.4469238771397121,0.5267298022170488,0.3232323232323237,0.7453733499059195,0.740579811774717,0.8912077113298249,0.4588766913125453,0.7811552437037967
1.0,0.4586902459242879,0.4353230299673745,0.3411974559223465,0.5024062641260961,0.5534298776369081,0.2457912457912449,0.7543687269404417,0.7391818890559144,0.8870108501748807,0.4560805496501785,0.7954141085077058
1.0,0.4959933683337936,0.4357694960219387,0.3328452291874153,0.49664389523524105,0.5016035570056014,0.3417508417508421,0.7402885791627569,0.7380210727262452,0.88781626737308,0.4585025421264403,0.7755299293427546
1.0,0.4296767062724505,0.4357088155990023,0.3215706941413574,0.4707178982406788,0.5344350623981735,0.23232323232323165,0.7533615984357571,0.7364047909095358,0.8821645841919373,0.4561770238176062,0.7966771097187038
1.0,0.4672561481072118,0.4436580713790854,0.3489658195522925,0.4615957584730847,0.5561559049140528,0.26767676767676835,0.7637718681988118,0.7348533637801417,0.8795393012620688,0.4574850778382789,0.7924244054664799
1.0,0.2777010223818734,0.4495009733634783,0.3703028051998412,0.3695945893394365,0.4013287871823257,0.3579075830698396,0.7584365435349718,0.7326991610095134,0.8715827712639473,0.4566798578973828,0.7956148182123464
1.0,0.2981486598507873,0.4582934894048645,0.3966565196359285,0.33652854753154426,0.2779427902085759,0.2813825498650396,0.7630840731224421,0.7318442435561171,0.874365284853056,0.4575135710715771,0.7773746242618329
1.0,0.2782536612323845,0.4613629866314752,0.39224674749844496,0.3162833309523487,0.19628055021951765,0.16833175588039406,0.7413890512849484,0.7302290784038875,0.8758424662633372,0.4583339617046509,0.7741607737950091
1.0,0.2619508151423042,0.4680764332167011,0.3915738587686579,0.30825651028405504,0.3447872565657019,0.1928699127142696,0.7471812683923775,0.7283051862203817,0.8776601837351165,0.4592243863072604,0.7603023652767621
1.0,0.24675324675324656,0.4760347575279771,0.4061469800470834,0.30140245276781513,0.41526224233121545,0.2314298734532197,0.7939120310097321,0.7258171762608464,0.8754172790584093,0.460818270607445,0.7980283956536929
1.0,0.24316109422492355,0.4818004534270022,0.4170227091109863,0.30019496728939105,0.41223227680163854,0.2708661969362349,0.8020329257328702,0.7230383733834632,0.8700763310857057,0.4616067925613563,0.8247556493861914
0.0,0.34899143409781697,0.4862800367987154,0.4176245342950061,0.3276757733371366,0.4313987752577493,0.4549023731903108,0.7984072631160062,0.7207438884332623,0.8604330946398691,0.4617606886211529,0.7938773295295976
0.0,0.3951367781155015,0.4863602733509806,0.4015907979693349,0.3110529625003898,0.4387840651465009,0.56707680443089,0.824450132400552,0.7183740293797499,0.8512630509560221,0.4609510941393451,0.8206560256370748
0.0,0.39099198673666696,0.484671598986224,0.3807473801542219,0.3557469085172248,0.4006665333018765,0.565324078942755,0.8147718731116341,0.7160328222777733,0.8437383896351233,0.4601095907690204,0.8088527402413698
0.0,0.4050842774247025,0.4839519638465475,0.3643790173241901,0.3666048742147261,0.41332849611796996,0.5293932064360074,0.8564866444934633,0.7143376583176412,0.8465301831801456,0.4611187515828205,0.8530054603765932
0.0,0.38795247305885583,0.4816229797749969,0.3395681759953554,0.3556405718447078,0.3912065352986304,0.5407859221088795,0.8212174955416139,0.7130819408378174,0.8527956774125166,0.4614943698845431,0.8083552700069899
0.0,0.44017684443216337,0.4786402188768035,0.316120094696882,0.393509345093589,0.3782423823768625,0.5004732358817957,0.7804705500886765,0.7127829694549627,0.865816409767386,0.4606398535750033,0.7700144261514897
0.0,0.4620060790273552,0.476793835744936,0.30331566690899064,0.4083203171135542,0.3437500455040346,0.4294878536123665,0.7634623604144455,0.7126001466195261,0.8751999918324463,0.4625420857758651,0.7531417778372669
0.0,0.3835313622547664,0.4782861718193416,0.3095864877469471,0.4064530260710314,0.3773862823275558,0.3374697654853292,0.7447985497349532,0.7116770440393948,0.8780605646164369,0.4644129841475014,0.7300673716146879
0.0,0.3594915722575295,0.4825127780778062,0.3199058579220237,0.4380658514448903,0.3275330746492088,0.2787534616328384,0.7128259043277048,0.7104202411547013,0.8811470759702106,0.461453483386845,0.674534124540817
0.0,0.4445979552362528,0.4867107910093311,0.3274883131530445,0.4467485783029909,0.1883811017337608,0.4137133242191608,0.7099420778289256,0.7095665368082703,0.8869172400002022,0.4612952653644205,0.6628890971013846
1.0,0.3998342083448466,0.4884431551938755,0.32855556268110603,0.4132701722453514,0.2781157467144472,0.24106986363795696,0.7154493512618583,0.7090125674123072,0.8978477421953975,0.4617151285749668,0.6828403158881006
1.0,0.3594915722575295,0.4953295103418927,0.34349038344527283,0.43215667117932594,0.2547470798697809,0.17271356960072898,0.6916221646876182,0.7088166829055694,0.9014132630428552,0.463092616204305,0.6493627210398727
1.0,0.4161370544349264,0.5050143432326766,0.3691174983803849,0.42329668607126936,1.0,0.3260770498124582,0.6990749156222825,0.7086073005518746,0.9051918951344614,0.4638058047441489,0.6700575558827468
1.0,0.3827024039789996,0.5130371695746003,0.3748895251736899,0.4431662634383277,0.3729978627904377,0.22529533424475,0.7029413065158756,0.7081134006158846,0.9063284405537868,0.4641567075681794,0.6816728386799329
0.0,0.5161646863774522,0.5230562756997339,0.3992471243130957,0.5612598199647428,0.5389144064177853,0.7128335451080045,0.6636485563672627,0.7072659135433651,0.9104302984834246,0.4602838481332465,0.6174839007123841
0.0,0.5542967670627241,0.5230350454012453,0.4057683130557369,0.5936297902343066,0.5014034048923648,0.7208387942332888,0.6694456862966656,0.7062905189539167,0.912998208802096,0.4571962655257187,0.6243846577135295
0.0,0.4877037855761258,0.5227109069822162,0.4199049737269984,0.5783239045839587,0.4460935450759155,0.6461336828309306,0.6954983812251596,0.7053710461752908,0.9220234698518244,0.4565931040177682,0.6545308526301701
0.0,0.4611771207515884,0.525214383348553,0.44547410630646816,0.555314939026772,0.4512901730795549,0.7601572739187403,0.7121184579634385,0.7040247922190799,0.927590041899506,0.454813910249543,0.6784083641933996
0.0,0.4830063553467806,0.5249592683982383,0.44501133452266106,0.573861328927746,0.0,0.8899082568807336,0.7444153496209754,0.7028426514527774,0.9345919886979812,0.4549567298841836,0.714719136215589
0.0,0.4951644100580268,0.5212087993424543,0.4340355724256292,0.5846559749014625,0.3852453816305346,0.9722955145118742,0.7938923797218357,0.7009120309541589,0.9329669309354476,0.4609625164895775,0.790657207870432
0.0,0.4412821221331856,0.5165627903293206,0.4255210461362166,0.5871533807534215,0.451258240183824,0.8179840464104429,0.8189035563918269,0.7002668140659829,0.9434565395401644,0.4602233794049602,0.8056038905992058
0.0,0.4034263608731693,0.5150003445308002,0.4338405231321464,0.6053856605093153,0.4677604677582661,0.6916996047430827,0.7455354730310635,0.6993830154269814,0.947286458323412,0.4549836871021323,0.7430657802763274
0.0,0.39651837524177935,0.5142358994448557,0.4514156699506207,0.6000217644735585,0.47745754858272405,0.6784363177805807,0.736112680484797,0.6992532814278062,0.955772709073717,0.454144843233688,0.7242374217344101
0.0,0.3628074053605968,0.5132225446707805,0.4683155810448438,0.6215408232656787,0.468194914419179,0.510297482837529,0.7535188087389275,0.6979066588310355,0.9558982798674032,0.452456303819388,0.7450289266645845
1.0,0.3520309477756285,0.5131826885379915,0.483361292104781,0.6143010222594887,0.4804109142229715,0.5507399577167023,0.7241008307581958,0.6961279257807672,0.9577949976333898,0.45338593057446896,0.7005978673091507
1.0,0.2981486598507873,0.5109142462891287,0.479636283985303,0.5422318125866608,0.4058352472765905,0.29183673469387755,0.7394091840293979,0.6949838100428537,0.9640228089633964,0.4514785380973498,0.7068144975386307
1.0,0.2765957446808508,0.5118887091301474,0.4612057497825616,0.5023880671856059,0.4329876303074248,0.12857142857142914,0.678662140320021,0.69327838613158,0.9722975547732688,0.4486724722065572,0.6261693362483082
1.0,0.3296490743299248,0.5154534031957996,0.4521762757988738,0.4947371671751899,0.3992230688926409,0.31122448979591816,0.6771833809058261,0.6918669987292329,0.9868477186066468,0.4488395132136093,0.6046119067802912
1.0,0.3652942801878968,0.5169419401010211,0.4406365433612481,0.4943028598467814,0.36706742911615575,0.3316326530612245,0.7428530722332212,0.6903184980780576,0.9947765258378728,0.453409783137005,0.6848555154002883
1.0,0.3144515059408675,0.5177348570616909,0.42981437868423067,0.4657003243044697,1.0,0.17448979591836822,0.7499226230539083,0.6887945505478056,0.9993481556763624,0.45424321411719104,0.7016512734396866
1.0,0.3163857419176565,0.5217169983049756,0.42440278503007467,0.4684453966637732,0.35162543402219515,0.1387755102040816,0.7240222256066107,0.6877577748218858,1.0000000000000002,0.4516758515377052,0.6582924565822619
1.0,0.3697153909919865,0.527678713060054,0.4235113842043557,0.4930661316991941,0.3378499111559394,0.20816326530612314,0.6977189767574392,0.686958273029073,0.9959127423451728,0.4526937317894067,0.6204943509066538
1.0,0.3252279635258358,0.532803791624606,0.4239345772793457,0.4997303207348382,0.416208942535969,0.0892655367231646,0.7529489213899356,0.6863224569355727,0.982280674706301,0.4597909780205928,0.7088535880098007
1.0,0.33241226858248096,0.5423019508211488,0.4528520671789813,0.4566353498446548,0.4563976089802301,0.05213270142180069,0.7207404605279317,0.6857612138771564,0.9743658550575052,0.4564938447257994,0.6561573382581247
1.0,0.3216358109975128,0.5499367657352416,0.4772803011114905,0.44967887069557133,1.0,0.1935483870967742,0.7352283725294646,0.6843697629350155,0.9687068970855492,0.4579607508267807,0.6968383721700232
1.0,0.3224647692732796,0.5541607454065691,0.4894742523272375,0.4478137037735928,0.5119426696785929,0.0012903225806458216,0.8268426767019244,0.6832387937931613,0.966063831882398,0.4662831692850841,0.8001486266748095
0.0,0.4205581652390163,0.5600060752187865,0.4976704458377853,0.5097609827545293,0.4838557536989649,0.008403361344537353,0.7448280266667975,0.6809784727677589,0.9571963580651212,0.46093726911585,0.690024205970806
0.0,0.4597955236253105,0.5632233309219571,0.4972795604430808,0.5535302254325343,0.4861656794669122,0.2719141323792485,0.8147718731116342,0.6799418837522256,0.9616747755270872,0.4666729819805314,0.7895254162693468
0.0,0.4874274661508704,0.5658065935620116,0.5114180372595347,0.5359237976690621,0.4610180464224977,0.3076923076923081,0.8779360252322537,0.6785737209628132,0.9745293756588064,0.4715304719320592,0.8796554800828921
0.0,0.4617297596020999,0.5673456307714453,0.5280177416536154,0.5056164975314325,0.4459276166096777,0.33273703041144953,0.8673292425902359,0.6768605700912128,0.9817969602106016,0.4694921017578267,0.8800296454064008
0.0,0.4774799668416686,0.5682740292987774,0.5383661759008259,0.4726535150509236,0.444366597857034,0.3720930232558144,0.8611194356150116,0.674919946239848,0.9817969883862382,0.4689320338247995,0.8682938061247986
0.0,0.5523625310859348,0.5676389983099623,0.5443324959555109,0.5004012652703567,0.4767527758996039,0.5831960461285002,0.91314130749844,0.6723598449882352,0.97217325326752,0.4722560654413653,0.9300454754777802
0.0,0.5730864879801049,0.5639013941163957,0.5279102787265083,0.4698043480417394,0.4376075703826019,0.7013888888888896,0.9162511238080262,0.6691681160927413,0.9687328891017448,0.4727762324500819,0.9266204236702736
0.0,0.6186791931472779,0.5593022684814544,0.5118156099668246,0.45476066090102,0.0,0.7787081339712926,0.9239986440611352,0.6659643249522625,0.963025872032728,0.4739355905725264,0.9233608680635504
0.0,0.6954959933683335,0.554181858248292,0.4878276589262946,0.473472679109905,0.4067606463451344,0.9170560747663558,0.9339471085586272,0.6631424759754126,0.9633817445953198,0.4753154266470256,0.924644275197468
0.0,0.6744957170489081,0.5479070293173074,0.4663785664342618,0.5115143952488794,0.4763405173273621,0.9630931458699472,0.958535782538848,0.6603415373645697,0.9583459346089246,0.4785004923308535,0.9861686819441166
0.0,0.6289030118817349,0.5453365788147782,0.4632390111696161,0.5170142909759096,0.4513452866910296,0.9285714285714284,0.9515595753356684,0.6578417904305971,0.9457839660671676,0.4781910581307745,1.0
0.0,0.558717877866814,0.5433435415385528,0.4615052170241323,0.4869069675444777,0.4410546534962982,0.916666666666667,0.905831028401024,0.6552438157395691,0.937204522251424,0.4772593682276709,0.9925596169493652
0.0,0.5407571152252002,0.5414122777577259,0.44875716493972384,0.4740631280626794,0.4619609105031494,0.8168498168498168,0.8970812924652046,0.6533060113438832,0.9247854813191208,0.4763769996621151,0.9956135113403866
0.0,0.5385465598231555,0.5404748294904391,0.4405019232359657,0.4715483092424861,0.3826607079875899,0.8443223443223441,0.8768257274661134,0.6509610284215449,0.921699252678436,0.478094491086033,0.994016399497673
0.0,0.4810721193699912,0.5394899292980269,0.4386889035777284,0.4712837109973115,0.36702667821244106,0.8058608058608054,0.8605790251978639,0.6487246488104091,0.9138366934275528,0.4767280615230829,0.9675953335946168
1.0,0.436308372478585,0.5399893717152249,0.4559646242941032,0.4840872312040471,0.4164524038125911,0.691391941391941,0.8354892433762875,0.6462072002299725,0.9081298570836224,0.4740558653454465,0.9248315232294358
1.0,0.4448742746615085,0.5422204289634429,0.4753309436179997,0.4913090645033454,0.3837189321062648,0.8113553113553111,0.8140889908572383,0.6439587971843103,0.8929255858076129,0.4720773582002246,0.8723834966357764
1.0,0.41392649903288176,0.5412026251413886,0.4773496898695273,0.5163163871027674,0.0,0.7930402930402926,0.8484885703196773,0.6416495610957907,0.8720576473703122,0.4733836203359277,0.9235105957616956
1.0,0.4937828129317489,0.5392505260612517,0.4751929116711469,0.5334971177406396,0.4892289202813184,0.9270386266094414,0.8675650580449915,0.6397974050007272,0.8567207565440692,0.4723693616608308,0.9441663334666136
1.0,0.4686377452334898,0.5329007966706627,0.4638629301165568,0.5119290196587124,0.4426081719765725,0.79656652360515,0.8802106618062482,0.6383929742536602,0.8479173697226766,0.4738947356477839,0.9889036732389828
1.0,0.38905775075987803,0.5295554807203393,0.4546858458377385,0.4860637309580285,0.5252154653777104,0.649785407725321,0.8432515020953186,0.6364421955789051,0.8380701338026452,0.4729943344879925,0.9410910850368944
1.0,0.3948604586902457,0.5297226894227176,0.4488027802328919,0.4911640660652269,0.5310234941943605,0.6849785407725322,0.8177834329817388,0.6348424967638343,0.8281991892295265,0.4707973868104359,0.8720535462279748
1.0,0.3821497651284881,0.5276227893151539,0.4238674286918515,0.4763591183960858,0.462244209712757,0.6163090128755355,0.8122565082609101,0.632366615792089,0.8197960816036359,0.4693608604423616,0.8807306157009801
1.0,0.4260845537441279,0.5256003616903508,0.3977279584040088,0.4693217466529734,0.5147460768586413,0.7081545064377679,0.8473094930459002,0.6295725948376033,0.8129610851598897,0.470822646039065,0.9051489859279868
1.0,0.4517822602928984,0.5218977691534881,0.3642821411025961,0.4959093972043208,0.5388932338671863,0.6781115879828328,0.8508565505111791,0.6263073462234215,0.8063399522579734,0.4721994442533105,0.8755400882995275
1.0,0.3937551809892236,0.5178091327160139,0.3338187787596885,0.4831643000847118,0.5083284554680679,0.5296137339055793,0.8507877710035419,0.6234080267909482,0.7999686793311135,0.4720531977539174,0.8827285125446661
1.0,0.41337386018237066,0.5185149641725633,0.32301156396356545,0.5059305703137225,0.4777796706260534,0.4978540772532184,0.8269114562095613,0.6215703318834173,0.8015111805830423,0.469924789443708,0.8246489550555808
1.0,0.3619784470848299,0.5193924646722505,0.32515653663023225,0.4971206553668644,1.0,0.3819742489270387,0.781349945222035,0.6194077107808204,0.8036967074758,0.4681673948479828,0.7604008733094794
1.0,0.3183199778944459,0.5243173083432706,0.33621301594377,0.4264960853672537,0.4745931284712482,0.2412017167381975,0.7873239367425042,0.6184748187357493,0.8058705999399288,0.4693250781647776,0.7539330830405309
1.0,0.3227410886985353,0.5325560852668678,0.3634974002905998,0.4308011711238141,0.4764604448861899,0.028636884306987388,0.7412465794477006,0.6170803849257877,0.7995944972513046,0.4666691534255252,0.701857522855802
1.0,0.3440176844432161,0.5413742879925181,0.39572571903809495,0.4513808193444586,0.4456758902247552,0.035308953341740335,0.7077460464065162,0.6166360436915799,0.7972095387618695,0.4627765548943085,0.6380773558054109
1.0,0.3995578889195909,0.5491100520753687,0.4276383609416195,0.5140184958112635,0.4325202544139103,0.3392181588902894,0.7825339353177858,0.6157592781880411,0.7991810875698283,0.4748010222703321,0.7650742267890235
1.0,0.3923735838629453,0.5547795574768903,0.4550389603759306,0.5003443357021677,0.4613281154624518,0.28373266078184084,0.8242094041238227,0.614459884476536,0.8040844435193356,0.4779079526310375,0.8165166506763538
1.0,0.3420834484664267,0.5609668214086001,0.4807554841168301,0.4457479228287826,0.4543811601744393,0.3316519546027734,0.7772870414494788,0.612307777232625,0.7968081421047676,0.4723599441865202,0.7380127580726669
0.0,0.3992815694943355,0.5664288037603771,0.4950989467776423,0.4658520264747954,0.3860787348528941,0.5244498777506116,0.8638951800303613,0.6103433620985393,0.7873248220839476,0.4834134493804722,0.8538900403541797
0.0,0.44929538546559794,0.5670403712705621,0.4902363384739844,0.4894114851694722,0.4540120332799346,0.5696821515892412,0.9279682042161836,0.6079614297611909,0.7734816714484606,0.490731668531457,0.9346230293984692
0.0,0.4810721193699912,0.5671742999878873,0.4896818235390439,0.4833339390486757,0.4273910648063948,0.5961538461538451,0.9447012758598664,0.6053688256757218,0.7648478762207549,0.4897761837251736,0.9547936653726652
0.0,0.5048355899419724,0.5663438254356999,0.4863184431328634,0.5215582561729579,0.471068979729087,0.7435897435897426,0.9363249143940772,0.6026353756669619,0.7526159318390816,0.4890613983330037,0.9357403871595192
0.0,0.4943354517822599,0.5632689780970308,0.47402323718157396,0.5075313389341355,0.5012760644796128,0.6233974358974351,0.9758190902436268,0.600748398269712,0.7536943783170325,0.4921337423990893,0.9766032357527394
0.0,0.4943354517822599,0.5606278875213022,0.4509125226308666,0.5078229502205878,0.4752461581161197,0.5256410256410251,0.9733528536126436,0.5989324207192391,0.7526641923843913,0.4902680518001351,0.9966251225318584
0.0,0.5482177397071011,0.560319911766417,0.4510821332079912,0.549360155864979,0.4234253844852557,0.7131410256410251,0.9248976904823901,0.5982053254493284,0.7580819883720237,0.4882654898504808,0.9306189609298424
0.0,0.5180989223542415,0.5589613098329722,0.4530917012199353,0.4883162300938693,0.4772847099572629,0.7451923076923075,0.9250254238537158,0.5967070694622661,0.7566493311472007,0.4868781149531856,0.9560495728889512
0.0,0.4766510085659018,0.5584047124502602,0.4630893343011157,0.4763833531584392,0.4463996564935628,0.6907051282051274,0.9650698357643612,0.5947924766040783,0.7585371755065359,0.4900544623514469,0.9988166923400088
0.0,0.4465321912130422,0.5578854570415248,0.4736854088138758,0.4854403009528662,0.447614748589118,0.6073717948717949,0.9543746223268104,0.591903131391578,0.7586077135498634,0.4891059718362055,1.0
0.0,0.39568941696601256,0.5587656682703543,0.4880467673652333,0.4600211945490261,0.41494206914935616,0.40224358974359004,0.9413359928076288,0.5895008130961633,0.7578024690066025,0.4876390195896406,0.9985228519195616
0.0,0.3583862945565069,0.5609078538283399,0.4982815822909478,0.42000285349973576,0.3747398211342186,0.38918918918918827,0.9345464728394636,0.5871218749074313,0.7562890261037697,0.4868455804419333,0.991483087215828
1.0,0.3539651837524175,0.5625165537686192,0.5057490258858981,0.4105391248374815,0.4199756710918629,0.24324324324324265,0.9371158787319022,0.5844189239264143,0.7504953678178349,0.4874986782581773,0.9961218179256542
1.0,0.36446532191213,0.5637991021652493,0.5072606122066452,0.4216915911621226,0.3843904913476426,0.3019607843137256,0.9048926794039764,0.5823320119892199,0.7493946687618408,0.4841212309101892,0.9505720374204664
1.0,0.3904393478861559,0.56553682188649,0.5162851561750135,0.464152741888351,0.4157501368301009,0.2941176470588233,0.8977789131855226,0.5802603165038059,0.7466540632577293,0.4815710549027525,0.994210452396186
1.0,0.3843603205305332,0.5663308736443968,0.5097383328654063,0.4578840458944318,0.38501896913200734,0.3202614379084969,0.8951898560051879,0.5786922317361837,0.7510884267073108,0.4819051081888043,0.9748865070839968
1.0,0.4155844155844154,0.5668597737166579,0.4959442906208065,0.45125097964003,0.3798258115680024,0.32810457516339914,0.8826474215053868,0.575891757221847,0.747841196842145,0.4837169681895224,0.961377125787002
1.0,0.4611771207515884,0.5668606636521163,0.4786556290247805,0.4549990800402352,0.5300289463266885,0.3228571428571416,0.911721501947934,0.5740883060445411,0.7528413222537615,0.4850199843822594,0.9800534730008392
1.0,0.4559270516717322,0.5668900687237695,0.466853402781683,0.4991303860981425,0.5714545479511141,0.34136546184738925,0.9089555831765326,0.5720801182921559,0.7497857730064388,0.4835918290475364,0.9956640399769368
0.0,0.5153357281016853,0.5676512980473265,0.4650715097234563,0.5751669854564413,0.5568654825882041,0.6358768406961179,0.8942367685422182,0.5705548912907318,0.7463000865768905,0.4855106078307891,0.9955577182682952
0.0,0.5299806576402315,0.565614150173658,0.4519869852587332,0.5912649840835793,0.5229943001573345,0.5809906291833989,0.8828881497821163,0.5674009982159626,0.7295015138708683,0.4843186377721237,0.9811441937913812
0.0,0.4445979552362528,0.5638048627541088,0.4574657709174828,0.5346304625603356,0.4884676233466281,0.3882195448460498,0.9008936423170832,0.5639516852169942,0.7129343145249409,0.4882226961845123,0.9607213094445392
0.0,0.4407294832826745,0.5639452198502559,0.39306674687590704,0.5296467987239695,0.5122547293991925,0.3681392235609104,0.8849367965453036,0.5601101859678933,0.6938819909911162,0.4866630908604183,0.9244681905139364
0.0,0.504006631666206,0.5648803191627356,0.3463829021219204,0.5520260927726957,0.444194393594022,0.3761713520749669,0.8629224412794954,0.5571352463075813,0.6829456103823737,0.4846558086731506,0.8687404816116046
0.0,0.4340978170765403,0.5656373093336104,0.26377656608903,0.5287901688738649,0.4675859829532864,0.3266398929049529,0.8922519884646939,0.5567533196671631,0.6868228563174112,0.486297977974187,0.8967252565593615
1.0,0.4034263608731693,0.5690454634225137,0.278467813684414,0.5492227332960433,1.0,0.2449799196787147,0.8415565785142642,0.5572509203504245,0.6985955488228628,0.4726424274145486,0.8973616261803925
1.0,0.4012158054711245,0.5718092054099062,0.2795921753210533,0.5463163357458547,0.4756313388132273,0.14056224899598355,0.8259288918147473,0.5582998350081542,0.7112400925019748,0.4732639696935344,0.8892936297206557
1.0,0.4479137883393197,0.5761321078694335,0.28222005681371376,0.5414957057699882,0.508197786903109,0.3132530120481914,0.8388152238527332,0.5573012600443584,0.7157194596031934,0.4717192042799716,0.9080701908377404
0.0,0.4708483006355345,0.5780851909706515,0.2675540315747373,0.5657293174761168,0.5628158318619921,0.4685408299866132,0.8433350200688776,0.5555908297939037,0.7183613744252636,0.4686057468791319,0.9139364947005773
1.0,0.5134014921248959,0.5777606562966471,0.23704032706131706,0.5610624527766865,0.577125112607272,0.5448460508701464,0.8589676195903688,0.5540293719126116,0.7164942903143354,0.46749005351069206,0.9295750952725784
0.0,0.5518098922354238,0.5765929061911121,0.21565934739591516,0.5515315128289929,0.0,0.6198125836680048,0.8535340384870473,0.5522539837729948,0.7135965976092826,0.4701820901743598,0.9279731993299836
0.0,0.5755733628074049,0.5749103281811556,0.19380784774156892,0.5818051809743902,0.6442439346614292,0.8500669344042833,0.8648482674933307,0.5502184326928682,0.7079062231738403,0.4682751717892146,0.9392084147081842
0.0,0.549046697982868,0.5700174885050686,0.17305516291306133,0.6066885323645949,0.5409953428964,0.7269076305220875,0.8537305513660102,0.5479846114305321,0.7040377258259768,0.4674733232147321,0.9054296226401294
0.0,0.5705996131528044,0.5660317452841372,0.14359151790306018,0.5795890015451309,0.5103243705601008,0.8924558587479953,0.829195918427504,0.5454538705481912,0.6998913650455216,0.4681793652596238,0.8704731810435
0.0,0.5319148936170213,0.5609334542372988,0.10394738057933806,0.5876063734646239,0.0,0.8460111317254178,0.8461058516622533,0.5431577586916084,0.7036678215055743,0.4672552146124303,0.8743352863297567
0.0,0.551533572810168,0.5589377190905793,0.07766862318556889,0.5625703046774437,0.4615917889366888,0.9861386138613848,0.8499820681997946,0.5399730993196817,0.7034273981805028,0.4682252637257798,0.8661795147498776
0.0,0.49101961867919297,0.5568398741739438,0.05782783378175421,0.5401976469264349,0.3641602897561307,0.8179916317991622,0.878741728036001,0.5378197613190446,0.7041126970032261,0.4694944686934488,0.8792141200909934
0.0,0.4086764299530255,0.5566460712481509,0.05142527696326682,0.4961082307681604,0.3904639782519255,0.5564853556485347,0.8559167571444712,0.5351347188845751,0.6952602496360959,0.4690308891542137,0.8614030852954729
1.0,0.4191765681127384,0.5583885888230902,0.04766766408655504,0.4588753276051182,0.3916980865479412,0.5117647058823535,0.8746788242634451,0.5341358199551872,0.6972530988235062,0.4724702473691523,0.8593939128786222
1.0,0.4144791378833932,0.5589603276966773,0.032593462864755174,0.4542153229033857,0.39595067788126975,0.479279279279279,0.8384369365607298,0.5328235925220978,0.6996493974038079,0.4690643731974338,0.8392558721670305
1.0,0.3763470571981208,0.5606627677007225,0.02595027512336895,0.4585467690484066,0.3941748169142252,0.30990990990990985,0.8261204918717359,0.5322847279831157,0.7089182699056487,0.4709716022217855,0.8265337325150584
1.0,0.3951367781155011,0.5611316379279738,0.0,0.4777376590436209,0.4042356205437835,0.5635451505016716,0.8286505951883818,0.5294882859429048,0.7026743998801088,0.4714963047122947,0.8243007801110787
1.0,0.4946117712075157,0.5709305039358468,0.04153414958942847,0.5874541613937202,0.38113168505456224,0.5572139303482598,0.9006971294381205,0.5268631048057729,0.6965833229282008,0.4807789072649502,0.8744284281864018
1.0,0.02680298424979272,0.5778793113307179,0.06434330682431277,0.3528361216699261,0.6815311474595148,0.12458654906284415,0.9056836437418018,0.5244004774871046,0.6894930344252231,0.481037549313603,0.8941223662542754
1.0,0.12019894998618386,0.5969555989506727,0.15065891791287112,0.3594977655003121,0.6964356749408083,0.1884306987399767,0.8872703869829867,0.5239873459022558,0.6980410608150759,0.4817204265110345,0.8774015116328168
1.0,0.1061066592981484,0.5982942646354337,0.15038826376507752,0.35487888636015896,0.6453583615527333,0.2170675830469641,0.944106824401004,0.5239506836661955,0.7100607016030093,0.49089627163621397,0.9813086742952049
1.0,0.1315280464216632,0.5999799052147985,0.14970319433442636,0.3735452295087529,0.6203638993621131,0.1769759450171816,0.922367587165744,0.5230443117827225,0.7185286825870841,0.4898404237816622,0.972265619502034
0.0,0.12931749101961848,0.6034736030033391,0.15483463128873132,0.3708054667408133,0.6023545000336124,0.15406643757159216,0.9441903423745632,0.5215671779390866,0.7267844694158893,0.4899301697112429,0.9992821855339272
0.0,0.0911854103343464,0.6096490501749283,0.16763056121643238,0.35743435380581784,0.540442850883323,0.1729667812142037,0.931903374617414,0.5193985034786349,0.7342106640550623,0.4923421245016845,0.9898674040984188
1.0,0.0574744404531638,0.6172346000389024,0.18649561553321944,0.3776547371890135,0.439159976109386,0.11680911680911668,0.9333330058118684,0.5173031449794004,0.7397460148165832,0.4924527466852587,0.9945259873785716
1.0,0.00746062448190099,0.6253867601983051,0.20315833190701826,0.3945281636220453,0.5498310347408008,0.06751521859435525,0.92000943261819,0.5153390999759823,0.7483995099178096,0.4910092137639255,0.9927246904007944
0.0,0.5621890547263684,0.7457468875488293,0.4521303749770656,0.481969555030209,1.0,0.395652173913044,0.5311792246584358,0.9876416516802424,0.3621795260509752,0.5148829710661211,0.8304071745702466
0.0,0.5599778883360975,0.7473549917853752,0.44413020439576256,0.4786060364554802,0.5548208827975197,0.2956521739130437,0.5503146662474392,0.9869499786981384,0.3734012125176319,0.512543642142056,0.8441504231124378
1.0,0.5931453841901606,0.7491258911595768,0.450894353028449,0.5144318746850264,0.4427599528453333,0.12820512820512922,0.5056325503932712,0.9871529967170954,0.3794693767671601,0.5132126448304439,0.7967542406112043
0.0,0.703703703703704,0.7534849200608409,0.4437436394069281,0.5718576457495741,0.5518189240718679,0.24926686217008864,0.4443696603766172,0.98907596165884,0.3873330370821911,0.5125066462338401,0.7553474075666925
0.0,0.7788833609729131,0.7565826355222478,0.423094490605082,0.6646918552759036,0.5305673166691812,0.7829268292682923,0.4523529960844807,0.9914210967093784,0.3924143193425438,0.5129254659326258,0.8019024248327156
0.0,0.7219458264234386,0.7554903413302501,0.3759263583921025,0.6489138008528363,0.529804368414519,0.6439024390243913,0.4652982819861557,0.9922003182759694,0.4032666755754648,0.5137651400301384,0.8346952199046259
0.0,0.7435046987285796,0.7556840367590172,0.3360328568018163,0.6669853987292317,0.5631108507902757,0.6414634146341461,0.4500587082225904,0.9924233138150031,0.4118320321707691,0.5127758354825722,0.8094539382976842
0.0,0.7907683803206192,0.7555629825639465,0.30887499976040955,0.6857658667853852,0.5769073526349191,0.8304878048780485,0.4829353128730672,0.9919582176922468,0.4167895854843183,0.5149566290052425,0.8754822469863516
0.0,0.7468214483139857,0.7528789293810243,0.2737634311755458,0.6821328699690716,0.4568982549465794,0.7121951219512191,0.4838097951844516,0.9911112013477468,0.4144578965020765,0.5150564339747568,0.8669061563175934
0.0,0.7904919845218357,0.7537987883265362,0.26672565062747794,0.6848352646480159,0.513384257555414,0.7853658536585374,0.452490555099755,0.988750172991494,0.404933441998414,0.5130030892648807,0.819282289993296
0.0,0.7136539524599229,0.7538505086417546,0.25538579019150737,0.5804566405118448,0.5662265974820241,0.8292682926829277,0.5130951269718839,0.9856792075852584,0.3896700366259367,0.5136055825052577,0.8716622183993827
0.0,0.6583747927031508,0.7533054881093741,0.2330321941245471,0.5757689135353508,0.4819063104490589,0.7292682926829266,0.5378704881871192,0.9824611923581102,0.3763916882470584,0.5154508427490749,0.8637185827946923
0.0,0.7131011608623553,0.7527106524427956,0.20538518457443306,0.5737256576298985,0.48759470412158,0.7658536585365866,0.5695483642759236,0.97969458939292,0.3588682834100462,0.5139864191718035,0.901887245911178
0.0,0.6854615809839689,0.7483395213055526,0.1608238854615926,0.5465954193267479,0.48096421961551,0.7829268292682923,0.5868316719807025,0.977193783229672,0.3452527061900388,0.5115209181071798,0.9127654730131424
0.0,0.8009950248756221,0.7439584175915623,0.11716994359550276,0.5857819261139561,0.0,0.917073170731708,0.6078929397835411,0.9746587407276592,0.32993605369337065,0.50934756105238,0.9151435040540368
0.0,0.8441127694859041,0.7420488621654295,0.10149510385069094,0.5631179942798586,0.4680199480175501,0.9341463414634156,0.5998359117460662,0.9725064470425164,0.3221658506259182,0.5088450487599274,0.9034177871662216
0.0,0.5975677169707023,0.7440000761639685,0.1052304523293986,0.4394491536800828,0.44978268878490496,0.9139534883720936,0.6087084682312371,0.9708578865232956,0.3144224056694737,0.5094554826554583,0.9169712991891928
0.0,0.4864566058595913,0.7468704869073141,0.1142112795098923,0.3912069975775251,0.5468897009097831,0.6584967320261442,0.6253629347233342,0.9702160610409002,0.31476821409745226,0.5069432320140335,0.9282100256776756
0.0,0.506357103372029,0.745240842832692,0.08796734501611025,0.4000384209609719,0.5003290120886117,0.4539283896147975,0.5969127826714942,0.9693507330539624,0.3168613912744665,0.5084008223467535,0.9249212593445236
1.0,0.42233278054173584,0.7434027314655098,0.06043230341160344,0.4108328404476835,0.5156938025214519,0.3648396402511453,0.5687082717183576,0.9690483998167128,0.32602733340460466,0.5066086913008683,0.8860189483537194
1.0,0.3963515754560536,0.7441331089456507,0.048902707664914,0.40208999825269376,0.4910132928284316,0.4016064257028119,0.5657409272460192,0.9690940883700292,0.336038378724192,0.5063489951588641,0.8890673817625254
1.0,0.41846323935876173,0.7434822024038208,0.03657694857596516,0.4124873843725616,0.4692109656047028,0.32880434782608714,0.5337977587706151,0.9700380548412048,0.35215867733349804,0.5075721826914087,0.8864047459428004
1.0,0.34328358208955234,0.7410857578187031,0.002100936741341819,0.4195256545975761,1.0,0.17934782608695654,0.5113314238831926,0.970740792172978,0.36445026697735294,0.5095618681094003,0.8842607232756113
1.0,0.3659480375898289,0.7458409820799998,0.0,0.4301026095721764,0.4410703703228612,0.06793478260869566,0.45327660661560604,0.970060217039902,0.3749874147659956,0.5057007176331587,0.8076957132195756
1.0,0.2791597567716973,0.7555223297060181,0.015399259483310338,0.4028038177699551,0.5035204898068391,0.11005434782608728,0.4128833843448017,0.9684221422996876,0.3777485466042,0.5029376121693906,0.7492884880529241
1.0,0.18629076838032088,0.7673122602228097,0.050389119485156016,0.3785893212654789,1.0,0.15264423076923114,0.4532864322595544,0.9668619232443736,0.3846287879200714,0.5021764514155406,0.7851929620400468
1.0,0.16362631288004426,0.7781606573477833,0.0950436955121825,0.4132952332982161,0.4719021753810106,0.0798898071625342,0.4524266884140921,0.9645147687752814,0.3873269826594175,0.5021516106144432,0.7754721277053265
1.0,0.10005527915975687,0.7887068570585811,0.13083850946949038,0.4475707857912051,0.4216575490462162,0.07254361799816338,0.4271305680696046,0.9628605460350124,0.3882732201694742,0.5004669965841297,0.717760603109149
1.0,0.09176340519624128,0.8003000830620381,0.15630799993309802,0.4464084759903117,0.4148697372541024,0.1009174311926607,0.4209600636701728,0.9613112008853664,0.39119284977665736,0.5037060294739792,0.7146362750926548
1.0,0.08678828081813161,0.8108713866447408,0.15706070574917208,0.44021585358282395,0.4385394877106477,0.05470852017937215,0.43874447921630655,0.9619311675875594,0.3966739674851598,0.5013285643609326,0.7234969705402429
1.0,0.1686014372581539,0.824096175638585,0.1715461059778673,0.465503770323156,0.4315622247373551,0.1955156950672646,0.3797070975539063,0.9633993786810128,0.4084151771167557,0.5006057226116603,0.6911848413170246
0.0,0.1674958540630187,0.8349817915903985,0.1808722039658735,0.4667483808331401,0.3488707076961775,0.2408695652173916,0.4319107438503751,0.9653300910017903,0.4080867863527631,0.504275380062184,0.7922068887005578
0.0,0.09452736318407963,0.8451687043123388,0.19909944953164893,0.4819349501519761,0.3971662297222304,0.16523972602739725,0.4375899660523999,0.9643234699445472,0.402815381627606,0.5009851539342995,0.7940916047914793
0.0,0.12493090105030435,0.8577881249114008,0.21291775383095315,0.49177602856615404,0.2719394836643897,0.20669698222405955,0.443603260148662,0.962730388383318,0.3869161991400325,0.5015301084831307,0.7675980621576837
0.0,0.06025428413488133,0.8698124609471445,0.2478188770005335,0.4289339903414374,1.0,0.07937164117403894,0.4484030872173288,0.9613664079880012,0.3770619899170157,0.5018177252033916,0.7894746828237855
1.0,0.0,0.8870164459737149,0.29824763019848355,0.4398638326041259,0.2626824195005622,0.020669698222405955,0.4120531174311836,0.9613035843758531,0.3720499153218565,0.499273827058871,0.7411740895809354
0.0,0.27031509121061364,0.909524162440524,0.3854318804280097,0.4934408227789076,0.4178709130595856,0.0602636534839921,0.3589504247134596,0.9615754470569025,0.37630658053835264,0.4990887999761262,0.6836017050988525
0.0,0.3642896627971257,0.9205923545345712,0.4289490385574935,0.5372754083030443,0.3739106051066981,0.2487770789657583,0.35075583766071045,0.9618387430049076,0.3885249483840766,0.4984410563459755,0.6917224281214819
0.0,0.2752902155887233,0.9269404279312804,0.446577820295188,0.5114586117475334,0.42072876103053997,0.08196721311475429,0.4310510000049128,0.960952912408882,0.3875160275762154,0.5006741365747782,0.78372566629141
0.0,0.33001658374792703,0.9363027250531686,0.4691470167552846,0.4803974631782663,0.4004206127696748,0.20355191256830624,0.3879360743604733,0.959195334772932,0.3904611944737912,0.4976068870458527,0.703271057591358
0.0,0.4063018242122721,0.9430724074756112,0.46144488389992105,0.4862131908919508,0.36019630688699794,0.30327868852459,0.4166171290450947,0.9584117257232364,0.3915656023990453,0.4997635782440013,0.7464930366697448
0.0,0.37037037037037057,0.9472082965653912,0.4615366144247971,0.4404647621575204,0.36567317197529337,0.19125683060109366,0.4432593626104773,0.9562938009423021,0.3875846382453305,0.5017454542195628,0.7880516589296331
0.0,0.4284134881149807,0.9551629752997136,0.4780376460508378,0.4458850589408978,1.0,0.2267759562841535,0.4178698986484827,0.9547959752442524,0.3774541518007805,0.5000831073054021,0.6948467561379766
0.0,0.3687119955776674,0.9637407813605104,0.5199937824009412,0.3678005479390862,0.3408331156488845,0.05874316939890707,0.3830527293182477,0.9532170298998658,0.36851322341166304,0.5010190817910601,0.6829882236867073
0.0,0.4499723604201217,0.9779689731059764,0.5838948344620898,0.419822992523376,0.3818412955547199,0.11795774647887355,0.3597708659831293,0.9529907812369104,0.3683145086830443,0.4992774808311167,0.6438772025247608
0.0,0.574903261470426,0.9872825551329985,0.6416885853436559,0.4795631277953788,0.44995616448061065,0.14583333333333395,0.4663791028204515,0.9509140321037376,0.3464858100533881,0.5037960633249753,0.7612545378650849
0.0,0.6124930901050304,0.9889191548420246,0.6733702146356917,0.4772803466377369,0.4565912809701272,0.14880952380952386,0.5441982028897221,0.9470343526872936,0.3177468128792437,0.5061223663419754,0.8290853434863454
0.0,0.7307904919845218,0.9908226728492268,0.7030660698316918,0.5600212290303147,0.4638553188081807,0.4862522243269621,0.6046799542124988,0.9444074546103428,0.3001618919029612,0.5071631458824287,0.8599997470179741
0.0,0.7567716970702049,0.9916110881205384,0.7094918226279665,0.5474535400180506,0.4226528677332443,0.670384138785626,0.6414671651543363,0.9418736226241744,0.2984834553561692,0.5096290182918909,0.9396258395840976
0.0,0.6793808734107246,0.9936450322069228,0.7194363059710517,0.5005244449392775,0.3229752426173198,0.5914994096812285,0.6668517162943568,0.9400609093420206,0.2980259127217736,0.5078923994323954,0.9493466739188179
0.0,0.6362631288004422,0.9966211226491102,0.7252994383579635,0.45402035553051295,0.30792581743703223,0.6127508854781579,0.6847638652118164,0.9364350814792431,0.28877520694555936,0.5055599611372485,0.9612368291232908
0.0,0.6987285793255944,0.9999402482346064,0.7454321167252538,0.4647163919379841,0.34443382811649925,0.7567886658795747,0.697645284427828,0.9351317517826676,0.2930966837163511,0.5066448251719465,0.9546592964569866
0.0,0.6644555002763961,0.9999177268344172,0.7459913816100542,0.4290547390088792,0.34658240769931736,0.8701298701298709,0.6878294661236356,0.9337452681902416,0.2965901801847713,0.5053140389756553,0.9959522875899663
0.0,0.673852957435047,1.0,0.7452698157545173,0.3853987459273071,0.3256484790879712,0.8748524203069655,0.6603225758908171,0.9350167108339285,0.3139360947397508,0.5036208800367877,0.9997795650082829
0.0,0.6323935876174686,0.9965982741445416,0.7179444885245306,0.4006668857010601,0.3137841667898644,0.7874852420306969,0.5869102771322876,0.9354718102280264,0.32500500200086635,0.5013951488867169,0.9912634591795008
0.0,0.7241569928137095,0.9943954318248605,0.6967996552497211,0.42382224138894536,0.2911879899020886,0.8772136953955144,0.536509636500302,0.9373300988130708,0.34705579239372264,0.5013918885059963,0.9434510017718409
0.0,0.6992813709231624,0.9889956603452092,0.6676188467385091,0.405977887135084,0.3062364906247079,0.7520661157024799,0.5326530712506568,0.9370246681956051,0.3565692909434077,0.5009365210650623,0.9655308709281716
0.0,0.7578772802653402,0.985773233482316,0.6610658391702637,0.3992215976468837,0.0,0.8488783943329397,0.5155220610270743,0.9366922236420588,0.3654942787406419,0.499796427246016,0.9324246967425374
0.0,0.8175787728026536,0.9828552103840488,0.6887220339138708,0.38803062618061374,0.2553429081735571,0.9571938168846612,0.4989609381524839,0.9359763605487288,0.3734863103689071,0.498415714317061,0.9340261687338146
0.0,0.7335544499723607,0.9784503680249512,0.7190145888314967,0.3680513072299844,0.5979216469609255,0.9515151515151524,0.5186760927344278,0.9357428391031648,0.3866110019252715,0.4998391081544306,0.9707509881422924
0.0,0.7147595356550581,0.9769671158895684,0.7774006817168384,0.35704781257032225,0.5629324800609564,0.7939393939393936,0.5149767377879527,0.9340188706907578,0.39553106561189255,0.4995213256266453,0.9729726046067869
1.0,0.6362631288004427,0.9740757189264138,0.7694280080608356,0.35448855820073233,0.5141196748590862,0.7527272727272737,0.5024490417540739,0.9321529911506172,0.3872077037111601,0.4987492390006775,0.9350415701240284
1.0,0.6307352128247654,0.9716625843713224,0.7652588063503991,0.35092856468757305,0.4758069042444426,0.5612121212121224,0.4930508133176781,0.9298013559256284,0.3739888721154549,0.5017541759005794,0.9271091726863842
1.0,0.6495301271420676,0.9683824317067486,0.7330259222280645,0.3628706749146003,0.5189410361683313,0.5248484848484847,0.4816628919817834,0.9279504971339428,0.3645651399549629,0.5010143511587705,0.896558538912362
1.0,0.7180762852404645,0.9657556306390636,0.7242718956282307,0.35270727527920515,0.4697699469553049,0.6242424242424249,0.4685309188450938,0.9261869453189668,0.36740090468244346,0.5000941059445545,0.8739948207714321
1.0,0.7307904919845218,0.9600804944700968,0.6837139242913706,0.3598350130006453,0.3828765591905781,0.5951515151515148,0.4772413522051203,0.9260399855803804,0.3757866225939719,0.5007457102499254,0.8898528008722911
1.0,0.7777777777777783,0.9535863981834932,0.6388219775976562,0.386050644558744,0.5542323618925697,0.4681818181818189,0.4554087713523525,0.9254973054089398,0.3817339675961916,0.4989215272272374,0.8972127572577342
1.0,0.7987838584853513,0.9491282374915504,0.5998940817278299,0.398633344816524,0.5228440905145793,0.405923344947736,0.4562390382659701,0.924363090670345,0.3862672060490453,0.4990391361698044,0.8832288401253916
1.0,0.7844112769485904,0.9514013400994988,0.600895044082925,0.4431939808306914,0.4964705176701607,0.4868717179294821,0.4767107674319208,0.9215762221590416,0.3818780150436272,0.4968995783637091,0.8957339512062151
1.0,0.7545605306799337,0.9554188491728146,0.6134436315462223,0.4204380323836918,0.607522061718342,0.6369092273068264,0.4399088180241612,0.91755547719035,0.3691193338551194,0.494294936807014,0.8237767479896415
1.0,0.8242122719734664,0.9578573596160302,0.6226950138592837,0.4083386903429304,0.5980256257356923,0.7674418604651165,0.4668949491277285,0.9146545019112768,0.3599232351567643,0.4965109093646173,0.8063172958975059
1.0,0.7540077390823661,0.9559342759353926,0.6187473936454122,0.42048851587142105,0.6474450958393273,0.6894223555888972,0.4341264265606808,0.9119164689769054,0.3511248794963626,0.4977064140426675,0.7724955703966201
0.0,0.7904919845218357,0.9559171187563906,0.6221741495549059,0.44430552735504775,0.0,0.8544636159039761,0.4052095564213037,0.9114361780229088,0.35274846280466376,0.4955580909391003,0.7157012402889464
0.0,0.7921503593145389,0.9535087396579036,0.6178915981375702,0.4453550513529581,0.6704411982153571,0.8319579894973748,0.4318026617669458,0.9107393515047414,0.3553603632656702,0.4976111889231361,0.7698855117895598
0.0,0.7302377003869542,0.9515128647871344,0.6146850501842209,0.4037465677582611,0.5279601726342493,0.9753086419753078,0.4356051859748761,0.9102988049869072,0.3592588724181224,0.4942056180849842,0.7705601744582253
1.0,0.6135986733001659,0.9480098342334162,0.6126062737275151,0.39310876911356657,0.5311703986844458,0.7646090534979425,0.4463151378783485,0.908903113079778,0.3612660757289139,0.495055708665746,0.7862545999727406
0.0,0.6373687119955779,0.946679617414774,0.6180703460263162,0.40589542074753576,0.505786611453233,0.7514403292181062,0.42813278375231534,0.9074406262830316,0.35586270321800817,0.493732891900545,0.7458566171459724
0.0,0.5826423438363737,0.9434811031456528,0.6097971852892718,0.4256164791068463,0.5117904272853391,0.6444444444444439,0.41698067787117626,0.9057930563054508,0.3534458735130903,0.4928933601922876,0.7262709554313753
0.0,0.5699281370923164,0.9382206373826804,0.5715586380827575,0.41767674934748894,0.5339037219835308,0.5374485596707818,0.3672678323155599,0.9055891792337708,0.3606139574011201,0.4889760012919554,0.6456930625596289
0.0,0.8413488114980657,0.9337457127430736,0.5364252763527125,0.5139080996788673,0.5010046930823653,0.77119341563786,0.34912969358729345,0.9063606378840322,0.37549479970289423,0.4874189107602656,0.652139839171323
1.0,0.8474295190713101,0.9231010258170904,0.4740484495094828,0.5170660850922782,0.0,0.7201646090534976,0.3698224997420768,0.9066304708019668,0.3883580718522817,0.4890780969859064,0.6974717186861114
0.0,0.9563294637921508,0.9201930981510432,0.4756877507969536,0.5286139397428515,0.5098842355117499,0.9271844660194172,0.3828709549052072,0.9064287662884244,0.3960462277605389,0.4901725350199325,0.6871064467766117
1.0,0.8043117744610286,0.9126156894473658,0.453277375860578,0.4879520248884568,0.477617537943744,0.9289428076256504,0.3947894610143015,0.9053514404157508,0.3998284357510196,0.4910812658404163,0.7261823633637726
1.0,0.8015478164731897,0.9088347824879262,0.455588173758221,0.487401062782184,0.5395512742754466,0.8440207972270365,0.4044235049054528,0.9060787799640077,0.4133184878613197,0.4918691358917499,0.7250715551315251
1.0,0.7252625760088449,0.9029161797767336,0.4291795178849791,0.5017421926617356,0.5357575417167175,0.7001733102253036,0.3364202231403741,0.9049158173175316,0.4130649161615235,0.4900435248345068,0.6704988414883466
1.0,0.7070204532891101,0.9012968851986156,0.4301481360756612,0.493572827832185,0.4921476915471566,0.6395147313691508,0.3372357515880697,0.9034348682909399,0.40675962231656415,0.4901602220311472,0.6293716777974646
1.0,0.5599778883360971,0.9000895938628495,0.42487115219770777,0.4687390233785418,0.4886874085165198,0.3760831889081449,0.3398493728782748,0.9005173007551112,0.3877162440934221,0.4904190912082492,0.5978601608286764
1.0,0.4604754007739086,0.9038028338441764,0.43659152167779935,0.4592393089631636,0.4685196979577879,0.12478336221837075,0.34695331345278024,0.8983390407237725,0.3726386234005065,0.4910216439569127,0.5922516014719909
1.0,0.4742951907131016,0.9117050709244652,0.4620990872369776,0.4423674019241768,0.5116476373648259,0.16811091854419402,0.2880338395177576,0.8957194725996119,0.3595310076933221,0.485997611681476,0.4893757666621237
1.0,0.5240464344941961,0.9195459123531088,0.4898838030962575,0.4681402532855667,0.4827703220907519,0.4350086655112652,0.35776643461770874,0.8937169562977799,0.3508677961665204,0.4883419647744216,0.5352119394848028
1.0,0.4820342730790492,0.9237714802408684,0.5216264951626184,0.4959134188577222,0.4957681751665796,0.3674176776429807,0.39991353433325627,0.8926098722607155,0.34684411592682873,0.4882717955050132,0.5830039525691697
1.0,0.5135433941404091,0.9284593738050516,0.5549382033872081,0.5127858894734059,0.5071206137842321,0.4974003466204506,0.3748434037995766,0.8918551246853271,0.3439907260814954,0.4898046215588602,0.5665121984462314
1.0,0.5516860143725815,0.9314392747547258,0.58400474338984,0.4824467110311271,0.5208301283719424,0.5736568457538991,0.40884995750408987,0.892050932982858,0.3437175060483174,0.4890434472504544,0.5830039525691697
1.0,0.5168601437258156,0.9336942463158282,0.6030940623333795,0.5153976725251754,0.4551664547994936,0.5424610051993063,0.4045905408525709,0.891926214419753,0.3427521084554899,0.4886106842799303,0.5960610603789012
0.0,0.5693753454947484,0.9369132345740808,0.6258995739950031,0.5451874754893705,0.0,0.8024263431542458,0.4020800888238212,0.8909334954581068,0.3382157670740238,0.4883593711304875,0.6032233883058469
0.0,0.6257600884466561,0.934836149305588,0.6252069503549673,0.5275840698180484,0.4447459109477531,0.8965517241379317,0.4832251693695376,0.8895453175368554,0.3332464962924723,0.4916168436641348,0.6569578846940167
0.0,0.6169154228855721,0.9292122560989864,0.5995437417476945,0.5215880190848874,0.40464347970095055,0.8128078817733989,0.4999484153692722,0.8883536832734008,0.33231799897769176,0.4929977140936515,0.6864794875289626
0.0,0.6323935876174686,0.9246424417328936,0.5785012974269303,0.5320275355842562,0.4119483596359608,0.8686371100164207,0.4411075465858345,0.8893645003090763,0.3435061935299686,0.4917603536412383,0.6324860297124166
0.0,0.6141514648977336,0.9199313197171424,0.5587862543508876,0.5193132037044085,0.4518188200680528,0.7996715927750411,0.4898820431444025,0.8914295082385079,0.3614352991774944,0.4957421028872048,0.7220253509608829
1.0,0.3858485351022664,0.9153108653247348,0.5464721772939736,0.3337727335479698,0.4301552334063484,0.22044728434504726,0.5025915135913219,0.8942960785249082,0.3834847735356708,0.4966009290630462,0.7729317159602013
1.0,0.3841901603095635,0.9211096273093348,0.5669762452831458,0.3280807929770637,1.0,0.14849187935034824,0.4467916816098335,0.8966973874118301,0.4068567695459243,0.4953938353540792,0.7651219844623138
1.0,0.3593145384190161,0.9268916394575706,0.5863343080537496,0.2798483670197119,0.4342519312737837,0.037122969837586235,0.4109329940210957,0.8965438401631062,0.4069541651642597,0.4962025600480349,0.7290786424969333
1.0,0.5113322277501383,0.9364216483276988,0.6264900219061557,0.3772203195588571,1.0,0.2529147982062776,0.40951318847058976,0.8940435126043457,0.39444065881291934,0.4962746411609034,0.6697969197219574
1.0,0.4748479823106692,0.9398404626000644,0.6460400074634954,0.3728405713652799,0.4560614261096391,0.13031161473087904,0.5181012925634612,0.8919397844212121,0.3807171752540132,0.5015629693907931,0.8031688701103988
1.0,0.5406301824212274,0.9465781910119682,0.6813669150460797,0.4105608118035226,0.4407476192912552,0.11559432933478757,0.5048661501653164,0.8896648144313529,0.37497712822563145,0.5003373698253408,0.8038639771023577
1.0,0.5223880597014928,0.9513850210171336,0.7152455729114142,0.4448881319682373,0.420764965630684,0.11123227917121156,0.5479515988779113,0.8880566927503578,0.3748029323347437,0.5002594016372464,0.8229112716369085
1.0,0.6008844665561087,0.9577384384488076,0.7531542013925403,0.4826069988654687,0.5125572296104639,0.2597730138713751,0.5546772521604135,0.8836237221187632,0.3567433626637009,0.5007744815840817,0.8379378492571894
1.0,0.6241017136539525,0.9613286346712072,0.7787230757568243,0.4604690537205842,0.4405890164321121,0.2272047832585944,0.6672545676962303,0.8797216716046318,0.34474248278668784,0.5064833377915228,0.9201921766389528
1.0,0.5970149253731343,0.9640743801217404,0.7972569451942811,0.4530537784763998,0.5249075724347817,0.05484460694698304,0.7110622012390136,0.8773377306278106,0.3425806748666941,0.5064066789933458,0.9612034891645084
0.0,0.6511885019347707,0.9669839820320648,0.8198153028533277,0.473291875166089,0.5268353747710752,0.2888482632541131,0.6431227861595981,0.877247404222797,0.3549358913434193,0.5039626807944729,0.9405002044432328
0.0,0.6887783305693759,0.9661029251636202,0.8245872345500755,0.4734566080043172,0.514654858680083,0.4241316270566742,0.6293423205223312,0.8766975589510021,0.3623514243119814,0.5064800147900976,0.9341420198991413
0.0,0.7534549474847985,0.9636860837224464,0.8164427291386043,0.4946747430431888,0.5148761399596244,0.5550239234449771,0.6802637202835677,0.873022022205694,0.3492957760794213,0.506964638676507,0.96579721219647
0.0,0.7744610281923718,0.9604267168026934,0.8050273910285901,0.514722726094052,0.5358773097779292,0.6050420168067235,0.6935086883256611,0.8711559048070182,0.3464067801342846,0.5082500835766249,0.9491768269801526
0.0,0.8114980652294086,0.959040888752728,0.8103961671080209,0.5135120429976108,0.5531799239114472,0.7347391786903438,0.6355865172513743,0.8690790634239348,0.34214538878439915,0.5027965071434312,0.9503162376251136
0.0,0.8369264787175241,0.9562916812248794,0.8189382199837841,0.5682321433155937,0.5605777876347979,0.8652037617554866,0.6726046308259926,0.8691438451284822,0.3472105395906557,0.5021298460171558,0.952861148826134
0.0,0.8540630182421229,0.951969420839024,0.8285488781452273,0.5828697273132613,0.5454935794151763,0.8254963427377217,0.6611577556264089,0.8695624672711685,0.3601487758770009,0.5008393620194007,0.9746873443544588
0.0,0.8341625207296852,0.9491138588042358,0.8509285757589853,0.6215731051498505,0.5486764759890129,0.7755681818181828,0.5877700209777498,0.8683161195520642,0.3617194359805965,0.4981327674460186,0.993018928636383
0.0,0.7711442786069654,0.94671455988476,0.8694002602446679,0.4986482018682628,0.542312034282856,0.7869318181818182,0.6339014193142679,0.86873503670035,0.3761015385639472,0.5021791785519819,0.9606444107589802
0.0,0.8037589828634609,0.9443605427327038,0.8845625582762862,0.5253017273875883,0.0,0.7698863636363644,0.5665908454475332,0.8688481991934284,0.3842011051872184,0.5000526123234235,0.9596855501110444
0.0,0.8363736871199561,0.9403366383156676,0.8837837175577501,0.5779202792780318,0.5429675123999858,0.8910984848484858,0.511483721364389,0.8720083331584382,0.4085524655340299,0.4954587276919483,0.9649874854584553
0.0,0.8037589828634609,0.9344664971864228,0.8899389215823689,0.5940395288598281,0.4367491079009148,0.9885452462772056,0.5059224068897418,0.8721761381976602,0.4160770562973791,0.49878581052762105,0.9995068307619832
0.0,0.8059701492537314,0.9286077584318676,0.9027407397683684,0.5964271974379336,0.4511295508799213,0.9841849148418496,0.4845074159047696,0.8716952449691046,0.4211351961042942,0.4973419330315912,0.9859175256165831
1.0,0.7932559425096741,0.9224572070016264,0.908179291327274,0.5877494273391306,0.4074572448980757,0.9055330634278,0.4503240006091901,0.8712841350371344,0.4297158391478765,0.4945526599488297,1.0
1.0,0.8137092316196795,0.9175755719864901,0.9114705853823126,0.5637285368202004,0.4374958838374688,0.9944367176634205,0.42957224059071797,0.8710784246795863,0.4414582073458878,0.4930978391639168,0.9817780360255668
1.0,0.8026533996683254,0.9118847478687696,0.9076807855537252,0.5560973551373686,0.4695657791139432,0.8306010928961755,0.4334877597040516,0.8693101916751459,0.4441854519571122,0.4896812689329903,0.9950352777190468
1.0,0.8325041459369821,0.9065879030246972,0.9101747495268206,0.5445569734530304,0.5194019672323587,0.9247572815533992,0.4180614987054712,0.8687743030438005,0.4516535946819288,0.4885814023727938,0.9765462455078492
1.0,0.8640132669983419,0.9007639719182624,0.9041534357951676,0.5703597011383525,0.467224946158364,0.8744680851063836,0.4020948272897432,0.8677820368724097,0.4561024907740915,0.4872754021718458,0.9972653048357604
1.0,0.8479823106688782,0.8957787036794256,0.9018406999886864,0.5969141885266752,0.0,0.8752362948960308,0.41005851170971136,0.8649820180052606,0.4479710412668296,0.4879023393225425,0.984671521341656
1.0,0.8540630182421229,0.8912565653117246,0.8971895055740731,0.6053810557791555,0.5147576692838935,0.9678638941398876,0.4357820475659424,0.86068824290037,0.4324404446244202,0.4899425499386785,0.95663892566673
1.0,0.8557213930348262,0.8843752379758636,0.8906653217091598,0.6075727341732058,0.464378759410468,0.9755102040816332,0.4559098791937079,0.8563138393484516,0.4140051797224517,0.4877535988827285,0.9747178614210958
1.0,0.8463239358761749,0.8775197930116929,0.8810674171775262,0.6015317365792237,0.4992985155475479,0.9911308203991118,0.4371379864307858,0.8525823449404429,0.4018668290520983,0.486498133704486,0.9896087706415752
1.0,0.7777777777777783,0.8718636224341458,0.8847386749976198,0.5830979295134585,0.4961184159251013,0.9354838709677432,0.4542100427906791,0.8484110546893927,0.386643844622394,0.4878674826806054,0.9759985655492746
1.0,0.7230514096185738,0.8686895666998107,0.9040468692834712,0.5658396817862923,0.5409855916229455,0.7661290322580652,0.42955258930282136,0.8437887470625999,0.3711734134496004,0.4861697371865194,0.8890862207346433
1.0,0.7208402432283031,0.8663583641124128,0.9263326986916788,0.5639102332922534,0.5416686769156486,0.7069892473118289,0.4285700249080073,0.8416193478706254,0.3677803058656063,0.486250583758633,0.83327925681791
1.0,0.7484798231066889,0.8634231297287256,0.93547802288065,0.5443093884921609,0.538190663942545,0.7311827956989246,0.3975455541417546,0.8411592677477139,0.3746906492889596,0.4873841006814388,0.8290271350262131
1.0,0.7423991155334442,0.8591946731755153,0.9359856754646211,0.5393182026868145,0.5597236646700846,0.6,0.4135220512014305,0.8427683105013591,0.389389588842974,0.4885821016650253,0.8788486825253162
1.0,0.7805417357656168,0.855738648307828,0.9368399103407036,0.5224792636470914,0.0,0.6169665809768644,0.3796874462660096,0.8418683794876629,0.3876805970190113,0.4896142833313773,0.8537116412507045
1.0,0.8855721393034829,0.8526646380338576,0.9521943182728412,0.6396696103036509,0.4826522105565108,0.9376344086021507,0.4222079204515866,0.8388694683904846,0.3763443078850925,0.4892545975217111,0.8769873119418026
1.0,0.8358208955223879,0.8463227489498149,0.951816468347038,0.6317786334598631,0.4754724469981584,0.8458333333333329,0.5268903310750728,0.8351814939617758,0.3605171944584712,0.493728634292148,0.9858262606943424
1.0,0.8374792703150917,0.8422356256969497,0.9690894034673226,0.6356239820517114,0.0,0.8562500000000004,0.4580027413546614,0.8328045172576625,0.359429900910524,0.4922939745739936,0.9382820008237608
1.0,0.8606965174129355,0.8358976678514531,0.9686347194807444,0.6211002391708869,0.4954014496695607,0.9102428722280878,0.4540086170897427,0.8317296683705023,0.3659584792029905,0.4918832794208289,0.9585556725092677
1.0,0.9004975124378114,0.8271189711694387,0.9581134496554876,0.6519663657114956,0.6102345377990792,0.91891891891892,0.4568138384369364,0.8304642758352537,0.3736044803295616,0.4922128413409267,0.9264289963846049
1.0,0.9248203427307908,0.8190670730056464,0.9517389981965212,0.6697662843711817,0.4717389390570508,0.9523809523809526,0.4576932335702954,0.8271795349152871,0.3683357951451155,0.4922689435326801,0.9321953228685188
1.0,0.8949695964621343,0.8124029252295468,0.9471987537544332,0.6594668717089976,0.4836915441217992,0.9537925021796,0.4629597787264982,0.8229760817689175,0.35202045829376283,0.4929063601376166,0.872234680334996
1.0,0.8877833056937537,0.8064669798709941,0.9520946189949038,0.6561414980701613,0.4539111913567892,0.9757516973811832,0.5080545716264878,0.8186378740979242,0.3374704218898886,0.4929281193953516,0.8776165850533156
1.0,0.8966279712548374,0.8000172821833165,0.9420839449302392,0.6627131712681467,0.465990923033808,0.9657947686116696,0.5061434838785747,0.8142979181921043,0.3176686869847967,0.49282963971108,0.8639970710722619
1.0,0.8767274737423992,0.7950660487702235,0.9426254001739338,0.652045490449165,0.5436009442191096,0.8238341968911914,0.5324074301519532,0.8100005040494699,0.3006748325693719,0.4951208131984407,0.8460299299803211
1.0,0.8457711442786073,0.7922824637883463,0.9518875749951812,0.5843177257990417,0.541925965013574,0.8618307426597576,0.5293762189939525,0.8092091718486106,0.2990054933802868,0.4952929053417315,0.7620337741979775
1.0,0.8789386401326704,0.7896130326248536,0.968820355491338,0.5774886695731037,0.5233865064074056,0.9274611398963728,0.4490122771421129,0.8115082426393202,0.3175614059716733,0.488136835360738,0.7633060271841103
1.0,0.853510226644555,0.7842362079270637,0.9925171284100736,0.6080762868896978,0.4993654903595118,0.8635578583765102,0.4340183444772512,0.8134435154382093,0.33348110954720755,0.4867376130839844,0.7996613427303098
1.0,0.8463239358761746,0.7797336306316185,1.0,0.6031723965418372,0.5949148550055886,0.8393782383419679,0.5102407774049492,0.8151422768397353,0.3518603225130448,0.4891976398355828,0.8435586472015011
1.0,0.8629076838032064,0.7742906784781158,0.9977462638388696,0.5790155473590817,0.0,0.8825561312607934,0.4357967860318642,0.8173869272394364,0.3745465492438905,0.4829128014551648,0.8496819367534663
1.0,0.914870093974572,0.7665743017490481,0.9696671578608528,0.5900879985438633,0.5961457651460671,0.9664310954063609,0.3903384443057937,0.8223496950428019,0.4117809321282081,0.479232881549156,0.8641984348542402
1.0,0.9463792150359318,0.7566570665834382,0.9478548747678712,0.6118226987370584,0.4896407578648669,0.9895287958115192,0.3627971643191569,0.8236403688575223,0.4279266821214307,0.4808512265819585,0.8386160816438609
1.0,0.9353233830845774,0.7474407949831832,0.9398360994597548,0.6062560683636956,0.4882938080715416,0.9601040763226372,0.3787147075151439,0.8240053826329853,0.43889280524874,0.4783485420616788,0.8436867877900327
1.0,0.892758430071863,0.7388350005772429,0.9491468491913484,0.5974321884541691,0.5463641327625584,0.9636048526863084,0.3671106220123903,0.8243392184993831,0.4454508775342063,0.4773980763310982,0.8739645782801704
1.0,0.8839137645107797,0.7308309402791762,0.9482052590582628,0.5935860949160666,0.4884937339842523,0.9779559118236476,0.3606699124043841,0.8232504453674431,0.4429074326787089,0.4768814540264836,0.8879044437325522
1.0,0.853510226644555,0.7225129918838469,0.933279561938164,0.5731547660767919,0.0,0.889361702127659,0.3934924760131464,0.8217145670854676,0.4314417969872753,0.479408320606241,0.8627705825820327
1.0,0.90326147042565,0.7166607807040537,0.901644365380826,0.5690363165091342,0.0,0.9389002036659884,0.34620656451272186,0.8208673169839732,0.4294653184751066,0.479574924217506,0.8079172577914058
1.0,0.8905472636815921,0.7084050267667883,0.8625843975651802,0.5352121411363943,0.4980500517945346,0.9495495495495492,0.3307360881163747,0.8214456684281203,0.4364926705737455,0.4783689235563176,0.8350006864674381
1.0,0.9237147595356552,0.7000735831128295,0.8289234698569218,0.5591278187485982,0.6690234937025222,0.9534450651769087,0.3376729927437621,0.8206673981109266,0.440472271164826,0.4789002839317435,0.8181227403780147
1.0,0.8805970149253732,0.6910676559405255,0.7799699140521934,0.5325193840167949,0.6581537450512935,0.7823129251700679,0.3524802381736092,0.8184452406776659,0.43407531377556696,0.4762980226996654,0.819651274541211
1.0,0.8275290215588724,0.6843801404651806,0.7312290715440699,0.5498636743951707,0.0,0.851919353001481,0.3528044844238977,0.8166811374360526,0.4305453720824126,0.4763358674767772,0.8075145302274493
1.0,0.8938640132669986,0.68067326584935,0.6946498703579848,0.5776697293416272,0.5635276106627465,0.9480000000000004,0.3529911716589124,0.8138219163003707,0.4228014373964904,0.4763579473503994,0.8003386572696898
1.0,0.8612493090105031,0.6746684666148068,0.6629755586986438,0.5842062754436776,0.4962192499789026,0.9723991507430992,0.3974669489901692,0.8115764950597172,0.4150387557121191,0.4760283381592553,0.8050249416502673
1.0,0.853510226644555,0.6704165945961802,0.6588845931877743,0.5795464144907293,0.5017608511007388,0.9149840595111572,0.3485450677723793,0.8088242380143714,0.4058793838018343,0.4760882746847229,0.7287721385748938
1.0,0.8220011055831955,0.6667606531316008,0.6597396385518397,0.6031698084385094,0.0,0.8223552894211578,0.3625220462886087,0.8076939794709582,0.4018583556989249,0.4771626351700967,0.7266029014690405
1.0,0.8518518518518519,0.6641403453504711,0.6426180232587545,0.6729835309471491,0.4701695777801898,0.9780439121756476,0.3655434318026619,0.8067034942462276,0.4058917946505435,0.4774090740312862,0.7164614891766969
1.0,0.8590381426202323,0.6584195681518243,0.6210019856323027,0.6792899966337387,0.4621699776999798,0.9397590361445776,0.3916649062387926,0.8066808723206421,0.40992661361434135,0.4793585456799765,0.7869296599697955
1.0,0.8800442233278056,0.6498998003026546,0.5591449282160366,0.6547618725565201,0.0,0.9578313253012049,0.3547155721718112,0.8062277262756766,0.4128726905830923,0.4802845967290337,0.7335133403505565
1.0,0.9817578772802658,0.6434094528924991,0.5410212715156439,0.7191272523051279,0.4607118843999667,0.9635157545605308,0.3564350598627357,0.8048805051282998,0.4073175059906176,0.4804437704361034,0.7123243787469681
1.0,0.8750690989496961,0.6364183266801524,0.5137156904743251,0.5599922417915013,0.5474489641736672,0.9859813084112145,0.35020068877764066,0.8027264383881053,0.4065351617604696,0.48000482737615,0.6722529861333578
1.0,0.8220011055831955,0.6313065181227904,0.5146684052008323,0.5660746625037357,0.5142810263441494,0.9631490787269684,0.3404634756250336,0.8002681271862474,0.4058004956536421,0.4792821696660241,0.6294448766646833
1.0,0.8114980652294086,0.6250643111472538,0.5063569520377614,0.5610488643753804,0.4882477749411641,0.877192982456141,0.3444772511778489,0.7970790583291737,0.4031164110327419,0.4796408146183354,0.592650221957805
1.0,0.7921503593145389,0.6191808917594089,0.4938298039327561,0.5941472383318399,0.0,0.8403508771929828,0.32485544021341284,0.7951824417575138,0.4032293787751856,0.4781208881475724,0.4874467987735114
1.0,0.8374792703150917,0.6113361639815602,0.4768458445812046,0.5853270245765408,0.5408435653580385,0.90701754385965,0.3330795041980064,0.7946009269404705,0.3964820985578917,0.478766355927384,0.5328909432062605
1.0,0.9297954671089002,0.6035541535018463,0.4515825720492801,0.6410525754784535,0.4959594017332993,0.9507299270072987,0.3568428240865837,0.7951394054038771,0.39084068180916864,0.4806947167721231,0.5779598187725964
1.0,0.8347153123272528,0.5972448752601986,0.43202836248178617,0.5913434957848543,0.5343849195916945,0.9253996447602127,0.31580602213717585,0.7953751226471767,0.3809663984573809,0.4773929424570876,0.4914100041188048
1.0,0.7617468214483142,0.5951939423042281,0.4194247164201628,0.5909374535791799,0.0,0.888235294117647,0.24562636023758394,0.7960552436733322,0.3842373172448119,0.4751895300488125,0.3841563315180083
1.0,0.7396351575456056,0.5940499691762589,0.4048435512959872,0.5736409263938202,0.4895313921627336,0.9372549019607842,0.24321907747028956,0.7977717371418577,0.3956322133102009,0.4749925607570071,0.38701203606242257
1.0,0.6434494195688227,0.5913002743974998,0.3726723153036328,0.5627446210219268,0.4170214666156377,0.8479657387580297,0.28024701668885604,0.798935055330784,0.4029552629788888,0.4781037834808141,0.4755663356368128
1.0,0.6218905472636816,0.5922654954556339,0.3916202876183005,0.5994052200256814,0.4427322142829969,0.7944325481798714,0.2404678971648103,0.7999421942582979,0.4110124787838095,0.4747046865030202,0.3994508260491511
1.0,0.5356550580431181,0.5947705078411036,0.41621083757492255,0.5531001330234497,0.4480666275842636,0.6567944250871082,0.2181636854025321,0.7998852837797391,0.4138499831591146,0.4764969666809279,0.3719555169099813
1.0,0.3996683250414597,0.5973019110421801,0.4441477559482583,0.5352526144500531,0.5052568568987883,0.4650432050274941,0.2463583707117205,0.7990353550526285,0.4127668426187021,0.475184147064797,0.3822159168916756
1.0,0.41791044776119424,0.600267195576335,0.4288394450454559,0.4908030454941082,0.4372006431076593,0.4199611147116009,0.2494927511311773,0.7979343082672145,0.412778627470704,0.4754100911321942,0.34431376138391856
1.0,0.42233278054173584,0.5999586988778347,0.3874812633067871,0.4929140549629725,0.4950366376922632,0.37610062893081775,0.27313325047040243,0.7976451194547746,0.4164245843026765,0.477460781309844,0.3931902430094731
1.0,0.4394693200663352,0.5998506352996218,0.3519844374591423,0.4522002873527413,0.4981249602532699,0.3861635220125785,0.27644449248092584,0.798487953280186,0.4315732807494129,0.4777409882004089,0.3891538144707336
1.0,0.4759535655058048,0.6025684156606474,0.3612554557921521,0.4233175975041867,0.4531997509928486,0.41635220125786176,0.25492633223449884,0.7987585342109488,0.4379091387181415,0.4795893574385321,0.3653745823989748
1.0,0.3488114980652296,0.6033805471829705,0.3755217357450593,0.4181354210203944,0.4361238395849505,0.3594414086217366,0.23238630501746504,0.7992806273460765,0.4479273288371477,0.4775539142083596,0.3010937714521074
1.0,0.3902708678828084,0.6085432733793623,0.4187937913542517,0.44155293479293195,0.5925232015548602,0.324225865209472,0.2251398926057116,0.7990167007026484,0.4440059819823709,0.4768987293088609,0.2845270239348314
1.0,0.21116639027086792,0.6106250481117865,0.4227211937247475,0.3894490767302648,0.4519827457938642,0.09225092250922508,0.21472471002068305,0.7989451226005572,0.44267699936051785,0.4758860395891034,0.2347260994920143
1.0,0.3631840796019905,0.6200441243217367,0.4538091958921793,0.4135025096832274,0.4952219962378274,0.3037530375303755,0.1445204840112209,0.7990479403335337,0.4381246187287471,0.4690183197527474,0.08755663356368157
1.0,0.4134881149806522,0.6222942160382772,0.457494334774822,0.39259432433912894,0.4701176954873046,0.34650346503465,0.2349016698681891,0.801727582356277,0.4592127760905325,0.4736030617679782,0.2530685094503686
1.0,0.3852957435046991,0.6231739852753881,0.4629494796743889,0.3729956462715425,0.5605127888734934,0.2835028350283505,0.18915838446762206,0.8046997622492209,0.4825920182247442,0.47320450293411104,0.232364651503364
1.0,0.4577114427860698,0.6260934279980606,0.4745550356292825,0.3685314510842137,0.6055458456723362,0.2992529925299248,0.1655915774580076,0.8073771943133393,0.5018072436467715,0.4747681368848061,0.21237471969246274
1.0,0.4637921503593146,0.6273289202107479,0.4536074447321406,0.3709399983153024,1.0,0.24975249752497505,0.17742656559354258,0.8116731504607012,0.5179151684793136,0.4721271944076815,0.2126767653654296
1.0,0.3996683250414597,0.6322540349188863,0.4581157313882721,0.3237891818737292,0.5803825403095354,0.00337503375033763,0.08775282610084051,0.8151962097138078,0.5280261130908325,0.4681592658787941,0.18075145302274492
1.0,0.467108899944721,0.6444753214091059,0.4782807930985671,0.3546961431045725,0.2809337743851923,0.014867275774449832,0.0,0.8201376421889496,0.5478149204580843,0.4589856544876641,0.0013327328376182429
1.0,0.5245992260917636,0.6564394543191954,0.5206839117149844,0.3405524005465283,0.44215572192378,0.08529605987233163,0.02110057037863133,0.8223139521149451,0.5538848319669357,0.4612184974223598,0.01263186845569036
0.0,0.4908789386401329,0.6676594596489911,0.5516856452666636,0.32611775254486985,0.4520290674916968,0.08677383997077091,0.07319613459167068,0.8246421373972689,0.5645717591672643,0.4623483356610841,0.0489676914200937
0.0,0.5085682697622999,0.6794525705075285,0.6026930706698264,0.3351553417206425,0.5626896074498243,0.061011684662033175,0.09306849947678447,0.8253015807484262,0.5666736962204825,0.4642329222883833,0.025418826618016668
0.0,0.4930901050304037,0.6846030975037263,0.6149839484547822,0.3284873852388634,0.5697294378655052,0.05636440062669601,0.1657193108293333,0.8260509755876743,0.5687644187390577,0.4671727428980582,0.12675894681266214
0.0,0.7175234936428969,0.6904893634754956,0.6297884697407428,0.3998416934542009,0.5563319956144002,0.3360806593582457,0.1573675134734141,0.8263129183875674,0.5739383393319314,0.4663276438441274,0.09299175906158892
0.0,0.7650635710337206,0.6911867016623732,0.6356680792720388,0.4273489459743372,0.5449675528113569,0.6701193959041665,0.19790320758146698,0.8258562191061206,0.5738394525735608,0.4700690076331007,0.18894474668870406
0.0,0.7346600331674963,0.6925506721792283,0.6582719716471002,0.4605890620876857,0.5365155824473079,0.6602356290029257,0.27489695355909394,0.8258515651603314,0.5789710984839034,0.4734029800860774,0.2839680462778049
0.0,0.6340519624101718,0.6947558212320641,0.7020731595877526,0.4562596596892188,0.5496287551666007,0.5950027674547328,0.26796987457565485,0.8255301495623516,0.5785790736097048,0.4727790124295091,0.2950095264329823
0.0,0.5478164731896078,0.696995827955766,0.7170517824653752,0.46546848789613204,0.5437165687877352,0.5495374397090216,0.24239863620062002,0.8265468932719237,0.5891413545539804,0.4741112239360062,0.2352799393981133
0.0,0.5544499723604203,0.6965690969275016,0.7061368374380793,0.4684338751194823,0.4914132323039033,0.4665137977385935,0.2361888292253952,0.8270807627492834,0.5945911460032505,0.4735214347472867,0.2144709960287401
0.0,0.7396351575456056,0.6950090026303333,0.6661174232339695,0.5075701788468284,0.4674472021187661,0.8519807068870083,0.2195392755552716,0.828809385320718,0.6074749739843031,0.4719187970986953,0.16465808139935267
0.0,0.7020453289110008,0.6867676964464493,0.6061099426457378,0.4908089839498487,0.0,0.6463983553411876,0.2591267950223289,0.8303185256086708,0.6137274282457107,0.4756109486980394,0.3228198241627071
0.0,0.8153676064123828,0.6831926883286035,0.5835234148125497,0.5017125443388758,0.4967836445974452,0.9893842887473469,0.26859871578833594,0.8317707814381153,0.6215781915148652,0.4764707539186663,0.31756306957739394
0.0,0.7578772802653402,0.6753563539101877,0.5388938767622066,0.5248554675894358,0.5216682613103961,0.8692660550458714,0.34698770320659905,0.8315287926192646,0.6131891451731274,0.4835541420381924,0.5106397631017152
0.0,0.7230514096185743,0.668857148392191,0.502159799940213,0.5567843732047579,0.4717371204967994,0.7477064220183499,0.3216031520665785,0.8304484266892891,0.6041180784129793,0.4812732000889814,0.4181989302848749
1.0,0.7849640685461584,0.6622818333988845,0.4626837015735687,0.5873474980975966,0.5130708086759498,0.736238532110092,0.3096846459574845,0.8294225458006145,0.594141254819848,0.4801839795588331,0.3456603080595921
1.0,0.7611940298507462,0.6553456161297311,0.4300226685241644,0.5775288703943684,0.5145129765187751,0.505330490405117,0.3302890213167346,0.8296974224905523,0.5971471495480375,0.4784216064741752,0.3923627849321675
1.0,0.7081260364842457,0.6544249035784677,0.4293360690365134,0.5970743336678255,0.4886414876606413,0.4781818181818186,0.2646979351409242,0.8300024856629075,0.6023764647904214,0.4758756889760157,0.270344099350366
1.0,0.5837479270315094,0.6542908164209678,0.4265386482133919,0.5783743642563809,0.4973932152688421,0.2909090909090912,0.280802165571926,0.8306933364115799,0.6095319815578062,0.4737045216327101,0.2725248490691642
1.0,0.6804864566058598,0.6590973990501754,0.4447322556959804,0.5804135965420807,0.4841846469910271,0.35454545454545505,0.24338120059543406,0.8299908541875697,0.6081966506248856,0.4700330318059245,0.1850653077152632
1.0,0.5837479270315094,0.6613859763900689,0.4454458526620117,0.5818272776988791,0.478655351090875,0.2818181818181826,0.27115338321485233,0.8299796495146873,0.6100774957494486,0.4690294375760004,0.20115694511397306
1.0,0.6346047540077394,0.6670027353849846,0.463880407463245,0.6062512678218814,0.4476733224641021,0.5109090909090913,0.2511238080265684,0.8304317730231744,0.6149580078039423,0.4670317285748238,0.14428528797373918
1.0,0.6909894969596463,0.6675974774190794,0.4680637975093261,0.5853100060794378,0.4676139689452544,0.6200000000000007,0.2518705569666271,0.8316249643455506,0.624380070413209,0.4671335170398196,0.17618162201868556
1.0,0.707573244886678,0.6663853671946947,0.4694159708453836,0.5942024922131952,0.4707658942234214,0.6963636363636373,0.3324162732315069,0.8327883524594163,0.6360827362498431,0.4712219782047704,0.3490002984183826
1.0,0.5461580983969045,0.6641602317486133,0.4687456552420998,0.5522632625415486,0.4368515850712352,0.2527272727272729,0.3437796304575312,0.8323261668077554,0.6376630646469871,0.4686191784019961,0.3678465670408376
1.0,0.5964621337755667,0.6677586823273522,0.4791675769046465,0.5312184059272157,0.4607361347802969,0.3963636363636363,0.3017307871814649,0.8318760801380121,0.6365266536639035,0.4645027227565596,0.23383375800564696
1.0,0.6876727473742399,0.6700775891679513,0.4808664980004518,0.5379829738310569,0.4798265206296459,0.4872727272727273,0.30960604080589943,0.8316726313466737,0.6321871296809844,0.461578870551326,0.2406170373941192
0.0,0.7125483692647874,0.6686623008062809,0.4648752370464047,0.5529675199115589,0.0,0.7581818181818185,0.3012738947378765,0.8322055156165339,0.6395679057390987,0.4607541042754956,0.20625301287790124
0.0,0.8739635157545609,0.6666769230287963,0.4598435137210189,0.6016104590949988,0.4810107218793726,1.0,0.3662803550987722,0.8328107237175363,0.6489234016388534,0.4672014061499866,0.3660675343755021
0.0,0.7606412382531786,0.6606189611433346,0.4425355720074698,0.5757545395643797,0.4537136150768509,0.9939879759519036,0.4126623073559682,0.8326174847032818,0.6543286212277091,0.4681008703250539,0.4613089089364827
0.0,0.5804311774461031,0.6581608324044472,0.4442773914081284,0.5272468526054515,0.4909024778774203,0.7789934354485781,0.4330750826582296,0.8320144946032503,0.6521432820053497,0.4664245750327845,0.473532584991851
0.0,0.5588723051409619,0.6589199884437196,0.4511935872420704,0.5655669118110049,0.4372360333959275,0.6286836935166995,0.3956786817916079,0.8314224655184982,0.6560913751407671,0.462851311418095,0.3861074765282464
1.0,0.4886677722498617,0.6583932344044463,0.4446296835802277,0.5790511821434302,0.4495592465441007,0.4568345323741003,0.37386083940476256,0.8314384935502751,0.6640086525205798,0.4607337279016965,0.3253563804145722
1.0,0.48424543946932,0.660979614062509,0.453190725904777,0.5773022209563335,0.4451922237402872,0.45854483925549894,0.3871500228446221,0.8314263947884325,0.6690732659837266,0.4583786674418077,0.3417234809356564
0.0,0.4477611940298509,0.6621963153579575,0.4488479533550153,0.5616934080873077,0.4796480192081987,0.4754653130287649,0.41231840981778334,0.8311872464570479,0.6730798780294498,0.4572339805382132,0.3888506301218923
1.0,0.3902708678828084,0.6629046365386453,0.4434777807459444,0.5187658965534981,0.47550936239697,0.2511485451761103,0.365494303582921,0.8306742291605697,0.6661346028371229,0.4525865217895476,0.2592681863048921
1.0,0.35710337202874565,0.6659080667530455,0.4464087375904156,0.4890382259256417,0.4504891993272838,0.1378254211332321,0.3342634942937572,0.8307060088057557,0.6628143400645923,0.4493722073991333,0.16352179601955816
1.0,0.3919292426755116,0.6712945044640948,0.4582532159329454,0.4567366948257298,0.4177122591987736,0.0826010544815464,0.2975794526133755,0.8312542442896081,0.6568379067379333,0.4454429172581639,0.07665909143080131
1.0,0.47705914870094,0.6762643403083164,0.4762933989953914,0.454378645109351,0.3813209479104242,0.2792792792792789,0.32591169693783817,0.8321744223657753,0.6623979485457232,0.444815373275825,0.0998024543549837
1.0,0.39524599226091794,0.6782512910130309,0.4823728924563367,0.4283110789615212,0.4122483779086057,0.027027027027026786,0.3822912419122666,0.8322310982768634,0.6656008019040246,0.447185073062728,0.2216749357403308
1.0,0.4665561083471534,0.6852658360047719,0.5142699613673384,0.4706959957071183,0.4499038410146557,0.2702702702702704,0.3409400193565185,0.831890691074724,0.6688758037150165,0.4427929930275567,0.10664829566506076
1.0,0.4870093974571589,0.688866271320723,0.5336692292289227,0.4340575513108697,0.399086628189123,0.33153153153153103,0.45003905693469387,0.8309999833297276,0.6654798723161846,0.4509825815329898,0.3766361402725041
1.0,0.4571586511885022,0.6905610875425685,0.5400026312524279,0.4539176003800233,0.43068988276362896,0.2558558558558563,0.4784646448766634,0.8301137917007443,0.6626865798164486,0.4542053122123085,0.3841343674920189
1.0,0.5096738529574354,0.6933394297086769,0.5487320686504229,0.4554761988896453,0.4730277090539278,0.2774774774774775,0.4680985905113755,0.8304458033972809,0.6654753473102528,0.4531509518921363,0.38315297797692016
0.0,0.5610834715312327,0.6959286075601163,0.5497766903435795,0.4470512135146173,0.4319585342640877,0.3639639639639634,0.4555414175456524,0.8316525515632996,0.6764579676157169,0.4514858278641203,0.4220641457631346
0.0,0.5444997236042014,0.6978975470686617,0.5540882657609942,0.4839600467999772,0.3933937301393374,0.3423423423423423,0.5116605829554554,0.8331778291159583,0.6914522119781914,0.4539123935728594,0.5193227671700156
0.0,0.5002763957987841,0.7016003180915882,0.5726656626585609,0.4368565866760096,0.418076714552508,0.1351351351351352,0.5041783550889466,0.8341653465252828,0.7010026364227163,0.4529695491850792,0.5222763010108572
0.0,0.5417357656163629,0.7086652516822047,0.618471732897827,0.468643875469157,1.0,0.32252252252252256,0.4235785977823521,0.8354613683644995,0.7112163452660313,0.4480288311611716,0.3953887432921504
1.0,0.46268656716417894,0.7133794549688524,0.65409955165034,0.3562684970295081,0.3665495323442935,0.036036036036035286,0.4468408098295741,0.8362112323621831,0.7156530970186332,0.4468875879706666,0.4392965597570613
0.0,0.5655058043117748,0.7233181532727626,0.7060669187149493,0.4141185749782573,0.554175595354006,0.02290076335877949,0.4198202889721884,0.8354025042921586,0.7168241144285982,0.4441394208432072,0.3502121552477224
0.0,0.6605859590934221,0.7297591932196896,0.7355707503436119,0.5448287288465978,0.5825917036922236,0.3465346534653478,0.4500980107983826,0.8349455176501007,0.7204120186059773,0.44385341901569203,0.3832210158492447
0.0,0.6600331674958544,0.7315937252242803,0.7535616091487254,0.5437924917286031,0.5716183434579358,0.3574958813838557,0.5292190086907821,0.8350060557091928,0.7271634238219865,0.4489660459210631,0.5497004867090979
0.0,0.6948590381426207,0.7336423034630426,0.7705956575805641,0.5642902551541997,0.4615292198719583,0.5584843492586499,0.5364261185267428,0.8347403242680648,0.7300744945105558,0.44977919534610733,0.5661113191064521
0.0,0.6959646213377559,0.7338912155061408,0.7844535152475524,0.5661701684566409,0.0,0.6408566721581557,0.5721472471002067,0.8333473278386568,0.7270792995271532,0.4500718873346996,0.620699696326802
0.0,0.73852957435047,0.7340958612707023,0.8036921271423939,0.6370969200248822,0.4775976206502793,0.8912685337726528,0.6298286898977641,0.8322829278677287,0.7286070705694452,0.4528829390865109,0.6851678522401093
0.0,0.7059148700939749,0.7315950169487817,0.8181464651751827,0.5954673881103925,0.4385647210183953,0.9519408502772636,0.6594284422915369,0.8310489788569663,0.7330510991858749,0.4559083935686216,0.7827173179405044
0.0,0.6959646213377556,0.7285470509909282,0.8293463095368592,0.6257722279517356,0.4624154802793743,0.9001848428835477,0.6590992832192739,0.8304756412158801,0.7376211555496627,0.45604524584598,0.7646146252027363
0.0,0.7180762852404645,0.7254755009980263,0.8443609596584236,0.6578489631930224,0.459408935659959,0.8438095238095226,0.6700057480017095,0.8301891913318368,0.7426128947796172,0.4534900024822166,0.7794780652870241
0.0,0.6821448313985631,0.7217796502003115,0.845947096654228,0.6376557067911365,0.4814296121406309,0.7219047619047604,0.6512928091024763,0.8300150423975364,0.7459063899836431,0.4509365620183439,0.7837364940341439
0.0,0.7158651188501933,0.7192959944049575,0.8530015790791687,0.6407800010938536,0.0,0.7523809523809503,0.6452598637183182,0.8293773472333331,0.7520820396907055,0.4504481990039925,0.7627793869057621
0.0,0.7390823659480376,0.7153545721928489,0.8412783961726895,0.6255558174674971,0.4495424863744322,0.8323108384458063,0.6518872605613389,0.8270844792288546,0.7502186584104489,0.4513848041995885,0.7443924910289745
0.0,0.7523493642896629,0.7111294448772876,0.8246030578525557,0.6404614870589463,0.5614741382854549,0.9134368611074868,0.6848277318974789,0.8248258060109067,0.7502728967633586,0.4513564594413224,0.7684537458999735
0.0,0.775566611387507,0.7070110334965769,0.8113472650576992,0.6256998070605978,0.6997582187834955,0.9692487349163124,0.7011383008513921,0.8229923914715697,0.7444725691475337,0.4493944432938221,0.8015419760137066
1.0,0.7313432835820896,0.7021223426856826,0.8047732969918675,0.5766190961969005,0.5275054422772323,0.8506787330316719,0.6986966283302791,0.8220688933725141,0.7423926461279964,0.4492341337409209,0.7912805585748235
1.0,0.7180762852404645,0.7003629564633527,0.8250201831555986,0.5596073208254796,0.5410787631699021,0.6672212978369386,0.7047787019341782,0.821421345293062,0.7380917585215304,0.4498898348481637,0.805042279987473
1.0,0.703703703703704,0.6992793527672163,0.8442959746232498,0.5229943711093482,0.5243163364941558,0.7440163829514911,0.6760927344275824,0.8209351374835744,0.7392894071323248,0.4509272178503054,0.7541681251266555
1.0,0.703703703703704,0.6970540651903969,0.8480501809091295,0.5237228867828122,0.5303750775508899,0.5946926063398605,0.6744076364904762,0.8194575858601573,0.7326311717714961,0.450675777549527,0.7552734842762657
1.0,0.7589828634604757,0.6933022642576039,0.837251511309675,0.5610553956715184,0.5241464561490476,0.7898089171974509,0.6858446860461118,0.8180067851840979,0.7346724323311381,0.4523763198615196,0.7247103037895399
1.0,0.8220011055831955,0.6889369520808841,0.8238783544695722,0.6261502453640645,0.4800648220703681,0.7388535031847134,0.7137102122830374,0.8164078689244242,0.7362695979844923,0.4555124039700471,0.7882424318127067
1.0,0.7949143173023773,0.6849408772733758,0.8148182709234061,0.6397026108361034,0.4808602798998291,0.7683168316831683,0.712344447774246,0.8173974277522168,0.7560276948151105,0.4554625601641902,0.7796325871467958
1.0,0.8164731896075182,0.6836514945839183,0.8266225651354406,0.6210686913060649,0.4885529666874922,0.7960396039603961,0.6434126426560677,0.8179526269853415,0.7651698393141629,0.4508581243797043,0.7299006968174798
1.0,0.817025981205086,0.6815079168640743,0.8190705716546978,0.6221510782295834,0.4923950553807478,0.8039603960396038,0.6671513984347748,0.818826763367475,0.7782656284620805,0.449779097499933,0.7566402869353412
1.0,0.8159203980099503,0.6794715700440206,0.8255656160789318,0.6398762801604082,0.5328596084779361,0.7999999999999992,0.6727078000874481,0.8166566104109972,0.7720072118724725,0.4466043695535093,0.7653125864330259
1.0,0.8253178551686016,0.6768832067021444,0.8171365974196643,0.6632830673580272,0.5162705791697925,0.8455445544554453,0.6955917248426667,0.8142126296146052,0.7686272111974437,0.4494663609167723,0.7499486978167573
1.0,0.8391376451077949,0.6729834830131456,0.8229803413817183,0.674708375704101,0.0,0.8435643564356439,0.7183724803364301,0.8136687431832025,0.7714031494012926,0.4482867598655946,0.7675492610837439
0.0,0.8800442233278056,0.6679541769610906,0.8119426887214514,0.7122376338251606,0.5094464337305155,0.9346534653465336,0.7016639728026173,0.8143395713411558,0.7833493732679059,0.4451857615706532,0.8196516537649541
0.0,0.9082365948037596,0.6609294510866042,0.7975558844163646,0.6845119157322849,0.552525023235143,0.9884057971014504,0.7292985964067622,0.8156534848147258,0.7971756602377739,0.4482400609823624,0.8701090781140044
1.0,0.8905472636815921,0.6524686680762266,0.7723856834731115,0.6742028015816479,0.5309454835137322,0.9089147286821706,0.7368889063567003,0.8142908948602979,0.8020195569397587,0.4489444609617424,0.8925404644616469
0.0,0.945826423438364,0.646331823389533,0.7578234323481445,0.7192770004477025,0.531941669977329,0.9781931464174454,0.7484045610639205,0.8127836148283129,0.807410615885722,0.4503575316018583,0.8847202674173116
0.0,0.8927584300718634,0.6385522268599175,0.7332220482242571,0.6515473346100272,0.5145855808851383,0.9472817133443162,0.7677365155318867,0.8111910073457985,0.8173074506890144,0.4486743756660557,0.917690007037298
1.0,0.8794914317302379,0.6332704644302722,0.7237746635470743,0.6428420746961407,0.4833940857581098,0.9531388152077818,0.7575571484016133,0.8105731309965917,0.8308747801130391,0.4514633558599146,0.9041959887403236
1.0,0.8424543946932009,0.6291145691403977,0.7265334339377488,0.6169725766706307,0.4859916804109117,0.977099236641222,0.7403180560946011,0.8097620554332253,0.8423921946636425,0.4531521204623098,0.8940358902181562
1.0,0.7728026533996687,0.6250247203372699,0.7284187278887144,0.5395839237598082,0.4838561684154662,0.9216061185468456,0.7272057342458081,0.8091912020650046,0.8463311292306946,0.4521164257007679,0.8583743842364533
1.0,0.7915975677169713,0.6201437973819359,0.7254115040007242,0.5563259121763197,0.5066572034120557,0.9158699808795416,0.6886400817493576,0.8083744389542961,0.8442654336323324,0.4519899566277074,0.8029644616467279
1.0,0.8225538971807631,0.6129884417587304,0.6931022533127744,0.5823592739264686,0.0,0.8757170172084132,0.6840858957793947,0.8089592258088231,0.8523804080194325,0.4552550331785995,0.7993314567206194
1.0,0.8651188501934771,0.6060450848122583,0.6641444271954157,0.5841496985183313,0.5071957242731663,0.9785575048732944,0.6523490658269016,0.8092160797263915,0.8681767066803713,0.4550849986644899,0.7835151301900067
1.0,0.8485351022664458,0.5985691716118324,0.6283055684973364,0.5728818697154631,0.5531918755519768,0.955010224948874,0.6339112449582165,0.8098406648254136,0.8939392663442302,0.4533367998454878,0.7491115411681915
1.0,0.7877280265339968,0.5915638462808708,0.6013308826957104,0.5562290723453962,0.5845558417633474,0.809815950920244,0.6230342571076251,0.8096198836171152,0.9010877794088278,0.4556973965144484,0.7472290640394086
1.0,0.7263681592039802,0.5864222479192565,0.5763842606701883,0.4979409371543471,0.467329797805935,0.8060606060606057,0.6258050887010005,0.8098791934458135,0.8915561193777216,0.45222514088121,0.7501935256861362
1.0,0.7269209508015478,0.5843651861138994,0.5650928905475021,0.4984384464570879,0.4735661360671794,0.8777429467084636,0.6070282831161048,0.8097102697444548,0.8797438823663551,0.4537982096457594,0.7360045742434909
1.0,0.7042564953012717,0.5809870648376272,0.5425905184272902,0.5218191580989145,0.4672723134348962,0.7993730407523507,0.6333364447872505,0.8090891971423463,0.8736134241901269,0.4529696882143196,0.7823715693173825
1.0,0.7457158651188505,0.5803932819284157,0.5471578527691043,0.5135642745651023,0.0,0.8865979381443303,0.6451124790590962,0.8075760569479297,0.8782919047322569,0.4543527381255668,0.778764954257565
1.0,0.6462133775566615,0.5776019257964493,0.5375099760685527,0.4151484094580794,0.4060725074170885,0.8958990536277609,0.6573797955283491,0.8061648250926355,0.8802220137192162,0.4519505822921326,0.7883180858550314
1.0,0.7053620784964073,0.5766157909653893,0.5481530229836542,0.4153282423697322,0.4781151317565866,0.9602649006622525,0.6850389832423643,0.8045186527558673,0.8798802552636581,0.4550006828884278,0.8418103448275863
1.0,0.6749585406301826,0.5721016610442446,0.5310556278117498,0.4399595239798447,0.4675018804798723,0.91501455704977,0.7243071692811067,0.8031158431389992,0.8805945850178717,0.4556471080945249,0.87905524278677
1.0,0.6699834162520729,0.5695775060212807,0.5236473613342411,0.4359481830894453,0.4641991891631202,0.8179675585747941,0.7187704189163295,0.8004911265580549,0.8715762922042795,0.4587505003057434,0.8765130190007037
1.0,0.6417910447761195,0.5669743041695237,0.5054129798398971,0.4612166814156755,0.5344388432414913,0.6550672397060854,0.7379107733273067,0.7981208222655057,0.8663990903787603,0.4610725025655752,0.8676020408163264
1.0,0.6334991708126038,0.5660246858204971,0.4972581833530671,0.4532409324145338,1.0,0.5510883127686125,0.7376749578725513,0.7949528446981329,0.8547560550320726,0.4613441038685964,0.845197044334975
1.0,0.5903814262023218,0.5659822654578401,0.4937931244263291,0.4573287325634757,0.4329369598408141,0.31886870927492034,0.7467587657026069,0.791916423785132,0.8394876851906855,0.4625641491827127,0.8332160450387049
1.0,0.6064123825317855,0.5685543470503764,0.5069938552861861,0.4735559930995859,0.44532046235524775,0.4679051712186328,0.7496671563112569,0.7898965741105334,0.8289011870371831,0.4633981908019013,0.7989481065918657
1.0,0.5876174682144834,0.5697801255178818,0.5183337763243493,0.5036611567864111,0.4918373235865783,0.42631360044364414,0.7410107639929452,0.7875925318262597,0.817763385783486,0.4620230441099832,0.8114792426522477
1.0,0.6147042564953016,0.5705624597595989,0.5227554342536351,0.4821842355690771,0.0,0.5649521696936087,0.7554790247065817,0.7869645945396312,0.8219164590711435,0.4640040304586104,0.7926770187919119
1.0,0.7014925373134332,0.57020756207113,0.5240888122557256,0.5322954953095639,0.490337423246387,0.8976847358935253,0.7697360340753329,0.7861357998053357,0.8251400619635222,0.4649870416545063,0.8524721565980422
1.0,0.6688778330569377,0.5664004284728301,0.4997109783835025,0.5447914349584376,0.4602503578458404,0.7816901408450689,0.7896575271801876,0.7876419342194653,0.8402430954815815,0.4670263753182418,0.8975869051636853
1.0,0.6406854615809843,0.5655630534816218,0.4906811708936986,0.5118983319743733,1.0,0.5105633802816906,0.747520253108588,0.7871845109677412,0.8440071001743726,0.4650679842651831,0.8903476206547418
1.0,0.5721393034825872,0.5664626486933444,0.4854395014946769,0.4802237842999614,0.5583855440799332,0.3943661971830997,0.7456189910046227,0.788100297855795,0.8555333151981833,0.4654927968184298,0.8446760040499492
1.0,0.5715865118850196,0.5699079213400078,0.4966855130416176,0.479371620192227,0.4427605183695124,0.3767605633802813,0.7186770752988221,0.788246893624761,0.8648738471665273,0.4614339633236485,0.8656176172797836
1.0,0.5610834715312327,0.572542245089489,0.5030954300262899,0.4696563901779721,0.2985869512566548,0.5140845070422532,0.7022977268372728,0.7888098083965981,0.8783150078325593,0.463067662241887,0.863609517381033
0.0,0.5461580983969045,0.5749680066530671,0.5177430401277735,0.501504923848939,0.3881880961241253,0.4163934426229513,0.7237028921782959,0.7879216923689382,0.8846255687409016,0.4616332997429277,0.8780037124535941
0.0,0.5317855168601441,0.5774070421206896,0.5273889031370768,0.4885508372453631,0.4162864753835496,0.4545454545454556,0.7354297982304017,0.7853745913167397,0.8815731074012237,0.4628315827786735,0.9029109011137364
0.0,0.5384190160309565,0.5802706652356702,0.5267892447743879,0.4949097505986276,1.0,0.4482758620689656,0.7507135873917337,0.7839821965925061,0.889809232631286,0.4647518034603311,0.8877489031387108
1.0,0.4742951907131016,0.581400992596157,0.5070983710953129,0.4593152431186569,0.5399087178051616,0.23398328690807876,0.7131403249340453,0.7812824537018513,0.8902212384973475,0.4643382284962299,0.854463381707729
0.0,0.6113875069098952,0.5849655167158325,0.494230931631744,0.5714942411119563,0.5085295658998903,0.5906821963394333,0.7484045610639207,0.779812182538235,0.9016540706578638,0.4644862967607272,0.862867026662167
1.0,0.5594250967385299,0.5821190259488205,0.4681835828630034,0.4781851394596681,0.5500270595945497,0.2545757071547421,0.7509985310662297,0.7779835167060919,0.903488780498914,0.4646800481024967,0.8725531555855551
0.0,0.5892758430071866,0.5828659875159588,0.4557010948681591,0.4770359074419397,0.5097353231848126,0.3510815307820296,0.6930075804843059,0.7779484618400346,0.9172628291827288,0.4627172367660234,0.7918157273034089
0.0,0.5903814262023221,0.5830756844940277,0.4461700681524011,0.478761605663789,0.5089977910514601,0.28785357737104866,0.7033687220276199,0.7776891143417081,0.9224657282184541,0.4634574386610405,0.835791427607155
0.0,0.5831951354339417,0.5850019947711969,0.450839619673122,0.4688306435033952,0.4938712214748842,0.30116472545757084,0.7065620563107655,0.7770084212788736,0.930733353226659,0.4639699529716567,0.8235993925075938
0.0,0.5411829740187953,0.5864900149453045,0.4559600295090805,0.4616234259454296,0.514972265431239,0.2512479201331121,0.6865668708762998,0.7783126188570614,0.948190393014396,0.4657301091467372,0.7970975362807962
0.0,0.5798783858485353,0.5884863567987177,0.4645409928512627,0.4762400053197477,0.4784189416543988,0.28785357737104866,0.5976497059676047,0.7794602291066853,0.9643283717850072,0.4589411965982269,0.7539402632467094
0.0,0.592592592592593,0.5894021239427187,0.4710492096201146,0.4437341645643759,0.4987719087627873,0.33444259567387746,0.5778166436582839,0.7802158020557205,0.9723774268804052,0.4573061642114344,0.6913094836314548
0.0,0.6003316749585411,0.5895425197644149,0.4792444996253677,0.4536259125265829,0.4867059761721933,0.4076539101497506,0.6134444286142402,0.7785091479164422,0.9686560750136732,0.4574535872771444,0.7343570705366181
0.0,0.6478717523493643,0.5894867451581922,0.4760924463051535,0.5194224327148056,0.4409964294892002,0.3777038269550739,0.5984701472372744,0.7773373775145612,0.9698668208405284,0.4560778196464077,0.7037293283833947
1.0,0.6064123825317855,0.5894614377578964,0.4696884563440632,0.5143085598454327,0.4911746243926334,0.1747088186356067,0.5886887186869009,0.7760793250918064,0.9728619437853242,0.4588746726866637,0.6888288896388793
1.0,0.6119402985074628,0.5931512165994088,0.4715806343946727,0.5215067476240326,1.0,0.24792013311147984,0.5861537025482808,0.7747862233748392,0.9723164979352568,0.4588806577440934,0.6579311508606142
1.0,0.5815367606412385,0.5967427903691103,0.4887465010567453,0.5307130480317561,0.4537253699692206,0.16139767054908455,0.6331251934423653,0.7736557888632035,0.9705744382193109,0.4603432279898161,0.7298768140398247
0.0,0.6147042564953016,0.6015320859346116,0.5098200600405891,0.5733697304746673,0.4468439108870157,0.29694323144104806,0.6196787996993354,0.7725137227798652,0.965703687230732,0.462735350153608,0.7112807964900442
0.0,0.6064123825317855,0.6035871720370019,0.5249495526965444,0.6134110961854079,0.5751998335627927,0.2794759825327484,0.6810448589774449,0.7716330200163791,0.9624802877083576,0.4658150156880052,0.8018140398245017
0.0,0.6401326699834167,0.6056944800319719,0.5309226663564682,0.610338530847212,0.5488346447855323,0.5327510917030565,0.6972817356017469,0.7697535395064047,0.9512693721743904,0.463848496315374,0.8291765102936214
0.0,0.639027086788281,0.6053059667221559,0.5220494488998085,0.6086149725855158,0.5980756009741595,0.5676855895196496,0.7302418582257835,0.7677476362221841,0.937966252428042,0.463775359388809,0.8631370232872091
0.0,0.6904367053620787,0.6051091281653702,0.5103980261588349,0.63616704831891,0.5586776873384083,0.7379912663755451,0.7324821050459593,0.7657323115600038,0.9255618312296421,0.4641898157518994,0.8515693553830576
0.0,0.6788280818131566,0.6056102897927822,0.5119076465994117,0.6163766869723473,0.5310327715262178,0.7554585152838417,0.7469798426914405,0.7634584289089689,0.9190125294592076,0.4657244068693556,0.8819946000674994
0.0,0.6091763405196243,0.6070954980698573,0.5189725347750258,0.5230801418442641,0.5341424739224202,0.9475982532751072,0.7740249276586961,0.7606242936330628,0.9144570862588008,0.46500994963044,0.8936044549443128
0.0,0.5538971807628527,0.6077209432474904,0.5410521692246189,0.5002586910936677,0.5189766429307374,0.491749174917491,0.7991392735901427,0.7570855118706127,0.9033127350595046,0.464072089353639,0.902708403644954
0.0,0.5378662244333885,0.6083916711032762,0.5600615221018013,0.5348022011771792,0.4884033586145522,0.4686468646864677,0.7967860318645632,0.7564684918889516,0.905829263419162,0.4641989180089681,0.8784864052123793
0.0,0.5113322277501383,0.6094029309186588,0.5789679846979165,0.555024317092975,0.5104324118085078,0.3153638814016163,0.746621206687333,0.7562439338994519,0.9116807487596332,0.4570103024475989,0.8847429311280954
0.0,0.4792703150912108,0.610641736991733,0.5937206810598719,0.5764222279142962,0.505112688373744,0.25599999999999834,0.7479427557983579,0.7558106569226023,0.9164373994814996,0.4574112172180181,0.8666583134945495
0.0,0.5030403537866226,0.6120268194000487,0.6031491486020503,0.5491045398035119,0.5178272360479921,0.2935064935064928,0.7627893038039978,0.7532406445618881,0.9110668352307141,0.459169569196796,0.8613289896838323
0.0,0.5550027639579879,0.6124804396981496,0.6245813857615947,0.5558988989362945,0.4761973219551666,0.4519480519480513,0.7659531611552991,0.7512394256835307,0.9056372268162364,0.4556960320160098,0.8659566470367119
1.0,0.5212824765063575,0.6107907038040941,0.6329826364147173,0.5524379708905074,0.5249036760794342,0.2987012987012988,0.7907923890561974,0.7492953615396712,0.8997662799127085,0.458348387561993,0.9120995698116356
1.0,0.5400773908236598,0.6101699395787878,0.6353223681178771,0.5861558627782528,0.4964471262107591,0.2753246753246745,0.7957346879621124,0.7468468141597314,0.8949986643862571,0.4591964034748742,0.8935471745395317
1.0,0.5920398009950251,0.6089604237646824,0.6265637371438055,0.6054246585848372,1.0,0.2961038961038949,0.792570830610811,0.7443783081597394,0.8916472951730253,0.4591376163080678,0.8740675771624272
1.0,0.5715865118850196,0.6091444214933249,0.6210094479301634,0.5753659847768501,0.4517386893913388,0.04935064935064883,0.7768498002937869,0.7422794776830987,0.8924870700363537,0.4615371143499717,0.8484400451071298
1.0,0.5257048092868992,0.6125633732303609,0.6423196723798683,0.5310014150280888,1.0,0.0857142857142854,0.7453733499059195,0.740579811774717,0.8912077113298249,0.4588766913125453,0.7811552437037967
1.0,0.5621890547263684,0.6176714588407444,0.6528342678503397,0.5251179549287059,0.4794122811487022,0.11688311688311595,0.7543687269404417,0.7391818890559144,0.8870108501748807,0.4560805496501785,0.7954141085077058
1.0,0.5550027639579879,0.6206310882141517,0.6628486259439754,0.5190314367501572,0.5430101519266184,0.10632183908045914,0.7402885791627569,0.7380210727262452,0.88781626737308,0.4585025421264403,0.7755299293427546
0.0,0.5997788833609731,0.6233144933490622,0.6579859742358001,0.5172368613155105,0.4837913315060587,0.1954022988505748,0.7533615984357571,0.7364047909095358,0.8821645841919373,0.4561770238176062,0.7966771097187038
0.0,0.6334991708126038,0.6246618374716113,0.6531140365307823,0.5025861144949411,0.41356017638507503,0.22701149425287356,0.7637718681988118,0.7348533637801417,0.8795393012620688,0.4574850778382789,0.7924244054664799
1.0,0.6301824212271974,0.6270823993771595,0.6590471781087808,0.549245431126581,0.4417530552212506,0.2486187845303865,0.7584365435349718,0.7326991610095134,0.8715827712639473,0.4566798578973828,0.7956148182123464
0.0,0.6075179657269212,0.6303127394450985,0.6715624669497822,0.5278367948517361,1.0,0.2762430939226521,0.7630840731224421,0.7318442435561171,0.874365284853056,0.4575135710715771,0.7773746242618329
1.0,0.5865118850193478,0.6343204458622105,0.6938636389278505,0.5052129416148192,0.5031719190492252,0.1270718232044202,0.7413890512849484,0.7302290784038875,0.8758424662633372,0.4583339617046509,0.7741607737950091
1.0,0.5743504698728581,0.6396656185731668,0.7028465887696974,0.4947257767428324,0.4889433227568442,0.1961325966850833,0.7471812683923775,0.7283051862203817,0.8776601837351165,0.4592243863072604,0.7603023652767621
0.0,0.6644555002763957,0.6450979310182106,0.7197648471512048,0.5862848284054099,0.4756259202272234,0.6657458563535907,0.7939120310097321,0.7258171762608464,0.8754172790584093,0.460818270607445,0.7980283956536929
0.0,0.6843559977888335,0.6434010353716748,0.7091703295040077,0.5618800759260087,0.4891682090401664,0.7541436464088395,0.8020329257328702,0.7230383733834632,0.8700763310857057,0.4616067925613563,0.8247556493861914
0.0,0.7678275290215595,0.6401922059252401,0.6895705006574446,0.5962936998636104,0.4729278663119889,0.8149171270718246,0.7984072631160062,0.7207438884332623,0.8604330946398691,0.4617606886211529,0.7938773295295976
0.0,0.7971254836926481,0.6361512669273015,0.6655858577955039,0.5782228370852702,0.0,0.8784530386740337,0.824450132400552,0.7183740293797499,0.8512630509560221,0.4609510941393451,0.8206560256370748
0.0,0.7987838584853509,0.6315236569188494,0.6481872706161657,0.5787831715076112,0.4867295780282726,0.9812332439678284,0.8147718731116341,0.7160328222777733,0.8437383896351233,0.4601095907690204,0.8088527402413698
0.0,0.8347153123272528,0.626027015233352,0.6289101917523783,0.6062348257026535,0.4914408708241938,0.9826589595375717,0.8564866444934633,0.7143376583176412,0.8465301831801456,0.4611187515828205,0.8530054603765932
0.0,0.8120508568269766,0.6182040624570155,0.5931684910403238,0.6357108714146441,0.4729166185120375,0.9224598930481284,0.8212174955416139,0.7130819408378174,0.8527956774125166,0.4614943698845431,0.8083552700069899
0.0,0.8872305140961858,0.6115550609771816,0.5710007975860903,0.6383171301997345,0.4718555767692549,0.9364705882352934,0.7804705500886765,0.7127829694549627,0.865816409767386,0.4606398535750033,0.7700144261514897
0.0,0.8877833056937537,0.6051668629202533,0.556886221274798,0.6400647200437729,0.4926288139999782,0.956521739130434,0.7634623604144455,0.7126001466195261,0.8751999918324463,0.4625420857758651,0.7531417778372669
0.0,0.7799889441680488,0.6003223968515414,0.5488277779972278,0.5806528488353526,0.4742044996235976,0.8159509202453976,0.7447985497349532,0.7116770440393948,0.8780605646164369,0.4644129841475014,0.7300673716146879
1.0,0.7822001105583196,0.5989376299879663,0.5450060671027885,0.583513402059199,0.4744820951164666,0.6973415132924328,0.7128259043277048,0.7104202411547013,0.8811470759702106,0.461453483386845,0.674534124540817
1.0,0.8258706467661692,0.5969146391066957,0.5338443576220118,0.6335586430052644,0.4744563877460679,0.9009708737864068,0.7099420778289256,0.7095665368082703,0.8869172400002022,0.4612952653644205,0.6628890971013846
1.0,0.8164731896075182,0.5951796501985658,0.5379509090368384,0.6287817451966393,0.0,0.7961165048543684,0.7154493512618583,0.7090125674123072,0.8978477421953975,0.4617151285749668,0.6828403158881006
1.0,0.7357656163626316,0.5926706784229949,0.5252451997553668,0.5360067257439106,0.4661858463076979,0.8776699029126209,0.6916221646876182,0.7088166829055694,0.9014132630428552,0.463092616204305,0.6493627210398727
1.0,0.7761194029850751,0.5911970081928928,0.5182214565275085,0.5638544802643269,0.4405128356717287,0.8445378151260502,0.6990749156222825,0.7086073005518746,0.9051918951344614,0.4638058047441489,0.6700575558827468
1.0,0.6920950801547819,0.589707743475641,0.4996382357718687,0.5470868947691849,0.4386577149803865,0.7394957983193275,0.7029413065158756,0.7081134006158846,0.9063284405537868,0.4641567075681794,0.6816728386799329
1.0,0.61746821448314,0.5893411279164513,0.5052817036695402,0.4951215501219817,0.4307661235652397,0.7457983193277312,0.6636485563672627,0.7072659135433651,0.9104302984834246,0.4602838481332465,0.6174839007123841
1.0,0.7363184079601992,0.5888232510857974,0.522056453313961,0.5175004158856528,0.4258237767522549,0.8529411764705876,0.6694456862966656,0.7062905189539167,0.912998208802096,0.4571962655257187,0.6243846577135295
1.0,0.6915422885572143,0.5857243884732104,0.5278072363355868,0.539209707148661,0.0,0.8193277310924373,0.6954983812251596,0.7053710461752908,0.9220234698518244,0.4565931040177682,0.6545308526301701
0.0,0.6489773355445,0.5853093962259279,0.5328396325872008,0.5143727683835142,0.44168027042077207,0.9180672268907564,0.7121184579634385,0.7040247922190799,0.927590041899506,0.454813910249543,0.6784083641933996
0.0,0.6495301271420679,0.5826298819560822,0.5146378843835295,0.5146666833084153,0.4095766803121336,0.9386892177589854,0.7444153496209754,0.7028426514527774,0.9345919886979812,0.4549567298841836,0.714719136215589
1.0,0.652846876727474,0.5786382266787924,0.4934323684724833,0.5164073236990476,0.4604437767438648,0.9341825902335468,0.7938923797218357,0.7009120309541589,0.9329669309354476,0.4609625164895775,0.790657207870432
1.0,0.5406301824212274,0.5745580493186799,0.4969852202576765,0.5039427314518581,0.4434735199541206,0.6602972399150739,0.8189035563918269,0.7002668140659829,0.9434565395401644,0.4602233794049602,0.8056038905992058
1.0,0.506357103372029,0.5743207927029119,0.5251726690680003,0.5356960475374875,0.4960566384715303,0.5194085027726433,0.7455354730310635,0.6993830154269814,0.947286458323412,0.4549836871021323,0.7430657802763274
1.0,0.5279159756771701,0.5738393409029672,0.5549224060979397,0.4959381589778816,0.4768072456289098,0.5680793507664571,0.736112680484797,0.6992532814278062,0.955772709073717,0.454144843233688,0.7242374217344101
1.0,0.4842454394693204,0.5722967938119305,0.5736043081865062,0.4648515089409465,0.5036543713925105,0.4022482805681761,0.7535188087389275,0.6979066588310355,0.9558982798674032,0.452456303819388,0.7450289266645845
1.0,0.467108899944721,0.5731783539421118,0.5997719617021638,0.4566594665067175,0.5138846486894534,0.3886097152428812,0.7241008307581958,0.6961279257807672,0.9577949976333898,0.45338593057446896,0.7005978673091507
1.0,0.4029850746268661,0.5728389467199768,0.5992247970158094,0.4015056153845957,0.4935796143923777,0.16415410385259702,0.7394091840293979,0.6949838100428537,0.9640228089633964,0.4514785380973498,0.7068144975386307
1.0,0.4355997788833608,0.575979613201532,0.6013846867376831,0.4268040075102111,0.4947488725683926,0.09045226130653257,0.678662140320021,0.69327838613158,0.9722975547732688,0.4486724722065572,0.6261693362483082
1.0,0.5035931453841902,0.580940932923661,0.6144563475404916,0.4169423974303369,1.0,0.2730318257956454,0.6771833809058261,0.6918669987292329,0.9868477186066468,0.4488395132136093,0.6046119067802912
1.0,0.4643449419568826,0.5847969323566415,0.6251279648601387,0.4328314585871205,0.5122322604892273,0.1691792294807379,0.7428530722332212,0.6903184980780576,0.9947765258378728,0.453409783137005,0.6848555154002883
1.0,0.4615809839690438,0.5905800709437063,0.6353403628017814,0.4317327616754612,0.47757047215678206,0.15097690941385472,0.7499226230539083,0.6887945505478056,0.9993481556763624,0.45424321411719104,0.7016512734396866
1.0,0.4665561083471531,0.5960589620231576,0.6300189599278612,0.4347792225469367,0.38447509747605896,0.08525754884547021,0.7240222256066107,0.6877577748218858,1.0000000000000002,0.4516758515377052,0.6582924565822619
1.0,0.584853510226645,0.6041469007745166,0.6503010082207479,0.4654386124308666,1.0,0.28602620087336306,0.6977189767574392,0.686958273029073,0.9959127423451728,0.4526937317894067,0.6204943509066538
1.0,0.46268656716417894,0.6080310609702415,0.661839032162821,0.4100005314640803,0.4412442675408096,0.008810572687224483,0.7529489213899356,0.6863224569355727,0.982280674706301,0.4597909780205928,0.7088535880098007
0.0,0.5046987285793259,0.6172156946081366,0.6971637576954336,0.43921265167093615,0.4643971054678591,0.11224489795918324,0.7207404605279317,0.6857612138771564,0.9743658550575052,0.4564938447257994,0.6561573382581247
0.0,0.5632946379215039,0.6209457621609822,0.7162638094995126,0.4855239330992076,1.0,0.43850267379679214,0.7352283725294646,0.6843697629350155,0.9687068970855492,0.4579607508267807,0.6968383721700232
0.0,0.5478164731896078,0.6192401045944684,0.7151384743580921,0.4634341408092583,0.4615010682352158,0.0,0.8268426767019244,0.6832387937931613,0.966063831882398,0.4662831692850841,0.8001486266748095
0.0,0.6423438363736875,0.6222646220297905,0.7286751771042629,0.5119206024003631,0.5241902525740367,0.04629629629629593,0.7448280266667975,0.6809784727677589,0.9571963580651212,0.46093726911585,0.690024205970806
0.0,0.6904367053620787,0.6262378950524594,0.7526458624758994,0.5636964985799396,0.5129717817048941,0.4574780058651038,0.8147718731116342,0.6799418837522256,0.9616747755270872,0.4666729819805314,0.7895254162693468
0.0,0.6522940851299059,0.62868179883713,0.7848492013359906,0.5212078868782014,0.5103708418640314,0.475073313782991,0.8779360252322537,0.6785737209628132,0.9745293756588064,0.4715304719320592,0.8796554800828921
0.0,0.6318407960199011,0.630488170123924,0.8135013889210208,0.5510948908613141,0.44701533692013257,0.4457478005865117,0.8673292425902359,0.6768605700912128,0.9817969602106016,0.4694921017578267,0.8800296454064008
0.0,0.6865671641791047,0.6291417379782638,0.8169907151942669,0.5561831923009342,0.4439179988098457,0.6627565982404693,0.8611194356150116,0.674919946239848,0.9817969883862382,0.4689320338247995,0.8682938061247986
0.0,0.8142620232172472,0.6240045220027595,0.8050765154303312,0.6130740096842863,0.4297281177686337,0.7565982404692084,0.91314130749844,0.6723598449882352,0.97217325326752,0.4722560654413653,0.9300454754777802
0.0,0.8590381426202327,0.6164159070734212,0.7775356072676537,0.6404521592052279,0.38319524032660063,0.8297872340425541,0.9162511238080262,0.6691681160927413,0.9687328891017448,0.4727762324500819,0.9266204236702736
0.0,0.8872305140961858,0.6095403974146207,0.7626857291075827,0.6562848133576751,0.0,0.8316498316498318,0.9239986440611352,0.6659643249522625,0.963025872032728,0.4739355905725264,0.9233608680635504
0.0,0.9679380873410726,0.6025437214664064,0.7420465579580777,0.6646726578493792,0.4008932122100343,0.9400352733686062,0.9339471085586272,0.6631424759754126,0.9633817445953198,0.4753154266470256,0.924644275197468
0.0,1.0,0.5964265549475825,0.738997489806691,0.6798822439419427,0.4452704202083361,0.9321148825065272,0.958535782538848,0.6603415373645697,0.9583459346089246,0.4785004923308535,0.9861686819441166
0.0,0.8562741846323938,0.5911459564909203,0.7321082445489293,0.6056369040262095,0.5064183376325169,0.7976501305483034,0.9515595753356684,0.6578417904305971,0.9457839660671676,0.4781910581307745,1.0
1.0,0.8579325594250972,0.5882566573645232,0.7347625916934397,0.6068375227198219,0.4584540082229154,0.7793733681462145,0.905831028401024,0.6552438157395691,0.937204522251424,0.4772593682276709,0.9925596169493652
1.0,0.9397457158651189,0.5862022048759192,0.7453428097786243,0.5995395946084671,0.4402787798183186,0.8126463700234191,0.8970812924652046,0.6533060113438832,0.9247854813191208,0.4763769996621151,0.9956135113403866
0.0,0.8336097291321176,0.5842369106049392,0.7596733000721118,0.5116758655632583,0.5092725868530671,0.839578454332553,0.8768257274661134,0.6509610284215449,0.921699252678436,0.478094491086033,0.994016399497673
1.0,0.7656163626312882,0.5836818238752453,0.7871501939088171,0.5244438827255713,0.5307085006794202,0.7857142857142858,0.8605790251978639,0.6487246488104091,0.9138366934275528,0.4767280615230829,0.9675953335946168
1.0,0.7600884466556109,0.5825175521401778,0.8067433945680234,0.5222459036530767,0.0,0.7552693208430911,0.8354892433762875,0.6462072002299725,0.9081298570836224,0.4740558653454465,0.9248315232294358
1.0,0.7750138197899394,0.5815623669536489,0.8255517164670799,0.5295364673202609,0.4429477520946487,0.8700234192037472,0.8140889908572383,0.6439587971843103,0.8929255858076129,0.4720773582002246,0.8723834966357764
1.0,0.7562189054726369,0.5774104355583818,0.8317278678097417,0.5178256781330347,0.4512237588861438,0.9309927360774818,0.8484885703196773,0.6416495610957907,0.8720576473703122,0.4733836203359277,0.9235105957616956
1.0,0.7899391929242676,0.5702888052044721,0.8167850062050667,0.4837981904676512,0.5469575577022396,0.9888888888888884,0.8675650580449915,0.6397974050007272,0.8567207565440692,0.4723693616608308,0.9441663334666136
1.0,0.7512437810945277,0.5609041974651894,0.7934423835801027,0.4676903533999825,0.5446606006462426,0.8547557840616963,0.8802106618062482,0.6383929742536602,0.8479173697226766,0.4738947356477839,0.9889036732389828
1.0,0.677722498618021,0.5548898403331937,0.7812958790304976,0.4809773387181397,0.6025311603908743,0.7185089974293052,0.8432515020953186,0.6364421955789051,0.8380701338026452,0.4729943344879925,0.9410910850368944
1.0,0.7020453289110008,0.5520251032488681,0.7785435491216739,0.4442875648592229,0.5423474574953686,0.7660668380462725,0.8177834329817388,0.6348424967638343,0.8281991892295265,0.4707973868104359,0.8720535462279748
1.0,0.7678275290215595,0.5468525109510534,0.7694365708056263,0.430071151329693,0.0,0.8624678663239075,0.8122565082609101,0.632366615792089,0.8197960816036359,0.4693608604423616,0.8807306157009801
1.0,0.803206191265893,0.5388383451288183,0.7476055889083698,0.3945161519897886,0.5683333335922135,0.8971722365038555,0.8473094930459002,0.6295725948376033,0.8129610851598897,0.470822646039065,0.9051489859279868
0.0,0.7888336097291324,0.5295480968289314,0.7267521235824792,0.4433847142633058,0.4810334433791066,0.8650385604113106,0.8508565505111791,0.6263073462234215,0.8063399522579734,0.4721994442533105,0.8755400882995275
1.0,0.6843559977888338,0.5197420769041239,0.6999970611434129,0.38751206149327866,0.3986625862999301,0.8419182948490241,0.8507877710035419,0.6234080267909482,0.7999686793311135,0.4720531977539174,0.8827285125446661
1.0,0.6733001658374793,0.5156090354023772,0.6933288475542871,0.381171316028286,0.3801094099188739,0.6891651865008879,0.8269114562095613,0.6215703318834173,0.8015111805830423,0.469924789443708,0.8246489550555808
1.0,0.6202321724709788,0.5126133753710591,0.6863959743975088,0.3962978026724081,1.0,0.5772646536412083,0.781349945222035,0.6194077107808204,0.8036967074758,0.4681673948479828,0.7604008733094794
1.0,0.6036484245439471,0.5121916359326113,0.6877523937890746,0.3837465574321868,0.3489346040266261,0.3872113676731797,0.7873239367425042,0.6184748187357493,0.8058705999399288,0.4693250781647776,0.7539330830405309
1.0,0.5721393034825877,0.5140957740431926,0.7001326256496256,0.3585848015515751,0.4028941553134293,0.2522202486678513,0.7412465794477006,0.6170803849257877,0.7995944972513046,0.4666691534255252,0.701857522855802
1.0,0.6710889994472089,0.5200222599405868,0.7317847034002584,0.3857411919516602,1.0,0.531083481349912,0.7077460464065162,0.6166360436915799,0.7972095387618695,0.4627765548943085,0.6380773558054109
1.0,0.6478717523493648,0.5213055442995631,0.7479034302855675,0.416869040003949,0.3198831313471959,0.5008880994671407,0.7825339353177858,0.6157592781880411,0.7991810875698283,0.4748010222703321,0.7650742267890235
1.0,0.5936981757877282,0.5229861641324071,0.7630687906907498,0.365714332640828,0.5022865551910362,0.014084507042254063,0.8242094041238227,0.614459884476536,0.8040844435193356,0.4779079526310375,0.8165166506763538
1.0,0.7423991155334442,0.5290163092605098,0.7880252039436438,0.4791850757173533,0.5314306549688679,0.4352617079889808,0.7772870414494788,0.612307777232625,0.7968081421047676,0.4723599441865202,0.7380127580726669
1.0,0.7750138197899394,0.5289812652613906,0.7941920218320915,0.5341051486127313,0.5164468330600763,0.6839506172839519,0.8638951800303613,0.6103433620985393,0.7873248220839476,0.4834134493804722,0.8538900403541797
1.0,0.7833056937534552,0.5266814342577799,0.7944511377235796,0.54250341681307,0.5112295043468111,0.6764044943820227,0.9279682042161836,0.6079614297611909,0.7734816714484606,0.490731668531457,0.9346230293984692
0.0,0.8535102266445554,0.5247523776786611,0.7987344942573777,0.6004632073446122,0.0,0.8395604395604401,0.9447012758598664,0.6053688256757218,0.7648478762207549,0.4897761837251736,0.9547936653726652
0.0,0.8706467661691544,0.5206224774021098,0.7930087749027424,0.642545458815031,0.5287641928570626,0.9722222222222232,0.9363249143940772,0.6026353756669619,0.7526159318390816,0.4890613983330037,0.9357403871595192
0.0,0.8562741846323938,0.514990040670023,0.7893743768363184,0.6322692005635645,0.5496667110586959,0.9714937286202964,0.9758190902436268,0.600748398269712,0.7536943783170325,0.4921337423990893,0.9766032357527394
0.0,0.8242122719734664,0.5093384160584593,0.7890060661919163,0.6066536149522994,0.0,0.8209806157354612,0.9733528536126436,0.5989324207192391,0.7526641923843913,0.4902680518001351,0.9966251225318584
0.0,0.8352681039248209,0.5051381598825113,0.7971978824714516,0.6416399329753867,0.5575334884651219,0.8825541619156215,0.9248976904823901,0.5982053254493284,0.7580819883720237,0.4882654898504808,0.9306189609298424
0.0,0.8325041459369821,0.5000738333834218,0.7942318773341583,0.6394178604316514,0.5388018942412222,0.9921671018276759,0.9250254238537158,0.5967070694622661,0.7566493311472007,0.4868781149531856,0.9560495728889512
0.0,0.7965726920950801,0.4939686110967771,0.7827564961059497,0.6302200319680825,0.5507595542857121,1.0,0.9650698357643612,0.5947924766040783,0.7585371755065359,0.4900544623514469,0.9988166923400088
0.0,0.8004422332780545,0.4889857413118104,0.7809440695161391,0.6356251189741365,0.5690112232827929,0.9305135951661618,0.9543746223268104,0.591903131391578,0.7586077135498634,0.4891059718362055,1.0
1.0,0.7910447761194033,0.4837871410821794,0.7774005274794169,0.6067183569908033,0.4991994985967337,0.9449541284403671,0.9413359928076288,0.5895008130961633,0.7578024690066025,0.4876390195896406,0.9985228519195616
1.0,0.8015478164731902,0.4783638008146258,0.7896281834798535,0.6176246827301398,0.571505430985896,0.9614147909967854,0.9345464728394636,0.5871218749074313,0.7562890261037697,0.4868455804419333,0.991483087215828
1.0,0.7810945273631844,0.4727092866879372,0.7957118374940899,0.5990549881740084,0.6457945839911029,0.8208092485549137,0.9371158787319022,0.5844189239264143,0.7504953678178349,0.4874986782581773,0.9961218179256542
1.0,0.785516860143726,0.4685114624273597,0.8095656636566515,0.6087348348033521,0.5677492875225889,0.9814241486068104,0.9048926794039764,0.5823320119892199,0.7493946687618408,0.4841212309101892,0.9505720374204664
1.0,0.7562189054726374,0.4634403655303632,0.8053937060888138,0.5776434834085427,0.5321519872405129,0.9448818897637792,0.8977789131855226,0.5802603165038059,0.7466540632577293,0.4815710549027525,0.994210452396186
1.0,0.7429519071310116,0.4593286740898866,0.8002041843339825,0.6080986672478014,0.5034727443375618,0.8768656716417891,0.8951898560051879,0.5786922317361837,0.7510884267073108,0.4819051081888043,0.9748865070839968
1.0,0.7501381978993921,0.4555146274738586,0.7911998594978081,0.6179436152430838,0.0,0.8874999999999986,0.8826474215053868,0.575891757221847,0.747841196842145,0.4837169681895224,0.961377125787002
1.0,0.775566611387507,0.4518567281847989,0.7833305929087209,0.6237127942277043,0.4952212770185168,0.9921259842519672,0.911721501947934,0.5740883060445411,0.7528413222537615,0.4850199843822594,0.9800534730008392
1.0,0.7523493642896633,0.4473558568090461,0.7731624728492454,0.6454089816616428,0.5953381669573531,0.8664122137404577,0.9089555831765326,0.5720801182921559,0.7497857730064388,0.4835918290475364,0.9956640399769368
1.0,0.7280265339966835,0.4445363339229245,0.7753707695038232,0.6136947553401171,0.5627843113235761,0.7598253275109181,0.8942367685422182,0.5705548912907318,0.7463000865768905,0.4855106078307891,0.9955577182682952
1.0,0.7153123272526262,0.442845440706668,0.7822914961941905,0.5706873777269368,0.639618618042594,0.9456264775413734,0.8828881497821163,0.5674009982159626,0.7295015138708683,0.4843186377721237,0.9811441937913812
1.0,0.7048092868988393,0.44029350578350335,0.7821918083162077,0.5548226109563135,0.43530706752281945,0.9260273972602748,0.9008936423170832,0.5639516852169942,0.7129343145249409,0.4882226961845123,0.9607213094445392
1.0,0.6904367053620787,0.4380844902355159,0.787502863452511,0.5309993708048768,0.4741094695597599,0.6931567328918322,0.8849367965453036,0.5601101859678933,0.6938819909911162,0.4866630908604183,0.9244681905139364
1.0,0.696517412935324,0.4377932373706663,0.7991485938870277,0.54917484447781,0.4305983292670211,0.8211920529801351,0.8629224412794954,0.5571352463075813,0.6829456103823737,0.4846558086731506,0.8687404816116046
1.0,0.6810392482034279,0.4358751751326397,0.8040308969416177,0.5547780345931382,0.42314443048843386,0.8079470198675519,0.8922519884646939,0.5567533196671631,0.6868228563174112,0.486297977974187,0.8967252565593615
1.0,0.7241569928137095,0.4332666468370061,0.8019142442041048,0.6235700195486689,0.4312224029410613,0.7726269315673288,0.8415565785142642,0.5572509203504245,0.6985955488228628,0.4726424274145486,0.8973616261803925
1.0,0.7490326147042565,0.4300222803537648,0.7935502107098322,0.6126302097007306,0.0,0.821643286573146,0.8259288918147473,0.5582998350081542,0.7112400925019748,0.4732639696935344,0.8892936297206557
1.0,0.7501381978993921,0.4276537379333039,0.7941182573117861,0.6140522358281442,0.4320480067903288,0.8261682242990667,0.8388152238527332,0.5573012600443584,0.7157194596031934,0.4717192042799716,0.9080701908377404
1.0,0.7506909894969601,0.4254196929483198,0.7969628052018465,0.6138402359414619,0.4838203459697473,0.9416342412451368,0.8433350200688776,0.5555908297939037,0.7183613744252636,0.4686057468791319,0.9139364947005773
1.0,0.7346600331674961,0.421629472761462,0.7929992672887463,0.594871618310344,0.0,0.7704280155642009,0.8589676195903688,0.5540293719126116,0.7164942903143354,0.46749005351069206,0.9295750952725784
1.0,0.7777777777777779,0.4185344379024421,0.797921625441688,0.6140889178010535,0.4958081366358906,0.8614864864864853,0.8535340384870473,0.5522539837729948,0.7135965976092826,0.4701820901743598,0.9279731993299836
1.0,0.7628524046434494,0.4122422024499295,0.7833463002714549,0.5977010603747925,0.5673336243343419,0.9296875,0.8648482674933307,0.5502184326928682,0.7079062231738403,0.4682751717892146,0.9392084147081842
1.0,0.8446655610834717,0.4072290481855128,0.7750301129670321,0.6824780809068052,0.4636250493662354,0.8164062500000001,0.8537305513660102,0.5479846114305321,0.7040377258259768,0.4674733232147321,0.9054296226401294
1.0,0.8623548922056388,0.4020150709093189,0.7594960174503129,0.6797821158282555,0.4589539888239592,0.9523809523809526,0.829195918427504,0.5454538705481912,0.6998913650455216,0.4681793652596238,0.8704731810435
1.0,0.8540630182421226,0.39813175650124294,0.7555374619965104,0.6741738721641005,0.0,0.9563218390804586,0.8461058516622533,0.5431577586916084,0.7036678215055743,0.4672552146124303,0.8743352863297567
1.0,0.8546158098396907,0.3947417366339896,0.7561167463678958,0.6752263700984481,0.5408484263374228,0.9813519813519818,0.8499820681997946,0.5399730993196817,0.7034273981805028,0.4682252637257798,0.8661795147498776
1.0,0.8319513543394144,0.3915756852015706,0.7563311845603087,0.6971211999038709,0.5463459423230503,0.9047072330654422,0.878741728036001,0.5378197613190446,0.7041126970032261,0.4694944686934488,0.8792141200909934
1.0,0.7954671088999449,0.3889302552171732,0.7576481728911759,0.6575259429351411,0.5618695919177386,0.8564867967853041,0.8559167571444712,0.5351347188845751,0.6952602496360959,0.4690308891542137,0.8614030852954729
1.0,0.8015478164731897,0.3867275429586348,0.7564926947461461,0.6147886878661337,0.5724303873876571,0.8587830080367388,0.8746788242634451,0.5341358199551872,0.6972530988235062,0.4724702473691523,0.8593939128786222
1.0,0.7954671088999453,0.3836478458137456,0.753530058606979,0.6578091770408616,0.0,0.8358208955223888,0.8384369365607298,0.5328235925220978,0.6996493974038079,0.4690643731974338,0.8392558721670305
1.0,0.8148148148148151,0.3803509153002713,0.7498374798576237,0.7080455231613954,0.6124318841124174,0.9299655568312284,0.8261204918717359,0.5322847279831157,0.7089182699056487,0.4709716022217855,0.8265337325150584
1.0,0.8225538971807631,0.3760130620435844,0.7476120912148249,0.7150516336603546,0.6306517142939861,0.9024110218140076,0.8286505951883818,0.5294882859429048,0.7026743998801088,0.4714963047122947,0.8243007801110787
1.0,0.7833056937534552,0.370745973338644,0.7352608564618177,0.6834086145652061,0.0,0.8335246842709525,0.9006971294381205,0.5268631048057729,0.6965833229282008,0.4807789072649502,0.8744284281864018
1.0,0.8192371475953567,0.36627969543645134,0.7262523187929741,0.6854438039692965,0.6581494825213039,0.874856486796785,0.9056836437418018,0.5244004774871046,0.6894930344252231,0.481037549313603,0.8941223662542754
1.0,0.8391376451077945,0.36058006541368703,0.7109147027842266,0.6814823025221074,0.6167369995410055,0.9830508474576268,0.8872703869829867,0.5239873459022558,0.6980410608150759,0.4817204265110345,0.8774015116328168
1.0,0.7700386954118299,0.3538942705519039,0.6992612505361324,0.6257798334551417,0.5098810488186527,0.9356725146198812,0.944106824401004,0.5239506836661955,0.7100607016030093,0.49089627163621397,0.9813086742952049
1.0,0.7578772802653402,0.34952503250225386,0.6941963758229153,0.6139155400619443,0.5601268090905337,0.8545454545454554,0.922367587165744,0.5230443117827225,0.7185286825870841,0.4898404237816622,0.972265619502034
1.0,0.7540077390823665,0.3456314940928256,0.6862694600685932,0.6547767859067147,0.0,0.8424242424242435,0.9441903423745632,0.5215671779390866,0.7267844694158893,0.4899301697112429,0.9992821855339272
1.0,0.7495854063018245,0.3413510574416476,0.673855633750746,0.6424533160164336,0.5620881436366045,0.9030303030303028,0.931903374617414,0.5193985034786349,0.7342106640550623,0.4923421245016845,0.9898674040984188
1.0,0.7540077390823661,0.3359286860051547,0.6607476744777943,0.6477664852047422,0.7313404660320587,0.9433333333333328,0.9333330058118684,0.5173031449794004,0.7397460148165832,0.4924527466852587,0.9945259873785716
1.0,0.7263681592039802,0.32927180761293195,0.647571664571718,0.617446914743491,0.0,0.7433333333333323,0.92000943261819,0.5153390999759823,0.7483995099178096,0.4910092137639255,0.9927246904007944
1.0,0.6213735938425107,0.6803825947542437,0.6699391766014144,0.5386984716528312,0.4874892549857871,0.7267080745341628,0.5311792246584358,0.9876416516802424,0.3621795260509752,0.5148829710661211,0.8304071745702466
1.0,0.5988750740082889,0.6774155180469446,0.6637786513113385,0.5108900178793538,0.4869742689708786,0.4720496894409927,0.5503146662474392,0.9869499786981384,0.3734012125176319,0.512543642142056,0.8441504231124378
1.0,0.6187092954410895,0.6761851078150609,0.6652971960282019,0.5366174364353015,0.5143046979432899,0.4516129032258082,0.5056325503932712,0.9871529967170954,0.3794693767671601,0.5132126448304439,0.7967542406112043
1.0,0.6518650088809945,0.6757891492011958,0.6548931200950422,0.5409561716017717,0.5378556696175131,0.6991150442477874,0.4443696603766172,0.98907596165884,0.3873330370821911,0.5125066462338401,0.7553474075666925
1.0,0.6640023682652455,0.6745173434435763,0.6412441849087531,0.5659569941629052,0.5098766801344145,0.8416191148686027,0.4523529960844807,0.9914210967093784,0.3924143193425438,0.5129254659326258,0.8019024248327156
1.0,0.6494967436352871,0.6718645224283057,0.6233089836185927,0.549364001427259,0.512158631037521,0.7061203458081259,0.4652982819861557,0.9922003182759694,0.4032666755754648,0.5137651400301384,0.8346952199046259
1.0,0.6693309650680876,0.6705547753170229,0.6131079328693342,0.5210082761371464,0.5480574240249811,0.7118456459092729,0.4500587082225904,0.9924233138150031,0.4118320321707691,0.5127758354825722,0.8094539382976842
1.0,0.6645944345766727,0.6689242293706525,0.6043815355419326,0.5099189716885756,0.5473349680624243,0.7759866231594661,0.4829353128730672,0.9919582176922468,0.4167895854843183,0.5149566290052425,0.8754822469863516
1.0,0.6471284783895797,0.6669132190574454,0.5919921408844476,0.4898385026496034,0.6075881240373395,0.6444909819964599,0.4838097951844516,0.9911112013477468,0.4144578965020765,0.5150564339747568,0.8669061563175934
1.0,0.7010065127294258,0.6673912506656416,0.5989492118535218,0.5392104437422998,0.6185090629844953,0.8214419065244559,0.452490555099755,0.988750172991494,0.404933441998414,0.5130030892648807,0.819282289993296
0.0,0.6770278271166372,0.6654205593806393,0.5658780623924029,0.4730459408724403,0.6106284937739136,0.938326920891572,0.5130951269718839,0.9856792075852584,0.3896700366259367,0.5136055825052577,0.8716622183993827
0.0,0.6699230313795148,0.6620835729862808,0.5301511567736115,0.4656658026901795,0.5038934569516813,0.8539099660708775,0.5378704881871192,0.9824611923581102,0.3763916882470584,0.5154508427490749,0.8637185827946923
0.0,0.7021906453522794,0.6585433283440356,0.4789845422737595,0.448454061381728,0.50949312713844,0.8977418464585455,0.5695483642759236,0.97969458939292,0.3588682834100462,0.5139864191718035,0.901887245911178
1.0,0.6542332741267021,0.6540878262524101,0.4576734021239932,0.4370473678152403,0.5075667710593688,0.7354015487264397,0.5868316719807025,0.977193783229672,0.3452527061900388,0.5115209181071798,0.9127654730131424
0.0,0.6835405565423328,0.6512764409180511,0.4386398894868032,0.4397059555794807,0.4918936900028912,0.8847546226399773,0.6078929397835411,0.9746587407276592,0.32993605369337065,0.50934756105238,0.9151435040540368
0.0,0.6906453522794552,0.6456069923535066,0.41759046195417504,0.4489283454390853,0.0,0.7727398172048247,0.5998359117460662,0.9725064470425164,0.3221658506259182,0.5088450487599274,0.9034177871662216
0.0,0.7143280047365304,0.6415193590894632,0.399110049094784,0.4345067326161591,0.4932057084136718,0.869440596187837,0.6087084682312371,0.9708578865232956,0.3144224056694737,0.5094554826554583,0.9169712991891928
0.0,0.6835405565423328,0.6356564623681311,0.3731540949479653,0.4211297121967588,0.4868095945287957,0.9558441558441566,0.6253629347233342,0.9702160610409002,0.31476821409745226,0.5069432320140335,0.9282100256776756
0.0,0.6936056838365898,0.6303828262971882,0.3485454592271661,0.4329394961822605,0.5191399075357449,0.994252873563218,0.5969127826714942,0.9693507330539624,0.3168613912744665,0.5084008223467535,0.9249212593445236
1.0,0.6477205447010064,0.6251970199515829,0.3278360978541728,0.4218858112837334,0.5024027366486444,0.9565217391304344,0.5687082717183576,0.9690483998167128,0.32602733340460466,0.5066086913008683,0.8860189483537194
1.0,0.6181172291296624,0.6213046324121071,0.3155925548297892,0.4347125384800442,0.4503204889061005,0.8347826086956514,0.5657409272460192,0.9690940883700292,0.336038378724192,0.5063489951588641,0.8890673817625254
1.0,0.6465364120781524,0.617760088074268,0.3031025922051959,0.468045940459265,0.5390709350081352,0.8600682593856638,0.5337977587706151,0.9700380548412048,0.35215867733349804,0.5075721826914087,0.8864047459428004
1.0,0.6053878034339847,0.6137020007909237,0.2802953695658552,0.4693613846961675,0.3661507289754728,0.8425655976676406,0.5113314238831926,0.970740792172978,0.36445026697735294,0.5095618681094003,0.8842607232756113
1.0,0.5849615156897574,0.6138673926832978,0.2730614055053126,0.4895568980440002,0.0,0.7820895522388086,0.45327660661560604,0.970060217039902,0.3749874147659956,0.5057007176331587,0.8076957132195756
1.0,0.5426287744227353,0.6149452950739462,0.2666274298618248,0.4314979428264115,0.3592923866453145,0.8059701492537336,0.4128833843448017,0.9684221422996876,0.3777485466042,0.5029376121693906,0.7492884880529241
1.0,0.5150976909413856,0.6157763265764253,0.2602454833538155,0.4480697297278943,0.4486946166490091,0.6169154228855738,0.4532864322595544,0.9668619232443736,0.3846287879200714,0.5021764514155406,0.7851929620400468
1.0,0.496447602131439,0.616596382039903,0.261933833250264,0.4210095612824756,0.4778630640289386,0.3793814432989702,0.4524266884140921,0.9645147687752814,0.3873269826594175,0.5021516106144432,0.7754721277053265
1.0,0.4786856127886324,0.6181883152079066,0.2648677471050736,0.40305084209800707,0.4832854750143596,0.4251497005988011,0.4271305680696046,0.9628605460350124,0.3882732201694742,0.5004669965841297,0.717760603109149
1.0,0.4668442865600946,0.6197596186640917,0.2696021856459019,0.4365831369880517,0.4778284496105815,0.3812375249500988,0.4209600636701728,0.9613112008853664,0.39119284977665736,0.5037060294739792,0.7146362750926548
1.0,0.43694493783303706,0.6206506768269886,0.2645975117079932,0.4414277217721755,0.4777211346824258,0.2107142857142846,0.43874447921630655,0.9619311675875594,0.3966739674851598,0.5013285643609326,0.7234969705402429
1.0,0.4976317347542925,0.6279028811864147,0.2904452268021737,0.4661509278374373,0.4802778366558887,0.43359999999999893,0.3797070975539063,0.9633993786810128,0.4084151771167557,0.5006057226116603,0.6911848413170246
1.0,0.3220840734162225,0.6321001782059794,0.2948859572468248,0.3670601909034263,0.5480666507313579,0.34763948497854,0.4319107438503751,0.9653300910017903,0.4080867863527631,0.504275380062184,0.7922068887005578
1.0,0.29307282415630564,0.6393784851786715,0.3134106896327892,0.36904325143767375,0.5746827198970609,0.14556962025316447,0.4375899660523999,0.9643234699445472,0.402815381627606,0.5009851539342995,0.7940916047914793
1.0,0.2918886915334517,0.6433768788885119,0.3097516845447677,0.3693972292275939,0.5548278722331336,0.19092465753424706,0.443603260148662,0.962730388383318,0.3869161991400325,0.5015301084831307,0.7675980621576837
1.0,0.2995855535820013,0.6469925630533602,0.3167294134466888,0.38301221818212616,0.5445486055993731,0.1835174171622768,0.4484030872173288,0.9613664079880012,0.3770619899170157,0.5018177252033916,0.7894746828237855
1.0,0.25666074600355243,0.6493941354388004,0.3228155785933041,0.3667582886196291,0.4944111480116109,0.09967585089141033,0.4120531174311836,0.9613035843758531,0.3720499153218565,0.499273827058871,0.7411740895809354
1.0,0.2844878626406161,0.6546775074505355,0.3421016300252536,0.42312948950578544,0.5036951450079008,0.08184764991896311,0.3589504247134596,0.9615754470569025,0.37630658053835264,0.4990887999761262,0.6836017050988525
1.0,0.3060982830076969,0.66081507743181,0.3645252099862785,0.4380880282214449,0.4753872307949506,0.16369529983792508,0.35075583766071045,0.9618387430049076,0.3885249483840766,0.4984410563459755,0.6917224281214819
1.0,0.25399644760213136,0.6660633792871467,0.3798097729916481,0.4093295886167947,0.4649737161651741,0.07617504051863838,0.4310510000049128,0.960952912408882,0.3875160275762154,0.5006741365747782,0.78372566629141
0.0,0.2969212551805802,0.6729679589462456,0.3958754769776981,0.41115131438692176,0.4691396819239496,0.13776337115072956,0.3879360743604733,0.959195334772932,0.3904611944737912,0.4976068870458527,0.703271057591358
1.0,0.3439905269390173,0.6783563801837795,0.4074172865399227,0.4287899463548343,1.0,0.17341977309562398,0.4166171290450947,0.9584117257232364,0.3915656023990453,0.4997635782440013,0.7464930366697448
1.0,0.31527531083481364,0.6832926235128944,0.41649690071684986,0.37121341919968975,0.4596386647810498,0.09076175040518672,0.4432593626104773,0.9562938009423021,0.3875846382453305,0.5017454542195628,0.7880516589296331
1.0,0.3416222616933098,0.6919689109635407,0.44220471536667294,0.3634261185022167,0.4114168940894584,0.07634228187919434,0.4178698986484827,0.9547959752442524,0.3774541518007805,0.5000831073054021,0.6948467561379766
1.0,0.3534635879218472,0.7017905087934699,0.4737200127452278,0.37194830049341066,0.41017467623353226,0.03727272727272697,0.3830527293182477,0.9532170298998658,0.36851322341166304,0.5010190817910601,0.6829882236867073
0.0,0.3730017761989345,0.7122534661395123,0.5136425571729902,0.3878550796670336,0.4755764811848836,0.0371155885471907,0.3597708659831293,0.9529907812369104,0.3683145086830443,0.4992774808311167,0.6438772025247608
0.0,0.3981645944345768,0.7205787421705525,0.5504767281984828,0.3636281542346596,1.0,0.09903121636167933,0.4663791028204515,0.9509140321037376,0.3464858100533881,0.5037960633249753,0.7612545378650849
0.0,0.4097098875074005,0.7267666424218786,0.5790528131772235,0.3821699952089805,0.4801062597671954,0.09795479009687794,0.5441982028897221,0.9470343526872936,0.3177468128792437,0.5061223663419754,0.8290853434863454
0.0,0.46299585553581996,0.7335625336618771,0.6048348583478759,0.3967225845734241,0.47107640704632103,0.10513739545997552,0.6046799542124988,0.9444074546103428,0.3001618919029612,0.5071631458824287,0.8599997470179741
0.0,0.4754292480757846,0.7391564195636142,0.6213057139417225,0.36363097167577263,0.5192158048894433,0.12664277180406233,0.6414671651543363,0.9418736226241744,0.2984834553561692,0.5096290182918909,0.9396258395840976
0.0,0.4961515689757254,0.7455621813126345,0.6397750035987712,0.33947163201250063,0.4083384162312605,0.10445859872611547,0.6668517162943568,0.9400609093420206,0.2980259127217736,0.5078923994323954,0.9493466739188179
0.0,0.4902309058614561,0.7529146913224316,0.6649931985529387,0.3321288129622795,0.4494933568594087,0.02831402831402813,0.6847638652118164,0.9364350814792431,0.28877520694555936,0.5055599611372485,0.9612368291232908
0.0,0.6349911190053287,0.7635858858368967,0.7134182230088466,0.5264711764600117,0.5586549425321106,0.6468401486988843,0.697645284427828,0.9351317517826676,0.2930966837163511,0.5066448251719465,0.9546592964569866
0.0,0.5976909413854351,0.7644924265016171,0.7275185711739601,0.4564634154870138,0.5800499958372706,0.6765799256505565,0.6878294661236356,0.9337452681902416,0.2965901801847713,0.5053140389756553,0.9959522875899663
0.0,0.6110124333925401,0.7643332114377912,0.7346891259059125,0.4785323252655431,0.0,0.7992565055762089,0.6603225758908171,0.9350167108339285,0.3139360947397508,0.5036208800367877,0.9997795650082829
0.0,0.6133806986382474,0.7611707554543277,0.7274447737027043,0.4818192530705847,0.5368178963333982,0.7379182156133814,0.5869102771322876,0.9354718102280264,0.32500500200086635,0.5013951488867169,0.9912634591795008
0.0,0.6417998815867378,0.7570368600983728,0.7182694954415512,0.4732374656098993,0.5067498567984395,0.9532908704883232,0.536509636500302,0.9373300988130708,0.34705579239372264,0.5013918885059963,0.9434510017718409
0.0,0.6441681468324449,0.7513348992828095,0.7046445423604082,0.4772953038781048,0.4869666628665206,0.7525309336332944,0.5326530712506568,0.9370246681956051,0.3565692909434077,0.5009365210650623,0.9655308709281716
0.0,0.6699230313795144,0.7473416227636467,0.6893215180051389,0.4576170074028266,0.0,0.8155230596175465,0.5155220610270743,0.9366922236420588,0.3654942787406419,0.499796427246016,0.9324246967425374
0.0,0.6995263469508584,0.7434327373560861,0.6762568108234586,0.4516639742206641,0.4877768880961825,0.9726603575184026,0.4989609381524839,0.9359763605487288,0.3734863103689071,0.498415714317061,0.9340261687338146
0.0,0.680284191829485,0.7380690557410514,0.6636512739114231,0.4313042249392083,0.5303939746804814,0.9361702127659578,0.5186760927344278,0.9357428391031648,0.3866110019252715,0.4998391081544306,0.9707509881422924
0.0,0.6524570751924212,0.7332441802152116,0.6588379631995207,0.3988036033745533,0.5264837237437912,0.7801268498942906,0.5149767377879527,0.9340188706907578,0.39553106561189255,0.4995213256266453,0.9729726046067869
1.0,0.6716992303137951,0.7304124840727877,0.6474396918511274,0.4227751756020725,0.513511016101153,0.8249698916097948,0.5024490417540739,0.9321529911506172,0.3872077037111601,0.4987492390006775,0.9350415701240284
1.0,0.6474245115452928,0.7273403496519069,0.6358192628915615,0.4492549107020599,0.5476736079462836,0.7157767964672809,0.4930508133176781,0.9298013559256284,0.3739888721154549,0.5017541759005794,0.9271091726863842
1.0,0.6515689757252814,0.7255870101455708,0.6211604682592459,0.3941069122124155,0.5565689314550323,0.7189883580891211,0.4816628919817834,0.9279504971339428,0.3645651399549629,0.5010143511587705,0.896558538912362
1.0,0.6915334517465956,0.7231283798430328,0.6131643106494885,0.4123142341551392,0.5987353713249631,0.8554797270172614,0.4685309188450938,0.9261869453189668,0.36740090468244346,0.5000941059445545,0.8739948207714321
1.0,0.7001184132622851,0.7182697590659579,0.5882857618401295,0.4226832676515917,0.5604993339448897,0.8329987956643908,0.4772413522051203,0.9260399855803804,0.3757866225939719,0.5007457102499254,0.8898528008722911
1.0,0.7051509769094141,0.7128732636126147,0.5592119887866396,0.4291674909621293,0.5762546627249082,0.7882352941176473,0.4554087713523525,0.9254973054089398,0.3817339675961916,0.4989215272272374,0.8972127572577342
1.0,0.7042628774422732,0.7086523178803448,0.5347606391061795,0.4296893678108832,0.5874965115908289,0.6731571627260071,0.4562390382659701,0.924363090670345,0.3862672060490453,0.4990391361698044,0.8832288401253916
1.0,0.6782119597394907,0.7066801150259592,0.5152792241462691,0.4344946508051691,0.5728651623860356,0.6596583442838366,0.4767107674319208,0.9215762221590416,0.3818780150436272,0.4968995783637091,0.8957339512062151
1.0,0.6474245115452932,0.7055804074265193,0.503579358920976,0.4364177951164252,0.5433190281323781,0.6044678055190532,0.4399088180241612,0.91755547719035,0.3691193338551194,0.494294936807014,0.8237767479896415
1.0,0.6483126110124335,0.7052628211331404,0.4946232937563083,0.437892391352589,0.5903017489146603,0.5624178712220764,0.4668949491277285,0.9146545019112768,0.3599232351567643,0.4965109093646173,0.8063172958975059
1.0,0.6530491415038485,0.7045547985203909,0.4887440838537504,0.44710311013100906,0.0,0.6622864651773972,0.4341264265606808,0.9119164689769054,0.3511248794963626,0.4977064140426675,0.7724955703966201
0.0,0.7051509769094136,0.7031797382557851,0.4927712040203793,0.5161388171710293,0.5237188848308914,0.8488830486202358,0.4052095564213037,0.9114361780229088,0.35274846280466376,0.4955580909391003,0.7157012402889464
0.0,0.6953818827708707,0.6989270368404497,0.4810813866242682,0.4804203877874745,0.0,0.8764783180026285,0.4318026617669458,0.9107393515047414,0.3553603632656702,0.4976111889231361,0.7698855117895598
1.0,0.6554174067495561,0.6937350977710346,0.4651133137139686,0.4513313196148115,0.5536374399612974,0.8226018396846244,0.4356051859748761,0.9102988049869072,0.3592588724181224,0.4942056180849842,0.7705601744582253
1.0,0.6563055062166963,0.68801285492059,0.4406818207639141,0.4529707309986308,0.5657020075644588,0.9732441471571912,0.4463151378783485,0.908903113079778,0.3612660757289139,0.495055708665746,0.7862545999727406
1.0,0.637063351095323,0.6822766654412942,0.4175745307810456,0.4292388407143183,0.5059296717591825,0.8267148014440441,0.42813278375231534,0.9074406262830316,0.35586270321800817,0.493732891900545,0.7458566171459724
1.0,0.5979869745411487,0.679381665295095,0.40851059984695387,0.4144912111461235,0.4950230581125464,0.7571157495256163,0.41698067787117626,0.9057930563054508,0.3534458735130903,0.4928933601922876,0.7262709554313753
1.0,0.5654233274126704,0.6775289145168104,0.3878642103640765,0.41137230763874094,0.0,0.6963946869070218,0.3672678323155599,0.9055891792337708,0.3606139574011201,0.4889760012919554,0.6456930625596289
1.0,0.5802249851983421,0.6754312649780325,0.362353770315336,0.43352752547099704,0.43845042476873386,0.6888045540796961,0.34912969358729345,0.9063606378840322,0.37549479970289423,0.4874189107602656,0.652139839171323
1.0,0.580521018354056,0.6719671301205441,0.32668054114285794,0.4340211502535469,0.4507919714551445,0.8382352941176479,0.3698224997420768,0.9066304708019668,0.3883580718522817,0.4890780969859064,0.6974717186861114
1.0,0.5737122557726468,0.6706646392139461,0.31424933219316664,0.42414949530019386,0.4759741195196059,0.6666666666666665,0.3828709549052072,0.9064287662884244,0.3960462277605389,0.4901725350199325,0.6871064467766117
1.0,0.523386619301362,0.6703168380432352,0.3080880229328366,0.35567691607834995,0.43057298686640205,0.7009803921568629,0.3947894610143015,0.9053514404157508,0.3998284357510196,0.4910812658404163,0.7261823633637726
1.0,0.5293072824156304,0.6710385990278613,0.3110488364740948,0.3637171186020784,0.4327964409498813,0.6357308584686759,0.4044235049054528,0.9060787799640077,0.4133184878613197,0.4918691358917499,0.7250715551315251
1.0,0.4946714031971578,0.6702062576231427,0.3033423947511427,0.3681455563911216,0.5417333077440657,0.5197215777262166,0.3364202231403741,0.9049158173175316,0.4130649161615235,0.4900435248345068,0.6704988414883466
1.0,0.4819419775014802,0.6714441409880663,0.3035052650520837,0.3701553411260361,0.4664804140189657,0.395196506550219,0.3372357515880697,0.9034348682909399,0.40675962231656415,0.4901602220311472,0.6293716777974646
1.0,0.4402013025458853,0.6736278254110637,0.3111865317720833,0.364661699405094,1.0,0.2588726513569931,0.3398493728782748,0.9005173007551112,0.3877162440934221,0.4904190912082492,0.5978601608286764
1.0,0.39135583185316747,0.6773584985448544,0.3082247286636346,0.3384499777235422,0.4577302848499237,0.06343612334801756,0.34695331345278024,0.8983390407237725,0.3726386234005065,0.4910216439569127,0.5922516014719909
1.0,0.4073416222616935,0.6839039845911568,0.3315041881444684,0.3530085525320099,0.5198770960110906,0.08846761453396562,0.2880338395177576,0.8957194725996119,0.3595310076933221,0.485997611681476,0.4893757666621237
1.0,0.3804026050917701,0.6891499761164952,0.3439880360990819,0.33173005158788105,1.0,0.1048951048951048,0.35776643461770874,0.8937169562977799,0.3508677961665204,0.4883419647744216,0.5352119394848028
1.0,0.3647128478389582,0.6937444482452655,0.3711553611781892,0.35166367403390325,0.5733984800356641,0.05420054200542075,0.39991353433325627,0.8926098722607155,0.34684411592682873,0.4882717955050132,0.5830039525691697
1.0,0.3866193013617526,0.698253327974131,0.382825454696124,0.3271028251084885,1.0,0.13550135501354996,0.3748434037995766,0.8918551246853271,0.3439907260814954,0.4898046215588602,0.5665121984462314
1.0,0.3718176435760806,0.7005581370043099,0.38090357458714413,0.34613275369463425,0.5612646340699559,0.08538163001293796,0.40884995750408987,0.892050932982858,0.3437175060483174,0.4890434472504544,0.5830039525691697
1.0,0.4310242747187686,0.7048956829459136,0.3855357911233232,0.4060812776149553,0.4912806276573087,0.1350993377483439,0.4045905408525709,0.891926214419753,0.3427521084554899,0.4886106842799303,0.5960610603789012
0.0,0.4310242747187686,0.7084612530728089,0.3913906414062448,0.40725118925338494,0.4613940979649497,0.2596026490066218,0.4020800888238212,0.8909334954581068,0.3382157670740238,0.4883593711304875,0.6032233883058469
0.0,0.4046773238602724,0.7111439458643636,0.3876944952646523,0.4201772713284355,1.0,0.19201030927834967,0.4832251693695376,0.8895453175368554,0.3332464962924723,0.4916168436641348,0.6569578846940167
0.0,0.4177027827116637,0.7145541649000517,0.3823550812554989,0.4451180281822144,0.4966459894514839,0.1159793814432978,0.4999484153692722,0.8883536832734008,0.33231799897769176,0.4929977140936515,0.6864794875289626
0.0,0.4316163410301953,0.7189789492383085,0.3796278849768946,0.4592011019311228,0.512940203452079,0.11544011544011493,0.4411075465858345,0.8893645003090763,0.3435061935299686,0.4917603536412383,0.6324860297124166
0.0,0.4520426287744226,0.7247723861328366,0.3915363452125237,0.480946546076023,0.4650746852861197,0.22799422799422756,0.4898820431444025,0.8914295082385079,0.3614352991774944,0.4957421028872048,0.7220253509608829
0.0,0.3895796329188872,0.7296441380993144,0.4076946216955225,0.4593598698608855,0.40883970227918776,0.14285714285714368,0.5025915135913219,0.8942960785249082,0.3834847735356708,0.4966009290630462,0.7729317159602013
0.0,0.3688573120189459,0.7362894761495924,0.4274196443565673,0.4951484707874008,1.0,0.1034700315457405,0.4467916816098335,0.8966973874118301,0.4068567695459243,0.4953938353540792,0.7651219844623138
0.0,0.3543516873889875,0.7423567850533751,0.4405767836883485,0.5292405554277564,0.4752819834078969,0.044164037854888885,0.4109329940210957,0.8965438401631062,0.4069541651642597,0.4962025600480349,0.7290786424969333
0.0,0.4194789816459444,0.7492869588451043,0.4636246652534631,0.5373497069063112,0.5618438634638011,0.24983649444081066,0.40951318847058976,0.8940435126043457,0.39444065881291934,0.4962746411609034,0.6697969197219574
0.0,0.4203670811130848,0.7530059908155651,0.4735420350766432,0.5384165236684996,0.480494816137067,0.15491974877878587,0.5181012925634612,0.8919397844212121,0.3807171752540132,0.5015629693907931,0.8031688701103988
0.0,0.4464179988158677,0.7576976808616009,0.4925426117512587,0.5118755667960927,0.6318556832454849,0.16251944012441727,0.5048661501653164,0.8896648144313529,0.37497712822563145,0.5003373698253408,0.8038639771023577
0.0,0.4588513913558319,0.7619099487154246,0.5066659635146121,0.501106234352182,0.4966369349791274,0.11937857726901137,0.5479515988779113,0.8880566927503578,0.3748029323347437,0.5002594016372464,0.8229112716369085
0.0,0.4822380106571934,0.7658488163814461,0.4998143861002958,0.530171910737375,0.4564184277427205,0.2567457072771863,0.5546772521604135,0.8836237221187632,0.3567433626637009,0.5007744815840817,0.8379378492571894
0.0,0.5337477797513321,0.7711362672454449,0.5018018662024484,0.5629956604349227,0.4915935848314546,0.38266557645135,0.6672545676962303,0.8797216716046318,0.34474248278668784,0.5064833377915228,0.9201921766389528
0.0,0.4635879218472468,0.7729555926996989,0.4776968515885955,0.4787883965280749,0.4208464713908879,0.38425196850393706,0.7110622012390136,0.8773377306278106,0.3425806748666941,0.5064066789933458,0.9612034891645084
0.0,0.5784487862640617,0.7759712645205761,0.4741280280493266,0.5765969767044021,0.5329720275701928,0.3839458413926496,0.6431227861595981,0.877247404222797,0.3549358913434193,0.5039626807944729,0.9405002044432328
0.0,0.5968028419182947,0.7734563637137133,0.44087377039681663,0.5485287773047038,0.5124558699293589,0.4013539651837513,0.6293423205223312,0.8766975589510021,0.3623514243119814,0.5064800147900976,0.9341420198991413
0.0,0.5935464772054471,0.7722948140131016,0.4243064931913589,0.5450113642435843,0.5029403055973648,0.3878143133462272,0.6802637202835677,0.873022022205694,0.3492957760794213,0.506964638676507,0.96579721219647
0.0,0.6044997039668443,0.7716396528512786,0.4128927279003528,0.5081250727657739,1.0,0.4032882011605416,0.6935086883256611,0.8711559048070182,0.3464067801342846,0.5082500835766249,0.9491768269801526
0.0,0.5642391947898165,0.7711443876920698,0.4097246577778593,0.4601942214785531,0.4781287967962456,0.2620889748549316,0.6355865172513743,0.8690790634239348,0.34214538878439915,0.5027965071434312,0.9503162376251136
0.0,0.5731201894612197,0.772895106327858,0.4085522543969655,0.4723663585518729,0.5129165763653482,0.22389791183294566,0.6726046308259926,0.8691438451284822,0.3472105395906557,0.5021298460171558,0.952861148826134
0.0,0.6119005328596803,0.7744007636424677,0.4118926260542161,0.4720480675578597,0.535214716334298,0.2726218097447788,0.6611577556264089,0.8695624672711685,0.3601487758770009,0.5008393620194007,0.9746873443544588
0.0,0.5411486086441681,0.7753929582938994,0.4156777993499312,0.4306820638441347,0.5093023288516683,0.15313225058004554,0.5877700209777498,0.8683161195520642,0.3617194359805965,0.4981327674460186,0.993018928636383
0.0,0.512137359384251,0.7784952941106318,0.4247187011167549,0.3988061852305914,0.4695056044527984,0.18329466357308555,0.6339014193142679,0.86873503670035,0.3761015385639472,0.5021791785519819,0.9606444107589802
0.0,0.5509177027827117,0.7811127511160918,0.4250923523092989,0.3946275918853572,0.6166037107773774,0.1937354988399073,0.5665908454475332,0.8688481991934284,0.3842011051872184,0.5000526123234235,0.9596855501110444
0.0,0.5743043220840731,0.7826094843206475,0.4155091308190096,0.4201250484656151,0.7890180441613183,0.3758700696055677,0.511483721364389,0.8720083331584382,0.4085524655340299,0.4954587276919483,0.9649874854584553
0.0,0.5796329188869153,0.7817912191892193,0.4032921890000392,0.4263320025877153,0.6766679446311578,0.4315545243619486,0.5059224068897418,0.8721761381976602,0.4160770562973791,0.49878581052762105,0.9995068307619832
0.0,0.6003552397868561,0.7799651457720207,0.3991397049484721,0.3960830464895694,0.6087554050978138,0.4338747099767973,0.4845074159047696,0.8716952449691046,0.4211351961042942,0.4973419330315912,0.9859175256165831
0.0,0.5666074600355239,0.7764784111020693,0.3832764236980656,0.4109438341377143,0.6619935559767194,0.392111368909512,0.4503240006091901,0.8712841350371344,0.4297158391478765,0.4945526599488297,1.0
0.0,0.588809946714032,0.7739288146998506,0.3729486333562248,0.43316427597498425,0.5580465193165101,0.3515081206496519,0.42957224059071797,0.8710784246795863,0.4414582073458878,0.4930978391639168,0.9817780360255668
0.0,0.5932504440497333,0.7708541965307438,0.3476130649677737,0.4374713461446387,0.5577940927712776,0.32714617169373456,0.4334877597040516,0.8693101916751459,0.4441854519571122,0.4896812689329903,0.9950352777190468
0.0,0.5825932504440501,0.7687291906687992,0.331536352872903,0.42727813526270025,0.541807151308034,0.27842227378190304,0.4180614987054712,0.8687743030438005,0.4516535946819288,0.4885814023727938,0.9765462455078492
0.0,0.588809946714032,0.7700643604694679,0.32991022393450264,0.3820048885996629,0.5513939141102039,0.2842227378190257,0.4020948272897432,0.8677820368724097,0.4561024907740915,0.4872754021718458,0.9972653048357604
1.0,0.4745411486086442,0.7718603456231063,0.3310158836282188,0.3301554616430624,0.0,0.2066666666666666,0.41005851170971136,0.8649820180052606,0.4479710412668296,0.4879023393225425,0.984671521341656
0.0,0.5251628182356427,0.7770540069616203,0.3522878245382399,0.3707179540668355,0.5688597650210494,0.4811111111111109,0.4357820475659424,0.86068824290037,0.4324404446244202,0.4899425499386785,0.95663892566673
1.0,0.433392539964476,0.7756001454608115,0.3537459497815646,0.31547741590193823,0.5341939472009632,0.2861271676300569,0.4559098791937079,0.8563138393484516,0.4140051797224517,0.4877535988827285,0.9747178614210958
1.0,0.4043812907045588,0.7790561786244514,0.3831072636418483,0.32833391650799354,0.542185353704675,0.2159887798036456,0.4371379864307858,0.8525823449404429,0.4018668290520983,0.486498133704486,0.9896087706415752
1.0,0.3703374777975129,0.7825788378553744,0.40922845982763856,0.348989223744108,1.0,0.17062146892655275,0.4542100427906791,0.8484110546893927,0.386643844622394,0.4878674826806054,0.9759985655492746
1.0,0.3801065719360569,0.7861498469255399,0.4315641552013283,0.3629991273063395,0.5045529781280329,0.14689265536723142,0.42955258930282136,0.8437887470625999,0.3711734134496004,0.4861697371865194,0.8890862207346433
1.0,0.3812907045589105,0.7894278516085311,0.4391390669744729,0.3644648259394036,0.5336194565456835,0.13559322033898186,0.4285700249080073,0.8416193478706254,0.3677803058656063,0.486250583758633,0.83327925681791
1.0,0.3981645944345763,0.7937695590036056,0.4431567686673549,0.3771035718629169,1.0,0.20790960451977286,0.3975455541417546,0.8411592677477139,0.3746906492889596,0.4873841006814388,0.8290271350262131
1.0,0.3706335109532266,0.7971799990837172,0.4459396395060525,0.3788892600938825,0.39004457532809056,0.10734463276836036,0.4135220512014305,0.8427683105013591,0.389389588842974,0.4885821016650253,0.8788486825253162
1.0,0.4191829484902308,0.8025360705660292,0.4203718907433392,0.3781506730000909,0.4062970595909299,0.2610169491525412,0.3796874462660096,0.8418683794876629,0.3876805970190113,0.4896142833313773,0.8537116412507045
0.0,0.4618117229129665,0.8059727632887177,0.3965947690208862,0.3750548476464289,0.3583894292711248,0.4011299435028248,0.4222079204515866,0.8388694683904846,0.3763443078850925,0.4892545975217111,0.8769873119418026
1.0,0.4144464179988159,0.8082533997193848,0.35931421856211265,0.3414281499527323,0.3678170550141968,0.2632768361581921,0.5268903310750728,0.8351814939617758,0.3605171944584712,0.493728634292148,0.9858262606943424
0.0,0.4105979869745413,0.813589946293495,0.3817759182854497,0.3390678698661449,0.3660565431667475,0.35141242937853123,0.4580027413546614,0.8328045172576625,0.359429900910524,0.4922939745739936,0.9382820008237608
0.0,0.4132622853759623,0.8174508734390513,0.3958520616408023,0.3417674462912583,0.34150426400934963,0.3853107344632767,0.4540086170897427,0.8317296683705023,0.3659584792029905,0.4918832794208289,0.9585556725092677
0.0,0.4017169923031377,0.8192855271990693,0.3997899210144059,0.3145263723669832,0.3407802578749336,0.3033333333333322,0.4568138384369364,0.8304642758352537,0.3736044803295616,0.4922128413409267,0.9264289963846049
0.0,0.4600355239786854,0.8229092056686196,0.4088826626825927,0.3625598387997648,0.34091352711566913,0.38999999999999896,0.4576932335702954,0.8271795349152871,0.3683357951451155,0.4922689435326801,0.9321953228685188
0.0,0.4147424511545295,0.8250194148269441,0.410787454415935,0.327189711705081,1.0,0.2677777777777774,0.4629597787264982,0.8229760817689175,0.35202045829376283,0.4929063601376166,0.872234680334996
0.0,0.41592658377738295,0.831152100853207,0.43606448417841104,0.32872128056764394,0.4134635215918529,0.2277777777777775,0.5080545716264878,0.8186378740979242,0.3374704218898886,0.4929281193953516,0.8776165850533156
0.0,0.4026050917702781,0.8378707671437613,0.4593192155374608,0.3600330327482277,0.4093226342780756,0.22111111111111054,0.5061434838785747,0.8142979181921043,0.3176686869847967,0.49282963971108,0.8639970710722619
1.0,0.4070455891059799,0.8463112693756232,0.4985906314584331,0.3700666471350391,0.2105595142171512,0.20333333333333314,0.5324074301519532,0.8100005040494699,0.3006748325693719,0.4951208131984407,0.8460299299803211
0.0,0.4783895796329192,0.8559049769144473,0.5466823276879267,0.4526790851518516,0.4696110916062819,0.0989473684210524,0.5293762189939525,0.8092091718486106,0.2990054933802868,0.4952929053417315,0.7620337741979775
0.0,0.4866785079928952,0.8600079147435498,0.5731537054192951,0.465062893280664,0.5344399481093218,0.08808290155440136,0.4490122771421129,0.8115082426393202,0.3175614059716733,0.488136835360738,0.7633060271841103
0.0,0.5438129070455888,0.8617916753578898,0.5946192241509575,0.5244856008602798,0.5332431213689186,0.12043946273775105,0.4340183444772512,0.8134435154382093,0.33348110954720755,0.4867376130839844,0.7996613427303098
0.0,0.5926583777383065,0.860604018141522,0.588560857162141,0.5580259245344527,0.4432783003004131,0.4626506024096384,0.5102407774049492,0.8151422768397353,0.3518603225130448,0.4891976398355828,0.8435586472015011
0.0,0.6628182356423921,0.8583948703859541,0.5770482119553875,0.6275636887978857,0.5251373354076457,0.7663157894736843,0.4357967860318642,0.8173869272394364,0.3745465492438905,0.4829128014551648,0.8496819367534663
0.0,0.6758436944937832,0.8542974070021742,0.5521755896101936,0.642953806627321,0.495701053620267,0.7247063534436723,0.3903384443057937,0.8223496950428019,0.4117809321282081,0.479232881549156,0.8641984348542402
0.0,0.6826524570751925,0.8525841249650741,0.5459747364773551,0.6503759198445023,0.50121852913757,0.7220496894409933,0.3627971643191569,0.8236403688575223,0.4279266821214307,0.4808512265819585,0.8386160816438609
0.0,0.6613380698638248,0.852344899678604,0.5549998517992836,0.6037050199870729,0.4988661639751769,0.7466863033873348,0.3787147075151439,0.8240053826329853,0.43889280524874,0.4783485420616788,0.8436867877900327
0.0,0.6426879810538778,0.8516935773007424,0.568887633307472,0.5683064609131292,0.4693757379531029,0.7525773195876281,0.3671106220123903,0.8243392184993831,0.4454508775342063,0.4773980763310982,0.8739645782801704
0.0,0.6577856719952634,0.8561951358444557,0.6123850862516806,0.58481043924764,0.4694858714693009,0.7113402061855661,0.3606699124043841,0.8232504453674431,0.4429074326787089,0.4768814540264836,0.8879044437325522
0.0,0.4505624629958554,0.8599825813394609,0.633359975225106,0.4134471592635057,0.4119428599592592,0.6962025316455681,0.3934924760131464,0.8217145670854676,0.4314417969872753,0.479408320606241,0.8627705825820327
0.0,0.4739490822972174,0.8670178219852924,0.6470109252670323,0.3851449372065624,0.5295046778120434,0.5489186405767252,0.34620656451272186,0.8208673169839732,0.4294653184751066,0.479574924217506,0.8079172577914058
0.0,0.4863824748371819,0.8659912954479556,0.612454594898973,0.39458570767961215,0.5994166713941564,0.642636457260556,0.3307360881163747,0.8214456684281203,0.4364926705737455,0.4783689235563176,0.8350006864674381
0.0,0.5420367081113086,0.8636371769986306,0.5861283186227568,0.3930594753181729,0.5133556354957246,0.6642636457260549,0.3376729927437621,0.8206673981109266,0.440472271164826,0.4789002839317435,0.8181227403780147
0.0,0.5340438129070457,0.8601630435574537,0.5551677360597698,0.3866307514797354,0.4802537326997822,0.6343975283213182,0.3524802381736092,0.8184452406776659,0.43407531377556696,0.4762980226996654,0.819651274541211
1.0,0.4878626406157491,0.8572372836648112,0.5232397743322721,0.39619874828061535,0.4888797053714016,0.5118434603501547,0.3528044844238977,0.8166811374360526,0.4305453720824126,0.4763358674767772,0.8075145302274493
0.0,0.5426287744227353,0.8567367222980451,0.4980185190574266,0.3934008567641215,0.4723623535024082,0.5561277033985577,0.3529911716589124,0.8138219163003707,0.4228014373964904,0.4763579473503994,0.8003386572696898
1.0,0.5266429840142097,0.8544443029094624,0.4829794129732722,0.4298121351227909,0.4647879082995714,0.5149330587023689,0.3974669489901692,0.8115764950597172,0.4150387557121191,0.4760283381592553,0.8050249416502673
1.0,0.5467732386027239,0.8532331733857448,0.4827814324708377,0.3965974649416248,0.4503185274752301,0.5550978372811539,0.3485450677723793,0.8088242380143714,0.4058793838018343,0.4760882746847229,0.7287721385748938
1.0,0.5680876258140916,0.8501801747552915,0.4808585523297381,0.4136383816735456,0.4952543550219055,0.5231719876416068,0.3625220462886087,0.8076939794709582,0.4018583556989249,0.4771626351700967,0.7266029014690405
0.0,0.6110124333925401,0.8469181636598688,0.4592425166949651,0.3953412705565064,0.4571139304980178,0.5726055612770331,0.3655434318026619,0.8067034942462276,0.4058917946505435,0.4774090740312862,0.7164614891766969
0.0,0.6489046773238603,0.8428701821810445,0.4351249236130256,0.36962776360840266,0.48369767409812,0.622039134912461,0.3916649062387926,0.8066808723206421,0.40992661361434135,0.4793585456799765,0.7869296599697955
1.0,0.6261101243339255,0.8366074610768759,0.3834021174735337,0.3549491664011194,0.4598784273798865,0.5005149330587026,0.3547155721718112,0.8062277262756766,0.4128726905830923,0.4802845967290337,0.7335133403505565
1.0,0.6494967436352875,0.8341900710564667,0.3684642525421842,0.3714250171090494,0.4313768473324645,0.3861997940267768,0.3564350598627357,0.8048805051282998,0.4073175059906176,0.4804437704361034,0.7123243787469681
1.0,0.5689757252812319,0.8338824381739489,0.34795079983121807,0.3634082402212017,0.6256055397026451,0.2574665293511845,0.35020068877764066,0.8027264383881053,0.4065351617604696,0.48000482737615,0.6722529861333578
1.0,0.5325636471284786,0.8375460732837792,0.3486792628062897,0.3855776482534391,0.5618511742402001,0.15653964984551974,0.3404634756250336,0.8002681271862474,0.4058004956536421,0.4792821696660241,0.6294448766646833
1.0,0.5411486086441681,0.8425761968014671,0.3588304768199444,0.3924116199470488,0.5870901744388836,0.118434603501544,0.3444772511778489,0.7970790583291737,0.4031164110327419,0.4796408146183354,0.592650221957805
1.0,0.5541740674955594,0.8478450555300983,0.3785276745084305,0.4026792895712591,0.4443616054434152,0.19979402677651892,0.32485544021341284,0.7951824417575138,0.4032293787751856,0.4781208881475724,0.4874467987735114
1.0,0.5962107756068679,0.8511736863012578,0.4033457027091352,0.3851195410695227,0.5789344806421143,0.31697931697931725,0.3330795041980064,0.7946009269404705,0.3964820985578917,0.478766355927384,0.5328909432062605
1.0,0.6299585553582001,0.8543203810916484,0.41310126351509213,0.4098303397032723,0.5900032263581193,0.2833787465940057,0.3568428240865837,0.7951394054038771,0.39084068180916864,0.4806947167721231,0.5779598187725964
0.0,0.7930728241563052,0.8617403552522425,0.4460011086577713,0.6017866444241811,0.6058744010333891,0.9009990917347864,0.31580602213717585,0.7953751226471767,0.3809663984573809,0.4773929424570876,0.4914100041188048
0.0,0.7087033747779751,0.860472079802721,0.4524126400870981,0.5374913582612075,0.0,0.906577693040991,0.24562636023758394,0.7960552436733322,0.3842373172448119,0.4751895300488125,0.3841563315180083
0.0,0.6415038484310243,0.8593510067426142,0.4504968624765323,0.4669623758199696,0.5045676848295694,0.9532888465204948,0.24321907747028956,0.7977717371418577,0.3956322133102009,0.4749925607570071,0.38701203606242257
0.0,0.5751924215512135,0.8553354672864528,0.4346084448212124,0.466881623887722,0.4170342873688819,0.8223099703849941,0.28024701668885604,0.798935055330784,0.4029552629788888,0.4781037834808141,0.4755663356368128
0.0,0.5716400236826525,0.8538901849604077,0.44046948492832144,0.514014418719232,0.4819804363105583,0.8203356367226056,0.2404678971648103,0.7999421942582979,0.4110124787838095,0.4747046865030202,0.3994508260491511
0.0,0.5082889283599763,0.8525458317662373,0.4561961431162618,0.4667278430382724,0.4875712160923403,0.8204158790170141,0.2181636854025321,0.7998852837797391,0.4138499831591146,0.4764969666809279,0.3719555169099813
0.0,0.4330965068087624,0.8506248490033923,0.4690639277246271,0.4592132825300086,0.4866301191939921,0.5921696574225124,0.2463583707117205,0.7990353550526285,0.4127668426187021,0.475184147064797,0.3822159168916756
0.0,0.4354647720544703,0.8482553120684422,0.4514549319534809,0.4607771913382871,0.4813947834033712,0.6026058631921828,0.2494927511311773,0.7979343082672145,0.412778627470704,0.4754100911321942,0.34431376138391856
0.0,0.4582593250444046,0.8437823336649053,0.4227576267694873,0.4802094474715937,0.5094530954769573,0.5598425196850392,0.27313325047040243,0.7976451194547746,0.4164245843026765,0.477460781309844,0.3931902430094731
0.0,0.4487862640615748,0.8382205474835959,0.38729116630487903,0.4712161185984893,0.5105780928365867,0.4787401574803147,0.27644449248092584,0.798487953280186,0.4315732807494129,0.4777409882004089,0.3891538144707336
1.0,0.4550029603315569,0.8368173550071543,0.3901775757756193,0.4757700630739346,0.5288024755793096,0.4023622047244093,0.25492633223449884,0.7987585342109488,0.4379091387181415,0.4795893574385321,0.3653745823989748
1.0,0.3735938425103613,0.8371181596054864,0.4044541720955727,0.4707992095848779,0.5347720209397003,0.3393700787401576,0.23238630501746504,0.7992806273460765,0.4479273288371477,0.4775539142083596,0.3010937714521074
1.0,0.3747779751332148,0.8418052464604686,0.4412424837569392,0.4712137597052445,0.5640834370680899,0.30708661417322874,0.2251398926057116,0.7990167007026484,0.4440059819823709,0.4768987293088609,0.2845270239348314
1.0,0.2764949674363525,0.8446056480642627,0.451640676435914,0.4389741776744968,0.5737390419392292,0.1574803149606299,0.21472471002068305,0.7989451226005572,0.44267699936051785,0.4758860395891034,0.2347260994920143
1.0,0.3590882178804025,0.8536192094910735,0.4888133414823906,0.4529549055132297,0.5280866318612065,0.27322834645669275,0.1445204840112209,0.7990479403335337,0.4381246187287471,0.4690183197527474,0.08755663356368157
1.0,0.32238010657193605,0.8597199217066525,0.5160795022940106,0.4340871129361933,0.4989012251820694,0.2929133858267715,0.2349016698681891,0.801727582356277,0.4592127760905325,0.4736030617679782,0.2530685094503686
1.0,0.27442273534635864,0.8649002833200115,0.5421402089844727,0.4512371215089506,0.5919963797241596,0.2261640798226165,0.18915838446762206,0.8046997622492209,0.4825920182247442,0.47320450293411104,0.232364651503364
1.0,0.3706335109532271,0.870352816812344,0.5656563385773845,0.4837151891325629,0.6799802930612424,0.252032520325204,0.1655915774580076,0.8073771943133393,0.5018072436467715,0.4747681368848061,0.21237471969246274
1.0,0.3697454114860867,0.8733332350721059,0.5609258455360702,0.48186154501752204,1.0,0.1966001478196608,0.17742656559354258,0.8116731504607012,0.5179151684793136,0.4721271944076815,0.2126767653654296
1.0,0.3457667258732976,0.8810532071419379,0.5925645039432708,0.4576956832666673,0.6648672000789907,0.0007806401249028192,0.08775282610084051,0.8151962097138078,0.5280261130908325,0.4681592658787941,0.18075145302274492
1.0,0.3777383066903495,0.8932740545918127,0.6218628036507712,0.4756991830299444,0.3408010669189137,0.017079419299744058,0.0,0.8201376421889496,0.5478149204580843,0.4589856544876641,0.0013327328376182429
0.0,0.4727649496743634,0.9061934957313684,0.670689977636982,0.4891075873317456,0.450191991708994,0.21810344827586228,0.02110057037863133,0.8223139521149451,0.5538848319669357,0.4612184974223598,0.01263186845569036
0.0,0.525754884547069,0.916560143065022,0.7124572060974597,0.5269664749863939,0.5782451058526812,0.16312997347479988,0.07319613459167068,0.8246421373972689,0.5645717591672643,0.4623483356610841,0.0489676914200937
0.0,0.4934872705743044,0.922268345015678,0.7376071539988448,0.504193896366393,0.6112573795643665,0.23872679045092826,0.09306849947678447,0.8253015807484262,0.5666736962204825,0.4642329222883833,0.025418826618016668
0.0,0.5290112492599168,0.9252854625750876,0.7415796445629661,0.4817377208488896,0.529681911568715,0.2519893899204235,0.1657193108293333,0.8260509755876743,0.5687644187390577,0.4671727428980582,0.12675894681266214
0.0,0.6589698046181174,0.927023672618522,0.7312982497533128,0.5276807433049231,0.5536010307060655,0.6154838392648739,0.1573675134734141,0.8263129183875674,0.5739383393319314,0.4663276438441274,0.09299175906158892
0.0,0.6847246891651868,0.9241670346975308,0.7334502033361643,0.5502528835919361,0.56230985799033,0.7530742865566771,0.19790320758146698,0.8258562191061206,0.5738394525735608,0.4700690076331007,0.18894474668870406
0.0,0.7004144464179987,0.921890840572313,0.7541986510186739,0.5098038076952442,0.5722746311876441,0.7604452033758793,0.27489695355909394,0.8258515651603314,0.5789710984839034,0.4734029800860774,0.2839680462778049
0.0,0.625814091178212,0.9188413281498566,0.7701176289093832,0.5024378974530923,0.5938009540520979,0.6302256729032819,0.26796987457565485,0.8255301495623516,0.5785790736097048,0.4727790124295091,0.2950095264329823
0.0,0.6033155713439904,0.917426712634061,0.7656521152054587,0.5369793747156008,0.5998254587471026,0.5430031572093704,0.24239863620062002,0.8265468932719237,0.5891413545539804,0.4741112239360062,0.2352799393981133
0.0,0.5988750740082889,0.9145829350559382,0.7398545495621206,0.5340997196598185,0.6097090877318847,0.3980417930983652,0.2361888292253952,0.8270807627492834,0.5945911460032505,0.4735214347472867,0.2144709960287401
0.0,0.7054470100651272,0.912904795969764,0.7085624293260575,0.5688823464722342,0.6426724334571773,0.6375965897224841,0.2195392755552716,0.828809385320718,0.6074749739843031,0.4719187970986953,0.16465808139935267
0.0,0.7205447010065128,0.9073214705061984,0.6690031576854979,0.5787253448100137,0.5923149166016201,0.6355841371918551,0.2591267950223289,0.8303185256086708,0.6137274282457107,0.4756109486980394,0.3228198241627071
0.0,0.7821195973949082,0.9038594548419724,0.6499006256850186,0.5846422263033171,0.6307269270302609,0.7960865087538629,0.26859871578833594,0.8317707814381153,0.6215781915148652,0.4764707539186663,0.31756306957739394
0.0,0.7312018946121966,0.8973359583514666,0.6107196877727201,0.5977204533632944,0.0,0.678048780487805,0.34698770320659905,0.8315287926192646,0.6131891451731274,0.4835541420381924,0.5106397631017152
0.0,0.7957371225577263,0.8927561087136229,0.5817026565145791,0.6135294352952598,0.6148091993961605,0.8274547187797902,0.3216031520665785,0.8304484266892891,0.6041180784129793,0.4812732000889814,0.4181989302848749
0.0,0.8513913558318533,0.8840626177151578,0.5347330815435803,0.6188653281457165,0.5919300032571337,0.958727001491796,0.3096846459574845,0.8294225458006145,0.594141254819848,0.4801839795588331,0.3456603080595921
1.0,0.772646536412078,0.8724287509588038,0.4866195692630415,0.5731113118794012,0.497410785021007,0.9208472686733548,0.3302890213167346,0.8296974224905523,0.5971471495480375,0.4784216064741752,0.3923627849321675
1.0,0.7720544701006512,0.8675504997518629,0.4676761504249674,0.5736965834762784,0.4558405833091175,0.8515057113187949,0.2646979351409242,0.8300024856629075,0.6023764647904214,0.4758756889760157,0.270344099350366
1.0,0.696269982238011,0.8617528984298581,0.4412335827021243,0.5378693187053267,0.4592971437233239,0.7753303964757714,0.280802165571926,0.8306933364115799,0.6095319815578062,0.4737045216327101,0.2725248490691642
1.0,0.765245707519242,0.8606786905183617,0.43796968363735855,0.5382833304476965,0.4413343249064405,0.7938325991189426,0.24338120059543406,0.8299908541875697,0.6081966506248856,0.4700330318059245,0.1850653077152632
1.0,0.6752516281823565,0.8572867695885726,0.4284678245002469,0.4969393929710178,0.4605174987895218,0.7259911894273131,0.27115338321485233,0.8299796495146873,0.6100774957494486,0.4690294375760004,0.20115694511397306
1.0,0.6977501480165781,0.8560277417707871,0.42488278016481706,0.5195526023292785,0.0,0.8114537444933921,0.2511238080265684,0.8304317730231744,0.6149580078039423,0.4670317285748238,0.14428528797373918
1.0,0.797513321492007,0.8530571381498824,0.4188892881378183,0.5567784800670149,0.40312393429081456,0.9602473498233214,0.2518705569666271,0.8316249643455506,0.624380070413209,0.4671335170398196,0.17618162201868556
1.0,0.6844286560094732,0.8471376629219645,0.3924667181242562,0.4985080602813834,0.3893948884859773,0.9550342130987296,0.3324162732315069,0.8327883524594163,0.6360827362498431,0.4712219782047704,0.3490002984183826
1.0,0.5784487862640614,0.8439349607303546,0.38181561922548296,0.4684483285575764,0.3502833138593036,0.8420490928495193,0.3437796304575312,0.8323261668077554,0.6376630646469871,0.4686191784019961,0.3678465670408376
1.0,0.6148608644168145,0.8400665755637695,0.3560513441770685,0.444040784740992,0.3867857720554636,0.868729989327641,0.3017307871814649,0.8318760801380121,0.6365266536639035,0.4645027227565596,0.23383375800564696
1.0,0.6669626998223801,0.8342266464477051,0.31281913922016913,0.478149972816627,0.3361740343269862,0.8238453276047261,0.30960604080589943,0.8316726313466737,0.6321871296809844,0.461578870551326,0.2406170373941192
1.0,0.6918294849023092,0.8288295784456725,0.27067693665326964,0.498130334653005,0.34361884009261495,0.9806659505907634,0.3012738947378765,0.8322055156165339,0.6395679057390987,0.4607541042754956,0.20625301287790124
0.0,0.7057430432208408,0.8240858440941061,0.2399927313465771,0.453611453037486,0.3549414862393418,0.9892241379310353,0.3662803550987722,0.8328107237175363,0.6489234016388534,0.4672014061499866,0.3660675343755021
1.0,0.6104203670811132,0.8197382925665544,0.22675887340738646,0.4371973986445185,0.4779989654570704,0.9116331096196876,0.4126623073559682,0.8326174847032818,0.6543286212277091,0.4681008703250539,0.4613089089364827
1.0,0.4976317347542925,0.8179200894104375,0.2252104650623928,0.4148471413441697,0.5108323898708221,0.8004926108374381,0.4330750826582296,0.8320144946032503,0.6521432820053497,0.4664245750327845,0.473532584991851
1.0,0.4585553582001186,0.8184298947612145,0.22848899852826596,0.4370619182850159,0.4932133704544336,0.5573440643863187,0.3956786817916079,0.8314224655184982,0.6560913751407671,0.462851311418095,0.3861074765282464
1.0,0.4073416222616935,0.8193464118453102,0.21582045366493047,0.4536016537614845,0.4826900668994841,0.4831683168316838,0.37386083940476256,0.8314384935502751,0.6640086525205798,0.4607337279016965,0.3253563804145722
1.0,0.4017169923031377,0.8231675939879046,0.2140242520937428,0.4509547538834573,0.4702855557673458,0.452830188679245,0.3871500228446221,0.8314263947884325,0.6690732659837266,0.4583786674418077,0.3417234809356564
1.0,0.3235642391947896,0.8256251741813618,0.1988752268758478,0.4560698587928158,0.4622273012392436,0.37746710526315785,0.41231840981778334,0.8311872464570479,0.6730798780294498,0.4572339805382132,0.3888506301218923
1.0,0.2918886915334517,0.829975190081879,0.19484787489993788,0.4813860009524958,0.4549618030837162,0.2769811320754718,0.365494303582921,0.8306742291605697,0.6661346028371229,0.4525865217895476,0.2592681863048921
1.0,0.2687981053878033,0.8347915282933636,0.18577547016064586,0.5239610305339191,1.0,0.25313653136531394,0.3342634942937572,0.8307060088057557,0.6628143400645923,0.4493722073991333,0.16352179601955816
1.0,0.2468916518650089,0.8403170957794253,0.18194920281655347,0.5633581320827179,0.4375380490712505,0.19050942079553412,0.2975794526133755,0.8312542442896081,0.6568379067379333,0.4454429172581639,0.07665909143080131
1.0,0.297513321492007,0.8474466846539919,0.1918845942487309,0.530483113289849,1.0,0.2273764258555131,0.32591169693783817,0.8321744223657753,0.6623979485457232,0.444815373275825,0.0998024543549837
1.0,0.23149792776791026,0.8525698972654023,0.1977423430169164,0.5099933988536247,0.4308870936238456,0.007275666936136094,0.3822912419122666,0.8322310982768634,0.6656008019040246,0.447185073062728,0.2216749357403308
1.0,0.29040852575488457,0.8613847501662901,0.21546870826104708,0.543166332308859,1.0,0.14164546225614952,0.3409400193565185,0.831890691074724,0.6688758037150165,0.4427929930275567,0.10664829566506076
1.0,0.3436944937833037,0.867221980093245,0.22559344255981184,0.5427262663267207,0.446985356501888,0.1594571670907546,0.45003905693469387,0.8309999833297276,0.6654798723161846,0.4509825815329898,0.3766361402725041
1.0,0.27323860272350514,0.8727034497513824,0.23036710279343506,0.5244910888044988,0.4310758207831775,0.014418999151823734,0.4784646448766634,0.8301137917007443,0.6626865798164486,0.4542053122123085,0.3841343674920189
0.0,0.3513913558318533,0.8842412545249387,0.26692124127409816,0.5734889611769121,0.4292318022317735,0.21011058451816786,0.4680985905113755,0.8304458033972809,0.6654753473102528,0.4531509518921363,0.38315297797692016
0.0,0.3878034339846065,0.8907955025847847,0.28064359148720874,0.5996276284026358,0.4340630676394202,0.3609883380371699,0.4555414175456524,0.8316525515632996,0.6764579676157169,0.4514858278641203,0.4220641457631346
0.0,0.36056838365897,0.8945344316862545,0.2888891362117704,0.5543414785151879,1.0,0.2740117507144509,0.5116605829554554,0.8331778291159583,0.6914522119781914,0.4539123935728594,0.5193227671700156
0.0,0.29780935464772057,0.9015545451113112,0.3041139603548941,0.3925058317412219,0.4682753863121546,0.076095638745407,0.5041783550889466,0.8341653465252828,0.7010026364227163,0.4529695491850792,0.5222763010108572
0.0,0.2693901716992305,0.9135019219970552,0.3348138242898042,0.3750746259560709,0.4416281790175908,0.12894723061078447,0.4235785977823521,0.8354613683644995,0.7112163452660313,0.4480288311611716,0.3953887432921504
0.0,0.26376554174067485,0.9259046854155448,0.3659674012498287,0.3529166310924136,0.37600855497202396,0.01657458563535844,0.4468408098295741,0.8362112323621831,0.7156530970186332,0.4468875879706666,0.4392965597570613
0.0,0.3274126702190646,0.9381499901142764,0.3977812478434344,0.4002900863320487,0.414143298526612,0.021689497716894702,0.4198202889721884,0.8354025042921586,0.7168241144285982,0.4441394208432072,0.3502121552477224
0.0,0.4174067495559501,0.9471818650244971,0.4175655373620886,0.4797647161027151,1.0,0.13611859838274806,0.4500980107983826,0.8349455176501007,0.7204120186059773,0.44385341901569203,0.3832210158492447
0.0,0.4416814683244519,0.9528032475616816,0.4307537267371037,0.4688093525336816,0.5457787391284744,0.18463611859838144,0.5292190086907821,0.8350060557091928,0.7271634238219865,0.4489660459210631,0.5497004867090979
0.0,0.4683244523386622,0.9601769745408744,0.4504213899447713,0.5013864726154578,0.5074762625891988,0.16722408026755844,0.5364261185267428,0.8347403242680648,0.7300744945105558,0.44977919534610733,0.5661113191064521
0.0,0.4464179988158673,0.9665971805774848,0.47356843495616396,0.4761134261880812,0.3790537420246054,0.10772357723577257,0.5721472471002067,0.8333473278386568,0.7270792995271532,0.4500718873346996,0.620699696326802
0.0,0.5014801657785676,0.9734722176691136,0.501163694391702,0.5489312067833471,0.3924671907859078,0.2955627976936588,0.6298286898977641,0.8322829278677287,0.7286070705694452,0.4528829390865109,0.6851678522401093
0.0,0.4751332149200709,0.976314389073647,0.5221936986237731,0.5125959494725538,0.4602626719703864,0.33316620706944017,0.6594284422915369,0.8310489788569663,0.7330510991858749,0.4559083935686216,0.7827173179405044
0.0,0.4733570159857906,0.9792968951511832,0.5441844525651262,0.510853383380428,0.4501231354108148,0.3935565382185727,0.6590992832192739,0.8304756412158801,0.7376211555496627,0.45604524584598,0.7646146252027363
0.0,0.4712847838957964,0.9808634855449134,0.5599414823347236,0.5082614808295136,0.4057655863837671,0.3788450089303416,0.6700057480017095,0.8301891913318368,0.7426128947796172,0.4534900024822166,0.7794780652870241
0.0,0.4547069271758437,0.9809882513011514,0.5598811918004343,0.5352522951426346,0.4433582589077269,0.3195554689023199,0.6512928091024763,0.8300150423975364,0.7459063899836431,0.4509365620183439,0.7837364940341439
0.0,0.4905269390171702,0.9814850145238756,0.5564622389395075,0.5519386732324603,0.3903904598862968,0.33006227590111303,0.6452598637183182,0.8293773472333331,0.7520820396907055,0.4504481990039925,0.7627793869057621
0.0,0.5068087625814093,0.9812920966342072,0.5414086808181612,0.5239614571717448,1.0,0.3829024344215888,0.6518872605613389,0.8270844792288546,0.7502186584104489,0.4513848041995885,0.7443924910289745
0.0,0.4621077560686797,0.9806417910464292,0.5191222357231042,0.4257504844663428,0.3577546374983112,0.0828458199660301,0.6848277318974789,0.8248258060109067,0.7502728967633586,0.4513564594413224,0.7684537458999735
0.0,0.512137359384251,0.9836253946147276,0.5336681963236336,0.4713446344981889,0.3426403852100664,0.17519685039370095,0.7011383008513921,0.8229923914715697,0.7444725691475337,0.4493944432938221,0.8015419760137066
0.0,0.5088809946714031,0.9847575356414904,0.556675797725479,0.4666973165226932,1.0,0.1909448818897636,0.6986966283302791,0.8220688933725141,0.7423926461279964,0.4492341337409209,0.7912805585748235
0.0,0.5464772054470098,0.9868144440888496,0.5920986194739406,0.4813025026029827,0.4040703062286268,0.2834645669291335,0.7047787019341782,0.821421345293062,0.7380917585215304,0.4498898348481637,0.805042279987473
0.0,0.5485494375370041,0.9875248916065038,0.6003229633432513,0.4847808653551282,0.4899212792051875,0.14549653579676575,0.6760927344275824,0.8209351374835744,0.7392894071323248,0.4509272178503054,0.7541681251266555
1.0,0.5556542332741266,0.9895978396398076,0.5990843080735907,0.4964222409927656,0.5086654922926439,0.12009237875288595,0.6744076364904762,0.8194575858601573,0.7326311717714961,0.450675777549527,0.7552734842762657
0.0,0.588809946714032,0.9921981646116138,0.5967511207968899,0.5538821168566072,0.5111771895696055,0.5636007827788642,0.6858446860461118,0.8180067851840979,0.7346724323311381,0.4523763198615196,0.7247103037895399
0.0,0.5796329188869153,0.9925659020276448,0.5931665691968749,0.5876689073015344,0.4771597460187405,0.518590998043054,0.7137102122830374,0.8164078689244242,0.7362695979844923,0.4555124039700471,0.7882424318127067
0.0,0.5716400236826525,0.9923460103275908,0.5926331680289969,0.5730212570412857,0.4250713688901521,0.5264187866927589,0.712344447774246,0.8173974277522168,0.7560276948151105,0.4554625601641902,0.7796325871467958
1.0,0.5674955595026643,0.9924746931561272,0.6023192140026843,0.5662366845183291,0.3262297422757133,0.3922651933701655,0.6434126426560677,0.8179526269853415,0.7651698393141629,0.4508581243797043,0.7299006968174798
0.0,0.5399644760213146,0.9936934501744288,0.6098270427372191,0.5685210954121115,0.4561445953244776,0.3075506445672199,0.6671513984347748,0.818826763367475,0.7782656284620805,0.449779097499933,0.7566402869353412
0.0,0.5526939017169921,0.9969880009312676,0.6424694983221776,0.5403757934388902,0.4934677035815143,0.33885819521178484,0.6727078000874481,0.8166566104109972,0.7720072118724725,0.4466043695535093,0.7653125864330259
0.0,0.5849615156897574,0.9995718703342772,0.671740570908969,0.6010634182516315,0.4835224881039463,0.5837937384898721,0.6955917248426667,0.8142126296146052,0.7686272111974437,0.4494663609167723,0.7499486978167573
0.0,0.5944345766725873,1.0,0.6967810311216782,0.5696357323606174,0.5362656523759676,0.6003683241252293,0.7183724803364301,0.8136687431832025,0.7714031494012926,0.4482867598655946,0.7675492610837439
0.0,0.6272942569567791,0.9990107147013331,0.7014360815691831,0.6016165725548048,0.5692004464252421,0.7918968692449362,0.7016639728026173,0.8143395713411558,0.7833493732679059,0.4451857615706532,0.8196516537649541
0.0,0.6799881586737714,0.996040704832704,0.7025549611252917,0.6599561709415391,0.0,0.902394106813996,0.7292985964067622,0.8156534848147258,0.7971756602377739,0.4482400609823624,0.8701090781140044
0.0,0.6865008880994671,0.9915324740979212,0.6970770701265293,0.6268730140507298,0.5750539651069596,0.9280821917808216,0.7368889063567003,0.8142908948602979,0.8020195569397587,0.4489444609617424,0.8925404644616469
0.0,0.6909413854351688,0.9874196062527948,0.6914084229356454,0.6434911607898198,0.5381462948263356,0.977739726027398,0.7484045610639205,0.8127836148283129,0.807410615885722,0.4503575316018583,0.8847202674173116
0.0,0.6583777383066902,0.9829196964595028,0.6922145446498058,0.6185549775988316,0.0,0.8458715596330271,0.7677365155318867,0.8111910073457985,0.8173074506890144,0.4486743756660557,0.917690007037298
0.0,0.633214920071048,0.9812692018950636,0.7121014411621448,0.5944816651349546,0.4342911029181583,0.796330275229358,0.7575571484016133,0.8105731309965917,0.8308747801130391,0.4514633558599146,0.9041959887403236
0.0,0.5864416814683245,0.9807855747098246,0.7516225005728341,0.5269667354734662,0.3938721437468149,0.965986394557822,0.7403180560946011,0.8097620554332253,0.8423921946636425,0.4531521204623098,0.8940358902181562
0.0,0.5278271166370633,0.9767951112195612,0.7468309463337139,0.4683002902222985,0.5069132311625176,0.6715025906735766,0.7272057342458081,0.8091912020650046,0.8463311292306946,0.4521164257007679,0.8583743842364533
1.0,0.6450562462995857,0.9721131492606968,0.7308850053330065,0.5958787811359979,0.5506456861044272,0.423195558297348,0.6886400817493576,0.8083744389542961,0.8442654336323324,0.4519899566277074,0.8029644616467279
1.0,0.6699230313795148,0.9654676638082575,0.6874526376191743,0.6220027031537022,0.5003895973402848,0.3980208905992309,0.6840858957793947,0.8089592258088231,0.8523804080194325,0.4552550331785995,0.7993314567206194
1.0,0.6536412078152752,0.9631713855469002,0.671011940057679,0.6469918034276335,0.4772311667120885,0.4121657052962762,0.6523490658269016,0.8092160797263915,0.8681767066803713,0.4550849986644899,0.7835151301900067
1.0,0.6370633510953225,0.963773376261476,0.662553893655607,0.6760418488649996,0.665998827652291,0.3754588358678552,0.6339112449582165,0.8098406648254136,0.8939392663442302,0.4533367998454878,0.7491115411681915
1.0,0.6074600355239785,0.9655458198245008,0.6663195953027761,0.6367826830254021,0.5128776364732772,0.42370214997378014,0.6230342571076251,0.8096198836171152,0.9010877794088278,0.4556973965144484,0.7472290640394086
1.0,0.5790408525754885,0.9660141774134045,0.6777284550715414,0.6036520777994335,0.5123251562041458,0.4320922915574206,0.6258050887010005,0.8098791934458135,0.8915561193777216,0.45222514088121,0.7501935256861362
1.0,0.6065719360568382,0.965104018668114,0.693114981595017,0.5804522093935488,0.5699765138214703,0.4646040901940214,0.6070282831161048,0.8097102697444548,0.8797438823663551,0.4537982096457594,0.7360045742434909
1.0,0.588809946714032,0.9622104916651444,0.6978444941664723,0.5630933391622321,0.6240868686431852,0.3869952805453591,0.6333364447872505,0.8090891971423463,0.8736134241901269,0.4529696882143196,0.7823715693173825
1.0,0.6086441681468325,0.9611556151150328,0.7116649597833511,0.5340625971801765,0.6774385756938796,0.4362873623492394,0.6451124790590962,0.8075760569479297,0.8782919047322569,0.4543527381255668,0.778764954257565
1.0,0.5985790408525758,0.9568139285107072,0.7002585450769598,0.5752643189042402,0.5629150148388483,0.4090194022024128,0.6573797955283491,0.8061648250926355,0.8802220137192162,0.4519505822921326,0.7883180858550314
1.0,0.6853167554766135,0.952738197311672,0.6870475274354424,0.6047226065413839,0.6721947934649978,0.4377279833246487,0.6850389832423643,0.8045186527558673,0.8798802552636581,0.4550006828884278,0.8418103448275863
1.0,0.6870929544108938,0.947401503088706,0.6569901641706996,0.6062894799804915,0.609546831085225,0.570446735395189,0.7243071692811067,0.8031158431389992,0.8805945850178717,0.4556471080945249,0.87905524278677
1.0,0.6785079928952042,0.9440083894246124,0.6412140306498508,0.6458962138659899,0.5418114985294837,0.5651011836578852,0.7187704189163295,0.8004911265580549,0.8715762922042795,0.4587505003057434,0.8765130190007037
1.0,0.6589698046181174,0.9401246631972388,0.6192004079585023,0.6316909547702239,0.5581555612055054,0.4749904543718976,0.7379107733273067,0.7981208222655057,0.8663990903787603,0.4610725025655752,0.8676020408163264
1.0,0.677619893428064,0.938403605540504,0.6115235681966448,0.6462157796352134,0.6309845211029783,0.46659030164184795,0.7376749578725513,0.7949528446981329,0.8547560550320726,0.4613441038685964,0.845197044334975
1.0,0.6669626998223801,0.9373749198681982,0.6156254569427395,0.6333481030275858,0.6443527109378155,0.4772814051164567,0.7467587657026069,0.791916423785132,0.8394876851906855,0.4625641491827127,0.8332160450387049
1.0,0.6554174067495561,0.9350957414119772,0.6229758895185511,0.6423677941811873,0.6725507155923194,0.4772814051164567,0.7496671563112569,0.7898965741105334,0.8289011870371831,0.4633981908019013,0.7989481065918657
1.0,0.728241563055062,0.9317727482083019,0.6293118865500414,0.6535222461414715,0.7594917352508048,0.5322881672265769,0.7410107639929452,0.7875925318262597,0.817763385783486,0.4620230441099832,0.8114792426522477
0.0,0.7921847246891649,0.9249167137407062,0.6052060218948132,0.6753021071626202,0.0,0.6442702500933183,0.7554790247065817,0.7869645945396312,0.8219164590711435,0.4640040304586104,0.7926770187919119
0.0,0.8673771462403792,0.9179245599841216,0.5909039477615132,0.6984606089444412,0.5558857166222791,0.7378573889080267,0.7697360340753329,0.7861357998053357,0.8251400619635222,0.4649870416545063,0.8524721565980422
1.0,0.6941977501480162,0.908226012532828,0.5554871382060387,0.5867455524644919,0.5121396256654787,0.8032407407407405,0.7896575271801876,0.7876419342194653,0.8402430954815815,0.4670263753182418,0.8975869051636853
1.0,0.6521610420367081,0.90790963098928,0.5650885198200142,0.5534343931465369,0.5189735469759809,0.6134259259259256,0.747520253108588,0.7871845109677412,0.8440071001743726,0.4650679842651831,0.8903476206547418
1.0,0.6335109532267611,0.9101435801383904,0.5775006109978825,0.5293604059245905,0.4765131933391378,0.6620370370370368,0.7456189910046227,0.788100297855795,0.8555333151981833,0.4654927968184298,0.8446760040499492
1.0,0.5917702782711667,0.9133384826904782,0.6085613990963488,0.4836269233628024,0.4563222656844191,0.6863425925925933,0.7186770752988221,0.788246893624761,0.8648738471665273,0.4614339633236485,0.8656176172797836
1.0,0.5896980461811723,0.915342833554826,0.6325784903871213,0.4811972587167035,0.0,0.8553240740740741,0.7022977268372728,0.7888098083965981,0.8783150078325593,0.463067662241887,0.863609517381033
0.0,0.6293664890467734,0.9126196989666986,0.6374587073472366,0.468995982886486,0.4780013205936397,0.9756944444444452,0.7237028921782959,0.7879216923689382,0.8846255687409016,0.4616332997429277,0.8780037124535941
0.0,0.6370633510953225,0.905616964109854,0.613473243359826,0.4757588230113725,0.4766064195683575,0.95593635250918,0.7354297982304017,0.7853745913167397,0.8815731074012237,0.4628315827786735,0.9029109011137364
1.0,0.6489046773238603,0.8991978748656213,0.5902561021249786,0.4854383380779714,0.3916163477737301,0.9422604422604424,0.7507135873917337,0.7839821965925061,0.889809232631286,0.4647518034603311,0.8877489031387108
1.0,0.6465364120781528,0.8922916901476707,0.5610225102296165,0.4836747773115394,0.3934043798890149,0.9176904176904176,0.7131403249340453,0.7812824537018513,0.8902212384973475,0.4643382284962299,0.854463381707729
1.0,0.6779159265837771,0.8863067938138491,0.5357520741107499,0.4554435656850229,0.4622048015384765,0.9908136482939623,0.7484045610639207,0.779812182538235,0.9016540706578638,0.4644862967607272,0.862867026662167
1.0,0.5754884547069271,0.8798283414998451,0.5057400678937265,0.4184756305647106,0.5146569634060394,0.7232142857142857,0.7509985310662297,0.7779835167060919,0.903488780498914,0.4646800481024967,0.8725531555855551
1.0,0.5521018354055656,0.8798308608223531,0.4988666676479186,0.4460368763657798,0.4613780007642446,0.6800595238095251,0.6930075804843059,0.7779484618400346,0.9172628291827288,0.4627172367660234,0.7918157273034089
1.0,0.5340438129070457,0.8799669530284873,0.4963205601326757,0.4295489269819909,0.5030789699423994,0.7127976190476201,0.7033687220276199,0.7776891143417081,0.9224657282184541,0.4634574386610405,0.835791427607155
1.0,0.5094730609828299,0.8801563931481744,0.5019359637684144,0.4555360135866242,0.5613853354625029,0.6354166666666662,0.7065620563107655,0.7770084212788736,0.930733353226659,0.4639699529716567,0.8235993925075938
1.0,0.4588513913558319,0.8802030146395765,0.5118863950047937,0.4577017875108387,0.5350809843346364,0.5064562410329988,0.6865668708762998,0.7783126188570614,0.948190393014396,0.4657301091467372,0.7970975362807962
1.0,0.4869745411486087,0.8806584094771899,0.5255255574558884,0.4347416778337905,0.5714489296307906,0.5654949835122426,0.5976497059676047,0.7794602291066853,0.9643283717850072,0.4589411965982269,0.7539402632467094
1.0,0.5331557134399054,0.8785996820019609,0.5259372081739004,0.4296102169570559,0.5790371745032087,0.6202203044972985,0.5778166436582839,0.7802158020557205,0.9723774268804052,0.4573061642114344,0.6913094836314548
1.0,0.5,0.8747722780360512,0.5166842260268061,0.3958492062272741,0.596000720684065,0.35641619308215866,0.6134444286142402,0.7785091479164422,0.9686560750136732,0.4574535872771444,0.7343570705366181
1.0,0.5165778567199527,0.8762703660074114,0.5214504182574956,0.4126104307705107,1.0,0.26380411141514176,0.5984701472372744,0.7773373775145612,0.9698668208405284,0.4560778196464077,0.7037293283833947
1.0,0.4404973357015984,0.8791342469445893,0.5386619947551669,0.38422489382226777,0.5597460939132309,0.005825384111263677,0.5886887186869009,0.7760793250918064,0.9728619437853242,0.4588746726866637,0.6888288896388793
1.0,0.5204262877442277,0.8873636800581242,0.5756777216542064,0.4109664528150098,1.0,0.16822921230176238,0.5861537025482808,0.7747862233748392,0.9723164979352568,0.4588806577440934,0.6579311508606142
1.0,0.4973357015985789,0.8911709753047794,0.6110357231574114,0.4367005791402224,0.5722379603724301,0.12967668448260652,0.6331251934423653,0.7736557888632035,0.9705744382193109,0.4603432279898161,0.7298768140398247
1.0,0.5281231497927769,0.8965050376948871,0.6699519690926486,0.4672153946944642,0.4492961335205291,0.1748656905087957,0.6196787996993354,0.7725137227798652,0.965703687230732,0.462735350153608,0.7112807964900442
0.0,0.5763765541740674,0.8987717366328467,0.7186669780588316,0.4735379575227385,0.4024342943173736,0.4915310528063756,0.6810448589774449,0.7716330200163791,0.9624802877083576,0.4658150156880052,0.8018140398245017
0.0,0.6554174067495561,0.8982346591130481,0.7489198559770579,0.5270320101237576,0.4630901921143924,0.8443812810882129,0.6972817356017469,0.7697535395064047,0.9512693721743904,0.463848496315374,0.8291765102936214
0.0,0.6420959147424511,0.8941580111350187,0.7429827883404654,0.5611608859420351,0.4964989904797732,0.7834737590092367,0.7302418582257835,0.7677476362221841,0.937966252428042,0.463775359388809,0.8631370232872091
0.0,0.6225577264653641,0.8916571193483961,0.7425663346203871,0.5398959067159994,0.4727755498228402,0.6048116942442391,0.7324821050459593,0.7657323115600038,0.9255618312296421,0.4641898157518994,0.8515693553830576
0.0,0.5973949082297215,0.8906531834006004,0.7444744003854166,0.5555929295545005,0.4866833565355469,0.4951781545020797,0.7469798426914405,0.7634584289089689,0.9190125294592076,0.4657244068693556,0.8819946000674994
0.0,0.5870337477797513,0.8911005858396717,0.7539904725197067,0.5899307409830177,0.4992942498123044,0.47081514567048793,0.7740249276586961,0.7606242936330628,0.9144570862588008,0.46500994963044,0.8936044549443128
0.0,0.5503256364712849,0.8920768346011014,0.7783825943481673,0.5891595780680584,0.5597519117262799,0.27185057354583264,0.7991392735901427,0.7570855118706127,0.9033127350595046,0.464072089353639,0.902708403644954
0.0,0.5553582001184134,0.8955330817580709,0.8255948177241108,0.5963009304785103,0.5083100730899599,0.4281798802152055,0.7967860318645632,0.7564684918889516,0.905829263419162,0.4641989180089681,0.8784864052123793
0.0,0.5485494375370041,0.8982174085417579,0.8723676929326409,0.5868640820276183,0.5390148221332332,0.5296924170135001,0.746621206687333,0.7562439338994519,0.9116807487596332,0.4570103024475989,0.8847429311280954
0.0,0.5518058022498521,0.8993190728019904,0.9099908412958256,0.5914216456215354,0.5277685477717226,0.6982032280986687,0.7479427557983579,0.7558106569226023,0.9164373994814996,0.4574112172180181,0.8666583134945495
0.0,0.5731201894612197,0.8979145423291626,0.9329671318761698,0.5717580742790482,0.0,0.7611410009136119,0.7627893038039978,0.7532406445618881,0.9110668352307141,0.459169569196796,0.8613289896838323
0.0,0.6163410301953817,0.8944097298219913,0.9506590963854988,0.5879148248207783,0.4778370085782643,0.9580753223023032,0.7659531611552991,0.7512394256835307,0.9056372268162364,0.4556960320160098,0.8659566470367119
0.0,0.6240378922439312,0.8877842091117452,0.9532758459489241,0.597719869637996,0.5582253251680439,0.9552472588946066,0.7907923890561974,0.7492953615396712,0.8997662799127085,0.458348387561993,0.9120995698116356
0.0,0.629366489046773,0.8814663131875222,0.9512707314907936,0.6049998335672716,0.5452206536012171,0.7907629497320725,0.7957346879621124,0.7468468141597314,0.8949986643862571,0.4591964034748742,0.8935471745395317
1.0,0.6193013617525163,0.8769652994003718,0.9495499365145608,0.5933088824945625,0.5644329225613505,0.6247030878859868,0.792570830610811,0.7443783081597394,0.8916472951730253,0.4591376163080678,0.8740675771624272
1.0,0.5950266429840144,0.8750264641417016,0.9623906000903492,0.5610182390495421,0.5551333236418277,0.4899817850637523,0.7768498002937869,0.7422794776830987,0.8924870700363537,0.4615371143499717,0.8484400451071298
0.0,0.6154529307282417,0.8740902206537275,0.9836200579201696,0.600688691933437,0.4932515536375726,0.6703096539162106,0.7453733499059195,0.740579811774717,0.8912077113298249,0.4588766913125453,0.7811552437037967
1.0,0.6503848431024274,0.8719700534959149,0.99675042703001,0.6460630155584091,0.5336274144759536,0.5573770491803263,0.7543687269404417,0.7391818890559144,0.8870108501748807,0.4560805496501785,0.7954141085077058
1.0,0.6563055062166963,0.8684205508768401,1.0,0.6574195423594499,0.4923160760853099,0.6988727858293072,0.7402885791627569,0.7380210727262452,0.88781626737308,0.4585025421264403,0.7755299293427546
1.0,0.7187685020722321,0.8613834921214178,0.9766819179892152,0.6740689550020678,0.5149423431129154,0.7775119617224882,0.7533615984357571,0.7364047909095358,0.8821645841919373,0.4561770238176062,0.7966771097187038
1.0,0.8543516873889876,0.8532951955582644,0.9497855163915652,0.7616985589376034,0.475827589373326,0.7919911012235812,0.7637718681988118,0.7348533637801417,0.8795393012620688,0.4574850778382789,0.7924244054664799
1.0,0.8200118413262286,0.8459122225051794,0.9345732587757738,0.7812180170622043,0.4473713623836866,0.7926254581530573,0.7584365435349718,0.7326991610095134,0.8715827712639473,0.4566798578973828,0.7956148182123464
1.0,0.8117229129662522,0.8439898405601322,0.9428922632480204,0.7666256041330359,0.4134345847656135,0.8029597376470915,0.7630840731224421,0.7318442435561171,0.874365284853056,0.4575135710715771,0.7773746242618329
1.0,0.8188277087033751,0.8422238975295635,0.9575586094964964,0.7704354878433335,0.4804170137099816,0.7878027943891754,0.7413890512849484,0.7302290784038875,0.8758424662633372,0.4583339617046509,0.7741607737950091
1.0,0.8087625814091178,0.8410251491760636,0.9616183389031828,0.7531899622160395,0.4828792116349313,0.8091603053435118,0.7471812683923775,0.7283051862203817,0.8776601837351165,0.4592243863072604,0.7603023652767621
0.0,0.7859680284191828,0.8389377534923412,0.97217142229298,0.7188400269022236,0.4851577152248159,0.8250062005676962,0.7939120310097321,0.7258171762608464,0.8754172790584093,0.460818270607445,0.7980283956536929
1.0,0.8143872113676733,0.8344569260407366,0.9730258475274662,0.6993559479261738,0.4521204492496047,0.8429189516906881,0.8020329257328702,0.7230383733834632,0.8700763310857057,0.4616067925613563,0.8247556493861914
0.0,0.8780343398460626,0.8271192147786595,0.9571852272273768,0.7070923358647908,0.4603267991435617,0.8842560696668226,0.7984072631160062,0.7207438884332623,0.8604330946398691,0.4617606886211529,0.7938773295295976
0.0,0.9313203078744816,0.8179813242334044,0.9359403783869498,0.7150576270718284,0.0,0.9345495632044531,0.824450132400552,0.7183740293797499,0.8512630509560221,0.4609510941393451,0.8206560256370748
0.0,0.96299585553582,0.8069321062878811,0.9102254919627866,0.7168306554109606,0.4848213271389598,0.9841541047758148,0.8147718731116341,0.7160328222777733,0.8437383896351233,0.4601095907690204,0.8088527402413698
0.0,0.9780935464772056,0.7941103518411246,0.8806446268952133,0.7240694915549091,0.575807922808244,0.9855670103092788,0.8564866444934633,0.7143376583176412,0.8465301831801456,0.4611187515828205,0.8530054603765932
0.0,0.9703966844286559,0.7799696725561911,0.8432454437360479,0.7215820969909863,0.4737833725236433,0.9775429326287988,0.8212174955416139,0.7130819408378174,0.8527956774125166,0.4614943698845431,0.8083552700069899
0.0,0.9831261101243336,0.76585213062962,0.8127465460783472,0.7282117691859327,0.6079170956206896,0.9764379764379764,0.7804705500886765,0.7127829694549627,0.865816409767386,0.4606398535750033,0.7700144261514897
1.0,0.9573712255772648,0.7525363821019744,0.78890809538371,0.7192922497126318,0.6089329447778767,0.9533527696793004,0.7634623604144455,0.7126001466195261,0.8751999918324463,0.4625420857758651,0.7531417778372669
1.0,0.9174067495559506,0.7414361384722006,0.7765110264942702,0.6978961090307146,0.5921198744124777,0.9861818181818184,0.7447985497349532,0.7116770440393948,0.8780605646164369,0.4644129841475014,0.7300673716146879
1.0,0.9061574896388396,0.729934671512668,0.7614621151799787,0.6931328935220578,0.6133223496916742,0.9570909090909088,0.7128259043277048,0.7104202411547013,0.8811470759702106,0.461453483386845,0.674534124540817
1.0,0.9393132030787446,0.716747684953134,0.7389179301792537,0.6725670920844405,0.6188649016842444,0.9883241758241758,0.7099420778289256,0.7095665368082703,0.8869172400002022,0.4612952653644205,0.6628890971013846
1.0,0.9020130254588514,0.7027545373724937,0.7189590423278321,0.6566379623766481,0.5503207691376351,0.9203216374269004,0.7154493512618583,0.7090125674123072,0.8978477421953975,0.4617151285749668,0.6828403158881006
1.0,0.8691533451746596,0.6905165131280502,0.690429249426552,0.5856970167704229,0.7492919148408899,0.9773584905660379,0.6916221646876182,0.7088166829055694,0.9014132630428552,0.463092616204305,0.6493627210398727
1.0,0.8395500296033156,0.6778011170760571,0.6583276223860581,0.5716311932711917,0.5998404329780924,0.8638535031847138,0.6990749156222825,0.7086073005518746,0.9051918951344614,0.4638058047441489,0.6700575558827468
1.0,0.6811722912966254,0.6674554405028614,0.6200561542716955,0.4919833355593303,0.4906348415788654,0.7560386473429956,0.7029413065158756,0.7081134006158846,0.9063284405537868,0.4641567075681794,0.6816728386799329
1.0,0.6423919478981642,0.6644455828224141,0.6096627189784529,0.4362782032349745,0.4963857544447069,0.7584541062801933,0.6636485563672627,0.7072659135433651,0.9104302984834246,0.4602838481332465,0.6174839007123841
1.0,0.7199526346950861,0.6622771977378328,0.6139968819833402,0.4490928581712261,0.497755338718169,0.8103864734299525,0.6694456862966656,0.7062905189539167,0.912998208802096,0.4571962655257187,0.6243846577135295
1.0,0.6554174067495561,0.6581677070341563,0.6138110107067658,0.43427160099921,0.4801603017957865,0.754830917874396,0.6954983812251596,0.7053710461752908,0.9220234698518244,0.4565931040177682,0.6545308526301701
1.0,0.6412078152753107,0.6569346021464829,0.6284185762485286,0.4192902715438702,0.4797422746470623,0.8333333333333341,0.7121184579634385,0.7040247922190799,0.927590041899506,0.454813910249543,0.6784083641933996
1.0,0.6678507992895205,0.6528022543000906,0.6257137386866256,0.445878568463937,0.4831518057869498,0.9541062801932372,0.7444153496209754,0.7028426514527774,0.9345919886979812,0.4549567298841836,0.714719136215589
1.0,0.6477205447010064,0.6456808393573141,0.6105852999396987,0.4310447118639063,0.4345660366403705,0.9523809523809524,0.7938923797218357,0.7009120309541589,0.9329669309354476,0.4609625164895775,0.790657207870432
1.0,0.584073416222617,0.6393684210911499,0.6092814368300592,0.4266287551710216,0.3935272725216567,0.8855799373040747,0.8189035563918269,0.7002668140659829,0.9434565395401644,0.4602233794049602,0.8056038905992058
1.0,0.5420367081113086,0.6354208217513624,0.626379380849385,0.4359884477914626,0.4983675090992767,0.7665271966527206,0.7455354730310635,0.6993830154269814,0.947286458323412,0.4549836871021323,0.7430657802763274
1.0,0.5381882770870335,0.6330183058202439,0.6482209502884528,0.4319194166375264,0.5061212067033289,0.7079497907949788,0.736112680484797,0.6992532814278062,0.955772709073717,0.454144843233688,0.7242374217344101
1.0,0.5008880994671403,0.6309051611453398,0.6697690421027923,0.44086141507200016,0.4809638037985146,0.5444078947368414,0.7535188087389275,0.6979066588310355,0.9558982798674032,0.452456303819388,0.7450289266645845
1.0,0.4857904085257552,0.6303500366692534,0.688789866119421,0.4745479892777153,0.3991130481809724,0.4638554216867488,0.7241008307581958,0.6961279257807672,0.9577949976333898,0.45338593057446896,0.7005978673091507
1.0,0.46299585553581996,0.6291500625799871,0.6856836634038924,0.4429979212212441,0.3659920925245324,0.2921686746987969,0.7394091840293979,0.6949838100428537,0.9640228089633964,0.4514785380973498,0.7068144975386307
1.0,0.4766133806986385,0.6296908757660391,0.6737165245338768,0.4609686403559139,0.4341846838007413,0.21987951807229034,0.678662140320021,0.69327838613158,0.9722975547732688,0.4486724722065572,0.6261693362483082
1.0,0.5103611604499703,0.6308360149577148,0.6535176296367171,0.4465983135313771,0.3563764513005529,0.3599397590361446,0.6771833809058261,0.6918669987292329,0.9868477186066468,0.4488395132136093,0.6046119067802912
1.0,0.5310834813499111,0.6303491808277161,0.6268978814066235,0.4719497821344126,0.382007547615104,0.35692771084337416,0.7428530722332212,0.6903184980780576,0.9947765258378728,0.453409783137005,0.6848555154002883
1.0,0.5343398460627593,0.6293759494477793,0.5987189622600759,0.4755044796384153,1.0,0.17485328923905086,0.7499226230539083,0.6887945505478056,0.9993481556763624,0.45424321411719104,0.7016512734396866
1.0,0.5399644760213143,0.6295272150184934,0.5735576407217591,0.4818889968670728,0.4009521737801261,0.08731316668287822,0.7240222256066107,0.6877577748218858,1.0000000000000002,0.4516758515377052,0.6582924565822619
1.0,0.6181172291296624,0.6326677733271018,0.5811962480925167,0.5197821436600959,0.3262365286852285,0.42302357836338417,0.6977189767574392,0.686958273029073,0.9959127423451728,0.4526937317894067,0.6204943509066538
1.0,0.5503256364712849,0.6338714639555221,0.5870759763511374,0.4932166543897295,0.3845179620836003,0.27045769764216426,0.7529489213899356,0.6863224569355727,0.982280674706301,0.4597909780205928,0.7088535880098007
1.0,0.5618709295441087,0.6392149791456145,0.603479356887137,0.5062045121472348,0.4055374461136652,0.3758668515950064,0.7207404605279317,0.6857612138771564,0.9743658550575052,0.4564938447257994,0.6561573382581247
0.0,0.584073416222617,0.6423499427815909,0.6126097616668502,0.5326333445910575,0.35743011097795546,0.560332871012484,0.7352283725294646,0.6843697629350155,0.9687068970855492,0.4579607508267807,0.6968383721700232
1.0,0.5233866193013615,0.6418664785698007,0.6123353971170505,0.4519120330834636,0.4227015825983368,0.2565880721220521,0.8268426767019244,0.6832387937931613,0.966063831882398,0.4662831692850841,0.8001486266748095
0.0,0.6098283007696861,0.6450769056171417,0.6274325760928373,0.5270341703306975,0.43516234736966775,0.4951456310679607,0.7448280266667975,0.6809784727677589,0.9571963580651212,0.46093726911585,0.690024205970806
0.0,0.6500888099467143,0.6454413132142556,0.6316341429860461,0.548774143120623,0.4449916495481321,0.6518723994452159,0.8147718731116342,0.6799418837522256,0.9616747755270872,0.4666729819805314,0.7895254162693468
0.0,0.6412078152753107,0.6441413925753225,0.6371335824175284,0.5293962597233021,0.4607538001009343,0.6657420249653261,0.8779360252322537,0.6785737209628132,0.9745293756588064,0.4715304719320592,0.8796554800828921
0.0,0.6574896388395503,0.6426569648461664,0.651503923116326,0.5488251115389411,0.41624048922084894,0.6629680998613044,0.8673292425902359,0.6768605700912128,0.9817969602106016,0.4694921017578267,0.8800296454064008
0.0,0.6817643576080521,0.6392559632648676,0.6547494240109326,0.5416021172944022,0.461114348461472,0.7461858529819695,0.8611194356150116,0.674919946239848,0.9817969883862382,0.4689320338247995,0.8682938061247986
0.0,0.7380106571936058,0.6327166500742258,0.6436205050117894,0.5575367896854435,0.41385174699575417,0.8026666666666681,0.91314130749844,0.6723598449882352,0.97217325326752,0.4722560654413653,0.9300454754777802
0.0,0.8075784487862641,0.6248764017828479,0.6191811161755283,0.6159343623969584,0.0,0.8425925925925936,0.9162511238080262,0.6691681160927413,0.9687328891017448,0.4727762324500819,0.9266204236702736
0.0,0.8200118413262282,0.6167752213676427,0.5939059686993049,0.5838656690939663,0.4142647814922028,0.8853288364249579,0.9239986440611352,0.6659643249522625,0.963025872032728,0.4739355905725264,0.9233608680635504
0.0,0.8590882178804025,0.6086129891856618,0.5587072929269333,0.5602455452983753,0.40229303760694224,0.9633601429848072,0.9339471085586272,0.6631424759754126,0.9633817445953198,0.4753154266470256,0.924644275197468
0.0,0.8842510361160452,0.6016719026392889,0.5330566082874089,0.5780325399409226,0.37529967418528704,0.9845769070446028,0.958535782538848,0.6603415373645697,0.9583459346089246,0.4785004923308535,0.9861686819441166
0.0,0.7655417406749556,0.5965466689996941,0.5173384092425272,0.4288160442022789,0.3587193821938566,0.9653641207815276,0.9515595753356684,0.6578417904305971,0.9457839660671676,0.4781910581307745,1.0
1.0,0.7143280047365304,0.5943141187817129,0.5182849665995262,0.4274444643067597,0.41300074028879946,0.9779816513761472,0.905831028401024,0.6552438157395691,0.937204522251424,0.4772593682276709,0.9925596169493652
1.0,0.6944937833037302,0.5923145573702564,0.527091521967316,0.41458807390040975,0.45245632708383204,0.9457659372026648,0.8970812924652046,0.6533060113438832,0.9247854813191208,0.4763769996621151,0.9956135113403866
1.0,0.5746003552397867,0.5908836488931151,0.5402245834228124,0.3658189397943824,0.5379590918676719,0.9212678936605306,0.8768257274661134,0.6509610284215449,0.921699252678436,0.478094491086033,0.994016399497673
1.0,0.5162818235642391,0.5910995459776964,0.5679285348197076,0.3740839227782125,0.4998216647348194,0.805055906660185,0.8605790251978639,0.6487246488104091,0.9138366934275528,0.4767280615230829,0.9675953335946168
1.0,0.5014801657785671,0.5900619138128721,0.5836692658754397,0.3621976173803211,0.4903184121539336,0.6583333333333334,0.8354892433762875,0.6462072002299725,0.9081298570836224,0.4740558653454465,0.9248315232294358
1.0,0.5387803433984607,0.5908289876061155,0.5954187795767355,0.3396606874640057,0.5285157649209564,0.7685185185185185,0.8140889908572383,0.6439587971843103,0.8929255858076129,0.4720773582002246,0.8723834966357764
1.0,0.5204262877442273,0.5906943409011836,0.6052082136382901,0.3272035233305812,0.4962003148527696,0.8027777777777781,0.8484885703196773,0.6416495610957907,0.8720576473703122,0.4733836203359277,0.9235105957616956
1.0,0.507400828892836,0.5893505068067539,0.6083637135951226,0.3191225017649025,0.4739269097798071,0.8185840707964602,0.8675650580449915,0.6397974050007272,0.8567207565440692,0.4723693616608308,0.9441663334666136
1.0,0.5239786856127887,0.5858125067935296,0.6054768178255178,0.3307864367160677,0.4729507973927302,0.8061946902654868,0.8802106618062482,0.6383929742536602,0.8479173697226766,0.4738947356477839,0.9889036732389828
1.0,0.4949674363528714,0.5813035683794163,0.5940507873881914,0.3093627811903674,0.4755022348221806,0.6999999999999998,0.8432515020953186,0.6364421955789051,0.8380701338026452,0.4729943344879925,0.9410910850368944
1.0,0.481349911190053,0.5791971764285153,0.5886505219008399,0.3467303951640719,0.4610578162874012,0.6796460176991146,0.8177834329817388,0.6348424967638343,0.8281991892295265,0.4707973868104359,0.8720535462279748
1.0,0.4982238010657193,0.5766337832514798,0.5803431465808079,0.3112056743771375,0.4684605078965418,0.7150442477876107,0.8122565082609101,0.632366615792089,0.8197960816036359,0.4693608604423616,0.8807306157009801
1.0,0.5145056246299584,0.5716913002358377,0.5614295171423573,0.3231051429361163,0.4578560119415155,0.6646017699115038,0.8473094930459002,0.6295725948376033,0.8129610851598897,0.470822646039065,0.9051489859279868
1.0,0.5476613380698638,0.5672934431547231,0.5446026976891488,0.3468083113438247,0.4699706687823422,0.6451327433628313,0.8508565505111791,0.6263073462234215,0.8063399522579734,0.4721994442533105,0.8755400882995275
1.0,0.507400828892836,0.5626567592718148,0.5264434426333772,0.3170331825855379,0.4908620498839107,0.5079646017699112,0.8507877710035419,0.6234080267909482,0.7999686793311135,0.4720531977539174,0.8827285125446661
1.0,0.4677323860272354,0.5620774487493636,0.5244255262943208,0.2829196012034205,0.4830342634330634,0.2805309734513277,0.8269114562095613,0.6215703318834173,0.8015111805830423,0.469924789443708,0.8246489550555808
1.0,0.46299585553581996,0.5663671590162123,0.5363573938367384,0.3243331928841925,1.0,0.2734513274336287,0.781349945222035,0.6194077107808204,0.8036967074758,0.4681673948479828,0.7604008733094794
1.0,0.4390171699230313,0.5733473947927878,0.5628126623492138,0.2999829610226561,0.4653992675925304,0.1814159292035396,0.7873239367425042,0.6184748187357493,0.8058705999399288,0.4693250781647776,0.7539330830405309
1.0,0.3730017761989345,0.5832669840935756,0.5981220957382587,0.28322928200091924,0.5068421706953612,0.016901408450704855,0.7412465794477006,0.6170803849257877,0.7995944972513046,0.4666691534255252,0.701857522855802
1.0,0.4529307282415629,0.5968678383077892,0.6512548018337534,0.3390000791489277,0.4042776774680456,0.06918238993710654,0.7077460464065162,0.6166360436915799,0.7972095387618695,0.4627765548943085,0.6380773558054109
1.0,0.5044404973357017,0.6052797998172001,0.6854032830076786,0.3414025037262429,0.4222111928843405,0.2603773584905669,0.7825339353177858,0.6157592781880411,0.7991810875698283,0.4748010222703321,0.7650742267890235
1.0,0.4878626406157486,0.6104038962451508,0.711480133976411,0.3722151439921832,0.5052981232651418,0.03420195439739312,0.8242094041238227,0.614459884476536,0.8040844435193356,0.4779079526310375,0.8165166506763538
0.0,0.6033155713439904,0.6156359512095342,0.7373105189231877,0.4621667843407236,0.45789066111143,0.5423452768729639,0.7772870414494788,0.612307777232625,0.7968081421047676,0.4723599441865202,0.7380127580726669
0.0,0.6711071640023683,0.6137733302160682,0.728648375062343,0.5087599592859157,0.5164619789231776,0.7442996742671021,0.8638951800303613,0.6103433620985393,0.7873248220839476,0.4834134493804722,0.8538900403541797
0.0,0.6796921255180582,0.6092613652380447,0.7144333404425423,0.518849483893456,0.4802823130445752,0.6505460218408743,0.9279682042161836,0.6079614297611909,0.7734816714484606,0.490731668531457,0.9346230293984692
0.0,0.6980461811722912,0.6070560649695096,0.7116903711528036,0.5375381852272515,0.5217669974818906,0.6622807017543857,0.9447012758598664,0.6053688256757218,0.7648478762207549,0.4897761837251736,0.9547936653726652
0.0,0.7087033747779755,0.6053281018746886,0.7179503074170273,0.5571617889983013,0.0,0.8140845070422543,0.9363249143940772,0.6026353756669619,0.7526159318390816,0.4890613983330037,0.9357403871595192
0.0,0.7445233866193015,0.6017730488267481,0.7245008350925871,0.579238892466998,0.5922076208343722,0.9659090909090916,0.9758190902436268,0.600748398269712,0.7536943783170325,0.4921337423990893,0.9766032357527394
0.0,0.7388987566607458,0.5951573083600163,0.71393121769101,0.5751953126646714,0.4585211881065344,0.8882521489971346,0.9733528536126436,0.5989324207192391,0.7526641923843913,0.4902680518001351,0.9966251225318584
0.0,0.7338661930136177,0.589572558279255,0.7098879896015546,0.5707438878050222,0.4766832168435947,0.8691322901849216,0.9248976904823901,0.5982053254493284,0.7580819883720237,0.4882654898504808,0.9306189609298424
0.0,0.7329780935464774,0.5842963825468668,0.6997116584372559,0.566818487834247,0.5204999863157554,0.9368575624082244,0.9250254238537158,0.5967070694622661,0.7566493311472007,0.4868781149531856,0.9560495728889512
0.0,0.7279455298993488,0.5778549105605948,0.6873722320178611,0.5803219537230304,0.5307756466224584,0.9707692307692312,0.9650698357643612,0.5947924766040783,0.7585371755065359,0.4900544623514469,0.9988166923400088
0.0,0.7030787448194198,0.5707780078147215,0.6716602540898702,0.5562079573023226,0.5280555718147795,0.9747048903878576,0.9543746223268104,0.591903131391578,0.7586077135498634,0.4891059718362055,1.0
1.0,0.6660746003552398,0.5649630813970931,0.6631516719562196,0.5133190786081954,0.4790735335571024,0.7816901408450689,0.9413359928076288,0.5895008130961633,0.7578024690066025,0.4876390195896406,0.9985228519195616
1.0,0.6675547661338069,0.5610941716941737,0.6658591574238334,0.5155789185783186,0.4735261340161279,0.8691206543967279,0.9345464728394636,0.5871218749074313,0.7562890261037697,0.4868455804419333,0.991483087215828
1.0,0.6453522794552989,0.5573727362959815,0.6658525986271332,0.4860019291818594,0.4829283097163367,0.6486151302190977,0.9371158787319022,0.5844189239264143,0.7504953678178349,0.4874986782581773,0.9961218179256542
1.0,0.6447602131438721,0.5559304252487203,0.6755756284357479,0.4839698401457782,0.4751858468958665,0.6636476380172135,0.9048926794039764,0.5823320119892199,0.7493946687618408,0.4841212309101892,0.9505720374204664
1.0,0.635879218472469,0.5544718177558188,0.6769639863772662,0.5262297040043734,0.41857195613583975,0.6204291780976366,0.8977789131855226,0.5802603165038059,0.7466540632577293,0.4815710549027525,0.994210452396186
1.0,0.6716992303137951,0.5537499493242837,0.6904197049980292,0.5797352344973984,0.44005272921708494,0.8153564899451544,0.8951898560051879,0.5786922317361837,0.7510884267073108,0.4819051081888043,0.9748865070839968
1.0,0.6657785671995262,0.5504005483643306,0.6777194240356351,0.5534031081691705,0.478749909138021,0.8829981718464349,0.8826474215053868,0.575891757221847,0.747841196842145,0.4837169681895224,0.961377125787002
1.0,0.6716992303137951,0.5464748698664392,0.6726002260185657,0.5623885061166956,0.0,0.8747628083491467,0.911721501947934,0.5740883060445411,0.7528413222537615,0.4850199843822594,0.9800534730008392
1.0,0.680284191829485,0.5417761957484639,0.6602156274114883,0.5954608786122876,0.4407250220885143,0.9715370018975348,0.9089555831765326,0.5720801182921559,0.7497857730064388,0.4835918290475364,0.9956640399769368
1.0,0.6628182356423921,0.5356420929824071,0.6514473765341541,0.5710092745819924,0.4566441225834826,0.9380341880341896,0.8942367685422182,0.5705548912907318,0.7463000865768905,0.4855106078307891,0.9955577182682952
1.0,0.644464179988159,0.5315905940403294,0.6590243821484261,0.5418707563312918,0.4571663856919278,0.9475065616797927,0.8828881497821163,0.5674009982159626,0.7295015138708683,0.4843186377721237,0.9811441937913812
1.0,0.5692717584369449,0.528567030367401,0.6671754157040061,0.39235764787155136,0.36556601742719946,0.7840236686390518,0.9008936423170832,0.5639516852169942,0.7129343145249409,0.4882226961845123,0.9607213094445392
1.0,0.5701598579040854,0.5273779492270094,0.6852214268136043,0.3944285243912376,0.0,0.666666666666665,0.8849367965453036,0.5601101859678933,0.6938819909911162,0.4866630908604183,0.9244681905139364
1.0,0.6074600355239785,0.5264698167618487,0.6883269153698963,0.4238222448395129,0.3019840725687073,0.8809523809523779,0.8629224412794954,0.5571352463075813,0.6829456103823737,0.4846558086731506,0.8687404816116046
1.0,0.581409117821196,0.5233784301507622,0.6788343057320152,0.4164767408653343,0.516267990878224,0.8219178082191787,0.8922519884646939,0.5567533196671631,0.6868228563174112,0.486297977974187,0.8967252565593615
1.0,0.6119005328596803,0.5212957654875128,0.6862384362667698,0.471253633785171,0.5239297796897247,0.6496598639455824,0.8415565785142642,0.5572509203504245,0.6985955488228628,0.4726424274145486,0.8973616261803925
1.0,0.6074600355239785,0.5194461029717188,0.684091620092697,0.5167931773816048,0.0,0.6411960132890361,0.8259288918147473,0.5582998350081542,0.7112400925019748,0.4732639696935344,0.8892936297206557
1.0,0.60242747187685,0.5188453325155093,0.6890888955880896,0.5047820129219565,0.5543071714746066,0.7515151515151534,0.8388152238527332,0.5573012600443584,0.7157194596031934,0.4717192042799716,0.9080701908377404
1.0,0.6059798697454114,0.5172805098216493,0.6807167942710071,0.4887368698097312,0.5154618505914651,0.7515151515151534,0.8433350200688776,0.5555908297939037,0.7183613744252636,0.4686057468791319,0.9139364947005773
1.0,0.6104203670811132,0.5154860943020387,0.6758736136914979,0.4959761269242064,0.6569621264816639,0.6666666666666682,0.8589676195903688,0.5540293719126116,0.7164942903143354,0.46749005351069206,0.9295750952725784
1.0,0.5965068087625811,0.5133188008162468,0.6760217556156399,0.5186805683570213,0.5650408406695734,0.6393939393939397,0.8535340384870473,0.5522539837729948,0.7135965976092826,0.4701820901743598,0.9279731993299836
1.0,0.6151568975725281,0.5103520549049312,0.6730943414472788,0.5467074583290941,0.5668402415001623,0.5937500000000017,0.8648482674933307,0.5502184326928682,0.7079062231738403,0.4682751717892146,0.9392084147081842
1.0,0.6459443457667257,0.5081227196918876,0.6782044785804506,0.5873798040044351,0.5639858385429825,0.5848548078595027,0.8537305513660102,0.5479846114305321,0.7040377258259768,0.4674733232147321,0.9054296226401294
1.0,0.6163410301953821,0.5062514828024709,0.6814669717991685,0.5326638098216572,0.552305257063791,0.6519230769230785,0.829195918427504,0.5454538705481912,0.6998913650455216,0.4681793652596238,0.8704731810435
1.0,0.6468324452338661,0.505682157425096,0.6927481169299647,0.5173828418596416,0.5507131784724644,0.6653846153846158,0.8461058516622533,0.5431577586916084,0.7036678215055743,0.4672552146124303,0.8743352863297567
1.0,0.6420959147424511,0.5035295470758048,0.6943527127273627,0.5124682733258756,0.563261238936441,0.6560222698984027,0.8499820681997946,0.5399730993196817,0.7034273981805028,0.4682252637257798,0.8661795147498776
1.0,0.6645944345766727,0.5040983626532933,0.7152072479102752,0.4948080047698136,0.5470172158901415,0.7658119658119672,0.878741728036001,0.5378197613190446,0.7041126970032261,0.4694944686934488,0.8792141200909934
1.0,0.5965068087625816,0.5021791227360473,0.7197971279317699,0.4469954587544723,0.5559297220871644,0.6940170940170951,0.8559167571444712,0.5351347188845751,0.6952602496360959,0.4690308891542137,0.8614030852954729
1.0,0.6453522794552989,0.5014352655535874,0.7331421267502959,0.4457574131437636,0.5658881184898307,0.7584615384615395,0.8746788242634451,0.5341358199551872,0.6972530988235062,0.4724702473691523,0.8593939128786222
1.0,0.6438721136767318,0.4986147031682269,0.7368599354831893,0.444546736045248,0.6111525757433074,0.7292307692307706,0.8384369365607298,0.5328235925220978,0.6996493974038079,0.4690643731974338,0.8392558721670305
1.0,0.6145648312611011,0.4949767722308187,0.7376995976379653,0.4635687992167176,0.0,0.6630769230769235,0.8261204918717359,0.5322847279831157,0.7089182699056487,0.4709716022217855,0.8265337325150584
0.0,0.7365304914150383,0.492175617697902,0.7476048910591147,0.5422656403970125,0.6376875589778238,0.906153846153846,0.8286505951883818,0.5294882859429048,0.7026743998801088,0.4714963047122947,0.8243007801110787
0.0,0.7190645352279452,0.4852413270366274,0.7334952762611664,0.529388252055226,0.5414184217517747,0.9354375896700141,0.9006971294381205,0.5268631048057729,0.6965833229282008,0.4807789072649502,0.8744284281864018
1.0,0.6891651865008881,0.4811998405605618,0.7318261964818497,0.5491837796684883,0.0,0.8450502152080347,0.9056836437418018,0.5244004774871046,0.6894930344252231,0.481037549313603,0.8941223662542754
0.0,0.7161042036708111,0.4784821587382815,0.7431670957621916,0.5341053716557556,0.4531941177436494,0.9440459110473456,0.8872703869829867,0.5239873459022558,0.6980410608150759,0.4817204265110345,0.8774015116328168
1.0,0.6613380698638248,0.4723652479269365,0.7387730699509262,0.5312321352835045,0.4347692082400839,0.7899686520376191,0.944106824401004,0.5239506836661955,0.7100607016030093,0.49089627163621397,0.9813086742952049
1.0,0.7087033747779751,0.4701692195979248,0.7606692533180877,0.5241760861809694,0.0,0.8187134502923982,0.922367587165744,0.5230443117827225,0.7185286825870841,0.4898404237816622,0.972265619502034
1.0,0.6850207223208999,0.4675165188590114,0.7713556521671612,0.4852527171570945,0.40882300748186096,0.8888888888888904,0.9441903423745632,0.5215671779390866,0.7267844694158893,0.4899301697112429,0.9992821855339272
1.0,0.6589698046181174,0.4652671035039682,0.7869914823704315,0.5046942207438236,0.470991471262949,0.8724279835390957,0.931903374617414,0.5193985034786349,0.7342106640550623,0.4923421245016845,0.9898674040984188
1.0,0.6474245115452928,0.4622854561824861,0.7950370076640659,0.4950737946519774,0.0,0.8134430727023318,0.9333330058118684,0.5173031449794004,0.7397460148165832,0.4924527466852587,0.9945259873785716
1.0,0.6486086441681471,0.4584476178863746,0.7904114271377796,0.4960997007084613,0.5304904416015229,0.8655692729766816,0.92000943261819,0.5153390999759823,0.7483995099178096,0.4910092137639255,0.9927246904007944
1.0,0.4882203696991661,0.33581075313413744,0.5620756940356431,0.4332702850313935,0.509440661093485,0.2663316582914567,0.5311792246584358,0.9876416516802424,0.3621795260509752,0.5148829710661211,0.8304071745702466
1.0,0.4831460674157301,0.3367229125598881,0.5554119555162084,0.4234273450596933,0.5074403846489204,0.21895190236898748,0.5503146662474392,0.9869499786981384,0.3734012125176319,0.512543642142056,0.8441504231124378
1.0,0.5415005436752446,0.3373155752606141,0.5593415984767552,0.5098116339156732,0.4774926586204729,0.1844938980617367,0.5056325503932712,0.9871529967170954,0.3794693767671601,0.5132126448304439,0.7967542406112043
1.0,0.5998550199347589,0.338505671998796,0.5424620244112555,0.5219189087616481,0.5660745904261768,0.2821249102656131,0.4443696603766172,0.98907596165884,0.3873330370821911,0.5125066462338401,0.7553474075666925
1.0,0.5902500906125406,0.3401770378974056,0.5160771041096776,0.510885188241424,1.0,0.23115577889447214,0.4523529960844807,0.9914210967093784,0.3924143193425438,0.5129254659326258,0.8019024248327156
1.0,0.5357013410656033,0.3429858732285365,0.4952903006584963,0.4354247684551559,0.5431074361738407,0.013639626704953169,0.4652982819861557,0.9922003182759694,0.4032666755754648,0.5137651400301384,0.8346952199046259
1.0,0.6098223994200795,0.3505128494508021,0.4902355378150341,0.4785149487991166,0.570594993038878,0.0948406676783004,0.4500587082225904,0.9924233138150031,0.4118320321707691,0.5127758354825722,0.8094539382976842
0.0,0.6487857919536061,0.3559226037805545,0.49608987241545094,0.4753937249984726,0.4804714139573828,0.15420560747663467,0.4829353128730672,0.9919582176922468,0.4167895854843183,0.5149566290052425,0.8754822469863516
0.0,0.6328379847770932,0.3619127633399932,0.4966944003680082,0.5063292643938193,0.4709803635516925,0.11214953271028016,0.4838097951844516,0.9911112013477468,0.4144578965020765,0.5150564339747568,0.8669061563175934
0.0,0.6609278724175425,0.3719001322379185,0.5178448533881252,0.5428049859069648,0.486806690253853,0.2531152647975077,0.452490555099755,0.988750172991494,0.404933441998414,0.5130030892648807,0.819282289993296
0.0,0.6527727437477343,0.3806548639762419,0.5430768614738496,0.531270498432424,0.4601585329828973,0.40498442367601145,0.5130951269718839,0.9856792075852584,0.3896700366259367,0.5136055825052577,0.8716622183993827
0.0,0.6864806089162738,0.3867476607639568,0.5642380593596911,0.5772637071202881,0.5035491890914037,0.665109034267912,0.5378704881871192,0.9824611923581102,0.3763916882470584,0.5154508427490749,0.8637185827946923
0.0,0.7009786154403768,0.3869465299020105,0.5673055160932065,0.5446665248452179,0.510924318795264,0.6713395638629274,0.5695483642759236,0.97969458939292,0.3588682834100462,0.5139864191718035,0.901887245911178
0.0,0.7085900688655308,0.3848898620154224,0.5624295948590128,0.5560669042824649,0.5129052463777423,0.7476635514018685,0.5868316719807025,0.977193783229672,0.3452527061900388,0.5115209181071798,0.9127654730131424
0.0,0.7314244291409929,0.3808838295413699,0.5478605699245843,0.5797460119916997,0.5279016860926928,0.746105919003115,0.6078929397835411,0.9746587407276592,0.32993605369337065,0.50934756105238,0.9151435040540368
0.0,0.7669445451250451,0.37606658254034864,0.5324431099029979,0.5720198404824146,0.5308332444567525,0.7990654205607467,0.5998359117460662,0.9725064470425164,0.3221658506259182,0.5088450487599274,0.9034177871662216
0.0,0.7828923523015585,0.3719248246277853,0.5149267363164489,0.6002380331383488,0.0,0.8785046728971961,0.6087084682312371,0.9708578865232956,0.3144224056694737,0.5094554826554583,0.9169712991891928
0.0,0.7622326930047115,0.3657604444091114,0.4986809133058565,0.5602950584061799,0.5370131992393118,0.9871794871794874,0.6253629347233342,0.9702160610409002,0.31476821409745226,0.5069432320140335,0.9282100256776756
0.0,0.7604204421891985,0.3593411724619853,0.4802366306931072,0.5597745780602215,0.4894761160103607,0.9551724137931026,0.5969127826714942,0.9693507330539624,0.3168613912744665,0.5084008223467535,0.9249212593445236
0.0,0.6933671620152231,0.35429172093151085,0.4730077546954098,0.5228908954778663,0.0,0.8586206896551736,0.5687082717183576,0.9690483998167128,0.32602733340460466,0.5066086913008683,0.8860189483537194
0.0,0.6487857919536063,0.3491265130885233,0.4688523375018903,0.4717287380366488,0.5138471190613556,0.905172413793104,0.5657409272460192,0.9690940883700292,0.336038378724192,0.5063489951588641,0.8890673817625254
0.0,0.7053280173976078,0.3417866907015137,0.4555761465483154,0.521762059310924,0.5147820271800104,0.9902152641878676,0.5337977587706151,0.9700380548412048,0.35215867733349804,0.5075721826914087,0.8864047459428004
1.0,0.6248640811888363,0.3307044893119853,0.4224179641947522,0.4980014623816066,0.4939408475810788,0.6715481171548112,0.5113314238831926,0.970740792172978,0.36445026697735294,0.5095618681094003,0.8842607232756113
1.0,0.6107285248278359,0.32923302714127045,0.4100926991713333,0.4828307149913286,0.5075144020334311,0.4769874476987441,0.45327660661560604,0.970060217039902,0.3749874147659956,0.5057007176331587,0.8076957132195756
1.0,0.5549111997100397,0.3336781966567395,0.4246288710094552,0.482205179668488,0.5111134652145416,0.4581589958158997,0.4128833843448017,0.9684221422996876,0.3777485466042,0.5029376121693906,0.7492884880529241
1.0,0.448713301920986,0.3379524299225891,0.4344164461479119,0.4615467156888221,0.5368271931282971,0.3471337579617833,0.4532864322595544,0.9668619232443736,0.3846287879200714,0.5021764514155406,0.7851929620400468
1.0,0.4534251540413193,0.3417959807785549,0.4459865877999578,0.4629510997256019,1.0,0.119815668202765,0.4524266884140921,0.9645147687752814,0.3873269826594175,0.5021516106144432,0.7754721277053265
1.0,0.4269662921348316,0.3458514161560995,0.4517775250560514,0.48887713398988203,0.5893302939901528,0.030805687203792082,0.4271305680696046,0.9628605460350124,0.3882732201694742,0.5004669965841297,0.717760603109149
1.0,0.40739398332729215,0.354443907989604,0.4775561407450784,0.4781139426551645,0.5331780427352207,0.03377563329312356,0.4209600636701728,0.9613112008853664,0.39119284977665736,0.5037060294739792,0.7146362750926548
1.0,0.39905762957593305,0.3624076613184633,0.5007785193809188,0.4738220646214817,0.5377318024934858,0.02475247524752511,0.43874447921630655,0.9619311675875594,0.3966739674851598,0.5013285643609326,0.7234969705402429
1.0,0.4650235592606017,0.3698801796879607,0.5153415005030835,0.471799365094776,0.5590277343784258,0.15869017632241886,0.3797070975539063,0.9633993786810128,0.4084151771167557,0.5006057226116603,0.6911848413170246
1.0,0.4925697716563969,0.3737130908362221,0.5124186484254504,0.4396964384591153,0.5435271758323242,0.25188916876574313,0.4319107438503751,0.9653300910017903,0.4080867863527631,0.504275380062184,0.7922068887005578
1.0,0.475534613990576,0.3760529906828869,0.5043740737447587,0.4732980428118891,0.5684679710524736,0.20654911838790946,0.4375899660523999,0.9643234699445472,0.402815381627606,0.5009851539342995,0.7940916047914793
0.0,0.4972816237767307,0.3793405159749039,0.4992943929902556,0.4418222456717283,0.5014644336013167,0.24181360201511365,0.443603260148662,0.962730388383318,0.3869161991400325,0.5015301084831307,0.7675980621576837
1.0,0.4889452700253714,0.3829600403947109,0.5127420083272121,0.4315054946901307,0.4774877462509914,0.16120906801007576,0.4484030872173288,0.9613664079880012,0.3770619899170157,0.5018177252033916,0.7894746828237855
1.0,0.4371148967017031,0.3883210670546056,0.5247480555054592,0.4353864706877516,1.0,0.08060453400503788,0.4120531174311836,0.9613035843758531,0.3720499153218565,0.499273827058871,0.7411740895809354
0.0,0.4646611090974992,0.3982286294475035,0.5599006936256907,0.4151928777096686,0.4799145221326961,0.08942065491183893,0.3589504247134596,0.9615754470569025,0.37630658053835264,0.4990887999761262,0.6836017050988525
0.0,0.4784342152953968,0.40727347787859,0.5850313894860134,0.4254431648297425,0.5270891559901151,0.14125874125874202,0.35075583766071045,0.9618387430049076,0.3885249483840766,0.4984410563459755,0.6917224281214819
0.0,0.4624864081188839,0.4150967293442391,0.6150655732381868,0.4063490095119007,0.51577683952985,0.014684287812041338,0.4310510000049128,0.960952912408882,0.3875160275762154,0.5006741365747782,0.78372566629141
0.0,0.5077926785067053,0.4236691896629905,0.6381831260535978,0.4389289644468689,0.5003172843655794,0.19524870081662946,0.3879360743604733,0.959195334772932,0.3904611944737912,0.4976068870458527,0.703271057591358
0.0,0.5828198622689377,0.4276021131395745,0.6331325343775074,0.4574906851727812,1.0,0.4179658500371197,0.4166171290450947,0.9584117257232364,0.3915656023990453,0.4997635782440013,0.7464930366697448
0.0,0.5639724537876041,0.42752338143701785,0.6265261753664589,0.4340210208470339,0.5456813969326808,0.15812917594654774,0.4432593626104773,0.9562938009423021,0.3875846382453305,0.5017454542195628,0.7880516589296331
0.0,0.565784704603117,0.43327318761127454,0.6336704046967756,0.4360106928386952,0.4938684137639951,0.17445482866043588,0.4178698986484827,0.9547959752442524,0.3774541518007805,0.5000831073054021,0.6948467561379766
0.0,0.5527364987314242,0.4411274171822894,0.6667936240982338,0.4193364600650579,0.4475802087371323,0.039110189709922666,0.3830527293182477,0.9532170298998658,0.36851322341166304,0.5010190817910601,0.6829882236867073
0.0,0.5868068140630665,0.4502026081860544,0.6971968639461189,0.4533096610859258,0.0,0.13497536945812866,0.3597708659831293,0.9529907812369104,0.3683145086830443,0.4992774808311167,0.6438772025247608
0.0,0.7118521203334536,0.4563209607124872,0.7297045730596732,0.5691078390170159,0.4668614682169608,0.6549295774647887,0.4663791028204515,0.9509140321037376,0.3464858100533881,0.5037960633249753,0.7612545378650849
0.0,0.6592968466835809,0.4526411380557742,0.7346256127181052,0.5480109140137777,0.4574604277086782,0.5277777777777783,0.5441982028897221,0.9470343526872936,0.3177468128792437,0.5061223663419754,0.8290853434863454
0.0,0.6690830010873502,0.4522985161947408,0.7404835788580413,0.5147191593411553,0.35984193423643474,0.5965517241379302,0.6046799542124988,0.9444074546103428,0.3001618919029612,0.5071631458824287,0.8599997470179741
0.0,0.7270750271837623,0.4506883379544551,0.73273296982905,0.5592521133280677,0.0,0.8413793103448297,0.6414671651543363,0.9418736226241744,0.2984834553561692,0.5096290182918909,0.9396258395840976
0.0,0.7520840884378397,0.44654008374635534,0.7167031893557823,0.5517192632737165,0.3969988784186307,0.9699699699699716,0.6668517162943568,0.9400609093420206,0.2980259127217736,0.5078923994323954,0.9493466739188179
0.0,0.72961217832548,0.4421926066637434,0.7104462203684798,0.5450682012706207,0.4531689347003766,0.8427299703264094,0.6847638652118164,0.9364350814792431,0.28877520694555936,0.5055599611372485,0.9612368291232908
0.0,0.7252627763682495,0.4410885126424726,0.7203657656807261,0.5889124786487981,0.4459189044322883,0.8367952522255203,0.697645284427828,0.9351317517826676,0.2930966837163511,0.5066448251719465,0.9546592964569866
0.0,0.6969916636462488,0.4403960253572621,0.7345386796385582,0.5263168108875756,0.4359470138078396,0.8694362017804163,0.6878294661236356,0.9337452681902416,0.2965901801847713,0.5053140389756553,0.9959522875899663
0.0,0.6705328017397607,0.4389251369593572,0.7451587544602924,0.5368336256097985,0.4358248765483475,0.7744807121661708,0.6603225758908171,0.9350167108339285,0.3139360947397508,0.5036208800367877,0.9997795650082829
0.0,0.6661833997825297,0.43499235659026536,0.7451776239651194,0.5311321284662736,0.4218253871891573,0.652818991097923,0.5869102771322876,0.9354718102280264,0.32500500200086635,0.5013951488867169,0.9912634591795008
1.0,0.7513591881116347,0.4330067682834236,0.7530781895037304,0.6017116603226129,0.3903910756650075,0.8911174785100301,0.536509636500302,0.9373300988130708,0.34705579239372264,0.5013918885059963,0.9434510017718409
0.0,0.6861181587531711,0.42650947046143695,0.7527885653565888,0.5524883838850649,0.0,0.7573696145124703,0.5326530712506568,0.9370246681956051,0.3565692909434077,0.5009365210650623,0.9655308709281716
0.0,0.7538963392533524,0.4231383647534943,0.766068258063508,0.5891565781698721,0.3354299920383612,0.9183673469387758,0.5155220610270743,0.9366922236420588,0.3654942787406419,0.499796427246016,0.9324246967425374
1.0,0.7825299021384555,0.4162055959344266,0.7626387301713828,0.6159270355171322,0.41625061458714746,0.9393258426966271,0.4989609381524839,0.9359763605487288,0.3734863103689071,0.498415714317061,0.9340261687338146
1.0,0.7586081913736857,0.4100938958758511,0.7659523561719181,0.5737652909558848,0.3743990065917703,0.9897750511247448,0.5186760927344278,0.9357428391031648,0.3866110019252715,0.4998391081544306,0.9707509881422924
1.0,0.7448350851757884,0.4065141142187707,0.7831744993015828,0.5621217956805924,0.4587608468241523,0.9704545454545463,0.5149767377879527,0.9340188706907578,0.39553106561189255,0.4995213256266453,0.9729726046067869
1.0,0.6560347952156579,0.4026264221548799,0.7817592456112308,0.5069211404836691,0.4466710378467611,0.7272727272727271,0.5024490417540739,0.9321529911506172,0.3872077037111601,0.4987492390006775,0.9350415701240284
1.0,0.6799565059804273,0.4026271149534935,0.786237508500328,0.4821062785244022,0.5094608885599543,0.8038277511961706,0.4930508133176781,0.9298013559256284,0.3739888721154549,0.5017541759005794,0.9271091726863842
1.0,0.6824936571221456,0.3984757536839216,0.7668994286202041,0.4849490080032674,0.38052416031562025,0.7607655502392344,0.4816628919817834,0.9279504971339428,0.3645651399549629,0.5010143511587705,0.896558538912362
1.0,0.732874229793403,0.3954216369472847,0.7699559734064205,0.4875969439430988,0.4762758130225112,0.8827751196172227,0.4685309188450938,0.9261869453189668,0.36740090468244346,0.5000941059445545,0.8739948207714321
1.0,0.703515766582095,0.3890085822452092,0.7543493655493634,0.5095857638717338,0.5533467738280484,0.75598086124402,0.4772413522051203,0.9260399855803804,0.3757866225939719,0.5007457102499254,0.8898528008722911
1.0,0.7491844871330189,0.3844269360652306,0.7464045813771176,0.5009273194721863,0.37374730425412855,0.7990430622009561,0.4554087713523525,0.9254973054089398,0.3817339675961916,0.4989215272272374,0.8972127572577342
1.0,0.7665820949619426,0.3800382564071274,0.6892646202082904,0.5161172323447876,0.5935867709527378,0.8546603475513428,0.4562390382659701,0.924363090670345,0.3862672060490453,0.4990391361698044,0.8832288401253916
1.0,0.6839434577745559,0.37731266052232737,0.6113636721648035,0.477944030454351,0.5373223848179542,0.7726495726495729,0.4767107674319208,0.9215762221590416,0.3818780150436272,0.4968995783637091,0.8957339512062151
1.0,0.6563972453787603,0.3776894782512936,0.5276852709825589,0.5029939857238162,0.5754861383293299,0.7162393162393169,0.4399088180241612,0.91755547719035,0.3691193338551194,0.494294936807014,0.8237767479896415
1.0,0.6737948532076837,0.37750963939646187,0.485263864373297,0.4952845088606277,0.5685603665011706,0.7162393162393169,0.4668949491277285,0.9146545019112768,0.3599232351567643,0.4965109093646173,0.8063172958975059
1.0,0.6705328017397605,0.3762166195072951,0.466631939416348,0.4917436709131987,0.584749941489045,0.733333333333333,0.4341264265606808,0.9119164689769054,0.3511248794963626,0.4977064140426675,0.7724955703966201
1.0,0.7100398695179411,0.37419365770557395,0.4535679610086252,0.4824391782062276,0.0,0.8854700854700852,0.4052095564213037,0.9114361780229088,0.35274846280466376,0.4955580909391003,0.7157012402889464
0.0,0.7535338890902498,0.3694442685548521,0.4310485536358542,0.4713113219061984,0.6297975103620894,0.9555555555555548,0.4318026617669458,0.9107393515047414,0.3553603632656702,0.4976111889231361,0.7698855117895598
1.0,0.7277999275099672,0.36220551621694863,0.4054505530452209,0.4971313193648807,0.4789314606805295,0.9778597785977852,0.4356051859748761,0.9102988049869072,0.3592588724181224,0.4942056180849842,0.7705601744582253
1.0,0.6893802102210944,0.3551419860315592,0.3851424855910521,0.46436755712093,0.4666367552363266,0.7290448343079923,0.4463151378783485,0.908903113079778,0.3612660757289139,0.495055708665746,0.7862545999727406
1.0,0.7662196447988399,0.3509530486245833,0.3661213547681571,0.4966645592843008,0.3439335842225199,0.94541910331384,0.42813278375231534,0.9074406262830316,0.35586270321800817,0.493732891900545,0.7458566171459724
1.0,0.7441101848495831,0.34220556795587065,0.3305624885826812,0.4789900363915103,0.3539820353218495,0.737547892720307,0.41698067787117626,0.9057930563054508,0.3534458735130903,0.4928933601922876,0.7262709554313753
1.0,0.7397607828923521,0.33769855706632623,0.2994157354343709,0.4764512150033568,0.3288064941350834,0.6258169934640523,0.3672678323155599,0.9055891792337708,0.3606139574011201,0.4889760012919554,0.6456930625596289
1.0,0.7665820949619426,0.33511360720164785,0.2526629325984268,0.4618133382785226,0.3081203517138383,0.7401960784313729,0.34912969358729345,0.9063606378840322,0.37549479970289423,0.4874189107602656,0.652139839171323
1.0,0.7905038057267123,0.3301392308423361,0.20473439431098625,0.4838548501704442,0.0,0.7261538461538459,0.3698224997420768,0.9066304708019668,0.3883580718522817,0.4890780969859064,0.6974717186861114
0.0,0.86625588981515,0.3282839836769078,0.16626250755093466,0.5384615238162129,0.3097481518200242,0.9195402298850572,0.3828709549052072,0.9064287662884244,0.3960462277605389,0.4901725350199325,0.6871064467766117
1.0,0.7723812975715836,0.32298770701487833,0.1329231209122937,0.43625029467680176,0.3396980272107723,0.9409866917596452,0.3947894610143015,0.9053514404157508,0.3998284357510196,0.4910812658404163,0.7261823633637726
1.0,0.7644073939833271,0.3200376229136739,0.10927856470829056,0.4304037459458933,0.38077380785624615,0.9680000000000006,0.4044235049054528,0.9060787799640077,0.4133184878613197,0.4918691358917499,0.7250715551315251
1.0,0.7368611815875316,0.3135255026301518,0.06506950421196145,0.4089114689204144,0.4084715842416521,0.8379254457050245,0.3364202231403741,0.9049158173175316,0.4130649161615235,0.4900435248345068,0.6704988414883466
1.0,0.7640449438202246,0.3107308909082613,0.03564755055868196,0.3765821892012273,0.4441019505557399,0.8833063209076176,0.3372357515880697,0.9034348682909399,0.40675962231656415,0.4901602220311472,0.6293716777974646
1.0,0.6853932584269661,0.3061504895621856,0.0,0.3543237047321722,0.4331416573162031,0.7082658022690445,0.3398493728782748,0.9005173007551112,0.3877162440934221,0.4904190912082492,0.5978601608286764
1.0,0.6777818050018121,0.3157501087791088,0.020674971804467424,0.3480130220964469,0.4100129720909555,0.6175040518638576,0.34695331345278024,0.8983390407237725,0.3726386234005065,0.4910216439569127,0.5922516014719909
0.0,0.4613990576295759,0.3329914384180397,0.07514435738903691,0.21741648614906112,0.0,0.8427876823338738,0.2880338395177576,0.8957194725996119,0.3595310076933221,0.485997611681476,0.4893757666621237
0.0,0.2750996737948529,0.35051022084916483,0.13474252063039396,0.16730773616252947,0.44428630835793614,0.3466748768472908,0.35776643461770874,0.8937169562977799,0.3508677961665204,0.4883419647744216,0.5352119394848028
1.0,0.2294309532439293,0.3580427673175324,0.16123670616973226,0.1846426941992452,0.4608017248491378,0.3093093093093097,0.39991353433325627,0.8926098722607155,0.34684411592682873,0.4882717955050132,0.5830039525691697
1.0,0.2566147154766218,0.3610897763442489,0.16322884716343394,0.16319795304437507,0.387843683232916,0.3207207207207209,0.3748434037995766,0.8918551246853271,0.3439907260814954,0.4898046215588602,0.5665121984462314
1.0,0.21420804639362065,0.3617557007639616,0.16084968277020611,0.1849415892653916,0.37807360313705096,0.3087087087087088,0.40884995750408987,0.892050932982858,0.3437175060483174,0.4890434472504544,0.5830039525691697
1.0,0.20152229068503053,0.3639715774941796,0.1544516290912677,0.17585688687482998,0.35533639468471845,0.2604790419161676,0.4045905408525709,0.891926214419753,0.3427521084554899,0.4886106842799303,0.5960610603789012
1.0,0.2261689017760057,0.3676424345814804,0.14485988693598167,0.1524610014860619,0.3314014533491621,0.2856287425149701,0.4020800888238212,0.8909334954581068,0.3382157670740238,0.4883593711304875,0.6032233883058469
1.0,0.20152229068503105,0.3690351989890226,0.1213400726844111,0.17192678782750748,0.3227774567889107,0.2546213476446036,0.4832251693695376,0.8895453175368554,0.3332464962924723,0.4916168436641348,0.6569578846940167
1.0,0.2145704965567234,0.37263319335758,0.09515982932036304,0.17509644083000622,0.5085594972675771,0.19439475253428767,0.4999484153692722,0.8883536832734008,0.33231799897769176,0.4929977140936515,0.6864794875289626
1.0,0.1997100398695177,0.3803173929325503,0.07987016574123329,0.16509702402941345,0.4838290409092967,0.16159809183065,0.4411075465858345,0.8893645003090763,0.3435061935299686,0.4917603536412383,0.6324860297124166
1.0,0.1413555636100035,0.3921564628583147,0.07546152545743401,0.16858535528171306,0.4924809311341422,0.1138938580799048,0.4898820431444025,0.8914295082385079,0.3614352991774944,0.4957421028872048,0.7220253509608829
1.0,0.14896701703515758,0.41161970002835496,0.10854476953530627,0.17313323870187247,0.4669436823751875,0.1115086463923676,0.5025915135913219,0.8942960785249082,0.3834847735356708,0.4966009290630462,0.7729317159602013
1.0,0.030445813700616494,0.4315663590892351,0.13533053179122584,0.1610794225654341,1.0,0.06082289803220053,0.4467916816098335,0.8966973874118301,0.4068567695459243,0.4953938353540792,0.7651219844623138
1.0,0.0,0.45728937317319,0.18989092040712446,0.13286791954644794,0.4248783655773171,0.008402419896930635,0.4109329940210957,0.8965438401631062,0.4069541651642597,0.4962025600480349,0.7290786424969333
1.0,0.08517578832910501,0.4854080204420304,0.24253685847509626,0.12687500516441247,0.4516494551710519,0.09700794763908396,0.40951318847058976,0.8940435126043457,0.39444065881291934,0.4962746411609034,0.6697969197219574
1.0,0.06922798115259188,0.5089013434140792,0.2846814672998041,0.14776230070094287,0.4089585342443101,0.09416522241478928,0.5181012925634612,0.8919397844212121,0.3807171752540132,0.5015629693907931,0.8031688701103988
1.0,0.07321493294671966,0.53532272380617,0.32498507299820634,0.14998911746192264,0.3980864418179996,0.0872328134026573,0.5048661501653164,0.8896648144313529,0.37497712822563145,0.5003373698253408,0.8038639771023577
1.0,0.05472997462848872,0.563927117190651,0.3799671910082729,0.15738914650444072,0.3799606986977179,0.060080878105141476,0.5479515988779113,0.8880566927503578,0.3748029323347437,0.5002594016372464,0.8229112716369085
1.0,0.1018484958318231,0.5968798969541651,0.44338083983726334,0.146899020680533,0.14353820674051093,0.11124121779859478,0.5546772521604135,0.8836237221187632,0.3567433626637009,0.5007744815840817,0.8379378492571894
1.0,0.10402319681043837,0.6302742898652807,0.5230151283828933,0.14610650236226466,0.08219188390599569,0.09074941451990616,0.6672545676962303,0.8797216716046318,0.34474248278668784,0.5064833377915228,0.9201921766389528
0.0,0.35665096049293193,0.6676136947086051,0.6058668750060097,0.2215593861677246,0.3125447090541077,0.16462167689161547,0.7110622012390136,0.8773377306278106,0.3425806748666941,0.5064066789933458,0.9612034891645084
0.0,0.580645161290323,0.6864535354456011,0.6569638814353164,0.3418698316958795,0.3781955954600964,0.4044692737430178,0.6431227861595981,0.877247404222797,0.3549358913434193,0.5039626807944729,0.9405002044432328
0.0,0.5987676694454511,0.6866539222432979,0.6507516824169548,0.3620503845511507,0.4510932300850963,0.5787709497206687,0.6293423205223312,0.8766975589510021,0.3623514243119814,0.5064800147900976,0.9341420198991413
0.0,0.6292134831460674,0.6843846947107277,0.6451490080690121,0.4016055471486532,0.4127185546514705,0.453631284916202,0.6802637202835677,0.873022022205694,0.3492957760794213,0.506964638676507,0.96579721219647
0.0,0.6959043131569411,0.6822149801559987,0.6358756655122727,0.43361834135778937,0.3792441669194601,0.6703910614525148,0.6935086883256611,0.8711559048070182,0.3464067801342846,0.5082500835766249,0.9491768269801526
0.0,0.6998912649510692,0.678738090437708,0.6263082168097158,0.4383929966857428,0.3860438513239985,0.5720670391061465,0.6355865172513743,0.8690790634239348,0.34214538878439915,0.5027965071434312,0.9503162376251136
0.0,0.6882928597317867,0.6769947340125646,0.6128124225797463,0.4778039405664285,0.4307972647974481,0.5193370165745869,0.6726046308259926,0.8691438451284822,0.3472105395906557,0.5021298460171558,0.952861148826134
0.0,0.7071402682131203,0.6769971744551689,0.6064050264488464,0.4484104972560744,0.6089233157346868,0.5591160220994471,0.6611577556264089,0.8695624672711685,0.3601487758770009,0.5008393620194007,0.9746873443544588
0.0,0.6524102935846321,0.6780121431542727,0.6175238520287899,0.4341185747743932,0.577891398957664,0.30475206611570405,0.5877700209777498,0.8683161195520642,0.3617194359805965,0.4981327674460186,0.993018928636383
0.0,0.5998550199347589,0.6832281337231167,0.6337963408009301,0.4143200569099376,0.5027602127331425,0.2758264462809932,0.6339014193142679,0.86873503670035,0.3761015385639472,0.5021791785519819,0.9606444107589802
0.0,0.6469735411380938,0.6901060263608825,0.6523030901105392,0.4243391338266108,0.5045794627665752,0.44318181818182,0.5665908454475332,0.8688481991934284,0.3842011051872184,0.5000526123234235,0.9596855501110444
1.0,0.6266763320043496,0.6927377964641797,0.6460176458059107,0.4481965042652449,0.4609125086686651,0.3915289256198365,0.511483721364389,0.8720083331584382,0.4085524655340299,0.4954587276919483,0.9649874854584553
0.0,0.7194635737586079,0.6976472077097761,0.6563545887727767,0.5511852853631612,0.4477684168681243,0.8915289256198337,0.5059224068897418,0.8721761381976602,0.4160770562973791,0.49878581052762105,0.9995068307619832
0.0,0.7093149691917363,0.6931044845451027,0.6421053015519687,0.579909131241938,0.36888935604229417,0.8853305785123983,0.4845074159047696,0.8716952449691046,0.4211351961042942,0.4973419330315912,0.9859175256165831
0.0,0.7491844871330187,0.6890232217605003,0.6341075654662844,0.625634080764994,0.0,0.8646694214876033,0.4503240006091901,0.8712841350371344,0.4297158391478765,0.4945526599488297,1.0
0.0,0.7538963392533524,0.6848494394190632,0.6252733533869467,0.6341073445553322,0.4763540968641173,0.9493801652892552,0.42957224059071797,0.8710784246795863,0.4414582073458878,0.4930978391639168,0.9817780360255668
0.0,0.7249003262051468,0.6815238501073484,0.6259200757019571,0.6325468280260642,0.4916755327413025,0.9018595041322328,0.4334877597040516,0.8693101916751459,0.4441854519571122,0.4896812689329903,0.9950352777190468
0.0,0.7056904675607103,0.6765951213799002,0.6186920411251549,0.6002868713486716,0.5039020978926727,0.9101239669421484,0.4180614987054712,0.8687743030438005,0.4516535946819288,0.4885814023727938,0.9765462455078492
0.0,0.7415730337078649,0.6721133593550901,0.6013675555676824,0.6358006640134335,0.5088496373863738,0.8667355371900836,0.4020948272897432,0.8677820368724097,0.4561024907740915,0.4872754021718458,0.9972653048357604
0.0,0.6839434577745561,0.6652552556231082,0.5948201023553478,0.6109504318254855,0.0,0.7820247933884314,0.41005851170971136,0.8649820180052606,0.4479710412668296,0.4879023393225425,0.984671521341656
0.0,0.7296121783254805,0.6611856314696678,0.5959967336902949,0.6095012947874412,0.5276218720599164,0.8626033057851257,0.4357820475659424,0.86068824290037,0.4324404446244202,0.4899425499386785,0.95663892566673
0.0,0.7100398695179408,0.6539097425217824,0.6060126340891915,0.5925418694274542,0.4962268532795192,0.8538922155688594,0.4559098791937079,0.8563138393484516,0.4140051797224517,0.4877535988827285,0.9747178614210958
1.0,0.7067778180500175,0.6495831520346771,0.6077566518761869,0.5877771074812432,0.5452513473451142,0.9672955974842744,0.4371379864307858,0.8525823449404429,0.4018668290520983,0.486498133704486,0.9896087706415752
1.0,0.6426241391808627,0.6424814098971607,0.5999289411724998,0.5669349695450052,0.5730755338301409,0.8504347826086982,0.4542100427906791,0.8484110546893927,0.386643844622394,0.4878674826806054,0.9759985655492746
1.0,0.6527727437477343,0.6392934760923201,0.6015089864040838,0.5789486731465373,0.6189819675924983,0.5478260869565227,0.42955258930282136,0.8437887470625999,0.3711734134496004,0.4861697371865194,0.8890862207346433
1.0,0.6208771293947081,0.6386249525007729,0.6039291905089934,0.5908064439063372,0.6055241787991851,0.3565217391304368,0.4285700249080073,0.8416193478706254,0.3677803058656063,0.486250583758633,0.83327925681791
1.0,0.5965929684668355,0.6416775764038878,0.6149136820923684,0.5639158768614484,1.0,0.3773913043478289,0.3975455541417546,0.8411592677477139,0.3746906492889596,0.4873841006814388,0.8290271350262131
1.0,0.5766582094961942,0.6447170700240568,0.6308487750551948,0.592383615101426,0.5928462537444457,0.2591304347826103,0.4135220512014305,0.8427683105013591,0.389389588842974,0.4885821016650253,0.8788486825253162
1.0,0.5770206596592969,0.6466726335050526,0.6467512570027034,0.5928537784608445,0.5457803376792797,0.13347022587269095,0.3796874462660096,0.8418683794876629,0.3876805970190113,0.4896142833313773,0.8537116412507045
1.0,0.6621964479884014,0.6495039632214241,0.6781565070505695,0.6381083260018111,0.5375362571363511,0.6714579055441493,0.4222079204515866,0.8388694683904846,0.3763443078850925,0.4892545975217111,0.8769873119418026
1.0,0.611453425154041,0.6490739390764761,0.6856408645343514,0.63191670220927,0.5796358467884133,0.4702258726899363,0.5268903310750728,0.8351814939617758,0.3605171944584712,0.493728634292148,0.9858262606943424
1.0,0.5889815150416813,0.6524028600705787,0.7093540384285709,0.6100204148261594,0.5294027818151857,0.5114235500878731,0.4580027413546614,0.8328045172576625,0.359429900910524,0.4922939745739936,0.9382820008237608
1.0,0.5701341065603476,0.6533139057651622,0.7263657927268274,0.6451362767484082,0.5417672359465157,0.4376039933444258,0.4540086170897427,0.8317296683705023,0.3659584792029905,0.4918832794208289,0.9585556725092677
1.0,0.5951431678144251,0.654163705333692,0.7489921240973016,0.6176083032670749,1.0,0.4490674318507885,0.4568138384369364,0.8304642758352537,0.3736044803295616,0.4922128413409267,0.9264289963846049
1.0,0.5349764407393985,0.6533504134928778,0.7672713251960287,0.6032588099919092,0.5022246387177747,0.1047345767575349,0.4576932335702954,0.8271795349152871,0.3683357951451155,0.4922689435326801,0.9321953228685188
0.0,0.5498368974266034,0.6564661808484762,0.7887226931487425,0.5636649756485071,0.5126398932445647,0.1704095112285328,0.4629597787264982,0.8229760817689175,0.35202045829376283,0.4929063601376166,0.872234680334996
0.0,0.5878941645523741,0.6586048977063976,0.8110570910286927,0.5542899464895105,0.5106158925904855,0.3210039630118902,0.5080545716264878,0.8186378740979242,0.3374704218898886,0.4929281193953516,0.8776165850533156
0.0,0.6016672707502716,0.6589355347280192,0.8236874767883698,0.5690649426376908,0.4959549507208736,0.4715984147952439,0.5061434838785747,0.8142979181921043,0.3176686869847967,0.49282963971108,0.8639970710722619
0.0,0.5643349039507071,0.6603538003916145,0.8477732129161717,0.5157741003644702,0.4795731161223511,0.15455746367239326,0.5324074301519532,0.8100005040494699,0.3006748325693719,0.4951208131984407,0.8460299299803211
0.0,0.5523740485683217,0.6606983769655153,0.8630721869222875,0.5044608985764781,0.5013563778423729,0.4191780821917805,0.5293762189939525,0.8092091718486106,0.2990054933802868,0.4952929053417315,0.7620337741979775
1.0,0.6400869880391444,0.6585701932645871,0.8713855390228432,0.6138000432795193,0.5455607438931209,0.3112859549244104,0.4490122771421129,0.8115082426393202,0.3175614059716733,0.488136835360738,0.7633060271841103
1.0,0.6346502355926057,0.6541752425737086,0.8813301408261416,0.6579095090657876,0.5296535017634298,0.2963602635450647,0.4340183444772512,0.8134435154382093,0.33348110954720755,0.4867376130839844,0.7996613427303098
1.0,0.6897426603841972,0.65409668310518,0.8939465196727269,0.6593497145517833,0.5082008505677762,0.3825079030558504,0.5102407774049492,0.8151422768397353,0.3518603225130448,0.4891976398355828,0.8435586472015011
0.0,0.7198260239217101,0.6525987476633001,0.9037862588001574,0.6401161000271438,0.5606143695281504,0.4786150712830949,0.4357967860318642,0.8173869272394364,0.3745465492438905,0.4829128014551648,0.8496819367534663
0.0,0.6737948532076841,0.6497844363601719,0.8955278946596688,0.6479275939535017,0.5510158922603755,0.2973484848484862,0.3903384443057937,0.8223496950428019,0.4117809321282081,0.479232881549156,0.8641984348542402
0.0,0.7270750271837623,0.6516641607643079,0.9135168766755462,0.6493670863987729,0.4971364606647468,0.4504065040650406,0.3627971643191569,0.8236403688575223,0.4279266821214307,0.4808512265819585,0.8386160816438609
0.0,0.7430228343602754,0.6535982057529153,0.9424811419392616,0.6673171625372746,0.5131621021143041,0.5800316957210792,0.3787147075151439,0.8240053826329853,0.43889280524874,0.4783485420616788,0.8436867877900327
1.0,0.7118521203334541,0.6524409226886307,0.9743729784972951,0.6309071457412138,0.5401885432842126,0.615748031496063,0.3671106220123903,0.8243392184993831,0.4454508775342063,0.4773980763310982,0.8739645782801704
0.0,0.7854295034432759,0.6491746840673405,1.0,0.6389523690164636,0.5578640868310841,0.6362204724409442,0.3606699124043841,0.8232504453674431,0.4429074326787089,0.4768814540264836,0.8879044437325522
1.0,0.7861544037694815,0.6427683907538126,0.9928661803439536,0.6408970641224763,0.5436065128675075,0.5688545688545694,0.3934924760131464,0.8217145670854676,0.4314417969872753,0.479408320606241,0.8627705825820327
0.0,0.8285610728524826,0.6430462597844646,0.9862482210846832,0.6391817583284582,0.437693294594068,0.7122641509433967,0.34620656451272186,0.8208673169839732,0.4294653184751066,0.479574924217506,0.8079172577914058
0.0,0.8252990213845599,0.6400726770999494,0.9671619832672496,0.6315181070941907,0.4503127525509161,0.821933962264152,0.3307360881163747,0.8214456684281203,0.4364926705737455,0.4783689235563176,0.8350006864674381
0.0,0.8851032982964842,0.6336284666300136,0.9555582466754572,0.6291237006713026,0.466368576036214,0.8667452830188686,0.3376729927437621,0.8206673981109266,0.440472271164826,0.4789002839317435,0.8181227403780147
0.0,0.8967017035157663,0.6237536434135373,0.9209247980489768,0.6366030138220374,0.0,0.8345626975763968,0.3524802381736092,0.8184452406776659,0.43407531377556696,0.4762980226996654,0.819651274541211
0.0,0.9061254077564334,0.6140637755963003,0.8796545078328409,0.6480112340210131,0.4501982462872086,0.8830347734457323,0.3528044844238977,0.8166811374360526,0.4305453720824126,0.4763358674767772,0.8075145302274493
0.0,0.9507067778180501,0.603683870152639,0.8443329749692663,0.6714949069757736,0.483486840571416,0.8764940239043829,0.3529911716589124,0.8138219163003707,0.4228014373964904,0.4763579473503994,0.8003386572696898
0.0,0.9227981152591516,0.591738572713854,0.8264199822886606,0.6936037606126503,0.6232777382414676,0.8338164251207729,0.3974669489901692,0.8115764950597172,0.4150387557121191,0.4760283381592553,0.8050249416502673
0.0,0.9336716201522286,0.5814871000097495,0.8255263778237338,0.6593369788219156,0.6475647424561077,0.8521739130434781,0.3485450677723793,0.8088242380143714,0.4058793838018343,0.4760882746847229,0.7287721385748938
0.0,0.9474447263501262,0.5692360239296371,0.8063032213851543,0.6665795684058888,0.0,0.848078641644325,0.3625220462886087,0.8076939794709582,0.4018583556989249,0.4771626351700967,0.7266029014690405
0.0,1.0,0.5552512548280428,0.7655671252799919,0.7398036886892498,0.6983895021775224,0.9830205540661306,0.3655434318026619,0.8067034942462276,0.4058917946505435,0.4774090740312862,0.7164614891766969
1.0,0.906850308082638,0.5360388987155495,0.7071857469115844,0.7001965329076504,0.5353008999708593,0.9217081850533796,0.3916649062387926,0.8066808723206421,0.40992661361434135,0.4793585456799765,0.7869296599697955
1.0,0.9061254077564334,0.5214842267828472,0.6412027940822421,0.6981505688808184,0.5046767395162488,0.9748535997244236,0.3547155721718112,0.8062277262756766,0.4128726905830923,0.4802845967290337,0.7335133403505565
1.0,0.9586806814063062,0.5093736226347403,0.6019916028437424,0.7289958131571156,0.5270674042226277,0.9110122358175754,0.3564350598627357,0.8048805051282998,0.4073175059906176,0.4804437704361034,0.7123243787469681
1.0,0.8698803914461759,0.4990257695591791,0.5723636770067916,0.6543693694038595,0.5366978082851092,0.931256713211602,0.35020068877764066,0.8027264383881053,0.4065351617604696,0.48000482737615,0.6722529861333578
1.0,0.8600942370424064,0.4927784300457962,0.5700582179116024,0.6417533262317376,0.5019272924889622,0.9441460794844256,0.3404634756250336,0.8002681271862474,0.4058004956536421,0.4792821696660241,0.6294448766646833
1.0,0.8387096774193545,0.4828641775549389,0.5542241882592982,0.631419841001603,0.5595422433799995,0.8216970998925889,0.3444772511778489,0.7970790583291737,0.4031164110327419,0.4796408146183354,0.592650221957805
1.0,0.8437839797027908,0.4738052078745541,0.5361129951173809,0.6366373148135708,0.0,0.8528464017185832,0.32485544021341284,0.7951824417575138,0.4032293787751856,0.4781208881475724,0.4874467987735114
1.0,0.9086625588981512,0.4606286337809346,0.5102627936069187,0.6528904694655628,0.5636670966700187,0.9681866383881232,0.3330795041980064,0.7946009269404705,0.3964820985578917,0.478766355927384,0.5328909432062605
1.0,0.9246103660746644,0.4426270228741067,0.4614335006135766,0.6660598251606143,0.5329875404886186,0.9965437788018432,0.3568428240865837,0.7951394054038771,0.39084068180916864,0.4806947167721231,0.5779598187725964
1.0,0.8836534976440736,0.4329357458329881,0.43960005290787896,0.6884414072611872,0.5502810899818528,0.8866822429906542,0.31580602213717585,0.7953751226471767,0.3809663984573809,0.4773929424570876,0.4914100041188048
1.0,0.7767306995288145,0.4308064201080841,0.4304786239531012,0.6160527903170266,0.0,0.8563084112149528,0.24562636023758394,0.7960552436733322,0.3842373172448119,0.4751895300488125,0.3841563315180083
1.0,0.7611453425154036,0.4302860729937372,0.4257842348151698,0.6001404997031755,0.4621649735935726,0.9754672897196252,0.24321907747028956,0.7977717371418577,0.3956322133102009,0.4749925607570071,0.38701203606242257
1.0,0.7009786154403765,0.4227811878100569,0.3982579577711287,0.6084662807929019,0.3913545911849454,0.973865199449794,0.28024701668885604,0.798935055330784,0.4029552629788888,0.4781037834808141,0.4755663356368128
1.0,0.6716201522290685,0.4207284372626636,0.4044676555278168,0.6370181361247366,0.4825975935079355,0.9321533923303844,0.2404678971648103,0.7999421942582979,0.4110124787838095,0.4747046865030202,0.3994508260491511
1.0,0.566509604929322,0.42167440352114616,0.4151963798961634,0.5659484522542408,0.5221371832380303,0.7864897466827492,0.2181636854025321,0.7998852837797391,0.4138499831591146,0.4764969666809279,0.3719555169099813
1.0,0.4697354113809349,0.4212661265386679,0.4117125551943743,0.5531485356493545,0.5159999693994503,0.5489361702127653,0.2463583707117205,0.7990353550526285,0.4127668426187021,0.475184147064797,0.3822159168916756
1.0,0.5183037332366799,0.4199473864255363,0.3796199540478033,0.5354649135581123,0.5057453361420088,0.5549898167006109,0.2494927511311773,0.7979343082672145,0.412778627470704,0.4754100911321942,0.34431376138391856
1.0,0.5422254440014496,0.4151428251078191,0.340241721398096,0.5523014483575228,0.4852112466067162,0.5437881873727087,0.27313325047040243,0.7976451194547746,0.4164245843026765,0.477460781309844,0.3931902430094731
1.0,0.5284523378035519,0.4128328446283949,0.30955223208808924,0.5420454855758571,0.4889535665975258,0.4877800407331978,0.27644449248092584,0.798487953280186,0.4315732807494129,0.4777409882004089,0.3891538144707336
1.0,0.4976440739398329,0.4149586328688406,0.3109294021230706,0.5254636496573883,0.5037054020263907,0.4938900203665978,0.25492633223449884,0.7987585342109488,0.4379091387181415,0.4795893574385321,0.3653745823989748
1.0,0.42080463936208745,0.4182863959924708,0.32477143643350864,0.5333062677196837,0.4872480500697142,0.4013605442176871,0.23238630501746504,0.7992806273460765,0.4479273288371477,0.4775539142083596,0.3010937714521074
1.0,0.4019572308807541,0.4258347593332952,0.35492416387164105,0.5249390461346799,0.4333552027975104,0.4110787172011664,0.2251398926057116,0.7990167007026484,0.4440059819823709,0.4768987293088609,0.2845270239348314
1.0,0.2384922073214931,0.4306713957861119,0.3656841410779188,0.4557459509725852,0.4796464614492133,0.13019169329073507,0.21472471002068305,0.7989451226005572,0.44267699936051785,0.4758860395891034,0.2347260994920143
1.0,0.3359913011960855,0.442801928127307,0.387928061326183,0.4590651320668561,0.4946099913667035,0.2836990595611288,0.1445204840112209,0.7990479403335337,0.4381246187287471,0.4690183197527474,0.08755663356368157
1.0,0.3838347227256251,0.4474811935201624,0.4050020747759297,0.4445367922421816,0.449869773522005,0.31426332288401226,0.2349016698681891,0.801727582356277,0.4592127760905325,0.4736030617679782,0.2530685094503686
1.0,0.3472272562522651,0.4509462370518949,0.3953526870726175,0.4697364446726173,0.44507651601395337,0.27115987460815044,0.18915838446762206,0.8046997622492209,0.4825920182247442,0.47320450293411104,0.232364651503364
1.0,0.3838347227256249,0.4566321704916345,0.3865689613688166,0.4474763682047551,0.3802308089515328,0.28291536050156724,0.1655915774580076,0.8073771943133393,0.5018072436467715,0.4747681368848061,0.21237471969246274
1.0,0.3994200797390358,0.460595679326496,0.3440717841417551,0.458367180278175,1.0,0.2264890282131661,0.17742656559354258,0.8116731504607012,0.5179151684793136,0.4721271944076815,0.2126767653654296
1.0,0.34251540413193177,0.4693218726697306,0.3423671612126717,0.3946719887780727,0.5506560722997506,0.02902584493041765,0.08775282610084051,0.8151962097138078,0.5280261130908325,0.4681592658787941,0.18075145302274492
1.0,0.3200434940195723,0.4864495841989274,0.347574896491495,0.3849789638619379,0.2865106580186132,0.02333065164923621,0.0,0.8201376421889496,0.5478149204580843,0.4589856544876641,0.0013327328376182429
1.0,0.4559623051830373,0.5088764202968203,0.3818920869355553,0.424763637053436,0.479534328691571,0.07170923379174887,0.02110057037863133,0.8223139521149451,0.5538848319669357,0.4612184974223598,0.01263186845569036
0.0,0.4505255527364989,0.5249773331140992,0.3905456227712586,0.4240262975561963,0.5336321807852102,0.06976744186046528,0.07319613459167068,0.8246421373972689,0.5645717591672643,0.4623483356610841,0.0489676914200937
0.0,0.42406669083001103,0.5377457327503214,0.4136271330430276,0.41102959132377737,0.4819223336484918,0.0696821515892429,0.09306849947678447,0.8253015807484262,0.5666736962204825,0.4642329222883833,0.025418826618016668
0.0,0.4860456687205508,0.547228092960041,0.4206007372449552,0.4121276018044726,0.4879170899208186,0.07579462102689535,0.1657193108293333,0.8260509755876743,0.5687644187390577,0.4671727428980582,0.12675894681266214
0.0,0.6382747372236317,0.5583290993774042,0.4377689644976075,0.4592280728176021,0.5488949449732821,0.2323580034423397,0.1573675134734141,0.8263129183875674,0.5739383393319314,0.4663276438441274,0.09299175906158892
0.0,0.6118158753171437,0.5624676172618219,0.4517018496307733,0.4420030155284197,0.5179207380535396,0.4578313253012041,0.19790320758146698,0.8258562191061206,0.5738394525735608,0.4700690076331007,0.18894474668870406
0.0,0.5759333091699892,0.566189438930869,0.4746265888743853,0.4167862667444787,0.4314756503054118,0.27710843373493954,0.27489695355909394,0.8258515651603314,0.5789710984839034,0.4734029800860774,0.2839680462778049
0.0,0.5193910837259876,0.5716821501553442,0.5083966293674461,0.4268296317638683,1.0,0.14457831325301254,0.26796987457565485,0.8255301495623516,0.5785790736097048,0.4727790124295091,0.2950095264329823
0.0,0.4806089162740125,0.5805942215343638,0.5345931695433477,0.4529670538061456,0.5126620169974953,0.11531841652323604,0.24239863620062002,0.8265468932719237,0.5891413545539804,0.4741112239360062,0.2352799393981133
0.0,0.5088800289960128,0.5876685983511498,0.5361902164722289,0.4696800677243345,0.5274543174363895,0.18965517241379215,0.2361888292253952,0.8270807627492834,0.5945911460032505,0.4735214347472867,0.2144709960287401
0.0,0.6219644798840158,0.5912233492543728,0.5124466425009987,0.4984717704272075,0.4416613499534315,0.4578544061302685,0.2195392755552716,0.828809385320718,0.6074749739843031,0.4719187970986953,0.16465808139935267
0.0,0.6513229430953243,0.5900432434679606,0.4736029394191612,0.46865634711991205,0.0,0.5766283524904199,0.2591267950223289,0.8303185256086708,0.6137274282457107,0.4756109486980394,0.3228198241627071
0.0,0.7191011235955057,0.5883098071915063,0.4468696587224037,0.5211072069011596,0.4522744555211736,0.9425287356321844,0.26859871578833594,0.8317707814381153,0.6215781915148652,0.4764707539186663,0.31756306957739394
0.0,0.7198260239217107,0.5810072658071563,0.4044523605921773,0.5221865236418359,0.4330882260756914,0.8773388773388793,0.34698770320659905,0.8315287926192646,0.6131891451731274,0.4835541420381924,0.5106397631017152
0.0,0.6770569046756068,0.5714299680165267,0.3480452208951018,0.5409320278837426,0.3915980368357516,0.683991683991684,0.3216031520665785,0.8304484266892891,0.6041180784129793,0.4812732000889814,0.4181989302848749
0.0,0.7847046031170715,0.5690705653914514,0.32644487310706954,0.5665521376215799,0.4751751339533106,0.8072727272727295,0.3096846459574845,0.8294225458006145,0.594141254819848,0.4801839795588331,0.3456603080595921
0.0,0.6556723450525553,0.5652891528851978,0.30244264105640506,0.5217443685739184,0.4378206299078791,0.7125748502994027,0.3302890213167346,0.8296974224905523,0.5971471495480375,0.4784216064741752,0.3923627849321675
0.0,0.566509604929322,0.5695810066380766,0.3178246005349947,0.51474756976602,0.4212107075673657,0.5404191616766472,0.2646979351409242,0.8300024856629075,0.6023764647904214,0.4758756889760157,0.270344099350366
0.0,0.5041681768756795,0.5723313813711401,0.3145864165942812,0.5261677872120404,0.4601595167637877,0.42514970059880336,0.280802165571926,0.8306933364115799,0.6095319815578062,0.4737045216327101,0.2725248490691642
0.0,0.5773831098223992,0.5808016212690736,0.33319346969471353,0.5228117761840925,0.3123895987427902,0.5252976190476193,0.24338120059543406,0.8299908541875697,0.6081966506248856,0.4700330318059245,0.1850653077152632
1.0,0.4208046393620878,0.5858955410539428,0.33415906078058105,0.4884386131702325,0.43723983176565584,0.2912735849056601,0.27115338321485233,0.8299796495146873,0.6100774957494486,0.4690294375760004,0.20115694511397306
1.0,0.4722725625226527,0.5980045888296712,0.3574830168663631,0.5138912916008362,0.4022528570296796,0.4799528301886782,0.2511238080265684,0.8304317730231744,0.6149580078039423,0.4670317285748238,0.14428528797373918
1.0,0.5092424791591156,0.6011984030711339,0.35150370813454423,0.5334822790804906,0.30491038603316584,0.5709570957095705,0.2518705569666271,0.8316249643455506,0.624380070413209,0.4671335170398196,0.17618162201868556
1.0,0.452700253715114,0.6014509064896787,0.34850068873306844,0.4875931915851928,0.3646220083548388,0.3759318423855166,0.3324162732315069,0.8327883524594163,0.6360827362498431,0.4712219782047704,0.3490002984183826
1.0,0.3983327292497281,0.6061495137430493,0.3512358867641695,0.4946594640120373,0.3989036542268104,0.25878594249201203,0.3437796304575312,0.8323261668077554,0.6376630646469871,0.4686191784019961,0.3678465670408376
1.0,0.4900326205146791,0.6131666483917377,0.35977017272072986,0.5013695788051844,0.3894613603950816,0.4760383386581468,0.3017307871814649,0.8318760801380121,0.6365266536639035,0.4645027227565596,0.23383375800564696
1.0,0.5418629938383468,0.6140565567702301,0.3428266666091492,0.5450757509511557,0.4010015252349703,0.4696485623003192,0.30960604080589943,0.8316726313466737,0.6321871296809844,0.461578870551326,0.2406170373941192
0.0,0.5646973541138093,0.6129394753225461,0.3148926783204521,0.5599505176762828,0.435273710685211,0.5537806176783815,0.3012738947378765,0.8322055156165339,0.6395679057390987,0.4607541042754956,0.20625301287790124
0.0,0.6654584994563242,0.6133289956922501,0.302395623021402,0.5801533918553627,0.4105293592419437,0.6496272630457928,0.3662803550987722,0.8328107237175363,0.6489234016388534,0.4672014061499866,0.3660675343755021
0.0,0.6284885828198623,0.6133922926142255,0.2894342869434493,0.5550860108513805,0.41729543256886464,0.6634717784877533,0.4126623073559682,0.8326174847032818,0.6543286212277091,0.4681008703250539,0.4613089089364827
0.0,0.4744472635012688,0.6160591563126632,0.30360854661787623,0.5092582155646249,0.39436660424968656,0.4802981895633658,0.4330750826582296,0.8320144946032503,0.6521432820053497,0.4664245750327845,0.473532584991851
0.0,0.4624864081188834,0.6250075788141256,0.3225336522553253,0.5543291397960437,0.3909441464585369,0.4600638977635775,0.3956786817916079,0.8314224655184982,0.6560913751407671,0.462851311418095,0.3861074765282464
1.0,0.42406669083001103,0.6327700169258574,0.3402830878662571,0.5359979037542213,0.3646384947226943,0.4408493427704752,0.37386083940476256,0.8314384935502751,0.6640086525205798,0.4607337279016965,0.3253563804145722
0.0,0.3657122145704968,0.6418300450954235,0.3589916050653742,0.5561708371803502,0.2979491361887463,0.3264573991031389,0.3871500228446221,0.8314263947884325,0.6690732659837266,0.4583786674418077,0.3417234809356564
0.0,0.35810076114534245,0.6536658756322264,0.3830278764454583,0.553363939806825,0.2973729041392393,0.3400349650349652,0.41231840981778334,0.8311872464570479,0.6730798780294498,0.4572339805382132,0.3888506301218923
1.0,0.2410293584632111,0.6642096086804501,0.3832472770869644,0.5030739802455142,0.2883722865219809,0.1117408906882588,0.365494303582921,0.8306742291605697,0.6661346028371229,0.4525865217895476,0.2592681863048921
1.0,0.3497644073939831,0.6837113708789468,0.4093378639136958,0.5016644284349376,0.40019072420393803,0.09419496166484116,0.3342634942937572,0.8307060088057557,0.6628143400645923,0.4493722073991333,0.16352179601955816
0.0,0.3910837259876765,0.6948533793949867,0.4106100970714018,0.5252691508178928,0.4414734610477423,0.14152046783625805,0.2975794526133755,0.8312542442896081,0.6568379067379333,0.4454429172581639,0.07665909143080131
0.0,0.4396520478434214,0.7035632787029016,0.4341064451278807,0.5049121932655106,0.4430548857796401,0.18908629441624455,0.32591169693783817,0.8321744223657753,0.6623979485457232,0.444815373275825,0.0998024543549837
1.0,0.3903588256614715,0.7098047047237932,0.44466224832078016,0.496859411900541,0.42035256819016203,0.02030456852792013,0.3822912419122666,0.8322310982768634,0.6656008019040246,0.447185073062728,0.2216749357403308
0.0,0.5074302283436027,0.7221897933884862,0.4811628065588438,0.5814292168624238,0.41402871831082905,0.4340101522842637,0.3409400193565185,0.831890691074724,0.6688758037150165,0.4427929930275567,0.10664829566506076
0.0,0.4976440739398335,0.7257734723444944,0.4965570641389106,0.5739329640899214,0.4374426046839623,0.4568527918781731,0.45003905693469387,0.8309999833297276,0.6654798723161846,0.4509825815329898,0.3766361402725041
0.0,0.4889452700253714,0.7285870800711658,0.5084770021234752,0.5673842466200196,0.4238489936920991,0.4695431472081216,0.4784646448766634,0.8301137917007443,0.6626865798164486,0.4542053122123085,0.3841343674920189
0.0,0.501268575570859,0.7293838990500534,0.5092437754869773,0.5833169719082191,0.43005828364177306,0.4568527918781731,0.4680985905113755,0.8304458033972809,0.6654753473102528,0.4531509518921363,0.38315297797692016
0.0,0.5545487495469372,0.7311686949684195,0.5083666631995564,0.5847835053806949,0.4152742858920136,0.507614213197969,0.4555414175456524,0.8316525515632996,0.6764579676157169,0.4514858278641203,0.4220641457631346
0.0,0.5085175788329105,0.7308383491586334,0.4969671669997086,0.5982058491721799,0.39316488693415735,0.4454314720812184,0.5116605829554554,0.8331778291159583,0.6914522119781914,0.4539123935728594,0.5193227671700156
0.0,0.4878579195360641,0.7344705439963333,0.500981553199693,0.5691788353702172,0.3950704642732849,0.2563451776649756,0.5041783550889466,0.8341653465252828,0.7010026364227163,0.4529695491850792,0.5222763010108572
0.0,0.4820587169264226,0.7430377157919366,0.5198169346230069,0.56514477561564,1.0,0.27664974619289395,0.4235785977823521,0.8354613683644995,0.7112163452660313,0.4480288311611716,0.3953887432921504
1.0,0.3805726712577021,0.7512883852799659,0.537360464559517,0.4790341685067652,0.3916698929814632,0.03807106598984912,0.4468408098295741,0.8362112323621831,0.7156530970186332,0.4468875879706666,0.4392965597570613
0.0,0.4766219644798837,0.7676932298477586,0.5746818127829474,0.5470942318368498,0.42721531493738185,0.007700736122470074,0.4198202889721884,0.8354025042921586,0.7168241144285982,0.4441394208432072,0.3502121552477224
0.0,0.5353388909025008,0.7787256754646075,0.5878083111423015,0.5987561586857846,0.5679493397597029,0.13429522752497286,0.4500980107983826,0.8349455176501007,0.7204120186059773,0.44385341901569203,0.3832210158492447
0.0,0.5784704603117069,0.7857206014279976,0.5985574208733636,0.5983008564016371,0.4659643680705498,0.16537180910099955,0.5292190086907821,0.8350060557091928,0.7271634238219865,0.4489660459210631,0.5497004867090979
0.0,0.612178325480246,0.7912780030194999,0.5974812073577412,0.6321150777957114,0.4910315978746539,0.1391585760517774,0.5364261185267428,0.8347403242680648,0.7300744945105558,0.44977919534610733,0.5661113191064521
0.0,0.6447988401594777,0.7949419317676902,0.5895770651195934,0.6192317163287698,0.4949341848109276,0.3295454545454508,0.5721472471002067,0.8333473278386568,0.7270792995271532,0.4500718873346996,0.620699696326802
0.0,0.6770569046756068,0.7964151320055399,0.578270864517783,0.6097882114519563,0.5434552509479029,0.5529010238907852,0.6298286898977641,0.8322829278677287,0.7286070705694452,0.4528829390865109,0.6851678522401093
0.0,0.6904675607104022,0.8002400172492004,0.5913018524996084,0.6280640601849194,0.6006400701500099,0.8150470219435725,0.6594284422915369,0.8310489788569663,0.7330510991858749,0.4559083935686216,0.7827173179405044
0.0,0.5784704603117069,0.8010767157145446,0.6066965103533949,0.550334924546013,0.486607332197576,0.7688311688311693,0.6590992832192739,0.8304756412158801,0.7376211555496627,0.45604524584598,0.7646146252027363
0.0,0.6223269300471186,0.8038032418772949,0.5982664852124717,0.5455795104602792,0.5145150258833975,0.6849015317286661,0.6700057480017095,0.8301891913318368,0.7426128947796172,0.4534900024822166,0.7794780652870241
0.0,0.597317868793041,0.8002737285962804,0.5619469414122684,0.5715479988788563,0.4874152926535752,0.5995623632385131,0.6512928091024763,0.8300150423975364,0.7459063899836431,0.4509365620183439,0.7837364940341439
0.0,0.6357375860819139,0.7993718800219747,0.5287425784287458,0.5583446625674692,0.5232551124052843,0.6061269146608328,0.6452598637183182,0.8293773472333331,0.7520820396907055,0.4504481990039925,0.7627793869057621
0.0,0.6386371873867339,0.7965017652182862,0.5157721424097547,0.5111258760326571,0.538303367942401,0.6126914660831494,0.6518872605613389,0.8270844792288546,0.7502186584104489,0.4513848041995885,0.7443924910289745
0.0,0.6821312069590428,0.7938609460125168,0.4932807976493615,0.500643436974023,0.5345742566780144,0.7111597374179419,0.6848277318974789,0.8248258060109067,0.7502728967633586,0.4513564594413224,0.7684537458999735
0.0,0.7216382747372234,0.7896704298886417,0.4602506070933993,0.4840385527096713,0.5355361161972069,0.7855579868708966,0.7011383008513921,0.8229923914715697,0.7444725691475337,0.4493944432938221,0.8015419760137066
0.0,0.7002537151141714,0.7843525419903271,0.4322662581907152,0.5170998085745786,0.4992286033519172,0.6892778993435449,0.6986966283302791,0.8220688933725141,0.7423926461279964,0.4492341337409209,0.7912805585748235
1.0,0.6745197535338885,0.7811363496816339,0.4158654052522964,0.4957707171645974,0.474350552994669,0.4551422319474825,0.7047787019341782,0.821421345293062,0.7380917585215304,0.4498898348481637,0.805042279987473
1.0,0.7024284160927871,0.7815779752445673,0.4129841818183111,0.526523214262125,0.4862459648234285,0.6258205689277888,0.6760927344275824,0.8209351374835744,0.7392894071323248,0.4509272178503054,0.7541681251266555
1.0,0.6455237404856827,0.7793844466765845,0.3978138381396561,0.5190453027291063,0.4941738571508306,0.4245076586433248,0.6744076364904762,0.8194575858601573,0.7326311717714961,0.450675777549527,0.7552734842762657
1.0,0.6737948532076841,0.7793847096521591,0.389458460864986,0.4976908222941842,0.4919562929208514,0.4945295404814008,0.6858446860461118,0.8180067851840979,0.7346724323311381,0.4523763198615196,0.7247103037895399
0.0,0.7274374773468645,0.7782523686053375,0.3719320232551481,0.5048546040019171,0.4802869796393373,0.6958424507658647,0.7137102122830374,0.8164078689244242,0.7362695979844923,0.4555124039700471,0.7882424318127067
1.0,0.6484233417905038,0.7747591222749901,0.3556356120308517,0.4731992538453484,0.4682491937879032,0.3676148796498915,0.712344447774246,0.8173974277522168,0.7560276948151105,0.4554625601641902,0.7796325871467958
1.0,0.6741573033707863,0.7769264959378352,0.3558411541504776,0.5046658266404084,0.4602931691976882,0.5667396061269145,0.6434126426560677,0.8179526269853415,0.7651698393141629,0.4508581243797043,0.7299006968174798
1.0,0.6310257339615801,0.7763660444597393,0.3420750327443076,0.503887829745109,0.4633369524527703,0.33698030634573384,0.6671513984347748,0.818826763367475,0.7782656284620805,0.449779097499933,0.7566402869353412
1.0,0.6118158753171437,0.7801010950562586,0.34698591919698885,0.480469063182444,0.4507683147690439,0.3741794310722112,0.6727078000874481,0.8166566104109972,0.7720072118724725,0.4466043695535093,0.7653125864330259
1.0,0.5759333091699892,0.7846719684743362,0.3520502659006945,0.4922692580071074,0.5314124856311806,0.3719912472647703,0.6955917248426667,0.8142126296146052,0.7686272111974437,0.4494663609167723,0.7499486978167573
1.0,0.5302645886190652,0.7894335424040849,0.37439272044016936,0.4948172555383947,0.4998320558395474,0.2778993435448596,0.7183724803364301,0.8136687431832025,0.7714031494012926,0.4482867598655946,0.7675492610837439
1.0,0.5277274374773471,0.7938476656764341,0.3823744016186077,0.4930293511224994,0.42669682811264215,0.3364485981308423,0.7016639728026173,0.8143395713411558,0.7833493732679059,0.4451857615706532,0.8196516537649541
0.0,0.6531351939108376,0.7952409639147975,0.3837986126856091,0.5796692963515951,0.495816989308622,0.9139030612244924,0.7292985964067622,0.8156534848147258,0.7971756602377739,0.4482400609823624,0.8701090781140044
0.0,0.6502355926060166,0.7943140201862042,0.3893712956345216,0.5765432073810508,0.5253263244767574,0.6928146258503411,0.7368889063567003,0.8142908948602979,0.8020195569397587,0.4489444609617424,0.8925404644616469
0.0,0.4715476621964477,0.7958023553297018,0.3994431799353742,0.4165529013175558,0.6100515087177342,0.7565901360544223,0.7484045610639205,0.8127836148283129,0.807410615885722,0.4503575316018583,0.8847202674173116
0.0,0.4555998550199346,0.7985233448946367,0.41627173298734105,0.3953184555436866,0.6304213732352748,0.3099644564284832,0.7677365155318867,0.8111910073457985,0.8173074506890144,0.4486743756660557,0.917690007037298
0.0,0.480608916274012,0.7979312738882975,0.4098974169615779,0.4241036298709837,0.5894743007752801,0.3038362544429461,0.7575571484016133,0.8105731309965917,0.8308747801130391,0.4514633558599146,0.9041959887403236
0.0,0.4244291409931133,0.7995977627810515,0.4219359389217151,0.4216662026809924,0.5726891660816026,0.21191322465988455,0.7403180560946011,0.8097620554332253,0.8423921946636425,0.4531521204623098,0.8940358902181562
1.0,0.3552011598405219,0.8052009356980969,0.4363123794566004,0.4097568284086801,0.5698230650958258,0.11038448528582696,0.7272057342458081,0.8091912020650046,0.8463311292306946,0.4521164257007679,0.8583743842364533
1.0,0.3562885103298297,0.8121089255421632,0.4555495373528498,0.4106386455380033,0.5469592771739304,0.1231322935979938,0.6886400817493576,0.8083744389542961,0.8442654336323324,0.4519899566277074,0.8029644616467279
1.0,0.3642624139180862,0.8181825223227062,0.4542651654280862,0.4201902142789625,0.590264701841562,0.08386956047551594,0.6840858957793947,0.8089592258088231,0.8523804080194325,0.4552550331785995,0.7993314567206194
1.0,0.3497644073939831,0.8250514480452122,0.4671260303846298,0.4124508655308912,0.5317441898366791,0.08496019195113934,0.6523490658269016,0.8092160797263915,0.8681767066803713,0.4550849986644899,0.7835151301900067
1.0,0.38890902500906144,0.8338653859767379,0.476633213581018,0.39559028838454746,0.5438099036793388,0.1558512378667251,0.6339112449582165,0.8098406648254136,0.8939392663442302,0.4533367998454878,0.7491115411681915
1.0,0.3671620152229068,0.8406834065838211,0.4834990947537947,0.41982455641118177,0.5415178155343449,0.10568218998800244,0.6230342571076251,0.8096198836171152,0.9010877794088278,0.4556973965144484,0.7472290640394086
1.0,0.3486770569046759,0.8509607331344666,0.4891313968198917,0.38890324948586896,0.537168409270262,0.04460682735303809,0.6258050887010005,0.8098791934458135,0.8915561193777216,0.45222514088121,0.7501935256861362
1.0,0.3584632113084452,0.8627602383355346,0.4989555307749268,0.3956193590110897,0.5171782989577509,0.06481481481481507,0.6070282831161048,0.8097102697444548,0.8797438823663551,0.4537982096457594,0.7360045742434909
1.0,0.3939833272924975,0.8735816387090938,0.5231619160313715,0.3904073158443712,1.0,0.06965761511216098,0.6333364447872505,0.8090891971423463,0.8736134241901269,0.4529696882143196,0.7823715693173825
1.0,0.4081188836534979,0.8862999599163097,0.5643101615584809,0.35725709159566177,0.5526525965873971,0.08618654073199576,0.6451124790590962,0.8075760569479297,0.8782919047322569,0.4543527381255668,0.778764954257565
0.0,0.3751359188111639,0.8984095911516037,0.6071209600390538,0.3411901151460921,0.28335381039766344,0.16883116883116964,0.6573797955283491,0.8061648250926355,0.8802220137192162,0.4519505822921326,0.7883180858550314
0.0,0.4733599130119605,0.9108612485819608,0.6500315008463059,0.382447018975695,0.3102948219104211,0.282863849765258,0.6850389832423643,0.8045186527558673,0.8798802552636581,0.4550006828884278,0.8418103448275863
0.0,0.4976440739398329,0.9174491245603416,0.6664119612907241,0.3981394274811652,0.3089226810159235,0.3802816901408447,0.7243071692811067,0.8031158431389992,0.8805945850178717,0.4556471080945249,0.87905524278677
0.0,0.540775643349039,0.9242727294050096,0.6943459773357621,0.3860617587502509,0.19737862892473174,0.4295774647887322,0.7187704189163295,0.8004911265580549,0.8715762922042795,0.4587505003057434,0.8765130190007037
0.0,0.5317143892714747,0.9291399845012376,0.6975904764410654,0.3773471164677956,1.0,0.3509389671361498,0.7379107733273067,0.7981208222655057,0.8663990903787603,0.4610725025655752,0.8676020408163264
0.0,0.5212033345415004,0.9378300793441792,0.7219398289536894,0.3664808577211964,0.42454386024782215,0.23826291079812234,0.7376749578725513,0.7949528446981329,0.8547560550320726,0.4613441038685964,0.845197044334975
0.0,0.7104023196810436,0.9503974302170692,0.7514563995101246,0.547390799076504,0.5172423277209139,0.6949152542372901,0.7467587657026069,0.791916423785132,0.8394876851906855,0.4625641491827127,0.8332160450387049
0.0,0.7038782167451976,0.9478828737067002,0.7595175897249755,0.5413268054202381,0.5431379680029568,0.5520581113801462,0.7496671563112569,0.7898965741105334,0.8289011870371831,0.4633981908019013,0.7989481065918657
0.0,0.6951794128307359,0.9469783145710841,0.7739276101455852,0.5328069527570581,0.5199671886677837,0.487128712871289,0.7410107639929452,0.7875925318262597,0.817763385783486,0.4620230441099832,0.8114792426522477
0.0,0.7230880753896339,0.9465753656857968,0.7849898136962229,0.5763568813185327,0.40630734465516943,0.6455445544554469,0.7554790247065817,0.7869645945396312,0.8219164590711435,0.4640040304586104,0.7926770187919119
0.0,0.8245741210583544,0.9460362181369116,0.8091048912097323,0.6621719682732135,0.5096064451241277,0.8950000000000009,0.7697360340753329,0.7861357998053357,0.8251400619635222,0.4649870416545063,0.8524721565980422
0.0,0.7901413555636099,0.9403665721174664,0.7988000552412222,0.5921867460913214,0.5575237084218699,0.9150000000000014,0.7896575271801876,0.7876419342194653,0.8402430954815815,0.4670263753182418,0.8975869051636853
0.0,0.7868793040956871,0.937602807535436,0.8067081297756075,0.5903742741666042,0.5343868060502366,0.8183333333333351,0.747520253108588,0.7871845109677412,0.8440071001743726,0.4650679842651831,0.8903476206547418
0.0,0.7749184487133016,0.9331354212513396,0.7947486648086158,0.5683814687032084,0.4690376366131165,0.8866666666666679,0.7456189910046227,0.788100297855795,0.8555333151981833,0.4654927968184298,0.8446760040499492
0.0,0.7963030083363531,0.9295533061648498,0.8031616591107995,0.5866385843057275,0.4636615458730205,0.8180327868852458,0.7186770752988221,0.788246893624761,0.8648738471665273,0.4614339633236485,0.8656176172797836
0.0,0.7600579920260963,0.9259134777004804,0.8070477642120166,0.5321058993713236,0.5032825706439366,0.8409836065573771,0.7022977268372728,0.7888098083965981,0.8783150078325593,0.463067662241887,0.863609517381033
0.0,0.7444726350126853,0.9243779098790889,0.820508129154295,0.5636068986182139,0.5453847526410771,0.8327868852459023,0.7237028921782959,0.7879216923689382,0.8846255687409016,0.4616332997429277,0.8780037124535941
0.0,0.7299746284885823,0.9220507982907185,0.8287855353556964,0.5457777749213999,0.5311806187491188,0.9,0.7354297982304017,0.7853745913167397,0.8815731074012237,0.4628315827786735,0.9029109011137364
0.0,0.6766944545125041,0.914764883631546,0.8233239746327218,0.5458408100575737,0.5409541074554193,0.7721311475409833,0.7507135873917337,0.7839821965925061,0.889809232631286,0.4647518034603311,0.8877489031387108
0.0,0.7455599855019932,0.907769291638144,0.8165178691153547,0.5992982497750304,0.0,0.7311475409836062,0.7131403249340453,0.7812824537018513,0.8902212384973475,0.4643382284962299,0.854463381707729
0.0,0.8231243204059439,0.8995630329610922,0.7993463476293419,0.6274256869731478,0.4574952719035522,0.9950819672131146,0.7484045610639207,0.779812182538235,0.9016540706578638,0.4644862967607272,0.862867026662167
1.0,0.7520840884378397,0.8866419240995111,0.7655720511467192,0.6223110661246251,0.3958783645923991,0.8952772073921987,0.7509985310662297,0.7779835167060919,0.903488780498914,0.4646800481024967,0.8725531555855551
1.0,0.8042769119246101,0.8791660646264261,0.7507834849441168,0.6154240640463706,0.3937848469909412,0.9320388349514572,0.6930075804843059,0.7779484618400346,0.9172628291827288,0.4627172367660234,0.7918157273034089
1.0,0.7712939470822762,0.8691136091123766,0.7340753400655021,0.6375126300085002,0.3646719009349803,0.9732739420935432,0.7033687220276199,0.7776891143417081,0.9224657282184541,0.4634574386610405,0.835791427607155
1.0,0.7702065965929684,0.8644682979927611,0.7405730118373632,0.6372543906116427,0.567868551214458,0.9604989604989612,0.7065620563107655,0.7770084212788736,0.930733353226659,0.4639699529716567,0.8235993925075938
1.0,0.6944545125045305,0.85862679597275,0.7211080872105604,0.609900730682688,0.6234061141595355,0.8212058212058214,0.6865668708762998,0.7783126188570614,0.948190393014396,0.4657301091467372,0.7970975362807962
1.0,0.7350489307720188,0.8557470456332608,0.6771031406888689,0.5921787164607119,0.5609309080748303,0.8232848232848246,0.5976497059676047,0.7794602291066853,0.9643283717850072,0.4589411965982269,0.7539402632467094
1.0,0.7133019209858641,0.8495458194854764,0.6246051533884357,0.6228861967348549,0.6882611836189961,0.7380457380457373,0.5778166436582839,0.7802158020557205,0.9723774268804052,0.4573061642114344,0.6913094836314548
1.0,0.7078651685393254,0.8437114055227348,0.5821953423807935,0.6192919901077671,0.6002633623607934,0.6340956340956332,0.6134444286142402,0.7785091479164422,0.9686560750136732,0.4574535872771444,0.7343570705366181
1.0,0.7640449438202246,0.8391659709360373,0.5687121502393313,0.6109474820669345,0.5951862944565389,0.6526104417670677,0.5984701472372744,0.7773373775145612,0.9698668208405284,0.4560778196464077,0.7037293283833947
1.0,0.6922798115259149,0.8323294862722412,0.5395600153149994,0.6061931529977989,0.5808443126786628,0.4219554030874776,0.5886887186869009,0.7760793250918064,0.9728619437853242,0.4588746726866637,0.6888288896388793
1.0,0.7774555998550199,0.8345152959350606,0.5423815479456803,0.6302693147131162,0.5721603095654039,0.6320000000000005,0.5861537025482808,0.7747862233748392,0.9723164979352568,0.4588806577440934,0.6579311508606142
1.0,0.7100398695179408,0.8326158809045614,0.5356040242458601,0.6165083640653372,0.5916621994081528,0.5884955752212381,0.6331251934423653,0.7736557888632035,0.9705744382193109,0.4603432279898161,0.7298768140398247
1.0,0.7314244291409928,0.8341753685749405,0.547252141818966,0.6355028049395454,0.5972429696676121,0.6976401179941008,0.6196787996993354,0.7725137227798652,0.965703687230732,0.462735350153608,0.7112807964900442
1.0,0.7006161652772742,0.8307950014936251,0.5401571293532674,0.614208538757678,0.647918999441645,0.5471976401179952,0.6810448589774449,0.7716330200163791,0.9624802877083576,0.4658150156880052,0.8018140398245017
1.0,0.7607828923523012,0.8308338312373321,0.5384159668318013,0.6231267317223392,0.6923582361072086,0.7153392330383471,0.6972817356017469,0.7697535395064047,0.9512693721743904,0.463848496315374,0.8291765102936214
1.0,0.756071040231968,0.8276478355941066,0.5231271706586403,0.6169981490477909,0.6897157100113841,0.7713864306784666,0.7302418582257835,0.7677476362221841,0.937966252428042,0.463775359388809,0.8631370232872091
0.0,0.7749184487133016,0.8234440883288281,0.5006967976336913,0.6374456744507622,0.7515419547581575,0.8908554572271394,0.7324821050459593,0.7657323115600038,0.9255618312296421,0.4641898157518994,0.8515693553830576
0.0,0.8093512142080462,0.8150073221705734,0.4672579883869724,0.6280197108066183,0.7562147388123261,0.9926253687315638,0.7469798426914405,0.7634584289089689,0.9190125294592076,0.4657244068693556,0.8819946000674994
1.0,0.7455599855019932,0.8031032987165965,0.4272357726091136,0.5812429326579603,0.5071148418982461,0.8998035363457751,0.7740249276586961,0.7606242936330628,0.9144570862588008,0.46500994963044,0.8936044549443128
0.0,0.7238129757158389,0.7976730948661883,0.4092975515752023,0.6094083178227792,0.5336221152184579,0.7956777996070715,0.7991392735901427,0.7570855118706127,0.9033127350595046,0.464072089353639,0.902708403644954
1.0,0.7176513229430952,0.7949176242724407,0.4091976229575861,0.6004952326149485,0.5012668101900757,0.988452655889146,0.7967860318645632,0.7564684918889516,0.905829263419162,0.4641989180089681,0.8784864052123793
1.0,0.6451612903225805,0.7901729468487657,0.3937188520395543,0.5695394718157788,0.4405917000210938,0.7092198581560276,0.746621206687333,0.7562439338994519,0.9116807487596332,0.4570103024475989,0.8847429311280954
1.0,0.6730699528814785,0.7874675744694208,0.3873545848474049,0.5508400513100339,0.4430122786668893,0.7423167848699758,0.7479427557983579,0.7558106569226023,0.9164373994814996,0.4574112172180181,0.8666583134945495
1.0,0.6922798115259149,0.7835996261516316,0.36621603658258095,0.5702652350145865,0.0,0.6501182033096919,0.7627893038039978,0.7532406445618881,0.9110668352307141,0.459169569196796,0.8613289896838323
1.0,0.7249003262051468,0.7843668493435856,0.3800365707320337,0.6118840451572908,0.4409328433947743,0.9928571428571424,0.7659531611552991,0.7512394256835307,0.9056372268162364,0.4556960320160098,0.8659566470367119
1.0,0.6009423704240666,0.7877902686742075,0.40455565115685865,0.5222822325698125,0.43231445406539976,0.7788241282769154,0.7907923890561974,0.7492953615396712,0.8997662799127085,0.458348387561993,0.9120995698116356
1.0,0.4516129032258063,0.7932811168110003,0.42326245022819664,0.41247307736434347,0.6175175239783122,0.6619144602851328,0.7957346879621124,0.7468468141597314,0.8949986643862571,0.4591964034748742,0.8935471745395317
1.0,0.4682856107285249,0.7966228134287348,0.42438477093306826,0.4283483227117849,0.4913132322703754,0.3356481481481488,0.792570830610811,0.7443783081597394,0.8916472951730253,0.4591376163080678,0.8740675771624272
1.0,0.4124682856107285,0.7952618089374792,0.4039908073983595,0.41238049389902537,0.44173703891165744,0.15972222222222168,0.7768498002937869,0.7422794776830987,0.8924870700363537,0.4615371143499717,0.8484400451071298
1.0,0.4088437839797029,0.7998117748191693,0.41775836719687176,0.4108526144805339,0.5347205094386344,0.19907407407407396,0.7453733499059195,0.740579811774717,0.8912077113298249,0.4588766913125453,0.7811552437037967
1.0,0.3624501631025735,0.8035707711131193,0.42026106169313454,0.3701173353906326,0.5223200241928921,0.05092592592592566,0.7543687269404417,0.7391818890559144,0.8870108501748807,0.4560805496501785,0.7954141085077058
1.0,0.4193548387096772,0.8113483213755179,0.43336358849056,0.3623109705335797,0.5402898804843593,0.12993630573248366,0.7402885791627569,0.7380210727262452,0.88781626737308,0.4585025421264403,0.7755299293427546
1.0,0.4208046393620878,0.8143438849805751,0.4231271861646195,0.3634999024602372,0.4068515522930458,0.14782059380922336,0.7533615984357571,0.7364047909095358,0.8821645841919373,0.4561770238176062,0.7966771097187038
1.0,0.4443638999637553,0.8174760415392668,0.41282653933002894,0.3975671137018463,0.3543350917640171,0.1263423878711309,0.7637718681988118,0.7348533637801417,0.8795393012620688,0.4574850778382789,0.7924244054664799
1.0,0.4295034432765493,0.8221536110918355,0.4173368485636053,0.3740019523696431,0.5161907009422632,0.06064434617814154,0.7584365435349718,0.7326991610095134,0.8715827712639473,0.4566798578973828,0.7956148182123464
1.0,0.4200797390358828,0.8303707057693064,0.4236945468851335,0.3688831559766804,0.5309924924840927,0.12507896399241894,0.7630840731224421,0.7318442435561171,0.874365284853056,0.4575135710715771,0.7773746242618329
1.0,0.4233417905038061,0.839000138403081,0.43138221625635775,0.3714520757504455,0.4880822661843494,0.16171825647504767,0.7413890512849484,0.7302290784038875,0.8758424662633372,0.4583339617046509,0.7741607737950091
1.0,0.3921710764769841,0.8468615927661332,0.4129743319102803,0.3942174375982954,0.3587289047985629,0.128869235628553,0.7471812683923775,0.7283051862203817,0.8776601837351165,0.4592243863072604,0.7603023652767621
0.0,0.36607466473359895,0.8555068987110035,0.4072357302394337,0.4168886453358034,0.4490455922536383,0.07429245283018822,0.7939120310097321,0.7258171762608464,0.8754172790584093,0.460818270607445,0.7980283956536929
1.0,0.38709677419354815,0.8649956471168658,0.4105788173184027,0.3936028689625162,0.4634255043957152,0.08254716981131953,0.8020329257328702,0.7230383733834632,0.8700763310857057,0.4616067925613563,0.8247556493861914
0.0,0.41681768756795945,0.8733649655510387,0.4126779657906582,0.3737957301776559,0.4084011497601987,0.12971698113207494,0.7984072631160062,0.7207438884332623,0.8604330946398691,0.4617606886211529,0.7938773295295976
0.0,0.4773468648060892,0.8831241774804282,0.4263712567504437,0.3865255705357245,0.423602059659324,0.21462264150943344,0.824450132400552,0.7183740293797499,0.8512630509560221,0.4609510941393451,0.8206560256370748
0.0,0.4280536426241393,0.8896295695080294,0.4321142352869711,0.3888131312724134,1.0,0.14033018867924518,0.8147718731116341,0.7160328222777733,0.8437383896351233,0.4601095907690204,0.8088527402413698
1.0,0.45342515404131895,0.9013773544071956,0.4573868550373049,0.4193154986588201,0.3490799636925736,0.031839622641509004,0.8564866444934633,0.7143376583176412,0.8465301831801456,0.4611187515828205,0.8530054603765932
0.0,0.4552374048568318,0.9136237422241882,0.4641915603975856,0.4212963230847695,0.286045974176418,0.061050061050061076,0.8212174955416139,0.7130819408378174,0.8527956774125166,0.4614943698845431,0.8083552700069899
0.0,0.5929684668358101,0.9285208988531428,0.4956723725552834,0.4957048891667701,0.4529067062212536,0.16068642745709855,0.7804705500886765,0.7127829694549627,0.865816409767386,0.4606398535750033,0.7700144261514897
0.0,0.7433852845233782,0.9389411546070384,0.5218442438536961,0.6709179745009137,0.4983476002338936,0.7551487414187653,0.7634623604144455,0.7126001466195261,0.8751999918324463,0.4625420857758651,0.7531417778372669
0.0,0.6469735411380932,0.9383824531747176,0.5332918780886974,0.6001055223925192,0.4534112944429386,0.6,0.7447985497349532,0.7116770440393948,0.8780605646164369,0.4644129841475014,0.7300673716146879
0.0,0.6549474447263498,0.9397669065089168,0.5435839378377356,0.5568381344105859,0.486933815449832,0.6042553191489354,0.7128259043277048,0.7104202411547013,0.8811470759702106,0.461453483386845,0.674534124540817
0.0,0.6951794128307355,0.9373078743239844,0.5424919445322787,0.5496297927662157,0.4948577278659738,0.6978723404255308,0.7099420778289256,0.7095665368082703,0.8869172400002022,0.4612952653644205,0.6628890971013846
0.0,0.7256252265313518,0.9351808995074608,0.5498721424290407,0.5544908945638405,0.4802438487292466,0.6978723404255308,0.7154493512618583,0.7090125674123072,0.8978477421953975,0.4617151285749668,0.6828403158881006
0.0,0.6716201522290685,0.9322774830476686,0.540470136581785,0.5427017301992683,0.4447869857758693,0.6610878661087887,0.6916221646876182,0.7088166829055694,0.9014132630428552,0.463092616204305,0.6493627210398727
0.0,0.7056904675607103,0.9320432201866616,0.5333614665919603,0.5228164040068302,0.4351598077750644,0.6841004184100438,0.6990749156222825,0.7086073005518746,0.9051918951344614,0.4638058047441489,0.6700575558827468
0.0,0.6611090974990936,0.9313022691759798,0.5162711001711032,0.5320110034482273,0.4537645905900021,0.5125523012552305,0.7029413065158756,0.7081134006158846,0.9063284405537868,0.4641567075681794,0.6816728386799329
0.0,0.6009423704240666,0.9310152526546812,0.5066570641417373,0.5276480738842659,0.4474468618662438,0.4895397489539755,0.6636485563672627,0.7072659135433651,0.9104302984834246,0.4602838481332465,0.6174839007123841
0.0,0.7147517216382742,0.9335696126348116,0.5182137113505826,0.5700551822578135,0.4626304182607856,0.6506276150627612,0.6694456862966656,0.7062905189539167,0.912998208802096,0.4571962655257187,0.6243846577135295
1.0,0.6600217470097859,0.9339031635359653,0.5268215387513441,0.5249940039620872,0.0,0.6924686192468621,0.6954983812251596,0.7053710461752908,0.9220234698518244,0.4565931040177682,0.6545308526301701
0.0,0.5955056179775283,0.9386986091056726,0.5578179666552256,0.4816278213332345,0.3902960411811753,0.8179916317991652,0.7121184579634385,0.7040247922190799,0.927590041899506,0.454813910249543,0.6784083641933996
0.0,0.5726712577020658,0.9393372410617652,0.5712783420370077,0.4681800426031424,0.4805947523816578,0.6945126945126955,0.7444153496209754,0.7028426514527774,0.9345919886979812,0.4549567298841836,0.714719136215589
0.0,0.5723088075389631,0.93680411759918,0.5712029008187298,0.4676992533006725,0.5008885309905253,0.5987158908507225,0.7938923797218357,0.7009120309541589,0.9329669309354476,0.4609625164895775,0.790657207870432
1.0,0.5284523378035519,0.934241445683102,0.5766873137043351,0.491181944459918,0.5072140476810187,0.5253968253968249,0.8189035563918269,0.7002668140659829,0.9434565395401644,0.4602233794049602,0.8056038905992058
1.0,0.4856832185574481,0.9320636546643112,0.5881024741066245,0.5118218327834382,0.5312863530947939,0.36085626911314944,0.7455354730310635,0.6993830154269814,0.947286458323412,0.4549836871021323,0.7430657802763274
1.0,0.555636100036245,0.931967927157542,0.6112537436397939,0.5071960109055862,0.4844616410008312,0.465361445783133,0.736112680484797,0.6992532814278062,0.955772709073717,0.454144843233688,0.7242374217344101
1.0,0.4911199710039869,0.929182682111751,0.6259890533844695,0.5093670624683309,0.4977910495578778,0.22138554216867665,0.7535188087389275,0.6979066588310355,0.9558982798674032,0.452456303819388,0.7450289266645845
1.0,0.4980065241029362,0.9340150857152324,0.6620040357707789,0.5137126388731521,1.0,0.2921686746987969,0.7241008307581958,0.6961279257807672,0.9577949976333898,0.45338593057446896,0.7005978673091507
1.0,0.4208046393620878,0.9355445877234688,0.6733289897687279,0.5025110894921605,0.5251212588119677,0.06777108433734982,0.7394091840293979,0.6949838100428537,0.9640228089633964,0.4514785380973498,0.7068144975386307
1.0,0.480608916274012,0.9420372457819756,0.7078575991390466,0.5018184192831445,0.4798355879282037,0.09186746987951798,0.678662140320021,0.69327838613158,0.9722975547732688,0.4486724722065572,0.6261693362483082
1.0,0.5465748459586807,0.9470447042858514,0.7311481350577507,0.5426738293185897,0.4793525709056608,0.3704819277108445,0.6771833809058261,0.6918669987292329,0.9868477186066468,0.4488395132136093,0.6046119067802912
1.0,0.5458499456324756,0.9478359049051756,0.7431554655372802,0.5419009824164828,0.42749515868555504,0.3403614457831333,0.7428530722332212,0.6903184980780576,0.9947765258378728,0.453409783137005,0.6848555154002883
1.0,0.5505617977528089,0.9480104223351145,0.7227726465231475,0.5452491212757886,1.0,0.2394578313253017,0.7499226230539083,0.6887945505478056,0.9993481556763624,0.45424321411719104,0.7016512734396866
1.0,0.5559985501993472,0.9496746271202672,0.6950406274381005,0.5490827725175121,0.4675751939239005,0.11295180722891565,0.7240222256066107,0.6877577748218858,1.0000000000000002,0.4516758515377052,0.6582924565822619
1.0,0.6255889815150413,0.9571142208862088,0.703757061788203,0.5501087415311111,0.5380806627121845,0.2203389830508473,0.6977189767574392,0.686958273029073,0.9959127423451728,0.4526937317894067,0.6204943509066538
1.0,0.5458499456324756,0.9629902694638628,0.7225506329035603,0.5413758855028279,0.5095508425766027,0.07966101694915248,0.7529489213899356,0.6863224569355727,0.982280674706301,0.4597909780205928,0.7088535880098007
0.0,0.5429503443276545,0.9740650059414984,0.7611403199444615,0.5397807949276354,0.5252137324264461,0.1491525423728808,0.7207404605279317,0.6857612138771564,0.9743658550575052,0.4564938447257994,0.6561573382581247
0.0,0.5824574121058352,0.9823785370538808,0.7904051043014564,0.5672212297870611,1.0,0.4118644067796604,0.7352283725294646,0.6843697629350155,0.9687068970855492,0.4579607508267807,0.6968383721700232
0.0,0.5125045306270388,0.9847772524731506,0.8016411961603316,0.4971414831867474,0.4890725617104577,0.010169491525424129,0.8268426767019244,0.6832387937931613,0.966063831882398,0.4662831692850841,0.8001486266748095
0.0,0.6078289235230154,0.9946085642648592,0.8342060528602692,0.5317159129628194,0.5039753244651807,0.2598566308243733,0.7448280266667975,0.6809784727677589,0.9571963580651212,0.46093726911585,0.690024205970806
0.0,0.6872055092424789,1.0,0.8559348091334282,0.6123038579614662,0.5239195621185914,0.6863799283154122,0.8147718731116342,0.6799418837522256,0.9616747755270872,0.4666729819805314,0.7895254162693468
0.0,0.7314244291409928,0.998994083162239,0.8726092617097572,0.6173728785822944,0.5067792922209194,0.8584229390681017,0.8779360252322537,0.6785737209628132,0.9745293756588064,0.4715304719320592,0.8796554800828921
0.0,0.7346864806089161,0.9950976863087768,0.8859909660394703,0.6208170253131586,0.0,0.7688172043010766,0.8673292425902359,0.6768605700912128,0.9817969602106016,0.4694921017578267,0.8800296454064008
0.0,0.7480971366437109,0.990430553205103,0.8977858911322141,0.6389797309690549,0.5245392161816483,0.9103942652329748,0.8611194356150116,0.674919946239848,0.9817969883862382,0.4689320338247995,0.8682938061247986
0.0,0.8126132656759695,0.9816268609689582,0.9002572989987716,0.6496068299240213,0.5028750303343825,0.9532062391681116,0.91314130749844,0.6723598449882352,0.97217325326752,0.4722560654413653,0.9300454754777802
0.0,0.8310982239942004,0.9693843937700892,0.8880198757743024,0.6644678394453948,0.5022716985394549,0.8212877792378449,0.9162511238080262,0.6691681160927413,0.9687328891017448,0.4727762324500819,0.9266204236702736
0.0,0.8615440376948167,0.9600986258144636,0.8812894907446401,0.6433763339376719,0.4745086151123352,0.8559423769507817,0.9239986440611352,0.6659643249522625,0.963025872032728,0.4739355905725264,0.9233608680635504
0.0,0.9130119608553816,0.9503340524644996,0.867957946080649,0.6367716898234582,0.0,0.8968347010550985,0.9339471085586272,0.6631424759754126,0.9633817445953198,0.4753154266470256,0.924644275197468
0.0,0.9771656397245374,0.9413776016137668,0.8647569996095148,0.6511699964871158,0.4536171336863603,0.9779614325068862,0.958535782538848,0.6603415373645697,0.9583459346089246,0.4785004923308535,0.9861686819441166
0.0,0.8738673432403044,0.9270303876569974,0.8393980518616367,0.5818416932444171,0.4542222404161082,0.9414182939362788,0.9515595753356684,0.6578417904305971,0.9457839660671676,0.4781910581307745,1.0
1.0,0.9699166364624858,0.9176088784936192,0.8290443677231745,0.5832020888395048,0.4029566780858333,0.944501541623843,0.905831028401024,0.6552438157395691,0.937204522251424,0.4772593682276709,0.9925596169493652
1.0,0.9855019934758964,0.9077031777998844,0.8189622859149632,0.5916053867761233,0.4101189641072872,0.939189189189188,0.8970812924652046,0.6533060113438832,0.9247854813191208,0.4763769996621151,0.9956135113403866
1.0,0.8684305907937655,0.9032301254897496,0.841836031060873,0.5182984639241475,0.4145074925186769,0.8716216216216207,0.8768257274661134,0.6509610284215449,0.921699252678436,0.478094491086033,0.994016399497673
1.0,0.7680318956143528,0.9028871929066162,0.8841146027660458,0.4937561907771626,0.42901411259507455,0.7880067567567564,0.8605790251978639,0.6487246488104091,0.9138366934275528,0.4767280615230829,0.9675953335946168
1.0,0.7277999275099672,0.9021403490087029,0.9152126133137296,0.5185356849621916,0.3829659776781453,0.7347972972972974,0.8354892433762875,0.6462072002299725,0.9081298570836224,0.4740558653454465,0.9248315232294358
1.0,0.7854295034432759,0.9013414537105459,0.933407248361543,0.5113483771864504,0.3889718613135544,0.8505067567567559,0.8140889908572383,0.6439587971843103,0.8929255858076129,0.4720773582002246,0.8723834966357764
1.0,0.789054005074302,0.8955940385999863,0.9366090979094104,0.5137787873940105,0.0,0.8918918918918918,0.8484885703196773,0.6416495610957907,0.8720576473703122,0.4733836203359277,0.9235105957616956
1.0,0.7955781080101479,0.8874147389815432,0.9333759615835372,0.5189132661796495,0.4657104482985101,0.949181739879414,0.8675650580449915,0.6397974050007272,0.8567207565440692,0.4723693616608308,0.9441663334666136
1.0,0.7970279086625586,0.8771422269209839,0.925124012042128,0.5202512814482045,0.4797742589731946,0.9112833763996554,0.8802106618062482,0.6383929742536602,0.8479173697226766,0.4738947356477839,0.9889036732389828
1.0,0.7455599855019932,0.866304040519307,0.9072447873181269,0.5362387727465601,0.0,0.8320413436692504,0.8432515020953186,0.6364421955789051,0.8380701338026452,0.4729943344879925,0.9410910850368944
1.0,0.7593330916998908,0.8577687161371506,0.8933628026613611,0.495096613037915,0.5338262571878531,0.8484065460809643,0.8177834329817388,0.6348424967638343,0.8281991892295265,0.4707973868104359,0.8720535462279748
1.0,0.7607828923523018,0.8460330616774732,0.8749527989477845,0.4962252935226805,0.5184290433763244,0.9374389051808406,0.8122565082609101,0.632366615792089,0.8197960816036359,0.4693608604423616,0.8807306157009801
1.0,0.7636824936571218,0.8334537911470568,0.8572494135561151,0.498571110946493,0.5346336904931648,0.9072580645161288,0.8473094930459002,0.6295725948376033,0.8129610851598897,0.470822646039065,0.9051489859279868
0.0,0.7984777093149691,0.8205347753199441,0.8369642754540008,0.4702156960500408,0.4542205178613412,1.0,0.8508565505111791,0.6263073462234215,0.8063399522579734,0.4721994442533105,0.8755400882995275
1.0,0.7752808988764041,0.8043746250955008,0.8030330819156289,0.4580012709642664,0.39353342079251546,0.9621026894865524,0.8507877710035419,0.6234080267909482,0.7999686793311135,0.4720531977539174,0.8827285125446661
1.0,0.7535338890902498,0.7919754759623009,0.7810459988863075,0.4458818582153261,0.42839941155272404,0.8403819918144609,0.8269114562095613,0.6215703318834173,0.8015111805830423,0.469924789443708,0.8246489550555808
1.0,0.7350489307720188,0.7840930557724799,0.7694091613668872,0.4341947126158982,0.4917945597880661,0.7476125511596188,0.781349945222035,0.6194077107808204,0.8036967074758,0.4681673948479828,0.7604008733094794
1.0,0.7136643711489669,0.7792261683619308,0.7662906681135615,0.42006402336856735,0.4518827271974926,0.5920873124147346,0.7873239367425042,0.6184748187357493,0.8058705999399288,0.4693250781647776,0.7539330830405309
1.0,0.6741573033707863,0.7769124392183051,0.7617565891101497,0.3907024501087493,0.4184082677350824,0.4379263301500675,0.7412465794477006,0.6170803849257877,0.7995944972513046,0.4666691534255252,0.701857522855802
1.0,0.7419354838709676,0.7787583064242849,0.7720794028962019,0.4006819930819371,1.0,0.6234652114597536,0.7077460464065162,0.6166360436915799,0.7972095387618695,0.4627765548943085,0.6380773558054109
1.0,0.6502355926060166,0.7762605230536277,0.7731913879095207,0.32246271558564843,0.4602690440595052,0.27857142857142897,0.7825339353177858,0.6157592781880411,0.7991810875698283,0.4748010222703321,0.7650742267890235
1.0,0.6306632837984779,0.7818213277435451,0.8026464069170371,0.3028761326740738,0.4929480771267065,0.04713804713804735,0.8242094041238227,0.614459884476536,0.8040844435193356,0.4779079526310375,0.8165166506763538
1.0,0.7412105835447621,0.7885799947866059,0.8324051837910786,0.3934260326827899,0.4705491431071729,0.4781906300484644,0.7772870414494788,0.612307777232625,0.7968081421047676,0.4723599441865202,0.7380127580726669
1.0,0.8466835810076113,0.7875114442531181,0.8360636203056204,0.5461660506919115,0.4704078452158159,0.7954866008462619,0.8638951800303613,0.6103433620985393,0.7873248220839476,0.4834134493804722,0.8538900403541797
1.0,0.8858281986226891,0.7814112083415274,0.8165664539879296,0.5651351205403725,0.4611547758000991,0.8795031055900622,0.9279682042161836,0.6079614297611909,0.7734816714484606,0.490731668531457,0.9346230293984692
1.0,0.8753171438927149,0.7751681596725208,0.8004093427061376,0.6272321120904195,0.4683696777161399,0.8585017835909633,0.9447012758598664,0.6053688256757218,0.7648478762207549,0.4897761837251736,0.9547936653726652
0.0,0.8760420442189198,0.7695914522932386,0.7879774401625079,0.6244190585401619,0.5364640206592235,0.9048751486325806,0.9363249143940772,0.6026353756669619,0.7526159318390816,0.4890613983330037,0.9357403871595192
0.0,0.8930772018847407,0.7622583086483732,0.780580894375412,0.6070974737666849,0.4829886538005601,0.9381688466111776,0.9758190902436268,0.600748398269712,0.7536943783170325,0.4921337423990893,0.9766032357527394
0.0,0.8742297934034071,0.7532633645377533,0.7677954451072287,0.6641697565655648,0.0,0.8810939357907253,0.9733528536126436,0.5989324207192391,0.7526641923843913,0.4902680518001351,0.9966251225318584
0.0,0.8756795940558171,0.7460587318782022,0.7706283576031407,0.6634533125762286,0.546049701330612,0.9405469678953626,0.9248976904823901,0.5982053254493284,0.7580819883720237,0.4882654898504808,0.9306189609298424
0.0,0.8434215295396881,0.7368868917278792,0.7660146203572724,0.5966220332948254,0.4649397913171097,0.9368932038834956,0.9250254238537158,0.5967070694622661,0.7566493311472007,0.4868781149531856,0.9560495728889512
0.0,0.8213120695904309,0.7257470207411894,0.7512947194586006,0.6065039974276412,0.5420357584789299,0.95128205128205,0.9650698357643612,0.5947924766040783,0.7585371755065359,0.4900544623514469,0.9988166923400088
0.0,0.8252990213845594,0.7134549645174499,0.7203921152972035,0.6117636191800491,0.4995059420576841,0.9868421052631594,0.9543746223268104,0.591903131391578,0.7586077135498634,0.4891059718362055,1.0
1.0,0.8079014135556357,0.7016216621435021,0.6726256260923943,0.5963842308325679,0.5731532041245232,0.9409090909090908,0.9413359928076288,0.5895008130961633,0.7578024690066025,0.4876390195896406,0.9985228519195616
1.0,0.7673069952881478,0.6910430021815968,0.6367071373867986,0.5936118496480874,0.5642449841530084,0.9653916211293264,0.9345464728394636,0.5871218749074313,0.7562890261037697,0.4868455804419333,0.991483087215828
1.0,0.7368611815875316,0.6816124656941649,0.5993136736011339,0.5578208572405676,0.5007572622574673,0.7996183206106874,0.9371158787319022,0.5844189239264143,0.7504953678178349,0.4874986782581773,0.9961218179256542
1.0,0.7531714389271474,0.6748041971160972,0.5873042300203012,0.5792936109580665,0.5295654404195695,0.9327146171693752,0.9048926794039764,0.5823320119892199,0.7493946687618408,0.4841212309101892,0.9505720374204664
1.0,0.7238129757158389,0.6681695264090042,0.5682713298350224,0.5785953136085069,0.529967486179645,0.9480874316939896,0.8977789131855226,0.5802603165038059,0.7466540632577293,0.4815710549027525,0.994210452396186
1.0,0.7183762232693002,0.6639611674334409,0.5656205682751924,0.6152112721244586,0.4820763281955507,0.9856321839080469,0.8951898560051879,0.5786922317361837,0.7510884267073108,0.4819051081888043,0.9748865070839968
1.0,0.6904675607104022,0.6587490531963822,0.5531989937007059,0.6143087426483086,0.4315519371507845,0.8795180722891547,0.8826474215053868,0.575891757221847,0.747841196842145,0.4837169681895224,0.961377125787002
1.0,0.6948169626676333,0.6544136623181371,0.5383209485801886,0.6207420925267987,0.4161516460911836,0.8524096385542181,0.911721501947934,0.5740883060445411,0.7528413222537615,0.4850199843822594,0.9800534730008392
1.0,0.6962667633200432,0.6480009160693347,0.5099520070591009,0.622893572280158,0.5150046913109938,0.8545454545454537,0.9089555831765326,0.5720801182921559,0.7497857730064388,0.4835918290475364,0.9956640399769368
1.0,0.7125770206596591,0.6414287064837785,0.4866287146688549,0.6458327606769829,0.5398609345360762,0.6989795918367367,0.8942367685422182,0.5705548912907318,0.7463000865768905,0.4855106078307891,0.9955577182682952
1.0,0.6756071040231968,0.6374585177468917,0.4724665754202132,0.5929466717503137,0.5390364948994536,0.4460431654676256,0.8828881497821163,0.5674009982159626,0.7295015138708683,0.4843186377721237,0.9811441937913812
1.0,0.6161652772743748,0.6394067614101089,0.4848727938848614,0.5239073876214393,0.4661227452575975,0.3021582733812961,0.9008936423170832,0.5639516852169942,0.7129343145249409,0.4882226961845123,0.9607213094445392
1.0,0.5853570134106557,0.6435883915253378,0.4858351517484969,0.4742236077334934,0.4896806542935873,0.3189448441246997,0.8849367965453036,0.5601101859678933,0.6938819909911162,0.4866630908604183,0.9244681905139364
1.0,0.6049293222181948,0.6477409175213835,0.48913688727177596,0.4568555499333906,0.4994684881359938,0.4076738609112715,0.8629224412794954,0.5571352463075813,0.6829456103823737,0.4846558086731506,0.8687404816116046
1.0,0.5704965567234503,0.6489399578692807,0.4739936898138592,0.4533363576028369,0.4878726732577624,0.3621103117506006,0.8922519884646939,0.5567533196671631,0.6868228563174112,0.486297977974187,0.8967252565593615
1.0,0.5889815150416813,0.6512428493367279,0.4815986380009666,0.4372469338953497,0.4620481635101881,0.3717026378896875,0.8415565785142642,0.5572509203504245,0.6985955488228628,0.4726424274145486,0.8973616261803925
1.0,0.6103660746647337,0.6516187182101261,0.4810462473898163,0.4197143233054343,0.0,0.4820143884892098,0.8259288918147473,0.5582998350081542,0.7112400925019748,0.4732639696935344,0.8892936297206557
1.0,0.6560347952156581,0.651396415729983,0.4776849430935149,0.442084665735012,0.4961015451073194,0.6498800959232631,0.8388152238527332,0.5573012600443584,0.7157194596031934,0.4717192042799716,0.9080701908377404
1.0,0.6650960492932221,0.6491078794175955,0.4662953174667065,0.4584070479755926,0.4465564320201432,0.8531073446327657,0.8433350200688776,0.5555908297939037,0.7183613744252636,0.4686057468791319,0.9139364947005773
1.0,0.6321130844508879,0.647819756962849,0.4566606249302837,0.4542588326631847,0.4671331463933416,0.6327683615819224,0.8589676195903688,0.5540293719126116,0.7164942903143354,0.46749005351069206,0.9295750952725784
0.0,0.5933309169989128,0.652095732528549,0.4742822294654296,0.4416376127329531,0.492979372717927,0.6158192090395489,0.8535340384870473,0.5522539837729948,0.7135965976092826,0.4701820901743598,0.9279731993299836
0.0,0.5114171801377311,0.6549793403615793,0.4844279819779442,0.35252002405657623,0.5072155519564227,0.4369287020109691,0.8648482674933307,0.5502184326928682,0.7079062231738403,0.4682751717892146,0.9392084147081842
0.0,0.5483870967741934,0.6580684326156754,0.499723443750474,0.4072174710298891,0.4559420255506814,0.34868421052631665,0.8537305513660102,0.5479846114305321,0.7040377258259768,0.4674733232147321,0.9054296226401294
1.0,0.4940195723088074,0.6575345861596098,0.491127571347995,0.3935622085714674,0.4692939123954549,0.24671052631578955,0.829195918427504,0.5454538705481912,0.6998913650455216,0.4681793652596238,0.8704731810435
0.0,0.5183037332366799,0.6607967131402948,0.4920470943317759,0.3759774912974357,0.4393976216958925,0.2894736842105272,0.8461058516622533,0.5431577586916084,0.7036678215055743,0.4672552146124303,0.8743352863297567
0.0,0.5331641899238853,0.6617156895101326,0.4850623867256925,0.3475379750891843,0.4775480817578876,0.3075657894736851,0.8499820681997946,0.5399730993196817,0.7034273981805028,0.4682252637257798,0.8661795147498776
0.0,0.5541862993838345,0.6635649310779921,0.4870667737416806,0.3239369463332,0.4564379661959617,0.3503289473684204,0.878741728036001,0.5378197613190446,0.7041126970032261,0.4694944686934488,0.8792141200909934
1.0,0.5306270387821674,0.6654442086504786,0.4896572115927461,0.3472080270893785,0.4776018931629496,0.3157894736842109,0.8559167571444712,0.5351347188845751,0.6952602496360959,0.4690308891542137,0.8614030852954729
1.0,0.5168539325842694,0.6689486593205191,0.4988364117173928,0.3804789794608865,1.0,0.2976973684210531,0.8746788242634451,0.5341358199551872,0.6972530988235062,0.4724702473691523,0.8593939128786222
1.0,0.473359913011961,0.6718655191826426,0.4992953993424009,0.3630446355701082,0.5076691349453234,0.121710526315791,0.8384369365607298,0.5328235925220978,0.6996493974038079,0.4690643731974338,0.8392558721670305
1.0,0.4878579195360636,0.6783509772320815,0.5150139839914909,0.3860825480454224,0.4210135730652397,0.0,0.8261204918717359,0.5322847279831157,0.7089182699056487,0.4709716022217855,0.8265337325150584
1.0,0.5222906850308081,0.6843876124820896,0.527898950875475,0.4171972261185799,0.4478124496033961,0.11976047904191525,0.8286505951883818,0.5294882859429048,0.7026743998801088,0.4714963047122947,0.8243007801110787
0.0,0.5853570134106557,0.6915656031833328,0.555021952525652,0.4467232011386911,0.4596145057987162,0.19212962962962954,0.9006971294381205,0.5268631048057729,0.6965833229282008,0.4807789072649502,0.8744284281864018
0.0,0.501993475897064,0.6956424824039362,0.5707662316703147,0.4163118053769426,0.5074730377078455,0.30152671755725186,0.9056836437418018,0.5244004774871046,0.6894930344252231,0.481037549313603,0.8941223662542754
0.0,0.5353388909025008,0.7024143525610111,0.5935266691035871,0.3991458878139688,0.5163594473856965,0.3913043478260873,0.8872703869829867,0.5239873459022558,0.6980410608150759,0.4817204265110345,0.8774015116328168
0.0,0.5226531351939109,0.7030811115037614,0.5944872962291551,0.3812204274039839,0.5451793945089825,0.312709030100335,0.944106824401004,0.5239506836661955,0.7100607016030093,0.49089627163621397,0.9813086742952049
0.0,0.5472997462848856,0.705199570376795,0.5993573352414727,0.4135755289206772,0.6164853939122733,0.2909698996655508,0.922367587165744,0.5230443117827225,0.7185286825870841,0.4898404237816622,0.972265619502034
0.0,0.5389633925335263,0.7085588365376303,0.6115905698306744,0.4019646065217546,0.6207785483125228,0.19732441471571768,0.9441903423745632,0.5215671779390866,0.7267844694158893,0.4899301697112429,0.9992821855339272
0.0,0.5251902863356287,0.7147429010586159,0.629737786546474,0.390353403375865,0.4676569630484896,0.2073578595317716,0.931903374617414,0.5193985034786349,0.7342106640550623,0.4923421245016845,0.9898674040984188
0.0,0.5404131931859368,0.7226053072432164,0.6519456473560296,0.3603343670002049,0.2933416488027274,0.22909698996655575,0.9333330058118684,0.5173031449794004,0.7397460148165832,0.4924527466852587,0.9945259873785716
0.0,0.5625226531351938,0.7293394910853923,0.6683787267923249,0.3800487944635038,0.6052149899748089,0.39799331103678826,0.92000943261819,0.5153390999759823,0.7483995099178096,0.4910092137639255,0.9927246904007944
1.0,0.4730823589875368,0.8178046497743034,0.4820714160967674,0.4628882641606041,0.4559742480063835,0.3678160919540224,0.5311792246584358,0.9876416516802424,0.3621795260509752,0.5148829710661211,0.8304071745702466
1.0,0.41552100732365416,0.8187898580674284,0.4874436922717811,0.4627768666255248,1.0,0.3143428285857069,0.5503146662474392,0.9869499786981384,0.3734012125176319,0.512543642142056,0.8441504231124378
1.0,0.4024155210073239,0.8199706273057623,0.5057439716816935,0.4395859022041537,0.4704363195300762,0.0754622688655668,0.5056325503932712,0.9871529967170954,0.3794693767671601,0.5132126448304439,0.7967542406112043
1.0,0.4789926763458824,0.8248338700972486,0.5055858533412694,0.4757657225736355,0.473571803930594,0.05104281009879291,0.4443696603766172,0.98907596165884,0.3873330370821911,0.5125066462338401,0.7553474075666925
1.0,0.466015675189516,0.8301687704417977,0.5010274773927522,0.4668473941822949,1.0,0.1387614678899092,0.4523529960844807,0.9914210967093784,0.3924143193425438,0.5129254659326258,0.8019024248327156
1.0,0.4547089811126817,0.8349816658925575,0.4840393125658423,0.4541481359334754,0.4872152528661157,0.08256880733944942,0.4652982819861557,0.9922003182759694,0.4032666755754648,0.5137651400301384,0.8346952199046259
0.0,0.5423358602081464,0.8398167711301809,0.4733662264634068,0.4853959981678206,0.43143995791456907,0.15813350615683894,0.4500587082225904,0.9924233138150031,0.4118320321707691,0.5127758354825722,0.8094539382976842
0.0,0.5828086855968136,0.8422098450789035,0.4636120858821817,0.4724569962396825,0.4791837560397893,0.32370321733420954,0.4829353128730672,0.9919582176922468,0.4167895854843183,0.5149566290052425,0.8754822469863516
0.0,0.5753565463189001,0.8432509431268724,0.44348535099925857,0.4657109612943226,0.5389114449731475,0.16643159379407707,0.4838097951844516,0.9911112013477468,0.4144578965020765,0.5150564339747568,0.8669061563175934
0.0,0.6800719516895799,0.8472874094898041,0.4459868500243261,0.5241845861370388,0.6408232084075166,0.5773889636608339,0.452490555099755,0.988750172991494,0.404933441998414,0.5130030892648807,0.819282289993296
0.0,0.6649107028138252,0.84784510802504,0.42303498288963015,0.50237282755662,0.5991562736656965,0.8071776155717769,0.5130951269718839,0.9856792075852584,0.3896700366259367,0.5136055825052577,0.8716622183993827
0.0,0.6482076320185016,0.8473041757592503,0.4161141484357597,0.4824903099104408,0.5383025906832786,0.9170068027210868,0.5378704881871192,0.9824611923581102,0.3763916882470584,0.5154508427490749,0.8637185827946923
0.0,0.6191699858666323,0.8458222501922383,0.4039309792759736,0.5086260849456522,0.5299560536636604,0.7809523809523795,0.5695483642759236,0.97969458939292,0.3588682834100462,0.5139864191718035,0.901887245911178
0.0,0.588076577155339,0.8443014138273024,0.4070949622112359,0.5266459282192841,0.5213538115747829,0.7768707482993199,0.5868316719807025,0.977193783229672,0.3452527061900388,0.5115209181071798,0.9127654730131424
0.0,0.5959141719131442,0.8424491871718276,0.3953171061543685,0.5337629127711088,0.548194694980774,0.6503401360544213,0.6078929397835411,0.9746587407276592,0.32993605369337065,0.50934756105238,0.9151435040540368
0.0,0.6226390851856611,0.839873234925496,0.3713544053141325,0.5081145317317101,0.5482031432362139,0.7163265306122442,0.5998359117460662,0.9725064470425164,0.3221658506259182,0.5088450487599274,0.9034177871662216
0.0,0.6632403957342927,0.8402010275347933,0.3553614940544117,0.4899159801441255,0.5432084930680527,0.7353741496598633,0.6087084682312371,0.9708578865232956,0.3144224056694737,0.5094554826554583,0.9169712991891928
0.0,0.5640498522420664,0.8391820868581925,0.3354866202568265,0.405615678666355,0.5449357524534509,0.8047619047619047,0.6253629347233342,0.9702160610409002,0.31476821409745226,0.5069432320140335,0.9282100256776756
0.0,0.5738147243993318,0.8399197232886138,0.33098486776460656,0.412449476885921,0.5516360163853272,0.646059782608695,0.5969127826714942,0.9693507330539624,0.3168613912744665,0.5084008223467535,0.9249212593445236
0.0,0.5752280611589362,0.8397636074588921,0.3274694237865647,0.4133403474827245,0.5411116709336886,0.8220108695652171,0.5687082717183576,0.9690483998167128,0.32602733340460466,0.5066086913008683,0.8860189483537194
1.0,0.5292303738918158,0.8370639592821625,0.3078489894209385,0.4317904134386088,0.5462584706565266,0.7357336956521751,0.5657409272460192,0.9690940883700292,0.336038378724192,0.5063489951588641,0.8890673817625254
0.0,0.6374148785815239,0.8342859178839409,0.2968114489866639,0.4548332136097048,0.5330475650109185,0.9673913043478268,0.5337977587706151,0.9700380548412048,0.35215867733349804,0.5075721826914087,0.8864047459428004
1.0,0.5973275086727483,0.8263222355708135,0.2553754042201706,0.4293473217518872,0.4742423677230707,0.7119565217391297,0.5113314238831926,0.970740792172978,0.36445026697735294,0.5095618681094003,0.8842607232756113
1.0,0.5720159321598356,0.8249756404357356,0.2566211698395288,0.4115650882183203,0.4932866518902517,0.38926630434782544,0.45327660661560604,0.970060217039902,0.3749874147659956,0.5057007176331587,0.8076957132195756
1.0,0.5204933830142617,0.8283381142309314,0.2693572878691916,0.3772648021189247,0.4658950191284666,0.6120923913043472,0.4128833843448017,0.9684221422996876,0.3777485466042,0.5029376121693906,0.7492884880529241
1.0,0.4715405370679688,0.8313870284190596,0.28497192082733097,0.3973752572843317,0.5174695506361067,0.5582706766917288,0.4532864322595544,0.9668619232443736,0.3846287879200714,0.5021764514155406,0.7851929620400468
1.0,0.403314917127072,0.8332535517133366,0.2974054928279506,0.39668508087960136,0.5206877618434437,0.2338376891334248,0.4524266884140921,0.9645147687752814,0.3873269826594175,0.5021516106144432,0.7754721277053265
1.0,0.3613002698188363,0.8365918529110858,0.3121434584830859,0.4219186456181177,0.4573615752172474,0.2099547511312224,0.4271305680696046,0.9628605460350124,0.3882732201694742,0.5004669965841297,0.717760603109149
1.0,0.36335603237826064,0.8416287948696621,0.3413979790026094,0.4227495133199773,0.4506645179923894,0.16742081447963886,0.4209600636701728,0.9613112008853664,0.39119284977665736,0.5037060294739792,0.7146362750926548
1.0,0.280868559681357,0.846996875094693,0.3687965411044902,0.4178818576716746,0.4927409586938356,0.04745319982585997,0.43874447921630655,0.9619311675875594,0.3966739674851598,0.5013285643609326,0.7234969705402429
1.0,0.3236541179493768,0.8570276466353149,0.42063716077547,0.4401104327669795,0.5301584291383934,0.11582520152736488,0.3797070975539063,0.9633993786810128,0.4084151771167557,0.5006057226116603,0.6911848413170246
1.0,0.2923037389181553,0.862378404113106,0.43000510652080143,0.42672814405539583,0.4958276133431248,0.14446337308347565,0.4319107438503751,0.9653300910017903,0.4080867863527631,0.504275380062184,0.7922068887005578
1.0,0.3251959398689451,0.8670745734323058,0.43624812076480507,0.403930079948536,0.5744507982860577,0.15332197614991486,0.4375899660523999,0.9643234699445472,0.402815381627606,0.5009851539342995,0.7940916047914793
0.0,0.35603237826031103,0.8690418392892318,0.4273652827918202,0.3716866366006699,0.5018002786003035,0.2337308347529808,0.443603260148662,0.962730388383318,0.3869161991400325,0.5015301084831307,0.7675980621576837
1.0,0.3751766670949504,0.8711663778127212,0.4410757874398943,0.38463104808006826,0.4978429211990962,0.14957410562180534,0.4484030872173288,0.9613664079880012,0.3770619899170157,0.5018177252033916,0.7894746828237855
1.0,0.32982140562765017,0.8754830058542447,0.457562931916501,0.405985920071818,0.4980546045381138,0.1117546848381602,0.4120531174311836,0.9613035843758531,0.3720499153218565,0.499273827058871,0.7411740895809354
1.0,0.27971219324168073,0.8834772013282721,0.4925919776114922,0.4135844088895633,0.5365261378603321,0.013628620102214849,0.3589504247134596,0.9615754470569025,0.37630658053835264,0.4990887999761262,0.6836017050988525
0.0,0.3657972504175767,0.8937258796390937,0.5489451244694834,0.4598973974475856,0.4894006566233367,0.3107094133697131,0.35075583766071045,0.9618387430049076,0.3885249483840766,0.4984410563459755,0.6917224281214819
0.0,0.32532442502890946,0.8981459580847015,0.5974807728311948,0.4671273913653662,0.5377969778253306,0.20566166439290595,0.4310510000049128,0.960952912408882,0.3875160275762154,0.5006741365747782,0.78372566629141
0.0,0.3448541693434408,0.9034482845635844,0.6536663163121761,0.4795075117596162,0.509924115215137,0.29024556616643904,0.3879360743604733,0.959195334772932,0.3904611944737912,0.4976068870458527,0.703271057591358
0.0,0.4213028395220354,0.9080115199720522,0.6843274532423417,0.4942615121362852,0.4512021159413219,0.3690313778990449,0.4166171290450947,0.9584117257232364,0.3915656023990453,0.4997635782440013,0.7464930366697448
0.0,0.3376590003854558,0.9093213629917628,0.6961001374294621,0.4581886464956702,0.493087920189685,0.19815825375170545,0.4432593626104773,0.9562938009423021,0.3875846382453305,0.5017454542195628,0.7880516589296331
0.0,0.3746627264550944,0.9152098446147674,0.7237116590194953,0.5019816255817531,1.0,0.17633015006821245,0.4178698986484827,0.9547959752442524,0.3774541518007805,0.5000831073054021,0.6948467561379766
1.0,0.3832712321726842,0.9217524318471696,0.7754748932343121,0.5084891136295924,0.4543511676465456,0.08151432469304185,0.3830527293182477,0.9532170298998658,0.36851322341166304,0.5010190817910601,0.6829882236867073
0.0,0.4687138635487603,0.932542853265378,0.8424405696184076,0.5692869649298914,0.5405263033338105,0.046138902379796835,0.3597708659831293,0.9529907812369104,0.3683145086830443,0.4992774808311167,0.6438772025247608
0.0,0.5061030450982913,0.9392045696220728,0.8980186659710803,0.6001640678187538,0.4949768906236274,0.104049493813273,0.4663791028204515,0.9509140321037376,0.3464858100533881,0.5037960633249753,0.7612545378650849
0.0,0.5536425542849801,0.9428083444440368,0.9366962202241657,0.5942290597523089,0.6186565139187595,0.09699624530663227,0.5441982028897221,0.9470343526872936,0.3177468128792437,0.5061223663419754,0.8290853434863454
0.0,0.6154439162276757,0.9452017503026632,0.9361229728211258,0.6036461403293153,0.6419460788688705,0.2714733542319741,0.6046799542124988,0.9444074546103428,0.3001618919029612,0.5071631458824287,0.8599997470179741
0.0,0.6013105486316331,0.9450882421801396,0.9104712882912412,0.6194273615402718,0.6083689808441736,0.2396891811117749,0.6414671651543363,0.9418736226241744,0.2984834553561692,0.5096290182918909,0.9396258395840976
0.0,0.6952332005653348,0.9460961373649543,0.8789894631608346,0.6619504102601548,0.48230632751647895,0.5240384615384617,0.6668517162943568,0.9400609093420206,0.2980259127217736,0.5078923994323954,0.9493466739188179
0.0,0.7312090453552618,0.94437903839976,0.8652933664020046,0.6471602875985267,0.5929811728050044,0.61010299166258,0.6847638652118164,0.9364350814792431,0.28877520694555936,0.5055599611372485,0.9612368291232908
0.0,0.7667994346652962,0.944149755494379,0.8895456270418599,0.6955771371160219,0.5033481578299086,0.9553596502337466,0.697645284427828,0.9351317517826676,0.2930966837163511,0.5066448251719465,0.9546592964569866
0.0,0.6889374277270979,0.9408811214513187,0.90109851861177,0.6538314073268904,0.551360112734087,0.8287125496263922,0.6878294661236356,0.9337452681902416,0.2965901801847713,0.5053140389756553,0.9959522875899663
0.0,0.7071823204419891,0.938434932996906,0.9090429116417444,0.6669547547892389,0.5400351190615573,0.8265099913549588,0.6603225758908171,0.9350167108339285,0.3139360947397508,0.5036208800367877,0.9997795650082829
0.0,0.6769883078504435,0.9335911449087552,0.8932510458204951,0.6462855761340057,0.5365090932548208,0.6084567224831651,0.5869102771322876,0.9354718102280264,0.32500500200086635,0.5013951488867169,0.9912634591795008
0.0,0.7344211743543623,0.9322560248749984,0.8969977668301498,0.6595060858514463,0.5191752278302831,0.7417114979048168,0.536509636500302,0.9373300988130708,0.34705579239372264,0.5013918885059963,0.9434510017718409
0.0,0.7348066298342544,0.9294543821346116,0.9027871411166736,0.6587717508546654,0.0,0.8245421998307902,0.5326530712506568,0.9370246681956051,0.3565692909434077,0.5009365210650623,0.9655308709281716
0.0,0.7540794038288581,0.9237395637050324,0.8861662254969425,0.6863271722811509,0.4441082327620933,0.9220532773759964,0.5155220610270743,0.9366922236420588,0.3654942787406419,0.499796427246016,0.9324246967425374
0.0,0.8536554028009764,0.914409952491054,0.8453436774509298,0.7021697419742864,0.5031189652210477,0.9321207485838564,0.4989609381524839,0.9359763605487288,0.3734863103689071,0.498415714317061,0.9340261687338146
0.0,0.9155852499036364,0.9025913537395704,0.8082612121869799,0.7000992476344172,0.532946801839274,0.9830039525691696,0.5186760927344278,0.9357428391031648,0.3866110019252715,0.4998391081544306,0.9707509881422924
0.0,0.9000385455479892,0.8925239900247091,0.7918238707958576,0.6954882420682835,0.0,0.9119682126464336,0.5149767377879527,0.9340188706907578,0.39553106561189255,0.4995213256266453,0.9729726046067869
1.0,0.8799948605936014,0.8843622618585338,0.7641479494484976,0.6553179033636133,0.529129917892213,0.9923537234042548,0.5024490417540739,0.9321529911506172,0.3872077037111601,0.4987492390006775,0.9350415701240284
1.0,0.8769112167544649,0.874896049005609,0.7176163743723324,0.6566098440194068,0.4161827620199463,0.990594431903687,0.4930508133176781,0.9298013559256284,0.3739888721154549,0.5017541759005794,0.9271091726863842
1.0,0.8514711550815881,0.8641900600982333,0.6508056005170144,0.6454871348941407,0.3856731776398003,0.9331158238172914,0.4816628919817834,0.9279504971339428,0.3645651399549629,0.5010143511587705,0.896558538912362
1.0,0.9241937556212256,0.856379661105497,0.6143120650060478,0.6397042832591571,0.0,0.9649859943977592,0.4685309188450938,0.9261869453189668,0.36740090468244346,0.5000941059445545,0.8739948207714321
1.0,0.936528330977772,0.8472057274926308,0.5605835072645771,0.5983460258035211,0.3802086238388067,0.9933708982432876,0.4772413522051203,0.9260399855803804,0.3757866225939719,0.5007457102499254,0.8898528008722911
1.0,0.9168701015032764,0.8371912442154807,0.5024536728623328,0.5899576644047597,0.3469428280221976,0.9908646003262642,0.4554087713523525,0.9254973054089398,0.3817339675961916,0.4989215272272374,0.8972127572577342
1.0,0.9342155980984196,0.8325771185114539,0.4868024500784134,0.6014401290626729,0.4440368088180576,0.9337979094076656,0.4562390382659701,0.924363090670345,0.3862672060490453,0.4990391361698044,0.8832288401253916
1.0,0.7630733650263395,0.830506813596136,0.4944937034644128,0.4230229438366836,0.5010783388231413,0.954585930543188,0.4767107674319208,0.9215762221590416,0.3818780150436272,0.4968995783637091,0.8957339512062151
1.0,0.6469227804188619,0.8299661160517153,0.5191197687345476,0.404501280573204,0.4753272944375183,0.8506975363609379,0.4399088180241612,0.91755547719035,0.3691193338551194,0.494294936807014,0.8237767479896415
1.0,0.6338172941025313,0.8282834242607421,0.5146841236118195,0.3979537501857117,0.5713022420988666,0.7960819234194121,0.4668949491277285,0.9146545019112768,0.3599232351567643,0.4965109093646173,0.8063172958975059
1.0,0.6217396890659129,0.8245512108187751,0.4997594857055316,0.3900646928318533,0.0,0.8311071534579995,0.4341264265606808,0.9119164689769054,0.3511248794963626,0.4977064140426675,0.7724955703966201
1.0,0.7118077862006938,0.8199970090476403,0.4784130358402499,0.3876498011968698,0.4428299626570076,0.9427129712080736,0.4052095564213037,0.9114361780229088,0.35274846280466376,0.4955580909391003,0.7157012402889464
1.0,0.6954901708852625,0.8124482517749196,0.4786672434052668,0.380108776553141,0.6243866253606267,0.8993766696349059,0.4318026617669458,0.9107393515047414,0.3553603632656702,0.4976111889231361,0.7698855117895598
1.0,0.6176281639470643,0.8061579981264018,0.4731239062562896,0.3870771088370613,0.6122172770846156,0.8515880083110716,0.4356051859748761,0.9102988049869072,0.3592588724181224,0.4942056180849842,0.7705601744582253
1.0,0.5977129641526404,0.8001857513044044,0.4812397788521787,0.3768905891121128,0.0,0.7907390917186106,0.4463151378783485,0.908903113079778,0.3612660757289139,0.495055708665746,0.7862545999727406
1.0,0.6374148785815239,0.7944644208759795,0.4664683571434352,0.34544257922886457,0.6993722544893509,0.8201246660730186,0.42813278375231534,0.9074406262830316,0.35586270321800817,0.493732891900545,0.7458566171459724
1.0,0.6112039059488628,0.7878720684319409,0.451664444087062,0.3305592158761425,0.3775099910123547,0.9829030006978364,0.41698067787117626,0.9057930563054508,0.3534458735130903,0.4928933601922876,0.7262709554313753
1.0,0.4908133110625724,0.7808269006927602,0.43113710283035056,0.3166617191753389,0.3282668914233392,0.7662677636499626,0.3672678323155599,0.9055891792337708,0.3606139574011201,0.4889760012919554,0.6456930625596289
1.0,0.4504689708338687,0.7764608937693054,0.3991825158288118,0.2908774070561597,0.31292856358158505,0.5996033892193979,0.34912969358729345,0.9063606378840322,0.37549479970289423,0.4874189107602656,0.652139839171323
1.0,0.4904278555826804,0.7745100148828499,0.3769975486923007,0.3151107315940186,0.32615226949272297,0.5119884622318369,0.3698224997420768,0.9066304708019668,0.3883580718522817,0.4890780969859064,0.6974717186861114
1.0,0.5193370165745858,0.7764708103737146,0.3808487286381246,0.3310452370077698,0.3087510284086588,0.6223183702902471,0.3828709549052072,0.9064287662884244,0.3960462277605389,0.4901725350199325,0.6871064467766117
1.0,0.3898239753308493,0.7782051369334493,0.3926790629305482,0.3071194514684181,0.2917767004755831,0.5040562466197944,0.3947894610143015,0.9053514404157508,0.3998284357510196,0.4910812658404163,0.7261823633637726
1.0,0.366953616857253,0.7832242182117684,0.4191554310305671,0.3359768299981778,0.2561765436034089,0.429012345679012,0.4044235049054528,0.9060787799640077,0.4133184878613197,0.4918691358917499,0.7250715551315251
1.0,0.2910188873185152,0.7874436338650881,0.43711533650574186,0.3165171998154449,0.21225047294359886,0.2568587105624146,0.3364202231403741,0.9049158173175316,0.4130649161615235,0.4900435248345068,0.6704988414883466
1.0,0.28600796607991763,0.7974705474870292,0.4819026795756096,0.3578548464907065,1.0,0.2453145917001333,0.3372357515880697,0.9034348682909399,0.40675962231656415,0.4901602220311472,0.6293716777974646
1.0,0.22459205961711448,0.8087570241436588,0.5335151049486466,0.3734348911641108,0.2353558824539557,0.2077354959451028,0.3398493728782748,0.9005173007551112,0.3877162440934221,0.4904190912082492,0.5978601608286764
1.0,0.1611203905948866,0.8209129981779992,0.5870363195707275,0.3572971852025744,0.20057248439536693,0.09437932070934817,0.34695331345278024,0.8983390407237725,0.3726386234005065,0.4910216439569127,0.5922516014719909
1.0,0.3700372606963897,0.8358659159574244,0.6498736781198091,0.4412211984465227,0.4913508000872706,0.016315789473684332,0.2880338395177576,0.8957194725996119,0.3595310076933221,0.485997611681476,0.4893757666621237
0.0,0.43479378131825774,0.841027817612064,0.6912681625187735,0.4864986126866672,0.5048955210882871,0.2718715393133996,0.35776643461770874,0.8937169562977799,0.3508677961665204,0.4883419647744216,0.5352119394848028
0.0,0.4195040472825389,0.8439072776574579,0.7294196185804266,0.5232391322188152,0.5014173390863661,0.2262556079858828,0.39991353433325627,0.8926098722607155,0.34684411592682873,0.4882717955050132,0.5830039525691697
0.0,0.4290119491198768,0.8464072765892094,0.7690747125358529,0.5312057565219068,0.4861145550338816,0.3219284603421467,0.3748434037995766,0.8918551246853271,0.3439907260814954,0.4898046215588602,0.5665121984462314
0.0,0.4295258897597328,0.8481578869362894,0.7949901723149971,0.5288873753612885,0.44857261233187934,0.15344738206324568,0.40884995750408987,0.892050932982858,0.3437175060483174,0.4890434472504544,0.5830039525691697
0.0,0.4043427984067843,0.8482136330457646,0.7894348621537043,0.5660889226081314,0.5349168413010261,0.14359771902540236,0.4045905408525709,0.891926214419753,0.3427521084554899,0.4886106842799303,0.5960610603789012
0.0,0.5987408454323524,0.8505958182545523,0.8012023229123335,0.6816084041303168,0.5457384799306447,0.35426889106967624,0.4020800888238212,0.8909334954581068,0.3382157670740238,0.4883593711304875,0.6032233883058469
0.0,0.5768983682384685,0.8473832086913371,0.7888008996681237,0.7145081673414228,0.5310002960623419,0.32973503434739937,0.4832251693695376,0.8895453175368554,0.3332464962924723,0.4916168436641348,0.6569578846940167
0.0,0.5799820120776051,0.847363256150808,0.8001341153448623,0.7165838394136756,0.4912135938732171,0.22669283611383734,0.4999484153692722,0.8883536832734008,0.33231799897769176,0.4929977140936515,0.6864794875289626
0.0,0.6537324938969551,0.8486841148066921,0.8146165340355863,0.7181528963361841,0.5179758798086391,0.353287536800786,0.4411075465858345,0.8893645003090763,0.3435061935299686,0.4917603536412383,0.6324860297124166
0.0,0.669022227932674,0.8487498102990421,0.8316097135453129,0.7294315345368899,0.5052850942415011,0.4564806054872286,0.4898820431444025,0.8914295082385079,0.3614352991774944,0.4957421028872048,0.7220253509608829
0.0,0.658614929975588,0.8489656876264721,0.8627753142905044,0.7667865721200491,0.6463450761744279,0.4224219489120157,0.5025915135913219,0.8942960785249082,0.3834847735356708,0.4966009290630462,0.7729317159602013
1.0,0.5774123088783245,0.8493813318848813,0.8797464484779399,0.7644622389493443,0.6314604705867356,0.1603595080416267,0.4467916816098335,0.8966973874118301,0.4068567695459243,0.4953938353540792,0.7651219844623138
1.0,0.5948862906334319,0.8537719599212339,0.8907877930143453,0.7293744018858384,0.5634581883969343,0.2161036557149464,0.4109329940210957,0.8965438401631062,0.4069541651642597,0.4962025600480349,0.7290786424969333
0.0,0.7026853398432483,0.8578051320162681,0.8882200723763325,0.775555273775935,0.5861095730633616,0.5307727903748268,0.40951318847058976,0.8940435126043457,0.39444065881291934,0.4962746411609034,0.6697969197219574
0.0,0.7026853398432483,0.8568209812584848,0.8841565192569978,0.7753127228458487,0.6080181109690528,0.5451180009254979,0.5181012925634612,0.8919397844212121,0.3807171752540132,0.5015629693907931,0.8031688701103988
0.0,0.7172041629191827,0.8552104963562013,0.8864106149081601,0.7507438782289019,0.6174106397567627,0.5925250683682772,0.5048661501653164,0.8896648144313529,0.37497712822563145,0.5003373698253408,0.8038639771023577
0.0,0.754207888988822,0.8529496133957255,0.902597792369524,0.7354358467371266,0.6362753627417249,0.6201482773658967,0.5479515988779113,0.8880566927503578,0.3748029323347437,0.5002594016372464,0.8229112716369085
0.0,0.7968649620968778,0.8502407226997641,0.9146958250504784,0.7882146861240876,0.0,0.8103092783505157,0.5546772521604135,0.8836237221187632,0.3567433626637009,0.5007744815840817,0.8379378492571894
0.0,0.8134395477322368,0.8441573052999161,0.9073675277393518,0.8106090275223279,0.6521595651886642,0.8758762886597942,0.6672545676962303,0.8797216716046318,0.34474248278668784,0.5064833377915228,0.9201921766389528
0.0,0.807529230373892,0.8361990745538549,0.8896475502622718,0.8096016456343625,0.6888375373461002,0.7546391752577324,0.7110622012390136,0.8773377306278106,0.3425806748666941,0.5064066789933458,0.9612034891645084
0.0,0.8054734678144677,0.827556690094424,0.8680117326677557,0.8053142894708334,0.7848449867859889,0.7865256560908741,0.6431227861595981,0.877247404222797,0.3549358913434193,0.5039626807944729,0.9405002044432328
0.0,0.8808942567133499,0.818100559274928,0.8660964268375368,0.811731278982553,0.7228193201906292,0.8244037331489806,0.6293423205223312,0.8766975589510021,0.3623514243119814,0.5064800147900976,0.9341420198991413
0.0,0.924450725941154,0.8063887904822276,0.8509275163588472,0.8189010293285998,0.7227507215573403,0.8814144373115053,0.6802637202835677,0.873022022205694,0.3492957760794213,0.506964638676507,0.96579721219647
0.0,0.8968264165488886,0.7944270258089254,0.8288351593230201,0.8106637325855085,0.0,0.792396792396793,0.6935086883256611,0.8711559048070182,0.3464067801342846,0.5082500835766249,0.9491768269801526
0.0,0.915456764743672,0.7851258458973434,0.8037803035817637,0.8435970009647494,0.7496927955325723,0.8514935988620198,0.6355865172513743,0.8690790634239348,0.34214538878439915,0.5027965071434312,0.9503162376251136
1.0,0.7549787999486061,0.7733423785778113,0.7638191428748046,0.7639146820464303,0.0,0.8826226501604779,0.6726046308259926,0.8691438451284822,0.3472105395906557,0.5021298460171558,0.952861148826134
1.0,0.7882564563792884,0.7682575401351981,0.7559363277104467,0.7726794541542996,0.5640930171198603,0.9789372905696506,0.6611577556264089,0.8695624672711685,0.3601487758770009,0.5008393620194007,0.9746873443544588
1.0,0.7832455351406913,0.7615579728286177,0.7488453761935852,0.7713130037105416,0.4582520382725893,0.9885583524027464,0.5877700209777498,0.8683161195520642,0.3617194359805965,0.4981327674460186,0.993018928636383
1.0,0.7202878067583194,0.7561295154843719,0.7419822586397227,0.7291101039166918,0.0,0.868729989327641,0.6339014193142679,0.86873503670035,0.3761015385639472,0.5021791785519819,0.9606444107589802
1.0,0.7349351149942183,0.7522199524252706,0.7331329190550053,0.7090121125952166,0.42344977088706576,0.8954108858057627,0.5665908454475332,0.8688481991934284,0.3842011051872184,0.5000526123234235,0.9596855501110444
1.0,0.7858152383399719,0.7465569080113637,0.7073194573853818,0.7073773224620229,0.4443976779082384,0.9153686396677052,0.511483721364389,0.8720083331584382,0.4085524655340299,0.4954587276919483,0.9649874854584553
1.0,0.8099704484132084,0.7421152693184878,0.6950421183494961,0.6970457595784261,0.4254190619720654,0.9568089430894312,0.5059224068897418,0.8721761381976602,0.4160770562973791,0.49878581052762105,0.9995068307619832
1.0,0.7321084414750098,0.7392032462636169,0.6967683765762996,0.5885728779465952,0.4229904690513534,0.973955773955774,0.4845074159047696,0.8716952449691046,0.4211351961042942,0.4973419330315912,0.9859175256165831
1.0,0.6578440190158038,0.7381830268968509,0.7100487206076179,0.5476347340106978,0.0,0.9156202913108988,0.4503240006091901,0.8712841350371344,0.4297158391478765,0.4945526599488297,1.0
1.0,0.6207118077862006,0.7359328520183108,0.7125574357333571,0.5063573924020871,0.4757302394495798,0.9311903566047209,0.42957224059071797,0.8710784246795863,0.4414582073458878,0.4930978391639168,0.9817780360255668
1.0,0.636258512141848,0.7319463179515238,0.7000748031123343,0.5189289061654099,0.4283732086279556,0.9191361125062792,0.4334877597040516,0.8693101916751459,0.4441854519571122,0.4896812689329903,0.9950352777190468
1.0,0.6002826673519212,0.7255655092451632,0.6748347851218717,0.5393176190839771,0.4431654126937083,0.8360042735042739,0.4180614987054712,0.8687743030438005,0.4516535946819288,0.4885814023727938,0.9765462455078492
1.0,0.6421688295001928,0.7211214932041816,0.6484602993774033,0.5263145302377875,0.0,0.8782051282051281,0.4020948272897432,0.8677820368724097,0.4561024907740915,0.4872754021718458,0.9972653048357604
1.0,0.6520621868174229,0.7165169031991148,0.6268117923564599,0.4839914674899778,0.5039515279285923,0.8942307692307697,0.41005851170971136,0.8649820180052606,0.4479710412668296,0.4879023393225425,0.984671521341656
1.0,0.5767698830785045,0.7115385858588912,0.6052521102133349,0.4664794774586709,0.5508923677235931,0.7633832976445389,0.4357820475659424,0.86068824290037,0.4324404446244202,0.4899425499386785,0.95663892566673
1.0,0.6013105486316331,0.7071555946932977,0.6015948696839358,0.43677833296861773,0.47829126141578204,0.9551856594110104,0.4559098791937079,0.8563138393484516,0.4140051797224517,0.4877535988827285,0.9747178614210958
1.0,0.580624437877425,0.6988111298571129,0.5708459740617845,0.4197762066750419,0.4336149887828167,0.6271637816244994,0.4371379864307858,0.8525823449404429,0.4018668290520983,0.486498133704486,0.9896087706415752
1.0,0.6201978671463446,0.6940818654555374,0.5907608896373704,0.4537868369054837,0.4378992627133728,0.4933422103861512,0.4542100427906791,0.8484110546893927,0.386643844622394,0.4878674826806054,0.9759985655492746
1.0,0.6162148271874602,0.6920642290529502,0.6321257500648036,0.450877323242979,0.4690433056440597,0.4174434087882827,0.42955258930282136,0.8437887470625999,0.3711734134496004,0.4861697371865194,0.8890862207346433
1.0,0.6028523705512014,0.6930159867913275,0.6930983459256246,0.4379954859305931,0.4839983203273642,0.4387483355525965,0.4285700249080073,0.8416193478706254,0.3677803058656063,0.486250583758633,0.83327925681791
1.0,0.6091481433894388,0.6943441850673706,0.7145092896829831,0.4434226083827337,0.5128470431444699,0.559254327563249,0.3975455541417546,0.8411592677477139,0.3746906492889596,0.4873841006814388,0.8290271350262131
1.0,0.5849929333162021,0.6929916802594334,0.7122429753731797,0.4738910372182145,0.5285190313358828,0.4667110519307581,0.4135220512014305,0.8427683105013591,0.389389588842974,0.4885821016650253,0.8788486825253162
1.0,0.5950147757933962,0.6916099389724499,0.7181136131876127,0.4826822214348168,0.4774883714013556,0.3368841544607189,0.3796874462660096,0.8418683794876629,0.3876805970190113,0.4896142833313773,0.8537116412507045
1.0,0.6411409482204808,0.6921906480035471,0.7302550241430186,0.4723591115165321,0.5104911259419348,0.4527296937416782,0.4222079204515866,0.8388694683904846,0.3763443078850925,0.4892545975217111,0.8769873119418026
1.0,0.6005396376718489,0.692156490855401,0.7290890909194402,0.4859234410910951,0.4877949444901292,0.4101198402130488,0.5268903310750728,0.8351814939617758,0.3605171944584712,0.493728634292148,0.9858262606943424
1.0,0.5542849800848003,0.6935943544417535,0.7368926983804717,0.4464981694834321,0.5412416826495837,0.1524633821571232,0.4580027413546614,0.8328045172576625,0.359429900910524,0.4922939745739936,0.9382820008237608
1.0,0.5374534241295131,0.6977965026032689,0.7639676552206559,0.4804596071417149,0.5602033910424613,0.07922769640479341,0.4540086170897427,0.8317296683705023,0.3659584792029905,0.4918832794208289,0.9585556725092677
1.0,0.589618399074907,0.7034274593511414,0.8017717712555611,0.531008883031229,0.54198971062287,0.4343983684568309,0.4568138384369364,0.8304642758352537,0.3736044803295616,0.4922128413409267,0.9264289963846049
0.0,0.6419118591802647,0.7055943481322484,0.8342803068712386,0.5921258238160323,0.0,0.7192386131883058,0.4576932335702954,0.8271795349152871,0.3683357951451155,0.4922689435326801,0.9321953228685188
0.0,0.6705640498522423,0.7043178110990336,0.8551742010317113,0.6303273663015542,0.5434876968641589,0.9367777022433714,0.4629597787264982,0.8229760817689175,0.35202045829376283,0.4929063601376166,0.872234680334996
0.0,0.6422973146601568,0.7008707210997089,0.8742059250930578,0.646190895052734,0.0,0.8382053025152942,0.5080545716264878,0.8186378740979242,0.3374704218898886,0.4929281193953516,0.8776165850533156
0.0,0.6244378774251572,0.6975273925990295,0.8827912419064801,0.6222473864953662,0.6126022578928503,0.8484024473147507,0.5061434838785747,0.8142979181921043,0.3176686869847967,0.49282963971108,0.8639970710722619
0.0,0.6049081331106259,0.6949807954845602,0.8995277395560626,0.6031485192912845,0.6462363408205317,0.7160228898426323,0.5324074301519532,0.8100005040494699,0.3006748325693719,0.4951208131984407,0.8460299299803211
0.0,0.5460619298471026,0.6935728626685429,0.9318627255143852,0.5858653768833644,0.5943167791294591,0.6824034334763948,0.5293762189939525,0.8092091718486106,0.2990054933802868,0.4952929053417315,0.7620337741979775
0.0,0.5808814081973532,0.6923705213926343,0.9667654433521484,0.6229586975856962,0.5580181323566029,0.9241773962804004,0.4490122771421129,0.8115082426393202,0.3175614059716733,0.488136835360738,0.7633060271841103
0.0,0.5893614287549788,0.6856861942990748,0.9851365738991132,0.6318480893444096,0.5660738557611558,0.9060559006211174,0.4340183444772512,0.8134435154382093,0.33348110954720755,0.4867376130839844,0.7996613427303098
0.0,0.5848644481562381,0.6793705355522635,0.9829879829557742,0.6277100285059722,0.5290357844718039,0.6040372670807457,0.5102407774049492,0.8151422768397353,0.3518603225130448,0.4891976398355828,0.8435586472015011
1.0,0.5068739560580755,0.6703646227197186,0.9652164143895802,0.5792917799489565,0.5101283245968762,0.20885093167701851,0.4357967860318642,0.8173869272394364,0.3745465492438905,0.4829128014551648,0.8496819367534663
1.0,0.7052550430425287,0.6643478297514684,0.9336097725034942,0.7676978415358527,0.5934492486223903,0.14440993788819767,0.3903384443057937,0.8223496950428019,0.4117809321282081,0.479232881549156,0.8641984348542402
1.0,0.8027752794552231,0.6581658673451793,0.9078133589422568,0.7839028697018349,0.5971132232734656,0.6392116438279422,0.3627971643191569,0.8236403688575223,0.4279266821214307,0.4808512265819585,0.8386160816438609
1.0,0.7775921881022743,0.6563621234452321,0.908109289159608,0.7583036128289656,0.5692503169216339,0.7128099173553717,0.3787147075151439,0.8240053826329853,0.43889280524874,0.4783485420616788,0.8436867877900327
1.0,0.7641012463060519,0.6547619351494918,0.9460240033809983,0.7456844954838114,0.4960352735718387,0.7296831955922866,0.3671106220123903,0.8243392184993831,0.4454508775342063,0.4773980763310982,0.8739645782801704
1.0,0.7698830785044325,0.651061591078625,0.9721452110957072,0.7498785288193482,0.4796860042069867,0.635674931129476,0.3606699124043841,0.8232504453674431,0.4429074326787089,0.4768814540264836,0.8879044437325522
1.0,0.7657715533855838,0.6495193296996755,0.9893193678700426,0.7490776048989403,0.5236107367507454,0.5849749582637725,0.3934924760131464,0.8217145670854676,0.4314417969872753,0.479408320606241,0.8627705825820327
1.0,0.7561351663882824,0.6511163435334677,1.0,0.738113438804579,0.5071226234717815,0.6691151919866444,0.34620656451272186,0.8208673169839732,0.4294653184751066,0.479574924217506,0.8079172577914058
1.0,0.7209302325581396,0.6509946395310933,0.9782886517966226,0.7526581631341321,0.5353770781628557,0.6601001669449079,0.3307360881163747,0.8214456684281203,0.4364926705737455,0.4783689235563176,0.8350006864674381
1.0,0.7459848387511242,0.6498192139149495,0.9801236778157923,0.7231848067514778,0.5336367149328785,0.6671118530884808,0.3376729927437621,0.8206673981109266,0.440472271164826,0.4789002839317435,0.8181227403780147
0.0,0.7743800591031736,0.6478019832272615,0.9631202498615516,0.6996097780636833,0.5562145288462317,0.7155258764607675,0.3524802381736092,0.8184452406776659,0.43407531377556696,0.4762980226996654,0.819651274541211
0.0,0.7578054734678146,0.6437459052879773,0.9622050178181992,0.6852750288416897,0.5694299929066983,0.7195325542570948,0.3528044844238977,0.8166811374360526,0.4305453720824126,0.4763358674767772,0.8075145302274493
0.0,0.8160092509315175,0.6391399837724803,0.9500089421701434,0.6725568600062652,0.6165407883192071,0.7519198664440733,0.3529911716589124,0.8138219163003707,0.4228014373964904,0.4763579473503994,0.8003386572696898
0.0,0.8460747783630989,0.6326769689710272,0.9442690139948406,0.6447645599500214,0.5637687459167541,0.7858974358974354,0.3974669489901692,0.8115764950597172,0.4150387557121191,0.4760283381592553,0.8050249416502673
0.0,0.8607220865989982,0.6261619291624911,0.9455353700607336,0.6568864693048659,0.6300969824929408,0.8352564102564106,0.3485450677723793,0.8088242380143714,0.4058793838018343,0.4760882746847229,0.7287721385748938
0.0,0.8481305409225236,0.6177760282480009,0.9504826213025076,0.695790968801928,0.0,0.8074612709453051,0.3625220462886087,0.8076939794709582,0.4018583556989249,0.4771626351700967,0.7266029014690405
0.0,0.9227804188616217,0.6076457618542892,0.9301708016559866,0.7108652789312128,0.37136977500345547,0.9374012013910848,0.3655434318026619,0.8067034942462276,0.4058917946505435,0.4774090740312862,0.7164614891766969
0.0,0.9889502762430936,0.5931532461835567,0.8971649125806803,0.6999297923137915,0.7165847409634292,0.9747225647348954,0.3916649062387926,0.8066808723206421,0.40992661361434135,0.4793585456799765,0.7869296599697955
0.0,0.9656944622896058,0.5747966815785481,0.8198955619846136,0.6926779068252515,0.6919086623718481,0.9320659770757616,0.3547155721718112,0.8062277262756766,0.4128726905830923,0.4802845967290337,0.7335133403505565
0.0,1.0,0.5592975728849752,0.7698012536090758,0.7097965531572845,0.0,0.8426047983126813,0.3564350598627357,0.8048805051282998,0.4073175059906176,0.4804437704361034,0.7123243787469681
0.0,0.9619683926506488,0.5428765845661312,0.7052435549277307,0.6602303265879237,0.7504850149568074,0.876972386587771,0.35020068877764066,0.8027264383881053,0.4065351617604696,0.48000482737615,0.6722529861333578
1.0,0.8118977258126685,0.5274648765739529,0.6676310812283439,0.6016574917220378,0.5390751844160371,0.915793883535818,0.3404634756250336,0.8002681271862474,0.4058004956536421,0.4792821696660241,0.6294448766646833
1.0,0.7047411024026727,0.522005746122832,0.6647556877742835,0.5744969674679793,0.5269886786744121,0.6547968160871384,0.3444772511778489,0.7970790583291737,0.4031164110327419,0.4796408146183354,0.592650221957805
1.0,0.7299241937556211,0.5226830339106388,0.6832564658426904,0.5991510956638801,0.5670436095611211,0.7922077922077919,0.32485544021341284,0.7951824417575138,0.4032293787751856,0.4781208881475724,0.4874467987735114
1.0,0.7540794038288576,0.5166503543199685,0.6689527382238729,0.5749912405004839,0.5049385776964697,0.8567239212400496,0.3330795041980064,0.7946009269404705,0.3964820985578917,0.478766355927384,0.5328909432062605
1.0,0.8432481048438907,0.5088956247456053,0.6340426520426924,0.6336504532790302,0.5007771756500151,0.7513187641296158,0.3568428240865837,0.7951394054038771,0.39084068180916864,0.4806947167721231,0.5779598187725964
1.0,0.8121546961325968,0.5051299883220604,0.6326332317250621,0.6565865295604246,0.5644335591934388,0.7235634138048286,0.31580602213717585,0.7953751226471767,0.3809663984573809,0.4773929424570876,0.4914100041188048
1.0,0.7455993832712321,0.5057271452706251,0.6495033697984017,0.5834823574256761,0.0,0.8347500850051,0.24562636023758394,0.7960552436733322,0.3842373172448119,0.4751895300488125,0.3841563315180083
1.0,0.7793909803417703,0.5076161211144539,0.6746455797681656,0.5621355466701692,0.4981722400944084,0.918735124107446,0.24321907747028956,0.7977717371418577,0.3956322133102009,0.4749925607570071,0.38701203606242257
1.0,0.6231530258255175,0.5029540473988097,0.641854967775421,0.4964929188908391,0.4832944406652831,0.913955169920463,0.28024701668885604,0.798935055330784,0.4029552629788888,0.4781037834808141,0.4755663356368128
1.0,0.6579725041757677,0.5014556176794032,0.6230298329808327,0.5151247750732523,0.0,0.8864786695589294,0.2404678971648103,0.7999421942582979,0.4110124787838095,0.4747046865030202,0.3994508260491511
1.0,0.6263651548246176,0.496399910395525,0.6006779045910159,0.4952441394454714,0.4772962952492407,0.9374548083875628,0.2181636854025321,0.7998852837797391,0.4138499831591146,0.4764969666809279,0.3719555169099813
0.0,0.5684183476808429,0.4910669207517671,0.5941307526504886,0.5148053060078719,0.4305939932080502,0.9498938428874732,0.2463583707117205,0.7990353550526285,0.4127668426187021,0.475184147064797,0.3822159168916756
1.0,0.5545419504047285,0.4858152769047588,0.5721169689008311,0.5071150694535708,0.3910345190469791,0.9038712483688568,0.2494927511311773,0.7979343082672145,0.412778627470704,0.4754100911321942,0.34431376138391856
1.0,0.5907747655145829,0.4808954868791284,0.5363289168115832,0.4770270689342056,0.42844652366505737,0.8762929251137769,0.27313325047040243,0.7976451194547746,0.4164245843026765,0.477460781309844,0.3931902430094731
1.0,0.5941153796736477,0.4736476952395132,0.4725992648320331,0.4281058655593379,0.42177958452283343,0.8775341332230034,0.27644449248092584,0.798487953280186,0.4315732807494129,0.4777409882004089,0.3891538144707336
1.0,0.6291918283438266,0.4674286241899752,0.4293341287896719,0.4466462121874323,0.4313622322706906,0.8071990070335127,0.25492633223449884,0.7987585342109488,0.4379091387181415,0.4795893574385321,0.3653745823989748
1.0,0.5432352563278945,0.4610213847910571,0.3898212696899723,0.4504251111749367,0.463612282853892,0.6218452627223837,0.23238630501746504,0.7992806273460765,0.4479273288371477,0.4775539142083596,0.3010937714521074
1.0,0.5637928819221378,0.4605041640871483,0.3878753971781105,0.4617938007598449,0.4426770404272816,0.6177079023582951,0.2251398926057116,0.7990167007026484,0.4440059819823709,0.4768987293088609,0.2845270239348314
1.0,0.4434022870358476,0.4587753607742013,0.3692195796886146,0.4402362828038902,0.470851721371051,0.3607778237484489,0.21472471002068305,0.7989451226005572,0.44267699936051785,0.4758860395891034,0.2347260994920143
1.0,0.500192727739946,0.46206205817014395,0.3660481855829585,0.4229194175735542,0.43046200129885137,0.5237898220935048,0.1445204840112209,0.7990479403335337,0.4381246187287471,0.4690183197527474,0.08755663356368157
1.0,0.4660156751895157,0.4607231791013,0.3567212103049071,0.3979622302270828,0.4422115232881077,0.3338849813818786,0.2349016698681891,0.801727582356277,0.4592127760905325,0.4736030617679782,0.2530685094503686
1.0,0.5177951946550174,0.4624258447865932,0.3705997494764953,0.3820774470809655,0.4261128506776927,0.4211832850641288,0.18915838446762206,0.8046997622492209,0.4825920182247442,0.47320450293411104,0.232364651503364
1.0,0.557368623923937,0.4637470619225354,0.3804187087518104,0.3568945219935465,0.43495606450935065,0.4757964418700874,0.1655915774580076,0.8073771943133393,0.5018072436467715,0.4747681368848061,0.21237471969246274
1.0,0.535269176410125,0.4631087800979046,0.3513136038255146,0.3934385759641077,1.0,0.4617294166321891,0.17742656559354258,0.8116731504607012,0.5179151684793136,0.4721271944076815,0.2126767653654296
1.0,0.4649877939098037,0.4646665964867653,0.3378569751570377,0.3383536403823949,0.4280613280249513,0.04302854778651246,0.08775282610084051,0.8151962097138078,0.5280261130908325,0.4681592658787941,0.18075145302274492
1.0,0.4367210587177184,0.4727002594441447,0.32738316924564226,0.3233185214793363,0.4530767559874101,0.06436684896928907,0.0,0.8201376421889496,0.5478149204580843,0.4589856544876641,0.0013327328376182429
1.0,0.5759989721187204,0.4826346608858212,0.3467717140235121,0.3665663933701959,0.4992819301540573,0.19778941244909867,0.02110057037863133,0.8223139521149451,0.5538848319669357,0.4612184974223598,0.01263186845569036
1.0,0.58524990363613,0.4882746728035055,0.3421618174582951,0.373188073199882,0.4495179907237445,0.3141592920353989,0.07319613459167068,0.8246421373972689,0.5645717591672643,0.4623483356610841,0.0489676914200937
0.0,0.616600282667352,0.4966690509590925,0.375666366957568,0.3945992394329544,0.4681633144131964,0.8264503441494591,0.09306849947678447,0.8253015807484262,0.5666736962204825,0.4642329222883833,0.025418826618016668
0.0,0.5165103430553772,0.49848717400470505,0.3784340537010651,0.3729271071745489,0.4483337265194162,0.655850540806293,0.1657193108293333,0.8260509755876743,0.5687644187390577,0.4671727428980582,0.12675894681266214
0.0,0.5614801490427858,0.49984641526844503,0.367019233462644,0.4050909924679174,0.4820849591519705,0.846116027531957,0.1573675134734141,0.8263129183875674,0.5739383393319314,0.4663276438441274,0.09299175906158892
0.0,0.6001541821919568,0.4965087206501846,0.34514096843984826,0.38302147729978536,0.0,0.8928220255653879,0.19790320758146698,0.8258562191061206,0.5738394525735608,0.4700690076331007,0.18894474668870406
0.0,0.601439033791597,0.4929604732169752,0.3357662356511766,0.3840126215744197,0.4570554075916078,0.8677482792527041,0.27489695355909394,0.8258515651603314,0.5789710984839034,0.4734029800860774,0.2839680462778049
0.0,0.5265321855325712,0.4910560095439258,0.3388674260592809,0.3796338327907259,0.44962280728341103,0.8131340096102511,0.26796987457565485,0.8255301495623516,0.5785790736097048,0.4727790124295091,0.2950095264329823
0.0,0.4861878453038674,0.492512793429863,0.35177962499024257,0.4019768611878656,0.4832348909132246,0.7173601147776185,0.24239863620062002,0.8265468932719237,0.5891413545539804,0.4741112239360062,0.2352799393981133
0.0,0.38224335089297184,0.4925499067007302,0.3370023981823784,0.3724642002381524,0.4752634708534082,0.4387712743877124,0.2361888292253952,0.8270807627492834,0.5945911460032505,0.4735214347472867,0.2144709960287401
0.0,0.4310677116793011,0.4949246824556226,0.3280613772525265,0.36003654584258604,0.4724587150323917,0.4885321100917432,0.2195392755552716,0.828809385320718,0.6074749739843031,0.4719187970986953,0.16465808139935267
0.0,0.4254143646408841,0.4948982616927162,0.29876462244537944,0.3539089028943435,0.4369359667413101,0.4235474006116213,0.2591267950223289,0.8303185256086708,0.6137274282457107,0.4756109486980394,0.3228198241627071
1.0,0.4445586534755238,0.4971596556176197,0.2941946777297242,0.3664837929327809,0.4620749106915112,0.5443425076452604,0.26859871578833594,0.8317707814381153,0.6215781915148652,0.4764707539186663,0.31756306957739394
0.0,0.42040344340228736,0.4976906047581051,0.2739210955699561,0.397533714260471,0.4658877966616366,0.5043988269794728,0.34698770320659905,0.8315287926192646,0.6131891451731274,0.4835541420381924,0.5106397631017152
1.0,0.3950918668893746,0.4962218520108126,0.244217934980318,0.420212395751522,0.4551908049704811,0.4336510263929623,0.3216031520665785,0.8304484266892891,0.6041180784129793,0.4812732000889814,0.4181989302848749
1.0,0.4419889502762431,0.4944027491911942,0.19997814347327125,0.4635908265859376,0.4612612366778414,0.3353637901861249,0.3096846459574845,0.8294225458006145,0.594141254819848,0.4801839795588331,0.3456603080595921
1.0,0.4724399331877169,0.4947840351583941,0.17085715052335215,0.4890643984904402,0.5089886889021112,0.2758037225042302,0.3302890213167346,0.8296974224905523,0.5971471495480375,0.4784216064741752,0.3923627849321675
1.0,0.44802775279455226,0.5002166425386128,0.15270225795190426,0.4747436281529821,0.4244694307880241,0.3225042301184433,0.2646979351409242,0.8300024856629075,0.6023764647904214,0.4758756889760157,0.270344099350366
1.0,0.3165874341513557,0.5050337894109191,0.14431198234443054,0.4279678853584812,0.4836642736933446,0.1651438240270725,0.280802165571926,0.8306933364115799,0.6095319815578062,0.4737045216327101,0.2725248490691642
1.0,0.41937556212257504,0.516276392176952,0.17774867388553645,0.4570171971588834,1.0,0.2697123519458544,0.24338120059543406,0.8299908541875697,0.6081966506248856,0.4700330318059245,0.1850653077152632
1.0,0.2813825003212133,0.5235963910893264,0.19890442137719636,0.42801814078743194,0.4283319593438806,0.18883248730964505,0.27115338321485233,0.8299796495146873,0.6100774957494486,0.4690294375760004,0.20115694511397306
1.0,0.2650648850057821,0.5357957224434924,0.24995430108564964,0.4670241887965464,0.4009185129030468,0.013497419610956863,0.2511238080265684,0.8304317730231744,0.6149580078039423,0.4670317285748238,0.14428528797373918
1.0,0.3769754593344469,0.5471757263231349,0.2761535571255949,0.4761102566533195,0.5247073811073552,0.08993357179356114,0.2518705569666271,0.8316249643455506,0.624380070413209,0.4671335170398196,0.17618162201868556
0.0,0.4213028395220354,0.554676476544472,0.3035833783227833,0.5033106144608314,0.5346892894841059,0.2631004366812225,0.3324162732315069,0.8327883524594163,0.6360827362498431,0.4712219782047704,0.3490002984183826
0.0,0.3682384684568936,0.5594671283905115,0.3209711269992176,0.4748004315386086,0.5949636493087357,0.26439123790117164,0.3437796304575312,0.8323261668077554,0.6376630646469871,0.4686191784019961,0.3678465670408376
0.0,0.3499935757420019,0.5626830918414643,0.3347060282670471,0.455958250671041,1.0,0.1458527493010249,0.3017307871814649,0.8318760801380121,0.6365266536639035,0.4645027227565596,0.23383375800564696
0.0,0.4097391751252732,0.5664019563385134,0.33386809331593137,0.5066433425992927,0.4306053210282247,0.11742777260018684,0.30960604080589943,0.8316726313466737,0.6321871296809844,0.461578870551326,0.2406170373941192
0.0,0.4507259411537968,0.5707220334508833,0.3294274638609309,0.5309671023685953,0.4252648390994529,0.2763280521901213,0.3012738947378765,0.8322055156165339,0.6395679057390987,0.4607541042754956,0.20625301287790124
0.0,0.493126043941925,0.5741138463937974,0.32463216555592445,0.5075820749495931,0.4792544292820729,0.4119291705498603,0.3662803550987722,0.8328107237175363,0.6489234016388534,0.4672014061499866,0.3660675343755021
0.0,0.5654631890016705,0.5777259379688697,0.3233773413912899,0.5091949257444824,0.4457806657177112,0.5824790307548926,0.4126623073559682,0.8326174847032818,0.6543286212277091,0.4681008703250539,0.4613089089364827
0.0,0.4612617242708468,0.5783371712088881,0.3110902973374972,0.4902580038102966,0.4240142801910054,0.5083876980428701,0.4330750826582296,0.8320144946032503,0.6521432820053497,0.4664245750327845,0.473532584991851
0.0,0.4534241295130415,0.5815515866298591,0.3162948431733233,0.4837115707177324,0.4684573381454496,0.447588126159555,0.3956786817916079,0.8314224655184982,0.6560913751407671,0.462851311418095,0.3861074765282464
0.0,0.473853269947321,0.5841159709280797,0.324258452925599,0.4964479815726737,0.4553190765403839,0.5250463821892389,0.37386083940476256,0.8314384935502751,0.6640086525205798,0.4607337279016965,0.3253563804145722
0.0,0.472311448027753,0.5870365763275764,0.32266797597094843,0.4960252235241973,0.4275015141993187,0.5816186556927296,0.3871500228446221,0.8314263947884325,0.6690732659837266,0.4583786674418077,0.3417234809356564
0.0,0.4268277014004882,0.5880329934132891,0.2968445672255605,0.4705884121360919,0.4754121830064611,0.5688809629959869,0.41231840981778334,0.8311872464570479,0.6730798780294498,0.4572339805382132,0.3888506301218923
0.0,0.3950918668893743,0.5899617245607847,0.26255584161861617,0.4405812601242365,1.0,0.29192042224928944,0.365494303582921,0.8306742291605697,0.6661346028371229,0.4525865217895476,0.2592681863048921
0.0,0.30206861107542105,0.5955524117383321,0.24424560192527284,0.4158865667312627,0.448809662783526,0.12423873325213168,0.3342634942937572,0.8307060088057557,0.6628143400645923,0.4493722073991333,0.16352179601955816
0.0,0.318257741230888,0.6078611481231031,0.2756917797962625,0.4263817045382907,0.4588093999267416,0.07110507246376786,0.2975794526133755,0.8312542442896081,0.6568379067379333,0.4454429172581639,0.07665909143080131
0.0,0.33367596042657066,0.6170041736952634,0.30051750363648405,0.43824097331103706,1.0,0.2307028891763689,0.32591169693783817,0.8321744223657753,0.6623979485457232,0.444815373275825,0.0998024543549837
1.0,0.2948734421174357,0.6215648220163255,0.30753553880118434,0.3864618413572983,0.4442709137056425,0.01681314482231553,0.3822912419122666,0.8322310982768634,0.6656008019040246,0.447185073062728,0.2216749357403308
0.0,0.4283695233200565,0.6289858982971486,0.3228934658262416,0.4342610938647758,0.519947429079653,0.2313135780628035,0.3409400193565185,0.831890691074724,0.6688758037150165,0.4427929930275567,0.10664829566506076
0.0,0.4269561865604525,0.6302066514326408,0.318768327181402,0.4335291319181806,0.5047301219428306,0.2485625829279081,0.45003905693469387,0.8309999833297276,0.6654798723161846,0.4509825815329898,0.3766361402725041
0.0,0.4494410895541567,0.6331992885147331,0.33032587648189504,0.4568441673690125,0.5106940472282172,0.2162759840778422,0.4784646448766634,0.8301137917007443,0.6626865798164486,0.4542053122123085,0.3841343674920189
0.0,0.42091738404214296,0.6355982678703391,0.3302469332138752,0.43853495909525797,0.5622061535583396,0.2547545333923037,0.4680985905113755,0.8304458033972809,0.6654753473102528,0.4531509518921363,0.38315297797692016
0.0,0.5167673133753051,0.6378764527210841,0.3261206989067458,0.4664645921283376,0.5184064975155274,0.4537815126050414,0.4555414175456524,0.8316525515632996,0.6764579676157169,0.4514858278641203,0.4220641457631346
0.0,0.5440061672876783,0.6356056621438955,0.2987416716073725,0.489797398283065,0.4555109738720068,0.4254754533392304,0.5116605829554554,0.8331778291159583,0.6914522119781914,0.4539123935728594,0.5193227671700156
0.0,0.47282538866760904,0.6351149823307218,0.2774813588000043,0.4711910694856877,0.5071989370736998,0.19283502874834196,0.5041783550889466,0.8341653465252828,0.7010026364227163,0.4529695491850792,0.5222763010108572
0.0,0.4532956443530776,0.6394555149471317,0.2632459740898986,0.4567709916657094,1.0,0.2025652366209646,0.4235785977823521,0.8354613683644995,0.7112163452660313,0.4480288311611716,0.3953887432921504
0.0,0.4606192984710265,0.6443500837659829,0.2512759702873944,0.4641214019992561,0.4370868646030519,0.18531623175586,0.4468408098295741,0.8362112323621831,0.7156530970186332,0.4468875879706666,0.4392965597570613
0.0,0.4270846717204164,0.6506702979386649,0.2505146126207541,0.4798272087336802,0.50637620333798,0.003421309872922441,0.4198202889721884,0.8354025042921586,0.7168241144285982,0.4441394208432072,0.3502121552477224
0.0,0.4602338429911348,0.6588971931288552,0.26787496533037336,0.5072534295287989,1.0,0.2019562715765256,0.4500980107983826,0.8349455176501007,0.7204120186059773,0.44385341901569203,0.3832210158492447
0.0,0.4744956957471412,0.6624870157050151,0.26444009656014184,0.5226155128169849,0.5281304312465688,0.164556962025317,0.5292190086907821,0.8350060557091928,0.7271634238219865,0.4489660459210631,0.5497004867090979
0.0,0.4901708852627525,0.6652234111485981,0.24313541799195246,0.4876278881693142,0.5061280722589256,0.07257546563905089,0.5364261185267428,0.8347403242680648,0.7300744945105558,0.44977919534610733,0.5661113191064521
0.0,0.5162533727354491,0.6703782888097387,0.24178496795545926,0.4605264739256603,0.5086273367619882,0.10402219140083206,0.5721472471002067,0.8333473278386568,0.7270792995271532,0.4500718873346996,0.620699696326802
0.0,0.5025054606192986,0.6764491745362429,0.2518398814716717,0.4505864436245577,1.0,0.2870229007633597,0.6298286898977641,0.8322829278677287,0.7286070705694452,0.4528829390865109,0.6851678522401093
0.0,0.4115379673647697,0.6822435769059922,0.2952349308260719,0.4205435490435417,0.513505004553082,0.0503816793893148,0.6594284422915369,0.8310489788569663,0.7330510991858749,0.4559083935686216,0.7827173179405044
0.0,0.3927791340100221,0.6901452423103116,0.3437644816867102,0.4109470505863537,0.5018650286891411,0.23790633902185784,0.6590992832192739,0.8304756412158801,0.7376211555496627,0.45604524584598,0.7646146252027363
0.0,0.3941924707696265,0.6945482998917509,0.3937111561082777,0.4130498958227287,0.4922880597622791,0.2982979994028072,0.6700057480017095,0.8301891913318368,0.7426128947796172,0.4534900024822166,0.7794780652870241
0.0,0.47282538866760904,0.6963923803447218,0.40701713759749947,0.4258546468317908,0.5223336971178343,0.4766852254534161,0.6512928091024763,0.8300150423975364,0.7459063899836431,0.4509365620183439,0.7837364940341439
0.0,0.4439162276757036,0.6944749011599667,0.4062817695342548,0.4454007093631216,0.5173261983554234,0.3863604865110273,0.6452598637183182,0.8293773472333331,0.7520820396907055,0.4504481990039925,0.7627793869057621
0.0,0.4022870358473596,0.6935454781541015,0.3849729864420921,0.4524836220282198,0.5119384923414119,0.2888671174938468,0.6518872605613389,0.8270844792288546,0.7502186584104489,0.4513848041995885,0.7443924910289745
0.0,0.4448798663754336,0.6936050575958708,0.36428699462877184,0.4485063034631277,0.4900230706805517,0.31276255107648915,0.6848277318974789,0.8248258060109067,0.7502728967633586,0.4513564594413224,0.7684537458999735
0.0,0.43543620711807796,0.6929299735185401,0.22690359192083465,0.43595868446482783,0.4717311190936519,0.19424120050658356,0.7011383008513921,0.8229923914715697,0.7444725691475337,0.4493944432938221,0.8015419760137066
0.0,0.465630219709624,0.6947321936712103,0.11694407218938865,0.4599142314389124,0.5175187087631749,0.3419149800473135,0.6986966283302791,0.8220688933725141,0.7423926461279964,0.4492341337409209,0.7912805585748235
0.0,0.440704098676603,0.6949606028250543,0.0,0.4270856249729399,1.0,0.2004540132380704,0.7047787019341782,0.821421345293062,0.7380917585215304,0.4498898348481637,0.805042279987473
0.0,0.4067840164461008,0.6976778201071279,0.0018381804199550933,0.3758947829977771,0.5109024807470368,0.06855121986188492,0.6760927344275824,0.8209351374835744,0.7392894071323248,0.4509272178503054,0.7541681251266555
1.0,0.39367853012977017,0.7035285693715831,0.016190200397208088,0.3665903049452225,0.5290202984364838,0.04045933836494338,0.6744076364904762,0.8194575858601573,0.7326311717714961,0.450675777549527,0.7552734842762657
1.0,0.4044712835667482,0.7115316122759405,0.03257812747668265,0.3756150599506751,0.5192792208810723,0.11723033233788578,0.6858446860461118,0.8180067851840979,0.7346724323311381,0.4523763198615196,0.7247103037895399
1.0,0.3300783759475784,0.7189243653874846,0.04362119105362117,0.3618663547534111,0.4909455844130024,0.06634146341463483,0.7137102122830374,0.8164078689244242,0.7362695979844923,0.4555124039700471,0.7882424318127067
1.0,0.3180007709109598,0.7274512626886698,0.05995417415715615,0.3554266696721041,0.477826048322623,0.095831336847149,0.712344447774246,0.8173974277522168,0.7560276948151105,0.4554625601641902,0.7796325871467958
0.0,0.38224335089297184,0.7347596316966583,0.06920886720537966,0.3626791388327532,0.4177948249243738,0.2701227830832194,0.6434126426560677,0.8179526269853415,0.7651698393141629,0.4508581243797043,0.7299006968174798
1.0,0.35693177438005946,0.7399711971064822,0.07537555434999292,0.3694889262686741,1.0,0.18487394957983214,0.6671513984347748,0.818826763367475,0.7782656284620805,0.449779097499933,0.7566402869353412
0.0,0.30592316587434154,0.7481698007373252,0.10093239920207557,0.3669118653331907,0.4926345558458749,0.13445378151260462,0.6727078000874481,0.8166566104109972,0.7720072118724725,0.4466043695535093,0.7653125864330259
1.0,0.2725170242836953,0.7577238601428635,0.12868335308750098,0.3903911912875568,0.3561157734734339,0.09522017312758756,0.6955917248426667,0.8142126296146052,0.7686272111974437,0.4494663609167723,0.7499486978167573
0.0,0.349865090582038,0.7684645138445234,0.15871547096371275,0.4108782360761988,0.412555773563102,0.02527254707631413,0.7183724803364301,0.8136687431832025,0.7714031494012926,0.4482867598655946,0.7675492610837439
0.0,0.376846974174483,0.7729484513585969,0.14453325932573424,0.4333352691258465,0.5412591137128651,0.12102564102564027,0.7016639728026173,0.8143395713411558,0.7833493732679059,0.4451857615706532,0.8196516537649541
0.0,0.5371964538095849,0.7751754855057238,0.13712701318825146,0.5779964685273121,0.5876446884052432,0.27717078780908505,0.7292985964067622,0.8156534848147258,0.7971756602377739,0.4482400609823624,0.8701090781140044
0.0,0.5798535269176409,0.7711325490430476,0.1124564921322947,0.5717569012483584,0.5792395118734952,0.3870040253018967,0.7368889063567003,0.8142908948602979,0.8020195569397587,0.4489444609617424,0.8925404644616469
0.0,0.6181421045869203,0.7685159175818919,0.08888997598548731,0.6081036727559395,0.5573292976405915,0.3122573488630058,0.7484045610639205,0.8127836148283129,0.807410615885722,0.4503575316018583,0.8847202674173116
0.0,0.6108184504689707,0.7666557671314781,0.06271442179241155,0.6001818468017212,0.5541081894737204,0.3322240709927888,0.7677365155318867,0.8111910073457985,0.8173074506890144,0.4486743756660557,0.917690007037298
0.0,0.6457664139791855,0.7675312243261418,0.03548834565126568,0.5846113002714411,0.5281206905000002,0.4076502732240439,0.7575571484016133,0.8105731309965917,0.8308747801130391,0.4514633558599146,0.9041959887403236
0.0,0.5603880251830917,0.7674079987218021,0.017172527344679556,0.5522307123122924,0.4728061556115637,0.3718951241950324,0.7403180560946011,0.8097620554332253,0.8423921946636425,0.4531521204623098,0.8940358902181562
0.0,0.5203648978542982,0.7844474419433001,0.10208569749031343,0.5651063429961996,0.456260050212592,0.2916283348666054,0.7272057342458081,0.8091912020650046,0.8463311292306946,0.4521164257007679,0.8583743842364533
0.0,0.0,0.8008709185887346,0.1875543343891442,0.3442206037271994,0.497451564830002,0.32566697332106626,0.6886400817493576,0.8083744389542961,0.8442654336323324,0.4519899566277074,0.8029644616467279
0.0,0.023255813953488743,0.8196998455149087,0.2751866010550078,0.3589708274371974,0.4782963062455672,0.11640414905877836,0.6840858957793947,0.8089592258088231,0.8523804080194325,0.4552550331785995,0.7993314567206194
0.0,0.0700244121803934,0.825319211633837,0.2680800113709304,0.3912205842099496,0.5462193545190683,0.114099116404149,0.6523490658269016,0.8092160797263915,0.8681767066803713,0.4550849986644899,0.7835151301900067
1.0,0.09919054349222699,0.8318276052501452,0.25483307860495874,0.3569705744765638,0.5024283161231023,0.13907030349596636,0.6339112449582165,0.8098406648254136,0.8939392663442302,0.4533367998454878,0.7491115411681915
1.0,0.13452396248233328,0.839835282759585,0.2799438378865341,0.3296905722341198,0.3654649824205667,0.15635804840568548,0.6230342571076251,0.8096198836171152,0.9010877794088278,0.4556973965144484,0.7472290640394086
0.0,0.1802646794295259,0.8483692818383659,0.3063579671628003,0.3458845808243875,0.3773905220507637,0.24913561275451399,0.6258050887010005,0.8098791934458135,0.8915561193777216,0.45222514088121,0.7501935256861362
0.0,0.19247076962610846,0.8537600733021338,0.33034922835818104,0.3506152303705791,0.350707113516751,0.2794852093737997,0.6070282831161048,0.8097102697444548,0.8797438823663551,0.4537982096457594,0.7360045742434909
0.0,0.21431324681999275,0.8581489188352445,0.3352997105088972,0.3619450783999749,0.35508303498523786,0.25912408759124106,0.6333364447872505,0.8090891971423463,0.8736134241901269,0.4529696882143196,0.7823715693173825
0.0,0.21585506873956076,0.8632704817227346,0.35559408078086296,0.3625672187525201,0.3322007256100491,0.2631578947368419,0.6451124790590962,0.8075760569479297,0.8782919047322569,0.4543527381255668,0.778764954257565
0.0,0.25735577540794075,0.8683287777586461,0.367594082549555,0.3332040207038301,0.32481871949282903,0.3175182481751825,0.6573797955283491,0.8061648250926355,0.8802220137192162,0.4519505822921326,0.7883180858550314
0.0,0.34048567390466433,0.8720920530277179,0.3828052869764152,0.3265974398571476,0.3172304833294,0.3576642335766424,0.6850389832423643,0.8045186527558673,0.8798802552636581,0.4550006828884278,0.8418103448275863
0.0,0.3100346909931906,0.8747893230682782,0.3896886418012591,0.3585702898663078,0.29479139933751325,0.3313484441029581,0.7243071692811067,0.8031158431389992,0.8805945850178717,0.4556471080945249,0.87905524278677
0.0,0.31877168187074395,0.8800363367892491,0.4133316412435867,0.36254861545013656,0.2763860421281886,0.3674606223588167,0.7187704189163295,0.8004911265580549,0.8715762922042795,0.4587505003057434,0.8765130190007037
0.0,0.2365411794937688,0.8824568770941583,0.41039874775194096,0.3079325707225115,0.4318749199483248,0.21552055320783708,0.7379107733273067,0.7981208222655057,0.8663990903787603,0.4610725025655752,0.8676020408163264
0.0,0.279840678401645,0.8891133244154257,0.40496119602983177,0.3327541496057841,0.4308765212802532,0.1884364195159432,0.7376749578725513,0.7949528446981329,0.8547560550320726,0.4613441038685964,0.845197044334975
1.0,0.2926891943980474,0.8996172706550118,0.4175273538097307,0.3359819406611569,0.3475313193407962,0.09777180176719176,0.7467587657026069,0.791916423785132,0.8394876851906855,0.4625641491827127,0.8332160450387049
1.0,0.2451496852113583,0.915193180819377,0.4574104944354508,0.3202914584096995,1.0,0.11563580484056875,0.7496671563112569,0.7898965741105334,0.8289011870371831,0.4633981908019013,0.7989481065918657
1.0,0.26467942952589,0.9349264322826693,0.5374532012438921,0.3298678915744144,0.3290355055498637,0.08643872454859776,0.7410107639929452,0.7875925318262597,0.817763385783486,0.4620230441099832,0.8114792426522477
1.0,0.2893485802389825,0.9557795857050532,0.6290115045690976,0.3404200737796987,0.2661256007639141,0.041429197720297815,0.7554790247065817,0.7869645945396312,0.8219164590711435,0.4640040304586104,0.7926770187919119
1.0,0.3119619683926507,0.9781468846042694,0.7468327760124887,0.30528934845095845,0.0,0.055939380432359936,0.7697360340753329,0.7861357998053357,0.8251400619635222,0.4649870416545063,0.8524721565980422
0.0,0.8012334575356547,1.0,0.8591482491692054,0.6063556346061486,0.8178615721134851,0.9575757575757574,0.7896575271801876,0.7876419342194653,0.8402430954815815,0.4670263753182418,0.8975869051636853
0.0,0.7989207246563022,0.9934654953518499,0.8626149997853008,0.6068217683115767,0.6067445106702499,0.9361968306922436,0.747520253108588,0.7871845109677412,0.8440071001743726,0.4650679842651831,0.8903476206547418
0.0,0.68135680328922,0.9868446259175272,0.8524174537418744,0.5486357762498554,0.5194375985913254,0.9634020618556696,0.7456189910046227,0.788100297855795,0.8555333151981833,0.4654927968184298,0.8446760040499492
0.0,0.6719773866118464,0.9841072400126638,0.8681251005455678,0.5426058809362003,0.5030040211669005,0.9190871369294604,0.7186770752988221,0.788246893624761,0.8648738471665273,0.4614339633236485,0.8656176172797836
0.0,0.6417833740203008,0.9782385842923124,0.8595337547912375,0.5695736892757739,0.0,0.8454981353223227,0.7022977268372728,0.7888098083965981,0.8783150078325593,0.463067662241887,0.863609517381033
0.0,0.7160477964795068,0.9738029291628274,0.8663620499768481,0.5755077942544612,0.4837793036957319,0.9131592967501336,0.7237028921782959,0.7879216923689382,0.8846255687409016,0.4616332997429277,0.8780037124535941
0.0,0.7136065784401904,0.9664977752354372,0.8457200953281543,0.5725254043083814,0.4752310560485449,0.9742324561403508,0.7354297982304017,0.7853745913167397,0.8815731074012237,0.4628315827786735,0.9029109011137364
0.0,0.7097520236412694,0.9601027594603216,0.8395011333907382,0.5713114578168207,0.3908163407229621,0.9096969696969692,0.7507135873917337,0.7839821965925061,0.889809232631286,0.4647518034603311,0.8877489031387108
0.0,0.6985738147243993,0.9532145670686154,0.8154329497308889,0.5599169963346321,0.3955356367856942,0.9315237507711279,0.7131403249340453,0.7812824537018513,0.8902212384973475,0.4643382284962299,0.854463381707729
0.0,0.749967878710009,0.9466846260176736,0.7929938456266329,0.5913338589988484,0.4627087086051097,0.9892328398384912,0.7484045610639207,0.779812182538235,0.9016540706578638,0.4644862967607272,0.862867026662167
1.0,0.6938198638057304,0.9388128464118846,0.7582220097817343,0.5588824427535724,0.5061119637551051,0.7652987760979109,0.7509985310662297,0.7779835167060919,0.903488780498914,0.4646800481024967,0.8725531555855551
1.0,0.7177181035590391,0.9344777579945578,0.7447452439785875,0.5280656541088306,0.5075657125580338,0.8412921348314594,0.6930075804843059,0.7779484618400346,0.9172628291827288,0.4627172367660234,0.7918157273034089
1.0,0.7644867017859441,0.9286007647717784,0.7370032734426509,0.5107765678736709,0.515520122460725,0.9376470588235292,0.7033687220276199,0.7776891143417081,0.9224657282184541,0.4634574386610405,0.835791427607155
1.0,0.7569060773480661,0.922409520521934,0.7429175480423146,0.5069954154357582,0.5476689853639946,0.9761766414875074,0.7065620563107655,0.7770084212788736,0.930733353226659,0.4639699529716567,0.8235993925075938
1.0,0.6548888603366311,0.9180660734072644,0.7597733474879846,0.4780604407925266,0.5782295726280231,0.7021028037383165,0.6865668708762998,0.7783126188570614,0.948190393014396,0.4657301091467372,0.7970975362807962
1.0,0.5608377232429654,0.9177255739651856,0.7918818796865942,0.4518404724178382,0.5676399270379754,0.3679906542056064,0.5976497059676047,0.7794602291066853,0.9643283717850072,0.4589411965982269,0.7539402632467094
1.0,0.615957856867532,0.9210772462373472,0.8333935346367185,0.5054863421346428,0.5592688842407483,0.6384345794392525,0.5778166436582839,0.7802158020557205,0.9723774268804052,0.4573061642114344,0.6913094836314548
1.0,0.5677759218810227,0.9197130138461848,0.8459343137295353,0.508447950033902,0.5606449801110152,0.4608644859813074,0.6134444286142402,0.7785091479164422,0.9686560750136732,0.4574535872771444,0.7343570705366181
1.0,0.6207118077862006,0.9192329656063779,0.8603506640365515,0.5135797062331985,0.5430450447681394,0.5724299065420551,0.5984701472372744,0.7773373775145612,0.9698668208405284,0.4560778196464077,0.7037293283833947
1.0,0.668508287292818,0.9162330943004148,0.8592440981322722,0.5553646806381463,0.5437227089327356,0.54964953271028,0.5886887186869009,0.7760793250918064,0.9728619437853242,0.4588746726866637,0.6888288896388793
1.0,0.7339072337145061,0.9135584548679988,0.8623457578537954,0.5753928677421142,0.5325383520290925,0.7513661202185787,0.5861537025482808,0.7747862233748392,0.9723164979352568,0.4588806577440934,0.6579311508606142
1.0,0.7103944494410898,0.9098650095684248,0.8614741509257955,0.5588566745336959,0.5734885153629282,0.6370967741935476,0.6331251934423653,0.7736557888632035,0.9705744382193109,0.4603432279898161,0.7298768140398247
1.0,0.7666709495053322,0.9088706062711708,0.9065404645754178,0.6477352162105194,0.0,0.9087701612903224,0.6196787996993354,0.7725137227798652,0.965703687230732,0.462735350153608,0.7112807964900442
1.0,0.7511242451496852,0.9027446193768922,0.9337115551299924,0.6682453835491202,0.537056513025966,0.8966733870967737,0.6810448589774449,0.7716330200163791,0.9624802877083576,0.4658150156880052,0.8018140398245017
0.0,0.7973789027367338,0.8962015463740496,0.9502847139751116,0.6608149825418829,0.5800701190438045,0.9274684136640144,0.6972817356017469,0.7697535395064047,0.9512693721743904,0.463848496315374,0.8291765102936214
0.0,0.7305666195554414,0.8873343922115253,0.9145505884157009,0.6522481560975553,0.0,0.8798850574712642,0.7302418582257835,0.7677476362221841,0.937966252428042,0.463775359388809,0.8631370232872091
0.0,0.7643582166259797,0.8828011792680832,0.8935516801437791,0.6415202419135645,0.5163389442866444,0.9270114942528729,0.7324821050459593,0.7657323115600038,0.9255618312296421,0.4641898157518994,0.8515693553830576
0.0,0.7188744699987153,0.8765122605083395,0.883734053303296,0.6399448999626256,0.5851012384733442,0.9052980132450328,0.7469798426914405,0.7634584289089689,0.9190125294592076,0.4657244068693556,0.8819946000674994
0.0,0.7384042143132471,0.8726966155978717,0.8817965837409436,0.6195650347090255,0.5287112792230702,0.9688741721854304,0.7740249276586961,0.7606242936330628,0.9144570862588008,0.46500994963044,0.8936044549443128
1.0,0.6674804060131057,0.8680159567177685,0.8931448398182378,0.5923370986324081,0.5203026273417173,0.7979719188767547,0.7991392735901427,0.7570855118706127,0.9033127350595046,0.464072089353639,0.902708403644954
1.0,0.6375433637414882,0.8666928121248909,0.9142189087031618,0.5926831293489847,0.5289554629008506,0.7971918876755073,0.7967860318645632,0.7564684918889516,0.905829263419162,0.4641989180089681,0.8784864052123793
1.0,0.6219966593858408,0.8644692392326925,0.9389710504239356,0.6232097456257958,0.5896917993419222,0.7301092043681741,0.746621206687333,0.7562439338994519,0.9116807487596332,0.4570103024475989,0.8847429311280954
1.0,0.6094051137093666,0.860917008855492,0.9365668048004291,0.6104631795317944,0.5966957452733934,0.5397815912636499,0.7479427557983579,0.7558106569226023,0.9164373994814996,0.4574112172180181,0.8666583134945495
1.0,0.6344597199023515,0.857528734839913,0.9324397716755446,0.6368755083465623,0.5182276423304916,0.4680187207488302,0.7627893038039978,0.7532406445618881,0.9110668352307141,0.459169569196796,0.8613289896838323
1.0,0.7231144802775282,0.8546752415853482,0.946528468157546,0.6928694582424498,0.5115116228934052,0.7743429124561482,0.7659531611552991,0.7512394256835307,0.9056372268162364,0.4556960320160098,0.8659566470367119
1.0,0.7558781960683542,0.849377546243296,0.9612452838249272,0.6944814660641222,0.5068236852074945,0.8848518725544995,0.7907923890561974,0.7492953615396712,0.8997662799127085,0.458348387561993,0.9120995698116356
1.0,0.7777206732622381,0.8427508212678921,0.9662282325108278,0.6712368114420398,0.0,0.9272214321757872,0.7957346879621124,0.7468468141597314,0.8949986643862571,0.4591964034748742,0.8935471745395317
1.0,0.8201207760503663,0.8362112182393366,0.9678020763398668,0.6661064695703959,0.5314720694140651,0.9739776259702546,0.792570830610811,0.7443783081597394,0.8916472951730253,0.4591376163080678,0.8740675771624272
1.0,0.7653860979056921,0.8279124055901197,0.955087104675716,0.6393382909422878,0.6585836947686413,0.954368932038835,0.7768498002937869,0.7422794776830987,0.8924870700363537,0.4615371143499717,0.8484400451071298
1.0,0.7409739175125271,0.8210794365779037,0.9584156657434344,0.6234181060326286,0.4797414825007811,0.959876543209876,0.7453733499059195,0.740579811774717,0.8912077113298249,0.4588766913125453,0.7811552437037967
1.0,0.7400745213927793,0.8164927810340843,0.9461556300940244,0.6241819341435185,0.47530145292186404,0.8573797678275299,0.7543687269404417,0.7391818890559144,0.8870108501748807,0.4560805496501785,0.7954141085077058
1.0,0.7091095978414492,0.8138080579809832,0.9646937537487571,0.6262085247422962,0.5150761912277758,0.812050856826976,0.7402885791627569,0.7380210727262452,0.88781626737308,0.4585025421264403,0.7755299293427546
1.0,0.7147629448798666,0.8073403457643278,0.9523676827509469,0.634547121977423,0.4660121763103681,0.8678828081813166,0.7533615984357571,0.7364047909095358,0.8821645841919373,0.4561770238176062,0.7966771097187038
1.0,0.9131440318643198,0.7993444112050998,0.9267352889985828,0.7273562912726363,0.4082195555031861,0.9215035931453848,0.7637718681988118,0.7348533637801417,0.8795393012620688,0.4574850778382789,0.7924244054664799
1.0,0.8733136322754724,0.7905775125919648,0.8845373729437438,0.7285163050978879,0.4322431871683163,0.8593215063803306,0.7584365435349718,0.7326991610095134,0.8715827712639473,0.4566798578973828,0.7956148182123464
1.0,0.8031607349351151,0.7887738715155064,0.8683629050812329,0.6240423724694816,0.37787523405972573,0.8807967631497049,0.7630840731224421,0.7318442435561171,0.874365284853056,0.4575135710715771,0.7773746242618329
1.0,0.7742515739432096,0.7872788127693202,0.8669880220153379,0.6545445088221663,0.4072272012909772,0.8244631185807659,0.7413890512849484,0.7302290784038875,0.8758424662633372,0.4583339617046509,0.7741607737950091
1.0,0.7647436721058718,0.7841177945021869,0.8487649821481238,0.6423489903777337,0.4117853890050542,0.8580765639589168,0.7471812683923775,0.7283051862203817,0.8776601837351165,0.4592243863072604,0.7603023652767621
1.0,0.7799049209816263,0.7805746395424316,0.8333118106960707,0.6510989833995763,0.4311558169331828,0.8406473700591346,0.7939120310097321,0.7258171762608464,0.8754172790584093,0.460818270607445,0.7980283956536929
1.0,0.7647436721058718,0.7748981681557119,0.7814649044556957,0.6335102856580995,0.0,0.8755057578586991,0.8020329257328702,0.7230383733834632,0.8700763310857057,0.4616067925613563,0.8247556493861914
0.0,0.8437620454837463,0.7685840324768352,0.7279400106269194,0.6398907232160418,0.38555659546878174,0.9477124183006532,0.7984072631160062,0.7207438884332623,0.8604330946398691,0.4617606886211529,0.7938773295295976
0.0,0.8522420660413723,0.7583906406301908,0.6593312989432718,0.5948012462505,0.4617771997976361,0.958605664488018,0.824450132400552,0.7183740293797499,0.8512630509560221,0.4609510941393451,0.8206560256370748
1.0,0.8418347680842864,0.7491335921884799,0.6396152329335426,0.5905218668797758,0.4606062948995399,0.9799861051731512,0.8147718731116341,0.7160328222777733,0.8437383896351233,0.4601095907690204,0.8088527402413698
1.0,0.7734806629834255,0.7396144358198056,0.6050210799429976,0.5884605571375451,0.4705650311420411,0.986950037285608,0.8564866444934633,0.7143376583176412,0.8465301831801456,0.4611187515828205,0.8530054603765932
1.0,0.7418733136322755,0.7294243539168126,0.5595157266299767,0.5721133473554014,0.35323674493368284,0.9751179751179744,0.8212174955416139,0.7130819408378174,0.8527956774125166,0.4614943698845431,0.8083552700069899
1.0,0.8210201721701142,0.7201415953823274,0.5119551475272793,0.6179207429733357,0.4494760321419719,0.9343629343629344,0.7804705500886765,0.7127829694549627,0.865816409767386,0.4606398535750033,0.7700144261514897
1.0,0.8129256070923813,0.7113729380030147,0.4704039963598883,0.6147436276376237,0.4505892403273449,0.9333030852994556,0.7634623604144455,0.7126001466195261,0.8751999918324463,0.4625420857758651,0.7531417778372669
1.0,0.7521521264293975,0.7038788901215358,0.44810445291398704,0.6200349728459967,0.0,0.8157894736842107,0.7447985497349532,0.7116770440393948,0.8780605646164369,0.4644129841475014,0.7300673716146879
1.0,0.8329692920467686,0.6985979578272032,0.42629098864694825,0.6233370003922409,0.5628151420253014,0.9088021778584384,0.7128259043277048,0.7104202411547013,0.8811470759702106,0.461453483386845,0.674534124540817
1.0,0.7915970705383529,0.6897220607859478,0.3989406907441209,0.6461445042293588,0.6314740446949091,0.8781496803309523,0.7099420778289256,0.7095665368082703,0.8869172400002022,0.4612952653644205,0.6628890971013846
1.0,0.7769497623024544,0.6848904942455591,0.38802570639498574,0.639771577022155,0.0,0.8081985708913128,0.7154493512618583,0.7090125674123072,0.8978477421953975,0.4617151285749668,0.6828403158881006
1.0,0.7408454323525635,0.6781315109294457,0.3548678260661625,0.6038429854518035,0.4822405384374859,0.8679954870251979,0.6916221646876182,0.7088166829055694,0.9014132630428552,0.463092616204305,0.6493627210398727
1.0,0.835025054606193,0.6699445368186863,0.2986414556754052,0.6028385145966897,0.4554877633814259,0.9180900621118008,0.6990749156222825,0.7086073005518746,0.9051918951344614,0.4638058047441489,0.6700575558827468
1.0,0.6595143260953361,0.6610007904206063,0.22763692702363006,0.5066524241618918,0.4111872980541781,0.4964845862628449,0.7029413065158756,0.7081134006158846,0.9063284405537868,0.4641567075681794,0.6816728386799329
1.0,0.5587819606835411,0.6646838935369406,0.2194375914660997,0.4543264014604797,0.3338246820221853,0.4964845862628449,0.6636485563672627,0.7072659135433651,0.9104302984834246,0.4602838481332465,0.6174839007123841
1.0,0.6464088397790059,0.6715337702951603,0.25177337906872843,0.4682679775816694,0.33388107024503244,0.8418418418418419,0.6694456862966656,0.7062905189539167,0.912998208802096,0.4571962655257187,0.6243846577135295
1.0,0.5813953488372096,0.6725100894961522,0.2690018283579885,0.418804569820936,0.3362655414758373,0.8638638638638638,0.6954983812251596,0.7053710461752908,0.9220234698518244,0.4565931040177682,0.6545308526301701
1.0,0.5469613259668511,0.6733003017336736,0.2880778885701372,0.3972960816412424,0.3121842169695529,0.8978823529411757,0.7121184579634385,0.7040247922190799,0.927590041899506,0.454813910249543,0.6784083641933996
1.0,0.5405370679686499,0.6725147659884383,0.2861599609304756,0.3932241966696076,0.6947004108816762,0.7112387202625104,0.7444153496209754,0.7028426514527774,0.9345919886979812,0.4549567298841836,0.714719136215589
1.0,0.5134266992162406,0.6753780624178014,0.29786825168055864,0.3784072182855964,0.5822158666054603,0.8055783429040193,0.7938923797218357,0.7009120309541589,0.9329669309354476,0.4609625164895775,0.790657207870432
1.0,0.3032249775150973,0.6766164643320223,0.2995426988003297,0.3260788615666978,0.5770748857151206,0.5616341030195388,0.8189035563918269,0.7002668140659829,0.9434565395401644,0.4602233794049602,0.8056038905992058
1.0,0.3150456122317873,0.6804419754335911,0.32845312470080584,0.3327676674752593,0.6159293605547039,0.42687964748003293,0.7455354730310635,0.6993830154269814,0.947286458323412,0.4549836871021323,0.7430657802763274
1.0,0.3024540665553131,0.6792847786911851,0.3168058761643954,0.3712856912077487,0.584768496413829,0.4089782429082896,0.736112680484797,0.6992532814278062,0.955772709073717,0.454144843233688,0.7242374217344101
0.0,0.3636130026981885,0.6800846375172498,0.3195516761349049,0.35601260042565114,0.5482859702360197,0.4764527678325525,0.7535188087389275,0.6979066588310355,0.9558982798674032,0.452456303819388,0.7450289266645845
0.0,0.3101631761531545,0.6787736762356946,0.3069143499943443,0.3777898354395029,0.4779270227824309,0.4333243170137945,0.7241008307581958,0.6961279257807672,0.9577949976333898,0.45338593057446896,0.7005978673091507
1.0,0.2127714249004244,0.678424433851992,0.2837338404967147,0.3468107242573981,0.484113116414733,0.2402912621359224,0.7394091840293979,0.6949838100428537,0.9640228089633964,0.4514785380973498,0.7068144975386307
1.0,0.2405242194526532,0.6832457769092342,0.2658475129923085,0.3677959376428188,0.4672113858995477,0.22060409924487545,0.678662140320021,0.69327838613158,0.9722975547732688,0.4486724722065572,0.6261693362483082
1.0,0.2504175767698832,0.6873776153631901,0.2343961805275439,0.3730224318475166,0.4869564980897217,0.2783171521035598,0.6771833809058261,0.6918669987292329,0.9868477186066468,0.4488395132136093,0.6046119067802912
1.0,0.2464345368109984,0.6917781553109981,0.20620775856635187,0.36287536138717263,0.5070072226667205,0.16396979503775586,0.7428530722332212,0.6903184980780576,0.9947765258378728,0.453409783137005,0.6848555154002883
1.0,0.2514454580495956,0.6979167722515981,0.1844576769895868,0.3655558160516197,0.472758740604673,0.19120819848975207,0.7499226230539083,0.6887945505478056,0.9993481556763624,0.45424321411719104,0.7016512734396866
1.0,0.2907619169985866,0.7053286590093,0.1747872741676641,0.3957178747461373,0.38780112933849137,0.171790722761596,0.7240222256066107,0.6877577748218858,1.0000000000000002,0.4516758515377052,0.6582924565822619
1.0,0.35603237826031103,0.7144292756015604,0.1947157062913501,0.3810773235261937,1.0,0.2904530744336566,0.6977189767574392,0.686958273029073,0.9959127423451728,0.4526937317894067,0.6204943509066538
1.0,0.23859694205319315,0.7233374210734309,0.2358840493941061,0.3300115953423253,0.4465577280401658,0.1081445523193094,0.7529489213899356,0.6863224569355727,0.982280674706301,0.4597909780205928,0.7088535880098007
1.0,0.1878453038674034,0.7400971865314143,0.2875931540077695,0.3483434727711854,0.3532327689912437,0.08629989212513457,0.7207404605279317,0.6857612138771564,0.9743658550575052,0.4564938447257994,0.6561573382581247
1.0,0.243993318771682,0.7579084063351014,0.3489931255762179,0.3764644158837617,0.2397638689954863,0.2977346278317151,0.7352283725294646,0.6843697629350155,0.9687068970855492,0.4579607508267807,0.6968383721700232
0.0,0.2564563792881923,0.7689686997483427,0.3767147603021519,0.3880971581907919,0.40243188953635056,0.01366322008862542,0.8268426767019244,0.6832387937931613,0.966063831882398,0.4662831692850841,0.8001486266748095
0.0,0.3823718360529357,0.7800831823208818,0.4042520686453269,0.4284872636874717,0.2178828586070861,0.12173913043478247,0.7448280266667975,0.6809784727677589,0.9571963580651212,0.46093726911585,0.690024205970806
0.0,0.4540665553128614,0.7876649971472762,0.4224964485919963,0.42606443225694224,1.0,0.3080745341614905,0.8147718731116342,0.6799418837522256,0.9616747755270872,0.4666729819805314,0.7895254162693468
0.0,0.4625465758704873,0.7945237518496016,0.4532688515278347,0.43248655883827214,0.13191712494816002,0.25672877846790954,0.8779360252322537,0.6785737209628132,0.9745293756588064,0.4715304719320592,0.8796554800828921
0.0,0.5018630348194784,0.8042102155826192,0.5126121377847503,0.4594584745079278,0.4341143730459421,0.15586034912718216,0.8673292425902359,0.6768605700912128,0.9817969602106016,0.4694921017578267,0.8800296454064008
0.0,0.6294487986637544,0.8119589781382472,0.5653647787856727,0.5637951927769457,0.4979611294382602,0.922959572845157,0.8611194356150116,0.674919946239848,0.9817969883862382,0.4689320338247995,0.8682938061247986
0.0,0.6192984710265965,0.8080068731130181,0.5534255499769015,0.5557646707156539,0.4831370332476139,0.8291380625476747,0.91314130749844,0.6723598449882352,0.97217325326752,0.4722560654413653,0.9300454754777802
0.0,0.7053835282024926,0.8049532792564997,0.5396668983751208,0.5728987300854436,0.4692980918170272,0.8543096872616325,0.9162511238080262,0.6691681160927413,0.9687328891017448,0.4727762324500819,0.9266204236702736
0.0,0.6338172941025313,0.8008012663398199,0.4913068016809657,0.5610269490643751,0.0,0.6781083142639204,0.9239986440611352,0.6659643249522625,0.963025872032728,0.4739355905725264,0.9233608680635504
0.0,0.6746755749710907,0.7991663270515361,0.4570760349993948,0.5489020919335106,0.434208896043016,0.9060308555399716,0.9339471085586272,0.6631424759754126,0.9633817445953198,0.4753154266470256,0.924644275197468
0.0,0.7389181549531028,0.796907020624011,0.4258476732358662,0.5435780675034014,0.4486898007705439,0.9767316017316012,0.958535782538848,0.6603415373645697,0.9583459346089246,0.4785004923308535,0.9861686819441166
0.0,0.5912887061544392,0.7952673151056897,0.4216916829594828,0.47501216463977397,0.4278605616480596,0.8203463203463205,0.9515595753356684,0.6578417904305971,0.9457839660671676,0.4781910581307745,1.0
0.0,0.5429782860079663,0.7965305444247373,0.4352780387734064,0.4433289296356436,0.46505762430753,0.89448051948052,0.905831028401024,0.6552438157395691,0.937204522251424,0.4772593682276709,0.9925596169493652
0.0,0.5445201079275346,0.7971799477096306,0.4547682061286827,0.4440542570511225,0.4687985401615072,0.6777837547068312,0.8970812924652046,0.6533060113438832,0.9247854813191208,0.4763769996621151,0.9956135113403866
0.0,0.4365925735577543,0.7994465578276895,0.4759274256768133,0.3878871186631481,0.42219708606142703,0.5642338881775499,0.8768257274661134,0.6509610284215449,0.921699252678436,0.478094491086033,0.994016399497673
1.0,0.3519208531414623,0.8014143028173977,0.5020919673429401,0.3867947261651811,0.46196306184122793,0.3492415834258231,0.8605790251978639,0.6487246488104091,0.9138366934275528,0.4767280615230829,0.9675953335946168
1.0,0.4228446614416038,0.8037054844403542,0.5256169685650872,0.43172414689842253,0.5447244172789913,0.3113006396588485,0.8354892433762875,0.6462072002299725,0.9081298570836224,0.4740558653454465,0.9248315232294358
1.0,0.4504689708338687,0.8048730419660832,0.5363483497904461,0.4452106013550132,0.5780425735206095,0.39587775408670894,0.8140889908572383,0.6439587971843103,0.8929255858076129,0.4720773582002246,0.8723834966357764
1.0,0.5054606192984714,0.8080393108881303,0.5626943406285263,0.4250662637257107,0.5737243819058058,0.5074626865671644,0.8484885703196773,0.6416495610957907,0.8720576473703122,0.4733836203359277,0.9235105957616956
0.0,0.4983939355004499,0.8078489488219132,0.5634024856900394,0.4221303368017088,0.5492679723155343,0.6307746979388773,0.8675650580449915,0.6397974050007272,0.8567207565440692,0.4723693616608308,0.9441663334666136
1.0,0.509700629577284,0.8053551096939517,0.5577579734167732,0.428195947713484,0.5119125853867899,0.5724946695095946,0.8802106618062482,0.6383929742536602,0.8479173697226766,0.4738947356477839,0.9889036732389828
1.0,0.4664011306694078,0.8032004913643653,0.5496562982298034,0.40158513125192896,0.4973323304987352,0.4196872778962334,0.8432515020953186,0.6364421955789051,0.8380701338026452,0.4729943344879925,0.9410910850368944
1.0,0.4165488886033665,0.8036833209335761,0.5433624785627418,0.4238289348959131,0.4670162405693532,0.3813077469793885,0.8177834329817388,0.6348424967638343,0.8281991892295265,0.4707973868104359,0.8720535462279748
1.0,0.4432738018758833,0.8043815292787666,0.5341013831481929,0.4398483861353869,0.4914222281124656,0.3137882018479029,0.8122565082609101,0.632366615792089,0.8197960816036359,0.4693608604423616,0.8807306157009801
1.0,0.5130412437363489,0.8049641160494603,0.5150312055792537,0.4301292315945986,0.4876004426467432,0.3617626154939593,0.8473094930459002,0.6295725948376033,0.8129610851598897,0.470822646039065,0.9051489859279868
0.0,0.5655916741616344,0.8050401495910875,0.4975008005078129,0.4081661430568364,0.4689200131322703,0.4541577825159918,0.8508565505111791,0.6263073462234215,0.8063399522579734,0.4721994442533105,0.8755400882995275
0.0,0.5882050623153029,0.8048298642034553,0.4931209084068233,0.4199474521876631,0.4320324427274985,0.4385216773276477,0.8507877710035419,0.6234080267909482,0.7999686793311135,0.4720531977539174,0.8827285125446661
1.0,0.4962096877810617,0.8056619615501488,0.4988865653240404,0.4173015155656874,0.4715870966549968,0.21215351812366745,0.8269114562095613,0.6215703318834173,0.8015111805830423,0.469924789443708,0.8246489550555808
1.0,0.5255043042528588,0.8154099938785866,0.5553023676538233,0.43397102613564653,1.0,0.32800284292821585,0.781349945222035,0.6194077107808204,0.8036967074758,0.4681673948479828,0.7604008733094794
1.0,0.413722215084158,0.8230680313594719,0.5942766054821514,0.42749718340357146,0.4570065821253379,0.31734186211798193,0.7873239367425042,0.6184748187357493,0.8058705999399288,0.4693250781647776,0.7539330830405309
1.0,0.3546190415007069,0.8320146560773458,0.6416108771949751,0.43521797689149183,0.4131724974483824,0.004131971390817436,0.7412465794477006,0.6170803849257877,0.7995944972513046,0.4666691534255252,0.701857522855802
0.0,0.4647308235898755,0.8424937728708464,0.6790085266910597,0.4929102596946647,0.3993611942507372,0.22438524590163933,0.7077460464065162,0.6166360436915799,0.7972095387618695,0.4627765548943085,0.6380773558054109
0.0,0.5253758190928949,0.8466646175201202,0.7083528382373527,0.5306239566508257,0.392704721733438,0.4871926229508197,0.7825339353177858,0.6157592781880411,0.7991810875698283,0.4748010222703321,0.7650742267890235
0.0,0.4917127071823205,0.8463758324107901,0.7264451213413874,0.5039035372263387,0.6994417217536938,0.27971311475409755,0.8242094041238227,0.614459884476536,0.8040844435193356,0.4779079526310375,0.8165166506763538
0.0,0.6399845817808043,0.8492468678003242,0.7647587852406883,0.5685221405332411,0.0,0.7418032786885249,0.7772870414494788,0.612307777232625,0.7968081421047676,0.4723599441865202,0.7380127580726669
0.0,0.6717204162919186,0.8444358528416931,0.7527375234779438,0.5986267185430498,0.4684794306919714,0.8857581967213118,0.8638951800303613,0.6103433620985393,0.7873248220839476,0.4834134493804722,0.8538900403541797
0.0,0.6338172941025313,0.8362665734426447,0.7115930037123341,0.5713796394206215,0.3733450771461188,0.746298788694481,0.9279682042161836,0.6079614297611909,0.7734816714484606,0.490731668531457,0.9346230293984692
0.0,0.7005010921238597,0.8325149714881872,0.6874925313264946,0.5738425371878924,0.3860871626655314,0.7617765814266491,0.9447012758598664,0.6053688256757218,0.7648478762207549,0.4897761837251736,0.9547936653726652
0.0,0.6670949505332135,0.8289014659258174,0.6555225455010216,0.5927945342379397,0.0,0.6850605652759078,0.9363249143940772,0.6026353756669619,0.7526159318390816,0.4890613983330037,0.9357403871595192
0.0,0.7226005396376719,0.8272549779125276,0.6403718254447069,0.6023189616158329,0.42944821093741853,0.955585464333782,0.9758190902436268,0.600748398269712,0.7536943783170325,0.4921337423990893,0.9766032357527394
0.0,0.7111653604008735,0.8221168649402009,0.603799655792114,0.595626718008539,0.483902139931816,0.7860026917900398,0.9733528536126436,0.5989324207192391,0.7526641923843913,0.4902680518001351,0.9966251225318584
0.0,0.6836695361685731,0.8184926818826184,0.5958922665756503,0.61629211783311,0.0,0.7429643527204512,0.9248976904823901,0.5982053254493284,0.7580819883720237,0.4882654898504808,0.9306189609298424
0.0,0.7164332519593989,0.8160770297373787,0.5942692682075169,0.6540151015999305,0.39375825331149295,0.9865591397849452,0.9250254238537158,0.5967070694622661,0.7566493311472007,0.4868781149531856,0.9560495728889512
0.0,0.6596428112553003,0.8112651927636298,0.5916847900171065,0.6553114307320617,0.3980747413913877,0.7519325368938864,0.9650698357643612,0.5947924766040783,0.7585371755065359,0.4900544623514469,0.9988166923400088
1.0,0.5864062700758064,0.8094593134685106,0.5952529469627189,0.6301867333927123,0.6520112870564239,0.4652143359100489,0.9543746223268104,0.591903131391578,0.7586077135498634,0.4891059718362055,1.0
1.0,0.5504304252858798,0.8104124749312196,0.61053565342087,0.6408984907969435,0.6900361273863911,0.3605059732958551,0.9413359928076288,0.5895008130961633,0.7578024690066025,0.4876390195896406,0.9985228519195616
1.0,0.5303867403314917,0.811549922113457,0.6190143368761498,0.6169819989781548,0.6230040630411378,0.2059030217849616,0.9345464728394636,0.5871218749074313,0.7562890261037697,0.4868455804419333,0.991483087215828
1.0,0.5635359116022101,0.8140595598011942,0.6313886165687628,0.6051310851234031,0.5375914957956839,0.26141953619114505,0.9371158787319022,0.5844189239264143,0.7504953678178349,0.4874986782581773,0.9961218179256542
1.0,0.5772838237183605,0.8158587255929557,0.6406379344542945,0.5720569038314115,0.4317331245814435,0.33028812368236193,0.9048926794039764,0.5823320119892199,0.7493946687618408,0.4841212309101892,0.9505720374204664
1.0,0.7024283695233202,0.8184944211976051,0.6552588061850041,0.715550504968958,0.4796116257181609,0.9205903021784966,0.8977789131855226,0.5802603165038059,0.7466540632577293,0.4815710549027525,0.994210452396186
0.0,0.6766028523705514,0.8145338297194253,0.6425025296297096,0.6622438805322928,0.0,0.9255094869992972,0.8951898560051879,0.5786922317361837,0.7510884267073108,0.4819051081888043,0.9748865070839968
0.0,0.6775022484902995,0.8111491577054146,0.6365938379919905,0.6172776686045899,0.4853336552511242,0.9276177090653548,0.8826474215053868,0.575891757221847,0.747841196842145,0.4837169681895224,0.961377125787002
1.0,0.6681228318129259,0.8051560307139618,0.6093015572232916,0.5985676039341812,0.5076543053501661,0.9564300773014754,0.911721501947934,0.5740883060445411,0.7528413222537615,0.4850199843822594,0.9800534730008392
0.0,0.7021713992033921,0.7973423221339679,0.5729188669961569,0.6326337861101874,0.4855069986047623,0.9959116925592796,0.9089555831765326,0.5720801182921559,0.7497857730064388,0.4835918290475364,0.9956640399769368
0.0,0.7112938455608377,0.7887757527814028,0.5315561692378459,0.6424434270756838,0.4908358936261194,0.8686233403214538,0.8942367685422182,0.5705548912907318,0.7463000865768905,0.4855106078307891,0.9955577182682952
0.0,0.7331363227547217,0.783927387874068,0.5137368175788704,0.6174850148806152,0.538675271920437,0.9930247305009504,0.8828881497821163,0.5674009982159626,0.7295015138708683,0.4843186377721237,0.9811441937913812
0.0,0.6447385326994732,0.7800022909699842,0.4952854371744566,0.5508993729774084,0.4921776337727725,0.9351921627731716,0.9008936423170832,0.5639516852169942,0.7129343145249409,0.4882226961845123,0.9607213094445392
1.0,0.5542849800848003,0.7782644639125242,0.4881604440730212,0.4911714017062762,0.5331572001418775,0.5614167294649594,0.8849367965453036,0.5601101859678933,0.6938819909911162,0.4866630908604183,0.9244681905139364
1.0,0.5993832712321727,0.78165939900525,0.5046115212912426,0.4993165876856227,0.485475313167341,0.6714393368500369,0.8629224412794954,0.5571352463075813,0.6829456103823737,0.4846558086731506,0.8687404816116046
1.0,0.5018630348194787,0.7832544223986322,0.5272849677825264,0.4411670456286662,0.4595368377312209,0.6488319517709124,0.8922519884646939,0.5567533196671631,0.6868228563174112,0.486297977974187,0.8967252565593615
1.0,0.4730823589875371,0.7864511702064879,0.573156789648521,0.4578294726472989,0.4725257452421482,0.458005249343833,0.8415565785142642,0.5572509203504245,0.6985955488228628,0.4726424274145486,0.8973616261803925
1.0,0.4918411923422844,0.7879290005988964,0.6015244926588177,0.4267205651494486,0.4189286515179289,0.5374015748031491,0.8259288918147473,0.5582998350081542,0.7112400925019748,0.4732639696935344,0.8892936297206557
1.0,0.5195939868945136,0.7887529764123153,0.6228127281288126,0.409498192424599,0.4306225025461483,0.5538057742782148,0.8388152238527332,0.5573012600443584,0.7157194596031934,0.4717192042799716,0.9080701908377404
1.0,0.5125273030964921,0.7883165497623663,0.6179463401023185,0.4032092762781969,0.4346594606160159,0.5826771653543301,0.8433350200688776,0.5555908297939037,0.7183613744252636,0.4686057468791319,0.9139364947005773
1.0,0.5734292689194397,0.7884777327863997,0.6087392952381079,0.41403121762498574,0.3749897007842792,0.6889763779527555,0.8589676195903688,0.5540293719126116,0.7164942903143354,0.46749005351069206,0.9295750952725784
1.0,0.5869202107156624,0.7869524716684311,0.5960241370897659,0.4276736422008643,0.4167297672348781,0.7749343832020995,0.8535340384870473,0.5522539837729948,0.7135965976092826,0.4701820901743598,0.9279731993299836
1.0,0.5711165360400875,0.7848349542755179,0.5763540260683603,0.4623983029580787,0.41351443639651,0.7329396325459324,0.8648482674933307,0.5502184326928682,0.7079062231738403,0.4682751717892146,0.9392084147081842
0.0,0.5691892586406271,0.7830510656404039,0.567307065068681,0.4605297374812252,0.36796494221738,0.6154855643044613,0.8537305513660102,0.5479846114305321,0.7040377258259768,0.4674733232147321,0.9054296226401294
0.0,0.5664910702813829,0.7824057922398457,0.5643970873251034,0.5078312648475555,0.35337624394690664,0.6095800524934393,0.829195918427504,0.5454538705481912,0.6998913650455216,0.4681793652596238,0.8704731810435
1.0,0.5402800976487216,0.7822625534328722,0.5708851719161988,0.53057913646452,0.4194649586388441,0.5216535433070875,0.8461058516622533,0.5431577586916084,0.7036678215055743,0.4672552146124303,0.8743352863297567
0.0,0.5709880508801233,0.7834804809723925,0.5876947869067289,0.5130559573616824,0.4090326811798848,0.6581364829396322,0.8499820681997946,0.5399730993196817,0.7034273981805028,0.4682252637257798,0.8661795147498776
0.0,0.5596813568032892,0.7829334738901073,0.5929423137269793,0.5506958922217751,0.4115015326529554,0.6555118110236222,0.878741728036001,0.5378197613190446,0.7041126970032261,0.4694944686934488,0.8792141200909934
0.0,0.5709880508801233,0.7827656595821124,0.6026048116212354,0.5628496105615207,0.4144418168123699,0.7303149606299205,0.8559167571444712,0.5351347188845751,0.6952602496360959,0.4690308891542137,0.8614030852954729
1.0,0.509700629577284,0.7813164202449618,0.6007306759712506,0.5400373951134241,1.0,0.4625984251968509,0.8746788242634451,0.5341358199551872,0.6972530988235062,0.4724702473691523,0.8593939128786222
1.0,0.4692278041886167,0.7825060755499229,0.6088614201848913,0.4741748511599104,0.4363178669013055,0.2506561679790039,0.8384369365607298,0.5328235925220978,0.6996493974038079,0.4690643731974338,0.8392558721670305
1.0,0.4678144674290122,0.7861840869776289,0.625371044621956,0.4702456289058717,0.3764727765555992,0.05052005943536452,0.8261204918717359,0.5322847279831157,0.7089182699056487,0.4709716022217855,0.8265337325150584
1.0,0.5144545804959529,0.7925584359721731,0.6673350858708534,0.5062143235966396,0.4124649803563925,0.2317380352644829,0.8286505951883818,0.5294882859429048,0.7026743998801088,0.4714963047122947,0.8243007801110787
1.0,0.493126043941925,0.7961466808882296,0.6938283783225541,0.4802440462516814,0.3497962766059037,0.31024390243902505,0.9006971294381205,0.5268631048057729,0.6965833229282008,0.4807789072649502,0.8744284281864018
1.0,0.500192727739946,0.7987462635092077,0.7184818261609243,0.491471118633062,0.0,0.11024390243902396,0.9056836437418018,0.5244004774871046,0.6894930344252231,0.481037549313603,0.8941223662542754
0.0,0.596299627393036,0.8009827405915615,0.7228789865694721,0.5915246904724895,0.4903062371180638,0.7668789808917179,0.8872703869829867,0.5239873459022558,0.6980410608150759,0.4817204265110345,0.8774015116328168
0.0,0.6297057689836826,0.7961799915603922,0.705029274093624,0.5971284096152693,0.41731143403826176,0.9045020463847216,0.944106824401004,0.5239506836661955,0.7100607016030093,0.49089627163621397,0.9813086742952049
0.0,0.7196453809584995,0.7905629993730534,0.6845032740854003,0.6970476012686454,0.5534360254867055,0.9599999999999996,0.922367587165744,0.5230443117827225,0.7185286825870841,0.4898404237816622,0.972265619502034
0.0,0.6954901708852629,0.7851972826851632,0.6794552847002899,0.6768058933623351,0.5620516557501871,0.8377298161470825,0.9441903423745632,0.5215671779390866,0.7267844694158893,0.4899301697112429,0.9992821855339272
0.0,0.6927919825260184,0.7833121961704697,0.6943145189884748,0.6694302885849246,0.5765745839418869,0.9257673090649544,0.931903374617414,0.5193985034786349,0.7342106640550623,0.4923421245016845,0.9898674040984188
0.0,0.6595143260953361,0.7818236680194814,0.6946305349085093,0.6361786781502511,0.6028455028979699,0.7030692362598151,0.9333330058118684,0.5173031449794004,0.7397460148165832,0.4924527466852587,0.9945259873785716
0.0,0.6151869459077479,0.7819055183471049,0.68867695729054,0.5514223529799779,0.5988920481125529,0.7216274089935759,0.92000943261819,0.5153390999759823,0.7483995099178096,0.4910092137639255,0.9927246904007944
1.0,0.6178137651821862,0.8010516202679745,0.8244973655169938,0.5540751390741334,1.0,0.4977073780741985,0.5311792246584358,0.9876416516802424,0.3621795260509752,0.5148829710661211,0.8304071745702466
1.0,0.6149797570850202,0.7968594648420588,0.8065963755291521,0.5509621189868069,0.5362037111325146,0.3122134222592756,0.5503146662474392,0.9869499786981384,0.3734012125176319,0.512543642142056,0.8441504231124378
1.0,0.6368421052631579,0.7935385444900147,0.7957083261437385,0.5742909475653161,0.4422835300273428,0.0942528735632192,0.5056325503932712,0.9871529967170954,0.3794693767671601,0.5132126448304439,0.7967542406112043
1.0,0.7708502024291499,0.7942646646693896,0.7822049966791005,0.6600866100792399,0.4493555696540559,0.5561312607944732,0.4443696603766172,0.98907596165884,0.3873330370821911,0.5125066462338401,0.7553474075666925
1.0,0.7846153846153848,0.7905072529892332,0.7533758173545799,0.6759989960269706,0.4675828172615478,0.7366495976591079,0.4523529960844807,0.9914210967093784,0.3924143193425438,0.5129254659326258,0.8019024248327156
1.0,0.7761133603238868,0.7854268462132385,0.7148174644344322,0.6716205498930401,0.492337357499913,0.6269202633504029,0.4652982819861557,0.9922003182759694,0.4032666755754648,0.5137651400301384,0.8346952199046259
1.0,0.8255060728744941,0.7818265866663332,0.6813427325452474,0.6652250514697622,0.4797007332105103,0.6522366522366528,0.4500587082225904,0.9924233138150031,0.4118320321707691,0.5127758354825722,0.8094539382976842
0.0,0.8295546558704455,0.7775512777054747,0.6449455129630524,0.6444995461385277,0.5594314795628346,0.709798994974875,0.4829353128730672,0.9919582176922468,0.4167895854843183,0.5149566290052425,0.8754822469863516
0.0,0.7902834008097166,0.7734317646957474,0.6254044971401513,0.6192497627620331,0.5158560454453059,0.5590452261306535,0.4838097951844516,0.9911112013477468,0.4144578965020765,0.5150564339747568,0.8669061563175934
0.0,0.8582995951417003,0.7761950535556537,0.6344834411840596,0.6637006609256073,0.4952329581834253,0.6992574257425743,0.452490555099755,0.988750172991494,0.404933441998414,0.5130030892648807,0.819282289993296
1.0,0.777327935222672,0.7757515163840351,0.6385110126872148,0.5817525354942304,0.4846399541227799,0.6940211019929661,0.5130951269718839,0.9856792075852584,0.3896700366259367,0.5136055825052577,0.8716622183993827
0.0,0.7967611336032391,0.7766460184550692,0.6495905316238415,0.6055470260370533,0.4833333589700718,0.7936694021101995,0.5378704881871192,0.9824611923581102,0.3763916882470584,0.5154508427490749,0.8637185827946923
0.0,0.8259109311740891,0.7725370712229689,0.6500803599170403,0.57769722418777,0.5069629728341151,0.8135990621336464,0.5695483642759236,0.97969458939292,0.3588682834100462,0.5139864191718035,0.901887245911178
0.0,0.8089068825910934,0.7652857087877469,0.6531616214754872,0.5506703408226001,0.4974864477502471,0.8382180539273159,0.5868316719807025,0.977193783229672,0.3452527061900388,0.5115209181071798,0.9127654730131424
0.0,0.8485829959514172,0.7565243988586163,0.645027979118572,0.5261478429865385,0.561671642202972,0.8675263774912081,0.6078929397835411,0.9746587407276592,0.32993605369337065,0.50934756105238,0.9151435040540368
0.0,0.8947368421052628,0.7449798170296753,0.6285724090019793,0.5026342347091571,0.5566633572133457,0.9073856975381008,0.5998359117460662,0.9725064470425164,0.3221658506259182,0.5088450487599274,0.9034177871662216
0.0,0.9068825910931176,0.7334750672702697,0.610271906253395,0.5197290115722308,0.5560046041550835,0.962485345838218,0.6087084682312371,0.9708578865232956,0.3144224056694737,0.5094554826554583,0.9169712991891928
0.0,0.8587044534412954,0.718361266688843,0.5696170801860332,0.5165433302597683,0.5098845492767631,1.0,0.6253629347233342,0.9702160610409002,0.31476821409745226,0.5069432320140335,0.9282100256776756
0.0,0.8696356275303644,0.7032982622178952,0.5265998103612473,0.5261190993223637,0.5146440247092839,0.9709543568464728,0.5969127826714942,0.9693507330539624,0.3168613912744665,0.5084008223467535,0.9249212593445236
0.0,0.8449392712550609,0.6899361488101559,0.4931405122876014,0.5582659592547221,0.5141631199304872,0.939142461964039,0.5687082717183576,0.9690483998167128,0.32602733340460466,0.5066086913008683,0.8860189483537194
0.0,0.7696356275303644,0.6774113068127772,0.4746154000655303,0.5428611796215577,0.4592131786576429,0.9607535321821036,0.5657409272460192,0.9690940883700292,0.336038378724192,0.5063489951588641,0.8890673817625254
1.0,0.7542510121457492,0.6662060936501131,0.4620285300639442,0.534392753296642,0.5681347696714714,0.8320251177394036,0.5337977587706151,0.9700380548412048,0.35215867733349804,0.5075721826914087,0.8864047459428004
1.0,0.697165991902834,0.6546011577423805,0.4303636282967626,0.5460947606724946,0.4587424817955019,0.9927710843373492,0.5113314238831926,0.970740792172978,0.36445026697735294,0.5095618681094003,0.8842607232756113
1.0,0.6182186234817812,0.6496622748043834,0.4185571591891543,0.5317909715148155,0.0,0.7290969899665547,0.45327660661560604,0.970060217039902,0.3749874147659956,0.5057007176331587,0.8076957132195756
1.0,0.566396761133603,0.6519658368670695,0.4193687044804213,0.4868536328114398,0.4869594558848853,0.8259755055539729,0.4128833843448017,0.9684221422996876,0.3777485466042,0.5029376121693906,0.7492884880529241
1.0,0.5113360323886639,0.6549969619047613,0.4311725660773619,0.49295216396606,0.4754982487071432,0.4539473684210524,0.4532864322595544,0.9668619232443736,0.3846287879200714,0.5021764514155406,0.7851929620400468
1.0,0.4251012145748988,0.6592684944753795,0.44643828217591097,0.4671271497066586,0.5542374089122307,0.13963328631875904,0.4524266884140921,0.9645147687752814,0.3873269826594175,0.5021516106144432,0.7754721277053265
1.0,0.3785425101214573,0.6679762291385349,0.4797752856807401,0.4602445462458054,0.4871273832282773,0.13963328631875904,0.4271305680696046,0.9628605460350124,0.3882732201694742,0.5004669965841297,0.717760603109149
1.0,0.3364372469635629,0.6745669264979004,0.501495519106723,0.4871728021645804,1.0,0.10119840213049328,0.4209600636701728,0.9613112008853664,0.39119284977665736,0.5037060294739792,0.7146362750926548
1.0,0.3493927125506071,0.6820152173411114,0.5183133972485616,0.4987139541827523,0.5070914246996903,0.02061882240750572,0.43874447921630655,0.9619311675875594,0.3966739674851598,0.5013285643609326,0.7234969705402429
1.0,0.4000000000000001,0.6918457023522642,0.5507744065345153,0.5306197582851278,0.5522501400162273,0.17444717444717464,0.3797070975539063,0.9633993786810128,0.4084151771167557,0.5006057226116603,0.6911848413170246
1.0,0.3842105263157893,0.6958242128966929,0.5579378781750145,0.5228319040004432,0.5368537648909807,0.21990171990171975,0.4319107438503751,0.9653300910017903,0.4080867863527631,0.504275380062184,0.7922068887005578
1.0,0.4093117408906883,0.6976799696410845,0.5659741042070958,0.5484830636150911,0.5208612091969479,0.15233415233415254,0.4375899660523999,0.9643234699445472,0.402815381627606,0.5009851539342995,0.7940916047914793
0.0,0.4510121457489876,0.6984084366045211,0.5530244929628614,0.5248815245796418,0.5593820850868098,0.2297297297297294,0.443603260148662,0.962730388383318,0.3869161991400325,0.5015301084831307,0.7675980621576837
1.0,0.4651821862348177,0.6984568513226614,0.5492312443124353,0.5367965632034821,0.6065064328555188,0.1400491400491401,0.4484030872173288,0.9613664079880012,0.3770619899170157,0.5018177252033916,0.7894746828237855
1.0,0.4461538461538464,0.7007271306707028,0.5462063179702545,0.5138296562839046,0.5884669667373948,0.04176904176904219,0.4120531174311836,0.9613035843758531,0.3720499153218565,0.499273827058871,0.7411740895809354
0.0,0.4753036437246962,0.7077023312320199,0.5672986863837985,0.4886655042534685,0.5520381919947794,0.06265356265356241,0.3589504247134596,0.9615754470569025,0.37630658053835264,0.4990887999761262,0.6836017050988525
0.0,0.5234817813765182,0.7167124170285619,0.5974142239981663,0.474452694965217,0.5992977524488311,0.1818181818181823,0.35075583766071045,0.9618387430049076,0.3885249483840766,0.4984410563459755,0.6917224281214819
0.0,0.4348178137651823,0.7235081320589183,0.6237288538887429,0.4406428320939975,0.5949392313741458,0.019851116625310628,0.4310510000049128,0.960952912408882,0.3875160275762154,0.5006741365747782,0.78372566629141
0.0,0.4582995951417002,0.7342401084338497,0.6510543923761469,0.4107637103570489,0.4855947212808454,0.025906735751294784,0.3879360743604733,0.959195334772932,0.3904611944737912,0.4976068870458527,0.703271057591358
0.0,0.559919028340081,0.7425829760913245,0.663750333100866,0.4538153087538401,1.0,0.16600790513834052,0.4166171290450947,0.9584117257232364,0.3915656023990453,0.4997635782440013,0.7464930366697448
1.0,0.5578947368421051,0.746667517996966,0.6692600738598189,0.4513234051884123,0.4580094519828588,0.1009296148738377,0.4432593626104773,0.9562938009423021,0.3875846382453305,0.5017454542195628,0.7880516589296331
0.0,0.58582995951417,0.7551618245802585,0.6951977317174929,0.4270385581690989,0.4717328680836279,0.05627705627705636,0.4178698986484827,0.9547959752442524,0.3774541518007805,0.5000831073054021,0.6948467561379766
1.0,0.5834008097165991,0.7646279621112335,0.7391952458845283,0.4250678123151341,0.5126868933116628,0.057720057720057526,0.3830527293182477,0.9532170298998658,0.36851322341166304,0.5010190817910601,0.6829882236867073
0.0,0.6421052631578947,0.7765294119085278,0.7999062831952709,0.4774124227939824,0.5727259764009155,0.25038880248833584,0.3597708659831293,0.9529907812369104,0.3683145086830443,0.4992774808311167,0.6438772025247608
0.0,0.65748987854251,0.782641252688377,0.8385558880306396,0.492718684755941,0.5695064590649551,0.3779160186625194,0.4663791028204515,0.9509140321037376,0.3464858100533881,0.5037960633249753,0.7612545378650849
0.0,0.7161943319838057,0.7860229294874583,0.8745122548033331,0.5039816241113587,0.6155176219173093,0.5412130637636077,0.5441982028897221,0.9470343526872936,0.3177468128792437,0.5061223663419754,0.8290853434863454
0.0,0.7655870445344132,0.7847184352443526,0.8867812588211537,0.5174831281100989,0.6331403008066044,0.7200622083981343,0.6046799542124988,0.9444074546103428,0.3001618919029612,0.5071631458824287,0.8599997470179741
0.0,0.8056680161943321,0.7790951265101123,0.8861869751430628,0.523618261061562,0.5894871192876332,0.8460342146189732,0.6414671651543363,0.9418736226241744,0.2984834553561692,0.5096290182918909,0.9396258395840976
0.0,0.7850202429149798,0.7711758388919037,0.8751969449675949,0.5082818577472961,0.5358898248272933,0.7029548989113537,0.6668517162943568,0.9400609093420206,0.2980259127217736,0.5078923994323954,0.9493466739188179
0.0,0.7785425101214575,0.7637572234941568,0.8693558259907361,0.4913393042661093,0.0,0.8627118644067793,0.6847638652118164,0.9364350814792431,0.28877520694555936,0.5055599611372485,0.9612368291232908
0.0,0.8635627530364373,0.7558662288890596,0.8659260375774279,0.536482270445827,0.5290679894050647,0.9915254237288141,0.697645284427828,0.9351317517826676,0.2930966837163511,0.5066448251719465,0.9546592964569866
0.0,0.7846153846153845,0.7422284960636021,0.8388170930555895,0.4937516175558462,0.5123770286815591,0.951923076923077,0.6878294661236356,0.9337452681902416,0.2965901801847713,0.5053140389756553,0.9959522875899663
0.0,0.7753036437246964,0.7336647027230899,0.8270748316355954,0.4866963236394218,0.564611447562553,0.9650053022269354,0.6603225758908171,0.9350167108339285,0.3139360947397508,0.5036208800367877,0.9997795650082829
0.0,0.7425101214574901,0.7241134165880645,0.8128247874796153,0.45842218816108,0.5499183572743354,0.8989637305699499,0.5869102771322876,0.9354718102280264,0.32500500200086635,0.5013951488867169,0.9912634591795008
0.0,0.7340080971659918,0.7182371769282103,0.8169469311852129,0.4506306106522915,0.4808684481533277,0.9101449275362312,0.536509636500302,0.9373300988130708,0.34705579239372264,0.5013918885059963,0.9434510017718409
1.0,0.6995951417004049,0.7113842228689444,0.7986086596937313,0.4619201753366363,0.4564595837710631,0.7507246376811598,0.5326530712506568,0.9370246681956051,0.3565692909434077,0.5009365210650623,0.9655308709281716
1.0,0.7408906882591093,0.7064463608208507,0.7859604491287963,0.5060011671158392,0.0,0.7041095890410962,0.5155220610270743,0.9366922236420588,0.3654942787406419,0.499796427246016,0.9324246967425374
1.0,0.7769230769230769,0.7016593492039729,0.7634269718486916,0.5749254714348034,0.4843243534348766,0.970786516853932,0.4989609381524839,0.9359763605487288,0.3734863103689071,0.498415714317061,0.9340261687338146
1.0,0.7481781376518218,0.6943641652662091,0.7514223632923921,0.5757482566475145,0.5236487965713144,0.9977190301316124,0.5186760927344278,0.9357428391031648,0.3866110019252715,0.4998391081544306,0.9707509881422924
1.0,0.7101214574898786,0.6880018715970255,0.7522480050703881,0.5382469448409192,0.4978567565592505,0.7822801670039187,0.5149767377879527,0.9340188706907578,0.39553106561189255,0.4995213256266453,0.9729726046067869
1.0,0.6728744939271255,0.6846533161215509,0.7473646441808977,0.5317715999114767,0.518147926502055,0.6823851848057165,0.5024490417540739,0.9321529911506172,0.3872077037111601,0.4987492390006775,0.9350415701240284
1.0,0.6562753036437248,0.6820220878392507,0.7368742906277209,0.5110233597429371,0.5285009210679011,0.5645603340078371,0.4930508133176781,0.9298013559256284,0.3739888721154549,0.5017541759005794,0.9271091726863842
1.0,0.6902834008097165,0.6785302226109033,0.6919635270950226,0.5037173385259881,0.5288866749045658,0.5824902026075145,0.4816628919817834,0.9279504971339428,0.3645651399549629,0.5010143511587705,0.896558538912362
1.0,0.7384615384615384,0.6735313232160975,0.6415218321128664,0.5098760177603251,0.5047038317499604,0.6850574712643669,0.4685309188450938,0.9261869453189668,0.36740090468244346,0.5000941059445545,0.8739948207714321
1.0,0.7785425101214578,0.6685510189885633,0.5882183067058239,0.5089590263185435,0.512512233997032,0.8119312436804854,0.4772413522051203,0.9260399855803804,0.3757866225939719,0.5007457102499254,0.8898528008722911
1.0,0.7526315789473683,0.6607258243643981,0.5402898637505821,0.5306615180560313,0.0,0.7471482889733833,0.4554087713523525,0.9254973054089398,0.3817339675961916,0.4989215272272374,0.8972127572577342
1.0,0.8036437246963561,0.6557250430423558,0.5228327635576098,0.5773064395489242,0.564555453689754,0.7535211267605624,0.4562390382659701,0.924363090670345,0.3862672060490453,0.4990391361698044,0.8832288401253916
1.0,0.7728744939271255,0.6505878453272479,0.5081331555631475,0.5799982731034453,0.5547073257457069,0.8844696969696969,0.4767107674319208,0.9215762221590416,0.3818780150436272,0.4968995783637091,0.8957339512062151
1.0,0.72834008097166,0.6471810546802095,0.5046452984708436,0.5738255763264538,0.0,0.8068181818181823,0.4399088180241612,0.91755547719035,0.3691193338551194,0.494294936807014,0.8237767479896415
1.0,0.7781376518218623,0.6431871930241833,0.4841498284780944,0.5830421009290824,0.5302081139106959,0.9450757575757576,0.4668949491277285,0.9146545019112768,0.3599232351567643,0.4965109093646173,0.8063172958975059
1.0,0.7506072874493928,0.6364001169996367,0.446855318739797,0.5626468627242189,0.0,0.7525773195876294,0.4341264265606808,0.9119164689769054,0.3511248794963626,0.4977064140426675,0.7724955703966201
1.0,0.7417004048582997,0.6342609981734189,0.3817069083309802,0.5446459497399154,0.5112699319542839,0.9134020618556712,0.4052095564213037,0.9114361780229088,0.35274846280466376,0.4955580909391003,0.7157012402889464
1.0,0.7364372469635627,0.6296749257556846,0.3010054952783455,0.5403041408064834,0.0,0.8783505154639183,0.4318026617669458,0.9107393515047414,0.3553603632656702,0.4976111889231361,0.7698855117895598
1.0,0.7469635627530363,0.6242898323399522,0.21863273219957294,0.5504058431029093,0.5116274159445943,0.8342967244701349,0.4356051859748761,0.9102988049869072,0.3592588724181224,0.4942056180849842,0.7705601744582253
1.0,0.7234817813765182,0.6177311810387824,0.16803219608578707,0.5689566542421879,0.0,0.8190661478599224,0.4463151378783485,0.908903113079778,0.3612660757289139,0.495055708665746,0.7862545999727406
1.0,0.7720647773279351,0.6142477618234765,0.14348247866181302,0.5658895746742049,0.4366498731672598,0.8774319066147855,0.42813278375231534,0.9074406262830316,0.35586270321800817,0.493732891900545,0.7458566171459724
1.0,0.6680161943319839,0.6089798219702474,0.11194122632596763,0.505209608236854,0.3903143105220144,0.7331838565022427,0.41698067787117626,0.9057930563054508,0.3534458735130903,0.4928933601922876,0.7262709554313753
1.0,0.6445344129554654,0.609773804926079,0.11567552232272847,0.4799415816185105,0.4538519252937374,0.7466367713004479,0.3672678323155599,0.9055891792337708,0.3606139574011201,0.4889760012919554,0.6456930625596289
1.0,0.6615384615384617,0.6075999203037911,0.10448304829914816,0.4973896888698783,0.41325465790298055,0.8609865470852024,0.34912969358729345,0.9063606378840322,0.37549479970289423,0.4874189107602656,0.652139839171323
1.0,0.6643724696356275,0.6016598986995274,0.07941341727963712,0.5003107757361733,0.0,0.7757847533632287,0.3698224997420768,0.9066304708019668,0.3883580718522817,0.4890780969859064,0.6974717186861114
0.0,0.702429149797571,0.5985279123593326,0.055221230001298416,0.4877770945929176,0.4322162061511055,0.8946188340807177,0.3828709549052072,0.9064287662884244,0.3960462277605389,0.4901725350199325,0.6871064467766117
1.0,0.6421052631578945,0.5941842503616332,0.02562532974268861,0.4761318930088968,0.4537718534367701,0.9099307159353348,0.3947894610143015,0.9053514404157508,0.3998284357510196,0.4910812658404163,0.7261823633637726
1.0,0.593927125506073,0.5948223694239949,0.0260938036827848,0.4833686274260494,0.5164476415699262,0.8045685279187826,0.4044235049054528,0.9060787799640077,0.4133184878613197,0.4918691358917499,0.7250715551315251
1.0,0.4502024291497975,0.5975158738273318,0.021508703287154485,0.42041496050339655,0.5151297847772692,0.4125230202578273,0.3364202231403741,0.9049158173175316,0.4130649161615235,0.4900435248345068,0.6704988414883466
1.0,0.3777327935222672,0.6050196959041243,0.03290807884501345,0.4168757566860764,0.5280667590825439,0.21311475409836034,0.3372357515880697,0.9034348682909399,0.40675962231656415,0.4901602220311472,0.6293716777974646
1.0,0.3574898785425101,0.6118986316676114,0.027966527659110785,0.4074994537517421,1.0,0.2406483790523689,0.3398493728782748,0.9005173007551112,0.3877162440934221,0.4904190912082492,0.5978601608286764
1.0,0.2821862348178137,0.6147210448624483,0.009116598853303516,0.37065594949012665,0.5265426424633948,0.07125890736342058,0.34695331345278024,0.8983390407237725,0.3726386234005065,0.4910216439569127,0.5922516014719909
1.0,0.35425101214574894,0.6221592945771601,0.008030352792464446,0.394945637592745,0.5533809209514807,0.13169642857142852,0.2880338395177576,0.8957194725996119,0.3595310076933221,0.485997611681476,0.4893757666621237
1.0,0.3736842105263157,0.6273272166769244,0.0,0.4066909105821425,0.4972769527819281,0.20870535714285685,0.35776643461770874,0.8937169562977799,0.3508677961665204,0.4883419647744216,0.5352119394848028
1.0,0.3421052631578946,0.632721092458103,0.0015758368624465555,0.4244558822949124,0.5221294182152151,0.15290178571428542,0.39991353433325627,0.8926098722607155,0.34684411592682873,0.4882717955050132,0.5830039525691697
1.0,0.3125506072874494,0.6423226323811149,0.01363073082462274,0.4346493981248237,0.5371230717774391,0.07924107142857152,0.3748434037995766,0.8918551246853271,0.3439907260814954,0.4898046215588602,0.5665121984462314
1.0,0.2995951417004048,0.6628524632901691,0.07533031891808506,0.43176759829895417,0.4995646834458977,0.17868338557993738,0.40884995750408987,0.892050932982858,0.3437175060483174,0.4890434472504544,0.5830039525691697
1.0,0.08825910931174086,0.683064259226621,0.13368289949662435,0.4111183531115015,0.5311405646660501,0.16324535679374402,0.4045905408525709,0.891926214419753,0.3427521084554899,0.4886106842799303,0.5960610603789012
1.0,0.02186234817813759,0.7048804100783999,0.19798551336940276,0.4250975131790654,0.619725352711843,0.03659337272715084,0.4020800888238212,0.8909334954581068,0.3382157670740238,0.4883593711304875,0.6032233883058469
1.0,0.03805668016194319,0.72233944322063,0.22843844286418635,0.4318349959823103,1.0,0.06353837118987628,0.4832251693695376,0.8895453175368554,0.3332464962924723,0.4916168436641348,0.6569578846940167
1.0,0.0,0.7374989089529826,0.2401427112437836,0.4203056803011277,0.54219553200268,0.006706196601436033,0.4999484153692722,0.8883536832734008,0.33231799897769176,0.4929977140936515,0.6864794875289626
0.0,0.06720647773279331,0.7576452752853722,0.2670278173484882,0.3885149683656409,0.5707233721272412,0.01302270748942746,0.4411075465858345,0.8893645003090763,0.3435061935299686,0.4917603536412383,0.6324860297124166
0.0,0.09028340080971642,0.7719017423743321,0.2716634116693238,0.3987857213082905,0.5229856753988751,0.056888669559078425,0.4898820431444025,0.8914295082385079,0.3614352991774944,0.4957421028872048,0.7220253509608829
0.0,0.16882591093117388,0.7855273423594371,0.2886572267986982,0.4558462382319401,0.5303733574938616,0.06178643384821993,0.5025915135913219,0.8942960785249082,0.3834847735356708,0.4966009290630462,0.7729317159602013
0.0,0.16801619433198373,0.7998114375929686,0.2979321829335842,0.4486525995956727,1.0,0.031564808596373325,0.4467916816098335,0.8966973874118301,0.4068567695459243,0.4953938353540792,0.7651219844623138
0.0,0.14574898785425078,0.8193385743853923,0.33718209687883083,0.4873759725902492,0.4773728560213911,0.004029550033579259,0.4109329940210957,0.8965438401631062,0.4069541651642597,0.4962025600480349,0.7290786424969333
0.0,0.2291497975708504,0.8432524501600103,0.3833719410588524,0.4805867431033131,0.4408304666923787,0.07591442374051079,0.40951318847058976,0.8940435126043457,0.39444065881291934,0.4962746411609034,0.6697969197219574
0.0,0.2481781376518217,0.8632562332188582,0.428390521598783,0.4297310001431766,0.3776292902482132,0.04209748892171344,0.5181012925634612,0.8919397844212121,0.3807171752540132,0.5015629693907931,0.8031688701103988
0.0,0.3716599190283401,0.8855207603663733,0.4790383853249179,0.4541357513592267,0.42682784266582985,0.016159695817490653,0.5048661501653164,0.8896648144313529,0.37497712822563145,0.5003373698253408,0.8038639771023577
0.0,0.4072874493927124,0.9002303708111967,0.5273171227646118,0.4777819466830082,0.5031315491174544,0.05693581780538271,0.5479515988779113,0.8880566927503578,0.3748029323347437,0.5002594016372464,0.8229112716369085
0.0,0.440485829959514,0.9133047882711264,0.5692243613184294,0.44927396184005547,0.5164677062275485,0.11615628299894412,0.5546772521604135,0.8836237221187632,0.3567433626637009,0.5007744815840817,0.8379378492571894
0.0,0.4489878542510121,0.9236268685865292,0.5985213090183543,0.4560677535874881,1.0,0.1721224920802536,0.6672545676962303,0.8797216716046318,0.34474248278668784,0.5064833377915228,0.9201921766389528
0.0,0.41821862348178135,0.9316344482998538,0.6062109189071496,0.4091897587776295,0.5273938817075787,0.04540654699049625,0.7110622012390136,0.8773377306278106,0.3425806748666941,0.5064066789933458,0.9612034891645084
0.0,0.4720647773279352,0.944626625427192,0.6256960606864646,0.42463666448948173,0.5516415225360639,0.0022598870056492674,0.6431227861595981,0.877247404222797,0.3549358913434193,0.5039626807944729,0.9405002044432328
0.0,0.4773279352226721,0.9573051767492041,0.6507794583866271,0.4288956968927837,0.474355929517394,0.019495412844036882,0.6293423205223312,0.8766975589510021,0.3623514243119814,0.5064800147900976,0.9341420198991413
0.0,0.5129554655870444,0.9714922506865298,0.6927059776832726,0.4178097661583658,0.32469569988190644,0.012805587892898646,0.6802637202835677,0.873022022205694,0.3492957760794213,0.506964638676507,0.96579721219647
0.0,0.5902834008097166,0.9865611098478728,0.7385649545935953,0.4356753964683506,0.5284944566001955,0.11276332094175914,0.6935086883256611,0.8711559048070182,0.3464067801342846,0.5082500835766249,0.9491768269801526
0.0,0.7979757085020245,1.0,0.781610751353568,0.7128426817234648,0.6360269320262929,0.7096774193548382,0.6355865172513743,0.8690790634239348,0.34214538878439915,0.5027965071434312,0.9503162376251136
0.0,0.8315789473684212,0.995718289747536,0.7777901573306277,0.7900263404627844,0.7115435492314056,0.8724340175953073,0.6726046308259926,0.8691438451284822,0.3472105395906557,0.5021298460171558,0.952861148826134
0.0,0.8607287449392713,0.9877668668624896,0.773578266527756,0.7785551313452147,0.6409404438714416,0.8812316715542521,0.6611577556264089,0.8695624672711685,0.3601487758770009,0.5008393620194007,0.9746873443544588
0.0,0.8429149797570852,0.9801467147786886,0.7820831572978217,0.7259759922739452,0.6052046895043464,0.8932778932778929,0.5877700209777498,0.8683161195520642,0.3617194359805965,0.4981327674460186,0.993018928636383
0.0,0.7736842105263159,0.9713645266083646,0.7865244744003812,0.640671561720285,0.0,0.8475398475398476,0.6339014193142679,0.86873503670035,0.3761015385639472,0.5021791785519819,0.9606444107589802
0.0,0.8097165991902835,0.9631838291026602,0.7891518978047841,0.6238223473502017,0.7195404949266179,0.8572418572418572,0.5665908454475332,0.8688481991934284,0.3842011051872184,0.5000526123234235,0.9596855501110444
0.0,0.7206477732793521,0.9510379319973312,0.7629279359315908,0.5860760374319655,0.6502996364636512,0.8508341511285578,0.511483721364389,0.8720083331584382,0.4085524655340299,0.4954587276919483,0.9649874854584553
0.0,0.7060728744939271,0.94635219316273,0.7667705550151281,0.5717686338703203,0.41146987685846986,0.9342105263157898,0.5059224068897418,0.8721761381976602,0.4160770562973791,0.49878581052762105,0.9995068307619832
0.0,0.702429149797571,0.9406831559183008,0.7652771546937409,0.5651772476262089,0.4319997052268698,0.9829890643985418,0.4845074159047696,0.8716952449691046,0.4211351961042942,0.4973419330315912,0.9859175256165831
0.0,0.7133603238866396,0.9357140684362706,0.776655291518523,0.5777770978849721,0.4143944239505702,0.9096945551128808,0.4503240006091901,0.8712841350371344,0.4297158391478765,0.4945526599488297,1.0
1.0,0.6736842105263159,0.9303948248615213,0.7852955706584801,0.5685618408911739,0.4582022843921461,0.8964143426294819,0.42957224059071797,0.8710784246795863,0.4414582073458878,0.4930978391639168,0.9817780360255668
1.0,0.6886639676113361,0.9263458403121324,0.7982603107136366,0.5840108217622838,0.4506310728677683,0.7822045152722442,0.4334877597040516,0.8693101916751459,0.4441854519571122,0.4896812689329903,0.9950352777190468
1.0,0.7121457489878542,0.9202335275407332,0.7922842213532879,0.5632095165924504,0.4075840141426253,0.8778220451527222,0.4180614987054712,0.8687743030438005,0.4516535946819288,0.4885814023727938,0.9765462455078492
1.0,0.7441295546558706,0.9138059094549558,0.773356327965682,0.5919817797269716,0.0,0.8565737051792831,0.4020948272897432,0.8677820368724097,0.4561024907740915,0.4872754021718458,0.9972653048357604
1.0,0.7522267206477733,0.9076232190193044,0.7553379929490773,0.6030170431706068,0.4498146657304168,0.9504504504504508,0.41005851170971136,0.8649820180052606,0.4479710412668296,0.4879023393225425,0.984671521341656
1.0,0.7202429149797569,0.902259587576842,0.7544805433000998,0.6159281021126248,0.5155255633038304,0.8811188811188799,0.4357820475659424,0.86068824290037,0.4324404446244202,0.4899425499386785,0.95663892566673
1.0,0.6453441295546558,0.8981490326973973,0.7666923457040395,0.5843017386354487,0.4511619066178709,0.8085106382978715,0.4559098791937079,0.8563138393484516,0.4140051797224517,0.4877535988827285,0.9747178614210958
1.0,0.6408906882591093,0.8963138546166605,0.7964912432811204,0.5789769465763654,0.5739858737894677,0.8541033434650445,0.4371379864307858,0.8525823449404429,0.4018668290520983,0.486498133704486,0.9896087706415752
1.0,0.6340080971659922,0.8921166117844876,0.8070601593977662,0.5718848708724241,0.5792587485564331,0.6079027355623102,0.4542100427906791,0.8484110546893927,0.386643844622394,0.4878674826806054,0.9759985655492746
1.0,0.6238866396761132,0.8902954622441959,0.8295049611001286,0.5606029153796005,0.5807088187769538,0.4285714285714277,0.42955258930282136,0.8437887470625999,0.3711734134496004,0.4861697371865194,0.8890862207346433
1.0,0.6145748987854249,0.891397672809221,0.8472582166804771,0.5496872702934792,0.5777908795790523,0.44376899696048455,0.4285700249080073,0.8416193478706254,0.3677803058656063,0.486250583758633,0.83327925681791
1.0,0.6263157894736843,0.8929138397905005,0.8700436909505593,0.5136225329772329,0.5614549387058468,0.5288753799392083,0.3975455541417546,0.8411592677477139,0.3746906492889596,0.4873841006814388,0.8290271350262131
1.0,0.6048582995951417,0.8921258094284614,0.8535830217559688,0.4871145853957027,0.5845175339172438,0.3282674772036469,0.4135220512014305,0.8427683105013591,0.389389588842974,0.4885821016650253,0.8788486825253162
1.0,0.648987854251012,0.8920598882521169,0.8512380542860372,0.4923613803509591,0.479091798303737,0.4741641337386005,0.3796874462660096,0.8418683794876629,0.3876805970190113,0.4896142833313773,0.8537116412507045
1.0,0.7485829959514172,0.8903896121133201,0.8420659440274991,0.5749944714518207,0.5568872397803388,0.8936170212765953,0.4222079204515866,0.8388694683904846,0.3763443078850925,0.4892545975217111,0.8769873119418026
1.0,0.7161943319838057,0.8841807523108602,0.8396915518253347,0.5431611447266653,0.0,0.7500000000000006,0.5268903310750728,0.8351814939617758,0.3605171944584712,0.493728634292148,0.9858262606943424
1.0,0.7299595141700406,0.8826249081953492,0.8456333513828012,0.5702010580951924,0.6069541438168771,0.8567493112947667,0.4580027413546614,0.8328045172576625,0.359429900910524,0.4922939745739936,0.9382820008237608
1.0,0.7165991902834009,0.8782698048555286,0.8456194103934856,0.5954221117847469,0.0,0.8374655647382929,0.4540086170897427,0.8317296683705023,0.3659584792029905,0.4918832794208289,0.9585556725092677
0.0,0.760323886639676,0.8733880925924358,0.8479009359808726,0.5991621504672925,0.6243236111754892,0.9008264462809916,0.4568138384369364,0.8304642758352537,0.3736044803295616,0.4922128413409267,0.9264289963846049
0.0,0.7380566801619433,0.865740406241543,0.835804756576903,0.5788317878347108,0.0,0.7322274881516581,0.4576932335702954,0.8271795349152871,0.3683357951451155,0.4922689435326801,0.9321953228685188
0.0,0.7943319838056679,0.8600576905204156,0.8188710311717095,0.635493660504053,0.5518338747117136,0.9562363238512028,0.4629597787264982,0.8229760817689175,0.35202045829376283,0.4929063601376166,0.872234680334996
0.0,0.8121457489878542,0.8511050477704694,0.8018082551245349,0.6543263510134745,0.5298178399389918,0.8902691511387161,0.5080545716264878,0.8186378740979242,0.3374704218898886,0.4929281193953516,0.8776165850533156
0.0,0.8004048582995951,0.8451522375749136,0.7960027852914081,0.6863134370311932,0.529239884302958,0.8641304347826088,0.5061434838785747,0.8142979181921043,0.3176686869847967,0.49282963971108,0.8639970710722619
1.0,0.7493927125506072,0.8425601112719163,0.8140171039811234,0.6605988175057802,0.4989295824956905,0.7339901477832507,0.5324074301519532,0.8100005040494699,0.3006748325693719,0.4951208131984407,0.8460299299803211
1.0,0.7271255060728746,0.8429715703598537,0.8406979273688879,0.6115384567846661,0.5056465693527467,0.7536945812807884,0.5293762189939525,0.8092091718486106,0.2990054933802868,0.4952929053417315,0.7620337741979775
1.0,0.7368421052631581,0.8412626197199229,0.8559944403539315,0.6300547964701648,0.5364896466330121,0.8111658456486046,0.4490122771421129,0.8115082426393202,0.3175614059716733,0.488136835360738,0.7633060271841103
1.0,0.7983805668016195,0.8363108446542409,0.8791242572078457,0.6796635325577717,0.0,0.9310344827586206,0.4340183444772512,0.8134435154382093,0.33348110954720755,0.4867376130839844,0.7996613427303098
1.0,0.8287449392712551,0.8252355018611919,0.8553033929141038,0.6773405930915419,0.5252046154499335,0.9737274220032834,0.5102407774049492,0.8151422768397353,0.3518603225130448,0.4891976398355828,0.8435586472015011
1.0,0.8680161943319838,0.8141798867035648,0.8384012329537042,0.7089362564882911,0.4618490378436488,0.9430284857571212,0.4357967860318642,0.8173869272394364,0.3745465492438905,0.4829128014551648,0.8496819367534663
1.0,0.8372469635627531,0.8029923237118963,0.7928117118426878,0.6985804905758628,0.4578933184560898,0.9134487350199736,0.3903384443057937,0.8223496950428019,0.4117809321282081,0.479232881549156,0.8641984348542402
1.0,0.8890688259109314,0.7952600737409197,0.7879222466212584,0.7076379644336112,0.4839265968312192,0.9507323568575236,0.3627971643191569,0.8236403688575223,0.4279266821214307,0.4808512265819585,0.8386160816438609
1.0,0.8817813765182185,0.7851099862882243,0.7750366169540539,0.7324952796982022,0.0,0.9494007989347532,0.3787147075151439,0.8240053826329853,0.43889280524874,0.4783485420616788,0.8436867877900327
1.0,0.8631578947368422,0.7799624094435123,0.809778022584515,0.7399833246030741,0.4834653078428135,0.9325396825396828,0.3671106220123903,0.8243392184993831,0.4454508775342063,0.4773980763310982,0.8739645782801704
0.0,0.72834008097166,0.7712437480747587,0.8135728271819597,0.6070862353024952,0.4806733902962536,0.9328719723183392,0.3606699124043841,0.8232504453674431,0.4429074326787089,0.4768814540264836,0.8879044437325522
1.0,0.7582995951417004,0.7650061000324933,0.8225532988934402,0.6306647833629322,0.39603752823045496,0.9293924466338248,0.3934924760131464,0.8217145670854676,0.4314417969872753,0.479408320606241,0.8627705825820327
1.0,0.7441295546558704,0.7581434863396779,0.7971575042795513,0.6615259772435063,0.3612186384843932,0.9431438127090308,0.34620656451272186,0.8208673169839732,0.4294653184751066,0.479574924217506,0.8079172577914058
1.0,0.7072874493927126,0.7526258640364398,0.771484006403493,0.6262447143038385,0.3575893495792428,0.9479865771812076,0.3307360881163747,0.8214456684281203,0.4364926705737455,0.4783689235563176,0.8350006864674381
1.0,0.7469635627530363,0.7458041725705584,0.7515701050026565,0.6071332471661369,0.4451066887860983,0.9983108108108101,0.3376729927437621,0.8206673981109266,0.440472271164826,0.4789002839317435,0.8181227403780147
1.0,0.7263157894736842,0.7362611110217305,0.7126253087584176,0.5947924652351221,0.3766356456585831,0.9565217391304354,0.3524802381736092,0.8184452406776659,0.43407531377556696,0.4762980226996654,0.819651274541211
1.0,0.6935222672064776,0.7295163279557322,0.696724802745522,0.6159208606298475,0.4429233525255503,0.9328063241106712,0.3528044844238977,0.8166811374360526,0.4305453720824126,0.4763358674767772,0.8075145302274493
1.0,0.6850202429149796,0.7250195839505179,0.6878633614634116,0.6104384947768018,0.4776114834976869,0.8578505406874887,0.3529911716589124,0.8138219163003707,0.4228014373964904,0.4763579473503994,0.8003386572696898
1.0,0.6113360323886641,0.7201630308438547,0.6834128240943894,0.6010099831797873,0.4760933595650757,0.6081475664028685,0.3974669489901692,0.8115764950597172,0.4150387557121191,0.4760283381592553,0.8050249416502673
1.0,0.6291497975708502,0.719188141045813,0.6938188956495254,0.5659458880792829,0.5537765172130232,0.6222437020479681,0.3485450677723793,0.8088242380143714,0.4058793838018343,0.4760882746847229,0.7287721385748938
1.0,0.6672064777327935,0.7163843536135326,0.7004974233649627,0.547975507744067,0.42354362787180394,0.7007793149278073,0.3625220462886087,0.8076939794709582,0.4018583556989249,0.4771626351700967,0.7266029014690405
1.0,0.7052631578947367,0.7118819649402524,0.6816454450670875,0.5321109824108283,0.4781168446076747,0.8356994703880466,0.3655434318026619,0.8067034942462276,0.4058917946505435,0.4774090740312862,0.7164614891766969
1.0,0.7218623481781377,0.7050079651536376,0.6622843685836173,0.494502741467181,0.5705025026139556,0.8578505406874887,0.3916649062387926,0.8066808723206421,0.40992661361434135,0.4793585456799765,0.7869296599697955
1.0,0.6987854251012146,0.6931072705837713,0.5891088474732523,0.4779702438933723,0.4439678996851101,0.8098016336056013,0.3547155721718112,0.8062277262756766,0.4128726905830923,0.4802845967290337,0.7335133403505565
1.0,0.7894736842105261,0.6878531765505809,0.568726450286657,0.5449949601935123,0.3819400664678082,0.7096774193548385,0.3564350598627357,0.8048805051282998,0.4073175059906176,0.4804437704361034,0.7123243787469681
1.0,0.6194331983805668,0.6826627177756959,0.5499519690422152,0.4601834899931258,0.39002746904208097,0.4836138175376437,0.35020068877764066,0.8027264383881053,0.4065351617604696,0.48000482737615,0.6722529861333578
1.0,0.6425101214574899,0.6882194657274039,0.5830564521775929,0.42660682571019054,0.4643017421467946,0.5580159433126662,0.3404634756250336,0.8002681271862474,0.4058004956536421,0.4792821696660241,0.6294448766646833
1.0,0.6093117408906882,0.6876637576667934,0.5899911707956438,0.4025442047449793,0.4823023797220509,0.3808680248007086,0.3444772511778489,0.7970790583291737,0.4031164110327419,0.4796408146183354,0.592650221957805
1.0,0.6319838056680163,0.6907337802317617,0.596833593521165,0.3686672520445351,0.4320570459040454,0.4109831709477417,0.32485544021341284,0.7951824417575138,0.4032293787751856,0.4781208881475724,0.4874467987735114
1.0,0.6522267206477733,0.689612654006321,0.600915435009578,0.3313912609016228,0.0,0.4694419840566874,0.3330795041980064,0.7946009269404705,0.3964820985578917,0.478766355927384,0.5328909432062605
0.0,0.8676113360323885,0.6901833430208473,0.6066692931710356,0.4403133107249949,0.5063542954806955,0.9578544061302684,0.3568428240865837,0.7951394054038771,0.39084068180916864,0.4806947167721231,0.5779598187725964
1.0,0.7433198380566799,0.6811180031003017,0.5807795857433455,0.4009498810511524,0.4854024790847716,0.7546848381601357,0.31580602213717585,0.7953751226471767,0.3809663984573809,0.4773929424570876,0.4914100041188048
1.0,0.72834008097166,0.6826846252194523,0.5809263751768398,0.3857728287530723,0.0,0.810902896081772,0.24562636023758394,0.7960552436733322,0.3842373172448119,0.4751895300488125,0.3841563315180083
1.0,0.7643724696356274,0.6846705680957814,0.5832754785639553,0.4193329918586833,0.4703042686034754,0.9676320272572394,0.24321907747028956,0.7977717371418577,0.3956322133102009,0.4749925607570071,0.38701203606242257
1.0,0.6473684210526315,0.6808633700686884,0.5726422290359654,0.3790798519207754,0.4225739019655124,0.8579830479155848,0.28024701668885604,0.798935055330784,0.4029552629788888,0.4781037834808141,0.4755663356368128
0.0,0.6603238866396763,0.6813170164349138,0.5903176976118409,0.3876621878845681,0.4514837192444823,0.7991696938245978,0.2404678971648103,0.7999421942582979,0.4110124787838095,0.4747046865030202,0.3994508260491511
0.0,0.6477732793522268,0.6796188266577572,0.5993691209901028,0.3784064917235501,0.4456656976701209,0.8804705068327275,0.2181636854025321,0.7998852837797391,0.4138499831591146,0.4764969666809279,0.3719555169099813
0.0,0.6202429149797571,0.676622051718335,0.6078284355099636,0.4109752338855927,0.44635094180438,0.8372253935305308,0.2463583707117205,0.7990353550526285,0.4127668426187021,0.475184147064797,0.3822159168916756
0.0,0.6623481781376519,0.6723812338543647,0.5875960190524546,0.3878084517875858,0.4521631674594141,0.937554056391627,0.2494927511311773,0.7979343082672145,0.412778627470704,0.4754100911321942,0.34431376138391856
0.0,0.665587044534413,0.6644606033780034,0.5504676238701646,0.3900355210035564,0.4618212609620542,0.9619047619047628,0.27313325047040243,0.7976451194547746,0.4164245843026765,0.477460781309844,0.3931902430094731
1.0,0.6502024291497974,0.6562209127536839,0.5034680518068649,0.3806121710462869,0.4654622333960381,0.8571428571428571,0.27644449248092584,0.798487953280186,0.4315732807494129,0.4777409882004089,0.3891538144707336
1.0,0.6785425101214575,0.6533890510185338,0.5026658009552467,0.3987311760991762,0.465032840884543,0.8057142857142865,0.25492633223449884,0.7987585342109488,0.4379091387181415,0.4795893574385321,0.3653745823989748
1.0,0.5801619433198381,0.6498972418972493,0.4979485871590598,0.3872736409091124,0.4519026199938476,0.7485714285714287,0.23238630501746504,0.7992806273460765,0.4479273288371477,0.4775539142083596,0.3010937714521074
1.0,0.5963562753036437,0.653397671131009,0.53342460920437,0.39687550310568737,0.6206007783214846,0.7066666666666667,0.2251398926057116,0.7990167007026484,0.4440059819823709,0.4768987293088609,0.2845270239348314
1.0,0.3894736842105263,0.6524708282862977,0.5223297010948635,0.31900515452369177,0.4532436389045951,0.1609195402298856,0.21472471002068305,0.7989451226005572,0.44267699936051785,0.4758860395891034,0.2347260994920143
1.0,0.5275303643724695,0.6609768639658455,0.5525433865917593,0.3495443177916624,0.4823311758263898,0.5110952040085899,0.1445204840112209,0.7990479403335337,0.4381246187287471,0.4690183197527474,0.08755663356368157
1.0,0.5866396761133602,0.6585078334797845,0.5334149444977224,0.38884109473922296,0.4784718298141628,0.4896206156048679,0.2349016698681891,0.801727582356277,0.4592127760905325,0.4736030617679782,0.2530685094503686
1.0,0.5323886639676113,0.6557881396000791,0.5414899232459108,0.4070428815484072,0.4737234526868396,0.4638511095204012,0.18915838446762206,0.8046997622492209,0.4825920182247442,0.47320450293411104,0.232364651503364
1.0,0.5485829959514169,0.6557903646782568,0.547514993237004,0.4169170834274123,0.6360827256974424,0.4080171796707232,0.1655915774580076,0.8073771943133393,0.5018072436467715,0.4747681368848061,0.21237471969246274
1.0,0.5668016194331982,0.6536140203806753,0.5598658263560947,0.42806071340584395,1.0,0.383679312813171,0.17742656559354258,0.8116731504607012,0.5179151684793136,0.4721271944076815,0.2126767653654296
1.0,0.4983805668016196,0.653930101616857,0.5790754389788673,0.37721779928878096,0.6245222238081733,0.007189072609633972,0.08775282610084051,0.8151962097138078,0.5280261130908325,0.4681592658787941,0.18075145302274492
1.0,0.5291497975708502,0.6651276749251379,0.6171392029607069,0.395950073746228,0.3583494186081789,0.007023705004390913,0.0,0.8201376421889496,0.5478149204580843,0.4589856544876641,0.0013327328376182429
1.0,0.5429149797570849,0.6755475944968492,0.6482372290844138,0.4049043802656988,0.4276466475808596,0.09662716499544233,0.02110057037863133,0.8223139521149451,0.5538848319669357,0.4612184974223598,0.01263186845569036
1.0,0.5194331983805668,0.6849573259525614,0.6699650814693314,0.3911926130087393,0.5422377612371725,0.03714565004887545,0.07319613459167068,0.8246421373972689,0.5645717591672643,0.4623483356610841,0.0489676914200937
0.0,0.5736842105263159,0.6935488039346598,0.6954368028746878,0.42519657350593854,0.5738889724221898,0.3857302118171693,0.09306849947678447,0.8253015807484262,0.5666736962204825,0.4642329222883833,0.025418826618016668
0.0,0.5761133603238866,0.6927695917431398,0.6898271561977668,0.42655379527404097,0.5585611483022541,0.2385730211817169,0.1657193108293333,0.8260509755876743,0.5687644187390577,0.4671727428980582,0.12675894681266214
0.0,0.648987854251012,0.6932977352231322,0.675284741321739,0.427779653334388,0.5696338908510298,0.412486064659978,0.1573675134734141,0.8263129183875674,0.5739383393319314,0.4663276438441274,0.09299175906158892
0.0,0.6542510121457489,0.6907060224090877,0.6700309528516118,0.4314772558099043,0.5524621594923733,0.5083612040133783,0.19790320758146698,0.8258562191061206,0.5738394525735608,0.4700690076331007,0.18894474668870406
0.0,0.665587044534413,0.6905592738190309,0.6861846916946701,0.4393163327408761,0.5660914498951741,0.4057971014492756,0.27489695355909394,0.8258515651603314,0.5789710984839034,0.4734029800860774,0.2839680462778049
0.0,0.588259109311741,0.6924694045398927,0.7166013846227177,0.4371038772753078,0.5720797165803664,0.3054626532887413,0.26796987457565485,0.8255301495623516,0.5785790736097048,0.4727790124295091,0.2950095264329823
0.0,0.5457489878542511,0.6974419168583006,0.7424214425776314,0.460683678070286,0.7628713446528929,0.2675585284280943,0.24239863620062002,0.8265468932719237,0.5891413545539804,0.4741112239360062,0.2352799393981133
0.0,0.5174089068825912,0.6990384756791883,0.7387852895936254,0.4392319716564601,0.5521050557273227,0.002344665885112571,0.2361888292253952,0.8270807627492834,0.5945911460032505,0.4735214347472867,0.2144709960287401
0.0,0.6631578947368421,0.7041343836708616,0.7343858551500912,0.4872005022529474,0.5706296706806501,0.4654088050314458,0.2195392755552716,0.828809385320718,0.6074749739843031,0.4719187970986953,0.16465808139935267
0.0,0.6089068825910932,0.7004225998645754,0.70632836686966,0.4999853005209195,0.0,0.3094339622641506,0.2591267950223289,0.8303185256086708,0.6137274282457107,0.4756109486980394,0.3228198241627071
0.0,0.7400809716599192,0.7032998174204477,0.7116838857075984,0.5452964467253533,0.5338673263881022,0.908176100628932,0.26859871578833594,0.8317707814381153,0.6215781915148652,0.4764707539186663,0.31756306957739394
0.0,0.6619433198380568,0.6938695822581131,0.6745499711721378,0.5367894474770332,0.5554284788055525,0.996428571428572,0.34698770320659905,0.8315287926192646,0.6131891451731274,0.4835541420381924,0.5106397631017152
1.0,0.6510121457489879,0.6899468070800079,0.6635404208494269,0.529932162031451,0.5445836600500323,0.42599277978339395,0.3216031520665785,0.8304484266892891,0.6041180784129793,0.4812732000889814,0.4181989302848749
0.0,0.6623481781376519,0.6852979936225998,0.6564017103275405,0.5381247663929427,0.5323403574047941,0.8447653429602887,0.3096846459574845,0.8294225458006145,0.594141254819848,0.4801839795588331,0.3456603080595921
0.0,0.7259109311740891,0.6793610630119917,0.6526418611765864,0.5814004373997037,0.5153945170827545,0.6814621409921674,0.3302890213167346,0.8296974224905523,0.5971471495480375,0.4784216064741752,0.3923627849321675
0.0,0.6890688259109314,0.6711692959850079,0.6388729711241222,0.6056218883350857,0.4482471936010399,0.6206185567010318,0.2646979351409242,0.8300024856629075,0.6023764647904214,0.4758756889760157,0.270344099350366
1.0,0.7080971659919028,0.6658587927905026,0.6217317496927821,0.6185263491839266,0.4450090765700767,0.4329896907216497,0.280802165571926,0.8306933364115799,0.6095319815578062,0.4737045216327101,0.2725248490691642
0.0,0.8044534412955465,0.665973707862723,0.6312584773195322,0.6301574785234796,0.449208975103425,0.6239600665557407,0.24338120059543406,0.8299908541875697,0.6081966506248856,0.4700330318059245,0.1850653077152632
1.0,0.7348178137651822,0.6665314783463103,0.6280863479867927,0.576245434875033,0.4592753442162746,0.725829725829726,0.27115338321485233,0.8299796495146873,0.6100774957494486,0.4690294375760004,0.20115694511397306
0.0,0.7388663967611337,0.6681284355967232,0.6340364074767592,0.5779855351213914,0.4581417743121602,0.8138528138528138,0.2511238080265684,0.8304317730231744,0.6149580078039423,0.4670317285748238,0.14428528797373918
1.0,0.8133603238866396,0.6658863382700027,0.6221761786428126,0.5719359230099582,0.4405140453299361,0.9336219336219336,0.2518705569666271,0.8316249643455506,0.624380070413209,0.4671335170398196,0.17618162201868556
1.0,0.7449392712550608,0.6604145149518674,0.6188780924962187,0.5795402476249183,0.43498538348465227,0.8297258297258296,0.3324162732315069,0.8327883524594163,0.6360827362498431,0.4712219782047704,0.3490002984183826
1.0,0.6663967611336034,0.6590291423097288,0.6286455460715252,0.5845757501040071,0.4401452342784045,0.6825396825396831,0.3437796304575312,0.8323261668077554,0.6376630646469871,0.4686191784019961,0.3678465670408376
1.0,0.6765182186234819,0.65764041568613,0.6408336152813068,0.5904980347148752,0.4500748565791208,0.725829725829726,0.3017307871814649,0.8318760801380121,0.6365266536639035,0.4645027227565596,0.23383375800564696
1.0,0.7036437246963562,0.6541987938396183,0.6359928211095027,0.6052322941236079,0.4739150670698245,0.6190476190476191,0.30960604080589943,0.8316726313466737,0.6321871296809844,0.461578870551326,0.2406170373941192
0.0,0.7485829959514169,0.6514840366880397,0.6286548318566075,0.6317728834947153,0.0,0.8297258297258296,0.3012738947378765,0.8322055156165339,0.6395679057390987,0.4607541042754956,0.20625301287790124
0.0,0.8105263157894741,0.6466827310863523,0.623721688970508,0.6207311789699677,0.4627316814619875,0.9567099567099572,0.3662803550987722,0.8328107237175363,0.6489234016388534,0.4672014061499866,0.3660675343755021
0.0,0.7765182186234818,0.6399717195483656,0.6188411108706896,0.6460574848673625,0.4638749468197515,0.9953051643192486,0.4126623073559682,0.8326174847032818,0.6543286212277091,0.4681008703250539,0.4613089089364827
1.0,0.6461538461538463,0.6353381196844203,0.6133335955180349,0.6226114968045335,0.4606212627321386,0.7887096774193546,0.4330750826582296,0.8320144946032503,0.6521432820053497,0.4664245750327845,0.473532584991851
1.0,0.6558704453441294,0.6351428366570202,0.6119179637235981,0.6277441036813278,0.4644439537847765,0.9048387096774191,0.3956786817916079,0.8314224655184982,0.6560913751407671,0.462851311418095,0.3861074765282464
1.0,0.6210526315789473,0.6311169729013677,0.5897117346268035,0.6406680161934417,0.0,0.7661290322580642,0.37386083940476256,0.8314384935502751,0.6640086525205798,0.4607337279016965,0.3253563804145722
0.0,0.6214574898785423,0.6298114662273995,0.5816955092999255,0.6408429056657254,0.487697781630283,0.94516129032258,0.3871500228446221,0.8314263947884325,0.6690732659837266,0.4583786674418077,0.3417234809356564
1.0,0.5417004048582997,0.6234970064365084,0.5569022237927604,0.6501779219756503,0.4909593231795876,0.6953846153846157,0.41231840981778334,0.8311872464570479,0.6730798780294498,0.4572339805382132,0.3888506301218923
0.0,0.6040485829959512,0.6172563367114283,0.5232998354977709,0.6310206587529028,0.4978202946257003,0.7336956521739129,0.365494303582921,0.8306742291605697,0.6661346028371229,0.4525865217895476,0.2592681863048921
1.0,0.5753036437246961,0.6073965436833189,0.48458974505022795,0.6118896728293799,0.461814013016835,0.4130434782608695,0.3342634942937572,0.8307060088057557,0.6628143400645923,0.4493722073991333,0.16352179601955816
1.0,0.5530364372469635,0.6034371444011841,0.4525080890558588,0.5993186313445027,0.5089862689873401,0.4524456521739129,0.2975794526133755,0.8312542442896081,0.6568379067379333,0.4454429172581639,0.07665909143080131
1.0,0.5542510121457489,0.6010970799871806,0.4367303315117276,0.5988088438549208,0.5065832614167611,0.2649456521739135,0.32591169693783817,0.8321744223657753,0.6623979485457232,0.444815373275825,0.0998024543549837
1.0,0.4850202429149797,0.6020260306533647,0.42450636313889145,0.5412511648250821,0.5089954673523698,0.008152173913043789,0.3822912419122666,0.8322310982768634,0.6656008019040246,0.447185073062728,0.2216749357403308
1.0,0.5607287449392714,0.613959088778901,0.4607120471857843,0.5927533187081869,0.4788049512331519,0.12854757929883187,0.3409400193565185,0.831890691074724,0.6688758037150165,0.4427929930275567,0.10664829566506076
1.0,0.5408906882591094,0.6193048255049383,0.4847973494510766,0.5796897163197627,1.0,0.2136894824707848,0.45003905693469387,0.8309999833297276,0.6654798723161846,0.4509825815329898,0.3766361402725041
1.0,0.5101214574898787,0.6241925168329925,0.5089034060238434,0.549713776499854,0.4830467045419769,0.045075125208681635,0.4784646448766634,0.8301137917007443,0.6626865798164486,0.4542053122123085,0.3841343674920189
1.0,0.5275303643724695,0.6297459677045605,0.5170778754131957,0.5632012667326272,0.5175880820165235,0.20701168614357285,0.4680985905113755,0.8304458033972809,0.6654753473102528,0.4531509518921363,0.38315297797692016
1.0,0.6072874493927126,0.6330191606133941,0.5249043460164899,0.5760434635172456,0.462467927467664,0.3606010016694496,0.4555414175456524,0.8316525515632996,0.6764579676157169,0.4514858278641203,0.4220641457631346
1.0,0.6113360323886639,0.6308920118548653,0.5076994282305823,0.5267487160840459,0.4068723498409523,0.3689482470784641,0.5116605829554554,0.8331778291159583,0.6914522119781914,0.4539123935728594,0.5193227671700156
1.0,0.5817813765182186,0.6304723220806998,0.5049426338710372,0.4991316993214738,0.4805887428545508,0.13355592654424106,0.5041783550889466,0.8341653465252828,0.7010026364227163,0.4529695491850792,0.5222763010108572
1.0,0.591093117408907,0.6350943343176658,0.5026777395026524,0.5073745398832576,1.0,0.19198664440734647,0.4235785977823521,0.8354613683644995,0.7112163452660313,0.4480288311611716,0.3953887432921504
1.0,0.5635627530364371,0.6391236333576955,0.499083144494541,0.5323815086834895,0.394062698021464,0.08347245409015022,0.4468408098295741,0.8362112323621831,0.7156530970186332,0.4468875879706666,0.4392965597570613
0.0,0.6125506072874493,0.6458799354498928,0.5002293970360194,0.5269487507779655,0.5445978644039012,0.0,0.4198202889721884,0.8354025042921586,0.7168241144285982,0.4441394208432072,0.3502121552477224
0.0,0.6834008097165991,0.6531421864448796,0.5063485674119443,0.5769269073887158,0.5733474657260919,0.4399293286219075,0.4500980107983826,0.8349455176501007,0.7204120186059773,0.44385341901569203,0.3832210158492447
0.0,0.6473684210526317,0.6558432306984818,0.4985776730504936,0.534898638793634,0.6078366679617,0.5247349823321555,0.5292190086907821,0.8350060557091928,0.7271634238219865,0.4489660459210631,0.5497004867090979
0.0,0.6412955465587044,0.658766674929149,0.499783613808892,0.5546366051363383,0.6083033610747587,0.5247349823321555,0.5364261185267428,0.8347403242680648,0.7300744945105558,0.44977919534610733,0.5661113191064521
0.0,0.6530364372469637,0.6602507053421076,0.49724290094559903,0.5659822897322422,0.0,0.7190812720848061,0.5721472471002067,0.8333473278386568,0.7270792995271532,0.4500718873346996,0.620699696326802
0.0,0.6599190283400811,0.6581460637328835,0.5002022687931655,0.5727071873462002,0.6245233987705013,0.8303886925795051,0.6298286898977641,0.8322829278677287,0.7286070705694452,0.4528829390865109,0.6851678522401093
0.0,0.6234817813765182,0.652940014255329,0.4895284482492389,0.5897860863730933,0.5915631841122421,0.8381742738589211,0.6594284422915369,0.8310489788569663,0.7330510991858749,0.4559083935686216,0.7827173179405044
0.0,0.5376518218623483,0.6485188977454002,0.4770873679835148,0.5459737852819554,0.4541019044071508,0.5473240662285029,0.6590992832192739,0.8304756412158801,0.7376211555496627,0.45604524584598,0.7646146252027363
0.0,0.5793522267206477,0.6502876410795637,0.4835175975745406,0.5371879202263133,0.5039138073054455,0.7177777777777771,0.6700057480017095,0.8301891913318368,0.7426128947796172,0.4534900024822166,0.7794780652870241
0.0,0.5016194331983806,0.6478956172399593,0.4845816582146342,0.4754046976271487,0.4809942073128626,0.3815513626834385,0.6512928091024763,0.8300150423975364,0.7459063899836431,0.4509365620183439,0.7837364940341439
0.0,0.5016194331983806,0.6506323304205788,0.5020466760687323,0.4745275925372397,0.4853562407523361,0.341666666666667,0.6452598637183182,0.8293773472333331,0.7520820396907055,0.4504481990039925,0.7627793869057621
1.0,0.5190283400809714,0.6523202841555436,0.5073724680140816,0.4455308550858039,0.4999485374792723,0.38541666666666574,0.6518872605613389,0.8270844792288546,0.7502186584104489,0.4513848041995885,0.7443924910289745
1.0,0.5874493927125506,0.6526947632664946,0.4654639755765772,0.4872033345963512,0.4170540850484665,0.5937499999999991,0.6848277318974789,0.8248258060109067,0.7502728967633586,0.4513564594413224,0.7684537458999735
1.0,0.6048582995951417,0.6498004238989845,0.4098780367460338,0.5126444566545539,0.4076772923066308,0.5416666666666659,0.7011383008513921,0.8229923914715697,0.7444725691475337,0.4493944432938221,0.8015419760137066
1.0,0.6238866396761136,0.6493870632214509,0.3610102414702933,0.538915894392691,0.4617961111379325,0.6541666666666671,0.6986966283302791,0.8220688933725141,0.7423926461279964,0.4492341337409209,0.7912805585748235
1.0,0.5582995951417005,0.6462874342880718,0.3378627741272933,0.4917912987273961,0.4592969534948572,0.4354166666666661,0.7047787019341782,0.821421345293062,0.7380917585215304,0.4498898348481637,0.805042279987473
1.0,0.6016194331983806,0.6479310555642148,0.33492284494437113,0.5612558539730342,0.3988952017465257,0.425,0.6760927344275824,0.8209351374835744,0.7392894071323248,0.4509272178503054,0.7541681251266555
1.0,0.5497975708502024,0.6485774279563596,0.3228035074774486,0.5438881827297231,0.4576872318007089,0.2833333333333334,0.6744076364904762,0.8194575858601573,0.7326311717714961,0.450675777549527,0.7552734842762657
1.0,0.551821862348178,0.6543953044223125,0.3338638616417869,0.5463988536472951,0.40755685666720937,0.30833333333333285,0.6858446860461118,0.8180067851840979,0.7346724323311381,0.4523763198615196,0.7247103037895399
1.0,0.5412955465587044,0.6603534026817113,0.3419507647170532,0.5347075269293565,1.0,0.3145833333333331,0.7137102122830374,0.8164078689244242,0.7362695979844923,0.4555124039700471,0.7882424318127067
1.0,0.4886639676113361,0.6672132114441933,0.3525169617490791,0.5165611452827358,0.4257094105501225,0.1812499999999996,0.712344447774246,0.8173974277522168,0.7560276948151105,0.4554625601641902,0.7796325871467958
1.0,0.4753036437246962,0.6774437416474788,0.3694164652924696,0.5225263056985361,0.4029697778567833,0.01007556675062951,0.6434126426560677,0.8179526269853415,0.7651698393141629,0.4508581243797043,0.7299006968174798
1.0,0.5145748987854248,0.6896782770019159,0.3938823112363005,0.5639601541473522,0.4775891031220098,0.03606557377049157,0.6671513984347748,0.818826763367475,0.7782656284620805,0.449779097499933,0.7566402869353412
1.0,0.46842105263157896,0.6972106068855661,0.41627252776615054,0.5205652066510158,0.42612889435903295,0.08524590163934583,0.6727078000874481,0.8166566104109972,0.7720072118724725,0.4466043695535093,0.7653125864330259
0.0,0.5085020242914978,0.7043338726039154,0.43048775955025137,0.5095530862755758,0.4489509637739676,0.24263038548752824,0.6955917248426667,0.8142126296146052,0.7686272111974437,0.4494663609167723,0.7499486978167573
0.0,0.537651821862348,0.7063255265760242,0.4294979506552203,0.494868539469184,0.4539245217228921,0.34693877551020397,0.7183724803364301,0.8136687431832025,0.7714031494012926,0.4482867598655946,0.7675492610837439
0.0,0.5635627530364373,0.7076455482515995,0.4219435969404095,0.4809487876525955,0.4828840535208621,0.40136054421768746,0.7016639728026173,0.8143395713411558,0.7833493732679059,0.4451857615706532,0.8196516537649541
0.0,0.5692307692307691,0.708248956801167,0.4254951527411864,0.4880898963764473,0.5029525652618337,0.5079365079365079,0.7292985964067622,0.8156534848147258,0.7971756602377739,0.4482400609823624,0.8701090781140044
0.0,0.5676113360323889,0.7069585861941878,0.4316610313213099,0.4853170099659986,0.5397890460592102,0.4648526077097511,0.7368889063567003,0.8142908948602979,0.8020195569397587,0.4489444609617424,0.8925404644616469
0.0,0.6153846153846153,0.7045992703529131,0.4210522072408293,0.5003078108297798,0.5076664197814806,0.5804988662131519,0.7484045610639205,0.8127836148283129,0.807410615885722,0.4503575316018583,0.8847202674173116
0.0,0.6368421052631579,0.6996221049711415,0.40179999058688104,0.5277991544976363,0.5036719849439517,0.5396825396825398,0.7677365155318867,0.8111910073457985,0.8173074506890144,0.4486743756660557,0.917690007037298
0.0,0.6445344129554658,0.69576886402521,0.3789794248005792,0.5371218461414204,0.5087299350650604,0.4897959183673473,0.7575571484016133,0.8105731309965917,0.8308747801130391,0.4514633558599146,0.9041959887403236
0.0,0.6170040485829958,0.7004889193744304,0.4086535735206888,0.5024933153414414,0.4889546927034633,0.3333333333333328,0.7403180560946011,0.8097620554332253,0.8423921946636425,0.4531521204623098,0.8940358902181562
0.0,0.4080971659919028,0.708642502963934,0.4384929719062629,0.3548730918759027,0.5286730261942901,0.1791383219954645,0.7272057342458081,0.8091912020650046,0.8463311292306946,0.4521164257007679,0.8583743842364533
1.0,0.3999999999999999,0.7212264779519093,0.4726405261501325,0.35029527621830725,0.5461959728815983,0.12303290414878384,0.6886400817493576,0.8083744389542961,0.8442654336323324,0.4519899566277074,0.8029644616467279
1.0,0.4331983805668015,0.7274046021372753,0.4537137665241388,0.3331234928046318,1.0,0.20457796852646626,0.6840858957793947,0.8089592258088231,0.8523804080194325,0.4552550331785995,0.7993314567206194
1.0,0.3825910931174088,0.7309261136435692,0.4339538809667045,0.3024522936187343,0.5473686565360112,0.043600562587904686,0.6523490658269016,0.8092160797263915,0.8681767066803713,0.4550849986644899,0.7835151301900067
1.0,0.4230769230769232,0.7396022011667098,0.4254003054281576,0.30075911268800004,0.474699348133089,0.1104734576757537,0.6339112449582165,0.8098406648254136,0.8939392663442302,0.4533367998454878,0.7491115411681915
1.0,0.4230769230769232,0.7461990016664524,0.4293783408497071,0.3009372532434605,0.4792855763929866,0.1077147016011648,0.6230342571076251,0.8096198836171152,0.9010877794088278,0.4556973965144484,0.7472290640394086
1.0,0.4453441295546559,0.7540430977659514,0.4325989803966834,0.2818091981349464,0.3617281776774115,0.14992721979621565,0.6258050887010005,0.8098791934458135,0.8915561193777216,0.45222514088121,0.7501935256861362
1.0,0.4708502024291497,0.761840690605325,0.4324005744115861,0.29995321918837464,0.3994596456402179,0.2459970887918484,0.6070282831161048,0.8097102697444548,0.8797438823663551,0.4537982096457594,0.7360045742434909
0.0,0.4736842105263159,0.7687775455548138,0.4243093617778358,0.30264120568107683,0.3749386933155605,0.29403202328966577,0.6333364447872505,0.8090891971423463,0.8736134241901269,0.4529696882143196,0.7823715693173825
0.0,0.4813765182186235,0.7754324327052378,0.42080827820186223,0.30900874926356225,0.3784917131972408,0.3522561863173221,0.6451124790590962,0.8075760569479297,0.8782919047322569,0.4543527381255668,0.778764954257565
0.0,0.5283400809716599,0.7790948964268161,0.4209578793870598,0.3500998624335388,0.3627563257746603,0.5400291120815142,0.6573797955283491,0.8061648250926355,0.8802220137192162,0.4519505822921326,0.7883180858550314
0.0,0.5676113360323886,0.7797700353182386,0.4231493686805625,0.4028120894563555,0.3584783550733826,0.5138282387190688,0.6850389832423643,0.8045186527558673,0.8798802552636581,0.4550006828884278,0.8418103448275863
0.0,0.5182186234817816,0.7799388546791315,0.4123618499100937,0.4011393352972668,0.3301970467357235,0.4759825327510923,0.7243071692811067,0.8031158431389992,0.8805945850178717,0.4556471080945249,0.87905524278677
0.0,0.5141700404858298,0.7826840101401116,0.4037714038087821,0.3947450674606112,0.3422785498048909,0.417758369723435,0.7187704189163295,0.8004911265580549,0.8715762922042795,0.4587505003057434,0.8765130190007037
0.0,0.5473684210526317,0.7845232117769798,0.3736042131507189,0.3843025743718338,0.3360413547116288,0.4657933042212525,0.7379107733273067,0.7981208222655057,0.8663990903787603,0.4610725025655752,0.8676020408163264
0.0,0.566396761133603,0.7837842557770179,0.3395587049994889,0.40621928938373536,0.30156790514116183,0.4439592430858804,0.7376749578725513,0.7949528446981329,0.8547560550320726,0.4613441038685964,0.845197044334975
0.0,0.591093117408907,0.7855323118655649,0.3188963215842009,0.432915861229728,0.2857968332275493,0.3464337700145565,0.7467587657026069,0.791916423785132,0.8394876851906855,0.4625641491827127,0.8332160450387049
1.0,0.5327935222672064,0.7896957083265892,0.3113189005134283,0.4221518789354367,1.0,0.2430858806404661,0.7496671563112569,0.7898965741105334,0.8289011870371831,0.4633981908019013,0.7989481065918657
1.0,0.5360323886639675,0.7987436507971937,0.3317563831941345,0.42514355982304347,0.3924018017137834,0.1834061135371177,0.7410107639929452,0.7875925318262597,0.817763385783486,0.4620230441099832,0.8114792426522477
1.0,0.5542510121457489,0.8081237879658809,0.3464293749688896,0.4459304759493214,0.4596132079548266,0.03436426116838537,0.7554790247065817,0.7869645945396312,0.8219164590711435,0.4640040304586104,0.7926770187919119
0.0,0.7554655870445344,0.820745920242316,0.3828482308453782,0.6500881147972981,0.4797888348023073,0.7624999999999997,0.7697360340753329,0.7861357998053357,0.8251400619635222,0.4649870416545063,0.8524721565980422
0.0,0.7295546558704453,0.8203120414720209,0.374318716804976,0.5989780861515065,0.4755692151788604,0.8187500000000004,0.7896575271801876,0.7876419342194653,0.8402430954815815,0.4670263753182418,0.8975869051636853
0.0,0.6773279352226719,0.822643670624591,0.3923141319637544,0.5733723323366717,0.441056214760369,0.766666666666667,0.747520253108588,0.7871845109677412,0.8440071001743726,0.4650679842651831,0.8903476206547418
0.0,0.6101214574898787,0.8241153520211293,0.39664621209345097,0.4969488091184463,0.4117159466056568,0.9536921151439309,0.7456189910046227,0.788100297855795,0.8555333151981833,0.4654927968184298,0.8446760040499492
0.0,0.6064777327935222,0.8260985895494157,0.4126403831671086,0.4931751141867707,0.4300357335555624,0.7429193899782122,0.7186770752988221,0.788246893624761,0.8648738471665273,0.4614339633236485,0.8656176172797836
0.0,0.5578947368421051,0.8254954361384421,0.4063322124871101,0.4503055999759739,0.4990716109054328,0.5771144278606959,0.7022977268372728,0.7888098083965981,0.8783150078325593,0.463067662241887,0.863609517381033
0.0,0.5688259109311741,0.8260780563650554,0.4178235006515485,0.4607356083262264,0.4593248197192028,0.5339966832504143,0.7237028921782959,0.7879216923689382,0.8846255687409016,0.4616332997429277,0.8780037124535941
0.0,0.5582995951417005,0.8282231538312355,0.4179900523739364,0.4523535975651792,0.5105084454223376,0.5389718076285239,0.7354297982304017,0.7853745913167397,0.8815731074012237,0.4628315827786735,0.9029109011137364
0.0,0.4923076923076922,0.8318679103156108,0.4271151187011444,0.4077262709782216,0.5683716623846494,0.5820895522388055,0.7507135873917337,0.7839821965925061,0.889809232631286,0.4647518034603311,0.8877489031387108
0.0,0.4834008097165992,0.8341843572113719,0.4289780055130172,0.4026807932125463,0.5948430465363098,0.5406976744186043,0.7131403249340453,0.7812824537018513,0.8902212384973475,0.4643382284962299,0.854463381707729
0.0,0.5093117408906882,0.8325725946533664,0.415081850180376,0.3758271571503339,0.5287463396085448,0.5230978260869568,0.7484045610639207,0.779812182538235,0.9016540706578638,0.4644862967607272,0.862867026662167
1.0,0.471255060728745,0.8289549617191765,0.3931850226627369,0.3403944833411913,0.5583888915313914,0.3668478260869569,0.7509985310662297,0.7779835167060919,0.903488780498914,0.4646800481024967,0.8725531555855551
1.0,0.5222672064777325,0.8309001093706789,0.3795602184876582,0.3299240333233828,0.5259155429921699,0.4972826086956518,0.6930075804843059,0.7779484618400346,0.9172628291827288,0.4627172367660234,0.7918157273034089
1.0,0.4886639676113361,0.830998914212981,0.3780161560684655,0.3513206915787304,0.5091878560079085,0.4565217391304348,0.7033687220276199,0.7776891143417081,0.9224657282184541,0.4634574386610405,0.835791427607155
1.0,0.43522267206477705,0.8345885083447677,0.3948820429884876,0.3574118862826385,0.539549211842735,0.3899456521739128,0.7065620563107655,0.7770084212788736,0.930733353226659,0.4639699529716567,0.8235993925075938
1.0,0.3635627530364372,0.8387344135855341,0.4153301452406386,0.3502154928065997,0.5452283462771483,0.2647058823529412,0.6865668708762998,0.7783126188570614,0.948190393014396,0.4657301091467372,0.7970975362807962
1.0,0.33198380566801605,0.8450931908693669,0.440869481821644,0.3039217150665984,0.5098965887922587,0.11331775700934565,0.5976497059676047,0.7794602291066853,0.9643283717850072,0.4589411965982269,0.7539402632467094
1.0,0.3493927125506074,0.8550132529198693,0.4705643515718745,0.3138736342866551,0.5390884107725796,0.19721577726218134,0.5778166436582839,0.7802158020557205,0.9723774268804052,0.4573061642114344,0.6913094836314548
1.0,0.31943319838056683,0.8612516811675652,0.4843658583124522,0.3218213201878545,1.0,0.1329743392494094,0.6134444286142402,0.7785091479164422,0.9686560750136732,0.4574535872771444,0.7343570705366181
1.0,0.3769230769230768,0.8705820084375056,0.4960481952431498,0.3980795775426366,0.5351692092638821,0.08242211110500577,0.5984701472372744,0.7773373775145612,0.9698668208405284,0.4560778196464077,0.7037293283833947
1.0,0.33765182186234804,0.8808826781666348,0.5166534907539779,0.409893689407266,0.4989705315107604,0.001130007345047518,0.5886887186869009,0.7760793250918064,0.9728619437853242,0.4588746726866637,0.6888288896388793
1.0,0.3890688259109312,0.8977589021701833,0.5546207715998964,0.4001887506169412,0.4582449218301614,0.037623642211299504,0.5861537025482808,0.7747862233748392,0.9723164979352568,0.4588806577440934,0.6579311508606142
1.0,0.4263157894736843,0.9109932105144964,0.587733181634329,0.424958719394971,0.4446715978831792,0.10403797386045957,0.6331251934423653,0.7736557888632035,0.9705744382193109,0.4603432279898161,0.7298768140398247
0.0,0.5267206477732793,0.923294557798229,0.6220298925689084,0.4640164994226987,0.4567822026140556,0.10840108401083973,0.6196787996993354,0.7725137227798652,0.965703687230732,0.462735350153608,0.7112807964900442
0.0,0.4955465587044533,0.9285799325439,0.6431901714730126,0.4844571805119614,0.4050666694840852,0.05420054200541925,0.6810448589774449,0.7716330200163791,0.9624802877083576,0.4658150156880052,0.8018140398245017
0.0,0.5777327935222671,0.9368408234426928,0.6835299786415351,0.5139074683768021,1.0,0.2762479237695601,0.6972817356017469,0.7697535395064047,0.9512693721743904,0.463848496315374,0.8291765102936214
0.0,0.5615384615384615,0.938964553258924,0.6858524509672854,0.4949987320972882,0.4530409105385024,0.1835824809860998,0.7302418582257835,0.7677476362221841,0.937966252428042,0.463775359388809,0.8631370232872091
0.0,0.6064777327935222,0.9467488528821792,0.7074737555480959,0.4930484716606219,0.5091038885261914,0.16731628481794775,0.7324821050459593,0.7657323115600038,0.9255618312296421,0.4641898157518994,0.8515693553830576
0.0,0.6299595141700404,0.9537524470502832,0.7124142216258558,0.5166267476626423,0.5094459568647349,0.3971425111999032,0.7469798426914405,0.7634584289089689,0.9190125294592076,0.4657244068693556,0.8819946000674994
0.0,0.6542510121457489,0.955283894470347,0.7092909360630056,0.4924348172071994,0.5391130881229451,0.5012713403559753,0.7740249276586961,0.7606242936330628,0.9144570862588008,0.46500994963044,0.8936044549443128
0.0,0.6627530364372469,0.9547168278259072,0.7127635099598376,0.5011315294695974,0.5269877183578595,0.37776970577551816,0.7991392735901427,0.7570855118706127,0.9033127350595046,0.464072089353639,0.902708403644954
0.0,0.6145748987854251,0.95550175331688,0.7346969257222029,0.5010514057085043,0.5371797995808053,0.326916091536506,0.7967860318645632,0.7564684918889516,0.905829263419162,0.4641989180089681,0.8784864052123793
0.0,0.6117408906882592,0.9592507023620442,0.7640146391143058,0.4982353205734473,0.549093578549411,0.2542680711950609,0.746621206687333,0.7562439338994519,0.9116807487596332,0.4570103024475989,0.8847429311280954
0.0,0.6206477732793523,0.9616548119698248,0.7883717492689593,0.5070475193223202,0.5365445481675737,0.3826129071316136,0.7479427557983579,0.7558106569226023,0.9164373994814996,0.4574112172180181,0.8666583134945495
0.0,0.680161943319838,0.9618488475775636,0.7994472728521009,0.5172285062699012,0.5132816815502831,0.5836057634096147,0.7627893038039978,0.7532406445618881,0.9110668352307141,0.459169569196796,0.8613289896838323
0.0,0.7554655870445344,0.9578959757397848,0.8201337864897769,0.5495430267432339,0.5569297628442706,0.8708470348112036,0.7659531611552991,0.7512394256835307,0.9056372268162364,0.4556960320160098,0.8659566470367119
0.0,0.7473684210526317,0.949350492807108,0.8213468028012509,0.5437514775889766,0.0,0.7771642879466616,0.7907923890561974,0.7492953615396712,0.8997662799127085,0.458348387561993,0.9120995698116356
0.0,0.7817813765182186,0.9421891571437608,0.8170156962200554,0.5268373637078921,0.5705652929469699,0.8396707990415667,0.7957346879621124,0.7468468141597314,0.8949986643862571,0.4591964034748742,0.8935471745395317
0.0,0.8121457489878542,0.9336388394084274,0.7997186024311809,0.5015444840009949,0.5856138287848559,0.9967213114754094,0.792570830610811,0.7443783081597394,0.8916472951730253,0.4591376163080678,0.8740675771624272
1.0,0.7348178137651822,0.925663219529404,0.7830325819110724,0.4949496900057392,0.0,0.8076923076923079,0.7768498002937869,0.7422794776830987,0.8924870700363537,0.4615371143499717,0.8484400451071298
0.0,0.7129554655870446,0.9217930027015382,0.7919643149196183,0.4586705223808297,0.5487217423338853,0.8999999999999995,0.7453733499059195,0.740579811774717,0.8912077113298249,0.4588766913125453,0.7811552437037967
0.0,0.7676113360323888,0.9180668423286564,0.7783434219063974,0.5078851153075823,0.5365678287191872,0.8981288981288977,0.7543687269404417,0.7391818890559144,0.8870108501748807,0.4560805496501785,0.7954141085077058
0.0,0.7275303643724697,0.9132501796221362,0.7762075930432067,0.453553156954192,0.4492516300398865,0.986666666666666,0.7402885791627569,0.7380210727262452,0.88781626737308,0.4585025421264403,0.7755299293427546
1.0,0.6866396761133604,0.9081465314685588,0.7511343578175232,0.4695483197657242,0.4144102270126342,0.7828810020876829,0.7533615984357571,0.7364047909095358,0.8821645841919373,0.4561770238176062,0.7966771097187038
1.0,0.7728744939271255,0.903608042972893,0.741936216270172,0.4908505226267714,0.4022348726091072,0.8789144050104387,0.7637718681988118,0.7348533637801417,0.8795393012620688,0.4574850778382789,0.7924244054664799
1.0,0.7392712550607288,0.8952205461891259,0.7212606147630415,0.5190448610362572,0.3982077151395051,0.7418111753371874,0.7584365435349718,0.7326991610095134,0.8715827712639473,0.4566798578973828,0.7956148182123464
1.0,0.7481781376518218,0.8924216775775327,0.7227928039274146,0.5261320243071049,0.3797745455308151,0.7167630057803468,0.7630840731224421,0.7318442435561171,0.874365284853056,0.4575135710715771,0.7773746242618329
1.0,0.6975708502024291,0.8905858941022329,0.7372281756899266,0.5310550163803465,0.4197054328416462,0.5587668593448941,0.7413890512849484,0.7302290784038875,0.8758424662633372,0.4583339617046509,0.7741607737950091
1.0,0.722672064777328,0.8944095885090033,0.7469305972165926,0.5579758946668099,0.3804283682498624,0.8111753371868984,0.7471812683923775,0.7283051862203817,0.8776601837351165,0.4592243863072604,0.7603023652767621
1.0,0.6595141700404858,0.8929457287034812,0.7588156128563355,0.5414721477224915,0.3906394560744904,0.7784200385356457,0.7939120310097321,0.7258171762608464,0.8754172790584093,0.460818270607445,0.7980283956536929
1.0,0.6331983805668017,0.8894270365846121,0.7627120782573309,0.5191772819313324,0.0,0.6396917148362239,0.8020329257328702,0.7230383733834632,0.8700763310857057,0.4616067925613563,0.8247556493861914
1.0,0.7190283400809716,0.8850834531601783,0.7598346778229438,0.5485221720020222,0.4023716209162115,0.8285163776493253,0.7984072631160062,0.7207438884332623,0.8604330946398691,0.4617606886211529,0.7938773295295976
1.0,0.7315789473684211,0.8778598683988761,0.7376278013014517,0.5585156183737542,0.3613024282593037,0.784200385356455,0.824450132400552,0.7183740293797499,0.8512630509560221,0.4609510941393451,0.8206560256370748
0.0,0.7093117408906882,0.8698339027752393,0.7141380241171524,0.5336807354330232,0.4026725084964337,0.8439306358381498,0.8147718731116341,0.7160328222777733,0.8437383896351233,0.4601095907690204,0.8088527402413698
1.0,0.7489878542510122,0.8615842186809086,0.6920666759485268,0.5633348916292354,0.552294426302644,0.7206165703275537,0.8564866444934633,0.7143376583176412,0.8465301831801456,0.4611187515828205,0.8530054603765932
1.0,0.7133603238866396,0.8500476482071833,0.6510549516848977,0.5861860815245653,0.535517941984918,0.5838150289017345,0.8212174955416139,0.7130819408378174,0.8527956774125166,0.4614943698845431,0.8083552700069899
1.0,0.7708502024291499,0.8418807752337325,0.6334197422656219,0.6253154098665543,0.5147589419919171,0.5486238532110087,0.7804705500886765,0.7127829694549627,0.865816409767386,0.4606398535750033,0.7700144261514897
1.0,0.7793522267206479,0.8357262320151835,0.6165263853870265,0.6314925298817616,0.5619203709925099,0.5460030165912524,0.7634623604144455,0.7126001466195261,0.8751999918324463,0.4625420857758651,0.7531417778372669
1.0,0.6947368421052631,0.8328177439882305,0.6242036534132248,0.6100777598938611,0.5787771967862618,0.5185185185185187,0.7447985497349532,0.7116770440393948,0.8780605646164369,0.4644129841475014,0.7300673716146879
1.0,0.7117408906882592,0.8329848578405132,0.6389417753578611,0.5723763707972406,0.5961618340137297,0.5226337448559675,0.7128259043277048,0.7104202411547013,0.8811470759702106,0.461453483386845,0.674534124540817
1.0,0.7627530364372469,0.8288890784746674,0.6440262227248252,0.5635028799728099,0.5616932110858183,0.6838046272493572,0.7099420778289256,0.7095665368082703,0.8869172400002022,0.4612952653644205,0.6628890971013846
1.0,0.7271255060728743,0.8263237334459721,0.672340019106729,0.5427426055613679,0.6304709773523105,0.4640102827763495,0.7154493512618583,0.7090125674123072,0.8978477421953975,0.4617151285749668,0.6828403158881006
1.0,0.6441295546558704,0.8254984703132346,0.6760576374823757,0.4750329829398531,0.5663903091742529,0.6399999999999997,0.6916221646876182,0.7088166829055694,0.9014132630428552,0.463092616204305,0.6493627210398727
1.0,0.7574898785425099,0.8259099075391627,0.6867602701265914,0.4930025550626373,0.4617322936647912,0.8152866242038216,0.6990749156222825,0.7086073005518746,0.9051918951344614,0.4638058047441489,0.6700575558827468
1.0,0.6255060728744941,0.8206243339629902,0.6672817533623085,0.4627794558683092,0.4534581157637746,0.5789101203113949,0.7029413065158756,0.7081134006158846,0.9063284405537868,0.4641567075681794,0.6816728386799329
1.0,0.5761133603238868,0.8206539550314238,0.6829552999515309,0.4345150519965276,0.4737935291338522,0.5888181174805386,0.6636485563672627,0.7072659135433651,0.9104302984834246,0.4602838481332465,0.6174839007123841
1.0,0.688259109311741,0.8209217006022784,0.7224220749378492,0.4956826936236544,0.4523569708237406,0.5392781316348201,0.6694456862966656,0.7062905189539167,0.912998208802096,0.4571962655257187,0.6243846577135295
1.0,0.6461538461538463,0.8201305771789607,0.7474941267880757,0.47286034804968,0.4408829708217307,0.6001415428167025,0.6954983812251596,0.7053710461752908,0.9220234698518244,0.4565931040177682,0.6545308526301701
1.0,0.6445344129554654,0.8234604792715932,0.7860613604744457,0.4718625839490167,0.4235741709050465,0.6978060863411184,0.7121184579634385,0.7040247922190799,0.927590041899506,0.454813910249543,0.6784083641933996
0.0,0.7012145748987855,0.8211440161918582,0.7926966849914399,0.450017980462317,0.4206931804981305,0.8945506015569713,0.7444153496209754,0.7028426514527774,0.9345919886979812,0.4549567298841836,0.714719136215589
0.0,0.7275303643724697,0.8128403249160236,0.7799076192707888,0.4620605489786477,0.4491447473244217,0.9750390015600618,0.7938923797218357,0.7009120309541589,0.9329669309354476,0.4609625164895775,0.790657207870432
0.0,0.6676113360323885,0.8031851951019009,0.7694769983402476,0.484529137505295,0.43255180334016025,0.8546722641288527,0.8189035563918269,0.7002668140659829,0.9434565395401644,0.4602233794049602,0.8056038905992058
1.0,0.65748987854251,0.7996770772763493,0.782674129385146,0.4797689151278681,0.0,0.7643546471759016,0.7455354730310635,0.6993830154269814,0.947286458323412,0.4549836871021323,0.7430657802763274
1.0,0.6526315789473685,0.7968123253574082,0.7959285839520315,0.4768177243038133,0.4901680771600968,0.9081938149157868,0.736112680484797,0.6992532814278062,0.955772709073717,0.454144843233688,0.7242374217344101
1.0,0.5902834008097166,0.790910247173157,0.8063857356854379,0.444175242023934,0.46330362287497,0.6392617449664433,0.7535188087389275,0.6979066588310355,0.9558982798674032,0.452456303819388,0.7450289266645845
1.0,0.6076923076923076,0.7897230851483912,0.8294756792552807,0.4035740942519145,0.44810105781206855,0.6132511556240374,0.7241008307581958,0.6961279257807672,0.9577949976333898,0.45338593057446896,0.7005978673091507
1.0,0.5109311740890687,0.7854396150378584,0.8231133486220198,0.3976310056902881,1.0,0.3482280431432969,0.7394091840293979,0.6949838100428537,0.9640228089633964,0.4514785380973498,0.7068144975386307
1.0,0.5388663967611335,0.7888759521503315,0.8383002942982651,0.4140023565684017,0.4683510035527377,0.23112480739599375,0.678662140320021,0.69327838613158,0.9722975547732688,0.4486724722065572,0.6261693362483082
1.0,0.5797570850202429,0.7927678305500194,0.8394006271691519,0.4366029351483314,0.4713816646690754,0.4761171032357477,0.6771833809058261,0.6918669987292329,0.9868477186066468,0.4488395132136093,0.6046119067802912
1.0,0.5886639676113361,0.7925160673940332,0.8406628466309487,0.44180578112076624,1.0,0.4160246533127892,0.7428530722332212,0.6903184980780576,0.9947765258378728,0.453409783137005,0.6848555154002883
1.0,0.6178137651821862,0.7914069152386993,0.8203271077600419,0.45891135835968205,0.4634595196367287,0.3790446841294299,0.7499226230539083,0.6887945505478056,0.9993481556763624,0.45424321411719104,0.7016512734396866
1.0,0.6153846153846155,0.7901401756743698,0.7881403116096198,0.4574802660923404,0.4565449196520778,0.2511556240369803,0.7240222256066107,0.6877577748218858,1.0000000000000002,0.4516758515377052,0.6582924565822619
0.0,0.7894736842105261,0.7956928990422779,0.7897418724256027,0.5180890194025762,0.5164370569230761,0.7507331378299117,0.6977189767574392,0.686958273029073,0.9959127423451728,0.4526937317894067,0.6204943509066538
1.0,0.6303643724696357,0.7918833841239672,0.7739468264717047,0.4655455506119454,0.5291429924374839,0.3870967741935484,0.7529489213899356,0.6863224569355727,0.982280674706301,0.4597909780205928,0.7088535880098007
0.0,0.6696356275303644,0.7979177621338427,0.7894916166181639,0.4931730721592761,0.5171075059484953,0.6202346041055714,0.7207404605279317,0.6857612138771564,0.9743658550575052,0.4564938447257994,0.6561573382581247
0.0,0.7542510121457489,0.7943618217794404,0.8130408989658379,0.5045438561770412,0.4923963740185214,0.8093841642228733,0.7352283725294646,0.6843697629350155,0.9687068970855492,0.4579607508267807,0.6968383721700232
1.0,0.6838056680161945,0.7815160011173679,0.8091656839704994,0.4590128121501501,0.4835182754760035,0.3519061583577711,0.8268426767019244,0.6832387937931613,0.966063831882398,0.4662831692850841,0.8001486266748095
0.0,0.8214574898785426,0.7802953493630878,0.8400143896419807,0.5209709133134339,0.523789301617845,0.6053511705685616,0.7448280266667975,0.6809784727677589,0.9571963580651212,0.46093726911585,0.690024205970806
0.0,0.8453441295546561,0.7758685482471809,0.8314955067296892,0.5486004774345901,0.5116073971970628,0.7279411764705885,0.8147718731116342,0.6799418837522256,0.9616747755270872,0.4666729819805314,0.7895254162693468
0.0,0.8295546558704452,0.7704339347273756,0.8340580413692731,0.5804183577434667,0.5265900776344157,0.7267156862745093,0.8779360252322537,0.6785737209628132,0.9745293756588064,0.4715304719320592,0.8796554800828921
0.0,0.8311740890688257,0.7650401337706958,0.8456567988269441,0.5832725773926638,0.5212874557329148,0.6483909415971393,0.8673292425902359,0.6768605700912128,0.9817969602106016,0.4694921017578267,0.8800296454064008
0.0,0.8303643724696357,0.7599064078063489,0.8526630106978714,0.5804594473118915,0.536356147683265,0.6889153754469608,0.8611194356150116,0.674919946239848,0.9817969883862382,0.4689320338247995,0.8682938061247986
1.0,0.8404858299595142,0.7530620880776671,0.8581763811521013,0.587342090588329,0.5808451141541643,0.6715741789354475,0.91314130749844,0.6723598449882352,0.97217325326752,0.4722560654413653,0.9300454754777802
0.0,0.9174089068825909,0.7464956708508368,0.8603576040599055,0.6056693002143398,0.0,0.8028747433264886,0.9162511238080262,0.6691681160927413,0.9687328891017448,0.4727762324500819,0.9266204236702736
0.0,0.8991902834008099,0.7348124857546761,0.8460016995906268,0.6326808536818357,0.5899960036185952,0.7946611909650925,0.9239986440611352,0.6659643249522625,0.963025872032728,0.4739355905725264,0.9233608680635504
1.0,0.9242914979757086,0.7221744426569108,0.8250296780936871,0.6465696439810401,0.5407187037043604,0.9055690072639232,0.9339471085586272,0.6631424759754126,0.9633817445953198,0.4753154266470256,0.924644275197468
0.0,1.0,0.7122901803243902,0.8093339033811643,0.6553002227994338,0.538879484836555,0.9892787524366472,0.958535782538848,0.6603415373645697,0.9583459346089246,0.4785004923308535,0.9861686819441166
1.0,0.8421052631578947,0.6991673347578551,0.7785094383321325,0.5585095424456811,0.5109457047549124,0.8665338645418329,0.9515595753356684,0.6578417904305971,0.9457839660671676,0.4781910581307745,1.0
1.0,0.8773279352226723,0.6923457750519546,0.7603892259426122,0.5334827257937931,0.5439981512148385,0.9825304393859186,0.905831028401024,0.6552438157395691,0.937204522251424,0.4772593682276709,0.9925596169493652
1.0,0.8684210526315789,0.6809369675938002,0.7360333949591608,0.5303570601969978,0.5885690257274095,0.9332615715823468,0.8970812924652046,0.6533060113438832,0.9247854813191208,0.4763769996621151,0.9956135113403866
1.0,0.7635627530364373,0.6730465262512602,0.7286457306903051,0.5014815660719016,0.550258522587119,0.8702031602708806,0.8768257274661134,0.6509610284215449,0.921699252678436,0.478094491086033,0.994016399497673
1.0,0.67165991902834,0.6696086176903224,0.7246972378363735,0.490470069340225,0.5544107856981195,0.7832957110609479,0.8605790251978639,0.6487246488104091,0.9138366934275528,0.4767280615230829,0.9675953335946168
1.0,0.6056680161943321,0.6672475805697564,0.7228145846529457,0.4994510245699258,0.6075531685569922,0.6546275395033865,0.8354892433762875,0.6462072002299725,0.9081298570836224,0.4740558653454465,0.9248315232294358
1.0,0.6380566801619433,0.6681568355379872,0.7327716100307544,0.5203747528918183,0.0,0.8182844243792325,0.8140889908572383,0.6439587971843103,0.8929255858076129,0.4720773582002246,0.8723834966357764
1.0,0.6149797570850202,0.6631391585792428,0.7409684539925488,0.5053953973506957,0.5716332971357834,0.8882618510158011,0.8484885703196773,0.6416495610957907,0.8720576473703122,0.4733836203359277,0.9235105957616956
1.0,0.5785425101214575,0.6470155503821986,0.6936071261021609,0.5317342414818597,0.5532696736430289,0.8024971623155505,0.8675650580449915,0.6397974050007272,0.8567207565440692,0.4723693616608308,0.9441663334666136
1.0,0.7161943319838057,0.6312271119672426,0.6379441166048034,0.6167471570779455,0.5374323951052709,0.6458569807037453,0.8802106618062482,0.6383929742536602,0.8479173697226766,0.4738947356477839,0.9889036732389828
1.0,0.6295546558704453,0.6179344884006523,0.5825482447753688,0.6179447320589295,0.5888679647147828,0.4267877412031778,0.8432515020953186,0.6364421955789051,0.8380701338026452,0.4729943344879925,0.9410910850368944
1.0,0.6129554655870444,0.6181774683528727,0.5725069287941341,0.607735703736818,0.5788608001038176,0.4426787741203175,0.8177834329817388,0.6348424967638343,0.8281991892295265,0.4707973868104359,0.8720535462279748
1.0,0.6408906882591093,0.6163314258408861,0.5622354465147805,0.5752319848992358,0.5573264786502858,0.4858115777525539,0.8122565082609101,0.632366615792089,0.8197960816036359,0.4693608604423616,0.8807306157009801
1.0,0.6477732793522268,0.6114470606108755,0.5457538940253251,0.5796069068565729,0.5434719441061527,0.3995459704880819,0.8473094930459002,0.6295725948376033,0.8129610851598897,0.470822646039065,0.9051489859279868
1.0,0.6761133603238868,0.6089959047533049,0.5560360895529561,0.5480324543323257,0.5250566918743069,0.4404086265607266,0.8508565505111791,0.6263073462234215,0.8063399522579734,0.4721994442533105,0.8755400882995275
1.0,0.6578947368421053,0.6045116147922269,0.5664183042299868,0.5374553106487427,0.4736650834827804,0.3791146424517596,0.8507877710035419,0.6234080267909482,0.7999686793311135,0.4720531977539174,0.8827285125446661
1.0,0.671255060728745,0.6024736100926888,0.5796828312008179,0.5463623654254993,0.5459549362314388,0.2746878547105563,0.8269114562095613,0.6215703318834173,0.8015111805830423,0.469924789443708,0.8246489550555808
1.0,0.6821862348178136,0.6036054539119549,0.5886405475440383,0.5540142895238579,0.4899395650161298,0.3166855845629964,0.781349945222035,0.6194077107808204,0.8036967074758,0.4681673948479828,0.7604008733094794
1.0,0.6396761133603242,0.6042413190568983,0.5847367168761538,0.5764048367427286,0.5133415522871638,0.2167990919409765,0.7873239367425042,0.6184748187357493,0.8058705999399288,0.4693250781647776,0.7539330830405309
1.0,0.6279352226720648,0.6099871318696442,0.6020284710268906,0.5687050826925675,0.5410981009078857,0.03571428571428538,0.7412465794477006,0.6170803849257877,0.7995944972513046,0.4666691534255252,0.701857522855802
1.0,0.6817813765182188,0.6217427176025221,0.6402807584591739,0.6074081650059899,0.5280788905799542,0.3281807372175985,0.7077460464065162,0.6166360436915799,0.7972095387618695,0.4627765548943085,0.6380773558054109
1.0,0.6246963562753034,0.6274773569230521,0.6689787763275119,0.6149423541873458,0.528929379517468,0.29369797859690816,0.7825339353177858,0.6157592781880411,0.7991810875698283,0.4748010222703321,0.7650742267890235
1.0,0.6089068825910932,0.6328153656586584,0.6907063856239446,0.6358277678592565,0.6121886613644518,0.2473246135552919,0.8242094041238227,0.614459884476536,0.8040844435193356,0.4779079526310375,0.8165166506763538
0.0,0.6874493927125506,0.6395609774359017,0.7046071973570142,0.6406985372917419,0.6367109378307111,0.4411414982164089,0.7772870414494788,0.612307777232625,0.7968081421047676,0.4723599441865202,0.7380127580726669
0.0,0.7145748987854251,0.6432753823348227,0.7189663133904466,0.6609254412233259,0.6238510192546449,0.6195005945303209,0.8638951800303613,0.6103433620985393,0.7873248220839476,0.4834134493804722,0.8538900403541797
0.0,0.6700404858299595,0.6413157695132563,0.7155180436557854,0.6252370632861607,0.6377112011759851,0.6777645659928657,0.9279682042161836,0.6079614297611909,0.7734816714484606,0.490731668531457,0.9346230293984692
0.0,0.7242914979757086,0.6366341495333591,0.7190568568380793,0.6118361209074368,0.0,0.755053507728894,0.9447012758598664,0.6053688256757218,0.7648478762207549,0.4897761837251736,0.9547936653726652
0.0,0.7700404858299594,0.6258800309119412,0.6934804791965751,0.6492649574193795,0.5680389128953334,0.8965517241379305,0.9363249143940772,0.6026353756669619,0.7526159318390816,0.4890613983330037,0.9357403871595192
0.0,0.7785425101214575,0.6108012316593989,0.6625458078531763,0.6062829366619255,0.4398844974049396,0.9909208819714656,0.9758190902436268,0.600748398269712,0.7536943783170325,0.4921337423990893,0.9766032357527394
0.0,0.5862348178137651,0.5946082192496571,0.6187020072931311,0.4435602125509088,0.3083558554534986,0.6412556053811655,0.9733528536126436,0.5989324207192391,0.7526641923843913,0.4902680518001351,0.9966251225318584
0.0,0.5696356275303641,0.5945026847649522,0.6234050041713339,0.4273505097920751,0.2718051790056103,0.6883408071748878,0.9248976904823901,0.5982053254493284,0.7580819883720237,0.4882654898504808,0.9306189609298424
0.0,0.5894736842105265,0.595121770781182,0.6293841394684917,0.44747124811107786,0.3081916227524812,0.7903930131004366,0.9250254238537158,0.5967070694622661,0.7566493311472007,0.4868781149531856,0.9560495728889512
0.0,0.5445344129554655,0.5917652123384476,0.6251300836267462,0.453026742702609,0.4570830862365154,0.6427184466019414,0.9650698357643612,0.5947924766040783,0.7585371755065359,0.4900544623514469,0.9988166923400088
1.0,0.5279352226720648,0.5882152396090496,0.6163629507290005,0.42932909710953576,0.44837912394056856,0.457692307692308,0.9543746223268104,0.591903131391578,0.7586077135498634,0.4891059718362055,1.0
1.0,0.5457489878542511,0.583601011994012,0.5884277619167769,0.4519048219802694,0.4383116866782345,0.3923076923076919,0.9413359928076288,0.5895008130961633,0.7578024690066025,0.4876390195896406,0.9985228519195616
1.0,0.6109311740890687,0.5786337808607374,0.5545354835766442,0.5254743598415383,0.5201548455122762,0.3750000000000003,0.9345464728394636,0.5871218749074313,0.7562890261037697,0.4868455804419333,0.991483087215828
1.0,0.6129554655870446,0.5746125096596673,0.5201613099343303,0.5273630586969936,0.5302977863283441,0.13461538461538508,0.9371158787319022,0.5844189239264143,0.7504953678178349,0.4874986782581773,0.9961218179256542
1.0,0.6137651821862348,0.5772777470474421,0.5179568992572721,0.5281843259714409,0.4801018001976938,0.15384615384615458,0.9048926794039764,0.5823320119892199,0.7493946687618408,0.4841212309101892,0.9505720374204664
1.0,0.6210526315789473,0.5826694687246368,0.5293026379756907,0.4829653809636754,1.0,0.1865384615384612,0.8977789131855226,0.5802603165038059,0.7466540632577293,0.4815710549027525,0.994210452396186
1.0,0.5708502024291501,0.5873157314441766,0.5351147979066482,0.4816332419599763,0.5086545911073184,0.01153846153846197,0.8951898560051879,0.5786922317361837,0.7510884267073108,0.4819051081888043,0.9748865070839968
1.0,0.6287449392712549,0.5955578916350619,0.5463586634477554,0.4919624445562321,0.5134488757229793,0.1878787878787877,0.8826474215053868,0.575891757221847,0.747841196842145,0.4837169681895224,0.961377125787002
1.0,0.6850202429149799,0.6004896552333661,0.54675522501036,0.5094235810913894,0.5345159622578788,0.4141414141414148,0.911721501947934,0.5740883060445411,0.7528413222537615,0.4850199843822594,0.9800534730008392
1.0,0.6700404858299595,0.6021858581774342,0.5460675862018378,0.5172627741066332,0.6661046554816518,0.4141414141414148,0.9089555831765326,0.5720801182921559,0.7497857730064388,0.4835918290475364,0.9956640399769368
1.0,0.6578947368421053,0.6063115620866371,0.5636853444108055,0.504425416736867,0.4858478737974168,0.3541247484909454,0.8942367685422182,0.5705548912907318,0.7463000865768905,0.4855106078307891,0.9955577182682952
0.0,0.648987854251012,0.6114912769011864,0.5780920043795967,0.4919543888628113,0.588035487078042,0.5211267605633797,0.8828881497821163,0.5674009982159626,0.7295015138708683,0.4843186377721237,0.9811441937913812
0.0,0.7056680161943321,0.6147437475530849,0.5927236583283322,0.5716863003623678,0.6069866711257439,0.8410462776659962,0.9008936423170832,0.5639516852169942,0.7129343145249409,0.4882226961845123,0.9607213094445392
0.0,0.6712550607287446,0.6092808740043962,0.5830724970160239,0.5795007427144679,0.5878067709921719,0.7022132796780676,0.8849367965453036,0.5601101859678933,0.6938819909911162,0.4866630908604183,0.9244681905139364
0.0,0.7097165991902833,0.6068859693370443,0.5992521681640542,0.5746389775598059,0.5314621143220516,0.7142857142857139,0.8629224412794954,0.5571352463075813,0.6829456103823737,0.4846558086731506,0.8687404816116046
0.0,0.6736842105263159,0.6029354994970688,0.6063941990152009,0.5714636741216058,0.6046352071856659,0.6921529175050298,0.8922519884646939,0.5567533196671631,0.6868228563174112,0.486297977974187,0.8967252565593615
0.0,0.6821862348178136,0.6012347214688063,0.6408773056516696,0.5801579524535677,0.6182317082106629,0.6861167002012067,0.8415565785142642,0.5572509203504245,0.6985955488228628,0.4726424274145486,0.8973616261803925
0.0,0.6967611336032391,0.59782541565191,0.6622409541706128,0.5992957920187068,0.6014728128498318,0.8108651911468817,0.8259288918147473,0.5582998350081542,0.7112400925019748,0.4732639696935344,0.8892936297206557
0.0,0.7032388663967611,0.5927505531723518,0.6839354896989407,0.5578613550883285,0.0,0.8229376257545266,0.8388152238527332,0.5573012600443584,0.7157194596031934,0.4717192042799716,0.9080701908377404
0.0,0.7238866396761136,0.5858811845691121,0.6747924598673631,0.588008194937333,0.6269917046269143,0.9839034205231392,0.8433350200688776,0.5555908297939037,0.7183613744252636,0.4686057468791319,0.9139364947005773
0.0,0.7157894736842106,0.5756794845567645,0.6554036613034135,0.5810714177642872,0.6427321013466076,0.9520697167755994,0.8589676195903688,0.5540293719126116,0.7164942903143354,0.46749005351069206,0.9295750952725784
0.0,0.6838056680161941,0.5673157492443566,0.6465416381132884,0.5964105452811712,0.5243667862043009,0.9755434782608688,0.8535340384870473,0.5522539837729948,0.7135965976092826,0.4701820901743598,0.9279731993299836
1.0,0.5736842105263159,0.5610387417070495,0.6408381989938775,0.4872030364555156,0.4851538855048654,0.6406779661016961,0.8648482674933307,0.5502184326928682,0.7079062231738403,0.4682751717892146,0.9392084147081842
1.0,0.5287449392712549,0.5613505501510534,0.6554161139480587,0.3898329593104311,0.5345368020522782,0.17352941176470488,0.8537305513660102,0.5479846114305321,0.7040377258259768,0.4674733232147321,0.9054296226401294
1.0,0.5157894736842107,0.5644060288100117,0.6697775837841613,0.37437424935725255,0.5128786211629697,0.19705882352941234,0.829195918427504,0.5454538705481912,0.6998913650455216,0.4681793652596238,0.8704731810435
1.0,0.5198380566801618,0.5677024052663711,0.6885257614307004,0.3838143453244344,0.5210379154134386,0.19411764705882265,0.8461058516622533,0.5431577586916084,0.7036678215055743,0.4672552146124303,0.8743352863297567
1.0,0.540080971659919,0.5718125662979578,0.7114268146225553,0.3689877362147183,0.4720993295458735,0.2911764705882339,0.8499820681997946,0.5399730993196817,0.7034273981805028,0.4682252637257798,0.8661795147498776
1.0,0.4983805668016196,0.5757856014829112,0.7354862726741409,0.3524349770502458,0.4463046426535172,0.19883040935672494,0.878741728036001,0.5378197613190446,0.7041126970032261,0.4694944686934488,0.8792141200909934
1.0,0.4712550607287447,0.5819145838468693,0.7648038505709551,0.3535892715782285,0.4485733552651048,0.11021505376343996,0.8559167571444712,0.5351347188845751,0.6952602496360959,0.4690308891542137,0.8614030852954729
1.0,0.4829959514170041,0.5884223152873005,0.7876901088878645,0.3664821866721858,0.5040205240791061,0.1935483870967744,0.8746788242634451,0.5341358199551872,0.6972530988235062,0.4724702473691523,0.8593939128786222
1.0,0.4858299595141698,0.5930262168473168,0.8062456184950375,0.3739432918995324,0.5539538204751278,0.05440414507772034,0.8384369365607298,0.5328235925220978,0.6996493974038079,0.4690643731974338,0.8392558721670305
1.0,0.5429149797570849,0.5992438752286571,0.8363065209101721,0.4146530059487504,0.4788349649680663,0.26966292134831465,0.8261204918717359,0.5322847279831157,0.7089182699056487,0.4709716022217855,0.8265337325150584
0.0,0.5198380566801618,0.6015245756007671,0.859177908350607,0.3862626236956587,0.5868291303519093,0.3050397877984085,0.8286505951883818,0.5294882859429048,0.7026743998801088,0.4714963047122947,0.8243007801110787
0.0,0.5421052631578949,0.6023656342380546,0.8746615228341881,0.3803743992846855,1.0,0.30311614730878245,0.9006971294381205,0.5268631048057729,0.6965833229282008,0.4807789072649502,0.8744284281864018
0.0,0.5554655870445344,0.5996876125709498,0.8761343542174375,0.4039392819008214,0.5692058636330721,0.0509915014164306,0.9056836437418018,0.5244004774871046,0.6894930344252231,0.481037549313603,0.8941223662542754
0.0,0.6323886639676113,0.6005160910946328,0.8942519617598571,0.4761767328720671,1.0,0.15080623843510302,0.8872703869829867,0.5239873459022558,0.6980410608150759,0.4817204265110345,0.8774015116328168
0.0,0.6214574898785427,0.5954965857699894,0.8924000937617849,0.5097444883878217,0.4880075021709734,0.17836257309941533,0.944106824401004,0.5239506836661955,0.7100607016030093,0.49089627163621397,0.9813086742952049
0.0,0.7554655870445344,0.5924028494723204,0.8996401710930153,0.6244824115981831,0.3970282927106341,0.3928571428571429,0.922367587165744,0.5230443117827225,0.7185286825870841,0.4898404237816622,0.972265619502034
0.0,0.7744939271255059,0.5873229484028741,0.8926705426900946,0.6406068004913408,0.4293549967033585,0.5978755690440061,0.9441903423745632,0.5215671779390866,0.7267844694158893,0.4899301697112429,0.9992821855339272
0.0,0.7793522267206476,0.5869863448838812,0.910826164193532,0.6472677896960869,0.3958746447693185,0.6534508076358295,0.931903374617414,0.5193985034786349,0.7342106640550623,0.4923421245016845,0.9898674040984188
0.0,0.7712550607287451,0.5859844711063256,0.9265393095559168,0.6416616344450964,0.4586107406790599,0.6064610866372978,0.9333330058118684,0.5173031449794004,0.7397460148165832,0.4924527466852587,0.9945259873785716
0.0,0.7878542510121459,0.5852506929206165,0.9412471443526396,0.6075310715339196,0.4867463845012414,0.6133236784938455,0.92000943261819,0.5153390999759823,0.7483995099178096,0.4910092137639255,0.9927246904007944
0.0,0.12141747846957456,0.933577757293192,0.22038433393128012,0.3925383696369431,0.4760400530488387,0.35001498351812965,0.5311792246584358,0.9876416516802424,0.3621795260509752,0.5148829710661211,0.8304071745702466
1.0,0.0,0.9369648061490752,0.2604381075432925,0.3680398314600904,1.0,0.199474375821288,0.5503146662474392,0.9869499786981384,0.3734012125176319,0.512543642142056,0.8441504231124378
1.0,0.04870817450232934,0.9397567451390436,0.30164652519963564,0.4053272664978725,0.5521453072031455,0.13108712819162918,0.5056325503932712,0.9871529967170954,0.3794693767671601,0.5132126448304439,0.7967542406112043
1.0,0.1328533107440354,0.9437877954564524,0.3003262283453436,0.39999823814549296,0.5800895691318143,0.14736842105263226,0.4443696603766172,0.98907596165884,0.3873330370821911,0.5125066462338401,0.7553474075666925
1.0,0.09727516589015933,0.9471652466308532,0.2993699982585916,0.3875458647215608,1.0,0.19532163742690084,0.4523529960844807,0.9914210967093784,0.3924143193425438,0.5129254659326258,0.8019024248327156
1.0,0.07849781166172531,0.9496340591224972,0.2739060043038293,0.3716251400902111,0.5378170589796187,0.11491228070175462,0.4652982819861557,0.9922003182759694,0.4032666755754648,0.5137651400301384,0.8346952199046259
0.0,0.241281942679656,0.9531308323072132,0.2709538383541809,0.4106688420824166,1.0,0.2831043333836634,0.4500587082225904,0.9924233138150031,0.4118320321707691,0.5127758354825722,0.8094539382976842
0.0,0.17690244246788128,0.9534590103826576,0.2553855457994023,0.41834329846538537,0.5687829124601411,0.1837535859882225,0.4829353128730672,0.9919582176922468,0.4167895854843183,0.5149566290052425,0.8754822469863516
0.0,0.1608075674149378,0.9560148640520258,0.24528872331589366,0.4052848061068868,0.5361436381173241,0.0996066089693162,0.4838097951844516,0.9911112013477468,0.4144578965020765,0.5150564339747568,0.8669061563175934
0.0,0.2762953550755329,0.9587452862814652,0.2418342972379611,0.4248442924140355,0.5499051466101997,0.2302124311565697,0.452490555099755,0.988750172991494,0.404933441998414,0.5130030892648807,0.819282289993296
0.0,0.3216151348298748,0.9596361974830798,0.2329726523131899,0.4042412658943186,0.578129471179714,0.2198591962452335,0.5130951269718839,0.9856792075852584,0.3896700366259367,0.5136055825052577,0.8716622183993827
0.0,0.32599181137935873,0.9606069942987068,0.22991590068312304,0.4065207778658174,0.6074973890836963,0.2444998533294217,0.5378704881871192,0.9824611923581102,0.3763916882470584,0.5154508427490749,0.8637185827946923
0.0,0.3492870252717777,0.962429157506635,0.2338811410789047,0.41985220250803984,0.6253824723609562,0.1931651510706948,0.5695483642759236,0.97969458939292,0.3588682834100462,0.5139864191718035,0.901887245911178
0.0,0.3334745164478329,0.9642982261947864,0.2363241422243861,0.4121101519349921,0.6595249382182677,0.2010853622763281,0.5868316719807025,0.977193783229672,0.3452527061900388,0.5115209181071798,0.9127654730131424
1.0,0.34123958774530594,0.966651157592449,0.2363965593389395,0.4160901345088277,0.6660544347718453,0.12129656790847737,0.6078929397835411,0.9746587407276592,0.32993605369337065,0.50934756105238,0.9151435040540368
0.0,0.3683467457292113,0.970140116596968,0.2441074264052148,0.4310409335054192,0.5125960642410055,0.042012854679417865,0.5998359117460662,0.9725064470425164,0.3221658506259182,0.5088450487599274,0.9034177871662216
1.0,0.4188903007200342,0.9776448972044784,0.28455205738305656,0.4075273807585721,0.5441058481073838,0.1370120708575014,0.6087084682312371,0.9708578865232956,0.3144224056694737,0.5094554826554583,0.9169712991891928
1.0,0.2299872935196953,0.9831467174848392,0.31593225064861563,0.3704167098478042,0.5512401118713531,0.07054397240946861,0.6253629347233342,0.9702160610409002,0.31476821409745226,0.5069432320140335,0.9282100256776756
0.0,0.3419455033178036,0.9921221741532282,0.3732822007829605,0.3749350583655068,0.5655663450604443,0.11537858598526445,0.5969127826714942,0.9693507330539624,0.3168613912744665,0.5084008223467535,0.9249212593445236
0.0,0.4043484399265847,0.9980164636023431,0.4086551055607128,0.4012090442024306,0.4411320449084804,0.3351731058705465,0.5687082717183576,0.9690483998167128,0.32602733340460466,0.5066086913008683,0.8860189483537194
0.0,0.5705209656925037,1.0,0.4369190686321561,0.4883425126871955,0.0,0.7332329821040318,0.5657409272460192,0.9690940883700292,0.336038378724192,0.5063489951588641,0.8890673817625254
0.0,0.7489764224198789,0.9953257062211379,0.436521793679558,0.5281871565134558,0.4627026352701746,0.8840943301555452,0.5337977587706151,0.9700380548412048,0.35215867733349804,0.5075721826914087,0.8864047459428004
0.0,0.6428067203162506,0.9857460897777972,0.3898407646193683,0.5314748020820627,0.4585919924989479,0.7039874902267401,0.5113314238831926,0.970740792172978,0.36445026697735294,0.5095618681094003,0.8842607232756113
0.0,0.7056332062685307,0.9832683493223652,0.3980121500431621,0.5592731705059806,0.0,0.6379984362783424,0.45327660661560604,0.970060217039902,0.3749874147659956,0.5057007176331587,0.8076957132195756
0.0,0.6075109416913742,0.9814581312656268,0.3992622812635453,0.4937963507412308,0.4541946962464792,0.78084823407714,0.4128833843448017,0.9684221422996876,0.3777485466042,0.5029376121693906,0.7492884880529241
0.0,0.5405901454186083,0.9791957714240912,0.4189403317514909,0.5121444387454601,0.6370493276626141,0.7388798581350677,0.4532864322595544,0.9668619232443736,0.3846287879200714,0.5021764514155406,0.7851929620400468
0.0,0.4791754906113229,0.9753370582879016,0.4233677908786381,0.486818126504029,0.7298786044567046,0.5911038865080541,0.4524266884140921,0.9645147687752814,0.3873269826594175,0.5021516106144432,0.7754721277053265
0.0,0.464492446703374,0.9732346556210903,0.4415150194122098,0.4793540545836481,0.6842464760741547,0.6286389833013151,0.4271305680696046,0.9628605460350124,0.3882732201694742,0.5004669965841297,0.717760603109149
0.0,0.43385571085698105,0.9710204417274584,0.4625469488686345,0.5150879377932703,0.0,0.615634697798138,0.4209600636701728,0.9613112008853664,0.39119284977665736,0.5037060294739792,0.7146362750926548
0.0,0.34279260200480066,0.9677454408518849,0.471918328467917,0.5231705749673884,0.5415558641222746,0.4965272646667658,0.43874447921630655,0.9619311675875594,0.3966739674851598,0.5013285643609326,0.7234969705402429
1.0,0.3306508541578422,0.9659737795967857,0.4791028684965211,0.5166993318841818,0.4751735384854899,0.5979183583081118,0.3797070975539063,0.9633993786810128,0.4084151771167557,0.5006057226116603,0.6911848413170246
1.0,0.3415219539743047,0.9650581298776971,0.468350222953064,0.47164678203583005,0.468687930990486,0.620931918940161,0.4319107438503751,0.9653300910017903,0.4080867863527631,0.504275380062184,0.7922068887005578
1.0,0.2858958068614994,0.96411588431363,0.45729388700867696,0.4923496511702308,0.4937066910890367,0.4732977563949465,0.4375899660523999,0.9643234699445472,0.402815381627606,0.5009851539342995,0.7940916047914793
1.0,0.31610899336439424,0.9645923074585596,0.44038050781892696,0.4571259412034231,0.4720319157074453,0.5336540757884325,0.443603260148662,0.962730388383318,0.3869161991400325,0.5015301084831307,0.7675980621576837
1.0,0.2957786248764647,0.9650609496357332,0.4491765580429857,0.4450708139046368,0.4387069504549611,0.39166474886994657,0.4484030872173288,0.9613664079880012,0.3770619899170157,0.5018177252033916,0.7894746828237855
1.0,0.2099392912607653,0.9668398708903352,0.4698090796411983,0.4511510428848527,0.4680021331788735,0.28224178133643657,0.4120531174311836,0.9613035843758531,0.3720499153218565,0.499273827058871,0.7411740895809354
1.0,0.23394042072568114,0.9709181993556072,0.5299412237224611,0.4653698586380833,0.4742248873509816,0.2583597844541222,0.3589504247134596,0.9615754470569025,0.37630658053835264,0.4990887999761262,0.6836017050988525
1.0,0.389383029789637,0.975084324499329,0.5822326451791057,0.5412418294298035,0.4606895201684575,0.7472893933538566,0.35075583766071045,0.9618387430049076,0.3885249483840766,0.4984410563459755,0.6917224281214819
1.0,0.27403642524354044,0.973951064243492,0.5922512627984505,0.5166388737823193,0.4679615884793135,0.46504761201742,0.4310510000049128,0.960952912408882,0.3875160275762154,0.5006741365747782,0.78372566629141
1.0,0.34208668643230294,0.9754532627017576,0.6042994793201903,0.5071666114386044,0.4578221445385822,0.6352611170695486,0.3879360743604733,0.959195334772932,0.3904611944737912,0.4976068870458527,0.703271057591358
0.0,0.3923478751941264,0.973824614798014,0.5933021438517507,0.4914564382034522,0.4412095115022601,0.6409059526962771,0.4166171290450947,0.9584117257232364,0.3915656023990453,0.4997635782440013,0.7464930366697448
1.0,0.32570944515036,0.9711467235288158,0.570384246161832,0.4418788916911324,0.4505081025704698,0.2878866169631651,0.4432593626104773,0.9562938009423021,0.3875846382453305,0.5017454542195628,0.7880516589296331
1.0,0.4054779048425805,0.9734875896192818,0.586725134339333,0.44893937500752457,1.0,0.35388777198337723,0.4178698986484827,0.9547959752442524,0.3774541518007805,0.5000831073054021,0.6948467561379766
1.0,0.306508541578427,0.9757769172866482,0.6136998525362614,0.4205138406566388,0.4698376136982496,0.06904068189614262,0.3830527293182477,0.9532170298998658,0.36851322341166304,0.5010190817910601,0.6829882236867073
0.0,0.4716927855428487,0.9828515912169092,0.6856853069536719,0.5097565301764813,0.4648280728902037,0.3987217620591491,0.3597708659831293,0.9529907812369104,0.3683145086830443,0.4992774808311167,0.6438772025247608
0.0,0.5237893547931664,0.9836550436674508,0.7275452987257962,0.5209846662149766,0.4890526268645059,0.6454256217785617,0.4663791028204515,0.9509140321037376,0.3464858100533881,0.5037960633249753,0.7612545378650849
0.0,0.5688267683185095,0.9824857573926552,0.7702290281384849,0.5581069078647182,0.5049426421973995,0.6125473573462693,0.5441982028897221,0.9470343526872936,0.3177468128792437,0.5061223663419754,0.8290853434863454
0.0,0.63151207115629,0.980841083348847,0.7897425775808093,0.5761553283626615,0.4279729222769608,0.7597699136502638,0.6046799542124988,0.9444074546103428,0.3001618919029612,0.5071631458824287,0.8599997470179741
0.0,0.6964563038260632,0.977951792453861,0.7867848997979209,0.5906139255513403,0.0,0.8374532440648601,0.6414671651543363,0.9418736226241744,0.2984834553561692,0.5096290182918909,0.9396258395840976
0.0,0.7777777777777776,0.9739660583149264,0.7502752920617368,0.6332695992082803,0.5184621071191092,0.9559182803757541,0.6668517162943568,0.9400609093420206,0.2980259127217736,0.5078923994323954,0.9493466739188179
0.0,0.7681773259918119,0.969089709492934,0.7133048832310416,0.6295279420438371,0.5068744213826076,0.896272855133615,0.6847638652118164,0.9364350814792431,0.28877520694555936,0.5055599611372485,0.9612368291232908
0.0,0.7508118029083723,0.9667464475103096,0.702094525336043,0.6500749537597307,0.5247536100412553,0.8878340365682138,0.697645284427828,0.9351317517826676,0.2930966837163511,0.5066448251719465,0.9546592964569866
0.0,0.6899618805590852,0.9644048633098568,0.7330073266427449,0.5344545588626248,0.4916567362348166,0.9068213783403646,0.6878294661236356,0.9337452681902416,0.2965901801847713,0.5053140389756553,0.9959522875899663
0.0,0.6910913454750811,0.962717645621796,0.7731240626172335,0.5355361112473125,0.4742118087504934,0.8804500703234869,0.6603225758908171,0.9350167108339285,0.3139360947397508,0.5036208800367877,0.9997795650082829
0.0,0.5925455315544258,0.9589287120567088,0.8048808057456981,0.4861525113308858,0.4658551860833157,0.816104078762306,0.5869102771322876,0.9354718102280264,0.32500500200086635,0.5013951488867169,0.9912634591795008
0.0,0.6994211492305524,0.9552652157085876,0.799204596613501,0.5175474902152271,0.4919084320220792,0.9944279346211004,0.536509636500302,0.9373300988130708,0.34705579239372264,0.5013918885059963,0.9434510017718409
0.0,0.7301990681914441,0.9470903798037262,0.7692189026031422,0.5350795769494843,0.467207901805733,0.9135618479880776,0.5326530712506568,0.9370246681956051,0.3565692909434077,0.5009365210650623,0.9655308709281716
0.0,0.78286036989976,0.9400207675719808,0.7395173540368152,0.5009638241008713,0.0,0.9228763040238452,0.5155220610270743,0.9366922236420588,0.3654942787406419,0.499796427246016,0.9324246967425374
0.0,0.8150501200056477,0.9337545993688291,0.7257347275304256,0.4651013598294641,0.4640686805689968,0.9928595715742952,0.4989609381524839,0.9359763605487288,0.3734863103689071,0.498415714317061,0.9340261687338146
1.0,0.7591416066638429,0.92675784957268,0.7202368244825159,0.4709502633598428,0.5196497092240242,0.9933309933309934,0.5186760927344278,0.9357428391031648,0.3866110019252715,0.4998391081544306,0.9707509881422924
1.0,0.7078921361005229,0.9196573804847288,0.7307691465649613,0.508418009320516,0.6185781123010494,0.9772102161100203,0.5149767377879527,0.9340188706907578,0.39553106561189255,0.4995213256266453,0.9729726046067869
1.0,0.6690667796131582,0.9137802313475436,0.7190254112914051,0.4895178578539144,0.495974015111772,0.9508196721311468,0.5024490417540739,0.9321529911506172,0.3872077037111601,0.4987492390006775,0.9350415701240284
1.0,0.5572497529295501,0.908245104252612,0.7085972006403505,0.4564638843388774,0.4908666420921426,0.9649220489977729,0.4930508133176781,0.9298013559256284,0.3739888721154549,0.5017541759005794,0.9271091726863842
1.0,0.6066638430043764,0.903796803141382,0.6810146457734432,0.4312505270339496,0.4057270869008969,0.9899777282850776,0.4816628919817834,0.9279504971339428,0.3645651399549629,0.5010143511587705,0.896558538912362
1.0,0.6586192291401954,0.8973765602891162,0.6550869685285743,0.4593481158730681,0.3921086377746773,0.9834096109839836,0.4685309188450938,0.9261869453189668,0.36740090468244346,0.5000941059445545,0.8739948207714321
1.0,0.6686432302696601,0.8900368917574806,0.6008384979736348,0.4645976232468915,0.5159693282796229,0.9709583736689268,0.4772413522051203,0.9260399855803804,0.3757866225939719,0.5007457102499254,0.8898528008722911
1.0,0.6853028377806014,0.8811986335208501,0.537682935203299,0.4749152730630405,0.5054163807844767,0.8956262425447306,0.4554087713523525,0.9254973054089398,0.3817339675961916,0.4989215272272374,0.8972127572577342
1.0,0.7827191867852605,0.8753183681712131,0.5034931132520791,0.5216056114270037,0.517818313375371,0.8619902120717776,0.4562390382659701,0.924363090670345,0.3862672060490453,0.4990391361698044,0.8832288401253916
1.0,0.6464774812932373,0.8713914370356957,0.5005244043870983,0.4780255130065712,0.5107824033167265,0.7758838383838377,0.4767107674319208,0.9215762221590416,0.3818780150436272,0.4968995783637091,0.8957339512062151
1.0,0.5537201750670621,0.8715104904802149,0.5181077540989719,0.4792652905117166,0.5047698801359612,0.6704545454545456,0.4399088180241612,0.91755547719035,0.3691193338551194,0.494294936807014,0.8237767479896415
1.0,0.5109416913737117,0.8732375167954518,0.5463155262391021,0.5069692330381365,0.5309128780769047,0.623421717171717,0.4668949491277285,0.9146545019112768,0.3599232351567643,0.4965109093646173,0.8063172958975059
1.0,0.4390794860934636,0.8754641805780972,0.5543070573487816,0.4672934816334694,0.5978240133546475,0.6546717171717173,0.4341264265606808,0.9119164689769054,0.3511248794963626,0.4977064140426675,0.7724955703966201
1.0,0.482422702244811,0.8735172550542727,0.5152518888015992,0.4895394945359428,0.5708735305837136,0.8077651515151506,0.4052095564213037,0.9114361780229088,0.35274846280466376,0.4955580909391003,0.7157012402889464
1.0,0.6989975998870535,0.8691123915282701,0.4535642881052762,0.5798063587594114,0.5525092335111912,0.7815656565656561,0.4318026617669458,0.9107393515047414,0.3553603632656702,0.4976111889231361,0.7698855117895598
1.0,0.6838910066356069,0.8629657097387229,0.3788766191206696,0.5686109182252506,0.5564277083442328,0.9441287878787884,0.4356051859748761,0.9102988049869072,0.3592588724181224,0.4942056180849842,0.7705601744582253
1.0,0.6477481293237325,0.8573049038345528,0.3595192512806479,0.5573367310082081,0.4371318786362761,0.9504587155963294,0.4463151378783485,0.908903113079778,0.3612660757289139,0.495055708665746,0.7862545999727406
1.0,0.6189467739658343,0.8520187962803438,0.34396985096451416,0.5480792075422702,0.5601920010024005,0.7878899082568818,0.42813278375231534,0.9074406262830316,0.35586270321800817,0.493732891900545,0.7458566171459724
1.0,0.544966821968093,0.8492625337390474,0.3532914877041966,0.5661803556298617,0.5353788907452134,0.6601834862385324,0.41698067787117626,0.9057930563054508,0.3534458735130903,0.4928933601922876,0.7262709554313753
1.0,0.5067061979387264,0.8477201713788773,0.3538264718824433,0.5971028182279094,0.4982225914701885,0.6377981651376146,0.3672678323155599,0.9055891792337708,0.3606139574011201,0.4889760012919554,0.6456930625596289
1.0,0.6121699844698577,0.8456083947834272,0.3312761101270375,0.5928619620941014,0.4647750383490234,0.7500917431192661,0.34912969358729345,0.9063606378840322,0.37549479970289423,0.4874189107602656,0.652139839171323
0.0,0.6453480163772412,0.8399879199261668,0.2782704308478223,0.5562066940029937,0.4645450437287855,0.7574311926605499,0.3698224997420768,0.9066304708019668,0.3883580718522817,0.4890780969859064,0.6974717186861114
1.0,0.6933502753070736,0.8365649971890609,0.2540528296508194,0.5731910788278339,0.0,0.7332110091743125,0.3828709549052072,0.9064287662884244,0.3960462277605389,0.4901725350199325,0.6871064467766117
1.0,0.6381476775377665,0.8325332787018465,0.23096650697960006,0.5436362829555788,0.4574120718144374,0.8765211166785954,0.3947894610143015,0.9053514404157508,0.3998284357510196,0.4910812658404163,0.7261823633637726
1.0,0.642100804743753,0.8281742794710945,0.21435103424138754,0.5458480409345686,0.6190023935892249,0.8726088726088729,0.4044235049054528,0.9060787799640077,0.4133184878613197,0.4918691358917499,0.7250715551315251
1.0,0.5420019765636028,0.8228740007731046,0.1752155128005324,0.5573939901536407,0.6304629870334805,0.7391304347826086,0.3364202231403741,0.9049158173175316,0.4130649161615235,0.4900435248345068,0.6704988414883466
1.0,0.5226598898771709,0.8212391978443081,0.1604718582566718,0.599320504336215,0.5199213129533246,0.6926388291003021,0.3372357515880697,0.9034348682909399,0.40675962231656415,0.4901602220311472,0.6293716777974646
1.0,0.39432443879712,0.8192984223105362,0.13653159686275346,0.5995809728279621,0.5000026394679534,0.4765389582436504,0.3398493728782748,0.9005173007551112,0.3877162440934221,0.4904190912082492,0.5978601608286764
1.0,0.2614711280530846,0.8193048874921993,0.10795539474003238,0.5914871876633362,0.5171374095011796,0.0878174773999136,0.34695331345278024,0.8983390407237725,0.3726386234005065,0.4910216439569127,0.5922516014719909
1.0,0.3982775660031062,0.8227504224118452,0.09413053397581986,0.5996116349763246,0.6674867230381497,0.3796814464055099,0.2880338395177576,0.8957194725996119,0.3595310076933221,0.485997611681476,0.4893757666621237
1.0,0.47352816603134296,0.8243773578131464,0.08413882558437308,0.5849299194970788,0.7008513809100465,0.5187257856220412,0.35776643461770874,0.8937169562977799,0.3508677961665204,0.4883419647744216,0.5352119394848028
1.0,0.39347734011012303,0.8241291331504399,0.08893881753275201,0.5482180506801803,0.0,0.5850193715023679,0.39991353433325627,0.8926098722607155,0.34684411592682873,0.4882717955050132,0.5830039525691697
1.0,0.526330650854158,0.825341556570522,0.11712081658729255,0.5575744468530061,0.6977552480385204,0.8467498923805422,0.3748434037995766,0.8918551246853271,0.3439907260814954,0.4898046215588602,0.5665121984462314
1.0,0.4688691232528591,0.8236257775674969,0.1358041664196506,0.530216508425727,0.5093706907431332,0.95887349128297,0.40884995750408987,0.892050932982858,0.3437175060483174,0.4890434472504544,0.5830039525691697
1.0,0.0957221516306654,0.8216997794881391,0.1465471469051951,0.4044959510294058,0.6090699085206086,0.27543035993740245,0.4045905408525709,0.891926214419753,0.3427521084554899,0.4886106842799303,0.5960610603789012
1.0,0.18071438655936728,0.8276759967618481,0.19809082694481547,0.4372796679706517,0.5475310490390061,0.405500705218618,0.4020800888238212,0.8909334954581068,0.3382157670740238,0.4883593711304875,0.6032233883058469
1.0,0.1370888041790203,0.8273326450874892,0.19216764216011573,0.4651626527682574,0.5487633101293156,0.3209837112743539,0.4832251693695376,0.8895453175368554,0.3332464962924723,0.4916168436641348,0.6569578846940167
1.0,0.16108993364393653,0.8269817318497101,0.1646251206276278,0.4790500163120696,0.5643192509222505,0.2446502714787609,0.4999484153692722,0.8883536832734008,0.33231799897769176,0.4929977140936515,0.6864794875289626
0.0,0.23987011153466065,0.8270127900762329,0.14029488137909288,0.4705910403293842,0.5826039340751517,0.3008623442989459,0.4411075465858345,0.8893645003090763,0.3435061935299686,0.4917603536412383,0.6324860297124166
0.0,0.2906960327544831,0.8273889325711512,0.11753761417554268,0.4452310884855516,0.5493177583767878,0.367933567550304,0.4898820431444025,0.8914295082385079,0.3614352991774944,0.4957421028872048,0.7220253509608829
1.0,0.2041507835662852,0.8281987460599207,0.12128045616343865,0.447014905743408,0.5421539189096022,0.22708399872245255,0.5025915135913219,0.8942960785249082,0.3834847735356708,0.4966009290630462,0.7729317159602013
1.0,0.13299449385853473,0.8316802214389489,0.1280523861830092,0.4608450583331406,0.5797343775166229,0.1584158415841588,0.4467916816098335,0.8966973874118301,0.4068567695459243,0.4953938353540792,0.7651219844623138
1.0,0.08725116476069472,0.8363012956740168,0.14247928707954158,0.4241525754614873,0.5459137586488301,0.02874480996486766,0.4109329940210957,0.8965438401631062,0.4069541651642597,0.4962025600480349,0.7290786424969333
1.0,0.20259776930679124,0.8427182605639898,0.17442244370901128,0.4268424988098653,1.0,0.2348382749326147,0.40951318847058976,0.8940435126043457,0.39444065881291934,0.4962746411609034,0.6697969197219574
1.0,0.1626429479034313,0.8458104947556648,0.19998266716091534,0.3922250522878761,0.5122650627472339,0.1208939603659564,0.5181012925634612,0.8919397844212121,0.3807171752540132,0.5015629693907931,0.8031688701103988
1.0,0.20513906536778245,0.8515547283784409,0.2402118236850837,0.366622316031876,0.4555014286150489,0.2005508693406789,0.5048661501653164,0.8896648144313529,0.37497712822563145,0.5003373698253408,0.8038639771023577
1.0,0.18297331639135966,0.8566721205610901,0.2848369857831972,0.3566314716233264,0.5490223135332993,0.21053537614047207,0.5479515988779113,0.8880566927503578,0.3748029323347437,0.5002594016372464,0.8229112716369085
0.0,0.22716363122970498,0.8625024461641742,0.3291741177572335,0.3788319909659755,0.5960979960324673,0.35066276467550384,0.5546772521604135,0.8836237221187632,0.3567433626637009,0.5007744815840817,0.8379378492571894
0.0,0.2193985599322324,0.8677878909821681,0.3762850405260681,0.375153663708004,0.5421295233908409,0.3637459115166132,0.6672545676962303,0.8797216716046318,0.34474248278668784,0.5064833377915228,0.9201921766389528
1.0,0.08725116476069472,0.8728839446531997,0.40992175605632775,0.3443189201527905,0.5516929428412909,0.24197882092618925,0.7110622012390136,0.8773377306278106,0.3425806748666941,0.5064066789933458,0.9612034891645084
0.0,0.06917972610475798,0.8796032894611092,0.4454223108771609,0.3247462933357476,0.3354734259363595,0.1641305953612057,0.6431227861595981,0.877247404222797,0.3549358913434193,0.5039626807944729,0.9405002044432328
0.0,0.20640971339827768,0.8855364580755251,0.4655414966179116,0.35881807949276623,0.22072440443642904,0.3771605850199443,0.6293423205223312,0.8766975589510021,0.3623514243119814,0.5064800147900976,0.9341420198991413
0.0,0.2206692079627272,0.8878908111701396,0.4738824221302032,0.36905656700327816,1.0,0.27877086718865424,0.6802637202835677,0.873022022205694,0.3492957760794213,0.506964638676507,0.96579721219647
0.0,0.3341804320203302,0.8918860724562525,0.4869537202186287,0.3957465490600452,0.4737756103125829,0.4516176687841639,0.6935086883256611,0.8711559048070182,0.3464067801342846,0.5082500835766249,0.9491768269801526
0.0,0.5332486234646334,0.8943803806100654,0.5059901408195959,0.5056483217007534,0.5343800206732322,0.5267958950969205,0.6355865172513743,0.8690790634239348,0.34214538878439915,0.5027965071434312,0.9503162376251136
0.0,0.5274601157701542,0.8914596923454496,0.4896793783321765,0.4992713637527313,0.5069801128077962,0.5739084692267243,0.6726046308259926,0.8691438451284822,0.3472105395906557,0.5021298460171558,0.952861148826134
0.0,0.5811096992799661,0.8889201250109688,0.4778943188132289,0.4921348496641416,0.5517800129627483,0.6601788532351404,0.6611577556264089,0.8695624672711685,0.3601487758770009,0.5008393620194007,0.9746873443544588
0.0,0.539601863617111,0.8868286728612755,0.5132387810370812,0.4643146672080773,0.5745406034759817,0.5074696545284773,0.5877700209777498,0.8683161195520642,0.3617194359805965,0.4981327674460186,0.993018928636383
0.0,0.37357052096569227,0.885957420432739,0.5449196777896267,0.3725960671910426,0.5522775767879058,0.3291316526610638,0.6339014193142679,0.86873503670035,0.3761015385639472,0.5021791785519819,0.9606444107589802
0.0,0.4177608358040376,0.8878637331071826,0.6130214538327146,0.4067679658217658,0.547872532217624,0.259103641456582,0.5665908454475332,0.8688481991934284,0.3842011051872184,0.5000526123234235,0.9596855501110444
0.0,0.4410560496964565,0.8889105901428691,0.6323662102493606,0.4249107681326418,0.5310763577750813,0.3394024276377225,0.511483721364389,0.8720083331584382,0.4085524655340299,0.4954587276919483,0.9649874854584553
0.0,0.4584215727798952,0.8903786717548181,0.6701241401633051,0.4391147809924109,0.5433402036585944,0.4743230625583568,0.5059224068897418,0.8721761381976602,0.4160770562973791,0.49878581052762105,0.9995068307619832
0.0,0.4410560496964565,0.8901807401343469,0.7013790232669197,0.4761948648376591,0.5520017339253707,0.436041083099907,0.4845074159047696,0.8716952449691046,0.4211351961042942,0.4973419330315912,0.9859175256165831
0.0,0.4536213468869124,0.8893135482148466,0.7211111331952723,0.4858702214086042,0.4965087966885697,0.4140989729225015,0.4503240006091901,0.8712841350371344,0.4297158391478765,0.4945526599488297,1.0
1.0,0.4906113228857825,0.8877403908669765,0.736166687875088,0.5126502518646329,0.5019619564439154,0.3907563025210075,0.42957224059071797,0.8710784246795863,0.4414582073458878,0.4930978391639168,0.9817780360255668
1.0,0.5352251870676263,0.8866036365068829,0.7514800456054844,0.5417651976269429,0.5152413199240522,0.3818860877684399,0.4334877597040516,0.8693101916751459,0.4441854519571122,0.4896812689329903,0.9950352777190468
1.0,0.5580968516165468,0.8850013846340343,0.7739097380939696,0.561789041368329,0.5132008828194996,0.5206402695871944,0.4180614987054712,0.8687743030438005,0.4516535946819288,0.4885814023727938,0.9765462455078492
0.0,0.63715939573627,0.8831026534948561,0.782315310736595,0.561397933466225,0.5121846666832226,0.5923467395548613,0.4020948272897432,0.8677820368724097,0.4561024907740915,0.4872754021718458,0.9972653048357604
0.0,0.6566426655372017,0.8805617217878137,0.7880069570499342,0.5247518694118917,0.0,0.7040130968757977,0.41005851170971136,0.8649820180052606,0.4479710412668296,0.4879023393225425,0.984671521341656
0.0,0.7268106734434561,0.8784242895157992,0.8001208794117765,0.6026691446679242,0.5952985382447011,0.90476131192849,0.4357820475659424,0.86068824290037,0.4324404446244202,0.4899425499386785,0.95663892566673
0.0,0.7126923619935055,0.8732048110112569,0.8239674600340421,0.6438986424054355,0.4884128697073529,0.9686265635286364,0.4559098791937079,0.8563138393484516,0.4140051797224517,0.4877535988827285,0.9747178614210958
0.0,0.6502894253847241,0.8677885874702544,0.8440274107947068,0.6404311813457536,0.4849868328497552,0.9783350690617189,0.4371379864307858,0.8525823449404429,0.4018668290520983,0.486498133704486,0.9896087706415752
0.0,0.5691091345475087,0.8624120208454824,0.8583078716796471,0.6313265840539944,0.6215153278488434,0.9898241426840224,0.4542100427906791,0.8484110546893927,0.386643844622394,0.4878674826806054,0.9759985655492746
1.0,0.5844980940279548,0.8591001640404414,0.8829262745342856,0.6415855582182783,0.5408669561094587,0.9280186281993084,0.42955258930282136,0.8437887470625999,0.3711734134496004,0.4861697371865194,0.8890862207346433
1.0,0.4918819709162786,0.8558190901240279,0.9014386364083472,0.6168566496032958,0.5970253401042772,0.7425095894646332,0.4285700249080073,0.8416193478706254,0.3677803058656063,0.486250583758633,0.83327925681791
1.0,0.5137653536637021,0.8549819417873004,0.927256455758978,0.5859494407355629,0.5426796098321236,0.7719784732219648,0.3975455541417546,0.8411592677477139,0.3746906492889596,0.4873841006814388,0.8290271350262131
1.0,0.5000705915572501,0.8537600837496311,0.9426378168368534,0.5767556168603796,0.5593962073821878,0.6676296389337107,0.4135220512014305,0.8427683105013591,0.389389588842974,0.4885821016650253,0.8788486825253162
1.0,0.4383735705209659,0.8500058550097302,0.9324628699767176,0.5731672998218627,0.0,0.612073546604316,0.3796874462660096,0.8418683794876629,0.3876805970190113,0.4896142833313773,0.8537116412507045
1.0,0.7750952986022874,0.8475407752002528,0.942839404637527,0.7504595025485798,0.5513711741491862,0.996248436848688,0.4222079204515866,0.8388694683904846,0.3763443078850925,0.4892545975217111,0.8769873119418026
1.0,0.6964563038260627,0.8386047242679262,0.8996150119180224,0.7519111138586583,0.6139859225154922,0.8561070831009481,0.5268903310750728,0.8351814939617758,0.3605171944584712,0.493728634292148,0.9858262606943424
1.0,0.716363122970493,0.8350618614259822,0.9086497120043582,0.7216354310635994,0.6890811568156161,0.8587097973601039,0.4580027413546614,0.8328045172576625,0.359429900910524,0.4922939745739936,0.9382820008237608
1.0,0.7582945079768466,0.8302487509511252,0.9107077598248888,0.712990257043345,0.0,0.9214678899082576,0.4540086170897427,0.8317296683705023,0.3659584792029905,0.4918832794208289,0.9585556725092677
1.0,0.7999435267542003,0.8238676554546005,0.9082165987651808,0.6914457332239412,0.6944657706950553,0.9394045534150608,0.4568138384369364,0.8304642758352537,0.3736044803295616,0.4922128413409267,0.9264289963846049
1.0,0.8116617252576591,0.8169430870182222,0.9107433673773212,0.6969314875407924,0.4916697535842226,0.995394736842104,0.4576932335702954,0.8271795349152871,0.3683357951451155,0.4922689435326801,0.9321953228685188
1.0,0.7623888182973317,0.809750438458408,0.9031099553557378,0.716831500113734,0.5214856623866243,0.9278632478632484,0.4629597787264982,0.8229760817689175,0.35202045829376283,0.4929063601376166,0.872234680334996
1.0,0.7643653819003251,0.8039980592387919,0.9065656568923832,0.7195376613393435,0.5169945021423855,0.928003031451308,0.5080545716264878,0.8186378740979242,0.3374704218898886,0.4929281193953516,0.8776165850533156
1.0,0.7767894959762811,0.7983081912854073,0.9007636800169354,0.6844914210712987,0.5461686947800285,0.9397240377632536,0.5061434838785747,0.8142979181921043,0.3176686869847967,0.49282963971108,0.8639970710722619
1.0,0.7654948468163209,0.7936765313560705,0.9090490274793764,0.6824829013060971,0.5583514447673974,0.8105867614532073,0.5324074301519532,0.8100005040494699,0.3006748325693719,0.4951208131984407,0.8460299299803211
1.0,0.7081745023295214,0.7909390322550578,0.9397116358239564,0.6629367838578779,0.5384172967393415,0.7971000593414899,0.5293762189939525,0.8092091718486106,0.2990054933802868,0.4952929053417315,0.7620337741979775
1.0,0.7303402513059438,0.7884922823501785,0.972950282981918,0.6388241538146449,0.5580441881514705,0.8414563240644726,0.4490122771421129,0.8115082426393202,0.3175614059716733,0.488136835360738,0.7633060271841103
1.0,0.7834251023577583,0.7826594759550931,0.9994804068224072,0.6146430537185661,0.556732902735337,0.84685100490916,0.4340183444772512,0.8134435154382093,0.33348110954720755,0.4867376130839844,0.7996613427303098
1.0,0.9015953691938448,0.776437800405567,1.0,0.6314537458409714,0.0,0.9126637554585156,0.5102407774049492,0.8151422768397353,0.3518603225130448,0.4891976398355828,0.8435586472015011
1.0,0.9021601016518428,0.7686997239184269,0.982359038541032,0.6281997779337672,0.5215223498520323,0.9590851334180428,0.4357967860318642,0.8173869272394364,0.3745465492438905,0.4829128014551648,0.8496819367534663
1.0,0.8801355357899197,0.7598109526958008,0.9418445733071584,0.6221029334549808,0.48118777618503,0.8858611825192803,0.3903384443057937,0.8223496950428019,0.4117809321282081,0.479232881549156,0.8641984348542402
1.0,1.0,0.7520913879103299,0.9184417465847758,0.6488236444536021,0.4834046338355278,0.959018346437932,0.3627971643191569,0.8236403688575223,0.4279266821214307,0.4808512265819585,0.8386160816438609
1.0,0.9483269800931808,0.7429341931910536,0.9077435054032132,0.639726572081427,0.46193881569473105,0.939380127620784,0.3787147075151439,0.8240053826329853,0.43889280524874,0.4783485420616788,0.8436867877900327
1.0,0.8856416772554003,0.7343517782862514,0.9259463125079191,0.6299615034934035,0.6748326318053907,0.9122607110300822,0.3671106220123903,0.8243392184993831,0.4454508775342063,0.4773980763310982,0.8739645782801704
0.0,0.9613158266271356,0.7250424528295745,0.9347128472866651,0.6353214484272206,0.6652518686890505,0.9856426618049228,0.3606699124043841,0.8232504453674431,0.4429074326787089,0.4768814540264836,0.8879044437325522
1.0,0.7355640265424256,0.7121035475329681,0.8958812194158596,0.6045158682595582,0.0,0.9404884760921915,0.3934924760131464,0.8217145670854676,0.4314417969872753,0.479408320606241,0.8627705825820327
1.0,0.7474234081603841,0.7072883387054429,0.8693284329619009,0.6197671203450991,0.5895199924521588,0.982797567332754,0.34620656451272186,0.8208673169839732,0.4294653184751066,0.479574924217506,0.8079172577914058
1.0,0.7069038542990258,0.7009122636047038,0.830637962065494,0.6316021258588497,0.5101683117015497,0.994830132939438,0.3307360881163747,0.8214456684281203,0.4364926705737455,0.4783689235563176,0.8350006864674381
1.0,0.7186220528024849,0.6942872274405605,0.8040947134285465,0.6382443063676394,0.4550476868879456,0.9842965716677732,0.3376729927437621,0.8206673981109266,0.440472271164826,0.4789002839317435,0.8181227403780147
1.0,0.7073274036425243,0.687178003761368,0.7709232303792842,0.6342517273538028,0.4734955995244143,0.9738506959088992,0.3524802381736092,0.8184452406776659,0.43407531377556696,0.4762980226996654,0.819651274541211
1.0,0.6789495976281239,0.6800810444556691,0.7218226485913086,0.6208321997576507,0.451367659901964,0.9162647961420431,0.3528044844238977,0.8166811374360526,0.4305453720824126,0.4763358674767772,0.8075145302274493
1.0,0.7499647042213753,0.6741980975111229,0.6774103890239673,0.6106199592837277,0.5080038735724025,0.9874371859296488,0.3529911716589124,0.8138219163003707,0.4228014373964904,0.4763579473503994,0.8003386572696898
1.0,0.686573485811097,0.6672706037679488,0.6384287431463471,0.6197567969356801,0.5035273951725519,0.9242113887750923,0.3974669489901692,0.8115764950597172,0.4150387557121191,0.4760283381592553,0.8050249416502673
1.0,0.6788084145136244,0.6619520093849784,0.6255137272295739,0.6160531615275993,0.4957501636906194,0.9716312056737596,0.3485450677723793,0.8088242380143714,0.4058793838018343,0.4760882746847229,0.7287721385748938
1.0,0.6723139912466471,0.6564959392669001,0.6248965230636713,0.6149769404694717,0.49664045574139504,0.8153088446542172,0.3625220462886087,0.8076939794709582,0.4018583556989249,0.4771626351700967,0.7266029014690405
1.0,0.7077509529860233,0.6512781437553059,0.5882626539797727,0.6576641517445967,0.0,0.9645841623557506,0.3655434318026619,0.8067034942462276,0.4058917946505435,0.4774090740312862,0.7164614891766969
1.0,0.7738246505717918,0.6439098300720636,0.5533705351364614,0.689397022075739,0.5714571994808506,0.964220518437386,0.3916649062387926,0.8066808723206421,0.40992661361434135,0.4793585456799765,0.7869296599697955
1.0,0.7654948468163209,0.6336477486928085,0.4617259630865773,0.6882314976451761,0.6645994225424634,0.9463559008509058,0.3547155721718112,0.8062277262756766,0.4128726905830923,0.4802845967290337,0.7335133403505565
1.0,0.7798955244952702,0.6268644295714332,0.4202502402644152,0.6995622125161011,0.0,0.8932706222865405,0.3564350598627357,0.8048805051282998,0.4073175059906176,0.4804437704361034,0.7123243787469681
1.0,0.7152336580544967,0.6236571161488871,0.4018074072843145,0.6145347850186316,0.5700412501236872,0.9458718739294276,0.35020068877764066,0.8027264383881053,0.4065351617604696,0.48000482737615,0.6722529861333578
1.0,0.6573485811096994,0.6212820696347243,0.4115175921806002,0.6178705883730469,0.4771126035039519,0.915487977369165,0.3404634756250336,0.8002681271862474,0.4058004956536421,0.4792821696660241,0.6294448766646833
1.0,0.5900042354934354,0.6185277641371729,0.4429292668303281,0.584927572770393,0.5045553148384136,0.7114568599717116,0.3444772511778489,0.7970790583291737,0.4031164110327419,0.4796408146183354,0.592650221957805
1.0,0.6087815897218695,0.6168822815643975,0.4517346400303779,0.6013085107284312,0.0,0.8076379066478077,0.32485544021341284,0.7951824417575138,0.4032293787751856,0.4781208881475724,0.4874467987735114
1.0,0.7173514047719894,0.6117063316193281,0.4450232717263895,0.6335481165894806,0.5055273834755359,0.923560209424084,0.3330795041980064,0.7946009269404705,0.3964820985578917,0.478766355927384,0.5328909432062605
1.0,0.8290272483410985,0.6046120584398038,0.3989682195119326,0.6844658542045533,0.5348550712359859,0.8704368641532014,0.3568428240865837,0.7951394054038771,0.39084068180916864,0.4806947167721231,0.5779598187725964
1.0,0.7869546802202461,0.5999387648677271,0.3899506913124367,0.6368992439912567,0.5330698065739619,0.8745572609208971,0.31580602213717585,0.7953751226471767,0.3809663984573809,0.4773929424570876,0.4914100041188048
1.0,0.7001270648030498,0.5981019643223737,0.39129985238470416,0.5594170992586822,0.0,0.8952122854561881,0.24562636023758394,0.7960552436733322,0.3842373172448119,0.4751895300488125,0.3841563315180083
1.0,0.6721728081321476,0.5960465326135627,0.3667082464309431,0.5374133858456966,0.4851064923945359,0.9556710486089884,0.24321907747028956,0.7977717371418577,0.3956322133102009,0.4749925607570071,0.38701203606242257
1.0,0.6058167443173796,0.5913150072137969,0.3026777645519412,0.5525622657035665,0.0,0.9165879760780609,0.28024701668885604,0.798935055330784,0.4029552629788888,0.4781037834808141,0.4755663356368128
1.0,0.5902866017224342,0.5872786771021243,0.2596484196085055,0.5465741689572494,0.4722449154074394,0.8618193264085618,0.2404678971648103,0.7999421942582979,0.4110124787838095,0.4747046865030202,0.3994508260491511
1.0,0.539178314273613,0.5847222270079988,0.24879817191386774,0.5665672665542146,0.468678132019581,0.9840810419681622,0.2181636854025321,0.7998852837797391,0.4138499831591146,0.4764969666809279,0.3719555169099813
1.0,0.3673584639277144,0.5823126392731142,0.2494210857154244,0.5360857035104559,0.0,0.9132901134521884,0.2463583707117205,0.7990353550526285,0.4127668426187021,0.475184147064797,0.3822159168916756
1.0,0.3710292249047015,0.5809244256612287,0.21246551389888213,0.5377831529351178,0.5239967245924065,0.8242296918767512,0.2494927511311773,0.7979343082672145,0.412778627470704,0.4754100911321942,0.34431376138391856
1.0,0.4131017930255541,0.5772017561752436,0.15992901338158813,0.5566724642302855,0.5015429502083937,0.7727797001153399,0.27313325047040243,0.7976451194547746,0.4164245843026765,0.477460781309844,0.3931902430094731
1.0,0.3554990823097559,0.5717815907352519,0.08975718137420069,0.5808880251677958,0.513103022655776,0.6607348821881689,0.27644449248092584,0.798487953280186,0.4315732807494129,0.4777409882004089,0.3891538144707336
1.0,0.4321615134829873,0.57064569066521,0.09803225820266934,0.5650971746593819,0.5223890767784094,0.6969846762234299,0.25492633223449884,0.7987585342109488,0.4379091387181415,0.4795893574385321,0.3653745823989748
1.0,0.23648171678667235,0.5672914347595261,0.08725137291831786,0.5338905299772465,0.4759585932326109,0.5397923875432524,0.23238630501746504,0.7992806273460765,0.4479273288371477,0.4775539142083596,0.3010937714521074
1.0,0.2493293802061273,0.5691545807616012,0.12175379815692612,0.538780451117905,0.4935395770653843,0.4412588564837696,0.2251398926057116,0.7990167007026484,0.4440059819823709,0.4768987293088609,0.2845270239348314
1.0,0.06084992234928704,0.5704087531828685,0.12247772847077397,0.5024981648511136,0.508291035172356,0.18761904761904752,0.21472471002068305,0.7989451226005572,0.44267699936051785,0.4758860395891034,0.2347260994920143
1.0,0.13059438091204295,0.5758541988647308,0.15153132682238518,0.5286820288720245,0.517635937115905,0.31847475832438216,0.1445204840112209,0.7990479403335337,0.4381246187287471,0.4690183197527474,0.08755663356368157
1.0,0.23958774530566146,0.5772809649298256,0.16947377973271466,0.5300196007203444,0.4891148062356108,0.3823845327604723,0.2349016698681891,0.801727582356277,0.4592127760905325,0.4736030617679782,0.2530685094503686
1.0,0.2292813779471977,0.5747150992284187,0.15496630380415802,0.5242601048627534,0.5060697601925154,0.3555316863587537,0.18915838446762206,0.8046997622492209,0.4825920182247442,0.47320450293411104,0.232364651503364
1.0,0.3924890583086265,0.5746317507092861,0.15952361308547766,0.5491845772319853,0.5150264394813161,0.3928571428571429,0.1655915774580076,0.8073771943133393,0.5018072436467715,0.4747681368848061,0.21237471969246274
1.0,0.292107863899478,0.5722904341458248,0.11032451213163816,0.5569198775452037,1.0,0.2736305048335124,0.17742656559354258,0.8116731504607012,0.5179151684793136,0.4721271944076815,0.2126767653654296
1.0,0.2119158548637582,0.5752411302649194,0.11347934044056328,0.5101152844931168,0.6939079091971988,0.0037593984962402366,0.08775282610084051,0.8151962097138078,0.5280261130908325,0.4681592658787941,0.18075145302274492
1.0,0.23605816744317384,0.5822554775308206,0.11332657840536015,0.5209185593767642,0.44320270095735936,0.02352266207687876,0.0,0.8201376421889496,0.5478149204580843,0.4589856544876641,0.0013327328376182429
1.0,0.3697585768742059,0.5905532627579839,0.1376129218451821,0.5347282036236138,0.5381114905590493,0.12555066079295182,0.02110057037863133,0.8223139521149451,0.5538848319669357,0.4612184974223598,0.01263186845569036
1.0,0.3619935055767329,0.5985689336854845,0.16102222801794322,0.5314988607625081,0.4645125556450722,0.16678105696636886,0.07319613459167068,0.8246421373972689,0.5645717591672643,0.4623483356610841,0.0489676914200937
0.0,0.2258929831992094,0.6069725430048659,0.20896899328648533,0.4782709375826611,0.4607267157013004,0.2546328071379544,0.09306849947678447,0.8253015807484262,0.5666736962204825,0.4642329222883833,0.025418826618016668
0.0,0.17309049837639448,0.6131697716593716,0.2356762974611496,0.5097563872831761,0.4441416468693038,0.2326698695950585,0.1657193108293333,0.8260509755876743,0.5687644187390577,0.4671727428980582,0.12675894681266214
0.0,0.2945079768459695,0.6183265163417584,0.251995505827183,0.5099860127763197,0.4549481564218474,0.3507206588881264,0.1573675134734141,0.8263129183875674,0.5739383393319314,0.4663276438441274,0.09299175906158892
0.0,0.3516871382182691,0.6210509090369251,0.2672378870276344,0.5323529358569565,0.4531732556084141,0.6084420041180507,0.19790320758146698,0.8258562191061206,0.5738394525735608,0.4700690076331007,0.18894474668870406
0.0,0.3617111393477341,0.6236408493238863,0.3097578894229033,0.5363941419138197,0.4468591802205312,0.633836650652025,0.27489695355909394,0.8258515651603314,0.5789710984839034,0.4734029800860774,0.2839680462778049
0.0,0.18706762671184568,0.6252437211695769,0.36372891766383103,0.5219691813932411,0.44045628397573405,0.5004874878128052,0.26796987457565485,0.8255301495623516,0.5785790736097048,0.4727790124295091,0.2950095264329823
0.0,0.18156148524636434,0.628776247065614,0.4044074155616596,0.5204675170733146,0.4415213437708576,0.4917446230722416,0.24239863620062002,0.8265468932719237,0.5891413545539804,0.4741112239360062,0.2352799393981133
0.0,0.1396301002400115,0.6281372423611913,0.37463702442418667,0.4985239878977286,0.4279619096910097,0.35932831598873405,0.2361888292253952,0.8270807627492834,0.5945911460032505,0.4735214347472867,0.2144709960287401
0.0,0.3834533389806583,0.6297979176085557,0.3365919749932661,0.5459877914842061,0.4019963949379693,0.637310817464274,0.2195392755552716,0.828809385320718,0.6074749739843031,0.4719187970986953,0.16465808139935267
0.0,0.3179443738528874,0.6263228929503883,0.25975184409588004,0.5686785562445764,0.4049112815956928,0.5180443976892898,0.2591267950223289,0.8303185256086708,0.6137274282457107,0.4756109486980394,0.3228198241627071
0.0,0.4214315967810254,0.6266020598386777,0.2469140874141745,0.561513799728423,0.4080974364127652,0.6975556500172787,0.26859871578833594,0.8317707814381153,0.6215781915148652,0.4764707539186663,0.31756306957739394
0.0,0.4444444444444444,0.623184500701818,0.18487532287313024,0.5218943778962306,0.3903661438011337,0.7284425946256718,0.34698770320659905,0.8315287926192646,0.6131891451731274,0.4835541420381924,0.5106397631017152
0.0,0.3882535648736412,0.6173445808671976,0.1207553043114828,0.4962317081294147,0.3750139299738236,0.5651393429337703,0.3216031520665785,0.8304484266892891,0.6041180784129793,0.4812732000889814,0.4181989302848749
0.0,0.5002117746717489,0.6135710029435489,0.06717556012335157,0.5461971849256267,0.3820968874355243,0.5568824369493481,0.3096846459574845,0.8294225458006145,0.594141254819848,0.4801839795588331,0.3456603080595921
1.0,0.3867005506141468,0.6098578062679714,0.03154259811929372,0.4942202279718678,0.3937751252549333,0.2458723115361208,0.3302890213167346,0.8296974224905523,0.5971471495480375,0.4784216064741752,0.3923627849321675
1.0,0.4053367217280811,0.6144995237388482,0.057641047186127385,0.5035687417918591,0.2850855266338675,0.32752393738207103,0.2646979351409242,0.8300024856629075,0.6023764647904214,0.4758756889760157,0.270344099350366
1.0,0.2640124241140762,0.6172228985399579,0.07105904507109427,0.4833134833505936,0.3565363473438781,0.19388438496753832,0.280802165571926,0.8306933364115799,0.6095319815578062,0.4737045216327101,0.2725248490691642
1.0,0.3710292249047015,0.6243896468809833,0.11922723385978493,0.4878878662467615,1.0,0.23516891488964806,0.24338120059543406,0.8299908541875697,0.6081966506248856,0.4700330318059245,0.1850653077152632
1.0,0.22052802484822825,0.6306754059343567,0.15629244326567734,0.472194104732226,0.3995793731385144,0.1366976657420971,0.27115338321485233,0.8299796495146873,0.6100774957494486,0.4690294375760004,0.20115694511397306
1.0,0.215727798955245,0.6407037043031951,0.21668465153296887,0.4719175523340754,0.4828418173327368,0.10943297506623093,0.2511238080265684,0.8304317730231744,0.6149580078039423,0.4670317285748238,0.14428528797373918
1.0,0.41860793449103495,0.6483297795934198,0.25859824103214285,0.5093012040139488,0.5097870428561092,0.5568328649865419,0.2518705569666271,0.8316249643455506,0.624380070413209,0.4671335170398196,0.17618162201868556
0.0,0.4400677678949597,0.6503287645115521,0.2662952406779851,0.5197697626861034,0.5059564413298006,0.6716055964664807,0.3324162732315069,0.8327883524594163,0.6360827362498431,0.4712219782047704,0.3490002984183826
0.0,0.2803896653960185,0.650443794635271,0.247852323024758,0.4930484277725176,0.4959457307027039,0.4805645337450341,0.3437796304575312,0.8323261668077554,0.6376630646469871,0.4686191784019961,0.3678465670408376
0.0,0.3844416207821548,0.6519285026611961,0.2387932790830833,0.4930908647567026,0.4985404763181636,0.6086657114613533,0.3017307871814649,0.8318760801380121,0.6365266536639035,0.4645027227565596,0.23383375800564696
0.0,0.4715516024283497,0.6507942303940988,0.20176116779689676,0.4827875486676562,0.4589008367596802,0.609776415314385,0.30960604080589943,0.8316726313466737,0.6321871296809844,0.461578870551326,0.2406170373941192
0.0,0.5599322321050403,0.6475802554320496,0.16065286647350505,0.5253184096849999,0.0,0.9540946097542009,0.3012738947378765,0.8322055156165339,0.6395679057390987,0.4607541042754956,0.20625301287790124
0.0,0.7321756317944377,0.6418604203531497,0.11621679940980215,0.5433047277267415,0.3764861061624203,0.9973987365291715,0.3662803550987722,0.8328107237175363,0.6489234016388534,0.4672014061499866,0.3660675343755021
0.0,0.66003106028519,0.6372979605528929,0.09192681133788287,0.558200593486427,0.5141518574596246,0.999607689289918,0.4126623073559682,0.8326174847032818,0.6543286212277091,0.4681008703250539,0.4613089089364827
0.0,0.31554426090639554,0.6348507049569381,0.09175352079849536,0.4734325352255077,0.4997930957039529,0.7327403642524353,0.4330750826582296,0.8320144946032503,0.6521432820053497,0.4664245750327845,0.473532584991851
0.0,0.372864605393195,0.6376192727302008,0.13033015701038228,0.4445932449044584,0.5044911840410264,0.7192982456140352,0.3956786817916079,0.8314224655184982,0.6560913751407671,0.462851311418095,0.3861074765282464
0.0,0.28208386277001263,0.6364038837693813,0.13118183545554304,0.4639070516391438,0.5095527757257685,0.6306580448839859,0.37386083940476256,0.8314384935502751,0.6640086525205798,0.4607337279016965,0.3253563804145722
1.0,0.2400112946491604,0.6384149674408757,0.16328458729687073,0.5005476763794224,0.5090130143443935,0.5256916996047436,0.3871500228446221,0.8314263947884325,0.6690732659837266,0.4583786674418077,0.3417234809356564
0.0,0.1269236199350559,0.6388030219627476,0.16079650683952434,0.5184241308230666,0.5491033573329703,0.4247890602269419,0.41231840981778334,0.8311872464570479,0.6730798780294498,0.4572339805382132,0.3888506301218923
1.0,0.06339121841027827,0.6397997941310709,0.16308728410557646,0.4879457533953243,1.0,0.18058690744921008,0.365494303582921,0.8306742291605697,0.6661346028371229,0.4525865217895476,0.2592681863048921
1.0,0.031907383876888185,0.6433731788071821,0.1677748924960483,0.5262824586691058,0.5618042241949944,0.12048532731376925,0.3342634942937572,0.8307060088057557,0.6628143400645923,0.4493722073991333,0.16352179601955816
1.0,0.05548496399830588,0.6483714379564864,0.1871414816107376,0.4806664563827958,0.4822449678463927,0.09196102314250944,0.2975794526133755,0.8312542442896081,0.6568379067379333,0.4454429172581639,0.07665909143080131
1.0,0.1997741070168009,0.6530898550423407,0.20725584721424264,0.4817386917143899,0.3789365200138096,0.263702801461632,0.32591169693783817,0.8321744223657753,0.6623979485457232,0.444815373275825,0.0998024543549837
1.0,0.12085274601157707,0.6550854475610839,0.2202057749287157,0.4437319447963432,0.4668041482400269,0.07399512789281383,0.3822912419122666,0.8322310982768634,0.6656008019040246,0.447185073062728,0.2216749357403308
1.0,0.2289990117181985,0.6610892321678659,0.2445089315181311,0.4320343675176037,0.42422377611699535,0.3005481120584654,0.3409400193565185,0.831890691074724,0.6688758037150165,0.4427929930275567,0.10664829566506076
1.0,0.33432161513483005,0.6642929154665038,0.2646200563278767,0.4257826329540167,0.4335709557733545,0.4345310596833133,0.45003905693469387,0.8309999833297276,0.6654798723161846,0.4509825815329898,0.3766361402725041
1.0,0.28194267965551323,0.6655627714456405,0.2707220748062621,0.4527948097847306,0.4346347582893108,0.3684531059683311,0.4784646448766634,0.8301137917007443,0.6626865798164486,0.4542053122123085,0.3841343674920189
0.0,0.28999011718198536,0.6688367349533784,0.3058772783306564,0.4561918066467269,0.4728551179116468,0.4165651644336177,0.4680985905113755,0.8304458033972809,0.6654753473102528,0.4531509518921363,0.38315297797692016
0.0,0.3848651701256533,0.6729580595991285,0.3482001403941107,0.44610240664233175,0.44670832469331934,0.6038367844092574,0.4555414175456524,0.8316525515632996,0.6764579676157169,0.4514858278641203,0.4220641457631346
0.0,0.2265988987717067,0.6731062372562584,0.3573053464537065,0.4284950452039387,0.4125758952304665,0.4847746650426305,0.5116605829554554,0.8331778291159583,0.6914522119781914,0.4539123935728594,0.5193227671700156
0.0,0.17817309049837649,0.6764238192682759,0.3837196597326816,0.40035652502600017,0.4425778781748136,0.2978075517661389,0.5041783550889466,0.8341653465252828,0.7010026364227163,0.4529695491850792,0.5222763010108572
0.0,0.19186785260482853,0.6814144136800757,0.4068274011898842,0.4064026890937859,1.0,0.3903775883069425,0.4235785977823521,0.8354613683644995,0.7112163452660313,0.4480288311611716,0.3953887432921504
1.0,0.03134265141889025,0.6855914255485533,0.4260718140556828,0.3359950014032647,0.40231906187278704,0.051461632155907364,0.4468408098295741,0.8362112323621831,0.7156530970186332,0.4468875879706666,0.4392965597570613
0.0,0.11393477340110116,0.6958268114743094,0.4846404525822245,0.3348008894534567,0.4677675536343495,0.008324285197248997,0.4198202889721884,0.8354025042921586,0.7168241144285982,0.4441394208432072,0.3502121552477224
0.0,0.33813355922631644,0.7046444345668044,0.5315985990235528,0.4482482120449365,1.0,0.3740201567749161,0.4500980107983826,0.8349455176501007,0.7204120186059773,0.44385341901569203,0.3832210158492447
0.0,0.3096145700974165,0.7052061645441456,0.5372330266783729,0.4224527825511328,0.3834195936240051,0.18812989921612605,0.5292190086907821,0.8350060557091928,0.7271634238219865,0.4489660459210631,0.5497004867090979
0.0,0.4419031483834536,0.7074692675160119,0.5511888342056412,0.4768994730029442,0.4406144184649336,0.3265017667844525,0.5364261185267428,0.8347403242680648,0.7300744945105558,0.44977919534610733,0.5661113191064521
0.0,0.4817167866723137,0.7071477359116856,0.5560214734750456,0.4600003702086658,0.5019768909909454,0.5109140518417451,0.5721472471002067,0.8333473278386568,0.7270792995271532,0.4500718873346996,0.620699696326802
0.0,0.5921219822109276,0.7071209898221664,0.5764856400107922,0.5227531723512441,0.4464096653964944,0.9658680669510988,0.6298286898977641,0.8322829278677287,0.7286070705694452,0.4528829390865109,0.6851678522401093
0.0,0.5109416913737117,0.7032206186691965,0.5782160506963973,0.4988039885229204,0.4632649891084546,0.8521452145214516,0.6594284422915369,0.8310489788569663,0.7330510991858749,0.4559083935686216,0.7827173179405044
0.0,0.5302837780601442,0.7011412994410455,0.5884537338182041,0.4616809181388964,0.4424372243885205,0.8587458745874578,0.6590992832192739,0.8304756412158801,0.7376211555496627,0.45604524584598,0.7646146252027363
0.0,0.5376253000141186,0.6980562126299432,0.5891217806730389,0.4675093629326159,0.4325815940320139,0.8376237623762371,0.6700057480017095,0.8301891913318368,0.7426128947796172,0.4534900024822166,0.7794780652870241
0.0,0.4832698009318085,0.6946652218392821,0.581125844413948,0.4233978390370383,0.4403612590234626,0.5353135313531341,0.6512928091024763,0.8300150423975364,0.7459063899836431,0.4509365620183439,0.7837364940341439
0.0,0.502047155160243,0.6927011399468128,0.5825615759880736,0.440224153572055,0.5665363999921346,0.4930693069306928,0.6452598637183182,0.8293773472333331,0.7520820396907055,0.4504481990039925,0.7627793869057621
0.0,0.5548496399830583,0.6921382362158846,0.5706994743174081,0.4829792776446201,0.555228101958828,0.5524079320113313,0.6518872605613389,0.8270844792288546,0.7502186584104489,0.4513848041995885,0.7443924910289745
0.0,0.4458562755894397,0.6908667422779193,0.5414336398987372,0.43145714626271,0.4951105167170254,0.4419551934826884,0.6848277318974789,0.8248258060109067,0.7502728967633586,0.4513564594413224,0.7684537458999735
1.0,0.5266130170831571,0.6918139072867875,0.5189200922933643,0.4448257567233905,0.43915786576913696,0.5203665987780036,0.7011383008513921,0.8229923914715697,0.7444725691475337,0.4493944432938221,0.8015419760137066
1.0,0.5798390512494705,0.6905476511778927,0.5028760949781879,0.42940640984584655,0.4619059148857758,0.5763224181360194,0.6986966283302791,0.8220688933725141,0.7423926461279964,0.4492341337409209,0.7912805585748235
1.0,0.5813920655089653,0.6891803957279989,0.4953184166292185,0.430664737381888,0.4741348892361258,0.5778091208274558,0.7047787019341782,0.821421345293062,0.7380917585215304,0.4498898348481637,0.805042279987473
0.0,0.707186220528025,0.6888002430416704,0.5042149730201979,0.5221372065961183,0.4721321535615531,0.9230769230769228,0.6760927344275824,0.8209351374835744,0.7392894071323248,0.4509272178503054,0.7541681251266555
1.0,0.6620076238881833,0.6849399418484088,0.4911957657749654,0.5487342502166809,0.4694083013790418,0.8073716542343128,0.6744076364904762,0.8194575858601573,0.7326311717714961,0.450675777549527,0.7552734842762657
0.0,0.6658195679796697,0.6824756940299606,0.4858441088539414,0.5515849557592377,0.465967530447875,0.9019027484143756,0.6858446860461118,0.8180067851840979,0.7346724323311381,0.4523763198615196,0.7247103037895399
0.0,0.6723139912466471,0.6788845451882553,0.4745698389475125,0.4970155822086156,0.4869237356880419,0.9731558763816828,0.7137102122830374,0.8164078689244242,0.7362695979844923,0.4555124039700471,0.7882424318127067
0.0,0.6254411972328112,0.6740276720085725,0.4579103117693276,0.5095869339798144,0.0,0.9396718146718148,0.712344447774246,0.8173974277522168,0.7560276948151105,0.4554625601641902,0.7796325871467958
0.0,0.6460539319497391,0.6702677917710527,0.4567533254658082,0.4655965992849085,0.5014424169150221,0.9625850340136064,0.6434126426560677,0.8179526269853415,0.7651698393141629,0.4508581243797043,0.7299006968174798
0.0,0.6073697585768745,0.6655694966938872,0.4443106436548257,0.4829152017411336,0.4640368957213747,0.9788471708090952,0.6671513984347748,0.818826763367475,0.7782656284620805,0.449779097499933,0.7566402869353412
1.0,0.5427078921361006,0.6611640231161684,0.4393119623476444,0.4899211729984169,0.4702018516693078,0.9180221210149628,0.6727078000874481,0.8166566104109972,0.7720072118724725,0.4466043695535093,0.7653125864330259
1.0,0.5524495270365668,0.6582090054995655,0.43882769962795204,0.4983638556382101,0.4648889464842614,0.9158000670915803,0.6955917248426667,0.8142126296146052,0.7686272111974437,0.4494663609167723,0.7499486978167573
1.0,0.5438373570520968,0.6546412046662344,0.43502473031164623,0.4917069017099118,0.0,0.8373029184837296,0.7183724803364301,0.8136687431832025,0.7714031494012926,0.4482867598655946,0.7675492610837439
1.0,0.6010165184243969,0.6511060841908904,0.4175119087760612,0.5038770953785118,0.4635952035414753,0.9748406574974839,0.7016639728026173,0.8143395713411558,0.7833493732679059,0.4451857615706532,0.8196516537649541
1.0,0.6159819285613441,0.6463288868473545,0.3994941266271873,0.516352845217878,0.4704264345825387,0.9799092676604017,0.7292985964067622,0.8156534848147258,0.7971756602377739,0.4482400609823624,0.8701090781140044
1.0,0.5959339263024145,0.6417777330975758,0.3803681270009444,0.5498203613226474,0.4667014897712881,0.9620667102681484,0.7368889063567003,0.8142908948602979,0.8020195569397587,0.4489444609617424,0.8925404644616469
1.0,0.6063814767753779,0.6378546012281803,0.36717259316612855,0.558271063282508,0.5918742514839657,0.9480440097799516,0.7484045610639205,0.8127836148283129,0.807410615885722,0.4503575316018583,0.8847202674173116
1.0,0.5788507694479741,0.6333333081938939,0.34209509188675624,0.5379184172914739,0.6292213661757059,0.8984737889847378,0.7677365155318867,0.8111910073457985,0.8173074506890144,0.4486743756660557,0.917690007037298
1.0,0.5449668219680927,0.6320343428695707,0.34631994588480464,0.5104658781493796,0.0,0.6483023702754642,0.7575571484016133,0.8105731309965917,0.8308747801130391,0.4514633558599146,0.9041959887403236
1.0,0.4747988140618382,0.6334303401499699,0.3850452840310259,0.4118258780309483,0.6460145434658681,0.9529335912314624,0.7403180560946011,0.8097620554332253,0.8423921946636425,0.4531521204623098,0.8940358902181562
1.0,0.35465198362275885,0.6333604791124732,0.4094120387821124,0.3498164691090032,0.4393360618157092,0.6487148102815172,0.7272057342458081,0.8091912020650046,0.8463311292306946,0.4521164257007679,0.8583743842364533
1.0,0.3070732740364253,0.6329424010425411,0.4219101350168676,0.3455330022818749,0.4122473349657903,0.4482561463693539,0.6886400817493576,0.8083744389542961,0.8442654336323324,0.4519899566277074,0.8029644616467279
1.0,0.317944373852887,0.6332966884944886,0.4095435075917169,0.3580239071491054,0.4623756534220752,0.4093767867352768,0.6840858957793947,0.8089592258088231,0.8523804080194325,0.4552550331785995,0.7993314567206194
1.0,0.2727657772130456,0.633303306242601,0.39207772071463065,0.357939139493414,0.40901532897631865,0.3151618398637142,0.6523490658269016,0.8092160797263915,0.8681767066803713,0.4550849986644899,0.7835151301900067
1.0,0.3094733869829167,0.6348418262702324,0.3748057721913454,0.3534874362235739,0.4390463422973255,0.342986939239068,0.6339112449582165,0.8098406648254136,0.8939392663442302,0.4533367998454878,0.7491115411681915
1.0,0.3248623464633629,0.6362879794590477,0.373674656337352,0.365978263448718,0.42105756104058417,0.4452015900056784,0.6230342571076251,0.8096198836171152,0.9010877794088278,0.4556973965144484,0.7472290640394086
1.0,0.2890018353804885,0.6370091354507508,0.3810806039690797,0.384469270010924,0.44946786064509,0.4327086882453151,0.6258050887010005,0.8098791934458135,0.8915561193777216,0.45222514088121,0.7501935256861362
1.0,0.332062685302838,0.6374346312433887,0.3953173648276697,0.3788534654574784,0.4447749593615401,0.5019875070982395,0.6070282831161048,0.8097102697444548,0.8797438823663551,0.4537982096457594,0.7360045742434909
1.0,0.3447691656077932,0.6364416242098179,0.3910591885467194,0.3914705077312594,0.440091751425981,0.4383872799545709,0.6333364447872505,0.8090891971423463,0.8736134241901269,0.4529696882143196,0.7823715693173825
1.0,0.3756882676831849,0.6363377458212516,0.3928867683586338,0.3701818418783466,0.43521114590772464,0.5201590005678586,0.6451124790590962,0.8075760569479297,0.8782919047322569,0.4543527381255668,0.778764954257565
1.0,0.3780883806296768,0.6348788415762916,0.384591140381458,0.3722111698169357,0.4125908389450442,0.5303804656445199,0.6573797955283491,0.8061648250926355,0.8802220137192162,0.4519505822921326,0.7883180858550314
0.0,0.4258082733305097,0.6333026564909521,0.3792693693292464,0.4151440692167933,0.4214254524940611,0.4650766609880745,0.6850389832423643,0.8045186527558673,0.8798802552636581,0.4550006828884278,0.8418103448275863
0.0,0.4282083862770011,0.6318075775190021,0.36906465226554985,0.4171851995478613,0.4095732617178692,0.43327654741624017,0.7243071692811067,0.8031158431389992,0.8805945850178717,0.4556471080945249,0.87905524278677
0.0,0.4102781307355641,0.6316924171937297,0.3716499718043553,0.4017506117068839,0.3999441788664802,0.3197047132311181,0.7187704189163295,0.8004911265580549,0.8715762922042795,0.4587505003057434,0.8765130190007037
1.0,0.3714527742482,0.6320715385257523,0.3633261210527669,0.4145017743478652,0.3855720835092216,0.18739352640545195,0.7379107733273067,0.7981208222655057,0.8663990903787603,0.4610725025655752,0.8676020408163264
1.0,0.4232669772695185,0.6339603395023696,0.3670798829697912,0.413312549967895,0.33870269677207543,0.2203293583191364,0.7376749578725513,0.7949528446981329,0.8547560550320726,0.4613441038685964,0.845197044334975
1.0,0.4067485528730765,0.6356419220424567,0.371456956436268,0.3985686875195352,1.0,0.1368540601930718,0.7467587657026069,0.791916423785132,0.8394876851906855,0.4625641491827127,0.8332160450387049
1.0,0.3968657348581112,0.6387890423060647,0.4021213885762718,0.4394801488114672,0.4266056728460064,0.13571834185122164,0.7496671563112569,0.7898965741105334,0.8289011870371831,0.4633981908019013,0.7989481065918657
1.0,0.3908654524918821,0.6423496158562807,0.4396959472448404,0.4336099022418069,0.4175058162069217,0.0546478873239436,0.7410107639929452,0.7875925318262597,0.817763385783486,0.4620230441099832,0.8114792426522477
0.0,0.5308485105181421,0.6455659923799943,0.4678007996938398,0.5486209181517399,0.0,0.5971830985915489,0.7554790247065817,0.7869645945396312,0.8219164590711435,0.4640040304586104,0.7926770187919119
0.0,0.6738670055061414,0.6452394078305133,0.488739023644921,0.6859841198942398,0.4970525823049281,0.8657782008567341,0.7697360340753329,0.7861357998053357,0.8251400619635222,0.4649870416545063,0.8524721565980422
0.0,0.6275589439503035,0.6421528733799378,0.4860875543211182,0.5835583276969534,0.4455931085514777,0.8968735417638821,0.7896575271801876,0.7876419342194653,0.8402430954815815,0.4670263753182418,0.8975869051636853
0.0,0.6123111675843571,0.6410691677199281,0.5059492902349589,0.5733652653562047,0.4506282491370754,0.8292113859076063,0.747520253108588,0.7871845109677412,0.8440071001743726,0.4650679842651831,0.8903476206547418
0.0,0.5748976422419879,0.6404220856270912,0.5205155359095843,0.5103464240867569,0.4366854337426141,0.940719144800776,0.7456189910046227,0.788100297855795,0.8555333151981833,0.4654927968184298,0.8446760040499492
0.0,0.4911760553437808,0.6399154040861561,0.5565729829316338,0.4742582588650567,0.4181877714871497,0.8381924198250723,0.7186770752988221,0.788246893624761,0.8648738471665273,0.4614339633236485,0.8656176172797836
0.0,0.4486799378794297,0.6388354785970385,0.5815243816795886,0.4326770737475821,0.0,0.8726919339164234,0.7022977268372728,0.7888098083965981,0.8783150078325593,0.463067662241887,0.863609517381033
0.0,0.5225187067626711,0.6362007998798833,0.5942797128361792,0.4410339805618619,0.4083852445201931,0.9854227405247808,0.7237028921782959,0.7879216923689382,0.8846255687409016,0.4616332997429277,0.8780037124535941
0.0,0.5171537484116899,0.6309353410139333,0.5746323506183932,0.4378505147765041,0.3442156409268792,0.9731012658227836,0.7354297982304017,0.7853745913167397,0.8815731074012237,0.4628315827786735,0.9029109011137364
0.0,0.49145842157278,0.6268077028931031,0.5653580716148722,0.41945533483158404,0.34678180142070714,0.8833333333333342,0.7507135873917337,0.7839821965925061,0.889809232631286,0.4647518034603311,0.8877489031387108
0.0,0.4791754906113229,0.623395096546048,0.5586636835957668,0.4622220960429717,0.3774318708195236,0.8430107526881727,0.7131403249340453,0.7812824537018513,0.8902212384973475,0.4643382284962299,0.854463381707729
1.0,0.4975292954962589,0.6200469196872653,0.5430099340044139,0.4238634168371703,0.4972820659826672,0.8435483870967744,0.7484045610639207,0.779812182538235,0.9016540706578638,0.4644862967607272,0.862867026662167
1.0,0.4378088380629676,0.615994003696759,0.5191601310172046,0.375763041317788,0.4936739726278414,0.6,0.7509985310662297,0.7779835167060919,0.903488780498914,0.4646800481024967,0.8725531555855551
1.0,0.4434561626429479,0.6142777859992126,0.5059786985781909,0.3808124970665757,0.4836087541601644,0.5607526881720436,0.6930075804843059,0.7779484618400346,0.9172628291827288,0.4627172367660234,0.7918157273034089
1.0,0.4345616264294791,0.6127988764304002,0.5043419467454991,0.3730295237033693,0.5169103194825868,0.5215053763440856,0.7033687220276199,0.7776891143417081,0.9224657282184541,0.4634574386610405,0.835791427607155
1.0,0.4404913172384586,0.6125896723212083,0.5247849892884501,0.34337717888084074,0.4889519902621954,0.5440860215053768,0.7065620563107655,0.7770084212788736,0.930733353226659,0.4639699529716567,0.8235993925075938
1.0,0.3511224057602712,0.6117853994473659,0.5431158019685386,0.31526518852557417,0.4668642944458804,0.377956989247312,0.6865668708762998,0.7783126188570614,0.948190393014396,0.4657301091467372,0.7970975362807962
1.0,0.3648171678667233,0.612468187748364,0.5665784370792646,0.3283767113956049,0.4526920118170673,0.3618279569892469,0.5976497059676047,0.7794602291066853,0.9643283717850072,0.4589411965982269,0.7539402632467094
1.0,0.3917831427361288,0.6118520330780706,0.5775568493536901,0.3010959549322835,0.4614646356055981,0.3983870967741934,0.5778166436582839,0.7802158020557205,0.9723774268804052,0.4573061642114344,0.6913094836314548
1.0,0.4169843286742906,0.6105667917175093,0.5834364242147001,0.3220159446003554,0.4658972251135583,0.3373655913978499,0.6134444286142402,0.7785091479164422,0.9686560750136732,0.4574535872771444,0.7343570705366181
1.0,0.4479740223069324,0.6098754704049321,0.5906657380728615,0.3463902901449049,1.0,0.3220430107526887,0.5984701472372744,0.7773373775145612,0.9698668208405284,0.4560778196464077,0.7037293283833947
1.0,0.3731469716221941,0.608886059965458,0.5930856455383672,0.2831100067079105,0.4136824016447213,0.010215053763440741,0.5886887186869009,0.7760793250918064,0.9728619437853242,0.4588746726866637,0.6888288896388793
1.0,0.4901877735422848,0.6117276228893802,0.6143165686756233,0.3322464732171945,0.4017725514792889,0.22765957446808535,0.5861537025482808,0.7747862233748392,0.9723164979352568,0.4588806577440934,0.6579311508606142
1.0,0.4794578568403221,0.6128351311211777,0.6352281361153563,0.3805961201700369,0.4951258645478762,0.3172856487849617,0.6331251934423653,0.7736557888632035,0.9705744382193109,0.4603432279898161,0.7298768140398247
1.0,0.5294366793731471,0.6150233935372309,0.6815627920450945,0.4437033014791104,0.459237746607435,0.511691884456671,0.6196787996993354,0.7725137227798652,0.965703687230732,0.462735350153608,0.7112807964900442
0.0,0.6053931949738816,0.613812919387646,0.7034958460299222,0.4945229893304751,0.0,0.6891215293582165,0.6810448589774449,0.7716330200163791,0.9624802877083576,0.4658150156880052,0.8018140398245017
0.0,0.7382465057179166,0.6105631075168343,0.7109346553694249,0.6282885129315193,0.4607199745367469,0.9909601114919588,0.6972817356017469,0.7697535395064047,0.9512693721743904,0.463848496315374,0.8291765102936214
0.0,0.6809261612311172,0.6047919848092245,0.6866056945681779,0.6141724403071896,0.5253782650226471,0.9898472862642252,0.7302418582257835,0.7677476362221841,0.937966252428042,0.463775359388809,0.8631370232872091
0.0,0.6766906677961317,0.6013438711199246,0.6824007131860179,0.6124340157958906,0.4637297026359323,0.9551764654684712,0.7324821050459593,0.7657323115600038,0.9255618312296421,0.4641898157518994,0.8515693553830576
0.0,0.6845969222081041,0.5981297902465235,0.6790903815161179,0.6182773060136197,0.0,0.9464728665303108,0.7469798426914405,0.7634584289089689,0.9190125294592076,0.4657244068693556,0.8819946000674994
0.0,0.6773965833686295,0.5947787431805955,0.6701526810382097,0.5957105115101514,0.4657553280708228,0.9541864828308398,0.7740249276586961,0.7606242936330628,0.9144570862588008,0.46500994963044,0.8936044549443128
0.0,0.6682196809261611,0.5919013379321738,0.684609531644239,0.5901709050538118,0.4701585419686009,0.921626584262618,0.7991392735901427,0.7570855118706127,0.9033127350595046,0.464072089353639,0.902708403644954
0.0,0.6241705492023156,0.589528425887667,0.7150775443113033,0.5535098318233509,0.4722053053496342,0.908191141564782,0.7967860318645632,0.7564684918889516,0.905829263419162,0.4641989180089681,0.8784864052123793
0.0,0.5854863758294513,0.5873519392763675,0.7461574249709872,0.5580618348449913,0.4495199750027947,0.8575843074029299,0.746621206687333,0.7562439338994519,0.9116807487596332,0.4570103024475989,0.8847429311280954
0.0,0.5826627135394605,0.5845360365827168,0.7615256102069229,0.6082595909344907,0.4860457673357961,0.85310582650365,0.7479427557983579,0.7558106569226023,0.9164373994814996,0.4574112172180181,0.8666583134945495
1.0,0.6056755612028804,0.5805341778978588,0.7579501252660692,0.6044728026264985,0.0,0.85310582650365,0.7627893038039978,0.7532406445618881,0.9110668352307141,0.459169569196796,0.8613289896838323
1.0,0.6867146689255968,0.5759262582347042,0.7593238181012041,0.6573118077010034,0.5414190079607524,0.9982086076402888,0.7659531611552991,0.7512394256835307,0.9056372268162364,0.4556960320160098,0.8659566470367119
1.0,0.6773965833686291,0.5693688486087629,0.7504508489955268,0.6524847691371471,0.4825712107968919,0.9875493328321736,0.7907923890561974,0.7492953615396712,0.8997662799127085,0.458348387561993,0.9120995698116356
1.0,0.6615840745446848,0.5627086572421136,0.7294934908441066,0.6431302967436809,0.5192675683029208,0.9929750614682128,0.7957346879621124,0.7468468141597314,0.8949986643862571,0.4591964034748742,0.8935471745395317
1.0,0.6637018212621775,0.5561321159709336,0.7015858546030886,0.6469652808383227,0.6012478556174335,0.9910100475938664,0.792570830610811,0.7443783081597394,0.8916472951730253,0.4591376163080678,0.8740675771624272
1.0,0.6350416490187774,0.5506311485053571,0.6800756073647369,0.6287446826567049,0.6753239164698434,0.9098922624877568,0.7768498002937869,0.7422794776830987,0.8924870700363537,0.4615371143499717,0.8484400451071298
1.0,0.6094875052943667,0.5460533617440517,0.6747484393747939,0.6345193288581104,0.5576968186287009,0.9736133548734514,0.7453733499059195,0.740579811774717,0.8912077113298249,0.4588766913125453,0.7811552437037967
1.0,0.5819567979669632,0.5419170881593085,0.6701330363666259,0.6156732168159527,0.5111868974596683,0.8311057108140945,0.7543687269404417,0.7391818890559144,0.8870108501748807,0.4560805496501785,0.7954141085077058
1.0,0.5620499788225329,0.5388970294126114,0.6669604642361449,0.5780430521229449,0.5237879825879382,0.8547995139732691,0.7402885791627569,0.7380210727262452,0.88781626737308,0.4585025421264403,0.7755299293427546
1.0,0.5918396159819285,0.5340616218287086,0.6388508885819429,0.5592256315086426,0.5116655778984149,0.9729907773386036,0.7533615984357571,0.7364047909095358,0.8821645841919373,0.4561770238176062,0.7966771097187038
1.0,0.6941973739940703,0.5285336764119151,0.6132205683102907,0.6332387057203033,0.4956275140210673,0.9543773119605421,0.7637718681988118,0.7348533637801417,0.8795393012620688,0.4574850778382789,0.7924244054664799
1.0,0.5828038966539603,0.5235431326221403,0.5953484401523124,0.5813061549125997,0.4370412796148948,0.7381984036488024,0.7584365435349718,0.7326991610095134,0.8715827712639473,0.4566798578973828,0.7956148182123464
1.0,0.5746152760129888,0.5229094803108849,0.602390542247875,0.5674635262387708,0.4779421733961035,0.7906499429874572,0.7630840731224421,0.7318442435561171,0.874365284853056,0.4575135710715771,0.7773746242618329
1.0,0.5890159536919385,0.5214595529794366,0.6053194798156271,0.5788910681941714,0.4738362079409857,0.7381984036488024,0.7413890512849484,0.7302290784038875,0.8758424662633372,0.4583339617046509,0.7741607737950091
1.0,0.5602145983340394,0.5203104630571518,0.5925770794191955,0.5960812531966474,0.4563085160983259,0.7035347776510834,0.7471812683923775,0.7283051862203817,0.8776601837351165,0.4592243863072604,0.7603023652767621
1.0,0.5439785401665962,0.5199793083430821,0.6046432279829641,0.5751880757686546,0.4857183698559005,0.7322690992018244,0.7939120310097321,0.7258171762608464,0.8754172790584093,0.460818270607445,0.7980283956536929
1.0,0.5376253000141186,0.5177219445651584,0.5960029190997678,0.5707999121355143,0.4613456955785158,0.7030786773090085,0.8020329257328702,0.7230383733834632,0.8700763310857057,0.4616067925613563,0.8247556493861914
1.0,0.6579133135676973,0.5144832337116756,0.5824018545603803,0.6250929569433306,0.0,0.8316989737742305,0.7984072631160062,0.7207438884332623,0.8604330946398691,0.4617606886211529,0.7938773295295976
1.0,0.7273754059014541,0.5096124482011801,0.5550464004462986,0.6338191130850727,0.5043253430374584,0.9116397621070512,0.824450132400552,0.7183740293797499,0.8512630509560221,0.4609510941393451,0.8206560256370748
1.0,0.7056332062685307,0.5041429513005609,0.5335117813311667,0.5988665445204825,0.4403388478814248,0.9813796022005924,0.8147718731116341,0.7160328222777733,0.8437383896351233,0.4601095907690204,0.8088527402413698
1.0,0.7114217139630099,0.4989529979897091,0.5164281472871892,0.6033880548305135,0.4682633322704175,0.955349248452696,0.8564866444934633,0.7143376583176412,0.8465301831801456,0.4611187515828205,0.8530054603765932
1.0,0.6800790625441197,0.4931421974462073,0.4888150122932496,0.5877882825687247,0.0,0.9490876323496272,0.8212174955416139,0.7130819408378174,0.8527956774125166,0.4614943698845431,0.8083552700069899
1.0,0.6985740505435554,0.4882275306772154,0.4804157141566737,0.5989117345313958,0.4906659890150847,0.9216039648569496,0.7804705500886765,0.7127829694549627,0.865816409767386,0.4606398535750033,0.7700144261514897
1.0,0.7211633488634759,0.4841024530920303,0.4812870899447264,0.611338596240365,0.4903620008097472,0.9539693128752492,0.7634623604144455,0.7126001466195261,0.8751999918324463,0.4625420857758651,0.7531417778372669
1.0,0.6192291401948327,0.4801901218324292,0.490213963080461,0.5645391861081567,0.0,0.9011113631208888,0.7447985497349532,0.7116770440393948,0.8780605646164369,0.4644129841475014,0.7300673716146879
1.0,0.5956515600734154,0.4775352803778853,0.4901521038296759,0.5924725366579738,0.476713155274693,0.8806985711045592,0.7128259043277048,0.7104202411547013,0.8811470759702106,0.461453483386845,0.674534124540817
1.0,0.6505717916137232,0.4737706465545504,0.4801496420723574,0.5817121156147721,0.42830383791675786,0.9401224767520984,0.7099420778289256,0.7095665368082703,0.8869172400002022,0.4612952653644205,0.6628890971013846
1.0,0.6243117323168149,0.4692816048106416,0.4752108205237932,0.5685076110187749,0.5182958948106096,0.8289861646631888,0.7154493512618583,0.7090125674123072,0.8978477421953975,0.4617151285749668,0.6828403158881006
1.0,0.6007341521953977,0.4656286736789181,0.4699464438340297,0.5413409637753158,0.4562996338341554,0.98769987699877,0.6916221646876182,0.7088166829055694,0.9014132630428552,0.463092616204305,0.6493627210398727
1.0,0.6149936467598477,0.4615335667802947,0.4562108767415673,0.5503790112003003,0.5243745366343473,0.9391194968553468,0.6990749156222825,0.7086073005518746,0.9051918951344614,0.4638058047441489,0.6700575558827468
1.0,0.4578568403218977,0.4570043078148502,0.4181101994827665,0.4903815085158851,0.4837090716462801,0.6003655193420655,0.7029413065158756,0.7081134006158846,0.9063284405537868,0.4641567075681794,0.6816728386799329
1.0,0.470845686855852,0.4563754416563252,0.4052667594663091,0.5016695666153326,0.5683097925370052,0.7343892780992989,0.6636485563672627,0.7072659135433651,0.9104302984834246,0.4602838481332465,0.6174839007123841
1.0,0.5610616970210365,0.4552218287501964,0.40014472648800375,0.5206733990042338,0.5004967361271803,0.8919443545778074,0.6694456862966656,0.7062905189539167,0.912998208802096,0.4571962655257187,0.6243846577135295
1.0,0.4603981363828885,0.4527621282784986,0.3896387873815702,0.4887554096372287,0.5483962564141511,0.7515367195082497,0.6954983812251596,0.7053710461752908,0.9220234698518244,0.4565931040177682,0.6545308526301701
1.0,0.4526330650854159,0.4529440898501592,0.3989548782807176,0.482478952781934,0.0,0.8343578130054997,0.7121184579634385,0.7040247922190799,0.927590041899506,0.454813910249543,0.6784083641933996
1.0,0.4567273754059015,0.4506852553147953,0.3915830422929131,0.4853012372971547,0.5526042233623801,0.9495308961501132,0.7444153496209754,0.7028426514527774,0.9345919886979812,0.4549567298841836,0.714719136215589
1.0,0.4880700268247917,0.4475501645782045,0.3893808353643864,0.505813382489121,0.5008271766007466,0.9666332999666334,0.7938923797218357,0.7009120309541589,0.9329669309354476,0.4609625164895775,0.790657207870432
1.0,0.3673584639277144,0.4434686282389728,0.3922560035052673,0.4702410226046944,0.4586379610672814,0.7042084168336679,0.8189035563918269,0.7002668140659829,0.9434565395401644,0.4602233794049602,0.8056038905992058
1.0,0.3299449385853453,0.4426548997221222,0.4223211871545036,0.4382310979639968,0.49356526390796,0.4282362143136497,0.7455354730310635,0.6993830154269814,0.947286458323412,0.4549836871021323,0.7430657802763274
1.0,0.3621346886912327,0.4428878645858929,0.4508664508080096,0.41341856647926734,0.4717338050882514,0.5565115369573715,0.736112680484797,0.6992532814278062,0.955772709073717,0.454144843233688,0.7242374217344101
1.0,0.32782719186785264,0.4423074400293552,0.4696439402039169,0.43213200580336203,0.4744233112765386,0.3969495502542047,0.7535188087389275,0.6979066588310355,0.9558982798674032,0.452456303819388,0.7450289266645845
1.0,0.3288154736693491,0.4429205197549821,0.4952076818721062,0.4329283318399992,0.4906421619587164,0.3750488854125934,0.7241008307581958,0.6961279257807672,0.9577949976333898,0.45338593057446896,0.7005978673091507
1.0,0.3039672455174361,0.4423206586777392,0.4874480619563139,0.4073748947937352,1.0,0.22487289792725806,0.7394091840293979,0.6949838100428537,0.9640228089633964,0.4514785380973498,0.7068144975386307
1.0,0.3602993082027392,0.4427267262468227,0.4821247971693203,0.4610262973529069,0.4746212802894945,0.09112240907313401,0.678662140320021,0.69327838613158,0.9722975547732688,0.4486724722065572,0.6261693362483082
1.0,0.4303261329944942,0.4436046818897244,0.4711597282277403,0.4691409780547087,0.5174023998298317,0.3706823925863525,0.6771833809058261,0.6918669987292329,0.9868477186066468,0.4488395132136093,0.6046119067802912
1.0,0.4644924467033744,0.4439461942725225,0.4725313411050423,0.4482827424309114,1.0,0.47346251053075,0.7428530722332212,0.6903184980780576,0.9947765258378728,0.453409783137005,0.6848555154002883
1.0,0.4179020189185373,0.4434868554221351,0.463736271275039,0.4584530670393429,0.5351317593084899,0.2407566638005164,0.7499226230539083,0.6887945505478056,0.9993481556763624,0.45424321411719104,0.7016512734396866
1.0,0.42849075250600027,0.44370618827009,0.4398385867346992,0.4679988711330541,0.5346934610141241,0.23414634146341404,0.7240222256066107,0.6877577748218858,1.0000000000000002,0.4516758515377052,0.6582924565822619
0.0,0.5410136947621065,0.4447092564804448,0.4342796283438374,0.5188218812116094,0.5471122371439355,0.6438405363342505,0.6977189767574392,0.686958273029073,0.9959127423451728,0.4526937317894067,0.6204943509066538
1.0,0.4712692361993506,0.4448132011068637,0.43152833642169697,0.5058072644745853,0.4881380272754525,0.4989824015323838,0.7529489213899356,0.6863224569355727,0.982280674706301,0.4597909780205928,0.7088535880098007
0.0,0.4547508118029086,0.4479554228491343,0.4566261840859965,0.489505636156811,0.511777609614241,0.6378546629953307,0.7207404605279317,0.6857612138771564,0.9743658550575052,0.4564938447257994,0.6561573382581247
0.0,0.4400677678949601,0.4494413039204324,0.4781752800605012,0.4763053692768197,0.5242774757155271,0.7144738417335086,0.7352283725294646,0.6843697629350155,0.9687068970855492,0.4579607508267807,0.6968383721700232
0.0,0.3868417337286462,0.4497106484180223,0.4925853835238289,0.4304840013465003,0.4913923827033918,0.43553214413983016,0.8268426767019244,0.6832387937931613,0.966063831882398,0.4662831692850841,0.8001486266748095
0.0,0.4523506988564172,0.4521614936012261,0.5192340107028655,0.4933405326440639,0.4772224604005376,0.7324314617502697,0.7448280266667975,0.6809784727677589,0.9571963580651212,0.46093726911585,0.690024205970806
0.0,0.4609628688408868,0.4524646509392842,0.5299754191321963,0.502529150525524,0.4784365820905362,0.8419729438525073,0.8147718731116342,0.6799418837522256,0.9616747755270872,0.4666729819805314,0.7895254162693468
0.0,0.4784695750388257,0.451349804172918,0.5325944308548798,0.5228371383278421,0.4700152153483441,0.9311624566024179,0.8779360252322537,0.6785737209628132,0.9745293756588064,0.4715304719320592,0.8796554800828921
0.0,0.4709868699703518,0.4485106883016082,0.5322018896182867,0.5164555657493995,0.0,0.7869029091344428,0.8673292425902359,0.6768605700912128,0.9817969602106016,0.4694921017578267,0.8800296454064008
0.0,0.5448256388535933,0.4453268399129453,0.52362699902445,0.5503218883933113,0.4904953388832,0.9575002992936664,0.8611194356150116,0.674919946239848,0.9817969883862382,0.4689320338247995,0.8682938061247986
0.0,0.6118876182408586,0.43971738908119423,0.5019651512763265,0.6032851167181552,0.4706492400748592,0.9251930501930512,0.91314130749844,0.6723598449882352,0.97217325326752,0.4722560654413653,0.9300454754777802
0.0,0.6669490328956655,0.43433290009787134,0.4685721793783232,0.6393546004706667,0.5161683598877477,0.9106344950848974,0.9162511238080262,0.6691681160927413,0.9687328891017448,0.4727762324500819,0.9266204236702736
0.0,0.6721728081321476,0.4293506607216698,0.4430257792891158,0.6466908643222348,0.5189762465752793,0.9382992115550264,0.9239986440611352,0.6659643249522625,0.963025872032728,0.4739355905725264,0.9233608680635504
0.0,0.6999858816885504,0.4238543120182149,0.4074083511171356,0.6626495069167888,0.5627654172221505,0.9457369599131792,0.9339471085586272,0.6631424759754126,0.9633817445953198,0.4753154266470256,0.924644275197468
0.0,0.758576874205845,0.4199267140953646,0.3913802692777437,0.6923107903096091,0.5363814802136769,0.9874446085672082,0.958535782538848,0.6603415373645697,0.9583459346089246,0.4785004923308535,0.9861686819441166
1.0,0.5575321191585488,0.4157500276974317,0.3713134621428705,0.5604528020893262,0.5210565604540879,0.7769571639586412,0.9515595753356684,0.6578417904305971,0.9457839660671676,0.4781910581307745,1.0
1.0,0.5520259776930679,0.4149910370129553,0.37385907434059495,0.5575402841305468,0.5282289989809263,0.7470457902511078,0.905831028401024,0.6552438157395691,0.937204522251424,0.4772593682276709,0.9925596169493652
1.0,0.5805449668219682,0.41380003400983817,0.3788455890516925,0.5751316031970339,0.5669880505975564,0.7027326440177258,0.8970812924652046,0.6533060113438832,0.9247854813191208,0.4763769996621151,0.9956135113403866
1.0,0.509247493999718,0.413456451171424,0.39541487092276295,0.5166602349150701,0.5614528830910059,0.7293205317577552,0.8768257274661134,0.6509610284215449,0.921699252678436,0.478094491086033,0.994016399497673
1.0,0.4588451221233941,0.4142555169462636,0.4280551857076587,0.5344825246033164,0.5793277437325793,0.6798375184638112,0.8605790251978639,0.6487246488104091,0.9138366934275528,0.4767280615230829,0.9675953335946168
1.0,0.3635465198362277,0.41458167182443056,0.4507992199835326,0.524697173031466,0.5960486097497194,0.5136632200886264,0.8354892433762875,0.6462072002299725,0.9081298570836224,0.4740558653454465,0.9248315232294358
1.0,0.390653677820133,0.4170600053601571,0.4754932852388061,0.5417165736883236,0.5604563232227153,0.6067208271787303,0.8140889908572383,0.6439587971843103,0.8929255858076129,0.4720773582002246,0.8723834966357764
1.0,0.4299025836509953,0.4181611854899982,0.4914153294673678,0.567709083515191,0.5642221353627219,0.7355982274741506,0.8484885703196773,0.6416495610957907,0.8720576473703122,0.4733836203359277,0.9235105957616956
1.0,0.4452915431314414,0.416741748011844,0.4875681695176231,0.5783022548434114,0.5691848044801271,0.8212703101920235,0.8675650580449915,0.6397974050007272,0.8567207565440692,0.4723693616608308,0.9441663334666136
1.0,0.4697162219398562,0.4138009869753412,0.4777637330773034,0.5938376681309419,0.5558584984118641,0.7884047267355985,0.8802106618062482,0.6383929742536602,0.8479173697226766,0.4738947356477839,0.9889036732389828
0.0,0.4780460256953267,0.4108063658682944,0.4659992938261485,0.5503383465463592,0.5321414079446796,0.8002215657311669,0.8432515020953186,0.6364421955789051,0.8380701338026452,0.4729943344879925,0.9410910850368944
0.0,0.4824227022448114,0.4080056289686621,0.4570393485628599,0.5532749268301784,0.5509595212833592,0.886350435624395,0.8177834329817388,0.6348424967638343,0.8281991892295265,0.4707973868104359,0.8720535462279748
0.0,0.4829874347028098,0.4041450886036784,0.4390051912157448,0.5536273493663493,0.6084732032166099,0.959369817578772,0.8122565082609101,0.632366615792089,0.8197960816036359,0.4693608604423616,0.8807306157009801
0.0,0.4695750388253565,0.3987727975915852,0.4040241427873595,0.5456164998747487,0.42841959059436585,0.9419583517944172,0.8473094930459002,0.6295725948376033,0.8129610851598897,0.470822646039065,0.9051489859279868
0.0,0.4831286178173091,0.3938064267823172,0.3747278690941349,0.5548665377482324,0.42668873631096665,0.9365079365079364,0.8508565505111791,0.6263073462234215,0.8063399522579734,0.4721994442533105,0.8755400882995275
1.0,0.4083015671325712,0.3892174308305185,0.3532945330140585,0.5025462776973906,0.4199169201711522,0.6681547619047621,0.8507877710035419,0.6234080267909482,0.7999686793311135,0.4720531977539174,0.8827285125446661
1.0,0.3724410560496969,0.388472617554281,0.3612282610571427,0.4714938041418397,0.4125779459627885,0.4429563492063496,0.8269114562095613,0.6215703318834173,0.8015111805830423,0.469924789443708,0.8246489550555808
1.0,0.3413807708598053,0.3896274714605146,0.3760651139254574,0.4483477476210415,1.0,0.4439484126984122,0.781349945222035,0.6194077107808204,0.8036967074758,0.4681673948479828,0.7604008733094794
1.0,0.3299449385853453,0.3916657623477927,0.3918064915272264,0.4369609842371507,0.3765197919031892,0.32886904761904745,0.7873239367425042,0.6184748187357493,0.8058705999399288,0.4693250781647776,0.7539330830405309
1.0,0.2618946773965836,0.39482757621313264,0.4146477294189861,0.4132704845431344,0.4114463393181574,0.007731242004561427,0.7412465794477006,0.6170803849257877,0.7995944972513046,0.4666691534255252,0.701857522855802
1.0,0.3635465198362277,0.4008776363721521,0.4530320548936111,0.4988055834361916,0.3653071904906048,0.4827298514934088,0.7077460464065162,0.6166360436915799,0.7972095387618695,0.4627765548943085,0.6380773558054109
1.0,0.3666525483552168,0.4028838659296425,0.4693182989669812,0.5024189791152637,0.35864735898833544,0.4593692641414989,0.7825339353177858,0.6157592781880411,0.7991810875698283,0.4748010222703321,0.7650742267890235
1.0,0.3226034166313709,0.4044724955202496,0.4828213231660901,0.4402694406024487,0.5102619281786105,0.0007722007722022636,0.8242094041238227,0.614459884476536,0.8040844435193356,0.4779079526310375,0.8165166506763538
1.0,0.4337145277424821,0.4075173606972569,0.5028922739086077,0.5307121478612564,0.5018896327683237,0.18150684931506586,0.7772870414494788,0.612307777232625,0.7968081421047676,0.4723599441865202,0.7380127580726669
1.0,0.5054355499082313,0.4076604057089796,0.5051562241028535,0.5796274255187073,0.4644297061394125,0.5561545372866128,0.8638951800303613,0.6103433620985393,0.7873248220839476,0.4834134493804722,0.8538900403541797
0.0,0.5434138077085983,0.4068062213741668,0.4970323302275725,0.5980876005167193,0.4546364011842894,0.7906614785992219,0.9279682042161836,0.6079614297611909,0.7734816714484606,0.490731668531457,0.9346230293984692
0.0,0.5651560073415219,0.4055614055472795,0.4981895314736789,0.579279115390037,0.4068886783810412,0.8460972017673047,0.9447012758598664,0.6053688256757218,0.7648478762207549,0.4897761837251736,0.9547936653726652
0.0,0.5638853593110265,0.40394357408064,0.4982805005055628,0.574485994527535,0.0,0.8983799705449195,0.9363249143940772,0.6026353756669619,0.7526159318390816,0.4890613983330037,0.9357403871595192
0.0,0.5791331356769733,0.4020935977558326,0.5042045519008279,0.6118953489569804,0.4604348016814182,0.9889543446244472,0.9758190902436268,0.600748398269712,0.7536943783170325,0.4921337423990893,0.9766032357527394
0.0,0.5393194973881124,0.3990842118088885,0.4965002482786729,0.6181834657188002,0.4885556763622042,0.8458528951486699,0.9733528536126436,0.5989324207192391,0.7526641923843913,0.4902680518001351,0.9966251225318584
0.0,0.5415784272201047,0.3971813857141951,0.5041678718610261,0.6209341749684799,0.0,0.8247261345852911,0.9248976904823901,0.5982053254493284,0.7580819883720237,0.4882654898504808,0.9306189609298424
0.0,0.5527318932655656,0.39531763489284416,0.5098466776140915,0.6505844671917761,0.5102271414091939,0.8959311424100168,0.9250254238537158,0.5967070694622661,0.7566493311472007,0.4868781149531856,0.9560495728889512
0.0,0.5453903713115912,0.3929868398917971,0.4982014528984491,0.6290139228619247,0.5112622634227834,0.9889737065309564,0.9650698357643612,0.5947924766040783,0.7585371755065359,0.4900544623514469,0.9988166923400088
0.0,0.5247776365946636,0.3905779436474675,0.4848419834823565,0.6427972391924723,0.6053050605533138,0.9925994449583732,0.9543746223268104,0.591903131391578,0.7586077135498634,0.4891059718362055,1.0
1.0,0.4599745870393903,0.3878847357306303,0.4674753081554841,0.5879940846384075,0.4740668434433635,0.7795358649789029,0.9413359928076288,0.5895008130961633,0.7578024690066025,0.4876390195896406,0.9985228519195616
1.0,0.4793166737258223,0.3858729714779309,0.4685160149045915,0.6161003906142132,0.4816847858691542,0.7679324894514754,0.9345464728394636,0.5871218749074313,0.7562890261037697,0.4868455804419333,0.991483087215828
1.0,0.4999294084427503,0.38346894245920177,0.4598118718818936,0.6438645519663471,0.4886644455242273,0.5980861244019129,0.9371158787319022,0.5844189239264143,0.7504953678178349,0.4874986782581773,0.9961218179256542
1.0,0.527177749541155,0.3819480342017825,0.4548212407295309,0.704183175040449,0.4725175198931079,0.9348739495798312,0.9048926794039764,0.5823320119892199,0.7493946687618408,0.4841212309101892,0.9505720374204664
1.0,0.5147536354651986,0.37994216038541706,0.4503486807948618,0.6912080625835528,0.4918386745986602,0.7762605042016807,0.8977789131855226,0.5802603165038059,0.7466540632577293,0.4815710549027525,0.994210452396186
1.0,0.5243540872511646,0.3783355546450009,0.4522683163130111,0.6697278686328438,0.0,0.8471698113207542,0.8951898560051879,0.5786922317361837,0.7510884267073108,0.4819051081888043,0.9748865070839968
1.0,0.5496258647465765,0.3765242517049249,0.4525354126871311,0.6927325790618164,0.4872726193285274,0.9749776586237712,0.8826474215053868,0.575891757221847,0.747841196842145,0.4837169681895224,0.961377125787002
1.0,0.5359311026401244,0.3739581599634596,0.4468626440882464,0.7092237501034159,0.5000286432811349,0.9679547596606972,0.911721501947934,0.5740883060445411,0.7528413222537615,0.4850199843822594,0.9800534730008392
1.0,0.5256247352816606,0.3711857613855128,0.4354463006948874,0.7208362954928097,0.471823981701211,0.9585296889726674,0.9089555831765326,0.5720801182921559,0.7497857730064388,0.4835918290475364,0.9956640399769368
1.0,0.5202597769306792,0.3681798651180605,0.42140668951139104,0.7162656103542479,0.5390873391935701,0.8235144991126969,0.8942367685422182,0.5705548912907318,0.7463000865768905,0.4855106078307891,0.9955577182682952
1.0,0.4790343074968236,0.3661832968540308,0.4156540846250117,0.7024264618637184,0.4925693660878448,0.7105055994311686,0.8828881497821163,0.5674009982159626,0.7295015138708683,0.4843186377721237,0.9811441937913812
1.0,0.4459974587039392,0.36609059644499947,0.4248024671631931,0.6675739402981985,0.5133032370134213,0.6546382589705173,0.9008936423170832,0.5639516852169942,0.7129343145249409,0.4882226961845123,0.9607213094445392
1.0,0.4217139630100241,0.36558849669480425,0.4324951357223823,0.6678824675251385,0.5104219115601343,0.5869027867131692,0.8849367965453036,0.5601101859678933,0.6938819909911162,0.4866630908604183,0.9244681905139364
1.0,0.4753635465198365,0.3655292202028497,0.4382055347492219,0.7118286249403286,0.515363447326386,0.6771972595627509,0.8629224412794954,0.5571352463075813,0.6829456103823737,0.4846558086731506,0.8687404816116046
1.0,0.4553155442609065,0.3644135558158938,0.4285282691673086,0.671810519093787,0.4542653647718041,0.6941274732220448,0.8922519884646939,0.5567533196671631,0.6868228563174112,0.486297977974187,0.8967252565593615
1.0,0.4725398842298462,0.3637675613295948,0.4287946334550644,0.6507162518251467,0.4884048096160573,0.7167010914344419,0.8415565785142642,0.5572509203504245,0.6985955488228628,0.4726424274145486,0.8973616261803925
1.0,0.47861075815332504,0.3619899930819664,0.4229350510700414,0.6587611294708186,0.4916729408918995,0.6681678122777917,0.8259288918147473,0.5582998350081542,0.7112400925019748,0.4732639696935344,0.8892936297206557
1.0,0.5124947056332065,0.3605681539574727,0.42779623237457054,0.6546852520338349,0.4886754323116969,0.7293666026871405,0.8388152238527332,0.5573012600443584,0.7157194596031934,0.4717192042799716,0.9080701908377404
1.0,0.5205421431596783,0.3604195108044889,0.4455116843660043,0.6706066761316949,0.465399149529984,0.8050373134328355,0.8433350200688776,0.5555908297939037,0.7183613744252636,0.4686057468791319,0.9139364947005773
1.0,0.4434561626429479,0.3600213420321247,0.4572771461577026,0.5412874503408622,0.0,0.8544776119402983,0.8589676195903688,0.5540293719126116,0.7164942903143354,0.46749005351069206,0.9295750952725784
0.0,0.4784695750388253,0.35936769392814866,0.4701810191769208,0.5352897399015921,0.4606716711981689,0.9710820895522386,0.8535340384870473,0.5522539837729948,0.7135965976092826,0.4701820901743598,0.9279731993299836
0.0,0.4702809543978541,0.35599114940491866,0.4572521963353397,0.5268859557732726,0.533256297620688,0.9867403314917124,0.8648482674933307,0.5502184326928682,0.7079062231738403,0.4682751717892146,0.9392084147081842
1.0,0.4467033742764364,0.35368305624727586,0.4552095671484079,0.4995972780907879,0.5353515262152367,0.6687041564792169,0.8537305513660102,0.5479846114305321,0.7040377258259768,0.4674733232147321,0.9054296226401294
1.0,0.4317379641394888,0.35303496992080313,0.4607983794475816,0.4776843104693062,0.5605218273260115,0.7041564792176022,0.829195918427504,0.5454538705481912,0.6998913650455216,0.4681793652596238,0.8704731810435
1.0,0.4273612875900045,0.3523252443823058,0.4627530123858211,0.4722153384546346,0.5151047745825634,0.6271393643031774,0.8461058516622533,0.5431577586916084,0.7036678215055743,0.4672552146124303,0.8743352863297567
1.0,0.4474092898489341,0.35135389966725844,0.459784717501435,0.4969473257784353,0.5353325484165233,0.6063569682151594,0.8499820681997946,0.5399730993196817,0.7034273981805028,0.4682252637257798,0.8661795147498776
1.0,0.4536213468869124,0.35052501701436817,0.46143594721751297,0.5043078392606936,0.5456228786609367,0.5513447432762819,0.878741728036001,0.5378197613190446,0.7041126970032261,0.4694944686934488,0.8792141200909934
1.0,0.4505153183679233,0.35009690304631985,0.4673371244452338,0.4998262874727015,0.5738259702889078,0.5985576923076915,0.8559167571444712,0.5351347188845751,0.6952602496360959,0.4690308891542137,0.8614030852954729
1.0,0.46576309473387,0.3497496695998918,0.4772307968737342,0.4683015046419756,0.5458508418827912,0.674278846153845,0.8746788242634451,0.5341358199551872,0.6972530988235062,0.4724702473691523,0.8593939128786222
1.0,0.4390794860934632,0.3490812264224789,0.4798448085060778,0.4877353503024496,0.5983147521321521,0.4675480769230757,0.8384369365607298,0.5328235925220978,0.6996493974038079,0.4690643731974338,0.8392558721670305
1.0,0.4265141889030074,0.3490262939762233,0.4892907664877675,0.4702963440115529,0.6159940930127247,0.4759615384615364,0.8261204918717359,0.5322847279831157,0.7089182699056487,0.4709716022217855,0.8265337325150584
1.0,0.4743752647183397,0.34878491487864266,0.4971574433805159,0.4821863128184533,0.6764682327592391,0.7043269230769219,0.8286505951883818,0.5294882859429048,0.7026743998801088,0.4714963047122947,0.8243007801110787
0.0,0.496541013694762,0.3471162246161777,0.4986403484646942,0.4586612875690994,0.6074093818424593,0.798076923076922,0.9006971294381205,0.5268631048057729,0.6965833229282008,0.4807789072649502,0.8744284281864018
1.0,0.4589863052378935,0.3453003330639694,0.4985416701756406,0.4160757998555332,0.5616845437134976,0.4395209580838311,0.9056836437418018,0.5244004774871046,0.6894930344252231,0.481037549313603,0.8941223662542754
1.0,0.4750811802908374,0.3455507219635701,0.5116266980574413,0.4433309280738069,0.5556614791466452,0.629320619785458,0.8872703869829867,0.5239873459022558,0.6980410608150759,0.4817204265110345,0.8774015116328168
1.0,0.4323026965974871,0.3445473731093263,0.5139366245521113,0.4298864416663665,0.6147932572148129,0.5149735760422797,0.944106824401004,0.5239506836661955,0.7100607016030093,0.49089627163621397,0.9813086742952049
1.0,0.4502329521389241,0.3435968124830869,0.5092766924440025,0.4535144711713388,0.5757721760404917,0.4139753376394597,0.922367587165744,0.5230443117827225,0.7185286825870841,0.4898404237816622,0.972265619502034
1.0,0.4444444444444444,0.3422453554907083,0.4985176905761845,0.4466927366918035,0.5833665855856275,0.2323125659978869,0.9441903423745632,0.5215671779390866,0.7267844694158893,0.4899301697112429,0.9992821855339272
1.0,0.45856275589439505,0.3421548208665299,0.4949641468522062,0.4127251415735288,0.0,0.3494967978042078,0.931903374617414,0.5193985034786349,0.7342106640550623,0.4923421245016845,0.9898674040984188
0.0,0.561485246364535,0.3425864075589908,0.498524850806594,0.5579600065045668,0.6460386879957641,0.9143075745983164,0.9333330058118684,0.5173031449794004,0.7397460148165832,0.4924527466852587,0.9945259873785716
0.0,0.534942820838628,0.3396549447107329,0.4888875976198107,0.5663221196209777,0.5684435664455745,0.9853846860924724,0.92000943261819,0.5153390999759823,0.7483995099178096,0.4910092137639255,0.9927246904007944
0.0,0.6543451217344947,0.975307208737444,0.8170728474155373,0.5845208055458203,0.42353974425148894,0.9055354993983156,0.5311792246584358,0.9876416516802424,0.3621795260509752,0.5148829710661211,0.8304071745702466
1.0,0.580238137551093,0.970744206492926,0.8205247499032862,0.5892610495896122,0.4482758229109978,0.6558363417569195,0.5503146662474392,0.9869499786981384,0.3734012125176319,0.512543642142056,0.8441504231124378
1.0,0.5525146614537053,0.969195559906822,0.8686184711230512,0.5704223820950414,0.4121686931014565,0.5409145607701569,0.5056325503932712,0.9871529967170954,0.3794693767671601,0.5132126448304439,0.7967542406112043
1.0,0.6228896392393811,0.9684763193907726,0.8852700703218336,0.5908622633437575,0.36969709345243,0.735860409145607,0.4443696603766172,0.98907596165884,0.3873330370821911,0.5125066462338401,0.7553474075666925
0.0,0.6795805935667314,0.9641239902706532,0.8846975423715863,0.5911010165587629,0.3800392601693766,0.8056558363417559,0.4523529960844807,0.9914210967093784,0.3924143193425438,0.5129254659326258,0.8019024248327156
1.0,0.6895326106273321,0.9572615290813996,0.8399725609532503,0.598302706613053,0.0,0.7472924187725623,0.4652982819861557,0.9922003182759694,0.4032666755754648,0.5137651400301384,0.8346952199046259
0.0,0.801137373378354,0.9510515564681798,0.8068678953018413,0.6688813318660894,0.3964321164297398,0.9584868750284328,0.4500587082225904,0.9924233138150031,0.4118320321707691,0.5127758354825722,0.8094539382976842
0.0,0.7972276523902613,0.9408907134884484,0.7706640989962609,0.6682635036826354,0.4059737185588411,0.9837164750957854,0.4829353128730672,0.9919582176922468,0.4167895854843183,0.5149566290052425,0.8754822469863516
0.0,0.7446241336413719,0.9313183540790676,0.7336582729473273,0.6421827700862459,0.4469170067542197,0.8024390243902434,0.4838097951844516,0.9911112013477468,0.4144578965020765,0.5150564339747568,0.8669061563175934
1.0,0.801670517149458,0.9269932096734226,0.7357267479396921,0.6507610000787222,0.41141255258445597,0.9113858835651728,0.452490555099755,0.988750172991494,0.404933441998414,0.5130030892648807,0.819282289993296
1.0,0.6863337480007108,0.9206268813045289,0.7169081265903936,0.5419098251307514,0.0,0.8167791706846669,0.5130951269718839,0.9856792075852584,0.3896700366259367,0.5136055825052577,0.8716622183993827
0.0,0.7465789941354182,0.9163815979989682,0.7164898974607443,0.5473101385390641,0.4493166659328789,0.8997107039537121,0.5378704881871192,0.9824611923581102,0.3763916882470584,0.5154508427490749,0.8637185827946923
0.0,0.7872756353296602,0.9079507747860354,0.7007721514185403,0.5227969672850115,0.6233337296609487,0.9943676395289291,0.5695483642759236,0.97969458939292,0.3588682834100462,0.5139864191718035,0.901887245911178
1.0,0.6918429003021143,0.8967861143153961,0.6958335511912652,0.4659269461540954,0.5789554773284972,0.8153310104529613,0.5868316719807025,0.977193783229672,0.3452527061900388,0.5115209181071798,0.9127654730131424
1.0,0.7421361293762214,0.8888158883289892,0.6875433542068657,0.5026868860211218,0.6105481067491069,0.7716492002206283,0.6078929397835411,0.9746587407276592,0.32993605369337065,0.50934756105238,0.9151435040540368
1.0,0.7991825128843076,0.8807932681783737,0.6934195570321554,0.5391849214894733,0.5984191979636913,0.7840517241379303,0.5998359117460662,0.9725064470425164,0.3221658506259182,0.5088450487599274,0.9034177871662216
1.0,0.8030922338724007,0.8760651483705195,0.7153886329064033,0.5423249951288311,0.6110934893539354,0.7655401389543584,0.6087084682312371,0.9708578865232956,0.3144224056694737,0.5094554826554583,0.9169712991891928
1.0,0.7485338546294651,0.8726976043635173,0.7518634585057551,0.4502268688806656,0.6538574178484023,0.8120481927710841,0.6253629347233342,0.9702160610409002,0.31476821409745226,0.5069432320140335,0.9282100256776756
1.0,0.7328949706770926,0.8695756484437158,0.7739312716163227,0.4432879548079904,0.6236603870574086,0.7357429718875498,0.5969127826714942,0.9693507330539624,0.3168613912744665,0.5084008223467535,0.9249212593445236
1.0,0.7305846810023099,0.8664228990610832,0.789957077755655,0.4362800585900214,0.6580552878281429,0.8064257028112443,0.5687082717183576,0.9690483998167128,0.32602733340460466,0.5066086913008683,0.8860189483537194
1.0,0.7169006575439838,0.8605092896456668,0.7977817941602995,0.4184440229434333,0.0,0.8253012048192763,0.5657409272460192,0.9690940883700292,0.336038378724192,0.5063489951588641,0.8890673817625254
1.0,0.7739470410520705,0.8535248652488057,0.8063813249064986,0.37936275584016704,0.6760028365341663,0.8261044176706824,0.5337977587706151,0.9700380548412048,0.35215867733349804,0.5075721826914087,0.8864047459428004
1.0,0.7410698418340147,0.8411079937394337,0.7682064739864629,0.4159109870080896,0.6130514858384766,0.9374130737134913,0.5113314238831926,0.970740792172978,0.36445026697735294,0.5095618681094003,0.8842607232756113
1.0,0.8914163852852319,0.8324838512791914,0.7581374026697579,0.4871027074450262,0.6290654706626682,0.9769539078156324,0.45327660661560604,0.970060217039902,0.3749874147659956,0.5057007176331587,0.8076957132195756
1.0,0.7348498311711389,0.8233254207213798,0.7347316493644473,0.4302324774218592,0.5660989336372025,0.9626894148173905,0.4128833843448017,0.9684221422996876,0.3777485466042,0.5029376121693906,0.7492884880529241
1.0,0.6449262484449971,0.8195732820024697,0.7447499616885651,0.4361149173005321,0.4535389038652061,0.9506190574524822,0.4532864322595544,0.9668619232443736,0.3846287879200714,0.5021764514155406,0.7851929620400468
1.0,0.6029856051181802,0.8156534590755866,0.7449046953469491,0.4194159945086858,0.4198908220911705,0.9503254716492976,0.4524266884140921,0.9645147687752814,0.3873269826594175,0.5021516106144432,0.7754721277053265
1.0,0.5173271725608669,0.8120174182293842,0.7538285551961247,0.4281682487314804,0.4089121476809416,0.8913369692328379,0.4271305680696046,0.9628605460350124,0.3882732201694742,0.5004669965841297,0.717760603109149
1.0,0.5059534387773235,0.8096134145122735,0.7721100417069972,0.42318858019997135,0.3966887099730188,0.8328659098200325,0.4209600636701728,0.9613112008853664,0.39119284977665736,0.5037060294739792,0.7146362750926548
1.0,0.4691665185711747,0.8064330272206603,0.7930770533950899,0.4060343861862937,0.0,0.7226505500419124,0.43874447921630655,0.9619311675875594,0.3966739674851598,0.5013285643609326,0.7234969705402429
1.0,0.5430957881642082,0.8063836512993312,0.8330251716631882,0.4446020273672432,0.4731762199948609,0.95084291465295,0.3797070975539063,0.9633993786810128,0.4084151771167557,0.5006057226116603,0.6911848413170246
1.0,0.4609916474142526,0.8009937401456549,0.8475400338627618,0.4519605410343781,0.3887680125601499,0.8907004766525563,0.4319107438503751,0.9653300910017903,0.4080867863527631,0.504275380062184,0.7922068887005578
1.0,0.4778745334992005,0.7956485821954569,0.8553068828828001,0.46061577095843703,0.44730289161288894,0.8091257104469025,0.4375899660523999,0.9643234699445472,0.402815381627606,0.5009851539342995,0.7940916047914793
1.0,0.5313666251999289,0.7876530549201346,0.8276537422844576,0.4868030609319992,0.4886106952503095,0.8085925420403303,0.443603260148662,0.962730388383318,0.3869161991400325,0.5015301084831307,0.7675980621576837
1.0,0.5482495112848763,0.7805115559691644,0.8133430624083384,0.4959251869410957,0.4227940972065038,0.5825291376534201,0.4484030872173288,0.9613664079880012,0.3770619899170157,0.5018177252033916,0.7894746828237855
1.0,0.44997334281144463,0.7742966212601321,0.7971958876606122,0.4958084233189621,0.3215046939608365,0.3649964277716759,0.4120531174311836,0.9613035843758531,0.3720499153218565,0.499273827058871,0.7411740895809354
1.0,0.5741958414785856,0.7729446720050013,0.8169235345056877,0.5580123007088962,0.4749388698784701,0.3154117659603973,0.3589504247134596,0.9615754470569025,0.37630658053835264,0.4990887999761262,0.6836017050988525
1.0,0.7003732006397724,0.7715566385567021,0.8235034405473008,0.571660166039766,0.443647189310039,0.5893697083725309,0.35075583766071045,0.9618387430049076,0.3885249483840766,0.4984410563459755,0.6917224281214819
1.0,0.663763995023991,0.7691134043996943,0.8330399006930931,0.6018800104132591,0.4908688740774423,0.5637583892617448,0.4310510000049128,0.960952912408882,0.3875160275762154,0.5006741365747782,0.78372566629141
1.0,0.7083703572063265,0.7676926534827619,0.8382647772101113,0.5773798039642051,0.4512706317539542,0.6483221476510073,0.3879360743604733,0.959195334772932,0.3904611944737912,0.4976068870458527,0.703271057591358
1.0,0.7812333392571531,0.7637190375133349,0.8237852099877241,0.561334769020778,0.4988962719574732,0.7196103346039822,0.4166171290450947,0.9584117257232364,0.3915656023990453,0.4997635782440013,0.7464930366697448
1.0,0.7325395414963565,0.7574371461286744,0.8043527281080504,0.5442073451153056,0.4721821723932736,0.6199147617202632,0.4432593626104773,0.9562938009423021,0.3875846382453305,0.5017454542195628,0.7880516589296331
1.0,0.7917185000888569,0.754721857264202,0.8108490934469509,0.5228676165878661,0.5500356558910802,0.6780317706315381,0.4178698986484827,0.9547959752442524,0.3774541518007805,0.5000831073054021,0.6948467561379766
1.0,0.6362182335169716,0.7505703325425157,0.8313665448853977,0.4563518326851354,0.5122107330384787,0.3764705882352939,0.3830527293182477,0.9532170298998658,0.36851322341166304,0.5010190817910601,0.6829882236867073
1.0,0.7469344233161541,0.7560492185254439,0.8989503388532416,0.5522226751664647,0.5267069824162245,0.6181818181818187,0.3597708659831293,0.9529907812369104,0.3683145086830443,0.4992774808311167,0.6438772025247608
0.0,0.7890527812333392,0.7560177030948905,0.9398403712651472,0.5957263562528106,0.55009338349799,0.7440285204991093,0.4663791028204515,0.9509140321037376,0.3464858100533881,0.5037960633249753,0.7612545378650849
0.0,0.7709258930158164,0.7532762330130376,0.9810643160906564,0.6295635557632706,0.5301202684540612,0.7630792227204782,0.5441982028897221,0.9470343526872936,0.3177468128792437,0.5061223663419754,0.8290853434863454
0.0,0.7991825128843076,0.7486634154737617,1.0,0.6549191981038137,0.4944565508283788,0.9005979073243648,0.6046799542124988,0.9444074546103428,0.3001618919029612,0.5071631458824287,0.8599997470179741
0.0,0.8530300337657718,0.7399144166743938,0.9967229518781436,0.6797023219273882,0.5299904969082538,0.8822869955156948,0.6414671651543363,0.9418736226241744,0.2984834553561692,0.5096290182918909,0.9396258395840976
0.0,0.8601386173804866,0.7291150998560385,0.9707640352340928,0.6827182351021631,0.5354213140516647,0.8800448430493271,0.6668517162943568,0.9400609093420206,0.2980259127217736,0.5078923994323954,0.9493466739188179
0.0,0.8803980806824238,0.717280797159356,0.9452615039767204,0.6469514582881053,0.5345764508879718,0.8893871449925258,0.6847638652118164,0.9364350814792431,0.28877520694555936,0.5055599611372485,0.9612368291232908
0.0,1.0,0.7043177810291972,0.916965845463248,0.6930845595737324,0.5391930083827506,0.999652898299202,0.697645284427828,0.9351317517826676,0.2930966837163511,0.5066448251719465,0.9546592964569866
0.0,0.95326106273325,0.6875184935405212,0.8678777407896143,0.7225297665695873,0.6049532726684028,0.9808940158615717,0.6878294661236356,0.9337452681902416,0.2965901801847713,0.5053140389756553,0.9959522875899663
0.0,0.886973520526035,0.6729757740009104,0.8246183894680245,0.7277945207960882,0.6065367282357879,0.995063759769642,0.6603225758908171,0.9350167108339285,0.3139360947397508,0.5036208800367877,0.9997795650082829
1.0,0.7972276523902609,0.6591742589756668,0.7802760926109913,0.6943500557449109,0.4999382367329912,0.9051929490233454,0.5869102771322876,0.9354718102280264,0.32500500200086635,0.5013951488867169,0.9912634591795008
1.0,0.8501866003198859,0.6483707999475443,0.7494308634876687,0.7020524620476045,0.6408371330693066,0.9794061302681988,0.536509636500302,0.9373300988130708,0.34705579239372264,0.5013918885059963,0.9434510017718409
1.0,0.7209880931224449,0.6334835483094803,0.6896609409340544,0.6385556724371972,0.47819863891378706,0.9662390276839972,0.5326530712506568,0.9370246681956051,0.3565692909434077,0.5009365210650623,0.9655308709281716
1.0,0.733250399857828,0.6261644741879,0.6657939729697557,0.6511287726647115,0.4051891600527607,0.909000332115576,0.5155220610270743,0.9366922236420588,0.3654942787406419,0.499796427246016,0.9324246967425374
1.0,0.7202772347609738,0.6213577503126742,0.6421753412821282,0.6192638621124886,0.4010011740198859,0.979349186483104,0.4989609381524839,0.9359763605487288,0.3734863103689071,0.498415714317061,0.9340261687338146
1.0,0.6872223209525501,0.6164720378783595,0.634976405330167,0.6227068853133811,0.5116144936780019,0.9675984752223632,0.5186760927344278,0.9357428391031648,0.3866110019252715,0.4998391081544306,0.9707509881422924
1.0,0.6513239736982406,0.6127049407857528,0.6380012941397504,0.5998198330321268,0.5333884496798779,0.7858958068614992,0.5149767377879527,0.9340188706907578,0.39553106561189255,0.4995213256266453,0.9729726046067869
1.0,0.5699306913097564,0.6101578692312746,0.6306933030380102,0.5436728912280422,0.4561740095927143,0.7573062261753492,0.5024490417540739,0.9321529911506172,0.3872077037111601,0.4987492390006775,0.9350415701240284
1.0,0.5510929447307624,0.6068866902483208,0.6149727348559475,0.5293508494599122,0.4611346562487144,0.6410419313850062,0.4930508133176781,0.9298013559256284,0.3739888721154549,0.5017541759005794,0.9271091726863842
1.0,0.6152479118535629,0.6026198911192981,0.5800495574373202,0.5795072303736829,0.4687887135419272,0.6137229987293514,0.4816628919817834,0.9279504971339428,0.3645651399549629,0.5010143511587705,0.896558538912362
1.0,0.6527456904211836,0.5977476519673162,0.548483997318241,0.5590514129570296,0.5241036179565277,0.6486658195679798,0.4685309188450938,0.9261869453189668,0.36740090468244346,0.5000941059445545,0.8739948207714321
1.0,0.7009063444108761,0.593194763402787,0.4980789647587999,0.5486965499980637,0.5191727146191211,0.7513513513513511,0.4772413522051203,0.9260399855803804,0.3757866225939719,0.5007457102499254,0.8898528008722911
1.0,0.7286298205082635,0.5862103709201301,0.4220208678396569,0.5158879169753208,0.5156949420106242,0.7997892518440459,0.4554087713523525,0.9254973054089398,0.3817339675961916,0.4989215272272374,0.8972127572577342
1.0,0.8286831348853738,0.5792451489187687,0.3541174032554409,0.5438871266915214,0.5104712569104162,0.9202611331312656,0.4562390382659701,0.924363090670345,0.3862672060490453,0.4990391361698044,0.8832288401253916
1.0,0.7432024169184291,0.5702141380539465,0.30824199347594594,0.5350284579854955,0.4167664498825442,0.9178007621121398,0.4767107674319208,0.9215762221590416,0.3818780150436272,0.4968995783637091,0.8957339512062151
1.0,0.7096143593389015,0.5648163559896789,0.2865935637888359,0.549669568524699,0.37516267444460216,0.9167132476243708,0.4399088180241612,0.91755547719035,0.3691193338551194,0.494294936807014,0.8237767479896415
1.0,0.7135240803269945,0.5586108351015517,0.262589423178615,0.5531461744964432,0.5232122142442819,0.9841370558375634,0.4668949491277285,0.9146545019112768,0.3599232351567643,0.4965109093646173,0.8063172958975059
1.0,0.6578994135418517,0.5523294119283761,0.22876528215989705,0.5210169849622052,0.5146076540431319,0.7925675675675671,0.4341264265606808,0.9119164689769054,0.3511248794963626,0.4977064140426675,0.7724955703966201
1.0,0.6415496712280075,0.5497163481109337,0.21694937056279925,0.4989375899865416,0.4984885048650182,0.8027027027027025,0.4052095564213037,0.9114361780229088,0.35274846280466376,0.4955580909391003,0.7157012402889464
1.0,0.6413719566376399,0.5475999360960434,0.2044537543633479,0.4973980160000335,0.5794782670418157,0.8506756756756759,0.4318026617669458,0.9107393515047414,0.3553603632656702,0.4976111889231361,0.7698855117895598
1.0,0.6147147680824595,0.5444822992296408,0.1941508743680484,0.5208344624424627,0.462215585461396,0.8412162162162166,0.4356051859748761,0.9102988049869072,0.3592588724181224,0.4942056180849842,0.7705601744582253
1.0,0.5708192642615959,0.5404193844009071,0.17532602245065845,0.5361525092683435,0.5001591320517774,0.7378378378378381,0.4463151378783485,0.908903113079778,0.3612660757289139,0.495055708665746,0.7862545999727406
1.0,0.5809489959125643,0.5381441585127783,0.16335060264212115,0.5438687225127713,0.47210794383340704,0.6939189189189188,0.42813278375231534,0.9074406262830316,0.35586270321800817,0.493732891900545,0.7458566171459724
1.0,0.4624133641371958,0.5356659009383644,0.1412452416692036,0.4953742344481856,0.4832895243021277,0.4452702702702706,0.41698067787117626,0.9057930563054508,0.3534458735130903,0.4928933601922876,0.7262709554313753
1.0,0.4906699840056868,0.5379131716552856,0.13932020218860114,0.5197118595874368,0.5042169235863656,0.564864864864865,0.3672678323155599,0.9055891792337708,0.3606139574011201,0.4889760012919554,0.6456930625596289
1.0,0.4848054025235472,0.5369648952027741,0.12887965933717888,0.514388372660345,0.5020932819077989,0.6486486486486485,0.34912969358729345,0.9063606378840322,0.37549479970289423,0.4874189107602656,0.652139839171323
1.0,0.4837391149813399,0.5345090555009183,0.10528129132394126,0.513554131787799,0.4788517954997394,0.5918918918918914,0.3698224997420768,0.9066304708019668,0.3883580718522817,0.4890780969859064,0.6974717186861114
0.0,0.5702861204904922,0.5339864489864807,0.09788475667878432,0.5460806891266341,0.4760228748654916,0.8709459459459461,0.3828709549052072,0.9064287662884244,0.3960462277605389,0.4901725350199325,0.6871064467766117
0.0,0.4643682246312421,0.5295517252547527,0.06630112096555052,0.4978940423877281,0.541793511448197,0.9446609508963362,0.3947894610143015,0.9053514404157508,0.3998284357510196,0.4910812658404163,0.7261823633637726
1.0,0.3906166696285765,0.5263432633203554,0.04948581764766863,0.4773061956606768,0.5363479728441196,0.5448415374241402,0.4044235049054528,0.9060787799640077,0.4133184878613197,0.4918691358917499,0.7250715551315251
1.0,0.3554291807357384,0.5253026748334212,0.024944178706420628,0.4892765318048411,0.5571158356537309,0.439649359406608,0.3364202231403741,0.9049158173175316,0.4130649161615235,0.4900435248345068,0.6704988414883466
1.0,0.28505420295006223,0.5286782026966551,0.03131835364195762,0.4733041870810373,0.5255184755429922,0.3167622689611217,0.3372357515880697,0.9034348682909399,0.40675962231656415,0.4901602220311472,0.6293716777974646
1.0,0.13150879687222305,0.5351717520722091,0.051254390641136405,0.4285045457906984,0.5325888806662097,0.2160694896851243,0.3398493728782748,0.9005173007551112,0.3877162440934221,0.4904190912082492,0.5978601608286764
1.0,0.0,0.542576748192086,0.08152095696475342,0.3204049851921921,0.531476953344087,0.018129377832715197,0.34695331345278024,0.8983390407237725,0.3726386234005065,0.4910216439569127,0.5922516014719909
1.0,0.02825661986849126,0.5501252578827063,0.1043605496010665,0.28857654258067483,0.5794800403514109,0.04277286135693202,0.2880338395177576,0.8957194725996119,0.3595310076933221,0.485997611681476,0.4893757666621237
1.0,0.09294473076239568,0.5561696437413477,0.11628221647856955,0.32167643233446896,1.0,0.0955014749262538,0.35776643461770874,0.8937169562977799,0.3508677961665204,0.4883419647744216,0.5352119394848028
1.0,0.046205793495645915,0.5607677767229929,0.13014870687233432,0.3199095876894409,0.5260628158449051,0.054572271386430816,0.39991353433325627,0.8926098722607155,0.34684411592682873,0.4882717955050132,0.5830039525691697
1.0,0.060067531544339685,0.5680070553249286,0.15778841589504594,0.3403975499982113,0.5629374038087249,0.012767555388659004,0.3748434037995766,0.8918551246853271,0.3439907260814954,0.4898046215588602,0.5665121984462314
1.0,0.08370357206326627,0.5756735637876995,0.18422117154776987,0.3072640694074029,1.0,0.033901551426929896,0.40884995750408987,0.892050932982858,0.3437175060483174,0.4890434472504544,0.5830039525691697
1.0,0.10325217700373203,0.583857222559927,0.20226402895251694,0.27931773167245993,0.6103244400641309,0.06148247462172012,0.4045905408525709,0.891926214419753,0.3427521084554899,0.4886106842799303,0.5960610603789012
1.0,0.12333392571530115,0.5912663710922546,0.21033065278951624,0.2889048912215141,0.5447715396951279,0.03502919099249388,0.4020800888238212,0.8909334954581068,0.3382157670740238,0.4883593711304875,0.6032233883058469
0.0,0.18411231562111247,0.5984116159535653,0.216543012450928,0.3134313549553363,1.0,0.07422852376980821,0.4832251693695376,0.8895453175368554,0.3332464962924723,0.4916168436641348,0.6569578846940167
0.0,0.16403056690954332,0.605555126616844,0.22012535910986605,0.28378485048348057,0.482006032051756,0.02335279399499592,0.4999484153692722,0.8883536832734008,0.33231799897769176,0.4929977140936515,0.6864794875289626
0.0,0.19708548071796672,0.6154955356628553,0.2484535114308018,0.3019589845182821,0.5187369018171756,0.05765682656826567,0.4411075465858345,0.8893645003090763,0.3435061935299686,0.4917603536412383,0.6324860297124166
0.0,0.20881464368224628,0.6240279478863562,0.2755940259623476,0.273434352317238,0.4742533722928435,0.027844455112817967,0.4898820431444025,0.8914295082385079,0.3614352991774944,0.4957421028872048,0.7220253509608829
0.0,0.225519815176826,0.6318400971138989,0.3089271400452252,0.28288335384337004,0.4798904294347653,0.10321651464234237,0.5025915135913219,0.8942960785249082,0.3834847735356708,0.4966009290630462,0.7729317159602013
0.0,0.2489781411053845,0.6398146692776836,0.3356219081602609,0.3090991345732446,1.0,0.06577052328372494,0.4467916816098335,0.8966973874118301,0.4068567695459243,0.4953938353540792,0.7651219844623138
0.0,0.2148569397547536,0.6486452980995556,0.3728137132482616,0.3238685392026669,0.4129459606345792,0.030244839174267662,0.4109329940210957,0.8965438401631062,0.4069541651642597,0.4962025600480349,0.7290786424969333
0.0,0.3163319708548071,0.6603719656611529,0.4277632195673128,0.3485684389419518,1.0,0.16285554935861687,0.40951318847058976,0.8940435126043457,0.39444065881291934,0.4962746411609034,0.6697969197219574
0.0,0.31064510396303513,0.6672493407748246,0.4628540834877255,0.3448919633019693,0.3611429874755829,0.1689905186837702,0.5181012925634612,0.8919397844212121,0.3807171752540132,0.5015629693907931,0.8031688701103988
0.0,0.33961258219299795,0.6761354761349896,0.5040299318089495,0.3306761613297881,0.3657317869056413,0.022282241728561664,0.5048661501653164,0.8896648144313529,0.37497712822563145,0.5003373698253408,0.8038639771023577
0.0,0.3364137195663762,0.6849850942852584,0.5535496593874585,0.3304431722447683,0.4430084863020719,0.17441860465116255,0.5479515988779113,0.8880566927503578,0.3748029323347437,0.5002594016372464,0.8229112716369085
0.0,0.4791185356317752,0.6930971966223579,0.6017065138670824,0.4094456155551864,0.0,0.4351437699680511,0.5546772521604135,0.8836237221187632,0.3567433626637009,0.5007744815840817,0.8379378492571894
0.0,0.5539363781766482,0.6935514888435317,0.6201635745482277,0.4615475161991596,0.5201362280338326,0.928434504792332,0.6672545676962303,0.8797216716046318,0.34474248278668784,0.5064833377915228,0.9201921766389528
0.0,0.547183223742669,0.6896123424950256,0.6070245908821883,0.5062402129420263,0.5246479877400912,0.901618122977344,0.7110622012390136,0.8773377306278106,0.3425806748666941,0.5064066789933458,0.9612034891645084
0.0,0.5455837924293582,0.6858907930982243,0.5931310161832015,0.5058201371979724,0.0,0.6179337231968799,0.6431227861595981,0.877247404222797,0.3549358913434193,0.5039626807944729,0.9405002044432328
0.0,0.5688644037675493,0.6825415067634613,0.5774106124901388,0.5503098099560692,0.5024892655164789,0.8955713816775368,0.6293423205223312,0.8766975589510021,0.3623514243119814,0.5064800147900976,0.9341420198991413
0.0,0.5923227296961079,0.6776821479157349,0.5588174991793365,0.5786048634932116,0.5058789606631356,0.7543997182362491,0.6802637202835677,0.873022022205694,0.3492957760794213,0.506964638676507,0.96579721219647
0.0,0.62217878087791,0.6736947385099301,0.5497498386832864,0.609022032079627,0.0,0.7600305201304042,0.6935086883256611,0.8711559048070182,0.3464067801342846,0.5082500835766249,0.9491768269801526
0.0,0.6042296072507551,0.6713891920541302,0.5468240669360157,0.6284272012875469,0.5254372493332431,0.7621990035393864,0.6355865172513743,0.8690790634239348,0.34214538878439915,0.5027965071434312,0.9503162376251136
0.0,0.5738404122978494,0.669794978181641,0.5493190881277391,0.5751687062249965,0.5356868664613654,0.8380345768880799,0.6726046308259926,0.8691438451284822,0.3472105395906557,0.5021298460171558,0.952861148826134
0.0,0.5411409276701614,0.668185830262114,0.5548833399234447,0.5424560728094903,0.5409093611881525,0.7151965993623797,0.6611577556264089,0.8695624672711685,0.3601487758770009,0.5008393620194007,0.9746873443544588
1.0,0.5194597476452814,0.669148577924594,0.5809192322006873,0.5600065022885272,0.4516355180634564,0.7056323060573846,0.5877700209777498,0.8683161195520642,0.3617194359805965,0.4981327674460186,0.993018928636383
1.0,0.4814288253065577,0.6689553581480676,0.5980567378032549,0.5119772247102912,0.439406446817128,0.8257173219978745,0.6339014193142679,0.86873503670035,0.3761015385639472,0.5021791785519819,0.9606444107589802
1.0,0.5416740714412651,0.6676876854338598,0.622781360553895,0.5721408859457969,0.4669198142755123,0.7747077577045691,0.5665908454475332,0.8688481991934284,0.3842011051872184,0.5000526123234235,0.9596855501110444
1.0,0.5487826550559799,0.6648020757366078,0.6296414907950663,0.5800814167462892,0.5271241915852769,0.8736900165471583,0.511483721364389,0.8720083331584382,0.4085524655340299,0.4954587276919483,0.9649874854584553
1.0,0.5164385996090278,0.662690873382364,0.6506118426609824,0.5507222954629171,0.5102365903455542,0.6420297848869272,0.5059224068897418,0.8721761381976602,0.4160770562973791,0.49878581052762105,0.9995068307619832
1.0,0.5420295006220011,0.6612587232196703,0.6533400928660732,0.5316980961847612,0.5041499186288146,0.7722007722007724,0.4845074159047696,0.8716952449691046,0.4211351961042942,0.4973419330315912,0.9859175256165831
1.0,0.5759729873822639,0.6586245099230059,0.6541587118947415,0.5638397080457521,0.4636919443613862,0.7148372862658567,0.4503240006091901,0.8712841350371344,0.4297158391478765,0.4945526599488297,1.0
1.0,0.5891238670694864,0.6560475471340901,0.6557824688254541,0.5281731315758698,0.4828303857058455,0.7622724765581907,0.42957224059071797,0.8710784246795863,0.4414582073458878,0.4930978391639168,0.9817780360255668
1.0,0.5713524080326993,0.6539793799447726,0.6664484566057979,0.5130905788510406,0.4562655538183104,0.6391420911528142,0.4334877597040516,0.8693101916751459,0.4441854519571122,0.4896812689329903,0.9950352777190468
0.0,0.6127599075884127,0.6517424972739394,0.6714562539317519,0.5762903570038364,0.0,0.9168900804289538,0.4180614987054712,0.8687743030438005,0.4516535946819288,0.4885814023727938,0.9765462455078492
0.0,0.6589657010840588,0.6473080780013056,0.6573665052291127,0.6156054370751911,0.4252098288407676,0.8930060213061601,0.4020948272897432,0.8677820368724097,0.4561024907740915,0.4872754021718458,0.9972653048357604
1.0,0.6406610982761684,0.642313091998501,0.6422685680664779,0.6383501980410596,0.4000388255623286,0.9011673151750964,0.41005851170971136,0.8649820180052606,0.4479710412668296,0.4879023393225425,0.984671521341656
0.0,0.6443931046738934,0.6388512161236368,0.6367681312342495,0.5939281533367777,0.5584105226500075,0.950285248573756,0.4357820475659424,0.86068824290037,0.4324404446244202,0.4899425499386785,0.95663892566673
1.0,0.5935667318286831,0.6352001220308463,0.6395623735680476,0.5924935069355352,0.4788226565737692,0.7775061124694375,0.4559098791937079,0.8563138393484516,0.4140051797224517,0.4877535988827285,0.9747178614210958
1.0,0.5711746934423315,0.6328787924953672,0.6442144920745,0.5596382678308329,0.5189457534629942,0.7946210268948648,0.4371379864307858,0.8525823449404429,0.4018668290520983,0.486498133704486,0.9896087706415752
1.0,0.5388306379953792,0.6298233763296504,0.6477912193910529,0.5302499646207065,0.4969930020665854,0.5704971475142621,0.4542100427906791,0.8484110546893927,0.386643844622394,0.4878674826806054,0.9759985655492746
1.0,0.5095077305846809,0.628110174703483,0.6687564275491877,0.4990319919900394,0.52908180276774,0.4123879380603096,0.42955258930282136,0.8437887470625999,0.3711734134496004,0.4861697371865194,0.8890862207346433
1.0,0.5311889106095607,0.6290050694389195,0.7004372754847052,0.4757095084834554,0.5079096306849595,0.4637326813365927,0.4285700249080073,0.8416193478706254,0.3677803058656063,0.486250583758633,0.83327925681791
1.0,0.5439843611160475,0.6292687837745639,0.7314923124361542,0.493774805451084,0.4712453438981584,0.6218418907905463,0.3975455541417546,0.8411592677477139,0.3746906492889596,0.4873841006814388,0.8290271350262131
1.0,0.5390083525857472,0.6275634672148005,0.7488271237720228,0.4886230077615543,0.4994427002960638,0.5696821515892423,0.4135220512014305,0.8427683105013591,0.389389588842974,0.4885821016650253,0.8788486825253162
1.0,0.5816598542740359,0.6251464400310864,0.7822040480380508,0.4928648274344627,0.0,0.6617766911165442,0.3796874462660096,0.8418683794876629,0.3876805970190113,0.4896142833313773,0.8537116412507045
1.0,0.6664297138795094,0.6214585206956769,0.8072401855889224,0.5890289418066778,0.4682464964251322,0.9282803585982063,0.4222079204515866,0.8388694683904846,0.3763443078850925,0.4892545975217111,0.8769873119418026
1.0,0.5997867424915584,0.6127979341711567,0.7926003387692,0.5227816978714421,0.5053037155328937,0.825,0.5268903310750728,0.8351814939617758,0.3605171944584712,0.493728634292148,0.9858262606943424
1.0,0.685800604229607,0.6077858330373398,0.7821803282647484,0.5598666813417579,0.0,0.8840579710144921,0.4580027413546614,0.8328045172576625,0.359429900910524,0.4922939745739936,0.9382820008237608
1.0,0.6820685978318818,0.6012521222056402,0.7717835629233564,0.5569535662256397,0.4670668748611526,0.8674521354933717,0.4540086170897427,0.8317296683705023,0.3659584792029905,0.4918832794208289,0.9585556725092677
0.0,0.6961080504709436,0.5967377807036542,0.7819749744762512,0.5698131202331704,0.5978406395937933,0.949964260185848,0.4568138384369364,0.8304642758352537,0.3736044803295616,0.4922128413409267,0.9264289963846049
1.0,0.6397725253243289,0.5916274366882455,0.7807845271183063,0.5538111681221551,0.4253530869036888,0.8836452400325463,0.4576932335702954,0.8271795349152871,0.3683357951451155,0.4922689435326801,0.9321953228685188
1.0,0.6463479651679399,0.5882349315103172,0.7739094099746431,0.5607716964252688,0.4519142639587354,0.8873002523128677,0.4629597787264982,0.8229760817689175,0.35202045829376283,0.4929063601376166,0.872234680334996
1.0,0.6706948640483381,0.5844482503387975,0.7703619460603117,0.5839135543619018,0.41476018241001095,0.899130434782609,0.5080545716264878,0.8186378740979242,0.3374704218898886,0.4929281193953516,0.8776165850533156
1.0,0.6756708725786388,0.5805884938299251,0.7666651549215335,0.5349571738106436,0.4677916045130613,0.9344000000000006,0.5061434838785747,0.8142979181921043,0.3176686869847967,0.49282963971108,0.8639970710722619
1.0,0.6248444997334279,0.577755881835089,0.7859443090628903,0.4880434684787766,0.4224407059788167,0.7342657342657344,0.5324074301519532,0.8100005040494699,0.3006748325693719,0.4951208131984407,0.8460299299803211
1.0,0.5953438777323617,0.5769582086466443,0.80622694239542,0.4098427863179816,0.4229789428232527,0.7818181818181814,0.5293762189939525,0.8092091718486106,0.2990054933802868,0.4952929053417315,0.7620337741979775
1.0,0.6115159054558378,0.5758280274256367,0.8321019370257481,0.4265532023822665,0.4200228736740728,0.7727272727272727,0.4490122771421129,0.8115082426393202,0.3175614059716733,0.488136835360738,0.7633060271841103
1.0,0.6202239203838633,0.5735110182008953,0.8590239837469913,0.4444813030542229,0.0,0.8244755244755241,0.4340183444772512,0.8134435154382093,0.33348110954720755,0.4867376130839844,0.7996613427303098
1.0,0.6475919673005153,0.5705759874674987,0.8744425387327235,0.4402743452669258,0.4456438341658069,0.9272727272727268,0.5102407774049492,0.8151422768397353,0.3518603225130448,0.4891976398355828,0.8435586472015011
1.0,0.6379953794206504,0.5655743302917013,0.8839927031994268,0.4318782029681936,0.4364002423429565,0.8695345557122711,0.4357967860318642,0.8173869272394364,0.3745465492438905,0.4829128014551648,0.8496819367534663
1.0,0.6433268171316862,0.5589120457217901,0.8624824064342539,0.43777215637767797,0.4538792671498498,0.8599999999999994,0.3903384443057937,0.8223496950428019,0.4117809321282081,0.479232881549156,0.8641984348542402
1.0,0.7215212368935491,0.552452798250566,0.8613313759287771,0.5112357541977979,0.4596492955817933,0.8363286264441594,0.3627971643191569,0.8236403688575223,0.4279266821214307,0.4808512265819585,0.8386160816438609
1.0,0.7309401101830458,0.5455676514881754,0.8598920633362008,0.5347193738067489,0.0,0.9222222222222224,0.3787147075151439,0.8240053826329853,0.43889280524874,0.4783485420616788,0.8436867877900327
1.0,0.7296961080504709,0.5378506945981527,0.8712142799689888,0.5343605670976135,0.4823535475617148,0.9101293286820388,0.3671106220123903,0.8243392184993831,0.4454508775342063,0.4773980763310982,0.8739645782801704
0.0,0.7622178780877906,0.5268155380453732,0.8441775853586805,0.5620238814523101,0.7029408168558366,0.9367417882564378,0.3606699124043841,0.8232504453674431,0.4429074326787089,0.4768814540264836,0.8879044437325522
1.0,0.8500088857295183,0.5165402063193397,0.8154487652837341,0.6241030671391559,0.6126115782174216,0.9165057915057911,0.3934924760131464,0.8217145670854676,0.4314417969872753,0.479408320606241,0.8627705825820327
1.0,0.8237071263550737,0.5084526579240617,0.7799940495478851,0.6137609639484939,0.6480427608530118,0.9797843665768198,0.34620656451272186,0.8208673169839732,0.4294653184751066,0.479574924217506,0.8079172577914058
1.0,0.6969966234227829,0.5014086045855056,0.7586089324682659,0.5297742121305365,0.6883812571195891,0.8939708939708944,0.3307360881163747,0.8214456684281203,0.4364926705737455,0.4783689235563176,0.8350006864674381
1.0,0.7456904211835789,0.4969684124440577,0.7466718063346334,0.5629377816711888,0.5076658359757483,0.9474557522123892,0.3376729927437621,0.8206673981109266,0.440472271164826,0.4789002839317435,0.8181227403780147
1.0,0.7618624489070552,0.491466041113572,0.7279399483581107,0.5748407092160436,0.5828218821351823,0.8958875585632484,0.3524802381736092,0.8184452406776659,0.43407531377556696,0.4762980226996654,0.819651274541211
1.0,0.7472898524968898,0.4873959000378211,0.7183013455857983,0.5453370220351097,0.5185871391758181,0.934409161894846,0.3528044844238977,0.8166811374360526,0.4305453720824126,0.4763358674767772,0.8075145302274493
1.0,0.7368046916651855,0.4838734690365442,0.7106608394540925,0.5399037089875725,0.5079639151546069,0.8990109318063509,0.3529911716589124,0.8138219163003707,0.4228014373964904,0.4763579473503994,0.8003386572696898
1.0,0.6802914519282032,0.4797162531787481,0.7002613547323209,0.5371542023487433,0.5234271192675187,0.8167621030713171,0.3974669489901692,0.8115764950597172,0.4150387557121191,0.4760283381592553,0.8050249416502673
1.0,0.6856228896392392,0.4767381545404826,0.7058956587772357,0.5406503197548098,0.549413158565553,0.8157209786569491,0.3485450677723793,0.8088242380143714,0.4058793838018343,0.4760882746847229,0.7287721385748938
1.0,0.6875777501332858,0.4717550685294677,0.7008487033988668,0.5420688831721713,0.0,0.8094742321707445,0.3625220462886087,0.8076939794709582,0.4018583556989249,0.4771626351700967,0.7266029014690405
1.0,0.7709258930158164,0.4671941953227523,0.6870998921688249,0.5685065654396949,0.5571164794714643,0.9312857886517436,0.3655434318026619,0.8067034942462276,0.4058917946505435,0.4774090740312862,0.7164614891766969
1.0,0.7263195308334813,0.4592080830836379,0.6544823658513438,0.5725516835158607,0.4616211989465897,0.9030585795749092,0.3916649062387926,0.8066808723206421,0.40992661361434135,0.4793585456799765,0.7869296599697955
1.0,0.7538652923405009,0.4503749392652406,0.5952169693502447,0.5358068259332853,0.0,0.91601866251944,0.3547155721718112,0.8062277262756766,0.4128726905830923,0.4802845967290337,0.7335133403505565
1.0,0.8501866003198859,0.4419254368218093,0.5603656454653417,0.588944046720166,0.5176152948547847,0.921175373134328,0.3564350598627357,0.8048805051282998,0.4073175059906176,0.4804437704361034,0.7123243787469681
1.0,0.7526212902079259,0.4319648945015434,0.5201888213776182,0.5304349530977429,0.6308527285795889,0.909407665505226,0.35020068877764066,0.8027264383881053,0.4065351617604696,0.48000482737615,0.6722529861333578
1.0,0.7673716012084593,0.4239742274814886,0.5070823052282114,0.538266529696093,0.6308245398078006,0.9811411992263056,0.3404634756250336,0.8002681271862474,0.4058004956536421,0.4792821696660241,0.6294448766646833
1.0,0.6939754753865289,0.4131708148599712,0.47263511140562,0.5065405188920551,0.5956906716648462,0.8952656247257149,0.3444772511778489,0.7970790583291737,0.4031164110327419,0.4796408146183354,0.592650221957805
1.0,0.7121023636040519,0.4056846896503144,0.4425332869153075,0.4640100743398456,0.0,0.9356403489780518,0.32485544021341284,0.7951824417575138,0.4032293787751856,0.4781208881475724,0.4874467987735114
1.0,0.7469344233161541,0.3952257592528001,0.4057640908178991,0.4828588663543119,0.5967368880405384,0.9467120181405896,0.3330795041980064,0.7946009269404705,0.3964820985578917,0.478766355927384,0.5328909432062605
1.0,0.7775013328594276,0.3859334721048675,0.3697279971109154,0.5036930479116837,0.4692009261567381,0.9827298050139284,0.3568428240865837,0.7951394054038771,0.39084068180916864,0.4806947167721231,0.5779598187725964
1.0,0.5841478585391858,0.3791490924806651,0.3433482668971477,0.4293006754103213,0.464356799065642,0.6804374240583227,0.31580602213717585,0.7953751226471767,0.3809663984573809,0.4773929424570876,0.4914100041188048
1.0,0.6042296072507549,0.3808298648083988,0.3617334237340592,0.44451881999547865,0.5146061459819878,0.7630619684082621,0.24562636023758394,0.7960552436733322,0.3842373172448119,0.4751895300488125,0.3841563315180083
1.0,0.6305313666251999,0.3806045932596141,0.3573582701186086,0.4643632270505071,0.4039814073999627,0.9161603888213854,0.24321907747028956,0.7977717371418577,0.3956322133102009,0.4749925607570071,0.38701203606242257
1.0,0.5258574728985249,0.3773426666903104,0.3469323201363444,0.4438021912175759,0.3975172784949482,0.8556485355648539,0.28024701668885604,0.798935055330784,0.4029552629788888,0.4781037834808141,0.4755663356368128
1.0,0.5102185889461522,0.3765122972780816,0.3435088430766318,0.4342494138986923,0.4027347467388609,0.7189679218967919,0.2404678971648103,0.7999421942582979,0.4110124787838095,0.4747046865030202,0.3994508260491511
1.0,0.5278123333925713,0.3772632769880506,0.3575069918217154,0.4471008249598723,0.3672963437381929,0.8277545327754532,0.2181636854025321,0.7998852837797391,0.4138499831591146,0.4764969666809279,0.3719555169099813
1.0,0.469877376932646,0.3773508393681568,0.3687012947494961,0.4569765094687757,0.0,0.8214783821478389,0.2463583707117205,0.7990353550526285,0.4127668426187021,0.475184147064797,0.3822159168916756
1.0,0.4830282566198682,0.3771792684109989,0.3610765502819783,0.4655651826957062,0.39302024858622375,0.9330543933054396,0.2494927511311773,0.7979343082672145,0.412778627470704,0.4754100911321942,0.34431376138391856
1.0,0.4917362715478938,0.3739365770183736,0.3341969286708526,0.4710971102043135,0.5509832762990148,0.9171348314606736,0.27313325047040243,0.7976451194547746,0.4164245843026765,0.477460781309844,0.3931902430094731
1.0,0.4956459925359871,0.37018164409657184,0.2993980457197348,0.4735716474119631,0.4567704199192818,0.8692411924119245,0.27644449248092584,0.798487953280186,0.4315732807494129,0.4777409882004089,0.3891538144707336
1.0,0.4554824951128486,0.3679707303336793,0.28922640534839644,0.4470021972295932,0.4568669694625962,0.7100271002710025,0.25492633223449884,0.7987585342109488,0.4379091387181415,0.4795893574385321,0.3653745823989748
1.0,0.42171672294295337,0.3679837946108953,0.3018959134149408,0.42644280861856826,0.4519967847831596,0.7779947916666659,0.23238630501746504,0.7992806273460765,0.4479273288371477,0.4775539142083596,0.3010937714521074
1.0,0.3922161009418872,0.3690527409906816,0.32440928813212355,0.4555916135680001,0.4417030951918581,0.6933593749999994,0.2251398926057116,0.7990167007026484,0.4440059819823709,0.4768987293088609,0.2845270239348314
1.0,0.2017060600675314,0.3686922656066041,0.3229393337581191,0.3678384652265382,0.4930814981788135,0.2681912681912681,0.21472471002068305,0.7989451226005572,0.44267699936051785,0.4758860395891034,0.2347260994920143
1.0,0.33836858006042275,0.3732010397893767,0.3414598929605064,0.410301711892102,0.4794441948139154,0.4888041924726057,0.1445204840112209,0.7990479403335337,0.4381246187287471,0.4690183197527474,0.08755663356368157
1.0,0.3463657366269769,0.3716034892161153,0.33190462564299816,0.4152664951482469,0.4527860587116244,0.4211529299666504,0.2349016698681891,0.801727582356277,0.4592127760905325,0.4736030617679782,0.2530685094503686
1.0,0.2948285054202948,0.37114217837675856,0.35309815362027464,0.42994185587792655,0.4465041332710245,0.3801810385898043,0.18915838446762206,0.8046997622492209,0.4825920182247442,0.47320450293411104,0.232364651503364
1.0,0.3316154256264438,0.3723830799323377,0.3666624246108978,0.4603521675335355,0.5613323486236881,0.3644592663172936,0.1655915774580076,0.8073771943133393,0.5018072436467715,0.4747681368848061,0.21237471969246274
1.0,0.3005153723120667,0.3723339024291812,0.3662139801257177,0.43031641323793823,1.0,0.25726536445926595,0.17742656559354258,0.8116731504607012,0.5179151684793136,0.4721271944076815,0.2126767653654296
1.0,0.24186955749066996,0.3757310364318539,0.3718418847569697,0.3563375334742237,0.4142373201505613,0.0043902439024391905,0.08775282610084051,0.8151962097138078,0.5280261130908325,0.4681592658787941,0.18075145302274492
1.0,0.3131331082281856,0.3840869533176714,0.3888195591922317,0.4032097127854913,1.0,0.062243100411039476,0.0,0.8201376421889496,0.5478149204580843,0.4589856544876641,0.0013327328376182429
1.0,0.32184112315621105,0.3889117553346047,0.4006385159032448,0.3641764347660969,0.4516211167174433,0.06365258774539008,0.02110057037863133,0.8223139521149451,0.5538848319669357,0.4612184974223598,0.01263186845569036
1.0,0.3785320774835613,0.3957772216054646,0.41442898728904215,0.3718485810755812,0.4294984404667024,0.039843239712606095,0.07319613459167068,0.8246421373972689,0.5645717591672643,0.4623483356610841,0.0489676914200937
0.0,0.3520526035187486,0.4010892110951865,0.4314312437469501,0.3573117709592799,1.0,0.12893553223388293,0.09306849947678447,0.8253015807484262,0.5666736962204825,0.4642329222883833,0.025418826618016668
1.0,0.3765772169895147,0.4046084078213456,0.4358877239571231,0.37865605165076455,0.4608458742815971,0.04797601199400303,0.1657193108293333,0.8260509755876743,0.5687644187390577,0.4671727428980582,0.12675894681266214
0.0,0.4243824417984717,0.4077903721791706,0.4374228082003356,0.3694890197004306,0.5440543607144446,0.002467105263157989,0.1573675134734141,0.8263129183875674,0.5739383393319314,0.4663276438441274,0.09299175906158892
0.0,0.4611693620046206,0.4111817339133032,0.44817366333150394,0.39665500018547,0.5586787619117035,0.21334503950834127,0.19790320758146698,0.8258562191061206,0.5738394525735608,0.4700690076331007,0.18894474668870406
0.0,0.4965345654878264,0.4142207691580239,0.4684129242748817,0.3736772018541903,0.5586094709447105,0.2888498683055317,0.27489695355909394,0.8258515651603314,0.5789710984839034,0.4734029800860774,0.2839680462778049
0.0,0.4290030211480362,0.4167540655516687,0.4902783943541694,0.37423514829441584,0.614682549998955,0.21773485513608465,0.26796987457565485,0.8255301495623516,0.5785790736097048,0.4727790124295091,0.2950095264329823
0.0,0.3895503820863693,0.4208058723549688,0.5073149473102408,0.39633905651738144,0.5155998110294928,0.17822651448639162,0.24239863620062002,0.8265468932719237,0.5891413545539804,0.4741112239360062,0.2352799393981133
0.0,0.3975475386529232,0.4239344278517081,0.5059351743715326,0.4024122190593012,0.4907100571176888,0.1703248463564528,0.2361888292253952,0.8270807627492834,0.5945911460032505,0.4735214347472867,0.2144709960287401
0.0,0.4833836858006042,0.42564689872086814,0.4872903748443462,0.4135157117519729,0.468654146822187,0.4661984196663742,0.2195392755552716,0.828809385320718,0.6074749739843031,0.4719187970986953,0.16465808139935267
0.0,0.5349209170072861,0.4248512818870379,0.46469201420145,0.3978530242958604,0.0,0.4978050921861283,0.2591267950223289,0.8303185256086708,0.6137274282457107,0.4756109486980394,0.3228198241627071
0.0,0.614003909720988,0.4247058565813757,0.4587994002192982,0.4630114579846568,0.5191296503386197,0.9569798068481128,0.26859871578833594,0.8317707814381153,0.6215781915148652,0.4764707539186663,0.31756306957739394
0.0,0.5390083525857472,0.4192817260547004,0.4268154122331839,0.4572488892110347,0.4478777296664721,0.9618055555555558,0.34698770320659905,0.8315287926192646,0.6131891451731274,0.4835541420381924,0.5106397631017152
0.0,0.5658432557312952,0.415732695902904,0.4062234806421782,0.4780946962183857,0.0,0.7453703703703699,0.3216031520665785,0.8304484266892891,0.6041180784129793,0.4812732000889814,0.4181989302848749
0.0,0.6010307446241336,0.4099114320601159,0.3683645350872906,0.5116337945330909,0.4309398498599908,0.9819311123658953,0.3096846459574845,0.8294225458006145,0.594141254819848,0.4801839795588331,0.3456603080595921
0.0,0.6733605829038563,0.4041932545672955,0.34139907116793977,0.5637316983754314,0.5025021856714867,0.8733583489681044,0.3302890213167346,0.8296974224905523,0.5971471495480375,0.4784216064741752,0.3923627849321675
0.0,0.6275102185889461,0.4002500435375126,0.3169450316041562,0.5704135634733247,0.4775104303659432,0.8586707410236815,0.2646979351409242,0.8300024856629075,0.6023764647904214,0.4758756889760157,0.270344099350366
0.0,0.5681535454060778,0.3981674707972058,0.30519611257404994,0.5752589443425636,0.5097945203398849,0.7425515660809776,0.280802165571926,0.8306933364115799,0.6095319815578062,0.4737045216327101,0.2725248490691642
0.0,0.6296427936733604,0.3985153966117903,0.3046084618550552,0.5646924418826582,0.4983441770106881,0.7754010695187157,0.24338120059543406,0.8299908541875697,0.6081966506248856,0.4700330318059245,0.1850653077152632
1.0,0.5452283632486228,0.3971170592836456,0.2833306401992589,0.5514504463591441,0.5054530398318454,0.7555385790679907,0.27115338321485233,0.8299796495146873,0.6100774957494486,0.4690294375760004,0.20115694511397306
1.0,0.5107517327172559,0.39781353322660384,0.2748833239718981,0.5322167742046818,0.4581820145768154,0.5912910618792966,0.2511238080265684,0.8304317730231744,0.6149580078039423,0.4670317285748238,0.14428528797373918
1.0,0.5825484272258752,0.398785786555998,0.2672976642346629,0.5813677861871249,0.5139812702198042,0.9404125286478228,0.2518705569666271,0.8316249643455506,0.624380070413209,0.4671335170398196,0.17618162201868556
1.0,0.5294117647058821,0.39660734617297055,0.2623893731598189,0.5970179099734196,0.4999405080446081,0.7647515527950309,0.3324162732315069,0.8327883524594163,0.6360827362498431,0.4712219782047704,0.3490002984183826
1.0,0.4476630531366624,0.3959073874800583,0.25741672359090506,0.5905720055735858,0.5035289404243415,0.600155279503105,0.3437796304575312,0.8323261668077554,0.6376630646469871,0.4686191784019961,0.3678465670408376
1.0,0.4824951128487649,0.396412965554212,0.25378190814984125,0.5645227552070251,0.5034024674445851,0.6855590062111803,0.3017307871814649,0.8318760801380121,0.6365266536639035,0.4645027227565596,0.23383375800564696
1.0,0.4956459925359871,0.3956578546844128,0.2349274101478309,0.5735724091591357,0.4926406026780442,0.5978260869565222,0.30960604080589943,0.8316726313466737,0.6321871296809844,0.461578870551326,0.2406170373941192
1.0,0.5114625910787275,0.3954632689353525,0.2207151047620007,0.5841780703334304,0.4312000439594639,0.829968944099379,0.3012738947378765,0.8322055156165339,0.6395679057390987,0.4607541042754956,0.20625301287790124
0.0,0.5681535454060778,0.3943232585539603,0.2118212776555266,0.5746634567599934,0.4352166844918776,0.967391304347826,0.3662803550987722,0.8328107237175363,0.6489234016388534,0.4672014061499866,0.3660675343755021
0.0,0.5215923227296961,0.3923743105960325,0.19835480370948896,0.5896943654640281,0.5234441543216464,0.9460317460317466,0.4126623073559682,0.8326174847032818,0.6543286212277091,0.4681008703250539,0.4613089089364827
0.0,0.40145725964101625,0.39136365818173857,0.18983073087090904,0.5663716644555763,0.5425961807829388,0.7888386123680242,0.4330750826582296,0.8320144946032503,0.6521432820053497,0.4664245750327845,0.473532584991851
0.0,0.35507375155500265,0.39120932038101297,0.1823117222477929,0.5857980673742492,0.5781002746186686,0.4765342960288813,0.3956786817916079,0.8314224655184982,0.6560913751407671,0.462851311418095,0.3861074765282464
1.0,0.36680291451928204,0.3918982574150699,0.17078394335015554,0.5926293562969814,0.5544292867803527,0.5234657039711196,0.37386083940476256,0.8314384935502751,0.6640086525205798,0.4607337279016965,0.3253563804145722
0.0,0.36004976008530304,0.3924020666178552,0.12447551829103355,0.5900705699601485,0.4999928204901161,0.6026837806301049,0.3871500228446221,0.8314263947884325,0.6690732659837266,0.4583786674418077,0.3417234809356564
1.0,0.2740358983472543,0.3906926825753829,0.062322516139218125,0.5814587859237931,0.4966344943167521,0.3994252873563222,0.41231840981778334,0.8311872464570479,0.6730798780294498,0.4572339805382132,0.3888506301218923
1.0,0.3078016705171493,0.3912572706656909,0.015689423419079196,0.5527013136567619,1.0,0.38139281828073945,0.365494303582921,0.8306742291605697,0.6661346028371229,0.4525865217895476,0.2592681863048921
1.0,0.19655233694686308,0.39140066710065824,0.0,0.4185141775904129,0.4785341563590679,0.029379760609357576,0.3342634942937572,0.8307060088057557,0.6628143400645923,0.4493722073991333,0.16352179601955816
1.0,0.2166340856584325,0.39822337650555373,0.01016576708361805,0.4322198419327957,0.4439865296116034,0.07728337236533919,0.2975794526133755,0.8312542442896081,0.6568379067379333,0.4454429172581639,0.07665909143080131
1.0,0.2631953083348143,0.40384239548972056,0.007643273773806747,0.4188356238902921,0.4715440977620843,0.18384074941451994,0.32591169693783817,0.8321744223657753,0.6623979485457232,0.444815373275825,0.0998024543549837
1.0,0.2152123689354896,0.40854936787626783,0.0038397756553929523,0.33920235479010985,0.4741924921915765,0.006440281030444932,0.3822912419122666,0.8322310982768634,0.6656008019040246,0.447185073062728,0.2216749357403308
1.0,0.263373022925182,0.4177512951024681,0.027826016961780053,0.3736295594716612,0.5878325463616775,0.2175548589341692,0.3409400193565185,0.831890691074724,0.6688758037150165,0.4427929930275567,0.10664829566506076
1.0,0.22374266927314732,0.4238819846241673,0.04846703725873042,0.3951292287445385,0.4961097417811092,0.07772697583278887,0.45003905693469387,0.8309999833297276,0.6654798723161846,0.4509825815329898,0.3766361402725041
1.0,0.23067353829749426,0.4299731545488497,0.06725477796379936,0.4001157881728725,0.5215842128925325,0.045670529746156256,0.4784646448766634,0.8301137917007443,0.6626865798164486,0.4542053122123085,0.3841343674920189
1.0,0.2507552870090633,0.4347122980738776,0.07212132071102484,0.3731977348487714,0.5528130266213922,0.030240549828178545,0.4680985905113755,0.8304458033972809,0.6654753473102528,0.4531509518921363,0.38315297797692016
0.0,0.3209525502043715,0.43985777561972783,0.08269874866052357,0.3948195895083754,0.5715600560176927,0.20068728522336687,0.4555414175456524,0.8316525515632996,0.6764579676157169,0.4514858278641203,0.4220641457631346
0.0,0.2854096321307977,0.4431266208757352,0.08175940943985904,0.4057617925228367,0.5677699242944173,0.14158075601374492,0.5116605829554554,0.8331778291159583,0.6914522119781914,0.4539123935728594,0.5193227671700156
0.0,0.25786387062377825,0.4488395235643794,0.0942858773850722,0.35359712514054537,0.5283135982740257,0.002084781097984791,0.5041783550889466,0.8341653465252828,0.7010026364227163,0.4529695491850792,0.5222763010108572
0.0,0.2738581837568863,0.4562254711465224,0.10137139814515328,0.3672186589705253,1.0,0.1341807909604514,0.4235785977823521,0.8354613683644995,0.7112163452660313,0.4480288311611716,0.3953887432921504
0.0,0.25413186422605283,0.4621159119503845,0.09886631874428876,0.3229650013499538,0.3988263793949953,0.03342618384401043,0.4468408098295741,0.8362112323621831,0.7156530970186332,0.4468875879706666,0.4392965597570613
0.0,0.313488537408921,0.4705913340308708,0.10576101037492597,0.3492559994994781,0.4354399665526079,0.007997091966557568,0.4198202889721884,0.8354025042921586,0.7168241144285982,0.4441394208432072,0.3502121552477224
0.0,0.3593389017238314,0.477903328033874,0.11527973315187899,0.3938171108892489,1.0,0.17904574520413244,0.4500980107983826,0.8349455176501007,0.7204120186059773,0.44385341901569203,0.3832210158492447
0.0,0.3593389017238314,0.4810768938400594,0.10960048570103748,0.3938954640400856,0.6053862685189009,0.1859321200196753,0.5292190086907821,0.8350060557091928,0.7271634238219865,0.4489660459210631,0.5497004867090979
0.0,0.388306379953794,0.4846271716961844,0.1048924430405444,0.3931419275575142,0.5530093266448756,0.08933556672250109,0.5364261185267428,0.8347403242680648,0.7300744945105558,0.44977919534610733,0.5661113191064521
0.0,0.36893548960369626,0.4928871557443155,0.12821404807051173,0.3772248908609704,0.5068601827729533,0.27671541057367754,0.5721472471002067,0.8333473278386568,0.7270792995271532,0.4500718873346996,0.620699696326802
0.0,0.18962146792251644,0.5002768818301533,0.15766026577456,0.2752013211755521,0.5299716290391469,0.17135278514588873,0.6298286898977641,0.8322829278677287,0.7286070705694452,0.4528829390865109,0.6851678522401093
0.0,0.1682957170783721,0.5058465633815076,0.17747257076138248,0.2436322981269767,0.4882486562832642,0.07048681541582154,0.6594284422915369,0.8310489788569663,0.7330510991858749,0.4559083935686216,0.7827173179405044
0.0,0.19975119957348514,0.5087749742790967,0.17288175723157878,0.2802340862425092,0.6098782134153656,0.059837728194726526,0.6590992832192739,0.8304756412158801,0.7376211555496627,0.45604524584598,0.7646146252027363
0.0,0.20703749777856745,0.5123012467001511,0.17606184379048945,0.28457613325904146,1.0,0.10801217038539533,0.6700057480017095,0.8301891913318368,0.7426128947796172,0.4534900024822166,0.7794780652870241
0.0,0.1931757597298736,0.5164921268243393,0.18875972166599514,0.26586352211785763,0.6054162567605106,0.032105263157894706,0.6512928091024763,0.8300150423975364,0.7459063899836431,0.4509365620183439,0.7837364940341439
0.0,0.17611515905455827,0.5216677814648071,0.23727544764245065,0.29278318164518835,0.5085268028084486,0.014736842105263218,0.6452598637183182,0.8293773472333331,0.7520820396907055,0.4504481990039925,0.7627793869057621
0.0,0.2056157810556245,0.5269251289699188,0.2737793873171024,0.3088078535923171,0.5043354058971206,0.10842105263157906,0.6518872605613389,0.8270844792288546,0.7502186584104489,0.4513848041995885,0.7443924910289745
0.0,0.2777679047449795,0.5302173584503107,0.3149599622849999,0.3322751539625209,0.4923196765055217,0.21473684210526306,0.6848277318974789,0.8248258060109067,0.7502728967633586,0.4513564594413224,0.7684537458999735
0.0,0.3070908121556777,0.5317824842554425,0.3156871665590912,0.3189745541512328,0.5091177680678168,0.22210526315789467,0.7011383008513921,0.8229923914715697,0.7444725691475337,0.4493944432938221,0.8015419760137066
0.0,0.29500622001066273,0.5338745995738436,0.3267902858735321,0.3503893533463902,0.4209160652772839,0.190526315789474,0.6986966283302791,0.8220688933725141,0.7423926461279964,0.4492341337409209,0.7912805585748235
1.0,0.2816776257330725,0.5365174207396218,0.3226534049263513,0.3318076505000907,0.4452761867060643,0.1131578947368424,0.7047787019341782,0.821421345293062,0.7380917585215304,0.4498898348481637,0.805042279987473
0.0,0.3438777323618267,0.5414585481042833,0.3277158014147917,0.3467457910391165,0.4571337232697148,0.17315789473684245,0.6760927344275824,0.8209351374835744,0.7392894071323248,0.4509272178503054,0.7541681251266555
0.0,0.312066820685978,0.5458179936578189,0.3231544157452354,0.37003809903995866,0.4538290769421121,0.15631578947368416,0.6744076364904762,0.8194575858601573,0.7326311717714961,0.450675777549527,0.7552734842762657
0.0,0.3362360049760085,0.5523598273167061,0.3369578534317991,0.34137362859308723,0.4785204091546739,0.2194736842105264,0.6858446860461118,0.8180067851840979,0.7346724323311381,0.4523763198615196,0.7247103037895399
0.0,0.3216634085658431,0.5587899760373769,0.3657805931945787,0.3755324893539844,1.0,0.20315789473684207,0.7137102122830374,0.8164078689244242,0.7362695979844923,0.4555124039700471,0.7882424318127067
0.0,0.2535987204549495,0.5665416470503053,0.4120091715986671,0.3676603640449224,0.44477230843489096,0.13684210526315835,0.712344447774246,0.8173974277522168,0.7560276948151105,0.4554625601641902,0.7796325871467958
0.0,0.28718677803447656,0.5754854076618149,0.4668801488154681,0.3901499985751789,1.0,0.13417721518987372,0.6434126426560677,0.8179526269853415,0.7651698393141629,0.4508581243797043,0.7299006968174798
0.0,0.3225519815176824,0.5827886174164294,0.5054445022624156,0.3812789007409581,0.4879594480186686,0.13860759493670874,0.6671513984347748,0.818826763367475,0.7782656284620805,0.449779097499933,0.7566402869353412
1.0,0.2505775724186957,0.5907156587680005,0.5462044606712629,0.37032875973216905,0.43313395339124733,0.01881894873458834,0.6727078000874481,0.8166566104109972,0.7720072118724725,0.4466043695535093,0.7653125864330259
0.0,0.28078905278123323,0.6019554007153927,0.5993173000085236,0.39062674806556863,0.0,0.08801213960546261,0.6955917248426667,0.8142126296146052,0.7686272111974437,0.4494663609167723,0.7499486978167573
0.0,0.4862271192464901,0.6104125712668964,0.6406525955411722,0.5186314634445693,0.5234053132863076,0.9570383912248629,0.7183724803364301,0.8136687431832025,0.7714031494012926,0.4482867598655946,0.7675492610837439
0.0,0.4728985249688998,0.6085636616764909,0.6413622551437198,0.5521224480339053,0.4480275195011652,0.9076638965835642,0.7016639728026173,0.8143395713411558,0.7833493732679059,0.4451857615706532,0.8196516537649541
0.0,0.4142527101475028,0.6066315826375646,0.653614513574661,0.5255824588179633,0.4428429870876603,0.715274993621751,0.7292985964067622,0.8156534848147258,0.7971756602377739,0.4482400609823624,0.8701090781140044
0.0,0.4437533321485693,0.6057877368229245,0.6740715389440819,0.5146753060428513,0.4464242521935737,0.7398589065255731,0.7368889063567003,0.8142908948602979,0.8020195569397587,0.4489444609617424,0.8925404644616469
0.0,0.4746756708725787,0.6040075908616764,0.6802473247962638,0.5542197751281613,0.4851274445315202,0.7380952380952382,0.7484045610639205,0.8127836148283129,0.807410615885722,0.4503575316018583,0.8847202674173116
0.0,0.4732539541496355,0.5978139585659288,0.6536376723293077,0.5525431990412525,0.5002411527351753,0.7936507936507934,0.7677365155318867,0.8111910073457985,0.8173074506890144,0.4486743756660557,0.917690007037298
0.0,0.6730051537231206,0.5922273935179518,0.6303073986362062,0.6746563077455011,0.5141601743117766,0.6495726495726495,0.7575571484016133,0.8105731309965917,0.8308747801130391,0.4514633558599146,0.9041959887403236
0.0,0.6141816243113559,0.5836356719945601,0.5966328659648836,0.6743711014597852,0.5137036583378367,0.5901060070671375,0.7403180560946011,0.8097620554332253,0.8423921946636425,0.4531521204623098,0.8940358902181562
0.0,0.6289319353118891,0.5810383232492782,0.5866673932292797,0.6845184087943236,0.5086095610224829,0.5011778563015314,0.7272057342458081,0.8091912020650046,0.8463311292306946,0.4521164257007679,0.8583743842364533
0.0,0.6443931046738938,0.5786716048622977,0.5736051018715234,0.649739306275099,0.5082541293204551,0.537741046831956,0.6886400817493576,0.8083744389542961,0.8442654336323324,0.4519899566277074,0.8029644616467279
1.0,0.6403056690954326,0.5782240105820748,0.5629416732226633,0.6479064505065417,0.5022560865926626,0.5657769304099143,0.6840858957793947,0.8089592258088231,0.8523804080194325,0.4552550331785995,0.7993314567206194
1.0,0.5452283632486228,0.5786000013584911,0.557457785597552,0.6164027338787224,0.5462184053479228,0.4532888465204959,0.6523490658269016,0.8092160797263915,0.8681767066803713,0.4550849986644899,0.7835151301900067
1.0,0.5717078372134352,0.582410696065337,0.5694820996785692,0.5924053754935886,0.53329282493057,0.5233555767397522,0.6339112449582165,0.8098406648254136,0.8939392663442302,0.4533367998454878,0.7491115411681915
1.0,0.5409632130797937,0.5844972534862131,0.5768411198519374,0.6124124100939473,0.5730130155372162,0.5157292659675877,0.6230342571076251,0.8096198836171152,0.9010877794088278,0.4556973965144484,0.7472290640394086
1.0,0.5191043184645457,0.5852427789226795,0.5810011907940451,0.5938708281369012,0.5568613361072132,0.5400381315538606,0.6258050887010005,0.8098791934458135,0.8915561193777216,0.45222514088121,0.7501935256861362
1.0,0.6419051004087433,0.584490671412311,0.5710901126372672,0.632582405126916,0.5457641360670429,0.662535748331744,0.6070282831161048,0.8097102697444548,0.8797438823663551,0.4537982096457594,0.7360045742434909
1.0,0.6874000355429181,0.5803866009796129,0.5458825613348094,0.6158484454185275,0.5637165564807505,0.7020972354623451,0.6333364447872505,0.8090891971423463,0.8736134241901269,0.4529696882143196,0.7823715693173825
1.0,0.6408388128665363,0.5767174800026937,0.5325419923431248,0.6332237895378809,0.460919874869572,0.6105815061963775,0.6451124790590962,0.8075760569479297,0.8782919047322569,0.4543527381255668,0.778764954257565
0.0,0.6914874711213789,0.5748365931847872,0.5273100655962559,0.6328482954223908,0.4551455331846471,0.73164918970448,0.6573797955283491,0.8061648250926355,0.8802220137192162,0.4519505822921326,0.7883180858550314
0.0,0.7392926959303356,0.5711792495779946,0.5227000519692788,0.6251997591789137,0.4437797223650632,0.7983794089609151,0.6850389832423643,0.8045186527558673,0.8798802552636581,0.4550006828884278,0.8418103448275863
0.0,0.6893548960369644,0.5656587467515632,0.5035921043324335,0.6154405626240276,0.4570348831153699,0.7979027645376546,0.7243071692811067,0.8031158431389992,0.8805945850178717,0.4556471080945249,0.87905524278677
0.0,0.6930869024346897,0.5599514255989428,0.481475428240217,0.5688425965568572,0.4639105326069102,0.8031458531935172,0.7187704189163295,0.8004911265580549,0.8715762922042795,0.4587505003057434,0.8765130190007037
0.0,0.7359161187133462,0.5517120422165975,0.4326662255160282,0.5504935591106002,0.5233183065641227,0.8660629170638703,0.7379107733273067,0.7981208222655057,0.8663990903787603,0.4610725025655752,0.8676020408163264
0.0,0.7416029856051178,0.540598249385925,0.3704824526437014,0.5549042981053454,0.0,0.8126787416587223,0.7376749578725513,0.7949528446981329,0.8547560550320726,0.4613441038685964,0.845197044334975
0.0,0.7428469877376931,0.5307448436624108,0.3265005014706817,0.5577513196173776,0.6180164005209652,0.7287893231649184,0.7467587657026069,0.791916423785132,0.8394876851906855,0.4625641491827127,0.8332160450387049
0.0,0.7163675137728807,0.5214238668112301,0.28762495269948785,0.525497054013348,0.6621367202900315,0.7626310772163964,0.7496671563112569,0.7898965741105334,0.8289011870371831,0.4633981908019013,0.7989481065918657
1.0,0.5413186422605294,0.5112203931774494,0.25733067425879,0.4144992455692164,0.5709506499693618,0.5678776290630977,0.7410107639929452,0.7875925318262597,0.817763385783486,0.4620230441099832,0.8114792426522477
1.0,0.5766838457437353,0.5090676737781509,0.2423242635510467,0.3937725257790637,0.5527407066838652,0.6892925430210323,0.7554790247065817,0.7869645945396312,0.8219164590711435,0.4640040304586104,0.7926770187919119
1.0,0.5558912386706948,0.5076572190057436,0.23844889540065886,0.3785409786039889,0.4892552245298687,0.49089253187613896,0.7697360340753329,0.7861357998053357,0.8251400619635222,0.4649870416545063,0.8524721565980422
1.0,0.4716545228363246,0.5082165334792788,0.2305419798093131,0.3530992774198751,0.4820672541070269,0.4189435336976319,0.7896575271801876,0.7876419342194653,0.8402430954815815,0.4670263753182418,0.8975869051636853
1.0,0.4709436644748533,0.5114814513435126,0.2452733100664932,0.3525098075375819,0.541380704112421,0.3743169398907107,0.747520253108588,0.7871845109677412,0.8440071001743726,0.4650679842651831,0.8903476206547418
1.0,0.4810733961258217,0.5151640407041679,0.2601055897307816,0.36066863082527295,0.5652075303530133,0.6466302367941714,0.7456189910046227,0.788100297855795,0.8555333151981833,0.4654927968184298,0.8446760040499492
1.0,0.4140749955571351,0.5163911253814946,0.2675686316308239,0.36106580764183377,0.5778015651694499,0.6448087431693995,0.7186770752988221,0.788246893624761,0.8648738471665273,0.4614339633236485,0.8656176172797836
1.0,0.4515727741247555,0.5173479458347597,0.27717655908261873,0.3389210665030245,0.4710376533681472,0.7534843205574913,0.7022977268372728,0.7888098083965981,0.8783150078325593,0.463067662241887,0.863609517381033
1.0,0.4681002310289675,0.5157157327238886,0.27791492556564124,0.35084755071275026,0.5515115662986815,0.8703883657809208,0.7237028921782959,0.7879216923689382,0.8846255687409016,0.4616332997429277,0.8780037124535941
1.0,0.36484805402523546,0.512816505188901,0.26512024957287483,0.3130752506399851,0.5084076305459303,0.5068190195355696,0.7354297982304017,0.7853745913167397,0.8815731074012237,0.4628315827786735,0.9029109011137364
1.0,0.3200639772525322,0.5136261839212408,0.2583821033776209,0.31506393160506035,0.5182162677813724,0.3442231075697207,0.7507135873917337,0.7839821965925061,0.889809232631286,0.4647518034603311,0.8877489031387108
1.0,0.3273502754576151,0.5155013216281717,0.25234949981340826,0.3201824129415816,0.5115435794696128,0.3768768768768768,0.7131403249340453,0.7812824537018513,0.8902212384973475,0.4643382284962299,0.854463381707729
1.0,0.3248622711924649,0.5168337808129202,0.2514699468257623,0.3169586532144193,0.5110315340371889,0.3386053199137308,0.7484045610639207,0.779812182538235,0.9016540706578638,0.4644862967607272,0.862867026662167
1.0,0.29074106984183395,0.5179702096594223,0.25506441754823994,0.3239210100144685,0.5507776777275101,0.23505154639175274,0.7509985310662297,0.7779835167060919,0.903488780498914,0.4646800481024967,0.8725531555855551
0.0,0.3604051892660387,0.5213570748867189,0.262575849012673,0.33963748691643003,0.5330646388037914,0.4274914089347079,0.6930075804843059,0.7779484618400346,0.9172628291827288,0.4627172367660234,0.7918157273034089
1.0,0.32788341922871844,0.5226633529647863,0.27439027343002864,0.361308851072288,0.5033232190579578,0.412955465587044,0.7033687220276199,0.7776891143417081,0.9224657282184541,0.4634574386610405,0.835791427607155
1.0,0.2777679047449795,0.5254035515463039,0.2983102845263079,0.3607891993656871,0.5241486241629423,0.33940620782726066,0.7065620563107655,0.7770084212788736,0.930733353226659,0.4639699529716567,0.8235993925075938
1.0,0.225519815176826,0.5290660075356893,0.3263557233385964,0.3504397522105192,0.5128456589107826,0.2145845786013153,0.6865668708762998,0.7783126188570614,0.948190393014396,0.4657301091467372,0.7970975362807962
1.0,0.18055802381375505,0.5330341090054797,0.34614585377185225,0.32473767127984343,0.5620734835986816,0.09401709401709353,0.5976497059676047,0.7794602291066853,0.9643283717850072,0.4589411965982269,0.7539402632467094
1.0,0.2532432912742136,0.5384745793072495,0.37423144430059097,0.36341185511396185,0.5266169960965257,0.2115384615384613,0.5778166436582839,0.7802158020557205,0.9723774268804052,0.4573061642114344,0.6913094836314548
1.0,0.2377821219122089,0.540836772352261,0.387256643259694,0.33151828922301235,1.0,0.14369658119658107,0.6134444286142402,0.7785091479164422,0.9686560750136732,0.4574535872771444,0.7343570705366181
1.0,0.2713701794917361,0.5459255027019922,0.4167859140141695,0.3864941293210616,0.5042203161776397,0.10523504273504268,0.5984701472372744,0.7773373775145612,0.9698668208405284,0.4560778196464077,0.7037293283833947
1.0,0.23671583437000165,0.5520157888501966,0.4408868114452938,0.3883502912902098,0.4545466983270458,0.003891050583657996,0.5886887186869009,0.7760793250918064,0.9728619437853242,0.4588746726866637,0.6888288896388793
0.0,0.3133108228185533,0.5614156337687761,0.48077968093253004,0.4033157829356176,1.0,0.16944114149821682,0.5861537025482808,0.7747862233748392,0.9723164979352568,0.4588806577440934,0.6579311508606142
1.0,0.2934067886973521,0.5672704984089254,0.5110469193420447,0.4294712103056648,0.3896662414725527,0.14268727705112988,0.6331251934423653,0.7736557888632035,0.9705744382193109,0.4603432279898161,0.7298768140398247
0.0,0.35045317220543803,0.5743352082351876,0.5528076791414118,0.4422898726653151,0.4385265502185801,0.09570459683496582,0.6196787996993354,0.7725137227798652,0.965703687230732,0.462735350153608,0.7112807964900442
0.0,0.42118357917185,0.5795871568006341,0.5873709104855349,0.4731731734847863,1.0,0.1242038216560511,0.6810448589774449,0.7716330200163791,0.9624802877083576,0.4658150156880052,0.8018140398245017
0.0,0.405900124400213,0.5812179882559959,0.5991138714268082,0.4993202727372333,0.5225907878799375,0.06687898089171923,0.6972817356017469,0.7697535395064047,0.9512693721743904,0.463848496315374,0.8291765102936214
0.0,0.4590367869202061,0.5829231380107069,0.6006181300508134,0.531695361964599,0.5507652013545863,0.1528662420382163,0.7302418582257835,0.7677476362221841,0.937966252428042,0.463775359388809,0.8631370232872091
0.0,0.5215923227296959,0.5853668212309404,0.6101899036816727,0.5686756938788478,0.5091723854257858,0.2542955326460479,0.7324821050459593,0.7657323115600038,0.9255618312296421,0.4641898157518994,0.8515693553830576
0.0,0.4672116580771282,0.5874785919729062,0.6079728983969029,0.4959418621752281,0.4778146608959721,0.4674115456238367,0.7469798426914405,0.7634584289089689,0.9190125294592076,0.4657244068693556,0.8819946000674994
0.0,0.4647236538119777,0.5893376980375906,0.600481440420656,0.4930931826493536,0.4963216004053606,0.4944134078212288,0.7740249276586961,0.7606242936330628,0.9144570862588008,0.46500994963044,0.8936044549443128
0.0,0.5032877199218053,0.5900786091835641,0.5910711714754417,0.5357632937719413,0.4766025723248643,0.4785847299813777,0.7991392735901427,0.7570855118706127,0.9033127350595046,0.464072089353639,0.902708403644954
0.0,0.4896036964634795,0.5899200065495,0.5960706849906448,0.5203365264991466,0.4929970096947461,0.5372439478584735,0.7967860318645632,0.7564684918889516,0.905829263419162,0.4641989180089681,0.8784864052123793
0.0,0.4992002843433446,0.5903914526922769,0.6119396221007198,0.5301538167989956,0.4823915895421656,0.4329608938547488,0.746621206687333,0.7562439338994519,0.9116807487596332,0.4570103024475989,0.8847429311280954
0.0,0.5301226230673537,0.5904323768409225,0.6237157206431119,0.5156737330686771,0.4812142511077652,0.5940409683426447,0.7479427557983579,0.7558106569226023,0.9164373994814996,0.4574112172180181,0.8666583134945495
0.0,0.5944553047805224,0.5887174192565481,0.6176193094161471,0.5365287282722054,0.0,0.7551210428305407,0.7627893038039978,0.7532406445618881,0.9110668352307141,0.459169569196796,0.8613289896838323
0.0,0.661453705349209,0.5850208591812935,0.6242028189973667,0.5577778947945129,0.0,0.903087478559177,0.7659531611552991,0.7512394256835307,0.9056372268162364,0.4556960320160098,0.8659566470367119
0.0,0.6772703038919494,0.5801439209017341,0.6183741010938104,0.5251722374072741,0.4511057242378307,0.9952644041041828,0.7907923890561974,0.7492953615396712,0.8997662799127085,0.458348387561993,0.9120995698116356
0.0,0.6445708192642614,0.5735895033892842,0.5971354180126827,0.5007617759298968,0.4215188505991312,0.924137931034482,0.7957346879621124,0.7468468141597314,0.8949986643862571,0.4591964034748742,0.8935471745395317
0.0,0.7026834903145548,0.5680647776028118,0.5615667455892709,0.5481074458617807,0.4660099499207292,0.9606646320786708,0.792570830610811,0.7443783081597394,0.8916472951730253,0.4591376163080678,0.8740675771624272
0.0,0.6708725786387061,0.5621491832151804,0.5267354534698466,0.52717251059526,0.0,0.8589183742022173,0.7768498002937869,0.7422794776830987,0.8924870700363537,0.4615371143499717,0.8484400451071298
0.0,0.6818908832415139,0.559465604165801,0.5299574886425871,0.5479809855691089,0.43066234240904455,0.9113201209271083,0.7453733499059195,0.740579811774717,0.8912077113298249,0.4588766913125453,0.7811552437037967
0.0,0.6859783188199752,0.5563429333938408,0.5241728369107632,0.5517615363636809,0.0,0.9100892244337688,0.7543687269404417,0.7391818890559144,0.8870108501748807,0.4560805496501785,0.7954141085077058
0.0,0.6900657543984356,0.5525397027598813,0.5162525043229842,0.558197095564984,0.5014026754061257,0.9560741249142072,0.7402885791627569,0.7380210727262452,0.88781626737308,0.4585025421264403,0.7755299293427546
1.0,0.7000177714590367,0.5471608130117482,0.4867698303936235,0.5671468465877517,0.5125489052175018,0.944535073409462,0.7533615984357571,0.7364047909095358,0.8821645841919373,0.4561770238176062,0.7966771097187038
1.0,0.734672116580771,0.5421264197190442,0.4533759134499762,0.5928848807326031,0.0,0.92952691680261,0.7637718681988118,0.7348533637801417,0.8795393012620688,0.4574850778382789,0.7924244054664799
1.0,0.7241869557490669,0.5377603495488414,0.4333282351952013,0.5680497819779355,0.4903303064620292,0.9537712895377132,0.7584365435349718,0.7326991610095134,0.8715827712639473,0.4566798578973828,0.7956148182123464
1.0,0.6598542740358981,0.5338314697829074,0.4049751730005513,0.5502170173907416,0.4660111053297961,0.8221680876979292,0.7630840731224421,0.7318442435561171,0.874365284853056,0.4575135710715771,0.7773746242618329
1.0,0.6148924826728273,0.5316069299200659,0.38661660522735786,0.5616128356019711,0.0,0.6973203410475031,0.7413890512849484,0.7302290784038875,0.8758424662633372,0.4583339617046509,0.7741607737950091
1.0,0.6689177181446593,0.5329159907661646,0.3727965808325664,0.6498558087899476,0.4979715782263922,0.9317904993909863,0.7471812683923775,0.7283051862203817,0.8776601837351165,0.4592243863072604,0.7603023652767621
0.0,0.5708192642615959,0.5312366829538545,0.36641440961824384,0.4966833260457366,0.4996909081774323,0.9782338308457716,0.7939120310097321,0.7258171762608464,0.8754172790584093,0.460818270607445,0.7980283956536929
1.0,0.4869379776079614,0.528283780803748,0.3546282664562085,0.4682159862786466,0.0,0.8373983739837394,0.8020329257328702,0.7230383733834632,0.8700763310857057,0.4616067925613563,0.8247556493861914
1.0,0.5432735027545762,0.5243295639439127,0.3249435819574367,0.4692767221996384,0.5294913115519647,0.924953095684803,0.7984072631160062,0.7207438884332623,0.8604330946398691,0.4617606886211529,0.7938773295295976
1.0,0.5361649191398611,0.5180629401193042,0.2782355956767618,0.464097077225419,0.4076105111398274,0.948562346481721,0.824450132400552,0.7183740293797499,0.8512630509560221,0.4609510941393451,0.8206560256370748
1.0,0.5087968722232094,0.5123410756822935,0.2449950552093273,0.4871107094239526,0.4241668208810598,0.9894419306184012,0.8147718731116341,0.7160328222777733,0.8437383896351233,0.4601095907690204,0.8088527402413698
1.0,0.5192820330549137,0.5076320884266922,0.21476878285839726,0.4965919102914356,0.42303573084187895,0.8579067990832698,0.8564866444934633,0.7143376583176412,0.8465301831801456,0.4611187515828205,0.8530054603765932
1.0,0.4446419051004089,0.5012851043009823,0.16845315817559958,0.479600523330157,0.4280296721318632,0.6844919786096262,0.8212174955416139,0.7130819408378174,0.8527956774125166,0.4614943698845431,0.8083552700069899
1.0,0.5262129020792603,0.4980667676689722,0.1505745219304485,0.5488115960376649,0.43066269619777897,0.6699770817417872,0.7804705500886765,0.7127829694549627,0.865816409767386,0.4606398535750033,0.7700144261514897
1.0,0.520348320597121,0.4952969227231014,0.14046584216445346,0.5929604716086123,0.4287670126285008,0.6661573720397247,0.7634623604144455,0.7126001466195261,0.8751999918324463,0.4625420857758651,0.7531417778372669
1.0,0.3726674960014216,0.4945007614623056,0.14757572785255713,0.5292679677874138,0.4506185906721112,0.3857906799083267,0.7447985497349532,0.7116770440393948,0.8780605646164369,0.4644129841475014,0.7300673716146879
1.0,0.34849831171139145,0.4967072893345871,0.1581528405349994,0.5620574297366726,0.4368160371439253,0.3096632503660326,0.7128259043277048,0.7104202411547013,0.8811470759702106,0.461453483386845,0.674534124540817
1.0,0.3811977963390794,0.4970243952173658,0.15511013446128835,0.5375707388896322,0.4387214299957707,0.3213762811127381,0.7099420778289256,0.7095665368082703,0.8869172400002022,0.4612952653644205,0.6628890971013846
1.0,0.4105207037497777,0.4984400972425981,0.16250088303001198,0.5612322009115503,0.4241987922327412,0.2781844802342605,0.7154493512618583,0.7090125674123072,0.8978477421953975,0.4617151285749668,0.6828403158881006
1.0,0.3529411764705881,0.4999788786126913,0.1544223960494927,0.5270013411730949,0.4769612636684611,0.31039531478770205,0.6916221646876182,0.7088166829055694,0.9014132630428552,0.463092616204305,0.6493627210398727
1.0,0.372312066820686,0.5032084082289047,0.1576204173820932,0.5405690407475545,1.0,0.211566617862372,0.6990749156222825,0.7086073005518746,0.9051918951344614,0.4638058047441489,0.6700575558827468
1.0,0.31153367691487466,0.5084196193332324,0.1596131949639219,0.5487044580646687,0.4632994322171048,0.05197657393850719,0.7029413065158756,0.7081134006158846,0.9063284405537868,0.4641567075681794,0.6816728386799329
1.0,0.22907410698418335,0.5151203137747461,0.18367035347861907,0.5104679474844235,0.4286361883633976,0.0914615804885239,0.6636485563672627,0.7072659135433651,0.9104302984834246,0.4602838481332465,0.6174839007123841
1.0,0.3467211658077126,0.5237415751404915,0.22870885680914166,0.5366142110072584,0.423728944355433,0.06442577030812338,0.6694456862966656,0.7062905189539167,0.912998208802096,0.4571962655257187,0.6243846577135295
1.0,0.2710147503110005,0.5308247015732777,0.26874939671234266,0.5038555993815366,0.4904580916010338,0.043801039346696616,0.6954983812251596,0.7053710461752908,0.9220234698518244,0.4565931040177682,0.6545308526301701
1.0,0.1940643326817132,0.540375908551416,0.3126250322859895,0.4760637527494122,0.5106763868510076,0.025990903183886013,0.7121184579634385,0.7040247922190799,0.927590041899506,0.454813910249543,0.6784083641933996
0.0,0.31526568331259985,0.5479857327565175,0.3472759048858141,0.4780826018615933,0.573235353930165,0.28895966160259184,0.7444153496209754,0.7028426514527774,0.9345919886979812,0.4549567298841836,0.714719136215589
0.0,0.3790652212546649,0.5502289585198019,0.3583509217015827,0.4597190350560797,0.5699267654555029,0.4352870291240649,0.7938923797218357,0.7009120309541589,0.9329669309354476,0.4609625164895775,0.790657207870432
0.0,0.26515016882886056,0.5505895053488385,0.3717589308652805,0.4566941023273727,0.5879668526211855,0.3264637347908684,0.8189035563918269,0.7002668140659829,0.9434565395401644,0.4602233794049602,0.8056038905992058
0.0,0.23938155322551974,0.5534796111171036,0.3983534990905795,0.4918858008257738,0.6047636248924484,0.22406209716236367,0.7455354730310635,0.6993830154269814,0.947286458323412,0.4549836871021323,0.7430657802763274
0.0,0.27314732539541503,0.5558252769167342,0.4218207226238321,0.4565968721104254,0.5601772329676452,0.2949222776018906,0.736112680484797,0.6992532814278062,0.955772709073717,0.454144843233688,0.7242374217344101
0.0,0.2283632486227118,0.5576129091979696,0.4526553405577742,0.4761634586886525,0.5846482619105695,0.16384336069429573,0.7535188087389275,0.6979066588310355,0.9558982798674032,0.452456303819388,0.7450289266645845
0.0,0.22871867780344746,0.5615506820331297,0.4882023653050007,0.4780496155681267,1.0,0.24632343939000675,0.7241008307581958,0.6961279257807672,0.9577949976333898,0.45338593057446896,0.7005978673091507
0.0,0.16580771281322193,0.5625434349621805,0.4949009710873923,0.4213114737267396,0.5367801157033543,0.012238061890607246,0.7394091840293979,0.6949838100428537,0.9640228089633964,0.4514785380973498,0.7068144975386307
0.0,0.24453527634618785,0.5676227491900325,0.4990587813577938,0.4291786692493141,0.5704227506496017,0.025950176053751384,0.678662140320021,0.69327838613158,0.9722975547732688,0.4486724722065572,0.6261693362483082
0.0,0.3189976897103249,0.5725851889032603,0.5055164465317852,0.4656233254154053,0.5557493463051421,0.24987702902115094,0.6771833809058261,0.6918669987292329,0.9868477186066468,0.4488395132136093,0.6046119067802912
0.0,0.3531188910609561,0.5746752725243727,0.5003540953423582,0.4373354680414473,0.5390746128514649,0.27643876045253346,0.7428530722332212,0.6903184980780576,0.9947765258378728,0.453409783137005,0.6848555154002883
1.0,0.36307090812155657,0.5759024963974528,0.485487915959255,0.4426516179692897,1.0,0.17782794080762426,0.7499226230539083,0.6887945505478056,0.9993481556763624,0.45424321411719104,0.7016512734396866
1.0,0.3378354362893191,0.5786017333181872,0.4645403088778769,0.4238706863210478,0.5371595849226387,0.06546275395033826,0.7240222256066107,0.6877577748218858,1.0000000000000002,0.4516758515377052,0.6582924565822619
0.0,0.43522303181091176,0.5856252022190327,0.4838234184720007,0.4334455186503704,1.0,0.20941300898995288,0.6977189767574392,0.686958273029073,0.9959127423451728,0.4526937317894067,0.6204943509066538
1.0,0.3545406077838988,0.5900398264565874,0.5016838446140552,0.4304407311085054,0.5192876426046371,0.08038075092543608,0.7529489213899356,0.6863224569355727,0.982280674706301,0.4597909780205928,0.7088535880098007
0.0,0.3739114981339968,0.598753965178906,0.534917058117568,0.4418614893316851,0.5253597971431909,0.0477594339622643,0.7207404605279317,0.6857612138771564,0.9743658550575052,0.4564938447257994,0.6561573382581247
0.0,0.4510396303536519,0.6044739765126399,0.5470158142476859,0.491014910882321,1.0,0.3291139240506332,0.7352283725294646,0.6843697629350155,0.9687068970855492,0.4579607508267807,0.6968383721700232
0.0,0.4336236004976009,0.605040690772098,0.5405889269710283,0.4760458846403086,0.5728268429624337,0.0012658227848107743,0.8268426767019244,0.6832387937931613,0.966063831882398,0.4662831692850841,0.8001486266748095
0.0,0.5455837924293584,0.6101106781409682,0.5509318301826804,0.5155706117032711,0.44741637195325545,0.27559055118110265,0.7448280266667975,0.6809784727677589,0.9571963580651212,0.46093726911585,0.690024205970806
0.0,0.6234227830104849,0.6132622709404543,0.5650202469754152,0.5943750664260832,0.45694381673203005,0.6234843650287175,0.8147718731116342,0.6799418837522256,0.9616747755270872,0.4666729819805314,0.7895254162693468
0.0,0.5923227296961079,0.6112980247353024,0.5619447683872358,0.6131068796997472,0.5349376874698231,0.5679642629227823,0.8779360252322537,0.6785737209628132,0.9745293756588064,0.4715304719320592,0.8796554800828921
0.0,0.6246667851430603,0.6103798262695204,0.5696848500473737,0.6368323096388497,0.4454805595334456,0.5294811320754721,0.8673292425902359,0.6768605700912128,0.9817969602106016,0.4694921017578267,0.8800296454064008
0.0,0.6831348853740891,0.6092315743664243,0.570812302675256,0.6998693536389601,0.469769712950372,0.8030660377358497,0.8611194356150116,0.674919946239848,0.9817969883862382,0.4689320338247995,0.8682938061247986
0.0,0.7113915052425803,0.6037183258044927,0.5753978653665939,0.6757693332424363,0.4532634761601894,0.8444444444444449,0.91314130749844,0.6723598449882352,0.97217325326752,0.4722560654413653,0.9300454754777802
0.0,0.7627510218588945,0.5967253994169737,0.5710759800069799,0.7043326772920215,0.45035397864664944,0.8329378262933083,0.9162511238080262,0.6691681160927413,0.9687328891017448,0.4727762324500819,0.9266204236702736
0.0,0.7687933179314022,0.5884814745019564,0.5596401187753531,0.663791286882076,0.0,0.835887762320208,0.9239986440611352,0.6659643249522625,0.963025872032728,0.4739355905725264,0.9233608680635504
0.0,0.8562288963923935,0.579946649814685,0.5292156073195782,0.6932693163082772,0.4403323239817276,0.9671382930168874,0.9339471085586272,0.6631424759754126,0.9633817445953198,0.4753154266470256,0.924644275197468
0.0,0.8761329305135951,0.5703498571704526,0.4891861287498292,0.7041602878450937,0.4703608800088442,0.992466296590008,0.958535782538848,0.6603415373645697,0.9583459346089246,0.4785004923308535,0.9861686819441166
0.0,0.7291629642793672,0.5629757915836158,0.4574376180568706,0.6079931679103455,0.3374296791886225,0.9512528473804104,0.9515595753356684,0.6578417904305971,0.9457839660671676,0.4781910581307745,1.0
1.0,0.6914874711213789,0.5584737923261041,0.43439883164806026,0.5632695286328743,0.4474143009995361,0.9820441988950276,0.905831028401024,0.6552438157395691,0.937204522251424,0.4772593682276709,0.9925596169493652
1.0,0.7385818375688641,0.5537773473340206,0.4286982841158607,0.5905103774511927,0.3879818427875177,0.9684466019417473,0.8970812924652046,0.6533060113438832,0.9247854813191208,0.4763769996621151,0.9956135113403866
1.0,0.6042296072507551,0.5500690821302374,0.4307021910252185,0.5376774327578523,0.37838465663813453,0.9089042853477032,0.8768257274661134,0.6509610284215449,0.921699252678436,0.478094491086033,0.994016399497673
1.0,0.5073751555002665,0.5496587817106293,0.4551928923444058,0.5262074593922584,0.3889397105270167,0.8668206312548115,0.8605790251978639,0.6487246488104091,0.9138366934275528,0.4767280615230829,0.9675953335946168
1.0,0.4993779989337122,0.5478748140574999,0.4631636721595883,0.5220880959309409,0.36354245668625657,0.7744418783679748,0.8354892433762875,0.6462072002299725,0.9081298570836224,0.4740558653454465,0.9248315232294358
1.0,0.5436289319353118,0.5465470436950899,0.4600846928814494,0.4983833512733748,0.36820718167533534,0.882217090069284,0.8140889908572383,0.6439587971843103,0.8929255858076129,0.4720773582002246,0.8723834966357764
1.0,0.4979562822107694,0.5440622577139113,0.4545084549633106,0.4706600960518448,0.3662335855192277,0.8899153194765199,0.8484885703196773,0.6416495610957907,0.8720576473703122,0.4733836203359277,0.9235105957616956
1.0,0.4961791363070908,0.5413838235341975,0.4429885806756903,0.4695259645294305,0.4303160805478566,0.9973118279569896,0.8675650580449915,0.6397974050007272,0.8567207565440692,0.4723693616608308,0.9441663334666136
1.0,0.427759019015461,0.5369099553497915,0.4266959450702154,0.4301272155219797,0.4677716159782892,0.7332652018395504,0.8802106618062482,0.6383929742536602,0.8479173697226766,0.4738947356477839,0.9889036732389828
1.0,0.36733605829038535,0.5357393651494956,0.4220754740477726,0.4440872128941107,0.5098688469930773,0.5009792401096745,0.8432515020953186,0.6364421955789051,0.8380701338026452,0.4729943344879925,0.9410910850368944
1.0,0.3616491913986137,0.5356321996421124,0.4087023615038983,0.4416040376626408,0.4664707480060635,0.5307481394437915,0.8177834329817388,0.6348424967638343,0.8281991892295265,0.4707973868104359,0.8720535462279748
1.0,0.4025235471832235,0.5342792234133799,0.3968719607916098,0.4164412247956663,0.46755442501109,0.5652173913043476,0.8122565082609101,0.632366615792089,0.8197960816036359,0.4693608604423616,0.8807306157009801
1.0,0.3410342989159409,0.5311540393048182,0.3720770681919778,0.4244623189721707,0.4646712704954792,0.4465334900117505,0.8473094930459002,0.6295725948376033,0.8129610851598897,0.470822646039065,0.9051489859279868
1.0,0.3716012084592144,0.5308326542369864,0.388503161508982,0.3936508606948089,0.4730571284313423,0.499412455934195,0.8508565505111791,0.6263073462234215,0.8063399522579734,0.4721994442533105,0.8755400882995275
1.0,0.3673360582903856,0.5266066022267221,0.38104245076104337,0.3898079730712684,0.46983711262117,0.4445750097924008,0.8507877710035419,0.6234080267909482,0.7999686793311135,0.4720531977539174,0.8827285125446661
1.0,0.41300870801492784,0.5234487114792633,0.3800627908526748,0.4197808439087198,0.4711159079618319,0.3168820994907947,0.8269114562095613,0.6215703318834173,0.8015111805830423,0.469924789443708,0.8246489550555808
1.0,0.4142527101475028,0.5226974958741358,0.3713245111780168,0.4204797529907599,1.0,0.3051312181746961,0.781349945222035,0.6194077107808204,0.8036967074758,0.4681673948479828,0.7604008733094794
1.0,0.3794206504354009,0.5248341360684414,0.37706982034325204,0.3945701999029703,0.4581323624936969,0.18723070896983945,0.7873239367425042,0.6184748187357493,0.8058705999399288,0.4693250781647776,0.7539330830405309
1.0,0.33676914874711217,0.5313635336730514,0.4033452266871668,0.4072369786997301,0.44690003815043866,0.039883672621520885,0.7412465794477006,0.6170803849257877,0.7995944972513046,0.4666691534255252,0.701857522855802
1.0,0.35809489959125623,0.5415965245750806,0.44353851444178016,0.4223825139176649,0.4200417861118933,0.1714659685863871,0.7077460464065162,0.6166360436915799,0.7972095387618695,0.4627765548943085,0.6380773558054109
1.0,0.3867069486404834,0.5490178505780614,0.4834756082444933,0.4416477222057209,0.4129329836506617,0.2835951134380453,0.7825339353177858,0.6157592781880411,0.7991810875698283,0.4748010222703321,0.7650742267890235
1.0,0.32041940643326816,0.5525750187345179,0.502344870140106,0.3742547080879596,0.543847346591293,0.0004887585532749322,0.8242094041238227,0.614459884476536,0.8040844435193356,0.4779079526310375,0.8165166506763538
1.0,0.4558379242935843,0.5599379267654321,0.5436688373952391,0.43944451476697177,0.5737954919949089,0.10684769775678872,0.7772870414494788,0.612307777232625,0.7968081421047676,0.4723599441865202,0.7380127580726669
0.0,0.5414963568508974,0.5624001779403769,0.5498641663649309,0.4777341263918982,0.5650384508131782,0.3801652892561988,0.8638951800303613,0.6103433620985393,0.7873248220839476,0.4834134493804722,0.8538900403541797
0.0,0.5395414963568508,0.561319587109453,0.5507155210193753,0.4766278603190386,0.5388660001741579,0.3004722550177096,0.9279682042161836,0.6079614297611909,0.7734816714484606,0.490731668531457,0.9346230293984692
0.0,0.5514483739114979,0.5625899954333764,0.5641363940399096,0.488197694553503,0.5097389384422807,0.2774498229043683,0.9447012758598664,0.6053688256757218,0.7648478762207549,0.4897761837251736,0.9547936653726652
0.0,0.5503820863692908,0.564485890281258,0.569774813700928,0.4844573939670827,0.5140858860924821,0.4380165289256197,0.9363249143940772,0.6026353756669619,0.7526159318390816,0.4890613983330037,0.9357403871595192
0.0,0.5837924293584501,0.5648669373588113,0.5781567867684515,0.4701197659308026,0.5836594940008937,0.5153482880755607,0.9758190902436268,0.600748398269712,0.7536943783170325,0.4921337423990893,0.9766032357527394
0.0,0.5709969788519635,0.5633875237576287,0.5662379258492616,0.5089409077840878,0.5501081770787263,0.4946871310507676,0.9733528536126436,0.5989324207192391,0.7526641923843913,0.4902680518001351,0.9966251225318584
0.0,0.5740181268882176,0.5620196444863339,0.5793360052363179,0.5108964259677111,0.0,0.8581024349286317,0.9248976904823901,0.5982053254493284,0.7580819883720237,0.4882654898504808,0.9306189609298424
0.0,0.6056513239736981,0.5603210320268444,0.5873864426674321,0.4945409310487234,0.5021257810820597,0.9709405234486432,0.9250254238537158,0.5967070694622661,0.7566493311472007,0.4868781149531856,0.9560495728889512
0.0,0.5123511640305668,0.5560796999425959,0.5902749776896996,0.4420008364657573,0.4790770144178962,0.8845120859444949,0.9650698357643612,0.5947924766040783,0.7585371755065359,0.4900544623514469,0.9988166923400088
0.0,0.5347432024169182,0.5532772280725493,0.6013115486053621,0.4102744633345467,0.4502491680766879,0.9271582733812948,0.9543746223268104,0.591903131391578,0.7586077135498634,0.4891059718362055,1.0
0.0,0.535276346188022,0.54567404412624,0.570256951321615,0.410878402330351,0.5575911691910481,0.8938848920863316,0.9413359928076288,0.5895008130961633,0.7578024690066025,0.4876390195896406,0.9985228519195616
0.0,0.614003909720988,0.5377129950477577,0.535685231840567,0.4732561393889556,0.4718607972251807,0.9032921810699578,0.9345464728394636,0.5871218749074313,0.7562890261037697,0.4868455804419333,0.991483087215828
1.0,0.5318997689710323,0.5295527018715033,0.4951382853571461,0.4110993235241597,0.4078420059825129,0.3982222222222213,0.9371158787319022,0.5844189239264143,0.7504953678178349,0.4874986782581773,0.9961218179256542
1.0,0.535098631597654,0.5282607879498571,0.4990618669954452,0.4140985915957663,0.4094510064326766,0.3653333333333333,0.9048926794039764,0.5823320119892199,0.7493946687618408,0.4841212309101892,0.9505720374204664
1.0,0.530833481428825,0.5280503368471339,0.5032345539290327,0.4108097149715295,0.4753974085480498,0.32425742574257355,0.8977789131855226,0.5802603165038059,0.7466540632577293,0.4815710549027525,0.994210452396186
1.0,0.5175048871512351,0.5290256176309566,0.5106592410884837,0.3960578513343742,0.5031511286456197,0.34274193548387083,0.8951898560051879,0.5786922317361837,0.7510884267073108,0.4819051081888043,0.9748865070839968
1.0,0.5670872578638705,0.5307425352429196,0.5082190888930155,0.4534596189170957,0.5322378257931993,0.5782258064516128,0.8826474215053868,0.575891757221847,0.747841196842145,0.4837169681895224,0.961377125787002
1.0,0.5734849831171137,0.5287046282311613,0.4877682690327194,0.4612684784353746,0.5058252504234254,0.6556451612903218,0.911721501947934,0.5740883060445411,0.7528413222537615,0.4850199843822594,0.9800534730008392
1.0,0.6008530300337658,0.5255612099993834,0.4667405479710244,0.4855857534160589,0.4590555037925298,0.6314516129032254,0.9089555831765326,0.5720801182921559,0.7497857730064388,0.4835918290475364,0.9956640399769368
1.0,0.5617558201528344,0.5212241362768291,0.44822460354049576,0.4523471683261011,0.4765530046401549,0.482680722891566,0.8942367685422182,0.5705548912907318,0.7463000865768905,0.4855106078307891,0.9955577182682952
1.0,0.5896570108405901,0.5207729756873428,0.4539702973324826,0.4782431849429994,0.4921866704252614,0.5090403337969404,0.8828881497821163,0.5674009982159626,0.7295015138708683,0.4843186377721237,0.9811441937913812
1.0,0.514483739114981,0.5195505649031654,0.4506097665176835,0.4453804462000915,0.4424445076142345,0.4228094575799718,0.9008936423170832,0.5639516852169942,0.7129343145249409,0.4882226961845123,0.9607213094445392
1.0,0.5246134707659498,0.519742878582397,0.4445424174043093,0.4550548891387009,0.46742596209854403,0.3637976387104664,0.8849367965453036,0.5601101859678933,0.6938819909911162,0.4866630908604183,0.9244681905139364
0.0,0.6076061844677447,0.5223555250472607,0.4590140078869129,0.4899884777406197,0.4073390721913585,0.5527551776404772,0.8629224412794954,0.5571352463075813,0.6829456103823737,0.4846558086731506,0.8687404816116046
0.0,0.4764528167762573,0.5217158349897825,0.450378266413988,0.4096750003788776,0.4155706458477171,0.5393041237113402,0.8922519884646939,0.5567533196671631,0.6868228563174112,0.486297977974187,0.8967252565593615
0.0,0.5322551981517682,0.5233915874648255,0.467875938595865,0.3991421924049912,0.4850827074640392,0.5631443298969074,0.8415565785142642,0.5572509203504245,0.6985955488228628,0.4726424274145486,0.8973616261803925
0.0,0.5503820863692905,0.5212919862376796,0.4594742380671337,0.41359514884720056,0.4880051003630777,0.6707474226804118,0.8259288918147473,0.5582998350081542,0.7112400925019748,0.4732639696935344,0.8892936297206557
1.0,0.5480717966945086,0.5188131749477137,0.4532559364091837,0.4123490584256744,0.0,0.6256443298969073,0.8388152238527332,0.5573012600443584,0.7157194596031934,0.4717192042799716,0.9080701908377404
0.0,0.6115159054558378,0.5154775052466275,0.44169265683178816,0.4718386024215607,0.5036559333693041,0.8724226804123709,0.8433350200688776,0.5555908297939037,0.7183613744252636,0.4686057468791319,0.9139364947005773
0.0,0.6362182335169716,0.508134871118457,0.4047155002205284,0.4896914087470822,0.4844718906003082,0.9549211119459058,0.8589676195903688,0.5540293719126116,0.7164942903143354,0.46749005351069206,0.9295750952725784
0.0,0.6443931046738934,0.5018263031514922,0.3779224922160416,0.4955238893445063,0.5092434338154995,0.9248685199098422,0.8535340384870473,0.5522539837729948,0.7135965976092826,0.4701820901743598,0.9279731993299836
1.0,0.4896036964634795,0.4952890544255652,0.3490625845080198,0.4200678730569033,0.5592047646423048,0.7938570584760776,0.8648482674933307,0.5502184326928682,0.7079062231738403,0.4682751717892146,0.9392084147081842
1.0,0.5004442864759195,0.493845177472086,0.34247772066612464,0.4293115186834198,0.3966824368064715,0.6509155345540464,0.8537305513660102,0.5479846114305321,0.7040377258259768,0.4674733232147321,0.9054296226401294
1.0,0.5048871512351163,0.4917809949083352,0.3281666267885279,0.4330748178194994,0.3833575250655991,0.5859421145894869,0.829195918427504,0.5454538705481912,0.6998913650455216,0.4681793652596238,0.8704731810435
1.0,0.4944019904034119,0.4910048119088386,0.3283215839970808,0.4245457486708649,0.4067057118864445,0.4902539870053165,0.8461058516622533,0.5431577586916084,0.7036678215055743,0.4672552146124303,0.8743352863297567
1.0,0.4993779989337122,0.4912310979143991,0.3347229417613258,0.4290094580702356,0.4481356936443822,0.5835794447725925,0.8499820681997946,0.5399730993196817,0.7034273981805028,0.4682252637257798,0.8661795147498776
1.0,0.5023991469699661,0.4927918252750166,0.3535049737839481,0.38030684782882096,0.4118359118242477,0.5989367985823988,0.878741728036001,0.5378197613190446,0.7041126970032261,0.4694944686934488,0.8792141200909934
1.0,0.4298915940998755,0.4941269010549145,0.3651811556412989,0.3260856790656177,0.4321286761594408,0.6698168930891907,0.8559167571444712,0.5351347188845751,0.6952602496360959,0.4690308891542137,0.8614030852954729
1.0,0.38972809667673697,0.4946130105063261,0.3726022568105867,0.3426251291451605,0.466762874229418,0.4284116331096196,0.8746788242634451,0.5341358199551872,0.6972530988235062,0.4724702473691523,0.8593939128786222
1.0,0.4233161542562642,0.4952390264389706,0.3785498889114867,0.3695737208709693,0.51307517955524,0.4172259507829984,0.8384369365607298,0.5328235925220978,0.6996493974038079,0.4690643731974338,0.8392558721670305
1.0,0.3779989337124576,0.495662676715064,0.3846280027072543,0.3814292404638275,0.386660846935808,0.22035794183445184,0.8261204918717359,0.5322847279831157,0.7089182699056487,0.4709716022217855,0.8265337325150584
1.0,0.4297138795095078,0.498285358893441,0.3958992097270881,0.4195593923209904,0.4044404291852943,0.5548098434004485,0.8286505951883818,0.5294882859429048,0.7026743998801088,0.4714963047122947,0.8243007801110787
1.0,0.4226052958947927,0.4995499591510504,0.4030944881324274,0.4122799303254874,0.4535426684366142,0.37248322147651003,0.9006971294381205,0.5268631048057729,0.6965833229282008,0.4807789072649502,0.8744284281864018
1.0,0.3225519815176824,0.5015760933977149,0.4003596667406261,0.3798225120946743,0.4069095149160468,0.12978819287967533,0.9056836437418018,0.5244004774871046,0.6894930344252231,0.481037549313603,0.8941223662542754
0.0,0.4709436644748533,0.5068765365665093,0.41654218264945,0.4527641618539622,0.4552704135799218,0.700368615060558,0.8872703869829867,0.5239873459022558,0.6980410608150759,0.4817204265110345,0.8774015116328168
0.0,0.40892127243646703,0.5046488419694767,0.4004853707149788,0.4362902673814141,0.4757796664882396,0.40863612427593465,0.944106824401004,0.5239506836661955,0.7100607016030093,0.49089627163621397,0.9813086742952049
0.0,0.4066109827616848,0.5046966154066499,0.4008751344093269,0.4345822902102392,0.4859941616731069,0.4770932069510274,0.922367587165744,0.5230443117827225,0.7185286825870841,0.4898404237816622,0.972265619502034
1.0,0.43451217344944015,0.5043607258528968,0.4201875857753648,0.4658069114582634,0.4866949652634115,0.4170616113744073,0.9441903423745632,0.5215671779390866,0.7267844694158893,0.4899301697112429,0.9992821855339272
0.0,0.4217167229429536,0.5040003575753816,0.43473248768793815,0.454430722430202,0.4764287316270739,0.4444444444444448,0.931903374617414,0.5193985034786349,0.7342106640550623,0.4923421245016845,0.9898674040984188
1.0,0.38030922338724016,0.5046265794503106,0.4527864979905928,0.4545191844358641,0.4827190608439277,0.21063717746182226,0.9333330058118684,0.5173031449794004,0.7397460148165832,0.4924527466852587,0.9945259873785716
0.0,0.3554291807357384,0.5068733741810839,0.4630559183350886,0.4756134410362562,0.4693535571194035,0.12006319115323873,0.92000943261819,0.5153390999759823,0.7483995099178096,0.4910092137639255,0.9927246904007944
1.0,0.4147559360032612,0.9879224645945044,0.8231317869620751,0.4095961858209036,0.5451915640414005,0.4088844018172651,0.5311792246584358,0.9876416516802424,0.3621795260509752,0.5148829710661211,0.8304071745702466
1.0,0.38377662284724345,0.9853641411606128,0.8269122827622115,0.3801414842379847,0.5165217245436424,0.198692152917506,0.5503146662474392,0.9869499786981384,0.3734012125176319,0.512543642142056,0.8441504231124378
1.0,0.4254560277183329,0.9836511811285532,0.8447787667306776,0.42077656364068505,0.4874588586832666,0.14587525150905464,0.5056325503932712,0.9871529967170954,0.3794693767671601,0.5132126448304439,0.7967542406112043
1.0,0.5380617548150411,0.9820673510975501,0.8303431279719473,0.4675979112735801,0.4536811491168761,0.5095798319327729,0.4443696603766172,0.98907596165884,0.3873330370821911,0.5125066462338401,0.7553474075666925
1.0,0.5701620299602571,0.9791615936546528,0.8049516999499349,0.4327317844224269,0.4623876081538776,0.6142936596218025,0.4523529960844807,0.9914210967093784,0.3924143193425438,0.5129254659326258,0.8019024248327156
1.0,0.5887088555997149,0.9768311625712648,0.7754481571488121,0.4456641107406759,0.0,0.5856507230255844,0.4652982819861557,0.9922003182759694,0.4032666755754648,0.5137651400301384,0.8346952199046259
0.0,0.7632732090084583,0.9746414108741909,0.7612754872024252,0.6926166211981238,0.5008154131777807,0.944444444444445,0.4500587082225904,0.9924233138150031,0.4118320321707691,0.5127758354825722,0.8094539382976842
0.0,0.7865076938754711,0.9653704989619442,0.7269067349302879,0.7052098511831896,0.4641455570367506,0.9919642857142854,0.4829353128730672,0.9919582176922468,0.4167895854843183,0.5149566290052425,0.8754822469863516
0.0,0.712014674411495,0.9566902961016444,0.7018046888081289,0.6773278047523388,0.4284503708229077,0.9014675052410904,0.4838097951844516,0.9911112013477468,0.4144578965020765,0.5150564339747568,0.8669061563175934
0.0,0.7459492509935801,0.9545251312968644,0.7215684946204058,0.7066837401374256,0.4620240391797675,0.956906592126718,0.452490555099755,0.988750172991494,0.404933441998414,0.5130030892648807,0.819282289993296
0.0,0.6134719249974523,0.9491847185315748,0.7103944849398678,0.4721599384896152,0.0,0.9031723484848484,0.5130951269718839,0.9856792075852584,0.3896700366259367,0.5136055825052577,0.8716622183993827
0.0,0.6544379904208704,0.9457003844251092,0.7235880529641303,0.4414748592773639,0.4530580767791812,0.9511260182079542,0.5378704881871192,0.9824611923581102,0.3763916882470584,0.5154508427490749,0.8637185827946923
0.0,0.6749210231325792,0.9381468500076496,0.7142871077203625,0.3778730956531653,0.5074356374572234,0.9747170719961472,0.5695483642759236,0.97969458939292,0.3588682834100462,0.5139864191718035,0.901887245911178
0.0,0.6530113115255273,0.9291493495301222,0.7309849828829831,0.4329906520884443,0.4743212197826944,0.972508591065292,0.5868316719807025,0.977193783229672,0.3452527061900388,0.5115209181071798,0.9127654730131424
0.0,0.6642209314175072,0.9186089132932695,0.7226431535922648,0.4409814893466265,0.524004356803498,0.9273441335297004,0.6078929397835411,0.9746587407276592,0.32993605369337065,0.50934756105238,0.9151435040540368
0.0,0.7335167634770202,0.9076207964533088,0.7199941215005802,0.4009023414972237,0.5164571275103345,0.9425625920471279,0.5998359117460662,0.9725064470425164,0.3221658506259182,0.5088450487599274,0.9034177871662216
1.0,0.7308672169570978,0.8975431712655917,0.7143754709256296,0.4001111272862341,0.4584442962792813,0.9631520766436806,0.6087084682312371,0.9708578865232956,0.3144224056694737,0.5094554826554583,0.9169712991891928
1.0,0.6488331804748801,0.8859279217637814,0.6935743003240638,0.3727214689694779,0.5853647441004719,0.9806807175285936,0.6253629347233342,0.9702160610409002,0.31476821409745226,0.5069432320140335,0.9282100256776756
1.0,0.7233261999388565,0.8741580843523493,0.6628033855769886,0.4098694343793359,0.0,0.9813581890812252,0.5969127826714942,0.9693507330539624,0.3168613912744665,0.5084008223467535,0.9249212593445236
1.0,0.7171099561805769,0.8614648991583882,0.6313082801296415,0.40817582238149663,0.6458443410998782,0.940787271837912,0.5687082717183576,0.9690483998167128,0.32602733340460466,0.5066086913008683,0.8860189483537194
1.0,0.6296749210231325,0.8496271641734029,0.6134588339302377,0.4015823709269556,0.0,0.8872796297259345,0.5657409272460192,0.9690940883700292,0.336038378724192,0.5063489951588641,0.8890673817625254
1.0,0.6691124019158259,0.8383256667667316,0.5981790838858869,0.4202002573700313,0.6712078192869124,0.8565968069062357,0.5337977587706151,0.9700380548412048,0.35215867733349804,0.5075721826914087,0.8864047459428004
1.0,0.6361968816875572,0.8242570315352731,0.55220708757561,0.4081892774115688,0.6325004813597851,0.9803237067597588,0.5113314238831926,0.970740792172978,0.36445026697735294,0.5095618681094003,0.8842607232756113
1.0,0.5580352593498421,0.8161526176066853,0.5373397520771667,0.3737037931404319,0.5552706828855051,0.9540772532188844,0.45327660661560604,0.970060217039902,0.3749874147659956,0.5057007176331587,0.8076957132195756
1.0,0.425659838989096,0.8132624113165009,0.5403922108112131,0.3412111046725465,0.4127000091982428,0.8863224333579531,0.4128833843448017,0.9684221422996876,0.3777485466042,0.5029376121693906,0.7492884880529241
1.0,0.3795984917965964,0.8131872045225931,0.5519468370241588,0.3683132010163528,0.4900193113766032,0.8145122537241705,0.4532864322595544,0.9668619232443736,0.3846287879200714,0.5021764514155406,0.7851929620400468
1.0,0.3059207174156729,0.8125030844577603,0.549032679589497,0.3755048481894161,0.4882418209924213,0.4657280474249723,0.4524266884140921,0.9645147687752814,0.3873269826594175,0.5021516106144432,0.7754721277053265
1.0,0.2425354122082953,0.8139401492937692,0.5621238369921919,0.38514754643457016,0.5349794337321782,0.33567988143756977,0.4271305680696046,0.9628605460350124,0.3882732201694742,0.5004669965841297,0.717760603109149
1.0,0.263629878732294,0.8170270140327425,0.5871312548287159,0.34955601424929283,0.49682535325423605,0.3938495739162654,0.4209600636701728,0.9613112008853664,0.39119284977665736,0.5037060294739792,0.7146362750926548
1.0,0.2546621828187097,0.8186314187470554,0.6240175304104602,0.3434609368086459,0.3595357281851416,0.3586513523527227,0.43874447921630655,0.9619311675875594,0.3966739674851598,0.5013285643609326,0.7234969705402429
1.0,0.35728115764801793,0.8228069192218916,0.6832692933404894,0.3735521590912322,0.4792266197278008,0.7317525009262695,0.3797070975539063,0.9633993786810128,0.4084151771167557,0.5006057226116603,0.6911848413170246
1.0,0.26862325486599425,0.8190474086097135,0.6918738950920136,0.3682571919635441,0.4762946838994678,0.6402371248610601,0.4319107438503751,0.9653300910017903,0.4080867863527631,0.504275380062184,0.7922068887005578
1.0,0.3296647304595944,0.8163072102946312,0.6920546001340382,0.4096042299787657,0.5414346148548664,0.5777537796976235,0.4375899660523999,0.9643234699445472,0.402815381627606,0.5009851539342995,0.7940916047914793
1.0,0.3687964944461429,0.8095362687959421,0.6446555001435263,0.3809304538772729,0.5319263771300617,0.6241900647948165,0.443603260148662,0.962730388383318,0.3869161991400325,0.5015301084831307,0.7675980621576837
1.0,0.4279017629674922,0.8034177736894863,0.6223362535146005,0.41564047264734655,0.5308310757149068,0.5183585313174948,0.4484030872173288,0.9613664079880012,0.3770619899170157,0.5018177252033916,0.7894746828237855
1.0,0.3673698155508001,0.7970201155849609,0.5976152649959953,0.3807417544066343,0.5575409545897894,0.2958963282937365,0.4120531174311836,0.9613035843758531,0.3720499153218565,0.499273827058871,0.7411740895809354
1.0,0.42932844186283503,0.7960503241914945,0.6202971695769133,0.41776603970361403,0.5335019339684898,0.2804175665946721,0.3589504247134596,0.9615754470569025,0.37630658053835264,0.4990887999761262,0.6836017050988525
0.0,0.5220625700601242,0.7957911374862471,0.6340078214233607,0.4239194844353841,0.5172197131766959,0.5786701777485184,0.35075583766071045,0.9618387430049076,0.3885249483840766,0.4984410563459755,0.6917224281214819
1.0,0.39651482726994797,0.7923426186993794,0.6338223930117786,0.4007068183754448,0.5526398622608188,0.26991441737985483,0.4310510000049128,0.960952912408882,0.3875160275762154,0.5006741365747782,0.78372566629141
1.0,0.40181392030979296,0.7934654197825735,0.6311189561722108,0.4043660219151208,0.5618553091675274,0.23732718894009155,0.3879360743604733,0.959195334772932,0.3904611944737912,0.4976068870458527,0.703271057591358
1.0,0.5292978701722205,0.7943709903616494,0.6116824088110218,0.4397158963253051,0.5760309359242928,0.484857662023016,0.4166171290450947,0.9584117257232364,0.3915656023990453,0.4997635782440013,0.7464930366697448
1.0,0.4846632018750637,0.79132690360213,0.5807983497409449,0.4140509084121906,0.561866603010714,0.3901022947193809,0.4432593626104773,0.9562938009423021,0.3875846382453305,0.5017454542195628,0.7880516589296331
1.0,0.4768164679506777,0.7925380412406176,0.5770805043935171,0.4096497287354504,0.5957046530513349,0.3372961017417752,0.4178698986484827,0.9547959752442524,0.3774541518007805,0.5000831073054021,0.6948467561379766
1.0,0.4838479567920106,0.7958494635792215,0.6096360485536249,0.4147232926942437,0.561030328169611,0.35303265940902023,0.3830527293182477,0.9532170298998658,0.36851322341166304,0.5010190817910601,0.6829882236867073
1.0,0.5686334454295324,0.8006331319258146,0.6598056687790281,0.50429025086227,0.5018292113219435,0.6360879454131919,0.3597708659831293,0.9529907812369104,0.3683145086830443,0.4992774808311167,0.6438772025247608
0.0,0.5732191990217057,0.8005346086097631,0.6921678040609838,0.5085022638297286,0.5379277297421187,0.6782916350770783,0.4663791028204515,0.9509140321037376,0.3464858100533881,0.5037960633249753,0.7612545378650849
0.0,0.5785182920615511,0.7998330734740966,0.7378428490694293,0.5119265087796333,0.5846681505673615,0.7503158958807181,0.5441982028897221,0.9470343526872936,0.3177468128792437,0.5061223663419754,0.8290853434863454
0.0,0.5638438805665952,0.7959959703934048,0.7586871263450308,0.4879446206499463,0.5553510988319326,0.8188021228203182,0.6046799542124988,0.9444074546103428,0.3001618919029612,0.5071631458824287,0.8599997470179741
0.0,0.5944155711810862,0.7892488179599852,0.7555765168350745,0.5074782624762235,0.5851658443809753,0.8061662875916095,0.6414671651543363,0.9418736226241744,0.2984834553561692,0.5096290182918909,0.9396258395840976
0.0,0.6111280953836747,0.7794328640361103,0.7148926763823104,0.5175012641217699,0.6305499134272535,0.8043972706595904,0.6668517162943568,0.9400609093420206,0.2980259127217736,0.5078923994323954,0.9493466739188179
0.0,0.6605523285437684,0.7682422433031728,0.6662914416020311,0.5270222220413117,0.665659891620345,0.8043972706595904,0.6847638652118164,0.9364350814792431,0.28877520694555936,0.5055599611372485,0.9612368291232908
0.0,0.7796800163049016,0.7577160639774492,0.6276451830241113,0.5804301935674351,0.6711318160379175,0.9621553884711774,0.697645284427828,0.9351317517826676,0.2930966837163511,0.5066448251719465,0.9546592964569866
0.0,0.6505655762763679,0.7436327246580658,0.5688774449218539,0.5202076413198337,0.5565980123337141,0.9930273097036604,0.6878294661236356,0.9337452681902416,0.2965901801847713,0.5053140389756553,0.9959522875899663
0.0,0.6066442474268827,0.7346955038037521,0.5344284418852997,0.5411529136737454,0.5492771366589168,0.9795602353669868,0.6603225758908171,0.9350167108339285,0.3139360947397508,0.5036208800367877,0.9997795650082829
1.0,0.50810149801284,0.7241945472479006,0.4901624854198594,0.5315782738115017,0.5281354475688785,0.9076921856783702,0.5869102771322876,0.9354718102280264,0.32500500200086635,0.5013951488867169,0.9912634591795008
1.0,0.5315397941506166,0.7173897436440675,0.4697483308101848,0.5475801585898405,0.5303614152598537,0.9237357259380096,0.536509636500302,0.9373300988130708,0.34705579239372264,0.5013918885059963,0.9434510017718409
1.0,0.4751859777845715,0.7075091390428441,0.40854010007998703,0.5102686457444113,0.5016162392342643,0.7215020116227092,0.5326530712506568,0.9370246681956051,0.3565692909434077,0.5009365210650623,0.9655308709281716
1.0,0.5365331702843168,0.7027198035083897,0.3726584329454217,0.5563269122110205,0.5915640512115443,0.6538600557055687,0.5155220610270743,0.9366922236420588,0.3654942787406419,0.499796427246016,0.9324246967425374
1.0,0.5227759095077956,0.6992480520611489,0.33118905831468026,0.5373026421668051,0.5043985859558535,0.7966366836136101,0.4989609381524839,0.9359763605487288,0.3734863103689071,0.498415714317061,0.9340261687338146
1.0,0.472842148170794,0.6959799650326328,0.3264875841097499,0.5431208583571072,0.5103779667479572,0.7375831052014087,0.5186760927344278,0.9357428391031648,0.3866110019252715,0.4998391081544306,0.9707509881422924
1.0,0.4112911444002853,0.6949266193743893,0.3450152725040893,0.4997830782232605,0.5546904031900342,0.4892452092295657,0.5149767377879527,0.9340188706907578,0.39553106561189255,0.4995213256266453,0.9729726046067869
1.0,0.30215020890655264,0.6967617953017127,0.3548960441053475,0.4649402734746317,0.4894063645375403,0.4630426280797813,0.5024490417540739,0.9321529911506172,0.3872077037111601,0.4987492390006775,0.9350415701240284
1.0,0.2777947620503416,0.6986299837342504,0.3570356926878604,0.49731842330876397,0.4750325285230075,0.4184591317950732,0.4930508133176781,0.9298013559256284,0.3739888721154549,0.5017541759005794,0.9271091726863842
1.0,0.30643024559258125,0.6980926400304943,0.3241769438257153,0.5191496228601413,0.4824396009960153,0.35275713727023905,0.4816628919817834,0.9279504971339428,0.3645651399549629,0.5010143511587705,0.896558538912362
1.0,0.3500458575359217,0.6973636428439964,0.3047273984979841,0.4998648378366088,0.5031955136374685,0.44035979663668345,0.4685309188450938,0.9261869453189668,0.36740090468244346,0.5000941059445545,0.8739948207714321
1.0,0.3861204524610213,0.6959276719803995,0.2762654707576402,0.4750396810462326,0.5345558924587407,0.4880719593273376,0.4772413522051203,0.9260399855803804,0.3757866225939719,0.5007457102499254,0.8898528008722911
1.0,0.42922653622745344,0.6919685739697345,0.2264246563614105,0.4545152322745538,0.0,0.5791943684004696,0.4554087713523525,0.9254973054089398,0.3817339675961916,0.4989215272272374,0.8972127572577342
0.0,0.5529399775807602,0.6875230785974786,0.17911571053163994,0.4849683321736045,0.5225579030878965,0.7414939382088391,0.4562390382659701,0.924363090670345,0.3862672060490453,0.4990391361698044,0.8832288401253916
1.0,0.4950575766839905,0.6811393602934444,0.1410612930113643,0.4992249137854158,0.4900736881881325,0.6927835051546396,0.4767107674319208,0.9215762221590416,0.3818780150436272,0.4968995783637091,0.8957339512062151
1.0,0.4367675532456944,0.6783674084144311,0.12296781437024715,0.5077329373093357,0.4637372130667498,0.6222680412371135,0.4399088180241612,0.91755547719035,0.3691193338551194,0.494294936807014,0.8237767479896415
1.0,0.3977376948945277,0.676334988836627,0.10837075988818906,0.4837489911892792,0.4755800453208958,0.42226804123711376,0.4668949491277285,0.9146545019112768,0.3599232351567643,0.4965109093646173,0.8063172958975059
1.0,0.3286456741057781,0.6766356222631051,0.09276049142636612,0.4836961433500631,0.450487663785568,0.1971134020618557,0.4341264265606808,0.9119164689769054,0.3511248794963626,0.4977064140426675,0.7724955703966201
1.0,0.3538163660450423,0.6816190558720623,0.11004578269225897,0.5024235560480559,0.4368070899673336,0.4218556701030936,0.4052095564213037,0.9114361780229088,0.35274846280466376,0.4955580909391003,0.7157012402889464
0.0,0.33557525731172944,0.6838628996337441,0.1347614857024783,0.4892353937710139,0.4538530509044492,0.4944329896907221,0.4318026617669458,0.9107393515047414,0.3553603632656702,0.4976111889231361,0.7698855117895598
0.0,0.3274228064811984,0.6844421780301182,0.15236107695253825,0.4836557087705898,0.458281891012516,0.5327835051546398,0.4356051859748761,0.9102988049869072,0.3592588724181224,0.4942056180849842,0.7705601744582253
1.0,0.3042902272495668,0.6826918712898333,0.1530830903213291,0.4653705946243888,0.4831026913602437,0.4280412371134019,0.4463151378783485,0.908903113079778,0.3612660757289139,0.495055708665746,0.7862545999727406
1.0,0.3273209008458169,0.6847124411510328,0.15785230307056544,0.4831672727776407,0.4559321067511968,0.3876288659793817,0.42813278375231534,0.9074406262830316,0.35586270321800817,0.493732891900545,0.7458566171459724
1.0,0.13961072047284204,0.6872403944265104,0.15897303506533175,0.3970569739820027,0.5059809665146403,0.060618556701030876,0.41698067787117626,0.9057930563054508,0.3534458735130903,0.4928933601922876,0.7262709554313753
1.0,0.1802710689901152,0.6967994657013834,0.1993956799846771,0.42071927991518615,0.5047237005841161,0.19889502762431,0.3672678323155599,0.9055891792337708,0.3606139574011201,0.4889760012919554,0.6456930625596289
1.0,0.20442270457556308,0.7007620140694549,0.20730188573785774,0.4362759355835886,0.4947871999523652,0.31595303867403324,0.34912969358729345,0.9063606378840322,0.37549479970289423,0.4874189107602656,0.652139839171323
1.0,0.23224294303474974,0.7019719140733653,0.2016219249992054,0.4614699475455097,0.5074741160228107,0.3052486187845304,0.3698224997420768,0.9066304708019668,0.3883580718522817,0.4890780969859064,0.6974717186861114
0.0,0.3767451340059103,0.7057126296364107,0.21655944483710365,0.52004621276845,0.4857849693302802,0.6519337016574582,0.3828709549052072,0.9064287662884244,0.3960462277605389,0.4901725350199325,0.6871064467766117
0.0,0.2916539284622437,0.7041655884528468,0.21006326133660666,0.4600305409403605,0.4847944418336235,0.6950966850828726,0.3947894610143015,0.9053514404157508,0.3998284357510196,0.4910812658404163,0.7261823633637726
0.0,0.2384591867930297,0.7037060455134552,0.21923181393405886,0.4667253288968655,0.5044093026217338,0.5400552486187848,0.4044235049054528,0.9060787799640077,0.4133184878613197,0.4918691358917499,0.7250715551315251
0.0,0.2066646285539588,0.7032392554428468,0.2060845751524764,0.4911417570768887,0.5004235687989428,0.469613259668508,0.3364202231403741,0.9049158173175316,0.4130649161615235,0.4900435248345068,0.6704988414883466
0.0,0.1806786915316416,0.7050656907975548,0.2014902698976644,0.5178300359641569,0.4944462558672149,0.3679060665362036,0.3372357515880697,0.9034348682909399,0.40675962231656415,0.4901602220311472,0.6293716777974646
1.0,0.11444002853357782,0.7089640242993578,0.2136442686793904,0.5259809013201623,1.0,0.3038548752834465,0.3398493728782748,0.9005173007551112,0.3877162440934221,0.4904190912082492,0.5978601608286764
1.0,0.0,0.7143080708117182,0.23651146727273875,0.4342705597881768,0.475624666156606,0.04059579439252379,0.34695331345278024,0.8983390407237725,0.3726386234005065,0.4910216439569127,0.5922516014719909
1.0,0.03179455823907068,0.7232859241564631,0.28704824920606603,0.4029179340611681,0.5064152464206922,0.002333722287048206,0.2880338395177576,0.8957194725996119,0.3595310076933221,0.485997611681476,0.4893757666621237
1.0,0.1020075410170182,0.7318455063534399,0.3277999080533543,0.4184682088387591,1.0,0.11492231017297022,0.35776643461770874,0.8937169562977799,0.3508677961665204,0.4883419647744216,0.5352119394848028
1.0,0.05625191073066327,0.7384691015678237,0.37616972384165775,0.4376215322474363,0.44390162537188893,0.08444962143273167,0.39991353433325627,0.8926098722607155,0.34684411592682873,0.4882717955050132,0.5830039525691697
1.0,0.08305309283603363,0.7475820539166049,0.4315842543453583,0.40970766995074215,0.4397709901818064,0.008884501480749651,0.3748434037995766,0.8918551246853271,0.3439907260814954,0.4898046215588602,0.5665121984462314
1.0,0.11066952002445753,0.7553732891104081,0.4769115124111054,0.4270506975216295,0.4958632778923557,0.007315288953914301,0.40884995750408987,0.892050932982858,0.3437175060483174,0.4890434472504544,0.5830039525691697
1.0,0.16019565881993247,0.7599857930507239,0.4875797881596682,0.41730684573002463,0.4391700730025216,0.11878968995143745,0.4045905408525709,0.891926214419753,0.3427521084554899,0.4886106842799303,0.5960610603789012
0.0,0.2760623662488536,0.7628076206641736,0.4860980250775748,0.4891348313692858,0.4986282563488632,0.16591928251121074,0.4020800888238212,0.8909334954581068,0.3382157670740238,0.4883593711304875,0.6032233883058469
0.0,0.2800366860287373,0.7648265483719128,0.484190361826313,0.4926406925639746,1.0,0.15582959641255564,0.4832251693695376,0.8895453175368554,0.3332464962924723,0.4916168436641348,0.6569578846940167
0.0,0.24253541220829503,0.7699044511770246,0.5008241596565064,0.5068638923051978,0.4976065004045949,0.034753363228698764,0.4999484153692722,0.8883536832734008,0.33231799897769176,0.4929977140936515,0.6864794875289626
0.0,0.35402017731580543,0.7781793809695197,0.5482692994665768,0.5506746252458999,0.4829688469617279,0.3200354609929077,0.4411075465858345,0.8893645003090763,0.3435061935299686,0.4917603536412383,0.6324860297124166
0.0,0.34158768979924603,0.7801282854392241,0.5622887458839051,0.538561356017249,0.5099751945973382,0.33333333333333376,0.4898820431444025,0.8914295082385079,0.3614352991774944,0.4957421028872048,0.7220253509608829
0.0,0.369000305716906,0.7818766307570679,0.5851797019525695,0.5154004022271345,0.41661370774909984,0.37854609929077976,0.5025915135913219,0.8942960785249082,0.3834847735356708,0.4966009290630462,0.7729317159602013
0.0,0.3564659125649648,0.7830192390221526,0.5836123690848438,0.5030375641075581,1.0,0.24379432624113476,0.4467916816098335,0.8966973874118301,0.4068567695459243,0.4953938353540792,0.7651219844623138
0.0,0.3013349638234994,0.7857965192581968,0.6069453787520368,0.4926573834212132,0.5352876812313917,0.06028368794326301,0.4109329940210957,0.8965438401631062,0.4069541651642597,0.4962025600480349,0.7290786424969333
0.0,0.427392234790584,0.7920106728125538,0.6605365988804215,0.5891716676302668,0.563527582386019,0.4068013295832273,0.40951318847058976,0.8940435126043457,0.39444065881291934,0.4962746411609034,0.6697969197219574
0.0,0.4396209110363801,0.7922628635287485,0.6929248194683063,0.5561929063604499,0.5466683412124254,0.4441319355663513,0.5181012925634612,0.8919397844212121,0.3807171752540132,0.5015629693907931,0.8031688701103988
0.0,0.4544991338020993,0.7937219285501615,0.7267548492174876,0.5269602814105241,0.5649626335317341,0.5315789473684216,0.5048661501653164,0.8896648144313529,0.37497712822563145,0.5003373698253408,0.8038639771023577
0.0,0.4250484051768061,0.7951092224630001,0.7566581488973503,0.4808381170740876,0.5643814762424564,0.5425837320574163,0.5479515988779113,0.8880566927503578,0.3748029323347437,0.5002594016372464,0.8229112716369085
0.0,0.455925812697442,0.7956413947872487,0.7881914310018516,0.5252011707443773,0.0,0.7626794258373202,0.5546772521604135,0.8836237221187632,0.3567433626637009,0.5007744815840817,0.8379378492571894
0.0,0.5309283603383267,0.7927750664331956,0.8019292587740674,0.5705038652201466,0.4474609648324032,0.9177033492822968,0.6672545676962303,0.8797216716046318,0.34474248278668784,0.5064833377915228,0.9201921766389528
0.0,0.5161520432079896,0.7849275443709163,0.7714158739022687,0.6037906879214135,0.583815043316186,0.8727272727272729,0.7110622012390136,0.8773377306278106,0.3425806748666941,0.5064066789933458,0.9612034891645084
0.0,0.5609905227759097,0.7784092577303636,0.7381652108106312,0.6428025822764443,0.0,0.7619252256123769,0.6431227861595981,0.877247404222797,0.3549358913434193,0.5039626807944729,0.9405002044432328
0.0,0.5918679302965456,0.7709105154905493,0.6975065953368209,0.7013331242121531,0.4613141741464098,0.9218277945619338,0.6293423205223312,0.8766975589510021,0.3623514243119814,0.5064800147900976,0.9341420198991413
0.0,0.6365025985937023,0.7619001685512068,0.6640050571352103,0.7303486213806846,0.6597979010865962,0.8795008912655973,0.6802637202835677,0.873022022205694,0.3492957760794213,0.506964638676507,0.96579721219647
0.0,0.6731886273310912,0.7529270587358006,0.6365889688146181,0.7120880802289904,0.0,0.9040715607649594,0.6935086883256611,0.8711559048070182,0.3464067801342846,0.5082500835766249,0.9491768269801526
0.0,0.6398654845612965,0.7449231248043835,0.6146567746919923,0.7052011747049381,0.7521188844321981,0.8751059621361971,0.6355865172513743,0.8690790634239348,0.34214538878439915,0.5027965071434312,0.9503162376251136
1.0,0.517069193926424,0.737664543697542,0.5937684394537691,0.6429371527158261,0.5020819802844538,0.8245071511403171,0.6726046308259926,0.8691438451284822,0.3472105395906557,0.5021298460171558,0.952861148826134
1.0,0.5201263629878732,0.7353434852203264,0.593133966773682,0.6458449175468401,0.4823286414114348,0.866303436714166,0.6611577556264089,0.8695624672711685,0.3601487758770009,0.5008393620194007,0.9746873443544588
1.0,0.5209416080709264,0.7335769224813162,0.5996231997014463,0.6466534966391171,0.51761568867999,0.8847443419949705,0.5877700209777498,0.8683161195520642,0.3617194359805965,0.4981327674460186,0.993018928636383
1.0,0.4720269030877408,0.7293768996690853,0.5847223714367612,0.6221319235360406,0.0,0.8658843252305117,0.6339014193142679,0.86873503670035,0.3761015385639472,0.5021791785519819,0.9606444107589802
1.0,0.5696525017833485,0.7263458335248918,0.5822087471672706,0.6558513532540067,0.5001952712696558,0.9295892707460182,0.5665908454475332,0.8688481991934284,0.3842011051872184,0.5000526123234235,0.9596855501110444
1.0,0.5158463263018446,0.7204333832384662,0.5587286028226273,0.6435990536965923,0.4828846440210239,0.9007465963987706,0.511483721364389,0.8720083331584382,0.4085524655340299,0.4954587276919483,0.9649874854584553
1.0,0.4887394272903293,0.718087114781097,0.5672880123803339,0.6677089916278297,0.5515596835390039,0.862546125461255,0.5059224068897418,0.8721761381976602,0.4160770562973791,0.49878581052762105,0.9995068307619832
1.0,0.4793641088352189,0.7139782177225478,0.5557849514328673,0.6569340785141303,0.4793195992969718,0.9211254612546134,0.4845074159047696,0.8716952449691046,0.4211351961042942,0.4973419330315912,0.9859175256165831
1.0,0.5108529501681442,0.7070448528379936,0.5317627597907689,0.678646441881884,0.4555990970244192,0.7933579335793361,0.4503240006091901,0.8712841350371344,0.4297158391478765,0.4945526599488297,1.0
1.0,0.568429634158769,0.7007484984302843,0.5149310677307357,0.7113018825093701,0.4812482934075033,0.8003227107704725,0.42957224059071797,0.8710784246795863,0.4414582073458878,0.4930978391639168,0.9817780360255668
1.0,0.5477427901762968,0.6954098328457112,0.5066081991705175,0.7347040988062151,0.4733105525522815,0.7932505818463932,0.4334877597040516,0.8693101916751459,0.4441854519571122,0.4896812689329903,0.9950352777190468
1.0,0.5800468765922757,0.690798731473367,0.5006413280833599,0.7215674056465342,0.0,0.9142746314972856,0.4180614987054712,0.8687743030438005,0.4516535946819288,0.4885814023727938,0.9765462455078492
1.0,0.6284520533985529,0.6829062371461676,0.4683287407619092,0.7121229681380704,0.5042754006961583,0.9756376094404268,0.4020948272897432,0.8677820368724097,0.4561024907740915,0.4872754021718458,0.9972653048357604
1.0,0.603485172730052,0.6736276004584634,0.4362232319884785,0.7023575838274146,0.5101046768517729,0.9076770350761088,0.41005851170971136,0.8649820180052606,0.4479710412668296,0.4879023393225425,0.984671521341656
1.0,0.5879955161520432,0.6678967211371336,0.425168956708799,0.683656074247022,0.6053389758792639,0.9477611940298499,0.4357820475659424,0.86068824290037,0.4324404446244202,0.4899425499386785,0.95663892566673
1.0,0.4694792622031998,0.6628596672690779,0.4268177694008902,0.6427737232172598,0.3782197920042384,0.8481116584564855,0.4559098791937079,0.8563138393484516,0.4140051797224517,0.4877535988827285,0.9747178614210958
1.0,0.4308570263935593,0.6610934319893679,0.4379319997103433,0.6085423170031773,0.5447441385189057,0.8661740558292276,0.4371379864307858,0.8525823449404429,0.4018668290520983,0.486498133704486,0.9896087706415752
1.0,0.3832670946703352,0.6576717771075193,0.4343998435017735,0.5749270215045822,0.5127280237512444,0.6325944170771752,0.4542100427906791,0.8484110546893927,0.386643844622394,0.4878674826806054,0.9759985655492746
1.0,0.3560582900234383,0.6564525964930545,0.447890220947365,0.5524625990818172,0.5523877015129507,0.4958949096880134,0.42955258930282136,0.8437887470625999,0.3711734134496004,0.4861697371865194,0.8890862207346433
1.0,0.3647202690308773,0.6577816126296576,0.4643462315849082,0.5600578704412543,0.6254058041415624,0.576354679802955,0.4285700249080073,0.8416193478706254,0.3677803058656063,0.486250583758633,0.83327925681791
1.0,0.3754203607459493,0.6585232919480861,0.4866633449532801,0.569528191601407,0.5563094074568707,0.6752873563218393,0.3975455541417546,0.8411592677477139,0.3746906492889596,0.4873841006814388,0.8290271350262131
1.0,0.35503923366962203,0.6574554288306196,0.497220437283737,0.6015063727864369,0.6978782750940491,0.6358784893267652,0.4135220512014305,0.8427683105013591,0.389389588842974,0.4885821016650253,0.8788486825253162
1.0,0.3625802506878629,0.656435403042297,0.5539481330085181,0.5582073054572421,0.7456933415756128,0.6506568144499173,0.3796874462660096,0.8418683794876629,0.3876805970190113,0.4896142833313773,0.8537116412507045
1.0,0.4109854274941406,0.6556718020061547,0.6130123945369166,0.5543839324640527,0.5421362593546198,0.8292282430213467,0.4222079204515866,0.8388694683904846,0.3763443078850925,0.4892545975217111,0.8769873119418026
1.0,0.2943034749821665,0.6515971271656003,0.6396781023798157,0.4848463163025496,0.6156571569603483,0.4983579638752056,0.5268903310750728,0.8351814939617758,0.3605171944584712,0.493728634292148,0.9858262606943424
1.0,0.3504534800774482,0.6526991167892624,0.6555304348148624,0.4943358756297436,0.6691705934219644,0.6465517241379307,0.4580027413546614,0.8328045172576625,0.359429900910524,0.4922939745739936,0.9382820008237608
1.0,0.3511668195251196,0.6505959955566314,0.6607145519098527,0.4951536467395545,0.7508813761901343,0.6814449917898188,0.4540086170897427,0.8317296683705023,0.3659584792029905,0.4918832794208289,0.9585556725092677
0.0,0.3710384184245386,0.6482533878688956,0.6820797019180249,0.5174750594648064,0.5264961098642208,0.7713464696223309,0.4568138384369364,0.8304642758352537,0.3736044803295616,0.4922128413409267,0.9264289963846049
0.0,0.31458269642311226,0.6436179061674259,0.6802604766065181,0.4437055141986779,0.4764736519759192,0.5975902278052775,0.4576932335702954,0.8271795349152871,0.3683357951451155,0.4922689435326801,0.9321953228685188
1.0,0.2701518393967186,0.6412256334895043,0.6693900142970343,0.3628222816254813,0.4755015259397754,0.31474009677911363,0.4629597787264982,0.8229760817689175,0.35202045829376283,0.4929063601376166,0.872234680334996
1.0,0.3209008458167738,0.6423279475858015,0.6735460908320661,0.3962674691229095,0.4579972316956548,0.3909987105361678,0.5080545716264878,0.8186378740979242,0.3374704218898886,0.4929281193953516,0.8776165850533156
1.0,0.3267094670335267,0.6429778220345022,0.679240670661698,0.40536836712156094,0.4691946810950665,0.3886878434526202,0.5061434838785747,0.8142979181921043,0.3176686869847967,0.49282963971108,0.8639970710722619
1.0,0.29002343829613786,0.6450331102360491,0.718086388123391,0.3898140265044676,1.0,0.24171669693902634,0.5324074301519532,0.8100005040494699,0.3006748325693719,0.4951208131984407,0.8460299299803211
1.0,0.2589422195047386,0.6485477636972643,0.7574038342251381,0.38334575342658106,0.4619983070506723,0.1115649066934034,0.5293762189939525,0.8092091718486106,0.2990054933802868,0.4952929053417315,0.7620337741979775
1.0,0.3143788851523489,0.6533834304646358,0.8066585666406731,0.43136729248195416,0.4722529615448861,0.05921357339258551,0.4490122771421129,0.8115082426393202,0.3175614059716733,0.488136835360738,0.7633060271841103
1.0,0.3641088352185875,0.6567712271101223,0.8474335625762209,0.4602147922719127,0.4776338596176745,0.13910457867504644,0.4340183444772512,0.8134435154382093,0.33348110954720755,0.4867376130839844,0.7996613427303098
1.0,0.4111892387649037,0.6579342387114442,0.8729578239630866,0.5069362146480124,0.5016529734402432,0.4799086153696144,0.5102407774049492,0.8151422768397353,0.3518603225130448,0.4891976398355828,0.8435586472015011
1.0,0.4333027616427187,0.6571625137080193,0.8981329903805246,0.5431413596408583,0.5013748133868571,0.4632586849145263,0.4357967860318642,0.8173869272394364,0.3745465492438905,0.4829128014551648,0.8496819367534663
1.0,0.4128197289310098,0.6552569264113468,0.899743010902668,0.5502955150308344,0.5004263724410556,0.47361727350678207,0.3903384443057937,0.8223496950428019,0.4117809321282081,0.479232881549156,0.8641984348542402
0.0,0.4846632018750634,0.6550343602514812,0.9328576061456736,0.6062817055799898,0.4636226402305673,0.5676040652287359,0.3627971643191569,0.8236403688575223,0.4279266821214307,0.4808512265819585,0.8386160816438609
0.0,0.4876184653011312,0.6531795587616389,0.9581285343791068,0.6113486828459029,0.4612088135823641,0.6869259010920485,0.3787147075151439,0.8240053826329853,0.43889280524874,0.4783485420616788,0.8436867877900327
0.0,0.5040252725975745,0.6509643005756613,1.0,0.5934001364066611,0.43597221956560894,0.7851946695932841,0.3671106220123903,0.8243392184993831,0.4454508775342063,0.4773980763310982,0.8739645782801704
0.0,0.5438703760317947,0.6417937963392251,0.9808046068436848,0.6336858660646225,0.4105334313416227,0.7707140107995231,0.3606699124043841,0.8232504453674431,0.4429074326787089,0.4768814540264836,0.8879044437325522
0.0,0.7626617751961682,0.6325872674217674,0.9574279954932648,0.7747036268396854,0.3882696402476558,0.8177891864417367,0.3934924760131464,0.8217145670854676,0.4314417969872753,0.479408320606241,0.8627705825820327
0.0,0.7915010700091718,0.6247296599045358,0.9230641107767178,0.8307531765534799,0.3998804984669315,0.9364821222848728,0.34620656451272186,0.8208673169839732,0.4294653184751066,0.479574924217506,0.8079172577914058
0.0,0.6940792825843268,0.618656137250047,0.906165940842788,0.6997111230075131,0.3997281706803023,0.8966116384040896,0.3307360881163747,0.8214456684281203,0.4364926705737455,0.4783689235563176,0.8350006864674381
0.0,0.7610312850300622,0.6127541606923956,0.8949269036114483,0.6923211508972196,0.0,0.9129795212604112,0.3376729927437621,0.8206673981109266,0.440472271164826,0.4789002839317435,0.8181227403780147
0.0,0.7941506165290941,0.6035739639959905,0.8670616886936091,0.6593976478546816,0.37888465177062103,0.9195894366588528,0.3524802381736092,0.8184452406776659,0.43407531377556696,0.4762980226996654,0.819651274541211
0.0,0.778151431774177,0.594898229053334,0.8540630982823736,0.6854078880622408,0.3824197078708642,0.9578924638307058,0.3528044844238977,0.8166811374360526,0.4305453720824126,0.4763358674767772,0.8075145302274493
0.0,0.7558340976255986,0.5874400287757917,0.8486449817659933,0.7172973151432427,0.4471432529355173,0.9709401709401708,0.3529911716589124,0.8138219163003707,0.4228014373964904,0.4763579473503994,0.8003386572696898
1.0,0.6843982472230712,0.5799705237972079,0.8405897008906611,0.6977569299279639,0.4179017628892581,0.8950427350427347,0.3974669489901692,0.8115764950597172,0.4150387557121191,0.4760283381592553,0.8050249416502673
1.0,0.6733924386018548,0.5737096347123745,0.8449458790792485,0.7310611119099529,0.5092000563114811,0.8809116809116809,0.3485450677723793,0.8088242380143714,0.4058793838018343,0.4760882746847229,0.7287721385748938
1.0,0.6834810965046367,0.5642423463080317,0.8247131248196037,0.6966120447274429,0.0,0.8904843304843303,0.3625220462886087,0.8076939794709582,0.4018583556989249,0.4771626351700967,0.7266029014690405
1.0,0.7695913584021195,0.5541778214537367,0.7874614489548144,0.69811082929572,0.5117233488393826,0.9219373219373216,0.3655434318026619,0.8067034942462276,0.4058917946505435,0.4774090740312862,0.7164614891766969
1.0,0.7107918067869154,0.5415672978295403,0.7274760274225045,0.7002873401947055,0.4235191056623178,0.9817429406036999,0.3916649062387926,0.8066808723206421,0.40992661361434135,0.4793585456799765,0.7869296599697955
1.0,0.7179252012636298,0.5302967767209852,0.647607111173699,0.7036104835065495,0.34627328141343555,0.980537078098054,0.3547155721718112,0.8062277262756766,0.4128726905830923,0.4802845967290337,0.7335133403505565
1.0,0.7794762050341386,0.5193681364919476,0.5949166960868378,0.727666076000043,0.4728860984583638,0.981818181818182,0.3564350598627357,0.8048805051282998,0.4073175059906176,0.4804437704361034,0.7123243787469681
1.0,0.6789972485478447,0.5067773715943309,0.5445610726782679,0.6936976797539988,0.4931003946697832,0.9200962695547537,0.35020068877764066,0.8027264383881053,0.4065351617604696,0.48000482737615,0.6722529861333578
1.0,0.7144604096606544,0.4969880678693828,0.5334384206435265,0.6684386388903036,0.5619093335258933,0.9611461874696456,0.3404634756250336,0.8002681271862474,0.4058004956536421,0.4792821696660241,0.6294448766646833
1.0,0.6615713848975849,0.4826840744704655,0.5006464344638704,0.6513107150376831,0.5395980103924968,0.8710512687726569,0.3444772511778489,0.7970790583291737,0.4031164110327419,0.4796408146183354,0.592650221957805
1.0,0.6942830938550901,0.4705799608910992,0.4648111093711617,0.6224631992095185,0.6286151682830846,0.9736325385694252,0.32485544021341284,0.7951824417575138,0.4032293787751856,0.4781208881475724,0.4874467987735114
1.0,0.7133394476714563,0.4546826421978313,0.4149385721105695,0.6311863248922559,0.7790905279468885,0.9664122137404582,0.3330795041980064,0.7946009269404705,0.3964820985578917,0.478766355927384,0.5328909432062605
1.0,0.7466625904412513,0.4392124784940869,0.35405607194787764,0.6496658838909348,0.6721744767818331,0.9752149721800704,0.3568428240865837,0.7951394054038771,0.39084068180916864,0.4806947167721231,0.5779598187725964
1.0,0.4842555793335373,0.4252872581355591,0.3008186604180687,0.5549562881983543,0.5845774872971602,0.6127019089574162,0.31580602213717585,0.7953751226471767,0.3809663984573809,0.4773929424570876,0.4914100041188048
1.0,0.4782431468460204,0.4267276796376441,0.3104486357371102,0.5486591656604127,0.0,0.6332599118942728,0.24562636023758394,0.7960552436733322,0.3842373172448119,0.4751895300488125,0.3841563315180083
1.0,0.5276673800061145,0.4286294821932156,0.3176013633223461,0.5897943993403182,0.5522071333049926,0.9144640234948612,0.24321907747028956,0.7977717371418577,0.3956322133102009,0.4749925607570071,0.38701203606242257
1.0,0.3992662794252521,0.4249720590347091,0.3008593372579688,0.5385269422390708,0.5049279353559804,0.7826442898076135,0.28024701668885604,0.798935055330784,0.4029552629788888,0.4781037834808141,0.4755663356368128
1.0,0.39152145113624776,0.42407999346576347,0.29954352097807285,0.5334365433520483,0.5430496425003479,0.6594351207531725,0.2404678971648103,0.7999421942582979,0.4110124787838095,0.4747046865030202,0.3994508260491511
1.0,0.4074187302557831,0.423750770845365,0.3024829815487773,0.496170481601093,0.5306367394290867,0.7106017191977081,0.2181636854025321,0.7998852837797391,0.4138499831591146,0.4764969666809279,0.3719555169099813
1.0,0.3772546621828188,0.4230750367298404,0.30554251281290123,0.4716662140059117,0.4859469431621055,0.7282030290626283,0.2463583707117205,0.7990353550526285,0.4127668426187021,0.475184147064797,0.3822159168916756
1.0,0.417915010700092,0.4223078383229184,0.2908404918445721,0.4524290260905513,0.49250051621672397,0.8788374948833408,0.2494927511311773,0.7979343082672145,0.412778627470704,0.4754100911321942,0.34431376138391856
1.0,0.4242331600937532,0.4180211981774145,0.2526616884866345,0.4051491920210929,0.4616227597074915,0.9563890100305276,0.27313325047040243,0.7976451194547746,0.4164245843026765,0.477460781309844,0.3931902430094731
1.0,0.4232141037399368,0.4131479045131624,0.2078614677057168,0.4046262775101923,0.4708652797906033,0.9652056032535016,0.27644449248092584,0.798487953280186,0.4315732807494129,0.4777409882004089,0.3891538144707336
1.0,0.3490268011821054,0.4101904965240576,0.1852362982876534,0.3990983888281005,0.4718873348760784,0.6457297785811116,0.25492633223449884,0.7987585342109488,0.4379091387181415,0.4795893574385321,0.3653745823989748
1.0,0.2946091918883114,0.4123305120552389,0.2028633241622975,0.3604919239677444,0.4685026086608554,0.7223427331887199,0.23238630501746504,0.7992806273460765,0.4479273288371477,0.4775539142083596,0.3010937714521074
1.0,0.24172016712524205,0.416509444861399,0.2332239898340362,0.3729577209342145,0.49916939016283507,0.6224644262791404,0.2251398926057116,0.7990167007026484,0.4440059819823709,0.4768987293088609,0.2845270239348314
1.0,0.060735758687455225,0.4184410758128904,0.24474318356049665,0.2995546985641764,0.5629789059431455,0.2472497249724971,0.21472471002068305,0.7989451226005572,0.44267699936051785,0.4758860395891034,0.2347260994920143
1.0,0.1700805054519515,0.4230493950901048,0.27207173933814977,0.32567388625911264,0.5309885910725396,0.3892617449664432,0.1445204840112209,0.7990479403335337,0.4381246187287471,0.4690183197527474,0.08755663356368157
1.0,0.19127687761133172,0.42081083564516425,0.2742391439347207,0.34083615867437295,0.5287306689608096,0.3363161819537656,0.2349016698681891,0.801727582356277,0.4592127760905325,0.4736030617679782,0.2530685094503686
1.0,0.17252624070111058,0.41872542885089503,0.283426025592139,0.3741359014998534,0.5231515231097239,0.3176733780760623,0.18915838446762206,0.8046997622492209,0.4825920182247442,0.47320450293411104,0.232364651503364
1.0,0.22215428513196767,0.4183831216934051,0.2769246205788312,0.4138142935093564,0.7380691033610368,0.2644792443450161,0.1655915774580076,0.8073771943133393,0.5018072436467715,0.4747681368848061,0.21237471969246274
1.0,0.19759502700499326,0.4178616433900909,0.2524452033731045,0.391352836184825,0.7383544557949242,0.20382798906288846,0.17742656559354258,0.8116731504607012,0.5179151684793136,0.4721271944076815,0.2126767653654296
1.0,0.14969937837562414,0.4211139243682735,0.2490775942549385,0.3339957983751596,0.7328432999373686,0.0015132408575032096,0.08775282610084051,0.8151962097138078,0.5280261130908325,0.4681592658787941,0.18075145302274492
1.0,0.1833282380515641,0.42897664724289797,0.2535743241352747,0.35540553526715485,0.4559444430651203,0.014080618442849004,0.0,0.8201376421889496,0.5478149204580843,0.4589856544876641,0.0013327328376182429
1.0,0.20595128910628768,0.43622840200840257,0.27289553496969193,0.3290912847421035,0.42250742527726026,0.045831032578685725,0.02110057037863133,0.8223139521149451,0.5538848319669357,0.4612184974223598,0.01263186845569036
1.0,0.2316315092224599,0.4444239745487308,0.2896265632826966,0.3466229713780076,0.5180992901017697,0.03612629022465082,0.07319613459167068,0.8246421373972689,0.5645717591672643,0.4623483356610841,0.0489676914200937
0.0,0.2576174462447774,0.4515118679974648,0.3181539821929491,0.3673798567917003,0.4846337260687795,0.138514680483593,0.09306849947678447,0.8253015807484262,0.5666736962204825,0.4642329222883833,0.025418826618016668
1.0,0.25099357994497096,0.4543127825573465,0.31916057838593964,0.35875179987560657,1.0,0.060794473229707026,0.1657193108293333,0.8260509755876743,0.5687644187390577,0.4671727428980582,0.12675894681266214
1.0,0.28513196779781913,0.457891972833076,0.3260324949451782,0.392944598856232,0.52483697599109,0.05008635578583822,0.1573675134734141,0.8263129183875674,0.5739383393319314,0.4663276438441274,0.09299175906158892
0.0,0.307347396311016,0.4619962714752416,0.3399716144602389,0.4113418680492696,0.6005543286669329,0.12991699747383592,0.19790320758146698,0.8258562191061206,0.5738394525735608,0.4700690076331007,0.18894474668870406
0.0,0.3147865076938754,0.466913734808416,0.36959621530490705,0.4183470048392336,0.5568620972573772,0.11872970046914437,0.27489695355909394,0.8258515651603314,0.5789710984839034,0.4734029800860774,0.2839680462778049
0.0,0.26281463364924074,0.4730111592636361,0.41607582077862937,0.428277970519248,1.0,0.11295561169252955,0.26796987457565485,0.8255301495623516,0.5785790736097048,0.4727790124295091,0.2950095264329823
0.0,0.2189952104351369,0.4803304458075173,0.460265909992677,0.4477209561772512,0.5440805667751295,0.09599422591122324,0.24239863620062002,0.8265468932719237,0.5891413545539804,0.4741112239360062,0.2352799393981133
0.0,0.2210333231427698,0.4875713109096687,0.4963306377203039,0.4491086727054172,0.5086282218648482,0.02327007919219269,0.2361888292253952,0.8270807627492834,0.5945911460032505,0.4735214347472867,0.2144709960287401
0.0,0.2956282482421277,0.4931097381677133,0.5024868002732321,0.5030327983439161,0.5489772439307761,0.2547826086956516,0.2195392755552716,0.828809385320718,0.6074749739843031,0.4719187970986953,0.16465808139935267
0.0,0.3814327932334656,0.4956074772938574,0.5015026937127595,0.5271250014777945,0.0,0.4269565217391301,0.2591267950223289,0.8303185256086708,0.6137274282457107,0.4756109486980394,0.3228198241627071
0.0,0.45714868032202205,0.4955151110406056,0.4965380019383663,0.5962992139718314,0.6140150758437014,0.9195652173913048,0.26859871578833594,0.8317707814381153,0.6215781915148652,0.4764707539186663,0.31756306957739394
0.0,0.4122082951187199,0.4871553108865685,0.4509178578178389,0.6076912716948679,0.6004742094381622,0.9872905834777588,0.34698770320659905,0.8315287926192646,0.6131891451731274,0.4835541420381924,0.5106397631017152
0.0,0.472536431264649,0.4789468448207044,0.4041995674796107,0.6591141630619276,0.44378049548850734,0.8558139534883727,0.3216031520665785,0.8304484266892891,0.6041180784129793,0.4812732000889814,0.4181989302848749
0.0,0.5087129318251299,0.4709672707812585,0.3535748910939142,0.6428439987089467,0.5406263142358821,0.981728742094168,0.3096846459574845,0.8294225458006145,0.594141254819848,0.4801839795588331,0.3456603080595921
0.0,0.472842148170794,0.4653062524510817,0.32791523925655525,0.6202854317408499,0.5080286018060067,0.6221413721413727,0.3302890213167346,0.8296974224905523,0.5971471495480375,0.4784216064741752,0.3923627849321675
0.0,0.4387037603179457,0.4647898272930647,0.32668434925793066,0.6282813110505354,0.4576625286373474,0.6470019342359776,0.2646979351409242,0.8300024856629075,0.6023764647904214,0.4758756889760157,0.270344099350366
0.0,0.3742993987567512,0.464489567852838,0.32857024223431525,0.6198624612894771,0.5016063102265637,0.5087040618955516,0.280802165571926,0.8306933364115799,0.6095319815578062,0.4737045216327101,0.2725248490691642
0.0,0.4133292571079181,0.4671418358726286,0.3448224018180802,0.6032204914341043,0.487340202557577,0.5367504835589951,0.24338120059543406,0.8299908541875697,0.6081966506248856,0.4700330318059245,0.1850653077152632
1.0,0.3302761642718842,0.4677403006338486,0.3374610455541051,0.5859199216412654,0.4818717402910132,0.4850096711798839,0.27115338321485233,0.8299796495146873,0.6100774957494486,0.4690294375760004,0.20115694511397306
1.0,0.3548354223988586,0.4707367219625558,0.3395428839330172,0.5543553859238475,0.481139010847715,0.4990328820116063,0.2511238080265684,0.8304317730231744,0.6149580078039423,0.4670317285748238,0.14428528797373918
1.0,0.3887699989809437,0.4716011858325924,0.33036794938233693,0.5803121952158032,0.4895031868805156,0.7050290135396522,0.2518705569666271,0.8316249643455506,0.624380070413209,0.4671335170398196,0.17618162201868556
1.0,0.3735860593090798,0.4711358138957365,0.3316723439557188,0.5691048395094022,0.4860602068895347,0.6276595744680857,0.3324162732315069,0.8327883524594163,0.6360827362498431,0.4712219782047704,0.3490002984183826
1.0,0.31499031896463875,0.4707707470681805,0.3312008754853765,0.5716770259554547,0.493530200564465,0.450676982591877,0.3437796304575312,0.8323261668077554,0.6376630646469871,0.4686191784019961,0.3678465670408376
1.0,0.34678487720370915,0.47211969616912997,0.3382953272483881,0.5474459427839302,0.5152060823577597,0.5091876208897484,0.3017307871814649,0.8318760801380121,0.6365266536639035,0.4645027227565596,0.23383375800564696
1.0,0.3643126464893509,0.4725015957471378,0.33300803354180986,0.5616492987882328,0.5504490792868155,0.4588974854932305,0.30960604080589943,0.8316726313466737,0.6321871296809844,0.461578870551326,0.2406170373941192
0.0,0.4034444104758991,0.4723504202851497,0.32292127048591696,0.5941482144058273,0.4279355065478218,0.6977756286266925,0.3012738947378765,0.8322055156165339,0.6395679057390987,0.4607541042754956,0.20625301287790124
0.0,0.5035157444206665,0.4707204736165376,0.3145536694335045,0.6258270748111446,0.0,0.882978723404256,0.3662803550987722,0.8328107237175363,0.6489234016388534,0.4672014061499866,0.3660675343755021
0.0,0.4816060328136145,0.4670572226414122,0.2920695665332104,0.6034661749806106,0.4196427896673443,0.8834622823984529,0.4126623073559682,0.8326174847032818,0.6543286212277091,0.4681008703250539,0.4613089089364827
0.0,0.4376847039641292,0.4651913956637935,0.27575980106604914,0.5642079067507154,0.5938132819237583,0.9018375241779498,0.4330750826582296,0.8320144946032503,0.6521432820053497,0.4664245750327845,0.473532584991851
0.0,0.3758279832874758,0.4629587501515651,0.2505709406226,0.5700065532951281,0.0,0.6861702127659585,0.3956786817916079,0.8314224655184982,0.6560913751407671,0.462851311418095,0.3861074765282464
0.0,0.3970243554468561,0.4622277329655812,0.23517541924536176,0.5859939194638859,0.6183099034934441,0.8747582205029012,0.37386083940476256,0.8314384935502751,0.6640086525205798,0.4607337279016965,0.3253563804145722
0.0,0.3892795271578521,0.4594237225072788,0.19654924572258534,0.5797674721165665,0.5137514719400629,0.897760467380721,0.3871500228446221,0.8314263947884325,0.6690732659837266,0.4583786674418077,0.3417234809356564
1.0,0.2538469377356568,0.4552505511448206,0.14891310483606446,0.5141477130922639,0.5144882891855199,0.4045764362220056,0.41231840981778334,0.8311872464570479,0.6730798780294498,0.4572339805382132,0.3888506301218923
1.0,0.2398858656883725,0.4566219942761724,0.11560064464230267,0.4970677751128643,1.0,0.2848101265822793,0.365494303582921,0.8306742291605697,0.6661346028371229,0.4525865217895476,0.2592681863048921
1.0,0.2128808723122388,0.45909352857759,0.11015709578280763,0.4605659080081066,0.5010029264072319,0.11012599160056057,0.3342634942937572,0.8307060088057557,0.6628143400645923,0.4493722073991333,0.16352179601955816
1.0,0.2318353204932233,0.46393692926253105,0.11276462197584525,0.4769078202644199,0.4776368610887959,0.16489925768822838,0.2975794526133755,0.8312542442896081,0.6568379067379333,0.4454429172581639,0.07665909143080131
1.0,0.27861000713339457,0.4671079766066845,0.1079517807834432,0.4707176334258901,0.4577215663485978,0.3483563096500529,0.32591169693783817,0.8321744223657753,0.6623979485457232,0.444815373275825,0.0998024543549837
1.0,0.26342606746153063,0.4686689559395027,0.09186094925786054,0.4486263312011284,0.477529517116997,0.17603393425238578,0.3822912419122666,0.8322310982768634,0.6656008019040246,0.447185073062728,0.2216749357403308
1.0,0.3103026597370834,0.4735114394372955,0.09995228205021668,0.495677453063391,0.456889306589664,0.5514316012725337,0.3409400193565185,0.831890691074724,0.6688758037150165,0.4427929930275567,0.10664829566506076
1.0,0.25354122082951186,0.4752546516219862,0.10108585324704512,0.4813945638960113,0.4620949707959811,0.4353312302839122,0.45003905693469387,0.8309999833297276,0.6654798723161846,0.4509825815329898,0.3766361402725041
1.0,0.25343931519413004,0.4778338356350149,0.1077337813217356,0.4819155099604548,0.4559560701402471,0.4772020725388594,0.4784646448766634,0.8301137917007443,0.6626865798164486,0.4542053122123085,0.3841343674920189
1.0,0.2563945786201977,0.4785900461069722,0.0909700710847055,0.4860486050740199,0.406392929094934,0.44260700389105023,0.4680985905113755,0.8304458033972809,0.6654753473102528,0.4531509518921363,0.38315297797692016
0.0,0.2989911342097219,0.4793761323088708,0.08017902364765682,0.4849654145777504,0.4638309438641767,0.5315914489311168,0.4555414175456524,0.8316525515632996,0.6764579676157169,0.4514858278641203,0.4220641457631346
0.0,0.2748394986242739,0.4785127925661543,0.06360522967127769,0.5036400787813671,0.4484200416524592,0.44085510688836144,0.5116605829554554,0.8331778291159583,0.6914522119781914,0.4539123935728594,0.5193227671700156
0.0,0.26250891674309584,0.4798020067297189,0.05295276189146442,0.4821262458836624,0.42651138857116777,0.30973871733966685,0.5041783550889466,0.8341653465252828,0.7010026364227163,0.4529695491850792,0.5222763010108572
0.0,0.2598593702231734,0.4825987724212403,0.04341106435225034,0.4803073751513137,1.0,0.3619952494061763,0.4235785977823521,0.8354613683644995,0.7112163452660313,0.4480288311611716,0.3953887432921504
1.0,0.20228268623254864,0.4848117872696209,0.01834387878897159,0.3549302117122323,0.4128358816626313,0.07743467933491671,0.4468408098295741,0.8362112323621831,0.7156530970186332,0.4468875879706666,0.4392965597570613
0.0,0.2523183532049322,0.4920002865272131,0.022615802350246798,0.3914510335581649,0.3741953415084713,0.055798687089716095,0.4198202889721884,0.8354025042921586,0.7168241144285982,0.4441394208432072,0.3502121552477224
1.0,0.2488535616019565,0.4994854723711234,0.027893937412126316,0.3916023919927837,0.419010275372466,0.19885277246653954,0.4500980107983826,0.8349455176501007,0.7204120186059773,0.44385341901569203,0.3832210158492447
0.0,0.22388668093345565,0.505842106491426,0.027663008692268842,0.3699523470686881,0.5372392796034741,0.06643952299829663,0.5292190086907821,0.8350060557091928,0.7271634238219865,0.4489660459210631,0.5497004867090979
0.0,0.2412106389483337,0.5107270068542711,0.00978848944673977,0.3870750806213063,0.5442053561556197,0.07508532423208164,0.5364261185267428,0.8347403242680648,0.7300744945105558,0.44977919534610733,0.5661113191064521
0.0,0.24773259961275834,0.5169879020421895,0.011541079165031387,0.3942011754057591,0.49725501399588706,0.10589148512574267,0.5721472471002067,0.8333473278386568,0.7270792995271532,0.4500718873346996,0.620699696326802
0.0,0.1577499235707734,0.5228467724975259,0.0177142120583757,0.32860825699506124,0.491206263173136,0.1987704742211427,0.6298286898977641,0.8322829278677287,0.7286070705694452,0.4528829390865109,0.6851678522401093
0.0,0.14745745439722818,0.5281884755965653,0.04053034874187938,0.3092285260284056,0.456132596580197,0.14300012510947144,0.6594284422915369,0.8310489788569663,0.7330510991858749,0.4559083935686216,0.7827173179405044
0.0,0.12738204422704574,0.5310296030717776,0.031442450205066315,0.32916913730120456,0.483222852156114,0.10649915495621193,0.6590992832192739,0.8304756412158801,0.7376211555496627,0.45604524584598,0.7646146252027363
0.0,0.14857841638642605,0.5348392538957962,0.033329439063583766,0.30663076900273184,0.4730830776674873,0.15343876343828408,0.6700057480017095,0.8301891913318368,0.7426128947796172,0.4534900024822166,0.7794780652870241
0.0,0.13553449505757653,0.5381712525744005,0.022322435682295583,0.3255325053667045,1.0,0.11179252062963214,0.6512928091024763,0.8300150423975364,0.7459063899836431,0.4509365620183439,0.7837364940341439
0.0,0.10210944665240003,0.5432619030071639,0.026331632561907847,0.3170687729374383,0.410528380348436,0.04646520674517325,0.6452598637183182,0.8293773472333331,0.7520820396907055,0.4504481990039925,0.7627793869057621
0.0,0.1062875777030468,0.5489685720768749,0.02168587867495364,0.3220791419354921,0.543005253252529,0.0875771604938265,0.6518872605613389,0.8270844792288546,0.7502186584104489,0.4513848041995885,0.7443924910289745
0.0,0.17965963517782532,0.5535826044129337,0.04851161395602716,0.3813301778836308,0.5447701994638829,0.196868008948546,0.6848277318974789,0.8248258060109067,0.7502728967633586,0.4513564594413224,0.7684537458999735
0.0,0.1860796902068684,0.5557789176520971,0.0656645090664203,0.3870723977951727,0.5232807155496555,0.2292204439855447,0.7011383008513921,0.8229923914715697,0.7444725691475337,0.4493944432938221,0.8015419760137066
0.0,0.1788443900947721,0.5590857908441609,0.09932971410186442,0.42740631919706973,0.4880611475198873,0.21545345035277905,0.6986966283302791,0.8220688933725141,0.7423926461279964,0.4492341337409209,0.7912805585748235
0.0,0.14419647406501587,0.5620484608633523,0.10017389311574187,0.4200399045386517,0.5151992034096197,0.14352090862157946,0.7047787019341782,0.821421345293062,0.7380917585215304,0.4498898348481637,0.805042279987473
0.0,0.18057678589626008,0.5663320152393571,0.08940223897264038,0.4364378266854607,0.3778118862064103,0.15935295129926003,0.6760927344275824,0.8209351374835744,0.7392894071323248,0.4509272178503054,0.7541681251266555
0.0,0.17874248445939056,0.5714263155894563,0.08413287944631909,0.4293405812080321,0.47790010137093797,0.10600585097229344,0.6744076364904762,0.8194575858601573,0.7326311717714961,0.450675777549527,0.7552734842762657
0.0,0.14796698257413649,0.5783532490177329,0.08325586522203371,0.40817609178731856,0.3898296508086221,0.15281362932369644,0.6858446860461118,0.8180067851840979,0.7346724323311381,0.4523763198615196,0.7247103037895399
0.0,0.15938041373687953,0.586883617064478,0.1102350628634099,0.42821302964357466,1.0,0.14111168473584573,0.7137102122830374,0.8164078689244242,0.7362695979844923,0.4555124039700471,0.7882424318127067
0.0,0.09202078874961787,0.5954299466797104,0.14561718172066038,0.3938538495304226,0.4270301251826484,0.04646360351058322,0.712344447774246,0.8173974277522168,0.7560276948151105,0.4554625601641902,0.7796325871467958
0.0,0.1284011005808621,0.6071877268245718,0.2047227334275112,0.42235097316813786,0.4700275322297599,0.08352229780801239,0.6434126426560677,0.8179526269853415,0.7651698393141629,0.4508581243797043,0.7299006968174798
0.0,0.17028431672271488,0.6176922511905261,0.25762713213182553,0.4024489498769537,0.5642723672640492,0.05654205607476673,0.6671513984347748,0.818826763367475,0.7782656284620805,0.449779097499933,0.7566402869353412
0.0,0.10638948333842864,0.627630482812469,0.3066333741331389,0.3590528274893781,0.4697739711879174,0.04626800523788749,0.6727078000874481,0.8166566104109972,0.7720072118724725,0.4466043695535093,0.7653125864330259
0.0,0.05482523183532045,0.6376601795416608,0.3403676970191126,0.3314535050522824,0.4135114664985739,0.002169981916817444,0.6955917248426667,0.8142126296146052,0.7686272111974437,0.4494663609167723,0.7499486978167573
0.0,0.21889330479975536,0.6476326822681782,0.37142271693324796,0.4404794265458188,0.4371650331684733,0.2365591397849461,0.7183724803364301,0.8136687431832025,0.7714031494012926,0.4482867598655946,0.7675492610837439
0.0,0.1936207072251096,0.648960346797532,0.36223078073559,0.4728006274160512,0.4841234966470341,0.2332506203473951,0.7016639728026173,0.8143395713411558,0.7833493732679059,0.4451857615706532,0.8196516537649541
0.0,0.2155304188321615,0.651804751319288,0.38276661089907793,0.4453536739077703,0.4714613879671322,0.2799834574028126,0.7292985964067622,0.8156534848147258,0.7971756602377739,0.4482400609823624,0.8701090781140044
0.0,0.21114847651075105,0.6532652340103569,0.4064376037329699,0.4380043858173343,0.462477404882178,0.2543424317617868,0.7368889063567003,0.8142908948602979,0.8020195569397587,0.4489444609617424,0.8925404644616469
0.0,0.22093141750738826,0.6567427164262607,0.4259714797768521,0.4015498842960918,0.4570402743952082,0.26054590570719643,0.7484045610639205,0.8127836148283129,0.807410615885722,0.4503575316018583,0.8847202674173116
0.0,0.19209212269438494,0.6596323973852214,0.4385239514775741,0.3818262761123984,0.4733789258835897,0.3194444444444439,0.7677365155318867,0.8111910073457985,0.8173074506890144,0.4486743756660557,0.917690007037298
0.0,0.24172016712524205,0.6630221877788958,0.450924620305499,0.38697355139836653,0.43360621954326,0.3255431204739965,0.7575571484016133,0.8105731309965917,0.8308747801130391,0.4514633558599146,0.9041959887403236
0.0,0.18129012534393146,0.6605616946119066,0.4370031188393084,0.36363358378467797,0.485371185456448,0.20210664911125792,0.7403180560946011,0.8097620554332253,0.8423921946636425,0.4531521204623098,0.8940358902181562
0.0,0.3144807907877307,0.6603014311686226,0.42285656518348025,0.4689526275860225,0.5324751852510571,0.21231073074391105,0.7272057342458081,0.8091912020650046,0.8463311292306946,0.4521164257007679,0.8583743842364533
0.0,0.3630897788647712,0.6587413835640157,0.4011894103760536,0.4599607857475618,0.5259739844309742,0.2225148123765642,0.6886400817493576,0.8083744389542961,0.8442654336323324,0.4519899566277074,0.8029644616467279
0.0,0.37042698461224893,0.6607126615335293,0.3958582560314954,0.4659215046544763,0.4260595937216425,0.26563528637261336,0.6840858957793947,0.8089592258088231,0.8523804080194325,0.4552550331785995,0.7993314567206194
1.0,0.32395801487822273,0.6641767488169037,0.4112300954567969,0.47760356199564596,1.0,0.16326530612244927,0.6523490658269016,0.8092160797263915,0.8681767066803713,0.4550849986644899,0.7835151301900067
1.0,0.27973096912259243,0.6698841710997838,0.43216177739358624,0.4925599479409313,0.524012133128045,0.11816984858459526,0.6339112449582165,0.8098406648254136,0.8939392663442302,0.4533367998454878,0.7491115411681915
0.0,0.3200856007337205,0.6776009651332409,0.4741933135701298,0.5237011283701927,0.570896098502234,0.14661081492764644,0.6230342571076251,0.8096198836171152,0.9010877794088278,0.4556973965144484,0.7472290640394086
0.0,0.2737185366350761,0.6813630076402735,0.4964916290354422,0.5371029847883496,0.5492948931563413,0.0910129474485916,0.6258050887010005,0.8098791934458135,0.8915561193777216,0.45222514088121,0.7501935256861362
0.0,0.3546316111280953,0.6851410718201707,0.5035311089532579,0.5531717959681551,0.5745251424889257,0.2380045696877381,0.6070282831161048,0.8097102697444548,0.8797438823663551,0.4537982096457594,0.7360045742434909
0.0,0.4250484051768064,0.6859166351640162,0.4873448333824349,0.5585617646146691,0.5686689745076692,0.293602437166794,0.6333364447872505,0.8090891971423463,0.8736134241901269,0.4529696882143196,0.7823715693173825
0.0,0.4245388769998981,0.6866347737875282,0.4671947583425554,0.584017418608926,0.5661120618589617,0.2916984006092917,0.6451124790590962,0.8075760569479297,0.8782919047322569,0.4543527381255668,0.778764954257565
0.0,0.494446142871701,0.6885322929276463,0.458779416514209,0.595948314516704,0.714112170797663,0.5350342726580356,0.6573797955283491,0.8061648250926355,0.8802220137192162,0.4519505822921326,0.7883180858550314
0.0,0.5717925201263632,0.6885777070752124,0.4620443185129599,0.6227778815208536,0.5731517144508605,0.7524091919940704,0.6850389832423643,0.8045186527558673,0.8798802552636581,0.4550006828884278,0.8418103448275863
0.0,0.4571486803220217,0.6851612884846885,0.4494186288766954,0.5623354028450307,0.6887185650723641,0.6129411806908228,0.7243071692811067,0.8031158431389992,0.8805945850178717,0.4556471080945249,0.87905524278677
0.0,0.475287883419953,0.6841008623302318,0.4505751614623216,0.5796647367825943,0.6048951412044875,0.699033967191474,0.7187704189163295,0.8004911265580549,0.8715762922042795,0.4587505003057434,0.8765130190007037
0.0,0.4970956893916231,0.6788991019413231,0.39587950873642624,0.5951302266929499,0.6259667378454169,0.6624445329286971,0.7379107733273067,0.7981208222655057,0.8663990903787603,0.4610725025655752,0.8676020408163264
0.0,0.5159482319372262,0.6722620165581359,0.33271859588226543,0.6074493439788875,0.6890442103048058,0.6556288539973957,0.7376749578725513,0.7949528446981329,0.8547560550320726,0.4613441038685964,0.845197044334975
0.0,0.5542647508407215,0.6675423037318544,0.2772920095400109,0.6311966231911489,0.0,0.6265725385534258,0.7467587657026069,0.791916423785132,0.8394876851906855,0.4625641491827127,0.8332160450387049
0.0,0.5394884337103839,0.6629606015994078,0.247182600377506,0.6120409800897826,0.721681112867183,0.7967125125796712,0.7496671563112569,0.7898965741105334,0.8289011870371831,0.4633981908019013,0.7989481065918657
0.0,0.5129929685111587,0.6563320712675239,0.22509929306598128,0.5979274176135325,0.0,0.7887801204819282,0.7410107639929452,0.7875925318262597,0.817763385783486,0.4620230441099832,0.8114792426522477
0.0,0.5553857128299196,0.6488000607224573,0.18933591225468385,0.5796562051129969,0.6028453135127934,0.8708584337349405,0.7554790247065817,0.7869645945396312,0.8219164590711435,0.4640040304586104,0.7926770187919119
1.0,0.4362580250687861,0.6401950022565737,0.15195183930491446,0.4994344889796716,0.5098196754430702,0.6219303255282691,0.7697360340753329,0.7861357998053357,0.8251400619635222,0.4649870416545063,0.8524721565980422
1.0,0.3487210842759605,0.6382829104690926,0.12340523147659037,0.4686857854091674,0.4808894012107134,0.36721873215305606,0.7896575271801876,0.7876419342194653,0.8402430954815815,0.4670263753182418,0.8975869051636853
1.0,0.3844899622949148,0.6405723124044707,0.11967131531739078,0.4489608790861557,0.4679722682980521,0.4009137635636771,0.747520253108588,0.7871845109677412,0.8440071001743726,0.4650679842651831,0.8903476206547418
1.0,0.3616630999694284,0.6416068822493106,0.10525676267882604,0.4281772731200707,0.521674692470666,0.4837235865219876,0.7456189910046227,0.788100297855795,0.8555333151981833,0.4654927968184298,0.8446760040499492
1.0,0.37817181290125335,0.6424732177833719,0.09566604075089884,0.4426076178391689,0.5752052476159973,0.6533409480296976,0.7186770752988221,0.788246893624761,0.8648738471665273,0.4614339633236485,0.8656176172797836
1.0,0.3978396005299093,0.6402859066233875,0.08034911936899625,0.4052673566628489,0.0,0.6773272415762418,0.7022977268372728,0.7888098083965981,0.8783150078325593,0.463067662241887,0.863609517381033
1.0,0.44145521247324976,0.6373829033331799,0.06705620200407775,0.38807180640896016,0.5017270905779259,0.8537978298115361,0.7237028921782959,0.7879216923689382,0.8846255687409016,0.4616332997429277,0.8780037124535941
1.0,0.3912157342301032,0.6337244535701947,0.03896442319196125,0.4022739833664659,0.502453900604519,0.8439440993788826,0.7354297982304017,0.7853745913167397,0.8815731074012237,0.4628315827786735,0.9029109011137364
1.0,0.2927748904514419,0.6332480602517676,0.013462396890962458,0.3624877785911017,0.5446774181692556,0.4208074534161482,0.7507135873917337,0.7839821965925061,0.889809232631286,0.4647518034603311,0.8877489031387108
1.0,0.2646489350861103,0.6369480970198467,0.005204279256407984,0.3685206935273328,0.5044367768107929,0.3730213351686157,0.7131403249340453,0.7812824537018513,0.8902212384973475,0.4643382284962299,0.854463381707729
1.0,0.2250076429226535,0.6404784766730179,0.0056995240058645424,0.38660366223149856,0.5301217064289699,0.2452923686818625,0.7484045610639207,0.779812182538235,0.9016540706578638,0.4644862967607272,0.862867026662167
1.0,0.18016916335473326,0.6431248057338785,0.010978556887520365,0.3941601965590349,0.5926309511095537,0.13062146892655305,0.7509985310662297,0.7779835167060919,0.903488780498914,0.4646800481024967,0.8725531555855551
0.0,0.285743401610109,0.647703064758304,0.009581922991754309,0.4350641947453557,0.5629221224062166,0.4533333333333334,0.6930075804843059,0.7779484618400346,0.9172628291827288,0.4627172367660234,0.7918157273034089
0.0,0.2480383165189036,0.6475230500687896,0.0,0.407763963971686,0.5838962289533071,0.48135593220339,0.7033687220276199,0.7776891143417081,0.9224657282184541,0.4634574386610405,0.835791427607155
1.0,0.2076836849077754,0.6509895735038749,0.023227740438785668,0.41328596360056463,0.5568907564715784,0.3385310734463281,0.7065620563107655,0.7770084212788736,0.930733353226659,0.4639699529716567,0.8235993925075938
1.0,0.07704066034851703,0.6558565614006382,0.05823142752887901,0.3742225250053686,1.0,0.20636122680802685,0.6865668708762998,0.7783126188570614,0.948190393014396,0.4657301091467372,0.7970975362807962
1.0,0.007744828289004302,0.6635526244036669,0.09760240783778174,0.3366752069394513,0.6127585288302778,0.02434301521438438,0.5976497059676047,0.7794602291066853,0.9643283717850072,0.4589411965982269,0.7539402632467094
1.0,0.0388260470804036,0.6712668168734366,0.12779388563760158,0.3553741187586434,0.612970728728241,0.17084398976982118,0.5778166436582839,0.7802158020557205,0.9723774268804052,0.4573061642114344,0.6913094836314548
0.0,0.05625191073066327,0.6745170669347691,0.13144733757410504,0.3816387269599018,1.0,0.1637190500252651,0.6134444286142402,0.7785091479164422,0.9686560750136732,0.4574535872771444,0.7343570705366181
1.0,0.08193213084683576,0.6784166797896827,0.142346482517498,0.4137654104432926,0.5946387080053944,0.1136937847397676,0.5984701472372744,0.7773373775145612,0.9698668208405284,0.4560778196464077,0.7037293283833947
1.0,0.03383267094670328,0.6837576766990692,0.15669804013628913,0.4332174743590911,0.5829317751762437,0.056874510827028636,0.5886887186869009,0.7760793250918064,0.9728619437853242,0.4588746726866637,0.6888288896388793
0.0,0.091715071843473,0.6923752116846378,0.18732749055234985,0.4236710411605984,1.0,0.16462301069658244,0.5861537025482808,0.7747862233748392,0.9723164979352568,0.4588806577440934,0.6579311508606142
1.0,0.044125140120248485,0.6987307690407003,0.20514589323003748,0.418905986632006,0.556686529631099,0.0884424732585439,0.6331251934423653,0.7736557888632035,0.9705744382193109,0.4603432279898161,0.7298768140398247
1.0,0.057882400896769375,0.7077865389684168,0.23133132609263254,0.4291257101006079,0.5698461324099577,0.11822799097065458,0.6196787996993354,0.7725137227798652,0.965703687230732,0.462735350153608,0.7112807964900442
0.0,0.08244165902374406,0.7150468981231457,0.2555619980409538,0.3988775054135549,0.5447751904724472,0.15632054176072294,0.6810448589774449,0.7716330200163791,0.9624802877083576,0.4658150156880052,0.8018140398245017
0.0,0.07041679404871087,0.7206554623382135,0.2636521200878051,0.3765137173900168,1.0,0.1137133182844244,0.6972817356017469,0.7697535395064047,0.9512693721743904,0.463848496315374,0.8291765102936214
0.0,0.08998267604198501,0.7270090841805965,0.26476949455159304,0.4039590234397915,0.5373967026039108,0.080135440180587,0.7302418582257835,0.7677476362221841,0.937966252428042,0.463775359388809,0.8631370232872091
0.0,0.14327932334658086,0.7369158835807896,0.28804578109639306,0.4176242584387013,0.4818096325260364,0.006259780907667878,0.7324821050459593,0.7657323115600038,0.9255618312296421,0.4641898157518994,0.8515693553830576
0.0,0.1062875777030468,0.7487429988085321,0.3107235577943536,0.40127028152762745,0.4893397488576156,0.01466905187835409,0.7469798426914405,0.7634584289089689,0.9190125294592076,0.4657244068693556,0.8819946000674994
0.0,0.09793131560175268,0.7595580070330297,0.3161551188687711,0.3991100105846992,0.44360597718689576,0.007831047801281967,0.7740249276586961,0.7606242936330628,0.9144570862588008,0.46500994963044,0.8936044549443128
0.0,0.18088250280240498,0.7682974722432516,0.320954960060178,0.41956297594111,0.4551225939597247,0.05600000000000023,0.7991392735901427,0.7570855118706127,0.9033127350595046,0.464072089353639,0.902708403644954
0.0,0.18597778457148684,0.7737828989638218,0.3313674902837656,0.4236167155007034,1.0,0.14960000000000034,0.7967860318645632,0.7564684918889516,0.905829263419162,0.4641989180089681,0.8784864052123793
0.0,0.17843676755324564,0.7806090365344989,0.3717010944865178,0.4132767009388687,0.39881190581081577,0.0194537972315754,0.746621206687333,0.7562439338994519,0.9116807487596332,0.4570103024475989,0.8847429311280954
0.0,0.19739121573423016,0.7882663161558783,0.4020652985382053,0.4263567761680614,0.3982159228132259,0.1282357626443648,0.7479427557983579,0.7558106569226023,0.9164373994814996,0.4574112172180181,0.8666583134945495
0.0,0.24926118414348325,0.7937238819734347,0.4249462305481382,0.4227489839103318,0.3176824486719707,0.16009557945041866,0.7627893038039978,0.7532406445618881,0.9110668352307141,0.459169569196796,0.8613289896838323
0.0,0.4086415978803628,0.798056064483035,0.4605478215820386,0.4942116176362135,0.4814728153215703,0.4188275084554687,0.7659531611552991,0.7512394256835307,0.9056372268162364,0.4556960320160098,0.8659566470367119
0.0,0.44542953225313375,0.7976748720448301,0.4785274434430533,0.474116381591316,0.5215656230308694,0.5475923852183656,0.7907923890561974,0.7492953615396712,0.8997662799127085,0.458348387561993,0.9120995698116356
0.0,0.45317436054213794,0.7955482885461143,0.4800799229180406,0.4805254012228486,0.4627039509390205,0.7015677491601351,0.7957346879621124,0.7468468141597314,0.8949986643862571,0.4591964034748742,0.8935471745395317
0.0,0.4952613879547539,0.7921936187479164,0.4515225154118977,0.5108867272122831,0.4431899239155897,0.6751906684611941,0.792570830610811,0.7443783081597394,0.8916472951730253,0.4591376163080678,0.8740675771624272
0.0,0.4484867013145827,0.7889812408480934,0.4214978215944716,0.5303782555648112,0.493416476904586,0.5170711641299879,0.7768498002937869,0.7422794776830987,0.8924870700363537,0.4615371143499717,0.8484400451071298
0.0,0.4768164679506779,0.7885819558900338,0.4184613787725959,0.5585616048703366,0.4586655417432056,0.6672151378033737,0.7453733499059195,0.740579811774717,0.8912077113298249,0.4588766913125453,0.7811552437037967
0.0,0.5153367981249363,0.7866209106550734,0.4075590545576746,0.5865737233839148,0.4865275195035445,0.6317799847211614,0.7543687269404417,0.7391818890559144,0.8870108501748807,0.4560805496501785,0.7954141085077058
0.0,0.5107510445327628,0.7856420828295674,0.40896828711255395,0.5799824111788761,0.5247495943935705,0.6986249045072577,0.7402885791627569,0.7380210727262452,0.88781626737308,0.4585025421264403,0.7755299293427546
0.0,0.5025985937022317,0.7840800722147265,0.3856376523124457,0.5695277319401274,0.4793462401403895,0.7880061115355238,0.7533615984357571,0.7364047909095358,0.8821645841919373,0.4561770238176062,0.7966771097187038
0.0,0.5298073983491288,0.7802965069392434,0.3469351130753944,0.5873541286625152,0.514353748932046,0.7475171886936597,0.7637718681988118,0.7348533637801417,0.8795393012620688,0.4574850778382789,0.7924244054664799
0.0,0.5351064913889738,0.7772775719326301,0.3214596342146828,0.5907379200057422,0.4570307219188898,0.7543345439613732,0.7584365435349718,0.7326991610095134,0.8715827712639473,0.4566798578973828,0.7956148182123464
1.0,0.4418628350147762,0.7750444211618019,0.2859963155803189,0.5644725802195165,0.4360437528134519,0.6442452689930553,0.7630840731224421,0.7318442435561171,0.874365284853056,0.4575135710715771,0.7773746242618329
1.0,0.3967186385407114,0.7747021813414599,0.26801787698543283,0.5835727387559316,0.5013649245286732,0.4891999235392823,0.7413890512849484,0.7302290784038875,0.8758424662633372,0.4583339617046509,0.7741607737950091
0.0,0.4921023132579234,0.7788972692228175,0.2562593189543581,0.6162837586916762,0.0,0.766724012205397,0.7471812683923775,0.7283051862203817,0.8776601837351165,0.4592243863072604,0.7603023652767621
0.0,0.3922347905839192,0.7804476364844737,0.2673249934701417,0.5297398489251961,0.4149128839888017,0.8934505731014027,0.7939120310097321,0.7258171762608464,0.8754172790584093,0.460818270607445,0.7980283956536929
0.0,0.2569041067971057,0.7785393851255851,0.2725715542220262,0.4901391045560372,0.0,0.7263697442105788,0.8020329257328702,0.7230383733834632,0.8700763310857057,0.4616067925613563,0.8247556493861914
0.0,0.36512789157240383,0.7762057342729951,0.2517213833122677,0.5113499934750311,0.5102466627744063,0.7171245485859437,0.7984072631160062,0.7207438884332623,0.8604330946398691,0.4617606886211529,0.7938773295295976
1.0,0.33791908692550704,0.7700585033084664,0.2024002681108548,0.5445034512108454,0.5339342976283281,0.6375858729048941,0.824450132400552,0.7183740293797499,0.8512630509560221,0.4609510941393451,0.8206560256370748
1.0,0.33975338836237623,0.7659743855942232,0.16943791633918795,0.5457726504423378,0.5358786925841479,0.7164831076530317,0.8147718731116341,0.7160328222777733,0.8437383896351233,0.4601095907690204,0.8088527402413698
1.0,0.3486191786405787,0.7599566097095194,0.1203633812928806,0.5512018023022649,0.5143972059427588,0.5788940275434739,0.8564866444934633,0.7143376583176412,0.8465301831801456,0.4611187515828205,0.8530054603765932
1.0,0.3061245286864366,0.7531565911167595,0.06195045466820625,0.5220310806929404,0.5477967123365773,0.4230238808459329,0.8212174955416139,0.7130819408378174,0.8527956774125166,0.4614943698845431,0.8083552700069899
1.0,0.36390502394782415,0.7497002369793682,0.04428390391256465,0.5610230135820461,0.5755856499900575,0.3787644564750254,0.7804705500886765,0.7127829694549627,0.865816409767386,0.4606398535750033,0.7700144261514897
1.0,0.4093549373280341,0.7477866503421295,0.04743116187129104,0.5401498792817628,0.5714699386071769,0.4425878292997391,0.7634623604144455,0.7126001466195261,0.8751999918324463,0.4625420857758651,0.7531417778372669
1.0,0.3032711708957505,0.7480264314298999,0.07505122745538663,0.5213741194159773,0.5795264823654522,0.2488726675604081,0.7447985497349532,0.7116770440393948,0.8780605646164369,0.4644129841475014,0.7300673716146879
1.0,0.23642107408539714,0.7518639607648656,0.10994758364272772,0.4846711621119267,0.5282634072466577,0.2517591517585108,0.7128259043277048,0.7104202411547013,0.8811470759702106,0.461453483386845,0.674534124540817
1.0,0.2829919494548047,0.7541408487209906,0.13955848147609715,0.463712821543105,1.0,0.2796618323401687,0.7099420778289256,0.7095665368082703,0.8869172400002022,0.4612952653644205,0.6628890971013846
1.0,0.2704575563028635,0.756539599658024,0.17524037620791744,0.4541108865621909,0.5336406611329175,0.10871782371920308,0.7154493512618583,0.7090125674123072,0.8978477421953975,0.4617151285749668,0.6828403158881006
1.0,0.1982064608172831,0.7612637531163495,0.19391039740436844,0.42067071746083423,0.5316521032795829,0.17927632633948892,0.6916221646876182,0.7088166829055694,0.9014132630428552,0.463092616204305,0.6493627210398727
1.0,0.3010292469173545,0.7687533950773289,0.22691548369486125,0.4281507974850486,0.5773416197178097,0.27998255280662515,0.6990749156222825,0.7086073005518746,0.9051918951344614,0.4638058047441489,0.6700575558827468
1.0,0.1976969326403748,0.7750524019090543,0.23673411466070454,0.4259020705242069,0.5748391943730046,0.16035381881859387,0.7029413065158756,0.7081134006158846,0.9063284405537868,0.4641567075681794,0.6816728386799329
1.0,0.06328339957199614,0.7831156174355582,0.2644722566613552,0.4243348665580146,0.4883062795026175,0.08710990502035224,0.6636485563672627,0.7072659135433651,0.9104302984834246,0.4602838481332465,0.6174839007123841
1.0,0.2504840517680629,0.7949641697441641,0.3292791804956652,0.4629375059490631,0.5697367666280916,0.10024449877750663,0.6694456862966656,0.7062905189539167,0.912998208802096,0.4571962655257187,0.6243846577135295
1.0,0.12677061041475593,0.8021334378285068,0.38041543287071294,0.4214773301406824,0.4101332042211614,0.10187449062754682,0.6954983812251596,0.7053710461752908,0.9220234698518244,0.4565931040177682,0.6545308526301701
0.0,0.014878222765718763,0.8127116670266139,0.43858676796598334,0.4363651597194363,0.5116221087595827,0.047005418069995294,0.7121184579634385,0.7040247922190799,0.927590041899506,0.454813910249543,0.6784083641933996
0.0,0.2037093651278917,0.8220149503251193,0.48355863300838,0.4517876238626377,0.5500253763339804,0.3790343403046736,0.7444153496209754,0.7028426514527774,0.9345919886979812,0.4549567298841836,0.714719136215589
0.0,0.3067359624987261,0.8220589002177183,0.4921279497728059,0.4394360486210232,0.5613308530086641,0.6000516395559002,0.7938923797218357,0.7009120309541589,0.9329669309354476,0.4609625164895775,0.790657207870432
0.0,0.17303576887801916,0.8183823608370637,0.5081553453882071,0.4334769283779801,0.5573385261299413,0.3733539891556936,0.8189035563918269,0.7002668140659829,0.9434565395401644,0.4602233794049602,0.8056038905992058
0.0,0.16315092224600014,0.8203551613805279,0.5591460239236027,0.43023297994783183,0.551085382109068,0.37825974696617626,0.7455354730310635,0.6993830154269814,0.947286458323412,0.4549836871021323,0.7430657802763274
0.0,0.1908692550698056,0.82156803948502,0.6004526099588698,0.3920050157251486,0.5386209730955569,0.4371288406919703,0.736112680484797,0.6992532814278062,0.955772709073717,0.454144843233688,0.7242374217344101
0.0,0.12473249770712333,0.8223303079535038,0.6562719344924586,0.40935242690742507,0.5196798184858299,0.3038987864704367,0.7535188087389275,0.6979066588310355,0.9558982798674032,0.452456303819388,0.7450289266645845
0.0,0.07000917150718411,0.8254803512437043,0.7049717425548031,0.4393768043905111,0.5449499026029013,0.24197423018126202,0.7241008307581958,0.6961279257807672,0.9577949976333898,0.45338593057446896,0.7005978673091507
0.0,0.035870783654336214,0.8261042976546316,0.7164093128681563,0.41577765816799617,1.0,0.08801048263813062,0.7394091840293979,0.6949838100428537,0.9640228089633964,0.4514785380973498,0.7068144975386307
1.0,0.13512687251605007,0.8296834071032511,0.7070027491527968,0.4656151217564096,0.5512429779956554,0.034068573924437705,0.678662140320021,0.69327838613158,0.9722975547732688,0.4486724722065572,0.6261693362483082
0.0,0.189850198715989,0.8346006776091561,0.7075268058456999,0.4375736056105539,0.5511282578573874,0.10184767913474564,0.6771833809058261,0.6918669987292329,0.9868477186066468,0.4488395132136093,0.6046119067802912
1.0,0.2963415876897991,0.8384936842541209,0.7086425431816923,0.4326981033006361,0.544000450156711,0.2516899504281205,0.7428530722332212,0.6903184980780576,0.9947765258378728,0.453409783137005,0.6848555154002883
1.0,0.352797309691226,0.8378695430650029,0.6854929658077459,0.4572929668329833,1.0,0.15207902595910874,0.7499226230539083,0.6887945505478056,0.9993481556763624,0.45424321411719104,0.7016512734396866
1.0,0.3535106491388974,0.8390188842338231,0.6433202858575772,0.4575365729276574,0.5690901136312813,0.060291651008680024,0.7240222256066107,0.6877577748218858,1.0000000000000002,0.4516758515377052,0.6582924565822619
1.0,0.4936308977886478,0.8459489799569684,0.6513872377872307,0.4692388744385178,0.6014232969763356,0.3982977060574272,0.6977189767574392,0.686958273029073,0.9959127423451728,0.4526937317894067,0.6204943509066538
1.0,0.4045653724650973,0.8491662304708909,0.6614511630147186,0.4812281472238746,0.4976142347459021,0.26646192601641605,0.7529489213899356,0.6863224569355727,0.982280674706301,0.4597909780205928,0.7088535880098007
0.0,0.453480077448283,0.8597620084556907,0.7035490730226948,0.5058522398712378,0.4858107737548993,0.3880543504858955,0.7207404605279317,0.6857612138771564,0.9743658550575052,0.4564938447257994,0.6561573382581247
0.0,0.5286864363599307,0.865466859836193,0.7265145932959992,0.5445906205613811,0.5108233799972356,0.6221339944723819,0.7352283725294646,0.6843697629350155,0.9687068970855492,0.4579607508267807,0.6968383721700232
0.0,0.457352491592785,0.862750536089941,0.6996851789872987,0.5133078598405969,0.5041069822180457,0.3882440422557385,0.8268426767019244,0.6832387937931613,0.966063831882398,0.4662831692850841,0.8001486266748095
0.0,0.6298787322938957,0.8660511810898066,0.6951144497027155,0.5728932787798956,0.5958932087325222,0.6194783096945772,0.7448280266667975,0.6809784727677589,0.9571963580651212,0.46093726911585,0.690024205970806
0.0,0.7174156730867218,0.8644930730496918,0.6834254703677549,0.6495640694509993,0.5544032151298154,0.7989267239662273,0.8147718731116342,0.6799418837522256,0.9616747755270872,0.4666729819805314,0.7895254162693468
0.0,0.6220319983695097,0.8567143863066595,0.6703923361020157,0.6300210006651701,0.548532079093789,0.7012354624969884,0.8779360252322537,0.6785737209628132,0.9745293756588064,0.4715304719320592,0.8796554800828921
0.0,0.6625904412514014,0.8508813824910904,0.6796172014251118,0.6497028609759562,0.5355443843621163,0.6718332381712958,0.8673292425902359,0.6768605700912128,0.9817969602106016,0.4694921017578267,0.8800296454064008
0.0,0.7292367267909914,0.8431881482577821,0.6617941991046382,0.6531978311143675,0.5996505376938386,0.754159466283236,0.8611194356150116,0.674919946239848,0.9817969883862382,0.4689320338247995,0.8682938061247986
0.0,0.7685723020483035,0.8307669027784634,0.6469357548499826,0.6278991283116369,0.5493185230051254,0.7883787661406029,0.91314130749844,0.6723598449882352,0.97217325326752,0.4722560654413653,0.9300454754777802
0.0,0.8705798430653213,0.8172097137392202,0.6280827457851973,0.6686595375816793,0.5903503218842865,0.8083907326236692,0.9162511238080262,0.6691681160927413,0.9687328891017448,0.4727762324500819,0.9266204236702736
0.0,0.8801589727911955,0.8008067227924012,0.5915048486152287,0.677322973454272,0.0,0.8365787896944278,0.9239986440611352,0.6659643249522625,0.963025872032728,0.4739355905725264,0.9233608680635504
0.0,1.0,0.7841814453537841,0.5243147747630733,0.7065065676668373,0.6081628401013688,0.9784791965566714,0.9339471085586272,0.6631424759754126,0.9633817445953198,0.4753154266470256,0.924644275197468
0.0,0.9993885661877102,0.764983805470403,0.4352763657452829,0.7095766496260025,0.667783872171593,0.9836823104693138,0.958535782538848,0.6603415373645697,0.9583459346089246,0.4785004923308535,0.9861686819441166
1.0,0.7791704881279936,0.7494920408970781,0.3699134074962601,0.5984796484313378,0.5257994787226288,0.9621407675098952,0.9515595753356684,0.6578417904305971,0.9457839660671676,0.4781910581307745,1.0
1.0,0.7006012432487517,0.7392766225473121,0.3266905046921007,0.5836670187308399,0.6490570352354627,0.9888348640374569,0.905831028401024,0.6552438157395691,0.937204522251424,0.4772593682276709,0.9925596169493652
1.0,0.7432997044736575,0.7287640211610478,0.29947232709208504,0.6029453002510438,0.6027358503790317,0.970381621416366,0.8970812924652046,0.6533060113438832,0.9247854813191208,0.4763769996621151,0.9956135113403866
1.0,0.5603790889636195,0.7195278258244675,0.2784185505664618,0.5570214218242199,0.4314022892491705,0.9694373697615184,0.8768257274661134,0.6509610284215449,0.921699252678436,0.478094491086033,0.994016399497673
1.0,0.41546927545093226,0.7183028806170939,0.3039840907829239,0.5345435724826622,0.4273105410320788,0.8775605214152702,0.8605790251978639,0.6487246488104091,0.9138366934275528,0.4767280615230829,0.9675953335946168
1.0,0.3454601039437479,0.7173610377709541,0.32778907856765754,0.5529634229266851,0.41424976916162615,0.7737430167597765,0.8354892433762875,0.6462072002299725,0.9081298570836224,0.4740558653454465,0.9248315232294358
1.0,0.3681850606338529,0.7175922286175456,0.3469576481397745,0.5135626184170978,0.3929777456926016,0.8154096834264436,0.8140889908572383,0.6439587971843103,0.8929255858076129,0.4720773582002246,0.8723834966357764
1.0,0.33476001222867624,0.7176193043671533,0.3642698183853801,0.4985521714350235,0.0,0.8528864059590318,0.8484885703196773,0.6416495610957907,0.8720576473703122,0.4733836203359277,0.9235105957616956
1.0,0.31804748802608795,0.7159756589116872,0.3639203615158971,0.4919937277401869,0.4543400971506795,0.9152915291529156,0.8675650580449915,0.6397974050007272,0.8567207565440692,0.4723693616608308,0.9441663334666136
1.0,0.2975644553143788,0.7128818408235501,0.3628619430860852,0.4821688846869449,0.44513502113765663,0.7313974591651544,0.8802106618062482,0.6383929742536602,0.8479173697226766,0.4738947356477839,0.9889036732389828
1.0,0.1424640782635282,0.711787749839971,0.3681556629414573,0.4687913562481771,0.5381785360071774,0.5114438190400493,0.8432515020953186,0.6364421955789051,0.8380701338026452,0.4729943344879925,0.9410910850368944
1.0,0.09691225924793634,0.7133880314954284,0.37430999361163786,0.454544338782476,0.5717629508109247,0.5255559700887278,0.8177834329817388,0.6348424967638343,0.8281991892295265,0.4707973868104359,0.8720535462279748
1.0,0.1997350453480077,0.7115398263562991,0.3669397080072501,0.4467897032540936,0.5149466324547168,0.5938458044737138,0.8122565082609101,0.632366615792089,0.8197960816036359,0.4693608604423616,0.8807306157009801
1.0,0.16029756445531432,0.7044498193092621,0.3200542315681456,0.4268850014888843,0.5090157480882084,0.5041444305665945,0.8473094930459002,0.6295725948376033,0.8129610851598897,0.470822646039065,0.9051489859279868
1.0,0.1590746968307349,0.7016710052858584,0.3072987546451891,0.4252229247840018,0.5198703275321721,0.4684585313630391,0.8508565505111791,0.6263073462234215,0.8063399522579734,0.4721994442533105,0.8755400882995275
1.0,0.13533068378681315,0.6964316272525628,0.272752959768546,0.4124110730092664,0.494892861130916,0.42466220052231146,0.8507877710035419,0.6234080267909482,0.7999686793311135,0.4720531977539174,0.8827285125446661
1.0,0.17853867318862746,0.692831737366449,0.2529914320796339,0.4287335780400952,0.5444165838268351,0.25515417930542245,0.8269114562095613,0.6215703318834173,0.8015111805830423,0.469924789443708,0.8246489550555808
1.0,0.2016712524202588,0.6948792972388327,0.2469651288838424,0.3910567642668561,1.0,0.26148031598241617,0.781349945222035,0.6194077107808204,0.8036967074758,0.4681673948479828,0.7604008733094794
1.0,0.12330581881178028,0.7017939783747691,0.2610624411376306,0.3949706882485249,0.4781119118081448,0.14663660400006476,0.7873239367425042,0.6184748187357493,0.8058705999399288,0.4693250781647776,0.7539330830405309
1.0,0.06032813614592875,0.7159568252780097,0.3092038143507865,0.4086409057128844,0.526178172557065,0.00035543549734279637,0.7412465794477006,0.6170803849257877,0.7995944972513046,0.4666691534255252,0.701857522855802
1.0,0.09589320289412,0.733763575638773,0.3680091894111547,0.4262614834551202,0.5185523735853282,0.08424715103891789,0.7077460464065162,0.6166360436915799,0.7972095387618695,0.4627765548943085,0.6380773558054109
1.0,0.1611128095383675,0.7467508736068362,0.4266091249648243,0.4547053635900278,1.0,0.21540686878164167,0.7825339353177858,0.6157592781880411,0.7991810875698283,0.4748010222703321,0.7650742267890235
1.0,0.09477224090492192,0.7544199690857525,0.4663211028366058,0.4014045431291177,0.4561218808753725,0.0006229365227683532,0.8242094041238227,0.614459884476536,0.8040844435193356,0.4779079526310375,0.8165166506763538
1.0,0.21430755120758185,0.767562307669625,0.5345531527279741,0.4188119976184236,0.5487401434390479,0.017203121493928983,0.7772870414494788,0.612307777232625,0.7968081421047676,0.4723599441865202,0.7380127580726669
0.0,0.3256904106797107,0.7760786936434065,0.5614018066596362,0.4354872481167304,0.5648382191463132,0.030060239372242437,0.8638951800303613,0.6103433620985393,0.7873248220839476,0.4834134493804722,0.8538900403541797
0.0,0.3830632833995721,0.7787544338467296,0.5481785845225563,0.4237499315499461,0.5641527033983447,0.1066967096325259,0.9279682042161836,0.6079614297611909,0.7734816714484606,0.490731668531457,0.9346230293984692
0.0,0.4316722714766129,0.7808246108746322,0.5288789548241186,0.4540010513858031,0.6207993853505083,0.20832731370452792,0.9447012758598664,0.6053688256757218,0.7648478762207549,0.4897761837251736,0.9547936653726652
0.0,0.4665239987771325,0.7839587837993276,0.4914030353402501,0.4786891030994747,0.6128126902672855,0.3496200410297897,0.9363249143940772,0.6026353756669619,0.7526159318390816,0.4890613983330037,0.9357403871595192
0.0,0.5355141139305002,0.7857114663860587,0.4674140037308512,0.48195848611918396,0.5613980142556665,0.5403218815914931,0.9758190902436268,0.600748398269712,0.7536943783170325,0.4921337423990893,0.9766032357527394
0.0,0.5124834403342504,0.7837479856384421,0.4170349800865407,0.4696050102968815,0.5916545032103343,0.444393076945303,0.9733528536126436,0.5989324207192391,0.7526641923843913,0.4902680518001351,0.9966251225318584
0.0,0.595027004993376,0.7832946951234749,0.4133254746171039,0.5531724689697717,0.0,0.8352116966189462,0.9248976904823901,0.5982053254493284,0.7580819883720237,0.4882654898504808,0.9306189609298424
0.0,0.6601447060022421,0.7775763650868919,0.3796790188398182,0.579328561785994,0.6306410757545937,0.9978678038379534,0.9250254238537158,0.5967070694622661,0.7566493311472007,0.4868781149531856,0.9560495728889512
0.0,0.5677162947110974,0.7663416162801815,0.3379727215196415,0.547820493873979,0.5291844802246259,0.9763893933890301,0.9650698357643612,0.5947924766040783,0.7585371755065359,0.4900544623514469,0.9988166923400088
0.0,0.5785182920615508,0.7589545246604845,0.3191862819831067,0.5561803036961074,0.5146625511160983,0.9992076069730582,0.9543746223268104,0.591903131391578,0.7586077135498634,0.4891059718362055,1.0
0.0,0.5271578518292062,0.7499132048971504,0.2884670789815125,0.554517872315874,0.6509845848977718,0.9625623960066552,0.9413359928076288,0.5895008130961633,0.7578024690066025,0.4876390195896406,0.9985228519195616
0.0,0.5514113930500358,0.7411390030844993,0.2609900262967053,0.570837956797661,0.6002062797455419,0.9751605995717352,0.9345464728394636,0.5871218749074313,0.7562890261037697,0.4868455804419333,0.991483087215828
1.0,0.4447161928054621,0.7305508210795877,0.2079281487325555,0.4935234435424012,0.5676292038866043,0.4782608695652166,0.9371158787319022,0.5844189239264143,0.7504953678178349,0.4874986782581773,0.9961218179256542
1.0,0.4336084785488637,0.7286909652254199,0.1951066230219684,0.4838503639623434,0.5387281868945479,0.400852878464818,0.9048926794039764,0.5823320119892199,0.7493946687618408,0.4841212309101892,0.9505720374204664
1.0,0.4371751757872212,0.7300708524815849,0.19499298019431185,0.4883181710760893,0.5133379944491547,0.4333688699360341,0.8977789131855226,0.5802603165038059,0.7466540632577293,0.4815710549027525,0.994210452396186
1.0,0.4223988586568837,0.7315912208145365,0.20048180570559104,0.4684223123662829,0.5506022860284164,0.5687633262260124,0.8951898560051879,0.5786922317361837,0.7510884267073108,0.4819051081888043,0.9748865070839968
1.0,0.4734535819830835,0.7325289657561391,0.1984617374000608,0.5346651724821342,0.0,0.8837953091684431,0.8826474215053868,0.575891757221847,0.747841196842145,0.4837169681895224,0.961377125787002
1.0,0.4490981351268725,0.7273521524583257,0.1636987716250736,0.4989264682020716,0.5454353948850891,0.9129729729729722,0.911721501947934,0.5740883060445411,0.7528413222537615,0.4850199843822594,0.9800534730008392
1.0,0.4842555793335373,0.7204726636256407,0.11835207410089355,0.5305741065321256,0.41624438268576425,0.9518221124150712,0.9089555831765326,0.5720801182921559,0.7497857730064388,0.4835918290475364,0.9956640399769368
1.0,0.4911851625394884,0.7128787861490302,0.07449618148631038,0.5379789619485718,0.4925168042548885,0.820671834625323,0.8942367685422182,0.5705548912907318,0.7463000865768905,0.4855106078307891,0.9955577182682952
1.0,0.48007744828289,0.7095037462670994,0.053470224865105775,0.5785973584625556,0.5595205763669928,0.9267480577136518,0.8828881497821163,0.5674009982159626,0.7295015138708683,0.4843186377721237,0.9811441937913812
1.0,0.375216549475186,0.7084370214453697,0.05089453304493447,0.5192368153894161,0.4508388990378648,0.783720930232558,0.9008936423170832,0.5639516852169942,0.7129343145249409,0.4882226961845123,0.9607213094445392
1.0,0.2760623662488533,0.7100953903451002,0.05091380448807342,0.4746750010846317,0.5226632320009313,0.4808139534883714,0.8849367965453036,0.5601101859678933,0.6938819909911162,0.4866630908604183,0.9244681905139364
1.0,0.2675022928767961,0.7182280175439701,0.09372416721697484,0.4685123231416176,0.4771599943485023,0.4247043639027448,0.8629224412794954,0.5571352463075813,0.6829456103823737,0.4846558086731506,0.8687404816116046
1.0,0.07724447161928072,0.7239821645548732,0.10701901412329418,0.4111212415892224,0.5158777481199381,0.2653542215444335,0.8922519884646939,0.5567533196671631,0.6868228563174112,0.486297977974187,0.8967252565593615
1.0,0.08896361968816867,0.7324457561903854,0.15466180423317769,0.42085836329238496,0.5449344507417401,0.21495327102803727,0.8415565785142642,0.5572509203504245,0.6985955488228628,0.4726424274145486,0.8973616261803925
1.0,0.05309283603383247,0.7362636641954576,0.16511564349572555,0.4071258145069652,0.5483547576650851,0.27506946198534965,0.8259288918147473,0.5582998350081542,0.7112400925019748,0.4732639696935344,0.8892936297206557
1.0,0.059309079792112473,0.7410277943086077,0.18552676026106654,0.4112281129743911,0.5380979565538329,0.2358581016299131,0.8388152238527332,0.5573012600443584,0.7157194596031934,0.4717192042799716,0.9080701908377404
1.0,0.053704269846122636,0.7439896197027256,0.18707822347896189,0.4110520635387912,0.4773596095040742,0.2981693363844395,0.8433350200688776,0.5555908297939037,0.7183613744252636,0.4686057468791319,0.9139364947005773
1.0,0.06481198410272104,0.7448411039383103,0.171266161413397,0.4171180049869804,0.4984436102410614,0.23485193621867897,0.8589676195903688,0.5540293719126116,0.7164942903143354,0.46749005351069206,0.9295750952725784
1.0,0.14215836135738294,0.7470273772144509,0.1731430656300644,0.4215392020408409,0.4898013621384163,0.30227790432801804,0.8535340384870473,0.5522539837729948,0.7135965976092826,0.4701820901743598,0.9279731993299836
1.0,0.08611026189748283,0.7469498488797024,0.16452166004610175,0.433404938389256,0.4680947198536126,0.23963553530751686,0.8648482674933307,0.5502184326928682,0.7079062231738403,0.4682751717892146,0.9392084147081842
1.0,0.09772750433098926,0.7504636239155646,0.18864521418286806,0.4381989193378256,0.4359352457366133,0.14350797266514775,0.8537305513660102,0.5479846114305321,0.7040377258259768,0.4674733232147321,0.9054296226401294
1.0,0.08172831957607267,0.7560051703851536,0.2128865374677628,0.4795365574706376,0.4949861381605211,0.12551252847380395,0.829195918427504,0.5454538705481912,0.6998913650455216,0.4681793652596238,0.8704731810435
1.0,0.07836543360847853,0.7637423517416213,0.256285444019184,0.4782277291789673,0.4418434592712017,0.13143507972665114,0.8461058516622533,0.5431577586916084,0.7036678215055743,0.4672552146124303,0.8743352863297567
0.0,0.13777641903597282,0.7716921307542041,0.2944262189978075,0.4624096277743206,0.39931445497949697,0.22232346241457848,0.8499820681997946,0.5399730993196817,0.7034273981805028,0.4682252637257798,0.8661795147498776
1.0,0.15815754611230015,0.7790624015860971,0.33340777713611996,0.4260422874545242,0.3652603046080904,0.24282460136674264,0.878741728036001,0.5378197613190446,0.7041126970032261,0.4694944686934488,0.8792141200909934
0.0,0.1352287781514316,0.7864407871056676,0.3714849751131403,0.4168725179561745,0.3819084984635993,0.3043280182232345,0.8559167571444712,0.5351347188845751,0.6952602496360959,0.4690308891542137,0.8614030852954729
1.0,0.10587995516152032,0.792896881669932,0.4020449639598406,0.3870137214927515,1.0,0.19202733485193585,0.8746788242634451,0.5341358199551872,0.6972530988235062,0.4724702473691523,0.8593939128786222
1.0,0.0938550901864874,0.8017124084048184,0.436380344028864,0.3712548722470908,0.35852289039742513,0.10774487471526177,0.8384369365607298,0.5328235925220978,0.6996493974038079,0.4690643731974338,0.8392558721670305
1.0,0.09191888311423636,0.8141528285677087,0.4896901816144576,0.3705321596354392,0.3319767875664168,0.030845771144278843,0.8261204918717359,0.5322847279831157,0.7089182699056487,0.4709716022217855,0.8265337325150584
0.0,0.16651380821359427,0.8275032031843066,0.5430165352388994,0.3643322905105205,0.3025185290683912,0.18251730325557566,0.8286505951883818,0.5294882859429048,0.7026743998801088,0.4714963047122947,0.8243007801110787
0.0,0.2523183532049325,0.8393300361066574,0.5999769705566418,0.3794100984642651,0.2366670311247461,0.10085118545067556,0.9006971294381205,0.5268631048057729,0.6965833229282008,0.4807789072649502,0.8744284281864018
0.0,0.21828187098746551,0.8486403913264453,0.6393245335991875,0.3612384282922743,0.4267257297661768,0.1767384255533032,0.9056836437418018,0.5244004774871046,0.6894930344252231,0.481037549313603,0.8941223662542754
0.0,0.4309589320289411,0.8595054842980409,0.7012028716880805,0.4655064731937288,0.5278937858760774,0.6575521241164737,0.8872703869829867,0.5239873459022558,0.6980410608150759,0.4817204265110345,0.8774015116328168
0.0,0.390094772240905,0.8577790345752527,0.7142984209579553,0.4808240295404366,0.5291168364220235,0.5421847756862014,0.944106824401004,0.5239506836661955,0.7100607016030093,0.49089627163621397,0.9813086742952049
0.0,0.4626515846326303,0.8570954997913232,0.7388072198698793,0.5012927727109693,0.4446656789456002,0.8501790543009585,0.922367587165744,0.5230443117827225,0.7185286825870841,0.4898404237816622,0.972265619502034
0.0,0.4835422398858656,0.8528988451860711,0.7705768033363418,0.5185928991921696,0.0,0.7635230369279917,0.9441903423745632,0.5215671779390866,0.7267844694158893,0.4899301697112429,0.9992821855339272
0.0,0.4934270865178844,0.8493844450579149,0.7979738717322014,0.5280363338578501,0.5312681234995773,0.9618357487922709,0.931903374617414,0.5193985034786349,0.7342106640550623,0.4923421245016845,0.9898674040984188
0.0,0.4540915112605728,0.8442672348933162,0.8079683292898854,0.548696310660278,0.5144591369702096,0.8944444444444442,0.9333330058118684,0.5173031449794004,0.7397460148165832,0.4924527466852587,0.9945259873785716
0.0,0.4125140120248649,0.8390261294439134,0.7987511649803005,0.511745324838996,0.5043679254056159,0.6372222222222221,0.92000943261819,0.5153390999759823,0.7483995099178096,0.4910092137639255,0.9927246904007944
1.0,0.5042536736272234,0.8475338583513302,0.7143357518588314,0.5248968718397193,0.5544338938838237,0.4727954971857404,0.5311792246584358,0.9876416516802424,0.3621795260509752,0.5148829710661211,0.8304071745702466
1.0,0.4760247486465584,0.8446435822260262,0.7029214784720811,0.500567379524226,0.5561997874319046,0.2851782363977479,0.5503146662474392,0.9869499786981384,0.3734012125176319,0.512543642142056,0.8441504231124378
1.0,0.4945862335653518,0.8433999783941669,0.7107952899564758,0.5173034654327874,0.4592635103880413,0.08450704225352006,0.5056325503932712,0.9871529967170954,0.3794693767671601,0.5132126448304439,0.7967542406112043
1.0,0.5993812838360402,0.8456882844876296,0.7036631764927277,0.5577525272193943,0.4894758554554571,0.393103448275862,0.4443696603766172,0.98907596165884,0.3873330370821911,0.5125066462338401,0.7553474075666925
0.0,0.6105955143078112,0.8454137453382372,0.6814504232479854,0.5674400719350587,0.43459372981307853,0.6666666666666661,0.4523529960844807,0.9914210967093784,0.3924143193425438,0.5129254659326258,0.8019024248327156
1.0,0.6071152358855376,0.8429458690111814,0.6303130946348207,0.5660552779255006,0.482708112199762,0.5724043715846991,0.4652982819861557,0.9922003182759694,0.4032666755754648,0.5137651400301384,0.8346952199046259
0.0,0.6968290796597062,0.8412047682976543,0.5539439429502813,0.5978442186906854,0.4583999451569589,0.728142076502732,0.4500587082225904,0.9924233138150031,0.4118320321707691,0.5127758354825722,0.8094539382976842
0.0,0.7115235885537512,0.8359898035808665,0.4699880527595426,0.584898125746331,0.4609382526739502,0.8143021914648213,0.4829353128730672,0.9919582176922468,0.4167895854843183,0.5149566290052425,0.8754822469863516
0.0,0.6581593194122197,0.8302769279851138,0.3988693935119921,0.5516143585791276,0.495826174964497,0.6309111880046133,0.4838097951844516,0.9911112013477468,0.4144578965020765,0.5150564339747568,0.8669061563175934
0.0,0.7041763341067285,0.832222294044702,0.4064632963471495,0.5527126146190308,0.4925984283796781,0.7220299884659742,0.452490555099755,0.988750172991494,0.404933441998414,0.5130030892648807,0.819282289993296
1.0,0.5707656612529004,0.8321952134771257,0.4019618827108072,0.4518144710179522,0.5037196544125209,0.6078431372549022,0.5130951269718839,0.9856792075852584,0.3896700366259367,0.5136055825052577,0.8716622183993827
0.0,0.617169373549884,0.8357761433495902,0.4256601053852749,0.5027133242746069,0.4910816947725432,0.7843137254901955,0.5378704881871192,0.9824611923581102,0.3763916882470584,0.5154508427490749,0.8637185827946923
0.0,0.6500386697602476,0.8318697260464566,0.4188451437453463,0.475056243228394,0.5247462672705644,0.8200692041522489,0.5695483642759236,0.97969458939292,0.3588682834100462,0.5139864191718035,0.901887245911178
0.0,0.6353441608662028,0.8251260628952201,0.4158058871483029,0.5158757074650648,0.5447636382054223,0.8096885813148791,0.5868316719807025,0.977193783229672,0.3452527061900388,0.5115209181071798,0.9127654730131424
0.0,0.6693735498839908,0.8167084172210425,0.38858101884648577,0.4880027519818387,0.4730171471659382,0.8442906574394462,0.6078929397835411,0.9746587407276592,0.32993605369337065,0.50934756105238,0.9151435040540368
0.0,0.7559938128383605,0.8057858305836495,0.3506684977617396,0.4969719150914563,0.47097201510571995,0.912341407151096,0.5998359117460662,0.9725064470425164,0.3221658506259182,0.5088450487599274,0.9034177871662216
0.0,0.7726218097447797,0.7947167543735628,0.3093258325413668,0.44073911347978656,0.5615697631881339,0.9495896834701056,0.6087084682312371,0.9708578865232956,0.3144224056694737,0.5094554826554583,0.9169712991891928
0.0,0.7022428460943544,0.7827481222353342,0.2611528860811842,0.4172547487421283,0.6025276419771999,0.9963054187192124,0.6253629347233342,0.9702160610409002,0.31476821409745226,0.5069432320140335,0.9282100256776756
0.0,0.6832946635730859,0.7716314779640755,0.2125588731154205,0.4092351030729236,0.4851820795812904,1.0,0.5969127826714942,0.9693507330539624,0.3168613912744665,0.5084008223467535,0.9249212593445236
1.0,0.6225831399845321,0.762687243159741,0.1733545192274875,0.42245686009343103,0.3905384838890051,0.9531502423263328,0.5687082717183576,0.9690483998167128,0.32602733340460466,0.5066086913008683,0.8860189483537194
1.0,0.5413766434648104,0.754894082979722,0.14331935502894902,0.4160636985289974,0.4776577033901836,0.9257950530035334,0.5657409272460192,0.9690940883700292,0.336038378724192,0.5063489951588641,0.8890673817625254
1.0,0.5800464037122969,0.7477711098112713,0.11543641741370506,0.4406007821550893,0.5338831406635881,0.8780918727915187,0.5337977587706151,0.9700380548412048,0.35215867733349804,0.5075721826914087,0.8864047459428004
1.0,0.5317092034029388,0.7375826273563834,0.06443431669537658,0.4648319683908808,0.4850247086846318,0.956632653061224,0.5113314238831926,0.970740792172978,0.36445026697735294,0.5095618681094003,0.8842607232756113
1.0,0.4860788863109048,0.7351698086031272,0.04870551397305562,0.4315928594660612,0.4702067171883483,0.5280612244897958,0.45327660661560604,0.970060217039902,0.3749874147659956,0.5057007176331587,0.8076957132195756
1.0,0.4276875483372003,0.7387317911540802,0.04867756529372058,0.39099467570815294,0.4925333320741722,0.7295918367346934,0.4128833843448017,0.9684221422996876,0.3777485466042,0.5029376121693906,0.7492884880529241
1.0,0.3615622583139984,0.7443456684132478,0.06502509572977637,0.39825858659726615,1.0,0.4185185185185183,0.4532864322595544,0.9668619232443736,0.3846287879200714,0.5021764514155406,0.7851929620400468
1.0,0.2316318638824438,0.7556399744166807,0.10399439684137857,0.36590835383159853,0.5445789214281433,0.1272084805653708,0.4524266884140921,0.9645147687752814,0.3873269826594175,0.5021516106144432,0.7754721277053265
1.0,0.04060324825986067,0.7706249097795551,0.16595515368956834,0.3220057098006171,0.5357916345879139,0.07720254314259774,0.4271305680696046,0.9628605460350124,0.3882732201694742,0.5004669965841297,0.717760603109149
1.0,0.017014694508893702,0.7853523565420203,0.21909357804194166,0.3557114971665568,0.5389541922381109,0.05051302288871354,0.4209600636701728,0.9613112008853664,0.39119284977665736,0.5037060294739792,0.7146362750926548
1.0,0.0,0.7944875060426028,0.2514566995753142,0.3889966770809338,0.5598932953976262,0.01856148491879365,0.43874447921630655,0.9619311675875594,0.3966739674851598,0.5013285643609326,0.7234969705402429
1.0,0.11252900232018526,0.8069502184697684,0.2990424260604598,0.3902696872935653,0.5761648987467206,0.19632381697301504,0.3797070975539063,0.9633993786810128,0.4084151771167557,0.5006057226116603,0.6911848413170246
1.0,0.07811291569992224,0.8104814121197504,0.3094431389354612,0.3793276625612127,0.5465130212882552,0.2203258339798292,0.4319107438503751,0.9653300910017903,0.4080867863527631,0.504275380062184,0.7922068887005578
1.0,0.12064965197215745,0.8133616403316856,0.3095495717695774,0.4103041024099363,0.5857230131099435,0.16874541452677894,0.4375899660523999,0.9643234699445472,0.402815381627606,0.5009851539342995,0.7940916047914793
0.0,0.16744006187161609,0.8151608535376628,0.28474346122958305,0.3913507779633323,0.5663098550712601,0.1900220102714597,0.443603260148662,0.962730388383318,0.3869161991400325,0.5015301084831307,0.7675980621576837
1.0,0.17208043310131466,0.8186140682843069,0.2784554351081452,0.39226602791572096,0.5041262863804254,0.14746881878209814,0.4484030872173288,0.9613664079880012,0.3770619899170157,0.5018177252033916,0.7894746828237855
1.0,0.1051817478731632,0.8240584077775194,0.28207021167651924,0.38185575850166026,0.500453184072954,0.026412325752017563,0.4120531174311836,0.9613035843758531,0.3720499153218565,0.499273827058871,0.7411740895809354
1.0,0.1345707656612528,0.8369149025649026,0.33138011784604626,0.4053094172458717,0.5699033542456702,0.004421518054532221,0.3589504247134596,0.9615754470569025,0.37630658053835264,0.4990887999761262,0.6836017050988525
0.0,0.19064191802010805,0.8524010822820217,0.38957992316994,0.4309491325950659,1.0,0.11430734292202865,0.35075583766071045,0.9618387430049076,0.3885249483840766,0.4984410563459755,0.6917224281214819
0.0,0.12606341840680585,0.8650542359613175,0.4270514302276277,0.4347557520470269,0.5126196418637534,0.014040561622465423,0.4310510000049128,0.960952912408882,0.3875160275762154,0.5006741365747782,0.78372566629141
0.0,0.1655065738592419,0.8807582507598605,0.4612294835857493,0.4047496506441379,0.5052963011915362,0.06402303943287525,0.3879360743604733,0.959195334772932,0.3904611944737912,0.4976068870458527,0.703271057591358
0.0,0.2478731631863882,0.8942336325762285,0.4794339667367668,0.4056173017747381,1.0,0.17795430090512065,0.4166171290450947,0.9584117257232364,0.3915656023990453,0.4997635782440013,0.7464930366697448
1.0,0.2076566125290023,0.9040377661725248,0.502491403591091,0.3640813354298195,0.4542983367729603,0.07747325780112654,0.4432593626104773,0.9562938009423021,0.3875846382453305,0.5017454542195628,0.7880516589296331
1.0,0.2300850734725444,0.9192222601622796,0.5506975738050274,0.3382365505415897,0.3946692162757205,0.062096774193548615,0.4178698986484827,0.9547959752442524,0.3774541518007805,0.5000831073054021,0.6948467561379766
1.0,0.2296983758700696,0.936326026963846,0.6218160754080305,0.3358816397616499,0.3908317592086701,0.02177419354838734,0.3830527293182477,0.9532170298998658,0.36851322341166304,0.5010190817910601,0.6829882236867073
0.0,0.31399845320958986,0.9576792998994872,0.7159902886435415,0.38117182751066336,0.38114624481175857,0.017000000000000157,0.3597708659831293,0.9529907812369104,0.3683145086830443,0.4992774808311167,0.6438772025247608
0.0,0.3503480278422273,0.9746091111653412,0.7914664098287231,0.4043654944315776,0.4539877476005877,0.10380267214799564,0.4663791028204515,0.9509140321037376,0.3464858100533881,0.5037960633249753,0.7612545378650849
0.0,0.4408352668213456,0.9909071642179776,0.8830876033073172,0.4235603086273814,0.5720862070353447,0.00304878048780427,0.5441982028897221,0.9470343526872936,0.3177468128792437,0.5061223663419754,0.8290853434863454
0.0,0.5982211910286155,1.0,0.9527596456849304,0.5938886077770429,0.6002010087922633,0.7456279809220975,0.6046799542124988,0.9444074546103428,0.3001618919029612,0.5071631458824287,0.8599997470179741
0.0,0.6624129930394432,0.9957043840186528,0.980860461040704,0.6103072876879728,0.6632278044846214,0.8092209856915737,0.6414671651543363,0.9418736226241744,0.2984834553561692,0.5096290182918909,0.9396258395840976
0.0,0.6511987625676718,0.9864931550953434,0.9719564980245182,0.5907241901135414,0.570021696223869,0.81558028616852,0.6668517162943568,0.9400609093420206,0.2980259127217736,0.5078923994323954,0.9493466739188179
0.0,0.6778808971384379,0.9765111335843394,0.9589668397302926,0.6117172041203552,0.0,0.7578947368421055,0.6847638652118164,0.9364350814792431,0.28877520694555936,0.5055599611372485,0.9612368291232908
0.0,0.7768754833720033,0.9672416724745104,0.9424063195523256,0.6782606380687713,0.5821092084271218,0.9466484268125854,0.697645284427828,0.9351317517826676,0.2930966837163511,0.5066448251719465,0.9546592964569866
0.0,0.6852281515854604,0.9544006339183784,0.909065173484224,0.6322758392890178,0.4670685809816354,0.9983633387888712,0.6878294661236356,0.9337452681902416,0.2965901801847713,0.5053140389756553,0.9959522875899663
0.0,0.6492652745552979,0.9474275974328822,0.8919115866921193,0.6539734145184969,0.42694706988603776,0.9592592592592596,0.6603225758908171,0.9350167108339285,0.3139360947397508,0.5036208800367877,0.9997795650082829
0.0,0.6249033255993811,0.9414234423046232,0.8880882972367572,0.6354274322120351,0.39694200634629134,0.8749999999999997,0.5869102771322876,0.9354718102280264,0.32500500200086635,0.5013951488867169,0.9912634591795008
0.0,0.6310904872389791,0.936283869312977,0.8976982728275129,0.5951810627387796,0.4151065670892432,0.91382765531062,0.536509636500302,0.9373300988130708,0.34705579239372264,0.5013918885059963,0.9434510017718409
0.0,0.6117556071152359,0.9278022431901226,0.8822863127893691,0.5792343738374568,0.3989131819623408,0.7134268537074135,0.5326530712506568,0.9370246681956051,0.3565692909434077,0.5009365210650623,0.9655308709281716
1.0,0.7037896365042537,0.9222311785907904,0.8688499891534744,0.6217263723289276,0.0,0.8376327769347498,0.5155220610270743,0.9366922236420588,0.3654942787406419,0.499796427246016,0.9324246967425374
1.0,0.7200309358081982,0.9175496616218171,0.8526689201470378,0.6530016114741429,0.37230309748434,0.9512893982808016,0.4989609381524839,0.9359763605487288,0.3734863103689071,0.498415714317061,0.9340261687338146
1.0,0.6403712296983759,0.9119431756180542,0.8522023684619854,0.5657892183195524,0.480982938234904,0.9669172932330828,0.5186760927344278,0.9357428391031648,0.3866110019252715,0.4998391081544306,0.9707509881422924
1.0,0.6415313225058006,0.9077043003501104,0.8724704403196037,0.5680406255864349,0.5789065466798171,0.8631578947368426,0.5149767377879527,0.9340188706907578,0.39553106561189255,0.4995213256266453,0.9729726046067869
1.0,0.5997679814385151,0.9020920718146752,0.8536502622342652,0.5680042210243409,0.5211572986634779,0.8285714285714285,0.5024490417540739,0.9321529911506172,0.3872077037111601,0.4987492390006775,0.9350415701240284
1.0,0.5792730085073473,0.8959351248698607,0.8248314636872468,0.5525399307279246,0.5760592071220768,0.7458646616541357,0.4930508133176781,0.9298013559256284,0.3739888721154549,0.5017541759005794,0.9271091726863842
1.0,0.6175560711523588,0.8888459524643232,0.7745928548636348,0.5833176427436235,0.5226861788148436,0.6721804511278195,0.4816628919817834,0.9279504971339428,0.3645651399549629,0.5010143511587705,0.896558538912362
1.0,0.6496519721577727,0.8819209437920781,0.7436462972141628,0.5582606028591536,0.5369180504432031,0.6902255639097752,0.4685309188450938,0.9261869453189668,0.36740090468244346,0.5000941059445545,0.8739948207714321
1.0,0.6658932714617168,0.8756210156128544,0.7128448771514992,0.5200165568687866,0.5392853888630903,0.7393103448275862,0.4772413522051203,0.9260399855803804,0.3757866225939719,0.5007457102499254,0.8898528008722911
1.0,0.6682134570765661,0.8664077159395892,0.6548506538965149,0.5219420542720448,0.5567052253231545,0.7408343868520862,0.4554087713523525,0.9254973054089398,0.3817339675961916,0.4989215272272374,0.8972127572577342
1.0,0.7807424593967517,0.8563566357446942,0.5999139717354903,0.561096667420329,0.5511780871199083,0.8578313253012049,0.4562390382659701,0.924363090670345,0.3862672060490453,0.4990391361698044,0.8832288401253916
1.0,0.759860788863109,0.8431151985300821,0.5441025777050527,0.5522629319221155,0.7155722360426793,0.8687898089171974,0.4767107674319208,0.9215762221590416,0.3818780150436272,0.4968995783637091,0.8957339512062151
1.0,0.751353441608662,0.8344199248701809,0.5180282242907929,0.5356667012610528,0.4493948039727808,0.9454094292803964,0.4399088180241612,0.91755547719035,0.3691193338551194,0.494294936807014,0.8237767479896415
1.0,0.7285382830626449,0.8242851826722496,0.4913257083104637,0.5245105100335379,0.4907276519673322,0.923076923076923,0.4668949491277285,0.9146545019112768,0.3599232351567643,0.4965109093646173,0.8063172958975059
1.0,0.6995359628770302,0.8175690510605671,0.4715186190493496,0.508670164852463,0.409306688264978,0.7732207478890234,0.4341264265606808,0.9119164689769054,0.3511248794963626,0.4977064140426675,0.7724955703966201
1.0,0.6755607115235884,0.8154749980615098,0.4695854885267455,0.4693763685766288,0.4475388142728217,0.8612786489746685,0.4052095564213037,0.9114361780229088,0.35274846280466376,0.4955580909391003,0.7157012402889464
1.0,0.6562258313998452,0.8122727964923165,0.4588561403167666,0.4444464343201692,0.0,0.8624849215922797,0.4318026617669458,0.9107393515047414,0.3553603632656702,0.4976111889231361,0.7698855117895598
1.0,0.6473317865429234,0.8063456751640942,0.4371383229987171,0.49212350093526297,0.491328462365621,0.8540410132689995,0.4356051859748761,0.9102988049869072,0.3592588724181224,0.4942056180849842,0.7705601744582253
1.0,0.6581593194122197,0.7979772988631076,0.4050814523348107,0.4994122652763257,0.4505949646912679,0.8917197452229297,0.4463151378783485,0.908903113079778,0.3612660757289139,0.495055708665746,0.7862545999727406
1.0,0.6786542923433874,0.7900695143443778,0.37553332049701377,0.5136881153548039,0.494325156632388,0.8280254777070062,0.42813278375231534,0.9074406262830316,0.35586270321800817,0.493732891900545,0.7458566171459724
1.0,0.5634184068058777,0.7840833106710862,0.3518086227745796,0.4750521553990466,0.475091841357523,0.5707006369426756,0.41698067787117626,0.9057930563054508,0.3534458735130903,0.4928933601922876,0.7262709554313753
1.0,0.5440835266821344,0.7859839640939225,0.3512010599591076,0.4560838091845407,0.5036530724108325,0.6101910828025475,0.3672678323155599,0.9055891792337708,0.3606139574011201,0.4889760012919554,0.6456930625596289
1.0,0.6005413766434649,0.7849461064232836,0.3479111762908803,0.5101323146535199,0.4682018025586839,0.8458598726114649,0.34912969358729345,0.9063606378840322,0.37549479970289423,0.4874189107602656,0.652139839171323
1.0,0.5993812838360402,0.7761142071094475,0.30854702342831897,0.5103851854921009,0.5238943723974736,0.7541401273885352,0.3698224997420768,0.9066304708019668,0.3883580718522817,0.4890780969859064,0.6974717186861114
0.0,0.6585460170146945,0.7726643533299734,0.3120783031771137,0.5145563587966436,0.5204613540330246,0.8624203821656053,0.3828709549052072,0.9064287662884244,0.3960462277605389,0.4901725350199325,0.6871064467766117
1.0,0.5208816705336425,0.7667111345256513,0.2992740030922328,0.4342741970897238,0.4844152028640801,0.9233926128590968,0.3947894610143015,0.9053514404157508,0.3998284357510196,0.4910812658404163,0.7261823633637726
1.0,0.4582366589327146,0.7624440572807408,0.3094530505463687,0.44027900818849297,0.4845994107950262,0.831230283911672,0.4044235049054528,0.9060787799640077,0.4133184878613197,0.4918691358917499,0.7250715551315251
1.0,0.423047177107502,0.7584301006056408,0.2906025555114233,0.4619097779789271,0.48088258453228494,0.7192429022082019,0.3364202231403741,0.9049158173175316,0.4130649161615235,0.4900435248345068,0.6704988414883466
1.0,0.3758700696055681,0.75705006046645,0.2898137175393891,0.4781472833348384,0.491970626907233,0.6044880785413745,0.3372357515880697,0.9034348682909399,0.40675962231656415,0.4901602220311472,0.6293716777974646
1.0,0.3348801237432328,0.7580920012983704,0.29682898767299964,0.5017745892298724,0.5224379657284203,0.5732305536089699,0.3398493728782748,0.9005173007551112,0.3877162440934221,0.4904190912082492,0.5978601608286764
1.0,0.20030935808198,0.7583170311729659,0.3040393034357273,0.4346993580133976,0.4890212993449034,0.25529265255292705,0.34695331345278024,0.8983390407237725,0.3726386234005065,0.4910216439569127,0.5922516014719909
1.0,0.17865429234338742,0.7634481071178508,0.33342471868759616,0.4017948119667897,0.488011097913363,0.14044350580781473,0.2880338395177576,0.8957194725996119,0.3595310076933221,0.485997611681476,0.4893757666621237
1.0,0.21964423820572293,0.7694286754416303,0.35859054455858785,0.3881077990913744,0.4701564020429231,0.1902834008097168,0.35776643461770874,0.8937169562977799,0.3508677961665204,0.4883419647744216,0.5352119394848028
1.0,0.1937354988399072,0.7736459650174546,0.3913641381724494,0.4053160686068222,0.4888340622133536,0.10973597359736012,0.39991353433325627,0.8926098722607155,0.34684411592682873,0.4882717955050132,0.5830039525691697
1.0,0.19257540603248247,0.7810140147831758,0.4256357998212878,0.3990032194765899,0.5068125157332709,0.03231292517006823,0.3748434037995766,0.8918551246853271,0.3439907260814954,0.4898046215588602,0.5665121984462314
1.0,0.24129930394431545,0.7908418916857639,0.4653346586174155,0.4293373517552704,0.4908967614687696,0.14710884353741524,0.40884995750408987,0.892050932982858,0.3437175060483174,0.4890434472504544,0.5830039525691697
1.0,0.2556071152358853,0.7990124637394528,0.4823994288118586,0.43933633253868587,0.4552266208764823,0.19047619047619052,0.4045905408525709,0.891926214419753,0.3427521084554899,0.4886106842799303,0.5960610603789012
1.0,0.2416860015467905,0.8055324432794729,0.49269277720351395,0.43132931572608935,0.5041417694419598,0.2040816326530616,0.4020800888238212,0.8909334954581068,0.3382157670740238,0.4883593711304875,0.6032233883058469
1.0,0.2494199535962873,0.8115611270511297,0.4988023908958027,0.4402798835843442,1.0,0.1734693877551019,0.4832251693695376,0.8895453175368554,0.3332464962924723,0.4916168436641348,0.6569578846940167
1.0,0.2296983758700696,0.8193796060272444,0.5137667683668989,0.4025085893986329,0.4322980511158501,0.08588435374149701,0.4999484153692722,0.8883536832734008,0.33231799897769176,0.4929977140936515,0.6864794875289626
0.0,0.24129930394431545,0.8315626853319381,0.5521616471513067,0.41205850736176985,0.4618084786809881,0.07641509433962285,0.4411075465858345,0.8893645003090763,0.3435061935299686,0.4917603536412383,0.6324860297124166
0.0,0.2803557617942767,0.8434375166189835,0.5943421661637371,0.3949378578646712,0.456532093270065,0.15283018867924505,0.4898820431444025,0.8914295082385079,0.3614352991774944,0.4957421028872048,0.7220253509608829
0.0,0.2830626450116008,0.8517885649915294,0.6335506144189268,0.39768645075443787,0.4387029311018474,0.18962264150943373,0.5025915135913219,0.8942960785249082,0.3834847735356708,0.4966009290630462,0.7729317159602013
0.0,0.2900232018561483,0.8606821685703593,0.6648025923815655,0.404642688465894,1.0,0.12452830188679248,0.4467916816098335,0.8966973874118301,0.4068567695459243,0.4953938353540792,0.7651219844623138
0.0,0.25290023201856154,0.8701325646114965,0.7061151285022029,0.4001521755082315,0.4224801092278467,0.06037735849056607,0.4109329940210957,0.8965438401631062,0.4069541651642597,0.4962025600480349,0.7290786424969333
0.0,0.4412219644238206,0.8844838516895087,0.7671127201997301,0.5545118549977667,0.4668856974007543,0.15359261700725102,0.40951318847058976,0.8940435126043457,0.39444065881291934,0.4962746411609034,0.6697969197219574
0.0,0.440061871616396,0.8872740251437099,0.7886438860435723,0.5533019425823561,0.4596113244335209,0.17205009887936712,0.5181012925634612,0.8919397844212121,0.3807171752540132,0.5015629693907931,0.8031688701103988
0.0,0.4822119102861561,0.892996313164737,0.8172954842647593,0.5557565306808511,0.5151259675929031,0.017770597738287455,0.5048661501653164,0.8896648144313529,0.37497712822563145,0.5003373698253408,0.8038639771023577
0.0,0.4926527455529776,0.8972522219695979,0.8505215304162013,0.5681290321984181,0.5512668978483543,0.18370607028754068,0.5479515988779113,0.8880566927503578,0.3748029323347437,0.5002594016372464,0.8229112716369085
0.0,0.5494972931167826,0.900003255589284,0.8813353753350833,0.5884235298923826,0.6423442568631225,0.41666666666666624,0.5546772521604135,0.8836237221187632,0.3567433626637009,0.5007744815840817,0.8379378492571894
0.0,0.6202629543696828,0.8991261175363144,0.8906873105917881,0.646666077995991,0.6821811478080781,0.6133879781420758,0.6672545676962303,0.8797216716046318,0.34474248278668784,0.5064833377915228,0.9201921766389528
0.0,0.6179427687548338,0.8919882787106307,0.8536904070343537,0.6448609304083496,0.6773829882873366,0.5915300546448085,0.7110622012390136,0.8773377306278106,0.3425806748666941,0.5064066789933458,0.9612034891645084
0.0,0.6705336426914155,0.8851436254273523,0.8149563741379161,0.690228218629006,0.6008340308682498,0.5635910224438905,0.6431227861595981,0.877247404222797,0.3549358913434193,0.5039626807944729,0.9405002044432328
0.0,0.6829079659706111,0.8766954366476406,0.7745073643566587,0.6599044912650913,0.5249008396038676,0.9009146341463417,0.6293423205223312,0.8766975589510021,0.3623514243119814,0.5064800147900976,0.9341420198991413
0.0,0.7227378190255219,0.8693266613948089,0.7568432534250529,0.6895640041274685,0.5029321389432924,0.8273894436519257,0.6802637202835677,0.873022022205694,0.3492957760794213,0.506964638676507,0.96579721219647
0.0,0.7432327919566901,0.863351425789365,0.7520628541636031,0.6606838519004039,0.5000075304908257,0.8556701030927837,0.6935086883256611,0.8711559048070182,0.3464067801342846,0.5082500835766249,0.9491768269801526
0.0,0.7339520494972933,0.860284778536288,0.7537013919398379,0.6385604798195019,0.0,0.8807785888077863,0.6355865172513743,0.8690790634239348,0.34214538878439915,0.5027965071434312,0.9503162376251136
0.0,0.7064965197215776,0.8563730927331071,0.7404743984040464,0.5818526270655116,0.5096356753321772,0.9440389294403893,0.6726046308259926,0.8691438451284822,0.3472105395906557,0.5021298460171558,0.952861148826134
0.0,0.7041763341067285,0.8507736785091816,0.7239855040830293,0.5817033231957072,0.5131434232558127,0.9102402022756004,0.6611577556264089,0.8695624672711685,0.3601487758770009,0.5008393620194007,0.9746873443544588
0.0,0.6697602474864656,0.8457289020718407,0.7238086695582592,0.5966972086834782,0.5901083357136172,0.8445006321112511,0.5877700209777498,0.8683161195520642,0.3617194359805965,0.4981327674460186,0.993018928636383
1.0,0.6546790409899461,0.8406017665586888,0.7220238310001288,0.5714749830343429,0.5278375815699367,0.9279393173198482,0.6339014193142679,0.86873503670035,0.3761015385639472,0.5021791785519819,0.9606444107589802
1.0,0.7010827532869297,0.8333387998874077,0.7137334110947453,0.6032718342925486,0.5897151337898503,0.9026548672566368,0.5665908454475332,0.8688481991934284,0.3842011051872184,0.5000526123234235,0.9596855501110444
0.0,0.6983758700696057,0.8235469871580668,0.6802364173407476,0.5978458631346857,0.5612414483745316,0.9726205997392438,0.511483721364389,0.8720083331584382,0.4085524655340299,0.4954587276919483,0.9649874854584553
1.0,0.6759474091260635,0.8141853889818549,0.6608616486969291,0.5852255147965237,0.5234206993379458,0.9550724637681166,0.5059224068897418,0.8721761381976602,0.4160770562973791,0.49878581052762105,0.9995068307619832
1.0,0.6798143851508119,0.8041893683765579,0.6300669234436476,0.589363498658652,0.44581669392830797,0.9956521739130432,0.4845074159047696,0.8716952449691046,0.4211351961042942,0.4973419330315912,0.9859175256165831
1.0,0.6771075019334879,0.7930028276436477,0.5975108273846302,0.5905855557141244,0.32355797825493243,0.9279731993299832,0.4503240006091901,0.8712841350371344,0.4297158391478765,0.4945526599488297,1.0
1.0,0.6813611755607116,0.7844354157023524,0.5784382666599183,0.5959706100780856,0.4294765055497464,0.9930434782608696,0.42957224059071797,0.8710784246795863,0.4414582073458878,0.4930978391639168,0.9817780360255668
1.0,0.6392111368909512,0.7765673045969103,0.5634724366247382,0.6116924697359473,0.4139397033519513,0.8568888888888889,0.4334877597040516,0.8693101916751459,0.4441854519571122,0.4896812689329903,0.9950352777190468
1.0,0.6581593194122197,0.7687189365243393,0.543088932036944,0.6358865962833609,0.4600917871227005,0.9813333333333338,0.4180614987054712,0.8687743030438005,0.4516535946819288,0.4885814023727938,0.9765462455078492
1.0,0.6879350348027842,0.7583781410578768,0.4956054240911204,0.6576010519914959,0.3754900087955488,0.9686346863468632,0.4020948272897432,0.8677820368724097,0.4561024907740915,0.4872754021718458,0.9972653048357604
1.0,0.6566125290023204,0.7498269570027251,0.4633898382017021,0.6708307950603417,0.38771423861462057,0.9097454021860067,0.41005851170971136,0.8649820180052606,0.4479710412668296,0.4879023393225425,0.984671521341656
1.0,0.6044083526682135,0.7450521419021584,0.4531554192897954,0.6580402459290522,0.5346781650407101,0.8933830748085605,0.4357820475659424,0.86068824290037,0.4324404446244202,0.4899425499386785,0.95663892566673
1.0,0.4903325599381283,0.7405492693159915,0.4610531592122588,0.6134194891988078,0.3839686308644253,0.8650602409638549,0.4559098791937079,0.8563138393484516,0.4140051797224517,0.4877535988827285,0.9747178614210958
1.0,0.4570765661252899,0.7393676991017087,0.4678020331326046,0.6357880469540412,0.4606128291868399,0.7939110070257607,0.4371379864307858,0.8525823449404429,0.4018668290520983,0.486498133704486,0.9896087706415752
1.0,0.4075792730085075,0.7364903496098021,0.4600222238822245,0.586590659239445,0.4967399905044618,0.4195804195804207,0.4542100427906791,0.8484110546893927,0.386643844622394,0.4878674826806054,0.9759985655492746
1.0,0.4145398298530547,0.736971327272432,0.4507538490507174,0.5934824307742834,0.4721344919391013,0.3170163170163169,0.42955258930282136,0.8437887470625999,0.3711734134496004,0.4861697371865194,0.8890862207346433
1.0,0.4389017788089713,0.7411240312034294,0.4516066699057505,0.5645692835916023,0.4533838935089061,0.4055944055944061,0.4285700249080073,0.8416193478706254,0.3677803058656063,0.486250583758633,0.83327925681791
1.0,0.4307811291569994,0.7463197150429051,0.4572425278925183,0.5585181250383605,0.4489480067617764,0.6923076923076938,0.3975455541417546,0.8411592677477139,0.3746906492889596,0.4873841006814388,0.8290271350262131
1.0,0.3781902552204178,0.7480946196248824,0.4707281810480222,0.5635149219328406,0.4281391406151177,0.4805447470817132,0.4135220512014305,0.8427683105013591,0.389389588842974,0.4885821016650253,0.8788486825253162
1.0,0.4149265274555298,0.7489582765659789,0.4991854860704269,0.5458587765226455,0.4048158761348044,0.5348399246704335,0.3796874462660096,0.8418683794876629,0.3876805970190113,0.4896142833313773,0.8537116412507045
1.0,0.4802784222737818,0.7482940711836582,0.5302879241426937,0.5545171204232286,0.4520551056660501,0.7325800376647833,0.4222079204515866,0.8388694683904846,0.3763443078850925,0.4892545975217111,0.8769873119418026
1.0,0.4006187161639596,0.7443261618268194,0.5246046942924223,0.5251903033651728,0.4056553928599451,0.4689265536723166,0.5268903310750728,0.8351814939617758,0.3605171944584712,0.493728634292148,0.9858262606943424
1.0,0.4311678267594739,0.7459479703509678,0.5279114931137668,0.5051011452134464,0.3647221147322442,0.5423728813559324,0.4580027413546614,0.8328045172576625,0.359429900910524,0.4922939745739936,0.9382820008237608
1.0,0.4071925754060324,0.7453058143615684,0.5226838918760358,0.5320907521333399,0.3653859849537063,0.4877589453860645,0.4540086170897427,0.8317296683705023,0.3659584792029905,0.4918832794208289,0.9585556725092677
0.0,0.4164733178654293,0.7457541756819314,0.5404271762848263,0.4898526071036206,0.4436975132985221,0.5216572504708101,0.4568138384369364,0.8304642758352537,0.3736044803295616,0.4922128413409267,0.9264289963846049
0.0,0.3805104408352668,0.7454559798248276,0.5531711398305292,0.4422719738197057,0.4220684540278037,0.2843691148775903,0.4576932335702954,0.8271795349152871,0.3683357951451155,0.4922689435326801,0.9321953228685188
1.0,0.37625676720804296,0.747780420855516,0.5506750356190351,0.4386720008886337,0.3847809178197377,0.295668549905838,0.4629597787264982,0.8229760817689175,0.35202045829376283,0.4929063601376166,0.872234680334996
1.0,0.4203402938901779,0.7508702470055629,0.5603162665206677,0.4418112086538539,0.4084198209399983,0.33333333333333376,0.5080545716264878,0.8186378740979242,0.3374704218898886,0.4929281193953516,0.8776165850533156
1.0,0.4273008507347255,0.7533135599342827,0.5648694397674442,0.4483940062776727,1.0,0.37288135593220395,0.5061434838785747,0.8142979181921043,0.3176686869847967,0.49282963971108,0.8639970710722619
1.0,0.3681361175560711,0.7585166864590641,0.615976702013145,0.4177166397094086,0.3719140915002182,0.10922787193973732,0.5324074301519532,0.8100005040494699,0.3006748325693719,0.4951208131984407,0.8460299299803211
1.0,0.33294663573085825,0.7671255227777422,0.6593805684214651,0.38990728774529343,0.3767738997108377,0.015981735159817406,0.5293762189939525,0.8092091718486106,0.2990054933802868,0.4952929053417315,0.7620337741979775
1.0,0.4195668986852281,0.7754618034951773,0.7055501188190931,0.43619565301927865,0.4851360984836986,0.0192307692307677,0.4490122771421129,0.8115082426393202,0.3175614059716733,0.488136835360738,0.7633060271841103
0.0,0.4667440061871618,0.7779529314153325,0.7314475244317291,0.4376360362929553,0.4399570557171429,0.30769230769230865,0.4340183444772512,0.8134435154382093,0.33348110954720755,0.4867376130839844,0.7996613427303098
0.0,0.5092807424593967,0.7783608946979979,0.7369389190813478,0.4382807663724579,0.4901567295399129,0.5384615384615383,0.5102407774049492,0.8151422768397353,0.3518603225130448,0.4891976398355828,0.8435586472015011
0.0,0.510440835266821,0.7771332906446881,0.7369729614424086,0.4397834264220729,1.0,0.43006993006992905,0.4357967860318642,0.8173869272394364,0.3745465492438905,0.4829128014551648,0.8496819367534663
0.0,0.4791183294663573,0.7779694564058742,0.7322792323034548,0.4522196116932357,0.4541873346786351,0.2132867132867132,0.3903384443057937,0.8223496950428019,0.4117809321282081,0.479232881549156,0.8641984348542402
0.0,0.4493426140757928,0.7821446342712278,0.7689461942610252,0.4650737394867822,0.4866599483696535,0.4089834515366426,0.3627971643191569,0.8236403688575223,0.4279266821214307,0.4808512265819585,0.8386160816438609
0.0,0.4810518174787314,0.7882155039170985,0.8218566540605028,0.504274068314978,0.0,0.7494089834515358,0.3787147075151439,0.8240053826329853,0.43889280524874,0.4783485420616788,0.8436867877900327
0.0,0.4883990719257538,0.7874199811763035,0.861952304472972,0.5140329412908138,0.4680646772191061,0.9527186761229306,0.3671106220123903,0.8243392184993831,0.4454508775342063,0.4773980763310982,0.8739645782801704
0.0,0.5328692962103635,0.7800095238039594,0.8556308310323322,0.567808278796597,0.4189387093705969,0.8136792452830188,0.3606699124043841,0.8232504453674431,0.4429074326787089,0.4768814540264836,0.8879044437325522
0.0,0.605181747873163,0.7723208119411249,0.8361718103651576,0.636831493210336,0.5201062286413553,0.6627358490566034,0.3934924760131464,0.8217145670854676,0.4314417969872753,0.479408320606241,0.8627705825820327
0.0,0.6361175560711524,0.7699955879010413,0.8165201911048644,0.6299298217459688,0.492559323227338,0.8552631578947376,0.34620656451272186,0.8208673169839732,0.4294653184751066,0.479574924217506,0.8079172577914058
0.0,0.5541376643464812,0.7675875755082776,0.7931059961694586,0.5775124042546897,0.5724199356105245,0.7800751879699258,0.3307360881163747,0.8214456684281203,0.4364926705737455,0.4783689235563176,0.8350006864674381
0.0,0.6017014694508894,0.7661253845308594,0.7764183567329597,0.5706218764201669,0.4450836345825088,0.8421052631578955,0.3376729927437621,0.8206673981109266,0.440472271164826,0.4789002839317435,0.8181227403780147
0.0,0.6245166279969063,0.7602773810172289,0.7325001695457314,0.5875382574617889,0.5567769390356045,0.8308270676691732,0.3524802381736092,0.8184452406776659,0.43407531377556696,0.4762980226996654,0.819651274541211
0.0,0.626063418406806,0.7544386403043056,0.7068850116182925,0.5892512540883169,0.4872035753242709,0.7769718948322761,0.3528044844238977,0.8166811374360526,0.4305453720824126,0.4763358674767772,0.8075145302274493
0.0,0.6546790409899461,0.7522819689884871,0.6959896343646595,0.5623928864789945,0.4940530489570466,0.8077969174977343,0.3529911716589124,0.8138219163003707,0.4228014373964904,0.4763579473503994,0.8003386572696898
1.0,0.5510440835266821,0.7479832037998971,0.6875472285201021,0.5145949422150291,0.4696917900649095,0.6441281138790034,0.3974669489901692,0.8115764950597172,0.4150387557121191,0.4760283381592553,0.8050249416502673
1.0,0.5962877030162413,0.7469286670574057,0.6936543708064835,0.49576469811542295,0.5326117467483187,0.6494661921708186,0.3485450677723793,0.8088242380143714,0.4058793838018343,0.4760882746847229,0.7287721385748938
1.0,0.6225831399845321,0.7410469944575081,0.6820138991519944,0.4611024132817809,0.0,0.6865417376490636,0.3625220462886087,0.8076939794709582,0.4018583556989249,0.4771626351700967,0.7266029014690405
0.0,0.7262180974477959,0.7368772121386368,0.6602860559327679,0.4886519406818242,0.5383214405308872,0.9202501954652076,0.3655434318026619,0.8067034942462276,0.4058917946505435,0.4774090740312862,0.7164614891766969
1.0,0.6585460170146945,0.7277402997781884,0.6205297349701,0.4902952792298192,0.5137292867538021,0.7919556171983356,0.3916649062387926,0.8066808723206421,0.40992661361434135,0.4793585456799765,0.7869296599697955
1.0,0.6732405259087392,0.7201977461593426,0.5579811558288862,0.4995805010732104,0.5059599844482534,0.7777777777777776,0.3547155721718112,0.8062277262756766,0.4128726905830923,0.4802845967290337,0.7335133403505565
1.0,0.7378190255220417,0.7151920753749278,0.5339966499428008,0.5381364280122455,0.5168183001839397,0.7592592592592595,0.3564350598627357,0.8048805051282998,0.4073175059906176,0.4804437704361034,0.7123243787469681
1.0,0.6129156999226605,0.7108162850945844,0.5156040100794181,0.4856115768259973,0.5401847393392492,0.7268623024830706,0.35020068877764066,0.8027264383881053,0.4065351617604696,0.48000482737615,0.6722529861333578
1.0,0.619876256767208,0.7100121099035456,0.5304906430707133,0.4904155316032384,0.5209331669281803,0.7483069977426641,0.3404634756250336,0.8002681271862474,0.4058004956536421,0.4792821696660241,0.6294448766646833
1.0,0.6678267594740911,0.7041462643204376,0.5119738051322525,0.465674902796345,0.5330744027498711,0.8069977426636568,0.3444772511778489,0.7970790583291737,0.4031164110327419,0.4796408146183354,0.592650221957805
0.0,0.6979891724671309,0.6949724788930026,0.4911069756088785,0.4301317850372357,0.0,0.8769751693002261,0.32485544021341284,0.7951824417575138,0.4032293787751856,0.4781208881475724,0.4874467987735114
0.0,0.7490332559938131,0.680447049254043,0.45694826852781,0.4012361452830889,0.5424012873061856,0.9525959367945832,0.3330795041980064,0.7946009269404705,0.3964820985578917,0.478766355927384,0.5328909432062605
1.0,0.7849961330239754,0.6648127114030192,0.4236129245112388,0.4225013103198457,0.5030720578429866,0.9261904761904765,0.3568428240865837,0.7951394054038771,0.39084068180916864,0.4806947167721231,0.5779598187725964
1.0,0.6276102088167055,0.6537368225371728,0.3901782886849442,0.3898652989949597,0.4531935014558614,0.7580872011251759,0.31580602213717585,0.7953751226471767,0.3809663984573809,0.4773929424570876,0.4914100041188048
1.0,0.5989945862335654,0.6543668194960045,0.4033689286468055,0.4254621887578643,0.0,0.7383966244725739,0.24562636023758394,0.7960552436733322,0.3842373172448119,0.4751895300488125,0.3841563315180083
1.0,0.6442382057231246,0.6569111609567889,0.4145668947180946,0.4556338451834202,0.4340967812846773,0.980309423347398,0.24321907747028956,0.7977717371418577,0.3956322133102009,0.4749925607570071,0.38701203606242257
1.0,0.5046403712296984,0.6533920069126059,0.39953027878468,0.4217634322461882,0.4239089786863897,0.92884468247896,0.28024701668885604,0.798935055330784,0.4029552629788888,0.4781037834808141,0.4755663356368128
1.0,0.4748646558391337,0.6530254941817742,0.40930121602554176,0.45596269466442,0.4434585494241356,0.8293802601377207,0.2404678971648103,0.7999421942582979,0.4110124787838095,0.4747046865030202,0.3994508260491511
1.0,0.4381283836040215,0.6514006031585987,0.4184944159451897,0.4853073468156554,0.4603681059904284,0.7503714710252599,0.2181636854025321,0.7998852837797391,0.4138499831591146,0.4764969666809279,0.3719555169099813
1.0,0.3928847641144622,0.6517332034033184,0.4409723734463744,0.5099093523300199,0.4871993740598373,0.6265734265734263,0.2463583707117205,0.7990353550526285,0.4127668426187021,0.475184147064797,0.3822159168916756
1.0,0.4292343387470997,0.6516236396441052,0.43429610203909175,0.5297667362415572,0.4729431702089307,0.7903430749682339,0.2494927511311773,0.7979343082672145,0.412778627470704,0.4754100911321942,0.34431376138391856
1.0,0.4273008507347252,0.6458747336440621,0.3970944097809731,0.5278967032447792,0.4574843609241904,0.6406052963430011,0.27313325047040243,0.7976451194547746,0.4164245843026765,0.477460781309844,0.3931902430094731
1.0,0.3967517401392112,0.6409862768856937,0.35787757171835755,0.5599797142288788,0.4820762849165485,0.565543071161049,0.27644449248092584,0.798487953280186,0.4315732807494129,0.4777409882004089,0.3891538144707336
1.0,0.3611755607115236,0.6411564180920669,0.3587307652244948,0.5338898119001311,0.5071256212188068,0.39700374531835214,0.25492633223449884,0.7987585342109488,0.4379091387181415,0.4795893574385321,0.3653745823989748
1.0,0.32946635730858465,0.6453219496147168,0.3842474073153084,0.5187812268304849,0.4794874782760824,0.4918851435705366,0.23238630501746504,0.7992806273460765,0.4479273288371477,0.4775539142083596,0.3010937714521074
1.0,0.2962103634957463,0.6516192598731477,0.4218304636153911,0.54989050488159,0.5946663751232261,0.4227441285537704,0.2251398926057116,0.7990167007026484,0.4440059819823709,0.4768987293088609,0.2845270239348314
1.0,0.12683681361175542,0.6560801034599627,0.4243646153106952,0.4892019451881594,0.5505781771200775,0.1259615384615387,0.21472471002068305,0.7989451226005572,0.44267699936051785,0.4758860395891034,0.2347260994920143
1.0,0.2838360402165506,0.6671333697804592,0.4708499738517962,0.5293429885411961,0.5792123710045451,0.3962264150943398,0.1445204840112209,0.7990479403335337,0.4381246187287471,0.4690183197527474,0.08755663356368157
1.0,0.3066511987625675,0.6678868810939421,0.4829619800193069,0.4945860967054431,0.7203134457699207,0.3971698113207547,0.2349016698681891,0.801727582356277,0.4592127760905325,0.4736030617679782,0.2530685094503686
1.0,0.2447795823665893,0.669301701627668,0.5233160815901898,0.5057243952060704,0.7238658238019761,0.3292452830188681,0.18915838446762206,0.8046997622492209,0.4825920182247442,0.47320450293411104,0.232364651503364
1.0,0.2625676720804329,0.6713395860728711,0.537016025951014,0.5201784044602253,0.8180372211285858,0.31415094339622623,0.1655915774580076,0.8073771943133393,0.5018072436467715,0.4747681368848061,0.21237471969246274
1.0,0.32327919566898666,0.6720996969043777,0.541026228952545,0.5655798446233752,0.8236044444384106,0.2528301886792452,0.17742656559354258,0.8116731504607012,0.5179151684793136,0.4721271944076815,0.2126767653654296
1.0,0.2443928847641143,0.6749898005265268,0.5520541312474925,0.4884755422737059,0.8261511128112476,0.001886792452829813,0.08775282610084051,0.8151962097138078,0.5280261130908325,0.4681592658787941,0.18075145302274492
1.0,0.3151585460170145,0.6890584888907026,0.5693540248020373,0.481046128155317,0.6148515085442499,0.009879253567507828,0.0,0.8201376421889496,0.5478149204580843,0.4589856544876641,0.0013327328376182429
1.0,0.35537509667440065,0.7005661333691432,0.5813319520909834,0.4607901708831038,0.6884482403812417,0.05605381165919281,0.02110057037863133,0.8223139521149451,0.5538848319669357,0.4612184974223598,0.01263186845569036
1.0,0.3785769528228923,0.7134572552538246,0.5917935682395388,0.4273030886713301,0.7138142663017519,0.011306532663316118,0.07319613459167068,0.8246421373972689,0.5645717591672643,0.4623483356610841,0.0489676914200937
0.0,0.4323279195668985,0.7265834017667764,0.6402367423232398,0.4663818574704831,0.7517550695788954,0.16639741518578358,0.09306849947678447,0.8253015807484262,0.5666736962204825,0.4642329222883833,0.025418826618016668
0.0,0.4327146171693737,0.7307202770995623,0.6460699557448886,0.4667575436856262,0.8020223208998292,0.18578352180937072,0.1657193108293333,0.8260509755876743,0.5687644187390577,0.4671727428980582,0.12675894681266214
0.0,0.5224284609435422,0.7329072367390618,0.6375406141930314,0.488631771402792,0.8260157192162028,0.2794830371567048,0.1573675134734141,0.8263129183875674,0.5739383393319314,0.4663276438441274,0.09299175906158892
0.0,0.5552977571539058,0.7327195017116322,0.6332837961445016,0.4641828086814669,0.8397399908987105,0.37641357027463707,0.19790320758146698,0.8258562191061206,0.5738394525735608,0.4700690076331007,0.18894474668870406
0.0,0.5912606341840679,0.7342000504051204,0.6535531190867553,0.4430926532835328,0.8378462484967784,0.505654281098546,0.27489695355909394,0.8258515651603314,0.5789710984839034,0.4734029800860774,0.2839680462778049
0.0,0.5189481825212684,0.7350699267386877,0.6833223804724611,0.4373647422400823,0.8294944897471036,0.34736113732150764,0.26796987457565485,0.8255301495623516,0.5785790736097048,0.4727790124295091,0.2950095264329823
0.0,0.4845320959010054,0.7389163756739546,0.7135103997827075,0.40922509435565296,0.8391675227760542,0.3851041076932751,0.24239863620062002,0.8265468932719237,0.5891413545539804,0.4741112239360062,0.2352799393981133
0.0,0.4903325599381283,0.7403796699084672,0.7179326814283697,0.4135691508292203,0.8426524462276336,0.3174812857771904,0.2361888292253952,0.8270807627492834,0.5945911460032505,0.4735214347472867,0.2144709960287401
0.0,0.5885537509667439,0.7412813339659193,0.7158444439058546,0.4389588265584449,0.5294355732622043,0.5659558407246644,0.2195392755552716,0.828809385320718,0.6074749739843031,0.4719187970986953,0.16465808139935267
0.0,0.6121423047177109,0.7386317773529726,0.6905924819010432,0.4027502452559322,0.0,0.6194250487513366,0.2591267950223289,0.8303185256086708,0.6137274282457107,0.4756109486980394,0.3228198241627071
0.0,0.6805877803557621,0.7375319140281408,0.6776111063248778,0.4749066337954478,0.549995151966821,0.9767441860465118,0.26859871578833594,0.8317707814381153,0.6215781915148652,0.4764707539186663,0.31756306957739394
0.0,0.5885537509667442,0.7254411572452321,0.6036820419915989,0.4450296385764492,0.5694285834687898,0.8984238178633979,0.34698770320659905,0.8315287926192646,0.6131891451731274,0.4835541420381924,0.5106397631017152
0.0,0.6860015467904099,0.7154529284430452,0.5408923943512408,0.5125534303020548,0.6250842492346461,0.8268656716417915,0.3216031520665785,0.8304484266892891,0.6041180784129793,0.4812732000889814,0.4181989302848749
0.0,0.7293116782675947,0.7019797628933301,0.4711527280802223,0.4989566710023034,0.6582874201689932,0.9614325068870522,0.3096846459574845,0.8294225458006145,0.594141254819848,0.4801839795588331,0.3456603080595921
0.0,0.7521268368136118,0.6886085356155774,0.4235335441877854,0.5140053256977843,0.7939344124813164,0.8988830099941212,0.3302890213167346,0.8296974224905523,0.5971471495480375,0.4784216064741752,0.3923627849321675
0.0,0.6782675947409128,0.6756522132550168,0.37171199582013004,0.4736052435956895,0.4405482794896428,0.9443478260869564,0.2646979351409242,0.8300024856629075,0.6023764647904214,0.4758756889760157,0.270344099350366
1.0,0.6593194122196441,0.6683480565017096,0.3328677919816835,0.4620970662306738,0.4625287733772223,0.8617647058823523,0.280802165571926,0.8306933364115799,0.6095319815578062,0.4737045216327101,0.2725248490691642
1.0,0.6964423820572314,0.6683736734606746,0.3211090088049047,0.4881633096363551,0.4908707033418576,0.8220588235294117,0.24338120059543406,0.8299908541875697,0.6081966506248856,0.4700330318059245,0.1850653077152632
1.0,0.5185614849187933,0.6688540295405813,0.29513498915652914,0.3829818622177812,0.4003107080064202,0.7591240875912401,0.27115338321485233,0.8299796495146873,0.6100774957494486,0.4690294375760004,0.20115694511397306
1.0,0.5065738592420727,0.6734735600985627,0.29225432489212355,0.4264625016192665,0.0,0.7518248175182478,0.2511238080265684,0.8304317730231744,0.6149580078039423,0.4670317285748238,0.14428528797373918
1.0,0.5645784996133024,0.67297767197071,0.2666790825554603,0.41424458635497935,0.4237686113150657,0.9445255474452552,0.2518705569666271,0.8316249643455506,0.624380070413209,0.4671335170398196,0.17618162201868556
1.0,0.5603248259860789,0.6698428343799622,0.2632309245152972,0.4108391780214757,0.4725241710760531,0.9605839416058388,0.3324162732315069,0.8327883524594163,0.6360827362498431,0.4712219782047704,0.3490002984183826
1.0,0.4350348027842226,0.6663114830329034,0.25501764727827986,0.3802027623419203,0.5127966037385613,0.7065693430656927,0.3437796304575312,0.8323261668077554,0.6376630646469871,0.4686191784019961,0.3678465670408376
1.0,0.4207269914926527,0.6656951310735858,0.2600433172886483,0.41960237105862297,0.4108797929510852,0.6700729927007294,0.3017307871814649,0.8318760801380121,0.6365266536639035,0.4645027227565596,0.23383375800564696
1.0,0.4802784222737818,0.6645021767103253,0.2404521226728627,0.4600859058848451,0.4078674895640127,0.6510948905109489,0.30960604080589943,0.8316726313466737,0.6321871296809844,0.461578870551326,0.2406170373941192
1.0,0.4914926527455532,0.6624987894444004,0.218371703939958,0.4674073319655605,0.0,0.7649635036496352,0.3012738947378765,0.8322055156165339,0.6395679057390987,0.4607541042754956,0.20625301287790124
0.0,0.5460170146945087,0.6595023808190964,0.18823343263911035,0.4536199385148086,0.3794799600214076,0.9299270072992696,0.3662803550987722,0.8328107237175363,0.6489234016388534,0.4672014061499866,0.3660675343755021
0.0,0.5522041763341067,0.6547407409766545,0.14230775510823454,0.4579168995553112,0.4284345495412179,0.8452554744525544,0.4126623073559682,0.8326174847032818,0.6543286212277091,0.4681008703250539,0.4613089089364827
1.0,0.4346481051817479,0.6508295023169658,0.10155331992684008,0.4319682574403949,0.3795497974374863,0.7051094890510945,0.4330750826582296,0.8320144946032503,0.6521432820053497,0.4664245750327845,0.473532584991851
1.0,0.4350348027842226,0.6523379465779414,0.0851431221421915,0.4320637432027876,0.309842609684588,0.6656934306569334,0.3956786817916079,0.8314224655184982,0.6560913751407671,0.462851311418095,0.3861074765282464
1.0,0.42227378190255216,0.6546550654368878,0.07941731881641045,0.4250274177806483,0.43272179819614703,0.7386861313868605,0.37386083940476256,0.8314384935502751,0.6640086525205798,0.4607337279016965,0.3253563804145722
1.0,0.3801237432327917,0.6576889421621775,0.07518067687335311,0.4043980537583164,0.3976757218527692,0.7013422818791943,0.3871500228446221,0.8314263947884325,0.6690732659837266,0.4583786674418077,0.3417234809356564
1.0,0.21075019334880116,0.6560175177011952,0.04214192879304191,0.3363555095911609,0.3806076828970087,0.3224821973550359,0.41231840981778334,0.8311872464570479,0.6730798780294498,0.4572339805382132,0.3888506301218923
1.0,0.21539056457849945,0.6606460654468803,0.034947904909368444,0.3390549563300704,0.3447667655971975,0.28767795778105065,0.365494303582921,0.8306742291605697,0.6661346028371229,0.4525865217895476,0.2592681863048921
1.0,0.17517401392111356,0.6644485671596564,0.017556011490816426,0.2983559330060021,0.2661089479239338,0.15881809787626955,0.3342634942937572,0.8307060088057557,0.6628143400645923,0.4493722073991333,0.16352179601955816
1.0,0.16589327146171667,0.6728754421427486,0.005814682527538251,0.2879818825565053,0.3307593857275954,0.13019390581717422,0.2975794526133755,0.8312542442896081,0.6568379067379333,0.4454429172581639,0.07665909143080131
1.0,0.16241299303944307,0.6836233423142076,0.0,0.28391377838681675,1.0,0.11819021237303798,0.32591169693783817,0.8321744223657753,0.6623979485457232,0.444815373275825,0.0998024543549837
1.0,0.10827532869296176,0.6980509082544099,0.012217107583162079,0.26030160939280395,0.25280490516365445,0.0046168051708215295,0.3822912419122666,0.8322310982768634,0.6656008019040246,0.447185073062728,0.2216749357403308
1.0,0.20920340293890166,0.719952495746624,0.07508730784291773,0.3100446461376295,0.41174221178033793,0.2013057671381939,0.3409400193565185,0.831890691074724,0.6688758037150165,0.4427929930275567,0.10664829566506076
1.0,0.15506573859242068,0.7308227755701241,0.10437872085347533,0.2872710534276756,0.4492418481443438,0.07906976744186042,0.45003905693469387,0.8309999833297276,0.6654798723161846,0.4509825815329898,0.3766361402725041
1.0,0.15622583139984508,0.7403098924197885,0.12637945437677822,0.2872949178193494,1.0,0.0541125541125541,0.4784646448766634,0.8301137917007443,0.6626865798164486,0.4542053122123085,0.3841343674920189
1.0,0.16241299303944307,0.7468966676894419,0.1206150721808581,0.2903698349744255,0.5089115822117227,0.07792207792207778,0.4680985905113755,0.8304458033972809,0.6654753473102528,0.4531509518921363,0.38315297797692016
0.0,0.276488785769528,0.7542746664927867,0.12930587780680594,0.3408780302092701,0.5065180398747599,0.2378783819983927,0.4555414175456524,0.8316525515632996,0.6764579676157169,0.4514858278641203,0.4220641457631346
0.0,0.2737819025522039,0.7557973200585076,0.1166623179998767,0.3397008973455176,0.5294268324504663,0.2507366729172245,0.5116605829554554,0.8331778291159583,0.6914522119781914,0.4539123935728594,0.5193227671700156
0.0,0.25019334880123745,0.7603213130564238,0.12406168397142114,0.30581466421772474,0.505747254520697,0.07179212429681242,0.5041783550889466,0.8341653465252828,0.7010026364227163,0.4529695491850792,0.5222763010108572
0.0,0.2440061871616395,0.7696179963233191,0.1315259479933325,0.3038538466832185,0.4656061762664239,0.12429681221537607,0.4235785977823521,0.8354613683644995,0.7112163452660313,0.4480288311611716,0.3953887432921504
0.0,0.24052590873936586,0.7799376271307928,0.14035729297332686,0.29839132565647786,1.0,0.0942941334047686,0.4468408098295741,0.8362112323621831,0.7156530970186332,0.4468875879706666,0.4392965597570613
0.0,0.21771075019334868,0.7945164564333956,0.16602960426762953,0.26623921027738945,0.5319793140117443,0.0096956638836524,0.4198202889721884,0.8354025042921586,0.7168241144285982,0.4441394208432072,0.3502121552477224
0.0,0.20301624129930373,0.8117791250396812,0.2012020261993756,0.26458741174060946,1.0,0.08960000000000036,0.4500980107983826,0.8349455176501007,0.7204120186059773,0.44385341901569203,0.3832210158492447
0.0,0.22273781902552173,0.8247524089631585,0.21308488662376165,0.28634262654518905,0.4845766921288474,0.04994054696789554,0.5292190086907821,0.8350060557091928,0.7271634238219865,0.4489660459210631,0.5497004867090979
0.0,0.2730085073472541,0.8382065710232628,0.2249677328490799,0.2825419514789801,0.448682250287264,0.07373868046571712,0.5364261185267428,0.8347403242680648,0.7300744945105558,0.44977919534610733,0.5661113191064521
0.0,0.30317092034029386,0.8514372148775408,0.23914931089604896,0.3021500502466165,0.465106870510871,0.09833024118738426,0.5721472471002067,0.8333473278386568,0.7270792995271532,0.4500718873346996,0.620699696326802
0.0,0.3488012374323279,0.8606201272121575,0.2643324089341914,0.3319683281087357,0.5205644439328675,0.2594810379241523,0.6298286898977641,0.8322829278677287,0.7286070705694452,0.4528829390865109,0.6851678522401093
0.0,0.3163186388244394,0.8639454588066519,0.2698519401427582,0.34743391824608266,0.4711509326834535,0.1254752851711034,0.6594284422915369,0.8310489788569663,0.7330510991858749,0.4559083935686216,0.7827173179405044
0.0,0.32521268368136114,0.8689640133958515,0.28407330789173835,0.3575929927941596,1.0,0.09315589353612208,0.6590992832192739,0.8304756412158801,0.7376211555496627,0.45604524584598,0.7646146252027363
0.0,0.3174787316318637,0.8764892805412824,0.32079715889957905,0.3978126721752832,0.5158748480535195,0.0798479087452475,0.6700057480017095,0.8301891913318368,0.7426128947796172,0.4534900024822166,0.7794780652870241
0.0,0.2498066511987624,0.8853325344977081,0.3575326009517896,0.4047594312962532,0.4307122746791346,0.055284552845529016,0.6512928091024763,0.8300150423975364,0.7459063899836431,0.4509365620183439,0.7837364940341439
0.0,0.2587006960556845,0.8955028001862205,0.40074759565516616,0.3631772935011392,0.42677034401121533,0.07870370370370444,0.6452598637183182,0.8293773472333331,0.7520820396907055,0.4504481990039925,0.7627793869057621
0.0,0.3194122196442383,0.903027490267362,0.4144540071879496,0.3559108388794215,0.4483422126051679,0.2989840348330917,0.6518872605613389,0.8270844792288546,0.7502186584104489,0.4513848041995885,0.7443924910289745
0.0,0.4021655065738591,0.9065414642495291,0.4366038310826348,0.3784034450649599,0.4449742834950761,0.5399129172714077,0.6848277318974789,0.8248258060109067,0.7502728967633586,0.4513564594413224,0.7684537458999735
0.0,0.39713843774168606,0.90502020057901,0.44211828063666697,0.37251012573333175,0.4589230603579679,0.5094339622641516,0.7011383008513921,0.8229923914715697,0.7444725691475337,0.4493944432938221,0.8015419760137066
0.0,0.4029389017788089,0.9049360786029168,0.4521862721113498,0.3315126816988492,0.38723219928790586,0.5181422351233672,0.6986966283302791,0.8220688933725141,0.7423926461279964,0.4492341337409209,0.7912805585748235
0.0,0.3399071925754061,0.9030910165869472,0.4223100078154124,0.2996518934881411,0.36091667334161537,0.3076923076923083,0.7047787019341782,0.821421345293062,0.7380917585215304,0.4498898348481637,0.805042279987473
0.0,0.394431554524362,0.9052052990770564,0.3960802481381344,0.3200040086594729,0.2732535490454782,0.3352685050798261,0.6760927344275824,0.8209351374835744,0.7392894071323248,0.4509272178503054,0.7541681251266555
0.0,0.3747099767981436,0.9066298103803088,0.3688040046965373,0.2950060799878837,0.33334819772020424,0.181422351233672,0.6744076364904762,0.8194575858601573,0.7326311717714961,0.450675777549527,0.7552734842762657
0.0,0.3936581593194121,0.9135597589570932,0.3741868917114872,0.3107100642617061,0.2597205921885376,0.2757619738751812,0.6858446860461118,0.8180067851840979,0.7346724323311381,0.4523763198615196,0.7247103037895399
0.0,0.3743232791956688,0.9203626218178474,0.39301505943476617,0.33579292120002435,1.0,0.2481857764876633,0.7137102122830374,0.8164078689244242,0.7362695979844923,0.4555124039700471,0.7882424318127067
0.0,0.35808197989172474,0.929198048571386,0.4266105424928082,0.3644612790703883,0.3774919142224457,0.2264150943396229,0.712344447774246,0.8173974277522168,0.7560276948151105,0.4554625601641902,0.7796325871467958
0.0,0.4269141531322507,0.9389143228846656,0.4663817961878238,0.4327348683090254,1.0,0.33100233100233145,0.6434126426560677,0.8179526269853415,0.7651698393141629,0.4508581243797043,0.7299006968174798
1.0,0.3975251353441608,0.9440055542574924,0.4928851575176202,0.3830924184063294,0.5404671338677157,0.1468531468531475,0.6671513984347748,0.818826763367475,0.7782656284620805,0.449779097499933,0.7566402869353412
1.0,0.3143851508120649,0.9514142299388398,0.5314983440846107,0.3346931275495649,0.4726982172788176,0.03729603729603816,0.6727078000874481,0.8166566104109972,0.7720072118724725,0.4466043695535093,0.7653125864330259
0.0,0.3569218870843001,0.9613701612579332,0.5667276376939823,0.3741911009801374,0.4557170044625715,0.2834821428571422,0.6955917248426667,0.8142126296146052,0.7686272111974437,0.4494663609167723,0.7499486978167573
0.0,0.3654292343387471,0.9647241281234784,0.583612814426691,0.34085081688135377,0.4670182997784287,0.2939914163090125,0.7183724803364301,0.8136687431832025,0.7714031494012926,0.4482867598655946,0.7675492610837439
0.0,0.39984532095900976,0.9670398094600844,0.582869254254105,0.3422681947125685,0.4623254574278469,0.3969957081545055,0.7016639728026173,0.8143395713411558,0.7833493732679059,0.4451857615706532,0.8196516537649541
0.0,0.3982985305491104,0.9677160939018562,0.5937349578000296,0.33882010441557386,0.4473039551361105,0.3111587982832611,0.7292985964067622,0.8156534848147258,0.7971756602377739,0.4482400609823624,0.8701090781140044
0.0,0.41763341067285387,0.9682645461860934,0.6144312341660025,0.3213272011500077,0.480886066658632,0.33905579399141617,0.7368889063567003,0.8142908948602979,0.8020195569397587,0.4489444609617424,0.8925404644616469
0.0,0.5417633410672855,0.9696654265906908,0.6291057174287922,0.4389907581039303,0.4677030554719029,0.7060085836909874,0.7484045610639205,0.8127836148283129,0.807410615885722,0.4503575316018583,0.8847202674173116
0.0,0.5232018561484918,0.9657318634062104,0.6299926129090851,0.46202396669155704,0.4414033435690631,0.6931330472103002,0.7677365155318867,0.8111910073457985,0.8173074506890144,0.4486743756660557,0.917690007037298
0.0,0.5282289249806649,0.9638622395316052,0.6255821758196279,0.4681705066257759,0.4493887040952977,0.6888412017167372,0.7575571484016133,0.8105731309965917,0.8308747801130391,0.4514633558599146,0.9041959887403236
0.0,0.5116009280742461,0.9585533644115533,0.6142396457492008,0.4476480480879033,0.4122397637011723,0.5858369098712444,0.7403180560946011,0.8097620554332253,0.8423921946636425,0.4531521204623098,0.8940358902181562
0.0,0.5850734725444703,0.9544589756146956,0.5910406959922176,0.5315806991626144,0.3931124101705312,0.5686695278969959,0.7272057342458081,0.8091912020650046,0.8463311292306946,0.4521164257007679,0.8583743842364533
0.0,0.5877803557617943,0.9504315760274812,0.5723795987346468,0.5343413267404867,0.3809475956611265,0.580838323353293,0.6886400817493576,0.8083744389542961,0.8442654336323324,0.4519899566277074,0.8029644616467279
0.0,0.574245939675174,0.9510761915406823,0.563112876797726,0.5126849991742302,0.4578206915139944,0.6717948717948716,0.6840858957793947,0.8089592258088231,0.8523804080194325,0.4552550331785995,0.7993314567206194
1.0,0.4690641918020108,0.9522298764709796,0.5762919502841125,0.4423012667427925,0.3824026816526904,0.4632478632478632,0.6523490658269016,0.8092160797263915,0.8681767066803713,0.4550849986644899,0.7835151301900067
1.0,0.4238205723124516,0.9568978728830344,0.5845208019308563,0.442097382935405,0.4373259996946639,0.36923076923076975,0.6339112449582165,0.8098406648254136,0.8939392663442302,0.4533367998454878,0.7491115411681915
1.0,0.4292343387470997,0.9621857064247088,0.6099779949247973,0.4475394320305251,0.3899164435355037,0.3965811965811966,0.6230342571076251,0.8096198836171152,0.9010877794088278,0.4556973965144484,0.7472290640394086
1.0,0.4280742459396751,0.9658886497812452,0.6152751321133363,0.4466601266013388,0.3672405816493676,0.4495726495726499,0.6258050887010005,0.8098791934458135,0.8915561193777216,0.45222514088121,0.7501935256861362
1.0,0.4582366589327146,0.9683072973315416,0.6177987160965297,0.4309099352284576,0.3652135390858936,0.4957264957264954,0.6070282831161048,0.8097102697444548,0.8797438823663551,0.4537982096457594,0.7360045742434909
1.0,0.5088940448569217,0.9695786836599991,0.6128831115013976,0.43516263744428535,0.3793521765256944,0.6119658119658116,0.6333364447872505,0.8090891971423463,0.8736134241901269,0.4529696882143196,0.7823715693173825
1.0,0.5077339520494973,0.9698490732921696,0.6213825116944718,0.4554841246118258,0.3769535567942135,0.6068376068376075,0.6451124790590962,0.8075760569479297,0.8782919047322569,0.4543527381255668,0.778764954257565
0.0,0.5607115235885539,0.9694172414461256,0.6265268876429416,0.5241229195248266,0.0,0.8940170940170945,0.6573797955283491,0.8061648250926355,0.8802220137192162,0.4519505822921326,0.7883180858550314
0.0,0.6264501160092806,0.9661217678810242,0.6307390424592307,0.54170378422203,0.3755574880840121,0.9658119658119654,0.6850389832423643,0.8045186527558673,0.8798802552636581,0.4550006828884278,0.8418103448275863
0.0,0.5591647331786542,0.9592362709473059,0.6095388295305678,0.5037131944988938,0.4862129490934177,0.989266547406082,0.7243071692811067,0.8031158431389992,0.8805945850178717,0.4556471080945249,0.87905524278677
0.0,0.5688321732405262,0.9542423015898116,0.5998179135602596,0.512458171421625,0.325592172617916,0.9733840304182508,0.7187704189163295,0.8004911265580549,0.8715762922042795,0.4587505003057434,0.8765130190007037
0.0,0.5607115235885539,0.9469362030543512,0.5698355266908195,0.5059340104943657,0.4976027764582838,0.9049429657794676,0.7379107733273067,0.7981208222655057,0.8663990903787603,0.4610725025655752,0.8676020408163264
0.0,0.5610982211910285,0.9378032935952564,0.5256113721493593,0.5066863720505436,0.4933464776886167,0.9712389380530968,0.7376749578725513,0.7949528446981329,0.8547560550320726,0.4613441038685964,0.845197044334975
0.0,0.5947409126063419,0.9311337814845962,0.5018057128226633,0.5375161577769622,0.3955615729704587,0.6736596736596739,0.7467587657026069,0.791916423785132,0.8394876851906855,0.4625641491827127,0.8332160450387049
0.0,0.5583913379737047,0.9275398242448964,0.4922176572926506,0.4954469823797796,0.4387909449814837,0.7772727272727279,0.7496671563112569,0.7898965741105334,0.8289011870371831,0.4633981908019013,0.7989481065918657
1.0,0.5703789636504256,0.9256712595104324,0.5103032115844871,0.5048490664651181,0.4444799819739826,0.7813620071684592,0.7410107639929452,0.7875925318262597,0.817763385783486,0.4620230441099832,0.8114792426522477
1.0,0.5839133797370456,0.9216297208004086,0.5096285042332698,0.5149999122266018,0.4740932843552957,0.7694145758661881,0.7554790247065817,0.7869645945396312,0.8219164590711435,0.4640040304586104,0.7926770187919119
1.0,0.5177880897138437,0.919850989961548,0.5172932101507974,0.4622505510385063,0.4888364432932844,0.31111111111111084,0.7697360340753329,0.7861357998053357,0.8251400619635222,0.4649870416545063,0.8524721565980422
1.0,0.4559164733178653,0.9232113446668396,0.5239362545252647,0.4576057385305674,0.4199360154119096,0.27368421052631464,0.7896575271801876,0.7876419342194653,0.8402430954815815,0.4670263753182418,0.8975869051636853
1.0,0.5104408352668214,0.9308158767893824,0.5584994007641411,0.45188072582623,0.4014363213267964,0.39766081871344944,0.747520253108588,0.7871845109677412,0.8440071001743726,0.4650679842651831,0.8903476206547418
1.0,0.4972931167826759,0.9343256202229611,0.5718465629819994,0.4401335130770887,0.4400148954172721,0.7485380116959057,0.7456189910046227,0.788100297855795,0.8555333151981833,0.4654927968184298,0.8446760040499492
1.0,0.5386697602474867,0.9363606239268666,0.5967729096891935,0.4199290867474951,0.0,0.8935672514619887,0.7186770752988221,0.788246893624761,0.8648738471665273,0.4614339633236485,0.8656176172797836
1.0,0.5116009280742461,0.933307839024224,0.5945221365334059,0.3968283128437896,0.4314000207315993,0.8982456140350873,0.7022977268372728,0.7888098083965981,0.8783150078325593,0.463067662241887,0.863609517381033
0.0,0.5367362722351121,0.9318130450174414,0.6072470820688247,0.3605193545625592,0.3804006004160815,0.9777777777777782,0.7237028921782959,0.7879216923689382,0.8846255687409016,0.4616332997429277,0.8780037124535941
0.0,0.4872389791183294,0.9284261149299812,0.6077810134565925,0.3785270975305585,0.3990734008089564,0.9557291666666662,0.7354297982304017,0.7853745913167397,0.8815731074012237,0.4628315827786735,0.9029109011137364
1.0,0.4458623356535189,0.92671665184784,0.6095291233935214,0.4001924985461241,0.4197510404979352,0.7916666666666672,0.7507135873917337,0.7839821965925061,0.889809232631286,0.4647518034603311,0.8877489031387108
1.0,0.4508894044856922,0.9246235735288828,0.606979554132114,0.3833327180551795,0.4963228923367844,0.7562189054726374,0.7131403249340453,0.7812824537018513,0.8902212384973475,0.4643382284962299,0.854463381707729
0.0,0.496906419180201,0.9221616088601942,0.5968575954071698,0.3665012564648088,0.4804350805458329,0.8333333333333327,0.7484045610639207,0.779812182538235,0.9016540706578638,0.4644862967607272,0.862867026662167
0.0,0.4354215003866977,0.918238148858708,0.5928436932773229,0.3706253686667049,0.5287514778499366,0.514925373134329,0.7509985310662297,0.7779835167060919,0.903488780498914,0.4646800481024967,0.8725531555855551
0.0,0.5019334880123744,0.9192930795076436,0.5981953610020805,0.3723351904378082,0.5021549465854964,0.9179104477611943,0.6930075804843059,0.7779484618400346,0.9172628291827288,0.4627172367660234,0.7918157273034089
1.0,0.4767981438515079,0.9154303543012235,0.6003303534840729,0.35181740314106963,0.4616172420475922,0.7537313432835814,0.7033687220276199,0.7776891143417081,0.9224657282184541,0.4634574386610405,0.835791427607155
1.0,0.4559164733178653,0.913649237108304,0.6102679115988311,0.3837954289589169,0.471864866022985,0.7164179104477608,0.7065620563107655,0.7770084212788736,0.930733353226659,0.4639699529716567,0.8235993925075938
1.0,0.43155452436194897,0.9121989304993746,0.6257423725115533,0.4110895843201393,0.6045860927291805,0.5285412262156451,0.6865668708762998,0.7783126188570614,0.948190393014396,0.4657301091467372,0.7970975362807962
1.0,0.3410672853828305,0.9105730907336969,0.6362365021132955,0.30186488683019563,0.5250792434971053,0.027484143763212586,0.5976497059676047,0.7794602291066853,0.9643283717850072,0.4589411965982269,0.7539402632467094
1.0,0.4141531322505799,0.9148930688166378,0.6603343186341173,0.32836735769701564,0.5143335417560304,0.31501057082452344,0.5778166436582839,0.7802158020557205,0.9723774268804052,0.4573061642114344,0.6913094836314548
1.0,0.4249806651198759,0.9134883337262764,0.6651247570244893,0.34131892778548106,1.0,0.21775898520084447,0.6134444286142402,0.7785091479164422,0.9686560750136732,0.4574535872771444,0.7343570705366181
1.0,0.4651972157772621,0.9142189349040792,0.6724281428405848,0.38798423678529503,0.5649193533806242,0.13319238900634162,0.5984701472372744,0.7773373775145612,0.9698668208405284,0.4560778196464077,0.7037293283833947
1.0,0.4528228924980665,0.9171861122770456,0.6914239666414488,0.4234589719358785,0.4756877375767333,0.014656144306652715,0.5886887186869009,0.7760793250918064,0.9728619437853242,0.4588746726866637,0.6888288896388793
1.0,0.5019334880123744,0.9238438514767879,0.7260363864466038,0.4810945304708252,1.0,0.3393461104847806,0.5861537025482808,0.7747862233748392,0.9723164979352568,0.4588806577440934,0.6579311508606142
1.0,0.4559164733178653,0.9261619819416851,0.7450545277149605,0.4712023215724867,0.5116315688789552,0.14092446448703488,0.6331251934423653,0.7736557888632035,0.9705744382193109,0.4603432279898161,0.7298768140398247
1.0,0.5406032482598608,0.9314946649135428,0.7754658579738769,0.5478134717782303,0.4880043324532074,0.5147783251231532,0.6196787996993354,0.7725137227798652,0.965703687230732,0.462735350153608,0.7112807964900442
1.0,0.5193348801237432,0.9304624785072934,0.7873206181600962,0.5666190328251022,0.4655496882508015,0.41545893719806737,0.6810448589774449,0.7716330200163791,0.9624802877083576,0.4658150156880052,0.8018140398245017
0.0,0.5645784996133024,0.9310567769357252,0.813221326790139,0.5972490435883722,0.4849847535039658,0.6398305084745756,0.6972817356017469,0.7697535395064047,0.9512693721743904,0.463848496315374,0.8291765102936214
0.0,0.5607115235885537,0.928762520274206,0.8167557231413888,0.5927742228932388,0.5462632584937114,0.5741525423728817,0.7302418582257835,0.7677476362221841,0.937966252428042,0.463775359388809,0.8631370232872091
0.0,0.6036349574632637,0.9279571691734428,0.8075559480074577,0.636517216430089,0.5843329337116774,0.7466492317750894,0.7324821050459593,0.7657323115600038,0.9255618312296421,0.4641898157518994,0.8515693553830576
0.0,0.617556071152359,0.9255050651508356,0.7750891620954048,0.6791967762021028,0.5838802124818802,0.8409542743538774,0.7469798426914405,0.7634584289089689,0.9190125294592076,0.4657244068693556,0.8819946000674994
0.0,0.5939675174013921,0.9208600357759972,0.7334466556880744,0.6615276680994239,0.5545355830890548,0.8151093439363818,0.7740249276586961,0.7606242936330628,0.9144570862588008,0.46500994963044,0.8936044549443128
0.0,0.5893271461716938,0.9171661311632884,0.7171138304041714,0.6579061944533041,0.5306318250584536,0.6401590457256457,0.7991392735901427,0.7570855118706127,0.9033127350595046,0.464072089353639,0.902708403644954
0.0,0.5750193348801238,0.9137318156253216,0.7182209457622842,0.6191687894845732,0.5671496687251666,0.7017892644135189,0.7967860318645632,0.7564684918889516,0.905829263419162,0.4641989180089681,0.8784864052123793
0.0,0.602474864655839,0.9108909740063728,0.7242165408791763,0.6510452489354271,0.5384455617370871,0.6819085487077533,0.746621206687333,0.7562439338994519,0.9116807487596332,0.4570103024475989,0.8847429311280954
0.0,0.5877803557617943,0.9059219380476096,0.7171750932086678,0.6642366260440073,0.5451366636188422,0.6799204771371771,0.7479427557983579,0.7558106569226023,0.9164373994814996,0.4574112172180181,0.8666583134945495
0.0,0.6276102088167055,0.9006758595166181,0.7029959486892424,0.6751126510941228,0.5436866615940504,0.7648872615147426,0.7627893038039978,0.7532406445618881,0.9110668352307141,0.459169569196796,0.8613289896838323
0.0,0.6713070378963649,0.8930012218300891,0.6962807788810916,0.6820083389627248,0.5599311523829078,0.9793233082706768,0.7659531611552991,0.7512394256835307,0.9056372268162364,0.4556960320160098,0.8659566470367119
0.0,0.6716937354988399,0.8838926465161187,0.677034468639307,0.6823955571440043,0.53145049787394,0.9745454545454544,0.7907923890561974,0.7492953615396712,0.8997662799127085,0.458348387561993,0.9120995698116356
1.0,0.6670533642691415,0.8743570178998462,0.6510544176783983,0.6799326051676821,0.5998993943921286,0.9797160243407704,0.7957346879621124,0.7468468141597314,0.8949986643862571,0.4591964034748742,0.8935471745395317
1.0,0.6647331786542925,0.8648453558296948,0.6010776137449433,0.6798920301916834,0.5602751010120125,0.9894661071999166,0.792570830610811,0.7443783081597394,0.8916472951730253,0.4591376163080678,0.8740675771624272
1.0,0.628383604021655,0.8577601167716974,0.5615919269968899,0.6497653348064111,0.6457447319698923,0.8167259786476866,0.7768498002937869,0.7422794776830987,0.8924870700363537,0.4615371143499717,0.8484400451071298
1.0,0.6121423047177109,0.8541731642853959,0.551277390961341,0.6072727700998622,0.0,0.8256227758007122,0.7453733499059195,0.740579811774717,0.8912077113298249,0.4588766913125453,0.7811552437037967
1.0,0.6492652745552977,0.8510218285430039,0.5325849008222899,0.6022337581482665,0.6342012756179429,0.8617747440273034,0.7543687269404417,0.7391818890559144,0.8870108501748807,0.4560805496501785,0.7954141085077058
1.0,0.6616395978344933,0.8471212900465287,0.5214486258248517,0.5787863889450917,0.6527146509181031,0.9908088235294124,0.7402885791627569,0.7380210727262452,0.88781626737308,0.4585025421264403,0.7755299293427546
1.0,0.6183294663573087,0.8417472365809505,0.4845403935861318,0.54536818538481,0.5226326579766062,0.9388111888111884,0.7533615984357571,0.7364047909095358,0.8821645841919373,0.4561770238176062,0.7966771097187038
1.0,0.6554524361948957,0.8364251844072498,0.4572863521200301,0.5288634188791272,0.0,0.996357012750455,0.7637718681988118,0.7348533637801417,0.8795393012620688,0.4574850778382789,0.7924244054664799
1.0,0.6620262954369682,0.8289635903652669,0.42524441365822,0.5360395206322538,0.3614499647987409,0.9145454545454534,0.7584365435349718,0.7326991610095134,0.8715827712639473,0.4566798578973828,0.7956148182123464
1.0,0.6531322505800466,0.8240204068115599,0.39699918786845373,0.5837508019496602,0.3521064035379001,0.8763636363636365,0.7630840731224421,0.7318442435561171,0.874365284853056,0.4575135710715771,0.7773746242618329
1.0,0.6167826759474092,0.8223924548169491,0.39272007142207505,0.5764454565817343,0.3850074849118151,0.8389513108614232,0.7413890512849484,0.7302290784038875,0.8758424662633372,0.4583339617046509,0.7741607737950091
1.0,0.5522041763341067,0.8247865999256551,0.38857969138133797,0.4782476129748055,0.3939986403571223,0.8539325842696626,0.7471812683923775,0.7283051862203817,0.8776601837351165,0.4592243863072604,0.7603023652767621
1.0,0.477184841453983,0.8270094160063953,0.3960516316470881,0.4021047532479401,0.36904200383573416,0.9825902169886728,0.7939120310097321,0.7258171762608464,0.8754172790584093,0.460818270607445,0.7980283956536929
1.0,0.4315545243619487,0.8248096619716861,0.3808975155796629,0.4113317527693841,0.3399434639247733,0.7555163283318613,0.8020329257328702,0.7230383733834632,0.8700763310857057,0.4616067925613563,0.8247556493861914
1.0,0.4922660479505025,0.8209251467482871,0.3532928048624432,0.4151694787658963,0.3509771735617402,0.8641114982578394,0.7984072631160062,0.7207438884332623,0.8604330946398691,0.4617606886211529,0.7938773295295976
1.0,0.4752513534416088,0.8148498525743505,0.3167695205377047,0.4002335366893788,0.3712828812783159,0.7229965156794429,0.824450132400552,0.7183740293797499,0.8512630509560221,0.4609510941393451,0.8206560256370748
1.0,0.4559164733178653,0.8105930773994219,0.2939604095242869,0.3839667669305783,0.3442179827878317,0.7874564459930313,0.8147718731116341,0.7160328222777733,0.8437383896351233,0.4601095907690204,0.8088527402413698
1.0,0.4648105181747874,0.8059803779863796,0.25983819496590793,0.3915761396180876,0.3761572839772846,0.6759581881533099,0.8564866444934633,0.7143376583176412,0.8465301831801456,0.4611187515828205,0.8530054603765932
1.0,0.4211136890951278,0.7998183529838,0.2069718678269768,0.40047499449461793,0.36092642806034136,0.5226480836236939,0.8212174955416139,0.7130819408378174,0.8527956774125166,0.4614943698845431,0.8083552700069899
1.0,0.4628770301624128,0.7972068246744809,0.17864552919768714,0.4398237821613672,0.3463451655602313,0.5156794425087101,0.7804705500886765,0.7127829694549627,0.865816409767386,0.4606398535750033,0.7700144261514897
1.0,0.4489559164733177,0.7951720857067179,0.15876102567098638,0.4270678460673632,0.37725065216350456,0.4442508710801393,0.7634623604144455,0.7126001466195261,0.8751999918324463,0.4625420857758651,0.7531417778372669
1.0,0.3820572312451662,0.7974918030115775,0.1633636862613041,0.4185492222167759,0.4251530840388009,0.32578397212543536,0.7447985497349532,0.7116770440393948,0.8780605646164369,0.4644129841475014,0.7300673716146879
1.0,0.31090487238979103,0.8019615029745345,0.17144124978188652,0.41198785968599344,0.4259792529849908,0.2171156893819332,0.7128259043277048,0.7104202411547013,0.8811470759702106,0.461453483386845,0.674534124540817
1.0,0.3406805877803557,0.8053389206760483,0.1760806803831096,0.3878930533785857,0.4306990254023396,0.2916006339144212,0.7099420778289256,0.7095665368082703,0.8869172400002022,0.4612952653644205,0.6628890971013846
1.0,0.3677494199535963,0.8095054363475412,0.19268151924629076,0.4128684392852571,0.4429177655057181,0.1664025356576859,0.7154493512618583,0.7090125674123072,0.8978477421953975,0.4617151285749668,0.6828403158881006
1.0,0.2587006960556845,0.8145099354316573,0.1970861223125015,0.400774376243348,0.41340568669045696,0.16354001226550086,0.6916221646876182,0.7088166829055694,0.9014132630428552,0.463092616204305,0.6493627210398727
1.0,0.3375870069605565,0.823861182366966,0.21307726431123655,0.4099686358431544,0.4349637572027242,0.2596843615494972,0.6990749156222825,0.7086073005518746,0.9051918951344614,0.4638058047441489,0.6700575558827468
1.0,0.28654292343387466,0.8293389616222812,0.2042203746858881,0.41965684360450795,1.0,0.1362984218077469,0.7029413065158756,0.7081134006158846,0.9063284405537868,0.4641567075681794,0.6816728386799329
1.0,0.20108275328692954,0.8369494672417098,0.2021989786298542,0.41615355858091946,0.4257986896072548,0.034157832744405106,0.6636485563672627,0.7072659135433651,0.9104302984834246,0.4602838481332465,0.6174839007123841
1.0,0.2861562258313997,0.8490063619830376,0.2380750553305745,0.4374993097159613,0.4258829176358204,0.016826923076923146,0.6694456862966656,0.7062905189539167,0.912998208802096,0.4571962655257187,0.6243846577135295
1.0,0.2621809744779581,0.8609792776860105,0.2688645059298533,0.427822697437262,0.3675285778006244,0.02820512820512807,0.6954983812251596,0.7053710461752908,0.9220234698518244,0.4565931040177682,0.6545308526301701
0.0,0.276488785769528,0.8760969858268316,0.3163807128669507,0.4368695438795866,0.4672008151801666,0.006814310051107183,0.7121184579634385,0.7040247922190799,0.927590041899506,0.454813910249543,0.6784083641933996
0.0,0.3588553750966743,0.8853832176345154,0.33971622668003537,0.4795616743638585,0.4686153541057252,0.34061930783242245,0.7444153496209754,0.7028426514527774,0.9345919886979812,0.4549567298841836,0.714719136215589
0.0,0.38940448569218855,0.8878859163860336,0.34771720331122635,0.4489110900856861,0.4787694339192828,0.41712204007286,0.7938923797218357,0.7009120309541589,0.9329669309354476,0.4609625164895775,0.790657207870432
0.0,0.3054911059551432,0.8882911464654559,0.3676418019231751,0.4469215344098897,0.4773109639249858,0.2545454545454543,0.8189035563918269,0.7002668140659829,0.9434565395401644,0.4602233794049602,0.8056038905992058
0.0,0.3008507347254445,0.8919830049994871,0.3989202930334401,0.4425793725016151,0.4415139094676546,0.15701219512195042,0.7455354730310635,0.6993830154269814,0.947286458323412,0.4549836871021323,0.7430657802763274
0.0,0.3484145398298531,0.8955488707782063,0.42378482078713575,0.4217867616275761,0.4019911107470436,0.2896341463414634,0.736112680484797,0.6992532814278062,0.955772709073717,0.454144843233688,0.7242374217344101
0.0,0.3078112915699921,0.8987518341480021,0.44407581143453423,0.4396628417300178,0.4776692418587657,0.15701219512195042,0.7535188087389275,0.6979066588310355,0.9558982798674032,0.452456303819388,0.7450289266645845
0.0,0.26720804331013115,0.905372000976326,0.4896529804837163,0.4202799364696132,0.35024912784158685,0.17344173441734348,0.7241008307581958,0.6961279257807672,0.9577949976333898,0.45338593057446896,0.7005978673091507
0.0,0.22505800464037107,0.9102992089918264,0.5202150338151394,0.3805837761062997,1.0,0.020779220779220328,0.7394091840293979,0.6949838100428537,0.9640228089633964,0.4514785380973498,0.7068144975386307
0.0,0.2726218097447796,0.91832607021443,0.5323206761073702,0.4212070384313835,0.335409368718323,0.014285714285714209,0.678662140320021,0.69327838613158,0.9722975547732688,0.4486724722065572,0.6261693362483082
0.0,0.2892498066511987,0.9269240040011952,0.5329880269859332,0.4309166545436868,0.3724742606153603,0.1291611185086549,0.6771833809058261,0.6918669987292329,0.9868477186066468,0.4488395132136093,0.6046119067802912
0.0,0.34184068058778033,0.9338092717868671,0.5211120526571611,0.4112431503065494,0.3338500047114229,0.30758988015978705,0.7428530722332212,0.6903184980780576,0.9947765258378728,0.453409783137005,0.6848555154002883
1.0,0.3708430007733952,0.9357860992673234,0.5087647965086154,0.4331376812212621,0.3327318223334315,0.2676431424766973,0.7499226230539083,0.6887945505478056,0.9993481556763624,0.45424321411719104,0.7016512734396866
1.0,0.3325599381283835,0.9382718363468632,0.4865342496269987,0.3998208084454932,0.4310886190280348,0.06924101198402073,0.7240222256066107,0.6877577748218858,1.0000000000000002,0.4516758515377052,0.6582924565822619
0.0,0.4539829853054911,0.947189742244448,0.5000374191180503,0.4338498231463941,0.5038766530394203,0.2879045996592839,0.6977189767574392,0.686958273029073,0.9959127423451728,0.4526937317894067,0.6204943509066538
0.0,0.403325599381284,0.9505196590854372,0.4702612357527186,0.4360607457381985,0.5147185910882768,0.07155025553662715,0.7529489213899356,0.6863224569355727,0.982280674706301,0.4597909780205928,0.7088535880098007
0.0,0.3743232791956688,0.9589948308546014,0.5197187456628889,0.4157890603462708,0.4956719568533531,0.107334525939176,0.7207404605279317,0.6857612138771564,0.9743658550575052,0.4564938447257994,0.6561573382581247
0.0,0.4215003866976023,0.9664577215499659,0.5991251564208993,0.4518827219595986,1.0,0.39177101967799577,0.7352283725294646,0.6843697629350155,0.9687068970855492,0.4579607508267807,0.6968383721700232
0.0,0.35730858468677484,0.9668387590569196,0.6855174043747456,0.3746165996009129,0.5518486629776044,0.001788908765652595,0.8268426767019244,0.6832387937931613,0.966063831882398,0.4662831692850841,0.8001486266748095
0.0,0.4416086620262954,0.9744676643775602,0.7263865489588455,0.4130252743867535,0.4841431198107848,0.0353982300884948,0.7448280266667975,0.6809784727677589,0.9571963580651212,0.46093726911585,0.690024205970806
0.0,0.4675174013921114,0.979978479561061,0.7354425618332845,0.4395005690580833,0.5050628741234129,0.3303370786516849,0.8147718731116342,0.6799418837522256,0.9616747755270872,0.4666729819805314,0.7895254162693468
0.0,0.4644238205723125,0.982171303086558,0.7515961905882032,0.4362965199054743,0.4792193666175662,0.39550561797752737,0.8779360252322537,0.6785737209628132,0.9745293756588064,0.4715304719320592,0.8796554800828921
0.0,0.483372003093581,0.9827968225569436,0.7821297724767766,0.4569322276871876,0.5419382617413453,0.3123595505617977,0.8673292425902359,0.6768605700912128,0.9817969602106016,0.4694921017578267,0.8800296454064008
0.0,0.5348027842227376,0.9810936649658368,0.7913723150728309,0.4667480723451932,0.48916982138500603,0.5999999999999984,0.8611194356150116,0.674919946239848,0.9817969883862382,0.4689320338247995,0.8682938061247986
0.0,0.605181747873163,0.9756877834857024,0.7958407786330395,0.5336984315281902,0.4311342406043661,0.6264949402023905,0.91314130749844,0.6723598449882352,0.97217325326752,0.4722560654413653,0.9300454754777802
0.0,0.6221964423820571,0.970646628813032,0.7887068277314457,0.5481711065939753,0.4315874228258597,0.6339969372128629,0.9162511238080262,0.6691681160927413,0.9687328891017448,0.4727762324500819,0.9266204236702736
0.0,0.6133023975251353,0.9679078620525058,0.7986306081227671,0.5352983662859396,0.0,0.6615620214395093,0.9239986440611352,0.6659643249522625,0.963025872032728,0.4739355905725264,0.9233608680635504
0.0,0.6945088940448569,0.9625852337899908,0.7904566284009087,0.5779240102036637,0.4627683509927735,0.8606431852986214,0.9339471085586272,0.6631424759754126,0.9633817445953198,0.4753154266470256,0.924644275197468
0.0,0.7842227378190256,0.953755660808858,0.7784558790206388,0.63532154933838,0.3986210683389155,0.9664596273291931,0.958535782538848,0.6603415373645697,0.9583459346089246,0.4785004923308535,0.9861686819441166
0.0,0.6879350348027842,0.9480263064463766,0.7830838935394819,0.5878306872842708,0.0,0.8520782396088018,0.9515595753356684,0.6578417904305971,0.9457839660671676,0.4781910581307745,1.0
0.0,0.608275328692962,0.9478365092135136,0.8100940982657097,0.4991863940058554,0.37682908146834215,0.9278728606356964,0.905831028401024,0.6552438157395691,0.937204522251424,0.4772593682276709,0.9925596169493652
0.0,0.6450116009280742,0.9474927309609998,0.8354231494975453,0.5214215975027698,0.4452567591806749,0.9311193111931116,0.8970812924652046,0.6533060113438832,0.9247854813191208,0.4763769996621151,0.9956135113403866
0.0,0.5262954369682907,0.9434577219231124,0.8476844759212492,0.4865005076807002,0.441096613599211,0.8019680196801959,0.8768257274661134,0.6509610284215449,0.921699252678436,0.478094491086033,0.994016399497673
1.0,0.4837587006960555,0.944012398243706,0.87864317315642,0.5088175644857036,0.43410832742960537,0.7404674046740459,0.8605790251978639,0.6487246488104091,0.9138366934275528,0.4767280615230829,0.9675953335946168
1.0,0.4764114462490331,0.9443406021046984,0.9209671788270176,0.5040620532022898,0.44164117922662505,0.6998769987699872,0.8354892433762875,0.6462072002299725,0.9081298570836224,0.4740558653454465,0.9248315232294358
1.0,0.4505027068832171,0.9508088264289241,0.9903174742963938,0.48766349868203207,0.3456810271378187,0.7047970479704792,0.8140889908572383,0.6439587971843103,0.8929255858076129,0.4720773582002246,0.8723834966357764
1.0,0.32095901005413763,0.9478855085961684,1.0,0.42481026610258144,0.0,0.8193624557260919,0.8484885703196773,0.6416495610957907,0.8720576473703122,0.4733836203359277,0.9235105957616956
1.0,0.6160092807424596,0.9369240108686622,0.963001280383404,0.5216992256688079,0.6268597345828719,0.3705017739483022,0.8675650580449915,0.6397974050007272,0.8567207565440692,0.4723693616608308,0.9441663334666136
1.0,0.7463263727764889,0.9170580056975384,0.8764959042543039,0.5704805471755856,0.6367484670952182,0.34414597060314245,0.8802106618062482,0.6383929742536602,0.8479173697226766,0.4738947356477839,0.9889036732389828
1.0,0.6616395978344933,0.9083998004143384,0.8553117858530013,0.5844838765531508,0.7632499678613155,0.3039559339008513,0.8432515020953186,0.6364421955789051,0.8380701338026452,0.4729943344879925,0.9410910850368944
1.0,0.6252900232018561,0.9068815830552616,0.8705412653121166,0.5675534328197197,0.6364396927150108,0.3395092638958438,0.8177834329817388,0.6348424967638343,0.8281991892295265,0.4707973868104359,0.8720535462279748
1.0,0.6631863882443928,0.9006319202439791,0.8701093251901442,0.5315895553080289,0.6709958735444346,0.3580370555833749,0.8122565082609101,0.632366615792089,0.8197960816036359,0.4693608604423616,0.8807306157009801
1.0,0.6612529002320185,0.8890400306538374,0.8371364969533723,0.531791062811068,0.6196335811050535,0.31497245868803203,0.8473094930459002,0.6295725948376033,0.8129610851598897,0.470822646039065,0.9051489859279868
1.0,0.6890951276102089,0.8795921550998295,0.8239243733833392,0.5410269795991002,0.5852436961331239,0.312468703054582,0.8508565505111791,0.6263073462234215,0.8063399522579734,0.4721994442533105,0.8755400882995275
1.0,0.6121423047177109,0.8684252905773834,0.8090318812775785,0.5163554708997625,0.5454147657451834,0.20881321982974468,0.8507877710035419,0.6234080267909482,0.7999686793311135,0.4720531977539174,0.8827285125446661
1.0,0.6353441608662028,0.8648316245610054,0.8291045531698822,0.5255160216645548,0.6053705309105416,0.1826686361398327,0.8269114562095613,0.6215703318834173,0.8015111805830423,0.469924789443708,0.8246489550555808
1.0,0.6233565351894821,0.8623683049961145,0.8402567927953004,0.5194314367285288,0.6120319091896953,0.2242453282223287,0.781349945222035,0.6194077107808204,0.8036967074758,0.4681673948479828,0.7604008733094794
1.0,0.6102088167053364,0.8593769074399199,0.8368194343242991,0.5153837459133945,0.6582468539782812,0.18591279348346926,0.7873239367425042,0.6184748187357493,0.8058705999399288,0.4693250781647776,0.7539330830405309
1.0,0.5576179427687549,0.857811601661353,0.8373192886442915,0.4966259400661146,0.6467856714230237,0.09244486156733926,0.7412465794477006,0.6170803849257877,0.7995944972513046,0.4666691534255252,0.701857522855802
1.0,0.5959010054137666,0.8640806387523582,0.8644880418639345,0.5142211685210372,0.6343646978247632,0.17252396166134193,0.7077460464065162,0.6166360436915799,0.7972095387618695,0.4627765548943085,0.6380773558054109
1.0,0.6914153132250581,0.8676923283590726,0.8984211888133853,0.5618267742365352,0.6841573629501334,0.2948425376540393,0.7825339353177858,0.6157592781880411,0.7991810875698283,0.4748010222703321,0.7650742267890235
1.0,0.6836813611755611,0.8646584999836747,0.912356300027038,0.560112220018278,0.7152956737624454,0.2536363636363639,0.8242094041238227,0.614459884476536,0.8040844435193356,0.4779079526310375,0.8165166506763538
1.0,0.7180974477958236,0.8627019582615797,0.9304419474436179,0.5765007980221316,0.7526230470603739,0.3454545454545455,0.7772870414494788,0.612307777232625,0.7968081421047676,0.4723599441865202,0.7380127580726669
1.0,0.7687548337200311,0.8548303791647235,0.9218344771312216,0.5502510192652812,0.7845857071080543,0.3727272727272729,0.8638951800303613,0.6103433620985393,0.7873248220839476,0.4834134493804722,0.8538900403541797
0.0,0.7907965970610984,0.8415603345617256,0.8851111806088405,0.5587744730747716,0.8057766823591248,0.36693914623069934,0.9279682042161836,0.6079614297611909,0.7734816714484606,0.490731668531457,0.9346230293984692
0.0,0.8449342614075794,0.8290139537851021,0.8535926192341563,0.532748114607133,0.0,0.4143426294820717,0.9447012758598664,0.6053688256757218,0.7648478762207549,0.4897761837251736,0.9547936653726652
0.0,1.0,0.8131832057801754,0.7997842475603814,0.6415354781965206,0.7923954166788676,0.6178933450859408,0.9363249143940772,0.6026353756669619,0.7526159318390816,0.4890613983330037,0.9357403871595192
0.0,0.7343387470997679,0.7830060017350496,0.7111017015838585,0.5418161543940238,0.670843140020581,0.9868613138686126,0.9758190902436268,0.600748398269712,0.7536943783170325,0.4921337423990893,0.9766032357527394
1.0,0.5738592420726989,0.7719946833458656,0.6704045507739776,0.4895335589218069,0.5749093409406554,0.4956822107081171,0.9733528536126436,0.5989324207192391,0.7526641923843913,0.4902680518001351,0.9966251225318584
1.0,0.6040216550657387,0.7724132576838595,0.6850629750640767,0.5227132571052653,0.0,0.7081174438687395,0.9248976904823901,0.5982053254493284,0.7580819883720237,0.4882654898504808,0.9306189609298424
1.0,0.6724671307037896,0.7692708038379311,0.6781373681640175,0.5626496435984315,0.6378049072403755,0.9930915371329879,0.9250254238537158,0.5967070694622661,0.7566493311472007,0.4868781149531856,0.9560495728889512
1.0,0.6349574632637278,0.7595942888363821,0.6548331462320502,0.5738390890237035,0.5792271406291629,0.9922779922779924,0.9650698357643612,0.5947924766040783,0.7585371755065359,0.4900544623514469,0.9988166923400088
1.0,0.6121423047177106,0.7515711410600511,0.6374973887686207,0.5561052755567044,0.5615926255652767,0.9885844748858438,0.9543746223268104,0.591903131391578,0.7586077135498634,0.4891059718362055,1.0
1.0,0.5692188708430009,0.7431893279166161,0.6178211817106374,0.5594847419593834,0.4957535253342021,0.8376470588235301,0.9413359928076288,0.5895008130961633,0.7578024690066025,0.4876390195896406,0.9985228519195616
1.0,0.6067285382830625,0.7353231455486852,0.5958051905968369,0.5940136666188426,0.5351339078906903,0.953424657534246,0.9345464728394636,0.5871218749074313,0.7562890261037697,0.4868455804419333,0.991483087215828
1.0,0.5982211910286155,0.7261264141362437,0.5588524913987106,0.5892351195313191,0.0,0.7457627118644059,0.9371158787319022,0.5844189239264143,0.7504953678178349,0.4874986782581773,0.9961218179256542
1.0,0.6295436968290796,0.721919712206697,0.5434655793842965,0.5866950164317111,0.5233647463419699,0.927710843373493,0.9048926794039764,0.5823320119892199,0.7493946687618408,0.4841212309101892,0.9505720374204664
1.0,0.6017014694508894,0.7176916625312592,0.5314543755521881,0.6031959964507082,0.5579293783075232,0.9696132596685084,0.8977789131855226,0.5802603165038059,0.7466540632577293,0.4815710549027525,0.994210452396186
1.0,0.534802784222738,0.7141576170545832,0.5219925917871705,0.5708231004337961,0.5415849924697578,0.7179487179487178,0.8951898560051879,0.5786922317361837,0.7510884267073108,0.4819051081888043,0.9748865070839968
1.0,0.5549110595514307,0.7135744563131602,0.507711800870982,0.5458278519916627,0.5338694111778313,0.7806267806267801,0.8826474215053868,0.575891757221847,0.747841196842145,0.4837169681895224,0.961377125787002
1.0,0.5525908739365818,0.7101424412662541,0.4833898064496727,0.5418997259374815,0.5502874362356424,0.84045584045584,0.911721501947934,0.5740883060445411,0.7528413222537615,0.4850199843822594,0.9800534730008392
1.0,0.548337200309358,0.7064923893506844,0.4597126833083202,0.5384397911114657,0.0,0.6210826210826201,0.9089555831765326,0.5720801182921559,0.7497857730064388,0.4835918290475364,0.9956640399769368
1.0,0.5866202629543696,0.703953212319156,0.4610470612600173,0.5993108314382227,0.5969903977077927,0.9430199430199424,0.8942367685422182,0.5705548912907318,0.7463000865768905,0.4855106078307891,0.9955577182682952
1.0,0.5680587780355764,0.6993301044857884,0.4642081251421323,0.5805110737511242,0.5354584236170797,0.8695652173913042,0.8828881497821163,0.5674009982159626,0.7295015138708683,0.4843186377721237,0.9811441937913812
1.0,0.5212683681361177,0.6966600119713445,0.4760128043406668,0.5629819245366139,0.4883548813022828,0.6321070234113709,0.9008936423170832,0.5639516852169942,0.7129343145249409,0.4882226961845123,0.9607213094445392
1.0,0.4783449342614077,0.6960562799640687,0.4827707448965898,0.5500215970466854,0.5014367660581783,0.44753086419753146,0.8849367965453036,0.5601101859678933,0.6938819909911162,0.4866630908604183,0.9244681905139364
1.0,0.5081206496519721,0.6992975095348734,0.4994704520673186,0.5465670992077681,0.4446495991057045,0.6172839506172836,0.8629224412794954,0.5571352463075813,0.6829456103823737,0.4846558086731506,0.8687404816116046
1.0,0.42536736272235104,0.6994682953011392,0.5039755654465865,0.4803450369917888,0.4760377164592837,0.4969135802469131,0.8922519884646939,0.5567533196671631,0.6868228563174112,0.486297977974187,0.8967252565593615
1.0,0.457463263727765,0.7025240490159331,0.5255363841209629,0.4743114957485065,0.4778537310548133,0.5771604938271615,0.8415565785142642,0.5572509203504245,0.6985955488228628,0.4726424274145486,0.8973616261803925
1.0,0.4532095901005413,0.7018201384794492,0.5293251288198861,0.4694853250008789,0.4564133776419586,0.7160493827160491,0.8259288918147473,0.5582998350081542,0.7112400925019748,0.4732639696935344,0.8892936297206557
1.0,0.4613302397525134,0.7016051353978646,0.5306533715091172,0.4801673278847015,0.40025195434376587,0.6790123456790128,0.8388152238527332,0.5573012600443584,0.7157194596031934,0.4717192042799716,0.9080701908377404
0.0,0.44856921887084295,0.7002831368855064,0.5271863538365273,0.4657848751115829,0.4006687343484732,0.7272727272727273,0.8433350200688776,0.5555908297939037,0.7183613744252636,0.4686057468791319,0.9139364947005773
1.0,0.4528228924980665,0.6979301121879048,0.5142569013865156,0.4710447062072221,0.4442674195759084,0.6610169491525436,0.8589676195903688,0.5540293719126116,0.7164942903143354,0.46749005351069206,0.9295750952725784
1.0,0.4802784222737818,0.6949963569182175,0.5208174327210879,0.4538708754859254,0.5086440996280985,0.7570621468926555,0.8535340384870473,0.5522539837729948,0.7135965976092826,0.4701820901743598,0.9279731993299836
1.0,0.4385150812064965,0.690642112784921,0.5210226897049999,0.4480806185298892,0.4657096832347077,0.4604519774011308,0.8648482674933307,0.5502184326928682,0.7079062231738403,0.4682751717892146,0.9392084147081842
1.0,0.4052590873936582,0.6903018034749014,0.5402515478029917,0.39153851394706346,1.0,0.12711864406779744,0.8537305513660102,0.5479846114305321,0.7040377258259768,0.4674733232147321,0.9054296226401294
1.0,0.3847641144624903,0.6931512284125477,0.5548391913080251,0.4144242694153864,0.4896778111134458,0.10169491525423716,0.829195918427504,0.5454538705481912,0.6998913650455216,0.4681793652596238,0.8704731810435
1.0,0.4025522041763341,0.697314249412709,0.5756540600229653,0.39139029088123545,0.5033158569143837,0.17514124293785446,0.8461058516622533,0.5431577586916084,0.7036678215055743,0.4672552146124303,0.8743352863297567
1.0,0.4280742459396751,0.7007455595572673,0.5961803515155784,0.4227395555059896,0.4973070975280818,0.3841807909604519,0.8499820681997946,0.5399730993196817,0.7034273981805028,0.4682252637257798,0.8661795147498776
1.0,0.40603248259860775,0.7045379042185674,0.6227173480580244,0.4366877916359498,0.494703687361875,0.2994350282485883,0.878741728036001,0.5378197613190446,0.7041126970032261,0.4694944686934488,0.8792141200909934
1.0,0.3576952822892496,0.7085817622549234,0.6484680908644291,0.3863700675664873,1.0,0.31591448931116345,0.8559167571444712,0.5351347188845751,0.6952602496360959,0.4690308891542137,0.8614030852954729
1.0,0.3561484918793502,0.7124302661257768,0.6750683248953371,0.3805672265472239,0.4931544116715197,0.1456521739130438,0.8746788242634451,0.5341358199551872,0.6972530988235062,0.4724702473691523,0.8593939128786222
1.0,0.35846867749419953,0.7145215929775902,0.6866236488343619,0.3830672509162247,1.0,0.17608695652173956,0.8384369365607298,0.5328235925220978,0.6996493974038079,0.4690643731974338,0.8392558721670305
1.0,0.4013921113689092,0.7160383443278312,0.6950994947853577,0.4550996184237732,0.5086581549299595,0.1260869565217387,0.8261204918717359,0.5322847279831157,0.7089182699056487,0.4709716022217855,0.8265337325150584
1.0,0.4636504253673624,0.7180811557009524,0.703704306224848,0.4848055136910094,0.4371344742491552,0.2347826086956517,0.8286505951883818,0.5294882859429048,0.7026743998801088,0.4714963047122947,0.8243007801110787
0.0,0.4802784222737818,0.7207266559646465,0.7213461845789603,0.4545625362296473,0.4224883308235298,0.21119592875318025,0.9006971294381205,0.5268631048057729,0.6965833229282008,0.4807789072649502,0.8744284281864018
0.0,0.4636504253673627,0.7237054411272259,0.7457214993755392,0.4841928295651231,0.4933044483818523,0.1552162849872772,0.9056836437418018,0.5244004774871046,0.6894930344252231,0.481037549313603,0.8941223662542754
0.0,0.5382830626450116,0.727396989139583,0.7742995430542117,0.5364631479395563,0.4732057268864878,0.6005089058524172,0.8872703869829867,0.5239873459022558,0.6980410608150759,0.4817204265110345,0.8774015116328168
0.0,0.5274555297757153,0.7256047062688255,0.7829840130892751,0.5234733026267221,0.5733695416147645,0.4554707379134858,0.944106824401004,0.5239506836661955,0.7100607016030093,0.49089627163621397,0.9813086742952049
0.0,0.5514307811291571,0.7248497734719942,0.794776086980076,0.5146771907475375,0.5618720602250734,0.5979643765903312,0.922367587165744,0.5230443117827225,0.7185286825870841,0.4898404237816622,0.972265619502034
0.0,0.5603248259860789,0.723945760721424,0.8150764215452351,0.5265402685362311,0.5799497884074216,0.5164556962025328,0.9441903423745632,0.5215671779390866,0.7267844694158893,0.4899301697112429,0.9992821855339272
0.0,0.5525908739365815,0.7233292438596896,0.8354010681676294,0.5096075806834764,0.553038186247726,0.6965174129353238,0.931903374617414,0.5193985034786349,0.7342106640550623,0.4923421245016845,0.9898674040984188
0.0,0.5529775715390566,0.7217373197922791,0.8534228208648509,0.5106227634661492,0.5004991296664136,0.6144278606965184,0.9333330058118684,0.5173031449794004,0.7397460148165832,0.4924527466852587,0.9945259873785716
0.0,0.5351894818252124,0.7169097504578342,0.8482224088867091,0.5376734071690428,0.4960452994326204,0.5223880597014925,0.92000943261819,0.5153390999759823,0.7483995099178096,0.4910092137639255,0.9927246904007944
1.0,0.6024875621890549,0.8638912322604152,0.6326759783607993,0.5716746485287516,0.5316059601499648,0.6009839117138672,0.5311792246584358,0.9876416516802424,0.3621795260509752,0.5148829710661211,0.8304071745702466
1.0,0.5937810945273635,0.8570156544842634,0.6189594555761331,0.5663201909382536,0.40649324451691904,0.37503099429705,0.5503146662474392,0.9869499786981384,0.3734012125176319,0.512543642142056,0.8441504231124378
1.0,0.6223880597014929,0.8529052924001178,0.6322094207658975,0.5884963376549126,0.5170813396221686,0.3041185052182704,0.5056325503932712,0.9871529967170954,0.3794693767671601,0.5132126448304439,0.7967542406112043
1.0,0.7221393034825874,0.8527678625072298,0.6348514640702403,0.6296826125460131,0.4255968309905496,0.7299837467316798,0.4443696603766172,0.98907596165884,0.3873330370821911,0.5125066462338401,0.7553474075666925
1.0,0.6860696517412938,0.8500948852452902,0.6058683553935599,0.6350444226429511,0.3920253339108432,0.7292770828916681,0.4523529960844807,0.9914210967093784,0.3924143193425438,0.5129254659326258,0.8019024248327156
1.0,0.6398009950248762,0.8474593896905126,0.5561794735101091,0.6510208938534257,0.4378992340810315,0.6147975408098372,0.4652982819861557,0.9922003182759694,0.4032666755754648,0.5137651400301384,0.8346952199046259
1.0,0.7087064676616921,0.8460086539302006,0.5115709345996822,0.6585169615580646,0.4362039743899907,0.6911172355310582,0.4500587082225904,0.9924233138150031,0.4118320321707691,0.5127758354825722,0.8094539382976842
0.0,0.7378109452736323,0.8423125972857451,0.4672773830604601,0.6378938911867755,0.4267583225217553,0.7363437212917819,0.4829353128730672,0.9919582176922468,0.4167895854843183,0.5149566290052425,0.8754822469863516
0.0,0.6694029850746271,0.8382818946762444,0.4363847054027139,0.6379198543644885,0.4427580440597195,0.5688643912091018,0.4838097951844516,0.9911112013477468,0.4144578965020765,0.5150564339747568,0.8669061563175934
1.0,0.7049751243781097,0.8424930144214376,0.4513102927947436,0.6322082234730098,0.4240652143225727,0.6593173627305491,0.452490555099755,0.988750172991494,0.404933441998414,0.5130030892648807,0.819282289993296
1.0,0.544029850746269,0.8436491157353138,0.4535342398115279,0.5238121393463611,0.42767407983332384,0.5554377782488871,0.5130951269718839,0.9856792075852584,0.3896700366259367,0.5136055825052577,0.8716622183993827
0.0,0.6087064676616917,0.8484665695430836,0.4868034349039994,0.5293073709030753,0.4455554412718889,0.6995972016111931,0.5378704881871192,0.9824611923581102,0.3763916882470584,0.5154508427490749,0.8637185827946923
0.0,0.6388059701492538,0.8466560213260549,0.499789900980515,0.5078801726690044,0.4638203100842507,0.7759168963324141,0.5695483642759236,0.97969458939292,0.3588682834100462,0.5139864191718035,0.901887245911178
0.0,0.6146766169154233,0.8417781738461553,0.517153727189114,0.48207505497098296,0.4708504686082453,0.7893435092926299,0.5868316719807025,0.977193783229672,0.3452527061900388,0.5115209181071798,0.9127654730131424
0.0,0.6733830845771148,0.8352898720894163,0.5070600999657018,0.4746182250149436,0.5437244821433898,0.8381033142534098,0.6078929397835411,0.9746587407276592,0.32993605369337065,0.50934756105238,0.9151435040540368
0.0,0.7253731343283584,0.8257905969545835,0.4855410943178285,0.4564000972865418,0.0,0.8769698254540315,0.5998359117460662,0.9725064470425164,0.3221658506259182,0.5088450487599274,0.9034177871662216
0.0,0.7353233830845775,0.8181479643850381,0.4724644861492648,0.4671173680785322,0.5472946567993453,0.9101830259345628,0.6087084682312371,0.9708578865232956,0.3144224056694737,0.5094554826554583,0.9169712991891928
0.0,0.6477611940298511,0.8075175512712729,0.4419482951337969,0.4377187240899556,0.5466224524194108,0.9984435797665372,0.6253629347233342,0.9702160610409002,0.31476821409745226,0.5069432320140335,0.9282100256776756
0.0,0.6534825870646768,0.7970380135043923,0.4080270954134329,0.44346154191533815,0.5462956054155869,0.9147571035747012,0.5969127826714942,0.9693507330539624,0.3168613912744665,0.5084008223467535,0.9249212593445236
1.0,0.6223880597014929,0.7893707593039202,0.3847236197860495,0.4750740661954696,0.5557404767306926,0.8505957836846934,0.5687082717183576,0.9690483998167128,0.32602733340460466,0.5066086913008683,0.8860189483537194
0.0,0.5154228855721394,0.7828006254543084,0.3752556268871817,0.4528469042687713,0.5041202675688686,0.9351415094339626,0.5657409272460192,0.9690940883700292,0.336038378724192,0.5063489951588641,0.8890673817625254
1.0,0.532587064676617,0.7755844789966483,0.35416181244036204,0.4639490773302265,0.5280926350754312,0.7358490566037739,0.5337977587706151,0.9700380548412048,0.35215867733349804,0.5075721826914087,0.8864047459428004
1.0,0.5587064676616915,0.7669152881980364,0.314123402256013,0.4810316823191675,0.6250928312186703,0.4634433962264148,0.5113314238831926,0.970740792172978,0.36445026697735294,0.5095618681094003,0.8842607232756113
1.0,0.5539800995024876,0.766534811284627,0.3023306577461932,0.4784605276032267,0.4536970787675568,0.21871049304677684,0.45327660661560604,0.970060217039902,0.3749874147659956,0.5057007176331587,0.8076957132195756
1.0,0.4793532338308458,0.7740636735285812,0.3245438040265135,0.4337197132983419,0.4494405526492157,0.4212454212454217,0.4128833843448017,0.9684221422996876,0.3777485466042,0.5029376121693906,0.7492884880529241
1.0,0.3972636815920399,0.7836269268676531,0.358121500757662,0.3944971389791356,0.35326568357044963,0.4456521739130432,0.4532864322595544,0.9668619232443736,0.3846287879200714,0.5021764514155406,0.7851929620400468
1.0,0.2850746268656716,0.7923047463416052,0.3852992674568959,0.38819719819104587,0.5103743026730491,0.14492753623188395,0.4524266884140921,0.9645147687752814,0.3873269826594175,0.5021516106144432,0.7754721277053265
1.0,0.2079601990049752,0.8032479869143808,0.4391917683822677,0.4048785115659011,0.4496824134694853,0.10560344827586196,0.4271305680696046,0.9628605460350124,0.3882732201694742,0.5004669965841297,0.717760603109149
1.0,0.18283582089552264,0.8139890124669537,0.4850302856827148,0.3971916289852404,0.3716061393630437,0.12767425810904126,0.4209600636701728,0.9613112008853664,0.39119284977665736,0.5037060294739792,0.7146362750926548
1.0,0.18582089552238806,0.8231825591751697,0.5329500310312719,0.3986076002071165,0.4931234348624806,0.10752688172043028,0.43874447921630655,0.9619311675875594,0.3966739674851598,0.5013285643609326,0.7234969705402429
1.0,0.3116915422885573,0.8337715177074906,0.5801320754347481,0.39962596328651,0.4591000445981011,0.4227129337539432,0.3797070975539063,0.9633993786810128,0.4084151771167557,0.5006057226116603,0.6911848413170246
0.0,0.25323383084577106,0.8332269127023489,0.5846310451795733,0.4221425797028976,0.4636176656764608,0.3801857585139318,0.4319107438503751,0.9653300910017903,0.4080867863527631,0.504275380062184,0.7922068887005578
0.0,0.3562189054726371,0.8327728875476686,0.5892305343199575,0.4811632098716318,0.4856967600918225,0.3498253783469152,0.4375899660523999,0.9643234699445472,0.402815381627606,0.5009851539342995,0.7940916047914793
0.0,0.4350746268656717,0.8294815113938481,0.5600037169849263,0.4684081663411882,0.4666988177695513,0.4173457508731082,0.443603260148662,0.962730388383318,0.3869161991400325,0.5015301084831307,0.7675980621576837
0.0,0.42462686567164176,0.8276251321153806,0.5533473116205587,0.4624178944438638,0.3655116384964055,0.32013969732246783,0.4484030872173288,0.9613664079880012,0.3770619899170157,0.5018177252033916,0.7894746828237855
0.0,0.3716417910447762,0.8283996948484807,0.5518304579747708,0.4853405921664682,0.4336276210419933,0.23050058207217736,0.4120531174311836,0.9613035843758531,0.3720499153218565,0.499273827058871,0.7411740895809354
0.0,0.4266169154228855,0.8333648717196521,0.5851855682614373,0.4636054127362858,0.4197928718559226,0.2345750873108265,0.3589504247134596,0.9615754470569025,0.37630658053835264,0.4990887999761262,0.6836017050988525
0.0,0.5131840796019901,0.8393043574577305,0.6113213839188065,0.4534124607887351,0.36148079899928987,0.4365541327124562,0.35075583766071045,0.9618387430049076,0.3885249483840766,0.4984410563459755,0.6917224281214819
0.0,0.3905472636815922,0.8405926279659645,0.6273247862140503,0.4397513808581467,0.4091681415395154,0.2572759022118743,0.4310510000049128,0.960952912408882,0.3875160275762154,0.5006741365747782,0.78372566629141
0.0,0.42636815920398025,0.8464287792835877,0.6374354699881043,0.4092711405465129,0.36864370563064497,0.2892898719441209,0.3879360743604733,0.959195334772932,0.3904611944737912,0.4976068870458527,0.703271057591358
0.0,0.5490049751243782,0.8500377667749371,0.6383555415868492,0.4208558890163451,0.33862592897369465,0.4610011641443538,0.4166171290450947,0.9584117257232364,0.3915656023990453,0.4997635782440013,0.7464930366697448
1.0,0.4990049751243784,0.8490612782595334,0.6298758569947733,0.3947414570661645,0.3433120355218733,0.32246798603026794,0.4432593626104773,0.9562938009423021,0.3875846382453305,0.5017454542195628,0.7880516589296331
1.0,0.41890547263681616,0.8529232751535695,0.6439476827236854,0.3455983453178117,1.0,0.12689173457508765,0.4178698986484827,0.9547959752442524,0.3774541518007805,0.5000831073054021,0.6948467561379766
1.0,0.4151741293532339,0.8646589590168802,0.6941963162604149,0.34200686735315616,0.3833687610629387,0.0430733410942962,0.3830527293182477,0.9532170298998658,0.36851322341166304,0.5010190817910601,0.6829882236867073
1.0,0.4932835820895524,0.8804504778067409,0.7655954266930163,0.38677168470383216,0.5674410856308924,0.07192575406032531,0.3597708659831293,0.9529907812369104,0.3683145086830443,0.4992774808311167,0.6438772025247608
0.0,0.5679104477611941,0.8911349864204768,0.8113259951578107,0.4390802688851432,0.5802234435234456,0.3457076566125287,0.4663791028204515,0.9509140321037376,0.3464858100533881,0.5037960633249753,0.7612545378650849
0.0,0.6388059701492541,0.8968166404122976,0.8636495866345592,0.4484271201842219,0.5947420986889514,0.5638051044083529,0.5441982028897221,0.9470343526872936,0.3177468128792437,0.5061223663419754,0.8290853434863454
0.0,0.6614427860696517,0.8937752605832822,0.8749072755992356,0.4688664702807835,0.664009984239381,0.7625676720804325,0.6046799542124988,0.9444074546103428,0.3001618919029612,0.5071631458824287,0.8599997470179741
0.0,0.8129353233830847,0.8867919994610349,0.8833420094997824,0.5242864443859938,0.6500804535509641,0.8700696055684449,0.6414671651543363,0.9418736226241744,0.2984834553561692,0.5096290182918909,0.9396258395840976
0.0,0.7952736318407962,0.8743707583154187,0.8532690464368531,0.5630255964886012,0.5605147809997324,0.8550185873605947,0.6668517162943568,0.9400609093420206,0.2980259127217736,0.5078923994323954,0.9493466739188179
0.0,0.793034825870647,0.8627158991153957,0.8350721419769298,0.6130652306281674,0.6925217470310068,0.8505576208178435,0.6847638652118164,0.9364350814792431,0.28877520694555936,0.5055599611372485,0.9612368291232908
0.0,0.9179104477611943,0.8507534510498712,0.8176100128776325,0.6550930316133757,0.6884486974059206,0.9853333333333336,0.697645284427828,0.9351317517826676,0.2930966837163511,0.5066448251719465,0.9546592964569866
0.0,0.7820895522388062,0.8336299370606505,0.7746190815530068,0.616797367016506,0.4570037748251295,0.9982949701619772,0.6878294661236356,0.9337452681902416,0.2965901801847713,0.5053140389756553,0.9959522875899663
0.0,0.7328358208955228,0.8257356145837756,0.7573619614908556,0.59062838709477,0.4380956537449235,0.9408341416100874,0.6603225758908171,0.9350167108339285,0.3139360947397508,0.5036208800367877,0.9997795650082829
0.0,0.689800995024876,0.8189378833988922,0.7427425332165188,0.6058905265819017,0.44983002602463296,0.8441558441558441,0.5869102771322876,0.9354718102280264,0.32500500200086635,0.5013951488867169,0.9912634591795008
0.0,0.7251243781094532,0.8140452100210357,0.7497472129287758,0.5877496686666039,0.4935954132507288,0.9912280701754388,0.536509636500302,0.9373300988130708,0.34705579239372264,0.5013918885059963,0.9434510017718409
1.0,0.6656716417910451,0.8040958584338491,0.7170941686230146,0.5947635900286682,0.542192536754889,0.7692307692307699,0.5326530712506568,0.9370246681956051,0.3565692909434077,0.5009365210650623,0.9655308709281716
1.0,0.7592039800995026,0.7995315362254024,0.6999768597971759,0.6557546280103425,0.0,0.8105646630236797,0.5155220610270743,0.9366922236420588,0.3654942787406419,0.499796427246016,0.9324246967425374
1.0,0.7564676616915424,0.7942218989242175,0.6635454528011503,0.6465531028697058,0.4085809127109558,0.980358667805294,0.4989609381524839,0.9359763605487288,0.3734863103689071,0.498415714317061,0.9340261687338146
1.0,0.7116915422885575,0.7882527262402819,0.6536994589463915,0.6552127220134193,0.4638882601314001,0.993127147766322,0.5186760927344278,0.9357428391031648,0.3866110019252715,0.4998391081544306,0.9707509881422924
1.0,0.6696517412935326,0.7829418757644725,0.6567616295677039,0.631840150031948,0.5828659574700046,0.8425681618293761,0.5149767377879527,0.9340188706907578,0.39553106561189255,0.4995213256266453,0.9729726046067869
1.0,0.6223880597014927,0.7800144545051985,0.6441123544204017,0.6349004848070906,0.4494655275407547,0.8100263852242745,0.5024490417540739,0.9321529911506172,0.3872077037111601,0.4987492390006775,0.9350415701240284
1.0,0.6087064676616917,0.7763033449770308,0.6212681593450944,0.6702640675982611,0.4534534098414136,0.7977132805628848,0.4930508133176781,0.9298013559256284,0.3739888721154549,0.5017541759005794,0.9271091726863842
1.0,0.6283582089552242,0.7709669923375203,0.5716651128282236,0.6831654519622861,0.502552887808011,0.6842568161829382,0.4816628919817834,0.9279504971339428,0.3645651399549629,0.5010143511587705,0.896558538912362
1.0,0.6741293532338313,0.7661353979869164,0.5324005301662365,0.6736352768616992,0.5814376202041668,0.7985927880386988,0.4685309188450938,0.9261869453189668,0.36740090468244346,0.5000941059445545,0.8739948207714321
1.0,0.7074626865671644,0.7616918762024382,0.4890670759666295,0.6529481686870102,0.6423290608192149,0.8460861917326296,0.4772413522051203,0.9260399855803804,0.3757866225939719,0.5007457102499254,0.8898528008722911
1.0,0.6587064676616915,0.7524966818541942,0.4135106397292573,0.6525977470840332,0.0,0.8434476693051889,0.4554087713523525,0.9254973054089398,0.3817339675961916,0.4989215272272374,0.8972127572577342
0.0,0.8121890547263686,0.7439673141867037,0.35470025436857144,0.6987631214324552,0.575998266248395,0.9894459102902382,0.4562390382659701,0.924363090670345,0.3862672060490453,0.4990391361698044,0.8832288401253916
1.0,0.6883084577114431,0.7301518244545383,0.2899590547275603,0.6826829161438472,0.0,0.7517875383043928,0.4767107674319208,0.9215762221590416,0.3818780150436272,0.4968995783637091,0.8957339512062151
1.0,0.6666666666666669,0.7265448271781353,0.2735676066339113,0.6618431835288031,0.5121298384984849,0.7967313585291117,0.4399088180241612,0.91755547719035,0.3691193338551194,0.494294936807014,0.8237767479896415
1.0,0.6870646766169157,0.7206899680036795,0.2498043748379596,0.627722727429312,0.4735574317815479,0.9548780487804872,0.4668949491277285,0.9146545019112768,0.3599232351567643,0.4965109093646173,0.8063172958975059
1.0,0.642537313432836,0.7140467745243669,0.21755204257178884,0.6031961348420555,0.4919543535385831,0.6229685807150593,0.4341264265606808,0.9119164689769054,0.3511248794963626,0.4977064140426675,0.7724955703966201
1.0,0.6395522388059702,0.7137721676941974,0.2143333522516354,0.5987010003630926,0.452427231925355,0.7653688524590159,0.4052095564213037,0.9114361780229088,0.35274846280466376,0.4955580909391003,0.7157012402889464
1.0,0.6097014925373134,0.7128529977180035,0.20190318774799595,0.6200495930572983,0.0,0.7622950819672125,0.4318026617669458,0.9107393515047414,0.3553603632656702,0.4976111889231361,0.7698855117895598
1.0,0.6156716417910449,0.7110363954102595,0.186147427485978,0.6246256177095626,0.4474303422295231,0.8114754098360654,0.4356051859748761,0.9102988049869072,0.3592588724181224,0.4942056180849842,0.7705601744582253
1.0,0.5920398009950251,0.7053313746884974,0.1479107963697649,0.6567898940419028,0.4715640807766836,0.7264344262295082,0.4463151378783485,0.908903113079778,0.3612660757289139,0.495055708665746,0.7862545999727406
1.0,0.6582089552238807,0.7034076574370075,0.12820928906341533,0.6513766076608146,0.4455863867138048,0.7520491803278688,0.42813278375231534,0.9074406262830316,0.35586270321800817,0.493732891900545,0.7458566171459724
1.0,0.4718905472636818,0.7014390732083232,0.1039686227208194,0.5714449774888025,0.4383717517538653,0.36577868852459067,0.41698067787117626,0.9057930563054508,0.3534458735130903,0.4928933601922876,0.7262709554313753
1.0,0.4753731343283584,0.7091387313081722,0.1186100105075868,0.574422683556969,0.4643942104580284,0.5665983606557375,0.3672678323155599,0.9055891792337708,0.3606139574011201,0.4889760012919554,0.6456930625596289
1.0,0.4800995024875623,0.7102923533421074,0.1184970498681442,0.5777943308730951,0.4992167597752119,0.6598360655737701,0.34912969358729345,0.9063606378840322,0.37549479970289423,0.4874189107602656,0.652139839171323
1.0,0.5012437810945277,0.7077699895169233,0.10558642794463392,0.5925714264950875,0.470006216921292,0.6301229508196724,0.3698224997420768,0.9066304708019668,0.3883580718522817,0.4890780969859064,0.6974717186861114
0.0,0.5654228855721396,0.7091391394575276,0.11342023653229065,0.586520763779026,0.0,0.7868852459016397,0.3828709549052072,0.9064287662884244,0.3960462277605389,0.4901725350199325,0.6871064467766117
0.0,0.4355721393034829,0.7083433966228069,0.10521409850722067,0.5083496175445132,0.569274150571125,0.8988888888888893,0.3947894610143015,0.9053514404157508,0.3998284357510196,0.4910812658404163,0.7261823633637726
1.0,0.3803482587064679,0.7101923010920262,0.11930789869024078,0.520996672169192,0.5098316991944865,0.4890154597233525,0.4044235049054528,0.9060787799640077,0.4133184878613197,0.4918691358917499,0.7250715551315251
1.0,0.3131840796019899,0.7130475497660796,0.1170371874049505,0.5379275243086501,0.5555286122464245,0.4390048154093094,0.3364202231403741,0.9049158173175316,0.4130649161615235,0.4900435248345068,0.6704988414883466
1.0,0.2283582089552238,0.7193832798044498,0.13796605579117902,0.5509135371043078,0.5732915977545254,0.28475609756097564,0.3372357515880697,0.9034348682909399,0.40675962231656415,0.4901602220311472,0.6293716777974646
1.0,0.20597014925373144,0.729092151261297,0.17346616474816112,0.5451794646388551,0.5097408672160991,0.3640375068946501,0.3398493728782748,0.9005173007551112,0.3877162440934221,0.4904190912082492,0.5978601608286764
1.0,0.0,0.7337782910884371,0.19887666114433256,0.4480518467989239,0.5371010328233482,0.1059837728194728,0.34695331345278024,0.8983390407237725,0.3726386234005065,0.4910216439569127,0.5922516014719909
1.0,0.02263681592039796,0.7444513868348476,0.2422294113828783,0.40694509037148335,0.5489481126401968,0.10219922380336373,0.2880338395177576,0.8957194725996119,0.3595310076933221,0.485997611681476,0.4893757666621237
1.0,0.08407960199005005,0.7532345398942079,0.26881543057810753,0.39423287719302896,0.4904777297154954,0.155339805825243,0.35776643461770874,0.8937169562977799,0.3508677961665204,0.4883419647744216,0.5352119394848028
1.0,0.0412935323383084,0.7599474805916923,0.3053466287307258,0.4174114405104651,1.0,0.1219924018573238,0.39991353433325627,0.8926098722607155,0.34684411592682873,0.4882717955050132,0.5830039525691697
1.0,0.03457711442786071,0.7697901917560829,0.3507391611451149,0.4002304698941724,0.5132061412823018,0.061207260447446316,0.3748434037995766,0.8918551246853271,0.3439907260814954,0.4898046215588602,0.5665121984462314
1.0,0.07487562189054743,0.7815912075785122,0.3989733435940888,0.3678850918500468,0.4754786463833702,0.07471264367816086,0.40884995750408987,0.892050932982858,0.3437175060483174,0.4890434472504544,0.5830039525691697
1.0,0.12711442786069654,0.79434400418825,0.4257260208722967,0.3539315953274374,0.522535258988197,0.12643678160919544,0.4045905408525709,0.891926214419753,0.3427521084554899,0.4886106842799303,0.5960610603789012
1.0,0.09925373134328347,0.8058048802138912,0.4427672014794476,0.3450178825232472,0.5039403761609397,0.13704686118479206,0.4020800888238212,0.8909334954581068,0.3382157670740238,0.4883593711304875,0.6032233883058469
1.0,0.11915422885572158,0.8186767052314529,0.45915706807748496,0.3158569210590892,1.0,0.14235190097259065,0.4832251693695376,0.8895453175368554,0.3332464962924723,0.4916168436641348,0.6569578846940167
1.0,0.07313432835820928,0.8323181657359605,0.4828268750211336,0.2617256550885644,0.4758579558268218,0.03580901856763937,0.4999484153692722,0.8883536832734008,0.33231799897769176,0.4929977140936515,0.6864794875289626
0.0,0.13805970149253766,0.8525775718882319,0.5405082805263487,0.28701848645779793,0.4538591356969621,0.0195121951219512,0.4411075465858345,0.8893645003090763,0.3435061935299686,0.4917603536412383,0.6324860297124166
0.0,0.16940298507462698,0.8677089998500066,0.5825887042389657,0.3007083116738018,0.4343067444160583,0.1181571815718154,0.4898820431444025,0.8914295082385079,0.3614352991774944,0.4957421028872048,0.7220253509608829
0.0,0.22462686567164192,0.8787374531356443,0.6224620456810109,0.3026719272039213,1.0,0.1571815718157178,0.5025915135913219,0.8942960785249082,0.3834847735356708,0.4966009290630462,0.7729317159602013
0.0,0.25024875621890563,0.8888962551295535,0.6412279682683137,0.3222805984353326,0.44381360254816704,0.09539295392953888,0.4467916816098335,0.8966973874118301,0.4068567695459243,0.4953938353540792,0.7651219844623138
0.0,0.2300995024875623,0.9020558263651068,0.6873889188065775,0.3009009194028447,0.4478929421724959,0.03848238482384792,0.4109329940210957,0.8965438401631062,0.4069541651642597,0.4962025600480349,0.7290786424969333
0.0,0.404726368159204,0.9206385578151958,0.7485607702141476,0.3620023466982578,0.4817518036199418,0.1694101508916323,0.40951318847058976,0.8940435126043457,0.39444065881291934,0.4962746411609034,0.6697969197219574
0.0,0.4012437810945274,0.9299280113555703,0.7822102866422733,0.35997927669399343,0.4014354077192624,0.17901234567901236,0.5181012925634612,0.8919397844212121,0.3807171752540132,0.5015629693907931,0.8031688701103988
0.0,0.4885572139303485,0.9421802675081034,0.8203056104766074,0.3779812417029637,0.43250731446882895,0.15431034482758682,0.5048661501653164,0.8896648144313529,0.37497712822563145,0.5003373698253408,0.8038639771023577
0.0,0.5246268656716421,0.950389919494547,0.8567624981365862,0.4063197154146164,0.4659677988419662,0.20879120879120955,0.5479515988779113,0.8880566927503578,0.3748029323347437,0.5002594016372464,0.8229112716369085
0.0,0.6233830845771147,0.9549117214315638,0.8925397004116044,0.4438654611119495,0.0,0.535106382978724,0.5546772521604135,0.8836237221187632,0.3567433626637009,0.5007744815840817,0.8379378492571894
0.0,0.758208955223881,0.9530104588692644,0.9006516995797758,0.5466108148789482,0.4033209456078555,0.9401794616151552,0.6672545676962303,0.8797216716046318,0.34474248278668784,0.5064833377915228,0.9201921766389528
0.0,0.766666666666667,0.94289488182568,0.8712370232237977,0.5535952269325279,0.4389394912943175,0.88978494623656,0.7110622012390136,0.8773377306278106,0.3425806748666941,0.5064066789933458,0.9612034891645084
0.0,0.801990049751244,0.9341114202702192,0.8384703294817957,0.5793574225023896,0.49785669304738,0.8241392816889019,0.6431227861595981,0.877247404222797,0.3549358913434193,0.5039626807944729,0.9405002044432328
0.0,0.8315920398009955,0.9234515556354262,0.7991520141025941,0.5670746038329049,0.5160959505327289,0.971677559912854,0.6293423205223312,0.8766975589510021,0.3623514243119814,0.5064800147900976,0.9341420198991413
0.0,0.9144278606965178,0.9111188247961792,0.7668818121499139,0.6179399505913579,0.465798344996571,0.9035250463821892,0.6802637202835677,0.873022022205694,0.3492957760794213,0.506964638676507,0.96579721219647
0.0,0.9517412935323384,0.8994072305124844,0.7389030384807482,0.6372003386166812,0.5122476398523343,0.8979814511729403,0.6935086883256611,0.8711559048070182,0.3464067801342846,0.5082500835766249,0.9491768269801526
0.0,0.9231343283582092,0.8927757675531002,0.7325400495165635,0.6719834672542413,0.5543694594403729,0.8617283950617285,0.6355865172513743,0.8690790634239348,0.34214538878439915,0.5027965071434312,0.9503162376251136
0.0,0.8853233830845775,0.8881395965948528,0.7233711429245631,0.5906506210977273,0.5170465219889252,0.9288888888888891,0.6726046308259926,0.8691438451284822,0.3472105395906557,0.5021298460171558,0.952861148826134
0.0,0.8791044776119407,0.8821115781350465,0.7175328409574677,0.5887734063374254,0.5270633464993886,0.8953086419753085,0.6611577556264089,0.8695624672711685,0.3601487758770009,0.5008393620194007,0.9746873443544588
0.0,0.8253731343283583,0.8755318606990873,0.7154575718001173,0.5798233867147901,0.0,0.8676543209876538,0.5877700209777498,0.8683161195520642,0.3617194359805965,0.4981327674460186,0.993018928636383
1.0,0.8042288557213932,0.8673440917441616,0.70424372000291,0.5503649029140443,0.47581479865178206,0.9224691358024688,0.6339014193142679,0.86873503670035,0.3761015385639472,0.5021791785519819,0.9606444107589802
1.0,0.8952736318407961,0.8569013041463519,0.6796681340414549,0.5458587333771746,0.6468391695589104,0.9501234567901232,0.5665908454475332,0.8688481991934284,0.3842011051872184,0.5000526123234235,0.9596855501110444
1.0,0.8126865671641794,0.8414286494678763,0.6291566131875925,0.5368614249630597,0.6677470501815717,0.9938375350140056,0.511483721364389,0.8720083331584382,0.4085524655340299,0.4954587276919483,0.9649874854584553
1.0,0.7778606965174131,0.8306343715182934,0.6043499830490906,0.5226425952945793,0.5671052781609454,0.9713038053649402,0.5059224068897418,0.8721761381976602,0.4160770562973791,0.49878581052762105,0.9995068307619832
1.0,0.7527363184079605,0.819257735145278,0.5692180280979203,0.5543161793616707,0.4603358308189302,0.9665825977301388,0.4845074159047696,0.8716952449691046,0.4211351961042942,0.4973419330315912,0.9859175256165831
1.0,0.7703980099502491,0.8088886411951987,0.5409333410991966,0.5650049409961689,0.4298839394609432,0.9667128987517334,0.4503240006091901,0.8712841350371344,0.4297158391478765,0.4945526599488297,1.0
1.0,0.7509950248756221,0.7998099525250554,0.5232542044102053,0.5467187299703374,0.504696559846343,0.9861303744798888,0.42957224059071797,0.8710784246795863,0.4414582073458878,0.4930978391639168,0.9817780360255668
1.0,0.6865671641791049,0.7915204618628154,0.5219386420688232,0.5565681222751878,0.0,0.9058277027027032,0.4334877597040516,0.8693101916751459,0.4441854519571122,0.4896812689329903,0.9950352777190468
1.0,0.702985074626866,0.7826998924119158,0.5126204668490174,0.5678025333720307,0.540340894136064,0.9874718468468472,0.4180614987054712,0.8687743030438005,0.4516535946819288,0.4885814023727938,0.9765462455078492
1.0,0.7181592039800999,0.7695585991977362,0.4704023512030314,0.5766405007042028,0.5595975288173686,0.9787395596051632,0.4020948272897432,0.8677820368724097,0.4561024907740915,0.4872754021718458,0.9972653048357604
1.0,0.6920398009950249,0.7579970844210191,0.4525052808928337,0.5648876540922584,0.6191537805778675,0.9639794168096052,0.41005851170971136,0.8649820180052606,0.4479710412668296,0.4879023393225425,0.984671521341656
1.0,0.6174129353233831,0.750038379637539,0.4532223392188991,0.5641733856529908,0.6639736556559143,0.9064430714916151,0.4357820475659424,0.86068824290037,0.4324404446244202,0.4899425499386785,0.95663892566673
1.0,0.5335820895522391,0.7447748996437976,0.4780912338996413,0.5636983152802327,0.5013027208861266,0.9564676616915428,0.4559098791937079,0.8563138393484516,0.4140051797224517,0.4877535988827285,0.9747178614210958
1.0,0.4947761194029853,0.741958573478087,0.4855536792460179,0.5898369239303343,0.4103952491157124,0.8772136953955129,0.4371379864307858,0.8525823449404429,0.4018668290520983,0.486498133704486,0.9896087706415752
1.0,0.3810945273631841,0.7374794514986222,0.4799371477562601,0.5534103799428642,1.0,0.3071278825995802,0.4542100427906791,0.8484110546893927,0.386643844622394,0.4878674826806054,0.9759985655492746
1.0,0.3800995024875624,0.7398519295915692,0.4935148470249473,0.5495917329375628,0.4086349550913345,0.11740041928721233,0.42955258930282136,0.8437887470625999,0.3711734134496004,0.4861697371865194,0.8890862207346433
1.0,0.3805970149253736,0.7469145169961803,0.5141273928534918,0.5501257230379379,0.4526263032592449,0.026128266033254063,0.4285700249080073,0.8416193478706254,0.3677803058656063,0.486250583758633,0.83327925681791
1.0,0.40273631840796026,0.7562842762993963,0.5474035790597689,0.5661389299624233,1.0,0.189024390243902,0.3975455541417546,0.8411592677477139,0.3746906492889596,0.4873841006814388,0.8290271350262131
1.0,0.3733830845771143,0.7609387607019827,0.5720463521332327,0.6001001820624713,0.4943915153053261,0.11538461538461375,0.4135220512014305,0.8427683105013591,0.389389588842974,0.4885821016650253,0.8788486825253162
1.0,0.4323383084577115,0.7653143553916016,0.6135676381916646,0.5877599095442082,0.5202707721737475,0.2929542645241043,0.3796874462660096,0.8418683794876629,0.3876805970190113,0.4896142833313773,0.8537116412507045
1.0,0.48208955223880606,0.7670021976620326,0.6469312651581031,0.5719334981220733,0.5324689903458673,0.5352286773794804,0.4222079204515866,0.8388694683904846,0.3763443078850925,0.4892545975217111,0.8769873119418026
1.0,0.3888059701492538,0.7667308138821131,0.6613644758952615,0.5287614109483332,0.4894265079821601,0.1520395550061809,0.5268903310750728,0.8351814939617758,0.3605171944584712,0.493728634292148,0.9858262606943424
1.0,0.4082089552238807,0.7723986681394218,0.6827319078294127,0.5452262341179057,0.5221169284889582,0.3618030842230125,0.4580027413546614,0.8328045172576625,0.359429900910524,0.4922939745739936,0.9382820008237608
1.0,0.37885572139303497,0.7745725786774391,0.6998533072538581,0.568093032361896,0.5089336651544545,0.2704626334519572,0.4540086170897427,0.8317296683705023,0.3659584792029905,0.4918832794208289,0.9585556725092677
0.0,0.41044776119403004,0.7780404858231172,0.7327600598548397,0.5434303124823967,0.5282656488971171,0.35840188014101004,0.4568138384369364,0.8304642758352537,0.3736044803295616,0.4922128413409267,0.9264289963846049
0.0,0.34353233830845786,0.7802513918471187,0.7600481987271277,0.5051296358419085,0.5415267092499404,0.10919540229885087,0.4576932335702954,0.8271795349152871,0.3683357951451155,0.4922689435326801,0.9321953228685188
0.0,0.3619402985074627,0.7850130945689665,0.7743719909806317,0.5212717742580086,0.5576130148270384,0.2291904218928171,0.4629597787264982,0.8229760817689175,0.35202045829376283,0.4929063601376166,0.872234680334996
0.0,0.456218905472637,0.7869212168574029,0.7800819694465533,0.5858099133749194,0.5936034507024979,0.3705815279361461,0.5080545716264878,0.8186378740979242,0.3374704218898886,0.4929281193953516,0.8776165850533156
0.0,0.5072139303482589,0.7867398148905088,0.7782954251737142,0.5889795281780941,1.0,0.4275940706955532,0.5061434838785747,0.8142979181921043,0.3176686869847967,0.49282963971108,0.8639970710722619
1.0,0.4472636815920401,0.7884654644860029,0.8157363609442182,0.574611232838282,0.5990198607891571,0.2280501710376284,0.5324074301519532,0.8100005040494699,0.3006748325693719,0.4951208131984407,0.8460299299803211
1.0,0.401492537313433,0.7901733698910965,0.8515846327664511,0.5835084427315774,0.532236895792389,0.02642007926023818,0.5293762189939525,0.8092091718486106,0.2990054933802868,0.4952929053417315,0.7620337741979775
0.0,0.6029850746268661,0.7927660991121303,0.8969557590611108,0.7188625152729312,0.5349093233902544,0.0777202072538866,0.4490122771421129,0.8115082426393202,0.3175614059716733,0.488136835360738,0.7633060271841103
0.0,0.6390547263681594,0.7894272476096994,0.9193337172454704,0.7026539270137795,0.5277144951129926,0.5235602094240839,0.4340183444772512,0.8134435154382093,0.33348110954720755,0.4867376130839844,0.7996613427303098
0.0,0.6890547263681591,0.7882842523179362,0.9296029077116332,0.7028539816687175,0.4832145900260177,0.7058823529411764,0.5102407774049492,0.8151422768397353,0.3518603225130448,0.4891976398355828,0.8435586472015011
0.0,0.7281094527363186,0.7853368502585839,0.9275417166541003,0.6841343446388544,0.5293906638500099,0.7329974811083129,0.4357967860318642,0.8173869272394364,0.3745465492438905,0.4829128014551648,0.8496819367534663
0.0,0.6810945273631845,0.7815329412131663,0.908457157307386,0.6990880666726857,0.5532068306415633,0.5878434637801838,0.3903384443057937,0.8223496950428019,0.4117809321282081,0.479232881549156,0.8641984348542402
0.0,0.7109452736318409,0.7824918690319865,0.9311070651119586,0.6770206425995298,0.5873995881352441,0.6509919177075679,0.3627971643191569,0.8236403688575223,0.4279266821214307,0.4808512265819585,0.8386160816438609
0.0,0.7415422885572143,0.7831573809908833,0.9615447275312916,0.7111049818608391,0.5020916460058356,0.7972079353416612,0.3787147075151439,0.8240053826329853,0.43889280524874,0.4783485420616788,0.8436867877900327
0.0,0.7507462686567168,0.7795556756843632,0.9979826789811096,0.7213677693783559,0.570360251162064,0.8543478260869571,0.3671106220123903,0.8243392184993831,0.4454508775342063,0.4773980763310982,0.8739645782801704
0.0,0.7860696517412941,0.7706610354779072,1.0,0.7411563939014636,0.6068926347026811,0.7985507246376821,0.3606699124043841,0.8232504453674431,0.4429074326787089,0.4768814540264836,0.8879044437325522
0.0,0.8865671641791049,0.7625045974857018,0.9993853475987337,0.7843951387719672,0.4833068072424055,0.8328393598103144,0.3934924760131464,0.8217145670854676,0.4314417969872753,0.479408320606241,0.8627705825820327
0.0,0.8823383084577117,0.7566010562819273,0.9918512530839818,0.7756881517239589,0.5121482406847533,0.8799778761061954,0.34620656451272186,0.8208673169839732,0.4294653184751066,0.479574924217506,0.8079172577914058
0.0,0.8470149253731345,0.7511680843338316,0.9861451663183868,0.7308365974561979,0.5042069541240756,0.9375000000000004,0.3307360881163747,0.8214456684281203,0.4364926705737455,0.4783689235563176,0.8350006864674381
0.0,0.8942786069651741,0.7422806656816076,0.975570535143878,0.7152427269667179,0.5019794305073099,0.9601769911504424,0.3376729927437621,0.8206673981109266,0.440472271164826,0.4789002839317435,0.8181227403780147
0.0,0.9084577114427864,0.7294084067446099,0.942394874367199,0.7215644546717885,0.0,0.9343026386645128,0.3524802381736092,0.8184452406776659,0.43407531377556696,0.4762980226996654,0.819651274541211
0.0,0.9248756218905474,0.7165926486982405,0.9223767786180976,0.6954371666945791,0.5529933713264352,0.9660743134087241,0.3528044844238977,0.8166811374360526,0.4305453720824126,0.4763358674767772,0.8075145302274493
0.0,0.9519900497512443,0.7045594151647888,0.9030887870248276,0.6661522800922441,0.7357107417687976,0.9843665768194074,0.3529911716589124,0.8138219163003707,0.4228014373964904,0.4763579473503994,0.8003386572696898
1.0,0.8166666666666669,0.6899876159664468,0.8814515382151387,0.6026850966284656,0.706972257537967,0.8491891891891891,0.3974669489901692,0.8115764950597172,0.4150387557121191,0.4760283381592553,0.8050249416502673
1.0,0.7907960199004975,0.6790589530329459,0.8749760120819114,0.5924760661805307,0.7991719900423919,0.7654054054054051,0.3485450677723793,0.8088242380143714,0.4058793838018343,0.4760882746847229,0.7287721385748938
1.0,0.8263681592039803,0.6650585878372252,0.8592653031349153,0.5660477851714305,0.0,0.8010810810810807,0.3625220462886087,0.8076939794709582,0.4018583556989249,0.4771626351700967,0.7266029014690405
0.0,0.9291044776119408,0.6474476437270259,0.8093516277396073,0.5773611904029038,0.7962918768132761,0.8681081081081082,0.3655434318026619,0.8067034942462276,0.4058917946505435,0.4774090740312862,0.7164614891766969
1.0,0.8261194029850747,0.6245287794130501,0.7334641141860899,0.5373112981272627,0.5470837084067872,0.9596586501163684,0.3916649062387926,0.8066808723206421,0.40992661361434135,0.4793585456799765,0.7869296599697955
1.0,0.8599502487562192,0.6103943094615448,0.6567730110745558,0.5568432779577549,0.5149453176382205,0.9753867791842471,0.3547155721718112,0.8062277262756766,0.4128726905830923,0.4802845967290337,0.7335133403505565
1.0,0.9092039800995032,0.6013858473243664,0.6327318273866203,0.5832103333329139,0.5440892977560711,0.9973027646662176,0.3564350598627357,0.8048805051282998,0.4073175059906176,0.4804437704361034,0.7123243787469681
1.0,0.7467661691542293,0.5940289821142891,0.6212959088489658,0.487716502204245,0.4399143206028013,0.9126525369299936,0.35020068877764066,0.8027264383881053,0.4065351617604696,0.48000482737615,0.6722529861333578
1.0,0.7355721393034826,0.59145686075786,0.6407762011231024,0.4782332919796604,0.49330146279854403,0.9203596660244052,0.3404634756250336,0.8002681271862474,0.4058004956536421,0.4792821696660241,0.6294448766646833
1.0,0.7176616915422886,0.5841033016247278,0.632982225822636,0.4707657730992424,0.4573610262818012,0.8561335902376359,0.3444772511778489,0.7970790583291737,0.4031164110327419,0.4796408146183354,0.592650221957805
1.0,0.7402985074626869,0.5764036439282624,0.6072921493960919,0.4300637721472572,0.0,0.924540682414698,0.32485544021341284,0.7951824417575138,0.4032293787751856,0.4781208881475724,0.4874467987735114
1.0,0.7773631840796023,0.563235198964526,0.5697234406496252,0.3893210631097696,0.5182733323684086,0.9494750656167972,0.3330795041980064,0.7946009269404705,0.3964820985578917,0.478766355927384,0.5328909432062605
1.0,0.8385572139303483,0.5500656808128949,0.5304982940132358,0.4211598994908693,0.5302864865218662,0.9160530191458026,0.3568428240865837,0.7951394054038771,0.39084068180916864,0.4806947167721231,0.5779598187725964
1.0,0.6808457711442789,0.5400269019908644,0.5095686140581349,0.39417382431566667,0.5510884116512402,0.6659003831417624,0.31580602213717585,0.7953751226471767,0.3809663984573809,0.4773929424570876,0.4914100041188048
1.0,0.6833333333333339,0.5404972910752007,0.5198953814418419,0.3947080534614305,0.6217264900929041,0.7287356321839086,0.24562636023758394,0.7960552436733322,0.3842373172448119,0.4751895300488125,0.3841563315180083
1.0,0.7470149253731346,0.5404593030889752,0.5183313123527767,0.3792333773682852,0.5222002157177419,0.9172413793103452,0.24321907747028956,0.7977717371418577,0.3956322133102009,0.4749925607570071,0.38701203606242257
1.0,0.6221393034825874,0.5343406304267647,0.4956673266686861,0.35936340239243136,0.5858136050085204,0.8030651340996173,0.28024701668885604,0.798935055330784,0.4029552629788888,0.4781037834808141,0.4755663356368128
1.0,0.6186567164179108,0.5313345313880088,0.5015923468629898,0.35835687471424404,0.5448220015993321,0.7210727969348657,0.2404678971648103,0.7999421942582979,0.4110124787838095,0.4747046865030202,0.3994508260491511
1.0,0.6062189054726371,0.5273541908935432,0.5102589484472778,0.4046663118510569,0.5521596023855657,0.7157088122605368,0.2181636854025321,0.7998852837797391,0.4138499831591146,0.4764969666809279,0.3719555169099813
1.0,0.5674129353233829,0.524768938046631,0.5333566899898323,0.4350880811213124,0.0,0.6567049808429115,0.2463583707117205,0.7990353550526285,0.4127668426187021,0.475184147064797,0.3822159168916756
1.0,0.6106965174129355,0.5219036053007472,0.5271046090568808,0.4602761391352844,0.6134525107487732,0.8781609195402296,0.2494927511311773,0.7979343082672145,0.412778627470704,0.4754100911321942,0.34431376138391856
1.0,0.6323383084577117,0.5129129826822404,0.4866971203191061,0.4719017218372636,0.5090538464620081,0.9776785714285714,0.27313325047040243,0.7976451194547746,0.4164245843026765,0.477460781309844,0.3931902430094731
1.0,0.6206467661691542,0.5014483503958261,0.4423406233652073,0.4663849467530475,0.4998760894530674,0.9296803652968028,0.27644449248092584,0.798487953280186,0.4315732807494129,0.4777409882004089,0.3891538144707336
1.0,0.5895522388059701,0.4938544604324672,0.4276714173167362,0.4507736247186842,0.4358467340691561,0.8073089700996668,0.25492633223449884,0.7987585342109488,0.4379091387181415,0.4795893574385321,0.3653745823989748
1.0,0.4634328358208956,0.4912462737596711,0.44381406722673816,0.42600068731882507,0.4848901515120593,0.5935769656699887,0.23238630501746504,0.7992806273460765,0.4479273288371477,0.4775539142083596,0.3010937714521074
1.0,0.3863184079601992,0.4962032828285555,0.4738222669064932,0.4267617014651352,0.6657458227226851,0.3698781838316725,0.2251398926057116,0.7990167007026484,0.4440059819823709,0.4768987293088609,0.2845270239348314
1.0,0.2378109452736316,0.5004254425532572,0.4861324854883702,0.3826027097225764,0.4457910395572314,0.0567685589519643,0.21472471002068305,0.7989451226005572,0.44267699936051785,0.4758860395891034,0.2347260994920143
1.0,0.43159203980099503,0.5093356530156442,0.5278055564847315,0.4502308561204479,0.5167887391555279,0.3801874163319942,0.1445204840112209,0.7990479403335337,0.4381246187287471,0.4690183197527474,0.08755663356368157
1.0,0.4601990049751246,0.5080378767068027,0.5409476467305494,0.4193032174384543,0.4915598108045608,0.41834002677376175,0.2349016698681891,0.801727582356277,0.4592127760905325,0.4736030617679782,0.2530685094503686
1.0,0.4166666666666668,0.5060330850797882,0.5699236581363591,0.4433490718226121,0.4784350152274524,0.3995983935742972,0.18915838446762206,0.8046997622492209,0.4825920182247442,0.47320450293411104,0.232364651503364
1.0,0.4671641791044778,0.5068018289975511,0.5936483341992064,0.4761818625513133,0.4953991241002709,0.3895582329317266,0.1655915774580076,0.8073771943133393,0.5018072436467715,0.4747681368848061,0.21237471969246274
1.0,0.38905472636815935,0.5050590036533956,0.5996887023573524,0.4818486532632973,1.0,0.3152610441767065,0.17742656559354258,0.8116731504607012,0.5179151684793136,0.4721271944076815,0.2126767653654296
1.0,0.30845771144278633,0.5064147921395549,0.6120672020762755,0.4104748739171785,0.6942512287779706,0.004016064257028266,0.08775282610084051,0.8151962097138078,0.5280261130908325,0.4681592658787941,0.18075145302274492
1.0,0.3977611940298508,0.5144531425966842,0.613493527724058,0.42065049397784204,0.37902378682713495,0.043577112542628936,0.0,0.8201376421889496,0.5478149204580843,0.4589856544876641,0.0013327328376182429
1.0,0.4156716417910448,0.52092504445895,0.6192638688660169,0.4060410383328108,0.4861956944004202,0.09814323607426964,0.02110057037863133,0.8223139521149451,0.5538848319669357,0.4612184974223598,0.01263186845569036
1.0,0.3912935323383087,0.5291783808255565,0.6279292160212446,0.4429398885833719,0.5107427447535063,0.03381642512077308,0.07319613459167068,0.8246421373972689,0.5645717591672643,0.4623483356610841,0.0489676914200937
0.0,0.4360696517412937,0.5382826383866876,0.6641322018388593,0.4715728707713761,0.5096718442923387,0.2345232715770447,0.09306849947678447,0.8253015807484262,0.5666736962204825,0.4642329222883833,0.025418826618016668
1.0,0.41940298507462703,0.5389525968547261,0.6610685802929319,0.4571921863671907,0.532796832069134,0.15047446904654244,0.1657193108293333,0.8260509755876743,0.5687644187390577,0.4671727428980582,0.12675894681266214
1.0,0.5129353233830849,0.5392276479685895,0.6513780445137916,0.4745403378307686,0.5400805230666043,0.18933574333483955,0.1573675134734141,0.8263129183875674,0.5739383393319314,0.4663276438441274,0.09299175906158892
0.0,0.5614427860696521,0.537603480558502,0.6383149912203158,0.453880246023685,0.5610304202363312,0.26073203795752425,0.19790320758146698,0.8258562191061206,0.5738394525735608,0.4700690076331007,0.18894474668870406
0.0,0.619900497512438,0.5390413972102374,0.6527767560948833,0.43821859571651417,0.5226195024402129,0.36466335291459534,0.27489695355909394,0.8258515651603314,0.5789710984839034,0.4734029800860774,0.2839680462778049
0.0,0.5241293532338313,0.5409408329405369,0.6792313115263748,0.4294322675142192,0.5529058731325625,0.24097472924187746,0.26796987457565485,0.8255301495623516,0.5785790736097048,0.4727790124295091,0.2950095264329823
0.0,0.4589552238805972,0.5435634973520277,0.7048087250206332,0.443842579312229,0.5425340100197706,0.21389891696750948,0.24239863620062002,0.8265468932719237,0.5891413545539804,0.4741112239360062,0.2352799393981133
0.0,0.5213930348258711,0.5454014166488478,0.7210451905005508,0.4815209653795416,0.5340178152284325,0.0658844765342964,0.2361888292253952,0.8270807627492834,0.5945911460032505,0.4735214347472867,0.2144709960287401
0.0,0.6062189054726371,0.5472193890859584,0.7261098977731049,0.4798172581593572,0.543217722037498,0.3757575757575761,0.2195392755552716,0.828809385320718,0.6074749739843031,0.4719187970986953,0.16465808139935267
0.0,0.6504975124378113,0.5474327938927829,0.7243945183840755,0.4529472276911198,0.0,0.4822635135135141,0.2591267950223289,0.8303185256086708,0.6137274282457107,0.4756109486980394,0.3228198241627071
0.0,0.7218905472636821,0.5462890195758342,0.7153528197805524,0.5062702722463718,0.5518583603385061,0.7775175644028108,0.26859871578833594,0.8317707814381153,0.6215781915148652,0.4764707539186663,0.31756306957739394
0.0,0.6375621890547265,0.5361720991533753,0.6568364436865358,0.5101387238527011,0.4927249181305866,0.8411214953271029,0.34698770320659905,0.8315287926192646,0.6131891451731274,0.4835541420381924,0.5106397631017152
0.0,0.7373134328358212,0.5293797221802715,0.5993925580259838,0.5691590199093945,0.4907466573553891,0.8185219831618337,0.3216031520665785,0.8304484266892891,0.6041180784129793,0.4812732000889814,0.4181989302848749
0.0,0.7970149253731347,0.5197337302839945,0.5328875650806378,0.5581627919025886,0.5251502736122265,0.9721223021582732,0.3096846459574845,0.8294225458006145,0.594141254819848,0.4801839795588331,0.3456603080595921
0.0,0.8064676616915425,0.5104556142247637,0.4832347724208466,0.5672248076867353,0.4043325334510232,0.8245243128964055,0.3302890213167346,0.8296974224905523,0.5971471495480375,0.4784216064741752,0.3923627849321675
0.0,0.8549751243781096,0.5046152593484238,0.4558905053977302,0.6151237572751167,0.5120593864704623,0.9692718770875078,0.2646979351409242,0.8300024856629075,0.6023764647904214,0.4758756889760157,0.270344099350366
0.0,0.8164179104477615,0.4957481058366143,0.4179208952752369,0.6477127948786398,0.5408151850673879,0.8793548387096771,0.280802165571926,0.8306933364115799,0.6095319815578062,0.4737045216327101,0.2725248490691642
0.0,0.8134328358208959,0.493117737680319,0.4171558435520981,0.6488661151795057,0.5329604103249117,0.793548387096774,0.24338120059543406,0.8299908541875697,0.6081966506248856,0.4700330318059245,0.1850653077152632
1.0,0.6661691542288559,0.4915125787912099,0.3993900477336696,0.5439623791400007,0.5331838919291928,0.793548387096774,0.27115338321485233,0.8299796495146873,0.6100774957494486,0.4690294375760004,0.20115694511397306
1.0,0.6977611940298509,0.4919200436043044,0.3922249967205877,0.5125160077671486,0.0,0.8503225806451609,0.2511238080265684,0.8304317730231744,0.6149580078039423,0.4670317285748238,0.14428528797373918
1.0,0.7358208955223883,0.4860504452104925,0.3491102618551161,0.539385354408187,0.5350912954056675,0.9619354838709676,0.2518705569666271,0.8316249643455506,0.624380070413209,0.4671335170398196,0.17618162201868556
0.0,0.7164179104477614,0.4779217618334654,0.3262811951360273,0.5764624664888742,0.5802686445338526,0.9575163398692808,0.3324162732315069,0.8327883524594163,0.6360827362498431,0.4712219782047704,0.3490002984183826
1.0,0.5962686567164179,0.4692758717965709,0.3060433195751011,0.5575593465161854,0.53833970649902,0.7398692810457512,0.3437796304575312,0.8323261668077554,0.6376630646469871,0.4686191784019961,0.3678465670408376
1.0,0.5649253731343284,0.4648045677096199,0.2957614222582702,0.5888369034463569,0.5258516011126406,0.6640522875816992,0.3017307871814649,0.8318760801380121,0.6365266536639035,0.4645027227565596,0.23383375800564696
1.0,0.5582089552238807,0.4607988797953434,0.2625188557703709,0.585194273123946,0.6499377634160411,0.5856209150326794,0.30960604080589943,0.8316726313466737,0.6321871296809844,0.461578870551326,0.2406170373941192
1.0,0.6186567164179104,0.4578653643707457,0.2239687143423644,0.6278096002994549,0.0,0.7470588235294114,0.3012738947378765,0.8322055156165339,0.6395679057390987,0.4607541042754956,0.20625301287790124
0.0,0.6902985074626868,0.4500371811265179,0.1712743334431252,0.6355876892476027,0.5614203692738479,0.8986928104575165,0.3662803550987722,0.8328107237175363,0.6489234016388534,0.4672014061499866,0.3660675343755021
1.0,0.6184079601990051,0.4379003122714059,0.11873127687664925,0.5934447955602393,0.42425064951185626,0.9320388349514559,0.4126623073559682,0.8326174847032818,0.6543286212277091,0.4681008703250539,0.4613089089364827
1.0,0.5883084577114431,0.4324210069486388,0.08143844822176466,0.6143250497951057,0.4002325423291907,0.9058252427184468,0.4330750826582296,0.8320144946032503,0.6521432820053497,0.4664245750327845,0.473532584991851
1.0,0.5629353233830846,0.4292749467111737,0.05882803829627425,0.6431147878794379,0.0,0.8378640776699027,0.3956786817916079,0.8314224655184982,0.6560913751407671,0.462851311418095,0.3861074765282464
1.0,0.5338308457711443,0.4278429711615671,0.03679101185187439,0.6196512668897988,0.38260820332892337,0.8776699029126207,0.37386083940476256,0.8314384935502751,0.6640086525205798,0.4607337279016965,0.3253563804145722
1.0,0.4960199004975125,0.42817895931478256,0.0249155541073634,0.5926392239809811,0.4777247347997909,0.8688230008984731,0.3871500228446221,0.8314263947884325,0.6690732659837266,0.4583786674418077,0.3417234809356564
1.0,0.2900497512437811,0.4280679308265935,0.00421882839272969,0.4784603353236305,0.4637044719529445,0.3481836874571622,0.41231840981778334,0.8311872464570479,0.6730798780294498,0.4572339805382132,0.3888506301218923
1.0,0.20398009950248736,0.4344113062382756,0.0,0.4732340687884599,0.5029176479023196,0.24483775811209385,0.365494303582921,0.8306742291605697,0.6661346028371229,0.4525865217895476,0.2592681863048921
1.0,0.15248756218905485,0.44175408688006057,0.002114501516825573,0.3781490773053789,1.0,0.08838243468593646,0.3342634942937572,0.8307060088057557,0.6628143400645923,0.4493722073991333,0.16352179601955816
1.0,0.11094527363184087,0.4518776291131915,0.00393489687676063,0.36134014252831625,0.4238267438626782,0.08789473684210497,0.2975794526133755,0.8312542442896081,0.6568379067379333,0.4454429172581639,0.07665909143080131
1.0,0.1218905472636816,0.4637886104275707,0.01067126045306527,0.323173764314532,0.41342219532909896,0.06728160607704801,0.32591169693783817,0.8321744223657753,0.6623979485457232,0.444815373275825,0.0998024543549837
1.0,0.08731343283582071,0.4751279842962349,0.005329461419045167,0.30649752345530984,0.39425505717264653,0.0016277807921863286,0.3822912419122666,0.8322310982768634,0.6656008019040246,0.447185073062728,0.2216749357403308
1.0,0.23507462686567185,0.4928584219607891,0.03837186930181785,0.33332619313977274,0.4181402329282709,0.1675531914893615,0.3409400193565185,0.831890691074724,0.6688758037150165,0.4427929930275567,0.10664829566506076
1.0,0.13756218905472645,0.5016725712553468,0.055131510514898514,0.3193443517196172,0.4531316438659118,0.10651629072681716,0.45003905693469387,0.8309999833297276,0.6654798723161846,0.4509825815329898,0.3766361402725041
1.0,0.13134328358208966,0.5131595226568243,0.08879862829111146,0.31726650928330785,0.4404095094820432,0.10875787063537526,0.4784646448766634,0.8301137917007443,0.6626865798164486,0.4542053122123085,0.3841343674920189
1.0,0.12860696517412945,0.5209509492055634,0.09683695951948597,0.3173861856253417,0.4819031928056867,0.1302475780409043,0.4680985905113755,0.8304458033972809,0.6654753473102528,0.4531509518921363,0.38315297797692016
0.0,0.21592039800995014,0.5277487078918041,0.1050145965241353,0.37454730978536543,0.43950617438974254,0.20828905419766208,0.4555414175456524,0.8316525515632996,0.6764579676157169,0.4514858278641203,0.4220641457631346
0.0,0.2427860696517415,0.5321478574052975,0.10176577660050462,0.36091527542495216,0.37978168073132745,0.21360255047821514,0.5116605829554554,0.8331778291159583,0.6914522119781914,0.4539123935728594,0.5193227671700156
0.0,0.20746268656716432,0.5404468447241485,0.12437673924930615,0.3655640058312589,0.4314084383408145,0.16418703506907556,0.5041783550889466,0.8341653465252828,0.7010026364227163,0.4529695491850792,0.5222763010108572
0.0,0.14079601990049784,0.552124549317954,0.14572891321828885,0.33712382335342395,0.37513017501863133,0.16631243358129694,0.4235785977823521,0.8354613683644995,0.7112163452660313,0.4480288311611716,0.3953887432921504
0.0,0.1226368159203982,0.564737748571163,0.16568386669543025,0.3605642507360191,1.0,0.12792434046789486,0.4468408098295741,0.8362112323621831,0.7156530970186332,0.4468875879706666,0.4392965597570613
0.0,0.09875621890547263,0.5772343705095323,0.1611846741813892,0.30221703418986395,0.3354271756413773,0.06459566074950701,0.4198202889721884,0.8354025042921586,0.7168241144285982,0.4441394208432072,0.3502121552477224
0.0,0.12810945273631824,0.5937566267963593,0.17008299012585265,0.27733548168916866,0.4163813416439759,0.05848563968668361,0.4500980107983826,0.8349455176501007,0.7204120186059773,0.44385341901569203,0.3832210158492447
0.0,0.1164179104477614,0.6097249457830692,0.13627305136011406,0.2737815393151402,0.4957162723967512,0.04733727810650938,0.5292190086907821,0.8350060557091928,0.7271634238219865,0.4489660459210631,0.5497004867090979
0.0,0.17985074626865688,0.6278651424956715,0.12716586464727436,0.2885164140644613,0.4075659820302641,0.04045211183819195,0.5364261185267428,0.8347403242680648,0.7300744945105558,0.44977919534610733,0.5661113191064521
0.0,0.2121890547263683,0.6451192439960992,0.11425235328924345,0.3064968343877311,0.2951343251767661,0.05412719891745679,0.5721472471002067,0.8333473278386568,0.7270792995271532,0.4500718873346996,0.620699696326802
0.0,0.2731343283582092,0.6619076567667329,0.16009796591959768,0.34354914988563423,0.42394494105665465,0.009147809340394698,0.6298286898977641,0.8322829278677287,0.7286070705694452,0.4528829390865109,0.6851678522401093
0.0,0.3124378109452738,0.673154850310313,0.19104525641165088,0.3715560622824189,0.4615968439094152,0.05698324022346424,0.6594284422915369,0.8310489788569663,0.7330510991858749,0.4559083935686216,0.7827173179405044
0.0,0.3017412935323383,0.6797491546776999,0.20701161726203146,0.35072623656988794,0.3995724784009668,0.002217294900221289,0.6590992832192739,0.8304756412158801,0.7376211555496627,0.45604524584598,0.7646146252027363
0.0,0.3572139303482588,0.6881212815282601,0.2264524294637729,0.3571678151591089,0.4074500108206035,0.12484993997598945,0.6700057480017095,0.8301891913318368,0.7426128947796172,0.4534900024822166,0.7794780652870241
0.0,0.3181592039800998,0.6946108241173421,0.2408584218528751,0.36823942123302894,0.5730895299667812,0.028051720359412682,0.6512928091024763,0.8300150423975364,0.7459063899836431,0.4509365620183439,0.7837364940341439
0.0,0.3057213930348261,0.7035578719226822,0.2657074070285038,0.3603610510391785,0.4689340296588325,0.02359550561797841,0.6452598637183182,0.8293773472333331,0.7520820396907055,0.4504481990039925,0.7627793869057621
0.0,0.2835820895522387,0.7110040223691335,0.2677840728793813,0.39588614916327214,0.4873254633874382,0.01823416506717828,0.6518872605613389,0.8270844792288546,0.7502186584104489,0.4513848041995885,0.7443924910289745
0.0,0.4059701492537313,0.717932348949459,0.2674117780427391,0.4696634435426771,0.4854414612845924,0.2227378190255221,0.6848277318974789,0.8248258060109067,0.7502728967633586,0.4513564594413224,0.7684537458999735
0.0,0.44975124378109466,0.7181626705509448,0.2501943185112637,0.4741549858708602,0.4498231734073305,0.27494199535962915,0.7011383008513921,0.8229923914715697,0.7444725691475337,0.4493944432938221,0.8015419760137066
0.0,0.4716417910447761,0.7182898540797588,0.2417935424639724,0.4474519815649525,0.5341636555190601,0.348027842227378,0.6986966283302791,0.8220688933725141,0.7423926461279964,0.4492341337409209,0.7912805585748235
0.0,0.43159203980099536,0.7164570663075743,0.21877040778817855,0.39036687255034863,0.5307641153460421,0.1148491879350358,0.7047787019341782,0.821421345293062,0.7380917585215304,0.4498898348481637,0.805042279987473
0.0,0.469900497512438,0.7188067594838518,0.20007664852344764,0.4431697958382829,0.5409020975141275,0.0011600928074251868,0.6760927344275824,0.8209351374835744,0.7392894071323248,0.4509272178503054,0.7541681251266555
0.0,0.4694029850746268,0.7221208321007256,0.17957564063377052,0.4429911069897881,0.43942626068426416,0.002457002457001968,0.6744076364904762,0.8194575858601573,0.7326311717714961,0.450675777549527,0.7552734842762657
0.0,0.5674129353233829,0.7276572243467762,0.17221553691980518,0.5100028840882598,0.43345711501773465,0.41558441558441467,0.6858446860461118,0.8180067851840979,0.7346724323311381,0.4523763198615196,0.7247103037895399
0.0,0.5579601990049752,0.7295318773487917,0.1595988900134261,0.4967715123325158,0.4202994899353949,0.4339826839826833,0.7137102122830374,0.8164078689244242,0.7362695979844923,0.4555124039700471,0.7882424318127067
0.0,0.5072139303482589,0.7345646988941607,0.1700036004679143,0.4869092444233254,0.3948442953379957,0.4015151515151511,0.712344447774246,0.8173974277522168,0.7560276948151105,0.4554625601641902,0.7796325871467958
0.0,0.4278606965174132,0.740535907766085,0.18817070468716265,0.4635156948759477,0.4706914176996514,0.3755411255411256,0.6434126426560677,0.8179526269853415,0.7651698393141629,0.4508581243797043,0.7299006968174798
0.0,0.4380597014925375,0.7547729707475298,0.247150277709268,0.4723633403300739,0.4383904568819609,0.4610389610389604,0.6671513984347748,0.818826763367475,0.7782656284620805,0.449779097499933,0.7566402869353412
0.0,0.14850746268656714,0.7655116840788846,0.29486261101065503,0.3536996967149017,0.5256613466106365,0.3253817548856707,0.6727078000874481,0.8166566104109972,0.7720072118724725,0.4466043695535093,0.7653125864330259
0.0,0.17761194029850752,0.7801821042435421,0.3470033897514126,0.3250789839287683,0.5020529700960036,0.2237837837837838,0.6955917248426667,0.8142126296146052,0.7686272111974437,0.4494663609167723,0.7499486978167573
0.0,0.22089552238805965,0.7844609639772474,0.3510890881098252,0.3068509739108771,0.5146441953027869,0.29081081081081056,0.7183724803364301,0.8136687431832025,0.7714031494012926,0.4482867598655946,0.7675492610837439
0.0,0.2858208955223884,0.78688481093922,0.3378108924741377,0.3092721398517877,0.5336252392164411,0.34216216216216205,0.7016639728026173,0.8143395713411558,0.7833493732679059,0.4451857615706532,0.8196516537649541
0.0,0.29701492537313434,0.7876765868206727,0.33670705642320903,0.31772668719855474,0.5527727738459217,0.3389189189189187,0.7292985964067622,0.8156534848147258,0.7971756602377739,0.4482400609823624,0.8701090781140044
0.0,0.29701492537313434,0.7892453485540286,0.3423832174377153,0.31676367794520344,0.5592603061135035,0.3129729729729725,0.7368889063567003,0.8142908948602979,0.8020195569397587,0.4489444609617424,0.8925404644616469
0.0,0.35398009950248743,0.7921623503154739,0.3473982151795553,0.30667090134892644,0.3385543450258396,0.38162162162162105,0.7484045610639205,0.8127836148283129,0.807410615885722,0.4503575316018583,0.8847202674173116
0.0,0.3748756218905472,0.7931808888164057,0.3450086197874023,0.2736153327942955,0.3231949519155303,0.4183783783783781,0.7677365155318867,0.8111910073457985,0.8173074506890144,0.4486743756660557,0.917690007037298
0.0,0.4019900497512442,0.7955635766111758,0.34546515934894984,0.2434316533689496,0.4993901741740086,0.4654054054054054,0.7575571484016133,0.8105731309965917,0.8308747801130391,0.4514633558599146,0.9041959887403236
0.0,0.315174129353234,0.7960624219800071,0.3459567940818133,0.24116842071079414,0.4703337837769888,0.3902702702702702,0.7403180560946011,0.8097620554332253,0.8423921946636425,0.4531521204623098,0.8940358902181562
0.0,0.29850746268656725,0.7983603351951155,0.3349731505581226,0.2278830501301473,0.4925292555505045,0.31945945945945925,0.7272057342458081,0.8091912020650046,0.8463311292306946,0.4521164257007679,0.8583743842364533
0.0,0.33557213930348256,0.8017645177114141,0.32041762915784777,0.2521288177562193,0.4839991565356109,0.30594594594594576,0.6886400817493576,0.8083744389542961,0.8442654336323324,0.4519899566277074,0.8029644616467279
1.0,0.317412935323383,0.8069408642747647,0.29491536685485675,0.2831619231966405,0.491433004688001,0.2843243243243238,0.6840858957793947,0.8089592258088231,0.8523804080194325,0.4552550331785995,0.7993314567206194
1.0,0.23134328358208955,0.81497795278962,0.2868525790977038,0.2574756008802221,1.0,0.14810810810810784,0.6523490658269016,0.8092160797263915,0.8681767066803713,0.4550849986644899,0.7835151301900067
1.0,0.2398009950248757,0.828599375089602,0.2832396203701275,0.2613754718182324,0.4706006595049309,0.17567567567567569,0.6339112449582165,0.8098406648254136,0.8939392663442302,0.4533367998454878,0.7491115411681915
1.0,0.19875621890547296,0.8426657308603552,0.3008683674602486,0.26170520666069363,0.5014401766563015,0.02602010644589069,0.6230342571076251,0.8096198836171152,0.9010877794088278,0.4556973965144484,0.7472290640394086
1.0,0.1885572139303483,0.8597134152317293,0.3275571394656401,0.25875046956960346,0.4175856818310515,0.058545239503253015,0.6258050887010005,0.8098791934458135,0.8915561193777216,0.45222514088121,0.7501935256861362
1.0,0.2495024875621892,0.8766835562328842,0.36376512229034497,0.25707706103504235,0.1398463692086473,0.03929539295392941,0.6070282831161048,0.8097102697444548,0.8797438823663551,0.4537982096457594,0.7360045742434909
1.0,0.34626865671641804,0.8913788432099877,0.3858154237931556,0.2754695719812287,1.0,0.16753150481838425,0.6333364447872505,0.8090891971423463,0.8736134241901269,0.4529696882143196,0.7823715693173825
0.0,0.3577114427860697,0.9029487064480431,0.4095545341604429,0.2414163671531509,0.0,0.19570051890289092,0.6451124790590962,0.8075760569479297,0.8782919047322569,0.4543527381255668,0.778764954257565
0.0,0.6169154228855722,0.9140664117664362,0.4290074266569851,0.4838140984125595,0.6414657872896598,0.9757412398921824,0.6573797955283491,0.8061648250926355,0.8802220137192162,0.4519505822921326,0.7883180858550314
0.0,0.6654228855721396,0.9093875416588352,0.4142899589651105,0.5345477277993453,0.5192017364322854,0.9787835926449798,0.6850389832423643,0.8045186527558673,0.8798802552636581,0.4550006828884278,0.8418103448275863
0.0,0.5885572139303488,0.9030585267208284,0.3877491637374923,0.4750625539163708,0.5614755297337444,0.9668674698795182,0.7243071692811067,0.8031158431389992,0.8805945850178717,0.4556471080945249,0.87905524278677
0.0,0.5776119402985076,0.8994470248708347,0.377142887774534,0.4652441902090663,0.5661636812147303,0.7841845140032944,0.7187704189163295,0.8004911265580549,0.8715762922042795,0.4587505003057434,0.8765130190007037
0.0,0.5641791044776123,0.8950516449348055,0.3483728646708936,0.5025448290471015,0.4623022974997121,0.7001647446457998,0.7379107733273067,0.7981208222655057,0.8663990903787603,0.4610725025655752,0.8676020408163264
0.0,0.58407960199005,0.8906967481366274,0.3212761005195468,0.5233448207431105,0.4267764083041825,0.6210873146622735,0.7376749578725513,0.7949528446981329,0.8547560550320726,0.4613441038685964,0.845197044334975
0.0,0.6092039800995029,0.8877392757345702,0.3023346807529572,0.5482555951753171,0.4596112542797491,0.4539473684210536,0.7467587657026069,0.791916423785132,0.8394876851906855,0.4625641491827127,0.8332160450387049
0.0,0.5711442786069656,0.8865612932982859,0.29522142185275896,0.5530243452298922,0.4685237353706863,0.5014326647564478,0.7496671563112569,0.7898965741105334,0.8289011870371831,0.4633981908019013,0.7989481065918657
0.0,0.5786069651741294,0.8871521091738598,0.3082167522478063,0.5598169562777549,0.0,0.5200477357927635,0.7410107639929452,0.7875925318262597,0.817763385783486,0.4620230441099832,0.8114792426522477
0.0,0.643532338308458,0.8868815833764635,0.31115189471865656,0.5845000637612958,0.44679588806225057,0.7924530749374121,0.7554790247065817,0.7869645945396312,0.8219164590711435,0.4640040304586104,0.7926770187919119
1.0,0.6310945273631844,0.8853575409791611,0.327666779356768,0.5744791486655723,0.4385406649096621,0.8091461881019671,0.7697360340753329,0.7861357998053357,0.8251400619635222,0.4649870416545063,0.8524721565980422
1.0,0.517164179104478,0.8850872791639463,0.3293940498677226,0.499231608116495,0.4044127897069669,0.5517154650767127,0.7896575271801876,0.7876419342194653,0.8402430954815815,0.4670263753182418,0.8975869051636853
1.0,0.5228855721393039,0.8913447386523873,0.3655115349829015,0.5051330587605529,0.4125035406136231,0.6005385332366746,0.747520253108588,0.7871845109677412,0.8440071001743726,0.4650679842651831,0.8903476206547418
1.0,0.4547263681592042,0.8963327409586058,0.3885330028897186,0.44537405909635097,0.3994342469575741,0.7041878547984962,0.7456189910046227,0.788100297855795,0.8555333151981833,0.4654927968184298,0.8446760040499492
1.0,0.4146766169154231,0.9024712132575636,0.4243048792383843,0.4167791062924068,0.51975179009907,0.5068192291476699,0.7186770752988221,0.788246893624761,0.8648738471665273,0.4614339633236485,0.8656176172797836
0.0,0.3624378109452736,0.9052503921745748,0.4402329294579051,0.3855817672570919,0.5463983053172777,0.4483189341105441,0.7022977268372728,0.7888098083965981,0.8783150078325593,0.463067662241887,0.863609517381033
0.0,0.40696517412935335,0.9074629920898108,0.4557538649036777,0.3706319107596244,0.4769177753165982,0.525185962159003,0.7237028921782959,0.7879216923689382,0.8846255687409016,0.4616332997429277,0.8780037124535941
0.0,0.3584577114427861,0.9060427714880284,0.4543159292355757,0.38431925723085775,0.465558759898624,0.4683363893314968,0.7354297982304017,0.7853745913167397,0.8815731074012237,0.4628315827786735,0.9029109011137364
0.0,0.3266169154228856,0.907092827688203,0.4612361239798092,0.4040072604431368,0.487543717026981,0.3871804781096449,0.7507135873917337,0.7839821965925061,0.889809232631286,0.4647518034603311,0.8877489031387108
1.0,0.30995024875621924,0.9085206330242256,0.4614538165635837,0.4438587039825051,0.5136971667071725,0.3622975294656052,0.7131403249340453,0.7812824537018513,0.8902212384973475,0.4643382284962299,0.854463381707729
1.0,0.32835820895522405,0.9105597926266188,0.4664165556816071,0.4094411211163891,0.4879933690568742,0.3610110099437776,0.7484045610639207,0.779812182538235,0.9016540706578638,0.4644862967607272,0.862867026662167
1.0,0.256716417910448,0.9115054568296722,0.4690644479282579,0.38285476033690025,0.5067162164765618,0.19966451301078267,0.7509985310662297,0.7779835167060919,0.903488780498914,0.4646800481024967,0.8725531555855551
0.0,0.3283582089552237,0.9169962368471368,0.4842254777064925,0.3815851115167968,0.5251510721739339,0.38375589056869264,0.6930075804843059,0.7779484618400346,0.9172628291827288,0.4627172367660234,0.7918157273034089
1.0,0.3042288557213929,0.9178962624147416,0.4919082909129117,0.34783800676786303,0.516506455118271,0.29704103318620195,0.7033687220276199,0.7776891143417081,0.9224657282184541,0.4634574386610405,0.835791427607155
1.0,0.3032338308457712,0.9221363069536612,0.5151117995157487,0.347306926760898,0.4966116189444449,0.2806235040769108,0.7065620563107655,0.7770084212788736,0.930733353226659,0.4639699529716567,0.8235993925075938
1.0,0.2442786069651741,0.9260010807222224,0.5459346507154181,0.3270519967129532,0.4659744789763776,0.1952850504363589,0.6865668708762998,0.7783126188570614,0.948190393014396,0.4657301091467372,0.7970975362807962
1.0,0.22288557213930335,0.9322320268988784,0.5837514369016631,0.27845647977847504,0.5645273412678931,0.0599435966157963,0.5976497059676047,0.7794602291066853,0.9643283717850072,0.4589411965982269,0.7539402632467094
1.0,0.2751243781094529,0.9414438994805101,0.6296050978465723,0.2876957140620885,0.5268276461621889,0.15128241027794967,0.5778166436582839,0.7802158020557205,0.9723774268804052,0.4573061642114344,0.6913094836314548
1.0,0.2711442786069654,0.9472273298340258,0.659829901480121,0.2787362541158788,1.0,0.07147862648913779,0.6134444286142402,0.7785091479164422,0.9686560750136732,0.4574535872771444,0.7343570705366181
1.0,0.3497512437810947,0.9555215669051371,0.6951671747237226,0.3924007373752893,0.4943877445328674,0.0357393132445684,0.5984701472372744,0.7773373775145612,0.9698668208405284,0.4560778196464077,0.7037293283833947
1.0,0.3430348258706467,0.9635486303740332,0.7260230439857941,0.4351557145554065,0.4739226360808577,0.00855920114122613,0.5886887186869009,0.7760793250918064,0.9728619437853242,0.4588746726866637,0.6888288896388793
0.0,0.4703980099502488,0.9764605556659977,0.7721668607736599,0.5061539660181252,0.5844845466514434,0.0382608695652172,0.5861537025482808,0.7747862233748392,0.9723164979352568,0.4588806577440934,0.6579311508606142
1.0,0.458457711442786,0.9843348328300432,0.8034493428653579,0.4961390182572593,0.4610105181764837,0.0452961672473864,0.6331251934423653,0.7736557888632035,0.9705744382193109,0.4603432279898161,0.7298768140398247
0.0,0.5738805970149258,0.9943813694638342,0.848588089539608,0.5582472883317381,0.498087755747181,0.2609137055837569,0.6196787996993354,0.7725137227798652,0.965703687230732,0.462735350153608,0.7112807964900442
0.0,0.6373134328358212,0.9984470856175616,0.8840231060786738,0.581885349325621,0.5273556165536797,0.4886099488609954,0.6810448589774449,0.7716330200163791,0.9624802877083576,0.4658150156880052,0.8018140398245017
0.0,0.6940298507462691,1.0,0.908005534882641,0.6702723790607744,0.523675388341078,0.7410636442894508,0.6972817356017469,0.7697535395064047,0.9512693721743904,0.463848496315374,0.8291765102936214
0.0,0.6863184079601994,0.9971095886810434,0.9064694190945928,0.6651997186148809,0.5036966778806069,0.6687009590235398,0.7302418582257835,0.7677476362221841,0.937966252428042,0.463775359388809,0.8631370232872091
0.0,0.7422885572139307,0.9956375516009756,0.9088744837173754,0.7026391577862177,0.5100299224432661,0.7768090671316475,0.7324821050459593,0.7657323115600038,0.9255618312296421,0.4641898157518994,0.8515693553830576
0.0,0.7365671641791047,0.9921136583941862,0.9021981758035809,0.6870446369947751,0.5153347729373351,0.8190709046454768,0.7469798426914405,0.7634584289089689,0.9190125294592076,0.4657244068693556,0.8819946000674994
0.0,0.7477611940298508,0.9884326849864774,0.8990944869793664,0.7112876342590707,0.48971852723625503,0.8671556642216781,0.7740249276586961,0.7606242936330628,0.9144570862588008,0.46500994963044,0.8936044549443128
0.0,0.7393034825870649,0.982924849797042,0.8983972273389926,0.7060987390442444,0.5236620884148891,0.8272208638956801,0.7991392735901427,0.7570855118706127,0.9033127350595046,0.464072089353639,0.902708403644954
0.0,0.7519900497512442,0.9771758465328184,0.902683810073556,0.7363738349092067,0.5306162459133333,0.8769356153219229,0.7967860318645632,0.7564684918889516,0.905829263419162,0.4641989180089681,0.8784864052123793
0.0,0.7574626865671645,0.9700685098716272,0.903082236350242,0.7404185043117095,0.5338330943118443,0.8533007334963326,0.746621206687333,0.7562439338994519,0.9116807487596332,0.4570103024475989,0.8847429311280954
0.0,0.7460199004975129,0.9615471517544856,0.8854038637154049,0.7615274866595085,0.4929265598844103,0.8329258353708233,0.7479427557983579,0.7558106569226023,0.9164373994814996,0.4574112172180181,0.8666583134945495
0.0,0.7800995024875624,0.952220758819148,0.8666439032446698,0.7473416855918916,0.0,0.8981756470089094,0.7627893038039978,0.7532406445618881,0.9110668352307141,0.459169569196796,0.8613289896838323
0.0,0.8373134328358212,0.94001889902228,0.8530357015867766,0.7973398535623349,0.5334881772298977,0.9957953749124034,0.7659531611552991,0.7512394256835307,0.9056372268162364,0.4556960320160098,0.8659566470367119
0.0,0.8557213930348263,0.9246833376625352,0.8264117576897309,0.8074328630234108,0.5088007539367684,0.959465352981284,0.7907923890561974,0.7492953615396712,0.8997662799127085,0.458348387561993,0.9120995698116356
1.0,0.8681592039800996,0.9095865689024856,0.7859550664839483,0.8137498861169666,0.6868723129698517,0.97896120973044,0.7957346879621124,0.7468468141597314,0.8949986643862571,0.4591964034748742,0.8935471745395317
1.0,0.8940298507462691,0.894735449481802,0.7321961390353706,0.8244143479715169,0.6025463987552651,0.9974391805377716,0.792570830610811,0.7443783081597394,0.8916472951730253,0.4591376163080678,0.8740675771624272
1.0,0.8358208955223883,0.8800866902825278,0.6833180428793415,0.8050735268045515,0.5684417582814583,0.8960486322188446,0.7768498002937869,0.7422794776830987,0.8924870700363537,0.4615371143499717,0.8484400451071298
1.0,0.8330845771144284,0.8704296971675164,0.6671864991575782,0.7940742464913981,0.5270366750215599,0.9039513677811551,0.7453733499059195,0.740579811774717,0.8912077113298249,0.4588766913125453,0.7811552437037967
1.0,0.8101990049751249,0.8615787171478418,0.6446957509602842,0.7859497533320078,0.0,0.9440470298885738,0.7543687269404417,0.7391818890559144,0.8870108501748807,0.4560805496501785,0.7954141085077058
1.0,0.799751243781095,0.8555897964422942,0.6255186939405222,0.7450496799919673,0.4029317400387225,0.9902255639097748,0.7402885791627569,0.7380210727262452,0.88781626737308,0.4585025421264403,0.7755299293427546
1.0,0.7699004975124377,0.8477446410839277,0.5771488788356962,0.7543723573139043,0.4147101325988745,0.9878640776699024,0.7533615984357571,0.7364047909095358,0.8821645841919373,0.4561770238176062,0.7966771097187038
1.0,0.7985074626865674,0.8397310448587004,0.5251114042985099,0.7723335920327463,0.0,0.9255663430420712,0.7637718681988118,0.7348533637801417,0.8795393012620688,0.4574850778382789,0.7924244054664799
1.0,0.8181592039800998,0.8333044484588353,0.4937206199893743,0.7572850859755611,0.4421133283040439,0.9501488095238096,0.7584365435349718,0.7326991610095134,0.8715827712639473,0.4566798578973828,0.7956148182123464
1.0,0.7564676616915424,0.8281304454672577,0.4722000793426097,0.6724702846058236,0.4137688570033585,0.9315985130111524,0.7630840731224421,0.7318442435561171,0.874365284853056,0.4575135710715771,0.7773746242618329
1.0,0.6995024875621889,0.8236089957237643,0.4594110699135385,0.6454314929440238,0.4661734223180386,0.8565055762081779,0.7413890512849484,0.7302290784038875,0.8758424662633372,0.4583339617046509,0.7741607737950091
1.0,0.7271144278606969,0.8212225374431331,0.4384153416443721,0.6300387755925949,0.4016625214371436,0.8988847583643124,0.7471812683923775,0.7283051862203817,0.8776601837351165,0.4592243863072604,0.7603023652767621
1.0,0.6594527363184083,0.8169694010461178,0.4265167335158286,0.5295526835760722,0.3830568279515905,0.909293680297398,0.7939120310097321,0.7258171762608464,0.8754172790584093,0.460818270607445,0.7980283956536929
1.0,0.6291044776119407,0.8106614518526224,0.4112021421189985,0.5471738710475017,0.0,0.8981412639405203,0.8020329257328702,0.7230383733834632,0.8700763310857057,0.4616067925613563,0.8247556493861914
1.0,0.7022388059701492,0.8027733492570049,0.3879846608198269,0.5473707149219156,0.3922093052483032,0.9076005961251856,0.7984072631160062,0.7207438884332623,0.8604330946398691,0.4617606886211529,0.7938773295295976
1.0,0.6621890547263685,0.7937459597634832,0.3532329439547369,0.5618913143475786,0.3534124529858175,0.9018547140649154,0.824450132400552,0.7183740293797499,0.8512630509560221,0.4609510941393451,0.8206560256370748
1.0,0.6243781094527364,0.7867189003443639,0.3304786390903698,0.5273882447820517,0.3976801844197119,0.9924812030075184,0.8147718731116341,0.7160328222777733,0.8437383896351233,0.4601095907690204,0.8088527402413698
1.0,0.6059701492537315,0.7781385460915545,0.2884966297293786,0.516315152787265,0.5077835501900957,0.9943609022556388,0.8564866444934633,0.7143376583176412,0.8465301831801456,0.4611187515828205,0.8530054603765932
1.0,0.5701492537313435,0.7674611970166808,0.2329339790884364,0.5413938406701354,0.5927241866811367,0.9679752066115712,0.8212174955416139,0.7130819408378174,0.8527956774125166,0.4614943698845431,0.8083552700069899
1.0,0.5855721393034826,0.758619273188815,0.2001741539270636,0.5532930518091118,0.4977923269457692,0.8555045871559627,0.7804705500886765,0.7127829694549627,0.865816409767386,0.4606398535750033,0.7700144261514897
1.0,0.5532338308457716,0.7542682765109748,0.1931166995896162,0.5794897603735549,0.5563568596417323,0.7144495412844042,0.7634623604144455,0.7126001466195261,0.8751999918324463,0.4625420857758651,0.7531417778372669
1.0,0.4350746268656717,0.7540107516364262,0.19546306392252386,0.5422692184359416,0.5541115679425627,0.5538990825688073,0.7447985497349532,0.7116770440393948,0.8780605646164369,0.4644129841475014,0.7300673716146879
1.0,0.3880597014925373,0.7558045318399871,0.19525763126470466,0.5562053376415244,0.4911365751638336,0.3630705394190871,0.7128259043277048,0.7104202411547013,0.8811470759702106,0.461453483386845,0.674534124540817
1.0,0.422636815920398,0.7564316431599057,0.19535363862991284,0.53235297402933,0.4409026642171197,0.38796680497925257,0.7099420778289256,0.7095665368082703,0.8869172400002022,0.4612952653644205,0.6628890971013846
1.0,0.4236318407960201,0.7590210844192954,0.2223265569086304,0.531831460431435,0.5073721393253051,0.2468879668049788,0.7154493512618583,0.7090125674123072,0.8978477421953975,0.4617151285749668,0.6828403158881006
1.0,0.3557213930348259,0.7646343877087781,0.2519254811402198,0.4937903229332551,0.4560915171809695,0.3307240704500975,0.6916221646876182,0.7088166829055694,0.9014132630428552,0.463092616204305,0.6493627210398727
1.0,0.36666666666666703,0.7733535329344844,0.29199535012919275,0.45029561500385096,1.0,0.3195057369814656,0.6990749156222825,0.7086073005518746,0.9051918951344614,0.4638058047441489,0.6700575558827468
1.0,0.2383084577114428,0.7818499756491071,0.3305330454970405,0.4162626041025696,0.5414488461515669,0.12967200610221227,0.7029413065158756,0.7081134006158846,0.9063284405537868,0.4641567075681794,0.6816728386799329
1.0,0.13557213930348272,0.7920384658316925,0.3732091216873088,0.4186473282881963,0.4221288305695461,0.06513194834362697,0.6636485563672627,0.7072659135433651,0.9104302984834246,0.4602838481332465,0.6174839007123841
1.0,0.28333333333333344,0.8043774401734863,0.4289741436932467,0.4707242041597208,0.4811242234475051,0.004742547425474754,0.6694456862966656,0.7062905189539167,0.912998208802096,0.4571962655257187,0.6243846577135295
1.0,0.2519900497512441,0.8126134984814394,0.4598421230727308,0.4596720457396391,1.0,0.08401639344262322,0.6954983812251596,0.7053710461752908,0.9220234698518244,0.4565931040177682,0.6545308526301701
1.0,0.1723880597014928,0.8224826166168347,0.4974016285249828,0.4776798572323357,0.4860948450620968,0.04582763337893307,0.7121184579634385,0.7040247922190799,0.927590041899506,0.454813910249543,0.6784083641933996
0.0,0.2601990049751243,0.8314716105238861,0.5270549518452335,0.46590117494166394,0.5119639274661361,0.14732453092425327,0.7444153496209754,0.7028426514527774,0.9345919886979812,0.4549567298841836,0.714719136215589
0.0,0.3258706467661691,0.8349267618566637,0.5429820003748279,0.4526264074446658,1.0,0.22168172341904085,0.7938923797218357,0.7009120309541589,0.9329669309354476,0.4609625164895775,0.790657207870432
0.0,0.22512437810945274,0.8365304099779457,0.5585067320353203,0.4360584996756193,0.4663126004950259,0.024322446143155558,0.8189035563918269,0.7002668140659829,0.9434565395401644,0.4602233794049602,0.8056038905992058
0.0,0.26865671641791045,0.8448029076993048,0.5977665934205165,0.4103931775829273,0.5168022377247046,0.10076441973592792,0.7455354730310635,0.6993830154269814,0.947286458323412,0.4549836871021323,0.7430657802763274
0.0,0.3186567164179106,0.8514471754698486,0.6188134160521986,0.3871306836586751,0.5147488325054366,0.22098679638637989,0.736112680484797,0.6992532814278062,0.955772709073717,0.454144843233688,0.7242374217344101
0.0,0.2853233830845772,0.8578207087712794,0.6545854042139511,0.4159809236576322,0.4793982941151026,0.18207088255733175,0.7535188087389275,0.6979066588310355,0.9558982798674032,0.452456303819388,0.7450289266645845
0.0,0.23606965174129385,0.8650813359496968,0.6896879636764821,0.3965739846339542,0.4390034271093213,0.18269230769230813,0.7241008307581958,0.6961279257807672,0.9577949976333898,0.45338593057446896,0.7005978673091507
0.0,0.20472636815920411,0.8696843160912281,0.7082220963431278,0.36587376878227934,0.4912902154521034,0.02051282051282097,0.7394091840293979,0.6949838100428537,0.9640228089633964,0.4514785380973498,0.7068144975386307
0.0,0.2967661691542288,0.8777185391790895,0.6858604950141327,0.3847642299494707,0.5172810634101185,0.025000000000000026,0.678662140320021,0.69327838613158,0.9722975547732688,0.4486724722065572,0.6261693362483082
0.0,0.3743781094527368,0.8877196041473389,0.6775111780320469,0.420868481362478,0.4779941231101434,0.185998627316404,0.6771833809058261,0.6918669987292329,0.9868477186066468,0.4488395132136093,0.6046119067802912
0.0,0.363432835820896,0.8941591070631486,0.654940014276405,0.4162389984874253,1.0,0.2244337680164728,0.7428530722332212,0.6903184980780576,0.9947765258378728,0.453409783137005,0.6848555154002883
1.0,0.3870646766169156,0.8979466062038229,0.6551230425059217,0.4303160579790045,0.5822291353350594,0.12631578947368402,0.7499226230539083,0.6887945505478056,0.9993481556763624,0.45424321411719104,0.7016512734396866
0.0,0.4313432835820894,0.9015189881324068,0.6317402539147774,0.4568400538298029,0.4320635077612732,0.02807017543859589,0.7240222256066107,0.6877577748218858,1.0000000000000002,0.4516758515377052,0.6582924565822619
0.0,0.5805970149253734,0.9093851533477256,0.6415771295823369,0.4901636959543491,0.33119476508698314,0.189102564102564,0.6977189767574392,0.686958273029073,0.9959127423451728,0.4526937317894067,0.6204943509066538
0.0,0.5778606965174129,0.9134054728336012,0.6434684213398432,0.4887568920901776,0.3835958658056543,0.258620689655172,0.7529489213899356,0.6863224569355727,0.982280674706301,0.4597909780205928,0.7088535880098007
0.0,0.6679104477611945,0.9184880415154494,0.6528280777254577,0.4957926021135315,0.41108065165719737,0.4913793103448277,0.7207404605279317,0.6857612138771564,0.9743658550575052,0.4564938447257994,0.6561573382581247
0.0,0.8111940298507465,0.9175062547565964,0.6604855503050366,0.542985918547622,0.38077924937151203,0.7492816091954017,0.7352283725294646,0.6843697629350155,0.9687068970855492,0.4579607508267807,0.6968383721700232
0.0,0.7425373134328362,0.9090537957358714,0.6395032145279382,0.5118941255148747,0.4119116018922693,0.5397412199630316,0.8268426767019244,0.6832387937931613,0.966063831882398,0.4662831692850841,0.8001486266748095
0.0,0.8365671641791046,0.9088283986916722,0.6355867214626261,0.54131454201132,0.4685648561594194,0.723189219539584,0.7448280266667975,0.6809784727677589,0.9571963580651212,0.46093726911585,0.690024205970806
0.0,0.8970149253731343,0.9053637064480116,0.6041452319787127,0.6256891223461905,0.4826605274132524,0.8754799780581454,0.8147718731116342,0.6799418837522256,0.9616747755270872,0.4666729819805314,0.7895254162693468
0.0,0.8626865671641796,0.8966509860794784,0.5729308438364124,0.6402099812599207,0.4315202369253086,0.8387273724629732,0.8779360252322537,0.6785737209628132,0.9745293756588064,0.4715304719320592,0.8796554800828921
0.0,0.8597014925373138,0.8875570277285602,0.5520317597941842,0.6414623862557298,0.5194884994238765,0.7606157112526537,0.8673292425902359,0.6768605700912128,0.9817969602106016,0.4694921017578267,0.8800296454064008
0.0,0.9126865671641796,0.8793565705072189,0.5368012684124626,0.6477041218725753,0.4478488409347913,0.8285714285714287,0.8611194356150116,0.674919946239848,0.9817969883862382,0.4689320338247995,0.8682938061247986
0.0,0.9034825870646772,0.8681383844888538,0.5179685347075911,0.6444565619943387,0.5144802905557718,0.8071289062499999,0.91314130749844,0.6723598449882352,0.97217325326752,0.4722560654413653,0.9300454754777802
0.0,0.9313432835820898,0.8594730940135237,0.5113825527120891,0.658414892703973,0.4601088189834047,0.8030726256983239,0.9162511238080262,0.6691681160927413,0.9687328891017448,0.4727762324500819,0.9266204236702736
0.0,0.8957711442786074,0.8487036334935335,0.4948850457452819,0.5887365024253558,0.0,0.8393854748603351,0.9239986440611352,0.6659643249522625,0.963025872032728,0.4739355905725264,0.9233608680635504
0.0,1.0,0.8362274650779827,0.4672466789413002,0.6378131008637211,0.4530291094773136,0.9873170731707316,0.9339471085586272,0.6631424759754126,0.9633817445953198,0.4753154266470256,0.924644275197468
0.0,0.996766169154229,0.8186576308590944,0.41800706442160657,0.6390523917470426,0.55837303935716,0.9923076923076924,0.958535782538848,0.6603415373645697,0.9583459346089246,0.4785004923308535,0.9861686819441166
1.0,0.8315920398009955,0.8097494990091075,0.40829557722576776,0.5318528267574564,0.530955403579471,0.9033457249070636,0.9515595753356684,0.6578417904305971,0.9457839660671676,0.4781910581307745,1.0
1.0,0.6131840796019901,0.8053172949133601,0.4034971457105276,0.3508812345809187,0.0,0.9354313619099288,0.905831028401024,0.6552438157395691,0.937204522251424,0.4772593682276709,0.9925596169493652
1.0,0.6982587064676617,0.8020382131441527,0.4156318752416583,0.3324971004130343,0.4997061486085719,0.989690721649484,0.8970812924652046,0.6533060113438832,0.9247854813191208,0.4763769996621151,0.9956135113403866
1.0,0.5512437810945274,0.7891645366568426,0.3816051708668386,0.3210421638456957,0.5983627764611867,0.9734620024125452,0.8768257274661134,0.6509610284215449,0.921699252678436,0.478094491086033,0.994016399497673
1.0,0.4415422885572141,0.781836888319602,0.37486186015863343,0.3228757982261206,0.5317354080940404,0.7802528597230589,0.8605790251978639,0.6487246488104091,0.9138366934275528,0.4767280615230829,0.9675953335946168
1.0,0.3681592039800996,0.7761930062655705,0.3732231164691581,0.3330314953117997,0.4650300690922198,0.60876993166287,0.8354892433762875,0.6462072002299725,0.9081298570836224,0.4740558653454465,0.9248315232294358
1.0,0.37164179104477657,0.7745916500216635,0.38055126375761206,0.3348202107012673,0.4440609218265219,0.5928411633109626,0.8140889908572383,0.6439587971843103,0.8929255858076129,0.4720773582002246,0.8723834966357764
1.0,0.315174129353234,0.7722358578327141,0.3799669122724693,0.3573785637818014,0.42866186195713424,0.5621562156215619,0.8484885703196773,0.6416495610957907,0.8720576473703122,0.4733836203359277,0.9235105957616956
1.0,0.2604477611940299,0.7673978681345174,0.35108659021247995,0.3668972241819874,0.4998456021133216,0.4245780590717296,0.8675650580449915,0.6397974050007272,0.8567207565440692,0.4723693616608308,0.9441663334666136
1.0,0.3402985074626865,0.7669436908892214,0.33836776811673275,0.4159955494363343,0.4552579333409416,0.3602320675105483,0.8802106618062482,0.6383929742536602,0.8479173697226766,0.4738947356477839,0.9889036732389828
1.0,0.237810945273632,0.7701044417545774,0.3361432563630923,0.4165387076281569,0.4817294717234677,0.294831223628692,0.8432515020953186,0.6364421955789051,0.8380701338026452,0.4729943344879925,0.9410910850368944
1.0,0.16492537313432865,0.7799604170964985,0.36231942069652734,0.39278198087211946,0.4733662666061899,0.2989214175654857,0.8177834329817388,0.6348424967638343,0.8281991892295265,0.4707973868104359,0.8720535462279748
1.0,0.17835820895522395,0.7875225853854294,0.3791640809256643,0.3979210659994306,0.4432559021299218,0.3133397312859885,0.8122565082609101,0.632366615792089,0.8197960816036359,0.4693608604423616,0.8807306157009801
1.0,0.17313432835820886,0.7919066003393763,0.3849446885917846,0.3910923604417346,0.42470436844930215,0.2437619961612283,0.8473094930459002,0.6295725948376033,0.8129610851598897,0.470822646039065,0.9051489859279868
1.0,0.15422885572139286,0.7980549533178948,0.4058679666971042,0.3766656777583275,0.4175761986606791,0.1996161228406908,0.8508565505111791,0.6263073462234215,0.8063399522579734,0.4721994442533105,0.8755400882995275
1.0,0.17885572139303485,0.8055693939931768,0.43171408996421,0.3915547386464949,0.39143451000772295,0.186180422264875,0.8507877710035419,0.6234080267909482,0.7999686793311135,0.4720531977539174,0.8827285125446661
1.0,0.21094527363184096,0.8146139892284417,0.4577581438741172,0.40810759058401896,0.38387175574286303,0.1190019193857967,0.8269114562095613,0.6215703318834173,0.8015111805830423,0.469924789443708,0.8246489550555808
1.0,0.2631840796019901,0.8267484064218155,0.4860515799352582,0.4292502876532476,1.0,0.2250479846449135,0.781349945222035,0.6194077107808204,0.8036967074758,0.4681673948479828,0.7604008733094794
1.0,0.24701492537313455,0.8376971532695067,0.5033524466823851,0.4146938834863759,0.383117883020302,0.13003838771593124,0.7873239367425042,0.6184748187357493,0.8058705999399288,0.4693250781647776,0.7539330830405309
1.0,0.24751243781094545,0.8543615088122732,0.5456368527595579,0.4124241498886101,0.2595364545682565,0.03311590566984498,0.7412465794477006,0.6170803849257877,0.7995944972513046,0.4666691534255252,0.701857522855802
1.0,0.2835820895522387,0.8757426730219645,0.6030888582702942,0.4299459610393949,0.14673002035863433,0.006112469437652464,0.7077460464065162,0.6166360436915799,0.7972095387618695,0.4627765548943085,0.6380773558054109
0.0,0.5049751243781095,0.8948979311894186,0.6715062968119813,0.5453441286724148,0.294057302114133,0.356699201419698,0.7825339353177858,0.6157592781880411,0.7991810875698283,0.4748010222703321,0.7650742267890235
0.0,0.4537313432835821,0.8983123879415483,0.6939466992261105,0.5066757598928799,0.554999383704568,0.0030927835051547553,0.8242094041238227,0.614459884476536,0.8040844435193356,0.4779079526310375,0.8165166506763538
0.0,0.5552238805970153,0.9061542630366922,0.7295311490917651,0.5332911093213402,0.5794483266167156,0.3553355335533556,0.7772870414494788,0.612307777232625,0.7968081421047676,0.4723599441865202,0.7380127580726669
0.0,0.591293532338309,0.9071750255661551,0.7370673762506839,0.5152919528882286,0.5839643870961687,0.4906490649064914,0.8638951800303613,0.6103433620985393,0.7873248220839476,0.4834134493804722,0.8538900403541797
0.0,0.6420398009950251,0.9044342482637788,0.7292337010181763,0.5058265327909849,0.5571968839420712,0.5654565456545653,0.9279682042161836,0.6079614297611909,0.7734816714484606,0.490731668531457,0.9346230293984692
0.0,0.6992537313432838,0.9009136246003394,0.7226559240253919,0.5442474485704998,0.488960754829646,0.6168652612282303,0.9447012758598664,0.6053688256757218,0.7648478762207549,0.4897761837251736,0.9547936653726652
0.0,0.7281094527363186,0.8979656065660947,0.7044904053266804,0.5727998346091561,0.573197221521414,0.7980599647266309,0.9363249143940772,0.6026353756669619,0.7526159318390816,0.4890613983330037,0.9357403871595192
0.0,0.7340796019900497,0.8937686281237692,0.6968394280058211,0.5239507481975001,0.6199217748390405,0.8007054673721337,0.9758190902436268,0.600748398269712,0.7536943783170325,0.4921337423990893,0.9766032357527394
0.0,0.6181592039800999,0.8886237011020622,0.671825253628855,0.4963649800201468,0.5428120941390303,0.4100529100529105,0.9733528536126436,0.5989324207192391,0.7526641923843913,0.4902680518001351,0.9966251225318584
0.0,0.6825870646766171,0.8915440163165586,0.692696288592326,0.5800334015953164,0.0,0.6657894736842106,0.9248976904823901,0.5982053254493284,0.7580819883720237,0.4882654898504808,0.9306189609298424
0.0,0.7477611940298511,0.8899668666195854,0.6876128747638999,0.6929260835711928,0.5224739685470238,0.9429824561403504,0.9250254238537158,0.5967070694622661,0.7566493311472007,0.4868781149531856,0.9560495728889512
0.0,0.7330845771144281,0.8818114287324222,0.6732998296172378,0.6598727371050569,0.5518412401449418,0.9981718464351008,0.9650698357643612,0.5947924766040783,0.7585371755065359,0.4900544623514469,0.9988166923400088
0.0,0.7179104477611943,0.8717256544557016,0.6475491268200754,0.6504296938967221,0.5532534917182361,0.9334619093539056,0.9543746223268104,0.591903131391578,0.7586077135498634,0.4891059718362055,1.0
0.0,0.7293532338308462,0.8604012544639158,0.6194581086394773,0.6592771301172377,0.6370078134783411,0.9684638860630734,0.9413359928076288,0.5895008130961633,0.7578024690066025,0.4876390195896406,0.9985228519195616
0.0,0.7529850746268658,0.8478025137870365,0.5881286623815434,0.6781921744389632,0.67009852802544,0.9609246009906436,0.9345464728394636,0.5871218749074313,0.7562890261037697,0.4868455804419333,0.991483087215828
1.0,0.7179104477611943,0.8371606891980669,0.5569405113320474,0.6568595477377066,0.5163278608698331,0.8845726970033291,0.9371158787319022,0.5844189239264143,0.7504953678178349,0.4874986782581773,0.9961218179256542
1.0,0.6975124378109453,0.8314332442094635,0.5400766161814943,0.6145511789352287,0.4856431291259165,0.974668275030156,0.9048926794039764,0.5823320119892199,0.7493946687618408,0.4841212309101892,0.9505720374204664
1.0,0.678358208955224,0.8273907961493113,0.5256192521340516,0.6003829018549578,0.5377383893417355,0.8800521512385917,0.8977789131855226,0.5802603165038059,0.7466540632577293,0.4815710549027525,0.994210452396186
1.0,0.6109452736318411,0.8243281637424916,0.520447765682015,0.5593695688710729,0.584028435650426,0.7288135593220342,0.8951898560051879,0.5786922317361837,0.7510884267073108,0.4819051081888043,0.9748865070839968
1.0,0.6492537313432839,0.8237500579601632,0.5150702127908641,0.6198614877618692,0.5143624255410796,0.932203389830509,0.8826474215053868,0.575891757221847,0.747841196842145,0.4837169681895224,0.961377125787002
1.0,0.6524875621890551,0.8181427896708419,0.4981563532499213,0.5760669919436482,0.4156283620405653,0.9654255319148948,0.911721501947934,0.5740883060445411,0.7528413222537615,0.4850199843822594,0.9800534730008392
1.0,0.6703980099502491,0.8117369637834261,0.4562286831639291,0.5933434254115482,0.4838053473812382,0.9175531914893629,0.9089555831765326,0.5720801182921559,0.7497857730064388,0.4835918290475364,0.9956640399769368
1.0,0.6661691542288559,0.8052257939784865,0.4297514824647236,0.5898981214431904,0.5265850506649193,0.8862433862433862,0.8942367685422182,0.5705548912907318,0.7463000865768905,0.4855106078307891,0.9955577182682952
1.0,0.6584577114427863,0.7999555660001206,0.4019165996940007,0.6296488243605824,0.5442272457905547,0.940493468795354,0.8828881497821163,0.5674009982159626,0.7295015138708683,0.4843186377721237,0.9811441937913812
1.0,0.6072139303482589,0.7945630676335408,0.3931992444477447,0.6152980470329676,0.4064177924393385,0.9142857142857136,0.9008936423170832,0.5639516852169942,0.7129343145249409,0.4882226961845123,0.9607213094445392
1.0,0.5445273631840798,0.7907790553854394,0.3721805602084658,0.5386170862340578,0.4063932175741805,0.4801381692573399,0.8849367965453036,0.5601101859678933,0.6938819909911162,0.4866630908604183,0.9244681905139364
1.0,0.5728855721393037,0.7936871202015797,0.3743573036463367,0.5364243091961111,0.3957525152608914,0.6062176165803111,0.8629224412794954,0.5571352463075813,0.6829456103823737,0.4846558086731506,0.8687404816116046
1.0,0.4681592039800999,0.7939259262927439,0.3635949624350796,0.4383683638997338,0.3804860220903648,0.5699481865284988,0.8922519884646939,0.5567533196671631,0.6868228563174112,0.486297977974187,0.8967252565593615
1.0,0.5149253731343283,0.7972789593262347,0.38381461787307297,0.4467488496338912,0.4457784215332375,0.6096718480138165,0.8415565785142642,0.5572509203504245,0.6985955488228628,0.4726424274145486,0.8973616261803925
1.0,0.4713930348258709,0.7962809760407502,0.3858739647605735,0.40380697491660383,0.4751064064244666,0.6597582037996551,0.8259288918147473,0.5582998350081542,0.7112400925019748,0.4732639696935344,0.8892936297206557
1.0,0.499004975124378,0.7975762480497851,0.39669881225393816,0.3822064269404819,0.3623450052766571,0.7340067340067324,0.8388152238527332,0.5573012600443584,0.7157194596031934,0.4717192042799716,0.9080701908377404
1.0,0.4813432835820896,0.7957088364424668,0.38878220971775135,0.3669808831560578,0.43316652501440417,0.7155635062611806,0.8433350200688776,0.5555908297939037,0.7183613744252636,0.4686057468791319,0.9139364947005773
1.0,0.4776119402985077,0.7929680473945696,0.3750361080909831,0.3630071780175478,0.4209412022525466,0.5967015296290886,0.8589676195903688,0.5540293719126116,0.7164942903143354,0.46749005351069206,0.9295750952725784
1.0,0.4644278606965176,0.7893488390755875,0.35677056795509865,0.3492759265731988,0.5710198163336906,0.5143062181881004,0.8535340384870473,0.5522539837729948,0.7135965976092826,0.4701820901743598,0.9279731993299836
1.0,0.4221393034825872,0.7859861553139741,0.33785207332495026,0.2991170433086913,1.0,0.2192778449639193,0.8648482674933307,0.5502184326928682,0.7079062231738403,0.4682751717892146,0.9392084147081842
1.0,0.41990049751243785,0.7874625800041991,0.3373074948013791,0.2944809507853631,0.5567957312766452,0.04917139553736415,0.8537305513660102,0.5479846114305321,0.7040377258259768,0.4674733232147321,0.9054296226401294
1.0,0.4077114427860698,0.7915476473177631,0.34565990630461063,0.2863616205691483,0.5579924315945567,0.1727643626988464,0.829195918427504,0.5454538705481912,0.6998913650455216,0.4681793652596238,0.8704731810435
1.0,0.39353233830845796,0.796046876569417,0.3567480806142741,0.3100855525289143,0.4513927549808205,0.0983427910747283,0.8461058516622533,0.5431577586916084,0.7036678215055743,0.4672552146124303,0.8743352863297567
1.0,0.4186567164179106,0.8001969370659366,0.36020464888109993,0.3316984930701827,0.39712039867532056,0.3043310696771969,0.8499820681997946,0.5399730993196817,0.7034273981805028,0.4682252637257798,0.8661795147498776
1.0,0.4378109452736319,0.8036707761235499,0.3668007604990388,0.3121652186172889,0.47808823757508,0.30698898294948623,0.878741728036001,0.5378197613190446,0.7041126970032261,0.4694944686934488,0.8792141200909934
1.0,0.3875621890547265,0.8056706203119831,0.3639585408632417,0.3181396466649406,1.0,0.3043310696771969,0.8559167571444712,0.5351347188845751,0.6952602496360959,0.4690308891542137,0.8614030852954729
1.0,0.3947761194029853,0.8120213235152304,0.3868085184885138,0.325036148128236,0.4905079053315072,0.150872817955113,0.8746788242634451,0.5341358199551872,0.6972530988235062,0.4724702473691523,0.8593939128786222
1.0,0.29477611940298504,0.8174284585661703,0.39861205235796937,0.3077025068890187,0.4383642612279586,0.10258780036968564,0.8384369365607298,0.5328235925220978,0.6996493974038079,0.4690643731974338,0.8392558721670305
1.0,0.3393034825870648,0.8253758300979285,0.4245796230217535,0.31069277994075506,0.4437211620628983,0.1109057301293902,0.8261204918717359,0.5322847279831157,0.7089182699056487,0.4709716022217855,0.8265337325150584
0.0,0.3616915422885575,0.8300280114668178,0.4280060899220681,0.28239458418729724,0.4384104311566256,0.1756007393715346,0.8286505951883818,0.5294882859429048,0.7026743998801088,0.4714963047122947,0.8243007801110787
0.0,0.3731343283582091,0.8367610333557671,0.4498182546517962,0.29241553935406955,0.370732208938313,0.10431293881644857,0.9006971294381205,0.5268631048057729,0.6965833229282008,0.4807789072649502,0.8744284281864018
0.0,0.3179104477611941,0.8444846522822774,0.4756118826552939,0.30277992902531664,0.4394998098017313,0.0631895687061179,0.9056836437418018,0.5244004774871046,0.6894930344252231,0.481037549313603,0.8941223662542754
0.0,0.4072139303482589,0.8540451074729071,0.5139441538234221,0.35597491773521284,1.0,0.2674897119341565,0.8872703869829867,0.5239873459022558,0.6980410608150759,0.4817204265110345,0.8774015116328168
0.0,0.3783582089552242,0.8547172001739153,0.5197411230555691,0.32331667307839324,0.5535767326567744,0.041152263374487116,0.944106824401004,0.5239506836661955,0.7100607016030093,0.49089627163621397,0.9813086742952049
0.0,0.4689054726368159,0.8575210590784795,0.5298739649935624,0.3558929649023908,0.5991234995335034,0.25451807228915624,0.922367587165744,0.5230443117827225,0.7185286825870841,0.4898404237816622,0.972265619502034
0.0,0.4746268656716423,0.8579253657327245,0.5380584610712242,0.3611286701975138,0.595778596899568,0.1686746987951814,0.9441903423745632,0.5215671779390866,0.7267844694158893,0.4899301697112429,0.9992821855339272
0.0,0.4865671641791047,0.8600157502076143,0.5487871330283859,0.3714744610940218,0.5582584411228873,0.3900602409638559,0.931903374617414,0.5193985034786349,0.7342106640550623,0.4923421245016845,0.9898674040984188
0.0,0.4920398009950251,0.8606660893566248,0.5511174439737841,0.37656837483266464,0.5584374420412951,0.3177710843373493,0.9333330058118684,0.5173031449794004,0.7397460148165832,0.4924527466852587,0.9945259873785716
0.0,0.4868159203980099,0.86152983796682,0.5528181519478077,0.4208053740618567,0.5876764871999841,0.3042168674698789,0.92000943261819,0.5153390999759823,0.7483995099178096,0.4910092137639255,0.9927246904007944
0.0,0.2101351351351351,0.7359554083233595,0.5117331101037864,0.4275779882804139,0.5086023119855578,0.2904564315352694,0.5311792246584358,0.9876416516802424,0.3621795260509752,0.5148829710661211,0.8304071745702466
1.0,0.17128378378378378,0.7381896056611297,0.5108043591152844,0.4258997019352905,1.0,0.17738589211618264,0.5503146662474392,0.9869499786981384,0.3734012125176319,0.512543642142056,0.8441504231124378
1.0,0.1962837837837836,0.7417057406159938,0.5224994880198508,0.4518321665925051,0.5216932575960204,0.0238589211618254,0.5056325503932712,0.9871529967170954,0.3794693767671601,0.5132126448304439,0.7967542406112043
1.0,0.2685810810810809,0.7486819552438553,0.5268361853106237,0.4809027420188274,0.5033874199574966,0.057053941908713386,0.4443696603766172,0.98907596165884,0.3873330370821911,0.5125066462338401,0.7553474075666925
1.0,0.27770270270270264,0.7570229677489431,0.5504514489273014,0.4887883005644954,0.3134073586593618,0.030646992054483888,0.4523529960844807,0.9914210967093784,0.3924143193425438,0.5129254659326258,0.8019024248327156
1.0,0.31013513513513513,0.7656308960501192,0.5640079873296349,0.4688030081655104,0.4106300976420351,0.035377358490566516,0.4652982819861557,0.9922003182759694,0.4032666755754648,0.5137651400301384,0.8346952199046259
0.0,0.5435810810810812,0.7734829007392432,0.5713092425109553,0.6619625733193576,0.4488343318647562,0.6270053475935832,0.4500587082225904,0.9924233138150031,0.4118320321707691,0.5127758354825722,0.8094539382976842
0.0,0.5969594594594595,0.7719830115530718,0.5511498185123886,0.6827164660100402,0.5353876152067331,0.802672147995889,0.4829353128730672,0.9919582176922468,0.4167895854843183,0.5149566290052425,0.8754822469863516
0.0,0.531081081081081,0.7693454958016344,0.5312993604306699,0.6456535709639692,0.4846672624226047,0.7040082219938334,0.4838097951844516,0.9911112013477468,0.4144578965020765,0.5150564339747568,0.8669061563175934
0.0,0.5837837837837838,0.7710751210787766,0.5503350336344072,0.6715201617082688,0.4991257685279241,0.8160328879753341,0.452490555099755,0.988750172991494,0.404933441998414,0.5130030892648807,0.819282289993296
0.0,0.5074324324324322,0.7688550925323481,0.5444166154588579,0.6051913770968289,0.5005322908631306,0.7708119218910583,0.5130951269718839,0.9856792075852584,0.3896700366259367,0.5136055825052577,0.8716622183993827
0.0,0.5503378378378377,0.7682708177571995,0.5579010307741337,0.6015720610388489,0.5181791363632563,0.8386433710174718,0.5378704881871192,0.9824611923581102,0.3763916882470584,0.5154508427490749,0.8637185827946923
0.0,0.5706081081081079,0.7649791004193628,0.5582353650272892,0.631432546479442,0.5560805935012559,0.9064748201438846,0.5695483642759236,0.97969458939292,0.3588682834100462,0.5139864191718035,0.901887245911178
0.0,0.5564189189189189,0.7591597970974864,0.559719194056237,0.6051609323486996,0.5266641846459682,0.9434737923946559,0.5868316719807025,0.977193783229672,0.3452527061900388,0.5115209181071798,0.9127654730131424
0.0,0.5824324324324325,0.7509998489370154,0.5475896575814851,0.6252109792511832,0.5883051314437604,0.8725590955806781,0.6078929397835411,0.9746587407276592,0.32993605369337065,0.50934756105238,0.9151435040540368
0.0,0.6385135135135134,0.7423276481257288,0.5397985113604183,0.6205840778022869,0.6374444482548632,0.9085303186022612,0.5998359117460662,0.9725064470425164,0.3221658506259182,0.5088450487599274,0.9034177871662216
0.0,0.6432432432432431,0.7351720174256665,0.5386601673996979,0.6236213892989699,0.0,0.9039433771486348,0.6087084682312371,0.9708578865232956,0.3144224056694737,0.5094554826554583,0.9169712991891928
0.0,0.5726351351351349,0.7266099064080325,0.5166415603970389,0.5207094838940136,0.5899976279927285,0.9079878665318499,0.6253629347233342,0.9702160610409002,0.31476821409745226,0.5069432320140335,0.9282100256776756
0.0,0.6047297297297296,0.717310901652465,0.4831156360800335,0.5432587080009568,0.5099775352067862,0.9282352941176469,0.5969127826714942,0.9693507330539624,0.3168613912744665,0.5084008223467535,0.9249212593445236
1.0,0.616554054054054,0.7078864047804765,0.44610819288114895,0.5507969093194989,0.5124812299961338,0.903654485049834,0.5687082717183576,0.9690483998167128,0.32602733340460466,0.5066086913008683,0.8860189483537194
1.0,0.5736486486486485,0.6990499732385193,0.42476618530159693,0.5582023323539055,0.5226866013778587,0.9236031927023944,0.5657409272460192,0.9690940883700292,0.336038378724192,0.5063489951588641,0.8890673817625254
1.0,0.6054054054054054,0.6913249678226424,0.4228492343517202,0.5233551312512001,0.6554621700147524,0.9304446978335236,0.5337977587706151,0.9700380548412048,0.35215867733349804,0.5075721826914087,0.8864047459428004
1.0,0.5010135135135136,0.6806729785349983,0.4028439854454477,0.5085962031875504,0.5301479633555537,0.8985294117647061,0.5113314238831926,0.970740792172978,0.36445026697735294,0.5095618681094003,0.8842607232756113
1.0,0.4625000000000001,0.676682342344958,0.4186282489121353,0.4863030394215777,0.0,0.8210526315789481,0.45327660661560604,0.970060217039902,0.3749874147659956,0.5057007176331587,0.8076957132195756
1.0,0.3996621621621623,0.6744945576884932,0.4250835002507577,0.4346153522277248,0.4862962286048046,0.8746411483253599,0.4128833843448017,0.9684221422996876,0.3777485466042,0.5029376121693906,0.7492884880529241
1.0,0.3956081081081081,0.6737939684873169,0.4392989730933842,0.43231495895453614,0.4643883517879999,0.8357894736842103,0.4532864322595544,0.9668619232443736,0.3846287879200714,0.5021764514155406,0.7851929620400468
1.0,0.3006756756756756,0.6742660184515709,0.44846469440221337,0.4170726328866855,0.4995600105915795,0.4662226450999045,0.4524266884140921,0.9645147687752814,0.3873269826594175,0.5021516106144432,0.7754721277053265
1.0,0.1898648648648648,0.6779206287248983,0.479782183755715,0.3999655968316076,0.5197358681618174,0.28571428571428503,0.4271305680696046,0.9628605460350124,0.3882732201694742,0.5004669965841297,0.717760603109149
1.0,0.24493243243243246,0.6833353353377992,0.5209675481940615,0.3857917621992097,0.5360251184114682,0.3911174785100284,0.4209600636701728,0.9613112008853664,0.39119284977665736,0.5037060294739792,0.7146362750926548
1.0,0.2064189189189189,0.6846995444159162,0.5521746867283641,0.4100338238112626,0.5139462415090046,0.32378223495701985,0.43874447921630655,0.9619311675875594,0.3966739674851598,0.5013285643609326,0.7234969705402429
1.0,0.2584459459459459,0.6881515857220083,0.6128029732395928,0.4401882966510437,0.4736902528539354,0.5491251682368773,0.3797070975539063,0.9633993786810128,0.4084151771167557,0.5006057226116603,0.6911848413170246
1.0,0.2304054054054054,0.6865107131218664,0.6459174345783361,0.4686582755259953,0.5151689705937169,0.4337499999999999,0.4319107438503751,0.9653300910017903,0.4080867863527631,0.504275380062184,0.7922068887005578
1.0,0.2675675675675674,0.6860724773978962,0.6810412181787794,0.4468929227291984,0.5275662978566774,0.4412499999999993,0.4375899660523999,0.9643234699445472,0.402815381627606,0.5009851539342995,0.7940916047914793
0.0,0.28581081081081083,0.6834982228814407,0.6692247832652194,0.4584784521784445,0.5494752756819536,0.5387499999999994,0.443603260148662,0.962730388383318,0.3869161991400325,0.5015301084831307,0.7675980621576837
1.0,0.2929054054054052,0.6794729846770842,0.6582107880237225,0.4620804805060906,0.511098608128593,0.3562499999999993,0.4484030872173288,0.9613664079880012,0.3770619899170157,0.5018177252033916,0.7894746828237855
1.0,0.2773648648648649,0.676465804577328,0.6422126058468239,0.4481700761854153,0.5508584759270045,0.1924999999999999,0.4120531174311836,0.9613035843758531,0.3720499153218565,0.499273827058871,0.7411740895809354
1.0,0.31452702702702706,0.677285759914535,0.6612517414298333,0.4766463953184515,0.5434418457800665,0.16749999999999954,0.3589504247134596,0.9615754470569025,0.37630658053835264,0.4990887999761262,0.6836017050988525
0.0,0.3969594594594594,0.6804713584516368,0.6921723991875799,0.4863097629358262,0.5229042807158281,0.4337499999999999,0.35075583766071045,0.9618387430049076,0.3885249483840766,0.4984410563459755,0.6917224281214819
1.0,0.2827702702702704,0.6806832802056856,0.7173433106367864,0.44643302801023604,0.5814626155083497,0.17874999999999994,0.4310510000049128,0.960952912408882,0.3875160275762154,0.5006741365747782,0.78372566629141
1.0,0.2584459459459461,0.6848753520758494,0.7470373667176471,0.4738988298230935,0.5078404207374448,0.10250000000000004,0.3879360743604733,0.959195334772932,0.3904611944737912,0.4976068870458527,0.703271057591358
1.0,0.33074324324324345,0.6890505044724001,0.7614633465560515,0.4838005944027558,1.0,0.24125,0.4166171290450947,0.9584117257232364,0.3915656023990453,0.4997635782440013,0.7464930366697448
1.0,0.3206081081081081,0.6896431446999595,0.7634190864037863,0.474221354376774,0.4792756921816658,0.13124999999999964,0.4432593626104773,0.9562938009423021,0.3875846382453305,0.5017454542195628,0.7880516589296331
1.0,0.4023648648648647,0.6923868546286559,0.775796052941458,0.4934200472299096,1.0,0.1716621253405991,0.4178698986484827,0.9547959752442524,0.3774541518007805,0.5000831073054021,0.6948467561379766
1.0,0.4111486486486487,0.6930455597717196,0.7949619099325459,0.5009452309177395,0.5022698093410037,0.21562257057656367,0.3830527293182477,0.9532170298998658,0.36851322341166304,0.5010190817910601,0.6829882236867073
0.0,0.5168918918918918,0.6968469638441785,0.8335559772632863,0.5468415762246387,0.4998644465061416,0.5266393442622949,0.3597708659831293,0.9529907812369104,0.3683145086830443,0.4992774808311167,0.6438772025247608
0.0,0.4949324324324324,0.6972471788940351,0.8514846094838899,0.5795111410527538,0.5199396310692004,0.4848536883465823,0.4663791028204515,0.9509140321037376,0.3464858100533881,0.5037960633249753,0.7612545378650849
0.0,0.5381756756756756,0.7002007694659701,0.8926262307655112,0.6299928418928418,0.4812808226071544,0.615155402470682,0.5441982028897221,0.9470343526872936,0.3177468128792437,0.5061223663419754,0.8290853434863454
0.0,0.6077702702702703,0.6991223426276717,0.9146326048001684,0.7214089865205446,0.5345814301932541,0.8747487399117179,0.6046799542124988,0.9444074546103428,0.3001618919029612,0.5071631458824287,0.8599997470179741
0.0,0.6374999999999998,0.6922267822501891,0.9207111293496848,0.7405296957198344,0.5190875856470253,0.8101029282532497,0.6414671651543363,0.9418736226241744,0.2984834553561692,0.5096290182918909,0.9396258395840976
0.0,0.6777027027027027,0.6842751129540863,0.9063353604023976,0.7478532142281585,0.0,0.8863849765258216,0.6668517162943568,0.9400609093420206,0.2980259127217736,0.5078923994323954,0.9493466739188179
0.0,0.7219594594594596,0.6716233490145287,0.8676850336654616,0.7424362301530608,0.4795376936547117,0.9237079573420836,0.6847638652118164,0.9364350814792431,0.28877520694555936,0.5055599611372485,0.9612368291232908
0.0,0.8766891891891891,0.658251433918286,0.8264994021370154,0.7790109246848479,0.5452945215640996,0.9808459696727856,0.697645284427828,0.9351317517826676,0.2930966837163511,0.5066448251719465,0.9546592964569866
0.0,0.8243243243243243,0.6432105674268297,0.7795036821193544,0.767024020430705,0.0,0.9679379007762406,0.6878294661236356,0.9337452681902416,0.2965901801847713,0.5053140389756553,0.9959522875899663
0.0,0.8304054054054053,0.6340913098142493,0.7599634256714831,0.7754487319755742,0.5906928937312058,0.9841376982787716,0.6603225758908171,0.9350167108339285,0.3139360947397508,0.5036208800367877,0.9997795650082829
0.0,0.7435810810810812,0.6227234739035551,0.7305743827524214,0.7373856546789633,0.475382055307686,0.9641523525018671,0.5869102771322876,0.9354718102280264,0.32500500200086635,0.5013951488867169,0.9912634591795008
0.0,0.7219594594594596,0.6141598992492983,0.7159818439277708,0.7309112570848539,0.4581115619972762,0.9526141596695078,0.536509636500302,0.9373300988130708,0.34705579239372264,0.5013918885059963,0.9434510017718409
1.0,0.6662162162162162,0.6038316017003373,0.6815387367578742,0.7346536565782515,0.478984839590515,0.849927724547587,0.5326530712506568,0.9370246681956051,0.3565692909434077,0.5009365210650623,0.9655308709281716
1.0,0.7185810810810811,0.5958453292821438,0.6550950904289714,0.759880154396763,0.0,0.8254409592492834,0.5155220610270743,0.9366922236420588,0.3654942787406419,0.499796427246016,0.9324246967425374
1.0,0.7560810810810811,0.5876022892832631,0.6120149386184468,0.80292056752858,0.4553330872147371,0.9337466393498808,0.4989609381524839,0.9359763605487288,0.3734863103689071,0.498415714317061,0.9340261687338146
1.0,0.7354729729729728,0.577105757839835,0.5720831722757818,0.7670586485060292,0.5159635183962374,0.9848726114649676,0.5186760927344278,0.9357428391031648,0.3866110019252715,0.4998391081544306,0.9707509881422924
1.0,0.7148648648648647,0.5669273682479282,0.5514017808287452,0.7620753039095004,0.5048826358637999,0.9561551433389542,0.5149767377879527,0.9340188706907578,0.39553106561189255,0.4995213256266453,0.9729726046067869
1.0,0.6317567567567566,0.5569740116040822,0.5245075862826805,0.7102418186915656,0.5696752962042796,0.9072512647554806,0.5024490417540739,0.9321529911506172,0.3872077037111601,0.4987492390006775,0.9350415701240284
1.0,0.5760135135135136,0.5471145636043454,0.49607762886258294,0.7258893178698131,0.6065778496143971,0.962382445141066,0.4930508133176781,0.9298013559256284,0.3739888721154549,0.5017541759005794,0.9271091726863842
1.0,0.5763513513513512,0.5372596270607989,0.4473221907091759,0.7286140200521445,0.5204369626180317,0.8641588296760706,0.4816628919817834,0.9279504971339428,0.3645651399549629,0.5010143511587705,0.896558538912362
1.0,0.5604729729729729,0.5280148383410083,0.4040590244575277,0.7229881727213212,0.6178978773959954,0.7607105538140021,0.4685309188450938,0.9261869453189668,0.36740090468244346,0.5000941059445545,0.8739948207714321
1.0,0.5706081081081079,0.5218156122152429,0.366043764173241,0.6895682003600245,0.6868663200156391,0.7784743991640546,0.4772413522051203,0.9260399855803804,0.3757866225939719,0.5007457102499254,0.8898528008722911
1.0,0.5320945945945945,0.5133529240732662,0.30983428467882684,0.6459525999715348,0.0,0.7795193312434692,0.4554087713523525,0.9254973054089398,0.3817339675961916,0.4989215272272374,0.8972127572577342
1.0,0.6101351351351352,0.5044286553687448,0.25798571101061585,0.65082992555367,0.6991027822262051,0.8328108672936257,0.4562390382659701,0.924363090670345,0.3862672060490453,0.4990391361698044,0.8832288401253916
1.0,0.5614864864864866,0.4926333811733441,0.20594142239772292,0.6280809716278399,0.7045243197252826,0.8884297520661163,0.4767107674319208,0.9215762221590416,0.3818780150436272,0.4968995783637091,0.8957339512062151
1.0,0.5199324324324324,0.4845270154756164,0.1771018032213463,0.6385509845190196,0.7018726137099737,0.9579967689822296,0.4399088180241612,0.91755547719035,0.3691193338551194,0.494294936807014,0.8237767479896415
1.0,0.4861486486486486,0.4765737599646041,0.142085279418034,0.6194561781018306,0.6155958621631976,0.8952060800935401,0.4668949491277285,0.9146545019112768,0.3599232351567643,0.4965109093646173,0.8063172958975059
1.0,0.35067567567567576,0.4702512236826459,0.10758529657905684,0.4985683808298213,0.4898464745374234,0.14025974025973995,0.4341264265606808,0.9119164689769054,0.3511248794963626,0.4977064140426675,0.7724955703966201
1.0,0.3320945945945945,0.4722303501903833,0.0965186418782376,0.4789766210924611,0.5132899310477873,0.2727272727272719,0.4052095564213037,0.9114361780229088,0.35274846280466376,0.4955580909391003,0.7157012402889464
1.0,0.3402027027027027,0.4747333735382151,0.09021061850126333,0.4380881015390831,0.4719580059943413,0.2883116883116881,0.4318026617669458,0.9107393515047414,0.3553603632656702,0.4976111889231361,0.7698855117895598
1.0,0.3398648648648649,0.4770127851182374,0.08282121038609003,0.4382684421466693,0.4774427888289648,0.5220779220779214,0.4356051859748761,0.9102988049869072,0.3592588724181224,0.4942056180849842,0.7705601744582253
1.0,0.3020270270270269,0.47695905732511795,0.06468910365181807,0.451348751829068,0.4919749500897496,0.4675324675324666,0.4463151378783485,0.908903113079778,0.3612660757289139,0.495055708665746,0.7862545999727406
1.0,0.3483108108108109,0.4780130060325235,0.05397756368167162,0.4481191980364971,1.0,0.5584415584415579,0.42813278375231534,0.9074406262830316,0.35586270321800817,0.493732891900545,0.7458566171459724
1.0,0.23682432432432424,0.4783227373712864,0.03917052987109648,0.3840716631436861,0.5556874970791675,0.07532467532467507,0.41698067787117626,0.9057930563054508,0.3534458735130903,0.4928933601922876,0.7262709554313753
1.0,0.20236486486486469,0.4848014640246189,0.059167554256606136,0.3616543141315406,0.5426425825292913,0.09500675821269748,0.3672678323155599,0.9055891792337708,0.3606139574011201,0.4889760012919554,0.6456930625596289
1.0,0.18952702702702728,0.4902505002844734,0.07838564210657263,0.3561019913744453,0.5189724873672115,0.20722269991401626,0.34912969358729345,0.9063606378840322,0.37549479970289423,0.4874189107602656,0.652139839171323
1.0,0.17195945945945956,0.4926589639617936,0.07800639910130841,0.3819497671334743,0.5504081023913118,0.12030651340996215,0.3698224997420768,0.9066304708019668,0.3883580718522817,0.4890780969859064,0.6974717186861114
0.0,0.2736486486486487,0.4966542969514235,0.08108426704733722,0.42538275522917773,0.5331729789784836,0.4084291187739469,0.3828709549052072,0.9064287662884244,0.3960462277605389,0.4901725350199325,0.6871064467766117
0.0,0.22432432432432434,0.4969072277746883,0.06503699742143271,0.391259981106156,0.535641063476049,0.4237547892720304,0.3947894610143015,0.9053514404157508,0.3998284357510196,0.4910812658404163,0.7261823633637726
0.0,0.18108108108108106,0.4988139589126411,0.06401760023829739,0.3922260063917776,0.5472882147610437,0.2550948699929732,0.4044235049054528,0.9060787799640077,0.4133184878613197,0.4918691358917499,0.7250715551315251
1.0,0.1472972972972973,0.5018538753545747,0.057615256794492364,0.40598576171807604,0.5525555733286355,0.17370892018779352,0.3364202231403741,0.9049158173175316,0.4130649161615235,0.4900435248345068,0.6704988414883466
1.0,0.1256756756756759,0.5077315574883007,0.06293264583570113,0.4411073355155643,0.5609615148218281,0.1400240384615392,0.3372357515880697,0.9034348682909399,0.40675962231656415,0.4901602220311472,0.6293716777974646
0.0,0.10135135135135136,0.5150318851012798,0.0744122730748078,0.4326420799208808,1.0,0.23731419784725824,0.3398493728782748,0.9005173007551112,0.3877162440934221,0.4904190912082492,0.5978601608286764
0.0,0.0,0.5196858762407595,0.07493858000795495,0.3422852995578687,0.5935407364634183,0.05091398008917364,0.34695331345278024,0.8983390407237725,0.3726386234005065,0.4910216439569127,0.5922516014719909
1.0,0.02331081081081077,0.5264797230149936,0.08825068756878685,0.3840257548504548,0.5653284115743205,0.03882195448460527,0.2880338395177576,0.8957194725996119,0.3595310076933221,0.485997611681476,0.4893757666621237
1.0,0.06959459459459466,0.5330136586950616,0.0947361818548938,0.3811333321404491,1.0,0.1021865238732711,0.35776643461770874,0.8937169562977799,0.3508677961665204,0.4883419647744216,0.5352119394848028
0.0,0.06317567567567561,0.5394038181687612,0.1166016242617628,0.4314242614294443,0.511509225530947,0.09950914770191893,0.39991353433325627,0.8926098722607155,0.34684411592682873,0.4882717955050132,0.5830039525691697
1.0,0.049662162162162134,0.5472106861646567,0.1495370505062797,0.4674620607860993,0.5007982243529007,0.005714285714285253,0.3748434037995766,0.8918551246853271,0.3439907260814954,0.4898046215588602,0.5665121984462314
1.0,0.08581081081081082,0.5570243366742051,0.192102625808538,0.4298565504481686,1.0,0.0998080614203454,0.40884995750408987,0.892050932982858,0.3437175060483174,0.4890434472504544,0.5830039525691697
1.0,0.057770270270270326,0.565757732951926,0.22187569490793949,0.4663724261645493,0.4609598828718571,0.08253358925143947,0.4045905408525709,0.891926214419753,0.3427521084554899,0.4886106842799303,0.5960610603789012
0.0,0.07905405405405397,0.5756643311531574,0.24276310440679835,0.482113498237985,0.5036926576235771,0.03922518159806239,0.4020800888238212,0.8909334954581068,0.3382157670740238,0.4883593711304875,0.6032233883058469
0.0,0.11858108108108105,0.5846771721875211,0.25351545438940304,0.4571544295769198,1.0,0.12736077481840175,0.4832251693695376,0.8895453175368554,0.3332464962924723,0.4916168436641348,0.6569578846940167
0.0,0.06283783783783786,0.5923124870292986,0.2511835977305585,0.4203661202267183,0.4447671166293656,0.028571428571428064,0.4999484153692722,0.8883536832734008,0.33231799897769176,0.4929977140936515,0.6864794875289626
0.0,0.11148648648648664,0.6030746501160607,0.286027122905644,0.4396071450038872,0.4549762070103022,0.0293785310734469,0.4411075465858345,0.8893645003090763,0.3435061935299686,0.4917603536412383,0.6324860297124166
0.0,0.1621621621621623,0.6109440909919576,0.3120094965561969,0.4311961216696252,0.4609478256023175,0.033371085416282475,0.4898820431444025,0.8914295082385079,0.3614352991774944,0.4957421028872048,0.7220253509608829
0.0,0.2125,0.6161188679982641,0.3498385958667853,0.4360831376535909,0.4595131774595483,0.17823372929122586,0.5025915135913219,0.8942960785249082,0.3834847735356708,0.4966009290630462,0.7729317159602013
0.0,0.2476351351351351,0.6199392577213183,0.3609393405852791,0.4427744755434946,0.4271505411776565,0.19140306055258455,0.4467916816098335,0.8966973874118301,0.4068567695459243,0.4953938353540792,0.7651219844623138
0.0,0.20304054054054071,0.6243886733449037,0.38541846196061935,0.4103571949086803,0.4203411832945145,0.0425896172992335,0.4109329940210957,0.8965438401631062,0.4069541651642597,0.4962025600480349,0.7290786424969333
0.0,0.2466216216216215,0.6325643035328423,0.4192045879819684,0.457959484938163,0.4314072731648891,0.1848446779351296,0.40951318847058976,0.8940435126043457,0.39444065881291934,0.4962746411609034,0.6697969197219574
0.0,0.2614864864864865,0.6377459003507864,0.4401365541647029,0.4252792552245304,0.4458967165957447,0.1658914728682172,0.5181012925634612,0.8919397844212121,0.3807171752540132,0.5015629693907931,0.8031688701103988
0.0,0.29290540540540544,0.6435952558173845,0.4610604002298722,0.4247157388977264,0.40735959252383497,0.033530571992110784,0.5048661501653164,0.8896648144313529,0.37497712822563145,0.5003373698253408,0.8038639771023577
0.0,0.2702702702702703,0.6493333262117462,0.4884508606452991,0.3997836554790423,0.4425025783724776,0.10772357723577257,0.5479515988779113,0.8880566927503578,0.3748029323347437,0.5002594016372464,0.8229112716369085
0.0,0.31925675675675685,0.6548381807278736,0.5251684940048409,0.4633806038315174,0.5157286780982602,0.351351351351352,0.5546772521604135,0.8836237221187632,0.3567433626637009,0.5007744815840817,0.8379378492571894
0.0,0.3743243243243242,0.6568008967032416,0.5486996153306576,0.5042896658461709,0.5130711413480686,0.66023166023166,0.6672545676962303,0.8797216716046318,0.34474248278668784,0.5064833377915228,0.9201921766389528
0.0,0.3141891891891893,0.6544897407735569,0.5370699490441754,0.4504789226339621,0.5194251040676372,0.4620334620334627,0.7110622012390136,0.8773377306278106,0.3425806748666941,0.5064066789933458,0.9612034891645084
0.0,0.34121621621621623,0.6541649825380652,0.522332608206579,0.501055270663704,0.4921928906912785,0.2778457772337816,0.6431227861595981,0.877247404222797,0.3549358913434193,0.5039626807944729,0.9405002044432328
0.0,0.3530405405405406,0.6530955764155906,0.4935591876058612,0.4678668479872717,0.5200418897256416,0.31701346389228924,0.6293423205223312,0.8766975589510021,0.3623514243119814,0.5064800147900976,0.9341420198991413
0.0,0.3858108108108108,0.6512828529603832,0.4771374035452003,0.4650003739330092,1.0,0.3292533659730719,0.6802637202835677,0.873022022205694,0.3492957760794213,0.506964638676507,0.96579721219647
0.0,0.4527027027027026,0.6492783389354833,0.4632792168392293,0.5475661975151789,0.5979509686859258,0.4060475161987045,0.6935086883256611,0.8711559048070182,0.3464067801342846,0.5082500835766249,0.9491768269801526
0.0,0.4783783783783785,0.6486299147197608,0.4524137615960383,0.5345971049951096,0.4982678330843009,0.6397941680960545,0.6355865172513743,0.8690790634239348,0.34214538878439915,0.5027965071434312,0.9503162376251136
0.0,0.4510135135135135,0.6486157551730565,0.4471593713741784,0.4843764603781057,0.4938188508861394,0.6883561643835617,0.6726046308259926,0.8691438451284822,0.3472105395906557,0.5021298460171558,0.952861148826134
0.0,0.4344594594594596,0.6492753902134377,0.451168421062393,0.5186993558556562,0.5083558707985538,0.6438356164383566,0.6611577556264089,0.8695624672711685,0.3601487758770009,0.5008393620194007,0.9746873443544588
0.0,0.4195945945945945,0.6515587265276607,0.4818435156692827,0.4961150825453675,0.5613316885592856,0.7517123287671229,0.5877700209777498,0.8683161195520642,0.3617194359805965,0.4981327674460186,0.993018928636383
0.0,0.3395270270270269,0.6489787624919426,0.4784825195602217,0.4389207475600879,0.6124547662476321,0.7517123287671229,0.6339014193142679,0.86873503670035,0.3761015385639472,0.5021791785519819,0.9606444107589802
0.0,0.4614864864864863,0.6460932331938327,0.47502470762642696,0.5424444192851119,0.5957020857699896,0.7089041095890408,0.5665908454475332,0.8688481991934284,0.3842011051872184,0.5000526123234235,0.9596855501110444
0.0,0.4402027027027027,0.6395993649909971,0.4382720358169013,0.575428613026795,0.5185842250512853,0.6421232876712325,0.511483721364389,0.8720083331584382,0.4085524655340299,0.4954587276919483,0.9649874854584553
1.0,0.4341216216216216,0.6371867346963207,0.4303461739957285,0.5722730946026751,0.5703525163640749,0.4811643835616439,0.5059224068897418,0.8721761381976602,0.4160770562973791,0.49878581052762105,0.9995068307619832
1.0,0.44290540540540535,0.6351106086236322,0.4203405699698358,0.5303624977366852,0.5963339821067087,0.513698630136986,0.4845074159047696,0.8716952449691046,0.4211351961042942,0.4973419330315912,0.9859175256165831
0.0,0.4902027027027028,0.6336528847575735,0.4240381402434764,0.5152722265044255,0.5563569137371438,0.5996884735202492,0.4503240006091901,0.8712841350371344,0.4297158391478765,0.4945526599488297,1.0
1.0,0.4722972972972974,0.6316635037317517,0.4396231475927859,0.5493001153541076,0.5692763393871747,0.5883256528417818,0.42957224059071797,0.8710784246795863,0.4414582073458878,0.4930978391639168,0.9817780360255668
1.0,0.44290540540540535,0.6306747102512944,0.4594215096757111,0.5755433445822569,0.6230346493846494,0.5192012288786477,0.4334877597040516,0.8693101916751459,0.4441854519571122,0.4896812689329903,0.9950352777190468
0.0,0.4902027027027026,0.6298721268984091,0.4663952575151883,0.5676808768873218,0.6958288841526331,0.7004608294930871,0.4180614987054712,0.8687743030438005,0.4516535946819288,0.4885814023727938,0.9765462455078492
1.0,0.5172297297297297,0.6253025490632076,0.4313956251791648,0.5400065771258731,0.6463879688493922,0.7649769585253455,0.4020948272897432,0.8677820368724097,0.4561024907740915,0.4872754021718458,0.9972653048357604
1.0,0.5304054054054055,0.6196769305749747,0.40557675889064404,0.5498869264105479,0.0,0.7632850241545893,0.41005851170971136,0.8649820180052606,0.4479710412668296,0.4879023393225425,0.984671521341656
0.0,0.5611486486486486,0.6164625075948409,0.3965057821456503,0.5827138948478701,0.6992638012572957,0.8852657004830915,0.4357820475659424,0.86068824290037,0.4324404446244202,0.4899425499386785,0.95663892566673
1.0,0.4422297297297296,0.612382040722169,0.40402429137786416,0.5268178363559328,0.6549273096083738,0.7683246073298426,0.4559098791937079,0.8563138393484516,0.4140051797224517,0.4877535988827285,0.9747178614210958
0.0,0.3996621621621621,0.6116404647422125,0.4203908687687922,0.5410958434561463,0.6661726480130988,0.7434554973821988,0.4371379864307858,0.8525823449404429,0.4018668290520983,0.486498133704486,0.9896087706415752
1.0,0.3510135135135135,0.6086721556913917,0.4212044543985381,0.5548761078882422,0.5808358966733668,0.6230366492146594,0.4542100427906791,0.8484110546893927,0.386643844622394,0.4878674826806054,0.9759985655492746
1.0,0.3074324324324325,0.6068384008577754,0.4314248942205114,0.5170572282092486,0.5857189976378041,0.3625654450261784,0.42955258930282136,0.8437887470625999,0.3711734134496004,0.4861697371865194,0.8890862207346433
1.0,0.2888513513513512,0.6098351031240258,0.44816490584311774,0.5533945945079958,0.6203254761255149,0.3481675392670152,0.4285700249080073,0.8416193478706254,0.3677803058656063,0.486250583758633,0.83327925681791
1.0,0.2702702702702703,0.6138210619377081,0.4661137987802947,0.5422956058718479,0.6166351121904379,0.4908376963350785,0.3975455541417546,0.8411592677477139,0.3746906492889596,0.4873841006814388,0.8290271350262131
1.0,0.28513513513513505,0.6156373560672678,0.48550657622373605,0.5028798071714815,0.6483174646612838,0.5209424083769629,0.4135220512014305,0.8427683105013591,0.389389588842974,0.4885821016650253,0.8788486825253162
1.0,0.3273648648648648,0.6145381471007632,0.5047770558247759,0.485094424413995,0.0,0.6609947643979054,0.3796874462660096,0.8418683794876629,0.3876805970190113,0.4896142833313773,0.8537116412507045
0.0,0.4425675675675675,0.6119431865392608,0.5316351054012863,0.5322243321303478,0.5586419140830364,0.9712041884816756,0.4222079204515866,0.8388694683904846,0.3763443078850925,0.4892545975217111,0.8769873119418026
1.0,0.28918918918918923,0.6037258007587081,0.5129678174834974,0.4285618406081776,0.4787420792913234,0.4797843665768196,0.5268903310750728,0.8351814939617758,0.3605171944584712,0.493728634292148,0.9858262606943424
1.0,0.30574324324324315,0.6040767055921371,0.5248057379232525,0.3980187358953644,0.4945578537248515,0.5121293800539078,0.4580027413546614,0.8328045172576625,0.359429900910524,0.4922939745739936,0.9382820008237608
1.0,0.2790540540540539,0.6034382374619285,0.5296602729220398,0.4111532251798197,0.4934470122462618,0.4097035040431265,0.4540086170897427,0.8317296683705023,0.3659584792029905,0.4918832794208289,0.9585556725092677
1.0,0.26858108108108114,0.6040821311623162,0.5493765772975188,0.4492180858844879,0.4577452464097613,0.4002695417789755,0.4568138384369364,0.8304642758352537,0.3736044803295616,0.4922128413409267,0.9264289963846049
1.0,0.2489864864864864,0.6038468000671776,0.5470277394219365,0.4147743422616391,0.4688296081738779,0.24797843665768135,0.4576932335702954,0.8271795349152871,0.3683357951451155,0.4922689435326801,0.9321953228685188
1.0,0.3064189189189189,0.6041095460280345,0.5296109350595731,0.44354257455432666,0.4970661249028209,0.30458221024258725,0.4629597787264982,0.8229760817689175,0.35202045829376283,0.4929063601376166,0.872234680334996
1.0,0.38209459459459466,0.60398912269653,0.5148828704532347,0.4818607584395362,0.4625447542613994,0.3611859838274931,0.5080545716264878,0.8186378740979242,0.3374704218898886,0.4929281193953516,0.8776165850533156
1.0,0.3746621621621623,0.6046291051829841,0.5141852589544185,0.4980063478938122,0.5112709797772659,0.3315363881401618,0.5061434838785747,0.8142979181921043,0.3176686869847967,0.49282963971108,0.8639970710722619
1.0,0.3347972972972972,0.6095038248139347,0.5601470348136304,0.5075224727661456,1.0,0.2803234501347706,0.5324074301519532,0.8100005040494699,0.3006748325693719,0.4951208131984407,0.8460299299803211
1.0,0.23479729729729715,0.6136922144495137,0.5967936896936415,0.4653338904055895,0.5046554488888885,0.10074305484591474,0.5293762189939525,0.8092091718486106,0.2990054933802868,0.4952929053417315,0.7620337741979775
1.0,0.3108108108108109,0.6199671293250442,0.6485688115131742,0.492737545463249,0.4674732345996218,0.08597285067873305,0.4490122771421129,0.8115082426393202,0.3175614059716733,0.488136835360738,0.7633060271841103
1.0,0.3770270270270271,0.6242354952689975,0.6865750989086019,0.5514757544420725,0.4710860398901338,0.3966817496229263,0.4340183444772512,0.8134435154382093,0.33348110954720755,0.4867376130839844,0.7996613427303098
0.0,0.40878378378378377,0.6254865889245969,0.7099950765712338,0.5838407566623594,0.44583876264136907,0.5580693815987936,0.5102407774049492,0.8151422768397353,0.3518603225130448,0.4891976398355828,0.8435586472015011
0.0,0.4729729729729729,0.6246692602391986,0.7270574537883956,0.5918093328112551,0.4937781570142692,0.6365007541478126,0.4357967860318642,0.8173869272394364,0.3745465492438905,0.4829128014551648,0.8496819367534663
0.0,0.4486486486486486,0.6214903617774381,0.721112594159672,0.6235533878307041,0.4395876842809867,0.5361670395227447,0.3903384443057937,0.8223496950428019,0.4117809321282081,0.479232881549156,0.8641984348542402
0.0,0.4922297297297297,0.6215652338498332,0.7432349414101069,0.6141824476248964,0.4053187722714856,0.6017897091722596,0.3627971643191569,0.8236403688575223,0.4279266821214307,0.4808512265819585,0.8386160816438609
0.0,0.5243243243243244,0.6212640572286711,0.7670291354656651,0.6504210360144599,0.0,0.847181008902077,0.3787147075151439,0.8240053826329853,0.43889280524874,0.4783485420616788,0.8436867877900327
0.0,0.4874999999999999,0.6161912450457063,0.7811139816000199,0.6541611765911927,0.4468142743012447,0.8310626702997275,0.3671106220123903,0.8243392184993831,0.4454508775342063,0.4773980763310982,0.8739645782801704
0.0,0.5614864864864864,0.6085951108473059,0.7731659791360153,0.7030201671424693,0.4541480618724351,0.8956127080181546,0.3606699124043841,0.8232504453674431,0.4429074326787089,0.4768814540264836,0.8879044437325522
0.0,0.6057432432432431,0.5991319753031299,0.7421350598058681,0.7304395034702253,0.0,0.7879901960784317,0.3934924760131464,0.8217145670854676,0.4314417969872753,0.479408320606241,0.8627705825820327
0.0,0.6412162162162163,0.5945709475341304,0.7254945385776679,0.7187499325950865,0.4681374414964684,0.8930753564154789,0.34620656451272186,0.8208673169839732,0.4294653184751066,0.479574924217506,0.8079172577914058
0.0,0.568918918918919,0.588484845199531,0.6950439463787341,0.6857178762172766,0.4812217055721889,0.8765432098765438,0.3307360881163747,0.8214456684281203,0.4364926705737455,0.4783689235563176,0.8350006864674381
0.0,0.6334459459459458,0.582930620156353,0.6755954921378102,0.6727613456359842,0.0,0.8796296296296302,0.3376729927437621,0.8206673981109266,0.440472271164826,0.4789002839317435,0.8181227403780147
0.0,0.6516891891891892,0.5748695157746452,0.637132764675548,0.6369065797669992,0.5451277862192578,0.9114285714285716,0.3524802381736092,0.8184452406776659,0.43407531377556696,0.4762980226996654,0.819651274541211
0.0,0.6192567567567566,0.5678614997766025,0.6213749112354714,0.6625793437470127,0.58920889288953,0.9376299376299374,0.3528044844238977,0.8166811374360526,0.4305453720824126,0.4763358674767772,0.8075145302274493
1.0,0.5530405405405404,0.5628189501679471,0.6090954847961847,0.6685986996169301,0.545349796197127,0.8323654665118082,0.3529911716589124,0.8138219163003707,0.4228014373964904,0.4763579473503994,0.8003386572696898
1.0,0.44628378378378375,0.5594656263019996,0.6075004117457316,0.6480142900949514,0.5510153909796459,0.6366412870477913,0.3974669489901692,0.8115764950597172,0.4150387557121191,0.4760283381592553,0.8050249416502673
1.0,0.4496621621621622,0.558783639880722,0.6194631336587806,0.6227283272675935,0.5931575699922838,0.6366412870477913,0.3485450677723793,0.8088242380143714,0.4058793838018343,0.4760882746847229,0.7287721385748938
1.0,0.4925675675675677,0.5551622498740351,0.6159227807471066,0.6055554047509066,0.5953155580905475,0.7226738934056014,0.3625220462886087,0.8076939794709582,0.4018583556989249,0.4771626351700967,0.7266029014690405
1.0,0.6222972972972973,0.5498686728503899,0.5879330059795254,0.6532453322688089,0.5887980995842506,0.952811115412742,0.3655434318026619,0.8067034942462276,0.4058917946505435,0.4774090740312862,0.7164614891766969
1.0,0.5408783783783783,0.5384078840267058,0.535892870138967,0.6543625384093061,0.4729417375599258,0.8748370273794002,0.3916649062387926,0.8066808723206421,0.40992661361434135,0.4793585456799765,0.7869296599697955
1.0,0.5881756756756755,0.5306485825563652,0.4772280418333464,0.6374970255272756,0.0,0.9458333333333332,0.3547155721718112,0.8062277262756766,0.4128726905830923,0.4802845967290337,0.7335133403505565
1.0,0.65,0.523104143664081,0.44673404219363466,0.6261372627250901,0.5662323797969937,0.9687123947051748,0.3564350598627357,0.8048805051282998,0.4073175059906176,0.4804437704361034,0.7123243787469681
1.0,0.5442567567567567,0.5143752372272997,0.40649425675719336,0.5890446738797559,0.6497164469389355,0.8715216104203669,0.35020068877764066,0.8027264383881053,0.4065351617604696,0.48000482737615,0.6722529861333578
1.0,0.5793918918918919,0.5096576713024552,0.4014771197298385,0.5587961427407242,0.5910999418960577,0.8755113968439513,0.3404634756250336,0.8002681271862474,0.4058004956536421,0.4792821696660241,0.6294448766646833
1.0,0.556081081081081,0.5027891031364182,0.3849262690462383,0.5482961960657137,0.6645577081772671,0.7761542957334894,0.3444772511778489,0.7970790583291737,0.4031164110327419,0.4796408146183354,0.592650221957805
1.0,0.5672297297297296,0.4970189730357015,0.36879832903799575,0.5559868386673357,0.6617511079798979,0.8568088836937462,0.32485544021341284,0.7951824417575138,0.4032293787751856,0.4781208881475724,0.4874467987735114
0.0,0.6320945945945946,0.4878029620606039,0.34239177252152136,0.5500515887698917,0.6785723892956197,0.9619834710743802,0.3330795041980064,0.7946009269404705,0.3964820985578917,0.478766355927384,0.5328909432062605
1.0,0.6152027027027027,0.4765464249684611,0.29921018391678245,0.5498642151841382,0.5779034732799331,0.9060773480662988,0.3568428240865837,0.7951394054038771,0.39084068180916864,0.4806947167721231,0.5779598187725964
1.0,0.4918918918918919,0.470579763905606,0.2761728731950749,0.5111634145647692,0.5596922860559573,0.7014388489208639,0.31580602213717585,0.7953751226471767,0.3809663984573809,0.4773929424570876,0.4914100041188048
1.0,0.4469594594594593,0.4711363465098531,0.2765340406804834,0.5244405902147373,0.5452053675335874,0.6570743405275778,0.24562636023758394,0.7960552436733322,0.3842373172448119,0.4751895300488125,0.3841563315180083
1.0,0.5064189189189188,0.4738584773119623,0.2728926823946026,0.5741314742300022,0.5207310747920875,0.8836930455635492,0.24321907747028956,0.7977717371418577,0.3956322133102009,0.4749925607570071,0.38701203606242257
1.0,0.3516891891891893,0.471441089350708,0.2419591528915377,0.5059454054606225,0.4974486782109031,0.6582733812949645,0.28024701668885604,0.798935055330784,0.4029552629788888,0.4781037834808141,0.4755663356368128
1.0,0.3493243243243242,0.4734655125003937,0.24235861836618605,0.5041826216029403,0.5073505262029331,0.6223021582733813,0.2404678971648103,0.7999421942582979,0.4110124787838095,0.4747046865030202,0.3994508260491511
1.0,0.35236486486486485,0.4742975909888652,0.24913225177824774,0.5064617524477726,0.4970781110358138,0.6714628297362115,0.2181636854025321,0.7998852837797391,0.4138499831591146,0.4764969666809279,0.3719555169099813
1.0,0.3476351351351351,0.4754782889795242,0.26808537775387065,0.5032651820389256,0.0,0.7529976019184655,0.2463583707117205,0.7990353550526285,0.4127668426187021,0.475184147064797,0.3822159168916756
1.0,0.3587837837837837,0.4743303484451915,0.25358277432749554,0.5110537065119438,0.4537931239738995,0.9136690647482016,0.2494927511311773,0.7979343082672145,0.412778627470704,0.4754100911321942,0.34431376138391856
1.0,0.383108108108108,0.4692873660474757,0.2127940194438966,0.5273907397059631,0.4941495099687113,0.9148418491484182,0.27313325047040243,0.7976451194547746,0.4164245843026765,0.477460781309844,0.3931902430094731
1.0,0.3810810810810811,0.4632568715531394,0.15777922443255712,0.5262479795411079,0.4796272746934557,0.8576642335766421,0.27644449248092584,0.798487953280186,0.4315732807494129,0.4777409882004089,0.3891538144707336
1.0,0.3064189189189189,0.4604344777401948,0.1381457688955854,0.5217569344660452,0.4511389116688993,0.6508515815085161,0.25492633223449884,0.7987585342109488,0.4379091387181415,0.4795893574385321,0.3653745823989748
0.0,0.2354729729729729,0.4604944659918849,0.13353599232685187,0.4802642545604048,0.4520242659865293,0.6078006500541713,0.23238630501746504,0.7992806273460765,0.4479273288371477,0.4775539142083596,0.3010937714521074
1.0,0.21824324324324326,0.4628880765473719,0.14804692886041906,0.4628610498417645,0.5173561602078519,0.4639397201291714,0.2251398926057116,0.7990167007026484,0.4440059819823709,0.4768987293088609,0.2845270239348314
1.0,0.05439189189189186,0.4641348299490311,0.13918439837743968,0.40472369536724856,0.4439739450109307,0.22735191637630664,0.21472471002068305,0.7989451226005572,0.44267699936051785,0.4758860395891034,0.2347260994920143
1.0,0.16317567567567562,0.4700739224859665,0.16507511077688353,0.42923711704766,0.5009642168558053,0.3679324894514767,0.1445204840112209,0.7990479403335337,0.4381246187287471,0.4690183197527474,0.08755663356368157
1.0,0.15067567567567586,0.4702593083277682,0.17580321921245126,0.41327866718706185,0.4819727939625414,0.2818565400843881,0.2349016698681891,0.801727582356277,0.4592127760905325,0.4736030617679782,0.2530685094503686
1.0,0.11824324324324326,0.4723540852609805,0.20100724613496465,0.4449537099684705,0.5131258905980289,0.2683544303797468,0.18915838446762206,0.8046997622492209,0.4825920182247442,0.47320450293411104,0.232364651503364
1.0,0.1881756756756757,0.4755887897858357,0.2136978026194592,0.4490991394517211,0.6622100841135199,0.2987341772151897,0.1655915774580076,0.8073771943133393,0.5018072436467715,0.4747681368848061,0.21237471969246274
1.0,0.1675675675675676,0.477153449979859,0.19819139358085827,0.42767635197553583,1.0,0.21097046413502107,0.17742656559354258,0.8116731504607012,0.5179151684793136,0.4721271944076815,0.2126767653654296
1.0,0.1101351351351352,0.4827287066958934,0.2010381128215476,0.3597590318169388,0.6512360226123477,0.0017793594306049442,0.08775282610084051,0.8151962097138078,0.5280261130908325,0.4681592658787941,0.18075145302274492
1.0,0.15472972972972968,0.4930315788033373,0.2044539078222916,0.3409922144154205,0.4048820001150571,0.020730503455083992,0.0,0.8201376421889496,0.5478149204580843,0.4589856544876641,0.0013327328376182429
1.0,0.19594594594594608,0.5024929735911952,0.21211577705542706,0.3253548008369864,0.3607248659476181,0.04477611940298525,0.02110057037863133,0.8223139521149451,0.5538848319669357,0.4612184974223598,0.01263186845569036
1.0,0.17635135135135144,0.5131857428986927,0.2171897990122576,0.3153083542027869,0.3231999726610856,0.015607580824972187,0.07319613459167068,0.8246421373972689,0.5645717591672643,0.4623483356610841,0.0489676914200937
0.0,0.17939189189189195,0.5253026487451798,0.2450673064831556,0.3238825816933797,0.5102907955270952,0.07680722891566234,0.09306849947678447,0.8253015807484262,0.5666736962204825,0.4642329222883833,0.025418826618016668
0.0,0.15574324324324346,0.5309858394724688,0.24546361811952774,0.3525728427249801,0.5040943818267476,0.04216867469879535,0.1657193108293333,0.8260509755876743,0.5687644187390577,0.4671727428980582,0.12675894681266214
0.0,0.23006756756756766,0.5352385751402478,0.2313542185426508,0.3682026352822644,0.4984227586126922,0.024232633279483936,0.1573675134734141,0.8263129183875674,0.5739383393319314,0.4663276438441274,0.09299175906158892
0.0,0.2638513513513514,0.5380704361845539,0.2181760490712062,0.3430662591345835,0.5031593320950831,0.15670436187399114,0.19790320758146698,0.8258562191061206,0.5738394525735608,0.4700690076331007,0.18894474668870406
0.0,0.31182432432432444,0.5428709348687185,0.2279606893783314,0.3272990220033529,0.4759583024979831,0.3198707592891765,0.27489695355909394,0.8258515651603314,0.5789710984839034,0.4734029800860774,0.2839680462778049
0.0,0.2277027027027028,0.547181821423325,0.24977128030446516,0.32065879895667765,1.0,0.1873990306946693,0.26796987457565485,0.8255301495623516,0.5785790736097048,0.4727790124295091,0.2950095264329823
0.0,0.16891891891891891,0.5547401313144645,0.28394988659120635,0.33206140889708263,0.4509071129847977,0.12116316639741508,0.24239863620062002,0.8265468932719237,0.5891413545539804,0.4741112239360062,0.2352799393981133
0.0,0.1695945945945947,0.5614667141773462,0.30550895771117764,0.33363855864939124,0.5441836534364303,0.1707317073170738,0.2361888292253952,0.8270807627492834,0.5945911460032505,0.4735214347472867,0.2144709960287401
0.0,0.2875000000000001,0.5667911818967513,0.311938470674512,0.3608301558105444,0.5185661140057671,0.490514905149052,0.2195392755552716,0.828809385320718,0.6074749739843031,0.4719187970986953,0.16465808139935267
0.0,0.2567567567567568,0.5673021497832708,0.29480481237160683,0.3844429873803612,0.4302024504203089,0.38346883468834747,0.2591267950223289,0.8303185256086708,0.6137274282457107,0.4756109486980394,0.3228198241627071
0.0,0.34966216216216217,0.570485225181115,0.2897193854267169,0.4509168318786221,0.4881705847412279,0.8102981029810301,0.26859871578833594,0.8317707814381153,0.6215781915148652,0.4764707539186663,0.31756306957739394
0.0,0.3067567567567569,0.5650986029620501,0.24569395030153196,0.4107482724690825,0.4880805031014803,0.6111111111111116,0.34698770320659905,0.8315287926192646,0.6131891451731274,0.4835541420381924,0.5106397631017152
0.0,0.3658783783783783,0.5605041098322869,0.19577181447864184,0.4655863033334089,0.5359842662986337,0.5230352303523033,0.3216031520665785,0.8304484266892891,0.6041180784129793,0.4812732000889814,0.4181989302848749
0.0,0.4506756756756757,0.5554851314939402,0.14455981165641635,0.4856472956205862,0.5600053224313921,0.6314363143631441,0.3096846459574845,0.8294225458006145,0.594141254819848,0.4801839795588331,0.3456603080595921
0.0,0.4385135135135136,0.5511247777945272,0.108142072294035,0.4790826051791932,0.5077583846799175,0.3997289972899731,0.3302890213167346,0.8296974224905523,0.5971471495480375,0.4784216064741752,0.3923627849321675
0.0,0.39898648648648655,0.5525858700683577,0.10517222689470124,0.4941272298852746,0.4999201604703565,0.3613666228646518,0.2646979351409242,0.8300024856629075,0.6023764647904214,0.4758756889760157,0.270344099350366
0.0,0.3466216216216215,0.5552537658492144,0.10663294415386892,0.5001831839058029,0.4873414976013921,0.3390275952693822,0.280802165571926,0.8306933364115799,0.6095319815578062,0.4737045216327101,0.2725248490691642
0.0,0.3915540540540541,0.5611696575554016,0.1270050953856729,0.5343087355560473,0.4559785272169153,0.3363994743758216,0.24338120059543406,0.8299908541875697,0.6081966506248856,0.4700330318059245,0.1850653077152632
1.0,0.2729729729729729,0.5667760922659958,0.13973559349586429,0.5074056521987846,0.42522926573480896,0.3022339027595266,0.27115338321485233,0.8299796495146873,0.6100774957494486,0.4690294375760004,0.20115694511397306
1.0,0.260472972972973,0.576029210711011,0.17275779257967466,0.5016771852280454,0.4442563812917559,0.3955321944809459,0.2511238080265684,0.8304317730231744,0.6149580078039423,0.4670317285748238,0.14428528797373918
1.0,0.32533783783783765,0.5823934402092102,0.18258320864561256,0.5396267704359855,0.4611501362809621,0.7385019710906698,0.2518705569666271,0.8316249643455506,0.624380070413209,0.4671335170398196,0.17618162201868556
0.0,0.3125,0.5837988315602897,0.1855400229559079,0.5324074998968024,0.4633710924553403,0.7458665033680341,0.3324162732315069,0.8327883524594163,0.6360827362498431,0.4712219782047704,0.3490002984183826
0.0,0.21351351351351355,0.584503749269091,0.1810607208023823,0.5169565101550984,0.4530258249457764,0.5016383675901104,0.3437796304575312,0.8323261668077554,0.6376630646469871,0.4686191784019961,0.3678465670408376
1.0,0.17837837837837842,0.5877525508783845,0.2005781499195517,0.5505882640940238,0.44111493829533416,0.4211076280041798,0.3017307871814649,0.8318760801380121,0.6365266536639035,0.4645027227565596,0.23383375800564696
0.0,0.19391891891891874,0.5910366313613606,0.2070873750112993,0.5605753387939838,0.4425502737028069,0.3782654127481711,0.30960604080589943,0.8316726313466737,0.6321871296809844,0.461578870551326,0.2406170373941192
0.0,0.24594594594594602,0.5940396196005957,0.21531037949163734,0.5897213791360556,0.4576883682460272,0.5527690700104492,0.3012738947378765,0.8322055156165339,0.6395679057390987,0.4607541042754956,0.20625301287790124
0.0,0.3077702702702702,0.594428285108501,0.2163864351742602,0.5764871194357936,0.4550852514629787,0.6666666666666664,0.3662803550987722,0.8328107237175363,0.6489234016388534,0.4672014061499866,0.3660675343755021
0.0,0.3364864864864865,0.5924386689637048,0.20342811272692285,0.5450725396031334,0.4731848793534616,0.7160120845921449,0.4126623073559682,0.8326174847032818,0.6543286212277091,0.4681008703250539,0.4613089089364827
0.0,0.2760135135135133,0.5902961045775357,0.1821338855103452,0.5534298887821716,0.4695490318374075,0.6022155085599191,0.4330750826582296,0.8320144946032503,0.6521432820053497,0.4664245750327845,0.473532584991851
0.0,0.2530405405405406,0.5912059689432679,0.16054057039690636,0.5401849164754304,0.4934691685141165,0.6143001007049347,0.3956786817916079,0.8314224655184982,0.6560913751407671,0.462851311418095,0.3861074765282464
0.0,0.2493243243243244,0.5919248944417741,0.1497702085944569,0.5387092035903608,0.4792599040541461,0.6480558325024924,0.37386083940476256,0.8314384935502751,0.6640086525205798,0.4607337279016965,0.3253563804145722
0.0,0.22297297297297305,0.5920074582740665,0.11456719938343908,0.5755393596532653,0.502489384049986,0.5827937095282142,0.3871500228446221,0.8314263947884325,0.6690732659837266,0.4583786674418077,0.3417234809356564
1.0,0.10844594594594598,0.5925823146145304,0.06596846784383975,0.5349939960861794,0.5344771256392259,0.3568161024702652,0.41231840981778334,0.8311872464570479,0.6730798780294498,0.4572339805382132,0.3888506301218923
1.0,0.030067567567567618,0.5973132575785234,0.018708607401344668,0.5037010228393529,1.0,0.17387852322350125,0.365494303582921,0.8306742291605697,0.6661346028371229,0.4525865217895476,0.2592681863048921
1.0,0.0050675675675675436,0.6054303173115768,0.0077965636508939284,0.4433371642214584,0.5273082488145104,0.065268065268065,0.3342634942937572,0.8307060088057557,0.6628143400645923,0.4493722073991333,0.16352179601955816
1.0,0.027364864864864943,0.6163158463194044,0.024133942569108332,0.457282386976656,0.5017546770511507,0.0887812752219533,0.2975794526133755,0.8312542442896081,0.6568379067379333,0.4454429172581639,0.07665909143080131
1.0,0.08209459459459463,0.6268434114918537,0.04051726679398982,0.43880114593420105,0.4975503221518522,0.14789337919174544,0.32591169693783817,0.8321744223657753,0.6623979485457232,0.444815373275825,0.0998024543549837
1.0,0.05810810810810808,0.6357439631843764,0.05670133783037901,0.3723103372107815,0.4191788634452449,0.0026572187776794627,0.3822912419122666,0.8322310982768634,0.6656008019040246,0.447185073062728,0.2216749357403308
1.0,0.1581081081081081,0.6490154368464206,0.0930548590965818,0.44657148463018537,0.4694586678058096,0.13685344827586238,0.3409400193565185,0.831890691074724,0.6688758037150165,0.4427929930275567,0.10664829566506076
1.0,0.1770270270270271,0.6570416053385624,0.12302690921430698,0.4653047600892509,0.5259553883812086,0.13913043478260842,0.45003905693469387,0.8309999833297276,0.6654798723161846,0.4509825815329898,0.3766361402725041
0.0,0.21452702702702706,0.6646654807691729,0.1520313987801258,0.4603297328489164,0.5484731352955444,0.028037383177570083,0.4784646448766634,0.8301137917007443,0.6626865798164486,0.4542053122123085,0.3841343674920189
0.0,0.19864864864864848,0.6699857584429114,0.1625893834647935,0.4495855432625081,0.4990050324094877,0.028828828828828233,0.4680985905113755,0.8304458033972809,0.6654753473102528,0.4531509518921363,0.38315297797692016
0.0,0.2679054054054054,0.6750753340045905,0.18096200382813096,0.4896333380556118,0.5320900618188575,0.17457923015644344,0.4555414175456524,0.8316525515632996,0.6764579676157169,0.4514858278641203,0.4220641457631346
0.0,0.2878378378378379,0.6753321898724243,0.18189343893237853,0.5116122859607867,0.4469538623242377,0.3203444126171629,0.5116605829554554,0.8331778291159583,0.6914522119781914,0.4539123935728594,0.5193227671700156
0.0,0.31756756756756777,0.6756672491216921,0.18842351843802066,0.5538480763198962,0.5137469469027423,0.17288428617434234,0.5041783550889466,0.8341653465252828,0.7010026364227163,0.4529695491850792,0.5222763010108572
0.0,0.2976351351351352,0.6765931631001626,0.17890133772412967,0.5331676982982929,0.4508360523627542,0.1949185579416597,0.4235785977823521,0.8354613683644995,0.7112163452660313,0.4480288311611716,0.3953887432921504
0.0,0.30371621621621625,0.6775924569928918,0.14421158244716026,0.5403415705499679,1.0,0.11017135883659017,0.4468408098295741,0.8362112323621831,0.7156530970186332,0.4468875879706666,0.4392965597570613
0.0,0.3550675675675675,0.6807777179364121,0.11503866207558328,0.6010338969361458,0.4641504888056813,0.04915337548094019,0.4198202889721884,0.8354025042921586,0.7168241144285982,0.4441394208432072,0.3502121552477224
0.0,0.31452702702702706,0.6863916299992244,0.09797938522728378,0.5641253805319234,0.46526924298403705,0.2431229835318587,0.4500980107983826,0.8349455176501007,0.7204120186059773,0.44385341901569203,0.3832210158492447
0.0,0.2976351351351352,0.6932786976884955,0.10609373545825336,0.5511379739284917,0.4616057756760837,0.36544901298184973,0.5292190086907821,0.8350060557091928,0.7271634238219865,0.4489660459210631,0.5497004867090979
0.0,0.3162162162162162,0.6973817580459356,0.09668480523977874,0.5163480864376919,0.4793516574337884,0.4434318567562191,0.5364261185267428,0.8347403242680648,0.7300744945105558,0.44977919534610733,0.5661113191064521
0.0,0.3429054054054053,0.7039858891853987,0.1083513695104179,0.4909943533547861,0.5757426213124703,0.5321182281074627,0.5721472471002067,0.8333473278386568,0.7270792995271532,0.4500718873346996,0.620699696326802
0.0,0.21114864864864866,0.7117578520457682,0.1377820157555122,0.4024022837553163,0.6402817830690691,0.5752895752895749,0.6298286898977641,0.8322829278677287,0.7286070705694452,0.4528829390865109,0.6851678522401093
0.0,0.15101351351351347,0.7196985465884186,0.18085764451101025,0.3736922764133897,0.5976591718033712,0.46520146520146505,0.6594284422915369,0.8310489788569663,0.7330510991858749,0.4559083935686216,0.7827173179405044
0.0,0.11047297297297284,0.7228816197786402,0.18926566064073666,0.3926178774019549,0.5427639446061711,0.3846815834767641,0.6590992832192739,0.8304756412158801,0.7376211555496627,0.45604524584598,0.7646146252027363
0.0,0.10506756756756758,0.724537915567586,0.1867575752560948,0.3904073079875604,0.4792054629567351,0.3625498007968126,0.6700057480017095,0.8301891913318368,0.7426128947796172,0.4534900024822166,0.7794780652870241
0.0,0.12837837837837854,0.7262042246661439,0.18123127117692175,0.4088565756926824,0.518221404511075,0.3315384615384617,0.6512928091024763,0.8300150423975364,0.7459063899836431,0.4509365620183439,0.7837364940341439
0.0,0.08952702702702697,0.7278423778708596,0.17631096462146215,0.4294041160431712,0.5217084829906254,0.2823076923076924,0.6452598637183182,0.8293773472333331,0.7520820396907055,0.4504481990039925,0.7627793869057621
0.0,0.10844594594594598,0.7308259319706334,0.16174892817822975,0.3928778046078213,0.4721817456331111,0.3046153846153847,0.6518872605613389,0.8270844792288546,0.7502186584104489,0.4513848041995885,0.7443924910289745
0.0,0.17229729729729712,0.7321641617734677,0.1408493524010897,0.391205203620162,0.500437283981055,0.3446153846153844,0.6848277318974789,0.8248258060109067,0.7502728967633586,0.4513564594413224,0.7684537458999735
0.0,0.19189189189189187,0.7331337717303301,0.12266483561093723,0.4044975133615559,0.3999692593818141,0.3123076923076925,0.7011383008513921,0.8229923914715697,0.7444725691475337,0.4493944432938221,0.8015419760137066
0.0,0.21824324324324326,0.7359595997349407,0.12061553222584652,0.41979177336946416,0.5038180047546255,0.413846153846154,0.6986966283302791,0.8220688933725141,0.7423926461279964,0.4492341337409209,0.7912805585748235
1.0,0.1945945945945948,0.7357131196694235,0.09758181664598548,0.3992646753797993,0.4686408126631604,0.3369230769230771,0.7047787019341782,0.821421345293062,0.7380917585215304,0.4498898348481637,0.805042279987473
1.0,0.26689189189189183,0.7362721783691919,0.06536661707689295,0.40270316346303786,0.4489329852610648,0.3576923076923076,0.6760927344275824,0.8209351374835744,0.7392894071323248,0.4509272178503054,0.7541681251266555
1.0,0.24020270270270264,0.73634240104099,0.02041859486794112,0.38043066576425294,0.4572589035360803,0.223076923076923,0.6744076364904762,0.8194575858601573,0.7326311717714961,0.450675777549527,0.7552734842762657
1.0,0.2648648648648647,0.742192334162254,0.0,0.34771203876674817,0.4188989902808362,0.27846153846153826,0.6858446860461118,0.8180067851840979,0.7346724323311381,0.4523763198615196,0.7247103037895399
1.0,0.2287162162162161,0.7509002451074734,0.008741967491486036,0.3689730421121493,1.0,0.226153846153846,0.7137102122830374,0.8164078689244242,0.7362695979844923,0.4555124039700471,0.7882424318127067
1.0,0.05945945945945962,0.7624104012128199,0.041306624189526915,0.3046454319795896,0.42513454839923065,0.08153846153846171,0.712344447774246,0.8173974277522168,0.7560276948151105,0.4554625601641902,0.7796325871467958
1.0,0.09797297297297293,0.7792946374975577,0.1019393213318604,0.3246823121636517,0.4596158203972352,0.11032656663724627,0.6434126426560677,0.8179526269853415,0.7651698393141629,0.4508581243797043,0.7299006968174798
1.0,0.14087837837837844,0.7917996629763614,0.14586203092450886,0.3473123251491625,0.5438706045016628,0.08731808731808696,0.6671513984347748,0.818826763367475,0.7782656284620805,0.449779097499933,0.7566402869353412
0.0,0.10945945945945952,0.8030817587389079,0.1906804141942681,0.3778543522137589,0.4314242330606488,0.08316008316008289,0.6727078000874481,0.8166566104109972,0.7720072118724725,0.4466043695535093,0.7653125864330259
1.0,0.06418918918918914,0.8153501999194475,0.2320353865413552,0.40128221153627375,0.4122316953588607,0.06133056133056096,0.6955917248426667,0.8142126296146052,0.7686272111974437,0.4494663609167723,0.7499486978167573
0.0,0.24121621621621625,0.8283751074999459,0.27923671273091033,0.4589332488539542,0.4762539541461866,0.4863523573200993,0.7183724803364301,0.8136687431832025,0.7714031494012926,0.4482867598655946,0.7675492610837439
0.0,0.3344594594594594,0.8313347259057029,0.2868332663879466,0.4842304466239771,0.396782135713995,0.7828784119106701,0.7016639728026173,0.8143395713411558,0.7833493732679059,0.4451857615706532,0.8196516537649541
0.0,0.34966216216216217,0.8303290630608962,0.2968148162658995,0.4980869691055172,0.4564997280298779,0.8560794044665017,0.7292985964067622,0.8156534848147258,0.7971756602377739,0.4482400609823624,0.8701090781140044
0.0,0.33783783783783783,0.8272958576765919,0.2975964344632348,0.4875220418599305,0.4628843917274547,0.8858560794044663,0.7368889063567003,0.8142908948602979,0.8020195569397587,0.4489444609617424,0.8925404644616469
0.0,0.3439189189189189,0.8239664417190009,0.2730833228588224,0.4929567390094381,0.4565010120822814,0.7831021437578815,0.7484045610639205,0.8127836148283129,0.807410615885722,0.4503575316018583,0.8847202674173116
0.0,0.3442567567567569,0.8216102509163461,0.2605969737440613,0.4933908241483087,0.4580421313357143,0.8442211055276388,0.7677365155318867,0.8111910073457985,0.8173074506890144,0.4486743756660557,0.917690007037298
0.0,0.3277027027027028,0.8199765156196754,0.2409835025292899,0.5283572945679547,0.4613577585240335,0.7500000000000003,0.7575571484016133,0.8105731309965917,0.8308747801130391,0.4514633558599146,0.9041959887403236
0.0,0.2493243243243244,0.8180114026565743,0.2435291598242645,0.5030375553682409,0.4257723406717657,0.5886442641946702,0.7403180560946011,0.8097620554332253,0.8423921946636425,0.4531521204623098,0.8940358902181562
0.0,0.22229729729729747,0.81839537197126,0.22454586145953126,0.4665027890707687,0.4439571707326132,0.4528301886792456,0.7272057342458081,0.8091912020650046,0.8463311292306946,0.4521164257007679,0.8583743842364533
0.0,0.2530405405405406,0.8197876822806456,0.21913858772460754,0.4470934547026125,0.4324818002746305,0.5065789473684214,0.6886400817493576,0.8083744389542961,0.8442654336323324,0.4519899566277074,0.8029644616467279
0.0,0.2503378378378377,0.8213485476656615,0.18555227434432367,0.4428983692262409,0.4986173688575264,0.4736842105263156,0.6840858957793947,0.8089592258088231,0.8523804080194325,0.4552550331785995,0.7993314567206194
1.0,0.14932432432432438,0.824598123772067,0.16203481697593658,0.3586190291178677,0.4990686625506106,0.250511247443763,0.6523490658269016,0.8092160797263915,0.8681767066803713,0.4550849986644899,0.7835151301900067
1.0,0.09222972972972963,0.8336226093464831,0.15442726166403095,0.31463082964692746,0.5052897397119002,0.152351738241309,0.6339112449582165,0.8098406648254136,0.8939392663442302,0.4533367998454878,0.7491115411681915
1.0,0.051351351351351486,0.8456556949775076,0.1794892201084598,0.34182537408820424,0.4987400997891431,0.014810536296167078,0.6230342571076251,0.8096198836171152,0.9010877794088278,0.4556973965144484,0.7472290640394086
1.0,0.02297297297297296,0.8579091046004996,0.22385862750607816,0.32901070296995544,0.36846526522335776,0.033605376860297784,0.6258050887010005,0.8098791934458135,0.8915561193777216,0.45222514088121,0.7501935256861362
1.0,0.14527027027027015,0.8689624869135664,0.2584138714783853,0.3828173025692706,0.5064734131416375,0.07482491706597799,0.6070282831161048,0.8097102697444548,0.8797438823663551,0.4537982096457594,0.7360045742434909
1.0,0.19695945945945964,0.8734541373808944,0.2644923793204496,0.4046680950100156,1.0,0.044880785413744816,0.6333364447872505,0.8090891971423463,0.8736134241901269,0.4529696882143196,0.7823715693173825
0.0,0.1912162162162161,0.8763876105340935,0.25344814044825315,0.40026181939119376,0.5119678953120266,0.04908835904628255,0.6451124790590962,0.8075760569479297,0.8782919047322569,0.4543527381255668,0.778764954257565
0.0,0.25168918918918903,0.8793497032434443,0.2363046931526812,0.4261808182601754,0.542496219333509,0.12998522895125494,0.6573797955283491,0.8061648250926355,0.8802220137192162,0.4519505822921326,0.7883180858550314
0.0,0.3327702702702703,0.8818986257849929,0.2213299592917317,0.4730703292409695,0.5449019397861902,0.2968980797636631,0.6850389832423643,0.8045186527558673,0.8798802552636581,0.4550006828884278,0.8418103448275863
0.0,0.2682432432432432,0.8815250236713135,0.1983186192142512,0.4577162795208381,1.0,0.2451994091580499,0.7243071692811067,0.8031158431389992,0.8805945850178717,0.4556471080945249,0.87905524278677
0.0,0.3040540540540541,0.8825862571776624,0.1954008339383849,0.49953852845913893,0.544661671402165,0.19054652880354506,0.7187704189163295,0.8004911265580549,0.8715762922042795,0.4587505003057434,0.8765130190007037
0.0,0.3452702702702705,0.8824523092075376,0.1873871661677737,0.4913286791773799,0.5407557825464306,0.21122599704579034,0.7379107733273067,0.7981208222655057,0.8663990903787603,0.4610725025655752,0.8676020408163264
0.0,0.3783783783783782,0.8820377419116696,0.17920280782304934,0.4726383058161298,1.0,0.2983751846381089,0.7376749578725513,0.7949528446981329,0.8547560550320726,0.4613441038685964,0.845197044334975
0.0,0.3868243243243244,0.8841952917419059,0.1831158714887458,0.4809755446674505,0.5040959659816494,0.0563607085346218,0.7467587657026069,0.791916423785132,0.8394876851906855,0.4625641491827127,0.8332160450387049
0.0,0.3023648648648649,0.8869286294268541,0.18330254422085632,0.4111810363436742,0.4349091016611335,0.33416149068322964,0.7496671563112569,0.7898965741105334,0.8289011870371831,0.4633981908019013,0.7989481065918657
0.0,0.3787162162162162,0.8916604804486745,0.207051168069835,0.4204405100621192,0.4508763755998513,0.36149068322981337,0.7410107639929452,0.7875925318262597,0.817763385783486,0.4620230441099832,0.8114792426522477
0.0,0.38716216216216215,0.8921485699089242,0.1693860879568584,0.4264989160550653,0.4679450463075082,0.4795031055900622,0.7554790247065817,0.7869645945396312,0.8219164590711435,0.4640040304586104,0.7926770187919119
0.0,0.4101351351351351,0.8950569088197742,0.15267391233246433,0.4423524146687264,0.4620748220428733,0.4546583850931674,0.7697360340753329,0.7861357998053357,0.8251400619635222,0.4649870416545063,0.8524721565980422
0.0,0.3189189189189188,0.8963005219867914,0.11841184619353227,0.4311757062261799,0.4442957647240436,0.40869565217391307,0.7896575271801876,0.7876419342194653,0.8402430954815815,0.4670263753182418,0.8975869051636853
0.0,0.3597972972972975,0.903513253698354,0.15181464090759028,0.4574091061575371,0.4576176416352735,0.38136645962732935,0.747520253108588,0.7871845109677412,0.8440071001743726,0.4650679842651831,0.8903476206547418
0.0,0.26452702702702696,0.9110878639850426,0.19601478143973036,0.4084792812095525,0.4365472716251813,0.5204968944099377,0.7456189910046227,0.788100297855795,0.8555333151981833,0.4654927968184298,0.8446760040499492
0.0,0.21013513513513526,0.9186010772981252,0.2443119548905231,0.3861893114099463,0.5228015017423892,0.4772065955383127,0.7186770752988221,0.788246893624761,0.8648738471665273,0.4614339633236485,0.8656176172797836
0.0,0.2672297297297296,0.9221600350420917,0.2942731081089041,0.3643546873703336,0.6530693048615483,0.5217391304347825,0.7022977268372728,0.7888098083965981,0.8783150078325593,0.463067662241887,0.863609517381033
0.0,0.2986486486486488,0.9203397143872204,0.3196510811776144,0.3788131623369517,0.6065584406710182,0.626598465473146,0.7237028921782959,0.7879216923689382,0.8846255687409016,0.4616332997429277,0.8780037124535941
0.0,0.30912162162162155,0.9161393771319328,0.32658886040058066,0.3838828388950142,0.5586485601480553,0.5848252344416028,0.7354297982304017,0.7853745913167397,0.8815731074012237,0.4628315827786735,0.9029109011137364
0.0,0.28918918918918923,0.9129690111414506,0.30608282557215977,0.373169660621188,0.5643549935730098,0.5157715260017051,0.7507135873917337,0.7839821965925061,0.889809232631286,0.4647518034603311,0.8877489031387108
0.0,0.2638513513513514,0.9126494982300992,0.3010434175351476,0.3620796371458109,0.5498062644530516,0.5328218243819268,0.7131403249340453,0.7812824537018513,0.8902212384973475,0.4643382284962299,0.854463381707729
0.0,0.20405405405405427,0.912645747637221,0.3124430478058763,0.38041024756204017,0.5342589403324621,0.4560954816709295,0.7484045610639207,0.779812182538235,0.9016540706578638,0.4644862967607272,0.862867026662167
0.0,0.14425675675675687,0.9144826956789076,0.35118365016964803,0.3934292579406482,0.5454512836112444,0.3478260869565217,0.7509985310662297,0.7779835167060919,0.903488780498914,0.4646800481024967,0.8725531555855551
0.0,0.16858108108108116,0.9183536744157711,0.37482570044425706,0.405514287408861,0.5289681322485931,0.4800000000000001,0.6930075804843059,0.7779484618400346,0.9172628291827288,0.4627172367660234,0.7918157273034089
0.0,0.12027027027027035,0.9173728935693366,0.38077999144012026,0.3947602480448933,0.523526888688428,0.3381526104417672,0.7033687220276199,0.7776891143417081,0.9224657282184541,0.4634574386610405,0.835791427607155
1.0,0.14324324324324308,0.9184620374788101,0.3978736831276089,0.4080275142614615,0.4973682267170894,0.2514056224899596,0.7065620563107655,0.7770084212788736,0.930733353226659,0.4639699529716567,0.8235993925075938
1.0,0.13716216216216226,0.9216358690763372,0.4284695617625001,0.4025673476736026,1.0,0.2200803212851408,0.6865668708762998,0.7783126188570614,0.948190393014396,0.4657301091467372,0.7970975362807962
1.0,0.09155405405405408,0.9274210902992042,0.4710030059009535,0.3624369032594871,0.5586554908905557,0.11084337349397558,0.5976497059676047,0.7794602291066853,0.9643283717850072,0.4589411965982269,0.7539402632467094
1.0,0.20337837837837824,0.9366180495837422,0.5171680707772115,0.3734667732550953,0.5894342129727852,0.2813891362422081,0.5778166436582839,0.7802158020557205,0.9723774268804052,0.4573061642114344,0.6913094836314548
1.0,0.1466216216216215,0.9393442949168568,0.5435840375787359,0.3165116107124615,1.0,0.06040892193308538,0.6134444286142402,0.7785091479164422,0.9686560750136732,0.4574535872771444,0.7343570705366181
1.0,0.20912162162162154,0.9515771193468628,0.6100442053109536,0.3185507793609004,0.5547840850278352,0.12546468401487004,0.5984701472372744,0.7773373775145612,0.9698668208405284,0.4560778196464077,0.7037293283833947
1.0,0.011148648648648618,0.9633197893629964,0.6767250239189988,0.2680056877549582,0.5107745755498454,0.009624639076034785,0.5886887186869009,0.7760793250918064,0.9728619437853242,0.4588746726866637,0.6888288896388793
0.0,0.08817567567567591,0.9791192004268146,0.7490234339298982,0.2999114031636546,0.4522192960462378,0.1779591836734699,0.5861537025482808,0.7747862233748392,0.9723164979352568,0.4588806577440934,0.6579311508606142
1.0,0.08277027027027012,0.9868800914124574,0.7713247333511857,0.2886304832695687,0.5287955414457791,0.061224489795918366,0.6331251934423653,0.7736557888632035,0.9705744382193109,0.4603432279898161,0.7298768140398247
0.0,0.21114864864864866,0.9968086184452556,0.8071765074416422,0.35753196723535324,0.5263278402138338,0.059701492537313924,0.6196787996993354,0.7725137227798652,0.965703687230732,0.462735350153608,0.7112807964900442
0.0,0.34155405405405403,1.0,0.8338118162786313,0.4143234879120715,0.5399631201058157,0.3507462686567165,0.6810448589774449,0.7716330200163791,0.9624802877083576,0.4658150156880052,0.8018140398245017
0.0,0.35675675675675683,0.9949816471196088,0.8276721184554726,0.427560829428064,0.4775088558274095,0.28980099502487633,0.6972817356017469,0.7697535395064047,0.9512693721743904,0.463848496315374,0.8291765102936214
0.0,0.4868243243243244,0.9902637403511768,0.7957562973878729,0.4730503977186709,1.0,0.3271144278606969,0.7302418582257835,0.7677476362221841,0.937966252428042,0.463775359388809,0.8631370232872091
0.0,0.5304054054054055,0.9860683154652611,0.760648309765722,0.5018934773883652,0.5490958181753406,0.3869693978282333,0.7324821050459593,0.7657323115600038,0.9255618312296421,0.4641898157518994,0.8515693553830576
0.0,0.478716216216216,0.9878126316117783,0.7559402112455427,0.5121618208426509,0.475907365673918,0.4555461473327687,0.7469798426914405,0.7634584289089689,0.9190125294592076,0.4657244068693556,0.8819946000674994
0.0,0.45,0.9901230610240664,0.7745059348999177,0.4884872296062346,0.5166535004851104,0.5359864521591872,0.7740249276586961,0.7606242936330628,0.9144570862588008,0.46500994963044,0.8936044549443128
0.0,0.5635135135135134,0.9890044231563008,0.7832601167278953,0.5007006042380702,0.5404474137247393,0.6096528365791701,0.7991392735901427,0.7570855118706127,0.9033127350595046,0.464072089353639,0.902708403644954
0.0,0.6145270270270269,0.982655381431646,0.7774397819854799,0.4720988167734265,0.5882573891379531,0.6566444724772558,0.7967860318645632,0.7564684918889516,0.905829263419162,0.4641989180089681,0.8784864052123793
0.0,0.6827702702702703,0.9777619603868009,0.7739316135975609,0.4502846576281849,0.5431404769073283,0.7268193248176709,0.746621206687333,0.7562439338994519,0.9116807487596332,0.4570103024475989,0.8847429311280954
0.0,0.6543918918918921,0.9697757932392008,0.7656271567621526,0.4684848275414544,0.5586085113052249,0.7480720190448309,0.7479427557983579,0.7558106569226023,0.9164373994814996,0.4574112172180181,0.8666583134945495
0.0,0.6506756756756757,0.9602347060688764,0.7519319520271383,0.4706954091657588,0.572309812004176,0.6148545176110264,0.7627893038039978,0.7532406445618881,0.9110668352307141,0.459169569196796,0.8613289896838323
0.0,0.7260135135135135,0.95242232705741,0.7597518124438871,0.5046768511046715,0.5805066493851307,0.6656030631780474,0.7659531611552991,0.7512394256835307,0.9056372268162364,0.4556960320160098,0.8659566470367119
0.0,0.7287162162162162,0.9446155990655544,0.7514434760416683,0.5058236274044547,0.6625945461551364,0.6871275327771155,0.7907923890561974,0.7492953615396712,0.8997662799127085,0.458348387561993,0.9120995698116356
0.0,0.7486486486486487,0.9376571292877718,0.7443601174888025,0.5149180924303761,0.6721767971403847,0.6686531585220501,0.7957346879621124,0.7468468141597314,0.8949986643862571,0.4591964034748742,0.8935471745395317
0.0,0.7689189189189192,0.9299712925007656,0.6934696299713069,0.5241827541968958,0.6672919678852736,0.6803455723542119,0.792570830610811,0.7443783081597394,0.8916472951730253,0.4591376163080678,0.8740675771624272
1.0,0.7547297297297297,0.9238512762383156,0.6659439033424173,0.5216172663685079,0.0,0.6342434996740787,0.7768498002937869,0.7422794776830987,0.8924870700363537,0.4615371143499717,0.8484400451071298
0.0,0.8925675675675675,0.9195343187129446,0.6589119647959774,0.6415743694432894,0.6683539807150903,0.8918767912756471,0.7453733499059195,0.740579811774717,0.8912077113298249,0.4588766913125453,0.7811552437037967
0.0,0.9216216216216216,0.9065601360036708,0.6400321909276055,0.5946629091852993,0.6510277978676845,0.927071995024102,0.7543687269404417,0.7391818890559144,0.8870108501748807,0.4560805496501785,0.7954141085077058
1.0,0.8266891891891891,0.893289721083222,0.6166611959403239,0.5706802962560026,0.6199772556922106,0.9553172475424486,0.7402885791627569,0.7380210727262452,0.88781626737308,0.4585025421264403,0.7755299293427546
0.0,0.7429054054054054,0.8798704156643535,0.5696555993705723,0.4874597280194648,0.659849827174796,0.9700149925037479,0.7533615984357571,0.7364047909095358,0.8821645841919373,0.4561770238176062,0.7966771097187038
0.0,0.7773648648648648,0.8634918980244306,0.5002400970906349,0.5048081928009889,0.6452087053397093,0.9650971353309186,0.7637718681988118,0.7348533637801417,0.8795393012620688,0.4574850778382789,0.7924244054664799
1.0,0.7621621621621621,0.8472846698281267,0.4279978902637908,0.5014816979059453,0.7219366883695567,0.9031939413895294,0.7584365435349718,0.7326991610095134,0.8715827712639473,0.4566798578973828,0.7956148182123464
1.0,0.5777027027027024,0.8351020478691189,0.3527771996829129,0.4663491589762055,0.6422632882956525,0.8766709788702027,0.7630840731224421,0.7318442435561171,0.874365284853056,0.4575135710715771,0.7773746242618329
1.0,0.4530405405405406,0.8306171248992937,0.31535143433330914,0.45565583386403596,0.6335692456076845,0.6964208710651146,0.7413890512849484,0.7302290784038875,0.8758424662633372,0.4583339617046509,0.7741607737950091
1.0,0.4702702702702703,0.8307688435315199,0.2828602179717433,0.464267832656741,0.0,0.8094006037084955,0.7471812683923775,0.7283051862203817,0.8776601837351165,0.4592243863072604,0.7603023652767621
1.0,0.4435810810810811,0.8248563735610719,0.2522576966942381,0.4480242627420027,0.6341486739753608,0.964639931004744,0.7939120310097321,0.7258171762608464,0.8754172790584093,0.460818270607445,0.7980283956536929
1.0,0.41858108108108105,0.8137991736207821,0.2106399041998264,0.4377447359515469,0.5396470103235368,0.9709659408151864,0.8020329257328702,0.7230383733834632,0.8700763310857057,0.4616067925613563,0.8247556493861914
1.0,0.4050675675675676,0.8045187720683447,0.1774813953462887,0.4316655023415016,0.5438160657165632,0.8581797878280287,0.7984072631160062,0.7207438884332623,0.8604330946398691,0.4617606886211529,0.7938773295295976
1.0,0.3456081081081082,0.7983231827298436,0.14653513206086338,0.4513920238055386,0.6075873508301306,0.7264098269123394,0.824450132400552,0.7183740293797499,0.8512630509560221,0.4609510941393451,0.8206560256370748
1.0,0.3618243243243241,0.7927546943744095,0.11860165117025273,0.4600636727799602,0.5335939711871874,0.8202121719709653,0.8147718731116341,0.7160328222777733,0.8437383896351233,0.4601095907690204,0.8088527402413698
1.0,0.3773648648648649,0.7845020914801423,0.0669353886267332,0.468731591988889,0.528782562091543,0.6359575656058064,0.8564866444934633,0.7143376583176412,0.8465301831801456,0.4611187515828205,0.8530054603765932
1.0,0.29493243243243256,0.7758305093849368,0.03721919037421617,0.4425412178394549,0.5468662622191472,0.3634840871021776,0.8212174955416139,0.7130819408378174,0.8527956774125166,0.4614943698845431,0.8083552700069899
1.0,0.3770270270270269,0.7742508695147283,0.03267178975171031,0.4929265770618606,0.5544671013179808,0.3534338358458958,0.7804705500886765,0.7127829694549627,0.865816409767386,0.4606398535750033,0.7700144261514897
1.0,0.32972972972972964,0.7734210929805905,0.043664689206092185,0.5179975325184437,0.5973895016832806,0.252931323283082,0.7634623604144455,0.7126001466195261,0.8751999918324463,0.4625420857758651,0.7531417778372669
1.0,0.2506756756756755,0.7801434889274074,0.07019539005074765,0.5256865080343465,0.6116034214746956,0.14572864321608028,0.7447985497349532,0.7116770440393948,0.8780605646164369,0.4644129841475014,0.7300673716146879
1.0,0.10608108108108112,0.7873624826984968,0.10787651267072262,0.5124843724279079,0.5565103930863879,0.06420993858179816,0.7128259043277048,0.7104202411547013,0.8811470759702106,0.461453483386845,0.674534124540817
1.0,0.19864864864864876,0.7950066461872838,0.15232297602944353,0.5084885102510659,0.495516365795438,0.164712451144612,0.7099420778289256,0.7095665368082703,0.8869172400002022,0.4612952653644205,0.6628890971013846
1.0,0.22162162162162144,0.7996553862669373,0.19014552041195495,0.5200375310436707,0.5072157901111417,0.07426018983807915,0.7154493512618583,0.7090125674123072,0.8978477421953975,0.4617151285749668,0.6828403158881006
1.0,0.2033783783783785,0.8072896239991976,0.22571657225705555,0.5146188316954681,0.5021511884863705,0.176327028676022,0.6916221646876182,0.7088166829055694,0.9014132630428552,0.463092616204305,0.6493627210398727
1.0,0.3138513513513513,0.8152396868860994,0.2571163933868548,0.5134066917568806,0.5601031413559271,0.4960341671751065,0.6990749156222825,0.7086073005518746,0.9051918951344614,0.4638058047441489,0.6700575558827468
1.0,0.19729729729729745,0.8190281383733731,0.27048144726060563,0.4999014675632002,0.5652075831941612,0.1860890787065282,0.7029413065158756,0.7081134006158846,0.9063284405537868,0.4641567075681794,0.6816728386799329
1.0,0.07398648648648642,0.8279125828661786,0.3170085851548792,0.501726583077349,0.4679375832164516,0.0741971207087488,0.6636485563672627,0.7072659135433651,0.9104302984834246,0.4602838481332465,0.6174839007123841
0.0,0.1841216216216217,0.8428776686196346,0.41378171461397656,0.5014315041053095,0.4873621712894742,0.18624338624338674,0.6694456862966656,0.7062905189539167,0.912998208802096,0.4571962655257187,0.6243846577135295
0.0,0.07905405405405397,0.8534266707805316,0.487917782626005,0.4674724469053915,0.5388081632226522,0.29116117850953205,0.6954983812251596,0.7053710461752908,0.9220234698518244,0.4565931040177682,0.6545308526301701
0.0,0.03344594594594602,0.8638105826599716,0.5621536924193422,0.4549472443773364,0.6166608326690739,0.3190184049079758,0.7121184579634385,0.7040247922190799,0.927590041899506,0.454813910249543,0.6784083641933996
0.0,0.11824324324324326,0.8683369586866129,0.591207962314557,0.4858532262763369,0.5713414848189519,0.4668049792531121,0.7444153496209754,0.7028426514527774,0.9345919886979812,0.4549567298841836,0.714719136215589
0.0,0.09324324324324318,0.8661842684716274,0.5985841635995173,0.4680729360047288,0.5272415871150647,0.3457814661134163,0.7938923797218357,0.7009120309541589,0.9329669309354476,0.4609625164895775,0.790657207870432
0.0,0.057770270270270326,0.8656267864493989,0.6085011284267156,0.5046514949946238,0.5836918190940302,0.3035961272475796,0.8189035563918269,0.7002668140659829,0.9434565395401644,0.4602233794049602,0.8056038905992058
0.0,0.13614864864864845,0.8684287395977286,0.6389061465625652,0.4896855088328907,0.5478217840997671,0.3437067773167357,0.7455354730310635,0.6993830154269814,0.947286458323412,0.4549836871021323,0.7430657802763274
0.0,0.11655405405405415,0.8691086579082683,0.6572750925304709,0.4834128833075688,0.5387170980424044,0.3686030428769021,0.736112680484797,0.6992532814278062,0.955772709073717,0.454144843233688,0.7242374217344101
0.0,0.05709459459459454,0.8710030266508557,0.6984583552301682,0.4437923177642248,0.5346820939404112,0.22268326417704004,0.7535188087389275,0.6979066588310355,0.9558982798674032,0.452456303819388,0.7450289266645845
0.0,0.05912162162162165,0.87222846202443,0.7183449483835357,0.4161213824631886,1.0,0.19925742574257413,0.7241008307581958,0.6961279257807672,0.9577949976333898,0.45338593057446896,0.7005978673091507
1.0,0.13547297297297292,0.8749539842362262,0.7346628325555419,0.4542119329937138,0.5729904153955383,0.04331683168316849,0.7394091840293979,0.6949838100428537,0.9640228089633964,0.4514785380973498,0.7068144975386307
1.0,0.1310810810810812,0.8812715419366643,0.7350927463587835,0.4534577741347868,0.5198649044148003,0.07425742574257442,0.678662140320021,0.69327838613158,0.9722975547732688,0.4486724722065572,0.6261693362483082
1.0,0.2199324324324326,0.8920277632924707,0.7920496883086391,0.4461090139807603,0.5764343218857558,0.04567814476458225,0.6771833809058261,0.6918669987292329,0.9868477186066468,0.4488395132136093,0.6046119067802912
1.0,0.3476351351351351,0.8985762495626651,0.8307357614837168,0.4557943707448597,0.5823378927248127,0.2916666666666668,0.7428530722332212,0.6903184980780576,0.9947765258378728,0.453409783137005,0.6848555154002883
1.0,0.3432432432432431,0.8969871647492884,0.8436178029125067,0.4531961169808552,1.0,0.14357864357864322,0.7499226230539083,0.6887945505478056,0.9993481556763624,0.45424321411719104,0.7016512734396866
1.0,0.3915540540540541,0.8979706711654463,0.8247421140569847,0.4793008528971547,0.5723278231089731,0.09115646258503424,0.7240222256066107,0.6877577748218858,1.0000000000000002,0.4516758515377052,0.6582924565822619
1.0,0.5121621621621623,0.9046104670268222,0.8543293876614264,0.4938328767266234,0.5839328113394288,0.3543216943331424,0.6977189767574392,0.686958273029073,0.9959127423451728,0.4526937317894067,0.6204943509066538
1.0,0.45,0.9098542748805444,0.8877075316682643,0.5095512003594842,0.5869914476986859,0.3171150543789353,0.7529489213899356,0.6863224569355727,0.982280674706301,0.4597909780205928,0.7088535880098007
0.0,0.4885135135135135,0.9182340502863368,0.9454315053496336,0.4801115867203926,0.6056460320723752,0.3692043503148252,0.7207404605279317,0.6857612138771564,0.9743658550575052,0.4564938447257994,0.6561573382581247
0.0,0.6155405405405407,0.9230594023637416,0.974927588231398,0.5065197446695391,0.6066977736453123,0.5500858614768174,0.7352283725294646,0.6843697629350155,0.9687068970855492,0.4579607508267807,0.6968383721700232
0.0,0.6189189189189188,0.9198558788411332,0.9813093864058396,0.5111598396428481,0.5632823325131381,0.4728105323411562,0.8268426767019244,0.6832387937931613,0.966063831882398,0.4662831692850841,0.8001486266748095
0.0,0.8550675675675675,0.9199928396184244,1.0,0.6379666166018944,0.0,0.7554347826086957,0.7448280266667975,0.6809784727677589,0.9571963580651212,0.46093726911585,0.690024205970806
0.0,0.9179054054054052,0.91145167685631,0.9960689026641044,0.7160263976564966,0.46171618845603707,0.8787409700722394,0.8147718731116342,0.6799418837522256,0.9616747755270872,0.4666729819805314,0.7895254162693468
0.0,0.908445945945946,0.8991262085136409,0.9846130143879012,0.6961103671509943,0.6312204622673027,0.8828689370485034,0.8779360252322537,0.6785737209628132,0.9745293756588064,0.4715304719320592,0.8796554800828921
0.0,0.897635135135135,0.8845308861584702,0.9604887694873449,0.6954682417883798,0.6725901392319212,0.8319672131147542,0.8673292425902359,0.6768605700912128,0.9817969602106016,0.4694921017578267,0.8800296454064008
0.0,0.9364864864864864,0.8700749013445943,0.925788047042601,0.6725562463591523,0.6701843571981897,0.8600295712173482,0.8611194356150116,0.674919946239848,0.9817969883862382,0.4689320338247995,0.8682938061247986
0.0,0.8793918918918918,0.8529784475511348,0.8862094371895671,0.6564177564038198,0.7551887109132818,0.783553875236295,0.91314130749844,0.6723598449882352,0.97217325326752,0.4722560654413653,0.9300454754777802
0.0,0.9388513513513512,0.8381640810225623,0.8621737351132177,0.6640041094601599,0.0,0.8306188925081434,0.9162511238080262,0.6691681160927413,0.9687328891017448,0.4727762324500819,0.9266204236702736
0.0,0.9418918918918918,0.8181081792197029,0.81532818728972,0.6665312879456587,0.78200184055124,0.8143322475570032,0.9239986440611352,0.6659643249522625,0.963025872032728,0.4739355905725264,0.9233608680635504
0.0,1.0,0.7972228410240514,0.7531433137243723,0.6887267743843524,0.7117817013433492,0.9112863479546572,0.9339471085586272,0.6631424759754126,0.9633817445953198,0.4753154266470256,0.924644275197468
0.0,0.852364864864865,0.7762356371658894,0.6955602860946322,0.6464551399772808,0.548755227247806,0.9322774440196616,0.958535782538848,0.6603415373645697,0.9583459346089246,0.4785004923308535,0.9861686819441166
1.0,0.8057432432432432,0.7664209245205862,0.6686823629976901,0.5146882450504885,0.5643111500944274,0.9860724233983288,0.9515595753356684,0.6578417904305971,0.9457839660671676,0.4781910581307745,1.0
1.0,0.7003378378378377,0.7507767797955708,0.6110046465596356,0.4704974395521278,0.6200563330675901,0.9410755148741416,0.905831028401024,0.6552438157395691,0.937204522251424,0.4772593682276709,0.9925596169493652
1.0,0.8439189189189189,0.7362012851184236,0.5437546382991182,0.5392783259654893,0.6634152536781519,0.9474299065420562,0.8970812924652046,0.6533060113438832,0.9247854813191208,0.4763769996621151,0.9956135113403866
1.0,0.7381756756756757,0.7192256866135613,0.4891199925566458,0.5238599348158279,0.5766712075527067,0.9777628032345016,0.8768257274661134,0.6509610284215449,0.921699252678436,0.478094491086033,0.994016399497673
1.0,0.5831081081081079,0.7098333616064942,0.4861663612598092,0.4892601131746884,0.5674972287435195,0.970686767169179,0.8605790251978639,0.6487246488104091,0.9138366934275528,0.4767280615230829,0.9675953335946168
1.0,0.4912162162162162,0.7025700064224021,0.5040897985075042,0.4876736553196741,0.0,0.8458961474036848,0.8354892433762875,0.6462072002299725,0.9081298570836224,0.4740558653454465,0.9248315232294358
1.0,0.6006756756756757,0.6979362392250484,0.5161580807316921,0.4967601730685327,0.5372284238385755,0.9455611390284758,0.8140889908572383,0.6439587971843103,0.8929255858076129,0.4720773582002246,0.8723834966357764
1.0,0.5381756756756756,0.6888461954340737,0.4973597273553038,0.5055132709577994,0.5364799201573144,0.9642545771578024,0.8484885703196773,0.6416495610957907,0.8720576473703122,0.4733836203359277,0.9235105957616956
1.0,0.5050675675675673,0.6810227329947137,0.4722996997257819,0.539416421413209,0.525963458720367,0.9766573295985059,0.8675650580449915,0.6397974050007272,0.8567207565440692,0.4723693616608308,0.9441663334666136
1.0,0.4783783783783785,0.6722223159206544,0.4300544501725631,0.5283184901488361,0.4916026876333685,0.9709051724137936,0.8802106618062482,0.6383929742536602,0.8479173697226766,0.4738947356477839,0.9889036732389828
1.0,0.39898648648648655,0.6658544399508398,0.3984229921033579,0.5366435876829599,0.0,0.8381070983810713,0.8432515020953186,0.6364421955789051,0.8380701338026452,0.4729943344879925,0.9410910850368944
1.0,0.37939189189189176,0.6632838603404997,0.3663396337228576,0.5239933238783204,0.4429244479902287,0.8742216687422169,0.8177834329817388,0.6348424967638343,0.8281991892295265,0.4707973868104359,0.8720535462279748
1.0,0.42770270270270255,0.6599065864061663,0.35366022399638897,0.5017112893358895,0.5171970342423606,0.9522580645161284,0.8122565082609101,0.632366615792089,0.8197960816036359,0.4693608604423616,0.8807306157009801
1.0,0.40878378378378377,0.6554692562508623,0.33903979858506017,0.4917043497403222,0.4798345650180424,0.8814229249011859,0.8473094930459002,0.6295725948376033,0.8129610851598897,0.470822646039065,0.9051489859279868
1.0,0.3429054054054053,0.6532094502749597,0.3532953328485383,0.5025328645088559,0.4542543679691012,0.8305555555555556,0.8508565505111791,0.6263073462234215,0.8063399522579734,0.4721994442533105,0.8755400882995275
1.0,0.3320945945945948,0.6513446543628598,0.3558435701615962,0.5463451815683693,0.4603980440818238,0.8236111111111115,0.8507877710035419,0.6234080267909482,0.7999686793311135,0.4720531977539174,0.8827285125446661
1.0,0.34966216216216217,0.6482231888547677,0.3503873612207995,0.556355737791305,0.4521265895494551,0.7097222222222226,0.8269114562095613,0.6215703318834173,0.8015111805830423,0.469924789443708,0.8246489550555808
1.0,0.3385135135135133,0.6460080365387263,0.3387528288776236,0.5498419437305501,1.0,0.6486111111111107,0.781349945222035,0.6194077107808204,0.8036967074758,0.4681673948479828,0.7604008733094794
1.0,0.2780405405405404,0.6462659779868463,0.3329787890358682,0.5601864099664027,0.4374285290064306,0.40138888888888813,0.7873239367425042,0.6184748187357493,0.8058705999399288,0.4693250781647776,0.7539330830405309
1.0,0.2476351351351351,0.6500916405293202,0.3366584340062218,0.5929106064108306,0.4777836243265608,0.17338003502627006,0.7412465794477006,0.6170803849257877,0.7995944972513046,0.4666691534255252,0.701857522855802
1.0,0.32702702702702696,0.6576547417701198,0.3600892322256331,0.590215831309042,0.4350033084588624,0.5253940455341506,0.7077460464065162,0.6166360436915799,0.7972095387618695,0.4627765548943085,0.6380773558054109
1.0,0.30304054054054075,0.6611633856171613,0.3860745595749954,0.5773655029761042,1.0,0.7446483180428143,0.7825339353177858,0.6157592781880411,0.7991810875698283,0.4748010222703321,0.7650742267890235
1.0,0.1432432432432433,0.6628600716294892,0.4161330436525524,0.4730523840198098,0.4898347296286713,0.05508474576271191,0.8242094041238227,0.614459884476536,0.8040844435193356,0.4779079526310375,0.8165166506763538
1.0,0.15472972972972968,0.6698822057742505,0.4609034202290714,0.4838393933266976,0.4791769971070626,0.03473945409429294,0.7772870414494788,0.612307777232625,0.7968081421047676,0.4723599441865202,0.7380127580726669
1.0,0.275337837837838,0.673570448099537,0.4687558863852054,0.5387375593588524,0.52754083550382,0.19677996422182506,0.8638951800303613,0.6103433620985393,0.7873248220839476,0.4834134493804722,0.8538900403541797
0.0,0.3611486486486485,0.6704528963621975,0.4373884492053252,0.5597105066915321,1.0,0.4168157423971377,0.9279682042161836,0.6079614297611909,0.7734816714484606,0.490731668531457,0.9346230293984692
1.0,0.3780405405405407,0.6669232912270066,0.39314876952765504,0.5744948272752315,0.515302145216753,0.08290155440414577,0.9447012758598664,0.6053688256757218,0.7648478762207549,0.4897761837251736,0.9547936653726652
0.0,0.4094594594594593,0.6687524593635672,0.3578269005217604,0.6014631329753288,0.5389178633419058,0.4057971014492751,0.9363249143940772,0.6026353756669619,0.7526159318390816,0.4890613983330037,0.9357403871595192
0.0,0.3996621621621623,0.6697524765779971,0.3282431476330302,0.5920690749987934,0.5478087609718871,0.4669887278582933,0.9758190902436268,0.600748398269712,0.7536943783170325,0.4921337423990893,0.9766032357527394
0.0,0.38513513513513503,0.6712074646215149,0.2986514369623466,0.5808644104683345,0.5365609439483938,0.3607085346215777,0.9733528536126436,0.5989324207192391,0.7526641923843913,0.4902680518001351,0.9966251225318584
0.0,0.32432432432432434,0.6735949661183068,0.3001451804544617,0.5316785686493926,0.5158015175526945,0.3719806763285021,0.9248976904823901,0.5982053254493284,0.7580819883720237,0.4882654898504808,0.9306189609298424
0.0,0.3435810810810811,0.677855322584704,0.3121889197680583,0.5464847159233391,0.5179757427678126,0.5120772946859908,0.9250254238537158,0.5967070694622661,0.7566493311472007,0.4868781149531856,0.9560495728889512
0.0,0.2625000000000001,0.6771546701599404,0.3176164048696261,0.5339714364547852,0.5447366371262017,0.3397745571658618,0.9650698357643612,0.5947924766040783,0.7585371755065359,0.4900544623514469,0.9988166923400088
0.0,0.3179054054054055,0.6785320291432343,0.3352154803628114,0.5792868735917082,0.547523193334927,0.31884057971014473,0.9543746223268104,0.591903131391578,0.7586077135498634,0.4891059718362055,1.0
0.0,0.3689189189189189,0.6774889868021229,0.33790822630197115,0.5662772105613214,0.5482942037916545,0.5185185185185188,0.9413359928076288,0.5895008130961633,0.7578024690066025,0.4876390195896406,0.9985228519195616
0.0,0.4222972972972973,0.6754075785119238,0.33730410318630993,0.5553234172526957,0.569650828230584,0.5619967793880835,0.9345464728394636,0.5871218749074313,0.7562890261037697,0.4868455804419333,0.991483087215828
0.0,0.3824324324324324,0.6723961420697729,0.3201599713091014,0.5275010753015226,0.5447688236078138,0.3462157809983898,0.9371158787319022,0.5844189239264143,0.7504953678178349,0.4874986782581773,0.9961218179256542
1.0,0.3851351351351353,0.6730482526090749,0.3208935815854799,0.5295920495868092,0.5746034611239598,0.3285024154589374,0.9048926794039764,0.5823320119892199,0.7493946687618408,0.4841212309101892,0.9505720374204664
1.0,0.3918918918918919,0.6751915602504993,0.33029272326140424,0.4845643725344886,0.5795167035176211,0.3301127214170691,0.8977789131855226,0.5802603165038059,0.7466540632577293,0.4815710549027525,0.994210452396186
0.0,0.3695945945945947,0.6777656605135811,0.3532257518691955,0.4666368278138073,0.5670309629170275,0.4090177133655397,0.8951898560051879,0.5786922317361837,0.7510884267073108,0.4819051081888043,0.9748865070839968
1.0,0.3513513513513513,0.6799519754191989,0.3723558200743725,0.5031433572000453,0.6007883075737901,0.35426731078904955,0.8826474215053868,0.575891757221847,0.747841196842145,0.4837169681895224,0.961377125787002
0.0,0.4388513513513511,0.6805008333632313,0.37450970528700617,0.5249714955851398,0.5842072661725498,0.7697262479871173,0.911721501947934,0.5740883060445411,0.7528413222537615,0.4850199843822594,0.9800534730008392
0.0,0.5020270270270271,0.6752380134888131,0.3505326569242521,0.5210306710306537,0.0,0.8099838969404185,0.9089555831765326,0.5720801182921559,0.7497857730064388,0.4835918290475364,0.9956640399769368
0.0,0.5510135135135136,0.6674334092486719,0.3123566698759094,0.513475848715364,0.6475692051856368,0.9850299401197612,0.8942367685422182,0.5705548912907318,0.7463000865768905,0.4855106078307891,0.9955577182682952
0.0,0.531081081081081,0.6600954890919888,0.2816035402313382,0.5048721841859937,0.5592218519662591,0.7533875338753385,0.8828881497821163,0.5674009982159626,0.7295015138708683,0.4843186377721237,0.9811441937913812
1.0,0.4162162162162162,0.6563093654119272,0.25779769874073155,0.4536055680946336,0.4276888655478451,0.5950840879689525,0.9008936423170832,0.5639516852169942,0.7129343145249409,0.4882226961845123,0.9607213094445392
1.0,0.316554054054054,0.657816608259631,0.2642412145644866,0.41816035229764403,0.4537593383977414,0.2652005174644241,0.8849367965453036,0.5601101859678933,0.6938819909911162,0.4866630908604183,0.9244681905139364
1.0,0.2942567567567568,0.6665611343893834,0.3228313046533927,0.4014756505004177,0.5255938877170531,0.35446313065976753,0.8629224412794954,0.5571352463075813,0.6829456103823737,0.4846558086731506,0.8687404816116046
1.0,0.17533783783783774,0.6743235628001357,0.383967573843186,0.3348245509522904,0.500451045720328,0.3997655334114885,0.8922519884646939,0.5567533196671631,0.6868228563174112,0.486297977974187,0.8967252565593615
1.0,0.16351351351351362,0.6823949786784249,0.4549526843396695,0.3715100415146049,0.5665889440820782,0.3248212461695608,0.8415565785142642,0.5572509203504245,0.6985955488228628,0.4726424274145486,0.8973616261803925
0.0,0.17162162162162156,0.6869683450272239,0.481094195698457,0.3793941653181333,0.5854314560250375,0.5158324821246167,0.8259288918147473,0.5582998350081542,0.7112400925019748,0.4732639696935344,0.8892936297206557
1.0,0.20000000000000007,0.6885272265430812,0.4912178309890262,0.3529377978494321,0.4102633818830389,0.4949121184088807,0.8388152238527332,0.5573012600443584,0.7157194596031934,0.4717192042799716,0.9080701908377404
1.0,0.2361486486486487,0.6862445143943545,0.4755215788001413,0.3740253577603486,0.5330408665539486,0.6173752310536044,0.8433350200688776,0.5555908297939037,0.7183613744252636,0.4686057468791319,0.9139364947005773
1.0,0.2358108108108107,0.6803089502824711,0.4472273890184637,0.36975246506747256,0.4867878897574798,0.4537892791127538,0.8589676195903688,0.5540293719126116,0.7164942903143354,0.46749005351069206,0.9295750952725784
1.0,0.2766891891891893,0.6770730548466224,0.43028087297693096,0.4017661811518449,0.4345392794007936,0.4288354898336415,0.8535340384870473,0.5522539837729948,0.7135965976092826,0.4701820901743598,0.9279731993299836
1.0,0.2317567567567567,0.6748087610504149,0.4159484055218526,0.4102916926176641,0.4336514699887145,0.30776340110905714,0.8648482674933307,0.5502184326928682,0.7079062231738403,0.4682751717892146,0.9392084147081842
0.0,0.2540540540540541,0.6770616230627083,0.4311292526065747,0.4295310399154827,0.4742673327008516,0.2929759704251388,0.8537305513660102,0.5479846114305321,0.7040377258259768,0.4674733232147321,0.9054296226401294
0.0,0.2327702702702703,0.6794906063518529,0.4376057439153731,0.4637804101873597,0.3973524232063124,0.2754158964879849,0.829195918427504,0.5454538705481912,0.6998913650455216,0.4681793652596238,0.8704731810435
1.0,0.2331081081081081,0.6827611271920861,0.4582145175603188,0.463573141225988,0.4110718555883947,0.2578558225508317,0.8461058516622533,0.5431577586916084,0.7036678215055743,0.4672552146124303,0.8743352863297567
0.0,0.2996621621621621,0.6852134325977182,0.461273434737519,0.4643744756716336,0.4007649024428332,0.36414048059149695,0.8499820681997946,0.5399730993196817,0.7034273981805028,0.4682252637257798,0.8661795147498776
1.0,0.34966216216216217,0.6861822580798935,0.4631638659200646,0.4533376246604964,0.4085985945360652,0.3826247689463956,0.878741728036001,0.5378197613190446,0.7041126970032261,0.4694944686934488,0.8792141200909934
1.0,0.3293918918918919,0.687223303268228,0.4574546844092634,0.4888683523554713,0.3882145892372443,0.3817005545286509,0.8559167571444712,0.5351347188845751,0.6952602496360959,0.4690308891542137,0.8614030852954729
1.0,0.2793918918918917,0.6891716982082698,0.4642800147860878,0.4469929400450469,0.3570477864089537,0.23197781885397395,0.8746788242634451,0.5341358199551872,0.6972530988235062,0.4724702473691523,0.8593939128786222
1.0,0.29054054054054057,0.6946347511823111,0.4976855635566914,0.4559711507547843,0.35567868105760025,0.19778188539741226,0.8384369365607298,0.5328235925220978,0.6996493974038079,0.4690643731974338,0.8392558721670305
1.0,0.2307432432432432,0.7019951781996223,0.5458414073335857,0.4512669318998929,0.3476480751126721,0.07670979667282794,0.8261204918717359,0.5322847279831157,0.7089182699056487,0.4709716022217855,0.8265337325150584
1.0,0.2800675675675675,0.7136833101933637,0.6071240581372116,0.4891470078545149,0.3191691044149104,0.2004048582995955,0.8286505951883818,0.5294882859429048,0.7026743998801088,0.4714963047122947,0.8243007801110787
0.0,0.2922297297297297,0.7217491557039487,0.6441008838244361,0.4992029946774382,0.479955201632098,0.06600249066002505,0.9006971294381205,0.5268631048057729,0.6965833229282008,0.4807789072649502,0.8744284281864018
0.0,0.3402027027027027,0.7267751219651999,0.6624986701578066,0.4915288510068423,0.4774247868942196,0.17338709677419348,0.9056836437418018,0.5244004774871046,0.6894930344252231,0.481037549313603,0.8941223662542754
0.0,0.5716216216216217,0.7289334567526518,0.6748391276166852,0.6820738697524743,0.49761894143158397,0.7451235370611181,0.8872703869829867,0.5239873459022558,0.6980410608150759,0.4817204265110345,0.8774015116328168
0.0,0.6027027027027025,0.721821327302255,0.6670771501299543,0.6607920198765476,0.0,0.8002171552660148,0.944106824401004,0.5239506836661955,0.7100607016030093,0.49089627163621397,0.9813086742952049
0.0,0.6662162162162162,0.7166687973183106,0.6788239192140396,0.7210484730301375,0.34316396786381104,0.9786802030456851,0.922367587165744,0.5230443117827225,0.7185286825870841,0.4898404237816622,0.972265619502034
0.0,0.6324324324324323,0.7087120847295353,0.6996616169444058,0.7176166930382665,0.5173097769426671,0.9238578680203046,0.9441903423745632,0.5215671779390866,0.7267844694158893,0.4899301697112429,0.9992821855339272
0.0,0.6229729729729728,0.7013171880428987,0.7106776646289847,0.694516299187265,0.570090163252592,0.9760166840458808,0.931903374617414,0.5193985034786349,0.7342106640550623,0.4923421245016845,0.9898674040984188
0.0,0.5648648648648648,0.6921813301654033,0.7035999062908525,0.6605537462397609,0.4660804914481141,0.9718670076726345,0.9333330058118684,0.5173031449794004,0.7397460148165832,0.4924527466852587,0.9945259873785716
0.0,0.5168918918918918,0.6851079063202252,0.6828175259299089,0.625086828646372,0.4417252609095826,0.9400921658986175,0.92000943261819,0.5153390999759823,0.7483995099178096,0.4910092137639255,0.9927246904007944
0.0,0.4490664919751067,0.9891909245180992,0.42560518447506257,0.4852136601507971,0.439099155874341,0.5355191256830604,0.5311792246584358,0.9876416516802424,0.3621795260509752,0.5148829710661211,0.8304071745702466
1.0,0.3576809695381588,0.9890169169607096,0.4485540035167422,0.4812196952254842,1.0,0.3344262295081968,0.5503146662474392,0.9869499786981384,0.3734012125176319,0.512543642142056,0.8441504231124378
1.0,0.3835571568948578,0.9894801315753542,0.4979640852949416,0.4973326766551239,0.5111403137895149,0.12173922936030275,0.5056325503932712,0.9871529967170954,0.3794693767671601,0.5132126448304439,0.7967542406112043
1.0,0.5149033737307566,0.991949757935946,0.5039283146499046,0.5228848393273499,0.5377595628318782,0.3256997455470735,0.4443696603766172,0.98907596165884,0.3873330370821911,0.5125066462338401,0.7553474075666925
1.0,0.5194890271863736,0.9931789734485232,0.4990116561444505,0.5253606499457344,0.5345817128132431,0.5750636132315524,0.4523529960844807,0.9914210967093784,0.3924143193425438,0.5129254659326258,0.8019024248327156
1.0,0.4683917458237794,0.9922148597488424,0.4646288271485513,0.5452966704677672,0.6050496979765438,0.4096692111959279,0.4652982819861557,0.9922003182759694,0.4032666755754648,0.5137651400301384,0.8346952199046259
0.0,0.6115296429741234,0.9918565747769424,0.4328258295825292,0.5803230847333177,0.5382406029772191,0.6399491094147574,0.4500587082225904,0.9924233138150031,0.4118320321707691,0.5127758354825722,0.8094539382976842
0.0,0.5997379626596789,0.9889817905302152,0.3812819918387771,0.6215488454871313,0.556427951427667,0.6587301587301595,0.4829353128730672,0.9919582176922468,0.4167895854843183,0.5149566290052425,0.8754822469863516
0.0,0.5443825745168688,0.9863858286982014,0.31312939666707,0.5926623878411058,0.580923069464389,0.4342403628117899,0.4838097951844516,0.9911112013477468,0.4144578965020765,0.5150564339747568,0.8669061563175934
0.0,0.6695054045201441,0.9876625845668846,0.33010427679687804,0.6216439770437902,0.6285713430124055,0.63378684807256,0.452490555099755,0.988750172991494,0.404933441998414,0.5130030892648807,0.819282289993296
0.0,0.5355388142810349,0.9873742221580848,0.33720737909824183,0.532776088045107,0.0,0.6938349007314515,0.5130951269718839,0.9856792075852584,0.3896700366259367,0.5136055825052577,0.8716622183993827
0.0,0.5558467081559122,0.9874544360124734,0.3677508031080385,0.5439714848793537,0.5514527862472569,0.8641588296760697,0.5378704881871192,0.9824611923581102,0.3763916882470584,0.5154508427490749,0.8637185827946923
0.0,0.5224369472649858,0.9842455008362576,0.3567080205488246,0.5270999806103593,0.4889287899848929,0.7542492450914466,0.5695483642759236,0.97969458939292,0.3588682834100462,0.5139864191718035,0.901887245911178
0.0,0.4477563052735011,0.981678425481284,0.3549665075268719,0.5350975837747102,0.455929064234903,0.6052454606590423,0.5868316719807025,0.977193783229672,0.3452527061900388,0.5115209181071798,0.9127654730131424
1.0,0.4877169996724538,0.9799333493526444,0.34914339686423235,0.5574111015768289,0.4975576541293354,0.4654719991560853,0.6078929397835411,0.9746587407276592,0.32993605369337065,0.50934756105238,0.9151435040540368
1.0,0.600393056010481,0.9785979113216496,0.3377233861152364,0.566097252548479,0.4822440842037883,0.5960151377296025,0.5998359117460662,0.9725064470425164,0.3221658506259182,0.5088450487599274,0.9034177871662216
1.0,0.5971175892564696,0.9790985178454163,0.3448291353139536,0.5640522772281389,0.460797228406395,0.6479216100913492,0.6087084682312371,0.9708578865232956,0.3144224056694737,0.5094554826554583,0.9169712991891928
1.0,0.39993449066492,0.9791932183628248,0.33216937576275496,0.5172644301821964,0.459830810906167,0.475798222211294,0.6253629347233342,0.9702160610409002,0.31476821409745226,0.5069432320140335,0.9282100256776756
1.0,0.4906649197510651,0.9821292864490748,0.3518687520708472,0.5587423644162582,0.4784474995400152,0.4708804111290078,0.5969127826714942,0.9693507330539624,0.3168613912744665,0.5084008223467535,0.9249212593445236
1.0,0.4749426793318048,0.9832371314400856,0.34884357165584995,0.5521376868536726,0.536006726946522,0.6479216100913492,0.5687082717183576,0.9690483998167128,0.32602733340460466,0.5066086913008683,0.8860189483537194
1.0,0.4880445463478548,0.9828031853184852,0.3503161518686214,0.5575734634582069,0.0,0.8421751478416943,0.5657409272460192,0.9690940883700292,0.336038378724192,0.5063489951588641,0.8890673817625254
1.0,0.6374058303308224,0.9796549794562792,0.3322518031356249,0.5666275138885818,0.4808223974674147,0.9589731610460192,0.5337977587706151,0.9700380548412048,0.35215867733349804,0.5075721826914087,0.8864047459428004
1.0,0.5774647887323943,0.9730790545587326,0.2604992645655266,0.5452782046150383,0.4631117474685055,0.7568851026079229,0.5113314238831926,0.970740792172978,0.36445026697735294,0.5095618681094003,0.8842607232756113
1.0,0.6066164428431046,0.9724969719968172,0.2634047367005605,0.5569658367920461,0.4697185726305835,0.549451409635881,0.45327660661560604,0.970060217039902,0.3749874147659956,0.5057007176331587,0.8076957132195756
0.0,0.5126105470029481,0.9739382776619616,0.27189457248368,0.5173626455263959,0.4559633545412131,0.8125322775004308,0.4128833843448017,0.9684221422996876,0.3777485466042,0.5029376121693906,0.7492884880529241
0.0,0.4831313462168359,0.9744052420080376,0.2899826188896389,0.5062177477312464,0.4015982207076193,0.8423710334538353,0.4532864322595544,0.9668619232443736,0.3846287879200714,0.5021764514155406,0.7851929620400468
1.0,0.4579102522109397,0.9743306249556106,0.3089382253268281,0.4966567340680787,0.4527611094492818,0.4705511749013125,0.4524266884140921,0.9645147687752814,0.3873269826594175,0.5021516106144432,0.7754721277053265
1.0,0.330167048804455,0.9763616534627244,0.3576739436237587,0.4542132186149748,0.4319735969732246,0.4882706752114045,0.4271305680696046,0.9628605460350124,0.3882732201694742,0.5004669965841297,0.717760603109149
1.0,0.2983950212905334,0.979833026455342,0.4238054545207055,0.493884096316173,0.4325138092440863,0.4473222923591213,0.4209600636701728,0.9613112008853664,0.39119284977665736,0.5037060294739792,0.7146362750926548
1.0,0.2207664592204383,0.9814195155560675,0.4532801070197588,0.5139956329019538,0.4386642874458807,0.2432432432432421,0.43874447921630655,0.9619311675875594,0.3966739674851598,0.5013285643609326,0.7234969705402429
1.0,0.4022273173927285,0.9853809825367372,0.4938618238262221,0.5255694560893044,0.38329183490242896,0.6424965580541527,0.3797070975539063,0.9633993786810128,0.4084151771167557,0.5006057226116603,0.6911848413170246
1.0,0.417949557811988,0.9840628671612434,0.4537620833228296,0.5313793341525966,0.4266184305261536,0.7351996328591082,0.4319107438503751,0.9653300910017903,0.4080867863527631,0.504275380062184,0.7922068887005578
1.0,0.4146740910579757,0.9818264380408942,0.4128268694929542,0.5297862417361773,0.43908701248203935,0.5947682423129861,0.4375899660523999,0.9643234699445472,0.402815381627606,0.5009851539342995,0.7940916047914793
0.0,0.4805109728136256,0.97980257575608,0.35457015494560623,0.5050863443373942,0.426310594269858,0.700321248279026,0.443603260148662,0.962730388383318,0.3869161991400325,0.5015301084831307,0.7675980621576837
1.0,0.4651162790697671,0.9769661022688012,0.33608527733203264,0.4989090222939766,0.3865807362293724,0.4910509407985305,0.4484030872173288,0.9613664079880012,0.3770619899170157,0.5018177252033916,0.7894746828237855
1.0,0.391418277104488,0.9764963728428648,0.3350940038147699,0.4668532062261934,0.4406930455353886,0.26617714547957805,0.4120531174311836,0.9613035843758531,0.3720499153218565,0.499273827058871,0.7411740895809354
1.0,0.4061578774975427,0.9799087736200042,0.3945395424658796,0.4234847897070814,0.4399038967349569,0.2937127122533259,0.3589504247134596,0.9615754470569025,0.37630658053835264,0.4990887999761262,0.6836017050988525
0.0,0.530953160825417,0.9842453687721194,0.4643387874153582,0.4781541598735213,0.4556133343504284,0.7177604405690672,0.35075583766071045,0.9618387430049076,0.3885249483840766,0.4984410563459755,0.6917224281214819
0.0,0.3792990501146408,0.9841169009982466,0.499464905739113,0.4549167790677602,0.4587517655333696,0.4598439651216141,0.4310510000049128,0.960952912408882,0.3875160275762154,0.5006741365747782,0.78372566629141
0.0,0.4421880117916803,0.9865414297264332,0.5422078346423549,0.4583793099528686,0.4027574738644538,0.6360715924736118,0.3879360743604733,0.959195334772932,0.3904611944737912,0.4976068870458527,0.703271057591358
0.0,0.4972158532590888,0.9859890218899516,0.5452059843261072,0.4340682506452677,0.4119470634201716,0.7443781551170241,0.4166171290450947,0.9584117257232364,0.3915656023990453,0.4997635782440013,0.7464930366697448
1.0,0.3969865705863087,0.98344035659196,0.5225627410348661,0.3767206080319405,0.40567693247900977,0.4130335016062411,0.4432593626104773,0.9562938009423021,0.3875846382453305,0.5017454542195628,0.7880516589296331
1.0,0.4231903046184077,0.9850216613500609,0.5393078296066423,0.392468932172476,1.0,0.3588802202845336,0.4178698986484827,0.9547959752442524,0.3774541518007805,0.5000831073054021,0.6948467561379766
1.0,0.3255813953488371,0.9875739901874541,0.5971985342139325,0.3793322664522346,0.4738661881795098,0.1312528682882061,0.3830527293182477,0.9532170298998658,0.36851322341166304,0.5010190817910601,0.6829882236867073
0.0,0.4759253193580086,0.9940110206620292,0.7162950773490178,0.4729029150898063,0.4036985105809451,0.3183440399714505,0.3597708659831293,0.9529907812369104,0.3683145086830443,0.4992774808311167,0.6438772025247608
0.0,0.5008188666885028,0.9953900908640516,0.8066224535933535,0.4928156506084506,0.5306015088552332,0.4839400428265529,0.4663791028204515,0.9509140321037376,0.3464858100533881,0.5037960633249753,0.7612545378650849
0.0,0.4710121192269897,0.9952766926240728,0.8832719176984989,0.4682602493008031,0.4352665783857472,0.22840827980014525,0.5441982028897221,0.9470343526872936,0.3177468128792437,0.5061223663419754,0.8290853434863454
0.0,0.6341303635768092,0.9960434607405664,0.9191528708984816,0.5832538790038574,0.4749249966882415,0.810849393290505,0.6046799542124988,0.9444074546103428,0.3001618919029612,0.5071631458824287,0.8599997470179741
0.0,0.7127415656731081,0.9930187966010412,0.8970505629372555,0.603564214904949,0.0,0.9079229122055664,0.6414671651543363,0.9418736226241744,0.2984834553561692,0.5096290182918909,0.9396258395840976
0.0,0.7166721257779232,0.9891229037903668,0.8455326348797315,0.6093822609444353,0.4741358929095093,0.9606770588787672,0.6668517162943568,0.9400609093420206,0.2980259127217736,0.5078923994323954,0.9493466739188179
0.0,0.6862102849656072,0.9851586101841168,0.8154387344151655,0.5899115320713229,0.4897845958888519,0.9274808153793398,0.6847638652118164,0.9364350814792431,0.28877520694555936,0.5055599611372485,0.9612368291232908
0.0,0.7199475925319354,0.9839341771127575,0.8384583867686659,0.5754073542183015,0.4846670301173113,0.9973629387410656,0.697645284427828,0.9351317517826676,0.2930966837163511,0.5066448251719465,0.9546592964569866
0.0,0.530625614150016,0.9814865729538133,0.8416378184368415,0.4116753390341039,0.44857978887009975,0.8261964735516378,0.6878294661236356,0.9337452681902416,0.2965901801847713,0.5053140389756553,0.9959522875899663
0.0,0.5289878807730104,0.9810338655999972,0.8655634960282059,0.4106559722721276,0.4912005723645446,0.7178841309823701,0.6603225758908171,0.9350167108339285,0.3139360947397508,0.5036208800367877,0.9997795650082829
1.0,0.4703570258761878,0.9785811266055676,0.8582913830968122,0.3622014694574397,0.4672441836369723,0.4899244332493723,0.5869102771322876,0.9354718102280264,0.32500500200086635,0.5013951488867169,0.9912634591795008
1.0,0.5050769734687189,0.9780526029083282,0.8716723958583656,0.3920340193760104,0.4888037471370567,0.5418502202643166,0.536509636500302,0.9373300988130708,0.34705579239372264,0.5013918885059963,0.9434510017718409
0.0,0.5175237471339671,0.976530697985488,0.8665335519333905,0.4021208236339209,0.4792696970072009,0.5198237885462583,0.5326530712506568,0.9370246681956051,0.3565692909434077,0.5009365210650623,0.9655308709281716
1.0,0.6197183098591554,0.9755298992947028,0.8582749328370618,0.42574699742470296,0.0,0.6387665198237916,0.5155220610270743,0.9366922236420588,0.3654942787406419,0.499796427246016,0.9324246967425374
1.0,0.6924336717982318,0.973554511087802,0.8569160494633441,0.4404350144765667,0.42707569322583067,0.9087018544935824,0.4989609381524839,0.9359763605487288,0.3734863103689071,0.498415714317061,0.9340261687338146
1.0,0.6966917785784478,0.9701695132756248,0.8723095812435824,0.426197397542004,0.461546295772538,0.9577836411609508,0.5186760927344278,0.9357428391031648,0.3866110019252715,0.4998391081544306,0.9707509881422924
1.0,0.7075008188666883,0.96694195309146,0.9127788047152522,0.43345993677643296,0.5168283659294162,0.8929503916449094,0.5149767377879527,0.9340188706907578,0.39553106561189255,0.4995213256266453,0.9729726046067869
1.0,0.6695054045201441,0.964101494998554,0.9090995425771826,0.4578293678388829,0.5258625576887074,0.9072426937738224,0.5024490417540739,0.9321529911506172,0.3872077037111601,0.4987492390006775,0.9350415701240284
1.0,0.6075990828693092,0.961460345923672,0.91071362260856,0.4641102803908128,0.523239044157929,0.7477243172951887,0.4930508133176781,0.9298013559256284,0.3739888721154549,0.5017541759005794,0.9271091726863842
1.0,0.6632820176875205,0.9581837099865276,0.8778912404526326,0.4541944507718938,0.5511892620396803,0.8127438231469444,0.4816628919817834,0.9279504971339428,0.3645651399549629,0.5010143511587705,0.896558538912362
0.0,0.7838191942351788,0.9529050690513532,0.8489099865109608,0.4648694412860042,0.4697645828061582,0.8678500986193292,0.4685309188450938,0.9261869453189668,0.36740090468244346,0.5000941059445545,0.8739948207714321
0.0,0.8621028496560763,0.9460906670532336,0.7661036176865901,0.44224506021899423,0.5409406415835039,0.9265625000000004,0.4772413522051203,0.9260399855803804,0.3757866225939719,0.5007457102499254,0.8898528008722911
0.0,0.9207337045528992,0.9383575586068388,0.6686704712134262,0.4694843249689009,0.5390885920749244,0.8717406624383375,0.4554087713523525,0.9254973054089398,0.3817339675961916,0.4989215272272374,0.8972127572577342
1.0,1.0,0.9334524064468604,0.629658148765009,0.5030478188600667,0.54803069602637,0.8467415679689878,0.4562390382659701,0.924363090670345,0.3862672060490453,0.4990391361698044,0.8832288401253916
1.0,0.8178840484769079,0.9308033797626196,0.6283044967275837,0.41588576836392654,0.5469636439413312,0.7710159876224858,0.4767107674319208,0.9215762221590416,0.3818780150436272,0.4968995783637091,0.8957339512062151
1.0,0.7569603668522764,0.9313366545840136,0.6542902204939802,0.37130097863854056,0.5639996167240402,0.7808148530170191,0.4399088180241612,0.91755547719035,0.3691193338551194,0.494294936807014,0.8237767479896415
1.0,0.7756305273501476,0.9305616247045287,0.6462823924573621,0.37828514669051067,0.5567536935568893,0.7694687983496649,0.4668949491277285,0.9146545019112768,0.3599232351567643,0.4965109093646173,0.8063172958975059
1.0,0.7192924991811336,0.9287966408836424,0.6304218625845015,0.4074902347568958,0.0,0.7436823104693141,0.4341264265606808,0.9119164689769054,0.3511248794963626,0.4977064140426675,0.7724955703966201
0.0,0.8591549295774649,0.9278761523162898,0.6523976266852287,0.5024630635540309,0.4678020696458833,0.9680247550283649,0.4052095564213037,0.9114361780229088,0.35274846280466376,0.4955580909391003,0.7157012402889464
0.0,0.8345889289223711,0.922237993329458,0.6609745345980019,0.4935714435944336,0.6281068838349916,0.95940170940171,0.4318026617669458,0.9107393515047414,0.3553603632656702,0.4976111889231361,0.7698855117895598
1.0,0.785129380936783,0.9164060843606396,0.6613108839183035,0.5097110825403189,0.6036859760426304,0.9619302949061658,0.4356051859748761,0.9102988049869072,0.3592588724181224,0.4942056180849842,0.7705601744582253
1.0,0.7690795938421222,0.909880739166782,0.6652214807731716,0.5042920311356087,0.5268350161676211,0.9858156028368791,0.4463151378783485,0.908903113079778,0.3612660757289139,0.495055708665746,0.7862545999727406
1.0,0.773992793973141,0.9040810227571096,0.6450374679947988,0.5067756866442255,0.5478159250713782,0.995070856438693,0.42813278375231534,0.9074406262830316,0.35586270321800817,0.493732891900545,0.7458566171459724
1.0,0.6377333770062233,0.8988774236021161,0.6503689064754319,0.4863741018456676,0.4884604687267748,0.9087327642810232,0.41698067787117626,0.9057930563054508,0.3534458735130903,0.4928933601922876,0.7262709554313753
1.0,0.5964624959056659,0.8947612712346135,0.6521616807404091,0.5142611231398809,0.5073317842018019,0.8824688115561379,0.3672678323155599,0.9055891792337708,0.3606139574011201,0.4889760012919554,0.6456930625596289
1.0,0.6875204716672124,0.8893283534133131,0.628329126821046,0.5539201440006651,0.4963610925412054,0.8739330269205506,0.34912969358729345,0.9063606378840322,0.37549479970289423,0.4874189107602656,0.652139839171323
1.0,0.7025876187356699,0.8821670113801104,0.5676017124538153,0.5604616472504369,0.5278336637690241,0.8194353250164149,0.3698224997420768,0.9066304708019668,0.3883580718522817,0.4890780969859064,0.6974717186861114
1.0,0.7677694071405174,0.8783217263996937,0.5530085515904632,0.5389731951313153,0.0,0.8594878529218639,0.3828709549052072,0.9064287662884244,0.3960462277605389,0.4901725350199325,0.6871064467766117
1.0,0.6603340976089092,0.8730006675824166,0.5252108882438319,0.4782175759978342,0.5373379076991274,0.9017916390179151,0.3947894610143015,0.9053514404157508,0.3998284357510196,0.4910812658404163,0.7261823633637726
1.0,0.6744186046511629,0.8677357531334996,0.5120772326971316,0.4839765392047435,0.522197600565873,0.9358006042296076,0.4044235049054528,0.9060787799640077,0.4133184878613197,0.4918691358917499,0.7250715551315251
1.0,0.5568293481821155,0.8611278954550721,0.4605605496235247,0.4897266072073274,0.4386121918566617,0.7694323144104791,0.3364202231403741,0.9049158173175316,0.4130649161615235,0.4900435248345068,0.6704988414883466
1.0,0.491320013101867,0.8597376701943479,0.4662223813830026,0.5099978209774946,0.3969439699426679,0.5956331877729251,0.3372357515880697,0.9034348682909399,0.40675962231656415,0.4901602220311472,0.6293716777974646
1.0,0.317720275139207,0.8605642416180054,0.48861731730492597,0.4733089968360623,1.0,0.3624454148471608,0.3398493728782748,0.9005173007551112,0.3877162440934221,0.4904190912082492,0.5978601608286764
1.0,0.18440877825090066,0.8633322538515144,0.5205725498166464,0.4368803996721267,0.4021455748530348,0.07248908296943214,0.34695331345278024,0.8983390407237725,0.3726386234005065,0.4910216439569127,0.5922516014719909
1.0,0.3982967572879139,0.8696087540686782,0.5866744248521946,0.5067043305808406,0.4716704205167336,0.08625336927223726,0.2880338395177576,0.8957194725996119,0.3595310076933221,0.485997611681476,0.4893757666621237
1.0,0.4107435309531611,0.8729305006149576,0.6320710992458247,0.513818990857304,0.4545580247344391,0.3625336927223716,0.35776643461770874,0.8937169562977799,0.3508677961665204,0.4883419647744216,0.5352119394848028
1.0,0.295774647887324,0.8754086449585755,0.6943117397880743,0.5056973756543481,0.4717353811967702,0.24967148488830376,0.39991353433325627,0.8926098722607155,0.34684411592682873,0.4882717955050132,0.5830039525691697
1.0,0.3629217163445786,0.8785082861667278,0.7621676835800621,0.4903487776735957,0.4620277364422696,0.4073107049608352,0.3748434037995766,0.8918551246853271,0.3439907260814954,0.4898046215588602,0.5665121984462314
1.0,0.3616115296429743,0.8787996970775059,0.7960286678722199,0.4897625499921851,0.445827982619568,0.4177545691906,0.40884995750408987,0.892050932982858,0.3437175060483174,0.4890434472504544,0.5830039525691697
1.0,0.3838847035702587,0.8775943172286177,0.7913704002295874,0.5029159373523483,0.4826705054015188,0.40992167101827776,0.4045905408525709,0.891926214419753,0.3427521084554899,0.4886106842799303,0.5960610603789012
1.0,0.5682934818211594,0.8765935635670042,0.7847515728141963,0.5473445267156726,0.4724447383443372,0.5558223289315722,0.4020800888238212,0.8909334954581068,0.3382157670740238,0.4883593711304875,0.6032233883058469
0.0,0.5289878807730104,0.8730568406422848,0.7525070981598211,0.5780419049588967,0.4636325334843901,0.4633853541416567,0.4832251693695376,0.8895453175368554,0.3332464962924723,0.4916168436641348,0.6569578846940167
0.0,0.5617425483131343,0.8720364337479921,0.7409968691908113,0.592912705796954,0.4850080201297725,0.38175270108043136,0.4999484153692722,0.8883536832734008,0.33231799897769176,0.4929977140936515,0.6864794875289626
0.0,0.6351130036030129,0.8705397177634003,0.7362027289831488,0.5821339704532223,0.4912978583134837,0.6249999999999992,0.4411075465858345,0.8893645003090763,0.3435061935299686,0.4917603536412383,0.6324860297124166
0.0,0.7156894857517199,0.8673236347727452,0.7110081870423735,0.5715679923844634,0.5150002664289908,0.7576528078504602,0.4898820431444025,0.8914295082385079,0.3614352991774944,0.4957421028872048,0.7220253509608829
0.0,0.6531280707500818,0.8630619380976852,0.7053371527733521,0.5466533275383124,0.5372901189962633,0.5060018467220675,0.5025915135913219,0.8942960785249082,0.3834847735356708,0.4966009290630462,0.7729317159602013
1.0,0.6017032427120866,0.8621535720355774,0.7235479542154384,0.5711275588310119,0.5954833721719821,0.4108251996450759,0.4467916816098335,0.8966973874118301,0.4068567695459243,0.4953938353540792,0.7651219844623138
1.0,0.5597772682607268,0.8627987249419516,0.7680306458775656,0.5504900767243993,0.5175745773436757,0.28837622005323843,0.4109329940210957,0.8965438401631062,0.4069541651642597,0.4962025600480349,0.7290786424969333
0.0,0.7038978054372746,0.8648146159952689,0.8255472787638671,0.6014623579960804,0.5967622586809461,0.6237799467613128,0.40951318847058976,0.8940435126043457,0.39444065881291934,0.4962746411609034,0.6697969197219574
1.0,0.6550933508024894,0.8625384606976026,0.8413924440794767,0.5771496838930129,0.5724357086972739,0.4873362445414845,0.5181012925634612,0.8919397844212121,0.3807171752540132,0.5015629693907931,0.8031688701103988
1.0,0.6852276449394039,0.8624301699886922,0.8764739567312393,0.5432558767894133,0.5663976526492176,0.5046491969568893,0.5048661501653164,0.8896648144313529,0.37497712822563145,0.5003373698253408,0.8038639771023577
1.0,0.6642646577137238,0.8622325764070135,0.9291750723511634,0.5241659906203782,0.5541752175363378,0.5426114151680996,0.5479515988779113,0.8880566927503578,0.3748029323347437,0.5002594016372464,0.8229112716369085
0.0,0.7517196200458567,0.8622883452512337,0.9826098189958694,0.5547204918522229,0.573917926676286,0.7482408131352621,0.5546772521604135,0.8836237221187632,0.3567433626637009,0.5007744815840817,0.8379378492571894
0.0,0.7936455944972161,0.8594820578231132,1.0,0.5367010194743861,0.5807154766234449,0.8068803752931979,0.6672545676962303,0.8797216716046318,0.34474248278668784,0.5064833377915228,0.9201921766389528
1.0,0.6855551916148048,0.8551494477725715,0.9848989278654254,0.5205516573839316,0.5804736744615147,0.6027713625866046,0.7110622012390136,0.8773377306278106,0.3425806748666941,0.5064066789933458,0.9612034891645084
0.0,0.76580412708811,0.8535546162575834,0.9878982669089924,0.5525669527335816,0.5504953747371293,0.7313317936874513,0.6431227861595981,0.877247404222797,0.3549358913434193,0.5039626807944729,0.9405002044432328
0.0,0.8604651162790696,0.8491107621741111,0.9693366723968474,0.6828841910208544,0.6152417409134942,0.9407236335642796,0.6293423205223312,0.8766975589510021,0.3623514243119814,0.5064800147900976,0.9341420198991413
0.0,0.8686537831641012,0.8412298971162294,0.9239684217588494,0.6881850825063309,0.0,0.8794272795779959,0.6802637202835677,0.873022022205694,0.3492957760794213,0.506964638676507,0.96579721219647
0.0,0.9056665574844408,0.8333726178688078,0.8791004606207966,0.6530584952272782,0.5618286926469652,0.8972935461485068,0.6935086883256611,0.8711559048070182,0.3464067801342846,0.5082500835766249,0.9491768269801526
0.0,0.8866688503111696,0.8255463190477795,0.8411506038264328,0.6447906768272911,0.6824779129272356,0.8543307086614175,0.6355865172513743,0.8690790634239348,0.34214538878439915,0.5027965071434312,0.9503162376251136
1.0,0.7137242056993124,0.8180244191920415,0.8081974751395463,0.5218315287239745,0.6320013358310609,0.9186716367333118,0.6726046308259926,0.8691438451284822,0.3472105395906557,0.5021298460171558,0.952861148826134
1.0,0.7359973796265968,0.8141037988281165,0.8082679036635789,0.4915817476562546,0.5618732397636418,0.9860814236715216,0.6611577556264089,0.8695624672711685,0.3601487758770009,0.5008393620194007,0.9746873443544588
1.0,0.7009498853586638,0.8101938936680909,0.8290342676792414,0.4663540950770149,0.4536554567462574,0.9716931060918801,0.5877700209777498,0.8683161195520642,0.3617194359805965,0.4981327674460186,0.993018928636383
1.0,0.5843432689158207,0.8063532544021651,0.8516677797855898,0.3398177554551384,0.5874444484065989,0.9812464837156978,0.6339014193142679,0.86873503670035,0.3761015385639472,0.5021791785519819,0.9606444107589802
1.0,0.6203734032099574,0.8033405493190636,0.8765481526189239,0.3678246476536096,0.4589225385349012,0.9873587738010589,0.5665908454475332,0.8688481991934284,0.3842011051872184,0.5000526123234235,0.9596855501110444
1.0,0.5833606288896164,0.7998138582502955,0.8726276043601202,0.3977727464650849,0.0,0.8564085828506145,0.511483721364389,0.8720083331584382,0.4085524655340299,0.4954587276919483,0.9649874854584553
1.0,0.5951523092040616,0.7976239507114989,0.8759139964355871,0.3520902034330243,0.4135912358692196,0.9125196005611949,0.5059224068897418,0.8721761381976602,0.4160770562973791,0.49878581052762105,0.9995068307619832
1.0,0.6462495905666559,0.7942979702932954,0.8733168007558366,0.3894374121414064,0.4582706533803031,0.9945039846111566,0.4845074159047696,0.8716952449691046,0.4211351961042942,0.4973419330315912,0.9859175256165831
1.0,0.6691778578447426,0.7906318758051488,0.8677539300415469,0.4056026345764789,0.3628090414582513,0.9169329073482432,0.4503240006091901,0.8712841350371344,0.4297158391478765,0.4945526599488297,1.0
1.0,0.6675401244677365,0.7875663704778285,0.8714145726681675,0.4046648671214653,0.4207122203822247,0.9029275808936832,0.42957224059071797,0.8710784246795863,0.4414582073458878,0.4930978391639168,0.9817780360255668
1.0,0.6665574844415327,0.7846724137656457,0.8748467656148557,0.4049523750406056,0.3936339331591047,0.7812500000000009,0.4334877597040516,0.8693101916751459,0.4441854519571122,0.4896812689329903,0.9950352777190468
1.0,0.7137242056993124,0.7813834222103194,0.8717354495160965,0.3817114965903592,0.4556596805215736,0.891066204820016,0.4180614987054712,0.8687743030438005,0.4516535946819288,0.4885814023727938,0.9765462455078492
1.0,0.7884048476907957,0.7774762586077585,0.8475730802807189,0.42518319940435295,0.4469404355681973,0.9054878048780496,0.4020948272897432,0.8677820368724097,0.4561024907740915,0.4872754021718458,0.9972653048357604
1.0,0.7749754339993449,0.7740128462020047,0.8272707577291062,0.4185477222882337,0.0,0.8785357737104831,0.41005851170971136,0.8649820180052606,0.4479710412668296,0.4879023393225425,0.984671521341656
1.0,0.7504094333442515,0.7718407990801498,0.8330960647846699,0.3813418836122103,0.4833599971834554,0.9292845257903498,0.4357820475659424,0.86068824290037,0.4324404446244202,0.4899425499386785,0.95663892566673
1.0,0.7264985260399605,0.769236142906723,0.8659725459315739,0.3692815303186227,0.4624937195182253,0.8643926788685528,0.4559098791937079,0.8563138393484516,0.4140051797224517,0.4877535988827285,0.9747178614210958
1.0,0.7025876187356694,0.7665977418881379,0.8924933069526719,0.4118244480581063,0.506129784789073,0.8502495840266223,0.4371379864307858,0.8525823449404429,0.4018668290520983,0.486498133704486,0.9896087706415752
1.0,0.6583688175565017,0.7637010516770929,0.8934966560985348,0.4422478795596764,0.5253385097852954,0.760399334442596,0.4542100427906791,0.8484110546893927,0.386643844622394,0.4878674826806054,0.9759985655492746
1.0,0.6416639371110384,0.7614948847674677,0.9008992587282584,0.43225597742062943,0.5212567101422859,0.6763727121464237,0.42955258930282136,0.8437887470625999,0.3711734134496004,0.4861697371865194,0.8890862207346433
1.0,0.6318375368490008,0.7600415071670837,0.9082432393534056,0.4800444601396887,0.5200744953990855,0.6630615640599002,0.4285700249080073,0.8416193478706254,0.3677803058656063,0.486250583758633,0.83327925681791
1.0,0.6629544710121191,0.7585118612409952,0.9177435607431478,0.5170553086527533,0.5368828936055248,0.7579034941763729,0.3975455541417546,0.8411592677477139,0.3746906492889596,0.4873841006814388,0.8290271350262131
1.0,0.6799868981329836,0.7552883146916728,0.8904999979335514,0.5287663516033363,0.5268641298385244,0.7371048252911817,0.4135220512014305,0.8427683105013591,0.389389588842974,0.4885821016650253,0.8788486825253162
1.0,0.6803144448083851,0.7511329682152691,0.8583593063187436,0.5296635099469644,0.0,0.6863560732113148,0.3796874462660096,0.8418683794876629,0.3876805970190113,0.4896142833313773,0.8537116412507045
0.0,0.8352440222731738,0.7465635369131914,0.8412860600017746,0.6832028406287632,0.563299127205218,0.9500831946755413,0.4222079204515866,0.8388694683904846,0.3763443078850925,0.4892545975217111,0.8769873119418026
1.0,0.8208319685555188,0.7388362805660509,0.7792273087252357,0.6797339318731866,0.5880245139415884,0.8964646464646461,0.5268903310750728,0.8351814939617758,0.3605171944584712,0.493728634292148,0.9858262606943424
1.0,0.7916803144448085,0.7337611573802479,0.7579876487845174,0.6107435945597424,0.5948207837728179,0.9349794238683136,0.4580027413546614,0.8328045172576625,0.359429900910524,0.4922939745739936,0.9382820008237608
1.0,0.7874222076645919,0.7286523591915205,0.735697488580886,0.6589213964958864,0.5687728203206028,0.9964664310954058,0.4540086170897427,0.8317296683705023,0.3659584792029905,0.4918832794208289,0.9585556725092677
1.0,0.7762856207009495,0.7225988426727475,0.720245905073307,0.6550613741864041,0.6984802291471788,0.8777372262773718,0.4568138384369364,0.8304642758352537,0.3736044803295616,0.4922128413409267,0.9264289963846049
1.0,0.7359973796265968,0.7175879128198585,0.7219060809174849,0.6325643996831523,0.5723223496650728,0.9360587002096435,0.4576932335702954,0.8271795349152871,0.3683357951451155,0.4922689435326801,0.9321953228685188
1.0,0.7304290861447755,0.7133784935080173,0.7172300069628074,0.674002360885894,0.6115058189189301,0.9464668094218416,0.4629597787264982,0.8229760817689175,0.35202045829376283,0.4929063601376166,0.872234680334996
1.0,0.7553226334752703,0.7091506627821208,0.7083888729369179,0.6899390535103765,0.5100382026200235,0.956521739130436,0.5080545716264878,0.8186378740979242,0.3374704218898886,0.4929281193953516,0.8776165850533156
1.0,0.7156894857517194,0.7050224143288085,0.6680275710743375,0.6954982051274832,0.5259579505290384,0.9493059746529872,0.5061434838785747,0.8142979181921043,0.3176686869847967,0.49282963971108,0.8639970710722619
1.0,0.6528005240746808,0.7025613729782992,0.6659809837562338,0.6557645951974105,0.5235710252735309,0.6952067365985521,0.5324074301519532,0.8100005040494699,0.3006748325693719,0.4951208131984407,0.8460299299803211
1.0,0.6239764166393711,0.7026057065799146,0.6975519363941369,0.6583380800488727,0.5289751692627499,0.6818581265225758,0.5293762189939525,0.8092091718486106,0.2990054933802868,0.4952929053417315,0.7620337741979775
1.0,0.6295447101211922,0.7023208525979582,0.7314490221353159,0.6638256382933578,0.513105784251378,0.833142374050302,0.4490122771421129,0.8115082426393202,0.3175614059716733,0.488136835360738,0.7633060271841103
1.0,0.6763838847035705,0.6989698025774208,0.7520794346156743,0.6958842849094627,0.5256503843904867,0.8275804531853123,0.4340183444772512,0.8134435154382093,0.33348110954720755,0.4867376130839844,0.7996613427303098
1.0,0.7916803144448085,0.6954746341182702,0.7383474150212413,0.7321230940701454,0.5018674973165961,0.9055343511450388,0.5102407774049492,0.8151422768397353,0.3518603225130448,0.4891976398355828,0.8435586472015011
1.0,0.7464788732394363,0.6922952922078388,0.7372554829563951,0.6692632394432171,0.4863984343037736,0.9348025711662082,0.4357967860318642,0.8173869272394364,0.3745465492438905,0.4829128014551648,0.8496819367534663
1.0,0.6662299377661318,0.6884775953170231,0.7010817799051602,0.6378545002577188,0.4871895705581962,0.8888888888888896,0.3903384443057937,0.8223496950428019,0.4117809321282081,0.479232881549156,0.8641984348542402
1.0,0.7834916475597773,0.6853009618595661,0.695023394833821,0.6509879413871466,0.0,0.9017447199265388,0.3627971643191569,0.8236403688575223,0.4279266821214307,0.4808512265819585,0.8386160816438609
1.0,0.7196200458565345,0.6811700095659781,0.6864213070267378,0.5945818723286628,0.4475591167188069,0.9205058717253842,0.3787147075151439,0.8240053826329853,0.43889280524874,0.4783485420616788,0.8436867877900327
1.0,0.6259416966917786,0.6778138962951891,0.7331774210005124,0.5834838297107762,0.487883176702285,0.9410589410589406,0.3671106220123903,0.8243392184993831,0.4454508775342063,0.4773980763310982,0.8739645782801704
0.0,0.6374058303308219,0.6743292772235497,0.7498923123896625,0.5891622078004912,0.5040845555539253,0.9745293466223696,0.3606699124043841,0.8232504453674431,0.4429074326787089,0.4768814540264836,0.8879044437325522
1.0,0.5696036685227646,0.6694851966783101,0.7199757059442877,0.6034316998549161,0.4787561628528842,0.9904240766073862,0.3934924760131464,0.8217145670854676,0.4314417969872753,0.479408320606241,0.8627705825820327
1.0,0.5293154274484113,0.6673483607590719,0.6541390879993321,0.5828891883391062,0.0,0.7673343605547006,0.34620656451272186,0.8208673169839732,0.4294653184751066,0.479574924217506,0.8079172577914058
1.0,0.4962332132328859,0.6662329989738293,0.6125838815634128,0.5630804064743983,0.38647365635678016,0.924499229583976,0.3307360881163747,0.8214456684281203,0.4364926705737455,0.4783689235563176,0.8350006864674381
1.0,0.5499508679986895,0.6643576971530302,0.5986511613726662,0.5418507925941813,0.4835537097813074,0.9869494290375208,0.3376729927437621,0.8206673981109266,0.440472271164826,0.4789002839317435,0.8181227403780147
1.0,0.5309531608254179,0.6609049266748458,0.5533616329174382,0.5323910920286561,0.4971757800178122,0.8254799301919722,0.3524802381736092,0.8184452406776659,0.43407531377556696,0.4762980226996654,0.819651274541211
1.0,0.5401244677366523,0.6579044166052609,0.4832489091762435,0.5372011766579079,0.4853381927163482,0.809773123909249,0.3528044844238977,0.8166811374360526,0.4305453720824126,0.4763358674767772,0.8075145302274493
1.0,0.6396986570586309,0.6555175057618482,0.41438606444213055,0.53566863362742,0.4735724335107592,0.8322259136212619,0.3529911716589124,0.8138219163003707,0.4228014373964904,0.4763579473503994,0.8003386572696898
1.0,0.5614150016377334,0.6530271048288453,0.36869070579187424,0.5468065076333832,0.4641872555118319,0.6009036144578305,0.3974669489901692,0.8115764950597172,0.4150387557121191,0.4760283381592553,0.8050249416502673
1.0,0.5489682279724862,0.6539002431390565,0.3979804216108752,0.53959993160242,0.4680881575273392,0.6641566265060235,0.3485450677723793,0.8088242380143714,0.4058793838018343,0.4760882746847229,0.7287721385748938
1.0,0.5139207337045528,0.6533949906863662,0.4271252002921799,0.5711162524735426,0.4858648598022671,0.603915662650601,0.3625220462886087,0.8076939794709582,0.4018583556989249,0.4771626351700967,0.7266029014690405
1.0,0.5869636423190305,0.6526547673176079,0.4139459100426704,0.5573990553849931,0.5237279494350591,0.718373493975903,0.3655434318026619,0.8067034942462276,0.4058917946505435,0.4774090740312862,0.7164614891766969
0.0,0.6501801506714705,0.6505068879294081,0.3852879656825024,0.540497143551443,0.4882180658127714,0.8975903614457821,0.3916649062387926,0.8066808723206421,0.40992661361434135,0.4793585456799765,0.7869296599697955
1.0,0.6059613494923022,0.6454402463856067,0.2673697290688112,0.5212677005672456,0.5256198950409601,0.687861271676299,0.3547155721718112,0.8062277262756766,0.4128726905830923,0.4802845967290337,0.7335133403505565
1.0,0.6573861775302978,0.643742280230679,0.2351328028942476,0.5476228747702614,0.5176724786593241,0.429208472686733,0.3564350598627357,0.8048805051282998,0.4073175059906176,0.4804437704361034,0.7123243787469681
1.0,0.5895840157222404,0.6447144155002359,0.21749267624135787,0.5071802086598876,0.4701879993004676,0.6757009345794394,0.35020068877764066,0.8027264383881053,0.4065351617604696,0.48000482737615,0.6722529861333578
1.0,0.6387160170324271,0.6461150797900522,0.2410677089378545,0.5332625746223666,0.4910906138425062,0.8579439252336439,0.3404634756250336,0.8002681271862474,0.4058004956536421,0.4792821696660241,0.6294448766646833
1.0,0.5646904683917456,0.644124378990652,0.2475796300781575,0.5005080003325812,0.4811703164693328,0.5364485981308404,0.3444772511778489,0.7970790583291737,0.4031164110327419,0.4796408146183354,0.592650221957805
1.0,0.6089092695709135,0.6449690823211937,0.27000384912995634,0.5266951641627889,0.0,0.7364485981308405,0.32485544021341284,0.7951824417575138,0.4032293787751856,0.4781208881475724,0.4874467987735114
0.0,0.6976744186046511,0.6413311013696491,0.2740429589974899,0.5323461623158748,0.4889531918747294,0.9365217391304343,0.3330795041980064,0.7946009269404705,0.3964820985578917,0.478766355927384,0.5328909432062605
0.0,0.876514903373731,0.6367965785473398,0.25208114658127123,0.6090076419514443,0.5305046177322492,0.8780487804878048,0.3568428240865837,0.7951394054038771,0.39084068180916864,0.4806947167721231,0.5779598187725964
0.0,0.7589256469046834,0.6338391703458921,0.2579651606375858,0.5279302030438898,0.4803105480218847,0.9146341463414626,0.31580602213717585,0.7953751226471767,0.3809663984573809,0.4773929424570876,0.4914100041188048
1.0,0.6177530298067475,0.6345492280556543,0.2812571590091826,0.5127231524305923,0.0,0.8407460545193689,0.24562636023758394,0.7960552436733322,0.3842373172448119,0.4751895300488125,0.3841563315180083
0.0,0.6128398296757286,0.6346950746452807,0.26212387226764483,0.5094148829670738,0.4865775202732726,0.9863701578192244,0.24321907747028956,0.7977717371418577,0.3956322133102009,0.4749925607570071,0.38701203606242257
0.0,0.5515886013756961,0.6306891333419923,0.1874898379642488,0.5369854588228749,0.4032137031334775,0.941176470588236,0.28024701668885604,0.798935055330784,0.4029552629788888,0.4781037834808141,0.4755663356368128
0.0,0.5627251883393382,0.6283955313455939,0.16372338486108612,0.5413709439796345,0.40949104260369545,0.8839009287925697,0.2404678971648103,0.7999421942582979,0.4110124787838095,0.4747046865030202,0.3994508260491511
1.0,0.4477563052735015,0.6278387321924003,0.17661657223351088,0.5464880416871141,0.4465608725821937,0.8552631578947376,0.2181636854025321,0.7998852837797391,0.4138499831591146,0.4764969666809279,0.3719555169099813
1.0,0.23878152636750716,0.6281424158207293,0.19653866606721493,0.5209040153579493,0.4909267360176063,0.5287581699346403,0.2463583707117205,0.7990353550526285,0.4127668426187021,0.475184147064797,0.3822159168916756
1.0,0.2754667540124467,0.6301950877478607,0.1802664098711617,0.4828702575587554,0.4988951000252334,0.5227675931401536,0.2494927511311773,0.7979343082672145,0.412778627470704,0.4754100911321942,0.34431376138391856
1.0,0.317720275139207,0.6294336761767064,0.12241871702206035,0.44831017601969547,0.453621730995373,0.5569035239745811,0.27313325047040243,0.7976451194547746,0.4164245843026765,0.477460781309844,0.3931902430094731
1.0,0.3724205699312149,0.6266385720781108,0.03266558034687056,0.4193000056810752,0.4792124482120288,0.5956094742923166,0.27644449248092584,0.798487953280186,0.4315732807494129,0.4777409882004089,0.3891538144707336
1.0,0.41500163773337706,0.6251322377934564,0.018889536685183284,0.4349770501995644,0.4722897682631798,0.5106874638937032,0.25492633223449884,0.7987585342109488,0.4379091387181415,0.4795893574385321,0.3653745823989748
1.0,0.2476252866033411,0.6247737375338555,0.028750114343297436,0.43168876479057183,0.4804380784123815,0.4679376083188913,0.23238630501746504,0.7992806273460765,0.4479273288371477,0.4775539142083596,0.3010937714521074
1.0,0.2653128070750085,0.6286976520740336,0.11765006790791575,0.4380056407768058,0.5524555015435461,0.4604274985557488,0.2251398926057116,0.7990167007026484,0.4440059819823709,0.4768987293088609,0.2845270239348314
1.0,0.0,0.6301505679149294,0.13453832454887793,0.3904951446030187,0.4551003052492194,0.18418079701027512,0.21472471002068305,0.7989451226005572,0.44267699936051785,0.4758860395891034,0.2347260994920143
1.0,0.16115296429741244,0.6370719333141578,0.19380911905867876,0.3932823374896856,0.494857295909101,0.3679342240493323,0.1445204840112209,0.7990479403335337,0.4381246187287471,0.4690183197527474,0.08755663356368157
1.0,0.19882083196855527,0.6392293666341212,0.21775830711826444,0.3598060441330748,0.4339232322264223,0.3910585817060636,0.2349016698681891,0.801727582356277,0.4592127760905325,0.4736030617679782,0.2530685094503686
1.0,0.1297084834588927,0.6397888032520719,0.2143535831233853,0.3811749760235331,0.4298795652812216,0.3304213771839673,0.18915838446762206,0.8046997622492209,0.4825920182247442,0.47320450293411104,0.232364651503364
1.0,0.2859482476252868,0.642013109018838,0.2133522812692944,0.3930874153696638,0.5285559123165303,0.37101747173689664,0.1655915774580076,0.8073771943133393,0.5018072436467715,0.4747681368848061,0.21237471969246274
1.0,0.2875859810022929,0.6412185284221162,0.13486149198050393,0.3932480810729323,1.0,0.3391572456320661,0.17742656559354258,0.8116731504607012,0.5179151684793136,0.4721271944076815,0.2126767653654296
1.0,0.1883393383557157,0.6431605576583214,0.1361682671331802,0.34517816265689505,0.5271316348287995,0.007716049382715613,0.08775282610084051,0.8151962097138078,0.5280261130908325,0.4681592658787941,0.18075145302274492
1.0,0.32132328856862113,0.6516124867777976,0.16453044437578118,0.389308732322262,0.2888914763536773,0.048245614035088334,0.0,0.8201376421889496,0.5478149204580843,0.4589856544876641,0.0013327328376182429
1.0,0.4746151326564038,0.6596794488652286,0.2220130093200472,0.40354548158834497,0.4602657977760894,0.1864754098360658,0.02110057037863133,0.8223139521149451,0.5538848319669357,0.4612184974223598,0.01263186845569036
0.0,0.4507042253521124,0.6664513309053782,0.2388979760028113,0.39388856214974427,0.5126317548010197,0.30832006369426723,0.07319613459167068,0.8246421373972689,0.5645717591672643,0.4623483356610841,0.0489676914200937
0.0,0.3396659023910904,0.6719349992085805,0.2940173304198077,0.354874435065034,0.5067134567936191,0.3282245222929934,0.09306849947678447,0.8253015807484262,0.5666736962204825,0.4642329222883833,0.025418826618016668
0.0,0.3373730756632819,0.6755466485040139,0.3155420842283123,0.3533935592324522,0.4978122728998804,0.2514501819836214,0.1657193108293333,0.8260509755876743,0.5687644187390577,0.4671727428980582,0.12675894681266214
0.0,0.5158860137569604,0.6797548913858479,0.3267578711614809,0.3690889904434975,0.5024087388414598,0.4746644676979072,0.1573675134734141,0.8263129183875674,0.5739383393319314,0.4663276438441274,0.09299175906158892
0.0,0.563380281690141,0.6811786193314003,0.3393332767087155,0.3871360591511208,0.4919657618606249,0.7177832120109191,0.19790320758146698,0.8258562191061206,0.5738394525735608,0.4700690076331007,0.18894474668870406
0.0,0.5535538814281032,0.6816812646369358,0.36675109356897206,0.38367316545769614,0.5071982283088814,0.6914808917197449,0.27489695355909394,0.8258515651603314,0.5789710984839034,0.4734029800860774,0.2839680462778049
0.0,0.4490664919751067,0.6824994372797478,0.4302922364656949,0.3946976820192926,0.5060410923502752,0.6566480891719746,0.26796987457565485,0.8255301495623516,0.5785790736097048,0.4727790124295091,0.2950095264329823
0.0,0.3449066491975107,0.6842221428178038,0.4752520302334652,0.4072186708962205,0.5100260888495809,0.5855607370336671,0.24239863620062002,0.8265468932719237,0.5891413545539804,0.4741112239360062,0.2352799393981133
0.0,0.2472977399279397,0.6840704047118139,0.4547287468237127,0.4132167266892748,0.4989725792101976,0.3886487716105544,0.2361888292253952,0.8270807627492834,0.5945911460032505,0.4735214347472867,0.2144709960287401
0.0,0.5293154274484113,0.6859100824627852,0.4258002715236573,0.4757729791988858,0.492778904059317,0.6993005004549587,0.2195392755552716,0.828809385320718,0.6074749739843031,0.4719187970986953,0.16465808139935267
0.0,0.5142482803799537,0.6820919073920123,0.32639835548862217,0.4700196215530674,0.0,0.6516719745222926,0.2591267950223289,0.8303185256086708,0.6137274282457107,0.4756109486980394,0.3228198241627071
0.0,0.6754012446773667,0.6806945106557349,0.3034878887379125,0.4887700486861108,0.4987073112426371,0.9054538216560508,0.26859871578833594,0.8317707814381153,0.6215781915148652,0.4764707539186663,0.31756306957739394
0.0,0.6439567638388469,0.6756940874709979,0.22278783710200264,0.4774761797104836,0.4910291358153364,0.8952448941585451,0.34698770320659905,0.8315287926192646,0.6131891451731274,0.4835541420381924,0.5106397631017152
0.0,0.5918768424500489,0.6706628236408089,0.14202962665339222,0.5049369725752547,0.4830538938849464,0.8409274318703831,0.3216031520665785,0.8304484266892891,0.6041180784129793,0.4812732000889814,0.4181989302848749
0.0,0.7232230592859482,0.6662720820187887,0.0656603145465291,0.5072446325631961,0.4946978265248124,0.9130920603389416,0.3096846459574845,0.8294225458006145,0.594141254819848,0.4801839795588331,0.3456603080595921
1.0,0.588928922371438,0.6610918962396356,0.012466033048858459,0.5071932265975115,0.4627789810696485,0.6042584890433921,0.3302890213167346,0.8296974224905523,0.5971471495480375,0.4784216064741752,0.3923627849321675
1.0,0.4651162790697676,0.6617158975990568,0.0198480835138517,0.4995648571545726,0.35974111365821293,0.5522689179961513,0.2646979351409242,0.8300024856629075,0.6023764647904214,0.4758756889760157,0.270344099350366
1.0,0.3098591549295773,0.6605424956243006,0.0,0.4758539414948719,0.4543172440422845,0.28844124402507865,0.280802165571926,0.8306933364115799,0.6095319815578062,0.4737045216327101,0.2725248490691642
1.0,0.5070422535211269,0.6644200316732319,0.019587307755283168,0.5179448479302046,1.0,0.2915450990129741,0.24338120059543406,0.8299908541875697,0.6081966506248856,0.4700330318059245,0.1850653077152632
1.0,0.271863740583033,0.6678224936851388,0.02874824374747009,0.4833912763798153,0.3886061219771191,0.18291017443664975,0.27115338321485233,0.8299796495146873,0.6100774957494486,0.4690294375760004,0.20115694511397306
1.0,0.3170651817884051,0.6761877230707246,0.10360878405357744,0.4988833131792837,0.4297487933482539,0.3718054410552355,0.2511238080265684,0.8304317730231744,0.6149580078039423,0.4670317285748238,0.14428528797373918
1.0,0.4690468391745826,0.679462284469431,0.12607738889190542,0.5035672713909041,0.44152955783879816,0.6743610882110478,0.2518705569666271,0.8316249643455506,0.624380070413209,0.4671335170398196,0.17618162201868556
1.0,0.4412053717654765,0.6792720596264356,0.1378851542544975,0.4926275184370975,0.3876374413754236,0.5910964550700746,0.3324162732315069,0.8327883524594163,0.6360827362498431,0.4712219782047704,0.3490002984183826
1.0,0.2931542744841141,0.6806585668165187,0.15266646840161818,0.483799433586923,0.4271445969416051,0.4006595218466613,0.3437796304575312,0.8323261668077554,0.6376630646469871,0.4686191784019961,0.3678465670408376
1.0,0.3481821159515229,0.6833970754627349,0.1738868238391021,0.5040865138674661,0.4432760172321112,0.5630667765869745,0.3017307871814649,0.8318760801380121,0.6365266536639035,0.4645027227565596,0.23383375800564696
1.0,0.4572551588601378,0.6842719554368327,0.15488295639529742,0.5492991478425149,0.4244444629037056,0.5572959604286898,0.30960604080589943,0.8316726313466737,0.6321871296809844,0.461578870551326,0.2406170373941192
0.0,0.4811660661644284,0.683049181827846,0.11618388012597936,0.5582652967346979,0.0,0.7798845836768341,0.3012738947378765,0.8322055156165339,0.6395679057390987,0.4607541042754956,0.20625301287790124
0.0,0.6724533245987554,0.6810034675533302,0.08566212348258934,0.5788395297619834,0.39189393350192175,0.9596042868920036,0.3662803550987722,0.8328107237175363,0.6489234016388534,0.4672014061499866,0.3660675343755021
0.0,0.6711431378971502,0.6778325803606601,0.06876991466150567,0.5781138036381901,0.4235999028043441,0.976916735366859,0.4126623073559682,0.8326174847032818,0.6543286212277091,0.4681008703250539,0.4613089089364827
0.0,0.3324598755322631,0.6750462518399302,0.07278112279488036,0.5072929427156595,0.42568387894301213,0.6504273504273502,0.4330750826582296,0.8320144946032503,0.6521432820053497,0.4664245750327845,0.473532584991851
0.0,0.371765476580413,0.6776702248627265,0.12993592729279718,0.5216766388457579,0.4093440169605765,0.570547417116423,0.3956786817916079,0.8314224655184982,0.6560913751407671,0.462851311418095,0.3861074765282464
1.0,0.2856207009498853,0.6777880604008052,0.13861570532080247,0.5427908871690832,0.4375130578107289,0.4664610639938317,0.37386083940476256,0.8314384935502751,0.6640086525205798,0.4607337279016965,0.3253563804145722
1.0,0.25614150016377313,0.6812877556711449,0.17933667474541132,0.5858943050648014,0.4196484325215132,0.4448698315467076,0.3871500228446221,0.8314263947884325,0.6690732659837266,0.4583786674418077,0.3417234809356564
0.0,0.20733704552898785,0.6847006350449728,0.1818263645683385,0.5733213712504353,1.0,0.4573753481513848,0.41231840981778334,0.8311872464570479,0.6730798780294498,0.4572339805382132,0.3888506301218923
1.0,0.10710776285620688,0.6876197479551521,0.1821460198549674,0.5283280243987778,0.3961427096766736,0.2252644679527071,0.365494303582921,0.8306742291605697,0.6661346028371229,0.4525865217895476,0.2592681863048921
1.0,0.09597117589256447,0.6923593827176943,0.1819428161900606,0.52547421705563,0.3767712911482572,0.15489482450188058,0.3342634942937572,0.8307060088057557,0.6628143400645923,0.4493722073991333,0.16352179601955816
1.0,0.2384539796921057,0.6976020838889311,0.21126463079467495,0.5209490214833621,0.3595192974774878,0.3680559839340905,0.2975794526133755,0.8312542442896081,0.6568379067379333,0.4454429172581639,0.07665909143080131
1.0,0.2810350474942679,0.6994825900473162,0.22812154848759805,0.5350232720077328,1.0,0.4599003420174224,0.32591169693783817,0.8321744223657753,0.6623979485457232,0.444815373275825,0.0998024543549837
1.0,0.09924664264657672,0.7009892474778047,0.2508793313725186,0.4299870432316473,0.35383030953222744,0.05002775892912127,0.3822912419122666,0.8322310982768634,0.6656008019040246,0.447185073062728,0.2216749357403308
0.0,0.2731739272846377,0.7091278934800189,0.3408574885206759,0.4976545142644405,0.3754212320348694,0.3255425709515852,0.3409400193565185,0.831890691074724,0.6688758037150165,0.4427929930275567,0.10664829566506076
0.0,0.31608254176220085,0.7119474892701573,0.3841081631348933,0.5175148586961547,0.3677327222154281,0.4532554257095151,0.45003905693469387,0.8309999833297276,0.6654798723161846,0.4509825815329898,0.3766361402725041
0.0,0.29773992793973103,0.7128944784610424,0.4090259705596989,0.504356155029392,0.34643049156743844,0.3722871452420694,0.4784646448766634,0.8301137917007443,0.6626865798164486,0.4542053122123085,0.3841343674920189
0.0,0.3150999017359976,0.7140059752407154,0.42790664829379377,0.5157382568082395,0.3916199662761251,0.3589315525876457,0.4680985905113755,0.8304458033972809,0.6654753473102528,0.4531509518921363,0.38315297797692016
0.0,0.4487389452997048,0.7163379674282259,0.4519356068640757,0.5388892595621576,0.3582086723171756,0.5434056761268772,0.4555414175456524,0.8316525515632996,0.6764579676157169,0.4514858278641203,0.4220641457631346
0.0,0.4087782509007535,0.7161319122639492,0.4447988126822423,0.5184693110183731,0.3232240606399418,0.5676126878130213,0.5116605829554554,0.8331778291159583,0.6914522119781914,0.4539123935728594,0.5193227671700156
0.0,0.3324598755322631,0.7173129537921802,0.453085024601147,0.4677788173515997,0.3489531900137922,0.28380634390651005,0.5041783550889466,0.8341653465252828,0.7010026364227163,0.4529695491850792,0.5222763010108572
0.0,0.356698329511955,0.7211420656467841,0.481132449510519,0.4811755254780114,0.3258604655517247,0.4482470784641059,0.4235785977823521,0.8354613683644995,0.7112163452660313,0.4480288311611716,0.3953887432921504
1.0,0.2518833933835571,0.7233811190823906,0.4897250984341918,0.3898667182792429,0.3149359384616167,0.14273789649415636,0.4468408098295741,0.8362112323621831,0.7156530970186332,0.4468875879706666,0.4392965597570613
0.0,0.29937766131673765,0.7289761834004808,0.5314707114781569,0.3816568200143316,0.4282061015848129,0.035611164581327265,0.4198202889721884,0.8354025042921586,0.7168241144285982,0.4441394208432072,0.3502121552477224
0.0,0.5145758270553557,0.7341720329786173,0.5585842675322994,0.4822238209055687,1.0,0.4269005847953217,0.4500980107983826,0.8349455176501007,0.7204120186059773,0.44385341901569203,0.3832210158492447
0.0,0.5293154274484113,0.7334453353856626,0.5499930562355115,0.4948760815768365,0.5176739322363361,0.2688614540466381,0.5292190086907821,0.8350060557091928,0.7271634238219865,0.4489660459210631,0.5497004867090979
0.0,0.6095643629217163,0.7345253987143295,0.5492064557904085,0.5158758817033761,0.5319056015424501,0.4820971867007662,0.5364261185267428,0.8347403242680648,0.7300744945105558,0.44977919534610733,0.5661113191064521
0.0,0.6138224697019328,0.7350317314128408,0.5593360172330946,0.5199057272883103,0.0,0.6212290502793296,0.5721472471002067,0.8333473278386568,0.7270792995271532,0.4500718873346996,0.620699696326802
0.0,0.6999672453324599,0.7370273536537145,0.610229048036599,0.5771193917817979,0.42157521941184334,0.8871508379888263,0.6298286898977641,0.8322829278677287,0.7286070705694452,0.4528829390865109,0.6851678522401093
0.0,0.5938421225024569,0.7364981629330795,0.6408268889144162,0.4934792925573193,0.4347680896211293,0.9198606271777006,0.6594284422915369,0.8310489788569663,0.7330510991858749,0.4559083935686216,0.7827173179405044
0.0,0.5886013756960367,0.7361699784069279,0.6757854951116687,0.4879001391464974,0.5717290722670672,0.9917159763313602,0.6590992832192739,0.8304756412158801,0.7376211555496627,0.45604524584598,0.7646146252027363
0.0,0.5604323616115297,0.7337775738067852,0.6868642603767061,0.4685348818771762,0.0,0.8858560794044663,0.6700057480017095,0.8301891913318368,0.7426128947796172,0.4534900024822166,0.7794780652870241
0.0,0.5594497215853258,0.7313022317648222,0.689217541626264,0.4675546455822176,0.6243558801396987,0.8908188585607929,0.6512928091024763,0.8300150423975364,0.7459063899836431,0.4509365620183439,0.7837364940341439
0.0,0.6030134294136913,0.7285046591251588,0.6914001795670818,0.4985274361508308,0.0,0.8374689826302728,0.6452598637183182,0.8293773472333331,0.7520820396907055,0.4504481990039925,0.7627793869057621
0.0,0.6400262037340323,0.7251477198468622,0.6555963262675093,0.4742695656851466,0.6808432665028528,0.8957816377171212,0.6518872605613389,0.8270844792288546,0.7502186584104489,0.4513848041995885,0.7443924910289745
0.0,0.6865378316410087,0.7214346966444357,0.6042647000701612,0.4486162783691299,0.0,0.9230769230769228,0.6848277318974789,0.8248258060109067,0.7502728967633586,0.4513564594413224,0.7684537458999735
0.0,0.7006223386832624,0.7171234348293402,0.5298219766381616,0.4570744349355626,0.6369771186191383,0.8722084367245657,0.7011383008513921,0.8229923914715697,0.7444725691475337,0.4493944432938221,0.8015419760137066
0.0,0.6943989518506384,0.7128574586680813,0.4934241409721048,0.4542876699718552,0.5148894692908134,0.9668109668109662,0.6986966283302791,0.8220688933725141,0.7423926461279964,0.4492341337409209,0.7912805585748235
1.0,0.6685227644939402,0.7097313909022226,0.48217698276102794,0.4409104018893325,0.5180054696061958,0.7446540880503144,0.7047787019341782,0.821421345293062,0.7380917585215304,0.4498898348481637,0.805042279987473
1.0,0.6888306583688171,0.7087303577474996,0.5163939800844297,0.4610812735762685,0.5160725940016497,0.934591194968552,0.6760927344275824,0.8209351374835744,0.7392894071323248,0.4509272178503054,0.7541681251266555
1.0,0.630527350147396,0.7066247310833024,0.5362749935768231,0.470488954925121,0.0,0.7999999999999996,0.6744076364904762,0.8194575858601573,0.7326311717714961,0.450675777549527,0.7552734842762657
1.0,0.6688503111693417,0.7050737298257496,0.5564243367927598,0.5131020251854519,0.4817322089855639,0.9547169811320756,0.6858446860461118,0.8180067851840979,0.7346724323311381,0.4523763198615196,0.7247103037895399
1.0,0.6531280707500818,0.7025514569261796,0.5556842367298525,0.5558390492935368,0.5301381331508407,0.8974197608558844,0.7137102122830374,0.8164078689244242,0.7362695979844923,0.4555124039700471,0.7882424318127067
1.0,0.5515886013756957,0.6995156276696094,0.5375413124042421,0.5121081296626506,0.5091832281718276,0.8475060740317268,0.712344447774246,0.8173974277522168,0.7560276948151105,0.4554625601641902,0.7796325871467958
1.0,0.5804127088110056,0.6980611018619761,0.5371710807944658,0.5332098683892159,0.5366675771492843,0.7803344290410166,0.6434126426560677,0.8179526269853415,0.7651698393141629,0.4508581243797043,0.7299006968174798
1.0,0.4936128398296755,0.6961306265441335,0.5431213053885329,0.513979150251017,0.5129576517365786,0.5145062169501207,0.6671513984347748,0.818826763367475,0.7782656284620805,0.449779097499933,0.7566402869353412
1.0,0.4333442515558464,0.6966556616053518,0.5824929783050792,0.5116364353545013,0.5174533842807084,0.3472916964413309,0.6727078000874481,0.8166566104109972,0.7720072118724725,0.4466043695535093,0.7653125864330259
1.0,0.456600065509335,0.6978880101123125,0.6280983955230507,0.4815288010421444,0.5121759156030358,0.4230384450478768,0.6955917248426667,0.8142126296146052,0.7686272111974437,0.4494663609167723,0.7499486978167573
1.0,0.4683917458237798,0.6980014027095723,0.6553578776554477,0.4922042159812989,0.5366448870309667,0.3873088466485627,0.7183724803364301,0.8136687431832025,0.7714031494012926,0.4482867598655946,0.7675492610837439
1.0,0.5984277759580738,0.698424141703773,0.6743248311787393,0.5719966853181558,0.0,0.8475060740317268,0.7016639728026173,0.8143395713411558,0.7833493732679059,0.4451857615706532,0.8196516537649541
0.0,0.621683589911562,0.6954403817516411,0.6776571319251041,0.5512989228228861,0.5583209963552529,0.9361154780620262,0.7292985964067622,0.8156534848147258,0.7971756602377739,0.4482400609823624,0.8701090781140044
1.0,0.6246315099901738,0.6912742136252038,0.6729301945504107,0.5540660961213271,0.5553978190167497,0.9033674963396784,0.7368889063567003,0.8142908948602979,0.8020195569397587,0.4489444609617424,0.8925404644616469
1.0,0.6691778578447426,0.6870503837530743,0.6553887843171059,0.5366115871707268,0.5270566529384334,0.9986091794158548,0.7484045610639205,0.8127836148283129,0.807410615885722,0.4503575316018583,0.8847202674173116
1.0,0.6180805764821489,0.6821026075693651,0.6296817660486608,0.4986341072168248,0.4496340070809811,0.9575971731448774,0.7677365155318867,0.8111910073457985,0.8173074506890144,0.4486743756660557,0.917690007037298
1.0,0.6197183098591545,0.6802752363409353,0.6353919091004482,0.500716170351085,0.4403459714714706,0.8947368421052626,0.7575571484016133,0.8105731309965917,0.8308747801130391,0.4514633558599146,0.9041959887403236
1.0,0.5047494267933179,0.6797850880376005,0.6758613428044691,0.4253185474332399,0.4471576568303972,0.6740740740740754,0.7403180560946011,0.8097620554332253,0.8423921946636425,0.4531521204623098,0.8940358902181562
1.0,0.4136914510317719,0.6815908563597982,0.7227911937168672,0.3923257597406535,0.4332999419819856,0.5166051660516598,0.7272057342458081,0.8091912020650046,0.8463311292306946,0.4521164257007679,0.8583743842364533
1.0,0.35768096953815925,0.6819796295688835,0.7472018993899395,0.3944271283562288,0.42911420342121537,0.36858974358974345,0.6886400817493576,0.8083744389542961,0.8442654336323324,0.4519899566277074,0.8029644616467279
1.0,0.4261382246970195,0.6823736869255336,0.7431119355381316,0.4597459903079912,0.4673808576194575,0.19092331768388088,0.6840858957793947,0.8089592258088231,0.8523804080194325,0.4552550331785995,0.7993314567206194
1.0,0.4451359318702917,0.6822488141492146,0.7288147182924583,0.4742431927200741,0.4690390138325306,0.3302034428794991,0.6523490658269016,0.8092160797263915,0.8681767066803713,0.4550849986644899,0.7835151301900067
1.0,0.5240746806419915,0.6820173468920155,0.7075507131268076,0.4874031111316393,0.4602022031833044,0.4413145539906092,0.6339112449582165,0.8098406648254136,0.8939392663442302,0.4533367998454878,0.7491115411681915
1.0,0.5872911889944314,0.6810948277748253,0.7034949731319093,0.479810487997736,0.4286626431136114,0.4507042253521119,0.6230342571076251,0.8096198836171152,0.9010877794088278,0.4556973965144484,0.7472290640394086
1.0,0.5643629217163443,0.6810449742497738,0.7195040251922502,0.460757070412469,0.4537642348697005,0.5192837465564729,0.6258050887010005,0.8098791934458135,0.8915561193777216,0.45222514088121,0.7501935256861362
1.0,0.5994104159842777,0.6814723057552293,0.7563288200712921,0.4884329619723784,0.4041164049960902,0.7809917355371898,0.6070282831161048,0.8097102697444548,0.8797438823663551,0.4537982096457594,0.7360045742434909
1.0,0.5892564690468389,0.6798969991814813,0.7604360598076195,0.4828519191409197,0.4503671823547834,0.5950413223140483,0.6333364447872505,0.8090891971423463,0.8736134241901269,0.4529696882143196,0.7823715693173825
0.0,0.5981002292826725,0.6784904630199534,0.7626143830497535,0.4900992221220829,0.5381515527939958,0.7038567493112942,0.6451124790590962,0.8075760569479297,0.8782919047322569,0.4543527381255668,0.778764954257565
0.0,0.6606616442843105,0.6757038198646849,0.7399699623859832,0.4818708699147637,0.4513213825360182,0.7961432506887048,0.6573797955283491,0.8061648250926355,0.8802220137192162,0.4519505822921326,0.7883180858550314
0.0,0.7271536193907628,0.6716864559192556,0.716978446860834,0.5189187539981056,0.4850784926542169,0.8028503562945356,0.6850389832423643,0.8045186527558673,0.8798802552636581,0.4550006828884278,0.8418103448275863
0.0,0.7025876187356694,0.6677272263404522,0.6862453246449498,0.5575578019100679,0.4811556298730161,0.7741293532338301,0.7243071692811067,0.8031158431389992,0.8805945850178717,0.4556471080945249,0.87905524278677
0.0,0.68686537831641,0.6648462775625018,0.6792319969573348,0.5498614550664741,0.5110458903886933,0.6995024875621884,0.7187704189163295,0.8004911265580549,0.8715762922042795,0.4587505003057434,0.8765130190007037
0.0,0.7065181788404851,0.6617609387221334,0.6496420031429317,0.5605434011906335,0.5682520652111804,0.6905472636815925,0.7379107733273067,0.7981208222655057,0.8663990903787603,0.4610725025655752,0.8676020408163264
1.0,0.7369800196528001,0.6582588418699499,0.6215998532263356,0.576754116099256,0.5772831858167424,0.6881533101045286,0.7376749578725513,0.7949528446981329,0.8547560550320726,0.4613441038685964,0.845197044334975
1.0,0.7179823124795284,0.6555897446682776,0.6011794783094465,0.5685704921741618,0.5980684412869607,0.5981881337612724,0.7467587657026069,0.791916423785132,0.8394876851906855,0.4625641491827127,0.8332160450387049
1.0,0.6799868981329836,0.6539849022810654,0.6075623779254334,0.5855858182790247,0.6075087063045062,0.5847665847665844,0.7496671563112569,0.7898965741105334,0.8289011870371831,0.4633981908019013,0.7989481065918657
1.0,0.7025876187356699,0.6529602819227328,0.6356707301125946,0.5977656968458973,0.5571127055532323,0.5604562737642587,0.7410107639929452,0.7875925318262597,0.817763385783486,0.4620230441099832,0.8114792426522477
1.0,0.7775958074025552,0.6514635833518309,0.6473303227182263,0.6659109701644995,0.0,0.7361216730038025,0.7554790247065817,0.7869645945396312,0.8219164590711435,0.4640040304586104,0.7926770187919119
1.0,0.8768424500491319,0.6487963367785178,0.6632158650553763,0.708964793660237,0.5646202675781214,0.8898488120950323,0.7697360340753329,0.7861357998053357,0.8251400619635222,0.4649870416545063,0.8524721565980422
0.0,0.8660334097608908,0.6432437641816676,0.6333625138927896,0.6881828521334146,0.5377165050666739,0.9769618430525552,0.7896575271801876,0.7876419342194653,0.8402430954815815,0.4670263753182418,0.8975869051636853
1.0,0.7848018342613821,0.6374732629708356,0.6155076835962743,0.6555370887392438,0.5325988681795342,0.8996539792387546,0.747520253108588,0.7871845109677412,0.8440071001743726,0.4650679842651831,0.8903476206547418
1.0,0.7287913527677694,0.6339037111782839,0.5998659697353828,0.5849140608950182,0.6466524464068957,0.978976234003656,0.7456189910046227,0.788100297855795,0.8555333151981833,0.4654927968184298,0.8446760040499492
1.0,0.6491975106452668,0.6304741979629888,0.6029745556231532,0.5802345752563252,0.5884075181803595,0.8235831809872023,0.7186770752988221,0.788246893624761,0.8648738471665273,0.4614339633236485,0.8656176172797836
1.0,0.5640353750409433,0.627056762994136,0.5929054484326743,0.5686102389216737,0.5193779451812515,0.7727272727272733,0.7022977268372728,0.7888098083965981,0.8783150078325593,0.463067662241887,0.863609517381033
1.0,0.6207009498853587,0.6250460946698501,0.6050551485121265,0.5631321688074299,0.0,0.8506493506493511,0.7237028921782959,0.7879216923689382,0.8846255687409016,0.4616332997429277,0.8780037124535941
1.0,0.647887323943662,0.6212381677248716,0.588093039199624,0.561690166717157,0.5246038735881356,0.9404761904761908,0.7354297982304017,0.7853745913167397,0.8815731074012237,0.4628315827786735,0.9029109011137364
1.0,0.6377333770062233,0.617280351042199,0.5724786818481463,0.5560795056309646,0.4814121401557305,0.893691588785047,0.7507135873917337,0.7839821965925061,0.889809232631286,0.4647518034603311,0.8877489031387108
1.0,0.6125122830003277,0.6136318078208206,0.54493749355797,0.5284625076520024,0.4910141809108838,0.979616306954438,0.7131403249340453,0.7812824537018513,0.8902212384973475,0.4643382284962299,0.854463381707729
1.0,0.5905666557484441,0.6097761552005218,0.5126636023054189,0.5143863891355607,0.4622089850540736,0.9692307692307692,0.7484045610639207,0.779812182538235,0.9016540706578638,0.4644862967607272,0.862867026662167
1.0,0.5031116934163118,0.6059969454949489,0.4828769380868382,0.4965896864200361,0.0,0.8973384030418265,0.7509985310662297,0.7779835167060919,0.903488780498914,0.4646800481024967,0.8725531555855551
1.0,0.5162135604323618,0.6048225128988064,0.4772315717103417,0.4552112488305578,0.4538570445816916,0.9239543726235756,0.6930075804843059,0.7779484618400346,0.9172628291827288,0.4627172367660234,0.7918157273034089
1.0,0.4883720930232557,0.6027384553597203,0.4719269697895996,0.4829245394469738,0.44497775035055137,0.8726235741444861,0.7033687220276199,0.7776891143417081,0.9224657282184541,0.4634574386610405,0.835791427607155
1.0,0.4903373730756633,0.6016959498913997,0.4880480791561918,0.4847016388340921,0.5293441039302026,0.7414448669201518,0.7065620563107655,0.7770084212788736,0.930733353226659,0.4639699529716567,0.8235993925075938
1.0,0.3917458237798889,0.6007027637275183,0.4996594650179973,0.449895307638788,0.502361356155272,0.4604051565377538,0.6865668708762998,0.7783126188570614,0.948190393014396,0.4657301091467372,0.7970975362807962
1.0,0.3783164100884375,0.6014305637618241,0.5300192862438895,0.435061334837553,0.4896881247566242,0.32965009208103024,0.5976497059676047,0.7794602291066853,0.9643283717850072,0.4589411965982269,0.7539402632467094
1.0,0.4267933180478217,0.6017691186910564,0.5474785876500912,0.4262389208576807,0.4779710569578415,0.5064456721915293,0.5778166436582839,0.7802158020557205,0.9723774268804052,0.4573061642114344,0.6913094836314548
1.0,0.4097608909269568,0.6003513246928411,0.5530660985548885,0.4074285924472821,0.4841099886492195,0.248618784530386,0.6134444286142402,0.7785091479164422,0.9686560750136732,0.4574535872771444,0.7343570705366181
1.0,0.474287585981002,0.6006214920142118,0.5566337528091979,0.4181308513475169,1.0,0.2523020257826873,0.5984701472372744,0.7773373775145612,0.9698668208405284,0.4560778196464077,0.7037293283833947
1.0,0.434981984932853,0.6007185801247109,0.5610347139339152,0.4338459169422417,0.4637051003148136,0.0445269016697605,0.5886887186869009,0.7760793250918064,0.9728619437853242,0.4588746726866637,0.6888288896388793
1.0,0.5162135604323613,0.6032165582808325,0.5718441614627872,0.4573142924629181,1.0,0.3302411873840447,0.5861537025482808,0.7747862233748392,0.9723164979352568,0.4588806577440934,0.6579311508606142
1.0,0.4821487061906322,0.6041269747180108,0.5940157355409361,0.4775560757336087,0.4701731075796468,0.2124542124542121,0.6331251934423653,0.7736557888632035,0.9705744382193109,0.4603432279898161,0.7298768140398247
1.0,0.5499508679986895,0.6065563620290161,0.6359332036515367,0.5006150369152921,0.4531003257092641,0.5824175824175817,0.6196787996993354,0.7725137227798652,0.965703687230732,0.462735350153608,0.7112807964900442
1.0,0.5623976416639371,0.6063239259415353,0.6645294142013409,0.5170300461848434,0.4495749807487941,0.7363945578231295,0.6810448589774449,0.7716330200163791,0.9624802877083576,0.4658150156880052,0.8018140398245017
0.0,0.6243039633147724,0.6054409848059942,0.6631915414265162,0.5322428385168672,0.5269134515985644,0.8712715855573009,0.6972817356017469,0.7697535395064047,0.9512693721743904,0.463848496315374,0.8291765102936214
0.0,0.5879462823452343,0.6028076678047957,0.6277845305115947,0.5528355017249552,0.5407966527669356,0.7127158555729989,0.7302418582257835,0.7677476362221841,0.937966252428042,0.463775359388809,0.8631370232872091
0.0,0.6285620700949884,0.6015668570092522,0.6029506668653067,0.5675341966738553,0.5124495413940721,0.7127158555729989,0.7324821050459593,0.7657323115600038,0.9255618312296421,0.4641898157518994,0.8515693553830576
0.0,0.6105470029479196,0.6004806368645891,0.5962219835219563,0.5529583944767554,0.4651113276303586,0.6167664670658675,0.7469798426914405,0.7634584289089689,0.9190125294592076,0.4657244068693556,0.8819946000674994
0.0,0.6210284965607598,0.6007152831971146,0.6045599079973017,0.5674359979723251,0.5120595101551912,0.8148688046647236,0.7740249276586961,0.7606242936330628,0.9144570862588008,0.46500994963044,0.8936044549443128
0.0,0.5967900425810677,0.6000877341723281,0.6327953864374971,0.5920815913460443,0.5243242611606066,0.7317784256559762,0.7991392735901427,0.7570855118706127,0.9033127350595046,0.464072089353639,0.902708403644954
0.0,0.5886013756960367,0.5993438653224089,0.6665913250187456,0.5784942569041269,0.5196349847931073,0.7988338192419832,0.7967860318645632,0.7564684918889516,0.905829263419162,0.4641989180089681,0.8784864052123793
0.0,0.5908942024238452,0.5981203235588116,0.6932429981610461,0.5808379935437619,0.5221874887990003,0.7609329446064139,0.746621206687333,0.7562439338994519,0.9116807487596332,0.4570103024475989,0.8847429311280954
0.0,0.6030134294136913,0.5961957885416013,0.7076191253465545,0.5988537586807093,0.5274936887137271,0.8454810495626819,0.7479427557983579,0.7558106569226023,0.9164373994814996,0.4574112172180181,0.8666583134945495
1.0,0.6102194562725187,0.5931564885645223,0.6938595453881276,0.6060708015523542,0.0,0.7361516034985419,0.7627893038039978,0.7532406445618881,0.9110668352307141,0.459169569196796,0.8613289896838323
0.0,0.6999672453324596,0.5906498615822371,0.7056938587414314,0.6836657497526363,0.4946393672183318,0.985430463576159,0.7659531611552991,0.7512394256835307,0.9056372268162364,0.4556960320160098,0.8659566470367119
0.0,0.6767114313789714,0.5860167497100467,0.6883075760603461,0.6929295578469792,0.5239664206780712,0.9807692307692306,0.7907923890561974,0.7492953615396712,0.8997662799127085,0.458348387561993,0.9120995698116356
0.0,0.6943989518506388,0.5813847129690576,0.6646634385141521,0.7057917113590234,0.5586048559677586,0.9720998531571222,0.7957346879621124,0.7468468141597314,0.8949986643862571,0.4591964034748742,0.8935471745395317
0.0,0.7012774320340652,0.5763084297708424,0.616957598802343,0.7115201823102396,0.5801681973525783,0.9911838790931998,0.792570830610811,0.7443783081597394,0.8916472951730253,0.4591376163080678,0.8740675771624272
1.0,0.6557484441532917,0.5727987522523051,0.6027093078541218,0.6817052380391285,0.6148807924693075,0.8474801061007967,0.7768498002937869,0.7422794776830987,0.8924870700363537,0.4615371143499717,0.8484400451071298
1.0,0.6105470029479201,0.5707710521933438,0.6230203090242017,0.6011663138241978,0.4844813593997647,0.9558823529411768,0.7453733499059195,0.740579811774717,0.8912077113298249,0.4588766913125453,0.7811552437037967
1.0,0.6282345234195875,0.5699764687033629,0.6475362322960279,0.6170053054634889,0.0,0.8514548238897397,0.7543687269404417,0.7391818890559144,0.8870108501748807,0.4560805496501785,0.7954141085077058
1.0,0.5643629217163447,0.5683759729285154,0.648253089242202,0.5322819064265041,0.4460480349532792,0.9050535987748844,0.7402885791627569,0.7380210727262452,0.88781626737308,0.4585025421264403,0.7755299293427546
1.0,0.6138224697019323,0.566383487481569,0.6341176810976998,0.5701710469467632,0.4768027747654015,0.9029275808936832,0.7533615984357571,0.7364047909095358,0.8821645841919373,0.4561770238176062,0.7966771097187038
1.0,0.6891582050442185,0.5633781880686256,0.5948539373660836,0.5748216808860449,0.44329081918579255,0.9888535031847122,0.7637718681988118,0.7348533637801417,0.8795393012620688,0.4574850778382789,0.7924244054664799
1.0,0.6246315099901734,0.5612762993693957,0.6100888678021184,0.5719341469114757,0.403381090814098,0.8585017835909633,0.7584365435349718,0.7326991610095134,0.8715827712639473,0.4566798578973828,0.7956148182123464
1.0,0.5548640681297085,0.5610099649823524,0.622917630379997,0.5070361213214015,0.3843247527829889,0.8703923900118902,0.7630840731224421,0.7318442435561171,0.874365284853056,0.4575135710715771,0.7773746242618329
1.0,0.5257124140189976,0.5609407218974544,0.6606084596186573,0.4874951624696221,0.4037161031764935,0.7229488703923902,0.7413890512849484,0.7302290784038875,0.8758424662633372,0.4583339617046509,0.7741607737950091
1.0,0.4834588928922373,0.5611288815436686,0.6358793683678721,0.5054016973877805,0.4183919936391042,0.7015457788347216,0.7471812683923775,0.7283051862203817,0.8776601837351165,0.4592243863072604,0.7603023652767621
1.0,0.5044218801179171,0.5616308881846078,0.6338840802081834,0.5209577737936318,0.4004604987680879,0.8168846611177178,0.7939120310097321,0.7258171762608464,0.8754172790584093,0.460818270607445,0.7980283956536929
1.0,0.522109400589584,0.559743984028157,0.6086558750874415,0.4836420683683164,0.0,0.8370986920332932,0.8020329257328702,0.7230383733834632,0.8700763310857057,0.4616067925613563,0.8247556493861914
0.0,0.6075990828693087,0.5568592736492,0.5780834799372261,0.4915929847457775,0.4169356283560336,0.9215219976218793,0.7984072631160062,0.7207438884332623,0.8604330946398691,0.4617606886211529,0.7938773295295976
1.0,0.6324926301998035,0.5531924124224878,0.5408116149635998,0.506553927130748,0.0,0.9674054758800524,0.824450132400552,0.7183740293797499,0.8512630509560221,0.4609510941393451,0.8206560256370748
1.0,0.6229937766131672,0.5495411046935957,0.5116125803593152,0.4981149648561189,0.4398804872786492,0.9947848761408076,0.8147718731116341,0.7160328222777733,0.8437383896351233,0.4601095907690204,0.8088527402413698
1.0,0.6475597772682606,0.5464387201307757,0.474088943357904,0.5128629594661462,0.4936623510226314,0.8740157480314951,0.8564866444934633,0.7143376583176412,0.8465301831801456,0.4611187515828205,0.8530054603765932
1.0,0.5771372420569932,0.5426101973638775,0.4167394215513172,0.5169021795298736,0.4303128777428061,0.7257217847769026,0.8212174955416139,0.7130819408378174,0.8527956774125166,0.4614943698845431,0.8083552700069899
1.0,0.6596790042581068,0.5404293447190515,0.3951199617281303,0.5141454050347465,0.4805007934647442,0.7795275590551174,0.7804705500886765,0.7127829694549627,0.865816409767386,0.4606398535750033,0.7700144261514897
1.0,0.6426465771372417,0.5378697032989418,0.3938487962589175,0.5061458856162616,0.5271756158936612,0.6404199475065607,0.7634623604144455,0.7126001466195261,0.8751999918324463,0.4625420857758651,0.7531417778372669
1.0,0.5365214543072386,0.537082336638339,0.4180249723177233,0.48746370941380895,0.5208399521421164,0.5451306413301649,0.7447985497349532,0.7116770440393948,0.8780605646164369,0.4644129841475014,0.7300673716146879
1.0,0.5198165738617755,0.5366659124368313,0.4219671758575112,0.4780265923647834,0.493078746749405,0.4786223277909739,0.7128259043277048,0.7104202411547013,0.8811470759702106,0.461453483386845,0.674534124540817
1.0,0.6544382574516869,0.5352853406226279,0.406480286721181,0.5068850227536476,0.4887439223463085,0.714847590953785,0.7099420778289256,0.7095665368082703,0.8869172400002022,0.4612952653644205,0.6628890971013846
1.0,0.6449394038650507,0.5332496185824585,0.3902021400401657,0.5033703704853996,0.42698085129027097,0.569321533923303,0.7154493512618583,0.7090125674123072,0.8978477421953975,0.4617151285749668,0.6828403158881006
1.0,0.6301998034719946,0.5328174266334174,0.3841800884293001,0.48989922672598296,0.4880519397620025,0.7998075072184782,0.6916221646876182,0.7088166829055694,0.9014132630428552,0.463092616204305,0.6493627210398727
1.0,0.6406812970848347,0.5308597688530838,0.3656991312322692,0.4964700557416268,0.42305907011179983,0.7060669456066955,0.6990749156222825,0.7086073005518746,0.9051918951344614,0.4638058047441489,0.6700575558827468
1.0,0.5741893219783821,0.5307806471534553,0.35379724204642377,0.5131453353133092,0.4203903485179581,0.5020920502092053,0.7029413065158756,0.7081134006158846,0.9063284405537868,0.4641567075681794,0.6816728386799329
1.0,0.4595479855879464,0.5305078367455281,0.33916620146276744,0.4446091300297745,0.4161526288838652,0.5868200836820091,0.6636485563672627,0.7072659135433651,0.9104302984834246,0.4602838481332465,0.6174839007123841
1.0,0.7487716999672449,0.5312367139495847,0.3666470575626765,0.5352947691626287,0.4017002133955052,0.8200836820083681,0.6694456862966656,0.7062905189539167,0.912998208802096,0.4571962655257187,0.6243846577135295
1.0,0.6518178840484766,0.5279077147134913,0.35965614067498586,0.5325116599960982,0.3801168200659686,0.7927927927927934,0.6954983812251596,0.7053710461752908,0.9220234698518244,0.4565931040177682,0.6545308526301701
0.0,0.6000655093350801,0.5283994194315154,0.3958750129104941,0.506649759044304,0.3823886039991178,0.9039039039039044,0.7121184579634385,0.7040247922190799,0.927590041899506,0.454813910249543,0.6784083641933996
0.0,0.5895840157222404,0.5265308605875096,0.3923473266392443,0.5017070495673291,0.3798107600176332,0.9709543568464728,0.7444153496209754,0.7028426514527774,0.9345919886979812,0.4549567298841836,0.714719136215589
0.0,0.585325908942024,0.5236006490816197,0.3676880025267902,0.5002858195010566,0.4363899405739031,0.950317124735728,0.7938923797218357,0.7009120309541589,0.9329669309354476,0.4609625164895775,0.790657207870432
0.0,0.4670815591221751,0.5201290938192913,0.35667586578746296,0.5029642427394551,0.3806746163939995,0.8797617570418172,0.8189035563918269,0.7002668140659829,0.9434565395401644,0.4602233794049602,0.8056038905992058
1.0,0.4451359318702912,0.5185004470593951,0.3621479652537428,0.4938338702342226,0.5729401531179333,0.7228915662650605,0.7455354730310635,0.6993830154269814,0.947286458323412,0.4549836871021323,0.7430657802763274
1.0,0.4723223059285949,0.5172380699920711,0.37741476117849787,0.4550340071122234,0.4495393783464994,0.7831325301204822,0.736112680484797,0.6992532814278062,0.955772709073717,0.454144843233688,0.7242374217344101
1.0,0.3976416639371111,0.5165482990473996,0.4011009377232804,0.4728172416680582,0.4622092155595102,0.5738295318127253,0.7535188087389275,0.6979066588310355,0.9558982798674032,0.452456303819388,0.7450289266645845
1.0,0.3537504094333441,0.5176450226862566,0.4571520305804238,0.4567093780013615,0.4400553483735355,0.5708661417322833,0.7241008307581958,0.6961279257807672,0.9577949976333898,0.45338593057446896,0.7005978673091507
1.0,0.29217163445790983,0.5167358846066715,0.4507104433792401,0.4262919847062348,0.4502370521003444,0.3631889763779527,0.7394091840293979,0.6949838100428537,0.9640228089633964,0.4514785380973498,0.7068144975386307
1.0,0.3435964624959055,0.5166212224092133,0.42335824419133417,0.450419994471645,0.4426060801551863,0.31003937007874083,0.678662140320021,0.69327838613158,0.9722975547732688,0.4486724722065572,0.6261693362483082
1.0,0.43268915820504394,0.5167680351694697,0.3914304548233165,0.4377459996948153,0.4471143790723461,0.5216535433070865,0.6771833809058261,0.6918669987292329,0.9868477186066468,0.4488395132136093,0.6046119067802912
1.0,0.4487389452997053,0.51580485759139,0.36340911274200977,0.4447778541380212,0.4681803208460785,0.5167322834645671,0.7428530722332212,0.6903184980780576,0.9947765258378728,0.453409783137005,0.6848555154002883
1.0,0.352440222731739,0.5147446796177467,0.3317251169628247,0.4478949418328827,0.4484766390353492,0.2588582677165351,0.7499226230539083,0.6887945505478056,0.9993481556763624,0.45424321411719104,0.7016512734396866
1.0,0.3327874222076645,0.516644968292499,0.29110555300534546,0.4365006609623199,0.4272985125031614,0.14173228346456676,0.7240222256066107,0.6877577748218858,1.0000000000000002,0.4516758515377052,0.6582924565822619
1.0,0.42941369145103175,0.5202441433366727,0.3095444105513729,0.4321812473653058,0.4556130088241652,0.4124015748031496,0.6977189767574392,0.686958273029073,0.9959127423451728,0.4526937317894067,0.6204943509066538
1.0,0.33770062233868336,0.5216885927917496,0.32369766110508497,0.430702815240383,0.436506585492895,0.2273622047244097,0.7529489213899356,0.6863224569355727,0.982280674706301,0.4597909780205928,0.7088535880098007
1.0,0.3262364886996395,0.5260492857466554,0.3757597965220856,0.4255803451108077,0.4250248234459768,0.2352362204724411,0.7207404605279317,0.6857612138771564,0.9743658550575052,0.4564938447257994,0.6561573382581247
0.0,0.4274484113986242,0.5296670968455173,0.4096864485496417,0.4768329739250076,1.0,0.6594488188976384,0.7352283725294646,0.6843697629350155,0.9687068970855492,0.4579607508267807,0.6968383721700232
1.0,0.2558139534883722,0.5279008941287789,0.4040842850842592,0.3272488432268058,0.4382238865516886,0.009842519685040213,0.8268426767019244,0.6832387937931613,0.966063831882398,0.4662831692850841,0.8001486266748095
1.0,0.41762201113658703,0.5323223161657393,0.4454272782712208,0.4044798100078249,0.4602824943823446,0.017150395778365395,0.7448280266667975,0.6809784727677589,0.9571963580651212,0.46093726911585,0.690024205970806
0.0,0.5135931870291519,0.5354387103004111,0.4752470091938686,0.4321585081303697,0.5015130087075539,0.2539184952978065,0.8147718731116342,0.6799418837522256,0.9616747755270872,0.4666729819805314,0.7895254162693468
0.0,0.4945954798558793,0.5367525510123252,0.5055997029531414,0.414926909667473,0.5132656955670829,0.35579937304075204,0.8779360252322537,0.6785737209628132,0.9745293756588064,0.4715304719320592,0.8796554800828921
0.0,0.5103177202751391,0.5380849334929753,0.5417538108518261,0.4276155769568527,0.5258223938426936,0.31818181818181857,0.8673292425902359,0.6768605700912128,0.9817969602106016,0.4694921017578267,0.8800296454064008
0.0,0.5447101211922698,0.5382319234551559,0.5560319736637022,0.4587998967810455,0.5336818075439783,0.5862068965517238,0.8611194356150116,0.674919946239848,0.9817969883862382,0.4689320338247995,0.8682938061247986
0.0,0.591549295774648,0.53661707807196,0.5575816616772771,0.4945031617309062,0.5216560792007906,0.5377643504531733,0.91314130749844,0.6723598449882352,0.97217325326752,0.4722560654413653,0.9300454754777802
0.0,0.6128398296757286,0.5344931068937058,0.5393728430796951,0.5095362889774687,0.5295020750399112,0.6160815402038504,0.9162511238080262,0.6691681160927413,0.9687328891017448,0.4727762324500819,0.9266204236702736
0.0,0.6541107107762856,0.5329463333032076,0.5421550839686169,0.4901263863400389,0.0,0.7002118644067798,0.9239986440611352,0.6659643249522625,0.963025872032728,0.4739355905725264,0.9233608680635504
0.0,0.7625286603340972,0.529646156126394,0.5089341092652199,0.5499098347424409,0.5300887739967305,0.9532412327311374,0.9339471085586272,0.6631424759754126,0.9633817445953198,0.4753154266470256,0.924644275197468
0.0,0.8588273829020635,0.5259946086751923,0.4991579823825255,0.6024335616888895,0.5102796278435876,1.0,0.958535782538848,0.6603415373645697,0.9583459346089246,0.4785004923308535,0.9861686819441166
0.0,0.6390435637078286,0.522954681685161,0.4877895172783274,0.4538216798196849,0.4523754190297051,0.8825978351373859,0.9515595753356684,0.6578417904305971,0.9457839660671676,0.4781910581307745,1.0
0.0,0.5640353750409433,0.5223169910850953,0.4977018631989878,0.4551527345390906,0.4734678710789742,0.8351373855120731,0.905831028401024,0.6552438157395691,0.937204522251424,0.4772593682276709,0.9925596169493652
0.0,0.6554208974778903,0.5219543398384451,0.5194450977547656,0.502930152052207,0.4304637522644573,0.7901748542880925,0.8970812924652046,0.6533060113438832,0.9247854813191208,0.4763769996621151,0.9956135113403866
0.0,0.5420897477890598,0.5218963541188354,0.5487782173188509,0.4354447102109046,0.4425499157234668,0.8168193172356368,0.8768257274661134,0.6509610284215449,0.921699252678436,0.478094491086033,0.994016399497673
1.0,0.4415329184408775,0.5237805225394014,0.6167834357822399,0.4395005866911361,0.4339485810493143,0.7676935886761028,0.8605790251978639,0.6487246488104091,0.9138366934275528,0.4767280615230829,0.9675953335946168
1.0,0.4104159842777592,0.523726097053463,0.6451525702202763,0.4759023268694825,0.4891072828078629,0.7369281045751633,0.8354892433762875,0.6462072002299725,0.9081298570836224,0.4740558653454465,0.9248315232294358
1.0,0.5149033737307566,0.5233440670794314,0.6607848932088906,0.4714503241181261,0.4519181112541466,0.8120915032679741,0.8140889908572383,0.6439587971843103,0.8929255858076129,0.4720773582002246,0.8723834966357764
1.0,0.4903373730756633,0.5213320398863499,0.6562199299266374,0.4608208824590354,0.0,0.847222222222223,0.8484885703196773,0.6416495610957907,0.8720576473703122,0.4733836203359277,0.9235105957616956
1.0,0.5257124140189976,0.519111730995998,0.6523360475133774,0.4759769796715611,0.5119522706368536,0.946895424836602,0.8675650580449915,0.6397974050007272,0.8567207565440692,0.4723693616608308,0.9441663334666136
1.0,0.5378316410088438,0.51460006069857,0.6237880188342175,0.4812632810441986,0.4461073136837028,0.8357843137254909,0.8802106618062482,0.6383929742536602,0.8479173697226766,0.4738947356477839,0.9889036732389828
1.0,0.4782181460858175,0.5109039494954715,0.5994391965649764,0.455796583847327,0.4769354168622753,0.6454248366013079,0.8432515020953186,0.6364421955789051,0.8380701338026452,0.4729943344879925,0.9410910850368944
1.0,0.467736652472977,0.5100304382285705,0.6001760936010012,0.5010576174887366,0.4815390096968005,0.6258169934640523,0.8177834329817388,0.6348424967638343,0.8281991892295265,0.4707973868104359,0.8720535462279748
1.0,0.5175237471339665,0.5088626383312661,0.5934017595345131,0.4742757885130484,0.4782402858465333,0.726307189542484,0.8122565082609101,0.632366615792089,0.8197960816036359,0.4693608604423616,0.8807306157009801
1.0,0.5466754012446773,0.506299264713952,0.5709846436813684,0.4875110710391082,0.4816979198138266,0.6674836601307192,0.8473094930459002,0.6295725948376033,0.8129610851598897,0.470822646039065,0.9051489859279868
1.0,0.5650180150671471,0.5042485827505945,0.54832889722226,0.4966424626480974,0.43236050182249264,0.7214052287581701,0.8508565505111791,0.6263073462234215,0.8063399522579734,0.4721994442533105,0.8755400882995275
1.0,0.5031116934163118,0.5012723272109902,0.535260159103004,0.5185097430652101,0.4450648005505637,0.5702614379084973,0.8507877710035419,0.6234080267909482,0.7999686793311135,0.4720531977539174,0.8827285125446661
1.0,0.5296429741238127,0.5005976355628778,0.5437719357049406,0.5315270328553627,0.41059994247673215,0.4901960784313728,0.8269114562095613,0.6215703318834173,0.8015111805830423,0.469924789443708,0.8246489550555808
1.0,0.4657713724205699,0.499952589021806,0.5492928255800744,0.5500058177084611,0.4391566611280428,0.4330065359477124,0.781349945222035,0.6194077107808204,0.8036967074758,0.4681673948479828,0.7604008733094794
1.0,0.4844415329184411,0.5009847960444235,0.5620468665841616,0.5589429490134181,1.0,0.35539215686274594,0.7873239367425042,0.6184748187357493,0.8058705999399288,0.4693250781647776,0.7539330830405309
1.0,0.38912545037667895,0.5025627716539468,0.5882846568480795,0.5071126015148311,0.4972132088473721,0.022104332449160057,0.7412465794477006,0.6170803849257877,0.7995944972513046,0.4666691534255252,0.701857522855802
1.0,0.5266950540452013,0.508488714052335,0.6723210159411479,0.58360859640713,0.6058463061505693,0.402957486136784,0.7077460464065162,0.6166360436915799,0.7972095387618695,0.4627765548943085,0.6380773558054109
1.0,0.5810678021618079,0.5101987866113386,0.7217885256931447,0.6198790141023937,0.5354921435564575,0.5619223659889097,0.7825339353177858,0.6157592781880411,0.7991810875698283,0.4748010222703321,0.7650742267890235
1.0,0.4749426793318048,0.5095387630728875,0.7504517295827984,0.5506473581106335,0.5808279256106984,0.08607021517553852,0.8242094041238227,0.614459884476536,0.8040844435193356,0.4779079526310375,0.8165166506763538
1.0,0.6341303635768096,0.51206684205714,0.7944278777484622,0.6391636859762,0.6243837672406446,0.5141562853907142,0.7772870414494788,0.612307777232625,0.7968081421047676,0.4723599441865202,0.7380127580726669
0.0,0.7402554864068133,0.5105726968432562,0.7846293566677008,0.7135124699560792,0.0,0.8094736842105276,0.8638951800303613,0.6103433620985393,0.7873248220839476,0.4834134493804722,0.8538900403541797
0.0,0.7779233540779561,0.5065510831424826,0.7486008027819608,0.7195623453861996,0.5951457360845233,0.9535864978902956,0.9279682042161836,0.6079614297611909,0.7734816714484606,0.490731668531457,0.9346230293984692
0.0,0.7169996724533242,0.501748573842253,0.7075208011426066,0.6872719763617116,0.5643578348532788,0.7276381909547731,0.9447012758598664,0.6053688256757218,0.7648478762207549,0.4897761837251736,0.9547936653726652
0.0,0.7497543399934491,0.4990425419680176,0.6962927660832925,0.7567534036436079,0.5760934650959968,0.8462311557788944,0.9363249143940772,0.6026353756669619,0.7526159318390816,0.4890613983330037,0.9357403871595192
0.0,0.754667540124468,0.4948616947674006,0.6809796120351143,0.7277659654082989,0.547782810224255,1.0,0.9758190902436268,0.600748398269712,0.7536943783170325,0.4921337423990893,0.9766032357527394
0.0,0.7081559122174907,0.4900626059967668,0.6559680757381583,0.6996918265550184,0.5275470304284583,0.8660986001217276,0.9733528536126436,0.5989324207192391,0.7526641923843913,0.4902680518001351,0.9966251225318584
0.0,0.6878480183426133,0.4865912923000205,0.65429401263564,0.7212783833103055,0.6137080346437817,0.8083333333333317,0.9248976904823901,0.5982053254493284,0.7580819883720237,0.4882654898504808,0.9306189609298424
0.0,0.6907959384212251,0.483483953120381,0.6448309060283113,0.6843683515666268,0.5340209352542287,0.9457994579945812,0.9250254238537158,0.5967070694622661,0.7566493311472007,0.4868781149531856,0.9560495728889512
0.0,0.6806419914837865,0.4800482449431364,0.6372942060242128,0.7200443853977867,0.5400868748486476,0.9985074626865664,0.9650698357643612,0.5947924766040783,0.7585371755065359,0.4900544623514469,0.9988166923400088
1.0,0.6177530298067475,0.4768100654691447,0.6318272290495903,0.6899210823372727,0.0,0.8700657894736834,0.9543746223268104,0.591903131391578,0.7586077135498634,0.4891059718362055,1.0
1.0,0.6030134294136913,0.475179725702424,0.6408135497141203,0.6518992213742831,0.5568240635032118,0.8865131578947351,0.9413359928076288,0.5895008130961633,0.7578024690066025,0.4876390195896406,0.9985228519195616
1.0,0.588928922371438,0.4721443054999014,0.6223087675385028,0.6196312163436251,0.5766276206438607,0.8930921052631572,0.9345464728394636,0.5871218749074313,0.7562890261037697,0.4868455804419333,0.991483087215828
1.0,0.6010481493612838,0.4689209947894971,0.5929049094042795,0.635226537376978,0.5383934735523487,0.5986842105263146,0.9371158787319022,0.5844189239264143,0.7504953678178349,0.4874986782581773,0.9961218179256542
1.0,0.6203734032099574,0.4669152338754642,0.5769646406724823,0.6753522139646124,0.52005439811693,0.9657142857142844,0.9048926794039764,0.5823320119892199,0.7493946687618408,0.4841212309101892,0.9505720374204664
1.0,0.5630527350147395,0.4643428585269257,0.5611970311425276,0.648777161709493,0.4941460080162106,0.8458019632135713,0.8977789131855226,0.5802603165038059,0.7466540632577293,0.4815710549027525,0.994210452396186
1.0,0.5660006550933504,0.4623490108192001,0.5500417620617803,0.6528105410797745,0.0,0.7838559039359564,0.8951898560051879,0.5786922317361837,0.7510884267073108,0.4819051081888043,0.9748865070839968
1.0,0.6141500163773338,0.4595550927188206,0.5204077424111597,0.6790267756908263,0.4937077880898866,0.8899114429588474,0.8826474215053868,0.575891757221847,0.747841196842145,0.4837169681895224,0.961377125787002
1.0,0.6708155912217493,0.4563250029729573,0.4896307721667469,0.6896481356883757,0.4976647262155491,0.9428571428571434,0.911721501947934,0.5740883060445411,0.7528413222537615,0.4850199843822594,0.9800534730008392
1.0,0.6583688175565017,0.4525101962076593,0.4507413887273588,0.7068942382523017,0.525945319111452,0.965678627145086,0.9089555831765326,0.5720801182921559,0.7497857730064388,0.4835918290475364,0.9956640399769368
1.0,0.6619718309859153,0.4490941662972069,0.42523788481209335,0.7114887177891301,0.5205026491594389,0.9117174959871592,0.8942367685422182,0.5705548912907318,0.7463000865768905,0.4855106078307891,0.9955577182682952
1.0,0.6537831641008842,0.4477147174396053,0.42323218032105264,0.7062004524988416,0.6355201446047607,0.8236295591889319,0.8828881497821163,0.5674009982159626,0.7295015138708683,0.4843186377721237,0.9811441937913812
1.0,0.5365214543072386,0.4473724588374815,0.44096453584004497,0.5658177986263778,0.5581913708292996,0.772070177502611,0.9008936423170832,0.5639516852169942,0.7129343145249409,0.4882226961845123,0.9607213094445392
1.0,0.5260399606943991,0.447616691130474,0.4631281726367044,0.5556525392015458,0.5629018461014382,0.7117751731643124,0.8849367965453036,0.5601101859678933,0.6938819909911162,0.4866630908604183,0.9244681905139364
1.0,0.5591221749099244,0.4474486761910536,0.4706487338858453,0.5398668817098382,0.5290086906324216,0.7382461506786865,0.8629224412794954,0.5571352463075813,0.6829456103823737,0.4846558086731506,0.8687404816116046
1.0,0.5083524402227316,0.4464923818669429,0.4614294925832549,0.5310981890494634,0.4781697058659414,0.7367755408167761,0.8922519884646939,0.5567533196671631,0.6868228563174112,0.486297977974187,0.8967252565593615
1.0,0.5312807075008188,0.4457871036030652,0.4938949055821214,0.5514995118287603,0.5236917617491189,0.691186635097576,0.8415565785142642,0.5572509203504245,0.6985955488228628,0.4726424274145486,0.8973616261803925
1.0,0.5548640681297085,0.4444181334648693,0.5198829829388847,0.5218499269301984,0.5823184110130766,0.707363343578583,0.8259288918147473,0.5582998350081542,0.7112400925019748,0.4732639696935344,0.8892936297206557
1.0,0.5594497215853258,0.4435317544130124,0.5586057114278585,0.5255173086369179,0.5464323218341245,0.7058927337166725,0.8388152238527332,0.5573012600443584,0.7157194596031934,0.4717192042799716,0.9080701908377404
1.0,0.5401244677366523,0.4422803419450517,0.5545590082943191,0.5057095763600776,0.6208022274166567,0.7088339534404914,0.8433350200688776,0.5555908297939037,0.7183613744252636,0.4686057468791319,0.9139364947005773
1.0,0.5892564690468389,0.4410093335757629,0.5501344239991536,0.4938453408097359,0.0,0.7544228591596935,0.8589676195903688,0.5540293719126116,0.7164942903143354,0.46749005351069206,0.9295750952725784
0.0,0.6115296429741234,0.439218512329137,0.5493414205946149,0.4621235378777596,0.4952395992116748,0.8353064015647286,0.8535340384870473,0.5522539837729948,0.7135965976092826,0.4701820901743598,0.9279731993299836
0.0,0.6007206026858823,0.4370997524755436,0.5510580896694439,0.4497965932202516,0.59286591698771,0.9624413145539892,0.8648482674933307,0.5502184326928682,0.7079062231738403,0.4682751717892146,0.9392084147081842
1.0,0.537176547658041,0.4348996680750934,0.5578934465434573,0.4031950237401888,0.5163326615854927,0.7457943925233643,0.8537305513660102,0.5479846114305321,0.7040377258259768,0.4674733232147321,0.9054296226401294
1.0,0.5237471339665901,0.43426290174680415,0.5665136208190559,0.3897870671461051,0.0,0.8691588785046721,0.829195918427504,0.5454538705481912,0.6998913650455216,0.4681793652596238,0.8704731810435
1.0,0.5352112676056334,0.43304098877808894,0.5711114406135757,0.34667989433738056,0.4966497444610695,0.9121495327102804,0.8461058516622533,0.5431577586916084,0.7036678215055743,0.4672552146124303,0.8743352863297567
1.0,0.5257124140189976,0.4309886579795057,0.5679524597004674,0.33963627246538536,0.5252042218219751,0.9700214132762311,0.8499820681997946,0.5399730993196817,0.7034273981805028,0.4682252637257798,0.8661795147498776
1.0,0.4834588928922369,0.4293600631497193,0.5759486430328358,0.35609963545849754,0.4013074745007971,0.7935779816513748,0.878741728036001,0.5378197613190446,0.7041126970032261,0.4694944686934488,0.8792141200909934
1.0,0.4133639043563705,0.4286105686522255,0.5905775522221102,0.3362937802049876,0.42750693214529095,0.4105504587155945,0.8559167571444712,0.5351347188845751,0.6952602496360959,0.4690308891542137,0.8614030852954729
1.0,0.4323616115296431,0.4296252246476622,0.6185357871838466,0.30763795194781435,1.0,0.4770642201834859,0.8746788242634451,0.5341358199551872,0.6972530988235062,0.4724702473691523,0.8593939128786222
1.0,0.3868326236488701,0.43000320480750265,0.6359673517570921,0.30330080578081,0.4472626431109071,0.20412844036697264,0.8384369365607298,0.5328235925220978,0.6996493974038079,0.4690643731974338,0.8392558721670305
1.0,0.3809367834916474,0.431847859123927,0.6667220917461749,0.2952310795330335,0.5023783781002849,0.08715596330275126,0.8261204918717359,0.5322847279831157,0.7089182699056487,0.4709716022217855,0.8265337325150584
1.0,0.4880445463478548,0.4339056107157552,0.7064509013151536,0.3619172217915244,0.5230974342359452,0.7163120567375905,0.8286505951883818,0.5294882859429048,0.7026743998801088,0.4714963047122947,0.8243007801110787
1.0,0.5135931870291515,0.4329484355864565,0.7251692248944572,0.3953667222630648,0.5445994907788909,0.684397163120568,0.9006971294381205,0.5268631048057729,0.6965833229282008,0.4807789072649502,0.8744284281864018
1.0,0.4864068129708482,0.4322770176773226,0.7474718264966129,0.3784060388704748,0.0,0.3900709219858176,0.9056836437418018,0.5244004774871046,0.6894930344252231,0.481037549313603,0.8941223662542754
1.0,0.5135931870291515,0.4328038428308048,0.7751071610444871,0.4219396359131067,0.4979333469806502,0.9361702127659552,0.8872703869829867,0.5239873459022558,0.6980410608150759,0.4817204265110345,0.8774015116328168
1.0,0.4831313462168359,0.4294633408417059,0.7550010926616066,0.3738027785345126,0.5132098944205774,0.6127819548872192,0.944106824401004,0.5239506836661955,0.7100607016030093,0.49089627163621397,0.9813086742952049
1.0,0.6285620700949884,0.42667696108118697,0.7397864924153534,0.5610333282436751,0.5819651442719536,0.2575757575757596,0.922367587165744,0.5230443117827225,0.7185286825870841,0.4898404237816622,0.972265619502034
0.0,0.627906976744186,0.4239182006687203,0.7253044300695531,0.5606828711179778,0.5431519492286215,0.5852348993288587,0.9441903423745632,0.5215671779390866,0.7267844694158893,0.4899301697112429,0.9992821855339272
0.0,0.6403537504094332,0.4235718107090022,0.7451761468779319,0.5837214459261334,0.5071775753813091,0.6971916971916966,0.931903374617414,0.5193985034786349,0.7342106640550623,0.4923421245016845,0.9898674040984188
0.0,0.602358336062889,0.4226112811435422,0.7532468301402555,0.5489906674746498,0.5533484307935109,0.5518925518925516,0.9333330058118684,0.5173031449794004,0.7397460148165832,0.4924527466852587,0.9945259873785716
0.0,0.5987553226334753,0.4222993872262063,0.7601850276483686,0.5454139761888821,0.5493585636301269,0.5360195360195362,0.92000943261819,0.5153390999759823,0.7483995099178096,0.4910092137639255,0.9927246904007944
1.0,0.5837275307473985,0.4899496593550385,0.7680047241499899,0.5093935287965929,1.0,0.2709867452135499,0.5311792246584358,0.9876416516802424,0.3621795260509752,0.5148829710661211,0.8304071745702466
1.0,0.5704824976348156,0.4877839710414003,0.7583003184678381,0.4940356628663333,0.5898448791508701,0.17673048600883695,0.5503146662474392,0.9869499786981384,0.3734012125176319,0.512543642142056,0.8441504231124378
1.0,0.6515294859665722,0.487567401717792,0.7707258013410403,0.5783082960773399,0.5172382274508517,0.24021592442645104,0.5056325503932712,0.9871529967170954,0.3794693767671601,0.5132126448304439,0.7967542406112043
1.0,0.7256385998107855,0.4877666555496303,0.7740432925458409,0.5967399950605603,0.5256856896562725,0.43212669683257937,0.4443696603766172,0.98907596165884,0.3873330370821911,0.5125066462338401,0.7553474075666925
0.0,0.7215389467045095,0.488597974432881,0.7248837465592197,0.5896077276107251,0.5847257148421843,0.5635305528612995,0.4523529960844807,0.9914210967093784,0.3924143193425438,0.5129254659326258,0.8019024248327156
0.0,0.7707347839798171,0.4893622732106833,0.6694553041442507,0.6003579264217842,0.5693858638111198,0.6993210475266729,0.4652982819861557,0.9922003182759694,0.4032666755754648,0.5137651400301384,0.8346952199046259
0.0,0.7978555660674866,0.4872227464378032,0.591662268620847,0.6198826489097642,0.5637694336121026,0.6779825412221143,0.4500587082225904,0.9924233138150031,0.4118320321707691,0.5127758354825722,0.8094539382976842
0.0,0.8114159571113215,0.4852442848181544,0.5747805834877922,0.5807170657477098,0.5838163456175496,0.7028783658310124,0.4829353128730672,0.9919582176922468,0.4167895854843183,0.5149566290052425,0.8754822469863516
0.0,0.783033743298644,0.4828544110663269,0.5597751862483746,0.6132747908827171,0.5341724756307127,0.62878093492209,0.4838097951844516,0.9911112013477468,0.4144578965020765,0.5150564339747568,0.8669061563175934
0.0,0.8681803847366762,0.4829060621650193,0.5651096552636068,0.6683592748609576,0.5415811212323591,0.772893772893773,0.452490555099755,0.988750172991494,0.404933441998414,0.5130030892648807,0.819282289993296
0.0,0.8120466729738254,0.4801385426859889,0.5575578660755752,0.6297233854493397,0.5486546040414398,0.7531806615776084,0.5130951269718839,0.9856792075852584,0.3896700366259367,0.5136055825052577,0.8716622183993827
0.0,0.8189845474613687,0.4783005423699362,0.5529678743985573,0.6387580478552765,0.5848149855786818,0.78117048346056,0.5378704881871192,0.9824611923581102,0.3763916882470584,0.5154508427490749,0.8637185827946923
0.0,0.8599810785241249,0.47539509961845294,0.5430330045394498,0.6286232525775685,0.5581897435304404,0.8235793044953351,0.5695483642759236,0.97969458939292,0.3588682834100462,0.5139864191718035,0.901887245911178
0.0,0.881740775780511,0.4709072149219841,0.5216326288513973,0.6542330226474169,0.0,0.9601357082273114,0.5868316719807025,0.977193783229672,0.3452527061900388,0.5115209181071798,0.9127654730131424
0.0,0.8990854619993696,0.4638618977336024,0.4966459294148032,0.6228732664997227,0.5645341868550543,0.9855810008481768,0.6078929397835411,0.9746587407276592,0.32993605369337065,0.50934756105238,0.9151435040540368
0.0,0.8997161778618734,0.4536001252707833,0.4461242023304565,0.6241415449339563,0.5579870998727977,0.9759243336199483,0.5998359117460662,0.9725064470425164,0.3221658506259182,0.5088450487599274,0.9034177871662216
0.0,0.9485966572059288,0.4445996982676402,0.4106586965035174,0.6525165205568735,0.6286310742095164,0.9737762237762241,0.6087084682312371,0.9708578865232956,0.3144224056694737,0.5094554826554583,0.9169712991891928
0.0,0.8722800378429517,0.43417163613337867,0.3519100440949915,0.5806463957223698,0.5864602253327422,0.9982891360136869,0.6253629347233342,0.9702160610409002,0.31476821409745226,0.5069432320140335,0.9282100256776756
0.0,0.8461053295490382,0.4249899052155127,0.3041144817512053,0.5706217199366848,0.6362253299554482,0.9485714285714286,0.5969127826714942,0.9693507330539624,0.3168613912744665,0.5084008223467535,0.9249212593445236
0.0,0.8397981709239989,0.41654714555742095,0.2525763140621225,0.5601738863226107,0.6295394076855692,0.9884057971014496,0.5687082717183576,0.9690483998167128,0.32602733340460466,0.5066086913008683,0.8860189483537194
1.0,0.7146010722169662,0.40639360109103534,0.20198951696959105,0.5180293243449801,0.5525200715126899,0.962435233160621,0.5657409272460192,0.9690940883700292,0.336038378724192,0.5063489951588641,0.8890673817625254
1.0,0.7543361715547146,0.3995317898382365,0.16262844751143868,0.5453183764657525,0.5840814863885079,0.9856459330143535,0.5337977587706151,0.9700380548412048,0.35215867733349804,0.5075721826914087,0.8864047459428004
1.0,0.6802270577105014,0.39059493818136104,0.10320452236557293,0.4965502270122233,0.4746532318461674,0.9850107066381156,0.5113314238831926,0.970740792172978,0.36445026697735294,0.5095618681094003,0.8842607232756113
1.0,0.6521602018290761,0.3868341236747023,0.05473277627424766,0.4753473421594014,0.5105690166138932,0.6589861751152067,0.45327660661560604,0.970060217039902,0.3749874147659956,0.5057007176331587,0.8076957132195756
1.0,0.6449069694102808,0.3938156888090519,0.07229091165464907,0.4661420059480311,0.44618359718293904,0.8087557603686641,0.4128833843448017,0.9684221422996876,0.3777485466042,0.5029376121693906,0.7492884880529241
1.0,0.2718385367391988,0.4009361518351315,0.09626942534426247,0.3130613345418588,0.3889369470717722,0.9178082191780812,0.4532864322595544,0.9668619232443736,0.3846287879200714,0.5021764514155406,0.7851929620400468
1.0,0.21318196152633215,0.4107690169196016,0.14347804718186166,0.32180698832911403,0.3850876503437965,0.1499339498018496,0.4524266884140921,0.9645147687752814,0.3873269826594175,0.5021516106144432,0.7754721277053265
1.0,0.1718700725323239,0.4141665671513653,0.1432199451888741,0.3479584658628934,0.3757860527639621,0.12818835840418574,0.4271305680696046,0.9628605460350124,0.3882732201694742,0.5004669965841297,0.717760603109149
1.0,0.1813308104698832,0.41790004359139227,0.14210191083627696,0.309766938491435,0.4558184693860835,0.13145846958796628,0.4209600636701728,0.9613112008853664,0.39119284977665736,0.5037060294739792,0.7146362750926548
1.0,0.1497950173446861,0.4208661608871929,0.14149321708319162,0.28054861167493583,0.3762248254666431,0.05755395683453252,0.43874447921630655,0.9619311675875594,0.3966739674851598,0.5013285643609326,0.7234969705402429
1.0,0.2043519394512772,0.4262799115678983,0.14333028069920056,0.2645565858494915,0.3820543096327073,0.14584695879659929,0.3797070975539063,0.9633993786810128,0.4084151771167557,0.5006057226116603,0.6911848413170246
1.0,0.204982655313781,0.4302687958385469,0.1357977826384031,0.2650025787601834,0.3295495298193157,0.1530412034009158,0.4319107438503751,0.9653300910017903,0.4080867863527631,0.504275380062184,0.7922068887005578
1.0,0.17092399873856814,0.4345024723375664,0.12563704980400026,0.2788744184650431,0.3697527640884909,0.10071942446043204,0.4375899660523999,0.9643234699445472,0.402815381627606,0.5009851539342995,0.7940916047914793
1.0,0.21255124566382816,0.4410141077369536,0.1207096342706524,0.2597699435034278,0.32288556451891937,0.1608894702419882,0.443603260148662,0.962730388383318,0.3869161991400325,0.5015301084831307,0.7675980621576837
1.0,0.181961526332387,0.4459345681951609,0.1135880531176412,0.2852268418330634,0.319120546255502,0.14378659726740406,0.4484030872173288,0.9613664079880012,0.3770619899170157,0.5018177252033916,0.7894746828237855
1.0,0.19173762220119814,0.4526040981624118,0.11714495172076278,0.2909130282205027,1.0,0.12284069097888685,0.4120531174311836,0.9613035843758531,0.3720499153218565,0.499273827058871,0.7411740895809354
1.0,0.1204667297382528,0.4595041208726176,0.1320847378301489,0.26287002170670104,0.32708679806762464,0.0102367242482408,0.3589504247134596,0.9615754470569025,0.37630658053835264,0.4990887999761262,0.6836017050988525
0.0,0.20403658152002507,0.4719321741632076,0.1654212896471441,0.2631247038698389,0.4822683133843962,0.1429499675113712,0.35075583766071045,0.9618387430049076,0.3885249483840766,0.4984410563459755,0.6917224281214819
1.0,0.11731315042573305,0.4815275685558922,0.181982961782282,0.2478388900928577,0.3295498325347725,0.08208955223880601,0.4310510000049128,0.960952912408882,0.3875160275762154,0.5006741365747782,0.78372566629141
0.0,0.1226742352570166,0.4937436155751757,0.20578553934726213,0.25068219281591003,0.2929645251398864,0.10705741626794256,0.3879360743604733,0.959195334772932,0.3904611944737912,0.4976068870458527,0.703271057591358
0.0,0.17691579943235558,0.5048879655887131,0.2218879529082095,0.24471703954178525,0.4757571011043331,0.17703349282296654,0.4166171290450947,0.9584117257232364,0.3915656023990453,0.4997635782440013,0.7464930366697448
1.0,0.13938820561337106,0.5148851759816689,0.23902127467928835,0.1918843275421635,0.4329414272805361,0.0885167464114835,0.4432593626104773,0.9562938009423021,0.3875846382453305,0.5017454542195628,0.7880516589296331
1.0,0.13528855250709534,0.5289678524985428,0.2758492539462933,0.18455950306778648,1.0,0.07296650717703343,0.4178698986484827,0.9547959752442524,0.3774541518007805,0.5000831073054021,0.6948467561379766
1.0,0.0999684642068745,0.5465568583195461,0.33721524142634474,0.16701174731207089,0.3668998250755226,0.022129186602870658,0.3830527293182477,0.9532170298998658,0.36851322341166304,0.5010190817910601,0.6829882236867073
1.0,0.06496373383790588,0.5674523100811268,0.4155791047562032,0.16161189420252242,0.13096433324718262,0.07476076555023924,0.3597708659831293,0.9529907812369104,0.3683145086830443,0.4992774808311167,0.6438772025247608
0.0,0.43046357615894026,0.5887762784522654,0.4929419029559228,0.32892585143225245,0.3965526551157901,0.06692913385826832,0.4663791028204515,0.9509140321037376,0.3464858100533881,0.5037960633249753,0.7612545378650849
0.0,0.4727215389467045,0.5922005647406265,0.5149333241897995,0.3438824930977144,0.5408726949709775,0.20512820512820493,0.5441982028897221,0.9470343526872936,0.3177468128792437,0.5061223663419754,0.8290853434863454
0.0,0.4755597603279722,0.5936765826028276,0.5253119228399945,0.34843535620534594,1.0,0.3682310469314079,0.6046799542124988,0.9444074546103428,0.3001618919029612,0.5071631458824287,0.8599997470179741
0.0,0.5036266162093976,0.5938183429588362,0.5267685054566412,0.39729442641738416,0.5310220925827877,0.2934426229508198,0.6414671651543363,0.9418736226241744,0.2984834553561692,0.5096290182918909,0.9396258395840976
0.0,0.5216020182907599,0.5932978038375647,0.5107629461919727,0.4253333210613938,0.5563154967337374,0.193460490463215,0.6668517162943568,0.9400609093420206,0.2980259127217736,0.5078923994323954,0.9493466739188179
0.0,0.5212866603595079,0.5939848943335058,0.5010073925764839,0.4242716290847182,1.0,0.12443233424159778,0.6847638652118164,0.9364350814792431,0.28877520694555936,0.5055599611372485,0.9612368291232908
0.0,0.5137180700094607,0.5960447700620859,0.4985446321966624,0.41615187180925545,0.5315285028633097,0.14078110808356026,0.697645284427828,0.9351317517826676,0.2930966837163511,0.5066448251719465,0.9546592964569866
0.0,0.5134027120782088,0.5986379168589624,0.5006622793527425,0.4161581042226031,0.5505703539019939,0.19164396003633072,0.6878294661236356,0.9337452681902416,0.2965901801847713,0.5053140389756553,0.9959522875899663
0.0,0.4941658782718386,0.6016664908935236,0.4800916160884168,0.4377076406829856,0.4629311369787405,0.1189827429609449,0.6603225758908171,0.9350167108339285,0.3139360947397508,0.5036208800367877,0.9997795650082829
0.0,0.4787133396404919,0.6047177616209742,0.4488854935008135,0.4236541319884866,1.0,0.24977293369663964,0.5869102771322876,0.9354718102280264,0.32500500200086635,0.5013951488867169,0.9912634591795008
0.0,0.4897508672343109,0.6067961278232663,0.4177598736929239,0.4395338000891925,0.4590255179634062,0.14078110808356026,0.536509636500302,0.9373300988130708,0.34705579239372264,0.5013918885059963,0.9434510017718409
0.0,0.5140334279407126,0.6080916487438526,0.3975250650830554,0.4195801085004547,1.0,0.2316076294277928,0.5326530712506568,0.9370246681956051,0.3565692909434077,0.5009365210650623,0.9655308709281716
1.0,0.543677073478398,0.6100909016523031,0.3975759677323708,0.4598735424615038,0.4396639829831585,0.1643960036330612,0.5155220610270743,0.9366922236420588,0.3654942787406419,0.499796427246016,0.9324246967425374
0.0,0.576158940397351,0.6136999001358803,0.4057798942643199,0.4976889965894722,0.4736268521583898,0.3994852730912212,0.4989609381524839,0.9359763605487288,0.3734863103689071,0.498415714317061,0.9340261687338146
0.0,0.5484074424471775,0.6152068353363671,0.4155167102901338,0.4659155689417666,0.42359934593536575,0.4654759024218557,0.5186760927344278,0.9357428391031648,0.3866110019252715,0.4998391081544306,0.9707509881422924
0.0,0.5512456638284452,0.6163676759722094,0.4354436776073899,0.4691007954933447,0.4507903549230439,0.34449308198235856,0.5149767377879527,0.9340188706907578,0.39553106561189255,0.4995213256266453,0.9729726046067869
0.0,0.52317880794702,0.6176389737214203,0.4288758655260143,0.4876859783757725,0.4841600867037391,0.2807021402960781,0.5024490417540739,0.9321529911506172,0.3872077037111601,0.4987492390006775,0.9350415701240284
0.0,0.5127719962157047,0.6193767296842683,0.42322012290425015,0.5271308481766114,0.4882776159583654,0.252106200919469,0.4930508133176781,0.9298013559256284,0.3739888721154549,0.5017541759005794,0.9271091726863842
0.0,0.5534531693472092,0.6210005524947861,0.4043179843582127,0.5241971504173514,0.4590433892310796,0.3114977673170413,0.4816628919817834,0.9279504971339428,0.3645651399549629,0.5010143511587705,0.896558538912362
0.0,0.6228319142226425,0.6220848735760678,0.3956145992053968,0.554126850156245,0.4894048178042503,0.677966101694915,0.4685309188450938,0.9261869453189668,0.36740090468244346,0.5000941059445545,0.8739948207714321
0.0,0.6240933459476505,0.6207716413564048,0.3707772411510858,0.5557722013458929,0.4756695742324693,0.7005649717514137,0.4772413522051203,0.9260399855803804,0.3757866225939719,0.5007457102499254,0.8898528008722911
0.0,0.6058025859350363,0.6177727052555888,0.3283844028321077,0.5844025304367785,0.4154852757971344,0.5423728813559329,0.4554087713523525,0.9254973054089398,0.3817339675961916,0.4989215272272374,0.8972127572577342
0.0,0.7051403342794074,0.6157270501520633,0.29177940219803744,0.6477060240051667,0.4632004514017063,0.820707070707072,0.4562390382659701,0.924363090670345,0.3862672060490453,0.4990391361698044,0.8832288401253916
0.0,0.6600441501103753,0.6124753578035886,0.257820982204128,0.6490014467067514,0.4763128377724044,0.6666666666666665,0.4767107674319208,0.9215762221590416,0.3818780150436272,0.4968995783637091,0.8957339512062151
1.0,0.5985493535162408,0.6123670783716708,0.24200407984022576,0.6238829278516814,0.398848116602188,0.5333333333333328,0.4399088180241612,0.91755547719035,0.3691193338551194,0.494294936807014,0.8237767479896415
0.0,0.5912961210974456,0.6136498537335251,0.22885530644876595,0.6160871866513402,0.4424434713340058,0.4628571428571428,0.4668949491277285,0.9146545019112768,0.3599232351567643,0.4965109093646173,0.8063172958975059
0.0,0.5894039735099337,0.6155645098594877,0.2220574246248097,0.613817949334947,0.4886594491560928,0.5257142857142854,0.4341264265606808,0.9119164689769054,0.3511248794963626,0.4977064140426675,0.7724955703966201
0.0,0.5578681803847366,0.6169734599609453,0.2096779836332514,0.5798791323616619,0.4592717386875947,0.5809523809523804,0.4052095564213037,0.9114361780229088,0.35274846280466376,0.4955580909391003,0.7157012402889464
0.0,0.5748975086723432,0.6218097284027311,0.22394144479984512,0.5479457828990267,0.0,0.6209523809523806,0.4318026617669458,0.9107393515047414,0.3553603632656702,0.4976111889231361,0.7698855117895598
0.0,0.4415011037527595,0.6273893131505122,0.22141308556512224,0.4436186022420483,0.3901871345140973,0.8539325842696628,0.4356051859748761,0.9102988049869072,0.3592588724181224,0.4942056180849842,0.7705601744582253
1.0,0.32040365815200256,0.6310939713428956,0.21936264106488035,0.4090719813961131,0.4357941181896189,0.3261065943992771,0.4463151378783485,0.908903113079778,0.3612660757289139,0.495055708665746,0.7862545999727406
1.0,0.3705455692210661,0.6337546524408086,0.19590502757974404,0.4586344689925608,0.5411682154101545,0.272430668841762,0.42813278375231534,0.9074406262830316,0.35586270321800817,0.493732891900545,0.7458566171459724
1.0,0.2989593188268683,0.6349589972251417,0.17540296850631198,0.4491589040234005,0.4100044286291363,0.16557911908646006,0.41698067787117626,0.9057930563054508,0.3534458735130903,0.4928933601922876,0.7262709554313753
1.0,0.3065279091769157,0.6386634555576538,0.16492982552891805,0.4546478501390143,0.4780836780535184,0.2340946166394777,0.3672678323155599,0.9055891792337708,0.3606139574011201,0.4889760012919554,0.6456930625596289
0.0,0.4036581520025225,0.6405178160502536,0.15584355583440646,0.4825445184989782,0.4408201782378877,0.33034257748776474,0.34912969358729345,0.9063606378840322,0.37549479970289423,0.4874189107602656,0.652139839171323
0.0,0.3982970671712396,0.6389530510308243,0.13007662268180892,0.4759653120984882,0.491833890558863,0.2781402936378468,0.3698224997420768,0.9066304708019668,0.3883580718522817,0.4890780969859064,0.6974717186861114
0.0,0.4594765058341215,0.641761533568469,0.13154388852343654,0.4732525160929297,0.4614394213467433,0.3270799347471449,0.3828709549052072,0.9064287662884244,0.3960462277605389,0.4901725350199325,0.6871064467766117
0.0,0.37811415957111294,0.6436794394046628,0.12883414554250994,0.4313580916451682,0.4123077370156705,0.3433931484502446,0.3947894610143015,0.9053514404157508,0.3998284357510196,0.4910812658404163,0.7261823633637726
1.0,0.3528855250709552,0.6472147984933736,0.14262856154941145,0.4082576247855856,0.3857325420242503,0.2601957585644369,0.4044235049054528,0.9060787799640077,0.4133184878613197,0.4918691358917499,0.7250715551315251
1.0,0.3342794071270892,0.6507299344859141,0.1482347785279748,0.4464616695161019,0.4234310533104739,0.2430668841761829,0.3364202231403741,0.9049158173175316,0.4130649161615235,0.4900435248345068,0.6704988414883466
1.0,0.3286029643645537,0.6562985008672737,0.16484400693997586,0.4439224719610349,0.3616815082883231,0.2463295269168028,0.3372357515880697,0.9034348682909399,0.40675962231656415,0.4901602220311472,0.6293716777974646
1.0,0.27909176915799405,0.663015676150063,0.18393817718191324,0.4228452804755599,1.0,0.2479608482871124,0.3398493728782748,0.9005173007551112,0.3877162440934221,0.4904190912082492,0.5978601608286764
1.0,0.1633554083885208,0.6700257958325619,0.2003092094756284,0.37524966549497785,0.4544515717060466,0.06116207951070316,0.34695331345278024,0.8983390407237725,0.3726386234005065,0.4910216439569127,0.5922516014719909
1.0,0.18763796909492247,0.6805524196999138,0.2319925785277979,0.3459078739309068,0.5206249140653953,0.07643758765778423,0.2880338395177576,0.8957194725996119,0.3595310076933221,0.485997611681476,0.4893757666621237
1.0,0.22390413118889932,0.6912679748960293,0.2619139849820671,0.3619738067469937,1.0,0.15956358677122418,0.35776643461770874,0.8937169562977799,0.3508677961665204,0.4883419647744216,0.5352119394848028
1.0,0.18574582150741106,0.7013843502512092,0.30342698463957424,0.3939751858588407,0.25493426977040146,0.1412066752246472,0.39991353433325627,0.8926098722607155,0.34684411592682873,0.4882717955050132,0.5830039525691697
1.0,0.19678334910122985,0.7121751244050474,0.3484140296114132,0.3990576983811829,0.243722234002675,0.16623876765083467,0.3748434037995766,0.8918551246853271,0.3439907260814954,0.4898046215588602,0.5665121984462314
1.0,0.26868495742667897,0.7238390636979555,0.3994226784377638,0.3983662420856634,0.16493201251885609,0.2490372272143776,0.40884995750408987,0.892050932982858,0.3437175060483174,0.4890434472504544,0.5830039525691697
0.0,0.20750551876379653,0.7342933689351039,0.4404440293726581,0.4180276285626531,0.3207867333794803,0.2278562259306802,0.4045905408525709,0.891926214419753,0.3427521084554899,0.4886106842799303,0.5960610603789012
0.0,0.3793755912961209,0.7496277865142225,0.5067938756144412,0.4517475185945912,0.4738451903370687,0.15128688010043914,0.4020800888238212,0.8909334954581068,0.3382157670740238,0.4883593711304875,0.6032233883058469
0.0,0.3714916430148216,0.7561350816053465,0.5370567935314896,0.4521580225938708,0.5255714027908781,0.3738019169329073,0.4832251693695376,0.8895453175368554,0.3332464962924723,0.4916168436641348,0.6569578846940167
0.0,0.31094292021444303,0.7597220260828814,0.5512877955170583,0.4307431285446189,0.5327011614012684,0.1992866696388764,0.4999484153692722,0.8883536832734008,0.33231799897769176,0.4929977140936515,0.6864794875289626
0.0,0.30999684642068753,0.7642276252000351,0.5672950855321476,0.4322024791297557,0.541943073832983,0.2727272727272733,0.4411075465858345,0.8893645003090763,0.3435061935299686,0.4917603536412383,0.6324860297124166
0.0,0.32954903815830944,0.7675532466609096,0.5823944848722059,0.3923187731927202,0.5399821899139962,0.3145462080397847,0.4898820431444025,0.8914295082385079,0.3614352991774944,0.4957421028872048,0.7220253509608829
0.0,0.2771996215704824,0.768580578307615,0.5974518903708667,0.30694031565710506,0.5282495366458031,0.15214773183460542,0.5025915135913219,0.8942960785249082,0.3834847735356708,0.4966009290630462,0.7729317159602013
0.0,0.30242825607063994,0.7725557209586766,0.607391618542504,0.34284459362163416,1.0,0.1144118827780006,0.4467916816098335,0.8966973874118301,0.4068567695459243,0.4953938353540792,0.7651219844623138
0.0,0.2768842636392307,0.7776650026424912,0.6286748187096379,0.2925561096527569,0.5233972206211149,0.006824568446407706,0.4109329940210957,0.8965438401631062,0.4069541651642597,0.4962025600480349,0.7290786424969333
0.0,0.3689687795648063,0.7855738848512248,0.662975672541856,0.3090537587240323,1.0,0.16171328671328747,0.40951318847058976,0.8940435126043457,0.39444065881291934,0.4962746411609034,0.6697969197219574
0.0,0.4011352885525072,0.7891672314140412,0.6890660680348644,0.35970402305869315,0.5252088014116923,0.12800000000000106,0.5181012925634612,0.8919397844212121,0.3807171752540132,0.5015629693907931,0.8031688701103988
0.0,0.4594765058341217,0.7936709834316422,0.7089218640847134,0.3841453454624202,0.5772517022228009,0.05700000000000074,0.5048661501653164,0.8896648144313529,0.37497712822563145,0.5003373698253408,0.8038639771023577
1.0,0.4604225796278776,0.7981771165529409,0.7401036225851321,0.3851353908594494,0.5086084912337068,0.04658385093167733,0.5479515988779113,0.8880566927503578,0.3748029323347437,0.5002594016372464,0.8229112716369085
0.0,0.5364238410596026,0.8035654535660111,0.7763580454378646,0.4092711056119376,0.5578164496299234,0.08633093525179854,0.5546772521604135,0.8836237221187632,0.3567433626637009,0.5007744815840817,0.8379378492571894
0.0,0.6023336486912646,0.8073223886629648,0.8076353671516723,0.4272179106515348,1.0,0.15667574931880016,0.6672545676962303,0.8797216716046318,0.34474248278668784,0.5064833377915228,0.9201921766389528
0.0,0.558183538315989,0.8084189773478052,0.8130443195036703,0.43099482413446827,0.5437754629158508,0.10107816711590313,0.7110622012390136,0.8773377306278106,0.3425806748666941,0.5064066789933458,0.9612034891645084
0.0,0.6133711762850834,0.8109311154549983,0.8279744841522738,0.4352152373365484,0.5273407479143719,0.11455525606468946,0.6431227861595981,0.877247404222797,0.3549358913434193,0.5039626807944729,0.9405002044432328
0.0,0.6590980763166193,0.8118707613738501,0.8254658536826041,0.4295491207881888,0.5107655073574482,0.364161849710982,0.6293423205223312,0.8766975589510021,0.3623514243119814,0.5064800147900976,0.9341420198991413
0.0,0.6931567328918322,0.8110725329608166,0.8259857885694881,0.4022730162297337,0.4876422634197505,0.3830508474576274,0.6802637202835677,0.873022022205694,0.3492957760794213,0.506964638676507,0.96579721219647
0.0,0.7234310942920217,0.810255913978027,0.820444692367716,0.4265672615357358,0.5356595840707942,0.3774131274131285,0.6935086883256611,0.8711559048070182,0.3464067801342846,0.5082500835766249,0.9491768269801526
0.0,0.7811415957111323,0.8118535505832336,0.8329698609827874,0.4368569604054207,0.4802389413928541,0.5791304347826096,0.6355865172513743,0.8690790634239348,0.34214538878439915,0.5027965071434312,0.9503162376251136
0.0,0.7663197729422897,0.8118781957693277,0.8416417261086271,0.4759111468689639,0.4373228574579549,0.5804498269896194,0.6726046308259926,0.8691438451284822,0.3472105395906557,0.5021298460171558,0.952861148826134
0.0,0.8893093661305582,0.8121977192122071,0.8569273638107201,0.6189888211392028,0.4629779352352164,0.8520761245674744,0.6611577556264089,0.8695624672711685,0.3601487758770009,0.5008393620194007,0.9746873443544588
0.0,0.8921475875118259,0.8087791217070335,0.8711536308322151,0.5553604356423663,0.4421640500700348,0.8697196999605217,0.5877700209777498,0.8683161195520642,0.3617194359805965,0.4981327674460186,0.993018928636383
0.0,0.8391674550614947,0.8039205460154071,0.8738775170208619,0.4183623280275433,0.0,0.9478878799842084,0.6339014193142679,0.86873503670035,0.3761015385639472,0.5021791785519819,0.9606444107589802
0.0,0.8997161778618736,0.796793866998589,0.873480553267168,0.4555795473025615,0.4389421638616309,0.9463087248322152,0.5665908454475332,0.8688481991934284,0.3842011051872184,0.5000526123234235,0.9596855501110444
0.0,0.9227373068432676,0.7868660644778129,0.8530729370520531,0.469263417273284,0.5248141532557753,0.9767151767151776,0.511483721364389,0.8720083331584382,0.4085524655340299,0.4954587276919483,0.9649874854584553
0.0,0.8729107537054558,0.7784516375529167,0.8463680830887713,0.5024279042987729,0.4880340266854601,0.9407274360125732,0.5059224068897418,0.8721761381976602,0.4160770562973791,0.49878581052762105,0.9995068307619832
0.0,0.8199306212551244,0.7703285193649971,0.8126740824386625,0.4985738903077081,0.5434138589731682,0.9448931116389551,0.4845074159047696,0.8716952449691046,0.4211351961042942,0.4973419330315912,0.9859175256165831
0.0,0.8886786502680544,0.7622076209195942,0.7782533089450208,0.5389478916873292,0.5356926163282174,0.979031452820768,0.4503240006091901,0.8712841350371344,0.4297158391478765,0.4945526599488297,1.0
0.0,0.8549353516240936,0.7521399191938745,0.7323540964340121,0.5227336231972167,0.5206203245972779,0.9844504021447726,0.42957224059071797,0.8710784246795863,0.4414582073458878,0.4930978391639168,0.9817780360255668
1.0,0.8126773888363295,0.74473189260822,0.7192951886720538,0.5000364977265448,0.4319531333697115,0.9685929648241206,0.4334877597040516,0.8693101916751459,0.4441854519571122,0.4896812689329903,0.9950352777190468
1.0,0.824345632292652,0.7376366977573505,0.6964328761566132,0.449022976082481,0.4123752719183219,0.9927184466019416,0.4180614987054712,0.8687743030438005,0.4516535946819288,0.4885814023727938,0.9765462455078492
1.0,0.8637653736991489,0.7299004182893414,0.6591631288999172,0.4749868441124332,0.5414349397313234,0.9546436285097204,0.4020948272897432,0.8677820368724097,0.4561024907740915,0.4872754021718458,0.9972653048357604
1.0,0.8344370860927149,0.7228567814335736,0.6258863192093894,0.5138099979767908,0.0,0.8944281524926687,0.41005851170971136,0.8649820180052606,0.4479710412668296,0.4879023393225425,0.984671521341656
1.0,0.8483128350678021,0.7183219867589676,0.6151624201247331,0.5298073968552104,0.6306023624007905,0.9843597262952104,0.4357820475659424,0.86068824290037,0.4324404446244202,0.4899425499386785,0.95663892566673
1.0,0.772311573636077,0.7114872491615618,0.6075480127793824,0.5220633021497258,0.4713304499130013,0.9807804309842758,0.4559098791937079,0.8563138393484516,0.4140051797224517,0.4877535988827285,0.9747178614210958
1.0,0.7650583412172816,0.7075898836190433,0.6213789337284512,0.517834873760388,0.494041638228649,0.9745454545454536,0.4371379864307858,0.8525823449404429,0.4018668290520983,0.486498133704486,0.9896087706415752
1.0,0.6795963418479977,0.7024484904288686,0.6254739077295862,0.48788531749429204,0.4750609011497858,0.9174311926605508,0.4542100427906791,0.8484110546893927,0.386643844622394,0.4878674826806054,0.9759985655492746
1.0,0.6502680542415641,0.6995485853989909,0.6397325872592381,0.4669359865139589,0.5708327002865186,0.6618610747051115,0.42955258930282136,0.8437887470625999,0.3711734134496004,0.4861697371865194,0.8890862207346433
1.0,0.6155786818038474,0.6985244210357509,0.6438593470190649,0.4853469061099585,0.49153767882197996,0.63302752293578,0.4285700249080073,0.8416193478706254,0.3677803058656063,0.486250583758633,0.83327925681791
1.0,0.6086408073163037,0.6980961661444491,0.6474189649794846,0.4788711250522271,0.55233092841058,0.6933158584534724,0.3975455541417546,0.8411592677477139,0.3746906492889596,0.4873841006814388,0.8290271350262131
1.0,0.6086408073163041,0.6963468338573635,0.6490050430607145,0.4791228632197469,0.5225952982647852,0.5937090432503281,0.4135220512014305,0.8427683105013591,0.389389588842974,0.4885821016650253,0.8788486825253162
1.0,0.6070640176600444,0.6946132162657295,0.6539776808482385,0.5279206931371371,0.0,0.5897771952817827,0.3796874462660096,0.8418683794876629,0.3876805970190113,0.4896142833313773,0.8537116412507045
1.0,0.709555345316935,0.6932665747962858,0.6642014606407384,0.5772907378718454,0.6400063204879138,0.9397116644823076,0.4222079204515866,0.8388694683904846,0.3763443078850925,0.4892545975217111,0.8769873119418026
1.0,0.6537369914853358,0.6865551424420073,0.6353625343001699,0.53240713834854,0.6453760706088665,0.8630363036303609,0.5268903310750728,0.8351814939617758,0.3605171944584712,0.493728634292148,0.9858262606943424
1.0,0.6553137811415956,0.6826916641876569,0.6179538981554077,0.5348870382312713,0.6734609554740156,0.7029702970297013,0.4580027413546614,0.8328045172576625,0.359429900910524,0.4922939745739936,0.9382820008237608
1.0,0.6720277514979499,0.6797603302068225,0.6020800277395626,0.5027865026657276,0.0,0.7541254125412528,0.4540086170897427,0.8317296683705023,0.3659584792029905,0.4918832794208289,0.9585556725092677
1.0,0.71996215704825,0.6794091330097287,0.6139538578141177,0.5122323906788895,0.5492288499260514,0.9896193771626294,0.4568138384369364,0.8304642758352537,0.3736044803295616,0.4922128413409267,0.9264289963846049
1.0,0.5304320403658151,0.6768141739472318,0.6175904105224931,0.35729165428983906,0.4609842214344503,0.7873754152823917,0.4576932335702954,0.8271795349152871,0.3683357951451155,0.4922689435326801,0.9321953228685188
1.0,0.5316934720908228,0.6777786657988414,0.6329649160904603,0.3584470317890661,0.4701201170920545,0.6142473118279562,0.4629597787264982,0.8229760817689175,0.35202045829376283,0.4929063601376166,0.872234680334996
1.0,0.5657521286660356,0.6763501890980903,0.6340768794301568,0.3918802230627161,0.4711443832609698,0.596774193548387,0.5080545716264878,0.8186378740979242,0.3374704218898886,0.4929281193953516,0.8776165850533156
1.0,0.5578681803847368,0.6756649761916589,0.6400257647956837,0.4339917404261596,0.2430991740908817,0.5725806451612911,0.5061434838785747,0.8142979181921043,0.3176686869847967,0.49282963971108,0.8639970710722619
1.0,0.4613686534216336,0.6769147320538498,0.6693872315521682,0.3794931094800878,0.3629494247442448,0.2943548387096772,0.5324074301519532,0.8100005040494699,0.3006748325693719,0.4951208131984407,0.8460299299803211
1.0,0.4329864396089562,0.6813619534892978,0.7077841121759483,0.3593820589568001,0.420992520188848,0.3306451612903228,0.5293762189939525,0.8092091718486106,0.2990054933802868,0.4952929053417315,0.7620337741979775
1.0,0.464206874802901,0.6849018539910381,0.7339979734570851,0.3437052050240665,0.44141948414030935,0.3951612903225804,0.4490122771421129,0.8115082426393202,0.3175614059716733,0.488136835360738,0.7633060271841103
1.0,0.5045726900031537,0.6861291413201531,0.7478948237720089,0.33382359686797924,0.4167031752806489,0.4973118279569898,0.4340183444772512,0.8134435154382093,0.33348110954720755,0.4867376130839844,0.7996613427303098
1.0,0.5417849258908861,0.6852144154140051,0.7380424804107774,0.3703844987294454,0.4267725900501034,0.4771505376344083,0.5102407774049492,0.8151422768397353,0.3518603225130448,0.4891976398355828,0.8435586472015011
1.0,0.6584673604541154,0.6845350286332978,0.7357069262392479,0.4239990729043677,0.4237308479402207,0.7016129032258065,0.4357967860318642,0.8173869272394364,0.3745465492438905,0.4829128014551648,0.8496819367534663
1.0,0.6385998107852413,0.6812318971380715,0.7149705026569606,0.4083944139675238,0.4061884100830159,0.5645161290322587,0.3903384443057937,0.8223496950428019,0.4117809321282081,0.479232881549156,0.8641984348542402
0.0,0.6912645853043202,0.681292319323801,0.7269320268108115,0.4043799580447166,0.4228243209660059,0.6827956989247312,0.3627971643191569,0.8236403688575223,0.4279266821214307,0.4808512265819585,0.8386160816438609
0.0,0.6931567328918324,0.6804135096877548,0.7424416877407563,0.4053063882226862,0.4113546249841033,0.7741935483870978,0.3787147075151439,0.8240053826329853,0.43889280524874,0.4783485420616788,0.8436867877900327
0.0,0.6527909176915799,0.6777449359262604,0.7620319588854834,0.4226187097788357,0.4825403462944343,0.6720430107526884,0.3671106220123903,0.8243392184993831,0.4454508775342063,0.4773980763310982,0.8739645782801704
0.0,0.7089246294544307,0.6751743152532111,0.7716426208242161,0.4115345792740369,0.5167654034302945,0.6747311827956985,0.3606699124043841,0.8232504453674431,0.4429074326787089,0.4768814540264836,0.8879044437325522
0.0,0.7174392935982341,0.6719424212397116,0.7661571863325379,0.41852851575652494,0.5208966374579758,0.5978552278820376,0.3934924760131464,0.8217145670854676,0.4314417969872753,0.479408320606241,0.8627705825820327
0.0,0.7010406811731315,0.6716193896313534,0.7543532689567256,0.4581561025463046,0.5266937768324137,0.5767690253671557,0.34620656451272186,0.8208673169839732,0.4294653184751066,0.479574924217506,0.8079172577914058
1.0,0.6212551245663829,0.6713977933631006,0.7383751065443762,0.4392704438266834,0.5465190480998754,0.4405874499332442,0.3307360881163747,0.8214456684281203,0.4364926705737455,0.4783689235563176,0.8350006864674381
1.0,0.6477451907915484,0.6729959663969376,0.7472609730204357,0.4596774439716013,0.6137547985991411,0.4112149532710281,0.3376729927437621,0.8206673981109266,0.440472271164826,0.4789002839317435,0.8181227403780147
1.0,0.6304005045726898,0.6740292413350331,0.7473812382067929,0.4969420309985193,0.3357764138769805,0.3618157543391182,0.3524802381736092,0.8184452406776659,0.43407531377556696,0.4762980226996654,0.819651274541211
0.0,0.7354146956795962,0.6757414459526812,0.759340718989368,0.6047635147985019,0.5111785255999938,0.8837953091684431,0.3528044844238977,0.8166811374360526,0.4305453720824126,0.4763358674767772,0.8075145302274493
0.0,0.7675812046672975,0.6718371271134265,0.7281815167537301,0.6276322588086011,0.495641265050177,0.8706896551724135,0.3529911716589124,0.8138219163003707,0.4228014373964904,0.4763579473503994,0.8003386572696898
1.0,0.7161778618732264,0.6672388412286185,0.7029073179957205,0.6327740079978029,0.5781132988868543,0.7403017241379314,0.3974669489901692,0.8115764950597172,0.4150387557121191,0.4760283381592553,0.8050249416502673
0.0,0.7243771680857773,0.6642961287688625,0.6814941244603548,0.5921969081352725,0.4666260560408362,0.7478448275862065,0.3485450677723793,0.8088242380143714,0.4058793838018343,0.4760882746847229,0.7287721385748938
0.0,0.7956480605487228,0.6595912365715622,0.6654144757996694,0.6118449615152295,0.0,0.8545258620689647,0.3625220462886087,0.8076939794709582,0.4018583556989249,0.4771626351700967,0.7266029014690405
0.0,0.8804793440555029,0.6531528130828386,0.6185930236762262,0.6479457160540021,0.41351657745854586,0.9807897545357516,0.3655434318026619,0.8067034942462276,0.4058917946505435,0.4774090740312862,0.7164614891766969
0.0,0.8498896247240619,0.6450472141150545,0.5785862732051485,0.6619027466751247,0.535852219614926,0.9631840796019911,0.3916649062387926,0.8066808723206421,0.40992661361434135,0.4793585456799765,0.7869296599697955
0.0,0.8240302743614001,0.6367864701060506,0.5163654720499091,0.6834939521089942,0.5002503074552174,0.991749853835993,0.3547155721718112,0.8062277262756766,0.4128726905830923,0.4802845967290337,0.7335133403505565
0.0,0.8435824660990225,0.630368066297659,0.5029992850773861,0.6976323361061244,0.6103467187153176,0.8477512396873175,0.3564350598627357,0.8048805051282998,0.4073175059906176,0.4804437704361034,0.7123243787469681
0.0,0.6893724377168086,0.6242607094576593,0.4784975352010413,0.5964754243501107,0.5574761649920829,0.9602941176470584,0.35020068877764066,0.8027264383881053,0.4065351617604696,0.48000482737615,0.6722529861333578
1.0,0.6982024597918638,0.6224547259897671,0.4760373961891733,0.6030661358253637,0.4916428870572458,0.9260935143288092,0.3404634756250336,0.8002681271862474,0.4058004956536421,0.4792821696660241,0.6294448766646833
1.0,0.6915799432355724,0.6190307003979447,0.4551829295063976,0.5994486106692333,0.5070478693634973,0.8069381598793371,0.3444772511778489,0.7970790583291737,0.4031164110327419,0.4796408146183354,0.592650221957805
1.0,0.7013560391043836,0.6158842017963488,0.4305961355405975,0.6085189018050781,0.0,0.9072948328267478,0.32485544021341284,0.7951824417575138,0.4032293787751856,0.4781208881475724,0.4874467987735114
1.0,0.7660044150110376,0.609838588590923,0.4118259292507815,0.6095611610742377,0.4588759483409192,0.9871611982881592,0.3330795041980064,0.7946009269404705,0.3964820985578917,0.478766355927384,0.5328909432062605
1.0,0.8066855881425418,0.6034188675501295,0.38062464134411256,0.6380381387617761,0.4550508764815146,0.8507972665148061,0.3568428240865837,0.7951394054038771,0.39084068180916864,0.4806947167721231,0.5779598187725964
1.0,0.7190160832544938,0.6006148911163776,0.3609560377706088,0.6080806325301569,0.4592866985372937,0.7539863325740315,0.31580602213717585,0.7953751226471767,0.3809663984573809,0.4773929424570876,0.4914100041188048
1.0,0.6950488804793441,0.6025764218297482,0.3619502800519691,0.586630749718288,0.0,0.7938496583143507,0.24562636023758394,0.7960552436733322,0.3842373172448119,0.4751895300488125,0.3841563315180083
1.0,0.6950488804793441,0.6045913693882548,0.34129023344118903,0.5844030035845464,0.3575638582178601,0.965831435079726,0.24321907747028956,0.7977717371418577,0.3956322133102009,0.4749925607570071,0.38701203606242257
1.0,0.5777357300536109,0.6017711682369713,0.3189716638295306,0.5557962946253777,0.4355164201908104,0.9115479115479116,0.28024701668885604,0.798935055330784,0.4029552629788888,0.4781037834808141,0.4755663356368128
1.0,0.6597287921791234,0.6010887696203322,0.2535022705705781,0.5539817625690917,0.0,0.9336609336609336,0.2404678971648103,0.7999421942582979,0.4110124787838095,0.4747046865030202,0.3994508260491511
1.0,0.6136865342163356,0.5983817759660588,0.195804997320297,0.5259271177686208,0.5036867208493134,0.977886977886978,0.2181636854025321,0.7998852837797391,0.4138499831591146,0.4764969666809279,0.3719555169099813
1.0,0.5339009776095869,0.5982602832429755,0.13624708731146168,0.5327598517944925,0.5547938216184884,0.8237454100367192,0.2463583707117205,0.7990353550526285,0.4127668426187021,0.475184147064797,0.3822159168916756
1.0,0.4847051403342795,0.5984219420660326,0.10320029358313948,0.5095619236699305,0.5300546069749611,0.6777251184834124,0.2494927511311773,0.7979343082672145,0.412778627470704,0.4754100911321942,0.34431376138391856
1.0,0.4947965941343424,0.5982343722971601,0.06764574095581455,0.5148295604791697,0.5442265065749866,0.6062717770034842,0.27313325047040243,0.7976451194547746,0.4164245843026765,0.477460781309844,0.3931902430094731
1.0,0.4096499526963103,0.595734569657866,0.011267572028071826,0.5226942871901202,0.4473782323569307,0.4905172413793104,0.27644449248092584,0.798487953280186,0.4315732807494129,0.4777409882004089,0.3891538144707336
1.0,0.4008199306212551,0.5986661083933538,0.01225897541513521,0.5147186470341643,0.504692831108836,0.3558020477815702,0.25492633223449884,0.7987585342109488,0.4379091387181415,0.4795893574385321,0.3653745823989748
1.0,0.2863450015767895,0.6024510756909907,0.01627766671174735,0.4735142893624999,0.4815510623315496,0.3414454277286137,0.23238630501746504,0.7992806273460765,0.4479273288371477,0.4775539142083596,0.3010937714521074
1.0,0.31188899400819925,0.6088759557557646,0.04833537979508995,0.4353696545911931,0.44751761543595536,0.35214285714285715,0.2251398926057116,0.7990167007026484,0.4440059819823709,0.4768987293088609,0.2845270239348314
1.0,0.1885840428886782,0.6098995822707063,0.025459575108831126,0.4233011407409578,0.510430893113972,0.18896639188332265,0.21472471002068305,0.7989451226005572,0.44267699936051785,0.4758860395891034,0.2347260994920143
1.0,0.3752759381898454,0.6155464041223573,0.028056448761622055,0.46344877200733603,0.4900480696621355,0.37032339885859256,0.1445204840112209,0.7990479403335337,0.4381246187287471,0.4690183197527474,0.08755663356368157
1.0,0.33743298643960873,0.6165051357492908,0.01417153402652971,0.4956144975924714,0.4698227307950164,0.32783766645529505,0.2349016698681891,0.801727582356277,0.4592127760905325,0.4736030617679782,0.2530685094503686
1.0,0.2535477767265845,0.6194248908757727,0.03660574248324855,0.5151829411303358,0.4496660189263825,0.2910589727330377,0.18915838446762206,0.8046997622492209,0.4825920182247442,0.47320450293411104,0.232364651503364
1.0,0.3330179754020813,0.6240168917766904,0.06270568485420808,0.502973117575351,0.7705271307721824,0.310716550412175,0.1655915774580076,0.8073771943133393,0.5018072436467715,0.4747681368848061,0.21237471969246274
1.0,0.2693156732891829,0.6251041339286396,0.03406042662703379,0.5215328132752247,0.7670866087260609,0.21369689283449575,0.17742656559354258,0.8116731504607012,0.5179151684793136,0.4721271944076815,0.2126767653654296
1.0,0.23935666982024595,0.6309674630301432,0.015849470339389105,0.4916038813694819,0.7539560383624684,0.0,0.08775282610084051,0.8151962097138078,0.5280261130908325,0.4681592658787941,0.18075145302274492
1.0,0.2923368022705771,0.6430187983465891,0.0018708904602828813,0.5137064869427843,0.28313941854161856,0.013858497447118732,0.0,0.8201376421889496,0.5478149204580843,0.4589856544876641,0.0013327328376182429
1.0,0.2718385367391988,0.6544207381816469,0.0,0.5085425353464187,0.4457946989172315,0.0683183183183181,0.02110057037863133,0.8223139521149451,0.5538848319669357,0.4612184974223598,0.01263186845569036
1.0,0.3317565436770733,0.6685472412065321,0.022268696850624048,0.4826564977019766,0.4731798031338269,0.06357388316151162,0.07319613459167068,0.8246421373972689,0.5645717591672643,0.4623483356610841,0.0489676914200937
0.0,0.2701040681173132,0.6777564776296063,0.02609050471251773,0.4659893058905586,1.0,0.22717969709373714,0.09306849947678447,0.8253015807484262,0.5666736962204825,0.4642329222883833,0.025418826618016668
1.0,0.28886786502680545,0.6912249851565859,0.08528404209609586,0.4700787163448612,0.4677446221879623,0.028052153299091036,0.1657193108293333,0.8260509755876743,0.5687644187390577,0.4671727428980582,0.12675894681266214
0.0,0.0577105014191105,0.7059822206380769,0.1287771026470083,0.41201226410254405,0.5410260074749239,0.0038022813688212134,0.1573675134734141,0.8263129183875674,0.5739383393319314,0.4663276438441274,0.09299175906158892
0.0,0.07158625039419708,0.7229251835395083,0.21053315120842955,0.4177967065587895,0.5179275295596916,0.02129954165543252,0.19790320758146698,0.8258562191061206,0.5738394525735608,0.4700690076331007,0.18894474668870406
0.0,0.13465783664459113,0.7344547137150446,0.2557713031470336,0.3876434847632232,1.0,0.07173528668855739,0.27489695355909394,0.8258515651603314,0.5789710984839034,0.4734029800860774,0.2839680462778049
0.0,0.030589719331441168,0.743877299970352,0.3060993517700527,0.4059315458745616,0.496693937901216,0.04010932992038888,0.26796987457565485,0.8255301495623516,0.5785790736097048,0.4727790124295091,0.2950095264329823
0.0,0.03847366761274007,0.7554635510093439,0.34397340919206604,0.4104081653355254,0.5353516406652742,0.098988823842469,0.24239863620062002,0.8265468932719237,0.5891413545539804,0.4741112239360062,0.2352799393981133
0.0,0.0,0.7621352294882398,0.34171068304402,0.3847556935673066,0.5979905138659352,0.026865671641791003,0.2361888292253952,0.8270807627492834,0.5945911460032505,0.4735214347472867,0.2144709960287401
0.0,0.20782087669504906,0.7706779568526492,0.3255263280827154,0.4148063398766579,0.6064811586696066,0.1930099113197706,0.2195392755552716,0.828809385320718,0.6074749739843031,0.4719187970986953,0.16465808139935267
0.0,0.19804478082623744,0.7721634938486917,0.2735437414625314,0.4086432959553027,0.4634057942378394,0.16640584246218032,0.2591267950223289,0.8303185256086708,0.6137274282457107,0.4756109486980394,0.3228198241627071
0.0,0.2980132450331128,0.7770723803327584,0.25455472030344745,0.399104833178073,0.5968773424257752,0.2686489306207619,0.26859871578833594,0.8317707814381153,0.6215781915148652,0.4764707539186663,0.31756306957739394
0.0,0.1832229580573953,0.7784847872359779,0.21045541394554448,0.3828012880547251,0.5725224677748616,0.10902451747522184,0.34698770320659905,0.8315287926192646,0.6131891451731274,0.4835541420381924,0.5106397631017152
0.0,0.2314727215389469,0.7848446380449257,0.1938284549451529,0.35920616817469553,0.5569456212052466,0.13667188315075662,0.3216031520665785,0.8304484266892891,0.6041180784129793,0.4812732000889814,0.4181989302848749
0.0,0.3579312519709871,0.7872516940125303,0.15348975447587526,0.3667480134709728,0.5652212700776266,0.24517475221700585,0.3096846459574845,0.8294225458006145,0.594141254819848,0.4801839795588331,0.3456603080595921
0.0,0.4348785871964679,0.7872513234185348,0.11643433690945082,0.4013570222021437,0.5946428405459432,0.12989045383411552,0.3302890213167346,0.8296974224905523,0.5971471495480375,0.4784216064741752,0.3923627849321675
0.0,0.4531693472090826,0.7948512802194125,0.12012822065116854,0.36041427360916295,0.7210949632607111,0.15545122587376128,0.2646979351409242,0.8300024856629075,0.6023764647904214,0.4758756889760157,0.270344099350366
0.0,0.2475559760327972,0.8042906228032478,0.13770878965823016,0.33078082676414483,0.6198997999213044,0.04590505998956679,0.280802165571926,0.8306933364115799,0.6095319815578062,0.4737045216327101,0.2725248490691642
0.0,0.31977294228949826,0.8213297703240108,0.1940233160312434,0.31626092661213023,0.5390121688965613,0.058946270213875614,0.24338120059543406,0.8299908541875697,0.6081966506248856,0.4700330318059245,0.1850653077152632
1.0,0.27467675812046666,0.837825749964872,0.2417976590433045,0.3066556761191555,0.4923624455180808,0.15075639019300993,0.27115338321485233,0.8299796495146873,0.6100774957494486,0.4690294375760004,0.20115694511397306
1.0,0.16997792494481245,0.8530561183605114,0.28716347136590004,0.3237961814721673,0.2890028591363067,0.029120559114735,0.2511238080265684,0.8304317730231744,0.6149580078039423,0.4670317285748238,0.14428528797373918
0.0,0.4022390413118889,0.8690143767834435,0.34029084248220554,0.3517062625283705,1.0,0.27727817745803346,0.2518705569666271,0.8316249643455506,0.624380070413209,0.4671335170398196,0.17618162201868556
0.0,0.2923368022705767,0.8770197320810789,0.36697326714866463,0.3521172665612066,0.3799819495604517,0.09652278177458026,0.3324162732315069,0.8327883524594163,0.6360827362498431,0.4712219782047704,0.3490002984183826
0.0,0.5484074424471778,0.8921797185568046,0.4224453921480632,0.444273535729892,0.4329394908949377,0.5675675675675673,0.3437796304575312,0.8323261668077554,0.6376630646469871,0.4686191784019961,0.3678465670408376
0.0,0.6117943866288237,0.8918542586026765,0.4187827235115725,0.4226007611408606,0.42197603349062623,0.6303871439006572,0.3017307871814649,0.8318760801380121,0.6365266536639035,0.4645027227565596,0.23383375800564696
0.0,0.6928413749605805,0.8904141638090892,0.39141148296930334,0.4565297389337306,0.43815265405718495,0.6289262235208182,0.30960604080589943,0.8316726313466737,0.6321871296809844,0.461578870551326,0.2406170373941192
0.0,0.7306843267108166,0.887157445336233,0.3599861523115438,0.4730161129810462,0.4880532559566108,0.8327246165083999,0.3012738947378765,0.8322055156165339,0.6395679057390987,0.4607541042754956,0.20625301287790124
0.0,0.8612425102491332,0.8826160421317308,0.32533207052257124,0.4735356759547972,0.486251639875094,0.9189189189189191,0.3662803550987722,0.8328107237175363,0.6489234016388534,0.4672014061499866,0.3660675343755021
0.0,0.8076316619362975,0.8767301770546461,0.300743233619281,0.4980231463840943,0.3977488512597426,0.9624521072796928,0.4126623073559682,0.8326174847032818,0.6543286212277091,0.4681008703250539,0.4613089089364827
0.0,0.5998107852412484,0.8727712517620976,0.2976708264177759,0.4664978966646429,0.37717478075488936,0.944600938967136,0.4330750826582296,0.8320144946032503,0.6521432820053497,0.4664245750327845,0.473532584991851
0.0,0.5821507410911385,0.8733730437270122,0.3146843825654739,0.5099761321921958,0.4376787098782517,0.9227889564810492,0.3956786817916079,0.8314224655184982,0.6560913751407671,0.462851311418095,0.3861074765282464
0.0,0.4736676127404605,0.872184229650153,0.3169547743364036,0.5208731221404325,0.4608878359357724,0.7139909203466772,0.37386083940476256,0.8314384935502751,0.6640086525205798,0.4607337279016965,0.3253563804145722
0.0,0.4418164616840112,0.8741173775341107,0.3277299989747281,0.5109605436354719,0.4656445086706141,0.6468114926419055,0.3871500228446221,0.8314263947884325,0.6690732659837266,0.4583786674418077,0.3417234809356564
0.0,0.3516240933459475,0.8735802855556623,0.2975211539876696,0.5318740966715026,0.4345870871697071,0.5423393739703454,0.41231840981778334,0.8311872464570479,0.6730798780294498,0.4572339805382132,0.3888506301218923
1.0,0.2939135919268369,0.8740204105418741,0.2758026162411034,0.5058984357547691,0.4114462410478083,0.3881700554528652,0.365494303582921,0.8306742291605697,0.6661346028371229,0.4525865217895476,0.2592681863048921
1.0,0.1321349731945754,0.8760083938520158,0.2495060416057599,0.4676436331524257,1.0,0.1016635859519404,0.3342634942937572,0.8307060088057557,0.6628143400645923,0.4493722073991333,0.16352179601955816
1.0,0.13749605802585896,0.8858896066821085,0.2796417284445978,0.4704863758455803,0.4445968848662031,0.09431680773881433,0.2975794526133755,0.8312542442896081,0.6568379067379333,0.4454429172581639,0.07665909143080131
1.0,0.2844528539892774,0.896888976428813,0.3106755724228461,0.47037485533653,0.4068271275422296,0.1975683890577504,0.32591169693783817,0.8321744223657753,0.6623979485457232,0.444815373275825,0.0998024543549837
1.0,0.20561337117628506,0.90193135901262,0.32704562805038195,0.4714163397726188,0.4225903519227693,0.041979010494752785,0.3822912419122666,0.8322310982768634,0.6656008019040246,0.447185073062728,0.2216749357403308
1.0,0.30368968779564803,0.9112744412750418,0.3622638952205552,0.511137341336902,0.4241513398952144,0.2811094452773613,0.3409400193565185,0.831890691074724,0.6688758037150165,0.4427929930275567,0.10664829566506076
0.0,0.3894670450961837,0.9162840986384506,0.3871852105453204,0.5503220043335383,0.43500288171427975,0.4999999999999994,0.45003905693469387,0.8309999833297276,0.6654798723161846,0.4509825815329898,0.3766361402725041
1.0,0.2885525070955533,0.915860604322306,0.3863106033560957,0.5226773244865881,0.4398472722157824,0.2805139186295497,0.4784646448766634,0.8301137917007443,0.6626865798164486,0.4542053122123085,0.3841343674920189
1.0,0.3503626616209399,0.9189823357998316,0.3959406305591179,0.5147842005714165,0.4685973874633689,0.31406138472519657,0.4680985905113755,0.8304458033972809,0.6654753473102528,0.4531509518921363,0.38315297797692016
0.0,0.4260485651214127,0.9221177653475048,0.3995108017757296,0.5118669433785611,0.4538634610103586,0.38758029978586656,0.4555414175456524,0.8316525515632996,0.6764579676157169,0.4514858278641203,0.4220641457631346
0.0,0.34815515610217584,0.9234210665823794,0.3992121816586988,0.5151207836520987,0.4029140370355673,0.3054960742326909,0.5116605829554554,0.8331778291159583,0.6914522119781914,0.4539123935728594,0.5193227671700156
0.0,0.325449385052034,0.9298158809409394,0.4321521108684665,0.4876902609537762,0.4837766903932335,0.1206281227694502,0.5041783550889466,0.8341653465252828,0.7010026364227163,0.4529695491850792,0.5222763010108572
0.0,0.3021128981393883,0.9394898656855994,0.4605944013284806,0.4797610803933153,1.0,0.23411848679514635,0.4235785977823521,0.8354613683644995,0.7112163452660313,0.4480288311611716,0.3953887432921504
1.0,0.2172816146326077,0.9491636339269858,0.4898070217748644,0.3721623268290943,0.3902376276022606,0.022840827980013783,0.4468408098295741,0.8362112323621831,0.7156530970186332,0.4468875879706666,0.4392965597570613
0.0,0.2800378429517502,0.9628599595497904,0.5309638628453751,0.3612156625799969,0.3794336170416127,0.022782750203417492,0.4198202889721884,0.8354025042921586,0.7168241144285982,0.4441394208432072,0.3502121552477224
0.0,0.4112267423525701,0.9742886296098828,0.5693069177968764,0.3918081932212655,0.4594749280088181,0.07368421052631682,0.4500980107983826,0.8349455176501007,0.7204120186059773,0.44385341901569203,0.3832210158492447
1.0,0.4717754651529486,0.980190847326316,0.5891312580726391,0.40798640862739294,0.4545728573352429,0.11578947368421146,0.5292190086907821,0.8350060557091928,0.7271634238219865,0.4489660459210631,0.5497004867090979
0.0,0.5562913907284766,0.9861875077614128,0.5947306699791989,0.4304147568358955,0.4898972315507076,0.1072026800669994,0.5364261185267428,0.8347403242680648,0.7300744945105558,0.44977919534610733,0.5661113191064521
0.0,0.5969725638599811,0.990196227832693,0.6105982726051927,0.4704615294900682,0.5023333035851566,0.38385502471169614,0.5721472471002067,0.8333473278386568,0.7270792995271532,0.4500718873346996,0.620699696326802
0.0,0.6584673604541156,0.9956548006268876,0.6489750597873853,0.4933780696021789,0.5181374902175194,0.6902800658978571,0.6298286898977641,0.8322829278677287,0.7286070705694452,0.4528829390865109,0.6851678522401093
0.0,0.5102491327656891,0.9972390076793918,0.6738104920763482,0.3965729950829735,0.5799357571933456,0.6292307692307697,0.6594284422915369,0.8310489788569663,0.7330510991858749,0.4559083935686216,0.7827173179405044
0.0,0.5603910438347526,1.0,0.7077267410731054,0.3894424185532723,0.481433801927284,0.7030769230769242,0.6590992832192739,0.8304756412158801,0.7376211555496627,0.45604524584598,0.7646146252027363
0.0,0.5518763796909494,0.9980944574423164,0.7210559411785464,0.4318201855866453,0.5254477552452813,0.6630769230769235,0.6700057480017095,0.8301891913318368,0.7426128947796172,0.4534900024822166,0.7794780652870241
0.0,0.5622831914222645,0.9971101997806904,0.7450087344476799,0.4406149921570895,0.5588492372492059,0.6261538461538473,0.6512928091024763,0.8300150423975364,0.7459063899836431,0.4509365620183439,0.7837364940341439
0.0,0.5865657521286661,0.9956635166237796,0.7617113117805451,0.41045426133290697,0.5800389263947654,0.6969230769230771,0.6452598637183182,0.8293773472333331,0.7520820396907055,0.4504481990039925,0.7627793869057621
0.0,0.6196783349101229,0.9932596857928,0.7540584156972937,0.384645470063082,0.530463027725628,0.7092307692307691,0.6518872605613389,0.8270844792288546,0.7502186584104489,0.4513848041995885,0.7443924910289745
0.0,0.6493219804478086,0.9898591795251168,0.7257995142255014,0.352716116734495,0.5246728860839707,0.7415384615384627,0.6848277318974789,0.8248258060109067,0.7502728967633586,0.4513564594413224,0.7684537458999735
0.0,0.6975717439293598,0.9861723342733344,0.6939406589075949,0.3288380318653233,0.5064989298157051,0.8107692307692301,0.7011383008513921,0.8229923914715697,0.7444725691475337,0.4493944432938221,0.8015419760137066
0.0,0.6644591611479029,0.9812163975344772,0.6804752191050596,0.3098469246169415,0.5070583513439115,0.5815384615384617,0.6986966283302791,0.8220688933725141,0.7423926461279964,0.4492341337409209,0.7912805585748235
1.0,0.6471144749290442,0.9793730739251144,0.6768472446821134,0.2995597583346661,0.5278990248914345,0.3922734026745912,0.7047787019341782,0.821421345293062,0.7380917585215304,0.4498898348481637,0.805042279987473
1.0,0.6739198990854619,0.9789310738277891,0.6756239650338736,0.32187666090103434,0.5161259761084203,0.5932452276064618,0.6760927344275824,0.8209351374835744,0.7392894071323248,0.4509272178503054,0.7541681251266555
1.0,0.6531062756228321,0.97589526435313,0.6452371917573833,0.30868967114126805,0.4962316242695966,0.32850940665701844,0.6744076364904762,0.8194575858601573,0.7326311717714961,0.450675777549527,0.7552734842762657
1.0,0.7786187322611161,0.9772986230730192,0.6510283241615396,0.3615479389078899,0.5083790571787928,0.7475409836065569,0.6858446860461118,0.8180067851840979,0.7346724323311381,0.4523763198615196,0.7247103037895399
1.0,0.6767581204667298,0.9756838270540872,0.6504337619511561,0.31819208419472217,0.4703504341522125,0.7334710743801652,0.7137102122830374,0.8164078689244242,0.7362695979844923,0.4555124039700471,0.7882424318127067
1.0,0.6578366445916113,0.9743285151913146,0.6554741248890024,0.3605394013523696,0.4696393170761031,0.7014462809917351,0.712344447774246,0.8173974277522168,0.7560276948151105,0.4554625601641902,0.7796325871467958
1.0,0.7325764742983291,0.9724069141145608,0.6502365904048097,0.4079570599310017,0.4484697646196979,0.6942148760330583,0.6434126426560677,0.8179526269853415,0.7651698393141629,0.4508581243797043,0.7299006968174798
1.0,0.6319772942289499,0.9701400838850762,0.6485111650129755,0.3903934506241947,0.41445582207733855,0.5330578512396694,0.6671513984347748,0.818826763367475,0.7782656284620805,0.449779097499933,0.7566402869353412
1.0,0.5976032797224848,0.9725832862063488,0.6804410517454998,0.4176346806500799,0.4412107589369888,0.486570247933884,0.6727078000874481,0.8166566104109972,0.7720072118724725,0.4466043695535093,0.7653125864330259
1.0,0.5950804162724692,0.9741275609247873,0.7101847923678377,0.4157857730005456,0.4669292712706728,0.5175619834710738,0.6955917248426667,0.8142126296146052,0.7686272111974437,0.4494663609167723,0.7499486978167573
1.0,0.6231472721538946,0.974918453836752,0.732894749015174,0.43424894074907,0.0,0.5082644628099164,0.7183724803364301,0.8136687431832025,0.7714031494012926,0.4482867598655946,0.7675492610837439
0.0,0.7704194260485652,0.9753339980668304,0.7444178745683812,0.5109476200030659,0.5133275207827882,0.984488107549122,0.7016639728026173,0.8143395713411558,0.7833493732679059,0.4451857615706532,0.8196516537649541
0.0,0.7429832860296435,0.9681725955701092,0.7312009729017918,0.4940013729835016,0.5780067215824406,0.9303097345132748,0.7292985964067622,0.8156534848147258,0.7971756602377739,0.4482400609823624,0.8701090781140044
0.0,0.7786187322611161,0.9607729026131946,0.7151483588235064,0.4609930406633352,0.4543732942210527,0.9314159292035392,0.7368889063567003,0.8142908948602979,0.8020195569397587,0.4489444609617424,0.8925404644616469
0.0,0.8240302743614003,0.9520199263916572,0.6785815982023353,0.4899170483718109,0.3652889468391257,0.9301014656144302,0.7484045610639205,0.8127836148283129,0.807410615885722,0.4503575316018583,0.8847202674173116
0.0,0.8467360454115422,0.943777693232774,0.6425236171689828,0.5035046807700216,0.41305264726354496,0.9965357967667436,0.7677365155318867,0.8111910073457985,0.8173074506890144,0.4486743756660557,0.917690007037298
1.0,0.823399558498896,0.9381420547372656,0.6272614514190453,0.4916986744245817,0.35054993394408057,0.9295929592959296,0.7575571484016133,0.8105731309965917,0.8308747801130391,0.4514633558599146,0.9041959887403236
0.0,0.7322611163670765,0.935427191592825,0.6440821256135245,0.4607869184988954,0.3459967808219577,0.9935649935649921,0.7403180560946011,0.8097620554332253,0.8423921946636425,0.4531521204623098,0.8940358902181562
0.0,0.6401766004415008,0.9340892175845296,0.6572065698976737,0.44492742353798176,0.4058334661633701,0.8936742934051136,0.7272057342458081,0.8091912020650046,0.8463311292306946,0.4521164257007679,0.8583743842364533
1.0,0.6222011983601387,0.9309774817977589,0.6517307437898627,0.4839335385359657,0.4644084191497903,0.8757062146892661,0.6886400817493576,0.8083744389542961,0.8442654336323324,0.4519899566277074,0.8029644616467279
1.0,0.6852727846105333,0.9290293594839732,0.6465656477611748,0.5242896076289582,0.4842238506085528,0.7598870056497191,0.6840858957793947,0.8089592258088231,0.8523804080194325,0.4552550331785995,0.7993314567206194
1.0,0.6121097445600758,0.9279406817760938,0.6483684705530328,0.4742202000295023,0.4449482957609352,0.8262711864406793,0.6523490658269016,0.8092160797263915,0.8681767066803713,0.4550849986644899,0.7835151301900067
1.0,0.5543992431409647,0.928752858951004,0.6599615313780222,0.4901584509482981,0.4912656834798495,0.6553672316384184,0.6339112449582165,0.8098406648254136,0.8939392663442302,0.4533367998454878,0.7491115411681915
1.0,0.492589088615579,0.9294754041934656,0.6653079311854991,0.4995985209082418,0.4564609756171681,0.4223163841807924,0.6230342571076251,0.8096198836171152,0.9010877794088278,0.4556973965144484,0.7472290640394086
1.0,0.5887732576474297,0.9327105689337394,0.6817003064163124,0.5112358934214051,0.5001552047293008,0.8403954802259893,0.6258050887010005,0.8098791934458135,0.8915561193777216,0.45222514088121,0.7501935256861362
1.0,0.5916114790286975,0.9307138543588632,0.6819956031334587,0.5132727630341833,0.470983333975748,0.8813559322033914,0.6070282831161048,0.8097102697444548,0.8797438823663551,0.4537982096457594,0.7360045742434909
1.0,0.5329549038158309,0.9287719831299648,0.6844253213896009,0.4674161261799466,0.4555003134967662,0.5367231638418076,0.6333364447872505,0.8090891971423463,0.8736134241901269,0.4529696882143196,0.7823715693173825
1.0,0.5575528224534847,0.9297512007979936,0.7036250434453862,0.4863241276176691,0.4740342483231653,0.7669491525423741,0.6451124790590962,0.8075760569479297,0.8782919047322569,0.4543527381255668,0.778764954257565
1.0,0.6045411542100286,0.9271847948557674,0.7040062456526931,0.4740882888251818,0.0,0.8573446327683628,0.6573797955283491,0.8061648250926355,0.8802220137192162,0.4519505822921326,0.7883180858550314
0.0,0.6877956480605486,0.92242049036824,0.6957921376951768,0.4839246554828061,0.4643446408937289,0.9110169491525428,0.6850389832423643,0.8045186527558673,0.8798802552636581,0.4550006828884278,0.8418103448275863
0.0,0.6679280983916746,0.9169866505573696,0.6849682017910168,0.4714357091516214,0.4774329745883984,0.8262839879154071,0.7243071692811067,0.8031158431389992,0.8805945850178717,0.4556471080945249,0.87905524278677
1.0,0.6609902239041312,0.9138649424044136,0.6887782292710053,0.5168692498146138,0.4658665582002728,0.8157099697885201,0.7187704189163295,0.8004911265580549,0.8715762922042795,0.4587505003057434,0.8765130190007037
0.0,0.6729738252917065,0.9101723159289816,0.6821378081282636,0.5251641604370011,0.4574403571519736,0.7794561933534755,0.7379107733273067,0.7981208222655057,0.8663990903787603,0.4610725025655752,0.8676020408163264
0.0,0.6688741721854305,0.9060053252685007,0.6759973874927973,0.523215096096383,0.4518967959069818,0.6102719033232634,0.7376749578725513,0.7949528446981329,0.8547560550320726,0.4613441038685964,0.845197044334975
1.0,0.6209397666351306,0.9049606413419976,0.6924310724183783,0.4888262978649321,1.0,0.30664652567975825,0.7467587657026069,0.791916423785132,0.8394876851906855,0.4625641491827127,0.8332160450387049
1.0,0.528855250709555,0.9072282481339382,0.7360100758892676,0.4637519939449921,0.4821144751854019,0.15105740181268873,0.7496671563112569,0.7898965741105334,0.8289011870371831,0.4633981908019013,0.7989481065918657
1.0,0.5421002838221383,0.9112867819704176,0.784397369122652,0.4747723570303669,0.4868784969219313,0.10413476263399796,0.7410107639929452,0.7875925318262597,0.817763385783486,0.4620230441099832,0.8114792426522477
1.0,0.6486912645853044,0.913983786114944,0.8148989344543651,0.5108738825236553,0.483389379794878,0.4349157733537524,0.7554790247065817,0.7869645945396312,0.8219164590711435,0.4640040304586104,0.7926770187919119
1.0,0.7373068432671083,0.9149178206277356,0.8445934119074915,0.5401864434316098,0.4687693285136655,0.7330447330447342,0.7697360340753329,0.7861357998053357,0.8251400619635222,0.4649870416545063,0.8524721565980422
1.0,0.6912645853043202,0.9129000385593912,0.8560053762401072,0.4906576701862214,0.4786129256007034,0.7553342816500713,0.7896575271801876,0.7876419342194653,0.8402430954815815,0.4670263753182418,0.8975869051636853
1.0,0.6335540838852096,0.9115375801600842,0.8697253138224641,0.4494839880102344,0.4542946991102114,0.3541963015647218,0.747520253108588,0.7871845109677412,0.8440071001743726,0.4650679842651831,0.8903476206547418
1.0,0.720908230842006,0.913859255888214,0.8948367713488964,0.5476614629149271,0.46487880754857897,0.7756410256410255,0.7456189910046227,0.788100297855795,0.8555333151981833,0.4654927968184298,0.8446760040499492
0.0,0.7155471460107223,0.9128222536071724,0.9113059395255776,0.5386668399893028,0.3695884324578158,0.8551282051282056,0.7186770752988221,0.788246893624761,0.8648738471665273,0.4614339633236485,0.8656176172797836
0.0,0.7123935666982024,0.9105320070541559,0.9219444254628871,0.5336793967710988,0.4535388111979808,0.8948717948717939,0.7022977268372728,0.7888098083965981,0.8783150078325593,0.463067662241887,0.863609517381033
0.0,0.7180700094607381,0.9071642314378988,0.9179086207273329,0.5382477369252183,0.3693812076025821,0.8833333333333337,0.7237028921782959,0.7879216923689382,0.8846255687409016,0.4616332997429277,0.8780037124535941
0.0,0.7149164301482185,0.9028612897421744,0.9042003223037992,0.5335850002656636,0.453868372699337,0.9089743589743596,0.7354297982304017,0.7853745913167397,0.8815731074012237,0.4628315827786735,0.9029109011137364
0.0,0.7120782087669503,0.8979255993565438,0.8914989788244663,0.5320909959003728,0.3762961926196696,0.837837837837837,0.7507135873917337,0.7839821965925061,0.889809232631286,0.4647518034603311,0.8877489031387108
0.0,0.7451907915484075,0.8921535527441249,0.8745437631497532,0.5200169453161549,0.3696284598182163,0.9774236387782202,0.7131403249340453,0.7812824537018513,0.8902212384973475,0.4643382284962299,0.854463381707729
0.0,0.7622201198360138,0.8848682333046232,0.855636992910429,0.5344525950570599,0.5274502939349205,0.958762886597938,0.7484045610639207,0.779812182538235,0.9016540706578638,0.4644862967607272,0.862867026662167
1.0,0.6890570797855566,0.8777555920962834,0.8312877348915921,0.5282189174720411,0.4778192605783536,0.9061833688699364,0.7509985310662297,0.7779835167060919,0.903488780498914,0.4646800481024967,0.8725531555855551
0.0,0.6963103122043517,0.8738908036441941,0.8205160198087904,0.5353790426998755,0.4944608195619927,0.8322717622080669,0.6930075804843059,0.7779484618400346,0.9172628291827288,0.4627172367660234,0.7918157273034089
1.0,0.7401450646483761,0.8699092039519953,0.8112881725554509,0.5231346195195035,0.4964955411399679,0.9082733812949632,0.7033687220276199,0.7776891143417081,0.9224657282184541,0.4634574386610405,0.835791427607155
1.0,0.7316304005045726,0.8661987663782431,0.8221636203087466,0.5171017023733462,0.4766889843012172,0.8194888178913725,0.7065620563107655,0.7770084212788736,0.930733353226659,0.4639699529716567,0.8235993925075938
1.0,0.6717123935666983,0.8625150478124141,0.8331729418438691,0.5013023127307517,0.4648299916614449,0.6891495601173019,0.6865668708762998,0.7783126188570614,0.948190393014396,0.4657301091467372,0.7970975362807962
1.0,0.7212235887732581,0.8595248046463839,0.8466703668906115,0.5446002337326636,0.0,0.6341514697018548,0.5976497059676047,0.7794602291066853,0.9643283717850072,0.4589411965982269,0.7539402632467094
1.0,0.8306527909176921,0.8550263416210891,0.8442438123491491,0.6194998007006373,0.4336262647434831,0.9327528845473216,0.5778166436582839,0.7802158020557205,0.9723774268804052,0.4573061642114344,0.6913094836314548
1.0,0.8593503626616212,0.8474388672480155,0.826856237947535,0.6392253616038744,0.4975255788040826,0.8826923076923079,0.6134444286142402,0.7785091479164422,0.9686560750136732,0.4574535872771444,0.7343570705366181
1.0,0.8647114474929047,0.8411692902609105,0.8108612883003494,0.6451798608064894,0.48871621908520707,0.8401390095569067,0.5984701472372744,0.7773373775145612,0.9698668208405284,0.4560778196464077,0.7037293283833947
1.0,0.8369599495427311,0.8363769083036379,0.8020815100062653,0.6299437909984754,0.4207576538589807,0.7618644067796608,0.5886887186869009,0.7760793250918064,0.9728619437853242,0.4588746726866637,0.6888288896388793
1.0,0.9271523178807952,0.8339848678934387,0.8027445007765961,0.7107859120358442,0.4794696293094678,0.8969594594594595,0.5861537025482808,0.7747862233748392,0.9723164979352568,0.4588806577440934,0.6579311508606142
1.0,0.8899400819930621,0.8292380791517218,0.7995376356055788,0.7255486490972837,0.42026774615449547,0.8251582278481007,0.6331251934423653,0.7736557888632035,0.9705744382193109,0.4603432279898161,0.7298768140398247
1.0,0.8612425102491327,0.8256671756269243,0.7944837115136734,0.657032841638231,0.4305296259177632,0.826740506329113,0.6196787996993354,0.7725137227798652,0.965703687230732,0.462735350153608,0.7112807964900442
1.0,0.9268369599495426,0.8219359263381945,0.7907134103604198,0.6817363658596008,0.0,0.9087275975147826,0.6810448589774449,0.7716330200163791,0.9624802877083576,0.4658150156880052,0.8018140398245017
0.0,0.9325134027120784,0.8165815120024613,0.7789924846088659,0.6921119222687117,0.4455939446037008,0.9630840274654836,0.6972817356017469,0.7697535395064047,0.9512693721743904,0.463848496315374,0.8291765102936214
0.0,0.8789025543992431,0.811381433552486,0.7692695113975847,0.6386350906909577,0.0,0.960433053408556,0.7302418582257835,0.7677476362221841,0.937966252428042,0.463775359388809,0.8631370232872091
1.0,0.8678650268054243,0.8066235159177099,0.763879017976058,0.6170670725190499,0.3253562354372349,0.9808987154386132,0.7324821050459593,0.7657323115600038,0.9255618312296421,0.4641898157518994,0.8515693553830576
1.0,0.827499211605172,0.8003479771276858,0.7522678719979254,0.6206026137967514,0.5413981329850192,0.9900204580609748,0.7469798426914405,0.7634584289089689,0.9190125294592076,0.4657244068693556,0.8819946000674994
0.0,0.7962787764112266,0.7936734759633612,0.7364854000746829,0.6324671645312694,0.4215995126138096,0.9820643245065896,0.7740249276586961,0.7606242936330628,0.9144570862588008,0.46500994963044,0.8936044549443128
1.0,0.7568590350047302,0.7862789675406234,0.7244304426578383,0.6101848677748906,0.459304697890575,0.9557064816181892,0.7991392735901427,0.7570855118706127,0.9033127350595046,0.464072089353639,0.902708403644954
1.0,0.752444023967203,0.7808319488256608,0.7252649137217988,0.6045720041821864,0.3749938172110461,0.9603689572373274,0.7967860318645632,0.7564684918889516,0.905829263419162,0.4641989180089681,0.8784864052123793
1.0,0.6859035004730372,0.7744265965230743,0.7232952235258646,0.5892738158952782,0.4177399893356256,0.9940921788888238,0.746621206687333,0.7562439338994519,0.9116807487596332,0.4570103024475989,0.8847429311280954
1.0,0.6606748659728792,0.7679430528576447,0.7205327801032715,0.5722409935984666,0.4622143867867093,0.9093944963628352,0.7479427557983579,0.7558106569226023,0.9164373994814996,0.4574112172180181,0.8666583134945495
1.0,0.6704509618416903,0.7605253290489988,0.7016647168716205,0.5797455067279939,0.0,0.8791926618171145,0.7627893038039978,0.7532406445618881,0.9110668352307141,0.459169569196796,0.8613289896838323
1.0,0.7477136549984233,0.7527068593456412,0.693660016405196,0.5931023581559711,0.5177055485641532,0.9910703920990822,0.7659531611552991,0.7512394256835307,0.9056372268162364,0.4556960320160098,0.8659566470367119
1.0,0.7076631977294227,0.7423199822447923,0.668898959173462,0.5681204540675485,0.3829697452615024,0.9912268196124434,0.7907923890561974,0.7492953615396712,0.8997662799127085,0.458348387561993,0.9120995698116356
1.0,0.6840113528855248,0.7348120496931045,0.6574316879432087,0.5517993177455254,0.3503791545121168,0.8251961012092447,0.7957346879621124,0.7468468141597314,0.8949986643862571,0.4591964034748742,0.8935471745395317
1.0,0.6606748659728792,0.729828307803907,0.6481154430878665,0.5338119562013959,0.3646490183042306,0.6526049099981188,0.792570830610811,0.7443783081597394,0.8916472951730253,0.4591376163080678,0.8740675771624272
1.0,0.6102175969725635,0.7277271925739617,0.6569636064779213,0.5353146564417834,0.3770472777480141,0.4988217332138466,0.7768498002937869,0.7422794776830987,0.8924870700363537,0.4615371143499717,0.8484400451071298
1.0,0.5931882686849578,0.7274426744262128,0.6785635486929162,0.5661830584395237,0.2938773939141002,0.4888645491055135,0.7453733499059195,0.740579811774717,0.8912077113298249,0.4588766913125453,0.7811552437037967
1.0,0.5931882686849572,0.7278541367441564,0.6890193464460339,0.566416849458954,0.36067175638746696,0.3483576177990191,0.7543687269404417,0.7391818890559144,0.8870108501748807,0.4560805496501785,0.7954141085077058
1.0,0.5733207190160833,0.7298484157916914,0.7087846503843869,0.5456647653796892,0.2688408015080809,0.3693783398055037,0.7402885791627569,0.7380210727262452,0.88781626737308,0.4585025421264403,0.7755299293427546
1.0,0.6007568590350049,0.7327002367641064,0.7174503227036797,0.5744527642170512,0.2488958231910457,0.4722692422582893,0.7533615984357571,0.7364047909095358,0.8821645841919373,0.4561770238176062,0.7966771097187038
1.0,0.5666982024597921,0.7341232812879277,0.7250103291669534,0.5365658741888228,0.4100794052572707,0.08734939759036334,0.7637718681988118,0.7348533637801417,0.8795393012620688,0.4574850778382789,0.7924244054664799
1.0,0.555029959003469,0.7380587364225077,0.7418361188611999,0.5238139969385198,0.4958902270100802,0.12198795180722925,0.7584365435349718,0.7326991610095134,0.8715827712639473,0.4566798578973828,0.7956148182123464
1.0,0.5843582466099025,0.7424637529327955,0.7652389057404708,0.5570262971646932,0.4825594517292076,0.3373493975903628,0.7630840731224421,0.7318442435561171,0.874365284853056,0.4575135710715771,0.7773746242618329
1.0,0.5950804162724692,0.7447991305209869,0.7843107516528008,0.5700496454575298,0.5207944755542228,0.4352409638554217,0.7413890512849484,0.7302290784038875,0.8758424662633372,0.4583339617046509,0.7741607737950091
0.0,0.6089561652475558,0.7460839610084866,0.7921347757662079,0.5875499570007775,0.5211109906101501,0.5542168674698805,0.7471812683923775,0.7283051862203817,0.8776601837351165,0.4592243863072604,0.7603023652767621
0.0,0.6272469252601706,0.7462260005769534,0.8028379989553002,0.6121056202077189,0.5311381520211762,0.6731927710843393,0.7939120310097321,0.7258171762608464,0.8754172790584093,0.460818270607445,0.7980283956536929
0.0,0.612425102491328,0.7439055394244505,0.8060059207435918,0.6409596148012946,0.5285175433317981,0.6521084337349415,0.8020329257328702,0.7230383733834632,0.8700763310857057,0.4616067925613563,0.8247556493861914
0.0,0.6590980763166193,0.7409868063731928,0.8025844223459249,0.6432862648016356,0.0,0.6822289156626508,0.7984072631160062,0.7207438884332623,0.8604330946398691,0.4617606886211529,0.7938773295295976
0.0,0.7325764742983285,0.7371121309644728,0.786592290476583,0.6914102399580344,0.4537036033888418,0.9182235556161628,0.824450132400552,0.7183740293797499,0.8512630509560221,0.4609510941393451,0.8206560256370748
0.0,0.7155471460107223,0.7301637560438143,0.7626673678035603,0.7174204195024073,0.4921561866419109,0.9574105621805792,0.8147718731116341,0.7160328222777733,0.8437383896351233,0.4601095907690204,0.8088527402413698
0.0,0.739829706717124,0.7239010814418009,0.7422576434054587,0.7368341220455283,0.5323341977122004,0.952929875120076,0.8564866444934633,0.7143376583176412,0.8465301831801456,0.4611187515828205,0.8530054603765932
0.0,0.6937874487543361,0.7160313134291589,0.7083787570806134,0.7021921525010926,0.4857566913650577,0.8964143426294803,0.8212174955416139,0.7130819408378174,0.8527956774125166,0.4614943698845431,0.8083552700069899
0.0,0.7470829391359195,0.7108360887105953,0.695073472730208,0.7461890860435697,0.4355366157060911,0.8276515151515159,0.7804705500886765,0.7127829694549627,0.865816409767386,0.4606398535750033,0.7700144261514897
1.0,0.7357300536108485,0.7059794238848199,0.6812148801899567,0.7395404685142197,0.44003637869659,0.7293934681181967,0.7634623604144455,0.7126001466195261,0.8751999918324463,0.4625420857758651,0.7531417778372669
1.0,0.7164932198044781,0.7033084112951207,0.6816955177798033,0.7261716384101071,0.4325320805986704,0.6811955168119549,0.7447985497349532,0.7116770440393948,0.8780605646164369,0.4644129841475014,0.7300673716146879
1.0,0.7480290129296754,0.7010597711493127,0.6826852009942949,0.7163868777643438,0.40505454357225606,0.7130647130647136,0.7128259043277048,0.7104202411547013,0.8811470759702106,0.461453483386845,0.674534124540817
1.0,0.8088930936613054,0.6973446579556732,0.6789663043618053,0.7345683605594769,0.3496349774245073,0.8024948024948019,0.7099420778289256,0.7095665368082703,0.8869172400002022,0.4612952653644205,0.6628890971013846
1.0,0.8152002522863451,0.6947901747325966,0.6912286277373229,0.7413167703651163,0.3774638378593019,0.6986692015209125,0.7154493512618583,0.7090125674123072,0.8978477421953975,0.4617151285749668,0.6828403158881006
1.0,0.7612740460422582,0.6932454313911114,0.6972445984626322,0.6416866786007459,0.4075117079442568,0.7861692447679716,0.6916221646876182,0.7088166829055694,0.9014132630428552,0.463092616204305,0.6493627210398727
1.0,0.8331756543677072,0.6930897367714357,0.7121405971626908,0.6433254560885269,0.3640274527099303,0.7916287534121923,0.6990749156222825,0.7086073005518746,0.9051918951344614,0.4638058047441489,0.6700575558827468
1.0,0.772311573636077,0.691874741700006,0.7195861994415269,0.6141210279285039,0.3643501697629823,0.7725204731574159,0.7029413065158756,0.7081134006158846,0.9063284405537868,0.4641567075681794,0.6816728386799329
1.0,0.7246925260170293,0.6911926202604337,0.7343819400731408,0.5630213618865512,0.3806830884689426,0.8271155595996356,0.6636485563672627,0.7072659135433651,0.9104302984834246,0.4602838481332465,0.6174839007123841
1.0,0.8082623777988016,0.6892911929657997,0.7491149909722106,0.5664224909130415,0.4114989448668384,0.8726114649681523,0.6694456862966656,0.7062905189539167,0.912998208802096,0.4571962655257187,0.6243846577135295
0.0,0.7861873226111638,0.6856979110654102,0.7564038970034418,0.5436227635993329,0.4551371656773039,0.9008189262966328,0.6954983812251596,0.7053710461752908,0.9220234698518244,0.4565931040177682,0.6545308526301701
0.0,0.7357300536108485,0.6823338522813098,0.7675074150858798,0.5001374200721741,0.4871523857993945,0.9326660600545956,0.7121184579634385,0.7040247922190799,0.927590041899506,0.454813910249543,0.6784083641933996
0.0,0.7675812046672973,0.6772654388095882,0.7725114096811194,0.4645876987754093,0.0,0.9517743403093721,0.7444153496209754,0.7028426514527774,0.9345919886979812,0.4549567298841836,0.714719136215589
0.0,0.792809839167455,0.6704791354583457,0.7620046070814148,0.4231914855336478,0.4894192443258996,0.9818016378525931,0.7938923797218357,0.7009120309541589,0.9329669309354476,0.4609625164895775,0.790657207870432
0.0,0.7180700094607378,0.6627233890290911,0.7317512713827795,0.4343359422105145,0.4189226690683688,0.9481555333997996,0.8189035563918269,0.7002668140659829,0.9434565395401644,0.4602233794049602,0.8056038905992058
0.0,0.7010406811731315,0.6574377431064158,0.7147447128982423,0.4262325052773591,0.4940143303217983,0.8683948155533393,0.7455354730310635,0.6993830154269814,0.947286458323412,0.4549836871021323,0.7430657802763274
0.0,0.6764427625354776,0.6521597597188205,0.7036087106398896,0.4092123236861575,0.3735194168642769,0.9612551963426468,0.736112680484797,0.6992532814278062,0.955772709073717,0.454144843233688,0.7242374217344101
1.0,0.6225165562913908,0.6462621593229245,0.7147634259438125,0.4315507808061477,0.4850445053038381,0.9190535491905348,0.7535188087389275,0.6979066588310355,0.9558982798674032,0.452456303819388,0.7450289266645845
1.0,0.6294544307789341,0.6419994652788148,0.7236951422038265,0.4355449892780873,0.5047970522920457,0.9567496723460028,0.7241008307581958,0.6961279257807672,0.9577949976333898,0.45338593057446896,0.7005978673091507
1.0,0.5282245348470511,0.6361267085725162,0.7086371657155928,0.4217467724023938,0.4435564272176963,0.7067448680351905,0.7394091840293979,0.6949838100428537,0.9640228089633964,0.4514785380973498,0.7068144975386307
1.0,0.5569221065909806,0.6338053594936417,0.6958691498163997,0.4409183236010277,0.4759262411326873,0.6378299120234606,0.678662140320021,0.69327838613158,0.9722975547732688,0.4486724722065572,0.6261693362483082
1.0,0.5670135603910438,0.631598103822915,0.6856959191083107,0.4474249954257771,0.4510213008413237,0.6070381231671554,0.6771833809058261,0.6918669987292329,0.9868477186066468,0.4488395132136093,0.6046119067802912
1.0,0.5279091769157995,0.6293332548936397,0.6656452737063132,0.4715411738372219,0.4628447292937636,0.4912023460410559,0.7428530722332212,0.6903184980780576,0.9947765258378728,0.453409783137005,0.6848555154002883
1.0,0.5320088300220752,0.62772547432028,0.6399448028484188,0.4735731257254587,1.0,0.2741935483870974,0.7499226230539083,0.6887945505478056,0.9993481556763624,0.45424321411719104,0.7016512734396866
1.0,0.5307473982970671,0.6277963072771637,0.6119799191011474,0.4717693356724332,0.4672359977845208,0.05865102639296167,0.7240222256066107,0.6877577748218858,1.0000000000000002,0.4516758515377052,0.6582924565822619
1.0,0.6155786818038472,0.6313258609687902,0.6121499962677239,0.4818258704452961,1.0,0.39969135802469097,0.6977189767574392,0.686958273029073,0.9959127423451728,0.4526937317894067,0.6204943509066538
1.0,0.5471460107221697,0.6320371902639985,0.6138688471805226,0.4268503798603896,0.4940785002331479,0.0570987654320984,0.7529489213899356,0.6863224569355727,0.982280674706301,0.4597909780205928,0.7088535880098007
1.0,0.6061179438662883,0.6366280588620259,0.6239639365916629,0.42768080033864586,0.4779364770491138,0.2767710049423393,0.7207404605279317,0.6857612138771564,0.9743658550575052,0.4564938447257994,0.6561573382581247
1.0,0.6723431094292022,0.638317075408382,0.6304817028465027,0.4987355521885309,0.4432914797141171,0.6243822075782536,0.7352283725294646,0.6843697629350155,0.9687068970855492,0.4579607508267807,0.6968383721700232
1.0,0.6294544307789341,0.636146070386119,0.6208852702720747,0.4591671750553691,0.4544690550814701,0.27138157894736825,0.8268426767019244,0.6832387937931613,0.966063831882398,0.4662831692850841,0.8001486266748095
1.0,0.6937874487543361,0.6372155808578304,0.6213729047515519,0.4822898982644767,0.437801118819428,0.5400134498991253,0.7448280266667975,0.6809784727677589,0.9571963580651212,0.46093726911585,0.690024205970806
0.0,0.7568590350047304,0.6368710494582961,0.6141817358659855,0.5392982070906676,0.4534665622040879,0.8022864828513786,0.8147718731116342,0.6799418837522256,0.9616747755270872,0.4666729819805314,0.7895254162693468
0.0,0.7461368653421635,0.6329892675022497,0.5964871825329797,0.5311231199398407,0.4497359409863007,0.6946872898453265,0.8779360252322537,0.6785737209628132,0.9745293756588064,0.4715304719320592,0.8796554800828921
0.0,0.7808262377798804,0.6309286340981946,0.5917744946187501,0.5644000629047706,0.4318002076910901,0.7218274111675133,0.8673292425902359,0.6768605700912128,0.9817969602106016,0.4694921017578267,0.8800296454064008
0.0,0.7786187322611163,0.631567274845505,0.6015051945967149,0.5506367075484572,0.4224375885857949,0.8324873096446701,0.8611194356150116,0.674919946239848,0.9817969883862382,0.4689320338247995,0.8682938061247986
0.0,0.6767581204667298,0.6303069190123141,0.6085071791905612,0.4455643001681247,0.3927271862952629,0.8593519882179679,0.91314130749844,0.6723598449882352,0.97217325326752,0.4722560654413653,0.9300454754777802
0.0,0.7644276253547776,0.6283064151977553,0.607504870745989,0.4696599278852988,0.0,0.9241531664212076,0.9162511238080262,0.6691681160927413,0.9687328891017448,0.4727762324500819,0.9266204236702736
0.0,0.8051087984862819,0.6210092799608826,0.5812047282635605,0.4411650069683817,0.39655555552572375,0.9489644970414204,0.9239986440611352,0.6659643249522625,0.963025872032728,0.4739355905725264,0.9233608680635504
0.0,0.8448438978240304,0.6137056394387495,0.5561762376728989,0.4673856014685616,0.3800749865527033,0.932291666666667,0.9339471085586272,0.6631424759754126,0.9633817445953198,0.4753154266470256,0.924644275197468
0.0,0.8779564806054874,0.6079684840659411,0.5501497686560864,0.4361093715922703,0.4637470107952973,0.9954954954954964,0.958535782538848,0.6603415373645697,0.9583459346089246,0.4785004923308535,0.9861686819441166
0.0,0.7783033743298644,0.6018206291951849,0.5425038070347369,0.4000841475939139,0.4619799170904488,0.9557522123893802,0.9515595753356684,0.6578417904305971,0.9457839660671676,0.4781910581307745,1.0
1.0,0.7455061494796595,0.596842938333207,0.5355393465562069,0.4323563444083839,0.0,0.9131134352373288,0.905831028401024,0.6552438157395691,0.937204522251424,0.4772593682276709,0.9925596169493652
0.0,0.8016398612425102,0.5934121222717545,0.5380570760164332,0.4126016325634981,0.5602350332481535,0.949316170555108,0.8970812924652046,0.6533060113438832,0.9247854813191208,0.4763769996621151,0.9956135113403866
1.0,0.6433301797540207,0.5893978577976204,0.5442201446508209,0.34519405209455256,0.4681968178170903,0.9595193928379736,0.8768257274661134,0.6509610284215449,0.921699252678436,0.478094491086033,0.994016399497673
1.0,0.5370545569221066,0.588557706516837,0.5695749240993017,0.3301481776131653,0.4842980352024167,0.8759999999999998,0.8605790251978639,0.6487246488104091,0.9138366934275528,0.4767280615230829,0.9675953335946168
1.0,0.5528224534847052,0.5882380930693232,0.5876198838668591,0.3399391315372597,0.4281300862837071,0.8293153326904537,0.8354892433762875,0.6462072002299725,0.9081298570836224,0.4740558653454465,0.9248315232294358
1.0,0.5257016713970355,0.5868210789069792,0.5920602234648632,0.3732337515142302,0.4490806207354288,0.7620320855614972,0.8140889908572383,0.6439587971843103,0.8929255858076129,0.4720773582002246,0.8723834966357764
1.0,0.5055187637969095,0.5863192491988385,0.5939610573888319,0.4101266199245818,0.39140249778790986,0.748663101604278,0.8484885703196773,0.6416495610957907,0.8720576473703122,0.4733836203359277,0.9235105957616956
1.0,0.4888047934405548,0.5848112125247811,0.5879400142973319,0.4010363618007959,0.4326408659140856,0.7319408181026976,0.8675650580449915,0.6397974050007272,0.8567207565440692,0.4723693616608308,0.9441663334666136
1.0,0.4906969410280666,0.5831997324319781,0.5815502479891497,0.40149283248365053,0.42492829292672135,0.6631853785900781,0.8802106618062482,0.6383929742536602,0.8479173697226766,0.4738947356477839,0.9889036732389828
1.0,0.4443393251340272,0.5827863454873221,0.5821387768942351,0.4185376573935274,0.4095154531121636,0.563729683490163,0.8432515020953186,0.6364421955789051,0.8380701338026452,0.4729943344879925,0.9410910850368944
1.0,0.4140649637338377,0.584467428378288,0.5860093482291526,0.4519935651543874,0.35317624636633665,0.542293053839584,0.8177834329817388,0.6348424967638343,0.8281991892295265,0.4707973868104359,0.8720535462279748
1.0,0.4096499526963101,0.5859194752738308,0.5856677623908789,0.4476794446912717,0.3480795249692601,0.5041501173309894,0.8122565082609101,0.632366615792089,0.8197960816036359,0.4693608604423616,0.8807306157009801
1.0,0.3736991485335854,0.5877062675163476,0.5847399041874977,0.4141286648627758,0.5627053594562726,0.3739666166386122,0.8473094930459002,0.6295725948376033,0.8129610851598897,0.470822646039065,0.9051489859279868
1.0,0.4036581520025229,0.5926512584959895,0.6032016713382444,0.4313011946255527,0.38737420197330497,0.4701531521820249,0.8508565505111791,0.6263073462234215,0.8063399522579734,0.4721994442533105,0.8755400882995275
0.0,0.48817407757805104,0.5956121149348861,0.6173031870870447,0.4844191289090274,0.5361923017612071,0.6647123991411682,0.8507877710035419,0.6234080267909482,0.7999686793311135,0.4720531977539174,0.8827285125446661
1.0,0.4698833175654367,0.5943071751793503,0.6145979226390371,0.4641760539159799,0.4899926105814309,0.4784360630986581,0.8269114562095613,0.6215703318834173,0.8015111805830423,0.469924789443708,0.8246489550555808
1.0,0.4222642699463889,0.5948657344603471,0.6121300346701134,0.4692595093365494,1.0,0.37941548446553375,0.781349945222035,0.6194077107808204,0.8036967074758,0.4681673948479828,0.7604008733094794
1.0,0.4033427940712708,0.5975094990633374,0.6148851856680901,0.4411743986383289,0.4851631042932692,0.2264728085569469,0.7873239367425042,0.6184748187357493,0.8058705999399288,0.4693250781647776,0.7539330830405309
1.0,0.4298328602964365,0.6018694064150439,0.6241957518558804,0.4717646401521918,0.5615896596290104,0.19509995196031354,0.7412465794477006,0.6170803849257877,0.7995944972513046,0.4666691534255252,0.701857522855802
1.0,0.5168716493219805,0.6078534558757099,0.6456506749206262,0.497161421119105,1.0,0.3696114667790865,0.7077460464065162,0.6166360436915799,0.7972095387618695,0.4627765548943085,0.6380773558054109
1.0,0.5335856196783351,0.6117222217855471,0.6668605303027009,0.4615319543680762,0.5140838239619431,0.4196119569799705,0.7825339353177858,0.6157592781880411,0.7991810875698283,0.4748010222703321,0.7650742267890235
1.0,0.5168716493219805,0.6152424681861961,0.6922407201165292,0.4424232238522679,0.5336833775187302,0.008208046621705123,0.8242094041238227,0.614459884476536,0.8040844435193356,0.4779079526310375,0.8165166506763538
0.0,0.6572059287291074,0.6207819771793339,0.7215201830079444,0.5405526576538655,0.4880936399152935,0.40000625009765794,0.7772870414494788,0.612307777232625,0.7968081421047676,0.4723599441865202,0.7380127580726669
0.0,0.7417218543046357,0.6207339953723698,0.7259075603591758,0.606187440464164,0.4793962884352538,0.7361213350185416,0.8638951800303613,0.6103433620985393,0.7873248220839476,0.4834134493804722,0.8538900403541797
0.0,0.7682119205298014,0.6181123482789215,0.7171289145691856,0.6299725545494667,0.5155349799492944,0.7026794736291943,0.9279682042161836,0.6079614297611909,0.7734816714484606,0.490731668531457,0.9346230293984692
0.0,0.8016398612425104,0.6170184971790365,0.7161912261522372,0.6370617222296887,0.5473308717222017,0.7976970832032745,0.9447012758598664,0.6053688256757218,0.7648478762207549,0.4897761837251736,0.9547936653726652
0.0,0.8019552191737622,0.6158176610784001,0.7191096189872237,0.6336194181021582,0.5398658930783672,0.8568279184990737,0.9363249143940772,0.6026353756669619,0.7526159318390816,0.4890613983330037,0.9357403871595192
0.0,0.8079470198675499,0.6137163599813196,0.7227195983823376,0.6435881013264405,0.5637595742665705,0.9181922521846844,0.9758190902436268,0.600748398269712,0.7536943783170325,0.4921337423990893,0.9766032357527394
0.0,0.7902869757174394,0.6105111267913725,0.7195472565169225,0.632153457115464,0.5677339142400428,0.821600245457335,0.9733528536126436,0.5989324207192391,0.7526641923843913,0.4902680518001351,0.9966251225318584
0.0,0.7902869757174394,0.607960154577994,0.7224677588092797,0.6284875269154196,0.0,0.8716008136456097,0.9248976904823901,0.5982053254493284,0.7580819883720237,0.4882654898504808,0.9306189609298424
0.0,0.8218227688426365,0.6052992030904083,0.7299789185146195,0.6507002953001307,0.5538961865643338,0.985074626865672,0.9250254238537158,0.5967070694622661,0.7566493311472007,0.4868781149531856,0.9560495728889512
0.0,0.7855566067486599,0.6010503807109056,0.7353617646239199,0.6222636193305005,0.5751325754187273,0.94833524684271,0.9650698357643612,0.5947924766040783,0.7585371755065359,0.4900544623514469,0.9988166923400088
0.0,0.7445600756859038,0.5968850150075804,0.7489638537475604,0.6035949789686581,0.4718377944268399,0.8989667049368548,0.9543746223268104,0.591903131391578,0.7586077135498634,0.4891059718362055,1.0
0.0,0.7568590350047304,0.592160824358037,0.7518908755714095,0.5687407289404818,0.0,0.9230769230769228,0.9413359928076288,0.5895008130961633,0.7578024690066025,0.4876390195896406,0.9985228519195616
0.0,0.7805108798486282,0.5859905441587756,0.7840258093749342,0.5426206268385088,0.4814850709970184,0.956371986222733,0.9345464728394636,0.5871218749074313,0.7562890261037697,0.4868455804419333,0.991483087215828
1.0,0.7357300536108485,0.5790461511691649,0.8055801800376328,0.5583657344283144,0.5722164203785812,0.8569682151589249,0.9371158787319022,0.5844189239264143,0.7504953678178349,0.4874986782581773,0.9961218179256542
1.0,0.7385682749921162,0.5739102374977607,0.8389452595381524,0.5618501359789625,0.6056699662030423,0.996021220159152,0.9048926794039764,0.5823320119892199,0.7493946687618408,0.4841212309101892,0.9505720374204664
1.0,0.7076631977294231,0.5679402965632083,0.8318515996330502,0.5850768280679951,0.6359751532808451,0.9924242424242428,0.8977789131855226,0.5802603165038059,0.7466540632577293,0.4815710549027525,0.994210452396186
1.0,0.6464837590665405,0.5623267072685021,0.8226060180599183,0.5480795586368886,0.489072896948573,0.9981481481481486,0.8951898560051879,0.5786922317361837,0.7510884267073108,0.4819051081888043,0.9748865070839968
1.0,0.6256701356039106,0.5576473940773807,0.8218313938358575,0.5222380936952065,0.6021809976406698,0.8305084745762715,0.8826474215053868,0.575891757221847,0.747841196842145,0.4837169681895224,0.961377125787002
1.0,0.6480605487228003,0.5532659613960704,0.8242924228004997,0.5512387227667891,0.5905054641274945,0.9810055865921786,0.911721501947934,0.5740883060445411,0.7528413222537615,0.4850199843822594,0.9800534730008392
1.0,0.6329233680227058,0.5478650430020395,0.8193065051761573,0.5328756856318269,0.5968756589807208,0.9624664879356568,0.9089555831765326,0.5720801182921559,0.7497857730064388,0.4835918290475364,0.9956640399769368
1.0,0.6338694418164618,0.5436717220725642,0.8192845087596583,0.5354170647090218,0.6999870917609708,0.6836461126005366,0.8942367685422182,0.5705548912907318,0.7463000865768905,0.4855106078307891,0.9955577182682952
1.0,0.6171554714601073,0.5412015573077986,0.8231447639824114,0.5125769859656935,0.6538819367189432,0.4852546916890082,0.8828881497821163,0.5674009982159626,0.7295015138708683,0.4843186377721237,0.9811441937913812
1.0,0.554714601072217,0.5405342448219224,0.8377454890997341,0.4534320823274377,0.6581992557399627,0.0831099195710461,0.9008936423170832,0.5639516852169942,0.7129343145249409,0.4882226961845123,0.9607213094445392
1.0,0.543677073478398,0.5423057719629376,0.8588112569921772,0.4812921454990808,0.7120856088629185,0.0960591133004927,0.8849367965453036,0.5601101859678933,0.6938819909911162,0.4866630908604183,0.9244681905139364
1.0,0.5676442762535477,0.5447405686329381,0.888157957383922,0.4763890471886506,0.6012546797750783,0.21428571428571352,0.8629224412794954,0.5571352463075813,0.6829456103823737,0.4846558086731506,0.8687404816116046
1.0,0.5607064017660044,0.5460731142460615,0.9117187356737652,0.4642915140573146,1.0,0.300492610837438,0.8922519884646939,0.5567533196671631,0.6868228563174112,0.486297977974187,0.8967252565593615
1.0,0.5695364238410596,0.5474408741586579,0.9361949227530172,0.4814211678234119,0.5472326994704404,0.2290640394088668,0.8415565785142642,0.5572509203504245,0.6985955488228628,0.4726424274145486,0.8973616261803925
1.0,0.5777357300536109,0.548633624275404,0.9570854049868966,0.4962593011692618,0.5419866083321236,0.33743842364531945,0.8259288918147473,0.5582998350081542,0.7112400925019748,0.4732639696935344,0.8892936297206557
1.0,0.5862503941974142,0.5490379558028691,0.9719874501824692,0.5119438853088893,0.5078370340061888,0.31527093596059125,0.8388152238527332,0.5573012600443584,0.7157194596031934,0.4717192042799716,0.9080701908377404
1.0,0.6430148218227689,0.5492640471813013,0.9889770186742676,0.5650203453033688,0.5034553510637133,0.5465116279069765,0.8433350200688776,0.5555908297939037,0.7183613744252636,0.4686057468791319,0.9139364947005773
0.0,0.6814884894355093,0.5470466696045568,0.9903414593187754,0.5994736786605477,0.49778043225280705,0.7626373626373618,0.8589676195903688,0.5540293719126116,0.7164942903143354,0.46749005351069206,0.9295750952725784
0.0,0.7319457584358245,0.5441096679227333,1.0,0.6597107773174735,0.4652370818766181,0.8070444104134755,0.8535340384870473,0.5522539837729948,0.7135965976092826,0.4701820901743598,0.9279731993299836
0.0,0.7123935666982026,0.5360030826601272,0.9703810648038612,0.6773137323726318,0.46959389213758507,0.7366003062787141,0.8648482674933307,0.5502184326928682,0.7079062231738403,0.4682751717892146,0.9392084147081842
0.0,0.9454430778934092,0.5296194372675784,0.9541430648216648,0.8006772978812304,0.4413310117221467,0.7890624999999994,0.8537305513660102,0.5479846114305321,0.7040377258259768,0.4674733232147321,0.9054296226401294
0.0,0.9646799116997796,0.5214719311703817,0.9271210788027114,0.7949243740559666,0.4345939003251647,0.912,0.829195918427504,0.5454538705481912,0.6998913650455216,0.4681793652596238,0.8704731810435
0.0,0.9533270261747084,0.517668699061822,0.9382963473851944,0.764057840982164,0.0,0.9134545454545451,0.8461058516622533,0.5431577586916084,0.7036678215055743,0.4672552146124303,0.8743352863297567
0.0,0.9672027751497948,0.5135913512935697,0.9479142357411146,0.7871429882342049,0.44523734510362495,0.970181818181818,0.8499820681997946,0.5399730993196817,0.7034273981805028,0.4682252637257798,0.8661795147498776
0.0,0.95837275307474,0.5068665200925431,0.942459893339006,0.7844274691193336,0.4988900346487834,0.9723674383868556,0.878741728036001,0.5378197613190446,0.7041126970032261,0.4694944686934488,0.8792141200909934
0.0,0.9659413434247872,0.4992823754348265,0.9299948855604168,0.7894810177688311,0.5146401165586625,0.9549339549339549,0.8559167571444712,0.5351347188845751,0.6952602496360959,0.4690308891542137,0.8614030852954729
0.0,0.9772942289498584,0.4922912719138229,0.9149601242399812,0.7948030631354199,0.4680445233827714,0.9339691856199562,0.8746788242634451,0.5341358199551872,0.6972530988235062,0.4724702473691523,0.8593939128786222
1.0,0.9325134027120784,0.4851865110079552,0.8993476312506696,0.7913775566442008,0.5838764240729578,0.8562043795620439,0.8384369365607298,0.5328235925220978,0.6996493974038079,0.4690643731974338,0.8392558721670305
1.0,0.9498580889309368,0.4797493469078648,0.8912706832097642,0.7989029088152413,0.4831166697383774,0.8452803406671398,0.8261204918717359,0.5322847279831157,0.7089182699056487,0.4709716022217855,0.8265337325150584
1.0,0.9646799116997792,0.4738974806226283,0.8848654022609337,0.8264959924056463,0.0,0.9031791907514448,0.8286505951883818,0.5294882859429048,0.7026743998801088,0.4714963047122947,0.8243007801110787
1.0,0.9590034689372438,0.4671331783228026,0.8770883364484756,0.8112125677896787,0.5372832024340911,0.9104046242774564,0.9006971294381205,0.5268631048057729,0.6965833229282008,0.4807789072649502,0.8744284281864018
1.0,0.9536423841059604,0.4588972696286928,0.8640114203197342,0.8099143235375976,0.0,0.9284099472494346,0.9056836437418018,0.5244004774871046,0.6894930344252231,0.481037549313603,0.8941223662542754
1.0,1.0,0.4504354149158888,0.8507346980987548,0.8247692156731847,0.4054377083694495,0.9917602996254682,0.8872703869829867,0.5239873459022558,0.6980410608150759,0.4817204265110345,0.8774015116328168
1.0,0.9665720592872912,0.44034626443730135,0.8307956201456629,0.8116937806631117,0.0,0.9759579263711496,0.944106824401004,0.5239506836661955,0.7100607016030093,0.49089627163621397,0.9813086742952049
1.0,0.9593188268684956,0.4303808486118625,0.8075000616705732,0.7926080402911029,0.3542998983521224,0.989481592787378,0.922367587165744,0.5230443117827225,0.7185286825870841,0.4898404237816622,0.972265619502034
1.0,0.9703563544623148,0.41958475873339546,0.7825966470982402,0.7977632574194834,0.4982364019478057,0.9961119751166404,0.9441903423745632,0.5215671779390866,0.7267844694158893,0.4899301697112429,0.9992821855339272
1.0,0.9047619047619048,0.4076818990099661,0.7558943592469842,0.7572853266294599,0.5637691154736494,0.9657422512234908,0.931903374617414,0.5193985034786349,0.7342106640550623,0.4923421245016845,0.9898674040984188
1.0,0.8962472406181015,0.3967279318715463,0.7359674763817785,0.7544059229409952,0.6629966500058413,0.9930855661192736,0.9333330058118684,0.5173031449794004,0.7397460148165832,0.4924527466852587,0.9945259873785716
1.0,0.8457899716177864,0.38412123728310704,0.7068993390515831,0.7341582632626867,0.7398488282842909,0.8458188153310108,0.92000943261819,0.5153390999759823,0.7483995099178096,0.4910092137639255,0.9927246904007944
1.0,0.3480265584655109,0.6759319967911931,0.6766276601924223,0.4440755636533657,0.5110698419862675,0.30908412609587776,0.5311792246584358,0.9876416516802424,0.3621795260509752,0.5148829710661211,0.8304071745702466
1.0,0.39161441042665707,0.6756024923905182,0.7104710715982622,0.5016467295343502,1.0,0.2836554915703178,0.5503146662474392,0.9869499786981384,0.3734012125176319,0.512543642142056,0.8441504231124378
1.0,0.3907537194147301,0.6738124166584665,0.7339873294252668,0.4999510083678185,0.5487349897530165,0.17874946058955615,0.5056325503932712,0.9871529967170954,0.3794693767671601,0.5132126448304439,0.7967542406112043
1.0,0.4679085208410181,0.6739924298023197,0.7344783732633973,0.5333029124569113,0.4632319693042548,0.2754713331250093,0.4443696603766172,0.98907596165884,0.3873330370821911,0.5125066462338401,0.7553474075666925
1.0,0.5100823804254274,0.6731009118118669,0.7227892295636384,0.5263892800056742,0.5410536912013414,0.4962152251242495,0.4523529960844807,0.9914210967093784,0.3924143193425438,0.5129254659326258,0.8019024248327156
1.0,0.4844460838558957,0.6719754196631795,0.7057287273648245,0.5030117391679669,0.4641220905018622,0.323851773710963,0.4652982819861557,0.9922003182759694,0.4032666755754648,0.5137651400301384,0.8346952199046259
0.0,0.5818886019918851,0.6747498110308257,0.7117691445968362,0.5795559557848906,0.4708360074688568,0.7213237764235688,0.4500587082225904,0.9924233138150031,0.4118320321707691,0.5127758354825722,0.8094539382976842
0.0,0.4953276773638263,0.6712665786210954,0.7020998508555557,0.5220847113117372,0.5046100242769802,0.4808666654383991,0.4829353128730672,0.9919582176922468,0.4167895854843183,0.5149566290052425,0.8754822469863516
0.0,0.5284642813230052,0.6714241357362258,0.7029651595048738,0.5575741162632365,0.513586039098637,0.4126978278092016,0.4838097951844516,0.9911112013477468,0.4144578965020765,0.5150564339747568,0.8669061563175934
0.0,0.5610475839173737,0.6710606447567853,0.6995919036330948,0.5500147049437629,0.484915491431427,0.5736457950033222,0.452490555099755,0.988750172991494,0.404933441998414,0.5130030892648807,0.819282289993296
0.0,0.578630271732448,0.6717021793539049,0.6981675671287576,0.5259639177473585,0.5024592861994606,0.6664283925366279,0.5130951269718839,0.9856792075852584,0.3896700366259367,0.5136055825052577,0.8716622183993827
0.0,0.5512111152096398,0.6707391791410731,0.6995596293114571,0.477411979574948,0.4924429982672941,0.7131266435697294,0.5378704881871192,0.9824611923581102,0.3763916882470584,0.5154508427490749,0.8637185827946923
0.0,0.569900405754334,0.6715932523635975,0.7176256878813138,0.49489131891618104,0.4812093784836558,0.6815596694076881,0.5695483642759236,0.97969458939292,0.3588682834100462,0.5139864191718035,0.901887245911178
0.0,0.4899790975039962,0.6707468422836023,0.7292463982038664,0.3975493144217597,0.5002698622686157,0.6852120465834625,0.5868316719807025,0.977193783229672,0.3452527061900388,0.5115209181071798,0.9127654730131424
0.0,0.5145087913439075,0.6704783872181745,0.7410428534458047,0.3628233708058943,0.5912668509577997,0.6909514964311054,0.6078929397835411,0.9746587407276592,0.32993605369337065,0.50934756105238,0.9151435040540368
0.0,0.567687200295094,0.6687629570274867,0.7378476070010815,0.3501509221862324,0.5481015510009449,0.8185238134991853,0.5998359117460662,0.9725064470425164,0.3221658506259182,0.5088450487599274,0.9034177871662216
0.0,0.5114963728021642,0.6650789770697385,0.722237324732167,0.3568233909115792,0.5217981288603631,0.7733908669699884,0.6087084682312371,0.9708578865232956,0.3144224056694737,0.5094554826554583,0.9169712991891928
0.0,0.5325218246649452,0.6582112383898604,0.6934530030649161,0.3168980263645713,0.5178515798277017,0.829220060942522,0.6253629347233342,0.9702160610409002,0.31476821409745226,0.5069432320140335,0.9282100256776756
0.0,0.6723841141030373,0.650091128764706,0.6605481938990738,0.4038218991349145,0.0,0.7970763904009295,0.5969127826714942,0.9693507330539624,0.3168613912744665,0.5084008223467535,0.9249212593445236
0.0,0.6715234230911101,0.6406254588998825,0.6212312889887014,0.3964970504583675,0.4216674116291469,0.9600518466119674,0.5687082717183576,0.9690483998167128,0.32602733340460466,0.5066086913008683,0.8860189483537194
0.0,0.6921185294479282,0.6285022891902445,0.573045169924043,0.40777779174374745,0.6040354984217118,0.9276477141320141,0.5657409272460192,0.9690940883700292,0.336038378724192,0.5063489951588641,0.8890673817625254
1.0,0.7806467478175335,0.6138838073595736,0.5182301573052688,0.4577433385852924,0.4355457406399909,0.9263813646566424,0.5337977587706151,0.9700380548412048,0.35215867733349804,0.5075721826914087,0.8864047459428004
1.0,0.7838436001475471,0.6009777834099501,0.4696742523273197,0.4608535878718692,0.5336492509578448,0.9051996742520864,0.5113314238831926,0.970740792172978,0.36445026697735294,0.5095618681094003,0.8842607232756113
1.0,0.7275298167957704,0.593426503794301,0.4478191980903884,0.4387342655785385,0.5147521354856603,0.8859160102992238,0.45327660661560604,0.970060217039902,0.3749874147659956,0.5057007176331587,0.8076957132195756
1.0,0.6583671461945163,0.590568242169077,0.4336706074050079,0.4416833288496278,0.4979355512848243,0.8253028263795421,0.4128833843448017,0.9684221422996876,0.3777485466042,0.5029376121693906,0.7492884880529241
1.0,0.6180376244928072,0.5902137105338074,0.4350755193807713,0.46654869697653,0.5368547820580476,0.8016150740242259,0.4532864322595544,0.9668619232443736,0.3846287879200714,0.5021764514155406,0.7851929620400468
1.0,0.5622771425058406,0.5892714095076306,0.4338936729036144,0.483024345520937,0.5320307273282371,0.7443696724988784,0.4524266884140921,0.9645147687752814,0.3873269826594175,0.5021516106144432,0.7754721277053265
1.0,0.5874216156399854,0.5883600188857332,0.4418436443318858,0.4991300853473245,0.5252683034579961,0.8529385374607449,0.4271305680696046,0.9628605460350124,0.3882732201694742,0.5004669965841297,0.717760603109149
1.0,0.5526865855158001,0.5852524274394459,0.4335434481638887,0.482375484620153,0.5276552436345413,0.7163750560789591,0.4209600636701728,0.9613112008853664,0.39119284977665736,0.5037060294739792,0.7146362750926548
1.0,0.4921923029632361,0.5845526977795243,0.4386023938581977,0.4932653906421836,0.5528783476473543,0.6858681022880212,0.43874447921630655,0.9619311675875594,0.3966739674851598,0.5013285643609326,0.7234969705402429
1.0,0.4845690397147425,0.5860448537160658,0.4487697975828056,0.5385509680318407,0.5348334786868881,0.6837146702557202,0.3797070975539063,0.9633993786810128,0.4084151771167557,0.5006057226116603,0.6911848413170246
1.0,0.4917619574572729,0.5860826595149278,0.4487863782568101,0.542257162959905,0.5730430269363427,0.7958725886047556,0.4319107438503751,0.9653300910017903,0.4080867863527631,0.504275380062184,0.7922068887005578
1.0,0.4662486167465881,0.5831428619392764,0.4328774541998471,0.5285703352112996,0.0,0.7196052041274115,0.4375899660523999,0.9643234699445472,0.402815381627606,0.5009851539342995,0.7940916047914793
0.0,0.5599409811877536,0.5808373991373945,0.4096840591094077,0.5385303736120631,0.5724272441786963,0.9554060116644232,0.443603260148662,0.962730388383318,0.3869161991400325,0.5015301084831307,0.7675980621576837
0.0,0.531722611582442,0.573530331604672,0.3857701356185037,0.5720107705242095,0.6047851974756049,0.8877523553162855,0.4484030872173288,0.9613664079880012,0.3770619899170157,0.5018177252033916,0.7894746828237855
0.0,0.4827247018320423,0.5681662964611585,0.3634493341741526,0.5896395055123562,0.6711578011221542,0.8202781516375055,0.4120531174311836,0.9613035843758531,0.3720499153218565,0.499273827058871,0.7411740895809354
0.0,0.5007377351530801,0.5649258734084805,0.3567336875131645,0.6007847645420796,0.6766045796223839,0.9532525796321216,0.3589504247134596,0.9615754470569025,0.37630658053835264,0.4990887999761262,0.6836017050988525
0.0,0.4503873109553673,0.5569430868844012,0.3216025859220818,0.6182755965506851,0.5341178092123988,0.9820041674559578,0.35075583766071045,0.9618387430049076,0.3885249483840766,0.4984410563459755,0.6917224281214819
1.0,0.3116316242468953,0.5487308592738291,0.2900450243568383,0.5085083006567106,0.3657329612898929,0.5051227527546875,0.4310510000049128,0.960952912408882,0.3875160275762154,0.5006741365747782,0.78372566629141
1.0,0.33702200909873364,0.5493649805540024,0.2788693932956039,0.5272252994039783,0.4274191343912974,0.6366291902655287,0.3879360743604733,0.959195334772932,0.3904611944737912,0.4976068870458527,0.703271057591358
1.0,0.28538054838313065,0.5474065069200125,0.26050038032199785,0.5347311655897097,0.42201465014189005,0.4993974866586332,0.4166171290450947,0.9584117257232364,0.3915656023990453,0.4997635782440013,0.7464930366697448
1.0,0.15394073527603602,0.5457980234068367,0.24722086632247706,0.2813735311333717,0.3851557737803242,0.11809261490790172,0.4432593626104773,0.9562938009423021,0.3875846382453305,0.5017454542195628,0.7880516589296331
1.0,0.1654371080781999,0.5525926966021566,0.2623884832045086,0.29913468363639223,1.0,0.06300568084007566,0.4178698986484827,0.9547959752442524,0.3774541518007805,0.5000831073054021,0.6948467561379766
1.0,0.15910488134759615,0.5620379548502674,0.2978718798346721,0.3327693857746269,0.3554147851407227,0.04940609399208131,0.3830527293182477,0.9532170298998658,0.36851322341166304,0.5010190817910601,0.6829882236867073
1.0,0.18437231034058774,0.5744538925780525,0.3491259714285585,0.35335047146579784,0.3674159504488143,0.08476539872562243,0.3597708659831293,0.9529907812369104,0.3683145086830443,0.4992774808311167,0.6438772025247608
1.0,0.1915652280831183,0.5842751689564358,0.382136254653945,0.3616783552608574,0.4133568797445976,0.06475298919674369,0.4663791028204515,0.9509140321037376,0.3464858100533881,0.5037960633249753,0.7612545378650849
1.0,0.25156768720029515,0.5926442505561407,0.41254129949909535,0.3961204873502362,0.4671024834061295,0.11598440545808936,0.5441982028897221,0.9470343526872936,0.3177468128792437,0.5061223663419754,0.8290853434863454
1.0,0.257346612566089,0.5972792543698897,0.4132264474192797,0.4019050804817241,0.3768088333122217,0.1222506393861892,0.6046799542124988,0.9444074546103428,0.3001618919029612,0.5071631458824287,0.8599997470179741
1.0,0.2879626214189106,0.6035039630054035,0.430931668947683,0.4618671209788456,0.3326714667915849,0.012520413718017948,0.6414671651543363,0.9418736226241744,0.2984834553561692,0.5096290182918909,0.9396258395840976
1.0,0.3037009713512849,0.6097820139373671,0.4388633002784448,0.4795209061944649,0.4640177231848074,0.11481597986788307,0.6668517162943568,0.9400609093420206,0.2980259127217736,0.5078923994323954,0.9493466739188179
0.0,0.3401573834993238,0.6146677870300437,0.4485313313478437,0.4823193067055118,0.5000003963892837,0.150047184649261,0.6847638652118164,0.9364350814792431,0.28877520694555936,0.5055599611372485,0.9612368291232908
0.0,0.3833148899545064,0.6196676986389846,0.454614279738637,0.4815091730354897,0.5226448151242313,0.13280632411067128,0.697645284427828,0.9351317517826676,0.2930966837163511,0.5066448251719465,0.9546592964569866
0.0,0.33763678839296696,0.6239145334140861,0.4556504673572757,0.4884236921089243,1.0,0.12885375494071105,0.6878294661236356,0.9337452681902416,0.2965901801847713,0.5053140389756553,0.9959522875899663
0.0,0.3216525267428994,0.6297890325793969,0.4669631314243149,0.5190024750503697,0.5141043677144572,0.045849802371541334,0.6603225758908171,0.9350167108339285,0.3139360947397508,0.5036208800367877,0.9997795650082829
0.0,0.3094184187876553,0.6347502989723468,0.47227846140409996,0.5090357024447001,0.3913294098664818,0.01478664976763811,0.5869102771322876,0.9354718102280264,0.32500500200086635,0.5013951488867169,0.9912634591795008
0.0,0.3677609738104023,0.6410908696318598,0.4959770343635272,0.5246203669516264,0.38658454552084254,0.010318528488112069,0.536509636500302,0.9373300988130708,0.34705579239372264,0.5013918885059963,0.9434510017718409
0.0,0.3573712037378582,0.6450782370102639,0.5002534626164874,0.516662296164247,0.5314974855393728,0.09892362890825243,0.5326530712506568,0.9370246681956051,0.3565692909434077,0.5009365210650623,0.9655308709281716
0.0,0.4144842001721383,0.6493269716825416,0.5001364901336112,0.5248006024613562,0.5280138694251401,0.37569988801791787,0.5155220610270743,0.9366922236420588,0.3654942787406419,0.499796427246016,0.9324246967425374
0.0,0.3817164637894997,0.6500874871018001,0.4983515036568088,0.5380359314123391,0.5069504782192421,0.19988801791713465,0.4989609381524839,0.9359763605487288,0.3734863103689071,0.498415714317061,0.9340261687338146
0.0,0.3951801303332105,0.6527717239098767,0.5115794351994349,0.5521687093039861,0.5616524170531764,0.4031354983202701,0.5186760927344278,0.9357428391031648,0.3866110019252715,0.4998391081544306,0.9707509881422924
0.0,0.4158981925488751,0.6542628284098688,0.5464966387425658,0.5746873416624618,0.5490573933597496,0.6002239641657339,0.5149767377879527,0.9340188706907578,0.39553106561189255,0.4995213256266453,0.9729726046067869
0.0,0.3972089020041805,0.6529080474106526,0.5390373587528661,0.6055852208923711,0.5257958406618569,0.5571108622620395,0.5024490417540739,0.9321529911506172,0.3872077037111601,0.4987492390006775,0.9350415701240284
0.0,0.40882823066519147,0.6511038439784218,0.5327466610926725,0.6189461366317358,0.5895662615166328,0.2732362821948504,0.4930508133176781,0.9298013559256284,0.3739888721154549,0.5017541759005794,0.9271091726863842
0.0,0.4384605926472399,0.6495601505357251,0.5089475157764579,0.6014737679469968,0.539665930852958,0.28667413213885984,0.4816628919817834,0.9279504971339428,0.3645651399549629,0.5010143511587705,0.896558538912362
0.0,0.4969875814582566,0.6478361172697238,0.4955979149199815,0.613768958235916,0.5707422198785066,0.494400895856664,0.4685309188450938,0.9261869453189668,0.36740090468244346,0.5000941059445545,0.8739948207714321
0.0,0.5643059141768105,0.6461483721956991,0.4647104561969066,0.6337244152772858,0.5479566692896062,0.8114785252755613,0.4772413522051203,0.9260399855803804,0.3757866225939719,0.5007457102499254,0.8898528008722911
0.0,0.5076232632484938,0.6422762001601214,0.424167322768557,0.6211030644395009,0.5621306672100653,0.6765459202341756,0.4554087713523525,0.9254973054089398,0.3817339675961916,0.4989215272272374,0.8972127572577342
0.0,0.5523177179392598,0.6419572169259427,0.40321165830551625,0.6123705990573939,0.5244095934460131,0.7138675448225394,0.4562390382659701,0.924363090670345,0.3862672060490453,0.4990391361698044,0.8832288401253916
1.0,0.4853682527972458,0.6399468500817409,0.3857192912930761,0.5983784098399006,0.5307077966138004,0.4671480144404338,0.4767107674319208,0.9215762221590416,0.3818780150436272,0.4968995783637091,0.8957339512062151
0.0,0.5157383499323744,0.6418054880311039,0.3894060045425578,0.6312691524989305,0.4897423879462807,0.6685920577617341,0.4399088180241612,0.91755547719035,0.3691193338551194,0.494294936807014,0.8237767479896415
1.0,0.4911471781630397,0.6412437884509634,0.3793797337371436,0.6096432982884757,0.4786441371778815,0.4949458483754522,0.4668949491277285,0.9146545019112768,0.3599232351567643,0.4965109093646173,0.8063172958975059
1.0,0.4645272347227345,0.6433211545792152,0.3881019517551987,0.6293026744579372,0.4982064048561801,0.4249097472924187,0.4341264265606808,0.9119164689769054,0.3511248794963626,0.4977064140426675,0.7724955703966201
0.0,0.4779294233370222,0.6473108720643448,0.4078982680179779,0.643139389896466,0.4549298601177184,0.6895306859205784,0.4052095564213037,0.9114361780229088,0.35274846280466376,0.4955580909391003,0.7157012402889464
0.0,0.4552440673798106,0.6484464400328327,0.42229700348045546,0.6185863332478131,0.4382823624731425,0.7075812274368242,0.4318026617669458,0.9107393515047414,0.3553603632656702,0.4976111889231361,0.7698855117895598
0.0,0.468769211852945,0.6489585548516967,0.4306945730617001,0.6326271362109397,0.443795626233968,0.8090252707581239,0.4356051859748761,0.9102988049869072,0.3592588724181224,0.4942056180849842,0.7705601744582253
1.0,0.4249969261035288,0.6466493871472252,0.4294445985275918,0.6373599179751814,0.4238438946890189,0.6184115523465701,0.4463151378783485,0.908903113079778,0.3612660757289139,0.495055708665746,0.7862545999727406
0.0,0.4936677732693963,0.6478962428341315,0.4416573906570477,0.6607568941604274,0.458971489314938,0.8411552346570403,0.42813278375231534,0.9074406262830316,0.35586270321800817,0.493732891900545,0.7458566171459724
0.0,0.42425919095044895,0.6482374780319182,0.4542243215823557,0.6384713842169778,0.4576858740330577,0.7593466424682396,0.41698067787117626,0.9057930563054508,0.3534458735130903,0.4928933601922876,0.7262709554313753
0.0,0.3603836222796016,0.6476548207202637,0.4549030097692376,0.5866806668408566,0.5256937907409029,0.7297126618250709,0.3672678323155599,0.9055891792337708,0.3606139574011201,0.4889760012919554,0.6456930625596289
0.0,0.4741792696421984,0.6452092005210277,0.43919681695402185,0.6318532174084592,0.5519437651037382,0.6267551697727851,0.34912969358729345,0.9063606378840322,0.37549479970289423,0.4874189107602656,0.652139839171323
0.0,0.4730726669125783,0.6374328142225727,0.3915114153423835,0.6309650501663514,0.6687685031769283,0.6305846310952251,0.3698224997420768,0.9066304708019668,0.3883580718522817,0.4890780969859064,0.6974717186861114
0.0,0.5349809418418789,0.63401875692188,0.3683955451161313,0.6261361109005977,0.5436661378597306,0.6885371457748277,0.3828709549052072,0.9064287662884244,0.3960462277605389,0.4901725350199325,0.6871064467766117
0.0,0.4313291528341323,0.6282734012647586,0.3393747855922085,0.6008284710396571,0.5102480033871789,0.510850140413581,0.3947894610143015,0.9053514404157508,0.3998284357510196,0.4910812658404163,0.7261823633637726
1.0,0.4203860813967785,0.6272280420500804,0.331299321767904,0.5927392922606468,0.5932573573004083,0.39392392136839377,0.4044235049054528,0.9060787799640077,0.4133184878613197,0.4918691358917499,0.7250715551315251
1.0,0.3678224517398253,0.6258330639514238,0.31250484218769176,0.6040868082421124,0.5396023862125922,0.2455961194791928,0.3364202231403741,0.9049158173175316,0.4130649161615235,0.4900435248345068,0.6704988414883466
1.0,0.3270011066027296,0.6303948862625424,0.3204101122079434,0.5651102707542331,0.5863593467681657,0.06995149348991528,0.3372357515880697,0.9034348682909399,0.40675962231656415,0.4901602220311472,0.6293716777974646
1.0,0.2537808926595352,0.6381250008311685,0.3530409552474512,0.5241006866771127,1.0,0.20628031656880236,0.3398493728782748,0.9005173007551112,0.3877162440934221,0.4904190912082492,0.5978601608286764
1.0,0.1906430591417682,0.6441854887538117,0.3852849634694974,0.5232650450990495,0.5948972973360411,0.04639959432048644,0.34695331345278024,0.8983390407237725,0.3726386234005065,0.4910216439569127,0.5922516014719909
1.0,0.2459117176933484,0.6512178769949606,0.4276409960330364,0.5133714600761524,0.6089528986216033,0.059745908206478515,0.2880338395177576,0.8957194725996119,0.3595310076933221,0.485997611681476,0.4893757666621237
1.0,0.2192917742530432,0.6561443978301265,0.4528474742279268,0.4995213545288052,1.0,0.07099368179207359,0.35776643461770874,0.8937169562977799,0.3508677961665204,0.4883419647744216,0.5352119394848028
1.0,0.2194762080413134,0.6623548578837444,0.5006219846494632,0.4990004836842391,0.5747815849980538,0.052383687535898935,0.39991353433325627,0.8926098722607155,0.34684411592682873,0.4882717955050132,0.5830039525691697
1.0,0.2395794909627447,0.6680515557686193,0.5392467852570411,0.4596916793672287,0.3593992963147386,0.015955426111182062,0.3748434037995766,0.8918551246853271,0.3439907260814954,0.4898046215588602,0.5665121984462314
1.0,0.28919218000737723,0.6730581819181087,0.5766358188519399,0.4449692935945239,0.4878730803820441,0.1463847030517918,0.40884995750408987,0.892050932982858,0.3437175060483174,0.4890434472504544,0.5830039525691697
0.0,0.3319193409565966,0.6759085268743756,0.5913020581550532,0.42698514364110496,0.5029862390348382,0.2525009497277453,0.4045905408525709,0.891926214419753,0.3427521084554899,0.4886106842799303,0.5960610603789012
0.0,0.35896962990286474,0.6778589227565701,0.6014928557151873,0.39964804078976457,0.4917171860867486,0.2679498543750786,0.4020800888238212,0.8909334954581068,0.3382157670740238,0.4883593711304875,0.6032233883058469
0.0,0.3705274806344524,0.6790831791653367,0.6081274553970744,0.3590162112976483,0.4472216729185224,0.31454982904900625,0.4832251693695376,0.8895453175368554,0.3332464962924723,0.4916168436641348,0.6569578846940167
0.0,0.3772900528710193,0.6801697232196804,0.6081127322201423,0.3631527637012445,0.4259537178506413,0.18791946308724866,0.4999484153692722,0.8883536832734008,0.33231799897769176,0.4929977140936515,0.6864794875289626
0.0,0.44454690766015,0.6836564438200405,0.6182551107817694,0.3609932284123936,0.4431678936859687,0.4135747752310999,0.4411075465858345,0.8893645003090763,0.3435061935299686,0.4917603536412383,0.6324860297124166
0.0,0.5079306528956108,0.6844537391930454,0.6118465618049532,0.4126373433310493,0.4538492317056605,0.7321767759908829,0.4898820431444025,0.8914295082385079,0.3614352991774944,0.4957421028872048,0.7220253509608829
0.0,0.4186032214435019,0.6815139893570936,0.6078378949271832,0.3348429111989877,0.4306257518291721,0.2998607065974428,0.5025915135913219,0.8942960785249082,0.3834847735356708,0.4966009290630462,0.7729317159602013
0.0,0.3911225869912701,0.6853817494072385,0.6221027313630385,0.3120776385824001,1.0,0.3082183107509184,0.4467916816098335,0.8966973874118301,0.4068567695459243,0.4953938353540792,0.7651219844623138
0.0,0.3191319316365426,0.6899739670199463,0.6531438569734125,0.28807286062131,0.40889571927575297,0.11067493985057623,0.4109329940210957,0.8965438401631062,0.4069541651642597,0.4962025600480349,0.7290786424969333
0.0,0.3851592278372066,0.6973825849480331,0.6884743882197373,0.2975183345202126,1.0,0.3614030644548572,0.40951318847058976,0.8940435126043457,0.39444065881291934,0.4962746411609034,0.6697969197219574
0.0,0.3718799950817657,0.7013600925085088,0.7225576229476984,0.2817093763921646,0.4429365064670924,0.2904900595162726,0.5181012925634612,0.8919397844212121,0.3807171752540132,0.5015629693907931,0.8031688701103988
0.0,0.3656707242100087,0.7073390705671427,0.7606901009819721,0.2772866455904401,0.5027942102814259,0.3598835000633161,0.5048661501653164,0.8896648144313529,0.37497712822563145,0.5003373698253408,0.8038639771023577
0.0,0.3518381900897578,0.7132104310964821,0.8120492351425591,0.3097975788207637,0.5123434332637301,0.1263482280431433,0.5479515988779113,0.8880566927503578,0.3748029323347437,0.5002594016372464,0.8229112716369085
0.0,0.4520472150497972,0.7173697378171509,0.8461027484453132,0.4183519972585878,0.4701856528029394,0.7013377467170647,0.5546772521604135,0.8836237221187632,0.3567433626637009,0.5007744815840817,0.8379378492571894
0.0,0.5377474486659289,0.7142794303751978,0.8503703026619058,0.4797301817950735,0.4944116779093611,0.8466035976786371,0.6672545676962303,0.8797216716046318,0.34474248278668784,0.5064833377915228,0.9201921766389528
0.0,0.5202262387802778,0.7070482147517763,0.8318785501415387,0.4617335020435806,0.4595640914210504,0.6765814028787559,0.7110622012390136,0.8773377306278106,0.3425806748666941,0.5064066789933458,0.9612034891645084
0.0,0.6078322882085331,0.7027646790609774,0.8339760052717029,0.5249661808880003,0.4835903682969262,0.8951774949765575,0.6431227861595981,0.877247404222797,0.3549358913434193,0.5039626807944729,0.9405002044432328
0.0,0.6166851100454936,0.6935277152926174,0.823176600041134,0.5337137163352934,0.5029470085107406,0.919317524580682,0.6293423205223312,0.8766975589510021,0.3623514243119814,0.5064800147900976,0.9341420198991413
0.0,0.7007869174966187,0.6847490955849973,0.8079806050212692,0.6038073610657101,0.3678988149102629,0.9691147859922168,0.6802637202835677,0.873022022205694,0.3492957760794213,0.506964638676507,0.96579721219647
0.0,0.714680929546293,0.6752279316822241,0.7756381955879561,0.6154521609123843,0.5966722714941138,0.9509825568558186,0.6935086883256611,0.8711559048070182,0.3464067801342846,0.5082500835766249,0.9491768269801526
0.0,0.7040452477560557,0.6686088296148764,0.7573243532049199,0.609929359456112,0.5548377614978832,0.9053133690773714,0.6355865172513743,0.8690790634239348,0.34214538878439915,0.5027965071434312,0.9503162376251136
0.0,0.679822943563261,0.6631126867630006,0.7506502168425135,0.6468062729012932,0.5702641870240951,0.8300801759543597,0.6726046308259926,0.8691438451284822,0.3472105395906557,0.5021298460171558,0.952861148826134
0.0,0.6897208902004179,0.6585957996676404,0.7511337982781472,0.6537827303906912,0.5225754261487652,0.8292861580849873,0.6611577556264089,0.8695624672711685,0.3601487758770009,0.5008393620194007,0.9746873443544588
1.0,0.6607647854420265,0.6549110415730113,0.7612371663157123,0.6363527779182855,0.5059451880825032,0.7270194986072427,0.5877700209777498,0.8683161195520642,0.3617194359805965,0.4981327674460186,0.993018928636383
1.0,0.6011311939013894,0.6529529186459333,0.7604758391471431,0.5836736736012312,0.5518733931525509,0.6893221912720517,0.6339014193142679,0.86873503670035,0.3761015385639472,0.5021791785519819,0.9606444107589802
1.0,0.6336530185663346,0.653529433347223,0.7759243617572129,0.5685266830636057,0.5350602313095552,0.7314763231197766,0.5665908454475332,0.8688481991934284,0.3842011051872184,0.5000526123234235,0.9596855501110444
1.0,0.5732202139431946,0.6513388082823666,0.7740955063140103,0.538552500753832,0.5629461500461536,0.6843082636954505,0.511483721364389,0.8720083331584382,0.4085524655340299,0.4954587276919483,0.9649874854584553
1.0,0.6077093323496867,0.6506437912085328,0.7800430200297321,0.5296929198489725,0.6205681830224722,0.7734447539461471,0.5059224068897418,0.8721761381976602,0.4160770562973791,0.49878581052762105,0.9995068307619832
1.0,0.6386942087790484,0.6457905630210239,0.7652512499934497,0.5162016467987743,0.5882918474382356,0.8460538532961928,0.4845074159047696,0.8716952449691046,0.4211351961042942,0.4973419330315912,0.9859175256165831
1.0,0.6567687200295096,0.6394022818501643,0.7386215936251997,0.5305604251390408,0.6236942675251678,0.8304549675023213,0.4503240006091901,0.8712841350371344,0.4297158391478765,0.4945526599488297,1.0
1.0,0.6387556867084718,0.6312888911133989,0.7213184478672213,0.5587665189252367,0.653078507635073,0.818570102135562,0.42957224059071797,0.8710784246795863,0.4414582073458878,0.4930978391639168,0.9817780360255668
0.0,0.7117914668633962,0.623599881470188,0.7064137154137186,0.5753273864918059,0.6112359529568002,0.8882079851439186,0.4334877597040516,0.8693101916751459,0.4441854519571122,0.4896812689329903,0.9950352777190468
0.0,0.7227960162301736,0.6116700663497239,0.679042869073893,0.5944935190451005,0.0,0.9255338904363976,0.4180614987054712,0.8687743030438005,0.4516535946819288,0.4885814023727938,0.9765462455078492
0.0,0.7678593384974794,0.5989928593876022,0.6411051948553967,0.569370677923944,0.6733887048176719,0.9431754874651812,0.4020948272897432,0.8677820368724097,0.4561024907740915,0.4872754021718458,0.9972653048357604
0.0,0.7199680314766999,0.5856472294474175,0.5877769578651535,0.5449184250234078,0.5862012030989379,0.9774696707105716,0.41005851170971136,0.8649820180052606,0.4479710412668296,0.4879023393225425,0.984671521341656
1.0,0.6613180868068365,0.5755276467960619,0.5466477665818867,0.5096263469932052,0.6606861810340888,0.9495601173020529,0.4357820475659424,0.86068824290037,0.4324404446244202,0.4899425499386785,0.95663892566673
1.0,0.6216033443993608,0.5642203483226582,0.5029991458177111,0.4852024911204153,0.5617714589967089,0.979068028906056,0.4559098791937079,0.8563138393484516,0.4140051797224517,0.4877535988827285,0.9747178614210958
1.0,0.6691257838436001,0.5539230859130821,0.4690535422351539,0.5222938486212603,0.5406963843613305,0.9669230769230766,0.4371379864307858,0.8525823449404429,0.4018668290520983,0.486498133704486,0.9896087706415752
1.0,0.5893274314521086,0.5447242330398538,0.4446204631427675,0.4669612812229138,0.4780573277868032,0.8617398751988251,0.4542100427906791,0.8484110546893927,0.386643844622394,0.4878674826806054,0.9759985655492746
1.0,0.5215787532275914,0.5427857593892753,0.4508427689206774,0.4413892467775299,0.4723745872740846,0.7115670532262864,0.42955258930282136,0.8437887470625999,0.3711734134496004,0.4861697371865194,0.8890862207346433
1.0,0.5004918234353868,0.5431252995173286,0.4652646245179132,0.4692273734570287,0.4734532296604186,0.6809396372286652,0.4285700249080073,0.8416193478706254,0.3677803058656063,0.486250583758633,0.83327925681791
1.0,0.5062707488011803,0.5427759686866276,0.4640238023368984,0.4222028767387319,0.4394609606361082,0.6853999405292889,0.3975455541417546,0.8411592677477139,0.3746906492889596,0.4873841006814388,0.8290271350262131
1.0,0.5000614779294235,0.5415692161041161,0.4542472493185056,0.4167830066552373,0.4695964762479617,0.6363366042224207,0.4135220512014305,0.8427683105013591,0.389389588842974,0.4885821016650253,0.8788486825253162
1.0,0.5009836468707733,0.5404152317275852,0.4395675188866084,0.41799621586827307,0.4502941955043053,0.5950044603033005,0.3796874462660096,0.8418683794876629,0.3876805970190113,0.4896142833313773,0.8537116412507045
1.0,0.571129964342801,0.5422715776411251,0.4445894202961726,0.4465397327206316,0.4489892624772709,0.8230746357418974,0.4222079204515866,0.8388694683904846,0.3763443078850925,0.4892545975217111,0.8769873119418026
1.0,0.4684003442764049,0.5405378554851401,0.4253086740706857,0.3815373372419197,0.0,0.7332738626226584,0.5268903310750728,0.8351814939617758,0.3605171944584712,0.493728634292148,0.9858262606943424
1.0,0.5314152219353253,0.5408077104894771,0.4219584521497302,0.3892806574810496,0.3660410930976796,0.950044603033006,0.4580027413546614,0.8328045172576625,0.359429900910524,0.4922939745739936,0.9382820008237608
1.0,0.538854051395549,0.5377364484439409,0.4024314925315962,0.3956480265033199,0.4079034344367465,0.9265099672716454,0.4540086170897427,0.8317296683705023,0.3659584792029905,0.4918832794208289,0.9585556725092677
0.0,0.4487888847903604,0.5348203297197907,0.39942462595268896,0.3637554390717033,0.4585851398772148,0.945494643982356,0.4568138384369364,0.8304642758352537,0.3736044803295616,0.4922128413409267,0.9264289963846049
0.0,0.4293003811631624,0.5336575139063979,0.4128330618324729,0.34843337881466624,0.2586583075693171,0.8530081300813005,0.4576932335702954,0.8271795349152871,0.3683357951451155,0.4922689435326801,0.9321953228685188
0.0,0.4195868683142753,0.5304464363879207,0.40922748003635545,0.3411789799175493,0.43713047859711,0.8008986239820282,0.4629597787264982,0.8229760817689175,0.35202045829376283,0.4929063601376166,0.872234680334996
1.0,0.3957334316980204,0.5262457225766617,0.3832674096785919,0.3204249027393287,0.4280701523480749,0.5725919685481605,0.5080545716264878,0.8186378740979242,0.3374704218898886,0.4929281193953516,0.8776165850533156
1.0,0.398745850239764,0.5236691277628521,0.34603503058516394,0.2750897127165416,0.4200427524054738,0.5787700084245997,0.5061434838785747,0.8142979181921043,0.3176686869847967,0.49282963971108,0.8639970710722619
1.0,0.372863641952539,0.5225510743768662,0.33693684249724176,0.2529240450540161,0.41242039835140415,0.3996068520078629,0.5324074301519532,0.8100005040494699,0.3006748325693719,0.4951208131984407,0.8460299299803211
1.0,0.3263863273084964,0.5262284203854422,0.364463809030732,0.2643988510128153,0.4085164375132921,0.3397921932041561,0.5293762189939525,0.8092091718486106,0.2990054933802868,0.4952929053417315,0.7620337741979775
1.0,0.2879011434894873,0.5306406487958024,0.410032505968666,0.24693973377140155,0.3903778168661157,0.4687876596770302,0.4490122771421129,0.8115082426393202,0.3175614059716733,0.488136835360738,0.7633060271841103
1.0,0.3020410672568549,0.5316959412420628,0.4361860307732599,0.25690272607359543,1.0,0.3723690103000447,0.4340183444772512,0.8134435154382093,0.33348110954720755,0.4867376130839844,0.7996613427303098
1.0,0.2518135989179886,0.5315902503048764,0.4404673387944181,0.20679267711951252,0.5033949365569073,0.14823107926556214,0.5102407774049492,0.8151422768397353,0.3518603225130448,0.4891976398355828,0.8435586472015011
1.0,0.2289438091725071,0.5349317276601844,0.4380522756211873,0.2263628732717184,0.29653634986288435,0.11285266457680232,0.4357967860318642,0.8173869272394364,0.3745465492438905,0.4829128014551648,0.8496819367534663
1.0,0.31943932128365915,0.5390071157087906,0.4245973410864182,0.2598758423628192,0.3457166826119409,0.16982059474072247,0.3903384443057937,0.8223496950428019,0.4117809321282081,0.479232881549156,0.8641984348542402
1.0,0.36462559940981204,0.541002357095935,0.4028977763573188,0.2508460033110417,0.2752690857330813,0.22880314573605315,0.3627971643191569,0.8236403688575223,0.4279266821214307,0.4808512265819585,0.8386160816438609
1.0,0.3402803393581705,0.5439411726132608,0.3980604252170683,0.2795988738668002,0.32657670055390103,0.2093880560334237,0.3787147075151439,0.8240053826329853,0.43889280524874,0.4783485420616788,0.8436867877900327
1.0,0.3282306651911964,0.5481856650122205,0.3979738377154556,0.3156069770348073,0.2230133536308081,0.19365937576800185,0.3671106220123903,0.8243392184993831,0.4454508775342063,0.4773980763310982,0.8739645782801704
1.0,0.3323496864625601,0.5536587983608545,0.4151243114779512,0.3186428879201404,1.0,0.15581223887933165,0.3606699124043841,0.8232504453674431,0.4429074326787089,0.4768814540264836,0.8879044437325522
1.0,0.27296200663961634,0.5596801282398902,0.4387498285059307,0.31785559996896395,0.28065446236891645,0.06389776357827462,0.3934924760131464,0.8217145670854676,0.4314417969872753,0.479408320606241,0.8627705825820327
0.0,0.3645641214803885,0.5698970334594922,0.4867207126226482,0.3372777001727069,0.3668366968279157,0.21239509360877945,0.34620656451272186,0.8208673169839732,0.4294653184751066,0.479574924217506,0.8079172577914058
0.0,0.29970490593876803,0.5741014781801774,0.515079547177433,0.33167184868063115,0.37119498152533176,0.11684958037443438,0.3307360881163747,0.8214456684281203,0.4364926705737455,0.4783689235563176,0.8350006864674381
0.0,0.29036026066642084,0.5808603731623592,0.5394061415876196,0.32045932796070586,0.5037468736028673,0.04901119905898485,0.3376729927437621,0.8206673981109266,0.440472271164826,0.4789002839317435,0.8181227403780147
0.0,0.3609369236444117,0.5863529641108194,0.5400772433995469,0.3739063689879894,0.5699436864307375,0.2592918184661417,0.3524802381736092,0.8184452406776659,0.43407531377556696,0.4762980226996654,0.819651274541211
0.0,0.4014508791343908,0.5859181484989899,0.5125551671062184,0.4179047372549225,0.4998086151478438,0.2335105618623369,0.3528044844238977,0.8166811374360526,0.4305453720824126,0.4763358674767772,0.8075145302274493
0.0,0.4679085208410181,0.5857426423352727,0.4975116658328477,0.4313100884910213,0.5551450049221759,0.3970736160536933,0.3529911716589124,0.8138219163003707,0.4228014373964904,0.4763579473503994,0.8003386572696898
0.0,0.4212467724087055,0.587109637815477,0.5156696618297381,0.4375396633999514,0.5430213857316493,0.2174501069288189,0.3974669489901692,0.8115764950597172,0.4150387557121191,0.4760283381592553,0.8050249416502673
0.0,0.3474732571007009,0.5922202242357515,0.5594304122614235,0.4288322180348271,0.6132865115600201,0.20603873105500287,0.3485450677723793,0.8088242380143714,0.4058793838018343,0.4760882746847229,0.7287721385748938
0.0,0.31390630763555893,0.5948692526629681,0.582522468291003,0.4509266867640514,0.4949618955499993,0.11432508051359705,0.3625220462886087,0.8076939794709582,0.4018583556989249,0.4771626351700967,0.7266029014690405
0.0,0.4458379441780401,0.5963063577768721,0.5835252632706537,0.5121931189195861,0.0,0.3430318363904693,0.3655434318026619,0.8067034942462276,0.4058917946505435,0.4774090740312862,0.7164614891766969
0.0,0.5474609615148162,0.5927441836176373,0.5689056171619576,0.5459956155664455,0.5291790899702304,0.916930212945392,0.3916649062387926,0.8066808723206421,0.40992661361434135,0.4793585456799765,0.7869296599697955
0.0,0.575863764908398,0.5848237067961529,0.5373818487112106,0.5678937877224224,0.5285977440673739,0.7475970096119607,0.3547155721718112,0.8062277262756766,0.4128726905830923,0.4802845967290337,0.7335133403505565
0.0,0.6189597934341571,0.5801204996946652,0.5325320559307091,0.5967408393998981,0.5453744430037186,0.7331939049895421,0.3564350598627357,0.8048805051282998,0.4073175059906176,0.4804437704361034,0.7123243787469681
0.0,0.5777695807205214,0.5780869928472545,0.5357241269049804,0.5551989002448147,0.5539087576097566,0.8297392176529584,0.35020068877764066,0.8027264383881053,0.4065351617604696,0.48000482737615,0.6722529861333578
0.0,0.4885651051272594,0.5771808881600595,0.5454794613352277,0.5426901529964115,0.4931287390236914,0.6070712136409226,0.3404634756250336,0.8002681271862474,0.4058004956536421,0.4792821696660241,0.6294448766646833
1.0,0.4486659289315136,0.5799780347261607,0.5628455511423838,0.5639826719622051,0.5492712174776081,0.4829488465396183,0.3444772511778489,0.7970790583291737,0.4031164110327419,0.4796408146183354,0.592650221957805
0.0,0.40987335546538817,0.5833883974421346,0.5725543391801969,0.5372480005634,0.52639584088017,0.5624373119358073,0.32485544021341284,0.7951824417575138,0.4032293787751856,0.4781208881475724,0.4874467987735114
0.0,0.4356326078937662,0.5862202024052179,0.5987852287354737,0.5049468026363816,0.5424458244754914,0.5955366098294881,0.3330795041980064,0.7946009269404705,0.3964820985578917,0.478766355927384,0.5328909432062605
0.0,0.4127628181482848,0.5867114039942931,0.6003810992938743,0.5392509462279151,0.5509218243972617,0.5401203610832492,0.3568428240865837,0.7951394054038771,0.39084068180916864,0.4806947167721231,0.5779598187725964
0.0,0.4528464281323006,0.5872735017066892,0.607464962297008,0.5172067853710941,0.5373124937927503,0.6885656970912736,0.31580602213717585,0.7953751226471767,0.3809663984573809,0.4773929424570876,0.4914100041188048
1.0,0.4983400959055701,0.5848584268000367,0.5907334032518664,0.5479654951612435,0.0,0.6582246740220659,0.24562636023758394,0.7960552436733322,0.3842373172448119,0.4751895300488125,0.3841563315180083
0.0,0.5600639370466003,0.5823812127669021,0.5819171821689894,0.5433113713700094,0.5384083392142791,0.8485456369107318,0.24321907747028956,0.7977717371418577,0.3956322133102009,0.4749925607570071,0.38701203606242257
0.0,0.5622156645764171,0.5791871453463233,0.5721440673698373,0.5447782394857151,0.5563613540482115,0.8360080240722162,0.28024701668885604,0.798935055330784,0.4029552629788888,0.4781037834808141,0.4755663356368128
0.0,0.5374400590188123,0.5778610856385955,0.5935829841561459,0.5233868090302771,0.6098167449698929,0.8871614844533595,0.2404678971648103,0.7999421942582979,0.4110124787838095,0.4747046865030202,0.3994508260491511
0.0,0.4353252182466496,0.5767116643314796,0.6258316142611188,0.5052030651915218,0.5980250891058106,0.706619859578736,0.2181636854025321,0.7998852837797391,0.4138499831591146,0.4764969666809279,0.3719555169099813
0.0,0.35989179884421507,0.5763781047146741,0.6566536207085866,0.5049878321592929,0.5578410006014027,0.5325977933801403,0.2463583707117205,0.7990353550526285,0.4127668426187021,0.475184147064797,0.3822159168916756
0.0,0.41878765523177175,0.5757299726632747,0.6558131229353447,0.4943580928726587,0.6018016947666848,0.6163490471414235,0.2494927511311773,0.7979343082672145,0.412778627470704,0.4754100911321942,0.34431376138391856
0.0,0.5473380056559696,0.5723380368673572,0.6265959605183692,0.5292587363511416,0.0,0.9104814443329984,0.27313325047040243,0.7976451194547746,0.4164245843026765,0.477460781309844,0.3931902430094731
0.0,0.5742653387433911,0.5646030924916028,0.5785255464667305,0.497617618540955,0.6041298202384122,0.9929789368104306,0.27644449248092584,0.798487953280186,0.4315732807494129,0.4777409882004089,0.3891538144707336
1.0,0.4770072543956719,0.5567803885638858,0.5506430459723796,0.4352862645786534,0.5387570367415344,0.6152440616027149,0.25492633223449884,0.7987585342109488,0.4379091387181415,0.4795893574385321,0.3653745823989748
1.0,0.447620804131317,0.553330098570816,0.5433808817205581,0.4628423090701631,0.5162625187432903,0.5390237535891418,0.23238630501746504,0.7992806273460765,0.4479273288371477,0.4775539142083596,0.3010937714521074
1.0,0.4433173490716833,0.5520499226672541,0.5551769189761113,0.4593875014260677,0.6008853434268066,0.2847820412424956,0.2251398926057116,0.7990167007026484,0.4440059819823709,0.4768987293088609,0.2845270239348314
1.0,0.3524529693839912,0.5523837123548685,0.5608298583860243,0.4291647382900568,0.5988624067380495,0.05377186113286358,0.21472471002068305,0.7989451226005572,0.44267699936051785,0.4758860395891034,0.2347260994920143
1.0,0.4577646624861677,0.5578718053938863,0.5987457601666915,0.471817294446211,0.5420710266287212,0.2619816908993005,0.1445204840112209,0.7990479403335337,0.4381246187287471,0.4690183197527474,0.08755663356368157
1.0,0.5159842616500678,0.5607224927094832,0.6354127688188179,0.4734588096208293,0.5525092989581433,0.41357027463651097,0.2349016698681891,0.801727582356277,0.4592127760905325,0.4736030617679782,0.2530685094503686
1.0,0.4616992499692611,0.5622528238474958,0.6738247707163745,0.4233486443080139,0.6013133232765316,0.4550350026925151,0.18915838446762206,0.8046997622492209,0.4825920182247442,0.47320450293411104,0.232364651503364
0.0,0.5400836099840156,0.5644431483938137,0.7014104978203921,0.43639766114422335,0.5959699618936416,0.7102854065697364,0.1655915774580076,0.8073771943133393,0.5018072436467715,0.4747681368848061,0.21237471969246274
1.0,0.524591171769335,0.5600578371900042,0.694734658858235,0.4257492093650415,0.6441958188870578,0.6330102315562743,0.17742656559354258,0.8116731504607012,0.5179151684793136,0.4721271944076815,0.2126767653654296
1.0,0.5598795032583304,0.5584855786953475,0.7058460839855885,0.3983857614023813,0.5798870653774223,0.673667205169629,0.08775282610084051,0.8151962097138078,0.5280261130908325,0.4681592658787941,0.18075145302274492
0.0,0.5080536087544572,0.5546905786378841,0.6913152475616493,0.4056257880035815,0.5710078765811221,0.6575121163166403,0.0,0.8201376421889496,0.5478149204580843,0.4589856544876641,0.0013327328376182429
1.0,0.4968031476699864,0.5531336388186914,0.6863595366693908,0.3991113839949241,0.5366924986869325,0.42568659127625225,0.02110057037863133,0.8223139521149451,0.5538848319669357,0.4612184974223598,0.01263186845569036
0.0,0.4419033566949466,0.5530905259337757,0.6755515232307203,0.40779067494808025,0.5465863839242786,0.359719978459882,0.07319613459167068,0.8246421373972689,0.5645717591672643,0.4623483356610841,0.0489676914200937
0.0,0.4358785196114596,0.5552615811968118,0.6925957625105734,0.4534365408670177,0.5778487954614282,0.3368336025848149,0.09306849947678447,0.8253015807484262,0.5666736962204825,0.4642329222883833,0.025418826618016668
0.0,0.4856141645149393,0.5547238707294322,0.6867949277091718,0.4419951408709094,0.6169731211424118,0.5002692514808836,0.1657193108293333,0.8260509755876743,0.5687644187390577,0.4671727428980582,0.12675894681266214
0.0,0.6152711176687569,0.5507624391344728,0.6584246264834913,0.4923380982492047,0.0,0.7536348949919229,0.1573675134734141,0.8263129183875674,0.5739383393319314,0.4663276438441274,0.09299175906158892
0.0,0.6819746710930777,0.5422740024774477,0.622944042573322,0.4918305729559851,0.6031889270187782,0.9085249042145602,0.19790320758146698,0.8258562191061206,0.5738394525735608,0.4700690076331007,0.18894474668870406
0.0,0.6535103897700725,0.5344457995642473,0.6051297671825759,0.4773783719403685,0.5243357948700784,0.8998696219035202,0.27489695355909394,0.8258515651603314,0.5789710984839034,0.4734029800860774,0.2839680462778049
1.0,0.5397147424074757,0.5308945444032096,0.6234071985770645,0.4340288842580535,0.4938867940096186,0.8077135290222909,0.26796987457565485,0.8255301495623516,0.5785790736097048,0.4727790124295091,0.2950095264329823
1.0,0.4746710930775852,0.5318930156893702,0.652054540837706,0.4319786167872735,0.0,0.7999318917078151,0.24239863620062002,0.8265468932719237,0.5891413545539804,0.4741112239360062,0.2352799393981133
1.0,0.4509406123201771,0.5307760753807238,0.6647876260957795,0.4650527291221346,0.5626277020921286,0.7939724161416655,0.2361888292253952,0.8270807627492834,0.5945911460032505,0.4735214347472867,0.2144709960287401
0.0,0.5017828599532769,0.5276137671874009,0.6557386825008409,0.4486178857248497,0.5549605664727344,0.8942100215775592,0.2195392755552716,0.828809385320718,0.6074749739843031,0.4719187970986953,0.16465808139935267
1.0,0.4606541251690645,0.5218003310947974,0.6329355929241826,0.4218072332872117,0.0,0.6232917765523857,0.2591267950223289,0.8303185256086708,0.6137274282457107,0.4756109486980394,0.3228198241627071
0.0,0.5194270256977747,0.5199820845193968,0.6325223502454632,0.4133414087095784,0.4862959180409257,0.8010069527691205,0.26859871578833594,0.8317707814381153,0.6215781915148652,0.4764707539186663,0.31756306957739394
1.0,0.4810033198081888,0.5136267651062854,0.6032730194748521,0.3875937974166981,0.4665343926635346,0.5525653320546628,0.34698770320659905,0.8315287926192646,0.6131891451731274,0.4835541420381924,0.5106397631017152
1.0,0.5359031107832288,0.5095287162881297,0.5780817752435292,0.4283073741923,0.5607371862036962,0.4374850155837925,0.3216031520665785,0.8304484266892891,0.6041180784129793,0.4812732000889814,0.4181989302848749
1.0,0.6473011188983155,0.5061249106652128,0.5373160661573089,0.4637327860787021,0.5027648316078978,0.7822706065318817,0.3096846459574845,0.8294225458006145,0.594141254819848,0.4801839795588331,0.3456603080595921
1.0,0.6455797368744621,0.5010598824854635,0.5142151678430835,0.4644785671042054,0.5650693868738597,0.7664598759255555,0.3302890213167346,0.8296974224905523,0.5971471495480375,0.4784216064741752,0.3923627849321675
1.0,0.6184064920693471,0.4978413164412674,0.4990924739099369,0.490621022122642,0.5161979078704334,0.7594556734040423,0.2646979351409242,0.8300024856629075,0.6023764647904214,0.4758756889760157,0.270344099350366
1.0,0.6027910979958195,0.4940483967077078,0.4988185310593875,0.4825566843113757,0.4690837986638322,0.6987951807228915,0.280802165571926,0.8306933364115799,0.6095319815578062,0.4737045216327101,0.2725248490691642
1.0,0.6908274929300382,0.4940381054037872,0.5178171337154833,0.5023108895070587,0.5219812200533913,0.8439295644114924,0.24338120059543406,0.8299908541875697,0.6081966506248856,0.4700330318059245,0.1850653077152632
1.0,0.5388540513955491,0.4911367460751687,0.5327644315075625,0.4233949303491776,0.6035105527696868,0.7182576459684895,0.27115338321485233,0.8299796495146873,0.6100774957494486,0.4690294375760004,0.20115694511397306
0.0,0.5581581212344768,0.491878432220014,0.5540976906146771,0.4366123293132902,0.5847303828951783,0.8383688600556071,0.2511238080265684,0.8304317730231744,0.6149580078039423,0.4670317285748238,0.14428528797373918
1.0,0.5842247633099719,0.4870361912628456,0.545764747502692,0.3963447088891682,0.4774921658028964,0.8407784986098238,0.2518705569666271,0.8316249643455506,0.624380070413209,0.4671335170398196,0.17618162201868556
0.0,0.5606787163408337,0.4823876162727125,0.5421673920725146,0.43611586273918657,0.5535867777740351,0.8033364226135308,0.3324162732315069,0.8327883524594163,0.6360827362498431,0.4712219782047704,0.3490002984183826
1.0,0.4333579245051029,0.4795362930458405,0.5595885798227457,0.40483620258362935,0.536479348684264,0.6278009121554632,0.3437796304575312,0.8323261668077554,0.6376630646469871,0.4686191784019961,0.3678465670408376
1.0,0.3733554653879258,0.4798221153600892,0.5831504760978496,0.4141354693383652,0.5281096850859659,0.5183422565932976,0.3017307871814649,0.8318760801380121,0.6365266536639035,0.4645027227565596,0.23383375800564696
1.0,0.408397885159228,0.4814680200607688,0.5964300023913367,0.4384344239703461,0.4743606576733692,0.4864168153876662,0.30960604080589943,0.8316726313466737,0.6321871296809844,0.461578870551326,0.2406170373941192
1.0,0.4476822820607403,0.48112130226609706,0.5896759218009365,0.4644883219900375,0.4954557665918219,0.6714257386476303,0.3012738947378765,0.8322055156165339,0.6395679057390987,0.4607541042754956,0.20625301287790124
0.0,0.5643059141768105,0.478439831773475,0.5897700751192748,0.4941667506048359,0.0,0.8596073765615706,0.3662803550987722,0.8328107237175363,0.6489234016388534,0.4672014061499866,0.3660675343755021
0.0,0.5922168941350057,0.4718092274294317,0.5847759597286938,0.462611659648292,0.4843326129632154,0.9494949494949496,0.4126623073559682,0.8326174847032818,0.6543286212277091,0.4681008703250539,0.4613089089364827
0.0,0.5122955858846674,0.4646178038250367,0.5838836887659921,0.4584390183957517,0.37667205188045133,0.8936591809775426,0.4330750826582296,0.8320144946032503,0.6521432820053497,0.4664245750327845,0.473532584991851
1.0,0.49963113242346,0.4595126661270642,0.5734114500436189,0.45073049739217297,0.4736560999843746,0.8530002230649117,0.3956786817916079,0.8314224655184982,0.6560913751407671,0.462851311418095,0.3861074765282464
1.0,0.4853067748678225,0.4534095807480033,0.5544757447388888,0.4417093251697237,0.4799151388192127,0.9057838262235021,0.37386083940476256,0.8314384935502751,0.6640086525205798,0.4607337279016965,0.3253563804145722
1.0,0.4782368129841388,0.4496083379851166,0.5465289955789928,0.437118947700972,0.5145221017437562,0.8640403236503515,0.3871500228446221,0.8314263947884325,0.6690732659837266,0.4583786674418077,0.3417234809356564
1.0,0.3503627197835977,0.4461745974930987,0.5367665483942405,0.38957514349388944,0.4670439220757164,0.5252686032630319,0.41231840981778334,0.8311872464570479,0.6730798780294498,0.4572339805382132,0.3888506301218923
1.0,0.3078199926226486,0.4502883851214389,0.5556715329762151,0.34713469030194344,0.4977417292148541,0.3196710439050268,0.365494303582921,0.8306742291605697,0.6661346028371229,0.4525865217895476,0.2592681863048921
1.0,0.21486536333456316,0.4552041655684782,0.5707626853262691,0.33221320229807816,0.4840126988737552,0.22076023391812874,0.3342634942937572,0.8307060088057557,0.6628143400645923,0.4493722073991333,0.16352179601955816
1.0,0.2749293003811633,0.4621169751390479,0.5856294365366614,0.33442033403545834,1.0,0.2656281610358082,0.2975794526133755,0.8312542442896081,0.6568379067379333,0.4454429172581639,0.07665909143080131
1.0,0.2810770933234969,0.4648470895657768,0.5779342617821911,0.3385617241430096,0.5478269195011151,0.1480152500560669,0.32591169693783817,0.8321744223657753,0.6623979485457232,0.444815373275825,0.0998024543549837
1.0,0.265400221320546,0.468576736624611,0.5674581520024503,0.31912364387447595,0.4716875457799281,0.0024669208342680787,0.3822912419122666,0.8322310982768634,0.6656008019040246,0.447185073062728,0.2216749357403308
1.0,0.4130087298659781,0.4748966561659788,0.5847081604116525,0.38266291745992603,0.5136765093814966,0.26543039025740395,0.3409400193565185,0.831890691074724,0.6688758037150165,0.4427929930275567,0.10664829566506076
1.0,0.4674781753350548,0.4759502833374662,0.594759410336704,0.3790921328878133,0.3934122101171584,0.28571428571428586,0.45003905693469387,0.8309999833297276,0.6654798723161846,0.4509825815329898,0.3766361402725041
1.0,0.4131931636542481,0.4763517360865144,0.5994245256314523,0.3835588212449762,0.4698509720407559,0.15917487684729031,0.4784646448766634,0.8301137917007443,0.6626865798164486,0.4542053122123085,0.3841343674920189
1.0,0.4339112258699127,0.4782760249248223,0.6044701586959105,0.3511377094472664,0.5563179396723075,0.21490147783251207,0.4680985905113755,0.8304458033972809,0.6654753473102528,0.4531509518921363,0.38315297797692016
0.0,0.5416205582195992,0.4778267991672456,0.5957146382433187,0.3887239181926544,0.5894961250000911,0.5125776857058301,0.4555414175456524,0.8316525515632996,0.6764579676157169,0.4514858278641203,0.4220641457631346
0.0,0.602668142136973,0.4735807707206268,0.5846406741572194,0.3816856518028954,0.5521674060187688,0.6840609661586154,0.5116605829554554,0.8331778291159583,0.6914522119781914,0.4539123935728594,0.5193227671700156
0.0,0.561662363211607,0.4692242199959707,0.5853596257979996,0.3554602267636147,0.5819737381984045,0.5096612296110415,0.5041783550889466,0.8341653465252828,0.7010026364227163,0.4529695491850792,0.5222763010108572
0.0,0.5578507315873601,0.4684211450337516,0.5982313996058386,0.3491303539383259,0.5549149878020853,0.6002889477486156,0.4235785977823521,0.8354613683644995,0.7112163452660313,0.4480288311611716,0.3953887432921504
0.0,0.5006147792942335,0.4647815995898674,0.5871496239435859,0.3072414413042243,0.522710697860417,0.3720202263424035,0.4468408098295741,0.8362112323621831,0.7156530970186332,0.4468875879706666,0.4392965597570613
0.0,0.55766629779909,0.4636683176659396,0.5653260437259696,0.3534422253397789,0.584840825249643,0.3692703461178671,0.4198202889721884,0.8354025042921586,0.7168241144285982,0.4441394208432072,0.3502121552477224
0.0,0.6153940735276037,0.4624416952714748,0.5313637033366577,0.3492361012928572,0.5696237339259433,0.6121788772597526,0.4500980107983826,0.8349455176501007,0.7204120186059773,0.44385341901569203,0.3832210158492447
0.0,0.6160703307512605,0.4611302305341412,0.5113033509812946,0.3498877408442788,0.6082363027678026,0.6091149773071106,0.5292190086907821,0.8350060557091928,0.7271634238219865,0.4489660459210631,0.5497004867090979
0.0,0.5775851469322514,0.4598586003464754,0.4681355887684562,0.3688021992516781,0.5963131545951478,0.5845310136157337,0.5364261185267428,0.8347403242680648,0.7300744945105558,0.44977919534610733,0.5661113191064521
0.0,0.5853928439690153,0.4590386418676434,0.4266241529028527,0.3749416310552666,0.6053091979734558,0.5677004538577914,0.5721472471002067,0.8333473278386568,0.7270792995271532,0.4500718873346996,0.620699696326802
0.0,0.6436124431329153,0.4588067792376469,0.3878022112655941,0.376805929884728,0.5862676848288718,0.7195537065052953,0.6298286898977641,0.8322829278677287,0.7286070705694452,0.4528829390865109,0.6851678522401093
1.0,0.5922783720644288,0.4555389025863599,0.3684629174694299,0.375067028174316,0.0,0.7038577912254159,0.6594284422915369,0.8310489788569663,0.7330510991858749,0.4559083935686216,0.7827173179405044
0.0,0.6641460715603098,0.4522361178620005,0.3614667036367267,0.4687016682219694,0.6343198764983122,0.9332450832072616,0.6590992832192739,0.8304756412158801,0.7376211555496627,0.45604524584598,0.7646146252027363
0.0,0.6495143243575557,0.4448466134705703,0.3366341367912831,0.4615744572331373,0.5784305752601269,0.96315092674316,0.6700057480017095,0.8301891913318368,0.7426128947796172,0.4534900024822166,0.7794780652870241
0.0,0.5403295217017091,0.43891748674453096,0.3164544996994583,0.3852931725477698,0.5898854208719773,0.9953827460510328,0.6512928091024763,0.8300150423975364,0.7459063899836431,0.4509365620183439,0.7837364940341439
0.0,0.5031353744005903,0.4346831365037183,0.2984335517076171,0.4098828481834767,0.5325230906345545,0.9558481797056544,0.6452598637183182,0.8293773472333331,0.7520820396907055,0.4504481990039925,0.7627793869057621
1.0,0.4645272347227346,0.4280027275050589,0.2596307826541733,0.4304741159561031,0.4913309222272213,0.8924452133794698,0.6518872605613389,0.8270844792288546,0.7502186584104489,0.4513848041995885,0.7443924910289745
1.0,0.4569654494036641,0.4224949460127286,0.2169614791068388,0.4239700473218893,0.5815775177351019,0.7332756632064591,0.6848277318974789,0.8248258060109067,0.7502728967633586,0.4513564594413224,0.7684537458999735
1.0,0.4966801918111399,0.4195505208315913,0.18117818470838848,0.4118606126111647,0.479085495662141,0.8693771626297577,0.7011383008513921,0.8229923914715697,0.7444725691475337,0.4493944432938221,0.8015419760137066
1.0,0.4512480019672937,0.4149490099192082,0.15317455589744533,0.41819593715498604,0.4288523438733957,0.8854134406937135,0.6986966283302791,0.8220688933725141,0.7423926461279964,0.4492341337409209,0.7912805585748235
1.0,0.4012049674166975,0.4108289808177554,0.1313517493400398,0.36789900491062544,0.38468372994522376,0.6653426017874873,0.7047787019341782,0.821421345293062,0.7380917585215304,0.4498898348481637,0.805042279987473
1.0,0.3746465019058157,0.4080855751385573,0.10813150371143043,0.3360967540065705,0.4013926563773411,0.4769943727242632,0.6760927344275824,0.8209351374835744,0.7392894071323248,0.4509272178503054,0.7541681251266555
1.0,0.3905692856264602,0.40635407190620704,0.07902124469755832,0.3543610935041284,0.3807250198358115,0.4558093346573984,0.6744076364904762,0.8194575858601573,0.7326311717714961,0.450675777549527,0.7552734842762657
1.0,0.4516783474732572,0.40504165422932464,0.04798438923595072,0.3690098722664076,0.4099898902144248,0.5736511089043366,0.6858446860461118,0.8180067851840979,0.7346724323311381,0.4523763198615196,0.7247103037895399
1.0,0.4481741054961269,0.4038428250823901,0.019240506057084328,0.4161660107336069,0.5873520931303465,0.568023833167825,0.7137102122830374,0.8164078689244242,0.7362695979844923,0.4555124039700471,0.7882424318127067
1.0,0.3391737366285504,0.405048844031064,0.0,0.3441319376572469,0.6483429200660439,0.2313803376365444,0.712344447774246,0.8173974277522168,0.7560276948151105,0.4554625601641902,0.7796325871467958
1.0,0.2753596458871266,0.4122159130815511,0.004462272806496914,0.3296695190729929,0.6655694004779826,0.13787430075682774,0.6434126426560677,0.8179526269853415,0.7651698393141629,0.4508581243797043,0.7299006968174798
1.0,0.21830812738226985,0.42003128125698425,0.011523045336064908,0.3377641449114856,0.5756173980745258,0.019204760616715704,0.6671513984347748,0.818826763367475,0.7782656284620805,0.449779097499933,0.7566402869353412
1.0,0.24541989425796146,0.4325794788254743,0.04881843506200434,0.35670899950076745,0.5155306798760964,0.12402893115456723,0.6727078000874481,0.8166566104109972,0.7720072118724725,0.4466043695535093,0.7653125864330259
1.0,0.06153940735276048,0.4436831586200487,0.07923463103610856,0.3040360863977929,0.5549174900220716,0.04656862745098038,0.6955917248426667,0.8142126296146052,0.7686272111974437,0.4494663609167723,0.7499486978167573
1.0,0.0,0.4569545753170938,0.11709277182936377,0.3164804045667326,0.5184441406673299,0.013937753721244941,0.7183724803364301,0.8136687431832025,0.7714031494012926,0.4482867598655946,0.7675492610837439
1.0,0.0691626706012543,0.4672408311108549,0.13796283431280187,0.3201965476236343,1.0,0.107675228922157,0.7016639728026173,0.8143395713411558,0.7833493732679059,0.4451857615706532,0.8196516537649541
1.0,0.06990040575433437,0.4731353817623856,0.14347567197686514,0.3207766755633085,0.3961059273216024,0.11332208240555967,0.7292985964067622,0.8156534848147258,0.7971756602377739,0.4482400609823624,0.8701090781140044
1.0,0.06854789130702077,0.4809193333039567,0.16984400829384494,0.3114302620296722,0.4880672577506301,0.034299218605172155,0.7368889063567003,0.8142908948602979,0.8020195569397587,0.4489444609617424,0.8925404644616469
0.0,0.13850977499077827,0.4905205880319406,0.1939066649620158,0.34893228749503,0.5808913419124923,0.1972574356533365,0.7484045610639205,0.8127836148283129,0.807410615885722,0.4503575316018583,0.8847202674173116
0.0,0.15590802901758272,0.4959468055788016,0.20220892224452,0.31619893242234753,0.5309949919706353,0.2267970516383285,0.7677365155318867,0.8111910073457985,0.8173074506890144,0.4486743756660557,0.917690007037298
0.0,0.14730111889831554,0.5012315723225524,0.20989696424600895,0.3125112106459012,0.4877795362191556,0.2297370134188254,0.7575571484016133,0.8105731309965917,0.8308747801130391,0.4514633558599146,0.9041959887403236
0.0,0.0883437845813353,0.5075722170358747,0.2266975750295269,0.30018772273713906,0.5227535792917785,0.16967779418867554,0.7403180560946011,0.8097620554332253,0.8423921946636425,0.4531521204623098,0.8940358902181562
0.0,0.06080167219968057,0.5166636405110745,0.2501056128440079,0.31899449880890884,0.4719036774098753,0.14213336984800765,0.7272057342458081,0.8091912020650046,0.8463311292306946,0.4521164257007679,0.8583743842364533
0.0,0.07998278617976158,0.5252819923170271,0.2623828636868957,0.3306972558825865,0.4734456410880932,0.22078452737673665,0.6886400817493576,0.8083744389542961,0.8442654336323324,0.4519899566277074,0.8029644616467279
0.0,0.11834501413992393,0.5316465836268143,0.25006483182793005,0.3863308916386276,0.4252816937291552,0.21070811744386855,0.6840858957793947,0.8089592258088231,0.8523804080194325,0.4552550331785995,0.7993314567206194
0.0,0.12523054223533786,0.5386223561594821,0.2518334350398115,0.3928255898825343,0.42010985372074267,0.1925069748903948,0.6523490658269016,0.8092160797263915,0.8681767066803713,0.4550849986644899,0.7835151301900067
0.0,0.08711422599286861,0.5476598589882571,0.2582644097430925,0.4030200730850016,0.3514846109575731,0.14959479208183862,0.6339112449582165,0.8098406648254136,0.8939392663442302,0.4533367998454878,0.7491115411681915
0.0,0.061047583917373686,0.5595335328591989,0.294967168286812,0.33691197773471515,0.3436317890929962,0.06483326690580572,0.6230342571076251,0.8096198836171152,0.9010877794088278,0.4556973965144484,0.7472290640394086
1.0,0.06651911963605077,0.5754909267164148,0.33719376518317146,0.2944939105139817,0.32901712991277593,0.07014746911119972,0.6258050887010005,0.8098791934458135,0.8915561193777216,0.45222514088121,0.7501935256861362
1.0,0.08348702815689174,0.5935650374732584,0.388911502136874,0.30651472941572466,0.32270082430811003,0.0364179380918204,0.6070282831161048,0.8097102697444548,0.8797438823663551,0.4537982096457594,0.7360045742434909
0.0,0.11994344030493065,0.6103151678057128,0.4319353438682099,0.3276995968979665,0.2904177340197326,0.038490192950564,0.6333364447872505,0.8090891971423463,0.8736134241901269,0.4529696882143196,0.7823715693173825
0.0,0.1865855157998278,0.6250315223899732,0.471956502971273,0.3348922259918692,0.2757730161532099,0.1230446394505912,0.6451124790590962,0.8075760569479297,0.8782919047322569,0.4543527381255668,0.778764954257565
0.0,0.18388048690520095,0.6369347754020795,0.5035841306085264,0.3337338485640829,0.24264605811178386,0.028656971770744305,0.6573797955283491,0.8061648250926355,0.8802220137192162,0.4519505822921326,0.7883180858550314
0.0,0.3641952539038487,0.6502634609629689,0.5473757525524835,0.4435022457023502,0.4493557306730277,0.15170427268362932,0.6850389832423643,0.8045186527558673,0.8798802552636581,0.4550006828884278,0.8418103448275863
0.0,0.4186032214435019,0.6536940537603861,0.572978066519518,0.4663403746026346,0.4547490549020944,0.5631301008161319,0.7243071692811067,0.8031158431389992,0.8805945850178717,0.4556471080945249,0.87905524278677
0.0,0.3813475962129597,0.6530718066119092,0.5913289629072329,0.4512381407268271,0.4687799555142117,0.38406144983197343,0.7187704189163295,0.8004911265580549,0.8715762922042795,0.4587505003057434,0.8765130190007037
0.0,0.4225378089265954,0.6533138684465383,0.6093734568477799,0.4751956809720855,0.43881837504904303,0.39942390782525206,0.7379107733273067,0.7981208222655057,0.8663990903787603,0.4610725025655752,0.8676020408163264
0.0,0.4337882700110662,0.6516673255714125,0.6060449612754175,0.4925705247084717,0.4841855981235888,0.2506000960153626,0.7376749578725513,0.7949528446981329,0.8547560550320726,0.4613441038685964,0.845197044334975
0.0,0.4975408828230667,0.6525049168062969,0.6111756702201987,0.5341444538260083,0.4128336357855414,0.4353387020369509,0.7467587657026069,0.791916423785132,0.8394876851906855,0.4625641491827127,0.8332160450387049
0.0,0.4865363334562892,0.6529578594816314,0.6218022486239089,0.5675444682562284,0.4286277327607603,0.4051764705882359,0.7496671563112569,0.7898965741105334,0.8289011870371831,0.4633981908019013,0.7989481065918657
0.0,0.4840157383499326,0.6539956546482261,0.640336652572526,0.5631144794983169,0.4678654162171597,0.5208514335360565,0.7410107639929452,0.7875925318262597,0.817763385783486,0.4620230441099832,0.8114792426522477
0.0,0.5537317103159968,0.6539662800442507,0.6556148307895536,0.6103703232326252,0.3835180886482068,0.7510860121633377,0.7554790247065817,0.7869645945396312,0.8219164590711435,0.4640040304586104,0.7926770187919119
0.0,0.5876060494282551,0.6522578826399061,0.6591547857154593,0.6110191713953376,0.0,0.9062989658414288,0.7697360340753329,0.7861357998053357,0.8251400619635222,0.4649870416545063,0.8524721565980422
0.0,0.5666420754948975,0.6499090076967367,0.6603448263636593,0.5656466485160672,0.4549897643913534,0.9912253212159208,0.7896575271801876,0.7876419342194653,0.8402430954815815,0.4670263753182418,0.8975869051636853
0.0,0.5362719783597687,0.6489498165765021,0.6782072483748125,0.5365444600904352,0.42721549978023504,0.7891585250551529,0.747520253108588,0.7871845109677412,0.8440071001743726,0.4650679842651831,0.8903476206547418
0.0,0.4529079060617239,0.6482283467349611,0.6839693795181978,0.4689420119594083,0.4423953382385972,0.7106838953671601,0.7456189910046227,0.788100297855795,0.8555333151981833,0.4654927968184298,0.8446760040499492
0.0,0.5031968523300137,0.6494166255379448,0.6949452294888943,0.4756180928729545,0.423924931970776,0.8042861645130795,0.7186770752988221,0.788246893624761,0.8648738471665273,0.4614339633236485,0.8656176172797836
0.0,0.4856756424443626,0.6461233119592926,0.6770967392836321,0.5075859942921793,0.4423031480353916,0.7368421052631589,0.7022977268372728,0.7888098083965981,0.8783150078325593,0.463067662241887,0.863609517381033
0.0,0.5177671216033445,0.6450786163461686,0.6670906604371254,0.540384793168618,0.4407638910814389,0.7213993066498589,0.7237028921782959,0.7879216923689382,0.8846255687409016,0.4616332997429277,0.8780037124535941
0.0,0.5277880240993484,0.6441616784578685,0.66141227576736,0.5520364381025985,0.0,0.8726757012291219,0.7354297982304017,0.7853745913167397,0.8815731074012237,0.4628315827786735,0.9029109011137364
0.0,0.5224394442395179,0.6423799626048479,0.6314042632224846,0.5440121214242302,0.464428703059012,0.9246769618657426,0.7507135873917337,0.7839821965925061,0.889809232631286,0.4647518034603311,0.8877489031387108
0.0,0.5094061232017708,0.6392304126368138,0.6093252396042536,0.5812060665696062,0.5495502654860434,0.8629057674125442,0.7131403249340453,0.7812824537018513,0.8902212384973475,0.4643382284962299,0.854463381707729
1.0,0.5144473134144844,0.6364638118252945,0.5811882801179837,0.587562530853005,0.4788131839873063,0.8941065237945176,0.7484045610639207,0.779812182538235,0.9016540706578638,0.4644862967607272,0.862867026662167
1.0,0.4910242223041928,0.6321809469209825,0.5691477219490947,0.6093608421413788,0.5373922658331284,0.844311377245509,0.7509985310662297,0.7779835167060919,0.903488780498914,0.4646800481024967,0.8725531555855551
0.0,0.5153694823558345,0.626528132392761,0.5483346275187145,0.6317318425584547,0.0,0.8354869208950528,0.6930075804843059,0.7779484618400346,0.9172628291827288,0.4627172367660234,0.7918157273034089
0.0,0.5888356080167221,0.6192831845086271,0.5294496579006691,0.6497069974694969,0.5131845043352792,0.9282265851303504,0.7033687220276199,0.7776891143417081,0.9224657282184541,0.4634574386610405,0.835791427607155
1.0,0.5738964711668512,0.6105562812595258,0.5052107287001856,0.6409914997988273,0.5297329017724016,0.8974025974025966,0.7065620563107655,0.7770084212788736,0.930733353226659,0.4639699529716567,0.8235993925075938
1.0,0.5540390999631132,0.6053854277041748,0.4989175900209795,0.6268562917585079,0.5118017113589639,0.7373376623376615,0.6865668708762998,0.7783126188570614,0.948190393014396,0.4657301091467372,0.7970975362807962
1.0,0.5103897700725442,0.6022418251402517,0.4967410823496017,0.6351772333281689,0.5290953890403791,0.5204545454545453,0.5976497059676047,0.7794602291066853,0.9643283717850072,0.4589411965982269,0.7539402632467094
1.0,0.5227468338866348,0.6010211706415372,0.4995621681406695,0.6022378418387399,0.5180488960429458,0.5551948051948048,0.5778166436582839,0.7802158020557205,0.9723774268804052,0.4573061642114344,0.6913094836314548
1.0,0.5654739948358539,0.5984691956324684,0.4874150185588516,0.600090279735499,0.5214231474011709,0.6210253082414008,0.6134444286142402,0.7785091479164422,0.9686560750136732,0.4574535872771444,0.7343570705366181
1.0,0.5539161441042666,0.5946599646583979,0.4595777663675247,0.59205127021363,0.5403127412006021,0.5111724137931031,0.5984701472372744,0.7773373775145612,0.9698668208405284,0.4560778196464077,0.7037293283833947
1.0,0.5449403664084596,0.5943598594291786,0.4467788592631206,0.5846090181929945,0.5405678574359937,0.4704057896097184,0.5886887186869009,0.7760793250918064,0.9728619437853242,0.4588746726866637,0.6888288896388793
1.0,0.5623386204352636,0.5955679428954035,0.44806148874262,0.6094010575620139,0.541725429854389,0.6364786238300021,0.5861537025482808,0.7747862233748392,0.9723164979352568,0.4588806577440934,0.6579311508606142
1.0,0.5628919218000739,0.5938076613285566,0.4493705635510418,0.6106841452188323,0.6266285517372665,0.5947381735390843,0.6331251934423653,0.7736557888632035,0.9705744382193109,0.4603432279898161,0.7298768140398247
1.0,0.6649452846428131,0.5936185867115453,0.4562148124929033,0.7271700078587086,0.5051643373287732,0.879999999999999,0.6196787996993354,0.7725137227798652,0.965703687230732,0.462735350153608,0.7112807964900442
1.0,0.5745112504610845,0.5892968250835982,0.443092114018401,0.6208969039255567,0.5078280292415598,0.7582604268035885,0.6810448589774449,0.7716330200163791,0.9624802877083576,0.4658150156880052,0.8018140398245017
1.0,0.5613549735644905,0.5877374507503683,0.43048584870102136,0.5979492181152618,0.5258357037285988,0.7751536450092433,0.6972817356017469,0.7697535395064047,0.9512693721743904,0.463848496315374,0.8291765102936214
1.0,0.5372556252305423,0.5862559366637371,0.4112343244137331,0.5770250303464296,0.5625034123858607,0.6392941014116539,0.7302418582257835,0.7677476362221841,0.937966252428042,0.463775359388809,0.8631370232872091
0.0,0.4784212467724088,0.5860871741465778,0.3881778253787471,0.4960170624103932,0.5234765441570849,0.7147187517101408,0.7324821050459593,0.7657323115600038,0.9255618312296421,0.4641898157518994,0.8515693553830576
0.0,0.4949588097872864,0.5889252426285241,0.3915214581518067,0.4641314444299386,0.5327275621724931,0.7746777797076754,0.7469798426914405,0.7634584289089689,0.9190125294592076,0.4657244068693556,0.8819946000674994
0.0,0.3739702446821591,0.5882179025211207,0.3799372460267929,0.3561298757682151,0.5656834320988038,0.7784847021202173,0.7740249276586961,0.7606242936330628,0.9144570862588008,0.46500994963044,0.8936044549443128
0.0,0.372863641952539,0.5887007879533068,0.391301509921661,0.3554053435670599,0.5649431961529712,0.698441451983172,0.7991392735901427,0.7570855118706127,0.9033127350595046,0.464072089353639,0.902708403644954
0.0,0.3669002827984753,0.5849141548184977,0.3788059955211658,0.35185958157424424,0.5281841264639661,0.7457988859322933,0.7967860318645632,0.7564684918889516,0.905829263419162,0.4641989180089681,0.8784864052123793
0.0,0.3522070576662979,0.5797476915074113,0.3598295065515044,0.33837458798821546,0.6117027548374174,0.6334261221324874,0.746621206687333,0.7562439338994519,0.9116807487596332,0.4570103024475989,0.8847429311280954
1.0,0.29810647977376137,0.5738853728925015,0.3194612500293512,0.2831409318947449,0.5685478511186155,0.43608752643660265,0.7479427557983579,0.7558106569226023,0.9164373994814996,0.4574112172180181,0.8666583134945495
1.0,0.31642690274191576,0.5715243148180316,0.2879921411356057,0.2994788652447661,0.5494219772061651,0.3550597246695808,0.7627893038039978,0.7532406445618881,0.9110668352307141,0.459169569196796,0.8613289896838323
1.0,0.3169802041067257,0.570022801776263,0.26078162710881625,0.2991472059124737,0.532850281361229,0.32018699985845783,0.7659531611552991,0.7512394256835307,0.9056372268162364,0.4556960320160098,0.8659566470367119
1.0,0.3355465387925735,0.5696961140687775,0.2527123592986089,0.2722965258816885,0.5381575571696484,0.3288026142235585,0.7907923890561974,0.7492953615396712,0.8997662799127085,0.458348387561993,0.9120995698116356
1.0,0.3542973072666913,0.5690715264769903,0.2378969151108201,0.2883487442785362,0.5163495822034474,0.30952004873976113,0.7957346879621124,0.7468468141597314,0.8949986643862571,0.4591964034748742,0.8935471745395317
1.0,0.3384974794048936,0.5701559293123624,0.23192240841319844,0.2725237548566025,0.478165554873663,0.20838914678750373,0.792570830610811,0.7443783081597394,0.8916472951730253,0.4591376163080678,0.8740675771624272
1.0,0.2787409320054101,0.5750723196859959,0.2393903310316556,0.2681395283576177,0.44225422127216746,0.12305353783793185,0.7768498002937869,0.7422794776830987,0.8924870700363537,0.4615371143499717,0.8484400451071298
1.0,0.23269396286733074,0.582092224252394,0.25429248409629474,0.279909897709899,0.4772296566059382,0.09618102636583098,0.7453733499059195,0.740579811774717,0.8912077113298249,0.4588766913125453,0.7811552437037967
1.0,0.2767736382638635,0.5890530837622614,0.2605079454786807,0.2743264810196909,0.40874068750117204,0.16367000555912273,0.7543687269404417,0.7391818890559144,0.8870108501748807,0.4560805496501785,0.7954141085077058
1.0,0.2853805483831305,0.5934945030754533,0.2530327850234426,0.28127117486605896,1.0,0.12797674604656115,0.7402885791627569,0.7380210727262452,0.88781626737308,0.4585025421264403,0.7755299293427546
1.0,0.2722242714865365,0.5995668543412367,0.24933461609746996,0.2645912657356972,0.3937050248062482,0.014537823572731038,0.7533615984357571,0.7364047909095358,0.8821645841919373,0.4561770238176062,0.7966771097187038
1.0,0.3396655600639372,0.6099672578577775,0.2513646092010373,0.2684468640105983,0.5312588395795633,0.04105498880318501,0.7637718681988118,0.7348533637801417,0.8795393012620688,0.4574850778382789,0.7924244054664799
1.0,0.3262633714496497,0.6192321112416226,0.2504228342134585,0.26100023277344503,0.4725807394236896,0.09919232710752164,0.7584365435349718,0.7326991610095134,0.8715827712639473,0.4566798578973828,0.7956148182123464
1.0,0.2741915652280834,0.6296205791142253,0.2546317943492895,0.2681957019826497,0.21728396120222826,0.05401312468450314,0.7630840731224421,0.7318442435561171,0.874365284853056,0.4575135710715771,0.7773746242618329
0.0,0.3185786302717325,0.6425680052062571,0.27004975496371564,0.2974763556146878,1.0,0.20193548387096835,0.7413890512849484,0.7302290784038875,0.8758424662633372,0.4583339617046509,0.7741607737950091
0.0,0.26318701586130594,0.6507177338205552,0.2723611990566882,0.3080188984630301,0.5090444919913638,0.1861815958422503,0.7471812683923775,0.7283051862203817,0.8776601837351165,0.4592243863072604,0.7603023652767621
0.0,0.3723718185171522,0.6591770214836652,0.2758965892494398,0.385254620949493,0.5940734306696951,0.6797405806053117,0.7939120310097321,0.7258171762608464,0.8754172790584093,0.460818270607445,0.7980283956536929
0.0,0.36862166482232894,0.657689098989332,0.2512089312773389,0.3822017301544344,0.49484084562517705,0.5891963109354419,0.8020329257328702,0.7230383733834632,0.8700763310857057,0.4616067925613563,0.8247556493861914
0.0,0.4221074634206321,0.6556864036048498,0.2187304952565792,0.3863780784605543,0.4956523037414414,0.6735177865612649,0.7984072631160062,0.7207438884332623,0.8604330946398691,0.4617606886211529,0.7938773295295976
0.0,0.4088282306651912,0.6522511809136256,0.19547571230996766,0.4222550592758188,0.5302885951559901,0.6247694334650853,0.824450132400552,0.7183740293797499,0.8512630509560221,0.4609510941393451,0.8206560256370748
0.0,0.38645026435509655,0.6513007757207756,0.197542979222994,0.4504868699978799,0.5060783416975326,0.6031620553359682,0.8147718731116341,0.7160328222777733,0.8437383896351233,0.4601095907690204,0.8088527402413698
0.0,0.30738964711668504,0.6506557612627062,0.19755902607413545,0.41696406469826186,0.4850512582441133,0.4205533596837941,0.8564866444934633,0.7143376583176412,0.8465301831801456,0.4611187515828205,0.8530054603765932
0.0,0.2917742530431577,0.6521119616028659,0.19144686288276808,0.4477026471702197,0.4990229656263066,0.3293816829381689,0.8212174955416139,0.7130819408378174,0.8527956774125166,0.4614943698845431,0.8083552700069899
0.0,0.2879626214189108,0.6519935561660399,0.16843312352453838,0.4400890960172015,1.0,0.2545654565456545,0.7804705500886765,0.7127829694549627,0.865816409767386,0.4606398535750033,0.7700144261514897
0.0,0.31120127874093195,0.6538035789747718,0.16387953906769054,0.4697224360674296,0.4725936523421272,0.16677667766776647,0.7634623604144455,0.7126001466195261,0.8751999918324463,0.4625420857758651,0.7531417778372669
0.0,0.263924751014386,0.6572550369507126,0.16723706495612134,0.4769723515744004,0.4662894248398444,0.018541107587216863,0.7447985497349532,0.7116770440393948,0.8780605646164369,0.4644129841475014,0.7300673716146879
1.0,0.3049305299397519,0.6627674095492715,0.1873239145476593,0.4607983822480103,0.5003534139295333,0.15418394730422105,0.7128259043277048,0.7104202411547013,0.8811470759702106,0.461453483386845,0.674534124540817
1.0,0.3782122218123692,0.6664070423777784,0.2008530005275554,0.488616355464899,0.4729370753600557,0.3049524274213222,0.7099420778289256,0.7095665368082703,0.8869172400002022,0.4612952653644205,0.6628890971013846
1.0,0.3258330259436862,0.6685940216726485,0.2089190838928925,0.4839073946361888,0.5063582255808972,0.21029519394974389,0.7154493512618583,0.7090125674123072,0.8978477421953975,0.4617151285749668,0.6828403158881006
1.0,0.2786794540759869,0.6727901392095599,0.21067721639562925,0.4867824644053775,0.4621004748787385,0.1336911441815081,0.6916221646876182,0.7088166829055694,0.9014132630428552,0.463092616204305,0.6493627210398727
1.0,0.2938030247141276,0.6791957905014376,0.2113617421766412,0.5054462425655314,1.0,0.05098804586484516,0.6990749156222825,0.7086073005518746,0.9051918951344614,0.4638058047441489,0.6700575558827468
1.0,0.2465264969875816,0.6893959561129719,0.21279608060512645,0.5217449066711467,0.4825064067397264,0.015125640400097694,0.7029413065158756,0.7081134006158846,0.9063284405537868,0.4641567075681794,0.6816728386799329
1.0,0.17527357678593392,0.7020383945949771,0.22899258574889325,0.4835583035174768,0.4265435935326709,0.04977693469631509,0.6636485563672627,0.7072659135433651,0.9104302984834246,0.4602838481332465,0.6174839007123841
0.0,0.2269150375015367,0.7145794602250632,0.2521901812170707,0.4668784705553534,0.5492100932103401,0.010856738258201071,0.6694456862966656,0.7062905189539167,0.912998208802096,0.4571962655257187,0.6243846577135295
0.0,0.21873847288823334,0.7252929213055694,0.2860825906220792,0.4648064109343046,0.4965220510582,0.10511321073296294,0.6954983812251596,0.7053710461752908,0.9220234698518244,0.4565931040177682,0.6545308526301701
0.0,0.16697405631378348,0.7342109457586437,0.31339190598679123,0.4424106782344661,0.5093209178177387,0.2507564296520422,0.7121184579634385,0.7040247922190799,0.927590041899506,0.454813910249543,0.6784083641933996
0.0,0.21148407721627954,0.7404055387744988,0.3351749219870049,0.4320557344947993,0.4882858157824452,0.25587989991659776,0.7444153496209754,0.7028426514527774,0.9345919886979812,0.4549567298841836,0.714719136215589
0.0,0.1968523300135253,0.7443554015337974,0.3389563382066654,0.4251134876976039,0.5623009454686791,0.2718932443703088,0.7938923797218357,0.7009120309541589,0.9329669309354476,0.4609625164895775,0.790657207870432
0.0,0.10777081027910997,0.7490491824183991,0.35632730360508713,0.4088939962273913,0.5423767536959883,0.17285531370038426,0.8189035563918269,0.7002668140659829,0.9434565395401644,0.4602233794049602,0.8056038905992058
0.0,0.11803762449280734,0.7541997929849715,0.37132455929073016,0.36847620732483216,0.5726177015925531,0.16704254999248255,0.7455354730310635,0.6993830154269814,0.947286458323412,0.4549836871021323,0.7430657802763274
0.0,0.20552071806221567,0.757718843451862,0.38400275650547466,0.3971683933232555,0.5481820437563569,0.20753873659118008,0.736112680484797,0.6992532814278062,0.955772709073717,0.454144843233688,0.7242374217344101
0.0,0.2576540022132056,0.7608036695949241,0.3969475922954785,0.3819397654683709,0.5669766175831995,0.29588796185935656,0.7535188087389275,0.6979066588310355,0.9558982798674032,0.452456303819388,0.7450289266645845
0.0,0.2458502397639248,0.7635366825081422,0.41056124126177945,0.37644858082038596,0.5402860796969862,0.3070619785458881,0.7241008307581958,0.6961279257807672,0.9577949976333898,0.45338593057446896,0.7005978673091507
0.0,0.24449772531661154,0.7670404941445625,0.4029774592310744,0.3742502697979864,0.5391748882191371,0.2775625744934445,0.7394091840293979,0.6949838100428537,0.9640228089633964,0.4514785380973498,0.7068144975386307
0.0,0.1910734046477317,0.7698664757681901,0.3796574539576452,0.3697732564499199,0.5339954736530441,0.16179976162097753,0.678662140320021,0.69327838613158,0.9722975547732688,0.4486724722065572,0.6261693362483082
0.0,0.2676749047092095,0.7757176981931637,0.360515028640096,0.3815893613784951,1.0,0.2412097735399284,0.6771833809058261,0.6918669987292329,0.9868477186066468,0.4488395132136093,0.6046119067802912
1.0,0.2954014508791344,0.7785954598768023,0.3430267554363407,0.4043999168442427,0.5780201542542834,0.2246722288438615,0.7428530722332212,0.6903184980780576,0.9947765258378728,0.453409783137005,0.6848555154002883
1.0,0.2965080536087549,0.7824558531415005,0.3357737737049543,0.4027781815233346,0.4382183720023453,0.03667889296432219,0.7499226230539083,0.6887945505478056,0.9993481556763624,0.45424321411719104,0.7016512734396866
0.0,0.3623509160211487,0.7897031790186027,0.3339433054118207,0.4019278297123838,0.4768356874945932,0.09038000684697073,0.7240222256066107,0.6877577748218858,1.0000000000000002,0.4516758515377052,0.6582924565822619
0.0,0.4034796508053608,0.7979692960192983,0.3448452116313547,0.3810182289319692,1.0,0.16792194453954126,0.6977189767574392,0.686958273029073,0.9959127423451728,0.4526937317894067,0.6204943509066538
1.0,0.3257100700848396,0.8067361498100598,0.35629750926733295,0.3756615342476581,0.3777875891549219,0.06778500513522827,0.7529489213899356,0.6863224569355727,0.982280674706301,0.4597909780205928,0.7088535880098007
1.0,0.3457518750768474,0.8216285950940698,0.3904755825318153,0.3886489666004369,0.4593202405436943,0.03635637235317605,0.7207404605279317,0.6857612138771564,0.9743658550575052,0.4564938447257994,0.6561573382581247
0.0,0.3726177302348457,0.8346166751020563,0.42767093065242656,0.40739117681692255,0.4971116510994617,0.3675999999999999,0.7352283725294646,0.6843697629350155,0.9687068970855492,0.4579607508267807,0.6968383721700232
0.0,0.3431083241116443,0.8415360483045757,0.4544759395636114,0.43585419366923417,0.5190725625523497,0.3332000000000005,0.8268426767019244,0.6832387937931613,0.966063831882398,0.4662831692850841,0.8001486266748095
0.0,0.398745850239764,0.8471809579312406,0.4707168362383911,0.42537148796904256,0.6074846681009677,0.4701999999999998,0.7448280266667975,0.6809784727677589,0.9571963580651212,0.46093726911585,0.690024205970806
0.0,0.5213943194393212,0.8506703016477111,0.4785004086959173,0.4719313684177684,0.5760329716159558,0.8153999999999997,0.8147718731116342,0.6799418837522256,0.9616747755270872,0.4666729819805314,0.7895254162693468
0.0,0.4648346243698512,0.8470576563776033,0.4629171362432318,0.4753892687883947,0.6178700675629757,0.7122000000000003,0.8779360252322537,0.6785737209628132,0.9745293756588064,0.4715304719320592,0.8796554800828921
0.0,0.5059633591540637,0.8463116259631835,0.4738162419647042,0.4594281856195442,0.6164619632817762,0.7789999999999998,0.8673292425902359,0.6768605700912128,0.9817969602106016,0.4694921017578267,0.8800296454064008
0.0,0.548137218738473,0.8425310554182561,0.4656426251407976,0.5008759632541246,0.631432021799837,0.9588,0.8611194356150116,0.674919946239848,0.9817969883862382,0.4689320338247995,0.8682938061247986
0.0,0.5614164514939136,0.8343872137401065,0.4388477587000685,0.5113173457903524,0.6048441482123313,0.9315999999999997,0.91314130749844,0.6723598449882352,0.97217325326752,0.4722560654413653,0.9300454754777802
0.0,0.5277880240993484,0.8245903801275609,0.3899371848477912,0.4871093692673082,0.4707627066619506,0.8838904247298316,0.9162511238080262,0.6691681160927413,0.9687328891017448,0.4727762324500819,0.9266204236702736
0.0,0.5441411533259563,0.8184623614204793,0.35468289226091065,0.5012877098595426,0.0,0.8198039708469461,0.9239986440611352,0.6659643249522625,0.963025872032728,0.4739355905725264,0.9233608680635504
0.0,0.5806590434034183,0.8134133862278248,0.3114124872223423,0.4830406098205983,0.4406655783141604,0.8869062578537321,0.9339471085586272,0.6631424759754126,0.9633817445953198,0.4753154266470256,0.924644275197468
0.0,0.5822574695684247,0.8110913913179492,0.29124445242412433,0.4848654089439856,0.4930310296785402,0.8426740387031907,0.958535782538848,0.6603415373645697,0.9583459346089246,0.4785004923308535,0.9861686819441166
0.0,0.4687077339235214,0.8103107369219279,0.2696083751935384,0.3753181843354114,0.40554670412045496,0.9089709762532984,0.9515595753356684,0.6578417904305971,0.9457839660671676,0.4781910581307745,1.0
1.0,0.3951186524037872,0.8098483117179359,0.2591239292787245,0.3728810493359295,0.3986129948191531,0.7208443271767813,0.905831028401024,0.6552438157395691,0.937204522251424,0.4772593682276709,0.9925596169493652
1.0,0.3691134882577156,0.8095756967273819,0.2493019216318745,0.3515270971382297,0.4369258561339157,0.5725593667546175,0.8970812924652046,0.6533060113438832,0.9247854813191208,0.4763769996621151,0.9956135113403866
1.0,0.3022869789745482,0.8102700859314593,0.2422432916696932,0.34589039594491283,1.0,0.33646055437100164,0.8768257274661134,0.6509610284215449,0.921699252678436,0.478094491086033,0.994016399497673
1.0,0.2732079183573097,0.8146892022209995,0.2432068608245925,0.31453908391358143,0.4848220251161353,0.20703624733475445,0.8605790251978639,0.6487246488104091,0.9138366934275528,0.4767280615230829,0.9675953335946168
1.0,0.23472273453830075,0.8214548996737288,0.2485725152837857,0.3290763131691233,0.4364718335270961,0.0644317641464583,0.8354892433762875,0.6462072002299725,0.9081298570836224,0.4740558653454465,0.9248315232294358
1.0,0.2602975531784091,0.8308799975270895,0.26177830328811225,0.345708789836075,0.3990053235495289,0.2127869043197317,0.8140889908572383,0.6439587971843103,0.8929255858076129,0.4720773582002246,0.8723834966357764
1.0,0.2545186278126155,0.839340266463708,0.2704283631619774,0.3434546955987453,0.5062144655829717,0.2790171079776075,0.8484885703196773,0.6416495610957907,0.8720576473703122,0.4733836203359277,0.9235105957616956
1.0,0.2732079183573097,0.8458087246523169,0.26477452940719404,0.3581797064446563,0.5227599417612021,0.417849898580122,0.8675650580449915,0.6397974050007272,0.8567207565440692,0.4723693616608308,0.9441663334666136
1.0,0.3309971720152467,0.8467180311859488,0.2377012324014817,0.3641551518464519,0.5196526328529105,0.4699121027721434,0.8802106618062482,0.6383929742536602,0.8479173697226766,0.4738947356477839,0.9889036732389828
1.0,0.3479650805360877,0.8462651848250551,0.21174276069472664,0.3793164963613103,0.5267109252570678,0.4327248140635567,0.8432515020953186,0.6364421955789051,0.8380701338026452,0.4729943344879925,0.9410910850368944
0.0,0.27031845567441304,0.8469962651266651,0.1985606952892522,0.3730173107637523,0.5206891681686742,0.3822793258801939,0.8177834329817388,0.6348424967638343,0.8281991892295265,0.4707973868104359,0.8720535462279748
0.0,0.3140292634944057,0.8492601304138514,0.19466818932251934,0.3588444736350073,0.4970304960805305,0.44969130652427897,0.8122565082609101,0.632366615792089,0.8197960816036359,0.4693608604423616,0.8807306157009801
0.0,0.33001352514447313,0.8475533163208657,0.17637589342072044,0.3716022790275623,0.4867548762644712,0.3937927582179213,0.8473094930459002,0.6295725948376033,0.8129610851598897,0.470822646039065,0.9051489859279868
0.0,0.3637649083978852,0.8478826369004298,0.16423418941332546,0.3496771992260905,0.4350318190044798,0.4293342232604708,0.8508565505111791,0.6263073462234215,0.8063399522579734,0.4721994442533105,0.8755400882995275
0.0,0.3285380548383133,0.8479527943368588,0.15048100630481726,0.3698625468995773,0.4771521038651829,0.3705990322042389,0.8507877710035419,0.6234080267909482,0.7999686793311135,0.4720531977539174,0.8827285125446661
0.0,0.3062830443870653,0.8514599684082234,0.15383195702918007,0.3476507747332785,0.3957255235320499,0.2714833972968469,0.8269114562095613,0.6215703318834173,0.8015111805830423,0.469924789443708,0.8246489550555808
1.0,0.23275544079675398,0.8568940977563237,0.16645053523737235,0.3352661049083417,1.0,0.18454864008009345,0.781349945222035,0.6194077107808204,0.8036967074758,0.4681673948479828,0.7604008733094794
1.0,0.22144350178286012,0.8671099458434546,0.20041752369350696,0.3206265380266257,0.3540719020162761,0.1299849824795598,0.7873239367425042,0.6184748187357493,0.8058705999399288,0.4693250781647776,0.7539330830405309
1.0,0.16291651297184345,0.8789742484461265,0.26721586735690184,0.32660400702085285,0.3282905988303253,0.005143277002204805,0.7412465794477006,0.6170803849257877,0.7995944972513046,0.4666691534255252,0.701857522855802
1.0,0.25660887741300875,0.8944145671570183,0.3379260107763836,0.3822774227848729,0.44384636947925055,0.1123308654582584,0.7077460464065162,0.6166360436915799,0.7972095387618695,0.4627765548943085,0.6380773558054109
0.0,0.2511988196237551,0.9019626488935892,0.3880583003364654,0.380775357516747,0.4932551665267273,0.20815498986258066,0.7825339353177858,0.6157592781880411,0.7991810875698283,0.4748010222703321,0.7650742267890235
0.0,0.2457272839050782,0.9069636609755716,0.4026192994336013,0.3730573464220249,1.0,0.021162603803910097,0.8242094041238227,0.614459884476536,0.8040844435193356,0.4779079526310375,0.8165166506763538
0.0,0.3023484569039715,0.9123584876286724,0.404123573606856,0.3774078019689023,0.5394268140189215,0.14971309337506405,0.7772870414494788,0.612307777232625,0.7968081421047676,0.4723599441865202,0.7380127580726669
0.0,0.2819377843354236,0.9173060780522866,0.4110796600669537,0.4070874670231611,0.5436945344018697,0.07419530823786212,0.8638951800303613,0.6103433620985393,0.7873248220839476,0.4834134493804722,0.8538900403541797
0.0,0.26792081642690296,0.9235320902566506,0.4159813569120356,0.3996051182470155,0.5114908907326793,0.10215529967522988,0.9279682042161836,0.6079614297611909,0.7734816714484606,0.490731668531457,0.9346230293984692
0.0,0.3044387065043651,0.9294940739792912,0.44051574728210463,0.3850609295126569,0.5059776672886745,0.15754132231405008,0.9447012758598664,0.6053688256757218,0.7648478762207549,0.4897761837251736,0.9547936653726652
0.0,0.298413869420878,0.9355974097213752,0.4538803411348248,0.3823130075220407,0.522239341244215,0.2582644628099172,0.9363249143940772,0.6026353756669619,0.7526159318390816,0.4890613983330037,0.9357403871595192
0.0,0.2832288208533139,0.9413249147003168,0.4732240868725858,0.3757930308907033,0.5550855526452663,0.41652211621856094,0.9758190902436268,0.600748398269712,0.7536943783170325,0.4921337423990893,0.9766032357527394
0.0,0.2449280708225745,0.9440557516482526,0.4675674205776476,0.3315842165408898,0.5395221282468803,0.27312215277042035,0.9733528536126436,0.5989324207192391,0.7526641923843913,0.4902680518001351,0.9966251225318584
0.0,0.1892905446944548,0.9483367404104771,0.4677250319840554,0.3207426664041007,0.4958355403835529,0.16085192697768771,0.9248976904823901,0.5982053254493284,0.7580819883720237,0.4882654898504808,0.9306189609298424
0.0,0.21517275298167954,0.9536022924172888,0.4701473609743408,0.3380163884083593,0.4994113624501335,0.3012474713418747,0.9250254238537158,0.5967070694622661,0.7566493311472007,0.4868781149531856,0.9560495728889512
0.0,0.2511988196237551,0.9547963039779332,0.4710017307474963,0.3818354983335444,0.5049940507952999,0.2428618313094849,0.9650698357643612,0.5947924766040783,0.7585371755065359,0.4900544623514469,0.9988166923400088
0.0,0.21806221566457654,0.9562134521246052,0.4479588640466051,0.3338683086622985,0.5078216975806689,0.1452248112897936,0.9543746223268104,0.591903131391578,0.7586077135498634,0.4891059718362055,1.0
0.0,0.18799950817656488,0.9605884595410864,0.477068882449903,0.33935593672642106,0.513768355167933,0.09008861174926172,0.9413359928076288,0.5895008130961633,0.7578024690066025,0.4876390195896406,0.9985228519195616
0.0,0.2483708348702814,0.9672334199873782,0.5358366335657975,0.3695681425127917,0.5725136029461431,0.0745697896749516,0.9345464728394636,0.5871218749074313,0.7562890261037697,0.4868455804419333,0.991483087215828
1.0,0.23017336776097375,0.9733128148546724,0.6289648357424675,0.3940169238779021,0.4687436048517674,0.03424300365026893,0.9371158787319022,0.5844189239264143,0.7504953678178349,0.4874986782581773,0.9961218179256542
0.0,0.26324849379072895,0.9801283290077896,0.6781610067950803,0.4182391187787697,0.5693146742406002,0.08783404971033433,0.9048926794039764,0.5823320119892199,0.7493946687618408,0.4841212309101892,0.9505720374204664
1.0,0.33609984015738353,0.9850894976596378,0.6975147685831207,0.5106083114180179,0.4441080242128612,0.03123794832240656,0.8977789131855226,0.5802603165038059,0.7466540632577293,0.4815710549027525,0.994210452396186
0.0,0.3806713389893029,0.9862852360419204,0.6758770959092295,0.5473403889093003,0.55610966649737,0.07187839305103152,0.8951898560051879,0.5786922317361837,0.7510884267073108,0.4819051081888043,0.9748865070839968
0.0,0.5491823435386698,0.987339780592794,0.6642720616225922,0.6421990458522352,0.5116026563182466,0.2780843700308673,0.8826474215053868,0.575891757221847,0.747841196842145,0.4837169681895224,0.961377125787002
0.0,0.5914791589819253,0.9855317266317494,0.6473298733243598,0.6335363024018721,0.486696933536017,0.4283478260869564,0.911721501947934,0.5740883060445411,0.7528413222537615,0.4850199843822594,0.9800534730008392
0.0,0.6011311939013895,0.9856587668958988,0.6564169590706584,0.6397386755016079,0.5041809811051181,0.4538461538461535,0.9089555831765326,0.5720801182921559,0.7497857730064388,0.4835918290475364,0.9956640399769368
0.0,0.5767244559203245,0.9880912376513942,0.7135246766156569,0.6251480159398537,0.4938198128491372,0.4267215112736136,0.8942367685422182,0.5705548912907318,0.7463000865768905,0.4855106078307891,0.9955577182682952
0.0,0.5217631870158612,0.9918447249624154,0.7698149791784952,0.5706186350829509,0.4923228462497494,0.4568860450944549,0.8828881497821163,0.5674009982159626,0.7295015138708683,0.4843186377721237,0.9811441937913812
0.0,0.5917865486290423,0.9965818252605334,0.8429346483298779,0.5774488215802759,0.4956577785746623,0.5540828762949422,0.9008936423170832,0.5639516852169942,0.7129343145249409,0.4882226961845123,0.9607213094445392
0.0,0.5419279478667159,0.9960134066346618,0.8545488218821105,0.5852664581725151,0.49235242455066597,0.5038086532602072,0.8849367965453036,0.5601101859678933,0.6938819909911162,0.4866630908604183,0.9244681905139364
0.0,0.5983032091479158,0.999324662607221,0.887779934992183,0.5805528582223463,0.5011950213301377,0.5781535648994515,0.8629224412794954,0.5571352463075813,0.6829456103823737,0.4846558086731506,0.8687404816116046
0.0,0.6235706381409074,1.0000000000000002,0.902848637227087,0.600958522190623,0.4471295589834604,0.7560938452163316,0.8922519884646939,0.5567533196671631,0.6868228563174112,0.486297977974187,0.8967252565593615
0.0,0.6135497356449038,0.99889970905579,0.9378527329829416,0.6380568790984998,0.5294610008571347,0.7547227300426573,0.8415565785142642,0.5572509203504245,0.6985955488228628,0.4726424274145486,0.8973616261803925
0.0,0.5730357801549245,0.9967172242884564,0.9618325701400549,0.5997475516090439,0.0,0.8170322973796467,0.8259288918147473,0.5582998350081542,0.7112400925019748,0.4732639696935344,0.8892936297206557
0.0,0.5868068363457521,0.9921693873285842,0.9812951309035648,0.6096962697810782,0.5298631654589152,0.9043266301035956,0.8388152238527332,0.5573012600443584,0.7157194596031934,0.4717192042799716,0.9080701908377404
0.0,0.548506086315013,0.9827042180032568,0.9779434766390254,0.5884083282716245,0.5129341551079836,0.8642673521850898,0.8433350200688776,0.5555908297939037,0.7183613744252636,0.4686057468791319,0.9139364947005773
0.0,0.5507807697036765,0.9793093884226212,1.0,0.5899452931735032,0.0,0.8546700942587829,0.8589676195903688,0.5540293719126116,0.7164942903143354,0.46749005351069206,0.9295750952725784
0.0,0.4161441042665682,0.9685515312821308,0.9851886223002448,0.4947368281289812,0.4927512098403842,0.8933692534978701,0.8535340384870473,0.5522539837729948,0.7135965976092826,0.4701820901743598,0.9279731993299836
0.0,0.6230173367760975,0.9536484939392672,0.9420416222763855,0.6067396944780856,0.7097632240145704,0.6939778129952459,0.8648482674933307,0.5502184326928682,0.7079062231738403,0.4682751717892146,0.9392084147081842
0.0,0.7730849624984629,0.9339586217869078,0.8622054730953679,0.6187372469191517,0.6993249697425341,0.7333047639454322,0.8537305513660102,0.5479846114305321,0.7040377258259768,0.4674733232147321,0.9054296226401294
0.0,0.8055453092339849,0.9198180068445941,0.8163299883455032,0.5830949583556214,0.645860675757708,0.7812895069532236,0.829195918427504,0.5454538705481912,0.6998913650455216,0.4681793652596238,0.8704731810435
1.0,0.7017705643673919,0.9081802649433626,0.7937881657194106,0.5912902106969753,0.6505974251697476,0.6220024721878861,0.8461058516622533,0.5431577586916084,0.7036678215055743,0.4672552146124303,0.8743352863297567
1.0,0.6989425796139185,0.9034554346729916,0.8101712079645511,0.5892667407363379,0.5955803811807178,0.6250927070457352,0.8499820681997946,0.5399730993196817,0.7034273981805028,0.4682252637257798,0.8661795147498776
1.0,0.4945284642813229,0.8975004284427273,0.8278590535148949,0.5426023221751054,0.619201152419203,0.3375772558714461,0.878741728036001,0.5378197613190446,0.7041126970032261,0.4694944686934488,0.8792141200909934
1.0,0.4792819377843356,0.8993960843421351,0.8645093091106055,0.5840722734793734,0.6279276582807686,0.32323856613102625,0.8559167571444712,0.5351347188845751,0.6952602496360959,0.4690308891542137,0.8614030852954729
1.0,0.5132177548260175,0.900757023250365,0.8822982084241746,0.6001699285861342,0.6368949419987935,0.2976514215080343,0.8746788242634451,0.5341358199551872,0.6972530988235062,0.4724702473691523,0.8593939128786222
1.0,0.4923767367515064,0.8973617230411757,0.8646982143657316,0.6376601716314075,0.6278385392225807,0.2940667490729297,0.8384369365607298,0.5328235925220978,0.6996493974038079,0.4690643731974338,0.8392558721670305
1.0,0.7388417558096647,0.8950886694679332,0.8576196706188823,0.6948240025956852,0.5667073599036598,0.4290482076637827,0.8261204918717359,0.5322847279831157,0.7089182699056487,0.4709716022217855,0.8265337325150584
1.0,0.7352145579736872,0.8864322618479277,0.8344914457343072,0.6951207907809172,0.6119489997424191,0.4884603856529121,0.8286505951883818,0.5294882859429048,0.7026743998801088,0.4714963047122947,0.8243007801110787
1.0,0.7655846551088157,0.8855240264811333,0.8542679965650473,0.6677286938293259,0.6044582711766607,0.5494366744366742,0.9006971294381205,0.5268631048057729,0.6965833229282008,0.4807789072649502,0.8744284281864018
1.0,0.7026312553793188,0.8823244270617598,0.8695143620832139,0.6813285220476485,0.6364703509160408,0.5077700077700079,0.9056836437418018,0.5244004774871046,0.6894930344252231,0.481037549313603,0.8941223662542754
1.0,0.7824296077708104,0.8821491283006169,0.8998581177975469,0.6732727869792023,0.6747450232937416,0.5812937062937064,0.8872703869829867,0.5239873459022558,0.6980410608150759,0.4817204265110345,0.8774015116328168
1.0,0.7487397024468216,0.8760124332281243,0.9135366851058974,0.650841311316135,0.7200157409287433,0.5962509712509709,0.944106824401004,0.5239506836661955,0.7100607016030093,0.49089627163621397,0.9813086742952049
0.0,0.8603221443501782,0.8699005264063147,0.9250438644744908,0.6564609867908507,0.8070248344632042,0.6999805749805746,0.922367587165744,0.5230443117827225,0.7185286825870841,0.4898404237816622,0.972265619502034
0.0,0.8870035657199067,0.8580408186067343,0.9141565168078696,0.6242073498372595,0.7216755059253102,0.7363356428021552,0.9441903423745632,0.5215671779390866,0.7267844694158893,0.4899301697112429,0.9992821855339272
0.0,0.8376367883929668,0.8438559786335258,0.8831729484411162,0.6428282639604116,0.8195125585779315,0.7103541185527327,0.931903374617414,0.5193985034786349,0.7342106640550623,0.4923421245016845,0.9898674040984188
0.0,0.8654248124923154,0.8300317162062405,0.8460796373212253,0.6520322726998965,0.0,0.7014049268668203,0.9333330058118684,0.5173031449794004,0.7397460148165832,0.4924527466852587,0.9945259873785716
0.0,1.0,0.8138777563108557,0.7898334042690003,0.7302564815351534,0.8438901196386955,0.9268668206312546,0.92000943261819,0.5153390999759823,0.7483995099178096,0.4910092137639255,0.9927246904007944
1.0,0.6988706834649782,0.6167208150915066,0.8108163505437596,0.5890962472373159,0.5201093807982402,0.6629979035639412,0.5311792246584358,0.9876416516802424,0.3621795260509752,0.5148829710661211,0.8304071745702466
1.0,0.6874469612899015,0.6128217456878032,0.801416510838352,0.6206975069685252,1.0,0.6284067085953879,0.5503146662474392,0.9869499786981384,0.3734012125176319,0.512543642142056,0.8441504231124378
1.0,0.7051374110581632,0.6085794210430939,0.7962381788367652,0.6471512980795054,0.5326216906501634,0.1949685534591193,0.5056325503932712,0.9871529967170954,0.3794693767671601,0.5132126448304439,0.7967542406112043
1.0,0.7413669299562636,0.6073379939991357,0.7847161695300516,0.6469292651918491,0.5707579279646111,0.3391463974300133,0.4443696603766172,0.98907596165884,0.3873330370821911,0.5125066462338401,0.7553474075666925
1.0,0.7200208890919774,0.6073816774942769,0.7767571346859549,0.6132358687383735,0.5713317574174177,0.4301733736281209,0.4523529960844807,0.9914210967093784,0.3924143193425438,0.5129254659326258,0.8019024248327156
1.0,0.7082707748547555,0.6074100131474648,0.7619848204616292,0.5996770981764897,0.540317280473116,0.3383171623985996,0.4652982819861557,0.9922003182759694,0.4032666755754648,0.5137651400301384,0.8346952199046259
1.0,0.7824270513741107,0.6079309165992318,0.750683094493467,0.6528489008720691,0.5447751597164251,0.5602035947192618,0.4500587082225904,0.9924233138150031,0.4118320321707691,0.5127758354825722,0.8094539382976842
1.0,0.7844506821594098,0.6067323307674399,0.7397307270244597,0.6556713849687723,0.5632352069500792,0.6540816326530607,0.4829353128730672,0.9919582176922468,0.4167895854843183,0.5149566290052425,0.8754822469863516
1.0,0.7234153665382859,0.6055894883415416,0.7329693483374893,0.6218182114388211,0.5500599285050696,0.460204081632653,0.4838097951844516,0.9911112013477468,0.4144578965020765,0.5150564339747568,0.8669061563175934
1.0,0.7581434819505191,0.608330447181934,0.7509197947829291,0.6219522805277307,0.5519801987929651,0.5387755102040817,0.452490555099755,0.988750172991494,0.404933441998414,0.5130030892648807,0.819282289993296
1.0,0.6850969384424572,0.6093815380150007,0.7557990497840877,0.5676982895224097,0.4801583092803399,0.4656462585034012,0.5130951269718839,0.9856792075852584,0.3896700366259367,0.5136055825052577,0.8716622183993827
1.0,0.7144722240355116,0.6117584502456547,0.7695188754459049,0.556838683779648,0.49363342964620704,0.6102040816326528,0.5378704881871192,0.9824611923581102,0.3763916882470584,0.5154508427490749,0.8637185827946923
0.0,0.7562504079900777,0.6114511461391305,0.7745790997005322,0.5617891971285341,0.5220913012438829,0.7136054421768702,0.5695483642759236,0.97969458939292,0.3588682834100462,0.5139864191718035,0.901887245911178
0.0,0.7443697369279979,0.6077647183464546,0.7726604352739243,0.5420871659494412,0.4793791997268642,0.7506802721088431,0.5868316719807025,0.977193783229672,0.3452527061900388,0.5115209181071798,0.9127654730131424
0.0,0.8119981722044521,0.6023155112871443,0.7581994367645002,0.608846552140933,0.4861357255434745,0.7214285714285715,0.6078929397835411,0.9746587407276592,0.32993605369337065,0.50934756105238,0.9151435040540368
0.0,0.8937267445655722,0.5960938625028378,0.7354244322660413,0.6320641730408334,0.0,0.7950507614213196,0.5998359117460662,0.9725064470425164,0.3221658506259182,0.5088450487599274,0.9034177871662216
0.0,0.9004504210457603,0.5913116602718511,0.7229766645504545,0.6390313798328547,0.4482148655330795,0.8992830317514511,0.6087084682312371,0.9708578865232956,0.3144224056694737,0.5094554826554583,0.9169712991891928
0.0,0.8618056008877866,0.5862936542889896,0.7141931445809381,0.5782134162568273,0.4665882409353863,0.9500977466817574,0.6253629347233342,0.9702160610409002,0.31476821409745226,0.5069432320140335,0.9282100256776756
0.0,0.8843266531757951,0.5812558918896509,0.7058337782459441,0.5945279642164647,0.4652994576768084,0.9709680920338616,0.5969127826714942,0.9693507330539624,0.3168613912744665,0.5084008223467535,0.9249212593445236
0.0,0.8490110320517006,0.5754951743108289,0.6915990141059382,0.6098331780955888,0.5115936808366247,0.9048816487180892,0.5687082717183576,0.9690483998167128,0.32602733340460466,0.5066086913008683,0.8860189483537194
0.0,0.810300933481298,0.5703786958172065,0.6853427672391035,0.6196305680713556,0.4861929677879229,0.927587844254511,0.5657409272460192,0.9690940883700292,0.336038378724192,0.5063489951588641,0.8890673817625254
0.0,0.8459429466675373,0.5649142278099384,0.6791033075589851,0.5975851570471747,0.5667717392115624,0.9923303472818752,0.5337977587706151,0.9700380548412048,0.35215867733349804,0.5075721826914087,0.8864047459428004
1.0,0.784320125334552,0.5572286141902818,0.6618249147093292,0.5587975030012281,0.5194025793616946,0.8200030703101013,0.5113314238831926,0.970740792172978,0.36445026697735294,0.5095618681094003,0.8842607232756113
1.0,0.7645407663685619,0.5558854103499863,0.6603946908783316,0.5447330351338092,0.570567722820061,0.6438440282468527,0.45327660661560604,0.970060217039902,0.3749874147659956,0.5057007176331587,0.8076957132195756
1.0,0.7184542071936811,0.5569881562092405,0.6627734015518053,0.495835988272009,0.536577330102952,0.7720294749769727,0.4128833843448017,0.9684221422996876,0.3777485466042,0.5029376121693906,0.7492884880529241
1.0,0.6907761603237811,0.5581217470917954,0.6692031492415821,0.5218209535240509,0.4989720681683823,0.7524562480810565,0.4532864322595544,0.9668619232443736,0.3846287879200714,0.5021764514155406,0.7851929620400468
1.0,0.6282394412167897,0.5588150519905497,0.6714481705340569,0.5201199856335961,0.5388919688830244,0.5306263432606694,0.4524266884140921,0.9645147687752814,0.3873269826594175,0.5021516106144432,0.7754721277053265
1.0,0.5880932175729489,0.5611348287813956,0.6812099734801743,0.492321080052724,0.5270113648560478,0.537116438611536,0.4271305680696046,0.9628605460350124,0.3882732201694742,0.5004669965841297,0.717760603109149
1.0,0.6160323780925648,0.5630276950213605,0.6889491149359032,0.4629163981642188,0.5068138751119363,0.6325229454214246,0.4209600636701728,0.9613112008853664,0.39119284977665736,0.5037060294739792,0.7146362750926548
1.0,0.5947516156407078,0.5619914843784123,0.6922284183764493,0.4937864308200074,0.3382289512023307,0.5270791003993553,0.43874447921630655,0.9619311675875594,0.3966739674851598,0.5013285643609326,0.7234969705402429
1.0,0.6647953521770351,0.5631710639063705,0.7109649458566513,0.4999421543237994,0.4013228460027685,0.8149275950737582,0.3797070975539063,0.9633993786810128,0.4084151771167557,0.5006057226116603,0.6911848413170246
1.0,0.6286963901037927,0.5600299995502757,0.7136125185206554,0.5214552218651929,0.4853542284875397,0.7917358666046631,0.4319107438503751,0.9653300910017903,0.4080867863527631,0.504275380062184,0.7922068887005578
1.0,0.6263463672563485,0.556477463199378,0.7122269139768446,0.5185686794560632,0.4127495859128413,0.6501143002286008,0.4375899660523999,0.9643234699445472,0.402815381627606,0.5009851539342995,0.7940916047914793
0.0,0.6736732162673805,0.5523688689418442,0.6939541313544506,0.5076395772730045,0.5253701911990991,0.7425069850139704,0.443603260148662,0.962730388383318,0.3869161991400325,0.5015301084831307,0.7675980621576837
1.0,0.6192310203015864,0.5474141150704547,0.6768948066245053,0.4546047516798621,1.0,0.3862712725425452,0.4484030872173288,0.9613664079880012,0.3770619899170157,0.5018177252033916,0.7894746828237855
1.0,0.5374371695280371,0.5471629685931914,0.6735651951849911,0.3992493078943157,0.41284471330405853,0.04368808737617493,0.4120531174311836,0.9613035843758531,0.3720499153218565,0.499273827058871,0.7411740895809354
1.0,0.5489914485279718,0.5514831669858783,0.6945351686828498,0.3636036556391825,0.4974237737083882,0.057520054678225324,0.3589504247134596,0.9615754470569025,0.37630658053835264,0.4990887999761262,0.6836017050988525
1.0,0.6051961616293493,0.5554516170175464,0.7137487894170093,0.3749173213748637,0.3957588601981649,0.2384128042680897,0.35075583766071045,0.9618387430049076,0.3885249483840766,0.4984410563459755,0.6917224281214819
1.0,0.5739278020758535,0.5574340862463348,0.7251103125219718,0.3748552050578862,0.499316110239229,0.08502834278092647,0.4310510000049128,0.960952912408882,0.3875160275762154,0.5006741365747782,0.78372566629141
1.0,0.5895293426463869,0.5617904222551238,0.7388009990189346,0.3912535377409345,0.4794007362521556,0.17605868622874307,0.3879360743604733,0.959195334772932,0.3904611944737912,0.4976068870458527,0.703271057591358
1.0,0.6248449637704812,0.5643933198383608,0.7394673669620949,0.3866325623689388,0.4015074132674443,0.3121040346782258,0.4166171290450947,0.9584117257232364,0.3915656023990453,0.4997635782440013,0.7464930366697448
1.0,0.6369214700698479,0.5651129894128034,0.7399027951686059,0.402929101399894,0.4876711842381378,0.16638879626542127,0.4432593626104773,0.9562938009423021,0.3875846382453305,0.5017454542195628,0.7880516589296331
1.0,0.6448201579737581,0.5677630874573303,0.7464065984184756,0.4139019009141199,0.4173721965361111,0.11503834611537148,0.4178698986484827,0.9547959752442524,0.3774541518007805,0.5000831073054021,0.6948467561379766
1.0,0.6352895097591227,0.5729614704584423,0.7720099638250575,0.3993659117947953,0.4692620655838318,0.06302100700233369,0.3830527293182477,0.9532170298998658,0.36851322341166304,0.5010190817910601,0.6829882236867073
0.0,0.683464978131732,0.5802637463610237,0.8079753676965145,0.465780692025447,0.4618720642348301,0.2591042277103391,0.3597708659831293,0.9529907812369104,0.3683145086830443,0.4992774808311167,0.6438772025247608
0.0,0.691363666035642,0.5840602146350287,0.830622658017925,0.4782010404907914,0.4652084171854419,0.4152365006278774,0.4663791028204515,0.9509140321037376,0.3464858100533881,0.5037960633249753,0.7612545378650849
0.0,0.7195639402049744,0.5869341713482824,0.8601359773929516,0.4760725706082309,0.4710546108557838,0.5742988698200087,0.5441982028897221,0.9470343526872936,0.3177468128792437,0.5061223663419754,0.8290853434863454
0.0,0.7377766172726681,0.5876296910078787,0.8771443392089442,0.5094733073915586,0.46489908781968103,0.8560066973629133,0.6046799542124988,0.9444074546103428,0.3001618919029612,0.5071631458824287,0.8599997470179741
0.0,0.7463280893008684,0.5857435924050228,0.8868916460212379,0.5220027897844918,0.4927828584914773,0.8296358308915867,0.6414671651543363,0.9418736226241744,0.2984834553561692,0.5096290182918909,0.9396258395840976
0.0,0.7544878908544945,0.5824027067545694,0.8775771309557049,0.4811096778068045,0.4805331133570019,0.8401004604437005,0.6668517162943568,0.9400609093420206,0.2980259127217736,0.5078923994323954,0.9493466739188179
0.0,0.7693713688883088,0.577654512154202,0.8594124088869153,0.5020250704017177,0.0,0.7693595646714109,0.6847638652118164,0.9364350814792431,0.28877520694555936,0.5055599611372485,0.9612368291232908
0.0,0.8546249755205955,0.5734982565394707,0.8452444405170609,0.5905857158505272,0.4827289819748717,0.9903725408120556,0.697645284427828,0.9351317517826676,0.2930966837163511,0.5066448251719465,0.9546592964569866
0.0,0.8273385991252693,0.5670408482269853,0.8233100809958731,0.6030565236781349,0.48272175900258796,0.9967172753385304,0.6878294661236356,0.9337452681902416,0.2965901801847713,0.5053140389756553,0.9959522875899663
0.0,0.80488282524969,0.5631155209794964,0.8114361841573192,0.5811121357554836,0.4887952666636807,0.8867843306069738,0.6603225758908171,0.9350167108339285,0.3139360947397508,0.5036208800367877,0.9997795650082829
0.0,0.7708074939617472,0.5600803751889262,0.7993117194804501,0.5690240188412656,0.0,0.7628067154541543,0.5869102771322876,0.9354718102280264,0.32500500200086635,0.5013951488867169,0.9912634591795008
0.0,0.7885632221424376,0.5581446530404364,0.7957669312232174,0.5529710822066424,0.5283774014128849,0.8377098579423167,0.536509636500302,0.9373300988130708,0.34705579239372264,0.5013918885059963,0.9434510017718409
0.0,0.7870618186565704,0.5534271078429982,0.7784995739543253,0.5514313721668499,0.5514513617230711,0.8174773999139052,0.5326530712506568,0.9370246681956051,0.3565692909434077,0.5009365210650623,0.9655308709281716
1.0,0.8211371499445135,0.5486637411229525,0.7608646674166208,0.5959630010230871,0.6135588317045491,0.7445146894756423,0.5155220610270743,0.9366922236420588,0.3654942787406419,0.499796427246016,0.9324246967425374
1.0,0.8249232978653962,0.5448773684897373,0.7431181561186021,0.5462775716856619,0.0,0.7795379537953803,0.4989609381524839,0.9359763605487288,0.3734863103689071,0.498415714317061,0.9340261687338146
1.0,0.803511978588681,0.541694753092731,0.7314509181038864,0.4867020993051278,0.6296809422478448,0.7962332069165012,0.5186760927344278,0.9357428391031648,0.3866110019252715,0.4998391081544306,0.9707509881422924
1.0,0.8082773026959986,0.5390839838861186,0.7315133368010683,0.4931479908502353,0.5771831371807729,0.7534871761907825,0.5149767377879527,0.9340188706907578,0.39553106561189255,0.4995213256266453,0.9729726046067869
1.0,0.737972452509955,0.5354741676912727,0.7135014925323746,0.44317383672326793,0.5669853336726918,0.5535771678344155,0.5024490417540739,0.9321529911506172,0.3872077037111601,0.4987492390006775,0.9350415701240284
1.0,0.7351654807755076,0.5341331189292785,0.7036663227299873,0.4408845663817918,0.5750094885547145,0.4651925178376294,0.4930508133176781,0.9298013559256284,0.3739888721154549,0.5017541759005794,0.9271091726863842
1.0,0.7536392714929174,0.5325628752666004,0.6806521856859156,0.4640953645386492,0.5568422699202239,0.4619785305650192,0.4816628919817834,0.9279504971339428,0.3645651399549629,0.5010143511587705,0.896558538912362
1.0,0.7845812389842679,0.5308031408470758,0.6676074233291425,0.4578510337691747,0.5864744187366719,0.5590409461978527,0.4685309188450938,0.9261869453189668,0.36740090468244346,0.5000941059445545,0.8739948207714321
1.0,0.8173510020236309,0.5284720783591769,0.6488126266996066,0.4492142686977873,0.616363069675018,0.6564417177914114,0.4772413522051203,0.9260399855803804,0.3757866225939719,0.5007457102499254,0.8898528008722911
1.0,0.8027286376395326,0.5234524081092603,0.6183797047336677,0.480550605105069,0.0,0.6566070905361852,0.4554087713523525,0.9254973054089398,0.3817339675961916,0.4989215272272374,0.8972127572577342
1.0,0.8886350283961094,0.5191317688417201,0.5897109204240842,0.5384538143429459,0.6017585306482048,0.7978301825505099,0.4562390382659701,0.924363090670345,0.3862672060490453,0.4990391361698044,0.8832288401253916
1.0,0.8650042430968079,0.5126747752401442,0.5626845011206368,0.5590464580255772,0.5313497003835989,0.9652120842233746,0.4767107674319208,0.9215762221590416,0.3818780150436272,0.4968995783637091,0.8957339512062151
1.0,0.8346497813173183,0.5083338790502797,0.5487784490061579,0.5537905395923455,0.553381044007339,0.9754777070063692,0.4399088180241612,0.91755547719035,0.3691193338551194,0.494294936807014,0.8237767479896415
1.0,0.8007050068542333,0.5042575180174238,0.5380001819073803,0.5683903655072479,0.5271540812301442,0.9155219780219778,0.4668949491277285,0.9146545019112768,0.3599232351567643,0.4965109093646173,0.8063172958975059
1.0,0.7304001566681898,0.5009826159666984,0.5261375189372937,0.5318944196684695,0.4705358993200212,0.7634452082490895,0.4341264265606808,0.9119164689769054,0.3511248794963626,0.4977064140426675,0.7724955703966201
1.0,0.7262223382727332,0.5007746842548779,0.5150813777490969,0.5244134209699383,0.4644800515098085,0.8111605337646579,0.4052095564213037,0.9114361780229088,0.35274846280466376,0.4955580909391003,0.7157012402889464
1.0,0.7061818656570273,0.500364383327906,0.4982167926442779,0.545934965968801,0.4713047718858461,0.7747674888799022,0.4318026617669458,0.9107393515047414,0.3553603632656702,0.4976111889231361,0.7698855117895598
1.0,0.6896011489000589,0.5004191818342589,0.4807423603521749,0.5233204155024053,0.4644070416765063,0.8693894055802661,0.4356051859748761,0.9102988049869072,0.3592588724181224,0.4942056180849842,0.7705601744582253
1.0,0.6645342385273191,0.4986448404112645,0.4656568127513151,0.5430984010335194,0.4517418652589363,0.9115948467347842,0.4463151378783485,0.908903113079778,0.3612660757289139,0.495055708665746,0.7862545999727406
1.0,0.684574711143025,0.4971450065296537,0.457431876147437,0.5661584678025663,0.4773071591762497,0.8779220779220782,0.42813278375231534,0.9074406262830316,0.35586270321800817,0.493732891900545,0.7458566171459724
1.0,0.6021280762451858,0.4954626977384083,0.4464855445377471,0.5161248980021438,0.463830292068597,0.5380952380952385,0.41698067787117626,0.9057930563054508,0.3534458735130903,0.4928933601922876,0.7262709554313753
1.0,0.5756903192114368,0.497468781131565,0.44466877972269137,0.5430413161956827,0.5509518430262134,0.38701382192221095,0.3672678323155599,0.9055891792337708,0.3606139574011201,0.4889760012919554,0.6456930625596289
1.0,0.6033030876689078,0.499496966984675,0.4430331477029869,0.5193612331073445,0.5510941314939712,0.503375120540019,0.34912969358729345,0.9063606378840322,0.37549479970289423,0.4874189107602656,0.652139839171323
1.0,0.5737972452509955,0.4988446761627608,0.4248688432069104,0.5363643268320637,0.5913915418673178,0.4371584699453549,0.3698224997420768,0.9066304708019668,0.3883580718522817,0.4890780969859064,0.6974717186861114
1.0,0.6269338729682096,0.5010653076249882,0.4201892740102415,0.5472625566097497,0.5711347355278704,0.5834136933461909,0.3828709549052072,0.9064287662884244,0.3960462277605389,0.4901725350199325,0.6871064467766117
1.0,0.5440955675957962,0.5010914351283003,0.4024577326502785,0.5184647110471,0.5634700217275764,0.4973295633050584,0.3947894610143015,0.9053514404157508,0.3998284357510196,0.4910812658404163,0.7261823633637726
1.0,0.516025850251322,0.5037817871577164,0.4048484811026586,0.5364597274606634,0.5554887621295679,0.330854065144909,0.4044235049054528,0.9060787799640077,0.4133184878613197,0.4918691358917499,0.7250715551315251
1.0,0.4804491154775117,0.5057848814692188,0.3981105170636564,0.5603363667234111,0.5572273881077591,0.2867401897922545,0.3364202231403741,0.9049158173175316,0.4130649161615235,0.4900435248345068,0.6704988414883466
1.0,0.4694170637770089,0.5097749377495722,0.4017556538705437,0.5352081699833084,0.6004154749861186,0.19483726150392827,0.3372357515880697,0.9034348682909399,0.40675962231656415,0.4901602220311472,0.6293716777974646
1.0,0.4366473007376461,0.5148873680562509,0.4073866992545215,0.5159895120072003,1.0,0.2295805739514349,0.3398493728782748,0.9005173007551112,0.3877162440934221,0.4904190912082492,0.5978601608286764
1.0,0.3558326261505321,0.5202116496085976,0.4172671027224695,0.3703235907097058,0.5699556036730861,0.024717218265605502,0.34695331345278024,0.8983390407237725,0.3726386234005065,0.4910216439569127,0.5922516014719909
1.0,0.3656243880148836,0.5282078517406376,0.435936159593713,0.3778653488225628,0.6172746070607795,0.0014421096003300695,0.2880338395177576,0.8957194725996119,0.3595310076933221,0.485997611681476,0.4893757666621237
1.0,0.4072067367321629,0.5358931542600305,0.4508881971054122,0.3875275829325414,0.6072491342090955,0.032558139534884144,0.35776643461770874,0.8937169562977799,0.3508677961665204,0.4883419647744216,0.5352119394848028
1.0,0.4117762256021935,0.5424512073446994,0.4657318292864303,0.3918694455587092,0.5205585091032345,0.03048116699325072,0.39991353433325627,0.8926098722607155,0.34684411592682873,0.4882717955050132,0.5830039525691697
1.0,0.442195965794112,0.5495554108274144,0.48025365015805893,0.3788618645120143,0.5820159312697416,0.0019221528111487863,0.3748434037995766,0.8918551246853271,0.3439907260814954,0.4898046215588602,0.5665121984462314
1.0,0.462171159997389,0.5575873244695483,0.5023530501857572,0.3559108448650582,0.6194557737601055,0.0067516879219807506,0.40884995750408987,0.892050932982858,0.3437175060483174,0.4890434472504544,0.5830039525691697
0.0,0.4187610157320975,0.5665810083066791,0.5277763185440545,0.3314576741258334,0.5115368608063467,0.0602820905532695,0.4045905408525709,0.891926214419753,0.3427521084554899,0.4886106842799303,0.5960610603789012
0.0,0.4228082773026961,0.576031045284754,0.557735932946245,0.3384638512750747,0.5771929661772669,0.03652392947103247,0.4020800888238212,0.8909334954581068,0.3382157670740238,0.4883593711304875,0.6032233883058469
0.0,0.4447418238788434,0.5825422715513511,0.5703981966917376,0.3119672936272956,0.5073781818294395,0.10247265810746556,0.4832251693695376,0.8895453175368554,0.3332464962924723,0.4916168436641348,0.6569578846940167
0.0,0.4374959200992232,0.5873798474358085,0.5698486241562347,0.28598969809660063,0.4094991110814121,0.02377555872563005,0.4999484153692722,0.8883536832734008,0.33231799897769176,0.4929977140936515,0.6864794875289626
0.0,0.482864416737385,0.5943145199278508,0.5824074628768532,0.29602803167131425,0.4053995740669085,0.041985740691840585,0.4411075465858345,0.8893645003090763,0.3435061935299686,0.4917603536412383,0.6324860297124166
0.0,0.5002937528559306,0.6005076126195992,0.5962628114759984,0.3109835343051689,1.0,0.0785310734463277,0.4898820431444025,0.8914295082385079,0.3614352991774944,0.4957421028872048,0.7220253509608829
0.0,0.4903061557542922,0.6056751655717393,0.6220475930337828,0.3418382587981699,0.4623248687049988,0.06129943502824903,0.5025915135913219,0.8942960785249082,0.3834847735356708,0.4966009290630462,0.7729317159602013
0.0,0.5292773679744109,0.612476008013772,0.6448276731703309,0.35590201172330266,1.0,0.12085714285714255,0.4467916816098335,0.8966973874118301,0.4068567695459243,0.4953938353540792,0.7651219844623138
0.0,0.4711795809125922,0.6188454962894294,0.673552033320035,0.32078863444030503,0.4294220669129621,0.01828571428571389,0.4109329940210957,0.8965438401631062,0.4069541651642597,0.4962025600480349,0.7290786424969333
0.0,0.5288856974998368,0.6283060230934159,0.7049325556086361,0.3735039331046774,0.4460522658206906,0.1647300068352698,0.40951318847058976,0.8940435126043457,0.39444065881291934,0.4962746411609034,0.6697969197219574
0.0,0.5341732489065867,0.6330242762381549,0.7274620423532085,0.3794961031983417,0.4210294978944615,0.17064481653010308,0.5181012925634612,0.8919397844212121,0.3807171752540132,0.5015629693907931,0.8031688701103988
0.0,0.577061165872446,0.6378974840809045,0.748466349664762,0.3983870112040089,1.0,0.12331838565022415,0.5048661501653164,0.8896648144313529,0.37497712822563145,0.5003373698253408,0.8038639771023577
0.0,0.5552581761211569,0.6413451901492156,0.7796288587217007,0.4184354060024964,0.36617653397795297,0.0869955156950684,0.5479515988779113,0.8880566927503578,0.3748029323347437,0.5002594016372464,0.8229112716369085
0.0,0.6047392127423462,0.645676051675158,0.8100312394388112,0.43347794997644334,0.4736215920877854,0.32473971244422345,0.5546772521604135,0.8836237221187632,0.3567433626637009,0.5007744815840817,0.8379378492571894
0.0,0.6429270840133169,0.6472879703761212,0.8295579244819896,0.4478590848871891,0.4693330825517623,0.4814080317302918,0.6672545676962303,0.8797216716046318,0.34474248278668784,0.5064833377915228,0.9201921766389528
0.0,0.6417520725895947,0.6468430978192624,0.8260248001479575,0.4461767135442532,0.4427334863317485,0.4903321764997518,0.7110622012390136,0.8773377306278106,0.3425806748666941,0.5064066789933458,0.9612034891645084
0.0,0.6606828121940075,0.6467902806567717,0.8231162941400845,0.4792152117866179,0.4178678311324505,0.35547843331680673,0.6431227861595981,0.877247404222797,0.3549358913434193,0.5039626807944729,0.9405002044432328
0.0,0.6688426137476338,0.6471062381315157,0.8219166204585207,0.44245159659091343,0.41807114412897184,0.3817550818046601,0.6293423205223312,0.8766975589510021,0.3623514243119814,0.5064800147900976,0.9341420198991413
0.0,0.6756968470526798,0.6479466115762758,0.8311079689092711,0.4533445917906701,1.0,0.29895884977689663,0.6802637202835677,0.873022022205694,0.3492957760794213,0.506964638676507,0.96579721219647
0.0,0.6826816371825838,0.6495109228643904,0.8418005867699573,0.4642317315228021,0.4664024651098006,0.23748140803173004,0.6935086883256611,0.8711559048070182,0.3464067801342846,0.5082500835766249,0.9491768269801526
0.0,0.7451530778771461,0.6522699793916509,0.8562529713625204,0.5292734200683128,0.49597029819617,0.6427015250544659,0.6355865172513743,0.8690790634239348,0.34214538878439915,0.5027965071434312,0.9503162376251136
0.0,0.7705463803120308,0.6515713736168001,0.8569217878825849,0.5946900005858023,0.4810116458776963,0.8836621143146176,0.6726046308259926,0.8691438451284822,0.3472105395906557,0.5021298460171558,0.952861148826134
0.0,0.7874534891311443,0.6499205676839079,0.8578765049846978,0.6183015100845517,0.4957944688229264,0.8583712696004041,0.6611577556264089,0.8695624672711685,0.3601487758770009,0.5008393620194007,0.9746873443544588
0.0,0.7488086689731707,0.6491770598437081,0.869124563347065,0.5834217395365244,0.4816271644226965,0.776386404293381,0.5877700209777498,0.8683161195520642,0.3617194359805965,0.4981327674460186,0.993018928636383
0.0,0.6926039558717934,0.6482012373711801,0.8759536473100673,0.5296137468339959,0.507481375092438,0.6793381037567088,0.6339014193142679,0.86873503670035,0.3761015385639472,0.5021791785519819,0.9606444107589802
0.0,0.7613421241595404,0.6479356277180678,0.8879712961962317,0.5736915153901436,0.4771156201632427,0.7236135957066184,0.5665908454475332,0.8688481991934284,0.3842011051872184,0.5000526123234235,0.9596855501110444
0.0,0.7587962660748091,0.6444224971740461,0.8784158630781769,0.5683701231659304,0.4627989263327128,0.7647584973166371,0.511483721364389,0.8720083331584382,0.4085524655340299,0.4954587276919483,0.9649874854584553
0.0,0.7800117501142373,0.6423375898308076,0.8847074162296144,0.5936078065558488,0.4292614018114605,0.6077817531305896,0.5059224068897418,0.8721761381976602,0.4160770562973791,0.49878581052762105,0.9995068307619832
0.0,0.8090606436451466,0.6402074313119829,0.8870607237946706,0.6437123566092189,0.0,0.8649086571686257,0.4845074159047696,0.8716952449691046,0.4211351961042942,0.4973419330315912,0.9859175256165831
0.0,0.8467915660291142,0.6376334154056905,0.896393661985506,0.6426065045693405,0.4093713571477529,0.9266438616495628,0.4503240006091901,0.8712841350371344,0.4297158391478765,0.4945526599488297,1.0
0.0,0.8304719629218618,0.6327091424842778,0.8970748397127607,0.6054067613181113,0.4435501689095289,0.9627106489781286,0.42957224059071797,0.8710784246795863,0.4414582073458878,0.4930978391639168,0.9817780360255668
1.0,0.8517527253737189,0.6278449828139472,0.8966729538471073,0.6267130565377452,0.0,0.8782249742002057,0.4334877597040516,0.8693101916751459,0.4441854519571122,0.4896812689329903,0.9950352777190468
0.0,0.8772765846334618,0.6209970023534729,0.8825304749786204,0.6160161831187093,0.4299523566103881,0.9699494198155304,0.4180614987054712,0.8687743030438005,0.4516535946819288,0.4885814023727938,0.9765462455078492
0.0,0.9403355310398852,0.6134744459394755,0.8578370499621664,0.6658017259191095,0.5016301944582083,0.9833174451858908,0.4020948272897432,0.8677820368724097,0.4561024907740915,0.4872754021718458,0.9972653048357604
0.0,0.9317840590116848,0.6058997595888667,0.8381086954135297,0.6624216299939435,0.0,0.9406926406926404,0.41005851170971136,0.8649820180052606,0.4479710412668296,0.4879023393225425,0.984671521341656
0.0,0.9159214047914356,0.6013512885158374,0.8331580928350641,0.6241998133201904,0.5862491261075192,0.9484848484848486,0.4357820475659424,0.86068824290037,0.4324404446244202,0.4899425499386785,0.95663892566673
1.0,0.8500554866505647,0.5965102515284147,0.8387317100343441,0.5955547322847139,0.4387302743419644,0.9502487562189056,0.4559098791937079,0.8563138393484516,0.4140051797224517,0.4877535988827285,0.9747178614210958
1.0,0.8436582022325219,0.5930268769717058,0.8449638146578899,0.6379197408353416,0.5613849345969948,0.9323383084577116,0.4371379864307858,0.8525823449404429,0.4018668290520983,0.486498133704486,0.9896087706415752
1.0,0.8280566616619885,0.5882361089697378,0.8502181367223633,0.6274378691879039,0.5686815990882421,0.8646766169154229,0.4542100427906791,0.8484110546893927,0.386643844622394,0.4878674826806054,0.9759985655492746
1.0,0.8272733207128404,0.5842369238576712,0.8594758306919141,0.6283985158601983,0.5738691625729032,0.8072139303482586,0.42955258930282136,0.8437887470625999,0.3711734134496004,0.4861697371865194,0.8890862207346433
1.0,0.8148704223513286,0.5810232231986312,0.8650868425762858,0.6589099980458962,0.6150959910230267,0.7885572139303482,0.4285700249080073,0.8416193478706254,0.3677803058656063,0.486250583758633,0.83327925681791
1.0,0.8062536719106993,0.578494387819809,0.8468009627681589,0.6457196191385225,0.6145384135303611,0.7977611940298508,0.3975455541417546,0.8411592677477139,0.3746906492889596,0.4873841006814388,0.8290271350262131
1.0,0.7757033748939227,0.5754452394311221,0.8224211949006306,0.6619357512552716,0.6299077938503853,0.7208955223880597,0.4135220512014305,0.8427683105013591,0.389389588842974,0.4885821016650253,0.8788486825253162
1.0,0.7967230236960638,0.5724642571879757,0.8075704796655222,0.6872731450499738,0.0,0.8134328358208954,0.3796874462660096,0.8418683794876629,0.3876805970190113,0.4896142833313773,0.8537116412507045
1.0,0.8610875383510673,0.5679042134188075,0.8118849972092704,0.7195860634108778,0.6371480644609412,0.9736318407960198,0.4222079204515866,0.8388694683904846,0.3763443078850925,0.4892545975217111,0.8769873119418026
1.0,0.7806645342385273,0.5596113768040863,0.7938578751126331,0.6860363789580353,0.6308230895907215,0.8647385334501901,0.5268903310750728,0.8351814939617758,0.3605171944584712,0.493728634292148,0.9858262606943424
1.0,0.8016841830406687,0.5552849294410231,0.7858515661956937,0.6665967920150697,0.5896171233281882,0.9452599388379208,0.4580027413546614,0.8328045172576625,0.359429900910524,0.4922939745739936,0.9382820008237608
1.0,0.7529864873686272,0.5488491828174951,0.7693289643912269,0.6628200117708843,0.5101161262284198,0.8488576449912122,0.4540086170897427,0.8317296683705023,0.3659584792029905,0.4918832794208289,0.9585556725092677
1.0,0.7769436647300738,0.5446686981169859,0.7670769440551987,0.6463619088579955,0.5600716619888567,0.9356528245417136,0.4568138384369364,0.8304642758352537,0.3736044803295616,0.4922128413409267,0.9264289963846049
1.0,0.7599712774985313,0.5391858417969095,0.7536799229785297,0.6301479249079883,0.0,0.8303999999999996,0.4576932335702954,0.8271795349152871,0.3683357951451155,0.4922689435326801,0.9321953228685188
1.0,0.7911090802271691,0.5345570404955342,0.7397278640567974,0.6341282221964957,0.5939646020935975,0.9527999999999998,0.4629597787264982,0.8229760817689175,0.35202045829376283,0.4929063601376166,0.872234680334996
1.0,0.7821006593119657,0.5288315063242112,0.7282277214524789,0.6283348000976762,0.6004210905487803,0.8652343750000003,0.5080545716264878,0.8186378740979242,0.3374704218898886,0.4929281193953516,0.8776165850533156
1.0,0.7618643514589726,0.5250003150803095,0.7249725953374372,0.6402145532263183,0.5520738661032856,0.8007699711260821,0.5061434838785747,0.8142979181921043,0.3176686869847967,0.49282963971108,0.8639970710722619
1.0,0.6982178993406881,0.5233051214075108,0.7346827222384542,0.5475140446514434,0.5647780862130825,0.3078014184397158,0.5324074301519532,0.8100005040494699,0.3006748325693719,0.4951208131984407,0.8460299299803211
1.0,0.6527841242900972,0.5247400687161973,0.7440173823788214,0.5107239791538091,0.5344753368749022,0.2425531914893614,0.5293762189939525,0.8092091718486106,0.2990054933802868,0.4952929053417315,0.7620337741979775
1.0,0.6909067171486392,0.5271653047191869,0.7624587625879977,0.5300081881460765,0.5494712891737856,0.3744680851063836,0.4490122771421129,0.8115082426393202,0.3175614059716733,0.488136835360738,0.7633060271841103
1.0,0.7251126052614402,0.5267383972585398,0.7725588500920294,0.5494232168386618,0.5630305636838051,0.5858156028368801,0.4340183444772512,0.8134435154382093,0.33348110954720755,0.4867376130839844,0.7996613427303098
1.0,0.7558587375155038,0.5249058596420929,0.7761548013909323,0.5479224902613634,0.5381514071996608,0.5981087470449173,0.5102407774049492,0.8151422768397353,0.3518603225130448,0.4891976398355828,0.8435586472015011
1.0,0.7601018343233893,0.5216601782150464,0.7690116355461821,0.5541626128149079,0.516000006689783,0.6110132158590301,0.4357967860318642,0.8173869272394364,0.3745465492438905,0.4829128014551648,0.8496819367534663
1.0,0.7873229323062865,0.5181365562050432,0.7506207727124056,0.5925060270719722,0.5392844077880384,0.6186428947149856,0.3903384443057937,0.8223496950428019,0.4117809321282081,0.479232881549156,0.8641984348542402
1.0,0.8326261505320192,0.5163281682313184,0.7512159480999431,0.6030103495284971,0.5730546016440795,0.7081608515671198,0.3627971643191569,0.8236403688575223,0.4279266821214307,0.4808512265819585,0.8386160816438609
1.0,0.8018147398655265,0.5186462402111318,0.7724421125677576,0.5240126329150167,0.0,0.761307265830172,0.3787147075151439,0.8240053826329853,0.43889280524874,0.4783485420616788,0.8436867877900327
1.0,0.6676676023239115,0.5210605647901579,0.8031721251097715,0.3563031534187939,0.5608534530732829,0.8077596266044341,0.3671106220123903,0.8243392184993831,0.4454508775342063,0.4773980763310982,0.8739645782801704
0.0,0.6860108362164633,0.5211926515886902,0.8178038842416909,0.320011983967201,0.5282421220249851,0.8576209309400668,0.3606699124043841,0.8232504453674431,0.4429074326787089,0.4768814540264836,0.8879044437325522
0.0,0.7194986617925454,0.5168185947553106,0.8050213199006382,0.3464162071379985,0.6741569742396966,0.7535746881655007,0.3934924760131464,0.8217145670854676,0.4314417969872753,0.479408320606241,0.8627705825820327
0.0,0.7410405378941185,0.5149619676469127,0.7936021462979135,0.3092130621451702,0.5780091966674225,0.8381502890173412,0.34620656451272186,0.8208673169839732,0.4294653184751066,0.479574924217506,0.8079172577914058
0.0,0.6753051765781056,0.5123435157146388,0.7746873909554638,0.3122312889247664,0.0,0.7800425920292056,0.3307360881163747,0.8214456684281203,0.4364926705737455,0.4783689235563176,0.8350006864674381
0.0,0.7138847183236505,0.5102263661410592,0.7656193152082823,0.28510445481957897,0.5818698506370253,0.8013386066321874,0.3376729927437621,0.8206673981109266,0.440472271164826,0.4789002839317435,0.8181227403780147
1.0,0.7143416672106535,0.5060571774702181,0.7453886723893639,0.285800999707346,0.5357323231945351,0.7874832663989292,0.3524802381736092,0.8184452406776659,0.43407531377556696,0.4762980226996654,0.819651274541211
1.0,0.6968470526796788,0.5035877832706813,0.7388846295385236,0.3272876976211245,0.4747244627102187,0.7322623828647924,0.3528044844238977,0.8166811374360526,0.4305453720824126,0.4763358674767772,0.8075145302274493
1.0,0.6819635746458647,0.5018392590586666,0.7312718736960364,0.3682127751522306,0.35899789515627345,0.6750334672021416,0.3529911716589124,0.8138219163003707,0.4228014373964904,0.4763579473503994,0.8003386572696898
1.0,0.6616619883804425,0.4998272899584534,0.7238188391679643,0.35224161791117353,0.3950512276132578,0.5170682730923691,0.3974669489901692,0.8115764950597172,0.4150387557121191,0.4760283381592553,0.8050249416502673
1.0,0.6963901037926759,0.4989715464452522,0.716645004504047,0.3279304219814229,0.4024293834663811,0.5746318607764388,0.3485450677723793,0.8088242380143714,0.4058793838018343,0.4760882746847229,0.7287721385748938
1.0,0.7087930021541875,0.4970654450687033,0.7098635762877197,0.33701250108047004,0.5340538372074749,0.5495314591700129,0.3625220462886087,0.8076939794709582,0.4018583556989249,0.4771626351700967,0.7266029014690405
1.0,0.7631699197075528,0.4965446806073026,0.6982490014703289,0.3243976662711397,0.4388230152025461,0.7362784471218208,0.3655434318026619,0.8067034942462276,0.4058917946505435,0.4774090740312862,0.7164614891766969
1.0,0.7199556106795483,0.4927601211561427,0.6799254528348301,0.3459249990613351,0.43351135299217947,0.6342034805890224,0.3916649062387926,0.8066808723206421,0.40992661361434135,0.4793585456799765,0.7869296599697955
1.0,0.7619949082838307,0.4891879335647706,0.6407363927959713,0.3765939707268492,0.4212881910378334,0.6084337349397594,0.3547155721718112,0.8062277262756766,0.4128726905830923,0.4802845967290337,0.7335133403505565
1.0,0.7864743129447093,0.4861929094233163,0.6218505687176306,0.39633375961926604,0.3968239454511551,0.4820397690827453,0.3564350598627357,0.8048805051282998,0.4073175059906176,0.4804437704361034,0.7123243787469681
1.0,0.7263528950975913,0.4851750333423793,0.6123328222928744,0.3990533045328332,0.5225125724887527,0.4838309207275182,0.35020068877764066,0.8027264383881053,0.4065351617604696,0.48000482737615,0.6722529861333578
1.0,0.7025915529734317,0.4864241372019848,0.6259105070580331,0.3835116712612796,0.5585799420009007,0.29218846047223546,0.3404634756250336,0.8002681271862474,0.4058004956536421,0.4792821696660241,0.6294448766646833
1.0,0.6638161759905999,0.4882788241373519,0.6361409712399343,0.4046708307046664,0.5288107299961627,0.11772150373039855,0.3444772511778489,0.7970790583291737,0.4031164110327419,0.4796408146183354,0.592650221957805
1.0,0.7218486846399896,0.4936226910152139,0.6533851134771074,0.4023422753298497,0.6357100461497405,0.3108705871008952,0.32485544021341284,0.7951824417575138,0.4032293787751856,0.4781208881475724,0.4874467987735114
0.0,0.8537763561590184,0.4956853825034575,0.6700775456274344,0.5417920608164783,0.667802573622307,0.9795518207282916,0.3330795041980064,0.7946009269404705,0.3964820985578917,0.478766355927384,0.5328909432062605
0.0,0.8779946471701809,0.4899810583457338,0.6610125478856305,0.5633504609382214,0.5357861640202269,0.9791727779407451,0.3568428240865837,0.7951394054038771,0.39084068180916864,0.4806947167721231,0.5779598187725964
1.0,0.8059272798485542,0.4849520329314894,0.6500719612133626,0.5496672936929621,0.5394432684527892,0.7407517899761337,0.31580602213717585,0.7953751226471767,0.3809663984573809,0.4773929424570876,0.4914100041188048
1.0,0.7664338403290034,0.4846588036072054,0.6535880165529906,0.5477479528910727,0.0,0.7252386634844874,0.24562636023758394,0.7960552436733322,0.3842373172448119,0.4751895300488125,0.3841563315180083
0.0,0.7974410862327829,0.4856863156417321,0.6434343479420975,0.5798360561739364,0.5213390420390267,0.9686754176610984,0.24321907747028956,0.7977717371418577,0.3956322133102009,0.4749925607570071,0.38701203606242257
0.0,0.7084013316796136,0.4817807990004286,0.5812150961532936,0.5391691532059473,0.4814540397049831,0.9435790931118035,0.28024701668885604,0.798935055330784,0.4029552629788888,0.4781037834808141,0.4755663356368128
0.0,0.7115346954762061,0.4798179485636968,0.5226633150653954,0.5425356683948196,0.0,0.8438906195915545,0.2404678971648103,0.7999421942582979,0.4110124787838095,0.4747046865030202,0.3994508260491511
0.0,0.6995234675892684,0.4774456214621738,0.4706417433665544,0.5303683871844889,0.5081514735388903,0.8795430944963659,0.2181636854025321,0.7998852837797391,0.4138499831591146,0.4764969666809279,0.3719555169099813
0.0,0.6873164044650436,0.4751156570985309,0.4689488921201432,0.5188470882721068,0.5042637073853921,0.962222222222222,0.2463583707117205,0.7990353550526285,0.4127668426187021,0.475184147064797,0.3822159168916756
0.0,0.676741301651544,0.4717149672668572,0.4397948510273787,0.5595272096586037,0.5031159441392288,0.8426694329183961,0.2494927511311773,0.7979343082672145,0.412778627470704,0.4754100911321942,0.34431376138391856
1.0,0.65787584045956,0.4688013170425205,0.4148774215277774,0.5418572363302682,0.4831931063426138,0.7181881051175655,0.27313325047040243,0.7976451194547746,0.4164245843026765,0.477460781309844,0.3931902430094731
1.0,0.6166198838044259,0.4662160581393596,0.3673666137829889,0.5543564273941396,0.501815855347749,0.5765192491250405,0.27644449248092584,0.798487953280186,0.4315732807494129,0.4777409882004089,0.3891538144707336
1.0,0.6264116456687774,0.4666731080771229,0.3529049177967716,0.5631426935866749,0.5041645959614162,0.4890232262169909,0.25492633223449884,0.7987585342109488,0.4379091387181415,0.4795893574385321,0.3653745823989748
1.0,0.5799986944317516,0.467032946503079,0.3325181439730087,0.530603423463841,0.521223792280351,0.5504213891310668,0.23238630501746504,0.7992806273460765,0.4479273288371477,0.4775539142083596,0.3010937714521074
1.0,0.5406358117370585,0.4694770487492343,0.33249572248790155,0.482768229121272,0.5372966604286334,0.3408892763731474,0.2251398926057116,0.7990167007026484,0.4440059819823709,0.4768987293088609,0.2845270239348314
1.0,0.4027025262745611,0.4716215513055206,0.3157025094457625,0.3995138509806505,0.536586437059475,0.08026375625284222,0.21472471002068305,0.7989451226005572,0.44267699936051785,0.4758860395891034,0.2347260994920143
1.0,0.4995756903192114,0.4771200080818149,0.3152295167729383,0.4429000127410048,0.5341491091962907,0.2341696535244923,0.1445204840112209,0.7990479403335337,0.4381246187287471,0.4690183197527474,0.08755663356368157
1.0,0.5214439584829297,0.4776546937018885,0.3045815220018018,0.4653914777751438,0.5348741253201926,0.1800079649542016,0.2349016698681891,0.801727582356277,0.4592127760905325,0.4736030617679782,0.2530685094503686
1.0,0.5047326849011033,0.4792569335546365,0.31755131306465073,0.4547601372468933,0.6274007517215516,0.1829948227797692,0.18915838446762206,0.8046997622492209,0.4825920182247442,0.47320450293411104,0.232364651503364
1.0,0.529930152098701,0.4822420927402216,0.31820444235697226,0.4799380346490758,0.5935942304129648,0.13361210673038615,0.1655915774580076,0.8073771943133393,0.5018072436467715,0.4747681368848061,0.21237471969246274
1.0,0.5469678177426724,0.484398197101459,0.29487451430539435,0.44350819725973023,0.6363264465143984,0.17204301075268813,0.17742656559354258,0.8116731504607012,0.5179151684793136,0.4721271944076815,0.2126767653654296
1.0,0.5602193354657615,0.4872922675906726,0.26540768235552553,0.4518783930502774,0.6390314375977958,0.05141490633718608,0.08775282610084051,0.8151962097138078,0.5280261130908325,0.4681592658787941,0.18075145302274492
1.0,0.5783667341210261,0.4935682769866597,0.2362557811635792,0.41795476826194977,0.48568106472024797,0.024015577672003144,0.0,0.8201376421889496,0.5478149204580843,0.4589856544876641,0.0013327328376182429
1.0,0.5859390299627912,0.5001847693852092,0.21045371327396656,0.4263469691767657,0.5024015115693715,0.05743951228805499,0.02110057037863133,0.8223139521149451,0.5538848319669357,0.4612184974223598,0.01263186845569036
0.0,0.6367909132449899,0.5089911740390564,0.1917240615182742,0.4244186294882061,0.4639277061270803,0.12569494802997316,0.07319613459167068,0.8246421373972689,0.5645717591672643,0.4623483356610841,0.0489676914200937
0.0,0.5630263072002089,0.522615285213233,0.2124396235108681,0.3798705559279016,1.0,0.3294657964708725,0.09306849947678447,0.8253015807484262,0.5666736962204825,0.4642329222883833,0.025418826618016668
0.0,0.2932959070435409,0.5341789725110166,0.23602091647362905,0.3126428094134711,0.4942099616569919,0.2482475223591977,0.1657193108293333,0.8260509755876743,0.5687644187390577,0.4671727428980582,0.12675894681266214
0.0,0.34597558587375155,0.5463814648071521,0.2513417425769078,0.2986467933950112,0.5479010947948076,0.1825253507431586,0.1573675134734141,0.8263129183875674,0.5739383393319314,0.4663276438441274,0.09299175906158892
0.0,0.3480644950714798,0.5493780280622134,0.23555872421313725,0.3009031215942521,0.4717229933667387,0.21177110235150176,0.19790320758146698,0.8258562191061206,0.5738394525735608,0.4700690076331007,0.18894474668870406
0.0,0.4119067824270515,0.5557886173485921,0.2321622364824329,0.2934535142125397,0.5065823843390662,0.21190702732091893,0.27489695355909394,0.8258515651603314,0.5789710984839034,0.4734029800860774,0.2839680462778049
0.0,0.3019779358965991,0.5618554965976742,0.2408765779274359,0.30450801875354544,0.508044829033789,0.20225635449232016,0.26796987457565485,0.8255301495623516,0.5785790736097048,0.4727790124295091,0.2950095264329823
0.0,0.3238462040603173,0.5727078778204916,0.25142317887228555,0.31255963440132434,0.4552078733643672,0.2440468359426393,0.24239863620062002,0.8265468932719237,0.5891413545539804,0.4741112239360062,0.2352799393981133
0.0,0.24518571708336076,0.5794550320831587,0.23344457785964745,0.32301064035478644,0.4778531773983848,0.18305171530978,0.2361888292253952,0.8270807627492834,0.5945911460032505,0.4735214347472867,0.2144709960287401
0.0,0.3327240681506626,0.5890577050037951,0.21166516774081284,0.31350406588423513,0.4995658794111113,0.297027348394768,0.2195392755552716,0.828809385320718,0.6074749739843031,0.4719187970986953,0.16465808139935267
0.0,0.3203864482015798,0.5942140973815047,0.17768726332314533,0.35124366131631607,0.4111569921142318,0.28299643281807385,0.2591267950223289,0.8303185256086708,0.6137274282457107,0.4756109486980394,0.3228198241627071
0.0,0.38422873555715137,0.6014553148691714,0.16283046598631612,0.3781192044978193,0.4730240663548003,0.4367419738406657,0.26859871578833594,0.8317707814381153,0.6215781915148652,0.4764707539186663,0.31756306957739394
0.0,0.3202558913767217,0.6027945286415494,0.11878754851614892,0.38488588000730395,0.44821390071920136,0.3396098771000113,0.34698770320659905,0.8315287926192646,0.6131891451731274,0.4835541420381924,0.5106397631017152
0.0,0.328154579280632,0.6052536303672349,0.07493946652965644,0.3812226561839536,0.4359394859628972,0.271169241177134,0.3216031520665785,0.8304484266892891,0.6041180784129793,0.4812732000889814,0.4181989302848749
0.0,0.39695802598080815,0.6066676700280028,0.021454962810640632,0.3745817720487368,0.4327490534812593,0.3017251099334761,0.3096846459574845,0.8294225458006145,0.594141254819848,0.4801839795588331,0.3456603080595921
0.0,0.4690253933024349,0.6107873902013021,0.0,0.41329354577142985,0.4194162446145951,0.2302401623632877,0.3302890213167346,0.8296974224905523,0.5971471495480375,0.4784216064741752,0.3923627849321675
0.0,0.3818787127097071,0.6202618904627171,0.012508014836619341,0.429591940920455,0.4747384295657038,0.22257300710339392,0.2646979351409242,0.8300024856629075,0.6023764647904214,0.4758756889760157,0.270344099350366
1.0,0.2669887068346498,0.6331970698096879,0.045688283715953126,0.4175707446674083,0.4742991718853242,0.13180741910023674,0.280802165571926,0.8306933364115799,0.6095319815578062,0.4737045216327101,0.2725248490691642
1.0,0.3201253345518638,0.6526483683922328,0.0959914571021021,0.4495070860779428,0.3654473710189067,0.12853760288645852,0.24338120059543406,0.8299908541875697,0.6081966506248856,0.4700330318059245,0.1850653077152632
1.0,0.20732423787453505,0.6734850866925661,0.13916335019703566,0.4231479961461036,0.3578656091138929,0.17781035065960096,0.27115338321485233,0.8299796495146873,0.6100774957494486,0.4690294375760004,0.20115694511397306
1.0,0.11240942620275474,0.6966102758442925,0.19805850047798496,0.4364654474144925,0.33195078441171544,0.000879839115133147,0.2511238080265684,0.8304317730231744,0.6149580078039423,0.4670317285748238,0.14428528797373918
1.0,0.2545858084731381,0.7219981834085701,0.2600178744155105,0.4360725665381026,0.4337636647011612,0.038258038258038175,0.2518705569666271,0.8316249643455506,0.624380070413209,0.4671335170398196,0.17618162201868556
0.0,0.4347542267772048,0.7403433136247913,0.29158564706247103,0.5046282102963577,0.4745620792088275,0.3964532611962727,0.3324162732315069,0.8327883524594163,0.6360827362498431,0.4712219782047704,0.3490002984183826
0.0,0.37776617272667934,0.7462444589268089,0.2900209796510565,0.5278172892296961,0.4636806073309605,0.2966386554621849,0.3437796304575312,0.8323261668077554,0.6376630646469871,0.4686191784019961,0.3678465670408376
0.0,0.3735230759187936,0.7511348735372471,0.2742697430396342,0.5274822220400559,0.4802525947645259,0.3154189792879384,0.3017307871814649,0.8318760801380121,0.6365266536639035,0.4645027227565596,0.23383375800564696
0.0,0.3779620079639664,0.7572399713369592,0.269472276853156,0.521087445515153,0.4306572573995684,0.18315960471097875,0.30960604080589943,0.8316726313466737,0.6321871296809844,0.461578870551326,0.2406170373941192
0.0,0.4104053789411842,0.7648636042373723,0.2640820781861973,0.5393155735443047,0.41952830068798375,0.4015161770678218,0.3012738947378765,0.8322055156165339,0.6395679057390987,0.4607541042754956,0.20625301287790124
0.0,0.4869769567204128,0.7711759259482706,0.2729142698239482,0.5274552003540659,0.4595695030660782,0.4058481115473132,0.3662803550987722,0.8328107237175363,0.6489234016388534,0.4672014061499866,0.3660675343755021
0.0,0.4689601148900059,0.7787239345407954,0.2861836323610382,0.5237601485189404,0.4427719781559085,0.5114390144849059,0.4126623073559682,0.8326174847032818,0.6543286212277091,0.4681008703250539,0.4613089089364827
0.0,0.32156145962530186,0.7861436781827961,0.29934075049957715,0.5278587081924343,0.4448635004265203,0.4024110218140069,0.4330750826582296,0.8320144946032503,0.6521432820053497,0.4664245750327845,0.473532584991851
0.0,0.3246948234218946,0.7948630613819151,0.31450721245718105,0.5290618487923171,0.4520200641809176,0.3855525606469005,0.3956786817916079,0.8314224655184982,0.6560913751407671,0.462851311418095,0.3861074765282464
0.0,0.31855865265356736,0.8019455956740219,0.3229532775137631,0.5288198455140865,0.42592109279416657,0.4089332632685232,0.37386083940476256,0.8314384935502751,0.6640086525205798,0.4607337279016965,0.3253563804145722
0.0,0.2778249232978654,0.8097195441628195,0.3339724825908165,0.5197093097763298,0.4273549892622088,0.4017558927378568,0.3871500228446221,0.8314263947884325,0.6690732659837266,0.4583786674418077,0.3417234809356564
0.0,0.1817351002023631,0.8163762938619661,0.3323250733503168,0.5354179043202194,0.4770609458851155,0.3158563134978231,0.41231840981778334,0.8311872464570479,0.6730798780294498,0.4572339805382132,0.3888506301218923
0.0,0.13225406358117364,0.825676473973152,0.33911216259654703,0.4988105472963365,1.0,0.23756711557081245,0.365494303582921,0.8306742291605697,0.6661346028371229,0.4525865217895476,0.2592681863048921
1.0,0.0,0.8361982513653113,0.3497829606455396,0.4330975806783621,0.4677980099750774,0.08231263383297655,0.3342634942937572,0.8307060088057557,0.6628143400645923,0.4493722073991333,0.16352179601955816
1.0,0.1371499445133495,0.8528773235701157,0.3784148554851938,0.4463740148569005,0.4858073454943093,0.05188679245283008,0.2975794526133755,0.8312542442896081,0.6568379067379333,0.4454429172581639,0.07665909143080131
0.0,0.2884000261113652,0.8654132856296008,0.3956140818263617,0.4769046862827057,0.39318197478704403,0.14290184045983745,0.32591169693783817,0.8321744223657753,0.6623979485457232,0.444815373275825,0.0998024543549837
1.0,0.23650368823030216,0.8767353943617892,0.4091265864949499,0.4279647107966554,0.3987964573112615,0.005963156213395829,0.3822912419122666,0.8322310982768634,0.6656008019040246,0.447185073062728,0.2216749357403308
0.0,0.36810496768718576,0.8948304078686944,0.4541994418008357,0.4835678224502721,0.46172000414234204,0.05719921104536482,0.3409400193565185,0.831890691074724,0.6688758037150165,0.4427929930275567,0.10664829566506076
0.0,0.4521182844833215,0.90574937512828,0.4805914163431189,0.475455039107872,0.5776511975101567,0.06317552138833926,0.45003905693469387,0.8309999833297276,0.6654798723161846,0.4509825815329898,0.3766361402725041
0.0,0.4534238527319016,0.9137976999675408,0.5060706284114743,0.4749377301145525,0.4390731172023221,0.022594528127881937,0.4784646448766634,0.8301137917007443,0.6626865798164486,0.4542053122123085,0.3841343674920189
0.0,0.5025784972909462,0.9249255669137596,0.5518785206421164,0.5015107582441134,0.4916941223532888,0.09006991572505524,0.4680985905113755,0.8304458033972809,0.6654753473102528,0.4531509518921363,0.38315297797692016
0.0,0.4884130817938507,0.9332408951178224,0.5922362663389681,0.4960369814673802,0.4416906633657353,0.15041282756970215,0.4555414175456524,0.8316525515632996,0.6764579676157169,0.4514858278641203,0.4220641457631346
0.0,0.5127619296298717,0.9411731551533756,0.6335482638916348,0.4590980004702693,1.0,0.19776406434298047,0.5116605829554554,0.8331778291159583,0.6914522119781914,0.4539123935728594,0.5193227671700156
0.0,0.4255499706247144,0.9480473080897712,0.6492961898348897,0.43810581627280615,0.4316668483751648,0.019128532111660025,0.5041783550889466,0.8341653465252828,0.7010026364227163,0.4529695491850792,0.5222763010108572
0.0,0.4820810757882368,0.9592872111797376,0.6704026711705885,0.4704024256084721,1.0,0.2099010239491273,0.4235785977823521,0.8354613683644995,0.7112163452660313,0.4480288311611716,0.3953887432921504
0.0,0.4408251191331029,0.9662012796538296,0.6704208396947835,0.4174660180156151,0.3749986433353941,0.014854954785551888,0.4468408098295741,0.8362112323621831,0.7156530970186332,0.4468875879706666,0.4392965597570613
0.0,0.5302565441608461,0.9787176118168952,0.7062332598297916,0.4335316757485583,0.460199905039768,0.0019083969465649574,0.4198202889721884,0.8354025042921586,0.7168241144285982,0.4441394208432072,0.3502121552477224
0.0,0.629806123115086,0.9893436407876632,0.744029179566201,0.5106097128309781,0.509150836438622,0.20129107981220706,0.4500980107983826,0.8349455176501007,0.7204120186059773,0.44385341901569203,0.3832210158492447
0.0,0.618708793002154,0.9931825569958188,0.7657095377379476,0.50112978252608,0.5592039414266313,0.2080399061032857,0.5292190086907821,0.8350060557091928,0.7271634238219865,0.4489660459210631,0.5497004867090979
0.0,0.6641425680527451,0.9967139341036796,0.7784650137697605,0.4936574430019534,0.5833646315696026,0.3280516431924887,0.5364261185267428,0.8347403242680648,0.7300744945105558,0.44977919534610733,0.5661113191064521
0.0,0.7200861675044063,0.999442953194041,0.7909221064558662,0.5503953559684581,0.6173041851710288,0.6047535211267613,0.5721472471002067,0.8333473278386568,0.7270792995271532,0.4500718873346996,0.620699696326802
0.0,0.7314446112670541,1.0,0.8060112378155047,0.5619474376226063,0.0,0.8230633802816909,0.6298286898977641,0.8322829278677287,0.7286070705694452,0.4528829390865109,0.6851678522401093
0.0,0.6953456491938119,0.9969786961826328,0.8137199226796339,0.5727004688157802,0.6175009128766493,0.8157276995305172,0.6594284422915369,0.8310489788569663,0.7330510991858749,0.4559083935686216,0.7827173179405044
0.0,0.7338599125269275,0.9923829696526176,0.8135097532668467,0.560034556302855,0.619610932374292,0.9191132414619536,0.6590992832192739,0.8304756412158801,0.7376211555496627,0.45604524584598,0.7646146252027363
0.0,0.698152620928259,0.985157908784854,0.8040496179765872,0.5273035913948629,0.4592410361700761,0.8417483044461175,0.6700057480017095,0.8301891913318368,0.7426128947796172,0.4534900024822166,0.7794780652870241
0.0,0.604804491154775,0.980340424512188,0.8000073051372437,0.4566106964835936,0.4764216277165194,0.32856066314996096,0.6512928091024763,0.8300150423975364,0.7459063899836431,0.4509365620183439,0.7837364940341439
0.0,0.6285005548665059,0.981529657494762,0.8155758078775033,0.4920767156152762,0.4624823767699541,0.3104747550866617,0.6452598637183182,0.8293773472333331,0.7520820396907055,0.4504481990039925,0.7627793869057621
0.0,0.6283047196292191,0.9820830011579889,0.8151254226325964,0.4921603941988502,1.0,0.3666164280331579,0.6518872605613389,0.8270844792288546,0.7502186584104489,0.4513848041995885,0.7443924910289745
1.0,0.6346367256348324,0.9820603477391936,0.8088120811007004,0.5003730332832472,0.5495861257150165,0.26450640542577153,0.6848277318974789,0.8248258060109067,0.7502728967633586,0.4513564594413224,0.7684537458999735
1.0,0.6550688687251128,0.9821100342642765,0.8010367913791968,0.5271481231234754,0.45479420544819504,0.06566523605150094,0.7011383008513921,0.8229923914715697,0.7444725691475337,0.4493944432938221,0.8015419760137066
1.0,0.6997845812389842,0.9820098877433884,0.8005331584730369,0.530516733666746,0.4012738655213433,0.2275315268283924,0.6986966283302791,0.8220688933725141,0.7423926461279964,0.4492341337409209,0.7912805585748235
1.0,0.7990077681310793,0.9808467628989556,0.7996072462088032,0.5932574233540887,0.44012023148378177,0.6031175059952038,0.7047787019341782,0.821421345293062,0.7380917585215304,0.4498898348481637,0.805042279987473
1.0,0.8285136105489914,0.9772222141261424,0.7870859261187018,0.6184117677231273,0.4834866402311221,0.621535181236673,0.6760927344275824,0.8209351374835744,0.7392894071323248,0.4509272178503054,0.7541681251266555
1.0,0.8672237091193944,0.9775224324190749,0.7919520962594517,0.6136337386138716,0.4592952252505743,0.7572043010752685,0.6744076364904762,0.8194575858601573,0.7326311717714961,0.450675777549527,0.7552734842762657
1.0,0.8011619557412365,0.9776665955452796,0.8004106085332033,0.5174730767264979,0.3684274311691276,0.8109677419354836,0.6858446860461118,0.8180067851840979,0.7346724323311381,0.4523763198615196,0.7247103037895399
0.0,0.7572295841765129,0.978234809902612,0.8139991274869927,0.5312205547630628,0.32699569324938194,0.7015053763440849,0.7137102122830374,0.8164078689244242,0.7362695979844923,0.4555124039700471,0.7882424318127067
0.0,0.7213917357529864,0.9775875643550314,0.8221739648528509,0.5476119560511274,0.3628905769716712,0.6339784946236553,0.712344447774246,0.8173974277522168,0.7560276948151105,0.4554625601641902,0.7796325871467958
0.0,0.7860826424701353,0.9777939343787174,0.8302840500438438,0.5589553190767521,0.3829900777968856,0.7329032258064514,0.6434126426560677,0.8179526269853415,0.7651698393141629,0.4508581243797043,0.7299006968174798
0.0,0.8073634049219925,0.975799921209701,0.8321948361666586,0.5297167054967592,0.3703610426643663,0.7744086021505374,0.6671513984347748,0.818826763367475,0.7782656284620805,0.449779097499933,0.7566402869353412
0.0,0.7777270056792221,0.974098518571504,0.8365820662819474,0.5529014869190515,0.4108406552586061,0.7126881720430106,0.6727078000874481,0.8166566104109972,0.7720072118724725,0.4466043695535093,0.7653125864330259
0.0,0.7705463803120309,0.9734212261282638,0.8393039336121868,0.5439974849006916,0.4043459816206938,0.7311827956989247,0.6955917248426667,0.8142126296146052,0.7686272111974437,0.4494663609167723,0.7499486978167573
0.0,0.8173510020236311,0.9715826369670042,0.8434291615352263,0.545021146227706,0.4440203144149049,0.8537634408602149,0.7183724803364301,0.8136687431832025,0.7714031494012926,0.4482867598655946,0.7675492610837439
0.0,0.8708793002154188,0.966491976460686,0.8333672272791461,0.5550870741929053,0.4430983222716989,0.9673118279569884,0.7016639728026173,0.8143395713411558,0.7833493732679059,0.4451857615706532,0.8196516537649541
0.0,0.8637639532606569,0.9586519652664008,0.8255942803091463,0.5512241627467903,0.3853150456632761,0.9758820382817412,0.7292985964067622,0.8156534848147258,0.7971756602377739,0.4482400609823624,0.8701090781140044
0.0,0.8546902539330244,0.9510199765859044,0.8191230518619074,0.5455990722174584,0.420229480202286,0.90913319533921,0.7368889063567003,0.8142908948602979,0.8020195569397587,0.4489444609617424,0.8925404644616469
0.0,0.8862197271362362,0.9438761636136028,0.8067506482693925,0.5167725107689963,0.4974742673362622,0.9752329573320258,0.7484045610639205,0.8127836148283129,0.807410615885722,0.4503575316018583,0.8847202674173116
0.0,0.8699001240289836,0.9357367234899994,0.7923068953069334,0.5065415912377363,0.0,0.8875062220009959,0.7677365155318867,0.8111910073457985,0.8173074506890144,0.4486743756660557,0.917690007037298
0.0,0.8845877668255108,0.930571534894872,0.7808025818927489,0.4644343959594114,0.5338733887473706,0.9253359880537579,0.7575571484016133,0.8105731309965917,0.8308747801130391,0.4514633558599146,0.9041959887403236
1.0,0.8090606436451467,0.924873631155027,0.7806097444124412,0.4266358152298396,0.5541516143726057,0.9826928718099156,0.7403180560946011,0.8097620554332253,0.8423921946636425,0.4531521204623098,0.8940358902181562
1.0,0.7555323454533585,0.9199457641897284,0.7695941261136999,0.4316207002635321,0.5954629784263702,0.9141742522756816,0.7272057342458081,0.8091912020650046,0.8463311292306946,0.4521164257007679,0.8583743842364533
1.0,0.7486781121483126,0.9147801474252027,0.7598823117722802,0.4265303529768464,0.43145142336334574,0.967133512580761,0.6886400817493576,0.8083744389542961,0.8442654336323324,0.4519899566277074,0.8029644616467279
1.0,0.7072915986683204,0.9102446916915792,0.7319771885151063,0.3877242017535927,0.5869714911314481,0.5858983105261041,0.6840858957793947,0.8089592258088231,0.8523804080194325,0.4552550331785995,0.7993314567206194
1.0,0.6669495397871925,0.909836560403944,0.7181396729877186,0.3928274433870972,0.4495772072394483,0.3659857939724709,0.6523490658269016,0.8092160797263915,0.8681767066803713,0.4550849986644899,0.7835151301900067
1.0,0.6375742541941382,0.9124460378531666,0.7055523681798955,0.4047358115987739,0.6564313834276131,0.16095233849034668,0.6339112449582165,0.8098406648254136,0.8939392663442302,0.4533367998454878,0.7491115411681915
1.0,0.7125138716626412,0.916409316115952,0.7102304939817597,0.508792391368762,0.596025647168025,0.7236167461768241,0.6230342571076251,0.8096198836171152,0.9010877794088278,0.4556973965144484,0.7472290640394086
1.0,0.7253737189111561,0.9157215983831664,0.7026640048584443,0.4799759566481912,0.6196581542140526,0.7967363680948759,0.6258050887010005,0.8098791934458135,0.8915561193777216,0.45222514088121,0.7501935256861362
1.0,0.7277237417586006,0.913054468331084,0.6912458889505249,0.483635009745166,0.5792018368780563,0.9725829725829728,0.6070282831161048,0.8097102697444548,0.8797438823663551,0.4537982096457594,0.7360045742434909
1.0,0.7288987531823228,0.9095779498329696,0.6736321357305454,0.4867945881652163,0.4971176412758694,0.7534108135421931,0.6333364447872505,0.8090891971423463,0.8736134241901269,0.4529696882143196,0.7823715693173825
1.0,0.7129055421372154,0.9076399972740316,0.6687398562029344,0.5117914305370084,0.4926150934538631,0.7136100893326318,0.6451124790590962,0.8075760569479297,0.8782919047322569,0.4543527381255668,0.778764954257565
1.0,0.7113388602389191,0.9064656358727902,0.666624314378234,0.5084903177783616,0.0,0.8013662637940079,0.6573797955283491,0.8061648250926355,0.8802220137192162,0.4519505822921326,0.7883180858550314
1.0,0.7482864416737387,0.9054082574083292,0.6715513452333169,0.5144496820400574,0.4900838908854237,0.9043615344193384,0.6850389832423643,0.8045186527558673,0.8798802552636581,0.4550006828884278,0.8418103448275863
0.0,0.7013512631372805,0.9021199282005976,0.6598746665082824,0.488050294016726,0.5083115330519542,0.9545178896300788,0.7243071692811067,0.8031158431389992,0.8805945850178717,0.4556471080945249,0.87905524278677
0.0,0.7084013316796136,0.899754901319126,0.6520425836351956,0.4978112999847232,0.4845609369987271,0.8330084470435335,0.7187704189163295,0.8004911265580549,0.8715762922042795,0.4587505003057434,0.8765130190007037
0.0,0.7083360532671845,0.8963092238627054,0.6304368754984196,0.4980366502238489,0.4986819539832786,0.707602339181285,0.7379107733273067,0.7981208222655057,0.8663990903787603,0.4610725025655752,0.8676020408163264
1.0,0.7287029179450357,0.893048964445755,0.6094842558644129,0.524025402133192,0.5137212142993522,0.6195928753180656,0.7376749578725513,0.7949528446981329,0.8547560550320726,0.4613441038685964,0.845197044334975
1.0,0.7400613617076833,0.8913122959112192,0.5961230717179492,0.5387278932617616,0.5045229822375263,0.4696335078534025,0.7467587657026069,0.791916423785132,0.8394876851906855,0.4625641491827127,0.8332160450387049
1.0,0.6943011945949475,0.8907333623746291,0.5941729349113654,0.5257522311456444,0.5302433989933497,0.4159203980099505,0.7496671563112569,0.7898965741105334,0.8289011870371831,0.4633981908019013,0.7989481065918657
1.0,0.7243945427247209,0.8928906113718149,0.6112304779116361,0.5596575934164402,0.5250000012243248,0.465611889385517,0.7410107639929452,0.7875925318262597,0.817763385783486,0.4620230441099832,0.8114792426522477
1.0,0.7500489588093218,0.8933536687645073,0.6173696795876641,0.5918301166633785,0.0,0.8037291462217856,0.7554790247065817,0.7869645945396312,0.8219164590711435,0.4640040304586104,0.7926770187919119
1.0,0.8020105751028136,0.8930061880372743,0.6254655629274919,0.6022409156424557,0.5140901391686812,0.9354002367212808,0.7697360340753329,0.7861357998053357,0.8251400619635222,0.4649870416545063,0.8524721565980422
1.0,0.7416933220184085,0.8898867869377631,0.6146006026703642,0.5752560988219009,0.4954255872890952,0.8619418024470588,0.7896575271801876,0.7876419342194653,0.8402430954815815,0.4670263753182418,0.8975869051636853
1.0,0.7398002480579673,0.8910169083432874,0.6280721729357788,0.5741997531237861,0.4691005934737017,0.7155445191358858,0.747520253108588,0.7871845109677412,0.8440071001743726,0.4650679842651831,0.8903476206547418
1.0,0.6671453750244796,0.8931028008505751,0.6390862890476502,0.4963719191841189,0.4604222594168679,0.7675314117831618,0.7456189910046227,0.788100297855795,0.8555333151981833,0.4654927968184298,0.8446760040499492
1.0,0.6365950780077028,0.8969142910003693,0.6665619731576559,0.4703997461844594,0.5661499319964418,0.6987127900384925,0.7186770752988221,0.788246893624761,0.8648738471665273,0.4614339633236485,0.8656176172797836
0.0,0.6100920425615249,0.8979799643206502,0.6767510917087053,0.4504319458384021,0.5046961425152908,0.6038628998780378,0.7022977268372728,0.7888098083965981,0.8783150078325593,0.463067662241887,0.863609517381033
0.0,0.6219074352111755,0.8985902200731527,0.6845436803901318,0.4607755722532488,0.5137117950112772,0.5911509021936755,0.7237028921782959,0.7879216923689382,0.8846255687409016,0.4616332997429277,0.8780037124535941
0.0,0.6027808603694761,0.8982509063702824,0.6797108515258616,0.44771630862457296,0.5160886701049759,0.6549634280473688,0.7354297982304017,0.7853745913167397,0.8815731074012237,0.4628315827786735,0.9029109011137364
0.0,0.5658332789346564,0.8979429352665387,0.6804691563469456,0.4619906882420072,0.5270393313273378,0.4590457690309843,0.7507135873917337,0.7839821965925061,0.889809232631286,0.4647518034603311,0.8877489031387108
1.0,0.5623735230759187,0.8980846346660797,0.6796213933444172,0.4599942334753877,0.5463951379745601,0.4692401892731565,0.7131403249340453,0.7812824537018513,0.8902212384973475,0.4643382284962299,0.854463381707729
1.0,0.6042822638553432,0.8979246070122884,0.6703676825701068,0.4467286498816488,0.5234842712679934,0.4999318215338204,0.7484045610639207,0.779812182538235,0.9016540706578638,0.4644862967607272,0.862867026662167
1.0,0.5789542398328874,0.8961296565732629,0.6530672678495574,0.4720417127492649,0.5410128299364972,0.3969684236303781,0.7509985310662297,0.7779835167060919,0.903488780498914,0.4646800481024967,0.8725531555855551
0.0,0.6290880605783667,0.8968735247326451,0.6385570901965129,0.46348996822663,0.5196566614226491,0.5561442712000245,0.6930075804843059,0.7779484618400346,0.9172628291827288,0.4627172367660234,0.7918157273034089
1.0,0.5921404791435475,0.8953192985876667,0.6316326576252929,0.4780711185386453,0.5079008451222161,0.4448324896827892,0.7033687220276199,0.7776891143417081,0.9224657282184541,0.4634574386610405,0.835791427607155
1.0,0.575559762386579,0.8960681214876712,0.6372079909602364,0.5119648894428698,0.516880723929529,0.39140283455451663,0.7065620563107655,0.7770084212788736,0.930733353226659,0.4639699529716567,0.8235993925075938
1.0,0.5308440498727073,0.8973288087085329,0.6514471845784842,0.5160515227735211,0.5534489458641751,0.26339428580969537,0.6865668708762998,0.7783126188570614,0.948190393014396,0.4657301091467372,0.7970975362807962
1.0,0.4929172922514526,0.9005355131987669,0.6775184109426773,0.455587539943216,0.5568759287270444,0.09948768752556676,0.5976497059676047,0.7794602291066853,0.9643283717850072,0.4589411965982269,0.7539402632467094
1.0,0.5296037600365561,0.904791877356992,0.7033439941853121,0.43449471505090004,0.5244222456993974,0.2497585925738346,0.5778166436582839,0.7802158020557205,0.9723774268804052,0.4573061642114344,0.6913094836314548
1.0,0.5419413799856388,0.9064680758313194,0.726216497910189,0.4491169267057825,1.0,0.05527932143901768,0.6134444286142402,0.7785091479164422,0.9686560750136732,0.4574535872771444,0.7343570705366181
1.0,0.6032378092564791,0.9105282433298424,0.7465583501083393,0.4728295286554268,0.5748159365293671,0.17110266159695886,0.5984701472372744,0.7773373775145612,0.9698668208405284,0.4560778196464077,0.7037293283833947
1.0,0.5644624322736471,0.9138057985741244,0.7633470498924497,0.4678212847686526,0.4428080797194006,0.006528189910979196,0.5886887186869009,0.7760793250918064,0.9728619437853242,0.4588746726866637,0.6888288896388793
1.0,0.6341144983354006,0.9208232559253304,0.7868814131096242,0.5022280030350468,1.0,0.1916221033868098,0.5861537025482808,0.7747862233748392,0.9723164979352568,0.4588806577440934,0.6579311508606142
1.0,0.6108753835106732,0.9253967337163199,0.8050171158594981,0.520449053863852,0.4720881063889073,0.1063576945929891,0.6331251934423653,0.7736557888632035,0.9705744382193109,0.4603432279898161,0.7298768140398247
0.0,0.6984790129904039,0.9325116929146569,0.8401174978966828,0.5862948798653287,0.5139239206063663,0.18888888888888888,0.6196787996993354,0.7725137227798652,0.965703687230732,0.462735350153608,0.7112807964900442
0.0,0.7396696912331094,0.93448153404608,0.8555326056753154,0.6110364596769766,0.5249198623269417,0.495387954422139,0.6810448589774449,0.7716330200163791,0.9624802877083576,0.4658150156880052,0.8018140398245017
0.0,0.8052092173118351,0.9347937867383428,0.8659406198690058,0.6810536676747873,0.4860188156261044,0.7620034542314339,0.6972817356017469,0.7697535395064047,0.9512693721743904,0.463848496315374,0.8291765102936214
0.0,0.7811867615379595,0.9331253098682136,0.8570656224797605,0.6840389546764942,0.5126328538059794,0.6880829015544051,0.7302418582257835,0.7677476362221841,0.937966252428042,0.463775359388809,0.8631370232872091
0.0,0.8022064103401005,0.9334347961306206,0.8616062913155607,0.7326400872586802,0.5220725582662399,0.8580310880829011,0.7324821050459593,0.7657323115600038,0.9255618312296421,0.4641898157518994,0.8515693553830576
0.0,0.7917618643514591,0.9311907698707056,0.8522143284141284,0.7046796450255904,0.0,0.8639032815198618,0.7469798426914405,0.7634584289089689,0.9190125294592076,0.4657244068693556,0.8819946000674994
0.0,0.8136301325151776,0.9283287244206424,0.8439400170702402,0.7018229518150118,0.4903670065103086,0.9208981001727128,0.7740249276586961,0.7606242936330628,0.9144570862588008,0.46500994963044,0.8936044549443128
0.0,0.7871270970689992,0.9258109060820156,0.8457295934558726,0.6741788032679022,0.493744422130935,0.8409263477600607,0.7991392735901427,0.7570855118706127,0.9033127350595046,0.464072089353639,0.902708403644954
0.0,0.7243292643122918,0.9248651452558688,0.8595542947110791,0.5274652859242467,0.4641492037450361,0.8477600607441156,0.7967860318645632,0.7564684918889516,0.905829263419162,0.4641989180089681,0.8784864052123793
0.0,0.7169528037078139,0.9251940227818204,0.8806415458300003,0.5177617196189221,0.4909314440507911,0.7733485193621877,0.746621206687333,0.7562439338994519,0.9116807487596332,0.4570103024475989,0.8847429311280954
0.0,0.691233109210784,0.9235622549081196,0.8913655640440566,0.4752055940902442,0.4786042581680383,0.836370539104024,0.7479427557983579,0.7558106569226023,0.9164373994814996,0.4574112172180181,0.8666583134945495
0.0,0.7236764801880018,0.9205814282369974,0.8948384432904051,0.4669347857198,0.4198525707712068,0.8599088838268792,0.7627893038039978,0.7532406445618881,0.9110668352307141,0.459169569196796,0.8613289896838323
0.0,0.7734839088713361,0.91558241848001,0.9053596162964131,0.4768117454492829,0.0,0.9453302961275628,0.7659531611552991,0.7512394256835307,0.9056372268162364,0.4556960320160098,0.8659566470367119
0.0,0.7841895685096938,0.9081220012234622,0.8977927157381721,0.4878829668517826,0.4860260517407343,0.9422930903568724,0.7907923890561974,0.7492953615396712,0.8997662799127085,0.458348387561993,0.9120995698116356
1.0,0.8455512761929632,0.9000016006982514,0.8839532962541499,0.5452202713271475,0.6018810205140593,0.9650843468026684,0.7957346879621124,0.7468468141597314,0.8949986643862571,0.4591964034748742,0.8935471745395317
1.0,0.8379789803511979,0.8900342835860529,0.8432166226910269,0.5426058789595141,0.5884210915720667,0.9019407558733402,0.792570830610811,0.7443783081597394,0.8916472951730253,0.4591376163080678,0.8740675771624272
1.0,0.8461387819048242,0.8838961498393471,0.8162191453017424,0.5528094179540247,0.6064999558796583,0.7607255974661675,0.7768498002937869,0.7422794776830987,0.8924870700363537,0.4615371143499717,0.8484400451071298
1.0,0.8459429466675373,0.8798624491148848,0.8068816661068783,0.5514021137333107,0.5899049561041302,0.7869503546099295,0.7453733499059195,0.740579811774717,0.8912077113298249,0.4588766913125453,0.7811552437037967
1.0,0.8318428095828709,0.8766952400647153,0.7985370362845098,0.5415142815633213,0.5898055093926073,0.6890339425587471,0.7543687269404417,0.7391818890559144,0.8870108501748807,0.4560805496501785,0.7954141085077058
1.0,0.8270122070631243,0.8745350173980498,0.8018294154140918,0.5315339453461622,0.5874477447131768,0.7070496083550915,0.7402885791627569,0.7380210727262452,0.88781626737308,0.4585025421264403,0.7755299293427546
1.0,0.8238788432665318,0.8708694461284423,0.7876545771023364,0.5295735491370501,0.6418400306648044,0.6655352480417756,0.7533615984357571,0.7364047909095358,0.8821645841919373,0.4561770238176062,0.7966771097187038
1.0,0.8787779881193291,0.8681072326729471,0.7705132791322505,0.575887310727943,0.6736394762480817,0.6757568176132096,0.7637718681988118,0.7348533637801417,0.8795393012620688,0.4574850778382789,0.7924244054664799
1.0,0.8175468372609179,0.8654014314287746,0.7547631302832045,0.5554806673895807,0.6452153492094084,0.6454183266932267,0.7584365435349718,0.7326991610095134,0.8715827712639473,0.4566798578973828,0.7956148182123464
1.0,0.8101050982440109,0.8670242067163021,0.7512242006037181,0.5431317951433461,0.6170380519796732,0.6760956175298806,0.7630840731224421,0.7318442435561171,0.874365284853056,0.4575135710715771,0.7773746242618329
1.0,0.7896729551537307,0.8673726198380481,0.7564876580597626,0.5144537300785407,0.6396407607403863,0.7099601593625496,0.7413890512849484,0.7302290784038875,0.8758424662633372,0.4583339617046509,0.7741607737950091
1.0,0.7990730465435083,0.867999395984143,0.7516369877762681,0.5255979601907866,0.6729203919478495,0.7452191235059762,0.7471812683923775,0.7283051862203817,0.8776601837351165,0.4592243863072604,0.7603023652767621
1.0,0.7401266401201123,0.8671107288849743,0.7571409264766349,0.5129237212096642,0.6723196674525562,0.7113545816733066,0.7939120310097321,0.7258171762608464,0.8754172790584093,0.460818270607445,0.7980283956536929
1.0,0.7295515373066128,0.8659492022716714,0.7566625344043711,0.5528291095459729,0.6804958650448799,0.7023904382470121,0.8020329257328702,0.7230383733834632,0.8700763310857057,0.4616067925613563,0.8247556493861914
0.0,0.8330178210065933,0.8635845087021309,0.7526830739544165,0.6004769682276607,0.6589233628335307,0.8976095617529883,0.7984072631160062,0.7207438884332623,0.8604330946398691,0.4617606886211529,0.7938773295295976
0.0,0.8275344343625564,0.8570428989931309,0.7268886042388942,0.644092808176222,0.6984779705478266,0.8810756972111554,0.824450132400552,0.7183740293797499,0.8512630509560221,0.4609510941393451,0.8206560256370748
0.0,0.8438540374698088,0.8498026173097726,0.7079318452676632,0.6600310535706171,0.7181967148554361,0.9926294820717132,0.8147718731116341,0.7160328222777733,0.8437383896351233,0.4601095907690204,0.8088527402413698
0.0,0.8700306808538417,0.8400625805969613,0.6789254124354415,0.6790824446316001,0.6048449433644297,0.998025016458196,0.8564866444934633,0.7143376583176412,0.8465301831801456,0.4611187515828205,0.8530054603765932
0.0,0.8240094000913899,0.8279463059914559,0.6366911233115345,0.6888940011746167,0.5598015001887433,0.9855001228803144,0.8212174955416139,0.7130819408378174,0.8527956774125166,0.4614943698845431,0.8083552700069899
0.0,0.8943795286898624,0.8184736245643934,0.6075405959929779,0.7317811915924162,0.6312234426436044,0.9432292946669942,0.7804705500886765,0.7127829694549627,0.865816409767386,0.4606398535750033,0.7700144261514897
1.0,0.8391539917749201,0.8091967703415475,0.5805932315120276,0.7039755218713278,0.5296308441841405,0.9934369602763384,0.7634623604144455,0.7126001466195261,0.8751999918324463,0.4625420857758651,0.7531417778372669
1.0,0.7529864873686274,0.8059951658148097,0.5743111036627512,0.6724593173049996,0.4918645780465487,0.7837651122625218,0.7447985497349532,0.7116770440393948,0.8780605646164369,0.4644129841475014,0.7300673716146879
1.0,0.6776551994255501,0.8051899283163421,0.5775725765880535,0.6572359224968927,0.4823429991060304,0.5530224525043177,0.7128259043277048,0.7104202411547013,0.8811470759702106,0.461453483386845,0.674534124540817
1.0,0.6888830863633397,0.8050986472223536,0.5770957961013948,0.6177699605827476,0.4794207219388344,0.5816925734024173,0.7099420778289256,0.7095665368082703,0.8869172400002022,0.4612952653644205,0.6628890971013846
1.0,0.7023304393237157,0.8056111414008766,0.5864865789721847,0.6295214740529367,0.4574693430013729,0.5043177892918825,0.7154493512618583,0.7090125674123072,0.8978477421953975,0.4617151285749668,0.6828403158881006
1.0,0.6428618056008879,0.8051179437115441,0.5707162994647994,0.5804043252807686,0.4716435993411512,0.5537132987910193,0.6916221646876182,0.7088166829055694,0.9014132630428552,0.463092616204305,0.6493627210398727
1.0,0.7024609961485738,0.8061313629246409,0.5623892199798041,0.6265028839180503,0.5016554539429802,0.5153713298791017,0.6990749156222825,0.7086073005518746,0.9051918951344614,0.4638058047441489,0.6700575558827468
1.0,0.6193615771264442,0.8085348805122639,0.5541223130789383,0.6137869931228486,0.4605830873954917,0.219689119170984,0.7029413065158756,0.7081134006158846,0.9063284405537868,0.4641567075681794,0.6816728386799329
1.0,0.5252301064038123,0.8144739957781216,0.5658819692197185,0.5599902958995073,0.4669479407776124,0.22007230579664988,0.6636485563672627,0.7072659135433651,0.9104302984834246,0.4602838481332465,0.6174839007123841
1.0,0.6178601736405771,0.8208386513347466,0.5922085794040423,0.573185293285816,0.4674382215678215,0.29264891067390625,0.6694456862966656,0.7062905189539167,0.912998208802096,0.4571962655257187,0.6243846577135295
1.0,0.5914224166068283,0.8236829158676987,0.6019149271651314,0.5596039953535834,0.4890695114624786,0.4234492843892601,0.6954983812251596,0.7053710461752908,0.9220234698518244,0.4565931040177682,0.6545308526301701
1.0,0.5497747894771199,0.8274613648190291,0.6142207932819413,0.5386929981579448,0.4695759883440421,0.4323859558853396,0.7121184579634385,0.7040247922190799,0.927590041899506,0.454813910249543,0.6784083641933996
0.0,0.5909654677198249,0.8285017890027948,0.6124154078380041,0.5607702556114631,0.4429580993598947,0.598474047242881,0.7444153496209754,0.7028426514527774,0.9345919886979812,0.4549567298841836,0.714719136215589
0.0,0.6546119198381095,0.8272024518383401,0.6007561864621686,0.5478727950997935,0.4942298628590907,0.6285306924588646,0.7938923797218357,0.7009120309541589,0.9329669309354476,0.4609625164895775,0.790657207870432
0.0,0.5532345453358576,0.8243958339749047,0.5954211423947949,0.5434076261262166,0.4623925226295907,0.4731095783078368,0.8189035563918269,0.7002668140659829,0.9434565395401644,0.4602233794049602,0.8056038905992058
0.0,0.5607415627651936,0.8257074425173035,0.6101462493967678,0.4967937861920575,0.4307615708773129,0.473366472711392,0.7455354730310635,0.6993830154269814,0.947286458323412,0.4549836871021323,0.7430657802763274
0.0,0.5848945753639271,0.8251015619355229,0.6217721478896515,0.4595214286051869,0.4973768622499725,0.5443338854260173,0.736112680484797,0.6992532814278062,0.955772709073717,0.454144843233688,0.7242374217344101
0.0,0.5370454990534631,0.8237378060903807,0.6245581880782747,0.4265442478078125,0.4779836360325124,0.33293717522410354,0.7535188087389275,0.6979066588310355,0.9558982798674032,0.452456303819388,0.7450289266645845
0.0,0.5345649193811608,0.824923727897177,0.6390052400929036,0.4258466758507397,0.5282318201407411,0.3581403208091439,0.7241008307581958,0.6961279257807672,0.9577949976333898,0.45338593057446896,0.7005978673091507
1.0,0.4818852405509498,0.8251781082398584,0.6329392522591869,0.3797980739414073,1.0,0.056401095916864825,0.7394091840293979,0.6949838100428537,0.9640228089633964,0.4514785380973498,0.7068144975386307
1.0,0.5014034858672237,0.8302196618117517,0.6493006771728298,0.3941342021245754,0.4696599566177852,0.028399695846861406,0.678662140320021,0.69327838613158,0.9722975547732688,0.4486724722065572,0.6261693362483082
1.0,0.543638618708793,0.8370181340271561,0.6689839214334974,0.4183038567924566,1.0,0.18222222222222206,0.6771833809058261,0.6918669987292329,0.9868477186066468,0.4488395132136093,0.6046119067802912
1.0,0.5732750179515635,0.8412872843588987,0.6729922542515703,0.4366152603489675,0.4446298934438219,0.30222222222222245,0.7428530722332212,0.6903184980780576,0.9947765258378728,0.453409783137005,0.6848555154002883
1.0,0.6099614857366669,0.8441718424660755,0.6653527087025097,0.4641627688360579,0.4146924588855909,0.2226666666666665,0.7499226230539083,0.6887945505478056,0.9993481556763624,0.45424321411719104,0.7016512734396866
1.0,0.576081989686011,0.8466458838803378,0.6334096249985797,0.4880399303179787,0.4163126351374312,0.1080000000000003,0.7240222256066107,0.6877577748218858,1.0000000000000002,0.4516758515377052,0.6582924565822619
0.0,0.6731509889679483,0.8542398139401414,0.6473282718864833,0.5070614093641053,1.0,0.3890666666666668,0.6977189767574392,0.686958273029073,0.9959127423451728,0.4526937317894067,0.6204943509066538
1.0,0.5423983288726418,0.8585071552983411,0.6552416657184263,0.4568803528885174,0.4001801838200879,0.11599999999999985,0.7529489213899356,0.6863224569355727,0.982280674706301,0.4597909780205928,0.7088535880098007
1.0,0.5431163914093611,0.8686440049260383,0.694009361541298,0.458801665005143,0.4104589889815296,0.163757033617083,0.7207404605279317,0.6857612138771564,0.9743658550575052,0.4564938447257994,0.6561573382581247
0.0,0.6634897839284548,0.8762633475271197,0.725264053190313,0.5457916294680357,0.4009872851145208,0.6931087289433381,0.7352283725294646,0.6843697629350155,0.9687068970855492,0.4579607508267807,0.6968383721700232
0.0,0.5925974280305504,0.8754842661980059,0.7343222202336939,0.4696069216110637,0.4221049697856921,0.34058192955589595,0.8268426767019244,0.6832387937931613,0.966063831882398,0.4662831692850841,0.8001486266748095
0.0,0.6752398981656766,0.8791788590664775,0.7503797550491592,0.5043367437743285,0.461821256338841,0.6125574272588054,0.7448280266667975,0.6809784727677589,0.9571963580651212,0.46093726911585,0.690024205970806
0.0,0.7232195313009989,0.880945740257735,0.7633713989209021,0.5105429052482665,0.4607954496624197,0.8180704441041349,0.8147718731116342,0.6799418837522256,0.9616747755270872,0.4666729819805314,0.7895254162693468
0.0,0.6804621711599975,0.8797951422541025,0.7698859305854977,0.45993755008388304,0.4511245078651691,0.8493108728943342,0.8779360252322537,0.6785737209628132,0.9745293756588064,0.4715304719320592,0.8796554800828921
0.0,0.6586591814087082,0.8790727066775971,0.7901017894045157,0.4353716743449072,0.3984371837257091,0.5865237366003063,0.8673292425902359,0.6768605700912128,0.9817969602106016,0.4694921017578267,0.8800296454064008
0.0,0.7031790586852928,0.8791913674292163,0.8007866428539773,0.4873140309080182,0.3955635407520953,0.8768759571209798,0.8611194356150116,0.674919946239848,0.9817969883862382,0.4689320338247995,0.8682938061247986
0.0,0.7288987531823228,0.8750981861518619,0.8001195683247604,0.5160696414500103,0.4919136765028929,0.8419601837672284,0.91314130749844,0.6723598449882352,0.97217325326752,0.4722560654413653,0.9300454754777802
0.0,0.7823617729616817,0.8696928508058556,0.7825733128936134,0.5680973629925729,0.5013934903455782,0.8235834609494642,0.9162511238080262,0.6691681160927413,0.9687328891017448,0.4727762324500819,0.9266204236702736
0.0,0.8056661661988382,0.8654216679287559,0.7713663362037596,0.5881440250640881,0.0,0.7920367534456357,0.9239986440611352,0.6659643249522625,0.963025872032728,0.4739355905725264,0.9233608680635504
0.0,0.7926104837130361,0.8600281031305619,0.748469785824501,0.5694977276287171,0.4708860692310911,0.8959871589085071,0.9339471085586272,0.6631424759754126,0.9633817445953198,0.4753154266470256,0.924644275197468
0.0,0.8587375155036231,0.8565173606845451,0.7438489827174241,0.6214276401285428,0.3909864369859848,0.8073154800783804,0.958535782538848,0.6603415373645697,0.9583459346089246,0.4785004923308535,0.9861686819441166
1.0,0.7580129251256609,0.8523570765714111,0.732257676427081,0.5730203233738967,0.41582850523990617,0.6869331785532906,0.9515595753356684,0.6578417904305971,0.9457839660671676,0.4781910581307745,1.0
1.0,0.7833409491481167,0.8506778462961332,0.7372266457847486,0.5419795398674384,0.40029539574610973,0.7060872088805051,0.905831028401024,0.6552438157395691,0.937204522251424,0.4772593682276709,0.9925596169493652
1.0,0.8629806123115087,0.8499424361718562,0.7487644863645796,0.5431026512110428,0.4152387308202557,0.7955386459582008,0.8970812924652046,0.6533060113438832,0.9247854813191208,0.4763769996621151,0.9956135113403866
1.0,0.6911025523859261,0.8500432013188183,0.768074091745697,0.4697932400433537,0.3984203923028699,0.6598217543128161,0.8768257274661134,0.6509610284215449,0.921699252678436,0.478094491086033,0.994016399497673
1.0,0.6513479992166591,0.8566653104613687,0.8247422883165787,0.4464053055793161,0.3951415288357378,0.6783759837389897,0.8605790251978639,0.6487246488104091,0.9138366934275528,0.4767280615230829,0.9675953335946168
1.0,0.5884848880475227,0.8593925530002892,0.8644139688453221,0.4605260682785143,0.41660669654977545,0.5881065304633347,0.8354892433762875,0.6462072002299725,0.9081298570836224,0.4740558653454465,0.9248315232294358
1.0,0.6724982048436583,0.8638071410143672,0.9059655391931648,0.4582639445191276,0.4934558443117412,0.7922030541512483,0.8140889908572383,0.6439587971843103,0.8929255858076129,0.4720773582002246,0.8723834966357764
1.0,0.6720412559566553,0.8628324934515413,0.9157059453066616,0.4580453879021879,0.41572074840509865,0.8768436962526711,0.8484885703196773,0.6416495610957907,0.8720576473703122,0.4733836203359277,0.9235105957616956
1.0,0.6984137345779752,0.8596791475086817,0.9114649849741454,0.4224049434498398,0.4310404056101799,0.8876843696252673,0.8675650580449915,0.6397974050007272,0.8567207565440692,0.4723693616608308,0.9441663334666136
0.0,0.7397349696455384,0.8550814030203279,0.9066041437240469,0.4445156757693981,0.428200518993901,0.8741335279095221,0.8802106618062482,0.6383929742536602,0.8479173697226766,0.4738947356477839,0.9889036732389828
0.0,0.7186500424309681,0.8512476448964171,0.90548461359783,0.4338133177682108,0.4406852744272511,0.7953301714702664,0.8432515020953186,0.6364421955789051,0.8380701338026452,0.4729943344879925,0.9410910850368944
1.0,0.6941706377700895,0.8489216415642298,0.9093876279090995,0.4702228457891714,0.0,0.7819878042424555,0.8177834329817388,0.6348424967638343,0.8281991892295265,0.4707973868104359,0.8720535462279748
0.0,0.7776617272667931,0.8463030358907634,0.9101324496463244,0.4666974888841999,0.4504150747569339,0.9417171506162524,0.8122565082609101,0.632366615792089,0.8197960816036359,0.4693608604423616,0.8807306157009801
0.0,0.7668255108035773,0.8385767175895549,0.8897360131621508,0.4620237391337226,0.4446409616149367,0.8660869565217392,0.8473094930459002,0.6295725948376033,0.8129610851598897,0.470822646039065,0.9051489859279868
0.0,0.8212024283569425,0.8332218811619768,0.8857269137711983,0.43964245486052506,0.4185776277089077,0.9388115749944774,0.8508565505111791,0.6263073462234215,0.8063399522579734,0.4721994442533105,0.8755400882995275
0.0,0.7862131992949932,0.8258824307881988,0.8786343302468841,0.4753506963662813,0.3712296149501387,0.8265959796774901,0.8507877710035419,0.6234080267909482,0.7999686793311135,0.4720531977539174,0.8827285125446661
1.0,0.7589268228996671,0.8215546496346937,0.8874110858155997,0.4617552830272031,0.3922583423649156,0.6324276562845149,0.8269114562095613,0.6215703318834173,0.8015111805830423,0.469924789443708,0.8246489550555808
1.0,0.710163848815197,0.8202936393609592,0.8945090327177783,0.4820593888394517,0.4517193809595218,0.5308151093439363,0.781349945222035,0.6194077107808204,0.8036967074758,0.4681673948479828,0.7604008733094794
1.0,0.7294209804817547,0.821697578802391,0.9033805732704028,0.495129882886735,0.4635238584247866,0.6202783300198809,0.7873239367425042,0.6184748187357493,0.8058705999399288,0.4693250781647776,0.7539330830405309
1.0,0.636986748482277,0.8207730357028313,0.9061696431499175,0.4293746748912441,0.4496898669278609,0.2986525292688316,0.7412465794477006,0.6170803849257877,0.7995944972513046,0.4666691534255252,0.701857522855802
1.0,0.7219792414648477,0.8255403086355438,0.9292548320097138,0.4461542513949274,0.3371517870029808,0.5478241661144246,0.7077460464065162,0.6166360436915799,0.7972095387618695,0.4627765548943085,0.6380773558054109
1.0,0.7005679221881326,0.8250341197951996,0.9419333796232594,0.4802199403885573,1.0,0.4766953832560196,0.7825339353177858,0.6157592781880411,0.7991810875698283,0.4748010222703321,0.7650742267890235
1.0,0.6661009204256152,0.8259400289718299,0.9578045102055588,0.448502471354492,0.4812470485879789,0.19652134628416504,0.8242094041238227,0.614459884476536,0.8040844435193356,0.4779079526310375,0.8165166506763538
1.0,0.8072981265095635,0.8313974714564879,0.9885670788951836,0.5621442872958443,0.5043414847509701,0.5875883739198743,0.7772870414494788,0.612307777232625,0.7968081421047676,0.4723599441865202,0.7380127580726669
1.0,0.8601736405770612,0.8282273394084025,0.9785276707596108,0.6005438936831602,0.0,0.7703587326525265,0.8638951800303613,0.6103433620985393,0.7873248220839476,0.4834134493804722,0.8538900403541797
0.0,0.9804164762712972,0.8213845036108307,0.9518164484448528,0.6967647233878671,0.4837159170514421,0.9237697715289984,0.9279682042161836,0.6079614297611909,0.7734816714484606,0.490731668531457,0.9346230293984692
0.0,0.9984985965141328,0.8121717405927595,0.9204211556822148,0.7102345852481367,0.481517893065681,0.8994590561462411,0.9447012758598664,0.6053688256757218,0.7648478762207549,0.4897761837251736,0.9547936653726652
0.0,1.0,0.8054703097372461,0.8977632976019034,0.6977597558016924,0.4908789291145176,0.9769273026918144,0.9363249143940772,0.6026353756669619,0.7526159318390816,0.4890613983330037,0.9357403871595192
0.0,0.978523402310856,0.7976997031688964,0.8754577000734673,0.6874183471507896,0.5076674000795285,0.9997993579454256,0.9758190902436268,0.600748398269712,0.7536943783170325,0.4921337423990893,0.9766032357527394
0.0,0.931196553299824,0.7894043117878249,0.8385210048486132,0.7054288013052988,0.4822326534925354,0.9118262912396582,0.9733528536126436,0.5989324207192391,0.7526641923843913,0.4902680518001351,0.9966251225318584
0.0,0.9417716561133234,0.7833035227352684,0.8237626442682556,0.7129108655832626,0.0,0.9035699023700738,0.9248976904823901,0.5982053254493284,0.7580819883720237,0.4882654898504808,0.9306189609298424
0.0,0.9580259808081468,0.7768019459451271,0.8092249046191042,0.7527547408332653,0.5046418070730969,0.9810621655002056,0.9250254238537158,0.5967070694622661,0.7566493311472007,0.4868781149531856,0.9560495728889512
0.0,0.9180103139891638,0.7686458473542287,0.7951767061901556,0.7560397867170495,0.4680238139542876,0.9983533286285582,0.9650698357643612,0.5947924766040783,0.7585371755065359,0.4900544623514469,0.9988166923400088
1.0,0.8991448527971801,0.7620135757023293,0.7859495706813,0.7457116361564935,0.5729924269834601,0.9754016064257031,0.9543746223268104,0.591903131391578,0.7586077135498634,0.4891059718362055,1.0
1.0,0.8504471571251387,0.7548039606879862,0.7717699117803148,0.7274796847076185,0.4660644223970032,0.9153337010479871,0.9413359928076288,0.5895008130961633,0.7578024690066025,0.4876390195896406,0.9985228519195616
1.0,0.8936614661531432,0.7485857051750123,0.7580209843197728,0.723561710128524,0.5565671034869488,0.9230557087699948,0.9345464728394636,0.5871218749074313,0.7562890261037697,0.4868455804419333,0.991483087215828
1.0,0.8967948299497358,0.7410594712192297,0.7309535672911133,0.7292216666037415,0.4573203094299125,0.8233468608259733,0.9371158787319022,0.5844189239264143,0.7504953678178349,0.4874986782581773,0.9961218179256542
1.0,0.9174228082773028,0.7364983376408202,0.7186891250195624,0.7398283107781546,0.0,0.921046316294696,0.9048926794039764,0.5823320119892199,0.7493946687618408,0.4841212309101892,0.9505720374204664
1.0,0.8941836934525754,0.7318409093218708,0.7040901734201309,0.6619408679219153,0.5900931062891461,0.947444204463643,0.8977789131855226,0.5802603165038059,0.7466540632577293,0.4815710549027525,0.994210452396186
1.0,0.8666362034075333,0.7258432127878519,0.6994176848040747,0.6468327885222519,0.6763253012301707,0.9673267326732674,0.8951898560051879,0.5786922317361837,0.7510884267073108,0.4819051081888043,0.9748865070839968
1.0,0.8759710163848815,0.7187616185721909,0.6831269392646409,0.6554261702500312,0.0,0.924257425742574,0.8826474215053868,0.575891757221847,0.747841196842145,0.4837169681895224,0.961377125787002
1.0,0.8730987662380052,0.7103016352306794,0.6603117159713134,0.6490810245130504,0.6522360831838829,0.9257425742574256,0.911721501947934,0.5740883060445411,0.7528413222537615,0.4850199843822594,0.9800534730008392
1.0,0.8478360206279785,0.7013437081008435,0.6267044443032995,0.6326071404705315,0.0,0.9207772795216741,0.9089555831765326,0.5720801182921559,0.7497857730064388,0.4835918290475364,0.9956640399769368
1.0,0.8459429466675371,0.6937916956332838,0.5991223105910185,0.6322047950130407,0.6115138910532772,0.8666666666666665,0.8942367685422182,0.5705548912907318,0.7463000865768905,0.4855106078307891,0.9955577182682952
1.0,0.8456818330178211,0.6886157374004678,0.589966898116411,0.6327524889094982,0.5309238880927564,0.96286231884058,0.8828881497821163,0.5674009982159626,0.7295015138708683,0.4843186377721237,0.9811441937913812
1.0,0.6880997454141915,0.6839378756023211,0.5795757795707622,0.4711785196160823,0.36641858926808896,0.9518255578093298,0.9008936423170832,0.5639516852169942,0.7129343145249409,0.4882226961845123,0.9607213094445392
1.0,0.6301325151772309,0.6839590955338055,0.5817172538760517,0.4409509174310163,0.0,0.6551724137931029,0.8849367965453036,0.5601101859678933,0.6938819909911162,0.4866630908604183,0.9244681905139364
1.0,0.6835955349565901,0.6869448120013619,0.594214195472908,0.4655265250941923,0.5114549059680064,0.7610859728506786,0.8629224412794954,0.5571352463075813,0.6829456103823737,0.4846558086731506,0.8687404816116046
1.0,0.5888112801096677,0.6882360296279891,0.6044375243969429,0.4131686290374193,0.5098492012336481,0.5615619478312667,0.8922519884646939,0.5567533196671631,0.6868228563174112,0.486297977974187,0.8967252565593615
1.0,0.5681833017821007,0.6915498955157188,0.6322002973244967,0.3964220674089438,0.5084169401344376,0.4937042459736456,0.8415565785142642,0.5572509203504245,0.6985955488228628,0.4726424274145486,0.8973616261803925
1.0,0.5356093739800251,0.6920471208530138,0.643302761781583,0.41136449902217215,0.5673067410626993,0.3994018488308863,0.8259288918147473,0.5582998350081542,0.7112400925019748,0.4732639696935344,0.8892936297206557
1.0,0.5529081532737123,0.69315994246718,0.6492286612458547,0.3831523217050537,0.5458531063735608,0.4162588363240885,0.8388152238527332,0.5573012600443584,0.7157194596031934,0.4717192042799716,0.9080701908377404
1.0,0.5515373066127033,0.693146677116957,0.6453629318486078,0.38257267841403947,0.5236475057146045,0.4410005437737901,0.8433350200688776,0.5555908297939037,0.7183613744252636,0.4686057468791319,0.9139364947005773
1.0,0.5598929434036165,0.6927527763354269,0.6370922772735643,0.3919095655463372,0.5065212954810175,0.4222403480152257,0.8589676195903688,0.5540293719126116,0.7164942903143354,0.46749005351069206,0.9295750952725784
1.0,0.5893335074090998,0.6924045653922554,0.6326365485757512,0.37382890485884623,0.5079018595757236,0.4709081022294723,0.8535340384870473,0.5522539837729948,0.7135965976092826,0.4701820901743598,0.9279731993299836
1.0,0.5463150336183824,0.6912761202780519,0.6236765931871249,0.3654016344857222,0.5951005850679936,0.29853181076672075,0.8648482674933307,0.5502184326928682,0.7079062231738403,0.4682751717892146,0.9392084147081842
1.0,0.5237287029179452,0.6939350569609751,0.6291028894353953,0.32763443904911604,0.4984012745172769,0.16014138118542648,0.8537305513660102,0.5479846114305321,0.7040377258259768,0.4674733232147321,0.9054296226401294
1.0,0.4944186957373197,0.6985040524388482,0.6399621384720052,0.3502474753611985,0.4177996881478889,0.1522566612289286,0.829195918427504,0.5454538705481912,0.6998913650455216,0.4681793652596238,0.8704731810435
1.0,0.5349565898557348,0.7047894149034691,0.6627025068235156,0.3441299475203381,0.4681097608603421,0.2789559543230013,0.8461058516622533,0.5431577586916084,0.7036678215055743,0.4672552146124303,0.8743352863297567
1.0,0.5369802206410341,0.7069873808957157,0.6701943783333987,0.34770521934654125,0.4220758212575577,0.3828167482327348,0.8499820681997946,0.5399730993196817,0.7034273981805028,0.4682252637257798,0.8661795147498776
1.0,0.5869182061492266,0.7091538230120973,0.6820767826289297,0.4128496853729232,0.4222854851017113,0.2864268836965084,0.878741728036001,0.5378197613190446,0.7041126970032261,0.4694944686934488,0.8792141200909934
1.0,0.5651152163979374,0.7122010002200133,0.6941968999848956,0.3956270513844142,0.4152979396638806,0.299553688632187,0.8559167571444712,0.5351347188845751,0.6952602496360959,0.4690308891542137,0.8614030852954729
1.0,0.5285593054376918,0.7171308825636609,0.7171423901572789,0.4056002822914648,1.0,0.22788133368338104,0.8746788242634451,0.5341358199551872,0.6972530988235062,0.4724702473691523,0.8593939128786222
1.0,0.5343038057314448,0.7229402114447702,0.7457936030255992,0.4115279512840804,0.4053107171666645,0.1879758466789184,0.8384369365607298,0.5328235925220978,0.6996493974038079,0.4690643731974338,0.8392558721670305
1.0,0.5333899079574386,0.7288737197646218,0.7717220629782601,0.4092758259220598,0.33756960233691713,0.06321334503950826,0.8261204918717359,0.5322847279831157,0.7089182699056487,0.4709716022217855,0.8265337325150584
0.0,0.623278281872185,0.7365779905963649,0.8027054129827529,0.44705727678819934,0.326104188971898,0.2350583090379015,0.8286505951883818,0.5294882859429048,0.7026743998801088,0.4714963047122947,0.8243007801110787
0.0,0.6348325608721198,0.7405601944713379,0.8214995158167213,0.4593660595760433,1.0,0.3454810495626829,0.9006971294381205,0.5268631048057729,0.6965833229282008,0.4807789072649502,0.8744284281864018
0.0,0.6093739800248058,0.7437841960864624,0.8389288201019844,0.4242797851999623,0.4622481246460891,0.18913994169096207,0.9056836437418018,0.5244004774871046,0.6894930344252231,0.481037549313603,0.8941223662542754
0.0,0.7220445198772767,0.7485563150455221,0.8607472017176665,0.5207452036496983,0.5399970530831634,0.5650273224043723,0.8872703869829867,0.5239873459022558,0.6980410608150759,0.4817204265110345,0.8774015116328168
0.0,0.7573601410013707,0.7468861228990135,0.8632129259306841,0.5255503872066999,0.2696063559381464,0.7524590163934424,0.944106824401004,0.5239506836661955,0.7100607016030093,0.49089627163621397,0.9813086742952049
0.0,0.8160454337750508,0.7438933863460782,0.8620551213383577,0.5558347460797035,0.5699522591464392,0.9219890510948914,0.922367587165744,0.5230443117827225,0.7185286825870841,0.4898404237816622,0.972265619502034
0.0,0.8160454337750508,0.7405034626005861,0.8665682609177457,0.5572046980670915,0.0,0.8495575221238945,0.9441903423745632,0.5215671779390866,0.7267844694158893,0.4899301697112429,0.9992821855339272
0.0,0.7905868529277369,0.7382575133613297,0.8740435249958057,0.5015827909639271,0.5967788497753386,0.9047272727272736,0.931903374617414,0.5193985034786349,0.7342106640550623,0.4923421245016845,0.9898674040984188
0.0,0.7911743586395981,0.7359822485656411,0.8759903421317894,0.5032777144752845,0.5986073007732418,0.8330909090909101,0.9333330058118684,0.5173031449794004,0.7397460148165832,0.4924527466852587,0.9945259873785716
0.0,0.7715908349108951,0.7333784472812513,0.8692820903162903,0.535430481633867,0.6084258520106897,0.7341818181818192,0.92000943261819,0.5153390999759823,0.7483995099178096,0.4910092137639255,0.9927246904007944
0.0,0.5785105918322776,0.7077209186888971,0.644085649733328,0.36469074109828303,0.5306756412051691,0.6607310215557635,0.5311792246584358,0.9876416516802424,0.3621795260509752,0.5148829710661211,0.8304071745702466
1.0,0.5184538108757369,0.6986052668831166,0.6201321815326007,0.3774488259359054,0.5300634176617236,0.4208059981255852,0.5503146662474392,0.9869499786981384,0.3734012125176319,0.512543642142056,0.8441504231124378
1.0,0.5955448787944968,0.6931236272178423,0.6206462449530898,0.4315682146080232,0.4972461483120256,0.3732718894009216,0.5056325503932712,0.9871529967170954,0.3794693767671601,0.5132126448304439,0.7967542406112043
1.0,0.7036470845162699,0.6900717650718461,0.6210765374125544,0.4567695714828919,0.5612250955202986,0.6599099099099096,0.4443696603766172,0.98907596165884,0.3873330370821911,0.5125066462338401,0.7553474075666925
1.0,0.6420615854990173,0.6848903293364095,0.6177557552982593,0.3981289933146169,0.5118271830471465,0.7748851454823893,0.4523529960844807,0.9914210967093784,0.3924143193425438,0.5129254659326258,0.8019024248327156
1.0,0.5981655383271456,0.6808406398671387,0.5937990394844193,0.3750405054483853,0.5608646093964883,0.5765696784073506,0.4652982819861557,0.9922003182759694,0.4032666755754648,0.5137651400301384,0.8346952199046259
0.0,0.6671762393535705,0.6773816600103022,0.5670333753651258,0.36567586364708426,0.5302410123632183,0.7205206738131696,0.4500587082225904,0.9924233138150031,0.4118320321707691,0.5127758354825722,0.8094539382976842
0.0,0.6970954356846473,0.67034335404042,0.5347883243334666,0.381986510341155,0.589147031791311,0.7320307048150732,0.4829353128730672,0.9919582176922468,0.4167895854843183,0.5149566290052425,0.8754822469863516
0.0,0.6029700808036691,0.6632386295132087,0.5205091830142881,0.3312068601655014,0.5519452787824877,0.4305652477320309,0.4838097951844516,0.9911112013477468,0.4144578965020765,0.5150564339747568,0.8669061563175934
1.0,0.6656475212928588,0.6696779941863473,0.5615148392495777,0.3210898916907041,0.5461232643680198,0.5806001395673408,0.452490555099755,0.988750172991494,0.404933441998414,0.5130030892648807,0.819282289993296
1.0,0.5226031884690978,0.6720960929843249,0.5747306134636613,0.2740663791881809,0.5493081524028438,0.5127516778523489,0.5130951269718839,0.9856792075852584,0.3896700366259367,0.5136055825052577,0.8716622183993827
0.0,0.5988207032103079,0.6783725330304426,0.6107348340513228,0.3273172577841413,0.5209724102737151,0.7516778523489933,0.5378704881871192,0.9824611923581102,0.3763916882470584,0.5154508427490749,0.8637185827946923
0.0,0.5977287617383705,0.6740702978552218,0.6183406250720782,0.3269852862393668,0.5388459299207884,0.7154362416107376,0.5695483642759236,0.97969458939292,0.3588682834100462,0.5139864191718035,0.901887245911178
1.0,0.5835335226031887,0.6702456933769332,0.6460889669280112,0.3719412434886257,0.5650522297706893,0.7114093959731547,0.5868316719807025,0.977193783229672,0.3452527061900388,0.5115209181071798,0.9127654730131424
1.0,0.5772002620659531,0.6635295574392319,0.6487970550029296,0.4219368823920581,0.5758678206698119,0.6986577181208049,0.6078929397835411,0.9746587407276592,0.32993605369337065,0.50934756105238,0.9151435040540368
0.0,0.7289801266652108,0.6564655080411428,0.6450006871533768,0.4866488618100847,0.0,0.9107382550335572,0.5998359117460662,0.9725064470425164,0.3221658506259182,0.5088450487599274,0.9034177871662216
0.0,0.7088884035815681,0.6435566477865264,0.6246461592855734,0.5294433022131961,0.5766916007970045,0.8637583892617451,0.6087084682312371,0.9708578865232956,0.3144224056694737,0.5094554826554583,0.9169712991891928
0.0,0.6606245905219479,0.630720143931625,0.5926194618581946,0.5301942960579521,0.6033281893642747,0.9603590127150334,0.6253629347233342,0.9702160610409002,0.31476821409745226,0.5069432320140335,0.9282100256776756
0.0,0.6994977069229089,0.6184678438158906,0.5698705444228163,0.5549237679074931,0.5938720955129879,0.9067796610169496,0.5969127826714942,0.9693507330539624,0.3168613912744665,0.5084008223467535,0.9249212593445236
0.0,0.6536361651015506,0.6075818120431387,0.5577087359904928,0.5670041226401834,0.5546232529257239,0.9029126213592238,0.5687082717183576,0.9690483998167128,0.32602733340460466,0.5066086913008683,0.8860189483537194
0.0,0.5841886874863507,0.6009490795197507,0.5657667878447721,0.5696638375490299,0.37426943754504294,0.898234683281412,0.5657409272460192,0.9690940883700292,0.336038378724192,0.5063489951588641,0.8890673817625254
1.0,0.5689015068792311,0.5936468300512994,0.5597764648965554,0.558241541925402,0.4560048550586937,0.9179646936656276,0.5337977587706151,0.9700380548412048,0.35215867733349804,0.5075721826914087,0.8864047459428004
1.0,0.5241319065298099,0.5812753739476093,0.5224749820714258,0.5312743788979393,0.4761648032036841,0.4994675186368474,0.5113314238831926,0.970740792172978,0.36445026697735294,0.5095618681094003,0.8842607232756113
1.0,0.5392006988425421,0.5777325345514817,0.5123858746790922,0.5422164847312932,0.43456737029562936,0.214057507987221,0.45327660661560604,0.970060217039902,0.3749874147659956,0.5057007176331587,0.8076957132195756
1.0,0.5263157894736843,0.5796688436754822,0.5110243171910626,0.5320303587099214,0.401883527116406,0.5819905213270145,0.4128833843448017,0.9684221422996876,0.3777485466042,0.5029376121693906,0.7492884880529241
1.0,0.5236951299410352,0.5826159566808191,0.5232164185341082,0.5304895302966671,0.4467906197810495,0.527014218009479,0.4532864322595544,0.9668619232443736,0.3846287879200714,0.5021764514155406,0.7851929620400468
1.0,0.4217077964621097,0.5853473302208358,0.5285247436788467,0.5151633332648768,0.4612637285001624,0.4056872037914694,0.4524266884140921,0.9645147687752814,0.3873269826594175,0.5021516106144432,0.7754721277053265
1.0,0.3352260318846908,0.5903620225736148,0.5516544643051143,0.5133584148099005,0.5062443615736014,0.2578199052132701,0.4271305680696046,0.9628605460350124,0.3882732201694742,0.5004669965841297,0.717760603109149
1.0,0.36907621751474096,0.5948230533170187,0.5600552886103005,0.5368555744294334,0.4897158422162256,0.25687203791469143,0.4209600636701728,0.9613112008853664,0.39119284977665736,0.5037060294739792,0.7146362750926548
1.0,0.3941908713692945,0.5969685469898969,0.5736583731082774,0.5527216954828607,0.4918241851290355,0.18862559241706114,0.43874447921630655,0.9619311675875594,0.3966739674851598,0.5013285643609326,0.7234969705402429
1.0,0.5228215767634857,0.6049963968638166,0.608326581487568,0.5777536207110079,0.5567508182874349,0.6909952606635079,0.3797070975539063,0.9633993786810128,0.4084151771167557,0.5006057226116603,0.6911848413170246
1.0,0.4428914610176895,0.6010712390639592,0.6090277216746738,0.5300162669878881,0.5289981854690545,0.6976303317535546,0.4319107438503751,0.9653300910017903,0.4080867863527631,0.504275380062184,0.7922068887005578
0.0,0.5317754968333699,0.5963620037676405,0.5989577696864296,0.579502419974544,0.6572511911948198,0.6511848341232234,0.4375899660523999,0.9643234699445472,0.402815381627606,0.5009851539342995,0.7940916047914793
0.0,0.5927058309674601,0.5874286062499037,0.559696927719881,0.5609127793673518,0.5816363290496063,0.7071090047393362,0.443603260148662,0.962730388383318,0.3869161991400325,0.5015301084831307,0.7675980621576837
0.0,0.6119240008735534,0.5795828666238536,0.5443951642248571,0.5203069068710783,0.5898453290945359,0.7325581395348845,0.4484030872173288,0.9613664079880012,0.3770619899170157,0.5018177252033916,0.7894746828237855
1.0,0.5474994540292638,0.5720766122167535,0.5387420292060575,0.4894616728382071,0.5953047839499116,0.3653100775193797,0.4120531174311836,0.9613035843758531,0.3720499153218565,0.499273827058871,0.7411740895809354
1.0,0.5680279537016814,0.572282573412987,0.5722834774755565,0.4495609772050751,0.5986067200851048,0.38662790697674393,0.3589504247134596,0.9615754470569025,0.37630658053835264,0.4990887999761262,0.6836017050988525
0.0,0.6023149159205066,0.5744621609611731,0.6053922259619493,0.4702380303341,0.562281447540084,0.5978682170542641,0.35075583766071045,0.9618387430049076,0.3885249483840766,0.4984410563459755,0.6917224281214819
1.0,0.4697532212273423,0.571412558667934,0.6087046125830398,0.4447126687659755,0.6066318592004964,0.21802325581395365,0.4310510000049128,0.960952912408882,0.3875160275762154,0.5006741365747782,0.78372566629141
0.0,0.5527407730945622,0.5732774888564758,0.6010961516942901,0.4430904093707204,0.6083690555684386,0.37596899224806185,0.3879360743604733,0.959195334772932,0.3904611944737912,0.4976068870458527,0.703271057591358
1.0,0.6503603406857392,0.571739070409639,0.5811337236577562,0.4461609460898394,0.6138905621476543,0.6036036036036043,0.4166171290450947,0.9584117257232364,0.3915656023990453,0.4997635782440013,0.7464930366697448
1.0,0.6259008517143483,0.5680713120723122,0.5725454701207945,0.4283739186635018,0.6140194048500942,0.6806790622473734,0.4432593626104773,0.9562938009423021,0.3875846382453305,0.5017454542195628,0.7880516589296331
1.0,0.5846254640751254,0.5649876046785647,0.5777190615506499,0.4088921495184525,0.6187728430328652,0.5109135004042036,0.4178698986484827,0.9547959752442524,0.3774541518007805,0.5000831073054021,0.6948467561379766
1.0,0.5191089757588995,0.5646225916587859,0.5946478191428926,0.3737174988158277,0.6236692214005296,0.2384801940177854,0.3830527293182477,0.9532170298998658,0.36851322341166304,0.5010190817910601,0.6829882236867073
1.0,0.5754531557108538,0.5717642779435397,0.6283057328960523,0.4108646032212184,0.6314746053074685,0.5262732417138234,0.3597708659831293,0.9529907812369104,0.3683145086830443,0.4992774808311167,0.6438772025247608
0.0,0.540292640314479,0.5734850112551899,0.6379530452633689,0.4387024790959801,0.6398661867659774,0.4890864995957964,0.4663791028204515,0.9509140321037376,0.3464858100533881,0.5037960633249753,0.7612545378650849
0.0,0.605590740336318,0.5770758079994183,0.671252877231739,0.4872845162412087,0.7017251818973032,0.7668562144597886,0.5441982028897221,0.9470343526872936,0.3177468128792437,0.5061223663419754,0.8290853434863454
0.0,0.6178204848220136,0.5713914295220686,0.6868143662093568,0.4954479137688905,0.6651255266413245,0.9618196588139724,0.6046799542124988,0.9444074546103428,0.3001618919029612,0.5071631458824287,0.8599997470179741
0.0,0.6341996069010701,0.5619493635363291,0.693906808115185,0.5066677949287153,0.6383293187827531,0.8357723577235775,0.6414671651543363,0.9418736226241744,0.2984834553561692,0.5096290182918909,0.9396258395840976
0.0,0.5579820921598602,0.5505705462322854,0.676207338993294,0.5038237098463286,0.6366972214878213,0.6837398373983739,0.6668517162943568,0.9400609093420206,0.2980259127217736,0.5078923994323954,0.9493466739188179
0.0,0.5907403363179733,0.5425279402061509,0.6582687604317963,0.5247410833500252,0.0,0.6357723577235769,0.6847638652118164,0.9364350814792431,0.28877520694555936,0.5055599611372485,0.9612368291232908
0.0,0.7165319938851278,0.535219760708725,0.645290831776797,0.5688917337441403,0.625057729168802,0.9390243902439024,0.697645284427828,0.9351317517826676,0.2930966837163511,0.5066448251719465,0.9546592964569866
0.0,0.5614763048700587,0.5215794318282949,0.6136784328066591,0.5089428927765673,0.5342535431355396,0.7452025586353943,0.6878294661236356,0.9337452681902416,0.2965901801847713,0.5053140389756553,0.9959522875899663
0.0,0.5044769600349419,0.5175938261111441,0.6022151684530731,0.5167915952120284,0.7108093451144006,0.5106609808102339,0.6603225758908171,0.9350167108339285,0.3139360947397508,0.5036208800367877,0.9997795650082829
1.0,0.4885346145446601,0.5137175037134636,0.5797895179451409,0.5040173950873023,0.6532759121174948,0.4275053304904043,0.5869102771322876,0.9354718102280264,0.32500500200086635,0.5013951488867169,0.9912634591795008
1.0,0.5092815025114655,0.5095227630156407,0.5679311977056186,0.5209337904151057,0.6443629645346028,0.3379530916844353,0.536509636500302,0.9373300988130708,0.34705579239372264,0.5013918885059963,0.9434510017718409
1.0,0.5250054597073598,0.5021546763702065,0.5339873191706421,0.5332859641118317,0.6721753020753778,0.2611940298507467,0.5326530712506568,0.9370246681956051,0.3565692909434077,0.5009365210650623,0.9655308709281716
1.0,0.6492683992138022,0.4982357149318655,0.5170182964754529,0.5700640555754045,0.7626335625004086,0.5011838989739549,0.5155220610270743,0.9366922236420588,0.3654942787406419,0.499796427246016,0.9324246967425374
1.0,0.6702336754749945,0.4959996955047445,0.4842853360783604,0.5862783313078601,0.6135873193860841,0.6978260869565216,0.4989609381524839,0.9359763605487288,0.3734863103689071,0.498415714317061,0.9340261687338146
1.0,0.5453155710853897,0.4933507823518693,0.4746238921627017,0.5441602637031765,0.5850916854330973,0.5405797101449272,0.5186760927344278,0.9357428391031648,0.3866110019252715,0.4998391081544306,0.9707509881422924
1.0,0.4974885346145446,0.4956391257092678,0.5054835648147438,0.5123760203070956,0.6700164741455455,0.3326086956521742,0.5149767377879527,0.9340188706907578,0.39553106561189255,0.4995213256266453,0.9729726046067869
1.0,0.5042585717405548,0.5001566881563642,0.5185480565970391,0.5171872963467786,0.6037592092791241,0.4782608695652171,0.5024490417540739,0.9321529911506172,0.3872077037111601,0.4987492390006775,0.9350415701240284
1.0,0.5012011356191308,0.4998875572015234,0.5131049980268124,0.5150497155767263,0.6019525925286987,0.4630434782608697,0.4930508133176781,0.9298013559256284,0.3739888721154549,0.5017541759005794,0.9271091726863842
1.0,0.5531775496833369,0.4983737768910082,0.4740509722996493,0.5503544723235447,0.6553998587288586,0.4362318840579708,0.4816628919817834,0.9279504971339428,0.3645651399549629,0.5010143511587705,0.896558538912362
1.0,0.5822231928368637,0.4979973265823872,0.4611741434649136,0.5216060360087602,0.7098519704950184,0.5072463768115943,0.4685309188450938,0.9261869453189668,0.36740090468244346,0.5000941059445545,0.8739948207714321
0.0,0.5820048045424766,0.4990217904327852,0.4452376016556831,0.520538519668046,0.7996835667834827,0.5905797101449279,0.4772413522051203,0.9260399855803804,0.3757866225939719,0.5007457102499254,0.8898528008722911
0.0,0.5649705175802577,0.4941854244495869,0.4040089432272861,0.5069338290183357,0.0,0.6195652173913043,0.4554087713523525,0.9254973054089398,0.3817339675961916,0.4989215272272374,0.8972127572577342
0.0,0.7143481109412536,0.4864193627546261,0.3586548595263054,0.5482990817138869,0.6459149452779448,0.7528985507246378,0.4562390382659701,0.924363090670345,0.3862672060490453,0.4990391361698044,0.8832288401253916
1.0,0.6960034942127102,0.474691743352575,0.3217326579102026,0.5413972188516891,0.0,0.6960388035569924,0.4767107674319208,0.9215762221590416,0.3818780150436272,0.4968995783637091,0.8957339512062151
0.0,0.671980781830094,0.4688524849898381,0.3082610518518717,0.518283308550949,0.5556772116480052,0.8912,0.4399088180241612,0.91755547719035,0.3691193338551194,0.494294936807014,0.8237767479896415
0.0,0.6647739681153089,0.4616390696513655,0.31995302817688265,0.5164961512105919,0.509164608991655,0.7869565217391302,0.4668949491277285,0.9146545019112768,0.3599232351567643,0.4965109093646173,0.8063172958975059
1.0,0.609740117929679,0.456705526803401,0.3230963254805661,0.5361919514554938,0.0,0.6366585563665852,0.4341264265606808,0.9119164689769054,0.3511248794963626,0.4977064140426675,0.7724955703966201
0.0,0.6171653199388514,0.4567895337071,0.35204045329653605,0.5394163519247948,0.4914339062747219,0.8426601784266019,0.4052095564213037,0.9114361780229088,0.35274846280466376,0.4955580909391003,0.7157012402889464
0.0,0.6239353570648614,0.4533119641647054,0.33705256016443896,0.5443585623487931,0.5061633852859204,0.922288642186166,0.4318026617669458,0.9107393515047414,0.3553603632656702,0.4976111889231361,0.7698855117895598
0.0,0.5850622406639004,0.4490436743361599,0.3297035987954179,0.5653429608597377,0.4446348334903267,0.91801878736123,0.4356051859748761,0.9102988049869072,0.3592588724181224,0.4942056180849842,0.7705601744582253
1.0,0.479580694474776,0.4409769273684703,0.30143067861095096,0.5521236950616933,0.4304380442892268,0.8123300090661825,0.4463151378783485,0.908903113079778,0.3612660757289139,0.495055708665746,0.7862545999727406
1.0,0.5372352041930554,0.4369409434017182,0.2860875152589246,0.5843606338518481,0.5326826784279753,0.6817769718948319,0.42813278375231534,0.9074406262830316,0.35586270321800817,0.493732891900545,0.7458566171459724
1.0,0.37104171216422815,0.4336441126434176,0.2622114116268014,0.5364851348404513,0.4214652671930216,0.22121486854034425,0.41698067787117626,0.9057930563054508,0.3534458735130903,0.4928933601922876,0.7262709554313753
1.0,0.3419960690107009,0.445934000346186,0.285317978991044,0.5231019468722908,0.471920650268369,0.3148308759757151,0.3672678323155599,0.9055891792337708,0.3606139574011201,0.4889760012919554,0.6456930625596289
1.0,0.3644900633326053,0.4534396879789189,0.30370109524024674,0.536182016296481,0.4738964831379115,0.580436540016168,0.34912969358729345,0.9063606378840322,0.37549479970289423,0.4874189107602656,0.652139839171323
1.0,0.393317318191745,0.4489424211385413,0.28050227085289936,0.5538415284027757,0.4786573974850748,0.4693140794223829,0.3698224997420768,0.9066304708019668,0.3883580718522817,0.4890780969859064,0.6974717186861114
0.0,0.5407294169032537,0.4489293742419542,0.2832288182265041,0.5846457887786227,0.4951793611287574,0.5920577617328514,0.3828709549052072,0.9064287662884244,0.3960462277605389,0.4901725350199325,0.6871064467766117
1.0,0.3852369512994103,0.4460822233328243,0.2722319724975034,0.5641320974119403,0.4590156762234002,0.5870036101083032,0.3947894610143015,0.9053514404157508,0.3998284357510196,0.4910812658404163,0.7261823633637726
1.0,0.3216859576326709,0.4499027111941911,0.2985045530942255,0.5833122223915762,0.4756151713855498,0.3884476534296028,0.4044235049054528,0.9060787799640077,0.4133184878613197,0.4918691358917499,0.7250715551315251
1.0,0.2884909368857831,0.4537147178039229,0.2988284141099224,0.6241359248449718,0.4924491872832145,0.36317689530685937,0.3364202231403741,0.9049158173175316,0.4130649161615235,0.4900435248345068,0.6704988414883466
1.0,0.29285870277353154,0.4615406487092502,0.31885215539026224,0.626554847331835,0.4889342123345357,0.3776693105552165,0.3372357515880697,0.9034348682909399,0.40675962231656415,0.4901602220311472,0.6293716777974646
1.0,0.2408822887093252,0.4684307401703105,0.3421340000003407,0.6101538942490038,0.5426635705437514,0.4216247139588097,0.3398493728782748,0.9005173007551112,0.3877162440934221,0.4904190912082492,0.5978601608286764
1.0,0.08670015287180605,0.4720843971079236,0.3608381800241917,0.5825252509689635,1.0,0.12539682539682495,0.34695331345278024,0.8983390407237725,0.3726386234005065,0.4910216439569127,0.5922516014719909
1.0,0.08691854116619357,0.4817173930393308,0.3966666149376007,0.5781030859074872,0.5376965216831807,0.042352941176470184,0.2880338395177576,0.8957194725996119,0.3595310076933221,0.485997611681476,0.4893757666621237
1.0,0.18148067263594675,0.4937332112358173,0.4238709721215349,0.563077716608098,1.0,0.17035294117647012,0.35776643461770874,0.8937169562977799,0.3508677961665204,0.4883419647744216,0.5352119394848028
1.0,0.12928587027735314,0.4963358921496024,0.4414803220946177,0.5890808066745101,0.518027962648504,0.08752941176470586,0.39991353433325627,0.8926098722607155,0.34684411592682873,0.4882717955050132,0.5830039525691697
1.0,0.3085826599694255,0.5058106719879263,0.476936165493098,0.6350765549721991,0.4407703031408111,0.027277406073082912,0.3748434037995766,0.8918551246853271,0.3439907260814954,0.4898046215588602,0.5665121984462314
1.0,0.33260537235204196,0.5122078665936529,0.5030497385149221,0.6450272299176256,1.0,0.10742918225547857,0.40884995750408987,0.892050932982858,0.3437175060483174,0.4890434472504544,0.5830039525691697
1.0,0.3636165101550555,0.5244409636964975,0.5349879132561985,0.6060235528173694,0.48859624680428004,0.1127739176910742,0.4045905408525709,0.891926214419753,0.3427521084554899,0.4886106842799303,0.5960610603789012
0.0,0.3478925529591615,0.5353973370868681,0.5518896668714599,0.6011302456008444,0.4996737419318362,0.1478510028653294,0.4020800888238212,0.8909334954581068,0.3382157670740238,0.4883593711304875,0.6032233883058469
0.0,0.43830530683555374,0.5454183005817632,0.5686265924486023,0.5876072621370882,0.49437259384814897,0.3220630372492839,0.4832251693695376,0.8895453175368554,0.3332464962924723,0.4916168436641348,0.6569578846940167
1.0,0.3614326272111814,0.5499562187043161,0.5667215141658727,0.5469674984880089,0.4817662665252804,0.0882521489971342,0.4999484153692722,0.8883536832734008,0.33231799897769176,0.4929977140936515,0.6864794875289626
0.0,0.3703865472810656,0.564107094014463,0.6003322900739705,0.552185511480198,0.5395554963901382,0.14777612881446586,0.4411075465858345,0.8893645003090763,0.3435061935299686,0.4917603536412383,0.6324860297124166
0.0,0.41275387639222544,0.5752433207490464,0.6277075770374411,0.5720320813404363,0.5508877320084166,0.3082846606072576,0.4898820431444025,0.8914295082385079,0.3614352991774944,0.4957421028872048,0.7220253509608829
0.0,0.478925529591614,0.5796661923660356,0.6523914501960051,0.5547976856668575,0.4597463317458865,0.4687931924000484,0.5025915135913219,0.8942960785249082,0.3834847735356708,0.4966009290630462,0.7729317159602013
0.0,0.4664773968115308,0.580084715435351,0.6522816432849419,0.5479404436722498,0.455132507034811,0.3414054687549761,0.4467916816098335,0.8966973874118301,0.4068567695459243,0.4953938353540792,0.7651219844623138
0.0,0.3319502074688797,0.5823179853572218,0.6611632246020929,0.5128489197479291,0.5429189653493309,0.01975146655116881,0.4109329940210957,0.8965438401631062,0.4069541651642597,0.4962025600480349,0.7290786424969333
0.0,0.5446604062022274,0.5967391192464749,0.69853400662635,0.5945344140699955,0.5585211352081535,0.3489461358313816,0.40951318847058976,0.8940435126043457,0.39444065881291934,0.4962746411609034,0.6697969197219574
0.0,0.5376719807818301,0.5970011031034475,0.7033160020176321,0.589436178940758,0.6206030076450223,0.36143637782981997,0.5181012925634612,0.8919397844212121,0.3807171752540132,0.5015629693907931,0.8031688701103988
0.0,0.5750163791220789,0.6004300696824354,0.7199304286299981,0.5661611187723528,0.6369966858853618,0.4527712724434033,0.5048661501653164,0.8896648144313529,0.37497712822563145,0.5003373698253408,0.8038639771023577
0.0,0.5737060493557544,0.6009400117165764,0.7345703922130535,0.5645302957144669,0.6602419290285235,0.5277127244340349,0.5479515988779113,0.8880566927503578,0.3748029323347437,0.5002594016372464,0.8229112716369085
0.0,0.6614981436994974,0.5990402130714509,0.7417283160931869,0.5846492875337659,0.0,0.8056206088992969,0.5546772521604135,0.8836237221187632,0.3567433626637009,0.5007744815840817,0.8379378492571894
0.0,0.7409914828565191,0.5888210361222648,0.737407335298093,0.5988989653438814,0.5344586785098902,0.9664324746291956,0.6672545676962303,0.8797216716046318,0.34474248278668784,0.5064833377915228,0.9201921766389528
0.0,0.7171871587682896,0.5708867924907226,0.6989047458077184,0.5874432052519063,0.5580532564799368,0.8631329113924048,0.7110622012390136,0.8773377306278106,0.3425806748666941,0.5064066789933458,0.9612034891645084
0.0,0.7560602751692507,0.5569496186074225,0.6782118985181234,0.6113826735852045,0.6149160305007176,0.7627840909090906,0.6431227861595981,0.877247404222797,0.3549358913434193,0.5039626807944729,0.9405002044432328
0.0,0.7348766106136712,0.5393111652003848,0.6241463063476165,0.5849951455738283,0.5963073657285949,0.8622573659428212,0.6293423205223312,0.8766975589510021,0.3623514243119814,0.5064800147900976,0.9341420198991413
0.0,0.6973138239790349,0.5204583399471254,0.5852164472543371,0.5727130651060696,0.5044326420452849,0.6053639846743301,0.6802637202835677,0.873022022205694,0.3492957760794213,0.506964638676507,0.96579721219647
1.0,0.7752784450753438,0.5135034376126424,0.5672137151548139,0.578699614840374,0.4946573085120897,0.7475062344139651,0.6935086883256611,0.8711559048070182,0.3464067801342846,0.5082500835766249,0.9491768269801526
1.0,0.7152216641188035,0.5102466152041878,0.5669492367891706,0.5777663668117887,0.5085918564753863,0.6960950764006797,0.6355865172513743,0.8690790634239348,0.34214538878439915,0.5027965071434312,0.9503162376251136
1.0,0.7263594671325614,0.5112616786114605,0.5583548759819934,0.5838602045195793,0.5209265734676903,0.8347481607243915,0.6726046308259926,0.8691438451284822,0.3472105395906557,0.5021298460171558,0.952861148826134
1.0,0.7101987333478924,0.5081192205168386,0.5523763195131478,0.5761855624414262,0.5088767549015746,0.7724957555178271,0.6611577556264089,0.8695624672711685,0.3601487758770009,0.5008393620194007,0.9746873443544588
1.0,0.6601878139331732,0.5078035191597914,0.5626944300528891,0.5801325107306401,0.5481829693074789,0.7408036219581213,0.5877700209777498,0.8683161195520642,0.3617194359805965,0.4981327674460186,0.993018928636383
1.0,0.6272111814806726,0.5061487159310114,0.5785197237755408,0.5485925951016327,0.0,0.8607809847198645,0.6339014193142679,0.86873503670035,0.3761015385639472,0.5021791785519819,0.9606444107589802
1.0,0.7110722865254422,0.5010201572307174,0.5851897012471328,0.5460641647819025,0.5294788215302892,0.8936049801924167,0.5665908454475332,0.8688481991934284,0.3842011051872184,0.5000526123234235,0.9596855501110444
1.0,0.6608429788163355,0.4897060484071214,0.5651047355420878,0.5595096138221192,0.5413483025662263,0.961913755114888,0.511483721364389,0.8720083331584382,0.4085524655340299,0.4954587276919483,0.9649874854584553
1.0,0.6416248089102425,0.4824705301065106,0.5679652673192039,0.550864066778297,0.0,0.9046374918354022,0.5059224068897418,0.8721761381976602,0.4160770562973791,0.49878581052762105,0.9995068307619832
0.0,0.6416248089102425,0.47497313135077296,0.5575585975804335,0.549577676598649,0.5265351186953986,0.99468085106383,0.4845074159047696,0.8716952449691046,0.4211351961042942,0.4973419330315912,0.9859175256165831
1.0,0.5944529373225598,0.4657331653664387,0.5428298316020439,0.5255680662311646,0.4721717516596361,0.8872017353579185,0.4503240006091901,0.8712841350371344,0.4297158391478765,0.4945526599488297,1.0
0.0,0.5929242192618474,0.4600762021970488,0.5441592939407089,0.5240092649474273,0.4693695327474554,0.9514925373134324,0.42957224059071797,0.8710784246795863,0.4414582073458878,0.4930978391639168,0.9817780360255668
1.0,0.5682463419960692,0.4536638330137517,0.551245339544995,0.5578086958746102,0.4735906039006281,0.9111940298507464,0.4334877597040516,0.8693101916751459,0.4441854519571122,0.4896812689329903,0.9950352777190468
1.0,0.5841886874863507,0.44628384134908017,0.5479846493346779,0.5688001456854657,0.4791161555174369,0.9873134328358208,0.4180614987054712,0.8687743030438005,0.4516535946819288,0.4885814023727938,0.9765462455078492
1.0,0.5981655383271456,0.4364985008065152,0.5189882273628361,0.5769645423257004,0.5265271893347382,0.990306320279178,0.4020948272897432,0.8677820368724097,0.4561024907740915,0.4872754021718458,0.9972653048357604
1.0,0.5440052413190651,0.4242105458538781,0.4780747152002202,0.5924642986862153,0.5326839989572361,0.8937699680511173,0.41005851170971136,0.8649820180052606,0.4479710412668296,0.4879023393225425,0.984671521341656
1.0,0.5835335226031887,0.4162393196699029,0.4679128000679542,0.615080809165754,0.5683054310362506,0.946538124452235,0.4357820475659424,0.86068824290037,0.4324404446244202,0.4899425499386785,0.95663892566673
1.0,0.4784887530028392,0.4070002760982574,0.4601476639836168,0.6001026096765584,0.5283291291169001,0.7077363896848149,0.4559098791937079,0.8563138393484516,0.4140051797224517,0.4877535988827285,0.9747178614210958
1.0,0.5094998908058527,0.4062681844483521,0.4748946500088071,0.6203803290740633,0.4599510028377494,0.8605539637058267,0.4371379864307858,0.8525823449404429,0.4018668290520983,0.486498133704486,0.9896087706415752
1.0,0.3616510155055689,0.3985750339623422,0.4573032225563294,0.5490564815272551,1.0,0.2874880611270301,0.4542100427906791,0.8484110546893927,0.386643844622394,0.4878674826806054,0.9759985655492746
1.0,0.3716968770473904,0.4023778016819062,0.4736116774619194,0.5560673659452676,0.4523234978945818,0.051575931232092295,0.42955258930282136,0.8437887470625999,0.3711734134496004,0.4861697371865194,0.8890862207346433
1.0,0.3917886001310329,0.4120013535467044,0.4998020170389023,0.5715768866131569,0.4805091325503414,0.16090819348469854,0.4285700249080073,0.8416193478706254,0.3677803058656063,0.486250583758633,0.83327925681791
1.0,0.3845817864162484,0.42496895141097935,0.5512575701477374,0.5680669402785969,1.0,0.1390398194083538,0.3975455541417546,0.8411592677477139,0.3746906492889596,0.4873841006814388,0.8290271350262131
1.0,0.31032976632452514,0.43300949433962055,0.5843387623693213,0.5738109567106987,0.5946925725007463,0.08180691042646394,0.4135220512014305,0.8427683105013591,0.389389588842974,0.4885821016650253,0.8788486825253162
1.0,0.4055470626774403,0.4411394769123502,0.6358008951915187,0.5952441762661023,0.5847035706173807,0.01308900523560135,0.3796874462660096,0.8418683794876629,0.3876805970190113,0.4896142833313773,0.8537116412507045
1.0,0.4883162262502732,0.4434423461892647,0.6661895425794337,0.6042929382744799,0.6210217256070484,0.4882198952879586,0.4222079204515866,0.8388694683904846,0.3763443078850925,0.4892545975217111,0.8769873119418026
1.0,0.41930552522384795,0.4398779691194543,0.6785146412399641,0.5371909991010958,0.55966929426783,0.061518324607329686,0.5268903310750728,0.8351814939617758,0.3605171944584712,0.493728634292148,0.9858262606943424
0.0,0.4966149814369948,0.4430029714151962,0.6938790151453534,0.5618062566825146,0.5362477081171616,0.2609890109890098,0.4580027413546614,0.8328045172576625,0.359429900910524,0.4922939745739936,0.9382820008237608
1.0,0.4728106573487659,0.44164570803600656,0.6995508476384189,0.5890089681609423,0.5232099646069581,0.18543956043955967,0.4540086170897427,0.8317296683705023,0.3659584792029905,0.4918832794208289,0.9585556725092677
0.0,0.5252238480017469,0.4431371177719621,0.7244636505652358,0.5890676089965328,0.5313303241005672,0.3379120879120869,0.4568138384369364,0.8304642758352537,0.3736044803295616,0.4922128413409267,0.9264289963846049
0.0,0.5108102205721773,0.4430180404828421,0.7395412071206193,0.6248888359501811,0.5410102111615718,0.26510989010988906,0.4576932335702954,0.8271795349152871,0.3683357951451155,0.4922689435326801,0.9321953228685188
0.0,0.4933391570211837,0.4416976989396324,0.7415736229159556,0.608318478663388,0.5365239322919567,0.3406593406593412,0.4629597787264982,0.8229760817689175,0.35202045829376283,0.4929063601376166,0.872234680334996
0.0,0.5931426075562348,0.4381886791611853,0.7333583315261925,0.6406971911061058,0.5430673265077233,0.4967124925283917,0.5080545716264878,0.8186378740979242,0.3374704218898886,0.4929281193953516,0.8776165850533156
0.0,0.6374754313168813,0.4340560837032512,0.7274692406689733,0.6249451077469621,0.5107327570019562,0.6353488372093021,0.5061434838785747,0.8142979181921043,0.3176686869847967,0.49282963971108,0.8639970710722619
0.0,0.5431316881415157,0.43342479769368397,0.7554837127944249,0.5951437826751191,0.518606437708,0.5604203152364278,0.5324074301519532,0.8100005040494699,0.3006748325693719,0.4951208131984407,0.8460299299803211
1.0,0.5252238480017469,0.435038557694954,0.7936254884671057,0.5812462748506487,0.4433522630926182,0.6392294220665495,0.5293762189939525,0.8092091718486106,0.2990054933802868,0.4952929053417315,0.7620337741979775
0.0,0.5254422362961345,0.4313300031478644,0.8162601076833305,0.5819669824229969,0.4593338904706845,0.4465849387040273,0.4490122771421129,0.8115082426393202,0.3175614059716733,0.488136835360738,0.7633060271841103
0.0,0.5900851714348111,0.4294235496633092,0.8389629629241373,0.5790002745016545,0.4899558547440817,0.5709281961471099,0.4340183444772512,0.8134435154382093,0.33348110954720755,0.4867376130839844,0.7996613427303098
0.0,0.6005678095654072,0.42520612048211337,0.8453346796389265,0.5368979747265405,0.458908699473641,0.586690017513135,0.5102407774049492,0.8151422768397353,0.3518603225130448,0.4891976398355828,0.8435586472015011
0.0,0.6473029045643153,0.4222506856828887,0.8657080415313338,0.5187261888101516,0.4741272283643943,0.6541155866900173,0.4357967860318642,0.8173869272394364,0.3745465492438905,0.4829128014551648,0.8496819367534663
1.0,0.5682463419960688,0.4158180702696361,0.8645632267119323,0.5167524673012559,0.5059993197219008,0.4107066381156307,0.3903384443057937,0.8223496950428019,0.4117809321282081,0.479232881549156,0.8641984348542402
1.0,0.6226250272985369,0.4158864448367785,0.8907882858841232,0.5041644913480519,0.5018957860766772,0.4928343949044584,0.3627971643191569,0.8236403688575223,0.4279266821214307,0.4808512265819585,0.8386160816438609
0.0,0.6739462764795806,0.4136488115438717,0.9085145814151071,0.4994934912275484,0.0,0.6938013442867805,0.3787147075151439,0.8240053826329853,0.43889280524874,0.4783485420616788,0.8436867877900327
0.0,0.7495086263376284,0.4077845883119595,0.9311103062224744,0.5275619935054074,0.4853532502693487,0.9320076972418216,0.3671106220123903,0.8243392184993831,0.4454508775342063,0.4773980763310982,0.8739645782801704
0.0,0.7136929460580914,0.3910371739305072,0.9135548909128476,0.508435402819823,0.4322280549249808,0.9362706530291116,0.3606699124043841,0.8232504453674431,0.4429074326787089,0.4768814540264836,0.8879044437325522
0.0,0.8270364708451624,0.3784747378335562,0.897745251944953,0.5785918902934118,0.5046082826046571,0.978454680534918,0.3934924760131464,0.8217145670854676,0.4314417969872753,0.479408320606241,0.8627705825820327
0.0,0.8207032103079274,0.3662704517027389,0.8706788405888857,0.6255040430403759,0.5556130119159338,0.9761467889908256,0.34620656451272186,0.8208673169839732,0.4294653184751066,0.479574924217506,0.8079172577914058
1.0,0.7453592487442671,0.3564036965355495,0.8433990575165733,0.6069026173176352,0.5960523965172417,0.8691131498470948,0.3307360881163747,0.8214456684281203,0.4364926705737455,0.4783689235563176,0.8350006864674381
1.0,0.7931862852151126,0.34850038100728864,0.8325523907123806,0.588352838672849,0.5253164209189276,0.9021406727828748,0.3376729927437621,0.8206673981109266,0.440472271164826,0.4789002839317435,0.8181227403780147
1.0,0.7824852587901288,0.33671121668470017,0.794164241266325,0.5848573554662742,0.5893253015387139,0.8304985337243401,0.3524802381736092,0.8184452406776659,0.43407531377556696,0.4762980226996654,0.819651274541211
0.0,0.7912207905656257,0.3280354106340031,0.7838385880973757,0.5353203981054996,0.5807948868237157,0.8381231671554249,0.3528044844238977,0.8166811374360526,0.4305453720824126,0.4763358674767772,0.8075145302274493
0.0,0.8089102424110068,0.3195573710264763,0.7655387736995064,0.5549703339434419,0.6247342872297369,0.9178800232964474,0.3529911716589124,0.8138219163003707,0.4228014373964904,0.4763579473503994,0.8003386572696898
1.0,0.7029919196331076,0.30828784047382984,0.7534024906966643,0.5387483370634945,0.5691312770882222,0.6860803727431566,0.3974669489901692,0.8115764950597172,0.4150387557121191,0.4760283381592553,0.8050249416502673
1.0,0.6529810002183883,0.3030971535490237,0.7688445096933338,0.5526600936051861,0.6789219846194534,0.5847408270238792,0.3485450677723793,0.8088242380143714,0.4058793838018343,0.4760882746847229,0.7287721385748938
1.0,0.7252675256606247,0.2971361267498167,0.7768968901579814,0.5968837129670548,0.0,0.7722772277227725,0.3625220462886087,0.8076939794709582,0.4018583556989249,0.4771626351700967,0.7266029014690405
1.0,0.8392662153308583,0.28371998868535275,0.7439877115741437,0.6575879857883576,0.6968135724186665,0.8745704467353953,0.3655434318026619,0.8067034942462276,0.4058917946505435,0.4774090740312862,0.7164614891766969
1.0,0.8003930989298971,0.26459261434504233,0.6845396633151524,0.6398114014245091,0.5460324264016677,0.9702577660277591,0.3916649062387926,0.8066808723206421,0.40992661361434135,0.4793585456799765,0.7869296599697955
1.0,0.7789910460799301,0.2480417583352033,0.614023649324484,0.6296641307674062,0.5300885162184398,0.9324780553679948,0.3547155721718112,0.8062277262756766,0.4128726905830923,0.4802845967290337,0.7335133403505565
1.0,0.8484385236951301,0.2358853274597199,0.5881576660029343,0.6715217493845879,0.523119952869772,0.9221556886227548,0.3564350598627357,0.8048805051282998,0.4073175059906176,0.4804437704361034,0.7123243787469681
1.0,0.7516925092815026,0.2212153122507365,0.5500921149192793,0.5830864401312736,0.4029425626728682,0.9403810694529809,0.35020068877764066,0.8027264383881053,0.4065351617604696,0.48000482737615,0.6722529861333578
1.0,0.8049792531120331,0.21059221976155285,0.5413374653875677,0.5702131216628159,0.5422433341326814,0.9829683698296836,0.3404634756250336,0.8002681271862474,0.4058004956536421,0.4792821696660241,0.6294448766646833
1.0,0.7868530246778772,0.19522517286058205,0.5153168759975586,0.5637519211617312,0.5024689640996639,0.9415670650730406,0.3444772511778489,0.7970790583291737,0.4031164110327419,0.4796408146183354,0.592650221957805
1.0,0.7658877484166846,0.182385838443605,0.4882551946225582,0.5875992922415375,0.0,0.9362549800796808,0.32485544021341284,0.7951824417575138,0.4032293787751856,0.4781208881475724,0.4874467987735114
1.0,0.7837955885564534,0.16629479254933746,0.4467554151789585,0.5985045914062429,0.5753262764138906,0.917315757938885,0.3330795041980064,0.7946009269404705,0.3964820985578917,0.478766355927384,0.5328909432062605
1.0,0.8508407949333916,0.15084167269954207,0.3972847477519173,0.6360716127341093,0.5709711597307316,0.9464997154240185,0.3568428240865837,0.7951394054038771,0.39084068180916864,0.4806947167721231,0.5779598187725964
1.0,0.6765669360122297,0.13722195629389056,0.3633115194238993,0.5560363797200377,0.5520390817692703,0.7877094972067042,0.31580602213717585,0.7953751226471767,0.3809663984573809,0.4773929424570876,0.4914100041188048
1.0,0.6455557982092159,0.13607910522831834,0.3663399520681097,0.5225448288735702,0.6783752274818017,0.8009776536312853,0.24562636023758394,0.7960552436733322,0.3842373172448119,0.4751895300488125,0.3841563315180083
1.0,0.6966586590958725,0.13710615416933902,0.3695833074077064,0.5132995323901209,0.5718527957939996,0.919692737430168,0.24321907747028956,0.7977717371418577,0.3956322133102009,0.4749925607570071,0.38701203606242257
1.0,0.536143262721118,0.13140277589975935,0.3449568314091173,0.4390225066839671,0.5011190156404174,0.8642160540135032,0.28024701668885604,0.798935055330784,0.4029552629788888,0.4781037834808141,0.4755663356368128
1.0,0.5566717623935359,0.1319537472375043,0.3493243149656225,0.4515490412969125,0.5015808426969841,0.8042010502625656,0.2404678971648103,0.7999421942582979,0.4110124787838095,0.4747046865030202,0.3994508260491511
1.0,0.5005459707359685,0.12942205790275185,0.3516074500142348,0.4664829474345684,0.50180050029604,0.7839459864966234,0.2181636854025321,0.7998852837797391,0.4138499831591146,0.4764969666809279,0.3719555169099813
1.0,0.4848220135400743,0.12979546039550294,0.3752724267025403,0.4572552429510842,0.0,0.8244561140285068,0.2463583707117205,0.7990353550526285,0.4127668426187021,0.475184147064797,0.3822159168916756
1.0,0.4839484603625248,0.12647224985584393,0.3589189968296715,0.4567933104106723,0.4460971528131762,0.8897224306076519,0.2494927511311773,0.7979343082672145,0.412778627470704,0.4754100911321942,0.34431376138391856
1.0,0.514741209871151,0.11779228358811555,0.319135822836243,0.4234147172928831,0.5572195619770541,0.9032023289665212,0.27313325047040243,0.7976451194547746,0.4164245843026765,0.477460781309844,0.3931902430094731
1.0,0.5756715440052412,0.10681125382973188,0.2569808321627001,0.4550254014944668,0.5394610596864351,0.8966521106259095,0.27644449248092584,0.798487953280186,0.4315732807494129,0.4777409882004089,0.3891538144707336
1.0,0.4883162262502729,0.09970451893642207,0.2317452656090004,0.4589363988810373,0.4976647204256606,0.6419213973799124,0.25492633223449884,0.7987585342109488,0.4379091387181415,0.4795893574385321,0.3653745823989748
1.0,0.3577200262065955,0.10070558917345383,0.23785259966227335,0.4439128646242652,0.5069588342240067,0.583449235048679,0.23238630501746504,0.7992806273460765,0.4479273288371477,0.4775539142083596,0.3010937714521074
1.0,0.3505132124918107,0.10637934688019456,0.2619413453475321,0.4393902149285827,0.5242053517642264,0.5414937759336099,0.2251398926057116,0.7990167007026484,0.4440059819823709,0.4768987293088609,0.2845270239348314
1.0,0.1904345927058309,0.10635088395366354,0.2552109261173939,0.4034746369289997,0.522100943627033,0.2326203208556148,0.21472471002068305,0.7989451226005572,0.44267699936051785,0.4758860395891034,0.2347260994920143
1.0,0.30749071849748844,0.1137838322496143,0.29383776508442244,0.4149192993996753,0.5450019316594517,0.37462082912032335,0.1445204840112209,0.7990479403335337,0.4381246187287471,0.4690183197527474,0.08755663356368157
1.0,0.2793186285215113,0.11224694801761136,0.30661259414241354,0.3947580129943121,0.5371632893964042,0.28614762386248715,0.2349016698681891,0.801727582356277,0.4592127760905325,0.4736030617679782,0.2530685094503686
1.0,0.25180170342869623,0.11420039519160775,0.35010676754649617,0.4231777914482232,0.540681753694786,0.22800808897876595,0.18915838446762206,0.8046997622492209,0.4825920182247442,0.47320450293411104,0.232364651503364
1.0,0.31753658003931,0.1200944737032028,0.37045142079760907,0.4145493837885539,0.703143153556574,0.2724974721941355,0.1655915774580076,0.8073771943133393,0.5018072436467715,0.4747681368848061,0.21237471969246274
1.0,0.2675256606245905,0.12489067136241915,0.3826571518791748,0.4337681995737925,1.0,0.2098078867542968,0.17742656559354258,0.8116731504607012,0.5179151684793136,0.4721271944076815,0.2126767653654296
1.0,0.16422799737934035,0.13512304418479235,0.4046592943102314,0.3926369578018772,0.6986295630938636,0.0015212981744415278,0.08775282610084051,0.8151962097138078,0.5280261130908325,0.4681592658787941,0.18075145302274492
1.0,0.2100895392006989,0.15198814817523698,0.4130442376877963,0.4162400806540574,0.44445517173671945,0.015011547344111144,0.0,0.8201376421889496,0.5478149204580843,0.4589856544876641,0.0013327328376182429
1.0,0.28303122952609755,0.16510630932695206,0.4301782550035225,0.4188672508197949,0.4348475036323977,0.05562347188264038,0.02110057037863133,0.8223139521149451,0.5538848319669357,0.4612184974223598,0.01263186845569036
1.0,0.2701463201572396,0.17869289954922873,0.4369216877352063,0.4062206258798722,0.4915186618943024,0.00247985120892785,0.07319613459167068,0.8246421373972689,0.5645717591672643,0.4623483356610841,0.0489676914200937
0.0,0.3157894736842106,0.19592675675063956,0.4807779557036918,0.4354628699715174,0.4779967186604922,0.21525679758308205,0.09306849947678447,0.8253015807484262,0.5666736962204825,0.4642329222883833,0.025418826618016668
0.0,0.2854335007643588,0.2024984821100957,0.4857774472366938,0.4038909637578021,0.5180624116695897,0.0838368580060422,0.1657193108293333,0.8260509755876743,0.5687644187390577,0.4671727428980582,0.12675894681266214
0.0,0.3911334352478706,0.2097125621757532,0.48528057879837,0.4356920347552575,0.5273117618809239,0.257552870090634,0.1573675134734141,0.8263129183875674,0.5739383393319314,0.4663276438441274,0.09299175906158892
0.0,0.4258571740554706,0.21107080225116648,0.4783242443475966,0.4111264472819234,0.4800506518107069,0.3527190332326283,0.19790320758146698,0.8258562191061206,0.5738394525735608,0.4700690076331007,0.18894474668870406
0.0,0.4996724175584187,0.21628146203998397,0.498258985427199,0.4159502561799332,0.4912385059693028,0.4214501510574014,0.27489695355909394,0.8258515651603314,0.5789710984839034,0.4734029800860774,0.2839680462778049
0.0,0.384581786416248,0.22053087132560045,0.5289005217331801,0.393102594211094,1.0,0.3564954682779453,0.26796987457565485,0.8255301495623516,0.5785790736097048,0.4727790124295091,0.2950095264329823
0.0,0.30137584625464064,0.23054757253190686,0.5656656789143869,0.3781690612299096,0.4634298196932937,0.1389728096676739,0.24239863620062002,0.8265468932719237,0.5891413545539804,0.4741112239360062,0.2352799393981133
0.0,0.2941690325398558,0.2424960383910415,0.5911802783904231,0.3752491389891241,0.5040963946089256,0.009090909090908574,0.2361888292253952,0.8270807627492834,0.5945911460032505,0.4735214347472867,0.2144709960287401
0.0,0.4352478707141295,0.2527050259674217,0.6003958119925416,0.41635918936675176,0.5666243531483829,0.34676434676434664,0.2195392755552716,0.828809385320718,0.6074749739843031,0.4719187970986953,0.16465808139935267
0.0,0.4669141734003056,0.25344604318284136,0.587385057035547,0.4409679006011503,0.6214061350496639,0.31868131868131816,0.2591267950223289,0.8303185256086708,0.6137274282457107,0.4756109486980394,0.3228198241627071
0.0,0.5243502948241975,0.2551554621521652,0.5887256240310517,0.4844704355381905,0.47070038530066205,0.7887667887667886,0.26859871578833594,0.8317707814381153,0.6215781915148652,0.4764707539186663,0.31756306957739394
0.0,0.4739025988207032,0.2437577922824281,0.5394970666701614,0.4935091737495181,0.5689782646738792,0.5850914205344601,0.34698770320659905,0.8315287926192646,0.6131891451731274,0.4835541420381924,0.5106397631017152
0.0,0.6625900851714348,0.2357212796764496,0.504459380220282,0.6299110025890693,0.5183903841207465,0.5203938115330525,0.3216031520665785,0.8304484266892891,0.6041180784129793,0.4812732000889814,0.4181989302848749
0.0,0.6540729416903254,0.2221224854503867,0.4402708552131983,0.622243722842936,0.487228806476431,0.7308319738988581,0.3096846459574845,0.8294225458006145,0.594141254819848,0.4801839795588331,0.3456603080595921
0.0,0.7117274514086045,0.2159343713218349,0.4207948860079166,0.6548462199670476,0.5685984227084561,0.6639851485148519,0.3302890213167346,0.8296974224905523,0.5971471495480375,0.4784216064741752,0.3923627849321675
0.0,0.7296352915483728,0.21424594520909968,0.4088545175598858,0.6682738309744448,0.5687330353681849,0.7361445783132532,0.2646979351409242,0.8300024856629075,0.6023764647904214,0.4758756889760157,0.270344099350366
0.0,0.6831185848438524,0.21242271258020692,0.4010385723378015,0.6281047532733279,0.6125775476628906,0.7765060240963858,0.280802165571926,0.8306933364115799,0.6095319815578062,0.4737045216327101,0.2725248490691642
0.0,0.7497270146320156,0.2149994033029834,0.4130998517805755,0.6144279095553045,0.4889347530312032,0.8084337349397595,0.24338120059543406,0.8299908541875697,0.6081966506248856,0.4700330318059245,0.1850653077152632
1.0,0.5702118366455557,0.2122060157467558,0.3865758166312282,0.5546436470617664,0.5487193746800604,0.7042168674698798,0.27115338321485233,0.8299796495146873,0.6100774957494486,0.4690294375760004,0.20115694511397306
1.0,0.5962000436776588,0.2170526194796294,0.37594521025007693,0.5661539086752456,0.39141512360101016,0.7012048192771086,0.2511238080265684,0.8304317730231744,0.6149580078039423,0.4670317285748238,0.14428528797373918
1.0,0.6483948460362523,0.21622068579440468,0.3408665465449605,0.592445184510661,0.4851831452876496,0.9186746987951808,0.2518705569666271,0.8316249643455506,0.624380070413209,0.4671335170398196,0.17618162201868556
0.0,0.6407512557326928,0.2114443573467664,0.3252313294337202,0.614736238527315,0.5678331543344233,0.8975903614457837,0.3324162732315069,0.8327883524594163,0.6360827362498431,0.4712219782047704,0.3490002984183826
1.0,0.5378903690762173,0.20663171679727774,0.3201045574514083,0.6165269633966016,0.5496548239244553,0.7445783132530123,0.3437796304575312,0.8323261668077554,0.6376630646469871,0.4686191784019961,0.3678465670408376
1.0,0.5018563005022931,0.20376825766884,0.32069200047767155,0.650666522000403,0.5356689850381372,0.7246987951807232,0.3017307871814649,0.8318760801380121,0.6365266536639035,0.4645027227565596,0.23383375800564696
1.0,0.519982528936449,0.2003275542668992,0.30138401750954225,0.6588906408630103,0.6232494900004606,0.5759036144578317,0.30960604080589943,0.8316726313466737,0.6321871296809844,0.461578870551326,0.2406170373941192
0.0,0.6016597510373443,0.19841881184985866,0.2805583795303496,0.6965727610476834,0.0,0.8415662650602412,0.3012738947378765,0.8322055156165339,0.6395679057390987,0.4607541042754956,0.20625301287790124
0.0,0.6497051758025769,0.19172497647764186,0.2608090856930013,0.6703047944220591,0.3949846791638839,0.8975903614457837,0.3662803550987722,0.8328107237175363,0.6489234016388534,0.4672014061499866,0.3660675343755021
0.0,0.6488316226250275,0.18394988336043291,0.2477983221033547,0.6689048432795913,0.5724488720206741,0.9712874343933312,0.4126623073559682,0.8326174847032818,0.6543286212277091,0.4681008703250539,0.4613089089364827
0.0,0.5673727888185194,0.17578861330263384,0.22033330117829214,0.6784353850286479,0.6472581986315282,0.9150972522383451,0.4330750826582296,0.8320144946032503,0.6521432820053497,0.4664245750327845,0.473532584991851
0.0,0.5051321249181042,0.16900899625309784,0.18267224006949973,0.7030365328783387,0.0,0.8113615313368321,0.3956786817916079,0.8314224655184982,0.6560913751407671,0.462851311418095,0.3861074765282464
1.0,0.5086263376283032,0.16208469865403718,0.13847455616941046,0.7043895541676136,0.7082184217855197,0.8866934238962638,0.37386083940476256,0.8314384935502751,0.6640086525205798,0.4607337279016965,0.3253563804145722
1.0,0.5145228215767634,0.15382966144832988,0.10925079943877547,0.6558726236289527,0.4813514617513016,0.8873108984254398,0.3871500228446221,0.8314263947884325,0.6690732659837266,0.4583786674418077,0.3417234809356564
1.0,0.2465603843633979,0.142525201415586,0.06517832029522214,0.5594800411854276,0.4389852760487885,0.3304075235109715,0.41231840981778334,0.8311872464570479,0.6730798780294498,0.4572339805382132,0.3888506301218923
1.0,0.28019218169906085,0.14855219553446952,0.0663958072633889,0.5229604141657089,0.4874224395015779,0.3465465465465462,0.365494303582921,0.8306742291605697,0.6661346028371229,0.4525865217895476,0.2592681863048921
1.0,0.17711290674819824,0.15154315001073249,0.057298389808418726,0.4175457366876037,1.0,0.06006006006006004,0.3342634942937572,0.8307060088057557,0.6628143400645923,0.4493722073991333,0.16352179601955816
1.0,0.17187158768290028,0.16503770189589795,0.0713334021708541,0.4157380418376999,0.4146311126649998,0.04181600955794522,0.2975794526133755,0.8312542442896081,0.6568379067379333,0.4454429172581639,0.07665909143080131
1.0,0.2325835335226033,0.17944117199750045,0.08509797877943187,0.448201254983641,1.0,0.17042606516290726,0.32591169693783817,0.8321744223657753,0.6623979485457232,0.444815373275825,0.0998024543549837
1.0,0.18257261410788375,0.1905271645170332,0.09205878770067788,0.375833128723584,0.4062005659948925,0.012531328320802188,0.3822912419122666,0.8322310982768634,0.6656008019040246,0.447185073062728,0.2216749357403308
1.0,0.2976632452500545,0.2113170687511889,0.13743146081605612,0.4487360805848332,0.468347367222955,0.2852737085582115,0.3409400193565185,0.831890691074724,0.6688758037150165,0.4427929930275567,0.10664829566506076
1.0,0.17056125791657567,0.2239057233474122,0.1737453943725918,0.4040175416015717,0.5946423272573645,0.015569709837225687,0.45003905693469387,0.8309999833297276,0.6654798723161846,0.4509825815329898,0.3766361402725041
1.0,0.13955012011356188,0.23981109098899256,0.21304943218246766,0.3922450800303428,0.5550366274572073,0.08520710059171588,0.4784646448766634,0.8301137917007443,0.6626865798164486,0.4542053122123085,0.3841343674920189
1.0,0.13605590740336326,0.24983981430009994,0.2260179032669936,0.40846603857923147,0.5515337950523238,0.0604332953249716,0.4680985905113755,0.8304458033972809,0.6654753473102528,0.4531509518921363,0.38315297797692016
0.0,0.22079056562568244,0.2582609456903606,0.2317827220872441,0.4318744200104524,0.5386533618388257,0.18415051311288502,0.4555414175456524,0.8316525515632996,0.6764579676157169,0.4514858278641203,0.4220641457631346
0.0,0.2605372352041929,0.26167873648652584,0.2254808061048407,0.4107960199208704,0.5694652904059483,0.2594070695553019,0.5116605829554554,0.8331778291159583,0.6914522119781914,0.4539123935728594,0.5193227671700156
0.0,0.22188250709761947,0.2666785935242151,0.2348219883919601,0.34325856524382503,0.5376263355104961,0.07126567844925881,0.5041783550889466,0.8341653465252828,0.7010026364227163,0.4529695491850792,0.5222763010108572
0.0,0.17951517798645988,0.2778723631585098,0.24975918054768195,0.324133707505364,1.0,0.10946408209806163,0.4235785977823521,0.8354613683644995,0.7112163452660313,0.4480288311611716,0.3953887432921504
0.0,0.17034286962218848,0.28829451333951983,0.2555732499716762,0.3027875863021328,0.4841694853162293,0.037058152793614914,0.4468408098295741,0.8362112323621831,0.7156530970186332,0.4468875879706666,0.4392965597570613
0.0,0.2572614107883817,0.3006465945673811,0.25490388591978363,0.35898382222156383,0.5003425419823806,0.027912621359222917,0.4198202889721884,0.8354025042921586,0.7168241144285982,0.4441394208432072,0.3502121552477224
0.0,0.3020310111378033,0.3161941701067861,0.2644803568216354,0.3877333153912088,0.7012949625866142,0.02077151335311581,0.4500980107983826,0.8349455176501007,0.7204120186059773,0.44385341901569203,0.3832210158492447
0.0,0.2378248525879013,0.33081475222306644,0.27974003942210224,0.3555622693103452,0.6202482904078989,0.10690423162583597,0.5292190086907821,0.8350060557091928,0.7271634238219865,0.4489660459210631,0.5497004867090979
0.0,0.2535488097837956,0.3446585329981704,0.30087311409967354,0.36488333463490064,0.5552116893487451,0.17325017325017314,0.5364261185267428,0.8347403242680648,0.7300744945105558,0.44977919534610733,0.5661113191064521
0.0,0.2485258790128851,0.3540952963777249,0.3090638320379087,0.3585407666963266,0.5723788299218289,0.0594135802469133,0.5721472471002067,0.8333473278386568,0.7270792995271532,0.4500718873346996,0.620699696326802
0.0,0.32015723957195913,0.3653708435085743,0.3258513827040165,0.3569396290787057,1.0,0.16404077849861068,0.6298286898977641,0.8322829278677287,0.7286070705694452,0.4528829390865109,0.6851678522401093
0.0,0.2804105699934484,0.3703516735769776,0.3279462901241805,0.36375870117812825,0.5844832422660753,0.06765523632993546,0.6594284422915369,0.8310489788569663,0.7330510991858749,0.4559083935686216,0.7827173179405044
0.0,0.3125136492683992,0.37745810663143003,0.3358016865715045,0.4017854773875828,1.0,0.06302131603336482,0.6590992832192739,0.8304756412158801,0.7376211555496627,0.45604524584598,0.7646146252027363
0.0,0.34352478707141304,0.3858651136583777,0.3501414429100861,0.38302215919811344,0.5485696679941606,0.10658016682113114,0.6700057480017095,0.8301891913318368,0.7426128947796172,0.4534900024822166,0.7794780652870241
0.0,0.3083642716750383,0.39480789173865305,0.3665400123036603,0.3625162015317457,1.0,0.10843373493975914,0.6512928091024763,0.8300150423975364,0.7459063899836431,0.4509365620183439,0.7837364940341439
0.0,0.31709980345053523,0.4051348029675981,0.3887387277434957,0.3705064913152305,0.3756901564976812,0.08711770157553396,0.6452598637183182,0.8293773472333331,0.7520820396907055,0.4504481990039925,0.7627793869057621
0.0,0.3629613452718935,0.4151906210241088,0.4061141440673157,0.3583016990684895,0.4369830291601125,0.18199052132701446,0.6518872605613389,0.8270844792288546,0.7502186584104489,0.4513848041995885,0.7443924910289745
0.0,0.470189997816117,0.4233079950891554,0.42660582478158265,0.3886873543106252,0.5379087499371958,0.6161137440758295,0.6848277318974789,0.8248258060109067,0.7502728967633586,0.4513564594413224,0.7684537458999735
0.0,0.5562349858047608,0.4246955918960949,0.4122439669864928,0.41603743704848456,0.5308509772937823,0.8663507109004742,0.7011383008513921,0.8229923914715697,0.7444725691475337,0.4493944432938221,0.8015419760137066
0.0,0.5479362306180389,0.4217440698942048,0.3824342187112572,0.4070535085406133,0.4435342519184221,0.8815165876777251,0.6986966283302791,0.8220688933725141,0.7423926461279964,0.4492341337409209,0.7912805585748235
0.0,0.494431098493121,0.4178739978095973,0.3215721638205952,0.4099617852541252,0.3703334927709839,0.7194312796208535,0.7047787019341782,0.821421345293062,0.7380917585215304,0.4498898348481637,0.805042279987473
0.0,0.5234767416466479,0.4164128356082464,0.2903752006168882,0.4365474886121122,0.4419846761628913,0.6720379146919435,0.6760927344275824,0.8209351374835744,0.7392894071323248,0.4509272178503054,0.7541681251266555
0.0,0.4979253112033197,0.4146926231066053,0.2608846937006216,0.4134816158719913,0.4931942906142293,0.527014218009479,0.6744076364904762,0.8194575858601573,0.7326311717714961,0.450675777549527,0.7552734842762657
0.0,0.5577637038654729,0.4174929137547181,0.2511761818360683,0.4269468495568986,0.452136925761452,0.7744075829383891,0.6858446860461118,0.8180067851840979,0.7346724323311381,0.4523763198615196,0.7247103037895399
0.0,0.5365800393098927,0.41700361566039135,0.2408404267791666,0.4583341634190357,1.0,0.6938388625592412,0.7137102122830374,0.8164078689244242,0.7362695979844923,0.4555124039700471,0.7882424318127067
0.0,0.4374317536580039,0.4197668110162685,0.2387428839076021,0.390116231055606,0.4101510105906243,0.39905213270142137,0.712344447774246,0.8173974277522168,0.7560276948151105,0.4554625601641902,0.7796325871467958
0.0,0.41122515833151335,0.4299938805674533,0.2559929724803133,0.3653035854378436,0.5146633449703303,0.34238488783943233,0.6434126426560677,0.8179526269853415,0.7651698393141629,0.4508581243797043,0.7299006968174798
0.0,0.4704083861105046,0.4396410706312603,0.2586170584636346,0.4284158212119849,0.5409871100088123,0.8276269185360101,0.6671513984347748,0.818826763367475,0.7782656284620805,0.449779097499933,0.7566402869353412
0.0,0.4533740991482854,0.4407562884205094,0.24157367743045235,0.4087621761200533,0.5725968216355276,0.8760429082240755,0.6727078000874481,0.8166566104109972,0.7720072118724725,0.4466043695535093,0.7653125864330259
0.0,0.4500982747324743,0.4403690389838649,0.22094744610119385,0.4541325908406069,0.5348906819275822,0.8057237204182717,0.6955917248426667,0.8142126296146052,0.7686272111974437,0.4494663609167723,0.7499486978167573
0.0,0.4439834024896265,0.439242503829401,0.2113195013241824,0.4966489880921502,0.4906206199181738,0.7605485232067501,0.7183724803364301,0.8136687431832025,0.7714031494012926,0.4482867598655946,0.7675492610837439
0.0,0.4540292640314477,0.4377950581720502,0.19443753460201807,0.5083766623767018,0.48505534749555496,0.8070707070707073,0.7016639728026173,0.8143395713411558,0.7833493732679059,0.4451857615706532,0.8196516537649541
0.0,0.4289146101768945,0.43434617631626105,0.1862979738516753,0.4695747102181974,0.4633067928756005,0.653535353535354,0.7292985964067622,0.8156534848147258,0.7971756602377739,0.4482400609823624,0.8701090781140044
1.0,0.4151561476304871,0.4329901795646911,0.16883884648239866,0.4451247203296392,0.4594024410751216,0.5575757575757576,0.7368889063567003,0.8142908948602979,0.8020195569397587,0.4489444609617424,0.8925404644616469
0.0,0.4551212055033848,0.4335885337255461,0.1490535338107456,0.4490933257637459,0.4782961893440569,0.7222222222222221,0.7484045610639205,0.8127836148283129,0.807410615885722,0.4503575316018583,0.8847202674173116
0.0,0.4426730727233019,0.4309236269860466,0.11581592185278546,0.4262932926915255,0.4880443444158869,0.6585858585858587,0.7677365155318867,0.8111910073457985,0.8173074506890144,0.4486743756660557,0.917690007037298
0.0,0.4345927058309675,0.42953631226049294,0.08098160681165573,0.4097377479029836,0.4983041401740344,0.5696969696969703,0.7575571484016133,0.8105731309965917,0.8308747801130391,0.4514633558599146,0.9041959887403236
1.0,0.4243284559947588,0.4278708253577879,0.05061264424737272,0.4392232166099516,0.5079154283032797,0.536363636363637,0.7403180560946011,0.8097620554332253,0.8423921946636425,0.4531521204623098,0.8940358902181562
1.0,0.44310984931207703,0.4319744181343934,0.04332516671118908,0.4763229321896369,0.5729862679397842,0.4050505050505059,0.7272057342458081,0.8091912020650046,0.8463311292306946,0.4521164257007679,0.8583743842364533
1.0,0.33347892552959146,0.43994580690871743,0.04950057802895513,0.3645870661070023,0.6296665004347485,0.4595959595959597,0.6886400817493576,0.8083744389542961,0.8442654336323324,0.4519899566277074,0.8029644616467279
1.0,0.2996287398995413,0.4541461912776579,0.062416593185809326,0.34132252263545426,0.6072358604097328,0.37148876404494335,0.6840858957793947,0.8089592258088231,0.8523804080194325,0.4552550331785995,0.7993314567206194
1.0,0.1629176676130158,0.4618628889091863,0.057529587172684575,0.2541036162319874,0.5393449963682257,0.17946058091286274,0.6523490658269016,0.8092160797263915,0.8681767066803713,0.4550849986644899,0.7835151301900067
1.0,0.19305525223848008,0.4729285770525009,0.056678202887346714,0.3054959231955357,0.6123092198053455,0.16053858104608978,0.6339112449582165,0.8098406648254136,0.8939392663442302,0.4533367998454878,0.7491115411681915
1.0,0.18606682681808245,0.483919624514711,0.08632096856106197,0.34458259505703004,1.0,0.15364718054837034,0.6230342571076251,0.8096198836171152,0.9010877794088278,0.4556973965144484,0.7472290640394086
1.0,0.12426293950644267,0.4953498902970474,0.09761773534171353,0.31663235652840954,0.4612243998801626,0.15985514743921386,0.6258050887010005,0.8098791934458135,0.8915561193777216,0.45222514088121,0.7501935256861362
1.0,0.21707796462109624,0.508654446600054,0.11169171334868587,0.3751216464540959,0.2524131212852808,0.052898142937535066,0.6070282831161048,0.8097102697444548,0.8797438823663551,0.4537982096457594,0.7360045742434909
0.0,0.25180170342869623,0.5202288543823208,0.10622016724943534,0.3960963709200538,0.2592559299652465,0.16375914462577362,0.6333364447872505,0.8090891971423463,0.8736134241901269,0.4529696882143196,0.7823715693173825
0.0,0.20659532649050028,0.5322711806925873,0.12310581874257832,0.3751519354932015,0.3444876995570253,0.2425436128306136,0.6451124790590962,0.8075760569479297,0.8782919047322569,0.4543527381255668,0.778764954257565
0.0,0.21205503385018576,0.5423867217499059,0.12764652150674838,0.3793771406461737,0.3694671356615599,0.2777493606138111,0.6573797955283491,0.8061648250926355,0.8802220137192162,0.4519505822921326,0.7883180858550314
0.0,0.23192836863944102,0.550714722209559,0.11618604377534547,0.3530513621063279,0.3803769085875106,0.2838874680306904,0.6850389832423643,0.8045186527558673,0.8798802552636581,0.4550006828884278,0.8418103448275863
0.0,0.17547499454029253,0.5560266737298079,0.07513341620549813,0.3285810396296999,0.3376898197941574,0.2925831202046036,0.7243071692811067,0.8031158431389992,0.8805945850178717,0.4556471080945249,0.87905524278677
0.0,0.2476523258353353,0.5631196244981098,0.053988981801281866,0.3472634168875857,0.3147736461909368,0.2843691148775898,0.7187704189163295,0.8004911265580549,0.8715762922042795,0.4587505003057434,0.8765130190007037
0.0,0.2373880759991265,0.5666189276153928,0.04730694207923775,0.385109089551345,0.2302991440740801,0.266949152542373,0.7379107733273067,0.7981208222655057,0.8663990903787603,0.4610725025655752,0.8676020408163264
0.0,0.2476523258353349,0.5741921186480907,0.05569534823911326,0.3934312671102767,0.2770761735431931,0.25188323917137456,0.7376749578725513,0.7949528446981329,0.8547560550320726,0.4613441038685964,0.845197044334975
0.0,0.23913518235422584,0.5845415797811728,0.0971433698146777,0.4368354320376208,0.2161188830252226,0.2424670433145013,0.7467587657026069,0.791916423785132,0.8394876851906855,0.4625641491827127,0.8332160450387049
0.0,0.1956759117711292,0.5973497762977933,0.11257409759533517,0.4695179111695506,0.14903488892832853,0.23964218455743905,0.7496671563112569,0.7898965741105334,0.8289011870371831,0.4633981908019013,0.7989481065918657
0.0,0.17427385892116187,0.6125593635323039,0.1464207661691142,0.5101869440640191,0.2034462970717273,0.21563088512241047,0.7410107639929452,0.7875925318262597,0.817763385783486,0.4620230441099832,0.8114792426522477
0.0,0.15592924219261844,0.6278444672874197,0.14723681431957947,0.502767384088777,1.0,0.2222222222222222,0.7554790247065817,0.7869645945396312,0.8219164590711435,0.4640040304586104,0.7926770187919119
1.0,0.12819392880541608,0.6446332253859417,0.16258590415918964,0.4657633976043847,0.11378006090698392,0.12052730696798508,0.7697360340753329,0.7861357998053357,0.8251400619635222,0.4649870416545063,0.8524721565980422
0.0,0.24044551212055046,0.6665918667449526,0.18652072568137645,0.5239450324236458,0.22286938915617516,0.20245757753072013,0.7896575271801876,0.7876419342194653,0.8402430954815815,0.4670263753182418,0.8975869051636853
0.0,0.28259445293732244,0.6850179058918239,0.2401856955639291,0.5493129453757641,0.3530378244452261,0.07049180327868848,0.747520253108588,0.7871845109677412,0.8440071001743726,0.4650679842651831,0.8903476206547418
0.0,0.2716750382179517,0.6983270943556923,0.27675399213442753,0.5483737256075709,0.324077696227674,0.3930163447251117,0.7456189910046227,0.788100297855795,0.8555333151981833,0.4654927968184298,0.8446760040499492
0.0,0.28237606464293497,0.7052247141522383,0.2955039980125086,0.5558976910759366,0.3480547080481017,0.1674336283185837,0.7186770752988221,0.788246893624761,0.8648738471665273,0.4614339633236485,0.8656176172797836
0.0,0.28477833588119683,0.7080359457958132,0.2702864915313393,0.5574298074967741,0.3713880802032387,0.18088495575221286,0.7022977268372728,0.7888098083965981,0.8783150078325593,0.463067662241887,0.863609517381033
0.0,0.4350294824197423,0.7152251264645784,0.2800067439665577,0.6184464261607673,1.0,0.389734513274336,0.7237028921782959,0.7879216923689382,0.8846255687409016,0.4616332997429277,0.8780037124535941
0.0,0.3197204629831841,0.7178850435129984,0.3079377830651288,0.5864157554580436,0.3846156504503149,0.1900884955752214,0.7354297982304017,0.7853745913167397,0.8815731074012237,0.4628315827786735,0.9029109011137364
0.0,0.29067481982965715,0.7300698349647732,0.3569151228493633,0.5709766050694925,0.5686932123301703,0.03490401396160486,0.7507135873917337,0.7839821965925061,0.889809232631286,0.4647518034603311,0.8877489031387108
0.0,0.3697313823979033,0.739554824700428,0.3783412251307835,0.5645647665695788,0.6214739554492483,0.1862152357920195,0.7131403249340453,0.7812824537018513,0.8902212384973475,0.4643382284962299,0.854463381707729
0.0,0.4227997379340467,0.7449949007745951,0.3751478775369744,0.5551603022989376,0.6460612267066006,0.25634824667472844,0.7484045610639207,0.779812182538235,0.9016540706578638,0.4644862967607272,0.862867026662167
0.0,0.32255951081022044,0.7513765991598111,0.4303860423283897,0.5423692533494062,0.6195848640097444,0.1926642482869811,0.7509985310662297,0.7779835167060919,0.903488780498914,0.4646800481024967,0.8725531555855551
0.0,0.31633544442017897,0.7633594523286988,0.5099951375581155,0.5413547497880635,0.6138020382448913,0.3967594515995021,0.6930075804843059,0.7779484618400346,0.9172628291827288,0.4627172367660234,0.7918157273034089
0.0,0.2100895392006989,0.7680449965278577,0.5795448393617808,0.5081530134590572,0.6513468720562462,0.13190862196020672,0.7033687220276199,0.7776891143417081,0.9224657282184541,0.4634574386610405,0.835791427607155
0.0,0.2144573050884474,0.7719546484494622,0.588481081280095,0.4547942113023396,1.0,0.12727272727272726,0.7065620563107655,0.7770084212788736,0.930733353226659,0.4639699529716567,0.8235993925075938
0.0,0.31841013321685985,0.7763519237013976,0.6022047785935265,0.5506610098988354,0.6750751173093679,0.06602641056422623,0.6865668708762998,0.7783126188570614,0.948190393014396,0.4657301091467372,0.7970975362807962
0.0,0.28237606464293524,0.7770020852822479,0.5859337291945481,0.5333973106156105,0.7149210275098262,0.038774233896185416,0.5976497059676047,0.7794602291066853,0.9643283717850072,0.4589411965982269,0.7539402632467094
0.0,0.4481327800829874,0.7860101901421106,0.6377382298665876,0.5851007195735667,0.6102980132445122,0.13513513513513484,0.5778166436582839,0.7802158020557205,0.9723774268804052,0.4573061642114344,0.6913094836314548
0.0,0.38632889277134735,0.7892476705458473,0.6301337194874179,0.5553898186135412,0.6034427008591025,0.08274398868458288,0.6134444286142402,0.7785091479164422,0.9686560750136732,0.4574535872771444,0.7343570705366181
0.0,0.4077309456213147,0.7990032038296961,0.6601181538562154,0.5442649676747527,0.6292542306419352,0.15205091937765244,0.5984701472372744,0.7773373775145612,0.9698668208405284,0.4560778196464077,0.7037293283833947
0.0,0.35378903690762176,0.805293801904043,0.6397116325706099,0.5714441736858644,0.5334110895275517,0.08910891089108948,0.5886887186869009,0.7760793250918064,0.9728619437853242,0.4588746726866637,0.6888288896388793
0.0,0.347674164664774,0.8146146828132865,0.6651954604671126,0.5690184907299632,0.6120740718882405,0.11881188118811928,0.5861537025482808,0.7747862233748392,0.9723164979352568,0.4588806577440934,0.6579311508606142
1.0,0.3443983402489625,0.8183385796177047,0.6820942949990237,0.5678120555286433,0.5821092788588627,0.1442715700141447,0.6331251934423653,0.7736557888632035,0.9705744382193109,0.4603432279898161,0.7298768140398247
0.0,0.567372788818519,0.8225276513074435,0.7103139211750884,0.6244604825033822,0.5335055273608952,0.4929278642149929,0.6196787996993354,0.7725137227798652,0.965703687230732,0.462735350153608,0.7112807964900442
0.0,0.4959598165538328,0.8185155370960953,0.7240146358643382,0.6421418951706154,0.5835364038007156,0.33521923620933586,0.6810448589774449,0.7716330200163791,0.9624802877083576,0.4658150156880052,0.8018140398245017
0.0,0.4341559292421928,0.8225179506417062,0.7495725335107469,0.6138606757551358,1.0,0.3408769448373414,0.6972817356017469,0.7697535395064047,0.9512693721743904,0.463848496315374,0.8291765102936214
0.0,0.36601878139331706,0.8233937660077761,0.7493701356845692,0.5759666776246445,0.5958950082746902,0.06294200848656298,0.7302418582257835,0.7677476362221841,0.937966252428042,0.463775359388809,0.8631370232872091
0.0,0.4990172526752568,0.8259167190258738,0.7339507255323483,0.5914356431883521,0.570504060532559,0.16486068111455182,0.7324821050459593,0.7657323115600038,0.9255618312296421,0.4641898157518994,0.8515693553830576
0.0,0.630487005896484,0.8261826566297019,0.7010796260138014,0.6034956087753072,0.5652630061408221,0.4303638644918444,0.7469798426914405,0.7634584289089689,0.9190125294592076,0.4657244068693556,0.8819946000674994
0.0,0.580694474776152,0.8265545268379357,0.6817023228938333,0.6278789064992274,0.5381800074030614,0.5185185185185189,0.7740249276586961,0.7606242936330628,0.9144570862588008,0.46500994963044,0.8936044549443128
0.0,0.5202009172308365,0.8320567377679291,0.6906420339948197,0.6524441873421251,0.6123451200168879,0.437141366718832,0.7991392735901427,0.7570855118706127,0.9033127350595046,0.464072089353639,0.902708403644954
0.0,0.5881196767853244,0.8296136868696635,0.6769022315084327,0.6829388634452087,0.6638051661514928,0.6353677621283258,0.7967860318645632,0.7564684918889516,0.905829263419162,0.4641989180089681,0.8784864052123793
0.0,0.9106791875955448,0.8197994395155566,0.6442375991391878,0.7536372803068224,0.7376465968451794,0.7939488784559213,0.746621206687333,0.7562439338994519,0.9116807487596332,0.4570103024475989,0.8847429311280954
0.0,0.945621314697532,0.7997951661542371,0.5715059888593951,0.7692467315876322,0.0,0.9135338345864664,0.7479427557983579,0.7558106569226023,0.9164373994814996,0.4574112172180181,0.8666583134945495
0.0,0.95763267088884,0.7850393902994246,0.5309565174638371,0.7721594476388628,0.6019755453219368,0.9093567251461988,0.7627893038039978,0.7532406445618881,0.9110668352307141,0.459169569196796,0.8613289896838323
0.0,0.8331513430880102,0.7682662682184493,0.4930812748721846,0.7828681488829659,0.5653180091640186,0.7800670819357929,0.7659531611552991,0.7512394256835307,0.9056372268162364,0.4556960320160098,0.8659566470367119
0.0,0.8805416029700809,0.7626744265790966,0.4920644392254274,0.7665403083625523,0.6300332965019971,0.8767368892873151,0.7907923890561974,0.7492953615396712,0.8997662799127085,0.458348387561993,0.9120995698116356
1.0,0.71718715876829,0.7459817799317112,0.4499170721269747,0.7493671324724933,0.5965494321547496,0.6230389959659347,0.7957346879621124,0.7468468141597314,0.8949986643862571,0.4591964034748742,0.8935471745395317
0.0,0.9622188250709762,0.7484530927433819,0.4605880053554118,0.7995423480606483,0.5765419758708358,0.8027042262221914,0.792570830610811,0.7443783081597394,0.8916472951730253,0.4591376163080678,0.8740675771624272
0.0,0.7359685520856082,0.7418650288006052,0.4382154585454884,0.7009595716095408,0.5584796967936267,0.8193069306930694,0.7768498002937869,0.7422794776830987,0.8924870700363537,0.4615371143499717,0.8484400451071298
0.0,0.7427385892116183,0.7443173722771551,0.465362808212849,0.7023596693804842,0.5399472125395893,0.8751768033946251,0.7453733499059195,0.740579811774717,0.8912077113298249,0.4588766913125453,0.7811552437037967
0.0,0.7381524350294822,0.7349992691729117,0.4424514614524023,0.6998133785533563,0.5895674559468491,0.89992927864215,0.7543687269404417,0.7391818890559144,0.8870108501748807,0.4560805496501785,0.7954141085077058
1.0,0.7383708233238698,0.7198705146650324,0.4047944041337908,0.6994532879844775,0.526839889934006,0.96576662376024,0.7402885791627569,0.7380210727262452,0.88781626737308,0.4585025421264403,0.7755299293427546
1.0,0.6866127975540512,0.7005840784360684,0.32699879457442205,0.6873186436449664,0.5839899795073881,0.7693395138429031,0.7533615984357571,0.7364047909095358,0.8821645841919373,0.4561770238176062,0.7966771097187038
1.0,0.7377156584407075,0.6891022721714049,0.2702316236698362,0.660320600757953,0.6173022152614784,0.8080297021599541,0.7637718681988118,0.7348533637801417,0.8795393012620688,0.4574850778382789,0.7924244054664799
0.0,0.7899104607993009,0.6780053086523927,0.2197538613793804,0.6823942435060641,0.6156821435309096,0.9162878252393952,0.7584365435349718,0.7326991610095134,0.8715827712639473,0.4566798578973828,0.7956148182123464
1.0,0.7403363179733566,0.6628902700191732,0.1812098190493447,0.7061576598346541,0.6483117015697931,0.9867439933719968,0.7630840731224421,0.7318442435561171,0.874365284853056,0.4575135710715771,0.7773746242618329
0.0,0.6178204848220132,0.6490412509556602,0.143566141686978,0.7104685616523355,0.6408024017228058,0.8472513638271085,0.7413890512849484,0.7302290784038875,0.8758424662633372,0.4583339617046509,0.7741607737950091
1.0,0.479580694474776,0.6444522812984421,0.12343319042548252,0.7105929759515575,0.633967912478327,0.6663869072597565,0.7471812683923775,0.7283051862203817,0.8776601837351165,0.4592243863072604,0.7603023652767621
1.0,0.3989954138458181,0.6459198374019939,0.1166605075004713,0.6845240429564794,0.7356540548347408,0.7557700377675203,0.7939120310097321,0.7258171762608464,0.8754172790584093,0.460818270607445,0.7980283956536929
1.0,0.4217077964621097,0.6422775029080321,0.10028001950866372,0.6920701242742667,0.15626291832172867,0.8065463701216955,0.8020329257328702,0.7230383733834632,0.8700763310857057,0.4616067925613563,0.8247556493861914
1.0,0.4439834024896265,0.6311201350744648,0.0612445934523691,0.6494725671742555,0.4124423307583221,0.8355014687368861,0.7984072631160062,0.7207438884332623,0.8604330946398691,0.4617606886211529,0.7938773295295976
1.0,0.1744922472155494,0.617787323982343,0.012592535132476436,0.5525082921967079,0.4588679919391537,0.35395932496754684,0.824450132400552,0.7183740293797499,0.8512630509560221,0.4609510941393451,0.8206560256370748
1.0,0.1646647739681154,0.6276060622678794,0.016168607399750567,0.5491851902339414,0.31421673082108753,0.34085414987912993,0.8147718731116341,0.7160328222777733,0.8437383896351233,0.4601095907690204,0.8088527402413698
1.0,0.11312513649268413,0.6379388983973142,0.01591107172109496,0.5858432903491279,0.2534201271726629,0.31177644710578856,0.8564866444934633,0.7143376583176412,0.8465301831801456,0.4611187515828205,0.8530054603765932
1.0,0.10045861541821376,0.6483001159885593,0.01211188939182406,0.5818007611627878,0.3331384057917017,0.30486403676752233,0.8212174955416139,0.7130819408378174,0.8527956774125166,0.4614943698845431,0.8083552700069899
1.0,0.14282594452937306,0.6577090020106042,0.002942279344509469,0.6099031585383463,0.2093087920963376,0.2875989445910289,0.7804705500886765,0.7127829694549627,0.865816409767386,0.4606398535750033,0.7700144261514897
1.0,0.19589430006551645,0.6686076459269814,0.0,0.5734675943010239,1.0,0.3562005277044856,0.7634623604144455,0.7126001466195261,0.8751999918324463,0.4625420857758651,0.7531417778372669
1.0,0.0,0.6795448519869793,0.000234433357988284,0.4278208175421734,0.3248143592773482,0.057670561628345315,0.7447985497349532,0.7116770440393948,0.8780605646164369,0.4644129841475014,0.7300673716146879
1.0,0.21205503385018548,0.7085211867377732,0.0440910876300763,0.5319347127559837,0.4336960023312616,0.14535901926444808,0.7128259043277048,0.7104202411547013,0.8811470759702106,0.461453483386845,0.674534124540817
1.0,0.2183882943874208,0.7184957745036659,0.044915785435053035,0.5371430902923997,0.44575719111721096,0.2194979568009336,0.7099420778289256,0.7095665368082703,0.8869172400002022,0.4612952653644205,0.6628890971013846
1.0,0.2642498362087794,0.7282110640243844,0.05107716994261069,0.5214559784098616,0.3945792979396111,0.27262113251605385,0.7154493512618583,0.7090125674123072,0.8978477421953975,0.4617151285749668,0.6828403158881006
0.0,0.23629613452718945,0.7353018526359243,0.045759417694522686,0.5065855613472122,0.3981008821247719,0.3018096906012845,0.6916221646876182,0.7088166829055694,0.9014132630428552,0.463092616204305,0.6493627210398727
0.0,0.1889058746451188,0.7480090811719933,0.06352140649919097,0.4262647344530145,1.0,0.1296615031554786,0.6990749156222825,0.7086073005518746,0.9051918951344614,0.4638058047441489,0.6700575558827468
0.0,0.04564315352697101,0.7655570118596993,0.08775234687584366,0.3747222294570062,0.4009288514394727,0.04458894565722218,0.7029413065158756,0.7081134006158846,0.9063284405537868,0.4641567075681794,0.6816728386799329
0.0,0.05503385018562995,0.7878896668418922,0.12495743575816524,0.37934325449078427,0.3509127066166397,0.06651685393258383,0.6636485563672627,0.7072659135433651,0.9104302984834246,0.4602838481332465,0.6174839007123841
0.0,0.11792967896920735,0.8074775080677989,0.14801070101990688,0.3909581254054604,0.3119653631279414,0.017802644964395133,0.6694456862966656,0.7062905189539167,0.912998208802096,0.4571962655257187,0.6243846577135295
0.0,0.14522821576763495,0.826760303113264,0.17191105950432506,0.4063333527104915,0.25934183623145785,0.1016070502851222,0.6954983812251596,0.7053710461752908,0.9220234698518244,0.4565931040177682,0.6545308526301701
0.0,0.16663026861760227,0.8465151363853831,0.2070147707360028,0.4196479006799976,0.4083143432341214,0.02670057215511772,0.7121184579634385,0.7040247922190799,0.927590041899506,0.454813910249543,0.6784083641933996
0.0,0.26883599039091505,0.8634461742246939,0.2627690826450401,0.4846541781415511,0.7129828619047669,0.07233626588465246,0.7444153496209754,0.7028426514527774,0.9345919886979812,0.4549567298841836,0.714719136215589
0.0,0.28281284123171,0.8698223596808345,0.2989374746036587,0.4468393505605718,1.0,0.08280254777070035,0.7938923797218357,0.7009120309541589,0.9329669309354476,0.4609625164895775,0.790657207870432
0.0,0.28390478270364705,0.8751356623046882,0.3413153180073996,0.44758878509990985,0.6506248878884148,0.0515555555555554,0.8189035563918269,0.7002668140659829,0.9434565395401644,0.4602233794049602,0.8056038905992058
0.0,0.3053068355536144,0.8823960868804428,0.3595065380943264,0.4168487506513647,0.4652062999201885,0.10577777777777758,0.7455354730310635,0.6993830154269814,0.947286458323412,0.4549836871021323,0.7430657802763274
0.0,0.3120768726796245,0.8897576179955968,0.37355780594684496,0.4223016062747829,0.4357077279621687,0.17066666666666686,0.736112680484797,0.6992532814278062,0.955772709073717,0.454144843233688,0.7242374217344101
0.0,0.3422144573050885,0.8976832738706868,0.3866535127057673,0.44608947288035855,0.4872945391462422,0.2470355731225295,0.7535188087389275,0.6979066588310355,0.9558982798674032,0.452456303819388,0.7450289266645845
0.0,0.3365363616510154,0.9027563811161304,0.3973631044359111,0.4424780928524187,0.5306713048089384,0.3041431261770247,0.7241008307581958,0.6961279257807672,0.9577949976333898,0.45338593057446896,0.7005978673091507
0.0,0.2856518890587464,0.9068267898550388,0.40595254410045295,0.4025071893545648,1.0,0.0903954802259894,0.7394091840293979,0.6949838100428537,0.9640228089633964,0.4514785380973498,0.7068144975386307
0.0,0.2718934265123389,0.9149013197274214,0.412916912516942,0.425904049654395,0.4757439104590346,0.03295668549905917,0.678662140320021,0.69327838613158,0.9722975547732688,0.4486724722065572,0.6261693362483082
0.0,0.2930770910679188,0.9254675433307024,0.4276141992586504,0.4437992704513136,1.0,0.09702856043850372,0.6771833809058261,0.6918669987292329,0.9868477186066468,0.4488395132136093,0.6046119067802912
0.0,0.29373225595108104,0.9353634094595962,0.4341828239651719,0.4452233581304961,0.4460075780795483,0.15953457063179208,0.7428530722332212,0.6903184980780576,0.9947765258378728,0.453409783137005,0.6848555154002883
0.0,0.3068355536143262,0.9444664436003616,0.4427582495142767,0.4574090211299977,1.0,0.17492655936570128,0.7499226230539083,0.6887945505478056,0.9993481556763624,0.45424321411719104,0.7016512734396866
0.0,0.2959161388949552,0.9519151798861288,0.4494299055136549,0.4248160768277371,0.4576284022636481,0.059306569343066176,0.7240222256066107,0.6877577748218858,1.0000000000000002,0.4516758515377052,0.6582924565822619
0.0,0.34177768071631365,0.9627576955925308,0.4744354073467305,0.4247517908784481,0.4033077410404036,0.1541893901834413,0.6977189767574392,0.686958273029073,0.9959127423451728,0.4526937317894067,0.6204943509066538
0.0,0.3061803887311641,0.9717752563724876,0.4993506721377642,0.4150566026822509,0.4102523469706296,0.02523659305993785,0.7529489213899356,0.6863224569355727,0.982280674706301,0.4597909780205928,0.7088535880098007
0.0,0.4212710198733346,0.9834722791623868,0.5293994805622538,0.5026430522641514,0.5605085124226619,0.3349917081260357,0.7207404605279317,0.6857612138771564,0.9743658550575052,0.4564938447257994,0.6561573382581247
0.0,0.42738589211618266,0.9861938665431372,0.5402490398300963,0.4650847583751878,1.0,0.3499170812603647,0.7352283725294646,0.6843697629350155,0.9687068970855492,0.4579607508267807,0.6968383721700232
0.0,0.3749727014632016,0.9891417094524022,0.5528455509674906,0.3705798781940493,0.6280229948533019,0.11442786069651703,0.8268426767019244,0.6832387937931613,0.966063831882398,0.4662831692850841,0.8001486266748095
0.0,0.3850185630050231,0.9953894394699128,0.5720184650272613,0.3857536946363613,0.5417691759674091,0.08030592734225647,0.7448280266667975,0.6809784727677589,0.9571963580651212,0.46093726911585,0.690024205970806
0.0,0.4101332168595763,1.0,0.5850460945566478,0.3828828842043786,0.550231659607856,0.2008281573498963,0.8147718731116342,0.6799418837522256,0.9616747755270872,0.4666729819805314,0.7895254162693468
0.0,0.4359030355972918,0.9969436374102156,0.5709183741767501,0.3867219077921565,0.5402394895312561,0.4279918864097356,0.8779360252322537,0.6785737209628132,0.9745293756588064,0.4715304719320592,0.8796554800828921
0.0,0.5798209215986022,0.9907493885134059,0.5505245070180964,0.6979374524872395,1.0,0.33198380566801544,0.8673292425902359,0.6768605700912128,0.9817969602106016,0.4694921017578267,0.8800296454064008
0.0,0.6060275169250927,0.9820601862095164,0.5208283884476576,0.7240732708267826,0.6096120851552316,0.6097560975609752,0.8611194356150116,0.674919946239848,0.9817969883862382,0.4689320338247995,0.8682938061247986
0.0,0.6424983620877921,0.9806794645289448,0.5201868995100944,0.7541681984245353,0.6384499624071737,0.6222014925373128,0.91314130749844,0.6723598449882352,0.97217325326752,0.4722560654413653,0.9300454754777802
0.0,0.6228434155929241,0.981133826569596,0.5243264204193508,0.7195977605701551,0.6003864146977634,0.6810193321616866,0.9162511238080262,0.6691681160927413,0.9687328891017448,0.4727762324500819,0.9266204236702736
0.0,0.6226250272985365,0.9822637022170624,0.5320466357306433,0.7186565958461684,0.6293206699324322,0.7100175746924421,0.9239986440611352,0.6659643249522625,0.963025872032728,0.4739355905725264,0.9233608680635504
0.0,0.6608429788163355,0.9819177673604008,0.5351508460406228,0.7269599830866081,0.7197045422196924,0.7970123022847101,0.9339471085586272,0.6631424759754126,0.9633817445953198,0.4753154266470256,0.924644275197468
0.0,0.6586590958724614,0.9795434812070392,0.5370222984148996,0.7226216238481488,0.7360211754876311,0.8022847100175748,0.958535782538848,0.6603415373645697,0.9583459346089246,0.4785004923308535,0.9861686819441166
0.0,0.6488316226250275,0.9789340067566132,0.5469661797626695,0.7044151093297873,0.6866831536553256,0.8040421792618627,0.9515595753356684,0.6578417904305971,0.9457839660671676,0.4781910581307745,1.0
0.0,0.6125791657567153,0.978037790895355,0.5570598082403068,0.6453441194426499,0.7298910115479886,0.8110720562390155,0.905831028401024,0.6552438157395691,0.937204522251424,0.4772593682276709,0.9925596169493652
0.0,0.6252456868311861,0.9787807674465684,0.5735268946153627,0.6637064311600136,0.7818834815492527,0.8655536028119508,0.8970812924652046,0.6533060113438832,0.9247854813191208,0.4763769996621151,0.9956135113403866
0.0,0.5804760864817645,0.9771586063106112,0.5812745194867852,0.600780330362369,0.7136459297066742,0.8989455184534266,0.8768257274661134,0.6509610284215449,0.921699252678436,0.478094491086033,0.994016399497673
0.0,0.5505568901506881,0.974141892975235,0.584833303016463,0.6181582299903687,0.7418029931863056,0.8383128295254832,0.8605790251978639,0.6487246488104091,0.9138366934275528,0.4767280615230829,0.9675953335946168
0.0,0.5649705175802577,0.9700290334046872,0.5838117898662142,0.6305104428978769,0.7521669964537849,0.8101933216168711,0.8354892433762875,0.6462072002299725,0.9081298570836224,0.4740558653454465,0.9248315232294358
0.0,0.5868093470189998,0.9656009476660784,0.5820300073614235,0.6079360027890129,0.7417039886490633,0.8884007029876969,0.8140889908572383,0.6439587971843103,0.8929255858076129,0.4720773582002246,0.8723834966357764
0.0,0.5791657567154402,0.9596545080217859,0.5790214545419218,0.6455051609064978,0.7894877384124627,0.8875219683655537,0.8484885703196773,0.6416495610957907,0.8720576473703122,0.4733836203359277,0.9235105957616956
0.0,0.5796025333042146,0.9531641107493284,0.5717957195801218,0.6459623778645843,0.8248785673059431,0.8708260105448145,0.8675650580449915,0.6397974050007272,0.8567207565440692,0.4723693616608308,0.9441663334666136
0.0,0.6040620222756059,0.9462388849949486,0.562102357935207,0.6280755168395816,0.5940151191152809,0.9569420035149376,0.8802106618062482,0.6383929742536602,0.8479173697226766,0.4738947356477839,0.9889036732389828
0.0,0.6042804105699934,0.937150689181212,0.5468861039028707,0.6280377315944677,0.6208811256407403,0.9806678383128284,0.8432515020953186,0.6364421955789051,0.8380701338026452,0.4729943344879925,0.9410910850368944
0.0,0.5933609958506224,0.9269124728206752,0.5282927321450474,0.6611506561027063,0.7920235770476296,0.9710017574692432,0.8177834329817388,0.6348424967638343,0.8281991892295265,0.4707973868104359,0.8720535462279748
0.0,0.5874645119021621,0.9150958749610564,0.5051473820293196,0.6991060340775939,0.5897546166441398,0.9674868189806676,0.8122565082609101,0.632366615792089,0.8197960816036359,0.4693608604423616,0.8807306157009801
1.0,0.4470408386110504,0.9014761925191056,0.4739221018492379,0.5389623726330541,0.4190062847775392,0.5683453237410073,0.8473094930459002,0.6295725948376033,0.8129610851598897,0.470822646039065,0.9051489859279868
1.0,0.4223629613452719,0.8993074673720898,0.4676480738754929,0.4902203002527468,1.0,0.34100719424460485,0.8508565505111791,0.6263073462234215,0.8063399522579734,0.4721994442533105,0.8755400882995275
1.0,0.3922253767198076,0.9005875242151165,0.4707342423356523,0.4124250054303145,0.42850516724843,0.04748201438848895,0.8507877710035419,0.6234080267909482,0.7999686793311135,0.4720531977539174,0.8827285125446661
1.0,0.4197423018126228,0.9064076675989255,0.4861532796918013,0.4533825711795184,0.5246126709650718,0.21248142644873788,0.8269114562095613,0.6215703318834173,0.8015111805830423,0.469924789443708,0.8246489550555808
1.0,0.42323651452282174,0.9106028976115126,0.4993890841784554,0.4593155598281652,1.0,0.2630014858841024,0.781349945222035,0.6194077107808204,0.8036967074758,0.4681673948479828,0.7604008733094794
1.0,0.4138458178641625,0.9145013509755692,0.5097034234007365,0.4291906228500463,0.4295485815146924,0.15007429420505267,0.7873239367425042,0.6184748187357493,0.8058705999399288,0.4693250781647776,0.7539330830405309
1.0,0.4195239135182353,0.9194904325296998,0.5242814900888582,0.3922840321295974,0.3412717760229546,0.031358885017420346,0.7412465794477006,0.6170803849257877,0.7995944972513046,0.4666691534255252,0.701857522855802
1.0,0.4450753439615635,0.924899456759008,0.5397899725159553,0.4047887796850113,0.3981696851717084,0.03231939163498128,0.7077460464065162,0.6166360436915799,0.7972095387618695,0.4627765548943085,0.6380773558054109
1.0,0.4867875081895611,0.9297578731269652,0.5583305745930354,0.4449694046971288,0.4870709692154164,0.2555555555555568,0.7825339353177858,0.6157592781880411,0.7991810875698283,0.4748010222703321,0.7650742267890235
1.0,0.4926839921380214,0.9322312624411736,0.5732990080931412,0.4094653074214679,0.5000422193654197,0.09065934065934016,0.8242094041238227,0.614459884476536,0.8040844435193356,0.4779079526310375,0.8165166506763538
0.0,0.5496833369731382,0.9351935221177956,0.5899499677781237,0.5542045588261263,0.0,0.7548746518105864,0.7772870414494788,0.612307777232625,0.7968081421047676,0.4723599441865202,0.7380127580726669
0.0,0.5599475868093471,0.9338002489516772,0.5912293505158029,0.6132582746225903,0.5342847794511741,0.9479166666666659,0.8638951800303613,0.6103433620985393,0.7873248220839476,0.4834134493804722,0.8538900403541797
0.0,0.541384581786416,0.9304379636661326,0.5899853665153898,0.5676082908416122,0.4938429863086233,0.6999999999999996,0.9279682042161836,0.6079614297611909,0.7734816714484606,0.490731668531457,0.9346230293984692
0.0,0.5577637038654726,0.9283937299344664,0.5925226038786265,0.6096710251187276,0.4918140319305136,0.7317596566523603,0.9447012758598664,0.6053688256757218,0.7648478762207549,0.4897761837251736,0.9547936653726652
0.0,0.5675911771129065,0.926085533763477,0.595088670137258,0.6148329017566411,0.4259028898998926,0.8047210300429191,0.9363249143940772,0.6026353756669619,0.7526159318390816,0.4890613983330037,0.9357403871595192
0.0,0.5693382834680062,0.9235702912123728,0.5909018139362555,0.619037082838442,0.4403407249837293,0.7717313767451357,0.9758190902436268,0.600748398269712,0.7536943783170325,0.4921337423990893,0.9766032357527394
0.0,0.5689015068792315,0.9213671086673748,0.585445756955226,0.6182754299894697,0.4275911333111766,0.7474949899799614,0.9733528536126436,0.5989324207192391,0.7526641923843913,0.4902680518001351,0.9966251225318584
0.0,0.5717405547062675,0.9194380280514548,0.5818294319409024,0.6413714387083524,0.0,0.7995991983967934,0.9248976904823901,0.5982053254493284,0.7580819883720237,0.4882654898504808,0.9306189609298424
0.0,0.5802576981873769,0.916967022958405,0.5794663573806552,0.6872692612510497,0.4370224999885181,0.8777555110220441,0.9250254238537158,0.5967070694622661,0.7566493311472007,0.4868781149531856,0.9560495728889512
0.0,0.5844070757807382,0.9131143002882944,0.5738368936295393,0.7402769732065235,0.4613726357045093,0.9644351464435142,0.9650698357643612,0.5947924766040783,0.7585371755065359,0.4900544623514469,0.9988166923400088
1.0,0.5769818737715658,0.9087241808633372,0.5680468761254979,0.7270446863616781,0.6839952477680559,0.9484898150316088,0.9543746223268104,0.591903131391578,0.7586077135498634,0.4891059718362055,1.0
1.0,0.5597291985149594,0.9046128797438796,0.5634881087617232,0.6667759221200984,0.5788736102873007,0.948717948717948,0.9413359928076288,0.5895008130961633,0.7578024690066025,0.4876390195896406,0.9985228519195616
1.0,0.5549246560384365,0.9009167699087076,0.5595729582821263,0.6554102704973056,0.0,0.8537859007832896,0.9345464728394636,0.5871218749074313,0.7562890261037697,0.4868455804419333,0.991483087215828
1.0,0.5664992356409698,0.8979151604972291,0.5560934609728562,0.6373868770930129,0.5549369193064486,0.8871331828442439,0.9371158787319022,0.5844189239264143,0.7504953678178349,0.4874986782581773,0.9961218179256542
1.0,0.5664992356409695,0.8944381602955267,0.5496348031610024,0.636010830411907,0.5175556474195258,0.9716312056737578,0.9048926794039764,0.5823320119892199,0.7493946687618408,0.4841212309101892,0.9505720374204664
1.0,0.5684647302904564,0.8909117263506694,0.5417835595056911,0.6412497102528921,0.5476055902811074,0.942643391521196,0.8977789131855226,0.5802603165038059,0.7466540632577293,0.4815710549027525,0.994210452396186
1.0,0.5619130814588338,0.8869416794859242,0.5356980092812067,0.6485841729010865,0.4673506214217623,0.9684210526315816,0.8951898560051879,0.5786922317361837,0.7510884267073108,0.4819051081888043,0.9748865070839968
1.0,0.5586372570430224,0.8830839693316035,0.5267368837842497,0.6415569363392851,0.3899355379692871,0.8869047619047632,0.8826474215053868,0.575891757221847,0.747841196842145,0.4837169681895224,0.961377125787002
1.0,0.5584188687486351,0.8792491509242484,0.5161880768416642,0.6412575758290557,0.4845980774101972,0.8948863636363626,0.911721501947934,0.5740883060445411,0.7528413222537615,0.4850199843822594,0.9800534730008392
1.0,0.570867001528718,0.8754061048318884,0.5017541829707434,0.6704884158093499,0.5068286477969992,0.8878504672897187,0.9089555831765326,0.5720801182921559,0.7497857730064388,0.4835918290475364,0.9956640399769368
1.0,0.579602533304215,0.8717628296913809,0.497682518263086,0.6884471116254517,0.5668165873580002,0.8713450292397666,0.8942367685422182,0.5705548912907318,0.7463000865768905,0.4855106078307891,0.9955577182682952
1.0,0.5815680279537015,0.8694650413099207,0.4913061431226578,0.7053446148657231,0.5568907621060027,0.9122807017543854,0.8828881497821163,0.5674009982159626,0.7295015138708683,0.4843186377721237,0.9811441937913812
1.0,0.5588556453374101,0.8658362942495872,0.4819983624410751,0.6069511493844458,0.4350384399942989,0.9934497816593884,0.9008936423170832,0.5639516852169942,0.7129343145249409,0.4882226961845123,0.9607213094445392
1.0,0.5704302249399432,0.8619245746848514,0.4645087327983034,0.6318932326047871,0.3620740100552864,0.9224999999999994,0.8849367965453036,0.5601101859678933,0.6938819909911162,0.4866630908604183,0.9244681905139364
1.0,0.576545097182791,0.8588833394091937,0.4580824304427586,0.6434551263559402,0.3134764598835589,0.9097065462753968,0.8629224412794954,0.5571352463075813,0.6829456103823737,0.4846558086731506,0.8687404816116046
1.0,0.5529591613889493,0.8574903150479098,0.4576245814212775,0.6016852175015389,0.5499318187059744,0.8586065573770495,0.8922519884646939,0.5567533196671631,0.6868228563174112,0.486297977974187,0.8967252565593615
1.0,0.5341777680716312,0.8570455466096112,0.4608301340638828,0.5895415781810076,0.0,0.8340163934426224,0.8415565785142642,0.5572509203504245,0.6985955488228628,0.4726424274145486,0.8973616261803925
1.0,0.5343961563660187,0.8565959130556133,0.4628620785714012,0.5900843918614879,0.34442704770922744,0.8606557377049193,0.8259288918147473,0.5582998350081542,0.7112400925019748,0.4732639696935344,0.8892936297206557
1.0,0.5234767416466477,0.8552851416861853,0.4615429038207636,0.5828163505183666,0.26730169346135085,0.9333333333333341,0.8388152238527332,0.5573012600443584,0.7157194596031934,0.4717192042799716,0.9080701908377404
1.0,0.5206376938196113,0.8536824090108951,0.4594931830604928,0.5749056427266722,0.32678807966558004,0.9422222222222209,0.8433350200688776,0.5555908297939037,0.7183613744252636,0.4686057468791319,0.9139364947005773
1.0,0.5173618694037998,0.851681899693161,0.457334016900912,0.5683038806921874,0.32761842644313616,0.8777777777777784,0.8589676195903688,0.5540293719126116,0.7164942903143354,0.46749005351069206,0.9295750952725784
1.0,0.517798645992575,0.8495678578030752,0.4564695821916407,0.5692792433471378,0.3240486893351682,0.9705882352941186,0.8535340384870473,0.5522539837729948,0.7135965976092826,0.4701820901743598,0.9279731993299836
1.0,0.5149595981655383,0.8466245803715693,0.4528448259233502,0.5634703364717075,0.5039677545605293,0.9390243902439024,0.8648482674933307,0.5502184326928682,0.7079062231738403,0.4682751717892146,0.9392084147081842
1.0,0.5088447259226905,0.8443102567845391,0.44953315403192573,0.5500955501726932,0.4696834100642678,0.8243902439024392,0.8537305513660102,0.5479846114305321,0.7040377258259768,0.4674733232147321,0.9054296226401294
1.0,0.5018563005022931,0.842997849594592,0.4483503550414086,0.5312826700825074,0.3901763598680633,0.8682926829268311,0.829195918427504,0.5454538705481912,0.6998913650455216,0.4681793652596238,0.8704731810435
1.0,0.48940816772221,0.8417789936193563,0.4472643370388146,0.5509618610275795,0.0,0.7658536585365866,0.8461058516622533,0.5431577586916084,0.7036678215055743,0.4672552146124303,0.8743352863297567
1.0,0.4850404018344618,0.8401646167493011,0.4421009725276121,0.5403601344488431,0.4730328565878634,0.8146341463414654,0.8499820681997946,0.5399730993196817,0.7034273981805028,0.4682252637257798,0.8661795147498776
1.0,0.4891897794278227,0.8388448128463759,0.43726021731352216,0.5504811662391694,0.41493774698485497,0.7440000000000017,0.878741728036001,0.5378197613190446,0.7041126970032261,0.4694944686934488,0.8792141200909934
1.0,0.4632015723957194,0.8381334633443522,0.4355452782273305,0.5443722386273503,0.3962945477414944,0.6414634146341461,0.8559167571444712,0.5351347188845751,0.6952602496360959,0.4690308891542137,0.8614030852954729
1.0,0.4387420834243285,0.8385399804430227,0.4398888312503457,0.5360912081152849,0.3713730947861844,0.3616600790513829,0.8746788242634451,0.5341358199551872,0.6972530988235062,0.4724702473691523,0.8593939128786222
1.0,0.4247652325835336,0.8382349669710831,0.4410780085851832,0.5483796928989124,0.4035221388906169,0.2470355731225295,0.8384369365607298,0.5328235925220978,0.6996493974038079,0.4690643731974338,0.8392558721670305
1.0,0.4645119021620443,0.8409179230768911,0.4526362491739754,0.6019624595939144,0.4445108975195766,0.2707509881422933,0.8261204918717359,0.5322847279831157,0.7089182699056487,0.4709716022217855,0.8265337325150584
1.0,0.4310984931207689,0.8429511150669842,0.45992630952788505,0.5482149232505267,0.4833533798680329,0.4992679355783306,0.8286505951883818,0.5294882859429048,0.7026743998801088,0.4714963047122947,0.8243007801110787
1.0,0.4042367329111161,0.8452253777725578,0.4712529855801391,0.47427588572543206,1.0,0.2957540263543187,0.9006971294381205,0.5268631048057729,0.6965833229282008,0.4807789072649502,0.8744284281864018
1.0,0.4011792967896921,0.8479257296416027,0.4783961971659971,0.4636773578670596,0.4220252298257513,0.23865300146412824,0.9056836437418018,0.5244004774871046,0.6894930344252231,0.481037549313603,0.8941223662542754
1.0,0.4254203974666958,0.8519654471701337,0.4899624101360355,0.4602288547763541,0.5866772209573048,0.3543191800878481,0.8872703869829867,0.5239873459022558,0.6980410608150759,0.4817204265110345,0.8774015116328168
1.0,0.4372133653636164,0.8547941882291958,0.4986414492945253,0.4814984027496986,0.6528940008305281,0.4626647144948752,0.944106824401004,0.5239506836661955,0.7100607016030093,0.49089627163621397,0.9813086742952049
1.0,0.4466040620222756,0.8567311450558771,0.5058025398475762,0.4547429578237655,0.24458612061368115,0.4802342606149344,0.922367587165744,0.5230443117827225,0.7185286825870841,0.4898404237816622,0.972265619502034
0.0,0.4603625245686833,0.8586616179593061,0.5146517975808367,0.4342277670645488,0.19035964318907872,0.5534407027818451,0.9441903423745632,0.5215671779390866,0.7267844694158893,0.4899301697112429,0.9992821855339272
0.0,0.4575234767416464,0.8597355904535573,0.5207199206743208,0.4286868696201864,0.28469378035856324,0.5783308931185929,0.931903374617414,0.5193985034786349,0.7342106640550623,0.4923421245016845,0.9898674040984188
0.0,0.4629831841013322,0.8603661905661975,0.5243564997647927,0.442561627339482,0.3290918556800416,0.5578330893118599,0.9333330058118684,0.5173031449794004,0.7397460148165832,0.4924527466852587,0.9945259873785716
0.0,0.4813278008298756,0.8607126418861659,0.5244699251488522,0.4343585618783161,0.1878465787304863,0.6046852122986818,0.92000943261819,0.5153390999759823,0.7483995099178096,0.4910092137639255,0.9927246904007944
1.0,0.393636699963004,0.8122802627877768,0.4573833981031876,0.5200912395815783,0.5035011895759648,0.6284470246734395,0.5311792246584358,0.9876416516802424,0.3621795260509752,0.5148829710661211,0.8304071745702466
1.0,0.3583055863854978,0.8098214805732418,0.4676981935352317,0.5128548579099368,1.0,0.3730043541364306,0.5503146662474392,0.9869499786981384,0.3734012125176319,0.512543642142056,0.8441504231124378
1.0,0.3612652608213096,0.8090179317448718,0.4744978556099877,0.5158192448240072,0.4379271546883093,0.03298350824587688,0.5056325503932712,0.9871529967170954,0.3794693767671601,0.5132126448304439,0.7967542406112043
1.0,0.4250832408435071,0.8153789112025345,0.4822778760128335,0.564067654157395,0.4241803747727028,0.14457831325301254,0.4443696603766172,0.98907596165884,0.3873330370821911,0.5125066462338401,0.7553474075666925
1.0,0.3910469848316687,0.8185641493410751,0.4814198084002577,0.518094741943568,0.5232649086200764,0.28399311531841737,0.4523529960844807,0.9914210967093784,0.3924143193425438,0.5129254659326258,0.8019024248327156
1.0,0.4219385867554568,0.8208089437998249,0.4751671661444792,0.5093982808088579,0.49091338328013395,0.3442340791738381,0.4652982819861557,0.9922003182759694,0.4032666755754648,0.5137651400301384,0.8346952199046259
0.0,0.4741028486866445,0.8185201431911979,0.4592638084286555,0.5233633916116767,0.4428177834684897,0.4681583476764196,0.4500587082225904,0.9924233138150031,0.4118320321707691,0.5127758354825722,0.8094539382976842
0.0,0.479467258601554,0.8140682472627689,0.4384957824594759,0.5292065379104132,0.5200861672390498,0.5776892430278895,0.4829353128730672,0.9919582176922468,0.4167895854843183,0.5149566290052425,0.8754822469863516
0.0,0.4615242323344434,0.8127651733111438,0.4319020192315273,0.5104018877086911,0.4981885628823382,0.3081009296148748,0.4838097951844516,0.9911112013477468,0.4144578965020765,0.5150564339747568,0.8669061563175934
0.0,0.4874213836477987,0.8210239128817456,0.4511065482937318,0.5485426157317782,0.4929648097944889,0.5959595959595957,0.452490555099755,0.988750172991494,0.404933441998414,0.5130030892648807,0.819282289993296
1.0,0.4054753977062522,0.8253294241455751,0.4648050066169798,0.4907955533241201,0.5468163392391518,0.4949494949494951,0.5130951269718839,0.9856792075852584,0.3896700366259367,0.5136055825052577,0.8716622183993827
0.0,0.4469108398076212,0.8316582532920984,0.4883226562239407,0.4904833526869898,0.4809652763915976,0.7209595959595968,0.5378704881871192,0.9824611923581102,0.3763916882470584,0.5154508427490749,0.8637185827946923
0.0,0.4709581945985944,0.8279089081796487,0.48289696670757004,0.4691032233546069,0.4627917608974559,0.8055555555555566,0.5695483642759236,0.97969458939292,0.3588682834100462,0.5139864191718035,0.901887245911178
0.0,0.4892711801701812,0.8207266782274087,0.4761548844226425,0.4887916832162452,0.458828245004969,0.7790404040404042,0.5868316719807025,0.977193783229672,0.3452527061900388,0.5115209181071798,0.9127654730131424
0.0,0.5066592674805772,0.8116276937858697,0.4587799627268711,0.5070845326426813,0.4898697160219698,0.6969696969696981,0.6078929397835411,0.9746587407276592,0.32993605369337065,0.50934756105238,0.9151435040540368
0.0,0.5527192008879023,0.8043686325886383,0.4468739783388127,0.5000041156673486,0.44005804368249857,0.7669345579793339,0.5998359117460662,0.9725064470425164,0.3221658506259182,0.5088450487599274,0.9034177871662216
0.0,0.5702922678505364,0.7983699259763601,0.4380041880331208,0.4660754085736778,0.0,0.8619289340101522,0.6087084682312371,0.9708578865232956,0.3144224056694737,0.5094554826554583,0.9169712991891928
0.0,0.5614132445431003,0.7896892244031015,0.4222952576972891,0.4491202869398256,0.4830570407775456,0.9453993933265932,0.6253629347233342,0.9702160610409002,0.31476821409745226,0.5069432320140335,0.9282100256776756
0.0,0.5834258231594524,0.7807983176310551,0.4163557341028029,0.469384956846335,0.5179134236797477,0.8445642407906555,0.5969127826714942,0.9693507330539624,0.3168613912744665,0.5084008223467535,0.9249212593445236
0.0,0.5427302996670365,0.7714555174358504,0.4092425057391411,0.473614273095792,0.6161432494165214,0.7996406109613652,0.5687082717183576,0.9690483998167128,0.32602733340460466,0.5066086913008683,0.8860189483537194
0.0,0.5588235294117647,0.7637768902259443,0.4031174208070313,0.4350155735595668,0.0,0.8562443845462718,0.5657409272460192,0.9690940883700292,0.336038378724192,0.5063489951588641,0.8890673817625254
0.0,0.5960044395116535,0.7502324172601991,0.3741215631827968,0.4032032732040037,0.534567328935389,0.8697214734950581,0.5337977587706151,0.9700380548412048,0.35215867733349804,0.5075721826914087,0.8864047459428004
1.0,0.5836108028116908,0.7355843558253152,0.33865631012208125,0.3971679295010337,0.4722938715854558,0.8322203672787987,0.5113314238831926,0.970740792172978,0.36445026697735294,0.5095618681094003,0.8842607232756113
1.0,0.5355160932297449,0.7291093879185697,0.3219705774035314,0.4158011903839604,0.0,0.6677796327212026,0.45327660661560604,0.970060217039902,0.3749874147659956,0.5057007176331587,0.8076957132195756
1.0,0.5410654827968921,0.7286783583968053,0.3236096202195158,0.4176192924396717,0.4884258087841309,0.8889816360601002,0.4128833843448017,0.9684221422996876,0.3777485466042,0.5029376121693906,0.7492884880529241
1.0,0.5157232704402516,0.7231392897266085,0.31943987947090685,0.453564765999428,0.519503228904566,0.7787979966611025,0.4532864322595544,0.9668619232443736,0.3846287879200714,0.5021764514155406,0.7851929620400468
1.0,0.4406215316315205,0.7192312516806965,0.31411135408771684,0.4284886604507989,0.4726602539420318,0.603505843071786,0.4524266884140921,0.9645147687752814,0.3873269826594175,0.5021516106144432,0.7754721277053265
1.0,0.40307066222715504,0.7208994922919933,0.3223025573443178,0.4414769007552135,0.4915015122678285,0.5717863105175293,0.4271305680696046,0.9628605460350124,0.3882732201694742,0.5004669965841297,0.717760603109149
1.0,0.3805031446540881,0.7219479965373641,0.3304497958066389,0.4678524155528012,0.4532749758947154,0.4833055091819697,0.4209600636701728,0.9613112008853664,0.39119284977665736,0.5037060294739792,0.7146362750926548
1.0,0.3871624121346652,0.7240089030472425,0.3416068971571838,0.4744262566625716,0.0,0.5342237061769614,0.43874447921630655,0.9619311675875594,0.3966739674851598,0.5013285643609326,0.7234969705402429
1.0,0.4519052904180543,0.7250969216133396,0.3555871260501536,0.5441011623014894,0.4115847182201792,0.9261311172668516,0.3797070975539063,0.9633993786810128,0.4084151771167557,0.5006057226116603,0.6911848413170246
1.0,0.4339622641509434,0.7142853310158968,0.3442345307599176,0.5730755051836947,0.5175385201059303,0.9513406156901691,0.4319107438503751,0.9653300910017903,0.4080867863527631,0.504275380062184,0.7922068887005578
1.0,0.4546799852016277,0.7057921317327311,0.33980086317203617,0.5950270071352396,0.4622354918384944,0.9608158883521192,0.4375899660523999,0.9643234699445472,0.402815381627606,0.5009851539342995,0.7940916047914793
1.0,0.398631150573437,0.6957057031359442,0.32039697971752024,0.5850715704900133,0.4822503896710241,0.8333333333333336,0.443603260148662,0.962730388383318,0.3869161991400325,0.5015301084831307,0.7675980621576837
1.0,0.3867924528301888,0.6897952935166489,0.3147928624839613,0.5710247514285324,0.4685115417489624,0.6484210526315786,0.4484030872173288,0.9613664079880012,0.3770619899170157,0.5018177252033916,0.7894746828237855
1.0,0.3592304846466888,0.6866259174407117,0.3095295221624453,0.5337610940111646,0.4542529560089123,0.425263157894736,0.4120531174311836,0.9613035843758531,0.3720499153218565,0.499273827058871,0.7411740895809354
1.0,0.32833888272290035,0.6895484927133484,0.3244382099199156,0.5539530335247239,0.485090465828507,0.3957894736842096,0.3589504247134596,0.9615754470569025,0.37630658053835264,0.4990887999761262,0.6836017050988525
1.0,0.3540510543840179,0.6943894742462107,0.3417014558233739,0.527968156524863,0.533874365213187,0.4120521172638438,0.35075583766071045,0.9618387430049076,0.3885249483840766,0.4984410563459755,0.6917224281214819
1.0,0.3144654088050314,0.6939273963765589,0.3457992471920005,0.4591296309412505,0.4859228979554828,0.21824104234527625,0.4310510000049128,0.960952912408882,0.3875160275762154,0.5006741365747782,0.78372566629141
1.0,0.35571587125416204,0.6985213330248368,0.34736501678074155,0.4626494953623689,0.5526519285672586,0.35667752442996703,0.3879360743604733,0.959195334772932,0.3904611944737912,0.4976068870458527,0.703271057591358
1.0,0.3732889382167964,0.7001279575242516,0.3385544472990717,0.4914413324011855,0.5017928621973763,0.3371335504885994,0.4166171290450947,0.9584117257232364,0.3915656023990453,0.4997635782440013,0.7464930366697448
1.0,0.3268590455049947,0.7053442069888227,0.3458942857197774,0.4634557613441382,1.0,0.18566775244299685,0.4432593626104773,0.9562938009423021,0.3875846382453305,0.5017454542195628,0.7880516589296331
1.0,0.2635960044395118,0.7175497351470057,0.3707271730195356,0.41994857603988095,0.5116726762342352,0.06572379367720513,0.4178698986484827,0.9547959752442524,0.3774541518007805,0.5000831073054021,0.6948467561379766
1.0,0.2737698853126157,0.7340487929822104,0.4124788960488047,0.4308757320960697,0.5063775736518761,0.049327354260089405,0.3830527293182477,0.9532170298998658,0.36851322341166304,0.5010190817910601,0.6829882236867073
1.0,0.3166851646318907,0.7478276639314408,0.4481179418920804,0.4812510537368799,0.4857153793620793,0.2600896860986551,0.3597708659831293,0.9529907812369104,0.3683145086830443,0.4992774808311167,0.6438772025247608
0.0,0.31816500184979674,0.7571381697833879,0.4681583921505174,0.4308591553314445,0.2816537520353114,0.26457399103139023,0.4663791028204515,0.9509140321037376,0.3464858100533881,0.5037960633249753,0.7612545378650849
0.0,0.3473917869034405,0.767786327135145,0.4945563784089029,0.4715631368163563,0.456956401050692,0.060665362035223776,0.5441982028897221,0.9470343526872936,0.3177468128792437,0.5061223663419754,0.8290853434863454
0.0,0.3684794672586017,0.7727472688268695,0.508003546056118,0.5053714015250454,0.4535112561337098,0.24766431732502975,0.6046799542124988,0.9444074546103428,0.3001618919029612,0.5071631458824287,0.8599997470179741
0.0,0.3982611912689606,0.7729216351457449,0.5200619095017742,0.5174036169977262,0.4438299874715341,0.2239646160032172,0.6414671651543363,0.9418736226241744,0.2984834553561692,0.5096290182918909,0.9396258395840976
0.0,0.4147243803181649,0.7712269113908032,0.5241366043977357,0.4974139501086273,0.5092712152129678,0.25747218871464994,0.6668517162943568,0.9400609093420206,0.2980259127217736,0.5078923994323954,0.9493466739188179
0.0,0.4260081391046984,0.7676825600580891,0.5259827678309617,0.4670649437045165,0.4753819836147243,0.27489612652459433,0.6847638652118164,0.9364350814792431,0.28877520694555936,0.5055599611372485,0.9612368291232908
0.0,0.4800221975582688,0.7650934207048741,0.5283538588902708,0.5011669757539452,0.4686192541924992,0.34459187776437583,0.697645284427828,0.9351317517826676,0.2930966837163511,0.5066448251719465,0.9546592964569866
0.0,0.4363669996300409,0.7603000716039456,0.5171220192151034,0.4845867733217368,0.4645330482876483,0.19417475728155426,0.6878294661236356,0.9337452681902416,0.2965901801847713,0.5053140389756553,0.9959522875899663
0.0,0.4783573806881244,0.7629115601563445,0.5163599968173872,0.5141503875398985,0.531842093618743,0.4380841121495326,0.6603225758908171,0.9350167108339285,0.3139360947397508,0.5036208800367877,0.9997795650082829
0.0,0.4604143544210138,0.7589732523421193,0.476708025528372,0.5370365688814487,0.5364851327920244,0.3271028037383173,0.5869102771322876,0.9354718102280264,0.32500500200086635,0.5013951488867169,0.9912634591795008
0.0,0.4661487236403997,0.7580062866655315,0.4529623629184975,0.5472925947459769,0.5287478616273928,0.2535046728971964,0.536509636500302,0.9373300988130708,0.34705579239372264,0.5013918885059963,0.9434510017718409
0.0,0.48890122086570503,0.7550970519441441,0.40408956409242897,0.6043959917496221,0.5416621998791481,0.4979919678714864,0.5326530712506568,0.9370246681956051,0.3565692909434077,0.5009365210650623,0.9655308709281716
0.0,0.5399556048834628,0.7492979519893609,0.376754510467055,0.6736044284261392,0.5017933963263888,0.5410279531109106,0.5155220610270743,0.9366922236420588,0.3654942787406419,0.499796427246016,0.9324246967425374
0.0,0.5427302996670368,0.7436688770045958,0.3319039168347267,0.6771211958860865,0.5217073375735835,0.5505902192242834,0.4989609381524839,0.9359763605487288,0.3734863103689071,0.498415714317061,0.9340261687338146
1.0,0.5105438401775805,0.7410515851508224,0.31154503695018765,0.6560658991179661,0.5285949649585399,0.5443234836702955,0.5186760927344278,0.9357428391031648,0.3866110019252715,0.4998391081544306,0.9707509881422924
1.0,0.4948205697373288,0.7422748459521931,0.3108957104795421,0.6382053507388044,0.5309003914880774,0.4517884914463444,0.5149767377879527,0.9340188706907578,0.39553106561189255,0.4995213256266453,0.9729726046067869
1.0,0.4763226045135036,0.7441954680973026,0.31284455118721644,0.5984045095248121,0.4378012992367165,0.5023328149300151,0.5024490417540739,0.9321529911506172,0.3872077037111601,0.4987492390006775,0.9350415701240284
0.0,0.5297817240103587,0.7433855410600514,0.3166316319800738,0.6537847024776957,0.47406158083698496,0.6726283048211502,0.4930508133176781,0.9298013559256284,0.3739888721154549,0.5017541759005794,0.9271091726863842
0.0,0.5654827968923418,0.7333754970119042,0.2903306869600211,0.6488970498952046,0.447464115017026,0.6788491446345248,0.4816628919817834,0.9279504971339428,0.3645651399549629,0.5010143511587705,0.896558538912362
0.0,0.5863854975952644,0.7220187845823294,0.2660673361191438,0.6214361128981852,0.5219647337943862,0.6953937592867752,0.4685309188450938,0.9261869453189668,0.36740090468244346,0.5000941059445545,0.8739948207714321
0.0,0.5963743988161302,0.7131525353501227,0.23199006814325726,0.6311478193490259,0.6174595736701787,0.7150741635046561,0.4772413522051203,0.9260399855803804,0.3757866225939719,0.5007457102499254,0.8898528008722911
0.0,0.5769515353311137,0.7024698739276207,0.19149988130907608,0.5770756373797865,0.0,0.7488278633623576,0.4554087713523525,0.9254973054089398,0.3817339675961916,0.4989215272272374,0.8972127572577342
0.0,0.6194968553459119,0.6911088395669531,0.15874917691608734,0.5734527291236821,0.6291486491230025,0.7829872739450765,0.4562390382659701,0.924363090670345,0.3862672060490453,0.4990391361698044,0.8832288401253916
0.0,0.5897151313355531,0.6746799558807952,0.12570654182045155,0.5995655928959044,0.72906550830286,0.965127238454288,0.4767107674319208,0.9215762221590416,0.3818780150436272,0.4968995783637091,0.8957339512062151
0.0,0.5821309655937847,0.6617607904073419,0.10340964121122614,0.5936560808039165,0.5062407597233537,0.9546769527483124,0.4399088180241612,0.91755547719035,0.3691193338551194,0.494294936807014,0.8237767479896415
0.0,0.5886052534221236,0.6485852677120578,0.06750351483518098,0.6009345879104087,0.5550515771695792,0.926709296606002,0.4668949491277285,0.9146545019112768,0.3599232351567643,0.4965109093646173,0.8063172958975059
1.0,0.5514243433222344,0.6363969655110597,0.03243967368908929,0.5671193815897286,0.4346469090709316,0.8309333333333325,0.4341264265606808,0.9119164689769054,0.3511248794963626,0.4977064140426675,0.7724955703966201
1.0,0.5471698113207548,0.6325038218869099,0.016739158971565526,0.5531573123217183,0.43690697811184376,0.942760942760942,0.4052095564213037,0.9114361780229088,0.35274846280466376,0.4955580909391003,0.7157012402889464
1.0,0.5012023677395487,0.6282258278678976,0.0,0.5178249157382129,0.4380841925408625,0.8933782267115596,0.4318026617669458,0.9107393515047414,0.3553603632656702,0.4976111889231361,0.7698855117895598
1.0,0.4820569737328893,0.6335979628609609,0.009006358163668016,0.4856821144907532,0.4453790801779601,0.8956228956228948,0.4356051859748761,0.9102988049869072,0.3592588724181224,0.4942056180849842,0.7705601744582253
1.0,0.3085460599334073,0.6348574888667518,0.01540324756535044,0.363666660689998,0.4228946979511741,0.8956743002544519,0.4463151378783485,0.908903113079778,0.3612660757289139,0.495055708665746,0.7862545999727406
1.0,0.3324084350721419,0.6451499140215347,0.05759313437806107,0.3390107440175174,0.5700145580284927,0.5042016806722681,0.42813278375231534,0.9074406262830316,0.35586270321800817,0.493732891900545,0.7458566171459724
1.0,0.18941916389197197,0.6461009480259112,0.07695503393956854,0.2770278223133228,0.5794054653763951,0.3046218487394954,0.41698067787117626,0.9057930563054508,0.3534458735130903,0.4928933601922876,0.7262709554313753
1.0,0.1579726230114688,0.6611176431659382,0.14075987742933424,0.29851829446040595,0.5308143668627024,0.2156862745098036,0.3672678323155599,0.9055891792337708,0.3606139574011201,0.4889760012919554,0.6456930625596289
1.0,0.11653718091010007,0.6723572482395765,0.2291343886941696,0.2837511084178537,0.4985698822407952,0.257984031936128,0.34912969358729345,0.9063606378840322,0.37549479970289423,0.4874189107602656,0.652139839171323
1.0,0.11265260821309685,0.6781948879318016,0.3075711387407432,0.2784401199042803,0.5582994361290401,0.21717625899280574,0.3698224997420768,0.9066304708019668,0.3883580718522817,0.4890780969859064,0.6974717186861114
1.0,0.1846096929337773,0.6836664830665469,0.3641797569252404,0.2913853925370837,0.5158476163022476,0.2913669064748198,0.3828709549052072,0.9064287662884244,0.3960462277605389,0.4901725350199325,0.6871064467766117
1.0,0.13559008509064024,0.6823609217499007,0.3603846552443462,0.30436904824828803,0.6181034447591794,0.25989208633093536,0.3947894610143015,0.9053514404157508,0.3998284357510196,0.4910812658404163,0.7261823633637726
1.0,0.13947465778764345,0.68718749689925,0.367936997600914,0.3008943055031304,0.6194747860113347,0.1767086330935249,0.4044235049054528,0.9060787799640077,0.4133184878613197,0.4918691358917499,0.7250715551315251
1.0,0.10506844247132824,0.6951614380810907,0.3725803878454353,0.31177311569857497,0.6153896721904132,0.12724820143884888,0.3364202231403741,0.9049158173175316,0.4130649161615235,0.4900435248345068,0.6704988414883466
1.0,0.08231594524602298,0.7130820931744375,0.4019127780000488,0.3362024677297448,0.5980335635793954,0.10161870503597084,0.3372357515880697,0.9034348682909399,0.40675962231656415,0.4901602220311472,0.6293716777974646
1.0,0.05234924158342602,0.734428401242958,0.44229953706924335,0.3275829491904277,0.6148108013329221,0.15775972637879426,0.3398493728782748,0.9005173007551112,0.3877162440934221,0.4904190912082492,0.5978601608286764
1.0,0.0,0.7515356230171161,0.4760982323641492,0.3100913550463681,0.6044875401100007,0.07938165865886745,0.34695331345278024,0.8983390407237725,0.3726386234005065,0.4910216439569127,0.5922516014719909
1.0,0.04273029966703668,0.7709999036197408,0.5085744604044558,0.3178834732219065,0.5719032797159367,0.08220271348762925,0.2880338395177576,0.8957194725996119,0.3595310076933221,0.485997611681476,0.4893757666621237
1.0,0.052719200887902495,0.7900789755918279,0.5398509723954336,0.32809195802202057,1.0,0.07154026583268172,0.35776643461770874,0.8937169562977799,0.3508677961665204,0.4883419647744216,0.5352119394848028
1.0,0.04180540140584571,0.8156092982274628,0.5898701185262781,0.3094807136338675,0.6395262087494576,0.03909304143862393,0.39991353433325627,0.8926098722607155,0.34684411592682873,0.4882717955050132,0.5830039525691697
1.0,0.013873473917869306,0.8461215120433039,0.6531870051594915,0.3364613725519036,0.5593334916284645,0.005377414857598291,0.3748434037995766,0.8918551246853271,0.3439907260814954,0.4898046215588602,0.5665121984462314
1.0,0.0406955234924159,0.8797392874312113,0.7207903712671608,0.3114768697601913,0.5672105531354333,0.012684124386251558,0.40884995750408987,0.892050932982858,0.3437175060483174,0.4890434472504544,0.5830039525691697
1.0,0.10756566777654476,0.9152946876552834,0.7894934431483159,0.31881480587056843,0.442363448061716,0.0963584288052369,0.4045905408525709,0.891926214419753,0.3427521084554899,0.4886106842799303,0.5960610603789012
0.0,0.09452460229374793,0.9491986971529044,0.8622474930582644,0.31560367895671204,0.3204628605162377,0.059901654000894186,0.4020800888238212,0.8909334954581068,0.3382157670740238,0.4883593711304875,0.6032233883058469
0.0,0.2526822049574548,0.9808589168295548,0.931047775332548,0.3579017155441547,1.0,0.11772950245269835,0.4832251693695376,0.8895453175368554,0.3332464962924723,0.4916168436641348,0.6569578846940167
0.0,0.31964483906770275,0.9893164372023266,0.963445880506188,0.42583090441658505,0.43847692182706255,0.0385423966363007,0.4999484153692722,0.8883536832734008,0.33231799897769176,0.4929977140936515,0.6864794875289626
0.0,0.4483906770255272,1.0000000000000002,0.995799272048683,0.4837210158377205,0.4783578740453117,0.1965389369592092,0.4411075465858345,0.8893645003090763,0.3435061935299686,0.4917603536412383,0.6324860297124166
0.0,0.4876063633000371,0.9945490369443692,1.0,0.4687944493382231,0.5250515036940309,0.3887887790386207,0.4898820431444025,0.8914295082385079,0.3614352991774944,0.4957421028872048,0.7220253509608829
0.0,0.7110617832038475,0.9733669940119294,0.9677021620004504,0.6013092003197608,0.4188158454892003,0.7054151624548739,0.5025915135913219,0.8942960785249082,0.3834847735356708,0.4966009290630462,0.7729317159602013
0.0,0.9541250462449128,0.9410417389819548,0.9158702057559398,0.7185897892553674,0.3236350373508361,0.8726172465960663,0.4467916816098335,0.8966973874118301,0.4068567695459243,0.4953938353540792,0.7651219844623138
0.0,0.916944136145024,0.9121802613656892,0.8794469668770692,0.7102107022037205,0.4142761585082271,0.8063935164340387,0.4109329940210957,0.8965438401631062,0.4069541651642597,0.4962025600480349,0.7290786424969333
0.0,0.9724380318165002,0.9035319473046208,0.896224582244997,0.7139399773579982,0.34125911019121785,0.8686898161657426,0.40951318847058976,0.8940435126043457,0.39444065881291934,0.4962746411609034,0.6697969197219574
0.0,0.926378098409175,0.8900288429105776,0.909749585646761,0.7352505550258731,0.4070401994106627,0.8101577195774852,0.5181012925634612,0.8919397844212121,0.3807171752540132,0.5015629693907931,0.8031688701103988
0.0,0.919903810580836,0.8822515060724083,0.93236015843271,0.716347050333076,0.4243178098548455,0.832151642309362,0.5048661501653164,0.8896648144313529,0.37497712822563145,0.5003373698253408,0.8038639771023577
0.0,0.9261931187569368,0.8715787429603161,0.9544999031027516,0.7203006306720858,0.4944358296709842,0.8512516278396759,0.5479515988779113,0.8880566927503578,0.3748029323347437,0.5002594016372464,0.8229112716369085
0.0,0.978357380688124,0.8565261448982711,0.9653389060312962,0.7799957084347149,0.4122306873465009,0.9395167124873388,0.5546772521604135,0.8836237221187632,0.3567433626637009,0.5007744815840817,0.8379378492571894
0.0,1.0,0.8312241573664865,0.9564083337847138,0.7678785199566728,0.4201601402914864,0.9696136593835916,0.6672545676962303,0.8797216716046318,0.34474248278668784,0.5064833377915228,0.9201921766389528
0.0,0.9635590085090641,0.8006555478391371,0.9392128947791648,0.7604975113812191,0.5375403264485039,0.9073940095499928,0.7110622012390136,0.8773377306278106,0.3425806748666941,0.5064066789933458,0.9612034891645084
0.0,0.9417314095449499,0.7723504330120288,0.9261200218580328,0.7806729419235077,0.5091215384947027,0.9311919622469176,0.6431227861595981,0.877247404222797,0.3549358913434193,0.5039626807944729,0.9405002044432328
0.0,0.9424713281539028,0.742587200268005,0.910962369926894,0.7813660495652387,0.0,0.9238849139899528,0.6293423205223312,0.8766975589510021,0.3623514243119814,0.5064800147900976,0.9341420198991413
0.0,0.9776174620791712,0.7092930505177175,0.8879746763862324,0.7782101523122479,0.6149811172769128,0.957984472522454,0.6802637202835677,0.873022022205694,0.3492957760794213,0.506964638676507,0.96579721219647
0.0,0.975212726600074,0.6701434547751295,0.8561541907870149,0.778687466292404,0.6256253588609694,0.9394123915360026,0.6935086883256611,0.8711559048070182,0.3464067801342846,0.5082500835766249,0.9491768269801526
0.0,0.9395116537180908,0.6305654385630444,0.8267823610303451,0.7950874942603775,0.0,0.8916121175216928,0.6355865172513743,0.8690790634239348,0.34214538878439915,0.5027965071434312,0.9503162376251136
0.0,0.9519052904180538,0.5900147960961926,0.7903720403295942,0.7985328492536654,0.6544222157403118,0.945197138072766,0.6726046308259926,0.8691438451284822,0.3472105395906557,0.5021298460171558,0.952861148826134
0.0,0.9750277469478356,0.5406822419087585,0.7373174701341652,0.8055229940534813,0.7367459239305952,0.9614607614607616,0.6611577556264089,0.8695624672711685,0.3601487758770009,0.5008393620194007,0.9746873443544588
1.0,0.8838327783943765,0.4858114600730121,0.6748104904767815,0.8135709988192962,0.630052527802131,0.979427716476529,0.5877700209777498,0.8683161195520642,0.3617194359805965,0.4981327674460186,0.993018928636383
1.0,0.8277839437661856,0.43876949268981613,0.6217024018021087,0.8045522460965677,0.7797067791377021,0.9016270806059474,0.6339014193142679,0.86873503670035,0.3761015385639472,0.5021791785519819,0.9606444107589802
1.0,0.8240843507214206,0.3921760617509169,0.5685819953055865,0.8047040574054996,0.9481809890768459,0.8713297175986535,0.5665908454475332,0.8688481991934284,0.3842011051872184,0.5000526123234235,0.9596855501110444
1.0,0.6679615242323345,0.3413561518444665,0.50143108222159,0.7509773071907523,0.655006593180731,0.9619547392587736,0.511483721364389,0.8720083331584382,0.4085524655340299,0.4954587276919483,0.9649874854584553
1.0,0.4250832408435073,0.3086605867200536,0.4609555185905749,0.4700659420022819,0.5067049336115639,0.4938053097345138,0.5059224068897418,0.8721761381976602,0.4160770562973791,0.49878581052762105,0.9995068307619832
1.0,0.4250832408435073,0.3067489958298744,0.4618494541383164,0.4701309538636873,1.0,0.4123893805309752,0.4845074159047696,0.8716952449691046,0.4211351961042942,0.4973419330315912,0.9859175256165831
1.0,0.4278579356270811,0.3055028776056479,0.463969067140001,0.4775153454596014,0.4439561849396372,0.2655627523781133,0.4503240006091901,0.8712841350371344,0.4297158391478765,0.4945526599488297,1.0
1.0,0.4359970403255642,0.30629946080895554,0.4697550786696466,0.44954811231818603,0.5114879774545688,0.3820970758015122,0.42957224059071797,0.8710784246795863,0.4414582073458878,0.4930978391639168,0.9817780360255668
1.0,0.4667036625971143,0.30705114971275793,0.4789670450621642,0.4886734077487223,0.4571596869789742,0.6829182362665651,0.4334877597040516,0.8693101916751459,0.4441854519571122,0.4896812689329903,0.9950352777190468
1.0,0.4816870144284128,0.30392870506081393,0.480891511563485,0.4752142959107724,0.4602989045384492,0.7911547911547907,0.4180614987054712,0.8687743030438005,0.4516535946819288,0.4885814023727938,0.9765462455078492
1.0,0.5011098779134295,0.30086876639961657,0.4802261187248446,0.4614512388621555,0.3931998663400216,0.8750000000000006,0.4020948272897432,0.8677820368724097,0.4561024907740915,0.4872754021718458,0.9972653048357604
1.0,0.4894561598224195,0.2981123340409495,0.4811120982379838,0.4788600263615528,0.5259137307953047,0.8655913978494624,0.41005851170971136,0.8649820180052606,0.4479710412668296,0.4879023393225425,0.984671521341656
1.0,0.4718830928597855,0.2954925644190576,0.4865543292944994,0.4781023867508728,0.0,0.8454545454545452,0.4357820475659424,0.86068824290037,0.4324404446244202,0.4899425499386785,0.95663892566673
1.0,0.4953755086940438,0.29255223735604763,0.49320573619384706,0.4751203314737601,0.5376234460173054,0.9200000000000004,0.4559098791937079,0.8563138393484516,0.4140051797224517,0.4877535988827285,0.9747178614210958
0.0,0.4931557528671847,0.2875312393842533,0.495392731144954,0.4718578020518667,0.514616219507142,0.8917910447761197,0.4371379864307858,0.8525823449404429,0.4018668290520983,0.486498133704486,0.9896087706415752
0.0,0.4709581945985942,0.28279923004455365,0.4923497643291382,0.4765934762708327,0.4997592490532234,0.746268656716418,0.4542100427906791,0.8484110546893927,0.386643844622394,0.4878674826806054,0.9759985655492746
0.0,0.4770625231224565,0.27964816392707603,0.4940177056995218,0.4892868269693269,0.5137415485422553,0.6567164179104471,0.42955258930282136,0.8437887470625999,0.3711734134496004,0.4861697371865194,0.8890862207346433
0.0,0.4901960784313725,0.2767514069902393,0.4902840916751408,0.4660075482836025,0.620200466669206,0.7394366197183091,0.4285700249080073,0.8416193478706254,0.3677803058656063,0.486250583758633,0.83327925681791
0.0,0.5105438401775805,0.273482702435206,0.4876429409998893,0.4823366856301184,0.4835478166869807,0.9362745098039214,0.3975455541417546,0.8411592677477139,0.3746906492889596,0.4873841006814388,0.8290271350262131
1.0,0.486126526082131,0.26755706267433355,0.4802869226029696,0.4378089524381283,0.6223798907043472,0.7271214642262893,0.4135220512014305,0.8427683105013591,0.389389588842974,0.4885821016650253,0.8788486825253162
1.0,0.4870514243433223,0.2637411760684376,0.4753222042847197,0.4413377951669368,0.0,0.7570715474209648,0.3796874462660096,0.8418683794876629,0.3876805970190113,0.4896142833313773,0.8537116412507045
1.0,0.5188679245283019,0.2593319939012779,0.4637770629308752,0.4982649741874653,0.6105668709837109,0.9151414309484196,0.4222079204515866,0.8388694683904846,0.3763443078850925,0.4892545975217111,0.8769873119418026
1.0,0.5057343692193857,0.2510649859289689,0.43958037471742495,0.5353914433942204,0.42148111099352376,0.9084628670120896,0.5268903310750728,0.8351814939617758,0.3605171944584712,0.493728634292148,0.9858262606943424
1.0,0.5103588605253422,0.24456608705821625,0.4226919819897315,0.5455773905158943,0.4294430955062638,0.8771626297577854,0.4580027413546614,0.8328045172576625,0.359429900910524,0.4922939745739936,0.9382820008237608
1.0,0.5083240843507215,0.2371939369239384,0.4094493517124595,0.5418805163218644,0.5171696256431513,0.9087656529516986,0.4540086170897427,0.8317296683705023,0.3659584792029905,0.4918832794208289,0.9585556725092677
1.0,0.51165371809101,0.23003806662314694,0.39893907532818096,0.5494331860253073,0.7052809896646898,0.8710801393728221,0.4568138384369364,0.8304642758352537,0.3736044803295616,0.4922128413409267,0.9264289963846049
1.0,0.4890862005179429,0.22275862403259186,0.3805445823940639,0.5636082093916392,0.3763387558039069,0.8886023723568851,0.4576932335702954,0.8271795349152871,0.3683357951451155,0.4922689435326801,0.9321953228685188
1.0,0.4876063633000371,0.21747731042142934,0.36483170127617226,0.6095086813652111,0.4272891886254477,0.8865394533264574,0.4629597787264982,0.8229760817689175,0.35202045829376283,0.4929063601376166,0.872234680334996
1.0,0.4927857935627082,0.21114228145555655,0.3494481820166407,0.6229523531708652,0.5499524116933253,0.8605174353205856,0.5080545716264878,0.8186378740979242,0.3374704218898886,0.4929281193953516,0.8776165850533156
1.0,0.4937106918238994,0.2056797854911165,0.3407424480399441,0.6264676680907785,0.5246168543929135,0.781496062992126,0.5061434838785747,0.8142979181921043,0.3176686869847967,0.49282963971108,0.8639970710722619
1.0,0.4737328893821681,0.20246008170882826,0.3403342362613828,0.6127761553268877,0.6301370158132558,0.6522522522522526,0.5324074301519532,0.8100005040494699,0.3006748325693719,0.4951208131984407,0.8460299299803211
1.0,0.4728079911209767,0.20134151504293274,0.339270972005711,0.6044251520338303,0.0,0.7423423423423426,0.5293762189939525,0.8092091718486106,0.2990054933802868,0.4952929053417315,0.7620337741979775
1.0,0.4938956714761377,0.19743597746336786,0.33108577625122704,0.6608982058738755,0.5436028461808649,0.8810810810810805,0.4490122771421129,0.8115082426393202,0.3175614059716733,0.488136835360738,0.7633060271841103
1.0,0.4972253052164262,0.19031927895125444,0.3170764289024365,0.6709667708602987,0.4824460271274847,0.8473895582329308,0.4340183444772512,0.8134435154382093,0.33348110954720755,0.4867376130839844,0.7996613427303098
1.0,0.4957454679985202,0.1848686861160802,0.3008395351360453,0.6682752945329706,0.0,0.8242597898758354,0.5102407774049492,0.8151422768397353,0.3518603225130448,0.4891976398355828,0.8435586472015011
1.0,0.5051794302626711,0.1813138292613683,0.2924331429642083,0.6878420056195915,0.5212460474616006,0.9600000000000009,0.4357967860318642,0.8173869272394364,0.3745465492438905,0.4829128014551648,0.8496819367534663
1.0,0.4781724010358861,0.17538895437763724,0.2751923101741481,0.6014050355529688,0.5418585603144088,0.8809034907597538,0.3903384443057937,0.8223496950428019,0.4117809321282081,0.479232881549156,0.8641984348542402
1.0,0.4859415464298927,0.17277431468813753,0.2732928172459754,0.6222501976261069,0.529682675007604,0.8090349075975359,0.3627971643191569,0.8236403688575223,0.4279266821214307,0.4808512265819585,0.8386160816438609
1.0,0.46281908990011106,0.17041686108468926,0.26971616652329244,0.5448877883782172,0.0,0.8069815195071872,0.3787147075151439,0.8240053826329853,0.43889280524874,0.4783485420616788,0.8436867877900327
1.0,0.4498705142434333,0.16846794257759126,0.2751710579117481,0.5453298764830895,0.5210821141899736,0.7987679671457911,0.3671106220123903,0.8243392184993831,0.4454508775342063,0.4773980763310982,0.8739645782801704
1.0,0.4613392526822049,0.16616964545499968,0.2730383116021135,0.5246118706577615,0.4669193945506989,0.9925925925925924,0.3606699124043841,0.8232504453674431,0.4429074326787089,0.4768814540264836,0.8879044437325522
1.0,0.42933777284498703,0.1650915326884861,0.2706670448513976,0.4829768892650319,0.0,0.8519003931847974,0.3934924760131464,0.8217145670854676,0.4314417969872753,0.479408320606241,0.8627705825820327
1.0,0.38457269700332974,0.1676144460538227,0.2665973379311418,0.3832215026369705,0.5922084823586569,0.7494407158836693,0.34620656451272186,0.8208673169839732,0.4294653184751066,0.479574924217506,0.8079172577914058
1.0,0.3583055863854976,0.16884397660717232,0.2585963285062795,0.3803691760898652,0.5458435004070081,0.4940577249575546,0.3307360881163747,0.8214456684281203,0.4364926705737455,0.4783689235563176,0.8350006864674381
1.0,0.36699963004069547,0.16906523857612332,0.2534391623985144,0.4014239012384296,0.5406365838184577,0.4235294117647054,0.3376729927437621,0.8206673981109266,0.440472271164826,0.4789002839317435,0.8181227403780147
1.0,0.3501664816870144,0.16849927324281788,0.24406335651820785,0.4160176909025336,0.5956332429462315,0.3632352941176471,0.3524802381736092,0.8184452406776659,0.43407531377556696,0.4762980226996654,0.819651274541211
1.0,0.3420273769885315,0.1714510138579246,0.2458028558109045,0.40438507008031616,0.5513299292809584,0.35673352435530137,0.3528044844238977,0.8166811374360526,0.4305453720824126,0.4763358674767772,0.8075145302274493
1.0,0.31428042915279325,0.1741801389546922,0.2449447806596612,0.3701201133049769,0.5577605336493985,0.30843373493975856,0.3529911716589124,0.8138219163003707,0.4228014373964904,0.4763579473503994,0.8003386572696898
1.0,0.29522752497225313,0.1759851456512056,0.24438787889551036,0.3687447345516305,0.5100761448926566,0.20233918128654946,0.3974669489901692,0.8115764950597172,0.4150387557121191,0.4760283381592553,0.8050249416502673
1.0,0.2981871994080653,0.1781289011270777,0.2434466853983981,0.3735190832694519,0.5465510557383276,0.1312017640573316,0.3485450677723793,0.8088242380143714,0.4058793838018343,0.4760882746847229,0.7287721385748938
1.0,0.30651128375878656,0.18078756620338154,0.24460155676125064,0.3421905066264717,0.4970681031528726,0.15986769570010978,0.3625220462886087,0.8076939794709582,0.4018583556989249,0.4771626351700967,0.7266029014690405
1.0,0.3288938216796153,0.18450757097308168,0.244274087598252,0.3403730863031609,0.5119690909537935,0.2205071664829107,0.3655434318026619,0.8067034942462276,0.4058917946505435,0.4774090740312862,0.7164614891766969
1.0,0.3129855715871255,0.18735819529585476,0.2410439168273368,0.3568660712311095,1.0,0.1797133406835717,0.3916649062387926,0.8066808723206421,0.40992661361434135,0.4793585456799765,0.7869296599697955
1.0,0.290788013318535,0.1913988101799522,0.2298230145678471,0.336903126880752,0.649602902241503,0.06504961411245824,0.3547155721718112,0.8062277262756766,0.4128726905830923,0.4802845967290337,0.7335133403505565
1.0,0.3059563448020718,0.2001031150679653,0.23421920931544124,0.3832132887247333,0.4947331566479628,0.05622932745314199,0.3564350598627357,0.8048805051282998,0.4073175059906176,0.4804437704361034,0.7123243787469681
1.0,0.2728449870514245,0.20875655947064972,0.2391299487672213,0.39451570154594207,0.4280949089460531,0.046306504961411435,0.35020068877764066,0.8027264383881053,0.4065351617604696,0.48000482737615,0.6722529861333578
1.0,0.2939326674065855,0.22004761136026607,0.26067767382126866,0.38291788669531696,1.0,0.10714285714285723,0.3404634756250336,0.8002681271862474,0.4058004956536421,0.4792821696660241,0.6294448766646833
1.0,0.2815390307066223,0.2277265525902279,0.27373488337485835,0.3427363649134393,0.40788949990034096,0.0067950169875419224,0.3444772511778489,0.7970790583291737,0.4031164110327419,0.4796408146183354,0.592650221957805
1.0,0.31779504254532004,0.2387972409308885,0.29262746908212656,0.3614480088293648,0.368241972055586,0.05044136191677158,0.32485544021341284,0.7951824417575138,0.4032293787751856,0.4781208881475724,0.4874467987735114
0.0,0.3324084350721421,0.2450642884671559,0.2981777017904741,0.33830717992289466,1.0,0.12927756653992345,0.3330795041980064,0.7946009269404705,0.3964820985578917,0.478766355927384,0.5328909432062605
0.0,0.3660747317795044,0.25275370259670105,0.30576686892072064,0.4136761033988653,0.3237558055286911,0.05154639175257802,0.3568428240865837,0.7951394054038771,0.39084068180916864,0.4806947167721231,0.5779598187725964
0.0,0.3616352201257863,0.2637564999160993,0.32243231171421144,0.4090269405582557,0.4172731584380419,0.07913669064748259,0.31580602213717585,0.7953751226471767,0.3809663984573809,0.4773929424570876,0.4914100041188048
0.0,0.3801331853496116,0.2767406165708832,0.3461370858166719,0.4377277842860772,0.4447503989373367,0.16702447402318554,0.24562636023758394,0.7960552436733322,0.3842373172448119,0.4751895300488125,0.3841563315180083
0.0,0.3923418423973365,0.28443349562225073,0.35997421209871056,0.4576814874786362,0.6626114478049396,0.3774151996565054,0.24321907747028956,0.7977717371418577,0.3956322133102009,0.4749925607570071,0.38701203606242257
0.0,0.36293007769145397,0.2874661787623296,0.3639031235611077,0.4574796768155411,0.505295352638144,0.2522052927024865,0.28024701668885604,0.798935055330784,0.4029552629788888,0.4781037834808141,0.4755663356368128
0.0,0.3866074731779505,0.2928092742928763,0.3769034608114219,0.4504430102938193,0.43321250080917983,0.34964200477327023,0.2404678971648103,0.7999421942582979,0.4110124787838095,0.4747046865030202,0.3994508260491511
0.0,0.3836477987421384,0.29628318946122456,0.3888024570861518,0.4464403205363464,0.4734173779706853,0.4411296738265706,0.2181636854025321,0.7998852837797391,0.4138499831591146,0.4764969666809279,0.3719555169099813
0.0,0.40399556048834623,0.29955047053741923,0.3996236377707861,0.4792526965601237,0.4971716055065064,0.6902332361516029,0.2463583707117205,0.7990353550526285,0.4127668426187021,0.475184147064797,0.3822159168916756
0.0,0.4145394006659268,0.29793226170088394,0.3893491822726261,0.44811381183953597,0.4692587180273681,0.7266763848396501,0.2494927511311773,0.7979343082672145,0.412778627470704,0.4754100911321942,0.34431376138391856
0.0,0.4084350721420643,0.2948487293638722,0.3717773968369508,0.4369152799554583,0.4462006831419611,0.5991253644314863,0.27313325047040243,0.7976451194547746,0.4164245843026765,0.477460781309844,0.3931902430094731
0.0,0.4069552349241584,0.2922714219613347,0.33575834033893576,0.4341101498048829,0.4185325354184294,0.5645043731778424,0.27644449248092584,0.798487953280186,0.4315732807494129,0.4777409882004089,0.3891538144707336
0.0,0.41786903440621537,0.2917958304305797,0.3107226870577718,0.4540714623895807,0.4644847144025204,0.4442419825072891,0.25492633223449884,0.7987585342109488,0.4379091387181415,0.4795893574385321,0.3653745823989748
0.0,0.40621531631520535,0.29343989156812045,0.2917704023713214,0.4346212580279581,0.43448626690885495,0.5335276967930025,0.23238630501746504,0.7992806273460765,0.4479273288371477,0.4775539142083596,0.3010937714521074
0.0,0.39770625231224577,0.2973283406561784,0.29877897023014777,0.4215481998164786,0.426863203970752,0.5626822157434405,0.2251398926057116,0.7990167007026484,0.4440059819823709,0.4768987293088609,0.2845270239348314
0.0,0.35497595264520915,0.2987647918829577,0.2991456212247113,0.40414047063722186,0.4670273865651686,0.36662198391420975,0.21472471002068305,0.7989451226005572,0.44267699936051785,0.4758860395891034,0.2347260994920143
0.0,0.40270070292267857,0.30224242605060914,0.3042180222926759,0.4290978259796936,0.44191013433705856,0.5555873106601885,0.1445204840112209,0.7990479403335337,0.4381246187287471,0.4690183197527474,0.08755663356368157
0.0,0.3964113947465779,0.297921734733136,0.2907019754077208,0.4179006227090359,0.4323694914274336,0.4855673049442694,0.2349016698681891,0.801727582356277,0.4592127760905325,0.4736030617679782,0.2530685094503686
1.0,0.4215686274509805,0.2944687274952651,0.2829375320152248,0.460077926138155,0.4422815619176213,0.4712775078593888,0.18915838446762206,0.8046997622492209,0.4825920182247442,0.47320450293411104,0.232364651503364
1.0,0.4282278949315576,0.2910693235642077,0.2708337746039745,0.4706184558659545,0.6961472877061509,0.36839096884824296,0.1655915774580076,0.8073771943133393,0.5018072436467715,0.4747681368848061,0.21237471969246274
1.0,0.4228634850166483,0.29024472284925995,0.2624855814667568,0.5122164264769162,1.0,0.34981423263789674,0.17742656559354258,0.8116731504607012,0.5179151684793136,0.4721271944076815,0.2126767653654296
1.0,0.3890122086570478,0.291159427339482,0.25687587944521795,0.4505001415766632,0.4170185121645992,0.011527377521613593,0.08775282610084051,0.8151962097138078,0.5280261130908325,0.4681592658787941,0.18075145302274492
1.0,0.4108398076211617,0.2976075773332443,0.24638424291582425,0.4892526049179691,0.5029588330188894,0.027491408934708538,0.0,0.8201376421889496,0.5478149204580843,0.4589856544876641,0.0013327328376182429
1.0,0.4454310025897151,0.30216570669252074,0.2376833446667216,0.5110434357654325,0.5413442665796561,0.288537549407114,0.02110057037863133,0.8223139521149451,0.5538848319669357,0.4612184974223598,0.01263186845569036
0.0,0.4517203107658158,0.3041637937030581,0.2252636757533492,0.4749831033882797,0.5300717497386455,0.4068322981366457,0.07319613459167068,0.8246421373972689,0.5645717591672643,0.4623483356610841,0.0489676914200937
0.0,0.4537550869404365,0.3052794927195364,0.22455806161516054,0.4784871633496769,0.5325694006517512,0.5760869565217395,0.09306849947678447,0.8253015807484262,0.5666736962204825,0.4642329222883833,0.025418826618016668
1.0,0.4483906770255272,0.3022742464147663,0.21171859608993754,0.4689662220470127,0.4976068117342355,0.45496894409937894,0.1657193108293333,0.8260509755876743,0.5687644187390577,0.4671727428980582,0.12675894681266214
0.0,0.4866814650388458,0.3001034469845394,0.1956171614713688,0.4949446936399536,0.5444693496347299,0.5859598853868192,0.1573675134734141,0.8263129183875674,0.5739383393319314,0.4663276438441274,0.09299175906158892
0.0,0.4913059563448022,0.2966712821341777,0.1831899236567872,0.5073752164654635,0.5003127340556286,0.6532951289398287,0.19790320758146698,0.8258562191061206,0.5738394525735608,0.4700690076331007,0.18894474668870406
0.0,0.4783573806881243,0.2960081251858557,0.18328626054236213,0.5314339843762828,0.5045941060886217,0.6002865329512893,0.27489695355909394,0.8258515651603314,0.5789710984839034,0.4734029800860774,0.2839680462778049
0.0,0.4302626711061784,0.2973117622879393,0.1886611061897064,0.4763245894137984,0.5011071220425466,0.547277936962751,0.26796987457565485,0.8255301495623516,0.5785790736097048,0.4727790124295091,0.2950095264329823
0.0,0.4036256011838699,0.3055811386588301,0.19810174794724628,0.4807234228213149,0.5169117484419702,0.5315186246418342,0.24239863620062002,0.8265468932719237,0.5891413545539804,0.4741112239360062,0.2352799393981133
0.0,0.28505364409914924,0.3123829178045472,0.1913485298559042,0.3784365333785362,0.5470133012163636,0.3524355300859602,0.2361888292253952,0.8270807627492834,0.5945911460032505,0.4735214347472867,0.2144709960287401
0.0,0.2980022197558269,0.3225612781903262,0.1854496362034649,0.39229358030643735,0.5690520518416079,0.35029354207436386,0.2195392755552716,0.828809385320718,0.6074749739843031,0.4719187970986953,0.16465808139935267
0.0,0.3124306326304107,0.3242849757101405,0.1636467520715034,0.3622821010542775,0.42893135316072395,0.3885291396854759,0.2591267950223289,0.8303185256086708,0.6137274282457107,0.4756109486980394,0.3228198241627071
0.0,0.3411024787273401,0.32442040653283555,0.1460459133961087,0.34890858973407696,0.5201871421407195,0.5189639222941719,0.26859871578833594,0.8317707814381153,0.6215781915148652,0.4764707539186663,0.31756306957739394
0.0,0.31779504254532004,0.3200004429038761,0.12151879581771037,0.3562812043784338,0.4962012478708124,0.4375578168362623,0.34698770320659905,0.8315287926192646,0.6131891451731274,0.4835541420381924,0.5106397631017152
0.0,0.33018867924528306,0.3181567829380063,0.09888757416288407,0.3786123011277931,0.5061010714436305,0.4236817761332097,0.3216031520665785,0.8304484266892891,0.6041180784129793,0.4812732000889814,0.4181989302848749
1.0,0.2978172401035887,0.31465683320583304,0.07662122053547676,0.36010130288847103,0.5537193532335021,0.2886216466234965,0.3096846459574845,0.8294225458006145,0.594141254819848,0.4801839795588331,0.3456603080595921
1.0,0.2965223825379209,0.3162564021517775,0.0657148307259367,0.3516747793938177,0.5817977534994797,0.188714153561517,0.3302890213167346,0.8296974224905523,0.5971471495480375,0.4784216064741752,0.3923627849321675
1.0,0.2937476877543471,0.32107801136215364,0.06316699614620791,0.3492083675335389,0.5106003771075404,0.20351526364477293,0.2646979351409242,0.8300024856629075,0.6023764647904214,0.4758756889760157,0.270344099350366
1.0,0.27155012948575663,0.3265802490960268,0.05969432789255762,0.3583841223197622,0.5458387480478023,0.15911193339500448,0.280802165571926,0.8306933364115799,0.6095319815578062,0.4737045216327101,0.2725248490691642
1.0,0.282648908620052,0.3380791869631199,0.06590773142494899,0.3382503255482736,0.5374376631149748,0.1609620721554118,0.24338120059543406,0.8299908541875697,0.6081966506248856,0.4700330318059245,0.1850653077152632
1.0,0.2066222715501297,0.3489411281047077,0.0650557065516863,0.3127087319653897,0.5319629969141855,0.1080870917573873,0.27115338321485233,0.8299796495146873,0.6100774957494486,0.4690294375760004,0.20115694511397306
1.0,0.2110617832038476,0.3626771213743587,0.0692567337098301,0.3222361959651653,0.4960126712496391,0.10231516056758756,0.2511238080265684,0.8304317730231744,0.6149580078039423,0.4670317285748238,0.14428528797373918
1.0,0.2432482426933039,0.3729637777108796,0.061458668091881274,0.3213157562585178,0.5498162155571162,0.17550410754294254,0.2518705569666271,0.8316249643455506,0.624380070413209,0.4671335170398196,0.17618162201868556
1.0,0.23806881243063266,0.3829753370038416,0.05957984200540595,0.3080963682808979,1.0,0.13890963405526507,0.3324162732315069,0.8327883524594163,0.6360827362498431,0.4712219782047704,0.3490002984183826
1.0,0.1936736958934519,0.396162490752372,0.06139644641693665,0.2647714582722155,0.5755929376508326,0.02037735849056574,0.3437796304575312,0.8323261668077554,0.6376630646469871,0.4686191784019961,0.3678465670408376
1.0,0.1973732889382168,0.4128686364945249,0.07465953899363531,0.2676332203170801,0.4749175935591403,0.0085470085470085,0.3017307871814649,0.8318760801380121,0.6365266536639035,0.4645027227565596,0.23383375800564696
1.0,0.23954864964853875,0.4299256406945755,0.07928715421575416,0.3124132125011125,0.4264460895121459,0.0048038430744597495,0.30960604080589943,0.8316726313466737,0.6321871296809844,0.461578870551326,0.2406170373941192
0.0,0.2785793562708101,0.447391141739828,0.0888445893454789,0.3484975202444714,0.4315344686138925,0.049394221808015,0.3012738947378765,0.8322055156165339,0.6395679057390987,0.4607541042754956,0.20625301287790124
0.0,0.3031816500184979,0.4660206284268691,0.11195071209097056,0.3529372318416949,0.44248497403151255,0.04828326180257465,0.3662803550987722,0.8328107237175363,0.6489234016388534,0.4672014061499866,0.3660675343755021
0.0,0.35349611542730297,0.4864993160618729,0.14768409650847247,0.4176005716231953,0.4937753229237187,0.34939759036144624,0.4126623073559682,0.8326174847032818,0.6543286212277091,0.4681008703250539,0.4613089089364827
0.0,0.2983721790603036,0.4964735841127776,0.17092139202062984,0.3568442811729101,0.4942309763461566,0.2923627684964203,0.4330750826582296,0.8320144946032503,0.6521432820053497,0.4664245750327845,0.473532584991851
0.0,0.2806141324454309,0.5043432765569118,0.1853100549651803,0.3863272946592843,0.4945342610055313,0.2341513292433538,0.3956786817916079,0.8314224655184982,0.6560913751407671,0.462851311418095,0.3861074765282464
0.0,0.2728449870514245,0.5106757231749888,0.19656991434796586,0.4287521279504538,0.4978167848941141,0.20633397312859886,0.37386083940476256,0.8314384935502751,0.6640086525205798,0.4607337279016965,0.3253563804145722
0.0,0.2582315945246025,0.5172629466745067,0.20586270705127765,0.4166350906141581,0.532204177648929,0.2203832752613242,0.3871500228446221,0.8314263947884325,0.6690732659837266,0.4583786674418077,0.3417234809356564
0.0,0.23825379208287095,0.52423723051172,0.2135182876173662,0.4304075340418469,0.5291589821471401,0.14843750000000006,0.41231840981778334,0.8311872464570479,0.6730798780294498,0.4572339805382132,0.3888506301218923
0.0,0.23048464668886445,0.5317785318088981,0.22291535408938834,0.4246583519775754,1.0,0.157418339236521,0.365494303582921,0.8306742291605697,0.6661346028371229,0.4525865217895476,0.2592681863048921
0.0,0.22567517573066986,0.5386238504304699,0.23460955054105126,0.40463241808444217,0.5198099699887311,0.07776904948939531,0.3342634942937572,0.8307060088057557,0.6628143400645923,0.4493722073991333,0.16352179601955816
0.0,0.241953385127636,0.5475099645303156,0.2415459891328631,0.3802294248901456,0.4752687775211059,0.10212097407698333,0.2975794526133755,0.8312542442896081,0.6568379067379333,0.4454429172581639,0.07665909143080131
0.0,0.2611912689604146,0.5574090679118087,0.2455859030479996,0.354821190747696,0.4276936969109038,0.07352941176470604,0.32591169693783817,0.8321744223657753,0.6623979485457232,0.444815373275825,0.0998024543549837
1.0,0.2495375508694043,0.568184328419161,0.2596532656988461,0.3770688566991798,0.4677862121798391,0.010517090271691277,0.3822912419122666,0.8322310982768634,0.6656008019040246,0.447185073062728,0.2216749357403308
0.0,0.300961894191639,0.5828946228773004,0.2860205893873097,0.4344658585996272,0.4870890297319391,0.2922932330827062,0.3409400193565185,0.831890691074724,0.6688758037150165,0.4427929930275567,0.10664829566506076
0.0,0.2806141324454312,0.5893423909188134,0.3053424799516157,0.4614570322732833,0.4770770591044923,0.2678571428571432,0.45003905693469387,0.8309999833297276,0.6654798723161846,0.4509825815329898,0.3766361402725041
0.0,0.2643359230484647,0.5971400864454588,0.31908252440243245,0.4762230182090756,0.4569216186583043,0.1964285714285712,0.4784646448766634,0.8301137917007443,0.6626865798164486,0.4542053122123085,0.3841343674920189
0.0,0.2438031816500188,0.6060304328948041,0.33305892576648016,0.5176852842667855,0.4954038611106582,0.1620689655172416,0.4680985905113755,0.8304458033972809,0.6654753473102528,0.4531509518921363,0.38315297797692016
0.0,0.2713651498335182,0.6172982456723646,0.3528824338161362,0.4969901350152774,0.4768855426944265,0.2390202702702696,0.4555414175456524,0.8316525515632996,0.6764579676157169,0.4514858278641203,0.4220641457631346
0.0,0.25952645209027025,0.6241905004598847,0.3629998398860049,0.4848332661094584,0.5412780181726038,0.2355371900826447,0.5116605829554554,0.8331778291159583,0.6914522119781914,0.4539123935728594,0.5193227671700156
0.0,0.2508324084350724,0.6348805671612425,0.38402015773040304,0.4389760138173881,1.0,0.06802721088435365,0.5041783550889466,0.8341653465252828,0.7010026364227163,0.4529695491850792,0.5222763010108572
0.0,0.2188309285978544,0.6499358993267876,0.4087942199921505,0.4098342863501185,0.4289114310551681,0.0770975056689345,0.4235785977823521,0.8354613683644995,0.7112163452660313,0.4480288311611716,0.3953887432921504
0.0,0.22770995190529064,0.6653621832139913,0.434692008112704,0.3949865085761514,0.3695014900814041,0.0527540729247484,0.4468408098295741,0.8362112323621831,0.7156530970186332,0.4468875879706666,0.4392965597570613
0.0,0.3257491675915651,0.6811756053531022,0.4616341879969167,0.5193422973037316,0.4094755195785749,0.011133603238866342,0.4198202889721884,0.8354025042921586,0.7168241144285982,0.4441394208432072,0.3502121552477224
0.0,0.3745837957824638,0.6917623565412028,0.4812215740147,0.5836097261071516,0.5922232665488969,0.01697530864197521,0.4500980107983826,0.8349455176501007,0.7204120186059773,0.44385341901569203,0.3832210158492447
0.0,0.39289678135405137,0.6960008995783442,0.4929060084743074,0.5605121602913766,0.4784105164903185,0.14043209876543367,0.5292190086907821,0.8350060557091928,0.7271634238219865,0.4489660459210631,0.5497004867090979
0.0,0.4339622641509434,0.6977606100127347,0.4979615790741037,0.5788636431476409,0.4753067392840614,0.1836419753086415,0.5364261185267428,0.8347403242680648,0.7300744945105558,0.44977919534610733,0.5661113191064521
0.0,0.4559748427672956,0.6993398680221592,0.5024568914966105,0.5682147237803243,0.5164628467336461,0.4015976761074798,0.5721472471002067,0.8333473278386568,0.7270792995271532,0.4500718873346996,0.620699696326802
0.0,0.4509803921568628,0.6993063773675496,0.5066290362667439,0.5584752500110887,0.5416844151685881,0.4393609295570085,0.6298286898977641,0.8322829278677287,0.7286070705694452,0.4528829390865109,0.6851678522401093
0.0,0.4809470958194597,0.6973902671054257,0.5077958830360186,0.5580374453695185,0.5216989974221883,0.5618915159944358,0.6594284422915369,0.8310489788569663,0.7330510991858749,0.4559083935686216,0.7827173179405044
0.0,0.490566037735849,0.691996848364054,0.5047100532745833,0.571949991366621,0.4939379516681883,0.4993581514762513,0.6590992832192739,0.8304756412158801,0.7376211555496627,0.45604524584598,0.7646146252027363
0.0,0.490566037735849,0.6901529493528116,0.5123747974813946,0.5726953330727926,0.5242516923880653,0.4778037383177573,0.6700057480017095,0.8301891913318368,0.7426128947796172,0.4534900024822166,0.7794780652870241
0.0,0.4650388457269699,0.6916313536024246,0.5282159831827068,0.576151039745022,0.5343489523433851,0.44042056074766295,0.6512928091024763,0.8300150423975364,0.7459063899836431,0.4509365620183439,0.7837364940341439
0.0,0.4552349241583426,0.692239353342331,0.5456291672004641,0.5591296818721657,0.5500043982834942,0.44626168224299145,0.6452598637183182,0.8293773472333331,0.7520820396907055,0.4504481990039925,0.7627793869057621
0.0,0.5184979652238252,0.6916578456467564,0.5565534855880568,0.5956633859582731,0.5191207928045826,0.5617715617715611,0.6518872605613389,0.8270844792288546,0.7502186584104489,0.4513848041995885,0.7443924910289745
0.0,0.5375508694043654,0.6867794349085008,0.5560533749593184,0.5791309537083954,0.51097478996088,0.6855142703284866,0.6848277318974789,0.8248258060109067,0.7502728967633586,0.4513564594413224,0.7684537458999735
0.0,0.5451350351461339,0.6821901765323062,0.5670666427934782,0.5368210142307893,0.4589339716663627,0.7071129707112973,0.7011383008513921,0.8229923914715697,0.7444725691475337,0.4493944432938221,0.8015419760137066
0.0,0.5621531631520531,0.6766396664874499,0.5801642449021747,0.5174778818241831,0.5383763446064566,0.8041237113402055,0.6986966283302791,0.8220688933725141,0.7423926461279964,0.4492341337409209,0.7912805585748235
0.0,0.557528671846097,0.6680574781206823,0.5929868039611833,0.5135458898693646,0.4946632585817675,0.7628765792031102,0.7047787019341782,0.821421345293062,0.7380917585215304,0.4498898348481637,0.805042279987473
0.0,0.5769515353311137,0.6598992207131695,0.5939854323805754,0.4898692375173965,0.5567948712526187,0.8299904489016235,0.6760927344275824,0.8209351374835744,0.7392894071323248,0.4509272178503054,0.7541681251266555
0.0,0.5514243433222344,0.6490653075723571,0.5863299453577712,0.4641485610413426,0.0,0.7282872392042689,0.6744076364904762,0.8194575858601573,0.7326311717714961,0.450675777549527,0.7552734842762657
0.0,0.5911949685534591,0.6414469341147475,0.5867254414844261,0.5150162515398793,0.5067434162927075,0.9130036630036628,0.6858446860461118,0.8180067851840979,0.7346724323311381,0.4523763198615196,0.7247103037895399
0.0,0.5837957824639288,0.6278755563906981,0.5752593034478183,0.5075280700375726,0.5477516949016716,0.9267578125,0.7137102122830374,0.8164078689244242,0.7362695979844923,0.4555124039700471,0.7882424318127067
1.0,0.5355160932297446,0.613870839779455,0.5667369116395012,0.4487084224622971,0.0,0.8781230956733698,0.712344447774246,0.8173974277522168,0.7560276948151105,0.4554625601641902,0.7796325871467958
1.0,0.5604883462819089,0.6061017295366298,0.5651405014383217,0.4504728292882938,0.4193495315028104,0.9707495429616094,0.6434126426560677,0.8179526269853415,0.7651698393141629,0.4508581243797043,0.7299006968174798
1.0,0.5573436921938587,0.595961893331654,0.5615129230493369,0.4464715986670914,0.5323850805089827,0.9475929311395482,0.6671513984347748,0.818826763367475,0.7782656284620805,0.449779097499933,0.7566402869353412
1.0,0.5166481687014428,0.5860596472883401,0.5606458990543306,0.4494286249049192,0.0,0.8585098313787269,0.6727078000874481,0.8166566104109972,0.7720072118724725,0.4466043695535093,0.7653125864330259
1.0,0.5147983721790603,0.5806817623926659,0.5635530901721976,0.5119576631118585,0.5051215860237405,0.8555925083143714,0.6955917248426667,0.8142126296146052,0.7686272111974437,0.4494663609167723,0.7499486978167573
1.0,0.5194228634850167,0.5747796771774956,0.5672030760072033,0.5349369838382549,0.5510155725681084,0.9733662070434972,0.7183724803364301,0.8136687431832025,0.7714031494012926,0.4482867598655946,0.7675492610837439
1.0,0.4972253052164262,0.5663994109341972,0.5632540241266653,0.5363180262165607,0.6112889718340507,0.9149376209220108,0.7016639728026173,0.8143395713411558,0.7833493732679059,0.4451857615706532,0.8196516537649541
1.0,0.4798372179060301,0.5586000059880896,0.5640368768888888,0.5008124369434104,0.6035909718435505,0.7031156181199543,0.7292985964067622,0.8156534848147258,0.7971756602377739,0.4482400609823624,0.8701090781140044
1.0,0.48094709581946,0.552515897462426,0.571992240423702,0.5046557826015455,0.0,0.6080459003269071,0.7368889063567003,0.8142908948602979,0.8020195569397587,0.4489444609617424,0.8925404644616469
1.0,0.5083240843507216,0.5473288245708277,0.5779633739610164,0.5895607929117421,0.536456476055763,0.8116788321167894,0.7484045610639205,0.8127836148283129,0.807410615885722,0.4503575316018583,0.8847202674173116
1.0,0.5238623751387347,0.5371582787473876,0.5737660015980506,0.6420620370942504,0.7109736016811107,0.8976945244956781,0.7677365155318867,0.8111910073457985,0.8173074506890144,0.4486743756660557,0.917690007037298
1.0,0.5166481687014429,0.5258255308250646,0.5628357220913403,0.6345626171038008,0.5392264747573572,0.9648241206030149,0.7575571484016133,0.8105731309965917,0.8308747801130391,0.4514633558599146,0.9041959887403236
1.0,0.5011098779134296,0.5205739288779371,0.5671740117874338,0.5628985266205837,0.6014272724835411,0.9613615455381797,0.7403180560946011,0.8097620554332253,0.8423921946636425,0.4531521204623098,0.8940358902181562
1.0,0.4792822789493156,0.5131654772880876,0.5608181903128421,0.5004287354691972,0.5325598953585025,0.9198508853681256,0.7272057342458081,0.8091912020650046,0.8463311292306946,0.4521164257007679,0.8583743842364533
1.0,0.5558638549759527,0.5049938959442029,0.5495491138927149,0.6405690668780243,0.5452532878235579,0.9587628865979392,0.6886400817493576,0.8083744389542961,0.8442654336323324,0.4519899566277074,0.8029644616467279
1.0,0.5610432852386237,0.4942261243702637,0.5233343822332026,0.6481136128337357,0.5147546577577969,0.9750415973377694,0.6840858957793947,0.8089592258088231,0.8523804080194325,0.4552550331785995,0.7993314567206194
1.0,0.5495745467998521,0.4876393578519156,0.5124334492216296,0.6694445074795579,0.5183597445980067,0.9513023782559448,0.6523490658269016,0.8092160797263915,0.8681767066803713,0.4550849986644899,0.7835151301900067
1.0,0.5564187939326675,0.483026378966307,0.507861061101479,0.6782776194224371,0.0,0.9845788849347572,0.6339112449582165,0.8098406648254136,0.8939392663442302,0.4533367998454878,0.7491115411681915
1.0,0.5379208287088421,0.4770806181939655,0.5048018679010017,0.6647818832945168,0.4909364562378185,0.9592326139088742,0.6230342571076251,0.8096198836171152,0.9010877794088278,0.4556973965144484,0.7472290640394086
1.0,0.5466148723640399,0.4723056568963988,0.5039726862188736,0.6757139630738068,0.4741560590970692,0.9588377723970958,0.6258050887010005,0.8098791934458135,0.8915561193777216,0.45222514088121,0.7501935256861362
1.0,0.53921568627451,0.4655707328380545,0.4957392982470761,0.7047319666051579,0.41104067610437306,0.92857142857143,0.6070282831161048,0.8097102697444548,0.8797438823663551,0.4537982096457594,0.7360045742434909
1.0,0.5386607473177951,0.4596348943049504,0.4904870440419203,0.705359038365145,0.41012674474245947,0.8595238095238104,0.6333364447872505,0.8090891971423463,0.8736134241901269,0.4529696882143196,0.7823715693173825
1.0,0.5375508694043654,0.4542383643693244,0.4874872044148363,0.7426342552837646,0.4291841317472292,0.8571428571428568,0.6451124790590962,0.8075760569479297,0.8782919047322569,0.4543527381255668,0.778764954257565
1.0,0.5436551979282278,0.4478878434203841,0.4827659272858945,0.7188316862674232,0.4778419424123408,0.8880952380952384,0.6573797955283491,0.8061648250926355,0.8802220137192162,0.4519505822921326,0.7883180858550314
1.0,0.5640029596744358,0.4414511137288708,0.4777984540143921,0.7024371102858421,0.5180622201863223,0.9012629161882892,0.6850389832423643,0.8045186527558673,0.8798802552636581,0.4550006828884278,0.8418103448275863
1.0,0.5493895671476138,0.43346241587709344,0.4671205419428448,0.6501405753475621,0.0,0.9375336564351106,0.7243071692811067,0.8031158431389992,0.8805945850178717,0.4556471080945249,0.87905524278677
1.0,0.5608583055863856,0.4252403811887775,0.4582447362049646,0.6237866206677085,0.5207433873435791,0.968766828217556,0.7187704189163295,0.8004911265580549,0.8715762922042795,0.4587505003057434,0.8765130190007037
1.0,0.5584535701072882,0.4134521858875653,0.4438670822157918,0.6218123447802568,0.4453543533686698,0.9763380281690148,0.7379107733273067,0.7981208222655057,0.8663990903787603,0.4610725025655752,0.8676020408163264
1.0,0.5553089160192377,0.39938834637918297,0.4263427933177862,0.6196631751032049,0.5236321179128938,0.9674894641782046,0.7376749578725513,0.7949528446981329,0.8547560550320726,0.4613441038685964,0.845197044334975
1.0,0.5854605993340731,0.3868795393029367,0.41463383127646825,0.6546909498192235,0.5417853381856932,0.9436008676789576,0.7467587657026069,0.791916423785132,0.8394876851906855,0.4625641491827127,0.8332160450387049
1.0,0.5649278579356272,0.3740903753389977,0.3995240237704753,0.6490516209842851,0.7559777456121088,0.9399255715045192,0.7496671563112569,0.7898965741105334,0.8289011870371831,0.4633981908019013,0.7989481065918657
1.0,0.5281169071402146,0.363191366879241,0.3888588145532115,0.6111529279865061,0.8090782613121371,0.8009259259259259,0.7410107639929452,0.7875925318262597,0.817763385783486,0.4620230441099832,0.8114792426522477
1.0,0.5442101368849426,0.3547163617817441,0.3766762004314191,0.5999431936294278,0.0,0.8761574074074073,0.7554790247065817,0.7869645945396312,0.8219164590711435,0.4640040304586104,0.7926770187919119
1.0,0.5741768405475397,0.3451869126385956,0.36493491549327256,0.6184327992836548,0.6629292653290594,0.9792387543252594,0.7697360340753329,0.7861357998053357,0.8251400619635222,0.4649870416545063,0.8524721565980422
1.0,0.4735479097299297,0.3329152409704963,0.3416225973172429,0.4788947260164472,0.5001577045711697,0.955849889624725,0.7896575271801876,0.7876419342194653,0.8402430954815815,0.4670263753182418,0.8975869051636853
1.0,0.4519052904180541,0.33324506217986394,0.3446083179061068,0.4798517697722154,0.5054801762287409,0.8300220750551884,0.747520253108588,0.7871845109677412,0.8440071001743726,0.4650679842651831,0.8903476206547418
1.0,0.42933777284498703,0.3337705792480439,0.34564207697363386,0.42578260721734856,0.5097035224652321,0.8866666666666654,0.7456189910046227,0.788100297855795,0.8555333151981833,0.4654927968184298,0.8446760040499492
1.0,0.4160192378838328,0.3333461120523617,0.3559671423318034,0.4492777918324968,0.0,0.7822222222222215,0.7186770752988221,0.788246893624761,0.8648738471665273,0.4614339633236485,0.8656176172797836
1.0,0.4282278949315576,0.33225484017833784,0.3587333747612108,0.4755855863221615,0.4819018137512817,0.9377777777777774,0.7022977268372728,0.7888098083965981,0.8783150078325593,0.463067662241887,0.863609517381033
1.0,0.4197188309285978,0.3294588405146106,0.3597522557031738,0.4572879574175895,0.4669358182168836,0.8907766990291255,0.7237028921782959,0.7879216923689382,0.8846255687409016,0.4616332997429277,0.8780037124535941
1.0,0.4132445431002589,0.3284545391022886,0.3611051538071687,0.44304633553285816,0.4602596610087607,0.9271844660194164,0.7354297982304017,0.7853745913167397,0.8815731074012237,0.4628315827786735,0.9029109011137364
1.0,0.3906770255271921,0.32664300014443115,0.36282081272061295,0.4437978948219011,0.4501749354857288,0.7616822429906549,0.7507135873917337,0.7839821965925061,0.889809232631286,0.4647518034603311,0.8877489031387108
1.0,0.3988161302256752,0.3254357472510838,0.3675611506513601,0.4132163441571649,0.47720982981601795,0.6790123456790118,0.7131403249340453,0.7812824537018513,0.8902212384973475,0.4643382284962299,0.854463381707729
1.0,0.4019607843137256,0.3237458116244776,0.365642837908127,0.4200716901266399,0.4689737496362529,0.6646090534979419,0.7484045610639207,0.779812182538235,0.9016540706578638,0.4644862967607272,0.862867026662167
1.0,0.3725490196078432,0.3226021508095147,0.37000911890987787,0.4033505347701309,0.5053323689737241,0.4299610894941627,0.7509985310662297,0.7779835167060919,0.903488780498914,0.4646800481024967,0.8725531555855551
1.0,0.3897521272660007,0.324854729353661,0.3773795493530107,0.4365818162717989,0.4920919325530488,0.6200378071833638,0.6930075804843059,0.7779484618400346,0.9172628291827288,0.4627172367660234,0.7918157273034089
1.0,0.3775434702182761,0.32420219607481204,0.3907717076165848,0.4569412216184498,0.4698924749818333,0.5539906103286382,0.7033687220276199,0.7776891143417081,0.9224657282184541,0.4634574386610405,0.835791427607155
1.0,0.3668146503884574,0.32330544989069754,0.3984141772164478,0.4835802696881184,0.4872320707273092,0.4972875226039789,0.7065620563107655,0.7770084212788736,0.930733353226659,0.4639699529716567,0.8235993925075938
1.0,0.3731039585645579,0.3216381658280329,0.40267123624948026,0.5006714908129328,1.0,0.30291005291005296,0.6865668708762998,0.7783126188570614,0.948190393014396,0.4657301091467372,0.7970975362807962
1.0,0.3510913799482058,0.3201456729925867,0.4016404868038832,0.42010148066413744,0.5467715733890898,0.031746031746031085,0.5976497059676047,0.7794602291066853,0.9643283717850072,0.4589411965982269,0.7539402632467094
1.0,0.3718091009988901,0.3246787143190617,0.4168808918905606,0.42115161941662893,0.4645327655514008,0.14417989417989374,0.5778166436582839,0.7802158020557205,0.9723774268804052,0.4573061642114344,0.6913094836314548
1.0,0.3725490196078432,0.32789617191849096,0.4320902525746634,0.4236024728736716,1.0,0.13624338624338553,0.6134444286142402,0.7785091479164422,0.9686560750136732,0.4574535872771444,0.7343570705366181
1.0,0.3775434702182761,0.3322950347732174,0.4478649240859088,0.4403235500828165,0.4348323097132027,0.10714285714285657,0.5984701472372744,0.7773373775145612,0.9698668208405284,0.4560778196464077,0.7037293283833947
1.0,0.3590455049944507,0.3375367516122334,0.4571516459545984,0.4271876293633996,0.43839338051039206,0.003994673768309074,0.5886887186869009,0.7760793250918064,0.9728619437853242,0.4588746726866637,0.6888288896388793
1.0,0.38568257491675934,0.3479492189627793,0.4779538322794255,0.44522225387776004,0.5056473796710286,0.022082018927444897,0.5861537025482808,0.7747862233748392,0.9723164979352568,0.4588806577440934,0.6579311508606142
1.0,0.3647798742138365,0.3544574424576377,0.4957031649113671,0.39906560755519743,0.4570934325661787,0.07284768211920492,0.6331251934423653,0.7736557888632035,0.9705744382193109,0.4603432279898161,0.7298768140398247
0.0,0.4078801331853497,0.3604779627966326,0.5172017720797883,0.4712783260462913,0.4877291277790253,0.168336673346694,0.6196787996993354,0.7725137227798652,0.965703687230732,0.462735350153608,0.7112807964900442
0.0,0.4173140954495006,0.35927817623211245,0.5228817460721104,0.4494270247771093,0.4642239956113595,0.2184368737474956,0.6810448589774449,0.7716330200163791,0.9624802877083576,0.4658150156880052,0.8018140398245017
0.0,0.4445061043285239,0.35886883046697204,0.5283505238201478,0.4703411868973477,0.4634922027684114,0.336769759450172,0.6972817356017469,0.7697535395064047,0.9512693721743904,0.463848496315374,0.8291765102936214
0.0,0.4369219385867555,0.35802779002823026,0.5274351167345825,0.5002369147037257,0.4877256133722414,0.3213058419243994,0.7302418582257835,0.7677476362221841,0.937966252428042,0.463775359388809,0.8631370232872091
0.0,0.4498705142434333,0.3586023230198052,0.5272555076490529,0.4846899437626884,0.490953147819454,0.4137638062871713,0.7324821050459593,0.7657323115600038,0.9255618312296421,0.4641898157518994,0.8515693553830576
0.0,0.4724380318165001,0.3572359499131548,0.5161330527888999,0.4944305736904003,0.4755789117964181,0.5538855132715063,0.7469798426914405,0.7634584289089689,0.9190125294592076,0.4657244068693556,0.8819946000674994
0.0,0.4696633370329264,0.35290619050543937,0.5013052182831168,0.4892850890436564,0.4622951016707265,0.490415335463259,0.7740249276586961,0.7606242936330628,0.9144570862588008,0.46500994963044,0.8936044549443128
0.0,0.4848316685164632,0.35121347138300685,0.4977276115510572,0.5208387569156527,0.4899488208304549,0.5085959885386818,0.7991392735901427,0.7570855118706127,0.9033127350595046,0.464072089353639,0.902708403644954
0.0,0.4750277469478357,0.3481891766175751,0.4954241445700274,0.4843300498362176,0.5215462399884437,0.6150533003122646,0.7967860318645632,0.7564684918889516,0.905829263419162,0.4641989180089681,0.8784864052123793
0.0,0.5055493895671477,0.34481216550124505,0.4971965105950003,0.4843948425774491,0.5914024855348241,0.6338968450522238,0.746621206687333,0.7562439338994519,0.9116807487596332,0.4570103024475989,0.8847429311280954
0.0,0.5164631890492046,0.3369371772950398,0.4849392289714166,0.449626055130074,0.0,0.7024031876478644,0.7479427557983579,0.7558106569226023,0.9164373994814996,0.4574112172180181,0.8666583134945495
0.0,0.5567887532371438,0.3290568106538168,0.4788795305766039,0.4515580648077229,0.5831729649954469,0.76909821941413,0.7627893038039978,0.7532406445618881,0.9110668352307141,0.459169569196796,0.8613289896838323
0.0,0.5477247502774696,0.3194381606154566,0.4726896229641969,0.4417233055671473,0.4565998625649796,0.97948717948718,0.7659531611552991,0.7512394256835307,0.9056372268162364,0.4556960320160098,0.8659566470367119
0.0,0.5290418054014059,0.31252166791442715,0.4727968858541899,0.4810187732992879,0.4869493452600636,0.8708043065231156,0.7907923890561974,0.7492953615396712,0.8997662799127085,0.458348387561993,0.9120995698116356
1.0,0.5336662967073622,0.30517241615533464,0.4624340584133966,0.4886855044865491,0.5348299525048225,0.8366054464851174,0.7957346879621124,0.7468468141597314,0.8949986643862571,0.4591964034748742,0.8935471745395317
1.0,0.5721420643729189,0.2976598150497753,0.4469789494979674,0.5417719609434859,0.523749359462218,0.8621113822589925,0.792570830610811,0.7443783081597394,0.8916472951730253,0.4591376163080678,0.8740675771624272
1.0,0.5640029596744358,0.2903993326249683,0.4311684625049453,0.5331124815110545,0.5581226959616701,0.8241347053320858,0.7768498002937869,0.7422794776830987,0.8924870700363537,0.4615371143499717,0.8484400451071298
1.0,0.5586385497595264,0.28656467064785485,0.4340050890775243,0.5083274410239367,0.5494962459170423,0.8493919550982227,0.7453733499059195,0.740579811774717,0.8912077113298249,0.4588766913125453,0.7811552437037967
1.0,0.5521642619311875,0.2818955157059844,0.4304509686176854,0.5542437225617821,0.0,0.8344246959775488,0.7543687269404417,0.7391818890559144,0.8870108501748807,0.4560805496501785,0.7954141085077058
0.0,0.5823159452460229,0.2757595274446221,0.4247311119220125,0.6661687999355428,0.5476812579633793,0.9962581852198316,0.7402885791627569,0.7380210727262452,0.88781626737308,0.4585025421264403,0.7755299293427546
1.0,0.5778764335923048,0.26340828851137066,0.4032881408146638,0.6637731547324583,0.5665935026689971,0.9828973843058348,0.7533615984357571,0.7364047909095358,0.8821645841919373,0.4561770238176062,0.7966771097187038
1.0,0.5863854975952645,0.25212523800351105,0.3839990240682213,0.6743811596693906,0.5392098145953055,0.996116504854369,0.7637718681988118,0.7348533637801417,0.8795393012620688,0.4574850778382789,0.7924244054664799
1.0,0.5564187939326675,0.2416307986189961,0.3727765922639869,0.6793878352713972,0.4993563552868865,0.9010204081632652,0.7584365435349718,0.7326991610095134,0.8715827712639473,0.4566798578973828,0.7956148182123464
1.0,0.5514243433222346,0.2357616979119581,0.363905572841344,0.6528010729130859,0.6006503536339305,0.9423274974253346,0.7630840731224421,0.7318442435561171,0.874365284853056,0.4575135710715771,0.7773746242618329
1.0,0.5308916019237884,0.2295033708412424,0.35716559332537506,0.6329519486122145,0.6036484915261456,0.9490986214209964,0.7413890512849484,0.7302290784038875,0.8758424662633372,0.4583339617046509,0.7741607737950091
1.0,0.4996300406955235,0.22549116380977074,0.34277721260386995,0.6069617552019004,0.5946546239256104,0.9080086580086586,0.7471812683923775,0.7283051862203817,0.8776601837351165,0.4592243863072604,0.7603023652767621
1.0,0.44580096189419177,0.22149096992130013,0.3324219400598073,0.5485390259353136,0.5546171411559545,0.8809523809523815,0.7939120310097321,0.7258171762608464,0.8754172790584093,0.460818270607445,0.7980283956536929
1.0,0.4239733629300777,0.2162747768584503,0.3138583017010079,0.5653818576726106,0.0,0.7662337662337664,0.8020329257328702,0.7230383733834632,0.8700763310857057,0.4616067925613563,0.8247556493861914
1.0,0.4550499445061044,0.21117512873346975,0.2993802873364786,0.5680511015914965,0.4857426591874204,0.8852813852813859,0.7984072631160062,0.7207438884332623,0.8604330946398691,0.4617606886211529,0.7938773295295976
1.0,0.4093599704032557,0.20159766268229,0.2746041092042095,0.5404989861845743,0.4318582909394423,0.8977119784656792,0.824450132400552,0.7183740293797499,0.8512630509560221,0.4609510941393451,0.8206560256370748
1.0,0.4143544210136885,0.19584396023772888,0.2652483473949031,0.5491998056412135,0.5283513969808684,0.7788578371810447,0.8147718731116341,0.7160328222777733,0.8437383896351233,0.4601095907690204,0.8088527402413698
1.0,0.38457269700332974,0.1885897172550428,0.2375736477014045,0.4887956135165778,0.5031103480515281,0.5601458080194412,0.8564866444934633,0.7143376583176412,0.8465301831801456,0.4611187515828205,0.8530054603765932
1.0,0.38327783943766186,0.1844916340140572,0.21276886449945956,0.4854330157117892,0.5000326236766393,0.522478736330498,0.8212174955416139,0.7130819408378174,0.8527956774125166,0.4614943698845431,0.8083552700069899
1.0,0.4108398076211617,0.18077742329562366,0.18881819273021846,0.4918976211407856,0.5196516492282387,0.5407047387606315,0.7804705500886765,0.7127829694549627,0.865816409767386,0.4606398535750033,0.7700144261514897
1.0,0.4069552349241585,0.17847948595153995,0.17748306390646398,0.4842183034664411,0.4891710178745226,0.477521263669502,0.7634623604144455,0.7126001466195261,0.8751999918324463,0.4625420857758651,0.7531417778372669
1.0,0.3311135775064744,0.17865198042619654,0.1737375611421894,0.3798164511746586,0.4812537046192862,0.21263669501822607,0.7447985497349532,0.7116770440393948,0.8780605646164369,0.4644129841475014,0.7300673716146879
1.0,0.3311135775064743,0.18526967243322834,0.1695651142544947,0.3795849194208309,0.4827833103386155,0.20656136087484767,0.7128259043277048,0.7104202411547013,0.8811470759702106,0.461453483386845,0.674534124540817
1.0,0.34535701072881986,0.1892051672089261,0.15639249108918998,0.3581587366104501,0.4870018843688587,0.2746051032806803,0.7099420778289256,0.7095665368082703,0.8869172400002022,0.4612952653644205,0.6628890971013846
1.0,0.3668146503884572,0.19401583258063626,0.14418284013450625,0.3589639026444965,0.4680729681712055,0.29769137302551596,0.7154493512618583,0.7090125674123072,0.8978477421953975,0.4617151285749668,0.6828403158881006
1.0,0.3390677025527193,0.1978569312244716,0.13477293152416728,0.3238325814538045,0.5216664087431089,0.30984204131227194,0.6916221646876182,0.7088166829055694,0.9014132630428552,0.463092616204305,0.6493627210398727
1.0,0.3403625601183869,0.20368700956698227,0.12856886988298374,0.3244336207078665,1.0,0.2320777642770349,0.6990749156222825,0.7086073005518746,0.9051918951344614,0.4638058047441489,0.6700575558827468
1.0,0.32445431002589714,0.2111035267211152,0.12223578888233592,0.3343315106897428,0.5261090609449662,0.1111111111111114,0.7029413065158756,0.7081134006158846,0.9063284405537868,0.4641567075681794,0.6816728386799329
1.0,0.3041065482796892,0.21917676464082048,0.1257949300778988,0.3131289539419657,0.4766086502776098,0.07124681933842178,0.6636485563672627,0.7072659135433651,0.9104302984834246,0.4602838481332465,0.6174839007123841
1.0,0.3607103218645951,0.2302120998473633,0.14558106165100612,0.3700075362564162,0.4901654122297344,0.03730272596843588,0.6694456862966656,0.7062905189539167,0.912998208802096,0.4571962655257187,0.6243846577135295
1.0,0.3420273769885313,0.2397904201905008,0.1618785591617735,0.35099625415361096,0.4601244387345922,0.02027027027026983,0.6954983812251596,0.7053710461752908,0.9220234698518244,0.4565931040177682,0.6545308526301701
0.0,0.3401775804661488,0.2530308601889597,0.17750516298365726,0.35082944372337765,0.5019591529391989,0.014767932489451529,0.7121184579634385,0.7040247922190799,0.927590041899506,0.454813910249543,0.6784083641933996
0.0,0.3625601183869775,0.2624812012261659,0.17775453921391887,0.3776083530195472,0.5488539159338343,0.4145873320537421,0.7444153496209754,0.7028426514527774,0.9345919886979812,0.4549567298841836,0.714719136215589
0.0,0.36274509803921584,0.2671883580571495,0.175586462666974,0.3779597644395614,0.5156019226901184,0.378743832954036,0.7938923797218357,0.7009120309541589,0.9329669309354476,0.4609625164895775,0.790657207870432
0.0,0.31039585645579004,0.2691682532448563,0.16241598098361654,0.3647838349889864,0.5625313127424211,0.2335164835164839,0.8189035563918269,0.7002668140659829,0.9434565395401644,0.4602233794049602,0.8056038905992058
0.0,0.3416574176840548,0.2736533213992167,0.15960733267554358,0.35738461836705754,0.5847543111647662,0.31591448931116345,0.7455354730310635,0.6993830154269814,0.947286458323412,0.4549836871021323,0.7430657802763274
0.0,0.3275989641139476,0.2725355797432134,0.14412007651741296,0.3836660757109335,0.5393266258103434,0.25296912114014275,0.736112680484797,0.6992532814278062,0.955772709073717,0.454144843233688,0.7242374217344101
0.0,0.33185349611542725,0.2772835605952719,0.15395819678819808,0.3899814065961935,0.5726176843249913,0.2304038004750591,0.7535188087389275,0.6979066588310355,0.9558982798674032,0.452456303819388,0.7450289266645845
0.0,0.2698853126156124,0.2825245842229236,0.16617923288752107,0.3803109088995876,0.660098146097545,0.2019002375296915,0.7241008307581958,0.6961279257807672,0.9577949976333898,0.45338593057446896,0.7005978673091507
0.0,0.2410284868664448,0.28882660891009904,0.1717544090543736,0.3757814129784979,1.0,0.03458213256484145,0.7394091840293979,0.6949838100428537,0.9640228089633964,0.4514785380973498,0.7068144975386307
0.0,0.25767665556788755,0.2964056802220534,0.17251314434437498,0.4045515801790939,0.6027129945667589,0.004803073967338826,0.678662140320021,0.69327838613158,0.9722975547732688,0.4486724722065572,0.6261693362483082
0.0,0.2807991120976693,0.30456153025898125,0.17510404401824306,0.4276645230603435,0.5429657328850126,0.1892411143131604,0.6771833809058261,0.6918669987292329,0.9868477186066468,0.4488395132136093,0.6046119067802912
1.0,0.28634850166481696,0.3123191607284781,0.17718972037708638,0.43709449133210576,0.5584443116875439,0.1844380403458216,0.7428530722332212,0.6903184980780576,0.9947765258378728,0.453409783137005,0.6848555154002883
1.0,0.2478727339992601,0.3207061968027294,0.17681046180180846,0.4540276199243864,1.0,0.16316793893129786,0.7499226230539083,0.6887945505478056,0.9993481556763624,0.45424321411719104,0.7016512734396866
1.0,0.2164261931187572,0.3315887303810561,0.1659467137336342,0.4607000142271788,0.5349503532209432,0.0590582601755788,0.7240222256066107,0.6877577748218858,1.0000000000000002,0.4516758515377052,0.6582924565822619
1.0,0.2419533851276361,0.3440395904168469,0.17347993354394087,0.4842604770053914,0.533542389901681,0.14728033472803334,0.6977189767574392,0.686958273029073,0.9959127423451728,0.4526937317894067,0.6204943509066538
1.0,0.2280799112097671,0.3541934243018152,0.17961386048728792,0.5129625083262289,0.5683134670713372,0.08341807550527552,0.7529489213899356,0.6863224569355727,0.982280674706301,0.4597909780205928,0.7088535880098007
1.0,0.20588235294117654,0.3676092244772806,0.19301127577993815,0.4964051171905074,0.5364821829541678,0.0910482019892888,0.7207404605279317,0.6857612138771564,0.9743658550575052,0.4564938447257994,0.6561573382581247
0.0,0.21790603033666306,0.3780858982148503,0.1962565858572672,0.5089042989176843,0.5367613059725633,0.17740897059875566,0.7352283725294646,0.6843697629350155,0.9687068970855492,0.4579607508267807,0.6968383721700232
0.0,0.2399186089530152,0.38383258702638856,0.18769045021670955,0.5394052976437466,0.5558317554097212,0.000715358752414194,0.8268426767019244,0.6832387937931613,0.966063831882398,0.4662831692850841,0.8001486266748095
0.0,0.2965223825379209,0.3966087366650761,0.19270629849191773,0.5530608528921502,0.5682115049015279,0.004954992154595361,0.7448280266667975,0.6809784727677589,0.9571963580651212,0.46093726911585,0.690024205970806
0.0,0.29670736219015925,0.4104780799775716,0.2014676404454504,0.5556917498439139,0.5844161124479089,0.0036835804401877882,0.8147718731116342,0.6799418837522256,0.9616747755270872,0.4666729819805314,0.7895254162693468
0.0,0.3126156122826489,0.42516877236647255,0.21979011797402054,0.5734395038007576,0.6186035175657578,0.037497431682760984,0.8779360252322537,0.6785737209628132,0.9745293756588064,0.4715304719320592,0.8796554800828921
0.0,0.29874213836478003,0.4365334030818176,0.23356475368067536,0.5604425354230546,0.4053111196272435,0.04879802753236027,0.8673292425902359,0.6768605700912128,0.9817969602106016,0.4694921017578267,0.8800296454064008
0.0,0.3324084350721421,0.4497060553944217,0.253594374778139,0.5967364931125357,0.3617167180037857,0.27994657900143805,0.8611194356150116,0.674919946239848,0.9817969883862382,0.4689320338247995,0.8682938061247986
0.0,0.2946725860155383,0.4561174343318992,0.2582438142485676,0.6078177389504384,1.0,0.20495171563591535,0.91314130749844,0.6723598449882352,0.97217325326752,0.4722560654413653,0.9300454754777802
0.0,0.3153903070662227,0.4649826998536562,0.2764134259507017,0.580059323304027,0.35141581546795875,0.22858023423053184,0.9162511238080262,0.6691681160927413,0.9687328891017448,0.4727762324500819,0.9266204236702736
0.0,0.3083610802811693,0.4704048282898252,0.283997024780734,0.5668159019629299,0.4631716513228822,0.06706671373102731,0.9239986440611352,0.6659643249522625,0.963025872032728,0.4739355905725264,0.9233608680635504
0.0,0.3967813540510544,0.4770392408406758,0.2955191965976071,0.6269881621155134,0.504205343388341,0.2664028010351656,0.9339471085586272,0.6631424759754126,0.9633817445953198,0.4753154266470256,0.924644275197468
0.0,0.42989271180170185,0.4789098469479451,0.2941859925130933,0.6205341020052969,0.6628691572436015,0.2998934388795863,0.958535782538848,0.6603415373645697,0.9583459346089246,0.4785004923308535,0.9861686819441166
0.0,0.3590455049944505,0.4810745744570928,0.2910741090154414,0.5858281176414653,0.6661374543475685,0.11569493073527165,0.9515595753356684,0.6578417904305971,0.9457839660671676,0.4781910581307745,1.0
0.0,0.38327783943766186,0.4863314057025296,0.29087041522351875,0.5635539309797607,0.533113343893069,0.2176891459887353,0.905831028401024,0.6552438157395691,0.937204522251424,0.4772593682276709,0.9925596169493652
0.0,0.4261931187569368,0.4921695717613044,0.2953687148990736,0.6154468078755762,0.44698165287867214,0.16440858578170198,0.8970812924652046,0.6533060113438832,0.9247854813191208,0.4763769996621151,0.9956135113403866
0.0,0.3805031446540883,0.5000319504650084,0.30757651181335377,0.5715252610729746,0.43387676209334297,0.4923551690279155,0.8768257274661134,0.6509610284215449,0.921699252678436,0.478094491086033,0.994016399497673
0.0,0.3805031446540881,0.5097105903390908,0.33514129312012697,0.5719143769598127,0.4548885243546748,0.5947538224154861,0.8605790251978639,0.6487246488104091,0.9138366934275528,0.4767280615230829,0.9675953335946168
0.0,0.3577506474287828,0.5115587661340011,0.3445846610589549,0.5525921280141877,0.5075689026061753,0.5681528662420379,0.8354892433762875,0.6462072002299725,0.9081298570836224,0.4740558653454465,0.9248315232294358
0.0,0.381798002219756,0.5129708545112035,0.3522999744692887,0.5252694938633654,0.4886123909706393,0.5710659898477161,0.8140889908572383,0.6439587971843103,0.8929255858076129,0.4720773582002246,0.8723834966357764
0.0,0.4004809470958197,0.5136353448326627,0.35543447870443984,0.5419542808699754,0.4473058557862747,0.7411167512690365,0.8484885703196773,0.6416495610957907,0.8720576473703122,0.4733836203359277,0.9235105957616956
0.0,0.3899371069182391,0.5110553287749533,0.3506884327573633,0.532988050603499,0.6566460778912979,0.8223350253807117,0.8675650580449915,0.6397974050007272,0.8567207565440692,0.4723693616608308,0.9441663334666136
0.0,0.3427672955974843,0.5071445800583734,0.34433837531242395,0.4792596104488199,1.0,0.3511830635118306,0.8802106618062482,0.6383929742536602,0.8479173697226766,0.4738947356477839,0.9889036732389828
0.0,0.3113207547169811,0.511127002870071,0.3494429488787808,0.4934567393333846,0.4205343443120495,0.2092154420921544,0.8432515020953186,0.6364421955789051,0.8380701338026452,0.4729943344879925,0.9410910850368944
0.0,0.3272290048094709,0.5204324842490462,0.3638196162384099,0.5086546887978399,0.4082946481720505,0.3611457036114568,0.8177834329817388,0.6348424967638343,0.8281991892295265,0.4707973868104359,0.8720535462279748
0.0,0.33203847576766565,0.5260894915891776,0.3734234379293866,0.5136520473701329,0.3432313481730583,0.4157236450268021,0.8122565082609101,0.632366615792089,0.8197960816036359,0.4693608604423616,0.8807306157009801
0.0,0.3596004439511652,0.5304823940708758,0.37690852148792986,0.4927167189965107,0.3587518292122007,0.5181655747468727,0.8473094930459002,0.6295725948376033,0.8129610851598897,0.470822646039065,0.9051489859279868
0.0,0.36736958934517217,0.5324436441010507,0.3790388681933156,0.5006851366387319,0.3756601127046415,0.5693865396069093,0.8508565505111791,0.6263073462234215,0.8063399522579734,0.4721994442533105,0.8755400882995275
0.0,0.3921568627450982,0.5345275992912188,0.3824325793383847,0.4772540908283133,0.34610062924798185,0.7254318046456231,0.8507877710035419,0.6234080267909482,0.7999686793311135,0.4720531977539174,0.8827285125446661
0.0,0.3714391416944137,0.5300207713204201,0.3738513191460758,0.5011350854190814,0.3332243684906989,0.6190476190476191,0.8269114562095613,0.6215703318834173,0.8015111805830423,0.469924789443708,0.8246489550555808
1.0,0.4237883832778395,0.5279055369236831,0.3671639609204089,0.56415738880222,0.2780568184149827,0.6142857142857134,0.781349945222035,0.6194077107808204,0.8036967074758,0.4681673948479828,0.7604008733094794
1.0,0.3919718830928597,0.5244957561373806,0.3550934661185096,0.5777729808224497,0.3626998732746618,0.4154761904761904,0.7873239367425042,0.6184748187357493,0.8058705999399288,0.4693250781647776,0.7539330830405309
1.0,0.3660747317795042,0.5288373046268771,0.3634255338344545,0.5420990139193214,0.32139728654104843,0.22857142857142865,0.7412465794477006,0.6170803849257877,0.7995944972513046,0.4666691534255252,0.701857522855802
0.0,0.4143544210136888,0.5388544717487347,0.3785383338761139,0.6024999674465279,0.24712481477035356,0.5404761904761909,0.7077460464065162,0.6166360436915799,0.7972095387618695,0.4627765548943085,0.6380773558054109
0.0,0.3840177580466151,0.5432692404655213,0.38886316046334296,0.6125608651516613,1.0,0.4642857142857146,0.7825339353177858,0.6157592781880411,0.7991810875698283,0.4748010222703321,0.7650742267890235
1.0,0.3309285978542361,0.5495558965242346,0.3993829746143221,0.5696254935802684,0.5360375151198319,0.14642857142857096,0.8242094041238227,0.614459884476536,0.8040844435193356,0.4779079526310375,0.8165166506763538
0.0,0.4193488716241213,0.5623571153715785,0.4225158335827422,0.6559957055306491,0.5969285834097583,0.29601990049751115,0.7772870414494788,0.612307777232625,0.7968081421047676,0.4723599441865202,0.7380127580726669
0.0,0.4345172031076582,0.5637506470670504,0.4238262391659419,0.6381075207988397,0.5056498829967788,0.4776119402985067,0.8638951800303613,0.6103433620985393,0.7873248220839476,0.4834134493804722,0.8538900403541797
0.0,0.4750277469478357,0.5626220033594167,0.4166271288207245,0.6812182712376048,0.6710936083452715,0.8456057007125879,0.9279682042161836,0.6079614297611909,0.7734816714484606,0.490731668531457,0.9346230293984692
0.0,0.4735479097299297,0.5579986028489996,0.40320653479254,0.6804779463252016,0.6599410173384146,0.5961945031712454,0.9447012758598664,0.6053688256757218,0.7648478762207549,0.4897761837251736,0.9547936653726652
0.0,0.472992970773215,0.5570344755409902,0.39254822134894457,0.6781204647712361,0.5066192016404673,0.6775510204081612,0.9363249143940772,0.6026353756669619,0.7526159318390816,0.4890613983330037,0.9357403871595192
0.0,0.4924158342582315,0.5563700011360121,0.387741343657468,0.7340736372082542,0.579776308954,0.9244897959183668,0.9758190902436268,0.600748398269712,0.7536943783170325,0.4921337423990893,0.9766032357527394
0.0,0.4763226045135036,0.552515127570792,0.3753388346959968,0.7094984656620056,0.5684964424895526,0.6979591836734689,0.9733528536126436,0.5989324207192391,0.7526641923843913,0.4902680518001351,0.9966251225318584
0.0,0.4787273399926009,0.5505138254534001,0.3735772237494532,0.7162823860262154,0.0,0.8122448979591836,0.9248976904823901,0.5982053254493284,0.7580819883720237,0.4882654898504808,0.9306189609298424
0.0,0.4916759156492786,0.547495484831678,0.3748522734511871,0.7101386412862982,0.5376159918229189,0.8857142857142855,0.9250254238537158,0.5967070694622661,0.7566493311472007,0.4868781149531856,0.9560495728889512
0.0,0.4938956714761378,0.5424374897760973,0.3754242925613567,0.7178317457205381,0.6277502596874697,0.9530612244897952,0.9650698357643612,0.5947924766040783,0.7585371755065359,0.4900544623514469,0.9988166923400088
0.0,0.4840917499075103,0.5374618281857773,0.3751602482132427,0.7018157303462769,0.5991676438704573,0.8244897959183678,0.9543746223268104,0.591903131391578,0.7586077135498634,0.4891059718362055,1.0
0.0,0.4679985201627822,0.5325400881486289,0.3703597456160128,0.6391633562986264,0.0,0.8265306122448964,0.9413359928076288,0.5895008130961633,0.7578024690066025,0.4876390195896406,0.9985228519195616
1.0,0.4789123196448389,0.5274168459346713,0.3662897947752017,0.6599863369854929,0.6984263808257495,0.8204081632653044,0.9345464728394636,0.5871218749074313,0.7562890261037697,0.4868455804419333,0.991483087215828
0.0,0.4842767295597484,0.5208117883733252,0.35797830317159346,0.6308990244457042,0.6073811085896575,0.9139784946236548,0.9371158787319022,0.5844189239264143,0.7504953678178349,0.4874986782581773,0.9961218179256542
1.0,0.4274879763226044,0.5135958312083897,0.3457335907235463,0.5345960021489765,0.4647983403378491,0.5307692307692302,0.9048926794039764,0.5823320119892199,0.7493946687618408,0.4841212309101892,0.9505720374204664
1.0,0.42915279319274896,0.5137611599802352,0.349454545077424,0.4905752910095754,0.47192686199583395,0.5500000000000038,0.8977789131855226,0.5802603165038059,0.7466540632577293,0.4815710549027525,0.994210452396186
1.0,0.4200887902330744,0.5124389678840706,0.34990824783419194,0.5077827086666352,0.4696346676352393,0.4846153846153877,0.8951898560051879,0.5786922317361837,0.7510884267073108,0.4819051081888043,0.9748865070839968
1.0,0.43766185719570855,0.5127992828230243,0.3543208279501123,0.5132549256839753,0.0,0.488461538461538,0.8826474215053868,0.575891757221847,0.747841196842145,0.4837169681895224,0.961377125787002
1.0,0.4378468368479466,0.5121382111378026,0.3539353631780001,0.5128760809269327,0.39686463796893146,0.8786764705882355,0.911721501947934,0.5740883060445411,0.7528413222537615,0.4850199843822594,0.9800534730008392
1.0,0.4461709211986681,0.5098643477531157,0.357599215120156,0.4877457747989238,0.4504425232821021,0.9522058823529428,0.9089555831765326,0.5720801182921559,0.7497857730064388,0.4835918290475364,0.9956640399769368
1.0,0.4433962264150945,0.5053973013911404,0.3618415168369719,0.4806612481215303,0.4353082911252227,0.8113207547169811,0.8942367685422182,0.5705548912907318,0.7463000865768905,0.4855106078307891,0.9955577182682952
1.0,0.4441361450240473,0.5029537849282688,0.3903404015672655,0.482789254093979,0.493592355711367,0.9449541284403647,0.8828881497821163,0.5674009982159626,0.7295015138708683,0.4843186377721237,0.9811441937913812
1.0,0.4132445431002592,0.5016845554473615,0.4218921347592269,0.43634343005060905,1.0,0.7368421052631586,0.9008936423170832,0.5639516852169942,0.7129343145249409,0.4882226961845123,0.9607213094445392
1.0,0.37569367369589335,0.5027438172927932,0.4672482440229778,0.3637633029902307,0.6614393312306684,0.09482758620689574,0.8849367965453036,0.5601101859678933,0.6938819909911162,0.4866630908604183,0.9244681905139364
1.0,0.3790233074361821,0.5081899754950703,0.4861538577526259,0.37213611433330335,1.0,0.1757575757575754,0.8629224412794954,0.5571352463075813,0.6829456103823737,0.4846558086731506,0.8687404816116046
1.0,0.34757676655567915,0.5117254291625566,0.4978052574989244,0.31084420759073805,0.6681205295241851,0.16818181818182004,0.8922519884646939,0.5567533196671631,0.6868228563174112,0.486297977974187,0.8967252565593615
1.0,0.3475767665556789,0.5163329611106786,0.5059199857199377,0.30987709709957784,0.6286199757330109,0.1084598698481562,0.8415565785142642,0.5572509203504245,0.6985955488228628,0.4726424274145486,0.8973616261803925
1.0,0.3412874583795785,0.5186819974560006,0.5188764424000831,0.3007846529792913,1.0,0.1816406250000012,0.8259288918147473,0.5582998350081542,0.7112400925019748,0.4732639696935344,0.8892936297206557
1.0,0.3494265630780616,0.5190488178503916,0.5264883767264039,0.3276422353971385,0.5106790779720184,0.10766423357664287,0.8388152238527332,0.5573012600443584,0.7157194596031934,0.4717192042799716,0.9080701908377404
1.0,0.3803181650018497,0.5191499623215359,0.5325680038415453,0.36795770551269774,0.5226616811315523,0.1459854014598534,0.8433350200688776,0.5555908297939037,0.7183613744252636,0.4686057468791319,0.9139364947005773
1.0,0.3821679615242324,0.5196436327839153,0.5453994217234598,0.3724771949004648,0.6227180685448376,0.1277372262773727,0.8589676195903688,0.5540293719126116,0.7164942903143354,0.46749005351069206,0.9295750952725784
1.0,0.3938216796152423,0.5215220063623072,0.5631374245747748,0.3954955976088856,0.5473186348423057,0.2883211678832112,0.8535340384870473,0.5522539837729948,0.7135965976092826,0.4701820901743598,0.9279731993299836
1.0,0.3936366999630042,0.5210683740501387,0.5757095655778162,0.3944023922040358,0.505428624838991,0.17518248175182613,0.8648482674933307,0.5502184326928682,0.7079062231738403,0.4682751717892146,0.9392084147081842
0.0,0.4017758046614873,0.5222622946299196,0.5858368870116218,0.4148291033931187,0.5846506495505147,0.16423357664233668,0.8537305513660102,0.5479846114305321,0.7040377258259768,0.4674733232147321,0.9054296226401294
0.0,0.3982611912689606,0.5249022478924501,0.601479916355835,0.407728776847135,0.5385296258279633,0.2007299270073007,0.829195918427504,0.5454538705481912,0.6998913650455216,0.4681793652596238,0.8704731810435
0.0,0.3884572697003331,0.5257630552667354,0.6111744466861463,0.4371260177856096,0.5115703646598867,0.19343065693430686,0.8461058516622533,0.5431577586916084,0.7036678215055743,0.4672552146124303,0.8743352863297567
0.0,0.4298927118017021,0.5267118539317115,0.6215312529940012,0.4761838876904633,1.0,0.25182481751824976,0.8499820681997946,0.5399730993196817,0.7034273981805028,0.4682252637257798,0.8661795147498776
1.0,0.4119496855345913,0.5268406245312307,0.6270598978464635,0.4899885653776746,0.5844502190942308,0.08029197080291924,0.878741728036001,0.5378197613190446,0.7041126970032261,0.4694944686934488,0.8792141200909934
0.0,0.4137994820569739,0.5302227961670074,0.6414185455519731,0.493956895102436,0.5220026396559652,0.2609489051094901,0.8559167571444712,0.5351347188845751,0.6952602496360959,0.4690308891542137,0.8614030852954729
0.0,0.4348871624121349,0.5298642582370237,0.6522805098360825,0.5361731278310898,0.5152385489149492,0.21532846715328574,0.8746788242634451,0.5341358199551872,0.6972530988235062,0.4724702473691523,0.8593939128786222
0.0,0.4587495375508693,0.5280592130816368,0.6637228602171037,0.5772738843225509,0.4857659870352712,0.3279648609077592,0.8384369365607298,0.5328235925220978,0.6996493974038079,0.4690643731974338,0.8392558721670305
1.0,0.4694783573806882,0.5203480944586809,0.6572714206030419,0.5936806832070178,0.38199909603259335,0.3380084151472655,0.8261204918717359,0.5322847279831157,0.7089182699056487,0.4709716022217855,0.8265337325150584
0.0,0.6156122826489084,0.513255358446624,0.6509029841537888,0.7236819939890767,0.3680450122224626,0.7485069674850693,0.8286505951883818,0.5294882859429048,0.7026743998801088,0.4714963047122947,0.8243007801110787
0.0,0.6568627450980392,0.4995320440389539,0.6276077443997174,0.7334336767016856,0.4050329117077837,0.8125000000000001,0.9006971294381205,0.5268631048057729,0.6965833229282008,0.4807789072649502,0.8744284281864018
0.0,0.7055123936366998,0.495006039741208,0.6358457633093509,0.7283519930064166,0.4224357231035952,0.8529568460309,0.9056836437418018,0.5244004774871046,0.6894930344252231,0.481037549313603,0.8941223662542754
0.0,0.6724010358860525,0.4901342117835446,0.6435651185291269,0.630724856901657,0.31800795111888536,0.9532710280373828,0.8872703869829867,0.5239873459022558,0.6980410608150759,0.4817204265110345,0.8774015116328168
0.0,0.6696263411024788,0.4828894604021752,0.6531034998035916,0.6294592213281489,0.32197102063545,0.9408099688473521,0.944106824401004,0.5239506836661955,0.7100607016030093,0.49089627163621397,0.9813086742952049
0.0,0.6981132075471698,0.4710387325141137,0.6498380788383005,0.6107654677791496,0.3274218393055995,0.9807892004153684,0.922367587165744,0.5230443117827225,0.7185286825870841,0.4898404237816622,0.972265619502034
0.0,0.6829448760636327,0.4562799826011614,0.64382608866916,0.6544709043386149,0.37914738754228267,0.9928728070175432,0.9441903423745632,0.5215671779390866,0.7267844694158893,0.4899301697112429,0.9992821855339272
0.0,0.6483536810950795,0.4419963262287237,0.6361749962125642,0.6711188772055634,0.3899480574730976,0.9834613112817484,0.931903374617414,0.5193985034786349,0.7342106640550623,0.4923421245016845,0.9898674040984188
0.0,0.6605623381428042,0.4286888655462704,0.6255083723222622,0.6797821812713944,0.0,0.9716479621972826,0.9333330058118684,0.5173031449794004,0.7397460148165832,0.4924527466852587,0.9945259873785716
0.0,0.6905290418054013,0.41426273883071696,0.6108539510328496,0.6570453000482247,0.40186956437314825,0.9864146485528644,0.92000943261819,0.5153390999759823,0.7483995099178096,0.4910092137639255,0.9927246904007944
1.0,0.5711177278973889,0.3890404209587299,0.5714145540762697,0.6210623065708378,0.4650367486696554,0.6270397679197385,0.5311792246584358,0.9876416516802424,0.3621795260509752,0.5148829710661211,0.8304071745702466
1.0,0.5061841502519471,0.3829962030270664,0.5511482005596746,0.5584161880765867,1.0,0.28707844796325344,0.5503146662474392,0.9869499786981384,0.3734012125176319,0.512543642142056,0.8441504231124378
1.0,0.5398534127347691,0.3817487728849651,0.5569977797698281,0.5933302068494591,0.4129467665655643,0.04292950974499934,0.5056325503932712,0.9871529967170954,0.3794693767671601,0.5132126448304439,0.7967542406112043
1.0,0.6275767292716445,0.3852586737948245,0.5613093868490162,0.627882550079442,0.4501273796678696,0.23066004258339226,0.4443696603766172,0.98907596165884,0.3873330370821911,0.5125066462338401,0.7553474075666925
1.0,0.6445258818140176,0.3875415089455645,0.5461300046759356,0.6447823075576268,0.5923260847133051,0.5245929158972638,0.4523529960844807,0.9914210967093784,0.3924143193425438,0.5129254659326258,0.8019024248327156
1.0,0.6110856619331196,0.3868882437607377,0.5054467951313001,0.6174167366379281,0.5398872230622497,0.3585884020666628,0.4652982819861557,0.9922003182759694,0.4032666755754648,0.5137651400301384,0.8346952199046259
1.0,0.7134677049931287,0.3884289257370381,0.46878208127203397,0.6884751645663931,0.5533777574634242,0.6281125846343237,0.4500587082225904,0.9924233138150031,0.4118320321707691,0.5127758354825722,0.8094539382976842
0.0,0.7393495190105358,0.38497117103203227,0.4386204570766499,0.6763878054356149,0.5454578944911564,0.7384557861282478,0.4829353128730672,0.9919582176922468,0.4167895854843183,0.5149566290052425,0.8754822469863516
0.0,0.6901053595968851,0.3810390715890848,0.4215887387231736,0.6651887943928054,0.5642185566350978,0.6395276375646536,0.4838097951844516,0.9911112013477468,0.4144578965020765,0.5150564339747568,0.8669061563175934
1.0,0.6974347228584519,0.38300680442433976,0.43842101216512863,0.6273814116429075,0.5585940414599339,0.6488751791612141,0.452490555099755,0.988750172991494,0.404933441998414,0.5130030892648807,0.819282289993296
1.0,0.6181859825927624,0.3843010121421422,0.4463559551246304,0.5693272647765582,0.5727663144532696,0.6418645229637937,0.5130951269718839,0.9856792075852584,0.3896700366259367,0.5136055825052577,0.8716622183993827
0.0,0.5920751259734311,0.3859373123726142,0.4597702590922614,0.5928643397253972,0.5586543716055147,0.604474356577553,0.5378704881871192,0.9824611923581102,0.3763916882470584,0.5154508427490749,0.8637185827946923
0.0,0.6335318369216676,0.38594400029136333,0.4668251499792274,0.5836542312100726,0.5756297006156644,0.6800336511497471,0.5695483642759236,0.97969458939292,0.3588682834100462,0.5139864191718035,0.901887245911178
0.0,0.6417773705909301,0.3827129701421699,0.4753350929853167,0.5923151041063554,0.5985459967216044,0.7353399389293949,0.5868316719807025,0.977193783229672,0.3452527061900388,0.5115209181071798,0.9127654730131424
0.0,0.6752175904718279,0.37760985303419936,0.4715070822609715,0.5793103622470764,0.6232732726093029,0.8155730042998693,0.6078929397835411,0.9746587407276592,0.32993605369337065,0.50934756105238,0.9151435040540368
0.0,0.7043060009161706,0.3698986462840963,0.4619145730662524,0.553535009823939,0.0,0.8280363930952825,0.5998359117460662,0.9725064470425164,0.3221658506259182,0.5088450487599274,0.9034177871662216
0.0,0.6985799358680717,0.3633962738684848,0.4465175330951042,0.5452017062938178,0.6030303658136653,0.8428366672898361,0.6087084682312371,0.9708578865232956,0.3144224056694737,0.5094554826554583,0.9169712991891928
0.0,0.669491525423729,0.3548372328546314,0.4213881863000602,0.5076644773048762,0.5728786374226223,0.9929747039694171,0.6253629347233342,0.9702160610409002,0.31476821409745226,0.5069432320140335,0.9282100256776756
0.0,0.6454420522217132,0.344255321606723,0.3916534027379183,0.4917636794337932,0.0,0.9432038887040864,0.5969127826714942,0.9693507330539624,0.3168613912744665,0.5084008223467535,0.9249212593445236
1.0,0.6037562986715531,0.33875069915952305,0.3834461283312052,0.5017716754019411,0.47910854136414094,0.8809674546371504,0.5687082717183576,0.9690483998167128,0.32602733340460466,0.5066086913008683,0.8860189483537194
0.0,0.5442052221713242,0.33564196520868617,0.3847542783100282,0.4493540044258332,0.5092480786108361,0.9687137891077641,0.5657409272460192,0.9690940883700292,0.336038378724192,0.5063489951588641,0.8890673817625254
0.0,0.5403114979386165,0.32923187284380195,0.3692765262634968,0.4461727089394954,0.5941539451646852,0.879640044994375,0.5337977587706151,0.9700380548412048,0.35215867733349804,0.5075721826914087,0.8864047459428004
1.0,0.5158039395327533,0.3190695205293748,0.3279026091636399,0.4236857144074035,0.6053367194763979,0.5073115860517424,0.5113314238831926,0.970740792172978,0.36445026697735294,0.5095618681094003,0.8842607232756113
1.0,0.5155748969308295,0.3179588077132385,0.3124562283661117,0.4226095180999973,0.5966999151012776,0.29921259842519643,0.45327660661560604,0.970060217039902,0.3749874147659956,0.5057007176331587,0.8076957132195756
1.0,0.4603756298671554,0.3251671606809323,0.3247214753693773,0.3841077365080685,0.5943577003504293,0.4229471316085479,0.4128833843448017,0.9684221422996876,0.3777485466042,0.5029376121693906,0.7492884880529241
1.0,0.3742556115437475,0.33522440869725606,0.35159438756469485,0.3802774279634748,1.0,0.32793136320305044,0.4532864322595544,0.9668619232443736,0.3846287879200714,0.5021764514155406,0.7851929620400468
1.0,0.2805771873568487,0.34616102252289993,0.3797431012289409,0.3637115975574443,0.6651950771146388,0.11488573193329216,0.4524266884140921,0.9645147687752814,0.3873269826594175,0.5021516106144432,0.7754721277053265
1.0,0.21255153458543324,0.3575453874027288,0.4223304284892197,0.3754744868487216,0.6304614506588283,0.004383218534753124,0.4271305680696046,0.9628605460350124,0.3882732201694742,0.5004669965841297,0.717760603109149
1.0,0.25446633073751745,0.3685218776712696,0.4606666404958392,0.357629158178414,0.6508333285053359,0.027831715210356427,0.4209600636701728,0.9613112008853664,0.39119284977665736,0.5037060294739792,0.7146362750926548
1.0,0.2686669720568026,0.3760096502731876,0.49742951509036804,0.3693695401513681,0.5630624247608338,0.014886731391586016,0.43874447921630655,0.9619311675875594,0.3966739674851598,0.5013285643609326,0.7234969705402429
1.0,0.3531836921667433,0.38612574992629,0.531559033033978,0.3673678687267736,0.5953055673235832,0.12995594713656367,0.3797070975539063,0.9633993786810128,0.4084151771167557,0.5006057226116603,0.6911848413170246
1.0,0.35249656436097143,0.3893711988334361,0.5410926987809533,0.3678611774913703,0.5373382214376918,0.17841409691629914,0.4319107438503751,0.9653300910017903,0.4080867863527631,0.504275380062184,0.7922068887005578
0.0,0.37471369674759497,0.3910695397421939,0.5452577846955841,0.38459927837476215,0.5688119815260837,0.11674008810572616,0.4375899660523999,0.9643234699445472,0.402815381627606,0.5009851539342995,0.7940916047914793
0.0,0.4118185982592766,0.3920600084078034,0.5319556159720699,0.3644105918446383,0.5543907702218973,0.14243759177679874,0.443603260148662,0.962730388383318,0.3869161991400325,0.5015301084831307,0.7675980621576837
0.0,0.4466330737517181,0.3942403762059648,0.533565709182252,0.3888728223457111,0.6307934541678196,0.11086637298090984,0.4484030872173288,0.9613664079880012,0.3770619899170157,0.5018177252033916,0.7894746828237855
0.0,0.41891891891891897,0.3973064801257509,0.532708334040427,0.4160571531824291,0.5103291878200485,0.029368575624081624,0.4120531174311836,0.9613035843758531,0.3720499153218565,0.499273827058871,0.7411740895809354
0.0,0.4576271186440678,0.4060705280419064,0.5688400938808652,0.3946238005718379,0.5017763196263781,0.06167400881057194,0.3589504247134596,0.9615754470569025,0.37630658053835264,0.4990887999761262,0.6836017050988525
0.0,0.4876316994961063,0.4150524668409099,0.6083458208416256,0.4130088510855274,0.4301097687164053,0.241556534508076,0.35075583766071045,0.9618387430049076,0.3885249483840766,0.4984410563459755,0.6917224281214819
0.0,0.4214383875400825,0.4203436391198456,0.6377654446938075,0.4119897316049022,0.4779699906885452,0.08296622613803202,0.4310510000049128,0.960952912408882,0.3875160275762154,0.5006741365747782,0.78372566629141
0.0,0.4734310581768209,0.42816725151955626,0.6581993352148082,0.3999609263437477,0.4296261687051988,0.17400881057268666,0.3879360743604733,0.959195334772932,0.3904611944737912,0.4976068870458527,0.703271057591358
0.0,0.5783325698579935,0.4341462461554677,0.6660464132690018,0.4242654601384658,0.3595896120686146,0.3759177679882521,0.4166171290450947,0.9584117257232364,0.3915656023990453,0.4997635782440013,0.7464930366697448
0.0,0.5531378836463585,0.43550490296307853,0.6752636687262873,0.4562654241887024,0.3880488925976133,0.3487518355359768,0.4432593626104773,0.9562938009423021,0.3875846382453305,0.5017454542195628,0.7880516589296331
0.0,0.5052679798442511,0.4393612517685284,0.7029934324105771,0.4184917728420004,1.0,0.18428781204111547,0.4178698986484827,0.9547959752442524,0.3774541518007805,0.5000831073054021,0.6948467561379766
1.0,0.4725148877691252,0.44844537493037184,0.7534361223498588,0.3883920173043848,0.4924514776673309,0.049192364170336865,0.3830527293182477,0.9532170298998658,0.36851322341166304,0.5010190817910601,0.6829882236867073
0.0,0.5304626660558865,0.4626107120124017,0.8226783604644086,0.4345102812357324,0.5183761445191543,0.11027332704995303,0.3597708659831293,0.9529907812369104,0.3683145086830443,0.4992774808311167,0.6438772025247608
0.0,0.6010077874484655,0.4716553932438039,0.8659679223851751,0.5037606257289506,0.4621202543311347,0.4344957587181904,0.4663791028204515,0.9509140321037376,0.3464858100533881,0.5037960633249753,0.7612545378650849
0.0,0.6550618415025196,0.4745412251967471,0.9049452178840768,0.5714603325924137,0.0,0.6710650329877478,0.5441982028897221,0.9470343526872936,0.3177468128792437,0.5061223663419754,0.8290853434863454
0.0,0.6871278057718737,0.46795813035346095,0.9066445775604598,0.6168032339549532,0.4831554484477117,0.9917269906928649,0.6046799542124988,0.9444074546103428,0.3001618919029612,0.5071631458824287,0.8599997470179741
0.0,0.7716445258818141,0.4557490855963282,0.8959303875357634,0.6836544975556103,0.5561498038332211,0.9610785436990394,0.6414671651543363,0.9418736226241744,0.2984834553561692,0.5096290182918909,0.9396258395840976
0.0,0.7601923957856163,0.4413516082809164,0.8614566171022442,0.6774917655307944,0.5248700649648249,0.9003522898842482,0.6668517162943568,0.9400609093420206,0.2980259127217736,0.5078923994323954,0.9493466739188179
0.0,0.7782867613376088,0.4303976385821886,0.8411085478959952,0.6897410753927785,0.0,0.8765176080235274,0.6847638652118164,0.9364350814792431,0.28877520694555936,0.5055599611372485,0.9612368291232908
0.0,0.8289051763628036,0.4206195237674644,0.8269154673499681,0.6918145515491261,0.5960412724389557,0.9448398576512452,0.697645284427828,0.9351317517826676,0.2930966837163511,0.5066448251719465,0.9546592964569866
0.0,0.7510306917086581,0.4084214685623799,0.8124795108856944,0.6525773138317298,0.5685079599888391,0.972615675165251,0.6878294661236356,0.9337452681902416,0.2965901801847713,0.5053140389756553,0.9959522875899663
0.0,0.7377462207970683,0.40111130276420703,0.810917910011058,0.645437766698191,0.5966004785499935,0.8801169590643272,0.6603225758908171,0.9350167108339285,0.3139360947397508,0.5036208800367877,0.9997795650082829
0.0,0.6788822721026109,0.393645873815363,0.8064320411428898,0.6397990434193527,0.5813438444588486,0.6900584795321634,0.5869102771322876,0.9354718102280264,0.32500500200086635,0.5013951488867169,0.9912634591795008
1.0,0.6882730187814935,0.39044173495357737,0.8168700603682839,0.6013911315881582,0.5787028930670679,0.6998050682261211,0.536509636500302,0.9373300988130708,0.34705579239372264,0.5013918885059963,0.9434510017718409
1.0,0.6552908841044436,0.3830890568314997,0.7992873490721679,0.6200255566801421,0.6291696658126139,0.5779727095516572,0.5326530712506568,0.9370246681956051,0.3565692909434077,0.5009365210650623,0.9655308709281716
1.0,0.756527714154833,0.37763965569212976,0.7771567332221516,0.6690344356245125,0.6203690198270395,0.7275832621690863,0.5155220610270743,0.9366922236420588,0.3654942787406419,0.499796427246016,0.9324246967425374
1.0,0.7879065506184153,0.3698839986004443,0.722294888851649,0.6589177601191304,0.5454728262398185,0.8185840707964607,0.4989609381524839,0.9359763605487288,0.3734863103689071,0.498415714317061,0.9340261687338146
1.0,0.7288135593220342,0.3621403059294495,0.6825738893572221,0.6328446430814499,0.4576604693603681,0.7540521494009871,0.5186760927344278,0.9357428391031648,0.3866110019252715,0.4998391081544306,0.9707509881422924
1.0,0.7027027027027031,0.3578726547342788,0.6735702164314828,0.6160444752872147,0.569737746892249,0.6250880902043697,0.5149767377879527,0.9340188706907578,0.39553106561189255,0.4995213256266453,0.9729726046067869
1.0,0.6894182317911132,0.354410922674834,0.6563643722906589,0.5950854913075034,0.4755796351669098,0.6765327695560249,0.5024490417540739,0.9321529911506172,0.3872077037111601,0.4987492390006775,0.9350415701240284
1.0,0.7059092991296385,0.3474478841916493,0.6208684842919412,0.6078428027695866,0.5044507766200195,0.6659619450317128,0.4930508133176781,0.9298013559256284,0.3739888721154549,0.5017541759005794,0.9271091726863842
1.0,0.7640861200183232,0.3382485338310175,0.5636120781271339,0.6485955358646021,0.5509639612799014,0.6370683579985901,0.4816628919817834,0.9279504971339428,0.3645651399549629,0.5010143511587705,0.896558538912362
1.0,0.8030233623453962,0.3279959652773645,0.5263727370589215,0.6409415143801098,0.6056193555467223,0.7364096080910238,0.4685309188450938,0.9261869453189668,0.36740090468244346,0.5000941059445545,0.8739948207714321
1.0,0.8449381584974807,0.3188109068891349,0.4913676808346021,0.62314069344814,0.6832083406182591,0.7719928186714541,0.4772413522051203,0.9260399855803804,0.3757866225939719,0.5007457102499254,0.8898528008722911
0.0,0.8153916628492901,0.30600205288923377,0.4397897874560791,0.5751792301181198,0.0,0.7958728388176243,0.4554087713523525,0.9254973054089398,0.3817339675961916,0.4989215272272374,0.8972127572577342
0.0,0.8967017865322949,0.2932223106758496,0.37298417629276215,0.5843809982051238,0.6863239800391432,0.8555493586168431,0.4562390382659701,0.924363090670345,0.3862672060490453,0.4990391361698044,0.8832288401253916
1.0,0.7970682546953735,0.27647831170373194,0.3151382079755023,0.5336640473184311,0.5602049050619251,0.9481865284974086,0.4767107674319208,0.9215762221590416,0.3818780150436272,0.4968995783637091,0.8957339512062151
1.0,0.7521759047182779,0.2700902076878908,0.28875469747438953,0.5280052911421659,0.4378886358312959,0.9229437229437228,0.4399088180241612,0.91755547719035,0.3691193338551194,0.494294936807014,0.8237767479896415
1.0,0.7205680256527714,0.2637905436867709,0.2819915609266481,0.5570064962326331,0.5284775387888099,0.8511586452762921,0.4668949491277285,0.9146545019112768,0.3599232351567643,0.4965109093646173,0.8063172958975059
1.0,0.6978928080622995,0.25897558797892084,0.2669155081650681,0.5426603165743656,0.467121484015718,0.7156862745098028,0.4341264265606808,0.9119164689769054,0.3511248794963626,0.4977064140426675,0.7724955703966201
1.0,0.6994961062757673,0.2553553026913973,0.2436745805389161,0.5407611949431177,0.4461059001605181,0.8573975044563272,0.4052095564213037,0.9114361780229088,0.35274846280466376,0.4955580909391003,0.7157012402889464
1.0,0.7081997251488779,0.24902509278247176,0.2035203208420201,0.5481974886507239,0.0,0.7959001782531189,0.4318026617669458,0.9107393515047414,0.3553603632656702,0.4976111889231361,0.7698855117895598
1.0,0.7205680256527714,0.2428283302382084,0.16353030373688032,0.5630411902643037,0.4468888720461927,0.8511586452762921,0.4356051859748761,0.9102988049869072,0.3592588724181224,0.4942056180849842,0.7705601744582253
1.0,0.685982592762254,0.2341058220494561,0.12401587651859584,0.5738854794092544,0.4425158888446135,0.912142152023692,0.4463151378783485,0.908903113079778,0.3612660757289139,0.495055708665746,0.7862545999727406
1.0,0.7299587723316536,0.22755283518078076,0.0920678869095798,0.5558787578126375,0.5169391310436015,0.9308983218163868,0.42813278375231534,0.9074406262830316,0.35586270321800817,0.493732891900545,0.7458566171459724
1.0,0.5998625744388457,0.2213711346216738,0.05568094490521214,0.4959118936039181,0.4776064406631028,0.7286729857819897,0.41698067787117626,0.9057930563054508,0.3534458735130903,0.4928933601922876,0.7262709554313753
1.0,0.5032065964269357,0.2274083715704789,0.04573597074654878,0.4690190722774266,0.4757244716739245,0.6528436018957336,0.3672678323155599,0.9055891792337708,0.3606139574011201,0.4889760012919554,0.6456930625596289
1.0,0.42968392120934495,0.2327074460416492,0.0485309527758041,0.4266603431754602,0.5452758798928954,0.6629107981220649,0.34912969358729345,0.9063606378840322,0.37549479970289423,0.4874189107602656,0.652139839171323
1.0,0.4285387081997253,0.231456293927798,0.028796819641773382,0.4249393497295215,0.5656836969381529,0.4862595419847323,0.3698224997420768,0.9066304708019668,0.3883580718522817,0.4890780969859064,0.6974717186861114
1.0,0.4924415941365096,0.23212194053777635,0.035989902544184986,0.418241240949218,0.5388551367981973,0.5862595419847325,0.3828709549052072,0.9064287662884244,0.3960462277605389,0.4901725350199325,0.6871064467766117
1.0,0.33669262482821805,0.2308914108679829,0.026544765855715025,0.3871327780968803,0.6031958462453766,0.4829787234042547,0.3947894610143015,0.9053514404157508,0.3998284357510196,0.4910812658404163,0.7261823633637726
1.0,0.24438845625286335,0.23417857570133105,0.040641077727296304,0.3663733136979233,0.5908823884405621,0.22260668973471756,0.4044235049054528,0.9060787799640077,0.4133184878613197,0.4918691358917499,0.7250715551315251
1.0,0.21827759963353216,0.2378241551241313,0.02926514610136116,0.39402584002930907,0.5374260412200574,0.1775014132278124,0.3364202231403741,0.9049158173175316,0.4130649161615235,0.4900435248345068,0.6704988414883466
1.0,0.19628950984883206,0.24505715601085545,0.03297645336864846,0.36621313384396265,0.56388801965593,0.08850026497085257,0.3372357515880697,0.9034348682909399,0.40675962231656415,0.4901602220311472,0.6293716777974646
1.0,0.1612459917544668,0.25628218456393537,0.0474525328555086,0.35666905162547136,1.0,0.1618948464341489,0.3398493728782748,0.9005173007551112,0.3877162440934221,0.4904190912082492,0.5978601608286764
1.0,0.07970682546953778,0.269489053587171,0.07924449401959366,0.3169429271414231,0.6727022128300478,0.03073170731707295,0.34695331345278024,0.8983390407237725,0.3726386234005065,0.4910216439569127,0.5922516014719909
1.0,0.0,0.2841709977935496,0.10647354730821212,0.3346237552402884,0.5548270578026812,0.011864406779661059,0.2880338395177576,0.8957194725996119,0.3595310076933221,0.485997611681476,0.4893757666621237
1.0,0.09047182775996344,0.3004863598956917,0.1332597364559816,0.3599133920089969,0.5639280915319644,0.0768307322929172,0.35776643461770874,0.8937169562977799,0.3508677961665204,0.4883419647744216,0.5352119394848028
1.0,0.1035272560696292,0.3103404622895254,0.14069497977394368,0.3213845428273163,0.5343483540486205,0.0876350540216091,0.39991353433325627,0.8926098722607155,0.34684411592682873,0.4882717955050132,0.5830039525691697
1.0,0.1229958772331658,0.32321047777086176,0.16411889052840378,0.3368123691794058,0.5498942109740363,0.0664265706282517,0.3748434037995766,0.8918551246853271,0.3439907260814954,0.4898046215588602,0.5665121984462314
1.0,0.15277141548328027,0.33989644089450244,0.19959539119194086,0.34944452998186665,1.0,0.12725090036014428,0.40884995750408987,0.892050932982858,0.3437175060483174,0.4890434472504544,0.5830039525691697
1.0,0.09367842418689888,0.3576537953037321,0.233539129090144,0.35504046857056226,0.4761572762890626,0.0844337735094037,0.4045905408525709,0.891926214419753,0.3427521084554899,0.4886106842799303,0.5960610603789012
1.0,0.06413192853870847,0.378856195752993,0.2706016673835662,0.3461262429723851,0.503846488111714,0.059017746595130274,0.4020800888238212,0.8909334954581068,0.3382157670740238,0.4883593711304875,0.6032233883058469
0.0,0.10673385249656464,0.4000948702060136,0.29974746263612784,0.3244958708455553,1.0,0.10854312835328088,0.4832251693695376,0.8895453175368554,0.3332464962924723,0.4916168436641348,0.6569578846940167
1.0,0.08932661475034404,0.4212332956066134,0.3232769192421437,0.2949424917082452,0.3951295127172987,0.037144036318613516,0.4999484153692722,0.8883536832734008,0.33231799897769176,0.4929977140936515,0.6864794875289626
0.0,0.10467246907924893,0.44954890379866,0.3834663114487077,0.30406609833557124,0.3872772643600719,0.023331777881474558,0.4411075465858345,0.8893645003090763,0.3435061935299686,0.4917603536412383,0.6324860297124166
0.0,0.15964269354099858,0.4791394090492458,0.4528809038912409,0.3282808470694509,0.4403426747172027,0.04694585222726035,0.4898820431444025,0.8914295082385079,0.3614352991774944,0.4957421028872048,0.7220253509608829
0.0,0.2141548327989008,0.4997802631771186,0.5148141114868352,0.3563057184203987,0.4454192932055029,0.1462882096069872,0.5025915135913219,0.8942960785249082,0.3834847735356708,0.4966009290630462,0.7729317159602013
0.0,0.2746220797068257,0.5126451450907171,0.5366749664241046,0.41637704349646254,1.0,0.11135371179039333,0.4467916816098335,0.8966973874118301,0.4068567695459243,0.4953938353540792,0.7651219844623138
0.0,0.2315620705451213,0.5230324661688495,0.5595768328988607,0.423673355852914,0.4504515047162501,0.030567685589519764,0.4109329940210957,0.8965438401631062,0.4069541651642597,0.4962025600480349,0.7290786424969333
0.0,0.4232707283554745,0.5409498676108628,0.6032270793943747,0.5053894842470164,0.5628107016830798,0.14213197969543198,0.40951318847058976,0.8940435126043457,0.39444065881291934,0.4962746411609034,0.6697969197219574
0.0,0.452359138799817,0.5467191266100466,0.6203818756347131,0.4751981551110663,0.5038618737972893,0.16212003117692894,0.5181012925634612,0.8919397844212121,0.3807171752540132,0.5015629693907931,0.8031688701103988
0.0,0.4844251030691713,0.5538213499595923,0.6413742198028927,0.4519286544726292,1.0,0.12085106382978734,0.5048661501653164,0.8896648144313529,0.37497712822563145,0.5003373698253408,0.8038639771023577
0.0,0.4594594594594594,0.5599907017289507,0.6660908957196952,0.4822798115743023,0.4406675225392492,0.07744680851063801,0.5479515988779113,0.8880566927503578,0.3748029323347437,0.5002594016372464,0.8229112716369085
0.0,0.5469537333944114,0.5678740861189184,0.7009691664651005,0.5001052102450874,0.5077689494277623,0.25964252116650915,0.5546772521604135,0.8836237221187632,0.3567433626637009,0.5007744815840817,0.8379378492571894
0.0,0.6012368300503892,0.5696698410268763,0.7122826514314853,0.4950522360345976,0.5425963554354076,0.3439613526570039,0.6672545676962303,0.8797216716046318,0.34474248278668784,0.5064833377915228,0.9201921766389528
0.0,0.6777370590929915,0.5689497285472459,0.7081386139081396,0.5195732908087791,0.6003834790079984,0.6145610278372599,0.7110622012390136,0.8773377306278106,0.3425806748666941,0.5064066789933458,0.9612034891645084
0.0,0.6523133302794323,0.5626068105182618,0.688221261661198,0.5012783759812851,0.5382766648185819,0.3856548856548863,0.6431227861595981,0.877247404222797,0.3549358913434193,0.5039626807944729,0.9405002044432328
0.0,0.6523133302794323,0.5591224590917572,0.6783947157264587,0.5015591221194101,0.5346401788332047,0.4163533834586473,0.6293423205223312,0.8766975589510021,0.3623514243119814,0.5064800147900976,0.9341420198991413
0.0,0.6523133302794321,0.5554222151527897,0.6714870994976003,0.502888730082985,0.5551299254416561,0.31867145421903026,0.6802637202835677,0.873022022205694,0.3492957760794213,0.506964638676507,0.96579721219647
0.0,0.7017865322950068,0.554464490768672,0.6746254692416322,0.4913681783727149,0.5619481144747678,0.45,0.6935086883256611,0.8711559048070182,0.3464067801342846,0.5082500835766249,0.9491768269801526
0.0,0.7352267521759047,0.555298461631293,0.683297776514832,0.5357447857717502,0.6157413000255689,0.5939015939015941,0.6355865172513743,0.8690790634239348,0.34214538878439915,0.5027965071434312,0.9503162376251136
0.0,0.7315620705451216,0.5542581097795383,0.6880263533551362,0.5259417422925743,0.6032439365610833,0.6903448275862073,0.6726046308259926,0.8691438451284822,0.3472105395906557,0.5021298460171558,0.952861148826134
0.0,0.7317911131470453,0.5515739489898129,0.6898456596878957,0.5270820261078051,0.6165622043246961,0.6448275862068962,0.6611577556264089,0.8695624672711685,0.3601487758770009,0.5008393620194007,0.9746873443544588
0.0,0.6834631241410902,0.5513387555563092,0.7066726025450392,0.528421494592459,0.6868057863042413,0.5779310344827583,0.5877700209777498,0.8683161195520642,0.3617194359805965,0.4981327674460186,0.993018928636383
0.0,0.6433806688043979,0.5497990090666023,0.7128681542026262,0.481098593323003,0.6297739622337553,0.6972413793103448,0.6339014193142679,0.86873503670035,0.3761015385639472,0.5021791785519819,0.9606444107589802
0.0,0.7693540998625746,0.5459211104317128,0.7163526093247925,0.5228497486039317,0.0,0.7786206896551728,0.5665908454475332,0.8688481991934284,0.3842011051872184,0.5000526123234235,0.9596855501110444
0.0,0.7856161245991755,0.5340560215553125,0.6831158032127255,0.5354413247331192,0.6158048165799674,0.997810218978102,0.511483721364389,0.8720083331584382,0.4085524655340299,0.4954587276919483,0.9649874854584553
0.0,0.7295006871278058,0.5216722889013277,0.6612602382203421,0.5042638742489801,0.4696654626058082,0.9351935193519352,0.5059224068897418,0.8721761381976602,0.4160770562973791,0.49878581052762105,0.9995068307619832
0.0,0.7118644067796611,0.5108251409250142,0.6366592304461817,0.4823995625440412,0.5300433623890742,0.9990740740740748,0.4845074159047696,0.8716952449691046,0.4211351961042942,0.4973419330315912,0.9859175256165831
0.0,0.7093449381584973,0.4995603500738666,0.6139022054723345,0.483612666856856,0.4309786814961318,0.8503054989816701,0.4503240006091901,0.8712841350371344,0.4297158391478765,0.4945526599488297,1.0
1.0,0.6972056802565278,0.491000445406965,0.6025093406088025,0.5252962489335388,0.4273442511170348,0.9784172661870496,0.42957224059071797,0.8710784246795863,0.4414582073458878,0.4930978391639168,0.9817780360255668
1.0,0.6635364177737058,0.4835494072954154,0.5938785612197721,0.5493058161903481,0.0,0.9065656565656556,0.4334877597040516,0.8693101916751459,0.4441854519571122,0.4896812689329903,0.9950352777190468
1.0,0.6946862116353643,0.4759812582261898,0.5853672755276557,0.5245463301976198,0.4272401453176792,0.9797979797979802,0.4180614987054712,0.8687743030438005,0.4516535946819288,0.4885814023727938,0.9765462455078492
1.0,0.7061383417315622,0.4653486034136454,0.5461563671447273,0.5334193651638162,0.3990808338348332,0.9759887005649716,0.4020948272897432,0.8677820368724097,0.4561024907740915,0.4872754021718458,0.9972653048357604
1.0,0.6910215300045811,0.4572626652020366,0.5516801435510118,0.5244098881150834,0.5005222724962362,0.84406779661017,0.41005851170971136,0.8649820180052606,0.4479710412668296,0.4879023393225425,0.984671521341656
1.0,0.6534585432890521,0.4528693968705091,0.5712025571182375,0.5369517381092627,0.5792317066981237,0.8271186440677964,0.4357820475659424,0.86068824290037,0.4324404446244202,0.4899425499386785,0.95663892566673
1.0,0.6055886394869447,0.44944318064816996,0.6174668245280851,0.5485936252444035,0.5030355394065111,0.6915254237288129,0.4559098791937079,0.8563138393484516,0.4140051797224517,0.4877535988827285,0.9747178614210958
1.0,0.5909299129638114,0.4466077147430365,0.6300438702080704,0.5860460099234631,0.5963315965943419,0.6576271186440674,0.4371379864307858,0.8525823449404429,0.4018668290520983,0.486498133704486,0.9896087706415752
1.0,0.5648190563444803,0.44302394777632736,0.6308360640441087,0.5659704784588676,0.5838452622445623,0.5016949152542374,0.4542100427906791,0.8484110546893927,0.386643844622394,0.4878674826806054,0.9759985655492746
1.0,0.5277141548327993,0.4412093809217164,0.6407328672183188,0.5328701099341324,0.6090531606494829,0.2824858757062149,0.42955258930282136,0.8437887470625999,0.3711734134496004,0.4861697371865194,0.8890862207346433
1.0,0.5384791571232252,0.4441467981040046,0.6548844759821353,0.4927869038717223,0.6031194213116271,0.2881355932203388,0.4285700249080073,0.8416193478706254,0.3677803058656063,0.486250583758633,0.83327925681791
1.0,0.5556573522675221,0.44778154278244897,0.6785472172459407,0.5084298413296771,0.5889916456740812,0.4610169491525425,0.3975455541417546,0.8411592677477139,0.3746906492889596,0.4873841006814388,0.8290271350262131
1.0,0.5318369216674304,0.4491687344187907,0.6985146829423641,0.5362219016946571,0.6418077561263265,0.3853107344632767,0.4135220512014305,0.8427683105013591,0.389389588842974,0.4885821016650253,0.8788486825253162
1.0,0.5572606504809896,0.4508074631428978,0.7290716603274809,0.560178635008333,0.0,0.5141242937853108,0.3796874462660096,0.8418683794876629,0.3876805970190113,0.4896142833313773,0.8537116412507045
0.0,0.6520842876775078,0.4504590481393127,0.7540219827006134,0.6136864178541891,0.5864832355189528,0.9073446327683606,0.4222079204515866,0.8388694683904846,0.3763443078850925,0.4892545975217111,0.8769873119418026
1.0,0.5400824553366929,0.442889699606734,0.748525966028019,0.5352631505902619,0.7222784243494873,0.5054495912806538,0.5268903310750728,0.8351814939617758,0.3605171944584712,0.493728634292148,0.9858262606943424
1.0,0.5716903344021989,0.4449105292067368,0.7654487462485096,0.5803327957419397,0.6202433892637074,0.7329700272479569,0.4580027413546614,0.8328045172576625,0.359429900910524,0.4922939745739936,0.9382820008237608
1.0,0.5352725606962898,0.4433257374679349,0.7768283607440089,0.5767987151595818,0.0,0.6198910081743875,0.4540086170897427,0.8317296683705023,0.3659584792029905,0.4918832794208289,0.9585556725092677
0.0,0.5561154374713699,0.4425456113169459,0.7959464313775176,0.607338507901357,0.5818343291425265,0.7792915531335161,0.4568138384369364,0.8304642758352537,0.3736044803295616,0.4922128413409267,0.9264289963846049
0.0,0.5178653229500689,0.4391476477795777,0.8054666493068046,0.5374527250741381,0.5496619305080102,0.5272161741835155,0.4576932335702954,0.8271795349152871,0.3683357951451155,0.4922689435326801,0.9321953228685188
0.0,0.5119102153000459,0.4382533033421243,0.8091544851804873,0.5282876147191857,0.5599958622508112,0.5800933125971997,0.4629597787264982,0.8229760817689175,0.35202045829376283,0.4929063601376166,0.872234680334996
0.0,0.5629867155290886,0.4373664723252029,0.819684408810289,0.5684898557771862,0.5533630787018398,0.6562986003110426,0.5080545716264878,0.8186378740979242,0.3374704218898886,0.4929281193953516,0.8776165850533156
0.0,0.5480989464040316,0.4343303790418001,0.8255531525955863,0.5437392648327494,1.0,0.5349922239502335,0.5061434838785747,0.8142979181921043,0.3176686869847967,0.49282963971108,0.8639970710722619
1.0,0.5206138341731562,0.4370814806169474,0.873771555195348,0.4885822893340328,0.6202196129668957,0.32503888024883226,0.5324074301519532,0.8100005040494699,0.3006748325693719,0.4951208131984407,0.8460299299803211
1.0,0.4344938158497483,0.4349695933143816,0.8913227718882386,0.4084462588421776,0.4950530129691924,0.05833333333333238,0.5293762189939525,0.8092091718486106,0.2990054933802868,0.4952929053417315,0.7620337741979775
1.0,0.6685753550160332,0.4345268400983613,0.9156345377727118,0.6806092452829958,0.5972407390053356,0.16149870801033572,0.4490122771421129,0.8115082426393202,0.3175614059716733,0.488136835360738,0.7633060271841103
1.0,0.7139257901969766,0.4255194224247212,0.9097387711282454,0.6811619182492773,0.5867674583222081,0.5548489666136718,0.4340183444772512,0.8134435154382093,0.33348110954720755,0.4867376130839844,0.7996613427303098
1.0,0.7425561154374716,0.4213596533468831,0.8991300641653839,0.6622826740879811,0.5599453190099475,0.6367403314917125,0.5102407774049492,0.8151422768397353,0.3518603225130448,0.4891976398355828,0.8435586472015011
1.0,0.7581310123683005,0.4178253702921233,0.8964111106896836,0.6730450042485142,0.5499372930535332,0.6201657458563536,0.4357967860318642,0.8173869272394364,0.3745465492438905,0.4829128014551648,0.8496819367534663
0.0,0.7306459001374255,0.4129408757183428,0.8701867195423163,0.6827432462228801,0.5747690494466204,0.6083445491251678,0.3903384443057937,0.8223496950428019,0.4117809321282081,0.479232881549156,0.8641984348542402
1.0,0.7755382501145212,0.4105228752281844,0.8836843715916862,0.7104761520228153,0.5978903472476762,0.5973933802180779,0.3627971643191569,0.8236403688575223,0.4279266821214307,0.4808512265819585,0.8386160816438609
1.0,0.767063673843335,0.4071092448914509,0.8919478543894506,0.6967960013548188,0.6234282172907839,0.6627547869054967,0.3787147075151439,0.8240053826329853,0.43889280524874,0.4783485420616788,0.8436867877900327
0.0,0.7805771873568486,0.4021199455749269,0.9145326913876306,0.666159470606141,0.6078344961941711,0.6968433591423465,0.3671106220123903,0.8243392184993831,0.4454508775342063,0.4773980763310982,0.8739645782801704
0.0,0.8371507100320661,0.3933270047907436,0.9181883475849152,0.6525277192036589,0.611323417764139,0.6988095238095237,0.3606699124043841,0.8232504453674431,0.4429074326787089,0.4768814540264836,0.8879044437325522
0.0,0.8623453962437015,0.3840307104690399,0.9147929005815294,0.6669800527833226,0.6291150183562673,0.6986301369863015,0.3934924760131464,0.8217145670854676,0.4314417969872753,0.479408320606241,0.8627705825820327
0.0,0.8609711406321574,0.37817947717131295,0.905768623683549,0.6618028429037088,0.6296232725520088,0.7410759175465054,0.34620656451272186,0.8208673169839732,0.4294653184751066,0.479574924217506,0.8079172577914058
0.0,0.8408153916628496,0.3713409042185456,0.8929366997812809,0.6326363929919312,0.8298452148429287,0.7556561085972853,0.3307360881163747,0.8214456684281203,0.4364926705737455,0.4783689235563176,0.8350006864674381
0.0,0.8820430600091616,0.3626719627003427,0.880511441302344,0.6149634911364852,0.6843118210759676,0.7938662644544994,0.3376729927437621,0.8206673981109266,0.440472271164826,0.4789002839317435,0.8181227403780147
0.0,0.8932661475034358,0.34987529108490256,0.854856868971554,0.5701355924533568,0.7090755535553073,0.81139489194499,0.3524802381736092,0.8184452406776659,0.43407531377556696,0.4762980226996654,0.819651274541211
0.0,0.8861658268437931,0.33611430691639094,0.8344796413186681,0.5678208503605114,0.8346353547903544,0.7789783889980355,0.3528044844238977,0.8166811374360526,0.4305453720824126,0.4763358674767772,0.8075145302274493
0.0,0.9021988089784699,0.323932685062476,0.8205164401562375,0.5256868503104327,0.7148960452465503,0.8084479371316303,0.3529911716589124,0.8138219163003707,0.4228014373964904,0.4763579473503994,0.8003386572696898
1.0,0.8240952817224005,0.3081181415145082,0.7986104366430089,0.5117571068741043,0.7560490986229838,0.7229862475442043,0.3974669489901692,0.8115764950597172,0.4150387557121191,0.4760283381592553,0.8050249416502673
1.0,0.8538708199725147,0.29400114763170704,0.7875494540840543,0.5283730898313224,0.8458419131145234,0.7166011787819248,0.3485450677723793,0.8088242380143714,0.4058793838018343,0.4760882746847229,0.7287721385748938
1.0,0.8710490151168119,0.2746189152265863,0.7523841703808413,0.5377324300837998,0.0,0.7092337917485264,0.3625220462886087,0.8076939794709582,0.4018583556989249,0.4771626351700967,0.7266029014690405
0.0,1.0,0.25435719720952177,0.6996795907214874,0.6002863893381447,0.8486392543740138,0.8713099630996307,0.3655434318026619,0.8067034942462276,0.4058917946505435,0.4774090740312862,0.7164614891766969
1.0,0.8160787906550621,0.2251718418098108,0.6175896468240355,0.5130689442603988,0.6097301519657564,0.9846650524616616,0.3916649062387926,0.8066808723206421,0.40992661361434135,0.4793585456799765,0.7869296599697955
1.0,0.810810810810811,0.21088492723207275,0.5545555528025509,0.5120018968793673,0.48796761480864004,0.9974979149291074,0.3547155721718112,0.8062277262756766,0.4128726905830923,0.4802845967290337,0.7335133403505565
1.0,0.8566193311956023,0.204600886087732,0.540436317278672,0.5459830632959719,0.4937079596611312,0.9631519146406606,0.3564350598627357,0.8048805051282998,0.4073175059906176,0.4804437704361034,0.7123243787469681
1.0,0.6697205680256532,0.19833387890155785,0.528625683790515,0.3832353015985824,0.0,0.9255281059792344,0.35020068877764066,0.8027264383881053,0.4065351617604696,0.48000482737615,0.6722529861333578
1.0,0.7114063215758133,0.19780319138129987,0.5478664699234175,0.3522889552453228,0.4736957172200394,0.9885427855352672,0.3404634756250336,0.8002681271862474,0.4058004956536421,0.4792821696660241,0.6294448766646833
1.0,0.6523133302794323,0.1885182816379152,0.5357287977285706,0.37731434658076096,0.0,0.8805394990366091,0.3444772511778489,0.7970790583291737,0.4031164110327419,0.4796408146183354,0.592650221957805
1.0,0.6672010994044894,0.1832209956426825,0.5239263194581466,0.3889910586051405,0.4602261435711848,0.9691714836223504,0.32485544021341284,0.7951824417575138,0.4032293787751856,0.4781208881475724,0.4874467987735114
1.0,0.6852954649564822,0.1714704274014447,0.4944592809420942,0.40039997525620974,0.5228971017150765,0.9522157996146432,0.3330795041980064,0.7946009269404705,0.3964820985578917,0.478766355927384,0.5328909432062605
1.0,0.7194228126431517,0.16014883813671954,0.4616312042758434,0.4250197288382699,0.4423015902203615,0.917528826044308,0.3568428240865837,0.7951394054038771,0.39084068180916864,0.4806947167721231,0.5779598187725964
1.0,0.6399450297755384,0.15382880867913284,0.446682356272581,0.42173415172300543,0.5551209461999984,0.7546593622179857,0.31580602213717585,0.7953751226471767,0.3809663984573809,0.4773929424570876,0.4914100041188048
1.0,0.6280348144754927,0.15522018521534808,0.4528760838097745,0.4114143995253394,0.0,0.8129592271103632,0.24562636023758394,0.7960552436733322,0.3842373172448119,0.4751895300488125,0.3841563315180083
1.0,0.6383417315620705,0.1560497488475736,0.4497837763329627,0.4185648588330626,0.4820925526171629,0.9212304047676328,0.24321907747028956,0.7977717371418577,0.3956322133102009,0.4749925607570071,0.38701203606242257
1.0,0.5595510765002291,0.15301973386551415,0.4290223427557618,0.4161498187234992,0.5374005393502204,0.8249893579611706,0.28024701668885604,0.798935055330784,0.4029552629788888,0.4781037834808141,0.4755663356368128
1.0,0.5618415025194685,0.1518369270241502,0.4243202768363245,0.4176045736717909,0.44542368250531933,0.8037052803020486,0.2404678971648103,0.7999421942582979,0.4110124787838095,0.4747046865030202,0.3994508260491511
1.0,0.5478699038021074,0.1493892409070292,0.4184395538326687,0.4588574005431933,0.4715467958796221,0.7713164664729508,0.2181636854025321,0.7998852837797391,0.4138499831591146,0.4764969666809279,0.3719555169099813
1.0,0.5242785158039395,0.14742193883034949,0.4120654862483412,0.4935605730630659,0.0,0.7620625196646365,0.2463583707117205,0.7990353550526285,0.4127668426187021,0.475184147064797,0.3822159168916756
1.0,0.5696289509848832,0.14470025520437702,0.3777256249543665,0.4733215441622505,0.4471370966814383,0.9166034313634762,0.2494927511311773,0.7979343082672145,0.412778627470704,0.4754100911321942,0.34431376138391856
1.0,0.5549702244617502,0.1363604864773662,0.3000265092125628,0.4636995148096446,0.4496731136246535,0.8137301968314933,0.27313325047040243,0.7976451194547746,0.4164245843026765,0.477460781309844,0.3931902430094731
1.0,0.5590929912963812,0.1304897939211469,0.23131559893601775,0.4665423495626866,0.4258217166092222,0.7273163706192988,0.27644449248092584,0.798487953280186,0.4315732807494129,0.4777409882004089,0.3891538144707336
1.0,0.4988547869903805,0.12913914625750844,0.19094677517691566,0.4708781787652749,0.39753434364369583,0.4872779644743155,0.25492633223449884,0.7987585342109488,0.4379091387181415,0.4795893574385321,0.3653745823989748
1.0,0.4131928538708201,0.13377944310726253,0.19313354818279693,0.4635535021013869,0.3189553022400199,0.4098360655737697,0.23238630501746504,0.7992806273460765,0.4479273288371477,0.4775539142083596,0.3010937714521074
1.0,0.3900595510765004,0.1431930491295632,0.2006434516867867,0.4942803239901354,1.0,0.32927400468384066,0.2251398926057116,0.7990167007026484,0.4440059819823709,0.4768987293088609,0.2845270239348314
1.0,0.26156665139716023,0.15155809947367382,0.1801433060759337,0.4370186779314388,0.501065497288455,0.04547162720781637,0.21472471002068305,0.7989451226005572,0.44267699936051785,0.4758860395891034,0.2347260994920143
1.0,0.44319743472285855,0.1659070878770441,0.1835494569304979,0.5073307188637134,0.5187269592149353,0.4289215686274504,0.1445204840112209,0.7990479403335337,0.4381246187287471,0.4690183197527474,0.08755663356368157
1.0,0.4569399908382959,0.16491814037016805,0.16267229181683446,0.520704080618774,0.5364784868051483,0.3521241830065355,0.2349016698681891,0.801727582356277,0.4592127760905325,0.4736030617679782,0.2530685094503686
1.0,0.4397617956939991,0.16473734688567587,0.17105061507405184,0.5083648707889331,0.5052345603018157,0.3684640522875815,0.18915838446762206,0.8046997622492209,0.4825920182247442,0.47320450293411104,0.232364651503364
1.0,0.4857993586807147,0.16620426828090906,0.18010333926429206,0.5002731161056144,0.4684986750873369,0.4093137254901959,0.1655915774580076,0.8073771943133393,0.5018072436467715,0.4747681368848061,0.21237471969246274
1.0,0.456252863032524,0.16523152733741675,0.16891429376706418,0.5229124013782515,0.6625602960757183,0.3267973856209144,0.17742656559354258,0.8116731504607012,0.5179151684793136,0.4721271944076815,0.2126767653654296
1.0,0.3742556115437475,0.1675772446708632,0.16655483155443362,0.4048145734783769,0.6594502246066791,0.005718954248366035,0.08775282610084051,0.8151962097138078,0.5280261130908325,0.4681592658787941,0.18075145302274492
1.0,0.41983508932661495,0.17721712959726998,0.15428294217173227,0.3983317202525758,0.4338385309429771,0.05253623188405779,0.0,0.8201376421889496,0.5478149204580843,0.4589856544876641,0.0013327328376182429
0.0,0.4670178653229503,0.1858941005721937,0.14451131761429614,0.4046207546451745,0.4939104124757176,0.11164122137404593,0.02110057037863133,0.8223139521149451,0.5538848319669357,0.4612184974223598,0.01263186845569036
0.0,0.4525881814017407,0.19501998939570475,0.12716944780710274,0.39287417862024093,0.5449983346534595,0.06527818583444919,0.07319613459167068,0.8246421373972689,0.5645717591672643,0.4623483356610841,0.0489676914200937
0.0,0.4573980760421441,0.20472097246729648,0.12950232364910724,0.39976168144627855,0.4994630005039935,0.3227571115973745,0.09306849947678447,0.8253015807484262,0.5666736962204825,0.4642329222883833,0.025418826618016668
0.0,0.4454878607420984,0.207863266879424,0.10559058982723518,0.43401799185195583,0.5415297451741956,0.2866520787746176,0.1657193108293333,0.8260509755876743,0.5687644187390577,0.4671727428980582,0.12675894681266214
0.0,0.4940448923499772,0.2107906207312156,0.07564675967252649,0.4441048232662679,0.5024284152363966,0.31509846827133425,0.1573675134734141,0.8263129183875674,0.5739383393319314,0.4663276438441274,0.09299175906158892
0.0,0.4970224461749889,0.2135515317249166,0.054579008236662674,0.4474903976283252,0.4834755199377096,0.4168490153172869,0.19790320758146698,0.8258562191061206,0.5738394525735608,0.4700690076331007,0.18894474668870406
0.0,0.4725148877691252,0.21997511574216166,0.06142860447931836,0.4734704170451316,0.5366254686665793,0.38293216630196936,0.27489695355909394,0.8258515651603314,0.5789710984839034,0.4734029800860774,0.2839680462778049
0.0,0.3669262482821807,0.2327133498064531,0.1052453776955748,0.43849160313205937,1.0,0.2712712712712708,0.26796987457565485,0.8255301495623516,0.5785790736097048,0.4727790124295091,0.2950095264329823
0.0,0.1878149335776455,0.2471048695100839,0.14647159462203754,0.3800231420685243,0.5678764085694069,0.11576704545454515,0.24239863620062002,0.8265468932719237,0.5891413545539804,0.4741112239360062,0.2352799393981133
0.0,0.20797068254695367,0.2628245207809057,0.1734708144894045,0.35198172879704404,0.5184395930808777,0.011222681630242036,0.2361888292253952,0.8270807627492834,0.5945911460032505,0.4735214347472867,0.2144709960287401
0.0,0.27782867613376105,0.2734822677315469,0.1715770523561091,0.3405764692300936,0.6116363413431357,0.12890878339712855,0.2195392755552716,0.828809385320718,0.6074749739843031,0.4719187970986953,0.16465808139935267
0.0,0.2730187814933581,0.2816622192295157,0.16613631254361996,0.3386706949921472,0.6130457090197199,0.13844627846942315,0.2591267950223289,0.8303185256086708,0.6137274282457107,0.4756109486980394,0.3228198241627071
0.0,0.2828676133760881,0.29401012020369754,0.180676222561616,0.3475580638224619,0.6079935767147354,0.30953076015078584,0.26859871578833594,0.8317707814381153,0.6215781915148652,0.4764707539186663,0.31756306957739394
0.0,0.1704076958314249,0.2992912461621642,0.16365612182118267,0.33472834056272804,0.6135401470995988,0.21587429243094414,0.34698770320659905,0.8315287926192646,0.6131891451731274,0.4835541420381924,0.5106397631017152
0.0,0.19766376546037584,0.30350882889439723,0.13738343623658744,0.3558875141550418,0.6008335627103005,0.12128792251940244,0.3216031520665785,0.8304484266892891,0.6041180784129793,0.4812732000889814,0.4181989302848749
0.0,0.2675217590471832,0.30440872589487555,0.1023734916852096,0.3658667443512517,0.5963068991930833,0.16481120060107973,0.3096846459574845,0.8294225458006145,0.594141254819848,0.4801839795588331,0.3456603080595921
0.0,0.2972972972972977,0.3052971600063823,0.07910145537338614,0.3873939353635107,0.5950468467794591,0.09563209543967684,0.3302890213167346,0.8296974224905523,0.5971471495480375,0.4784216064741752,0.3923627849321675
0.0,0.32134677049931315,0.3117232937705232,0.07381562092094107,0.3582802428524438,0.5154471433193113,0.10846000897953964,0.2646979351409242,0.8300024856629075,0.6023764647904214,0.4758756889760157,0.270344099350366
0.0,0.2954649564819057,0.3185920225574201,0.06796727222593679,0.3899809779959272,0.4603297964986124,0.09242511705471083,0.280802165571926,0.8306933364115799,0.6095319815578062,0.4737045216327101,0.2725248490691642
0.0,0.3456252863032524,0.3324316954449851,0.08109497406340721,0.4295624766243477,1.0,0.07959720351484803,0.24338120059543406,0.8299908541875697,0.6081966506248856,0.4700330318059245,0.1850653077152632
1.0,0.2118644067796613,0.3474020380196059,0.08648332044270096,0.4164345544992667,0.5098792818857126,0.03790648451029428,0.27115338321485233,0.8299796495146873,0.6100774957494486,0.4690294375760004,0.20115694511397306
0.0,0.22262940907008733,0.3690742364382065,0.11969420293651928,0.4226001230036816,0.4889263698948064,0.009576612903226409,0.2511238080265684,0.8304317730231744,0.6149580078039423,0.4670317285748238,0.14428528797373918
1.0,0.27370590929912997,0.3864937980310059,0.14486124717414212,0.3960389409499464,0.4515997351359401,0.11325545962417492,0.2518705569666271,0.8316249643455506,0.624380070413209,0.4671335170398196,0.17618162201868556
0.0,0.2535501603298215,0.4021331539517121,0.18723364184366212,0.3886394166141503,1.0,0.122905027932961,0.3324162732315069,0.8327883524594163,0.6360827362498431,0.4712219782047704,0.3490002984183826
0.0,0.16170407695831462,0.4193467662187367,0.2400205838596761,0.3796062207652605,0.4575752545816531,0.028440832910106774,0.3437796304575312,0.8323261668077554,0.6376630646469871,0.4686191784019961,0.3678465670408376
1.0,0.17269812185066435,0.4400925203360431,0.2998158863234843,0.3847842835528249,0.4614791586339645,0.02393567453872576,0.3017307871814649,0.8318760801380121,0.6365266536639035,0.4645027227565596,0.23383375800564696
0.0,0.2278973889143384,0.4596014558597517,0.3382381982960713,0.3736753402914818,0.31045332431807465,0.011811023622047691,0.30960604080589943,0.8316726313466737,0.6321871296809844,0.461578870551326,0.2406170373941192
0.0,0.3117269812185069,0.4772103878398624,0.3625049134607524,0.41145023797200575,0.4059236202273185,0.09895150720838737,0.3012738947378765,0.8322055156165339,0.6395679057390987,0.4607541042754956,0.20625301287790124
0.0,0.5107650022904262,0.4901558848871099,0.3885677915133745,0.4791315675459446,0.5392677672077403,0.3707360861759434,0.3662803550987722,0.8328107237175363,0.6489234016388534,0.4672014061499866,0.3660675343755021
0.0,0.5041227668346316,0.49327983234371403,0.39908438500795496,0.4740977833941738,0.4783973615018989,0.30341113105924683,0.4126623073559682,0.8326174847032818,0.6543286212277091,0.4681008703250539,0.4613089089364827
0.0,0.4186898763169953,0.4989297484902624,0.41135345780109545,0.4761091489318401,0.5404595710906666,0.3025134649910237,0.4330750826582296,0.8320144946032503,0.6521432820053497,0.4664245750327845,0.473532584991851
0.0,0.4486944571690338,0.5064153380104854,0.41735661928140455,0.4454045084499109,0.4716997232260133,0.334829443447038,0.3956786817916079,0.8314224655184982,0.6560913751407671,0.462851311418095,0.3861074765282464
0.0,0.5011452130096199,0.5132202516833619,0.4213834700108629,0.4257529901967136,0.0,0.5385996409335727,0.37386083940476256,0.8314384935502751,0.6640086525205798,0.4607337279016965,0.3253563804145722
0.0,0.5176362803481449,0.5178696146581829,0.4260548476480918,0.4361638524631807,0.4604982551117246,0.8809965087711727,0.3871500228446221,0.8314263947884325,0.6690732659837266,0.4583786674418077,0.3417234809356564
0.0,0.4230416857535504,0.5142709726238324,0.41144809608095695,0.42317083270358813,0.4858267548944375,0.5879120879120882,0.41231840981778334,0.8311872464570479,0.6730798780294498,0.4572339805382132,0.3888506301218923
0.0,0.3879981676591848,0.5124615652630431,0.3917502308547191,0.3930352942562198,0.5020711505657838,0.3905797101449277,0.365494303582921,0.8306742291605697,0.6661346028371229,0.4525865217895476,0.2592681863048921
0.0,0.3334860284012826,0.5127267791450567,0.3753628727156427,0.33794166814720383,0.4876176003557529,0.18695652173913035,0.3342634942937572,0.8307060088057557,0.6628143400645923,0.4493722073991333,0.16352179601955816
0.0,0.3327989005955111,0.5187267989352766,0.3657508584844844,0.33521483670730895,0.4851663924276866,0.13115942028985528,0.2975794526133755,0.8312542442896081,0.6568379067379333,0.4454429172581639,0.07665909143080131
1.0,0.3683005038937245,0.5274046827622474,0.3666376179479795,0.3176395155468093,1.0,0.18768115942029015,0.32591169693783817,0.8321744223657753,0.6623979485457232,0.444815373275825,0.0998024543549837
1.0,0.3094365551992672,0.537451663306048,0.3756803109137361,0.293837242008825,0.4337596120571256,0.008695652173913375,0.3822912419122666,0.8322310982768634,0.6656008019040246,0.447185073062728,0.2216749357403308
0.0,0.3836463582226294,0.5555994317701509,0.4179027875661214,0.3401489637286141,0.4104501357907451,0.30055955235811305,0.3409400193565185,0.831890691074724,0.6688758037150165,0.4427929930275567,0.10664829566506076
0.0,0.370590929912964,0.5645907413769795,0.4436908136010265,0.3332848888442662,0.4270347122539009,0.08680947012401317,0.45003905693469387,0.8309999833297276,0.6654798723161846,0.4509825815329898,0.3766361402725041
1.0,0.39280806229958776,0.5709050627916703,0.4588990810824339,0.3592038321546241,0.4312866071974735,0.0794341675734483,0.4784646448766634,0.8301137917007443,0.6626865798164486,0.4542053122123085,0.3841343674920189
1.0,0.4301420064131931,0.5739584128878521,0.4558093742935735,0.3443785380377142,0.4988100093392579,0.19586507072905307,0.4680985905113755,0.8304458033972809,0.6654753473102528,0.4531509518921363,0.38315297797692016
0.0,0.5423728813559322,0.5744304128003499,0.4488004532574356,0.39614054612595184,0.5278454909654474,0.42981501632208796,0.4555414175456524,0.8316525515632996,0.6764579676157169,0.4514858278641203,0.4220641457631346
0.0,0.5966559780119104,0.5701844143806359,0.42737179220142296,0.3903256675345238,0.467765217002151,0.4646354733405873,0.5116605829554554,0.8331778291159583,0.6914522119781914,0.4539123935728594,0.5193227671700156
0.0,0.5723774622079708,0.5685446281529969,0.4220611318869594,0.37147004298843184,0.4841494945886368,0.2850924918389544,0.5041783550889466,0.8341653465252828,0.7010026364227163,0.4529695491850792,0.5222763010108572
0.0,0.5414567109482363,0.5714641348424805,0.4215663592768116,0.3462225377884182,1.0,0.30250272034820325,0.4235785977823521,0.8354613683644995,0.7112163452660313,0.4480288311611716,0.3953887432921504
0.0,0.5087036188731108,0.5727434261260329,0.4128879074355259,0.3188101729123437,0.4853214139270378,0.09031556039173,0.4468408098295741,0.8362112323621831,0.7156530970186332,0.4468875879706666,0.4392965597570613
0.0,0.5632157581310123,0.5781945773128148,0.4073977865837909,0.3633860055104641,0.4912199391306899,0.0011325028312560484,0.4198202889721884,0.8354025042921586,0.7168241144285982,0.4441394208432072,0.3502121552477224
0.0,0.6149793861658269,0.5862018312498531,0.4136714624489896,0.40722724381315706,0.4644902020695723,0.5175023651844839,0.4500980107983826,0.8349455176501007,0.7204120186059773,0.44385341901569203,0.3832210158492447
0.0,0.5627576729271645,0.5905431355046566,0.4179118237474255,0.4132378592028285,0.4733832742124338,0.42762535477767205,0.5292190086907821,0.8350060557091928,0.7271634238219865,0.4489660459210631,0.5497004867090979
0.0,0.5549702244617498,0.5971500163678964,0.42820168530030944,0.4567334921502498,0.5103791019885705,0.4257332071901605,0.5364261185267428,0.8347403242680648,0.7300744945105558,0.44977919534610733,0.5661113191064521
0.0,0.6081081081081082,0.6041053296481576,0.4328405585116985,0.5053871602917687,0.4686415134808282,0.7568590350047298,0.5721472471002067,0.8333473278386568,0.7270792995271532,0.4500718873346996,0.620699696326802
0.0,0.6152084287677511,0.6045421229852836,0.43135990268255897,0.5118932510207651,0.4577054232768746,0.8893093661305581,0.6298286898977641,0.8322829278677287,0.7286070705694452,0.4528829390865109,0.6851678522401093
0.0,0.5964269354099863,0.6022909391710503,0.4258982714803226,0.5450299037609213,0.5170960464015524,0.8353831598864704,0.6594284422915369,0.8310489788569663,0.7330510991858749,0.4559083935686216,0.7827173179405044
0.0,0.5568025652771418,0.600010335811552,0.4211884150482399,0.5576565632390232,0.5204290155627643,0.794701986754967,0.6590992832192739,0.8304756412158801,0.7376211555496627,0.45604524584598,0.7646146252027363
0.0,0.5355016032982136,0.5997246937814646,0.4236131396303932,0.5886215068221934,0.5000279552372597,0.7246925260170285,0.6700057480017095,0.8301891913318368,0.7426128947796172,0.4534900024822166,0.7794780652870241
0.0,0.4828218048557034,0.6000598985868202,0.4279338849362316,0.5950975246656649,0.5281877653478682,0.6518448438978236,0.6512928091024763,0.8300150423975364,0.7459063899836431,0.4509365620183439,0.7837364940341439
0.0,0.4722858451672015,0.6021142772635448,0.43783774255441865,0.5873310732162357,0.4324274670578365,0.6520522388059711,0.6452598637183182,0.8293773472333331,0.7520820396907055,0.4504481990039925,0.7627793869057621
0.0,0.5100778744846542,0.6022133131453521,0.43165747701221296,0.6170686848740554,0.3600647048578602,0.7701863354037276,0.6518872605613389,0.8270844792288546,0.7502186584104489,0.4513848041995885,0.7443924910289745
0.0,0.5577187356848378,0.5977198009202211,0.4105734897769484,0.6084360567473716,0.3988328730379979,0.8940864960282446,0.6848277318974789,0.8248258060109067,0.7502728967633586,0.4513564594413224,0.7684537458999735
0.0,0.5501603298213469,0.5900183759278979,0.3831564807496697,0.6014619471586253,0.4521482932759283,0.8049426301853493,0.7011383008513921,0.8229923914715697,0.7444725691475337,0.4493944432938221,0.8015419760137066
0.0,0.5277141548327989,0.5840234830986435,0.36390802697307983,0.6310058011514622,0.44909765777929656,0.7555163283318627,0.6986966283302791,0.8220688933725141,0.7423926461279964,0.4492341337409209,0.7912805585748235
1.0,0.4656436097114065,0.577791720309285,0.33457093473332794,0.5569268175031747,0.4075712112459851,0.5127978817299208,0.7047787019341782,0.821421345293062,0.7380917585215304,0.4498898348481637,0.805042279987473
1.0,0.4578561612459919,0.5771355226779731,0.31365822845240265,0.5424186137795775,0.4275799350216796,0.3318623124448372,0.6760927344275824,0.8209351374835744,0.7392894071323248,0.4509272178503054,0.7541681251266555
1.0,0.4244159413650942,0.5799188805188755,0.2731646470897772,0.5586613868328777,0.3981462156548497,0.27978817299205666,0.6744076364904762,0.8194575858601573,0.7326311717714961,0.450675777549527,0.7552734842762657
1.0,0.46907924874026596,0.5862853735723883,0.2552141876500868,0.5518660576336366,0.4033738608367273,0.4130626654898506,0.6858446860461118,0.8180067851840979,0.7346724323311381,0.4523763198615196,0.7247103037895399
1.0,0.4525881814017407,0.5902132705579266,0.2319686007163269,0.5837790280103604,1.0,0.3671668137687553,0.7137102122830374,0.8164078689244242,0.7362695979844923,0.4555124039700471,0.7882424318127067
1.0,0.3621163536417777,0.5969716366816937,0.2493695515065037,0.4655635588993705,0.42344166739927613,0.11650485436893272,0.712344447774246,0.8173974277522168,0.7560276948151105,0.4554625601641902,0.7796325871467958
1.0,0.370590929912964,0.6096151136876362,0.2784894251477128,0.4759935340018853,0.3695350133370552,0.11673553719008227,0.6434126426560677,0.8179526269853415,0.7651698393141629,0.4508581243797043,0.7299006968174798
1.0,0.4175446633073752,0.6208370565759921,0.3047440145979389,0.4915078015820036,0.3966304390090029,0.06476683937823835,0.6671513984347748,0.818826763367475,0.7782656284620805,0.449779097499933,0.7566402869353412
1.0,0.39647274393037135,0.6301218354225804,0.3238877894120661,0.4710074749040142,0.4054552033122287,0.021970233876683388,0.6727078000874481,0.8166566104109972,0.7720072118724725,0.4466043695535093,0.7653125864330259
1.0,0.3985341273476867,0.6411349346109054,0.3374780035780662,0.4749456145735407,0.4028975769970008,0.03173431734317391,0.6955917248426667,0.8142126296146052,0.7686272111974437,0.4494663609167723,0.7499486978167573
0.0,0.4086120018323411,0.6489060522427645,0.34678176327148746,0.4865473608639379,0.3975686192431585,0.115525921894134,0.7183724803364301,0.8136687431832025,0.7714031494012926,0.4482867598655946,0.7675492610837439
0.0,0.4367842418689877,0.6548331720584517,0.3454000122197966,0.4863252286923477,0.4736862331741946,0.12587412587412658,0.7016639728026173,0.8143395713411558,0.7833493732679059,0.4451857615706532,0.8196516537649541
0.0,0.4546495648190565,0.6600019476065424,0.3560499487076952,0.507110672726802,0.4876696542640417,0.3076923076923078,0.7292985964067622,0.8156534848147258,0.7971756602377739,0.4482400609823624,0.8701090781140044
0.0,0.4587723316536875,0.6632000105868985,0.3751362715944389,0.5120149115136127,0.4952005265799641,0.33426573426573397,0.7368889063567003,0.8142908948602979,0.8020195569397587,0.4489444609617424,0.8925404644616469
0.0,0.5162620247366011,0.6658686374797189,0.3842342812418359,0.5459233228339159,0.5015525868381986,0.548251748251748,0.7484045610639205,0.8127836148283129,0.807410615885722,0.4503575316018583,0.8847202674173116
0.0,0.5304626660558865,0.6653157411493842,0.3871575581936208,0.5159123889666087,0.5074783684868978,0.6265734265734266,0.7677365155318867,0.8111910073457985,0.8173074506890144,0.4486743756660557,0.917690007037298
0.0,0.5348144754924417,0.6651916433601177,0.3762973592692282,0.4730057330746644,0.5421467084943228,0.6321678321678331,0.7575571484016133,0.8105731309965917,0.8308747801130391,0.4514633558599146,0.9041959887403236
0.0,0.5027485112230875,0.6651703018476973,0.3749868681898022,0.472181290485785,0.5264989627959297,0.5440559440559437,0.7403180560946011,0.8097620554332253,0.8423921946636425,0.4531521204623098,0.8940358902181562
0.0,0.4809894640403117,0.6661448088914252,0.3659915064061342,0.48354189667057107,0.5074689449285179,0.42800000000000105,0.7272057342458081,0.8091912020650046,0.8463311292306946,0.4521164257007679,0.8583743842364533
0.0,0.5054970224461754,0.6676787605886225,0.3576636388619439,0.4751729779395423,0.5078865285978661,0.4840000000000013,0.6886400817493576,0.8083744389542961,0.8442654336323324,0.4519899566277074,0.8029644616467279
0.0,0.5125973431058178,0.6698989717558677,0.3456184079411028,0.4881161501702096,0.4816536576127956,0.4786666666666671,0.6840858957793947,0.8089592258088231,0.8523804080194325,0.4552550331785995,0.7993314567206194
0.0,0.4283096655978015,0.6733144193219827,0.3447453493183539,0.4000333553619906,1.0,0.2265333172671416,0.6523490658269016,0.8092160797263915,0.8681767066803713,0.4550849986644899,0.7835151301900067
0.0,0.43563902885936795,0.6861903597655437,0.3718745315892503,0.4090496894317621,0.5077503187390381,0.3313652247258703,0.6339112449582165,0.8098406648254136,0.8939392663442302,0.4533367998454878,0.7491115411681915
1.0,0.2998167659184609,0.695864334568121,0.39418147643701,0.3329136211819234,1.0,0.062079281974569786,0.6230342571076251,0.8096198836171152,0.9010877794088278,0.4556973965144484,0.7472290640394086
1.0,0.31470453504351825,0.7076985702933547,0.4171497238001313,0.3116296975778776,0.4989650885305819,0.07703814510097239,0.6258050887010005,0.8098791934458135,0.8915561193777216,0.45222514088121,0.7501935256861362
1.0,0.3479157123224922,0.7131953216368059,0.4089820455392715,0.3007014164225164,0.5146306621196326,0.040990606319385454,0.6070282831161048,0.8097102697444548,0.8797438823663551,0.4537982096457594,0.7360045742434909
0.0,0.41708657810352734,0.7173798943665497,0.39829844989705376,0.34881974629528045,1.0,0.13407344150298944,0.6333364447872505,0.8090891971423463,0.8736134241901269,0.4529696882143196,0.7823715693173825
0.0,0.404260192395786,0.7199221129069369,0.39630669381548606,0.3277746461072373,0.4804513056382962,0.07258753202391187,0.6451124790590962,0.8075760569479297,0.8782919047322569,0.4543527381255668,0.778764954257565
0.0,0.4276225377920296,0.7249462838109109,0.4068995739897807,0.34784656182461915,0.6171481006292896,0.1433659839715048,0.6573797955283491,0.8061648250926355,0.8802220137192162,0.4519505822921326,0.7883180858550314
0.0,0.4816765918460836,0.7309873565098104,0.4300378901531219,0.36874991844119576,0.5889863037874626,0.2404274265360643,0.6850389832423643,0.8045186527558673,0.8798802552636581,0.4550006828884278,0.8418103448275863
0.0,0.4257901969766377,0.7335780292867964,0.4342608695658692,0.3229094352695165,0.4434540046682471,0.2983081032947456,0.7243071692811067,0.8031158431389992,0.8805945850178717,0.4556471080945249,0.87905524278677
0.0,0.4310581768208888,0.7367637448965096,0.43527344432287424,0.32794785913718394,0.5851477576735904,0.2110418521816566,0.7187704189163295,0.8004911265580549,0.8715762922042795,0.4587505003057434,0.8765130190007037
0.0,0.4498396701786535,0.7386676155870195,0.4292163689015865,0.3013601282052952,0.5658767792944667,0.2573463935886019,0.7379107733273067,0.7981208222655057,0.8663990903787603,0.4610725025655752,0.8676020408163264
0.0,0.4608337150710036,0.7371319252255171,0.4112024287418452,0.2697049043176068,0.5887647836720232,0.2582368655387359,0.7376749578725513,0.7949528446981329,0.8547560550320726,0.4613441038685964,0.845197044334975
0.0,0.534585432890518,0.7374373906032521,0.410205274308265,0.34052550243555607,0.5360941090367936,0.17097061442564565,0.7467587657026069,0.791916423785132,0.8394876851906855,0.4625641491827127,0.8332160450387049
0.0,0.4965643609711407,0.7389736364147326,0.3986378637161129,0.3593122182794676,0.4504438336046115,0.16562778272484405,0.7496671563112569,0.7898965741105334,0.8289011870371831,0.4633981908019013,0.7989481065918657
0.0,0.5025194686211637,0.7451839343866056,0.41365847600322336,0.3644693895260196,0.5227560102342473,0.15227070347284127,0.7410107639929452,0.7875925318262597,0.817763385783486,0.4620230441099832,0.8114792426522477
0.0,0.522217132386624,0.7502290145361208,0.419880183991124,0.3313217787139213,0.4925517839179029,0.22083704363312584,0.7554790247065817,0.7869645945396312,0.8219164590711435,0.4640040304586104,0.7926770187919119
0.0,0.5409986257443885,0.7562342943126856,0.4386819934863251,0.29681312728649617,1.0,0.2448797862867319,0.7697360340753329,0.7861357998053357,0.8251400619635222,0.4649870416545063,0.8524721565980422
1.0,0.4851122308749428,0.7617545493181734,0.44131662146326905,0.3051818009819472,0.4566711469602314,0.18699910952804927,0.7896575271801876,0.7876419342194653,0.8402430954815815,0.4670263753182418,0.8975869051636853
1.0,0.4867155290884106,0.7711635685930576,0.4665239785217638,0.30625508583366623,0.4567239286127957,0.06508875739644937,0.747520253108588,0.7871845109677412,0.8440071001743726,0.4650679842651831,0.8903476206547418
0.0,0.5050389372423273,0.7806183026186231,0.48530451607049196,0.3191345040577295,0.4647147916593418,0.2593688362919128,0.7456189910046227,0.788100297855795,0.8555333151981833,0.4654927968184298,0.8446760040499492
0.0,0.5105359596885021,0.7886160477553907,0.5098728908046106,0.3231614613857593,0.5400514710324161,0.21797752808988727,0.7186770752988221,0.788246893624761,0.8648738471665273,0.4614339633236485,0.8656176172797836
0.0,0.609482363719652,0.7945853226444406,0.5282249100289587,0.4082611021560074,0.0,0.946496815286624,0.7022977268372728,0.7888098083965981,0.8783150078325593,0.463067662241887,0.863609517381033
0.0,0.6126889601465875,0.7912142030275187,0.5318409299215847,0.4112966441062572,0.5424803498949834,0.8891719745222926,0.7237028921782959,0.7879216923689382,0.8846255687409016,0.4616332997429277,0.8780037124535941
0.0,0.5668804397617959,0.7884309106353284,0.532345394682659,0.4173555628998409,0.4698613325987768,0.9418439716312064,0.7354297982304017,0.7853745913167397,0.8815731074012237,0.4628315827786735,0.9029109011137364
0.0,0.4860284012826388,0.7861533512749712,0.5331237918881219,0.39208416169466015,0.4582221670968567,0.6487603305785129,0.7507135873917337,0.7839821965925061,0.889809232631286,0.4647518034603311,0.8877489031387108
0.0,0.4990838295923042,0.7850237369090078,0.5323947860247716,0.4051133898081984,0.4716057100396444,0.5886157826649411,0.7131403249340453,0.7812824537018513,0.8902212384973475,0.4643382284962299,0.854463381707729
0.0,0.5391662849289969,0.7829326895804016,0.5274686034393182,0.3927333755473227,0.4731872921569658,0.6170763260025864,0.7484045610639207,0.779812182538235,0.9016540706578638,0.4644862967607272,0.862867026662167
0.0,0.5000000000000002,0.7794688082946599,0.5226218271795829,0.4063530523654368,0.5270853932576586,0.4527813712807242,0.7509985310662297,0.7779835167060919,0.903488780498914,0.4646800481024967,0.8725531555855551
0.0,0.598717361429226,0.7801153882337313,0.5262015969686544,0.4488624821762789,0.4881785717588849,0.8525226390685642,0.6930075804843059,0.7779484618400346,0.9172628291827288,0.4627172367660234,0.7918157273034089
0.0,0.5675675675675678,0.7761141354831558,0.5348408400432048,0.4695499394851444,0.4947233536060939,0.6959896507115145,0.7033687220276199,0.7776891143417081,0.9224657282184541,0.4634574386610405,0.835791427607155
0.0,0.4993128721942283,0.7732449428119379,0.5308956415586082,0.4543309579546985,0.5203445027418085,0.6571798188874509,0.7065620563107655,0.7770084212788736,0.930733353226659,0.4639699529716567,0.8235993925075938
1.0,0.5384791571232249,0.7705443980036166,0.5332462764684476,0.4919212831074663,1.0,0.5038361494240311,0.6865668708762998,0.7783126188570614,0.948190393014396,0.4657301091467372,0.7970975362807962
1.0,0.4606046724690792,0.766315644922086,0.5161132608268654,0.4053597188730953,0.6161691267228173,0.04480972261688743,0.5976497059676047,0.7794602291066853,0.9643283717850072,0.4589411965982269,0.7539402632467094
1.0,0.4780119102153004,0.7728411008519491,0.5511373788409011,0.4215664568737116,0.5488030555330099,0.21967693282913345,0.5778166436582839,0.7802158020557205,0.9723774268804052,0.4573061642114344,0.6913094836314548
1.0,0.4544205222171327,0.7755130620767354,0.5729113204963876,0.4458342395337562,1.0,0.1488195900696755,0.6134444286142402,0.7785091479164422,0.9686560750136732,0.4574535872771444,0.7343570705366181
1.0,0.5064131928538711,0.7798707900334307,0.6082246590653357,0.5078945256879056,0.5981983835451891,0.13867279983765185,0.5984701472372744,0.7773373775145612,0.9698668208405284,0.4560778196464077,0.7037293283833947
1.0,0.4670178653229503,0.7834107362749698,0.6403060025842393,0.522287466594707,0.5279503707154078,0.023722105664695584,0.5886887186869009,0.7760793250918064,0.9728619437853242,0.4588746726866637,0.6888288896388793
1.0,0.5158039395327533,0.7918656213255426,0.6875824464559821,0.5159703676148297,1.0,0.23710185008582785,0.5861537025482808,0.7747862233748392,0.9723164979352568,0.4588806577440934,0.6579311508606142
1.0,0.4848831882730187,0.795484716564163,0.7155449266259007,0.5372436457308168,0.4891034461495677,0.18703509441159524,0.6331251934423653,0.7736557888632035,0.9705744382193109,0.4603432279898161,0.7298768140398247
1.0,0.5297755382501146,0.801367509569902,0.7371794318481273,0.5302923746042723,0.4377332687978579,0.07830598061927041,0.6196787996993354,0.7725137227798652,0.965703687230732,0.462735350153608,0.7112807964900442
1.0,0.5258818140174073,0.8043117246132376,0.7512306985362244,0.5266979291220997,0.5104012809212147,0.11296056347386856,0.6810448589774449,0.7716330200163791,0.9624802877083576,0.4658150156880052,0.8018140398245017
0.0,0.5531378836463583,0.8067311991903711,0.7667076955501289,0.5035976230624111,0.3910952203432143,0.30731918003920355,0.6972817356017469,0.7697535395064047,0.9512693721743904,0.463848496315374,0.8291765102936214
0.0,0.5668804397617959,0.8062881207430763,0.7616909479841941,0.5176127461319029,0.5386383552206901,0.20930927937805127,0.7302418582257835,0.7677476362221841,0.937966252428042,0.463775359388809,0.8631370232872091
0.0,0.6131470453504353,0.8079409721071948,0.7522979606848015,0.5182955144889981,0.6004339403248935,0.4850659490348505,0.7324821050459593,0.7657323115600038,0.9255618312296421,0.4641898157518994,0.8515693553830576
0.0,0.6218506642235461,0.8065307063035405,0.7178201052884399,0.5279713663808235,0.5783310485918016,0.7638035843648628,0.7469798426914405,0.7634584289089689,0.9190125294592076,0.4657244068693556,0.8819946000674994
0.0,0.625057260650481,0.8014640077526443,0.6814065475633632,0.5314878292339499,0.5273604801149111,0.6488393335223163,0.7740249276586961,0.7606242936330628,0.9144570862588008,0.46500994963044,0.8936044549443128
0.0,0.6117727897388915,0.7971135351649106,0.661071750168345,0.5194432134345469,0.5517457211379927,0.4078868625783493,0.7991392735901427,0.7570855118706127,0.9033127350595046,0.464072089353639,0.902708403644954
0.0,0.5959688502061384,0.7942699506939612,0.6590339477053991,0.4994300651867114,0.4606382361902543,0.5304251888313671,0.7967860318645632,0.7564684918889516,0.905829263419162,0.4641989180089681,0.8784864052123793
0.0,0.6140632157581309,0.7915994787677996,0.6575050853034822,0.5177118692733943,0.466665852768002,0.3578601940648959,0.746621206687333,0.7562439338994519,0.9116807487596332,0.4570103024475989,0.8847429311280954
0.0,0.6161245991754469,0.7883392726989289,0.6469166609384526,0.52013485332137,0.0,0.42465071168313817,0.7479427557983579,0.7558106569226023,0.9164373994814996,0.4574112172180181,0.8666583134945495
0.0,0.7123224919835089,0.7875057531447354,0.6523457456658845,0.5842242696775877,0.4920924474220269,0.7964475344651061,0.7627893038039978,0.7532406445618881,0.9110668352307141,0.459169569196796,0.8613289896838323
0.0,0.6378836463582227,0.7794295800253792,0.65228092217137,0.5529593827179281,0.4427417008224082,0.8557656928397964,0.7659531611552991,0.7512394256835307,0.9056372268162364,0.4556960320160098,0.8659566470367119
0.0,0.6488776912505727,0.7776158626171445,0.6679377995752934,0.5643072493067228,0.0,0.7380234012804472,0.7907923890561974,0.7492953615396712,0.8997662799127085,0.458348387561993,0.9120995698116356
1.0,0.6484196060467247,0.7723883907092606,0.6509120216070763,0.5624637487427874,0.4392935931555656,0.8934240362811778,0.7957346879621124,0.7468468141597314,0.8949986643862571,0.4591964034748742,0.8935471745395317
1.0,0.7530920751259735,0.7658618491494964,0.6209434665324622,0.6073284949840112,0.3993932968246956,0.975921745673438,0.792570830610811,0.7443783081597394,0.8916472951730253,0.4591376163080678,0.8740675771624272
1.0,0.7194228126431517,0.7554479437467571,0.5809098365253181,0.5853439032778709,0.4039145483139639,0.7983446200150485,0.7768498002937869,0.7422794776830987,0.8924870700363537,0.4615371143499717,0.8484400451071298
1.0,0.7567567567567568,0.7489221027932533,0.5661858728005502,0.5860974786541387,0.392920319732353,0.8863807373965384,0.7453733499059195,0.740579811774717,0.8912077113298249,0.4588766913125453,0.7811552437037967
1.0,0.8437929454878607,0.7407378990056022,0.538830675893353,0.6460021694678113,0.0,0.8727647867950477,0.7543687269404417,0.7391818890559144,0.8870108501748807,0.4560805496501785,0.7954141085077058
0.0,0.8577645442052224,0.7332203810542592,0.5118330105189796,0.6686864012000904,0.3730993168134325,0.9393139841688654,0.7402885791627569,0.7380210727262452,0.88781626737308,0.4585025421264403,0.7755299293427546
1.0,0.8094365551992669,0.7264599217538306,0.4754905057004171,0.6514959122002796,0.4104825758413152,0.8872031662269125,0.7533615984357571,0.7364047909095358,0.8821645841919373,0.4561770238176062,0.7966771097187038
1.0,0.8339441136051307,0.7205826788068006,0.44255895233474857,0.6272295775700464,0.4057189532677747,0.9188654353562004,0.7637718681988118,0.7348533637801417,0.8795393012620688,0.4574850778382789,0.7924244054664799
1.0,0.8344021988089787,0.7124580649992971,0.4092776045182699,0.6275337047994365,0.41207177561315694,0.9175461741424804,0.7584365435349718,0.7326991610095134,0.8715827712639473,0.4566798578973828,0.7956148182123464
1.0,0.7872194228126431,0.7062705420422075,0.3786242300211272,0.6287974967214751,0.41624125386267213,0.8932584269662914,0.7630840731224421,0.7318442435561171,0.874365284853056,0.4575135710715771,0.7773746242618329
1.0,0.7207970682546951,0.7042723273961731,0.36554893336470784,0.5956789462822745,0.0,0.8784648187633257,0.7413890512849484,0.7302290784038875,0.8758424662633372,0.4583339617046509,0.7741607737950091
1.0,0.6868987631699497,0.7066989052166229,0.3524070017733776,0.5585668579114031,0.3935006525696591,0.9651741293532332,0.7471812683923775,0.7283051862203817,0.8776601837351165,0.4592243863072604,0.7603023652767621
0.0,0.5506184150251949,0.7048126780256512,0.3380589925539231,0.5056565432142109,0.3696986016812998,0.9033404406538736,0.7939120310097321,0.7258171762608464,0.8754172790584093,0.460818270607445,0.7980283956536929
1.0,0.5176362803481449,0.7012575043140903,0.320043326113295,0.5340668652558792,0.0,0.8358208955223879,0.8020329257328702,0.7230383733834632,0.8700763310857057,0.4616067925613563,0.8247556493861914
1.0,0.5829134218964727,0.6952196615892279,0.28596044508851515,0.5266498371005934,0.3467774695461741,0.9161336176261544,0.7984072631160062,0.7207438884332623,0.8604330946398691,0.4617606886211529,0.7938773295295976
1.0,0.5199267063673846,0.6866045234369227,0.24292771092670415,0.5349024389686354,0.36149181598760827,0.7924253459577573,0.824450132400552,0.7183740293797499,0.8512630509560221,0.4609510941393451,0.8206560256370748
1.0,0.4883188273018783,0.6815867416639279,0.21228818548423795,0.5153877601109714,0.3645128869387001,0.7367003367003361,0.8147718731116341,0.7160328222777733,0.8437383896351233,0.4601095907690204,0.8088527402413698
1.0,0.4887769125057261,0.6752820626962475,0.16507840091076914,0.5149915620368148,0.3661787363323294,0.6343434343434341,0.8564866444934633,0.7143376583176412,0.8465301831801456,0.4611187515828205,0.8530054603765932
1.0,0.5215300045808522,0.6680333120112965,0.11550435802584745,0.4861193869439046,0.4108262492765801,0.7063973063973066,0.8212174955416139,0.7130819408378174,0.8527956774125166,0.4614943698845431,0.8083552700069899
1.0,0.5377920293174534,0.6590206448865474,0.06932055161971927,0.4970763184647334,0.4141982889221589,0.6202020202020204,0.7804705500886765,0.7127829694549627,0.865816409767386,0.4606398535750033,0.7700144261514897
1.0,0.5680256527714156,0.6546273475461857,0.05197701791407844,0.4672597275530778,0.4845455807288454,0.6781144781144782,0.7634623604144455,0.7126001466195261,0.8751999918324463,0.4625420857758651,0.7531417778372669
1.0,0.4033440219880901,0.6502889116126822,0.03176661234553746,0.4027062126071733,0.3862356855536194,0.41212121212121217,0.7447985497349532,0.7116770440393948,0.8780605646164369,0.4644129841475014,0.7300673716146879
1.0,0.3639486944571693,0.6529089747759869,0.017638408093057608,0.4226947342027871,0.5002333874534043,0.3521885521885523,0.7128259043277048,0.7104202411547013,0.8811470759702106,0.461453483386845,0.674534124540817
1.0,0.39922125515345896,0.6538338364572083,0.0,0.4518872376358922,1.0,0.3212121212121217,0.7099420778289256,0.7095665368082703,0.8869172400002022,0.4612952653644205,0.6628890971013846
1.0,0.3295923041685757,0.6580430514019653,0.00594033807399985,0.377799606793597,0.4824135457271374,0.04242424242424305,0.7154493512618583,0.7090125674123072,0.8978477421953975,0.4617151285749668,0.6828403158881006
1.0,0.2514887769125058,0.6714780444204267,0.022416178205001358,0.34280420690947805,0.5002808887391172,0.052488070892978585,0.6916221646876182,0.7088166829055694,0.9014132630428552,0.463092616204305,0.6493627210398727
1.0,0.3135593220338986,0.6899296159105541,0.048487608218223455,0.3414205236735013,1.0,0.13998660415271294,0.6990749156222825,0.7086073005518746,0.9051918951344614,0.4638058047441489,0.6700575558827468
1.0,0.2393495190105364,0.7064364287538196,0.05626610642640878,0.34821141955134466,0.4617546211684294,0.0915750915750916,0.7029413065158756,0.7081134006158846,0.9063284405537868,0.4641567075681794,0.6816728386799329
1.0,0.16032982134677048,0.7243198563802311,0.08425266976520053,0.3661059470872275,0.4499164218014488,0.04871520342612399,0.6636485563672627,0.7072659135433651,0.9104302984834246,0.4602838481332465,0.6174839007123841
1.0,0.26087952359138833,0.7459387501783457,0.13470686060964548,0.3916230224608256,0.4158364479314197,0.009958992384300038,0.6694456862966656,0.7062905189539167,0.912998208802096,0.4571962655257187,0.6243846577135295
1.0,0.23133302794319796,0.7665270439569809,0.18822144615695366,0.38427907113725707,0.26903445235149165,0.0527356624917608,0.6954983812251596,0.7053710461752908,0.9220234698518244,0.4565931040177682,0.6545308526301701
0.0,0.2191937700412278,0.7884108459243284,0.246602592278206,0.3834218309680966,0.4816168376455395,0.010104412260019634,0.7121184579634385,0.7040247922190799,0.927590041899506,0.454813910249543,0.6784083641933996
0.0,0.32180485570316103,0.8039984837910634,0.2921073862666215,0.4262442650216978,0.5139304168192812,0.24768211920529776,0.7444153496209754,0.7028426514527774,0.9345919886979812,0.4549567298841836,0.714719136215589
0.0,0.3270728355474121,0.8087330150075289,0.30244389710828656,0.42890835263444266,0.5171690266423362,0.2801324503311262,0.7938923797218357,0.7009120309541589,0.9329669309354476,0.4609625164895775,0.790657207870432
0.0,0.25790196976637697,0.8128712396008198,0.31335275592106204,0.4348840939629859,0.5122085695154399,0.1592639593908632,0.8189035563918269,0.7002668140659829,0.9434565395401644,0.4602233794049602,0.8056038905992058
0.0,0.2597343105817683,0.8215256237933226,0.3311088175428676,0.43648160762380817,0.543014793358892,0.1947273816656681,0.7455354730310635,0.6993830154269814,0.947286458323412,0.4549836871021323,0.7430657802763274
0.0,0.27782867613376105,0.8283902618941672,0.3414741811936972,0.4453675998142536,0.5164858096375812,0.2768595041322313,0.736112680484797,0.6992532814278062,0.955772709073717,0.454144843233688,0.7242374217344101
0.0,0.24118185982592796,0.8352616908981407,0.365415754680992,0.4647258934740292,0.5010956029956598,0.1855123674911664,0.7535188087389275,0.6979066588310355,0.9558982798674032,0.452456303819388,0.7450289266645845
0.0,0.1605588639486949,0.8437113282346698,0.3987608012223075,0.4856254259780547,0.5225588540618326,0.13556851311953386,0.7241008307581958,0.6961279257807672,0.9577949976333898,0.45338593057446896,0.7005978673091507
0.0,0.1516262024736602,0.8525956306951354,0.4246686158970717,0.4695282306327326,1.0,0.038535645472061515,0.7394091840293979,0.6949838100428537,0.9640228089633964,0.4514785380973498,0.7068144975386307
0.0,0.18964727439303747,0.8634336048667406,0.4318432491395668,0.5028469167080843,0.5080354518548682,0.016377649325626364,0.678662140320021,0.69327838613158,0.9722975547732688,0.4486724722065572,0.6261693362483082
0.0,0.2615666513971599,0.877811421894956,0.4760814188457759,0.5351846198981104,0.4987489009588584,0.15743011280039204,0.6771833809058261,0.6918669987292329,0.9868477186066468,0.4488395132136093,0.6046119067802912
0.0,0.27347686669720594,0.8887109654512704,0.5070992381243161,0.5412511336495589,1.0,0.1981363413437956,0.7428530722332212,0.6903184980780576,0.9947765258378728,0.453409783137005,0.6848555154002883
1.0,0.2361429225836006,0.8969447825221428,0.5303412145616889,0.5004515457570222,0.4914559825662576,0.09573393387769992,0.7499226230539083,0.6887945505478056,0.9993481556763624,0.45424321411719104,0.7016512734396866
1.0,0.26454420522217154,0.907780350312865,0.5361234089560493,0.525162543714246,0.5045532594100925,0.04152724871505553,0.7240222256066107,0.6877577748218858,1.0000000000000002,0.4516758515377052,0.6582924565822619
0.0,0.40838295923041706,0.9245743403445978,0.5777768990784587,0.5635608201558002,1.0,0.10631040363843117,0.6977189767574392,0.686958273029073,0.9959127423451728,0.4526937317894067,0.6204943509066538
1.0,0.31562070545121423,0.9378887432998544,0.6401944189404747,0.5616944718331653,0.5406646484085811,0.027288231949971795,0.7529489213899356,0.6863224569355727,0.982280674706301,0.4597909780205928,0.7088535880098007
0.0,0.3522675217590473,0.9584819825013782,0.7030112670634017,0.5816240423937988,0.5066663140002039,0.04428288169200273,0.7207404605279317,0.6857612138771564,0.9743658550575052,0.4564938447257994,0.6561573382581247
0.0,0.4283096655978015,0.9713842142578948,0.7504635642907729,0.6239164188657038,1.0,0.2436687200547572,0.7352283725294646,0.6843697629350155,0.9687068970855492,0.4579607508267807,0.6968383721700232
0.0,0.3971598717361429,0.9768781727134648,0.7691635214352597,0.5916547775632442,0.4534197643191762,0.002737850787131557,0.8268426767019244,0.6832387937931613,0.966063831882398,0.4662831692850841,0.8001486266748095
0.0,0.5071003206596426,0.988746289287697,0.7938071679654721,0.6174750561407456,0.5418631873641827,0.005555555555554451,0.7448280266667975,0.6809784727677589,0.9571963580651212,0.46093726911585,0.690024205970806
0.0,0.6099404489234999,0.9963250403939814,0.8072353914059769,0.6532231326303299,0.4949448036980201,0.2764932562620426,0.8147718731116342,0.6799418837522256,0.9616747755270872,0.4666729819805314,0.7895254162693468
0.0,0.6142922583600551,0.9966189015506732,0.8068477165365449,0.6570669172560764,0.5247431215785745,0.3342967244701345,0.8779360252322537,0.6785737209628132,0.9745293756588064,0.4715304719320592,0.8796554800828921
0.0,0.6729271644525883,0.9974540415182848,0.8090493612993024,0.6538723333036072,0.4849288773638001,0.4575812200752041,0.8673292425902359,0.6768605700912128,0.9817969602106016,0.4694921017578267,0.8800296454064008
0.0,0.6968621163536419,0.9972322642463174,0.8055047307724121,0.6771626139035479,0.5162689554476791,0.5678513731825522,0.8611194356150116,0.674919946239848,0.9817969883862382,0.4689320338247995,0.8682938061247986
0.0,0.7054512139257902,0.9956147780225202,0.8118821262054086,0.6855768408201011,0.5684432161909874,0.6576642335766426,0.91314130749844,0.6723598449882352,0.97217325326752,0.4722560654413653,0.9300454754777802
0.0,0.744846541456711,0.9928201677506114,0.8240240272785541,0.6730503104150886,0.5501153418898815,0.7051094890510945,0.9162511238080262,0.6691681160927413,0.9687328891017448,0.4727762324500819,0.9266204236702736
0.0,0.7343105817682091,0.986551758372862,0.8305407368145165,0.6602733502069458,0.5904989396345315,0.7094890510948901,0.9239986440611352,0.6659643249522625,0.963025872032728,0.4739355905725264,0.9233608680635504
0.0,0.8401282638570774,0.9775823820369498,0.8210661086490256,0.7257031250905059,0.5431632823080466,0.9401459854014592,0.9339471085586272,0.6631424759754126,0.9633817445953198,0.4753154266470256,0.924644275197468
0.0,0.8859367842418691,0.9627058187887776,0.7981772560160434,0.7495915860626848,0.4475739725859544,0.9682642487046637,0.958535782538848,0.6603415373645697,0.9583459346089246,0.4785004923308535,0.9861686819441166
0.0,0.7844709115895558,0.9529906910705229,0.7871653399895624,0.6966062019331027,0.0,0.9351311953352768,0.9515595753356684,0.6578417904305971,0.9457839660671676,0.4781910581307745,1.0
0.0,0.7132386623912049,0.9415433852526852,0.7534135186734909,0.6217980494982138,0.4251284687334637,0.9424198250728871,0.905831028401024,0.6552438157395691,0.937204522251424,0.4772593682276709,0.9925596169493652
0.0,0.9466330737517176,0.9317457314896138,0.7395416881201979,0.6891645470203072,0.43309119515688016,0.9685442574981706,0.8970812924652046,0.6533060113438832,0.9247854813191208,0.4763769996621151,0.9956135113403866
0.0,0.8401282638570777,0.9185922465240904,0.7190157440570574,0.6529202874981894,0.4298524569783517,0.9554292718257286,0.8768257274661134,0.6509610284215449,0.921699252678436,0.478094491086033,0.994016399497673
1.0,0.6905634448007328,0.9096629130004572,0.7246456147650691,0.6235532670709558,0.3822621242922753,0.8250598919159842,0.8605790251978639,0.6487246488104091,0.9138366934275528,0.4767280615230829,0.9675953335946168
1.0,0.768208886852955,0.9017917627221456,0.7390500525107099,0.6552510401441167,0.40724540571611706,0.6829906958604937,0.8354892433762875,0.6462072002299725,0.9081298570836224,0.4740558653454465,0.9248315232294358
1.0,0.8291342189647277,0.8930640442464257,0.7297041801662949,0.6653310187135062,0.40825783285291656,0.8311883670399465,0.8140889908572383,0.6439587971843103,0.8929255858076129,0.4720773582002246,0.8723834966357764
1.0,0.8557031607879066,0.8839599758914571,0.7310185533306015,0.6320450154621606,0.402564990009078,0.8896874477686777,0.8484885703196773,0.6416495610957907,0.8720576473703122,0.4733836203359277,0.9235105957616956
1.0,0.8520384791571234,0.8696242952537208,0.7017435362025863,0.6293779422498728,0.3608729899461512,0.9962776847198956,0.8675650580449915,0.6397974050007272,0.8567207565440692,0.4723693616608308,0.9441663334666136
1.0,0.8552450755840588,0.8558131796535753,0.6766072326864413,0.6327520708952644,0.3884285010964723,0.9914401883158578,0.8802106618062482,0.6383929742536602,0.8479173697226766,0.4738947356477839,0.9889036732389828
1.0,0.7853870819972518,0.846160785395975,0.658434133700827,0.6441342040395067,0.4256522344882694,0.9606211457017608,0.8432515020953186,0.6364421955789051,0.8380701338026452,0.4729943344879925,0.9410910850368944
1.0,0.7052221713238662,0.8393722181777454,0.6472309813517764,0.6554346707865508,0.39282046155701655,0.8670034920870787,0.8177834329817388,0.6348424967638343,0.8281991892295265,0.4707973868104359,0.8720535462279748
1.0,0.7295006871278058,0.8333511613959776,0.6499212678753546,0.6161758101664327,0.4396376651927483,0.8974663793743958,0.8122565082609101,0.632366615792089,0.8197960816036359,0.4693608604423616,0.8807306157009801
1.0,0.6658268437929455,0.8262235376368989,0.6517898060901722,0.6410067987834549,0.5935892246622864,0.7880570553630432,0.8473094930459002,0.6295725948376033,0.8129610851598897,0.470822646039065,0.9051489859279868
1.0,0.6008932661475033,0.82347858232626,0.6705456457257798,0.6104154118186258,0.0,0.8086066564590214,0.8508565505111791,0.6263073462234215,0.8063399522579734,0.4721994442533105,0.8755400882995275
1.0,0.6097114063215762,0.8179578318358018,0.6734849820717329,0.5626282414040275,0.6095214004680608,0.83157385768394,0.8507877710035419,0.6234080267909482,0.7999686793311135,0.4720531977539174,0.8827285125446661
1.0,0.6385707741639945,0.8096255703508703,0.6599072299341573,0.5746312204102835,0.6655454255225475,0.7453461197517932,0.8269114562095613,0.6215703318834173,0.8015111805830423,0.469924789443708,0.8246489550555808
1.0,0.6195602382043062,0.8010289734093003,0.6341486480114503,0.565666063001449,0.5845055269369557,0.7872511886533965,0.781349945222035,0.6194077107808204,0.8036967074758,0.4681673948479828,0.7604008733094794
1.0,0.6156665139715988,0.7919365754171814,0.6041738503311637,0.5644769106643218,0.54884915119986,0.6695946490450482,0.7873239367425042,0.6184748187357493,0.8058705999399288,0.4693250781647776,0.7539330830405309
1.0,0.5634448007329368,0.7853277767253652,0.5899761151654022,0.5425957064636704,0.6262205020830798,0.3794826335724076,0.7412465794477006,0.6170803849257877,0.7995944972513046,0.4666691534255252,0.701857522855802
1.0,0.5687127805771872,0.7868420448355962,0.5981006589177157,0.5448842218703027,0.0,0.5656378435006847,0.7077460464065162,0.6166360436915799,0.7972095387618695,0.4627765548943085,0.6380773558054109
1.0,0.6291800274851124,0.7853289190093247,0.6065567779964962,0.5733078587972708,0.5195697319412562,0.8243210572971236,0.7825339353177858,0.6157592781880411,0.7991810875698283,0.4748010222703321,0.7650742267890235
1.0,0.4033440219880901,0.7746364231420879,0.5802621726460363,0.4379754640435784,0.4665558721449639,0.03643386574799081,0.8242094041238227,0.614459884476536,0.8040844435193356,0.4779079526310375,0.8165166506763538
1.0,0.5119102153000459,0.7820929313412455,0.5924048983185952,0.4521488378387442,0.4472871600518226,0.44319460067491534,0.7772870414494788,0.612307777232625,0.7968081421047676,0.4723599441865202,0.7380127580726669
1.0,0.6271186440677967,0.7801129579510999,0.5619281840263276,0.4847701450711199,0.4701853781705106,0.9145106861642304,0.8638951800303613,0.6103433620985393,0.7873248220839476,0.4834134493804722,0.8538900403541797
1.0,0.5254237288135591,0.7665521792405191,0.4912910857335186,0.3996369932325864,0.4398816184299901,0.2520138089758341,0.9279682042161836,0.6079614297611909,0.7734816714484606,0.490731668531457,0.9346230293984692
1.0,0.6051305542830966,0.7661999747622529,0.4530221557177097,0.4480591532141308,0.4572239184414538,0.2520138089758341,0.9447012758598664,0.6053688256757218,0.7648478762207549,0.4897761837251736,0.9547936653726652
1.0,0.5661933119560237,0.7658444071843047,0.4200174198360671,0.4653446723636,0.5138893882137578,0.2471526195899761,0.9363249143940772,0.6026353756669619,0.7526159318390816,0.4890613983330037,0.9357403871595192
1.0,0.5884104443426479,0.7689154529825528,0.41336792859110777,0.4317357357979257,0.5944055184857531,0.275626423690204,0.9758190902436268,0.600748398269712,0.7536943783170325,0.4921337423990893,0.9766032357527394
1.0,0.5499312872194229,0.7718133667791798,0.3970845252658261,0.4020840226411545,0.5497345930165354,0.013667425968108259,0.9733528536126436,0.5989324207192391,0.7526641923843913,0.4902680518001351,0.9966251225318584
1.0,0.5547411818598261,0.7805889171212967,0.4111619505889928,0.40594697436865146,0.4980693522850218,0.3491592482690408,0.9248976904823901,0.5982053254493284,0.7580819883720237,0.4882654898504808,0.9306189609298424
1.0,0.5964269354099866,0.7868305100499278,0.4120167875468863,0.4419542256690017,0.5683865857983141,0.5707220573689427,0.9250254238537158,0.5967070694622661,0.7566493311472007,0.4868781149531856,0.9560495728889512
0.0,0.5829134218964727,0.7857604364286253,0.4017652963671231,0.4309395837957373,0.4994288633138022,0.5064292779426315,0.9650698357643612,0.5947924766040783,0.7585371755065359,0.4900544623514469,0.9988166923400088
0.0,0.6339899221255154,0.7858112419163397,0.3864261925236113,0.4213692361240337,0.0,0.5539070227497536,0.9543746223268104,0.591903131391578,0.7586077135498634,0.4891059718362055,1.0
1.0,0.7010994044892351,0.7835092118485028,0.3690444379622596,0.495896585767948,0.5310706179600916,0.8595450049455997,0.9413359928076288,0.5895008130961633,0.7578024690066025,0.4876390195896406,0.9985228519195616
0.0,0.7265231333027945,0.7759235637588011,0.3440654022448329,0.5150076990730194,0.4965417574976894,0.9032597266035752,0.9345464728394636,0.5871218749074313,0.7562890261037697,0.4868455804419333,0.991483087215828
0.0,0.6855245075584059,0.7689885729216204,0.313195156480632,0.4859724575690327,0.4642269028879985,0.6589716684155299,0.9371158787319022,0.5844189239264143,0.7504953678178349,0.4874986782581773,0.9961218179256542
0.0,0.6759047182775996,0.7676337108259099,0.30241193496901797,0.4707243975135576,0.4743433900518938,0.8976470588235288,0.9048926794039764,0.5823320119892199,0.7493946687618408,0.4841212309101892,0.9505720374204664
0.0,0.6323866239120478,0.7645882696106445,0.2831590056938629,0.4827590025969505,0.471412644707675,0.745882352941177,0.8977789131855226,0.5802603165038059,0.7466540632577293,0.4815710549027525,0.994210452396186
0.0,0.5904718277599632,0.7616079118002224,0.2654451175198328,0.4929789180739384,0.4543166795818023,0.5905882352941172,0.8951898560051879,0.5786922317361837,0.7510884267073108,0.4819051081888043,0.9748865070839968
0.0,0.6541456710948239,0.7609755582040291,0.23996054795359015,0.5160616979067142,0.4560026774693383,0.8352941176470599,0.8826474215053868,0.575891757221847,0.747841196842145,0.4837169681895224,0.961377125787002
0.0,0.6580393953275309,0.7550949955733957,0.20743330057174791,0.5209228265976459,0.4549943284046151,0.9023529411764708,0.911721501947934,0.5740883060445411,0.7528413222537615,0.4850199843822594,0.9800534730008392
0.0,0.6623912047640863,0.7491983491475536,0.15775737795775013,0.5248801888016981,0.4426249879505407,0.9000000000000007,0.9089555831765326,0.5720801182921559,0.7497857730064388,0.4835918290475364,0.9956640399769368
0.0,0.6259734310581769,0.7427712816802556,0.1281728326174355,0.5313213087225303,0.4758046012865579,0.9759797724399496,0.8942367685422182,0.5705548912907318,0.7463000865768905,0.4855106078307891,0.9955577182682952
1.0,0.5916170407695833,0.7405121404473105,0.11037050435911976,0.5449437055520705,0.5000772898963732,0.9247311827957004,0.8828881497821163,0.5674009982159626,0.7295015138708683,0.4843186377721237,0.9811441937913812
1.0,0.4663307375171784,0.740635436138009,0.12458478567570558,0.4726700349320643,0.4713807541209754,0.5413400682209242,0.9008936423170832,0.5639516852169942,0.7129343145249409,0.4882226961845123,0.9607213094445392
1.0,0.32913421896472783,0.7442749726171538,0.12508952124526068,0.3678667202389888,0.4809009851110104,0.17367458866544844,0.8849367965453036,0.5601101859678933,0.6938819909911162,0.4866630908604183,0.9244681905139364
1.0,0.3520384791571236,0.7540196594141109,0.13896764497778985,0.38470244439041495,0.4134544527701437,0.26399394856278435,0.8629224412794954,0.5571352463075813,0.6829456103823737,0.4846558086731506,0.8687404816116046
1.0,0.2846999541914797,0.7586252235177429,0.14837059501543592,0.3728823168462874,0.4291977556373894,0.19273587531310835,0.8922519884646939,0.5567533196671631,0.6868228563174112,0.486297977974187,0.8967252565593615
1.0,0.27805771873568513,0.7673298794938537,0.19374565355077927,0.3574689944871896,0.5221192971353998,0.1449763991908298,0.8415565785142642,0.5572509203504245,0.6985955488228628,0.4726424274145486,0.8973616261803925
1.0,0.2629409070087037,0.7746820239000636,0.2272125046967249,0.35232681801642585,0.5175329741366245,0.2487623762376236,0.8259288918147473,0.5582998350081542,0.7112400925019748,0.4732639696935344,0.8892936297206557
1.0,0.30027485112230873,0.78135271071919,0.2466186364956775,0.3554001535146533,0.4700537860941579,0.2642857142857142,0.8388152238527332,0.5573012600443584,0.7157194596031934,0.4717192042799716,0.9080701908377404
1.0,0.2597343105817686,0.7845687430770898,0.2432728317880955,0.3819828370285493,0.4021769517793748,0.2546511627906982,0.8433350200688776,0.5555908297939037,0.7183613744252636,0.4686057468791319,0.9139364947005773
1.0,0.2301878149335779,0.7899879247144661,0.24287826515197786,0.32157427095088964,0.3731182895996639,0.14586799778147586,0.8589676195903688,0.5540293719126116,0.7164942903143354,0.46749005351069206,0.9295750952725784
1.0,0.2290426019239581,0.7978824412408678,0.255086125825981,0.32128687581431137,0.42538700045410266,0.15474209650582396,0.8535340384870473,0.5522539837729948,0.7135965976092826,0.4701820901743598,0.9279731993299836
1.0,0.1999541914796153,0.8057204530325026,0.24738992631081475,0.3004690827429097,1.0,0.08763172490293943,0.8648482674933307,0.5502184326928682,0.7079062231738403,0.4682751717892146,0.9392084147081842
1.0,0.21438387540082487,0.8188775846966387,0.2597311753411587,0.3304386644079224,0.379797115284432,0.05768164170826436,0.8537305513660102,0.5479846114305321,0.7040377258259768,0.4674733232147321,0.9054296226401294
1.0,0.2017865322950073,0.8332375693403631,0.26446724570024377,0.32755862259954016,0.3059366889679721,0.15585135884636728,0.829195918427504,0.5454538705481912,0.6998913650455216,0.4681793652596238,0.8704731810435
0.0,0.23660100778744875,0.8471968310284994,0.2912660201489908,0.32760267819430994,0.3693937878869374,0.1829953448552626,0.8461058516622533,0.5431577586916084,0.7036678215055743,0.4672552146124303,0.8743352863297567
0.0,0.2457627118644072,0.8595269218090202,0.3182491567009797,0.3329453667095129,0.3791789602893402,0.2102841243512231,0.8499820681997946,0.5399730993196817,0.7034273981805028,0.4682252637257798,0.8661795147498776
1.0,0.2134677049931289,0.8747492492470486,0.3559369213900241,0.3382203393999819,0.2932977259467509,0.17282893680774816,0.878741728036001,0.5378197613190446,0.7041126970032261,0.4694944686934488,0.8792141200909934
1.0,0.17613376087952387,0.8911205076204893,0.3980004415256707,0.32194841561453474,1.0,0.18567774936061432,0.8559167571444712,0.5351347188845751,0.6952602496360959,0.4690308891542137,0.8614030852954729
1.0,0.2162162162162165,0.9128215138058556,0.4559098510070699,0.3976375420708989,0.35079384282759235,0.16930693069306935,0.8746788242634451,0.5341358199551872,0.6972530988235062,0.4724702473691523,0.8593939128786222
0.0,0.12437013284470927,0.9316057713037138,0.498561905995897,0.3611730116539712,0.4646152053620187,0.12520961430966993,0.8384369365607298,0.5328235925220978,0.6996493974038079,0.4690643731974338,0.8392558721670305
0.0,0.21140632157581352,0.95192947369066,0.5510544824342389,0.4108702693865189,0.4160207876144109,0.0015447991761071644,0.8261204918717359,0.5322847279831157,0.7089182699056487,0.4709716022217855,0.8265337325150584
0.0,0.3350893266147505,0.9671207788334836,0.5841321097866584,0.4411691243462269,0.4451481968209641,0.13998884551031812,0.8286505951883818,0.5294882859429048,0.7026743998801088,0.4714963047122947,0.8243007801110787
0.0,0.4026568941823181,0.9807769138338804,0.631122040533953,0.4355682649082017,0.4670922678054319,0.09522240989017906,0.9006971294381205,0.5268631048057729,0.6965833229282008,0.4807789072649502,0.8744284281864018
0.0,0.3579935868071463,0.9900827658840152,0.6654029090483099,0.410982778703169,0.4617691675952546,0.13657165684330044,0.9056836437418018,0.5244004774871046,0.6894930344252231,0.481037549313603,0.8941223662542754
0.0,0.451442968392121,0.9965854751473412,0.6884942159060531,0.4303944287350885,0.5542654845290569,0.11539303700459776,0.8872703869829867,0.5239873459022558,0.6980410608150759,0.4817204265110345,0.8774015116328168
0.0,0.5375629867155293,0.9945678459642224,0.6817239846758797,0.49550411551769397,0.646783709312291,0.007611798287345219,0.944106824401004,0.5239506836661955,0.7100607016030093,0.49089627163621397,0.9813086742952049
0.0,0.6502519468621165,0.993465505727986,0.6748829894033739,0.5208987071388638,0.5378693633412313,0.3361344537815125,0.922367587165744,0.5230443117827225,0.7185286825870841,0.4898404237816622,0.972265619502034
0.0,0.6442968392120939,0.9912187902120408,0.6825872780371617,0.5179144474122246,0.6885801382456925,0.2937984496124035,0.9441903423745632,0.5215671779390866,0.7267844694158893,0.4899301697112429,0.9992821855339272
0.0,0.6688043976179572,0.9929721293151614,0.6996343498021039,0.5365801740097361,0.6490254195163704,0.4814295725297828,0.931903374617414,0.5193985034786349,0.7342106640550623,0.4923421245016845,0.9898674040984188
0.0,0.6683463124141094,0.9927877151335512,0.7042864445468459,0.5365944639906159,0.6495681705503565,0.44919411352487787,0.9333330058118684,0.5173031449794004,0.7397460148165832,0.4924527466852587,0.9945259873785716
0.0,0.6644525881814017,0.9911651153195298,0.6951285243454388,0.5331199764643086,0.6894709146909692,0.4639103013314646,0.92000943261819,0.5153390999759823,0.7483995099178096,0.4910092137639255,0.9927246904007944
0.0,0.465551839464883,0.4228535524672747,0.7029435410527048,0.5634048251540387,0.6004808070167258,0.2448979591836736,0.5311792246584358,0.9876416516802424,0.3621795260509752,0.5148829710661211,0.8304071745702466
0.0,0.5364548494983277,0.4220920271110265,0.7294423763645794,0.6562136131975892,1.0,0.17689530685920524,0.5503146662474392,0.9869499786981384,0.3734012125176319,0.512543642142056,0.8441504231124378
1.0,0.5337792642140469,0.4193887097886579,0.7527608951353302,0.6521735379856375,0.6600850594408166,0.10469314079422354,0.5056325503932712,0.9871529967170954,0.3794693767671601,0.5132126448304439,0.7967542406112043
1.0,0.5698996655518397,0.4216532635120325,0.7542346382906883,0.6581172454587434,0.6565120426575904,0.18411552346570456,0.4443696603766172,0.98907596165884,0.3873330370821911,0.5125066462338401,0.7553474075666925
0.0,0.5605351170568561,0.4228428013178829,0.7500553588541902,0.6424126405489838,0.5952806287147799,0.2397868561278865,0.4523529960844807,0.9914210967093784,0.3924143193425438,0.5129254659326258,0.8019024248327156
1.0,0.554515050167224,0.4238018915492232,0.743457491606603,0.6342447230913877,0.6377359626077708,0.1936056838365902,0.4652982819861557,0.9922003182759694,0.4032666755754648,0.5137651400301384,0.8346952199046259
0.0,0.5879598662207357,0.4252943385585855,0.7423433599801152,0.6375067154417067,0.6306685349354836,0.2788632326820603,0.4500587082225904,0.9924233138150031,0.4118320321707691,0.5127758354825722,0.8094539382976842
0.0,0.5839464882943144,0.426014391164476,0.7439691707074549,0.6299834586794824,0.6294644594236053,0.3900928792569664,0.4829353128730672,0.9919582176922468,0.4167895854843183,0.5149566290052425,0.8754822469863516
0.0,0.5384615384615384,0.4269384313314466,0.7393411371722173,0.6096685997087286,0.6363253916281733,0.25696594427244634,0.4838097951844516,0.9911112013477468,0.4144578965020765,0.5150564339747568,0.8669061563175934
0.0,0.5712374581939801,0.4314249233555507,0.7522044360208795,0.6163392471208325,0.6166664030899328,0.37770897832817396,0.452490555099755,0.988750172991494,0.404933441998414,0.5130030892648807,0.819282289993296
0.0,0.5585284280936453,0.4334304364301047,0.7577938914527559,0.5926883404359715,0.5550857012616922,0.41486068111455104,0.5130951269718839,0.9856792075852584,0.3896700366259367,0.5136055825052577,0.8716622183993827
0.0,0.5531772575250835,0.4354422095172046,0.7721260767276379,0.5832909339296934,0.6135345715054912,0.4458204334365328,0.5378704881871192,0.9824611923581102,0.3763916882470584,0.5154508427490749,0.8637185827946923
0.0,0.5525083612040133,0.4364034609167169,0.7812454707647707,0.5821064817987269,0.6259197587273175,0.4582043343653252,0.5695483642759236,0.97969458939292,0.3588682834100462,0.5139864191718035,0.901887245911178
0.0,0.5739130434782608,0.43570935992244464,0.7917875395235576,0.6193684357985344,0.6359634201242297,0.5851393188854489,0.5868316719807025,0.977193783229672,0.3452527061900388,0.5115209181071798,0.9127654730131424
0.0,0.5852842809364548,0.43124539497069136,0.7843494390968633,0.6357006495076526,0.6078020546195391,0.5325077399380812,0.6078929397835411,0.9746587407276592,0.32993605369337065,0.50934756105238,0.9151435040540368
0.0,0.6234113712374582,0.42679904304257504,0.7789232629301184,0.6463446703666861,0.5516064765143089,0.5944272445820438,0.5998359117460662,0.9725064470425164,0.3221658506259182,0.5088450487599274,0.9034177871662216
0.0,0.6347826086956521,0.4216340251422379,0.7559150809607236,0.6179901163286736,0.5183644200065568,0.6191950464396284,0.6087084682312371,0.9708578865232956,0.3144224056694737,0.5094554826554583,0.9169712991891928
0.0,0.6428093645484949,0.4124356752871372,0.7356288003885683,0.6351247638880426,0.6256134760456242,0.6780185758513935,0.6253629347233342,0.9702160610409002,0.31476821409745226,0.5069432320140335,0.9282100256776756
0.0,0.7197324414715718,0.40544826842495896,0.689251553292941,0.7118402557419689,0.7199650175065498,0.6817102137767221,0.5969127826714942,0.9693507330539624,0.3168613912744665,0.5084008223467535,0.9249212593445236
0.0,0.6301003344481606,0.3980302733980648,0.6518458859897586,0.6080971859540295,0.0,0.6851851851851853,0.5687082717183576,0.9690483998167128,0.32602733340460466,0.5066086913008683,0.8860189483537194
0.0,0.6421404682274245,0.3882307676623997,0.5857408499010448,0.5728852013518901,0.4695938849529417,0.7106481481481481,0.5657409272460192,0.9690940883700292,0.336038378724192,0.5063489951588641,0.8890673817625254
1.0,0.7397993311036788,0.37345877727037147,0.5369001837842083,0.6553957523607116,0.3416768651088742,0.8145161290322578,0.5337977587706151,0.9700380548412048,0.35215867733349804,0.5075721826914087,0.8864047459428004
1.0,0.7257525083612039,0.3623560321876551,0.4875331109153701,0.6891481310984389,0.3020599725873618,0.8418367346938773,0.5113314238831926,0.970740792172978,0.36445026697735294,0.5095618681094003,0.8842607232756113
1.0,0.7123745819397992,0.3611607779318997,0.49273044305878294,0.6823592985441177,0.38018536842658013,0.7602040816326526,0.45327660661560604,0.970060217039902,0.3749874147659956,0.5057007176331587,0.8076957132195756
1.0,0.6755852842809366,0.36254423674601705,0.5006189143689725,0.6354365650034318,0.3295553509178509,0.8265306122448979,0.4128833843448017,0.9684221422996876,0.3777485466042,0.5029376121693906,0.7492884880529241
1.0,0.6468227424749164,0.3631675246048842,0.5476509971921435,0.6526598546302541,0.36157600247726,0.8163265306122451,0.4532864322595544,0.9668619232443736,0.3846287879200714,0.5021764514155406,0.7851929620400468
1.0,0.6280936454849498,0.3628777811126813,0.5828034482814046,0.6863768013898465,0.3864694347197099,0.7499999999999997,0.4524266884140921,0.9645147687752814,0.3873269826594175,0.5021516106144432,0.7754721277053265
1.0,0.611371237458194,0.3634252665840481,0.6287175532983016,0.6712836181709154,0.4204016493087402,0.7806122448979592,0.4271305680696046,0.9628605460350124,0.3882732201694742,0.5004669965841297,0.717760603109149
1.0,0.6167224080267557,0.3651081989468217,0.6526173590309318,0.6751357214954342,0.38823459149513617,0.8443877551020409,0.4209600636701728,0.9613112008853664,0.39119284977665736,0.5037060294739792,0.7146362750926548
1.0,0.5678929765886286,0.3634245435538148,0.6681633758972748,0.6850143886574596,0.4010639084468391,0.8188775510204078,0.43874447921630655,0.9619311675875594,0.3966739674851598,0.5013285643609326,0.7234969705402429
1.0,0.6053511705685619,0.3627175957029445,0.6853695799329742,0.6633750764784969,0.5235060328563835,0.8979591836734697,0.3797070975539063,0.9633993786810128,0.4084151771167557,0.5006057226116603,0.6911848413170246
0.0,0.6033444816053511,0.3581092383231348,0.6798624972794013,0.6613836416388142,0.4387497815158526,0.9438775510204084,0.4319107438503751,0.9653300910017903,0.4080867863527631,0.504275380062184,0.7922068887005578
0.0,0.5986622073578597,0.35242372846407743,0.671792060056791,0.6576374742551943,0.5331268349639793,0.9664948453608249,0.4375899660523999,0.9643234699445472,0.402815381627606,0.5009851539342995,0.7940916047914793
0.0,0.611371237458194,0.34404437254120057,0.6556747673788998,0.6191232211631541,0.5348646457510192,0.9896907216494848,0.443603260148662,0.962730388383318,0.3869161991400325,0.5015301084831307,0.7675980621576837
0.0,0.6180602006688964,0.3359299444406403,0.6505475962496746,0.624078493076576,0.5360590848341706,0.994318181818182,0.4484030872173288,0.9613664079880012,0.3770619899170157,0.5018177252033916,0.7894746828237855
1.0,0.5444816053511706,0.3281179383913773,0.6440615795462082,0.6200868964065687,0.5204902190902337,0.9513677811550152,0.4120531174311836,0.9613035843758531,0.3720499153218565,0.499273827058871,0.7411740895809354
0.0,0.5598662207357861,0.3262397247775024,0.6596312973682693,0.629924996383838,0.6192578232816084,0.9325153374233132,0.3589504247134596,0.9615754470569025,0.37630658053835264,0.4990887999761262,0.6836017050988525
0.0,0.5050167224080268,0.3200254219803553,0.6555243036159205,0.5949662429732119,0.6551622378770366,0.8591160220994479,0.35075583766071045,0.9618387430049076,0.3885249483840766,0.4984410563459755,0.6917224281214819
1.0,0.45685618729096994,0.3220157664047492,0.6851456231100453,0.5579342928461339,0.5991765712444842,0.4560439560439565,0.4310510000049128,0.960952912408882,0.3875160275762154,0.5006741365747782,0.78372566629141
1.0,0.3625418060200668,0.32931877351505,0.7217922642580543,0.5137221618380935,0.5396563913723348,0.8186813186813185,0.3879360743604733,0.959195334772932,0.3904611944737912,0.4976068870458527,0.703271057591358
1.0,0.3665551839464883,0.3336905483487034,0.7626957493310269,0.5161183520841636,1.0,0.5168738898756662,0.4166171290450947,0.9584117257232364,0.3915656023990453,0.4997635782440013,0.7464930366697448
1.0,0.17458193979933107,0.3297340085786591,0.7652363087085068,0.3512657307363692,0.6108681965008632,0.06825938566552878,0.4432593626104773,0.9562938009423021,0.3875846382453305,0.5017454542195628,0.7880516589296331
1.0,0.19397993311036804,0.34250198484805083,0.8042628459770145,0.3268446876067284,0.6712433277572609,0.06181202370872175,0.4178698986484827,0.9547959752442524,0.3774541518007805,0.5000831073054021,0.6948467561379766
1.0,0.1826086956521739,0.3533296343820536,0.8319674016836055,0.3601211107071646,0.5739520772015837,0.017361111111111355,0.3830527293182477,0.9532170298998658,0.36851322341166304,0.5010190817910601,0.6829882236867073
1.0,0.27759197324414703,0.3673014189736323,0.8739821427586509,0.3935136577811557,0.7306475834029896,0.012048192771084078,0.3597708659831293,0.9529907812369104,0.3683145086830443,0.4992774808311167,0.6438772025247608
1.0,0.2969899665551838,0.3685905750242753,0.8719886698744191,0.4060224210634336,1.0,0.056249999999999904,0.4663791028204515,0.9509140321037376,0.3464858100533881,0.5037960633249753,0.7612545378650849
1.0,0.4989966555183945,0.3701809954533888,0.8846003005560619,0.5433594721581951,0.7559236294761152,0.06041666666666647,0.5441982028897221,0.9470343526872936,0.3177468128792437,0.5061223663419754,0.8290853434863454
1.0,0.5264214046822743,0.3689213235079501,0.8771425687652168,0.5116419798092003,0.73920890872525,0.08203991130820418,0.6046799542124988,0.9444074546103428,0.3001618919029612,0.5071631458824287,0.8599997470179741
0.0,0.5578595317725752,0.372548264849252,0.8936231428674073,0.4824470223316705,0.5469931329999356,0.11973392461197395,0.6414671651543363,0.9418736226241744,0.2984834553561692,0.5096290182918909,0.9396258395840976
1.0,0.6448160535117057,0.3749552081357337,0.8929772047023414,0.48979744837474,0.460859460424053,0.3211382113821141,0.6668517162943568,0.9400609093420206,0.2980259127217736,0.5078923994323954,0.9493466739188179
1.0,0.6434782608695653,0.3739494842170654,0.889524075428543,0.4897190908262566,0.6194694502478607,0.3277153558052434,0.6847638652118164,0.9364350814792431,0.28877520694555936,0.5055599611372485,0.9612368291232908
0.0,0.6615384615384615,0.376907290899279,0.8975065500315536,0.4500891136197111,0.5723329841164277,0.3670411985018728,0.697645284427828,0.9351317517826676,0.2930966837163511,0.5066448251719465,0.9546592964569866
0.0,0.6575250836120401,0.3790408252023856,0.9043944381363224,0.44604749846289016,0.59077092932819,0.3895131086142319,0.6878294661236356,0.9337452681902416,0.2965901801847713,0.5053140389756553,0.9959522875899663
0.0,0.6602006688963211,0.3801706002717642,0.9098471082979768,0.4479091788717031,0.6069213707526071,0.3707865168539327,0.6603225758908171,0.9350167108339285,0.3139360947397508,0.5036208800367877,0.9997795650082829
0.0,0.6494983277591974,0.3803754276746212,0.9119450603178568,0.44294370827930507,0.6341599622022192,0.33333333333333315,0.5869102771322876,0.9354718102280264,0.32500500200086635,0.5013951488867169,0.9912634591795008
0.0,0.7257525083612041,0.3833486625157896,0.927512775734788,0.4442577939063692,0.6570140503470375,0.4725085910652921,0.536509636500302,0.9373300988130708,0.34705579239372264,0.5013918885059963,0.9434510017718409
0.0,0.7163879598662207,0.3819774346386717,0.940312253251454,0.4403312679014187,0.6758525257711079,0.4514563106796116,0.5326530712506568,0.9370246681956051,0.3565692909434077,0.5009365210650623,0.9655308709281716
0.0,0.7899665551839463,0.3826465954574307,0.963890268656912,0.4472053400032508,0.6706763191678587,0.6015936254980079,0.5155220610270743,0.9366922236420588,0.3654942787406419,0.499796427246016,0.9324246967425374
0.0,0.7678929765886288,0.3787587257491598,0.9774208990568848,0.4385607187819071,0.5785274851923339,0.4937304075235108,0.4989609381524839,0.9359763605487288,0.3734863103689071,0.498415714317061,0.9340261687338146
0.0,0.9357859531772575,0.3784703885318888,0.9958068320288948,0.7268147695345587,0.6642167557644075,0.9281609195402301,0.5186760927344278,0.9357428391031648,0.3866110019252715,0.4998391081544306,0.9707509881422924
0.0,0.9531772575250836,0.3609272673962811,0.979478082580566,0.7360248652610295,0.0,0.9094827586206898,0.5149767377879527,0.9340188706907578,0.39553106561189255,0.4995213256266453,0.9729726046067869
0.0,1.0,0.3425790205670223,0.9547312869685802,0.7726945753456107,0.7034361907539001,0.9641434262948207,0.5024490417540739,0.9321529911506172,0.3872077037111601,0.4987492390006775,0.9350415701240284
0.0,0.9598662207357858,0.32068623615993985,0.8879624722155671,0.718551359325549,0.0,0.936329588014981,0.4930508133176781,0.9298013559256284,0.3739888721154549,0.5017541759005794,0.9271091726863842
0.0,0.9672240802675584,0.2987669959350747,0.8152920265700899,0.6689921631169029,0.8100632036298049,0.9425717852684145,0.4816628919817834,0.9279504971339428,0.3645651399549629,0.5010143511587705,0.896558538912362
0.0,0.9397993311036791,0.27349348295971043,0.7280659200889072,0.6598299619664444,0.8687752590479737,0.9284280936454851,0.4685309188450938,0.9261869453189668,0.36740090468244346,0.5000941059445545,0.8739948207714321
0.0,0.9377926421404684,0.2489711224798985,0.6629609662744826,0.6452316418049722,0.8737655219844841,0.9418060200668898,0.4772413522051203,0.9260399855803804,0.3757866225939719,0.5007457102499254,0.8898528008722911
1.0,0.7511705685618729,0.219493824793938,0.5765213035915728,0.5309686068848404,0.4734825991440188,0.9528301886792456,0.4554087713523525,0.9254973054089398,0.3817339675961916,0.4989215272272374,0.8972127572577342
1.0,0.8080267558528427,0.2082452842499289,0.5344216057345229,0.5824322389135554,0.4012350288225395,0.9440559440559436,0.4562390382659701,0.924363090670345,0.3862672060490453,0.4990391361698044,0.8832288401253916
1.0,0.7377926421404682,0.19639491293960165,0.4933988524239397,0.4829543648661536,0.5659769878849431,0.9861111111111114,0.4767107674319208,0.9215762221590416,0.3818780150436272,0.4968995783637091,0.8957339512062151
1.0,0.682943143812709,0.1887415017109204,0.4682691898065785,0.48794054540157,0.4271875147442445,0.9497354497354494,0.4399088180241612,0.91755547719035,0.3691193338551194,0.494294936807014,0.8237767479896415
1.0,0.6588628762541804,0.1836346166822256,0.4409818383756659,0.5136810267698031,0.4282006357500911,0.9032258064516129,0.4668949491277285,0.9146545019112768,0.3599232351567643,0.4965109093646173,0.8063172958975059
1.0,0.6247491638795987,0.18005383737707306,0.42428867946725535,0.5114650237286656,0.4696584718697675,0.8870967741935487,0.4341264265606808,0.9119164689769054,0.3511248794963626,0.4977064140426675,0.7724955703966201
1.0,0.6107023411371236,0.17656973897093087,0.4130013761941009,0.489981646006877,0.4763768319978069,0.9354838709677424,0.4052095564213037,0.9114361780229088,0.35274846280466376,0.4955580909391003,0.7157012402889464
1.0,0.5933110367892978,0.17124829451302293,0.3964007350934082,0.521403881537295,0.6433370629897925,0.9709302325581392,0.4318026617669458,0.9107393515047414,0.3553603632656702,0.4976111889231361,0.7698855117895598
1.0,0.5531772575250835,0.1657220918407405,0.3758182384797343,0.5260362124269032,0.4906946304163502,0.9714285714285714,0.4356051859748761,0.9102988049869072,0.3592588724181224,0.4942056180849842,0.7705601744582253
1.0,0.5096989966555182,0.15984763306016858,0.34874243036877633,0.5269353420247058,0.487725269726881,0.8520900321543405,0.4463151378783485,0.908903113079778,0.3612660757289139,0.495055708665746,0.7862545999727406
1.0,0.5297658862876252,0.15473373843698668,0.3189787517391217,0.5500685946132204,0.4928357319133187,0.7816455696202528,0.42813278375231534,0.9074406262830316,0.35586270321800817,0.493732891900545,0.7458566171459724
1.0,0.5297658862876256,0.14893270212716447,0.28302979437718834,0.5500054200272946,0.519440357305889,0.715189873417722,0.41698067787117626,0.9057930563054508,0.3534458735130903,0.4928933601922876,0.7262709554313753
1.0,0.511705685618729,0.14466550375525755,0.2520258345297066,0.5282649268994253,0.5332339324165359,0.5886075949367087,0.3672678323155599,0.9055891792337708,0.3606139574011201,0.4889760012919554,0.6456930625596289
1.0,0.5411371237458193,0.14312845693221754,0.22719900809573676,0.5131516815964124,0.4986128234438088,0.6582278481012652,0.34912969358729345,0.9063606378840322,0.37549479970289423,0.4874189107602656,0.652139839171323
1.0,0.5163879598662209,0.13935775576243106,0.201388271601198,0.4820873866817331,0.4598234595965418,0.5348101265822789,0.3698224997420768,0.9066304708019668,0.3883580718522817,0.4890780969859064,0.6974717186861114
1.0,0.5157190635451505,0.13918298161772458,0.18374430488246074,0.4807209664024718,0.5396045568780743,0.42721518987341817,0.3828709549052072,0.9064287662884244,0.3960462277605389,0.4901725350199325,0.6871064467766117
1.0,0.5230769230769231,0.14872968537292008,0.20775814975220053,0.4902242894596286,0.5517492850427222,0.5411392405063293,0.3947894610143015,0.9053514404157508,0.3998284357510196,0.4910812658404163,0.7261823633637726
1.0,0.3331103678929764,0.1575378458724761,0.2249686536759105,0.3856795605909761,0.5783331418898764,0.5221518987341768,0.4044235049054528,0.9060787799640077,0.4133184878613197,0.4918691358917499,0.7250715551315251
1.0,0.3137123745819396,0.1688024943724098,0.2461930545238752,0.4127616249206658,0.4646393388876885,0.30145530145530136,0.3364202231403741,0.9049158173175316,0.4130649161615235,0.4900435248345068,0.6704988414883466
1.0,0.3150501672240801,0.1763069801518189,0.2598221391949396,0.4144083460553877,0.4980488854935307,0.3179074446680078,0.3372357515880697,0.9034348682909399,0.40675962231656415,0.4901602220311472,0.6293716777974646
1.0,0.2461538461538461,0.1843051850676467,0.27642513862354057,0.41572112709247905,1.0,0.25370370370370393,0.3398493728782748,0.9005173007551112,0.3877162440934221,0.4904190912082492,0.5978601608286764
1.0,0.16254180602006685,0.1939910096559394,0.29933477817402604,0.3339152114240848,0.4950025572106354,0.08268733850129205,0.34695331345278024,0.8983390407237725,0.3726386234005065,0.4910216439569127,0.5922516014719909
1.0,0.22608695652173905,0.20962256568676896,0.32117865020803005,0.3374667129070461,0.6152486909107415,0.14153327716933448,0.2880338395177576,0.8957194725996119,0.3595310076933221,0.485997611681476,0.4893757666621237
1.0,0.2026755852842808,0.22165376257095315,0.3347762265608421,0.327683618679104,0.3124564221999546,0.16610738255033528,0.35776643461770874,0.8937169562977799,0.3508677961665204,0.4883419647744216,0.5352119394848028
1.0,0.1872909698996656,0.23511228178752155,0.36133416976048943,0.32192656948463977,0.3623117743988979,0.17637795275590573,0.39991353433325627,0.8926098722607155,0.34684411592682873,0.4882717955050132,0.5830039525691697
0.0,0.20936454849498345,0.24753006041126915,0.3814611042121606,0.3352689354311711,0.3380565825146266,0.2382397572078908,0.3748434037995766,0.8918551246853271,0.3439907260814954,0.4898046215588602,0.5665121984462314
0.0,0.2414715719063547,0.2570125524916125,0.3950326305247753,0.3137764096477437,0.33481919005559235,0.29742033383915034,0.40884995750408987,0.892050932982858,0.3437175060483174,0.4890434472504544,0.5830039525691697
0.0,0.2568561872909699,0.26490162460804645,0.3980751885124128,0.2866945745733052,0.31359780135780224,0.3156297420333837,0.4045905408525709,0.891926214419753,0.3427521084554899,0.4886106842799303,0.5960610603789012
0.0,0.2702341137123745,0.2731292901114579,0.4067471707972599,0.2952598157753245,0.2941090496677488,0.3641881638846736,0.4020800888238212,0.8909334954581068,0.3382157670740238,0.4883593711304875,0.6032233883058469
0.0,0.2836120401337794,0.280455602091074,0.4127049823281984,0.3036791052841348,0.2805379993525193,0.4006069802731412,0.4832251693695376,0.8895453175368554,0.3332464962924723,0.4916168436641348,0.6569578846940167
0.0,0.25351170568561865,0.28704524077365323,0.41385460479089603,0.24412936040177954,0.2784225886578906,0.32752084912812746,0.4999484153692722,0.8883536832734008,0.33231799897769176,0.4929977140936515,0.6864794875289626
0.0,0.23010033444816064,0.2974628561408328,0.4253591869924656,0.2447495116863421,0.2812009541660169,0.2956785443517816,0.4411075465858345,0.8893645003090763,0.3435061935299686,0.4917603536412383,0.6324860297124166
0.0,0.216722408026756,0.3100233651602722,0.4393140492254134,0.2584070994057026,0.2383087833245041,0.2728635682158922,0.4898820431444025,0.8914295082385079,0.3614352991774944,0.4957421028872048,0.7220253509608829
0.0,0.21337792642140446,0.3247176679107546,0.4706867118168642,0.2407272707088907,0.21336192092909229,0.2325581395348834,0.5025915135913219,0.8942960785249082,0.3834847735356708,0.4966009290630462,0.7729317159602013
0.0,0.20468227424749152,0.3407903309290741,0.4979109181666167,0.2764735940344885,0.16050253228709194,0.2296511627906975,0.4467916816098335,0.8966973874118301,0.4068567695459243,0.4953938353540792,0.7651219844623138
1.0,0.21270903010033446,0.3592369150759631,0.5353409883918012,0.2836814929610786,0.16173899953675913,0.18168604651162792,0.4109329940210957,0.8965438401631062,0.4069541651642597,0.4962025600480349,0.7290786424969333
1.0,0.2334448160535118,0.38074168516161855,0.5773785720234682,0.2596731921294111,0.14477210915483027,0.21802325581395351,0.40951318847058976,0.8940435126043457,0.39444065881291934,0.4962746411609034,0.6697969197219574
0.0,0.4301003344481608,0.40466940858879896,0.6365569497897545,0.3988047953527403,0.3054196548050825,0.1517128874388265,0.5181012925634612,0.8919397844212121,0.3807171752540132,0.5015629693907931,0.8031688701103988
0.0,0.4267558528428096,0.414090480583142,0.6673492362776952,0.3952044261483549,0.5109311637416294,0.011811023622047691,0.5048661501653164,0.8896648144313529,0.37497712822563145,0.5003373698253408,0.8038639771023577
0.0,0.4100334448160536,0.4209090403488196,0.6934055414590667,0.37663971381000577,0.4302872519202382,0.05511811023622072,0.5479515988779113,0.8880566927503578,0.3748029323347437,0.5002594016372464,0.8229112716369085
0.0,0.5484949832775922,0.4280156035450058,0.7162499510409642,0.5765681489673176,0.5328754993611391,0.09843081312411003,0.5546772521604135,0.8836237221187632,0.3567433626637009,0.5007744815840817,0.8379378492571894
0.0,0.5692307692307693,0.42949133443399456,0.7235798026668571,0.611791026792647,0.5394117873274377,0.33695652173913104,0.6672545676962303,0.8797216716046318,0.34474248278668784,0.5064833377915228,0.9201921766389528
0.0,0.5364548494983279,0.4320687322683403,0.7333475858408823,0.6076822797731978,0.5570682180571026,0.2900000000000009,0.7110622012390136,0.8773377306278106,0.3425806748666941,0.5064066789933458,0.9612034891645084
0.0,0.5819397993311038,0.4363980153363636,0.7478592907707935,0.6354074210486599,0.48213578740323904,0.5400000000000009,0.6431227861595981,0.877247404222797,0.3549358913434193,0.5039626807944729,0.9405002044432328
0.0,0.6033444816053511,0.4363665525187723,0.7450666004590303,0.6788958554897192,0.5339190881504853,0.7200000000000005,0.6293423205223312,0.8766975589510021,0.3623514243119814,0.5064800147900976,0.9341420198991413
0.0,0.6247491638795987,0.43448728667367453,0.7420442063235582,0.6703518189621755,0.5656667587742719,0.7799999999999995,0.6802637202835677,0.873022022205694,0.3492957760794213,0.506964638676507,0.96579721219647
0.0,0.6220735785953175,0.4311262209264981,0.7311547036806325,0.667388885925838,0.558666579311911,0.7349999999999994,0.6935086883256611,0.8711559048070182,0.3464067801342846,0.5082500835766249,0.9491768269801526
0.0,0.6214046822742474,0.4296965432350839,0.7319807706880728,0.6670368548673431,0.5311612527739412,0.7174392935982339,0.6355865172513743,0.8690790634239348,0.34214538878439915,0.5027965071434312,0.9503162376251136
0.0,0.6033444816053511,0.4278388908768072,0.7309392953276634,0.6237011209305579,0.4969408044883013,0.7704194260485654,0.6726046308259926,0.8691438451284822,0.3472105395906557,0.5021298460171558,0.952861148826134
0.0,0.6294314381270902,0.42558817067666666,0.7316550433654264,0.6118708253221264,0.5222537008668477,0.7880794701986754,0.6611577556264089,0.8695624672711685,0.3601487758770009,0.5008393620194007,0.9746873443544588
0.0,0.6287625418060202,0.4234729828906534,0.7402319897420933,0.6112035992098661,0.6100474604318161,0.7796976241900658,0.5877700209777498,0.8683161195520642,0.3617194359805965,0.4981327674460186,0.993018928636383
0.0,0.5892976588628761,0.4209290173964933,0.743572565669272,0.5331388400268016,0.6110356165750346,0.8401727861771054,0.6339014193142679,0.86873503670035,0.3761015385639472,0.5021791785519819,0.9606444107589802
0.0,0.6240802675585283,0.4180225047583217,0.7424613096913736,0.5250571338125591,0.6182806105533529,0.8704103671706261,0.5665908454475332,0.8688481991934284,0.3842011051872184,0.5000526123234235,0.9596855501110444
0.0,0.6080267558528427,0.4114366695405864,0.7204005665981308,0.5556381187382867,0.5533340705599157,0.7976308849595783,0.511483721364389,0.8720083331584382,0.4085524655340299,0.4954587276919483,0.9649874854584553
0.0,0.6247491638795987,0.4065895869725096,0.7063250420720059,0.527687495395132,0.6612519532459517,0.8451861138731573,0.5059224068897418,0.8721761381976602,0.4160770562973791,0.49878581052762105,0.9995068307619832
1.0,0.5979933110367893,0.39998404219750494,0.6933752934018245,0.4977682190040236,0.6146450469898385,0.6506419955903339,0.4845074159047696,0.8716952449691046,0.4211351961042942,0.4973419330315912,0.9859175256165831
1.0,0.5999999999999999,0.396092452491692,0.6843533696276257,0.5004631659337232,0.6312565570000179,0.6247027798192897,0.4503240006091901,0.8712841350371344,0.4297158391478765,0.4945526599488297,1.0
1.0,0.5879598662207357,0.3909133446298534,0.6805931970428835,0.5360205591942039,0.7581322135225806,0.5560114009328027,0.42957224059071797,0.8710784246795863,0.4414582073458878,0.4930978391639168,0.9817780360255668
1.0,0.6301003344481604,0.3864388362337834,0.674074448980477,0.5420494984949681,0.0,0.616470893073069,0.4334877597040516,0.8693101916751459,0.4441854519571122,0.4896812689329903,0.9950352777190468
1.0,0.6595317725752508,0.3790616582358735,0.6650267319070842,0.5440678581846804,0.5284331463274479,0.7842816878395482,0.4180614987054712,0.8687743030438005,0.4516535946819288,0.4885814023727938,0.9765462455078492
1.0,0.6046822742474915,0.3699859074870768,0.6371857020850704,0.4785348926189586,0.4937740073892203,0.6102719033232612,0.4020948272897432,0.8677820368724097,0.4561024907740915,0.4872754021718458,0.9972653048357604
1.0,0.6120401337792641,0.3683170921799324,0.6300925487208552,0.4357773724126227,0.5701436300392627,0.7213114754098351,0.41005851170971136,0.8649820180052606,0.4479710412668296,0.4879023393225425,0.984671521341656
1.0,0.6260869565217391,0.3678840661127887,0.6246996772651077,0.4713099021118739,0.5119976646893162,0.8571428571428558,0.4357820475659424,0.86068824290037,0.4324404446244202,0.4899425499386785,0.95663892566673
1.0,0.6026755852842808,0.3655622246809816,0.6208775741073227,0.4797926395843302,0.44433962383673603,0.7728337236533946,0.4559098791937079,0.8563138393484516,0.4140051797224517,0.4877535988827285,0.9747178614210958
1.0,0.6086956521739131,0.3652587249268935,0.6456790737307854,0.43490477376891457,0.5006214751562613,0.7915690866510539,0.4371379864307858,0.8525823449404429,0.4018668290520983,0.486498133704486,0.9896087706415752
1.0,0.5658862876254178,0.3638710346042475,0.6718455743984554,0.4051764680534734,0.4967677092773888,0.6978922716627622,0.4542100427906791,0.8484110546893927,0.386643844622394,0.4878674826806054,0.9759985655492746
1.0,0.565217391304348,0.3645060388354058,0.7116829740491903,0.4042485997744149,0.4751564642111217,0.674473067915691,0.42955258930282136,0.8437887470625999,0.3711734134496004,0.4861697371865194,0.8890862207346433
1.0,0.5478260869565218,0.3644992609059388,0.7198157263053991,0.4256933010885789,0.4437920635379901,0.6276346604215451,0.4285700249080073,0.8416193478706254,0.3677803058656063,0.486250583758633,0.83327925681791
1.0,0.5645484949832776,0.3649004120345072,0.7327850698011086,0.4568919750124884,0.49781412954732,0.8103044496487115,0.3975455541417546,0.8411592677477139,0.3746906492889596,0.4873841006814388,0.8290271350262131
1.0,0.5511705685618727,0.3625252572785493,0.737730378395352,0.4343801737889271,0.43314436844968107,0.6463700234192028,0.4135220512014305,0.8427683105013591,0.389389588842974,0.4885821016650253,0.8788486825253162
1.0,0.5478260869565216,0.3607307338227497,0.7502164600301838,0.4786337758709352,0.4376451678520744,0.6370023419203741,0.3796874462660096,0.8418683794876629,0.3876805970190113,0.4896142833313773,0.8537116412507045
0.0,0.6187290969899666,0.35981446691070085,0.7612870964650906,0.5863949046423058,0.4402933628056877,0.978922716627634,0.4222079204515866,0.8388694683904846,0.3763443078850925,0.4892545975217111,0.8769873119418026
1.0,0.5799331103678931,0.35517806080218195,0.7587629015989374,0.5591048891932571,0.0,0.8817204301075274,0.5268903310750728,0.8351814939617758,0.3605171944584712,0.493728634292148,0.9858262606943424
0.0,0.5498327759197326,0.35436338755515795,0.7660080956934014,0.4832410049933357,0.4430392116523846,0.9193548387096782,0.4580027413546614,0.8328045172576625,0.359429900910524,0.4922939745739936,0.9382820008237608
1.0,0.5297658862876256,0.352615378138025,0.7737943450805712,0.4928237407237999,0.4472395173033511,0.8440860215053767,0.4540086170897427,0.8317296683705023,0.3659584792029905,0.4918832794208289,0.9585556725092677
0.0,0.5324414715719064,0.35000355257673976,0.7809257147389801,0.4982239790044957,0.5370743592319677,0.8374655647382911,0.4568138384369364,0.8304642758352537,0.3736044803295616,0.4922128413409267,0.9264289963846049
1.0,0.5290969899665552,0.3479939319011216,0.7948649369725758,0.4913799267318849,0.4827768252771914,0.7878787878787873,0.4576932335702954,0.8271795349152871,0.3683357951451155,0.4922689435326801,0.9321953228685188
0.0,0.5043478260869565,0.3437428776136457,0.7880120200533849,0.4473398240493339,0.5056743963713717,0.7178217821782176,0.4629597787264982,0.8229760817689175,0.35202045829376283,0.4929063601376166,0.872234680334996
1.0,0.5377926421404682,0.3402233154757397,0.7834269916550956,0.5095406466734221,0.5140522196460046,0.4752475247524758,0.5080545716264878,0.8186378740979242,0.3374704218898886,0.4929281193953516,0.8776165850533156
1.0,0.5163879598662207,0.3373919267266311,0.7716097805209778,0.5248757347893872,0.5162272120478585,0.4356435643564353,0.5061434838785747,0.8142979181921043,0.3176686869847967,0.49282963971108,0.8639970710722619
1.0,0.4943143812709031,0.3389425600398761,0.7895849060497121,0.4826942958888141,0.5306392972053836,0.22277227722772244,0.5324074301519532,0.8100005040494699,0.3006748325693719,0.4951208131984407,0.8460299299803211
1.0,0.4675585284280938,0.34227813970426024,0.8155570106435354,0.4932123893712228,0.6305059946793943,0.14210526315789462,0.5293762189939525,0.8092091718486106,0.2990054933802868,0.4952929053417315,0.7620337741979775
1.0,0.4795986622073577,0.34750293159470114,0.8477628419264406,0.4630043360599314,0.6920691304777732,0.0988372093023246,0.4490122771421129,0.8115082426393202,0.3175614059716733,0.488136835360738,0.7633060271841103
1.0,0.4762541806020068,0.3512830322046252,0.8805687348060672,0.4591174281713743,0.4848710187181304,0.1976744186046512,0.4340183444772512,0.8134435154382093,0.33348110954720755,0.4867376130839844,0.7996613427303098
1.0,0.4802675585284281,0.34956614115999063,0.8837983405324378,0.4665128396404537,0.553771473357994,0.0592105263157894,0.5102407774049492,0.8151422768397353,0.3518603225130448,0.4891976398355828,0.8435586472015011
1.0,0.6361204013377927,0.3472498171163494,0.8863802775702447,0.6349001099456789,0.6321757534785677,0.29629629629629656,0.4357967860318642,0.8173869272394364,0.3745465492438905,0.4829128014551648,0.8496819367534663
1.0,0.6468227424749162,0.34000564957776325,0.8673454481235351,0.6448983214636183,0.5736697709421149,0.5329341317365263,0.3903384443057937,0.8223496950428019,0.4117809321282081,0.479232881549156,0.8641984348542402
1.0,0.6842809364548492,0.33926682791708385,0.8813717728678773,0.6385657712264424,0.6141425224249947,0.6200814111261869,0.3627971643191569,0.8236403688575223,0.4279266821214307,0.4808512265819585,0.8386160816438609
0.0,0.6648829431438126,0.3363570716834152,0.8899766074839098,0.6050344775040732,0.61311541136824,0.6594594594594589,0.3787147075151439,0.8240053826329853,0.43889280524874,0.4783485420616788,0.8436867877900327
0.0,0.6862876254180603,0.3328764136037068,0.9014507042866436,0.6233998208331467,0.5744122814508407,0.6501240694789082,0.3671106220123903,0.8243392184993831,0.4454508775342063,0.4773980763310982,0.8739645782801704
0.0,0.7117056856187292,0.3278142459610218,0.8996003483415056,0.5957393356673777,0.5170763621945018,0.6575682382133998,0.3606699124043841,0.8232504453674431,0.4429074326787089,0.4768814540264836,0.8879044437325522
0.0,0.7063545150501671,0.32339319944104505,0.8878804390706989,0.5935681549107953,0.5798055201622462,0.5916417910447759,0.3934924760131464,0.8217145670854676,0.4314417969872753,0.479408320606241,0.8627705825820327
0.0,0.7137123745819396,0.32243892971698784,0.8694790811980143,0.6044721371379556,0.4936277068645394,0.6565217391304344,0.34620656451272186,0.8208673169839732,0.4294653184751066,0.479574924217506,0.8079172577914058
0.0,0.7277591973244146,0.3209503464090233,0.8515997370007327,0.6216994861203107,0.3947940591841286,0.7695652173913039,0.3307360881163747,0.8214456684281203,0.4364926705737455,0.4783689235563176,0.8350006864674381
0.0,0.7451505016722406,0.3153220240386143,0.8366020033542971,0.5936812152424852,0.4795521992802329,0.8043478260869561,0.3376729927437621,0.8206673981109266,0.440472271164826,0.4789002839317435,0.8181227403780147
0.0,0.757190635451505,0.3070446885025808,0.8120855621498887,0.6032468617809859,0.0,0.7847826086956519,0.3524802381736092,0.8184452406776659,0.43407531377556696,0.4762980226996654,0.819651274541211
0.0,0.7565217391304346,0.29755441443836617,0.774678871358989,0.6030407865925713,0.3756671665758211,0.7760869565217391,0.3528044844238977,0.8166811374360526,0.4305453720824126,0.4763358674767772,0.8075145302274493
0.0,0.8086956521739129,0.2898100546086666,0.7398860202815125,0.6166820366804007,0.6623094458216259,0.8656873032528856,0.3529911716589124,0.8138219163003707,0.4228014373964904,0.4763579473503994,0.8003386572696898
1.0,0.7050167224080269,0.2789429821569902,0.7135323682263904,0.5487116744981546,0.6606778246708989,0.6618257261410789,0.3974669489901692,0.8115764950597172,0.4150387557121191,0.4760283381592553,0.8050249416502673
0.0,0.7083612040133779,0.27445144856014325,0.7164931493806428,0.5515044201746295,0.6807343483623111,0.7116182572614107,0.3485450677723793,0.8088242380143714,0.4058793838018343,0.4760882746847229,0.7287721385748938
1.0,0.7110367892976588,0.2653831822022459,0.7113347487469172,0.5543198218746385,0.7702774060435462,0.6908713692946055,0.3625220462886087,0.8076939794709582,0.4018583556989249,0.4771626351700967,0.7266029014690405
0.0,0.757190635451505,0.25475136576092705,0.6869364455618835,0.5566083862663916,0.7218056851816356,0.7614107883817424,0.3655434318026619,0.8067034942462276,0.4058917946505435,0.4774090740312862,0.7164614891766969
0.0,0.7672240802675586,0.2411717578530481,0.6578304736993946,0.5649953899223891,0.0,0.7406639004149378,0.3916649062387926,0.8066808723206421,0.40992661361434135,0.4793585456799765,0.7869296599697955
0.0,0.7799331103678929,0.22556397139778284,0.6100898012325191,0.5893644254196228,0.6570437529046015,0.7910750507099391,0.3547155721718112,0.8062277262756766,0.4128726905830923,0.4802845967290337,0.7335133403505565
1.0,0.8247491638795987,0.2088989733908584,0.5725952070307838,0.6218226891082005,0.8238043508557752,0.7840909090909091,0.3564350598627357,0.8048805051282998,0.4073175059906176,0.4804437704361034,0.7123243787469681
1.0,0.6742474916387958,0.19041532792004867,0.5162413679258604,0.5338516073271744,0.5763709996393543,0.9890109890109886,0.35020068877764066,0.8027264383881053,0.4065351617604696,0.48000482737615,0.6722529861333578
1.0,0.6638795986622074,0.18396602424576813,0.4950394480063602,0.5248039445638731,0.5694933712012304,0.9505703422053235,0.3404634756250336,0.8002681271862474,0.4058004956536421,0.4792821696660241,0.6294448766646833
1.0,0.659531772575251,0.17724221933658302,0.4743359226931336,0.52283092661893,0.0,0.7984790874524722,0.3444772511778489,0.7970790583291737,0.4031164110327419,0.4796408146183354,0.592650221957805
1.0,0.6849498327759198,0.1720609233362822,0.4581825335375858,0.5744541282778013,0.6767267014101762,0.9806201550387608,0.32485544021341284,0.7951824417575138,0.4032293787751856,0.4781208881475724,0.4874467987735114
1.0,0.6602006688963209,0.16309673069383135,0.4363697778289259,0.5509489119377479,0.5999880305297243,0.9694656488549612,0.3330795041980064,0.7946009269404705,0.3964820985578917,0.478766355927384,0.5328909432062605
1.0,0.6735785953177258,0.15752919497083928,0.4171907624304909,0.5686889186556945,0.5056052822088504,0.8668885191347758,0.3568428240865837,0.7951394054038771,0.39084068180916864,0.4806947167721231,0.5779598187725964
1.0,0.6247491638795987,0.1566121116074315,0.41650042332234016,0.5326419532834514,0.506528116599224,0.7836938435940104,0.31580602213717585,0.7953751226471767,0.3809663984573809,0.4773929424570876,0.4914100041188048
1.0,0.5511705685618731,0.1612887894979549,0.4245201990269643,0.4246181969849813,0.0,0.7903494176372715,0.24562636023758394,0.7960552436733322,0.3842373172448119,0.4751895300488125,0.3841563315180083
1.0,0.5137123745819397,0.1660597475827772,0.4202190815101111,0.38673433519916345,0.5556454162997582,0.8935108153078201,0.24321907747028956,0.7977717371418577,0.3956322133102009,0.4749925607570071,0.38701203606242257
1.0,0.4876254180602008,0.16610318767570753,0.3959157490184833,0.4116297623653825,0.44629197532487375,0.6789231779382797,0.28024701668885604,0.798935055330784,0.4029552629788888,0.4781037834808141,0.4755663356368128
1.0,0.47424749163879604,0.16687611611834874,0.3917060955556288,0.3967473323611822,0.4716599071619933,0.6080105055810892,0.2404678971648103,0.7999421942582979,0.4110124787838095,0.4747046865030202,0.3994508260491511
1.0,0.4107023411371238,0.17081557246259593,0.41368886132418703,0.3963980884504653,0.4863956375096343,0.5566382460414129,0.2181636854025321,0.7998852837797391,0.4138499831591146,0.4764969666809279,0.3719555169099813
1.0,0.3237458193979933,0.17660351708821298,0.4478713629287929,0.3755048561365049,0.5095836373107714,0.3759920634920635,0.2463583707117205,0.7990353550526285,0.4127668426187021,0.475184147064797,0.3822159168916756
1.0,0.34314381270903005,0.1818541227396273,0.4574519352492289,0.3894710055793267,0.514980711542152,0.4484018264840181,0.2494927511311773,0.7979343082672145,0.412778627470704,0.4754100911321942,0.34431376138391856
1.0,0.3872909698996655,0.18095730751468464,0.4387042293447319,0.3837843815500081,0.5134496377043596,0.4556416881998277,0.27313325047040243,0.7976451194547746,0.4164245843026765,0.477460781309844,0.3931902430094731
1.0,0.39130434782608703,0.17684910190617487,0.4016331567662494,0.3867613143172814,0.5052445548082327,0.43152454780361743,0.27644449248092584,0.798487953280186,0.4315732807494129,0.4777409882004089,0.3891538144707336
1.0,0.3879598662207356,0.1761091752232795,0.3855789314990148,0.3807271377713868,0.5080633005307349,0.37123169681309176,0.25492633223449884,0.7987585342109488,0.4379091387181415,0.4795893574385321,0.3653745823989748
1.0,0.33578595317725746,0.1768775506066349,0.4030882553181645,0.3872582226627884,0.5109760683849508,0.32816537467700224,0.23238630501746504,0.7992806273460765,0.4479273288371477,0.4775539142083596,0.3010937714521074
1.0,0.3612040133779263,0.181800596568934,0.44700698007827255,0.3658094037189193,0.5835990862872221,0.33333333333333315,0.2251398926057116,0.7990167007026484,0.4440059819823709,0.4768987293088609,0.2845270239348314
1.0,0.2822742474916387,0.18439946217829029,0.4910288898605954,0.329148967571747,0.601966010837757,0.19896640826873346,0.21472471002068305,0.7989451226005572,0.44267699936051785,0.4758860395891034,0.2347260994920143
1.0,0.32307692307692315,0.19503501585300675,0.5360021149331268,0.3193863672741337,0.6227469719593166,0.2609819121447029,0.1445204840112209,0.7990479403335337,0.4381246187287471,0.4690183197527474,0.08755663356368157
1.0,0.2886287625418061,0.20271266309297187,0.5723999823300194,0.3438531260142879,0.6016360989773355,0.2532299741602065,0.2349016698681891,0.801727582356277,0.4592127760905325,0.4736030617679782,0.2530685094503686
1.0,0.2715719063545149,0.21075019255136465,0.5962821483218925,0.31740747563818417,0.6316599440366957,0.1955211024978464,0.18915838446762206,0.8046997622492209,0.4825920182247442,0.47320450293411104,0.232364651503364
1.0,0.3183946488294313,0.2211780714661564,0.6106287579524472,0.3261209203563885,0.6693430650040902,0.2041343669250644,0.1655915774580076,0.8073771943133393,0.5018072436467715,0.4747681368848061,0.21237471969246274
1.0,0.29565217391304355,0.2310885171907484,0.611365657126765,0.3545109782957154,1.0,0.1869078380706289,0.17742656559354258,0.8116731504607012,0.5179151684793136,0.4721271944076815,0.2126767653654296
1.0,0.28494983277591984,0.2444450883855449,0.6324961709659822,0.3329070696490855,0.6470325638046478,0.014953271028037726,0.08775282610084051,0.8151962097138078,0.5280261130908325,0.4681592658787941,0.18075145302274492
1.0,0.3290969899665553,0.2621206398180227,0.6597622549104557,0.322317448411456,0.27251403265530993,0.014403292181070018,0.0,0.8201376421889496,0.5478149204580843,0.4589856544876641,0.0013327328376182429
0.0,0.3979933110367893,0.2814113663642426,0.7014237194143179,0.369426446528688,0.4650222514592229,0.08933002481389561,0.02110057037863133,0.8223139521149451,0.5538848319669357,0.4612184974223598,0.01263186845569036
0.0,0.4127090301003343,0.2981749343928537,0.739111156977819,0.383557869570747,0.4702357631774619,0.05084745762711817,0.07319613459167068,0.8246421373972689,0.5645717591672643,0.4623483356610841,0.0489676914200937
0.0,0.3765886287625417,0.3115467655740953,0.7798283058770645,0.3609159485447392,0.4646955542987289,0.08561020036429849,0.09306849947678447,0.8253015807484262,0.5666736962204825,0.4642329222883833,0.025418826618016668
0.0,0.3565217391304346,0.3201898086309114,0.7979387199437658,0.3924633943245481,0.5985347867833711,0.058407079646017414,0.1657193108293333,0.8260509755876743,0.5687644187390577,0.4671727428980582,0.12675894681266214
0.0,0.4822742474916388,0.3266426688953041,0.8029921683434089,0.4589259470653842,0.6183283811463395,0.20863309352517934,0.1573675134734141,0.8263129183875674,0.5739383393319314,0.4663276438441274,0.09299175906158892
0.0,0.5772575250836119,0.326616793884176,0.8050748856364341,0.4952190806246562,0.6121997486324186,0.5081078827796077,0.19790320758146698,0.8258562191061206,0.5738394525735608,0.4700690076331007,0.18894474668870406
0.0,0.5966555183946489,0.3244985015372428,0.8203193211053559,0.463978419327412,0.5587378805817694,0.6206594689232566,0.27489695355909394,0.8258515651603314,0.5789710984839034,0.4734029800860774,0.2839680462778049
0.0,0.5371237458193979,0.3222245462822486,0.8437427654238172,0.457876787723998,0.5845768225454053,0.424736337488016,0.26796987457565485,0.8255301495623516,0.5785790736097048,0.4727790124295091,0.2950095264329823
0.0,0.5143812709030099,0.32420229891469066,0.8644085885663617,0.485849456901544,0.5922251365047371,0.3413647921964229,0.24239863620062002,0.8265468932719237,0.5891413545539804,0.4741112239360062,0.2352799393981133
0.0,0.4662207357859533,0.32560512020291776,0.8781304896565005,0.4899504088857076,0.6316252867981423,0.21630747425903615,0.2361888292253952,0.8270807627492834,0.5945911460032505,0.4735214347472867,0.2144709960287401
0.0,0.5197324414715718,0.3219901805349989,0.8580159292589848,0.4907938231250521,0.5509126904079577,0.4372420692817538,0.2195392755552716,0.828809385320718,0.6074749739843031,0.4719187970986953,0.16465808139935267
0.0,0.6648829431438128,0.31239017676052194,0.8282244306977447,0.6156724188733059,0.5163417507868598,0.5,0.2591267950223289,0.8303185256086708,0.6137274282457107,0.4756109486980394,0.3228198241627071
0.0,0.7264214046822741,0.30141987673988035,0.7827120126648774,0.6159547216212354,0.4647160434870398,0.691211401425178,0.26859871578833594,0.8317707814381153,0.6215781915148652,0.4764707539186663,0.31756306957739394
0.0,0.7612040133779263,0.2927498936978039,0.7561761271272963,0.637916684071786,0.5066051281439545,0.6318289786223277,0.34698770320659905,0.8315287926192646,0.6131891451731274,0.4835541420381924,0.5106397631017152
0.0,0.831438127090301,0.28480313069437324,0.7273403448098185,0.6452276276454733,0.4526405936897775,0.8115183246073294,0.3216031520665785,0.8304484266892891,0.6041180784129793,0.4812732000889814,0.4181989302848749
0.0,0.8575250836120399,0.2760195810917212,0.7034318313962278,0.6591260906165133,0.5350549119479248,0.8068276436303079,0.3096846459574845,0.8294225458006145,0.594141254819848,0.4801839795588331,0.3456603080595921
1.0,0.7926421404682276,0.2700544045731457,0.6894992697558527,0.6591173478174731,0.5877716657985628,0.7066450567260943,0.3302890213167346,0.8296974224905523,0.5971471495480375,0.4784216064741752,0.3923627849321675
1.0,0.7652173913043478,0.27007603074239905,0.6923075515241243,0.6253340780515487,0.4431800747203447,0.7455429497568882,0.2646979351409242,0.8300024856629075,0.6023764647904214,0.4758756889760157,0.270344099350366
1.0,0.7163879598662207,0.2666958944421587,0.6886967089863114,0.6374115760920075,0.5371195945098214,0.6823338735818476,0.280802165571926,0.8306933364115799,0.6095319815578062,0.4737045216327101,0.2725248490691642
1.0,0.7317725752508362,0.2663202508904181,0.6977330335078105,0.6464998138725497,0.5427145708790809,0.6531604538087521,0.24338120059543406,0.8299908541875697,0.6081966506248856,0.4700330318059245,0.1850653077152632
1.0,0.6775919732441471,0.2660827517006996,0.6994427006394875,0.6003372373772087,0.4465106657240013,0.6677471636952999,0.27115338321485233,0.8299796495146873,0.6100774957494486,0.4690294375760004,0.20115694511397306
0.0,0.7076923076923078,0.2669364691023737,0.7143416754975882,0.6203996183371802,0.5011178229147842,0.7730956239870344,0.2511238080265684,0.8304317730231744,0.6149580078039423,0.4670317285748238,0.14428528797373918
0.0,0.7638795986622072,0.2618407769757807,0.7160329805471913,0.6162837976552373,0.0,0.9076175040518638,0.2518705569666271,0.8316249643455506,0.624380070413209,0.4671335170398196,0.17618162201868556
0.0,0.7591973244147158,0.2517722367858619,0.7161754926112408,0.609589986657761,0.5351457745744219,0.9448946515397084,0.3324162732315069,0.8327883524594163,0.6360827362498431,0.4712219782047704,0.3490002984183826
1.0,0.6548494983277591,0.2394294297597921,0.7018978420007301,0.5916704953970712,0.6338714217704442,0.8009868421052628,0.3437796304575312,0.8323261668077554,0.6376630646469871,0.4686191784019961,0.3678465670408376
1.0,0.6147157190635452,0.228984091180936,0.6925848158900566,0.6161967955594706,0.6825896371339482,0.7171052631578951,0.3017307871814649,0.8318760801380121,0.6365266536639035,0.4645027227565596,0.23383375800564696
1.0,0.6722408026755851,0.21869237092989316,0.6748958906856465,0.6489619561553317,0.6806145837109062,0.7138157894736842,0.30960604080589943,0.8316726313466737,0.6321871296809844,0.461578870551326,0.2406170373941192
0.0,0.7130434782608696,0.20634918894617596,0.6500644874974247,0.6301384792993605,0.5392559397012264,0.7828947368421053,0.3012738947378765,0.8322055156165339,0.6395679057390987,0.4607541042754956,0.20625301287790124
0.0,0.7311036789297658,0.1938324920197345,0.6198084876543508,0.5946664220731755,0.5481834038610939,0.8059210526315791,0.3662803550987722,0.8328107237175363,0.6489234016388534,0.4672014061499866,0.3660675343755021
0.0,0.7297658862876254,0.17949496721647829,0.5888684886815222,0.5901042361352244,0.5856010163191107,0.8749999999999997,0.4126623073559682,0.8326174847032818,0.6543286212277091,0.4681008703250539,0.4613089089364827
0.0,0.7110367892976588,0.16276800469296204,0.5563858047273395,0.6288905640130262,0.6158582817672796,0.8305921052631579,0.4330750826582296,0.8320144946032503,0.6521432820053497,0.4664245750327845,0.473532584991851
1.0,0.5137123745819397,0.14372833466850074,0.5134991270108582,0.5390841659172093,0.44624547765440975,0.7760736196319019,0.3956786817916079,0.8314224655184982,0.6560913751407671,0.462851311418095,0.3861074765282464
1.0,0.4989966555183946,0.14043666370507935,0.5065957560123981,0.5247995166735927,0.3428828019029757,0.6165644171779143,0.37386083940476256,0.8314384935502751,0.6640086525205798,0.4607337279016965,0.3253563804145722
1.0,0.4220735785953176,0.1393217121231074,0.5000795187344214,0.4974871878370727,0.29577768343609034,0.3803680981595096,0.3871500228446221,0.8314263947884325,0.6690732659837266,0.4583786674418077,0.3417234809356564
1.0,0.3652173913043476,0.14380053947727325,0.5048545591982556,0.4806209413352772,1.0,0.2024539877300613,0.41231840981778334,0.8311872464570479,0.6730798780294498,0.4572339805382132,0.3888506301218923
1.0,0.3424749163879599,0.15218983520720353,0.51635830926567,0.4367410949756431,0.287106389590752,0.056971514242878926,0.365494303582921,0.8306742291605697,0.6661346028371229,0.4525865217895476,0.2592681863048921
1.0,0.348494983277592,0.16490782771603962,0.5394909974682583,0.44342657211201947,0.4646769511943817,0.06035889070146783,0.3342634942937572,0.8307060088057557,0.6628143400645923,0.4493722073991333,0.16352179601955816
1.0,0.3591973244147155,0.17721909611721046,0.5609732895409796,0.4557126965982755,0.4991926866863826,0.11006289308176034,0.2975794526133755,0.8312542442896081,0.6568379067379333,0.4454429172581639,0.07665909143080131
1.0,0.383277591973244,0.18554548294071305,0.5777544657651312,0.425057017650012,1.0,0.14726027397260255,0.32591169693783817,0.8321744223657753,0.6623979485457232,0.444815373275825,0.0998024543549837
1.0,0.3712374581939797,0.19155941110434085,0.590319038314936,0.3981122280431049,0.5575994032249143,0.006849315068493,0.3822912419122666,0.8322310982768634,0.6656008019040246,0.447185073062728,0.2216749357403308
1.0,0.4200668896321071,0.2021125695944168,0.6254363475629722,0.4459058946245202,0.4743023114830894,0.14163090128755432,0.3409400193565185,0.831890691074724,0.6688758037150165,0.4427929930275567,0.10664829566506076
1.0,0.4006688963210701,0.20638991538013696,0.6424164279384423,0.42913660396135095,0.4850394579260065,0.17472118959107774,0.45003905693469387,0.8309999833297276,0.6654798723161846,0.4509825815329898,0.3766361402725041
0.0,0.4528428093645487,0.2092562286891564,0.6525069284173423,0.5117723581171715,0.5492481986460664,0.15646258503401406,0.4784646448766634,0.8301137917007443,0.6626865798164486,0.4542053122123085,0.3841343674920189
0.0,0.4862876254180602,0.21049500506534916,0.6532318352759983,0.4990013938220635,0.5343424662301018,0.2585034013605437,0.4680985905113755,0.8304458033972809,0.6654753473102528,0.4531509518921363,0.38315297797692016
0.0,0.5284280936454848,0.2121786189265078,0.6602068009007782,0.4973617605286888,0.5143716838892336,0.4625850340136056,0.4555414175456524,0.8316525515632996,0.6764579676157169,0.4514858278641203,0.4220641457631346
0.0,0.5357859531772576,0.20837654879881407,0.6510997679074244,0.4566457145162881,0.4800452509039901,0.4931972789115647,0.5116605829554554,0.8331778291159583,0.6914522119781914,0.4539123935728594,0.5193227671700156
0.0,0.5337792642140469,0.2045583634170609,0.6425535667518495,0.4539427112121866,1.0,0.1938775510204084,0.5041783550889466,0.8341653465252828,0.7010026364227163,0.4529695491850792,0.5222763010108572
0.0,0.5056856187290969,0.205584502620753,0.6517338317473131,0.46669634521736103,0.46900638339449197,0.12925170068027186,0.4235785977823521,0.8354613683644995,0.7112163452660313,0.4480288311611716,0.3953887432921504
0.0,0.4963210702341138,0.21086646156199573,0.6768399636504123,0.5030758124834616,0.5480166177258389,0.021818181818182646,0.4468408098295741,0.8362112323621831,0.7156530970186332,0.4468875879706666,0.4392965597570613
0.0,0.5217391304347824,0.2165804095653241,0.7007642997211821,0.5366069467887349,0.6291851026645375,0.07024793388429681,0.4198202889721884,0.8354025042921586,0.7168241144285982,0.4441394208432072,0.3502121552477224
0.0,0.5284280936454848,0.21973167422483764,0.7035175961209721,0.496220927230517,0.6380228903273564,0.07438016528925613,0.4500980107983826,0.8349455176501007,0.7204120186059773,0.44385341901569203,0.3832210158492447
0.0,0.5652173913043478,0.22278064156283015,0.7062364212192569,0.5008208981689577,0.6545879041890567,0.2803180914512919,0.5292190086907821,0.8350060557091928,0.7271634238219865,0.4489660459210631,0.5497004867090979
0.0,0.5491638795986622,0.22352290660666707,0.7030939963297899,0.4779442582562119,0.6178848571149231,0.16103379721669905,0.5364261185267428,0.8347403242680648,0.7300744945105558,0.44977919534610733,0.5661113191064521
0.0,0.5759197324414718,0.22682846821130265,0.7117193844718752,0.4745002207674064,0.653370373064044,0.3121272365805173,0.5721472471002067,0.8333473278386568,0.7270792995271532,0.4500718873346996,0.620699696326802
0.0,0.5892976588628764,0.2286084762095715,0.7173034852015091,0.5015895666529946,0.6585993744063741,0.4194831013916505,0.6298286898977641,0.8322829278677287,0.7286070705694452,0.4528829390865109,0.6851678522401093
1.0,0.5698996655518395,0.22920968978235945,0.7281915029962752,0.5169544047701237,0.6882744216307425,0.3677932405566594,0.6594284422915369,0.8310489788569663,0.7330510991858749,0.4559083935686216,0.7827173179405044
0.0,0.5772575250836119,0.2306741100596481,0.7208803546708095,0.5313416780725696,0.7842714172515636,0.4592445328031805,0.6590992832192739,0.8304756412158801,0.7376211555496627,0.45604524584598,0.7646146252027363
0.0,0.6073578595317727,0.2313930682957903,0.7215922088522373,0.6001218469022743,0.7014461267989551,0.6540755467196824,0.6700057480017095,0.8301891913318368,0.7426128947796172,0.4534900024822166,0.7794780652870241
0.0,0.5812709030100335,0.2276851891727065,0.7053524459858685,0.5877013858108991,0.7352073421616643,0.6461232604373766,0.6512928091024763,0.8300150423975364,0.7459063899836431,0.4509365620183439,0.7837364940341439
0.0,0.5866220735785953,0.22334514116631832,0.7066399000401247,0.5964499907861953,0.7771697717794904,0.5546719681908554,0.6452598637183182,0.8293773472333331,0.7520820396907055,0.4504481990039925,0.7627793869057621
0.0,0.611371237458194,0.2179484883765257,0.6902501011032515,0.5914017045122631,0.0,0.6222664015904571,0.6518872605613389,0.8270844792288546,0.7502186584104489,0.4513848041995885,0.7443924910289745
0.0,0.6642140468227424,0.21141280182170208,0.6706006018140359,0.6529071766019721,0.7602532935316059,0.8170974155069591,0.6848277318974789,0.8248258060109067,0.7502728967633586,0.4513564594413224,0.7684537458999735
0.0,0.620735785953177,0.20170580109131286,0.6436552160060969,0.5985376009131912,0.5629932038729109,0.9031141868512108,0.7011383008513921,0.8229923914715697,0.7444725691475337,0.4493944432938221,0.8015419760137066
0.0,0.6020066889632106,0.19651364172757768,0.6339744421489266,0.609081939342532,0.3705939686730022,0.9300411522633738,0.6986966283302791,0.8220688933725141,0.7423926461279964,0.4492341337409209,0.7912805585748235
1.0,0.6100334448160536,0.1920820084884871,0.6191758497500786,0.6223916674508118,0.5663872032784669,0.9323308270676692,0.7047787019341782,0.821421345293062,0.7380917585215304,0.4498898348481637,0.805042279987473
0.0,0.6210702341137123,0.18736358517776155,0.6009088344477889,0.6393365091472346,0.5423263584494769,0.931297709923664,0.6760927344275824,0.8209351374835744,0.7392894071323248,0.4509272178503054,0.7541681251266555
1.0,0.5578595317725752,0.1824644906665578,0.5784746578348027,0.5641237855334812,0.5304698688793035,0.4148148148148161,0.6744076364904762,0.8194575858601573,0.7326311717714961,0.450675777549527,0.7552734842762657
1.0,0.5765886287625418,0.1808233301320956,0.5595679138001782,0.5735791080010714,0.5289309585524083,0.6124567474048452,0.6858446860461118,0.8180067851840979,0.7346724323311381,0.4523763198615196,0.7247103037895399
1.0,0.6347826086956521,0.17775033641182292,0.5406514029600245,0.6341477586210512,0.4545664946212764,0.6193771626297574,0.7137102122830374,0.8164078689244242,0.7362695979844923,0.4555124039700471,0.7882424318127067
1.0,0.6314381270903011,0.17432398712371344,0.5211193105226473,0.6207574290973067,0.4450948600497876,0.7822222222222229,0.712344447774246,0.8173974277522168,0.7560276948151105,0.4554625601641902,0.7796325871467958
1.0,0.6153846153846155,0.17384107192931286,0.5173582630537539,0.6271177299934609,0.4492442023137124,0.742222222222223,0.6434126426560677,0.8179526269853415,0.7651698393141629,0.4508581243797043,0.7299006968174798
1.0,0.582608695652174,0.17367290548686332,0.5145009462494948,0.5969492289056145,0.4171510051275263,0.6888888888888893,0.6671513984347748,0.818826763367475,0.7782656284620805,0.449779097499933,0.7566402869353412
1.0,0.5752508361204012,0.17459238397844645,0.5184705012616729,0.6307057136871216,0.4574736275186452,0.6622222222222214,0.6727078000874481,0.8166566104109972,0.7720072118724725,0.4466043695535093,0.7653125864330259
1.0,0.5598662207357857,0.17482887580147374,0.5183378913269392,0.6474003445548067,0.4608229389073764,0.6533333333333329,0.6955917248426667,0.8142126296146052,0.7686272111974437,0.4494663609167723,0.7499486978167573
1.0,0.5645484949832774,0.17556513514398153,0.5179660115088243,0.6362781701720348,0.4431711546547649,0.6844444444444442,0.7183724803364301,0.8136687431832025,0.7714031494012926,0.4482867598655946,0.7675492610837439
1.0,0.5662207357859531,0.17433430823044824,0.5087190910442958,0.6391055161453559,0.45204884263198497,0.7555555555555551,0.7016639728026173,0.8143395713411558,0.7833493732679059,0.4451857615706532,0.8196516537649541
0.0,0.5959866220735786,0.17664249273239666,0.5202528191297404,0.6379668422477043,0.5077491213390047,0.8088888888888891,0.7292985964067622,0.8156534848147258,0.7971756602377739,0.4482400609823624,0.8701090781140044
0.0,0.4896321070234114,0.17607864483551985,0.5273355286917725,0.4780891084533318,0.0,0.8597122302158272,0.7368889063567003,0.8142908948602979,0.8020195569397587,0.4489444609617424,0.8925404644616469
0.0,0.5444816053511706,0.17669691400067844,0.5359156507808293,0.494472273745451,0.5019800285309014,0.8706624605678234,0.7484045610639205,0.8127836148283129,0.807410615885722,0.4503575316018583,0.8847202674173116
0.0,0.5377926421404684,0.17001064386100362,0.5192061907677437,0.4862936614057858,0.4774876962550311,0.7728706624605683,0.7677365155318867,0.8111910073457985,0.8173074506890144,0.4486743756660557,0.917690007037298
0.0,0.5183946488294314,0.16703909776997916,0.5151367958745091,0.5137356598012862,0.5947587172845079,0.7097791798107251,0.7575571484016133,0.8105731309965917,0.8308747801130391,0.4514633558599146,0.9041959887403236
1.0,0.4702341137123746,0.16526901478925834,0.5171815524966155,0.5051053942743003,0.5577258385081664,0.6151419558359628,0.7403180560946011,0.8097620554332253,0.8423921946636425,0.4531521204623098,0.8940358902181562
1.0,0.4695652173913043,0.165521031646493,0.5191293106834391,0.503417662633849,0.523031605022056,0.570977917981073,0.7272057342458081,0.8091912020650046,0.8463311292306946,0.4521164257007679,0.8583743842364533
1.0,0.4688963210702339,0.1649264833841655,0.5093839737861696,0.502980585187089,0.5339528004575924,0.5962145110410093,0.6886400817493576,0.8083744389542961,0.8442654336323324,0.4519899566277074,0.8029644616467279
1.0,0.4682274247491639,0.16524413550361028,0.4990932539197914,0.5012087539264614,0.5007528555888251,0.5488958990536281,0.6840858957793947,0.8089592258088231,0.8523804080194325,0.4552550331785995,0.7993314567206194
1.0,0.431772575250836,0.16691321411415871,0.4938538758198838,0.5110167769861174,0.5091284979004832,0.471212121212121,0.6523490658269016,0.8092160797263915,0.8681767066803713,0.4550849986644899,0.7835151301900067
1.0,0.4187290969899666,0.17076771885149022,0.4939198301111208,0.4992591091106054,0.4312282188147454,0.4838709677419361,0.6339112449582165,0.8098406648254136,0.8939392663442302,0.4533367998454878,0.7491115411681915
1.0,0.4093645484949833,0.17419791982184285,0.4961032884063234,0.5463629512380059,1.0,0.4507042253521129,0.6230342571076251,0.8096198836171152,0.9010877794088278,0.4556973965144484,0.7472290640394086
1.0,0.3337792642140469,0.17742406418226464,0.4946493943624729,0.45634215330348,0.6440119963627862,0.199460916442049,0.6258050887010005,0.8098791934458135,0.8915561193777216,0.45222514088121,0.7501935256861362
1.0,0.34046822742474914,0.18640469595456244,0.5075347322203086,0.4629069336729317,0.32193542073541537,0.21683673469387785,0.6070282831161048,0.8097102697444548,0.8797438823663551,0.4537982096457594,0.7360045742434909
1.0,0.351839464882943,0.1951307339120989,0.5177883250762264,0.4133348540416053,0.2595682671519633,0.2551020408163264,0.6333364447872505,0.8090891971423463,0.8736134241901269,0.4529696882143196,0.7823715693173825
1.0,0.3685618729096989,0.20358323633759598,0.5306221409393741,0.4311942305998366,0.26166046139814936,0.3494897959183675,0.6451124790590962,0.8075760569479297,0.8782919047322569,0.4543527381255668,0.778764954257565
1.0,0.3752508361204013,0.2097201191809932,0.5363432696042024,0.3867839286407742,0.2738702492856899,0.34466019417475763,0.6573797955283491,0.8061648250926355,0.8802220137192162,0.4519505822921326,0.7883180858550314
1.0,0.4120401337792642,0.21624083143566253,0.547734555675221,0.4010359436277587,0.27689702381381864,0.3956310679611656,0.6850389832423643,0.8045186527558673,0.8798802552636581,0.4550006828884278,0.8418103448275863
1.0,0.4033444816053512,0.22244409449641853,0.5568958702120997,0.4134512012413725,0.22218345695727776,0.3956310679611656,0.7243071692811067,0.8031158431389992,0.8805945850178717,0.4556471080945249,0.87905524278677
0.0,0.4016722408026755,0.2295682862860271,0.5717937168878114,0.4127249664114113,1.0,0.4283980582524272,0.7187704189163295,0.8004911265580549,0.8715762922042795,0.4587505003057434,0.8765130190007037
1.0,0.3993311036789297,0.23598180624582546,0.5784107862581761,0.4028981303425157,0.2847874974134957,0.3495145631067963,0.7379107733273067,0.7981208222655057,0.8663990903787603,0.4610725025655752,0.8676020408163264
0.0,0.517056856187291,0.24361406178137315,0.5889751825901641,0.5178782900318418,0.4139410625135219,0.42934782608695615,0.7376749578725513,0.7949528446981329,0.8547560550320726,0.4613441038685964,0.845197044334975
0.0,0.5096989966555184,0.2425885040066253,0.5844140947002556,0.5004699263427438,1.0,0.1847826086956521,0.7467587657026069,0.791916423785132,0.8394876851906855,0.4625641491827127,0.8332160450387049
0.0,0.4903010033444815,0.24389055693059405,0.5887622567637912,0.5065931536882222,0.3918805740517202,0.07065217391304295,0.7496671563112569,0.7898965741105334,0.8289011870371831,0.4633981908019013,0.7989481065918657
0.0,0.5123745819397993,0.2468562373049621,0.5980181643640523,0.5059292016296459,0.36076766088733614,0.012195121951219249,0.7410107639929452,0.7875925318262597,0.817763385783486,0.4620230441099832,0.8114792426522477
0.0,0.5645484949832776,0.248822621533775,0.5980600107298458,0.5649848601640146,0.34665620703847,0.28571428571428603,0.7554790247065817,0.7869645945396312,0.8219164590711435,0.4640040304586104,0.7926770187919119
0.0,0.5665551839464884,0.2494231892890977,0.5966490568459172,0.5690610192941046,0.3254576682620937,0.3108808290155448,0.7697360340753329,0.7861357998053357,0.8251400619635222,0.4649870416545063,0.8524721565980422
0.0,0.5585284280936456,0.2522456990774116,0.5991077643552774,0.5502509464522719,0.3075492336281906,0.37373737373737465,0.7896575271801876,0.7876419342194653,0.8402430954815815,0.4670263753182418,0.8975869051636853
0.0,0.5404682274247493,0.2560525129480711,0.6111702593067703,0.5636960067784159,0.3618348022808399,0.3030303030303037,0.747520253108588,0.7871845109677412,0.8440071001743726,0.4650679842651831,0.8903476206547418
0.0,0.5478260869565218,0.2607501468508642,0.6203878776721048,0.5785312715802082,0.38614142142475816,0.4848484848484852,0.7456189910046227,0.788100297855795,0.8555333151981833,0.4654927968184298,0.8446760040499492
0.0,0.5618729096989965,0.2639088920071173,0.6274267203078726,0.609134080531009,0.40962004030003546,0.6313131313131312,0.7186770752988221,0.788246893624761,0.8648738471665273,0.4614339633236485,0.8656176172797836
0.0,0.5538461538461537,0.2646754379023326,0.623493723275043,0.5908023043124083,0.4834776839447156,0.6767676767676766,0.7022977268372728,0.7888098083965981,0.8783150078325593,0.463067662241887,0.863609517381033
0.0,0.5732441471571906,0.2652932640853092,0.6167238055489299,0.5868162624522733,0.4657629301455274,0.8131313131313127,0.7237028921782959,0.7879216923689382,0.8846255687409016,0.4616332997429277,0.8780037124535941
0.0,0.5625418060200669,0.2637914576283651,0.6029650635870547,0.5602259691620195,0.490451481789231,0.8181818181818185,0.7354297982304017,0.7853745913167397,0.8815731074012237,0.4628315827786735,0.9029109011137364
0.0,0.554515050167224,0.2624765260287809,0.5916385618518477,0.591635749680901,0.0,0.8080808080808086,0.7507135873917337,0.7839821965925061,0.889809232631286,0.4647518034603311,0.8877489031387108
0.0,0.5558528428093646,0.26043722124846136,0.5844579303566992,0.5942929525968355,0.3798995206905302,0.8686868686868698,0.7131403249340453,0.7812824537018513,0.8902212384973475,0.4643382284962299,0.854463381707729
0.0,0.5578595317725752,0.2575947785217363,0.5886920852391031,0.5980224811921501,0.39315323679556985,0.8743455497382208,0.7484045610639207,0.779812182538235,0.9016540706578638,0.4644862967607272,0.862867026662167
0.0,0.5250836120401339,0.2537401139030777,0.6117573126181886,0.5815942828572385,0.3655641470726068,0.8012048192771095,0.7509985310662297,0.7779835167060919,0.903488780498914,0.4646800481024967,0.8725531555855551
0.0,0.5491638795986622,0.25242555374594544,0.5231041362919898,0.5815831308622562,0.0,0.8795180722891569,0.6930075804843059,0.7779484618400346,0.9172628291827288,0.4627172367660234,0.7918157273034089
0.0,0.5518394648829431,0.24944058391819054,0.4263368851103631,0.5872010730193946,0.4323939532602157,0.9759036144578316,0.7033687220276199,0.7776891143417081,0.9224657282184541,0.4634574386610405,0.835791427607155
0.0,0.5337792642140469,0.24655207224205425,0.2927010064533936,0.5494789493354718,0.4310417419817647,0.8012048192771095,0.7065620563107655,0.7770084212788736,0.930733353226659,0.4639699529716567,0.8235993925075938
1.0,0.5090301003344481,0.2442378143217465,0.2799682237969614,0.5457050575377332,0.3872230222462923,0.7228915662650599,0.6865668708762998,0.7783126188570614,0.948190393014396,0.4657301091467372,0.7970975362807962
1.0,0.4996655518394648,0.242257308758822,0.2686912824556343,0.5196765031147926,0.4204566134772094,0.5180722891566261,0.5976497059676047,0.7794602291066853,0.9643283717850072,0.4589411965982269,0.7539402632467094
1.0,0.5177257525083613,0.2411180126813981,0.2554659221247589,0.5128939906426286,0.4485486278875542,0.5662650602409646,0.5778166436582839,0.7802158020557205,0.9723774268804052,0.4573061642114344,0.6913094836314548
1.0,0.5103678929765886,0.23921267504218854,0.23577973691049656,0.4933132002643589,0.4845120018070201,0.4216867469879514,0.6134444286142402,0.7785091479164422,0.9686560750136732,0.4574535872771444,0.7343570705366181
1.0,0.5023411371237456,0.2399968705304925,0.21965597821695065,0.4690025090113428,0.4839533684308019,0.20481927710843364,0.5984701472372744,0.7773373775145612,0.9698668208405284,0.4560778196464077,0.7037293283833947
1.0,0.4735785953177256,0.24330111628437656,0.20535086854730286,0.44952955830312813,0.4686661342546695,0.10843373493975886,0.5886887186869009,0.7760793250918064,0.9728619437853242,0.4588746726866637,0.6888288896388793
1.0,0.4896321070234114,0.24900973556004116,0.2007738390175171,0.4335076036949277,0.43688180358508377,0.06617647058823521,0.5861537025482808,0.7747862233748392,0.9723164979352568,0.4588806577440934,0.6579311508606142
1.0,0.4956521739130434,0.2528995139805874,0.1756597666948041,0.44656010065038215,0.5423573107563671,0.1617647058823522,0.6331251934423653,0.7736557888632035,0.9705744382193109,0.4603432279898161,0.7298768140398247
1.0,0.517056856187291,0.25740767458396085,0.15704190265678553,0.4512043347704077,0.33582286204216044,0.08247422680412204,0.6196787996993354,0.7725137227798652,0.965703687230732,0.462735350153608,0.7112807964900442
1.0,0.5003344481605351,0.260643247270693,0.14306860122204385,0.4133746665572979,0.5543175074207427,0.13829787234042482,0.6810448589774449,0.7716330200163791,0.9624802877083576,0.4658150156880052,0.8018140398245017
1.0,0.5110367892976588,0.2647051389122914,0.1422590458342426,0.4375161001532788,0.5257770825238359,0.3617021276595752,0.6972817356017469,0.7697535395064047,0.9512693721743904,0.463848496315374,0.8291765102936214
0.0,0.4949832775919731,0.26844846221344465,0.14160787100155664,0.4509634204297158,0.5281516472522186,0.27586206896551524,0.7302418582257835,0.7677476362221841,0.937966252428042,0.463775359388809,0.8631370232872091
0.0,0.4662207357859531,0.2728769326128244,0.13066001907155333,0.4010938168115883,0.5280429048374338,0.2969696969696963,0.7324821050459593,0.7657323115600038,0.9255618312296421,0.4641898157518994,0.8515693553830576
0.0,0.4642140468227425,0.2763864821373669,0.11676256379887705,0.3984952336602425,0.5558218699982084,0.32417582417582463,0.7469798426914405,0.7634584289089689,0.9190125294592076,0.4657244068693556,0.8819946000674994
0.0,0.4688963210702339,0.2777820047468436,0.09241453446893022,0.40633950936497293,0.5370378179022477,0.3254716981132069,0.7740249276586961,0.7606242936330628,0.9144570862588008,0.46500994963044,0.8936044549443128
0.0,0.4648829431438129,0.2757105875048416,0.05631715970846274,0.3938328236986484,0.5993583924492843,0.2877358490566039,0.7991392735901427,0.7570855118706127,0.9033127350595046,0.464072089353639,0.902708403644954
0.0,0.5371237458193979,0.2688794832463939,0.0,0.5086075825783766,0.597777716464321,0.3584905660377353,0.7967860318645632,0.7564684918889516,0.905829263419162,0.4641989180089681,0.8784864052123793
0.0,0.6474916387959866,0.28729574499150723,0.05631096971127714,0.6606738797669989,0.7175155796983975,0.2499999999999992,0.746621206687333,0.7562439338994519,0.9116807487596332,0.4570103024475989,0.8847429311280954
0.0,0.00936454849498336,0.3068794883383257,0.120945878519009,0.30329116842618176,0.4813490497023385,0.6269035532994924,0.7479427557983579,0.7558106569226023,0.9164373994814996,0.4574112172180181,0.8666583134945495
0.0,0.036789297658862914,0.3388915557489496,0.2426778552591177,0.3191555135268536,0.4268544269503788,0.23671497584541065,0.7627893038039978,0.7532406445618881,0.9110668352307141,0.459169569196796,0.8613289896838323
0.0,0.06287625418060183,0.34404699372652114,0.2508651554809324,0.2880162378396611,0.4538524609999847,0.2599033816425119,0.7659531611552991,0.7512394256835307,0.9056372268162364,0.4556960320160098,0.8659566470367119
0.0,0.060200668896320975,0.34779651281531754,0.24529032432801426,0.2841874497220684,0.3971546065765265,0.24057971014492746,0.7907923890561974,0.7492953615396712,0.8997662799127085,0.458348387561993,0.9120995698116356
1.0,0.08762541806020058,0.35347840320292456,0.23814952453222354,0.2968730357791827,0.259822022227293,0.222222222222222,0.7957346879621124,0.7468468141597314,0.8949986643862571,0.4591964034748742,0.8935471745395317
1.0,0.08628762541806012,0.36169520856709214,0.23251748326096394,0.2946673441526099,0.11083097798569724,0.20966183574879213,0.792570830610811,0.7443783081597394,0.8916472951730253,0.4591376163080678,0.8740675771624272
1.0,0.057525083612040125,0.3726516050116653,0.24035812522207625,0.3217522274225385,0.3114105090082491,0.18647342995169086,0.7768498002937869,0.7422794776830987,0.8924870700363537,0.4615371143499717,0.8484400451071298
1.0,0.09230769230769226,0.3871784557810343,0.2663505015179392,0.2952340494797323,0.109741597253862,0.21256038647342992,0.7453733499059195,0.740579811774717,0.8912077113298249,0.4588766913125453,0.7811552437037967
1.0,0.08227424749163881,0.4007408297161457,0.2813649158095814,0.3346850482121077,0.1895501716099895,0.20966183574879213,0.7543687269404417,0.7391818890559144,0.8870108501748807,0.4560805496501785,0.7954141085077058
1.0,0.08428093645484935,0.4190988754233347,0.31316480027390753,0.3355309955856998,0.1905003695943688,0.21352657004830894,0.7402885791627569,0.7380210727262452,0.88781626737308,0.4585025421264403,0.7755299293427546
1.0,0.023411371237458067,0.4380750070094066,0.3401010438496258,0.3614643502919943,0.1870390500987585,0.20676328502415434,0.7533615984357571,0.7364047909095358,0.8821645841919373,0.4561770238176062,0.7966771097187038
0.0,0.05618729096989966,0.4578140754272977,0.3664694402003556,0.3305243118224746,0.1606479174411784,0.23864734299516904,0.7637718681988118,0.7348533637801417,0.8795393012620688,0.4574850778382789,0.7924244054664799
1.0,0.11237458193979932,0.4752346302247885,0.3882008140634804,0.3161410944852801,0.15718616055482015,0.24347826086956526,0.7584365435349718,0.7326991610095134,0.8715827712639473,0.4566798578973828,0.7956148182123464
0.0,0.12240802675585273,0.4940334913191655,0.3998177242234508,0.32017467183563897,0.16651936567398426,0.2647342995169081,0.7630840731224421,0.7318442435561171,0.874365284853056,0.4575135710715771,0.7773746242618329
0.0,0.16588628762541807,0.5162549306700506,0.4323738819663849,0.2928354644800769,0.14692164299638932,0.3227053140096619,0.7413890512849484,0.7302290784038875,0.8758424662633372,0.4583339617046509,0.7741607737950091
0.0,0.16521739130434776,0.5367954258832668,0.4599920694330136,0.2932689106069901,0.1284183028541841,0.3352657004830917,0.7471812683923775,0.7283051862203817,0.8776601837351165,0.4592243863072604,0.7603023652767621
0.0,0.1632107023411372,0.5588987566175301,0.5023476251772505,0.2928300141236302,0.1068341874841738,0.3381642512077295,0.7939120310097321,0.7258171762608464,0.8754172790584093,0.460818270607445,0.7980283956536929
0.0,0.16120401337792614,0.582262466232383,0.5440959547450442,0.33590229687300793,0.09864262252025767,0.3362318840579708,0.8020329257328702,0.7230383733834632,0.8700763310857057,0.4616067925613563,0.8247556493861914
0.0,0.11036789297658857,0.6074468421759409,0.5832661754947662,0.2986524568698219,0.08446943288567141,0.2463768115942027,0.7984072631160062,0.7207438884332623,0.8604330946398691,0.4617606886211529,0.7938773295295976
1.0,0.0,0.6414890387683256,0.6483438190237266,0.19185588920450852,0.0,0.06473429951690805,0.824450132400552,0.7183740293797499,0.8512630509560221,0.4609510941393451,0.8206560256370748
0.0,0.6408026755852841,0.6895615658375138,0.7541843767404109,0.6277410737433575,0.6699374176789964,0.990610328638498,0.8147718731116341,0.7160328222777733,0.8437383896351233,0.4601095907690204,0.8088527402413698
0.0,0.6635451505016723,0.6798035616253852,0.7301865598813766,0.6546275482310038,0.6738823204226989,0.81140350877193,0.8564866444934633,0.7143376583176412,0.8465301831801456,0.4611187515828205,0.8530054603765932
0.0,0.6789297658862877,0.669921185064343,0.6975257791316878,0.6704275301572443,0.6647893840426942,0.8040540540540547,0.8212174955416139,0.7130819408378174,0.8527956774125166,0.4614943698845431,0.8083552700069899
0.0,0.6996655518394649,0.6623122901253786,0.6753368915482024,0.6898179662449239,0.5523682368122842,0.7589576547231276,0.7804705500886765,0.7127829694549627,0.865816409767386,0.4606398535750033,0.7700144261514897
0.0,0.6581939799331104,0.6562474699139957,0.6684555960357859,0.6955489696909081,0.555287682252008,0.5851393188854489,0.7634623604144455,0.7126001466195261,0.8751999918324463,0.4625420857758651,0.7531417778372669
0.0,0.6408026755852844,0.6547195662502345,0.6790556955465683,0.7098176958025454,0.6267674259467515,0.5926966292134832,0.7447985497349532,0.7116770440393948,0.8780605646164369,0.4644129841475014,0.7300673716146879
0.0,0.65685618729097,0.6526186393948088,0.6822675389304946,0.6962255836633411,0.5471184032244142,0.6460674157303375,0.7128259043277048,0.7104202411547013,0.8811470759702106,0.461453483386845,0.674534124540817
0.0,0.6682274247491639,0.6473582093430177,0.6722970401970912,0.7083547169834236,0.5706913120187082,0.6317073170731713,0.7099420778289256,0.7095665368082703,0.8869172400002022,0.4612952653644205,0.6628890971013846
0.0,0.7083612040133779,0.6450262907793336,0.6735820013655656,0.7125518533595419,0.7070842214197899,0.6609756097560975,0.7154493512618583,0.7090125674123072,0.8978477421953975,0.4617151285749668,0.6828403158881006
0.0,0.6655518394648828,0.6419043596494829,0.6780443718585518,0.6223404082924884,0.0,0.6752941176470589,0.6916221646876182,0.7088166829055694,0.9014132630428552,0.463092616204305,0.6493627210398727
1.0,0.7357859531772575,0.6399452542299398,0.6864238144775288,0.7013160274214753,0.7576028854040479,0.8729411764705884,0.6990749156222825,0.7086073005518746,0.9051918951344614,0.4638058047441489,0.6700575558827468
1.0,0.7337792642140467,0.6321817372090539,0.6654249774226043,0.7006184772064553,0.5005119759036141,0.9971910112359555,0.7029413065158756,0.7081134006158846,0.9063284405537868,0.4641567075681794,0.6816728386799329
1.0,0.6341137123745819,0.6235871480760453,0.6343394141930637,0.5949993467446,0.4654562777886243,0.8440366972477071,0.6636485563672627,0.7072659135433651,0.9104302984834246,0.4602838481332465,0.6174839007123841
1.0,0.6729096989966556,0.6226876606239968,0.6317406735372509,0.5890295697519388,0.4407096933367762,0.8843750000000008,0.6694456862966656,0.7062905189539167,0.912998208802096,0.4571962655257187,0.6243846577135295
1.0,0.6093645484949832,0.6194417148226856,0.6304608567943809,0.5380414702249509,0.4217288633620024,0.8687500000000006,0.6954983812251596,0.7053710461752908,0.9220234698518244,0.4565931040177682,0.6545308526301701
0.0,0.5966555183946489,0.6170372479982176,0.6362474723627707,0.521089486893544,0.0,0.9125000000000008,0.7121184579634385,0.7040247922190799,0.927590041899506,0.454813910249543,0.6784083641933996
1.0,0.6280936454849498,0.611432602532916,0.6180491231051851,0.4999923437975813,0.4533014059770718,0.9312500000000002,0.7444153496209754,0.7028426514527774,0.9345919886979812,0.4549567298841836,0.714719136215589
0.0,0.6187290969899666,0.6054965032026427,0.5987087102400714,0.4880603334025562,0.390306210459129,0.9343750000000008,0.7938923797218357,0.7009120309541589,0.9329669309354476,0.4609625164895775,0.790657207870432
1.0,0.5605351170568561,0.6004870346869158,0.5917486197271928,0.4785857506315037,0.4171674897499481,0.9038461538461536,0.8189035563918269,0.7002668140659829,0.9434565395401644,0.4602233794049602,0.8056038905992058
1.0,0.5337792642140469,0.5954816845981579,0.5949601171754455,0.5040243839429772,0.5211452898925328,0.8720538720538723,0.7455354730310635,0.6993830154269814,0.947286458323412,0.4549836871021323,0.7430657802763274
1.0,0.5505016722408027,0.589358483294075,0.5997546834216022,0.4692951755078781,0.5607303113010227,0.8989898989899,0.736112680484797,0.6992532814278062,0.955772709073717,0.454144843233688,0.7242374217344101
1.0,0.5010033444816052,0.5826254847077426,0.5983389723361529,0.4203051883324898,0.5232602955354095,0.6397306397306395,0.7535188087389275,0.6979066588310355,0.9558982798674032,0.452456303819388,0.7450289266645845
1.0,0.4474916387959865,0.5808231445311729,0.6082242106859718,0.4149321789860984,0.5061667565920213,0.5092127303182579,0.7241008307581958,0.6961279257807672,0.9577949976333898,0.45338593057446896,0.7005978673091507
1.0,0.4100334448160534,0.5810018300194086,0.6039620359897347,0.41564153577901775,0.5244529685520559,0.3365384615384617,0.7394091840293979,0.6949838100428537,0.9640228089633964,0.4514785380973498,0.7068144975386307
1.0,0.4260869565217392,0.5819961496077999,0.5887807302682984,0.3882713932445864,0.5112716149045705,0.34294871794871795,0.678662140320021,0.69327838613158,0.9722975547732688,0.4486724722065572,0.6261693362483082
1.0,0.4622073578595318,0.5818947359453361,0.5664682545675553,0.3807742466593108,0.4923597679662569,0.3910256410256405,0.6771833809058261,0.6918669987292329,0.9868477186066468,0.4488395132136093,0.6046119067802912
1.0,0.4775919732441472,0.581699001689048,0.5539863449782924,0.3975959403996861,0.4603479734452389,0.3750000000000005,0.7428530722332212,0.6903184980780576,0.9947765258378728,0.453409783137005,0.6848555154002883
1.0,0.44080267558528413,0.5823041570662026,0.5465982039139834,0.4044264300656368,1.0,0.2403846153846153,0.7499226230539083,0.6887945505478056,0.9993481556763624,0.45424321411719104,0.7016512734396866
1.0,0.4207357859531772,0.5855810262831225,0.5424264308555875,0.3754169692919879,0.4619742637125863,0.08653846153846137,0.7240222256066107,0.6877577748218858,1.0000000000000002,0.4516758515377052,0.6582924565822619
1.0,0.4909698996655518,0.5913239140381685,0.5515769960428097,0.4037409457822254,1.0,0.22261484098940007,0.6977189767574392,0.686958273029073,0.9959127423451728,0.4526937317894067,0.6204943509066538
1.0,0.4916387959866221,0.5939118443108968,0.5536212170511787,0.4041287606094399,0.466663219941958,0.14840989399293336,0.7529489213899356,0.6863224569355727,0.982280674706301,0.4597909780205928,0.7088535880098007
1.0,0.4809364548494984,0.6017616560642891,0.5670968587487305,0.43946354021286205,0.5032265436420195,0.05576208178438738,0.7207404605279317,0.6857612138771564,0.9743658550575052,0.4564938447257994,0.6561573382581247
1.0,0.4668896321070234,0.6122670369328667,0.5883013360697383,0.42750295235448577,1.0,0.2170212765957452,0.7352283725294646,0.6843697629350155,0.9687068970855492,0.4579607508267807,0.6968383721700232
1.0,0.4193979933110368,0.6184568154422679,0.6078854438734561,0.4133158518655157,0.4577974577657761,0.0,0.8268426767019244,0.6832387937931613,0.966063831882398,0.4662831692850841,0.8001486266748095
0.0,0.5096989966555184,0.6262042552703031,0.6380115209204007,0.4714651184013552,0.4111518239707702,0.2961165048543701,0.7448280266667975,0.6809784727677589,0.9571963580651212,0.46093726911585,0.690024205970806
0.0,0.5284280936454848,0.6279940549954119,0.6479312359344757,0.4952201947734469,0.4478528277748792,0.4563106796116506,0.8147718731116342,0.6799418837522256,0.9616747755270872,0.4666729819805314,0.7895254162693468
0.0,0.5016722408026756,0.6307168478642255,0.6509690819345818,0.4554237373812783,0.4427622116696384,0.2572815533980585,0.8779360252322537,0.6785737209628132,0.9745293756588064,0.4715304719320592,0.8796554800828921
0.0,0.4762541806020068,0.6364947308393178,0.6621773993360616,0.42518255133364896,0.4811997564998668,0.33009708737864196,0.8673292425902359,0.6768605700912128,0.9817969602106016,0.4694921017578267,0.8800296454064008
0.0,0.5130434782608697,0.6403109079095297,0.6604315989987906,0.4715530897590151,0.5299508779621381,0.6699029126213597,0.8611194356150116,0.674919946239848,0.9817969883862382,0.4689320338247995,0.8682938061247986
0.0,0.5698996655518395,0.6374103159960556,0.6457609957372539,0.5010841469369892,0.5229203829182218,0.752427184466019,0.91314130749844,0.6723598449882352,0.97217325326752,0.4722560654413653,0.9300454754777802
0.0,0.5879598662207359,0.6310329651654547,0.6032252427244891,0.5230862909814228,0.5374987957089669,0.6699029126213597,0.9162511238080262,0.6691681160927413,0.9687328891017448,0.4727762324500819,0.9266204236702736
0.0,0.6180602006688962,0.6265349151534938,0.5702558813795875,0.5558378424506225,0.0,0.6858407079646017,0.9239986440611352,0.6659643249522625,0.963025872032728,0.4739355905725264,0.9233608680635504
0.0,0.6588628762541806,0.6219956631095813,0.5407134472323164,0.5624897915667457,0.4735081298144298,0.8716814159292041,0.9339471085586272,0.6631424759754126,0.9633817445953198,0.4753154266470256,0.924644275197468
0.0,0.6862876254180603,0.6184601697644607,0.5291620283664326,0.5405128604333607,0.5343002382378962,0.9540983606557386,0.958535782538848,0.6603415373645697,0.9583459346089246,0.4785004923308535,0.9861686819441166
0.0,0.6053511705685619,0.6154652080803655,0.5142616255599914,0.4783432606875406,0.4338211904178715,0.8819672131147541,0.9515595753356684,0.6578417904305971,0.9457839660671676,0.4781910581307745,1.0
0.0,0.545819397993311,0.6141960984341668,0.5030916259336076,0.4661597047592905,0.4199442495113114,0.7540983606557374,0.905831028401024,0.6552438157395691,0.937204522251424,0.4772593682276709,0.9925596169493652
0.0,0.5464882943143814,0.6133028435288599,0.4983347771031539,0.4669531991479531,0.4114941355045868,0.6622950819672135,0.8970812924652046,0.6533060113438832,0.9247854813191208,0.4763769996621151,0.9956135113403866
0.0,0.539799331103679,0.6133074811782284,0.5013803107983223,0.4598889475324254,0.4766832973559086,0.7003257328990222,0.8768257274661134,0.6509610284215449,0.921699252678436,0.478094491086033,0.994016399497673
1.0,0.5050167224080268,0.6130324867708612,0.5050368231720608,0.4751670176551739,0.4527411688825037,0.6416938110749182,0.8605790251978639,0.6487246488104091,0.9138366934275528,0.4767280615230829,0.9675953335946168
1.0,0.4869565217391305,0.6117319207537144,0.5054094993455337,0.4548134282194974,0.4964787576648656,0.4984126984126988,0.8354892433762875,0.6462072002299725,0.9081298570836224,0.4740558653454465,0.9248315232294358
1.0,0.5130434782608694,0.6132043654778809,0.5062720591881545,0.4830857022243151,0.4915494190312187,0.4285714285714281,0.8140889908572383,0.6439587971843103,0.8929255858076129,0.4720773582002246,0.8723834966357764
1.0,0.4849498327759197,0.6179535155915999,0.5200739826870928,0.4578153306857239,0.4106887175944786,0.438095238095238,0.8484885703196773,0.6416495610957907,0.8720576473703122,0.4733836203359277,0.9235105957616956
1.0,0.503010033444816,0.6234013814673363,0.5281136810736026,0.474358152714786,0.4487137798303395,0.7269841269841271,0.8675650580449915,0.6397974050007272,0.8567207565440692,0.4723693616608308,0.9441663334666136
1.0,0.5538461538461539,0.6216869512320413,0.5204947583537503,0.4720608209016665,0.4332404149682951,0.7904761904761903,0.8802106618062482,0.6383929742536602,0.8479173697226766,0.4738947356477839,0.9889036732389828
1.0,0.5471571906354514,0.6157695751636294,0.4949121958985236,0.4662199567593984,0.4758679110260692,0.6476190476190475,0.8432515020953186,0.6364421955789051,0.8380701338026452,0.4729943344879925,0.9410910850368944
1.0,0.5632107023411372,0.6135332361027497,0.4805227788913794,0.4301260738157363,0.4508050308247176,0.6634920634920638,0.8177834329817388,0.6348424967638343,0.8281991892295265,0.4707973868104359,0.8720535462279748
0.0,0.5672240802675586,0.6142812681537644,0.4788306908770418,0.4335860211199121,0.0,0.6603174603174601,0.8122565082609101,0.632366615792089,0.8197960816036359,0.4693608604423616,0.8807306157009801
0.0,0.5411371237458193,0.6148626481569797,0.4743646471682533,0.4100889569921341,0.4553206567244581,0.8285714285714287,0.8473094930459002,0.6295725948376033,0.8129610851598897,0.470822646039065,0.9051489859279868
0.0,0.5652173913043478,0.6136256771926345,0.4606593763534302,0.3786733181676702,0.479978790747592,0.876190476190476,0.8508565505111791,0.6263073462234215,0.8063399522579734,0.4721994442533105,0.8755400882995275
0.0,0.5016722408026756,0.6092258986911205,0.4391393222963845,0.3762236976858371,0.5208402289097442,0.6603174603174601,0.8507877710035419,0.6234080267909482,0.7999686793311135,0.4720531977539174,0.8827285125446661
0.0,0.4488294314381269,0.6121289143353945,0.44585560717136585,0.3779593775957609,0.5031583438158971,0.4767441860465111,0.8269114562095613,0.6215703318834173,0.8015111805830423,0.469924789443708,0.8246489550555808
1.0,0.3531772575250837,0.6171560368685529,0.4564338364808678,0.3479910046763042,0.4756280903796711,0.2892768079800501,0.781349945222035,0.6194077107808204,0.8036967074758,0.4681673948479828,0.7604008733094794
1.0,0.3438127090301004,0.6250223005048334,0.4658919792355351,0.33618991480656346,0.4822184288227984,0.21179039301310024,0.7873239367425042,0.6184748187357493,0.8058705999399288,0.4693250781647776,0.7539330830405309
1.0,0.3297658862876254,0.6330075536827915,0.4855437072846448,0.31704259581740657,0.4999590211294736,0.0,0.7412465794477006,0.6170803849257877,0.7995944972513046,0.4666691534255252,0.701857522855802
1.0,0.3725752508361202,0.6454588883599639,0.5276120853868621,0.346043686422818,0.4557463030472077,0.2403100775193797,0.7077460464065162,0.6166360436915799,0.7972095387618695,0.4627765548943085,0.6380773558054109
0.0,0.3685618729096989,0.6529958259173974,0.5687736363854962,0.3454484934359551,0.4673151426029644,0.3504901960784311,0.7825339353177858,0.6157592781880411,0.7991810875698283,0.4748010222703321,0.7650742267890235
1.0,0.35317725752508344,0.6558419775972006,0.5796775579167113,0.3238928212015668,0.4847026882642471,0.2794117647058824,0.8242094041238227,0.614459884476536,0.8040844435193356,0.4779079526310375,0.8165166506763538
1.0,0.4046822742474917,0.6591075618564897,0.5792296916185844,0.3333462756277068,0.45979866587960705,0.3357843137254903,0.7772870414494788,0.612307777232625,0.7968081421047676,0.4723599441865202,0.7380127580726669
1.0,0.43143812709030094,0.6611071298468423,0.5561979386564031,0.3093133301964099,0.4602868465072727,0.4191176470588235,0.8638951800303613,0.6103433620985393,0.7873248220839476,0.4834134493804722,0.8538900403541797
0.0,0.422742474916388,0.6603669273632613,0.5273666581213816,0.31823731683945794,0.42264548707796973,0.3872549019607846,0.9279682042161836,0.6079614297611909,0.7734816714484606,0.490731668531457,0.9346230293984692
0.0,0.4387959866220737,0.6619959860609932,0.5131557719067474,0.3335160436942054,0.4603583576737646,0.23774509803921615,0.9447012758598664,0.6053688256757218,0.7648478762207549,0.4897761837251736,0.9547936653726652
0.0,0.44080267558528413,0.6670586956782725,0.5172597041718606,0.33615069695719657,0.4540023198628145,0.3480392156862748,0.9363249143940772,0.6026353756669619,0.7526159318390816,0.4890613983330037,0.9357403871595192
0.0,0.4856187290969901,0.6719846165596581,0.5267161098072521,0.3245147881436922,0.3964231844922735,0.5049019607843139,0.9758190902436268,0.600748398269712,0.7536943783170325,0.4921337423990893,0.9766032357527394
0.0,0.4628762541806018,0.6722733082067001,0.521549695213024,0.2981448347797335,0.3702576055746944,0.3676470588235293,0.9733528536126436,0.5989324207192391,0.7526641923843913,0.4902680518001351,0.9966251225318584
0.0,0.4334448160535117,0.6766158964134112,0.5330507879155724,0.3096087210076807,1.0,0.2818627450980396,0.9248976904823901,0.5982053254493284,0.7580819883720237,0.4882654898504808,0.9306189609298424
1.0,0.4100334448160534,0.6834835191683035,0.5530183588907596,0.3281370941243496,0.4167350020288535,0.23529411764705896,0.9250254238537158,0.5967070694622661,0.7566493311472007,0.4868781149531856,0.9560495728889512
1.0,0.4267558528428093,0.6926374927686436,0.5752630821919515,0.3519841648686936,0.3535518887512514,0.2181372549019608,0.9650698357643612,0.5947924766040783,0.7585371755065359,0.4900544623514469,0.9988166923400088
0.0,0.4782608695652175,0.7034327732152572,0.6035114977703755,0.4034072251719701,1.0,0.4436274509803926,0.9543746223268104,0.591903131391578,0.7586077135498634,0.4891059718362055,1.0
1.0,0.4414715719063546,0.7112725080597313,0.6231954056485539,0.408080231128702,0.29336815919100745,0.3921568627450982,0.9413359928076288,0.5895008130961633,0.7578024690066025,0.4876390195896406,0.9985228519195616
0.0,0.43745819397993296,0.7203043790573309,0.6529177191437757,0.40510539146312174,0.310261310973978,0.03493449781659316,0.9345464728394636,0.5871218749074313,0.7562890261037697,0.4868455804419333,0.991483087215828
0.0,0.4762541806020068,0.7274126550943003,0.6698577888808996,0.4023802090895564,0.512654434501168,0.01587301587301647,0.9371158787319022,0.5844189239264143,0.7504953678178349,0.4874986782581773,0.9961218179256542
0.0,0.5478260869565218,0.7326858425622085,0.6885257962308289,0.4433904056239224,0.5933515729434231,0.5054347826086956,0.9048926794039764,0.5823320119892199,0.7493946687618408,0.4841212309101892,0.9505720374204664
0.0,0.5250836120401337,0.7337234451240524,0.6886029589704488,0.4631851001994585,0.5764575943309951,0.4782608695652169,0.8977789131855226,0.5802603165038059,0.7466540632577293,0.4815710549027525,0.994210452396186
0.0,0.4976588628762543,0.7321966507182085,0.6789513912451535,0.4786808921641738,0.509375749179933,0.418478260869565,0.8951898560051879,0.5786922317361837,0.7510884267073108,0.4819051081888043,0.9748865070839968
0.0,0.6040133779264214,0.7297030726323264,0.6557707497696179,0.5611586544205216,0.0,0.6086956521739136,0.8826474215053868,0.575891757221847,0.747841196842145,0.4837169681895224,0.961377125787002
0.0,0.6695652173913045,0.722589040513566,0.6257373053640718,0.5929571624138087,0.5166080705860576,0.9597989949748752,0.911721501947934,0.5740883060445411,0.7528413222537615,0.4850199843822594,0.9800534730008392
0.0,0.6789297658862877,0.7149328087801201,0.6007731036059764,0.6015549724541109,0.5225347170831759,0.9746300211416496,0.9089555831765326,0.5720801182921559,0.7497857730064388,0.4835918290475364,0.9956640399769368
0.0,0.6374581939799329,0.7088741150670534,0.5767775133136915,0.6113821555647828,0.5544360317378656,0.8287037037037033,0.8942367685422182,0.5705548912907318,0.7463000865768905,0.4855106078307891,0.9955577182682952
0.0,0.6127090301003344,0.7100435738280335,0.5794704212070124,0.624720849762847,0.62168930236034,0.8009259259259259,0.8828881497821163,0.5674009982159626,0.7295015138708683,0.4843186377721237,0.9811441937913812
0.0,0.5217391304347826,0.7108740970447844,0.5464455135741599,0.543142611552783,0.4548409684265834,0.8009259259259259,0.9008936423170832,0.5639516852169942,0.7129343145249409,0.4882226961845123,0.9607213094445392
0.0,0.47424749163879604,0.7105635567144128,0.5173610130525761,0.4885557702250152,0.5696437792385417,0.4074074074074069,0.8849367965453036,0.5601101859678933,0.6938819909911162,0.4866630908604183,0.9244681905139364
1.0,0.5290969899665552,0.7127134889369144,0.4771459271822699,0.4992669863260182,0.5389964876528669,0.6018518518518522,0.8629224412794954,0.5571352463075813,0.6829456103823737,0.4846558086731506,0.8687404816116046
1.0,0.5003344481605351,0.7120761254666691,0.4676795482820724,0.5196175770850143,0.4861862146174721,0.5879629629629627,0.8922519884646939,0.5567533196671631,0.6868228563174112,0.486297977974187,0.8967252565593615
1.0,0.4943143812709031,0.7122900716192102,0.468457511291049,0.5125072679056025,0.5367734585976062,0.4861111111111114,0.8415565785142642,0.5572509203504245,0.6985955488228628,0.4726424274145486,0.8973616261803925
1.0,0.5190635451505018,0.7123713080259833,0.4606347130739802,0.489090899869562,0.5536014987977178,0.527777777777778,0.8259288918147473,0.5582998350081542,0.7112400925019748,0.4732639696935344,0.8892936297206557
1.0,0.5384615384615384,0.7112594396841985,0.4424217320216045,0.4592213422488413,0.5041964193549364,0.6018518518518522,0.8388152238527332,0.5573012600443584,0.7157194596031934,0.4717192042799716,0.9080701908377404
1.0,0.5384615384615384,0.7100912476502552,0.4239808649537946,0.4592605123127418,0.5190343780565135,0.4537037037037039,0.8433350200688776,0.5555908297939037,0.7183613744252636,0.4686057468791319,0.9139364947005773
1.0,0.5431438127090299,0.7106524368174085,0.4064483079343261,0.464263892784177,0.5648794938260309,0.5231481481481477,0.8589676195903688,0.5540293719126116,0.7164942903143354,0.46749005351069206,0.9295750952725784
1.0,0.5759197324414715,0.7120397693530145,0.4006041666859701,0.4492099213880855,0.5455219310493773,0.680555555555555,0.8535340384870473,0.5522539837729948,0.7135965976092826,0.4701820901743598,0.9279731993299836
0.0,0.5819397993311036,0.7093724351181612,0.3804968104420364,0.4558837032409309,0.5913909963568448,0.8333333333333336,0.8648482674933307,0.5502184326928682,0.7079062231738403,0.4682751717892146,0.9392084147081842
0.0,0.6046822742474915,0.7061322488168227,0.36986981126886825,0.4782773612133602,0.5764345725811357,0.7268518518518519,0.8537305513660102,0.5479846114305321,0.7040377258259768,0.4674733232147321,0.9054296226401294
0.0,0.5705685618729095,0.7024988538096812,0.3496427547568825,0.4914873759234565,0.583603649301809,0.671296296296296,0.829195918427504,0.5454538705481912,0.6998913650455216,0.4681793652596238,0.8704731810435
0.0,0.5986622073578597,0.702367447017145,0.3372670842258423,0.4701759873402128,0.584144310954606,0.8055555555555565,0.8461058516622533,0.5431577586916084,0.7036678215055743,0.4672552146124303,0.8743352863297567
0.0,0.5926421404682274,0.6995868270694301,0.3205815486162086,0.4624201995127297,0.5252854419623937,0.944444444444444,0.8499820681997946,0.5399730993196817,0.7034273981805028,0.4682252637257798,0.8661795147498776
1.0,0.4943143812709031,0.6963476835698972,0.3094517206659308,0.4074765812317158,0.5613387579683408,0.37914691943128,0.878741728036001,0.5378197613190446,0.7041126970032261,0.4694944686934488,0.8792141200909934
1.0,0.4367892976588627,0.6986634977784236,0.3103183450055921,0.388733999696351,1.0,0.1800947867298574,0.8559167571444712,0.5351347188845751,0.6952602496360959,0.4690308891542137,0.8614030852954729
1.0,0.4468227424749164,0.704219115518937,0.3006416238978801,0.4018170550370175,0.5695299017240485,0.0853080568720378,0.8746788242634451,0.5341358199551872,0.6972530988235062,0.4724702473691523,0.8593939128786222
1.0,0.4374581939799333,0.7127501328433679,0.2805147699101869,0.3937286848652065,0.563467314337776,0.0632911392405064,0.8384369365607298,0.5328235925220978,0.6996493974038079,0.4690643731974338,0.8392558721670305
1.0,0.3929765886287625,0.7212013887575763,0.26014792187511304,0.3605608373372937,0.5723885284511553,0.11666666666666704,0.8261204918717359,0.5322847279831157,0.7089182699056487,0.4709716022217855,0.8265337325150584
0.0,0.517056856187291,0.736300091141932,0.2882311963056645,0.4335677075751791,0.6223119148850921,0.6612903225806452,0.8286505951883818,0.5294882859429048,0.7026743998801088,0.4714963047122947,0.8243007801110787
0.0,0.32173913043478275,0.7409887225053948,0.30678395967273475,0.33890169730207986,0.690568341073287,0.5436752446538601,0.9006971294381205,0.5268631048057729,0.6965833229282008,0.4807789072649502,0.8744284281864018
1.0,0.2722408026755853,0.749881565629833,0.34252715897646363,0.3401530146023319,0.7196453731048539,0.2095238095238098,0.9056836437418018,0.5244004774871046,0.6894930344252231,0.481037549313603,0.8941223662542754
0.0,0.3050167224080269,0.7530985371726806,0.3409855333240797,0.3173719986287517,0.6754916947305774,0.27372262773722605,0.8872703869829867,0.5239873459022558,0.6980410608150759,0.4817204265110345,0.8774015116328168
1.0,0.31772575250836105,0.7524088492056453,0.3209438057824772,0.32991276408403464,0.6749338131688531,0.25,0.944106824401004,0.5239506836661955,0.7100607016030093,0.49089627163621397,0.9813086742952049
0.0,0.31438127090300994,0.7535387974376526,0.3035530507006177,0.32403842884198314,0.6583284616066842,0.19890510948905094,0.922367587165744,0.5230443117827225,0.7185286825870841,0.4898404237816622,0.972265619502034
0.0,0.2842809364548495,0.7578646672260718,0.2992118296740782,0.34698162083497835,0.5866044802253793,0.17518248175182485,0.9441903423745632,0.5215671779390866,0.7267844694158893,0.4899301697112429,0.9992821855339272
0.0,0.2508361204013378,0.7639436502136683,0.30149934222358804,0.3572174095663411,0.6320234167994235,0.11678832116788325,0.931903374617414,0.5193985034786349,0.7342106640550623,0.4923421245016845,0.9898674040984188
0.0,0.2655518394648831,0.7731298505666071,0.3099440130991241,0.3261170508458895,0.590919009206576,0.13138686131386895,0.9333330058118684,0.5173031449794004,0.7397460148165832,0.4924527466852587,0.9945259873785716
0.0,0.2260869565217393,0.7810804296695399,0.30800873810640866,0.3433322116625385,0.6214474986106104,0.10401459854014597,0.92000943261819,0.5153390999759823,0.7483995099178096,0.4910092137639255,0.9927246904007944
0.0,0.2871837642479849,0.9973252097155894,0.6308333000181718,0.4826383295373999,0.5100528780014595,0.4827366714238813,0.5311792246584358,0.9876416516802424,0.3621795260509752,0.5148829710661211,0.8304071745702466
1.0,0.198498748957465,0.9965290257957726,0.6628783769250752,0.4909353796921849,0.4982140477673799,0.2953124689254677,0.5503146662474392,0.9869499786981384,0.3734012125176319,0.512543642142056,0.8441504231124378
1.0,0.2460383653044203,0.9956672144284792,0.6953221832953147,0.5126149068047592,0.5047500770973917,0.1141340411413404,0.5056325503932712,0.9871529967170954,0.3794693767671601,0.5132126448304439,0.7967542406112043
1.0,0.3830970252988603,0.9983013163785308,0.7018852579031203,0.518267530435271,0.4723255477052395,0.2459363957597185,0.4443696603766172,0.98907596165884,0.3873330370821911,0.5125066462338401,0.7553474075666925
1.0,0.34751181540172377,1.0000000000000002,0.6936051444531257,0.505565000757646,0.4646938816059545,0.3349823321554775,0.4523529960844807,0.9914210967093784,0.3924143193425438,0.5129254659326258,0.8019024248327156
1.0,0.33249930497636954,0.9998177527865776,0.6592732346029584,0.4985157631163611,0.4923874423240249,0.2614840989399304,0.4652982819861557,0.9922003182759694,0.4032666755754648,0.5137651400301384,0.8346952199046259
0.0,0.5852098971365032,0.999587566535179,0.6264720070752853,0.5509381430057992,0.4682622835649182,0.5816254416961141,0.4500587082225904,0.9924233138150031,0.4118320321707691,0.5127758354825722,0.8094539382976842
0.0,0.5493466777870447,0.9941921542706916,0.5745533894436183,0.537600161849721,0.4736795078188425,0.4862190812720843,0.4829353128730672,0.9919582176922468,0.4167895854843183,0.5149566290052425,0.8754822469863516
0.0,0.4703919933277729,0.9913062890766826,0.538879794432913,0.5044755820176478,0.4875177206813606,0.2805653710247348,0.4838097951844516,0.9911112013477468,0.4144578965020765,0.5150564339747568,0.8669061563175934
1.0,0.5315540728384768,0.9932155219918076,0.5518360390875391,0.4815120134993255,0.499513654849187,0.3250883392226163,0.452490555099755,0.988750172991494,0.404933441998414,0.5130030892648807,0.819282289993296
1.0,0.3830970252988603,0.9910017497524012,0.5252186430982393,0.4685794081063481,0.459937964056652,0.2268551236749121,0.5130951269718839,0.9856792075852584,0.3896700366259367,0.5136055825052577,0.8716622183993827
0.0,0.621351125938282,0.990734896848038,0.524533570634786,0.5123575917865005,0.5088675002746454,0.3265017667844525,0.5378704881871192,0.9824611923581102,0.3763916882470584,0.5154508427490749,0.8637185827946923
0.0,0.6561023074784543,0.9862603675314624,0.4905893186118591,0.5242309674441894,0.4914187550664748,0.36840665659598537,0.5695483642759236,0.97969458939292,0.3588682834100462,0.5139864191718035,0.901887245911178
0.0,0.6622185154295246,0.9850489141106862,0.4940753749628759,0.4755855651452125,0.5838707391083792,0.4478935698447886,0.5868316719807025,0.977193783229672,0.3452527061900388,0.5115209181071798,0.9127654730131424
1.0,0.5927161523491806,0.9837179722648586,0.4849888818139144,0.4528738308012051,0.5506560535697602,0.2560975609756101,0.6078929397835411,0.9746587407276592,0.32993605369337065,0.50934756105238,0.9151435040540368
1.0,0.6786210731164857,0.9857357480167709,0.491284870952785,0.4335507285125552,0.523640153020125,0.3435281267067172,0.5998359117460662,0.9725064470425164,0.3221658506259182,0.5088450487599274,0.9034177871662216
1.0,0.7711982207395053,0.9893159642135638,0.5188792394750176,0.4192382988765788,0.5804476314884652,0.5473632812499992,0.6087084682312371,0.9708578865232956,0.3144224056694737,0.5094554826554583,0.9169712991891928
1.0,0.5443425076452597,0.9889910092761092,0.5160198778098966,0.3819377952629957,0.5668489463873774,0.4184808901790029,0.6253629347233342,0.9702160610409002,0.31476821409745226,0.5069432320140335,0.9282100256776756
1.0,0.6713928273561305,0.9939613144942544,0.5555378184119254,0.3699819443286112,0.4903976219653636,0.44799225931301423,0.5969127826714942,0.9693507330539624,0.3168613912744665,0.5084008223467535,0.9249212593445236
0.0,0.7595218237420074,0.9959367290598622,0.5691735823960729,0.40264744659545626,0.4534942937934338,0.7387518142235121,0.5687082717183576,0.9690483998167128,0.32602733340460466,0.5066086913008683,0.8860189483537194
0.0,0.8507089241034196,0.9915633202097154,0.548998401761724,0.4436805152709399,0.4651687330297121,0.9443638122883404,0.5657409272460192,0.9690940883700292,0.336038378724192,0.5063489951588641,0.8890673817625254
0.0,1.0,0.9806121873327472,0.4909987741504919,0.4277862544621892,0.4909904090507409,0.9842209072978292,0.5337977587706151,0.9700380548412048,0.35215867733349804,0.5075721826914087,0.8864047459428004
0.0,0.8993605782596614,0.966410270478976,0.3972351058485639,0.40343909880388135,0.4660267222745461,0.9216931216931222,0.5113314238831926,0.970740792172978,0.36445026697735294,0.5095618681094003,0.8842607232756113
0.0,0.8773978315262727,0.9601811249992755,0.3785589729492567,0.3988611502316543,0.0,0.8052016985138011,0.45327660661560604,0.970060217039902,0.3749874147659956,0.5057007176331587,0.8076957132195756
0.0,0.8206839032527111,0.9572638129804456,0.3797925752384814,0.3657824656554706,0.4395344272115797,0.9408067050811946,0.4128833843448017,0.9684221422996876,0.3777485466042,0.5029376121693906,0.7492884880529241
0.0,0.7186544342507646,0.952434449035102,0.3824195209526953,0.3825074452889372,0.6509866252070111,0.9427645788336932,0.4532864322595544,0.9668619232443736,0.3846287879200714,0.5021764514155406,0.7851929620400468
1.0,0.5852098971365032,0.9467985816842754,0.3853359284062913,0.39646943020747466,0.7106386208637019,0.7107438016528927,0.4524266884140921,0.9645147687752814,0.3873269826594175,0.5021516106144432,0.7754721277053265
0.0,0.5109813733666945,0.9441815766885736,0.4102984194586836,0.4199507770315961,0.6865677779501503,0.7074380165289256,0.4271305680696046,0.9628605460350124,0.3882732201694742,0.5004669965841297,0.717760603109149
0.0,0.4856825132054491,0.9418543941254124,0.4495566844921504,0.4613944340046362,0.7659305311707427,0.7035812672176311,0.4209600636701728,0.9613112008853664,0.39119284977665736,0.5037060294739792,0.7146362750926548
1.0,0.4175701973867116,0.9382470139606804,0.4753586449131232,0.487483828492701,0.0,0.6170798898071633,0.43874447921630655,0.9619311675875594,0.3966739674851598,0.5013285643609326,0.7234969705402429
1.0,0.5159855435084795,0.9356560225505084,0.4892736623438628,0.5231130408530532,0.5466879860340961,0.8347107438016529,0.3797070975539063,0.9633993786810128,0.4084151771167557,0.5006057226116603,0.6911848413170246
1.0,0.3135946622185156,0.9274038619681408,0.4309696505808586,0.4834250948857427,0.4793587797720941,0.5373234700739749,0.4319107438503751,0.9653300910017903,0.4080867863527631,0.504275380062184,0.7922068887005578
1.0,0.301918265221018,0.9255911862748636,0.3920458226527685,0.4760020123538602,0.4741761841167852,0.4108944182918636,0.4375899660523999,0.9643234699445472,0.402815381627606,0.5009851539342995,0.7940916047914793
1.0,0.32193494578815723,0.9252621663474331,0.35351456259170905,0.4864709069024134,0.482334002293798,0.4095494283792873,0.443603260148662,0.962730388383318,0.3869161991400325,0.5015301084831307,0.7675980621576837
1.0,0.3072004448151233,0.92610713503295,0.35782071041536323,0.4781115583262682,0.4784219972405552,0.3449899125756553,0.4484030872173288,0.9613664079880012,0.3770619899170157,0.5018177252033916,0.7894746828237855
1.0,0.2310258548790664,0.928236063913452,0.3827874063224482,0.4899309924295538,0.4888224423231461,0.2313382649630135,0.4120531174311836,0.9613035843758531,0.3720499153218565,0.499273827058871,0.7411740895809354
1.0,0.22296358076174586,0.9328376076669559,0.4399089814020928,0.4844142688539666,0.4429948686478415,0.19233355749831865,0.3589504247134596,0.9615754470569025,0.37630658053835264,0.4990887999761262,0.6836017050988525
1.0,0.36891854323047024,0.9386985607511278,0.4941434225697284,0.5488940217231625,0.4691741972624472,0.5561533288500341,0.35075583766071045,0.9618387430049076,0.3885249483840766,0.4984410563459755,0.6917224281214819
1.0,0.21573533500138986,0.9393638576031988,0.5061517258039103,0.4993230187918797,0.4558587760794812,0.2898453261600539,0.4310510000049128,0.960952912408882,0.3875160275762154,0.5006741365747782,0.78372566629141
1.0,0.29608006672226883,0.9440228828266672,0.5285832626527711,0.4872577825777708,0.4420758960678784,0.4808338937457972,0.3879360743604733,0.959195334772932,0.3904611944737912,0.4976068870458527,0.703271057591358
1.0,0.3500139004726163,0.9458580428303528,0.5388290340110222,0.4729067659116485,0.4208776392200848,0.5460659045057163,0.4166171290450947,0.9584117257232364,0.3915656023990453,0.4997635782440013,0.7464930366697448
1.0,0.1815401723658609,0.9459129679856928,0.5397641738151031,0.3606594398547455,0.38146544610715,0.21452589105581785,0.4432593626104773,0.9562938009423021,0.3875846382453305,0.5017454542195628,0.7880516589296331
1.0,0.2065610230747844,0.9519020991360954,0.5949783189410909,0.3895008215362339,1.0,0.16005379959650362,0.4178698986484827,0.9547959752442524,0.3774541518007805,0.5000831073054021,0.6948467561379766
1.0,0.17319988879621925,0.958573554740224,0.6577893785193334,0.3424606795803008,0.3940826890701748,0.061869535978480265,0.3830527293182477,0.9532170298998658,0.36851322341166304,0.5010190817910601,0.6829882236867073
0.0,0.3060884070058381,0.9681594786416664,0.7513379845297444,0.37955014353080013,0.4640952731070693,0.12101313320825445,0.3597708659831293,0.9529907812369104,0.3683145086830443,0.4992774808311167,0.6438772025247608
0.0,0.4083958854601065,0.9732523088896994,0.8240136921768504,0.4251259259436506,1.0,0.1895424836601328,0.4663791028204515,0.9509140321037376,0.3464858100533881,0.5037960633249753,0.7612545378650849
0.0,0.4548234639977757,0.974616035342336,0.8886866498024445,0.4314531694442029,0.4191696963386234,0.2209150326797381,0.5441982028897221,0.9470343526872936,0.3177468128792437,0.5061223663419754,0.8290853434863454
0.0,0.583819849874896,0.9748102195196856,0.9222292383367752,0.5269661702960857,0.4520837627975891,0.5243976887147389,0.6046799542124988,0.9444074546103428,0.3001618919029612,0.5071631458824287,0.8599997470179741
0.0,0.68334723380595,0.9714319729027184,0.9166274230442376,0.5726273947293441,0.0,0.7074592074592091,0.6414671651543363,0.9418736226241744,0.2984834553561692,0.5096290182918909,0.9396258395840976
0.0,0.7931609674728943,0.9669481347252052,0.8824397582820518,0.615923126129643,0.3635950375956448,0.8750957854406134,0.6668517162943568,0.9400609093420206,0.2980259127217736,0.5078923994323954,0.9493466739188179
0.0,0.8501529051987771,0.9625306012612376,0.8625721310249426,0.6039768214698785,0.40585312011325775,0.9472573839662446,0.6847638652118164,0.9364350814792431,0.28877520694555936,0.5055599611372485,0.9612368291232908
0.0,0.8351403947734228,0.9602002739086586,0.8806056936986082,0.569857983145713,0.3367314146957472,0.9818181818181824,0.697645284427828,0.9351317517826676,0.2930966837163511,0.5066448251719465,0.9546592964569866
0.0,0.6980817347789823,0.9585710546673432,0.9022290387310206,0.4648024488292315,0.3735894843398171,0.8797202797202798,0.6878294661236356,0.9337452681902416,0.2965901801847713,0.5053140389756553,0.9959522875899663
0.0,0.6572143452877397,0.9588653518069974,0.9588632529608636,0.4881766804029816,0.35839298628901145,0.8279720279720274,0.6603225758908171,0.9350167108339285,0.3139360947397508,0.5036208800367877,0.9997795650082829
0.0,0.61273283291632,0.9571288523051118,0.980117262687737,0.5029467911755444,0.3733008157685427,0.7979020979020988,0.5869102771322876,0.9354718102280264,0.32500500200086635,0.5013951488867169,0.9912634591795008
0.0,0.7075340561579093,0.9546995648744034,1.0,0.5139596348786767,0.38638288929699977,0.8713286713286711,0.536509636500302,0.9373300988130708,0.34705579239372264,0.5013918885059963,0.9434510017718409
0.0,0.7492354740061166,0.9495062405851178,0.9526730586949276,0.5356502886317903,0.4003688614082986,0.8510489510489514,0.5326530712506568,0.9370246681956051,0.3565692909434077,0.5009365210650623,0.9655308709281716
0.0,0.7909368918543234,0.9453144806327448,0.9120916823535068,0.5009210455858221,0.4461721060354996,0.8622377622377623,0.5155220610270743,0.9366922236420588,0.3654942787406419,0.499796427246016,0.9324246967425374
0.0,0.8262440922991388,0.9418310538134134,0.8890438762951096,0.5373251004943819,0.3883260779773057,0.9706293706293716,0.4989609381524839,0.9359763605487288,0.3734863103689071,0.498415714317061,0.9340261687338146
0.0,0.7920489296636086,0.937308280262496,0.9109336388283668,0.5559140341835921,0.39554479618658894,0.9675414364640884,0.5186760927344278,0.9357428391031648,0.3866110019252715,0.4998391081544306,0.9707509881422924
1.0,0.7439532944120104,0.932019257586368,0.9480293260988804,0.5757821398263822,0.0,0.9005524861878453,0.5149767377879527,0.9340188706907578,0.39553106561189255,0.4995213256266453,0.9729726046067869
1.0,0.7920489296636086,0.9267620761454112,0.9486614832888756,0.5604697616206112,0.4536138682692541,0.9785911602209942,0.5024490417540739,0.9321529911506172,0.3872077037111601,0.4987492390006775,0.9350415701240284
1.0,0.7422852376980824,0.918192088554596,0.9148523362901704,0.5893078202025822,0.4674969319300088,0.991249005568816,0.4930508133176781,0.9298013559256284,0.3739888721154549,0.5017541759005794,0.9271091726863842
0.0,0.7995551848762859,0.9101801442920584,0.8654108092027737,0.6163494874912151,0.5408766570986188,0.9934853420195429,0.4816628919817834,0.9279504971339428,0.3645651399549629,0.5010143511587705,0.896558538912362
0.0,0.8434806783430641,0.9008963278920284,0.8233302558100909,0.6350756563963449,0.439555128923374,0.9892884468247908,0.4685309188450938,0.9261869453189668,0.36740090468244346,0.5000941059445545,0.8739948207714321
1.0,0.8609952738393104,0.8905641099530899,0.7558643261182425,0.6425901240724198,0.4344320132889083,0.9758389261744956,0.4772413522051203,0.9260399855803804,0.3757866225939719,0.5007457102499254,0.8898528008722911
1.0,0.902696691687518,0.8784877999897327,0.6705094319389274,0.6600882852183446,0.4732529620788569,0.9972394755003456,0.4554087713523525,0.9254973054089398,0.3817339675961916,0.4989215272272374,0.8972127572577342
1.0,0.9752571587433979,0.8686286500998828,0.609379807210529,0.6876953990385334,0.5419341108445103,0.9644588045234251,0.4562390382659701,0.924363090670345,0.3862672060490453,0.4990391361698044,0.8832288401253916
1.0,0.814845704753962,0.8611193650517031,0.5789304403377251,0.635236938223395,0.5512101569340121,0.891000558971493,0.4767107674319208,0.9215762221590416,0.3818780150436272,0.4968995783637091,0.8957339512062151
1.0,0.7128162357520158,0.8580667860240709,0.5810125762370186,0.6379351154468315,0.4633255163849872,0.7193963107881506,0.4399088180241612,0.91755547719035,0.3691193338551194,0.494294936807014,0.8237767479896415
1.0,0.690019460661663,0.8573422564381317,0.5946624902989093,0.6293455846374334,0.486000179768692,0.6277249860257134,0.4668949491277285,0.9146545019112768,0.3599232351567643,0.4965109093646173,0.8063172958975059
1.0,0.662218515429525,0.8573097171907913,0.6018457195224162,0.6087852460568169,0.583704905858528,0.6646171045276696,0.4341264265606808,0.9119164689769054,0.3511248794963626,0.4977064140426675,0.7724955703966201
1.0,0.7912149013066454,0.8573371333058308,0.6224397164779651,0.645331934130685,0.5595531946640542,0.8585802124091686,0.4052095564213037,0.9114361780229088,0.35274846280466376,0.4955580909391003,0.7157012402889464
1.0,0.8031693077564642,0.8517224914184456,0.5932323084734217,0.654548326812656,0.0,0.8993851313583014,0.4318026617669458,0.9107393515047414,0.3553603632656702,0.4976111889231361,0.7698855117895598
1.0,0.8890742285237698,0.8457688898398394,0.5679164054869822,0.6578509219755082,0.5356865997996988,0.9647847959754056,0.4356051859748761,0.9102988049869072,0.3592588724181224,0.4942056180849842,0.7705601744582253
1.0,0.8042813455657497,0.8371835803084229,0.5348631640131389,0.6615037841390193,0.4313050752596299,0.9770491803278692,0.4463151378783485,0.908903113079778,0.3612660757289139,0.495055708665746,0.7862545999727406
1.0,0.7759243814289687,0.8343163817038874,0.5609861248646476,0.6514101971209076,0.4094189554679788,0.8647757255936677,0.42813278375231534,0.9074406262830316,0.35586270321800817,0.493732891900545,0.7458566171459724
1.0,0.5613010842368642,0.8331776652134157,0.6000104841600034,0.5523309397595539,0.38258604571021737,0.7763852242744061,0.41698067787117626,0.9057930563054508,0.3534458735130903,0.4928933601922876,0.7262709554313753
1.0,0.5195996663886573,0.8329412456788268,0.6247897649118055,0.5291143504197974,0.32869055271980085,0.7948548812664907,0.3672678323155599,0.9055891792337708,0.3606139574011201,0.4889760012919554,0.6456930625596289
0.0,0.6341395607450656,0.8282581669873597,0.5926140004946235,0.5335822934989627,0.3248018461551214,0.8726912928759899,0.34912969358729345,0.9063606378840322,0.37549479970289423,0.4874189107602656,0.652139839171323
0.0,0.7244926327495138,0.8198641931776343,0.5235876624602799,0.5225206617196378,0.32607595264553096,0.9228232189973612,0.3698224997420768,0.9066304708019668,0.3883580718522817,0.4890780969859064,0.6974717186861114
0.0,0.7589658048373646,0.8129401092803149,0.4828004174942231,0.536047579538212,0.4419503032715848,0.8832453825857524,0.3828709549052072,0.9064287662884244,0.3960462277605389,0.4901725350199325,0.6871064467766117
1.0,0.6522101751459555,0.8064188939939134,0.4516045143411242,0.4775012754731121,0.43018362918723296,0.9539660056657221,0.3947894610143015,0.9053514404157508,0.3998284357510196,0.4910812658404163,0.7261823633637726
1.0,0.6132888518209622,0.8007122167304783,0.4388842482336477,0.46413891943469704,0.5313985865541166,0.9797891036906864,0.4044235049054528,0.9060787799640077,0.4133184878613197,0.4918691358917499,0.7250715551315251
1.0,0.5510147345009734,0.7948965607420135,0.4128124660072485,0.4901006575118961,0.545003103760032,0.8240985048372912,0.3364202231403741,0.9049158173175316,0.4130649161615235,0.4900435248345068,0.6704988414883466
1.0,0.5134834584375874,0.7918213614195033,0.4058257459722015,0.5243904190076203,0.474705665738114,0.7238346525945469,0.3372357515880697,0.9034348682909399,0.40675962231656415,0.4901602220311472,0.6293716777974646
1.0,0.3775368362524327,0.7894051858679505,0.4048008352269065,0.5122929770270408,1.0,0.4661389621811781,0.3398493728782748,0.9005173007551112,0.3877162440934221,0.4904190912082492,0.5978601608286764
1.0,0.2452043369474561,0.7895546533032665,0.4033462752669623,0.4828386064686708,0.4108267312115618,0.05804749340369361,0.34695331345278024,0.8983390407237725,0.3726386234005065,0.4910216439569127,0.5922516014719909
1.0,0.35585209897136505,0.7935289899905558,0.4188914362855755,0.4889106786468534,0.4277736992459561,0.2455795677799605,0.2880338395177576,0.8957194725996119,0.3595310076933221,0.485997611681476,0.4893757666621237
1.0,0.38949124270225216,0.7949649098744971,0.4135818788862491,0.4580990690896723,0.3698579041048625,0.3045186640471519,0.35776643461770874,0.8937169562977799,0.3508677961665204,0.4883419647744216,0.5352119394848028
1.0,0.3391715318320825,0.7957128843418848,0.42760270200108585,0.479655291690614,0.3797698541530885,0.22396856581532407,0.39991353433325627,0.8926098722607155,0.34684411592682873,0.4882717955050132,0.5830039525691697
1.0,0.4192382541006395,0.7980214307837803,0.4608493651294277,0.4747008300114534,0.3727733495216141,0.3870333988212175,0.3748434037995766,0.8918551246853271,0.3439907260814954,0.4898046215588602,0.5665121984462314
1.0,0.3794829024186821,0.797933293657489,0.4862017387612692,0.5002178833500158,0.31653207826154384,0.2721021611001959,0.40884995750408987,0.892050932982858,0.3437175060483174,0.4890434472504544,0.5830039525691697
1.0,0.3994995829858218,0.7998589975285042,0.5160221690143484,0.4621676789093869,1.0,0.3015717092337923,0.4045905408525709,0.891926214419753,0.3427521084554899,0.4886106842799303,0.5960610603789012
1.0,0.34139560745065345,0.8014877303842798,0.5441745720660736,0.4720673709472418,0.29063098776960034,0.1129666011787824,0.4020800888238212,0.8909334954581068,0.3382157670740238,0.4883593711304875,0.6032233883058469
1.0,0.3600222407561859,0.8042573901875476,0.5715653901261495,0.4825966531579943,0.3565060780606734,0.1807465618860513,0.4832251693695376,0.8895453175368554,0.3332464962924723,0.4916168436641348,0.6569578846940167
1.0,0.4192382541006399,0.8061558799304107,0.5791653865337087,0.5231959908879152,0.7041151077483428,0.10510805500982384,0.4999484153692722,0.8883536832734008,0.33231799897769176,0.4929977140936515,0.6864794875289626
0.0,0.6246872393661387,0.8088740677490631,0.6053557005765193,0.6125452507964577,0.0,0.7003293084522498,0.4411075465858345,0.8893645003090763,0.3435061935299686,0.4917603536412383,0.6324860297124166
0.0,0.6725048651654157,0.8066552849059694,0.6059460596686643,0.6558217221029049,0.5505267972789357,0.9078564500484964,0.4898820431444025,0.8914295082385079,0.3614352991774944,0.4957421028872048,0.7220253509608829
0.0,0.5715874339727554,0.8031504525500859,0.6196412471722159,0.6346832972983626,0.4801639887468893,0.7508771929824566,0.5025915135913219,0.8942960785249082,0.3834847735356708,0.4966009290630462,0.7729317159602013
0.0,0.4790102863497362,0.8027549284878062,0.6343039726599544,0.6081592450213167,0.4843292509472438,0.4596491228070168,0.4467916816098335,0.8966973874118301,0.4068567695459243,0.4953938353540792,0.7651219844623138
1.0,0.4106199610786771,0.8045206986390852,0.6650699153602166,0.5939144813474405,0.5035260346664261,0.2444444444444449,0.4109329940210957,0.8965438401631062,0.4069541651642597,0.4962025600480349,0.7290786424969333
0.0,0.5315540728384764,0.8078985532151608,0.7059618190184356,0.6673873179747548,0.502621643101965,0.7029239766081862,0.40951318847058976,0.8940435126043457,0.39444065881291934,0.4962746411609034,0.6697969197219574
0.0,0.5193216569363363,0.8067613138651288,0.7230432343445725,0.6556769132795387,0.5084749042972698,0.5953216374269011,0.5181012925634612,0.8919397844212121,0.3807171752540132,0.5015629693907931,0.8031688701103988
0.0,0.5485126494300809,0.8065859442519452,0.7483885167035482,0.6424339986135965,0.4763561005575641,0.6491228070175439,0.5048661501653164,0.8896648144313529,0.37497712822563145,0.5003373698253408,0.8038639771023577
0.0,0.5615790936891853,0.8061682943887567,0.7847090137623272,0.6109891539683637,0.4697860315675201,0.673684210526315,0.5479515988779113,0.8880566927503578,0.3748029323347437,0.5002594016372464,0.8229112716369085
0.0,0.6116207951070338,0.8051300991161896,0.8132434762319588,0.6942557127451523,0.0,0.9029239766081874,0.5546772521604135,0.8836237221187632,0.3567433626637009,0.5007744815840817,0.8379378492571894
0.0,0.6519321656936339,0.8030714597244428,0.8348047166771908,0.6883642124221323,0.4628341083776612,0.9169590643274862,0.6672545676962303,0.8797216716046318,0.34474248278668784,0.5064833377915228,0.9201921766389528
1.0,0.5654712260216851,0.8003895050846284,0.8417936500299612,0.6094867077519379,0.4478520219659589,0.9018324607329844,0.7110622012390136,0.8773377306278106,0.3425806748666941,0.5064066789933458,0.9612034891645084
1.0,0.5460105643591884,0.799375694910256,0.8658688154577674,0.637418347616583,0.0,0.8219895287958116,0.6431227861595981,0.877247404222797,0.3549358913434193,0.5039626807944729,0.9405002044432328
0.0,0.5718654434250768,0.7966890172538508,0.8706170087961447,0.6739503580753505,0.4582428082023809,0.9616402116402109,0.6293423205223312,0.8766975589510021,0.3623514243119814,0.5064800147900976,0.9341420198991413
0.0,0.6052265777036421,0.7921547646525949,0.8687560955814221,0.7033289643330829,0.467199819715493,0.8002645502645497,0.6802637202835677,0.873022022205694,0.3492957760794213,0.506964638676507,0.96579721219647
0.0,0.6463719766472062,0.78759141388078,0.8542061087224302,0.6969097349820299,0.5279422577752514,0.8346560846560847,0.6935086883256611,0.8711559048070182,0.3464067801342846,0.5082500835766249,0.9491768269801526
0.0,0.6747289407839872,0.7834178483478844,0.8499399981464658,0.7161946822536168,0.0,0.8171205799577297,0.6355865172513743,0.8690790634239348,0.34214538878439915,0.5027965071434312,0.9503162376251136
0.0,0.6819571865443428,0.7792681567929765,0.8350805436113639,0.6829657341515185,0.4713620144261382,0.8567335243553008,0.6726046308259926,0.8691438451284822,0.3472105395906557,0.5021298460171558,0.952861148826134
0.0,0.7114261884904091,0.7747907921732762,0.8276444260250506,0.6573974827410223,0.4835353665632626,0.913153885220924,0.6611577556264089,0.8695624672711685,0.3601487758770009,0.5008393620194007,0.9746873443544588
1.0,0.6599944398109536,0.7710249029887408,0.8342682765575921,0.6245486185932744,0.4978224453236814,0.7786561264822126,0.5877700209777498,0.8683161195520642,0.3617194359805965,0.4981327674460186,0.993018928636383
1.0,0.5596330275229362,0.7686257991915093,0.8354399152788368,0.541436085202166,0.4802996631527549,0.6788537549407117,0.6339014193142679,0.86873503670035,0.3761015385639472,0.5021791785519819,0.9606444107589802
1.0,0.6624965248818466,0.7680064434300484,0.8555961312919937,0.5700952972800258,0.4727363571942472,0.6867943053510068,0.5665908454475332,0.8688481991934284,0.3842011051872184,0.5000526123234235,0.9596855501110444
1.0,0.6839032527105926,0.7656242654399834,0.8530063528166951,0.5434204031867899,0.5766382688563659,0.7704315886134068,0.511483721364389,0.8720083331584382,0.4085524655340299,0.4954587276919483,0.9649874854584553
1.0,0.7039199332777315,0.7640330904735904,0.8790677033812281,0.5713589018300869,0.0,0.8475665748393011,0.5059224068897418,0.8721761381976602,0.4160770562973791,0.49878581052762105,0.9995068307619832
1.0,0.7250486516541564,0.7608775307101329,0.8881299087906619,0.5446893151954872,0.5630966255732249,0.9044995408631766,0.4845074159047696,0.8716952449691046,0.4211351961042942,0.4973419330315912,0.9859175256165831
1.0,0.7456213511259387,0.7565260450914164,0.8842154610236228,0.5583906860308607,0.549767073717246,0.8691006233303652,0.4503240006091901,0.8712841350371344,0.4297158391478765,0.4945526599488297,1.0
1.0,0.7425632471504036,0.7518198961737281,0.8848169446222507,0.5571752345721542,0.5467323560828159,0.8391089108910892,0.42957224059071797,0.8710784246795863,0.4414582073458878,0.4930978391639168,0.9817780360255668
1.0,0.7464553794829025,0.7470479056392645,0.8807143787583422,0.560449047497394,0.5535964719317947,0.7904290429042901,0.4334877597040516,0.8693101916751459,0.4441854519571122,0.4896812689329903,0.9950352777190468
1.0,0.7806505421184327,0.7415788668148353,0.8796175491043433,0.5812358428185022,0.5847001087961938,0.7916666666666669,0.4180614987054712,0.8687743030438005,0.4516535946819288,0.4885814023727938,0.9765462455078492
1.0,0.8465387823185992,0.7361819310467959,0.8585302316246508,0.5607005114193744,0.5805004528651172,0.8319541693189052,0.4020948272897432,0.8677820368724097,0.4561024907740915,0.4872754021718458,0.9972653048357604
1.0,0.8078954684459275,0.7307846438330952,0.8497583334728165,0.6012916933580326,0.6332488515247005,0.7863293864370291,0.41005851170971136,0.8649820180052606,0.4479710412668296,0.4879023393225425,0.984671521341656
0.0,0.8562691131498473,0.7272456857276557,0.8564033496182597,0.6902494006303761,0.5920640135252042,0.902583423035522,0.4357820475659424,0.86068824290037,0.4324404446244202,0.4899425499386785,0.95663892566673
0.0,0.8671114817903816,0.7208355887747502,0.8678591682100203,0.6443318442702944,0.0,0.9842381786339758,0.4559098791937079,0.8563138393484516,0.4140051797224517,0.4877535988827285,0.9747178614210958
0.0,0.8793438976925217,0.7135147181198731,0.8756198055254829,0.5859029277820718,0.5150620862143441,0.9877408056042026,0.4371379864307858,0.8525823449404429,0.4018668290520983,0.486498133704486,0.9896087706415752
1.0,0.8067834306366422,0.7047637351181253,0.8718174167903631,0.6069266931331074,0.4839914242815934,0.9961664765935236,0.4542100427906791,0.8484110546893927,0.386643844622394,0.4878674826806054,0.9759985655492746
1.0,0.814845704753962,0.698450377394124,0.8821515135540374,0.6137772048473189,0.4717317942635941,0.9888309754281466,0.42955258930282136,0.8437887470625999,0.3711734134496004,0.4861697371865194,0.8890862207346433
1.0,0.7484014456491523,0.6924782489664933,0.8783274577058053,0.588650198106913,0.0,0.9533011272141708,0.4285700249080073,0.8416193478706254,0.3677803058656063,0.486250583758633,0.83327925681791
1.0,0.7475674172921887,0.6884626063283852,0.8776600462743747,0.5882572624063112,0.5312717469776085,0.9460547504025776,0.3975455541417546,0.8411592677477139,0.3746906492889596,0.4873841006814388,0.8290271350262131
1.0,0.7097581317764807,0.6833381319395939,0.8656811025973986,0.6075436134530352,0.5501176555732659,0.8721498371335499,0.4135220512014305,0.8427683105013591,0.389389588842974,0.4885821016650253,0.8788486825253162
1.0,0.6969696969696975,0.6785094119226861,0.8663831326665626,0.6001664261128307,0.0,0.7866449511400648,0.3796874462660096,0.8418683794876629,0.3876805970190113,0.4896142833313773,0.8537116412507045
1.0,0.7923269391159302,0.6748336823234908,0.8889113238231235,0.7333594312256886,0.5325767081647111,0.9983713355048852,0.4222079204515866,0.8388694683904846,0.3763443078850925,0.4892545975217111,0.8769873119418026
1.0,0.6491520711704198,0.6675734036796304,0.8698211424325029,0.5955969975253094,0.4829498854622797,0.9235447437011284,0.5268903310750728,0.8351814939617758,0.3605171944584712,0.493728634292148,0.9858262606943424
1.0,0.6780650542118435,0.6640353052181545,0.8791763369408603,0.6201318222147083,0.4801725101220608,0.9165942658557767,0.4580027413546614,0.8328045172576625,0.359429900910524,0.4922939745739936,0.9382820008237608
1.0,0.6872393661384489,0.6588530488826918,0.8704206200573381,0.5777620896360994,0.5468137229847799,0.9270199826238052,0.4540086170897427,0.8317296683705023,0.3659584792029905,0.4918832794208289,0.9585556725092677
1.0,0.7122602168473732,0.6536239525030609,0.8775319987239514,0.5974493052519428,0.5895841975566293,0.9148566463944392,0.4568138384369364,0.8304642758352537,0.3736044803295616,0.4922128413409267,0.9264289963846049
1.0,0.678343063664165,0.6484325412032488,0.8801857855017742,0.6248921369246903,0.4731085320770972,0.9659442724458206,0.4576932335702954,0.8271795349152871,0.3683357951451155,0.4922689435326801,0.9321953228685188
1.0,0.6422018348623854,0.6431952061205308,0.8758184577780546,0.6111824688571342,0.5980910141364505,0.9277605779153764,0.4629597787264982,0.8229760817689175,0.35202045829376283,0.4929063601376166,0.872234680334996
1.0,0.6975257158743401,0.6382626981440607,0.8729118973142297,0.6541476643305382,0.5705877691368645,0.9582366589327148,0.5080545716264878,0.8186378740979242,0.3374704218898886,0.4929281193953516,0.8776165850533156
1.0,0.6408117876007786,0.632382272210072,0.8561803911713489,0.6453858302848369,0.4766667790442522,0.9868804664723028,0.5061434838785747,0.8142979181921043,0.3176686869847967,0.49282963971108,0.8639970710722619
1.0,0.6063386155129277,0.6296003254784489,0.8739539991071636,0.619143999164029,0.4607571998520767,0.8511904761904762,0.5324074301519532,0.8100005040494699,0.3006748325693719,0.4951208131984407,0.8460299299803211
1.0,0.5721434528773983,0.6280073232070733,0.897091051900665,0.5645878537418848,0.0,0.8601190476190479,0.5293762189939525,0.8092091718486106,0.2990054933802868,0.4952929053417315,0.7620337741979775
1.0,0.6124548234639984,0.6263218844794487,0.9270463251034626,0.5562894784811383,0.4575661047237957,0.922619047619048,0.4490122771421129,0.8115082426393202,0.3175614059716733,0.488136835360738,0.7633060271841103
1.0,0.6360856269113151,0.6220076504832543,0.941938889830604,0.5758524531412105,0.4756961623224005,0.8779761904761894,0.4340183444772512,0.8134435154382093,0.33348110954720755,0.4867376130839844,0.7996613427303098
1.0,0.7025298860161246,0.6174480512953324,0.9384549432830159,0.6235460436038249,0.5082994180059642,0.8713826366559482,0.5102407774049492,0.8151422768397353,0.3518603225130448,0.4891976398355828,0.8435586472015011
1.0,0.7478454267445097,0.6127839442759933,0.9250046145428856,0.6052305463387092,0.4287867451002183,0.9106194690265482,0.4357967860318642,0.8173869272394364,0.3745465492438905,0.4829128014551648,0.8496819367534663
1.0,0.7314428690575483,0.607778185809853,0.897051187848899,0.5976354674756073,0.4722561314880674,0.7905236907730678,0.3903384443057937,0.8223496950428019,0.4117809321282081,0.479232881549156,0.8641984348542402
1.0,0.8159577425632473,0.6052472738234036,0.9075543463076534,0.6207384654494257,0.518624728242823,0.8873744619799133,0.3627971643191569,0.8236403688575223,0.4279266821214307,0.4808512265819585,0.8386160816438609
1.0,0.7778704475952183,0.6025050501001299,0.926982138845166,0.6097944079692915,0.0,0.8870408870408865,0.3787147075151439,0.8240053826329853,0.43889280524874,0.4783485420616788,0.8436867877900327
1.0,0.7339449541284409,0.5996582728781514,0.9628878671730804,0.5486145610068429,0.5808761816452084,0.9092169092169092,0.3671106220123903,0.8243392184993831,0.4454508775342063,0.4773980763310982,0.8739645782801704
1.0,0.7767584097859329,0.5951118194352183,0.9738877268731508,0.5721730108248638,0.6051762117618223,0.8683298683298679,0.3606699124043841,0.8232504453674431,0.4429074326787089,0.4768814540264836,0.8879044437325522
1.0,0.7937169863775371,0.5895252989341522,0.9574273202853714,0.5819108258728815,0.0,0.8108108108108106,0.3934924760131464,0.8217145670854676,0.4314417969872753,0.479408320606241,0.8627705825820327
1.0,0.8409785932721716,0.5860056067589337,0.9398532507050504,0.5800487165263332,0.5921517102710189,0.9477351916376306,0.34620656451272186,0.8208673169839732,0.4294653184751066,0.479574924217506,0.8079172577914058
1.0,0.7625799277175429,0.5800203972512237,0.9036819955883664,0.5586836183593917,0.4251508593312016,0.9674418604651162,0.3307360881163747,0.8214456684281203,0.4364926705737455,0.4783689235563176,0.8350006864674381
1.0,0.8220739505143181,0.5749127554595881,0.8886998903763124,0.5879462836573829,0.4444049349287914,0.9512761020881676,0.3376729927437621,0.8206673981109266,0.440472271164826,0.4789002839317435,0.8181227403780147
1.0,0.7984431470670006,0.5681783397725501,0.8471556209204752,0.5785131626614848,0.0,0.8805436337625178,0.3524802381736092,0.8184452406776659,0.43407531377556696,0.4762980226996654,0.819651274541211
1.0,0.8131776480400337,0.5625846105171706,0.8144916989939233,0.5300601345255178,0.4868698804523921,0.8847795163584634,0.3528044844238977,0.8166811374360526,0.4305453720824126,0.4763358674767772,0.8075145302274493
1.0,0.8685015290519884,0.5565897188526678,0.7758791946221849,0.5111894974209783,0.5024167567778021,0.9915254237288142,0.3529911716589124,0.8138219163003707,0.4228014373964904,0.4763579473503994,0.8003386572696898
1.0,0.784542674450932,0.549132648418218,0.7418346634344561,0.5296905353897056,0.4521050760677327,0.9257314328582148,0.3974669489901692,0.8115764950597172,0.4150387557121191,0.4760283381592553,0.8050249416502673
1.0,0.7967750903530726,0.5440148282326038,0.7277158710633473,0.5442831384351643,0.4562281935424671,0.9699021820917991,0.3485450677723793,0.8088242380143714,0.4058793838018343,0.4760882746847229,0.7287721385748938
1.0,0.7937169863775374,0.5372596112379036,0.7116657155607502,0.5443295115295632,0.0,0.8992647058823536,0.3625220462886087,0.8076939794709582,0.4018583556989249,0.4771626351700967,0.7266029014690405
1.0,0.8534890186266337,0.5305906022803399,0.6718063893215933,0.5442840238145225,0.5198950758628067,0.994121969140338,0.3655434318026619,0.8067034942462276,0.4058917946505435,0.4774090740312862,0.7164614891766969
1.0,0.8343063664164583,0.5213276408900362,0.6245511333960049,0.5364089460363142,0.6096585096062881,0.9924012158054706,0.3916649062387926,0.8066808723206421,0.40992661361434135,0.4793585456799765,0.7869296599697955
1.0,0.8540450375312763,0.5114113872191,0.5378967216985117,0.5489165794242273,0.5844970801467497,0.9978571428571428,0.3547155721718112,0.8062277262756766,0.4128726905830923,0.4802845967290337,0.7335133403505565
1.0,0.8546010564359194,0.5031967450195856,0.4904027571478813,0.5549028967150923,0.4868083957487723,0.9930286599535252,0.3564350598627357,0.8048805051282998,0.4073175059906176,0.4804437704361034,0.7123243787469681
1.0,0.7328329163191551,0.4977542014591421,0.460955922422153,0.4812596097465706,0.498095654631617,0.9619588981198076,0.35020068877764066,0.8027264383881053,0.4065351617604696,0.48000482737615,0.6722529861333578
1.0,0.7019738671114825,0.4947364021666433,0.4659528421297173,0.5196052523720894,0.5362145054231683,0.8901243050783942,0.3404634756250336,0.8002681271862474,0.4058004956536421,0.4792821696660241,0.6294448766646833
1.0,0.6605504587155967,0.4907519718700769,0.4711331810482636,0.4978005673926668,0.5454868741148551,0.7269348491473551,0.3444772511778489,0.7970790583291737,0.4031164110327419,0.4796408146183354,0.592650221957805
1.0,0.7080900750625527,0.4882730294725903,0.4615418710259148,0.4882297865191451,0.0,0.8292210631519779,0.32485544021341284,0.7951824417575138,0.4032293787751856,0.4781208881475724,0.4874467987735114
1.0,0.7734222963580762,0.4827506422836352,0.4479836237745464,0.5052179861127918,0.6122336835270444,0.9781050834019456,0.3330795041980064,0.7946009269404705,0.3964820985578917,0.478766355927384,0.5328909432062605
1.0,0.8128996385877125,0.4756429265795694,0.4040317452227026,0.5326184983468353,0.5895941174115451,0.9660515656143512,0.3568428240865837,0.7951394054038771,0.39084068180916864,0.4806947167721231,0.5779598187725964
1.0,0.7294968028912988,0.4712569298577416,0.3969168619113957,0.506103571156329,0.5287409096985685,0.8533820380400559,0.31580602213717585,0.7953751226471767,0.3809663984573809,0.4773929424570876,0.4914100041188048
1.0,0.6435918821239925,0.4700038863333594,0.3999532439032673,0.470263159165912,0.0,0.8384242347902764,0.24562636023758394,0.7960552436733322,0.3842373172448119,0.4751895300488125,0.3841563315180083
1.0,0.6791770920211287,0.4690030157180334,0.38916426593469,0.50182717153813,0.5147276791171526,0.972257211235672,0.24321907747028956,0.7977717371418577,0.3956322133102009,0.4749925607570071,0.38701203606242257
1.0,0.5710314150681127,0.4645114389890986,0.3343655390912953,0.4766026116352225,0.40162599742646293,0.9460737937559136,0.28024701668885604,0.798935055330784,0.4029552629788888,0.4781037834808141,0.4755663356368128
1.0,0.5665832638309707,0.462975856104734,0.310065197912758,0.4738437915097529,0.3625408698883623,0.96270853778214,0.2404678971648103,0.7999421942582979,0.4110124787838095,0.4747046865030202,0.3994508260491511
1.0,0.4970809007506256,0.4613544216295197,0.3047934124219808,0.4721374552993622,0.4760684997342352,0.9925531914893608,0.2181636854025321,0.7998852837797391,0.4138499831591146,0.4764969666809279,0.3719555169099813
1.0,0.4220183486238531,0.4604351933753416,0.31508638269001576,0.4715201374807033,0.4713670007161841,0.8220675944333989,0.2463583707117205,0.7990353550526285,0.4127668426187021,0.475184147064797,0.3822159168916756
1.0,0.4172921879343897,0.4593497891783687,0.28810853900714506,0.4687132746965562,0.4976286644201639,0.7484716157205233,0.2494927511311773,0.7979343082672145,0.412778627470704,0.4754100911321942,0.34431376138391856
1.0,0.4395329441201003,0.4571868066029103,0.2476285983061727,0.4340227457925028,0.4831584478970533,0.7164671894345848,0.27313325047040243,0.7976451194547746,0.4164245843026765,0.477460781309844,0.3931902430094731
1.0,0.4081178760077842,0.4536477874185687,0.19477102292206494,0.4622539451866806,0.4830850754069048,0.6454808089145684,0.27644449248092584,0.798487953280186,0.4315732807494129,0.4777409882004089,0.3891538144707336
1.0,0.4264664998609955,0.4526926108838913,0.19988657483634092,0.4748705234701168,0.4948467047490707,0.5744944283945519,0.25492633223449884,0.7987585342109488,0.4379091387181415,0.4795893574385321,0.3653745823989748
1.0,0.32332499304976403,0.451310041004721,0.20254971296774146,0.4674301615206522,0.44052766039878655,0.5464300453982672,0.23238630501746504,0.7992806273460765,0.4479273288371477,0.4775539142083596,0.3010937714521074
1.0,0.31998887962190736,0.4529511129281745,0.2358931786013969,0.4626975037251071,0.4599880847704942,0.3397573162027126,0.2251398926057116,0.7990167007026484,0.4440059819823709,0.4768987293088609,0.2845270239348314
1.0,0.1465109813733666,0.4542689750768652,0.2359177187652056,0.4029997360582676,0.5019406741610364,0.14061384725196274,0.21472471002068305,0.7989451226005572,0.44267699936051785,0.4758860395891034,0.2347260994920143
1.0,0.2549346677787046,0.4589106527356119,0.2581373733182843,0.4144238704759126,0.5200310062867479,0.33378653976886463,0.1445204840112209,0.7990479403335337,0.4381246187287471,0.4690183197527474,0.08755663356368157
1.0,0.3274951348345845,0.4595306742616812,0.25710849590458945,0.4186898331564559,0.4789804333460289,0.3467029231815089,0.2349016698681891,0.801727582356277,0.4592127760905325,0.4736030617679782,0.2530685094503686
1.0,0.28495968862941345,0.458598020917189,0.2471262262494112,0.44315951371328616,0.4458811596122133,0.3059143439836847,0.18915838446762206,0.8046997622492209,0.4825920182247442,0.47320450293411104,0.232364651503364
1.0,0.3708646093967197,0.4603472512094357,0.2579684983328706,0.5001280594355914,0.7774503263019896,0.2787219578518012,0.1655915774580076,0.8073771943133393,0.5018072436467715,0.4747681368848061,0.21237471969246274
1.0,0.3211009174311931,0.460570453716999,0.22869926874145094,0.5259430217518904,1.0,0.2481305234534336,0.17742656559354258,0.8116731504607012,0.5179151684793136,0.4721271944076815,0.2126767653654296
1.0,0.2977481234361967,0.4638604424047961,0.2348273874973816,0.5055155944729833,0.7716168906573933,0.006798096532970385,0.08775282610084051,0.8151962097138078,0.5280261130908325,0.4681592658787941,0.18075145302274492
1.0,0.3113705865999445,0.4696552152272716,0.22381515504895408,0.5133274574908647,0.3748684176381276,0.0007656967840728112,0.0,0.8201376421889496,0.5478149204580843,0.4589856544876641,0.0013327328376182429
1.0,0.43341673616903,0.4761860397630924,0.2592462558361169,0.5319820879492219,0.5378192255533331,0.10572687224669634,0.02110057037863133,0.8223139521149451,0.5538848319669357,0.4612184974223598,0.01263186845569036
0.0,0.4300806227411737,0.4815907228301101,0.2873265430294352,0.5302239360977656,0.5531601541158596,0.12263300270513985,0.07319613459167068,0.8246421373972689,0.5645717591672643,0.4623483356610841,0.0489676914200937
0.0,0.3497358910202948,0.4883697343682291,0.3565695000501771,0.4915013124739308,0.5531548344011217,0.26149684400360634,0.09306849947678447,0.8253015807484262,0.5666736962204825,0.4642329222883833,0.025418826618016668
0.0,0.3094245204336947,0.4933552241853783,0.3899958489721905,0.5249108840409172,0.5678121086250442,0.2587917042380517,0.1657193108293333,0.8260509755876743,0.5687644187390577,0.4671727428980582,0.12675894681266214
0.0,0.4206283013622467,0.4970065589766848,0.4047279300901931,0.5301350731437541,0.5866463256948301,0.4409377817853927,0.1573675134734141,0.8263129183875674,0.5739383393319314,0.4663276438441274,0.09299175906158892
0.0,0.4573255490686686,0.4978340173397207,0.4126631770972561,0.5483478649435652,0.6269833257895786,0.5888187556357085,0.19790320758146698,0.8258562191061206,0.5738394525735608,0.4700690076331007,0.18894474668870406
0.0,0.4748401445649157,0.4997013249262488,0.4406149933370592,0.5074421574607121,0.5798893905948268,0.6311992786293965,0.27489695355909394,0.8258515651603314,0.5789710984839034,0.4734029800860774,0.2839680462778049
0.0,0.3552960800667224,0.5013580135697768,0.4815860198783034,0.501042294638845,0.5602184494498667,0.5689810640216406,0.26796987457565485,0.8255301495623516,0.5785790736097048,0.4727790124295091,0.2950095264329823
0.0,0.3352793994995832,0.5038052121243075,0.5085871160102936,0.492985045853687,0.5523367103908321,0.5633561643835618,0.24239863620062002,0.8265468932719237,0.5891413545539804,0.4741112239360062,0.2352799393981133
0.0,0.3241590214067278,0.5031421289068869,0.4892435491417699,0.4858253506110285,0.523874945706498,0.43321917808219096,0.2361888292253952,0.8270807627492834,0.5945911460032505,0.4735214347472867,0.2144709960287401
0.0,0.4998609952738396,0.5034613449071519,0.4564119404098811,0.5195639415442831,0.5004871284589545,0.7217465753424654,0.2195392755552716,0.828809385320718,0.6074749739843031,0.4719187970986953,0.16465808139935267
0.0,0.4589936057825969,0.5002479509333244,0.3957318158982504,0.4996523725908937,0.38444108022657597,0.5727739726027399,0.2591267950223289,0.8303185256086708,0.6137274282457107,0.4756109486980394,0.3228198241627071
0.0,0.5671392827356133,0.5003673405520286,0.3761052735622273,0.5073486039362352,0.4992772529337397,0.8681506849315075,0.26859871578833594,0.8317707814381153,0.6215781915148652,0.4764707539186663,0.31756306957739394
0.0,0.5243258270781208,0.4965344539211065,0.3190026074722667,0.5345094421421707,0.4926345660708683,0.7859589041095889,0.34698770320659905,0.8315287926192646,0.6131891451731274,0.4835541420381924,0.5106397631017152
0.0,0.4740061162079511,0.4928542897125958,0.2695769127987717,0.5068688151494506,0.45007477092263054,0.5787671232876708,0.3216031520665785,0.8304484266892891,0.6041180784129793,0.4812732000889814,0.4181989302848749
0.0,0.5476786210731167,0.49071958759116097,0.22435050855586494,0.4993725585148842,0.4626348600350302,0.6583904109589044,0.3096846459574845,0.8294225458006145,0.594141254819848,0.4801839795588331,0.3456603080595921
1.0,0.4759521823742006,0.4878228904578917,0.1864584886273196,0.4575657398398484,0.4628226649922279,0.3595890410958897,0.3302890213167346,0.8296974224905523,0.5971471495480375,0.4784216064741752,0.3923627849321675
1.0,0.4962468723936614,0.490168309140302,0.1841376056130508,0.4708596686934475,0.3959425010132541,0.4743150684931503,0.2646979351409242,0.8300024856629075,0.6023764647904214,0.4758756889760157,0.270344099350366
1.0,0.3616902974701143,0.490853727397053,0.17760671376903067,0.4303851981771648,0.4694740891276931,0.2422945205479452,0.280802165571926,0.8306933364115799,0.6095319815578062,0.4737045216327101,0.2725248490691642
1.0,0.4437030859049208,0.4966952023954923,0.21183255240609405,0.4364984300757335,0.4010264858187271,0.33390410958904065,0.24338120059543406,0.8299908541875697,0.6081966506248856,0.4700330318059245,0.1850653077152632
1.0,0.27356130108423704,0.4988290679135596,0.2067219378716068,0.3898444415535036,0.4039004640276313,0.20633561643835602,0.27115338321485233,0.8299796495146873,0.6100774957494486,0.4690294375760004,0.20115694511397306
1.0,0.3875451765360023,0.5040604232981816,0.22334084282194613,0.4114416421548022,0.5295650730878618,0.07521186440677903,0.2511238080265684,0.8304317730231744,0.6149580078039423,0.4670317285748238,0.14428528797373918
1.0,0.5309980539338341,0.5067825983390151,0.2140162147453452,0.4398196682747251,0.5202560387483025,0.544491525423729,0.2518705569666271,0.8316249643455506,0.624380070413209,0.4671335170398196,0.17618162201868556
1.0,0.5574089519043652,0.5071775336035382,0.2107138177922705,0.4565998162784608,0.5061463136472163,0.6949152542372885,0.3324162732315069,0.8327883524594163,0.6360827362498431,0.4712219782047704,0.3490002984183826
0.0,0.4745621351125942,0.5062898916671181,0.19591936973860316,0.4571364370665528,0.5149198443813658,0.4851694915254237,0.3437796304575312,0.8323261668077554,0.6376630646469871,0.4686191784019961,0.3678465670408376
1.0,0.492632749513484,0.5062355881654046,0.1797101334788223,0.41800752024609794,0.5189203505527622,0.5190677966101702,0.3017307871814649,0.8318760801380121,0.6365266536639035,0.4645027227565596,0.23383375800564696
0.0,0.5537948290241871,0.5059736993712294,0.14347686499482493,0.45321958470122703,0.4201178577082867,0.5021186440677962,0.30960604080589943,0.8316726313466737,0.6321871296809844,0.461578870551326,0.2406170373941192
0.0,0.6196830692243536,0.5046342527814156,0.09605043639206096,0.4969301639991124,0.0,0.8845338983050843,0.3012738947378765,0.8322055156165339,0.6395679057390987,0.4607541042754956,0.20625301287790124
0.0,0.7130942452043374,0.5011740854510499,0.049574319883716585,0.498798244131797,0.41612530430932104,0.9989304812834234,0.3662803550987722,0.8328107237175363,0.6489234016388534,0.4672014061499866,0.3660675343755021
0.0,0.6524881845982765,0.4972311643649649,0.015740580344649646,0.5133481650071159,0.5914670381507541,0.9739336492890996,0.4126623073559682,0.8326174847032818,0.6543286212277091,0.4681008703250539,0.4613089089364827
0.0,0.4581595774256328,0.4954184318867271,0.0,0.44796162972667103,0.5064202530949297,0.6826424870466316,0.4330750826582296,0.8320144946032503,0.6521432820053497,0.4664245750327845,0.473532584991851
0.0,0.4384209063108146,0.49733729846445,0.007710501611303488,0.4867603683005627,0.5932327394046327,0.6476683937823835,0.3956786817916079,0.8314224655184982,0.6560913751407671,0.462851311418095,0.3861074765282464
1.0,0.3730886850152907,0.4982901055714927,0.005312358681653417,0.5025438429339912,0.5454312157929724,0.5383707201889023,0.37386083940476256,0.8314384935502751,0.6640086525205798,0.4607337279016965,0.3253563804145722
1.0,0.34945788156797364,0.5009673165747346,0.025955730822068368,0.4919173754268392,0.5483042967701862,0.5029354207436401,0.3871500228446221,0.8314263947884325,0.6690732659837266,0.4583786674418077,0.3417234809356564
1.0,0.2574367528495971,0.5021552536028948,0.023582888795954604,0.5013541012011633,0.548616187313125,0.3519813519813519,0.41231840981778334,0.8311872464570479,0.6730798780294498,0.4572339805382132,0.3888506301218923
1.0,0.21962746733388955,0.5040965263639123,0.022994970135528536,0.4749633314865409,0.5430411618741785,0.21833721833721845,0.365494303582921,0.8306742291605697,0.6661346028371229,0.4525865217895476,0.2592681863048921
1.0,0.16930775646371993,0.5069884453614943,0.015619749077225575,0.4997028734792327,0.537265802767028,0.14011799410029538,0.3342634942937572,0.8307060088057557,0.6628143400645923,0.4493722073991333,0.16352179601955816
1.0,0.1656936335835421,0.5114289612925356,0.023650658274009584,0.4991598482324494,0.512144602855902,0.14124499453949838,0.2975794526133755,0.8312542442896081,0.6568379067379333,0.4454429172581639,0.07665909143080131
1.0,0.22379760911870997,0.5149799845830982,0.02662015004307655,0.5240847428034134,0.5215810840005737,0.29632326174008033,0.32591169693783817,0.8321744223657753,0.6623979485457232,0.444815373275825,0.0998024543549837
1.0,0.1896024464831807,0.5166364719150627,0.01684207835120477,0.4943955981208571,0.4888797776276582,0.15944666909355731,0.3822912419122666,0.8322310982768634,0.6656008019040246,0.447185073062728,0.2216749357403308
0.0,0.2949680289129831,0.5206543725786226,0.022039923943620643,0.5460037341136268,0.4963939202795611,0.4934876989869757,0.3409400193565185,0.831890691074724,0.6688758037150165,0.4427929930275567,0.10664829566506076
1.0,0.17987211565193215,0.5203593663398263,0.009866529456114326,0.4906592149476727,0.4819519518093766,0.2267037552155774,0.45003905693469387,0.8309999833297276,0.6654798723161846,0.4509825815329898,0.3766361402725041
1.0,0.16513761467889904,0.5237966632340447,0.05083396677447416,0.469498799257768,0.4798869935540676,0.1759388038942976,0.4784646448766634,0.8301137917007443,0.6626865798164486,0.4542053122123085,0.3841343674920189
1.0,0.16263552960800653,0.5276534771410573,0.09538075544194058,0.4690914577338317,0.4960801390421982,0.2009377093101138,0.4680985905113755,0.8304458033972809,0.6654753473102528,0.4531509518921363,0.38315297797692016
0.0,0.2137892688351404,0.5319110857393337,0.14434415236697146,0.455772064913641,0.5068369738686815,0.26791694574681835,0.4555414175456524,0.8316525515632996,0.6764579676157169,0.4514858278641203,0.4220641457631346
0.0,0.18626633305532406,0.5353465789953544,0.15820333679419007,0.4915495470912726,0.5377818263615931,0.24581379772270595,0.5116605829554554,0.8331778291159583,0.6914522119781914,0.4539123935728594,0.5193227671700156
1.0,0.10758965804837378,0.541207362069033,0.19177032271214914,0.4371580917759671,0.5370369883884327,0.08517555266579982,0.5041783550889466,0.8341653465252828,0.7010026364227163,0.4529695491850792,0.5222763010108572
0.0,0.06839032527105943,0.5498683487939318,0.24336342582500825,0.4222768520824704,0.4986105661358594,0.15062020082693506,0.4235785977823521,0.8354613683644995,0.7112163452660313,0.4480288311611716,0.3953887432921504
1.0,0.0,0.5577724603316259,0.2870982829633824,0.29440408469183965,0.4903619982411349,0.010095344924285288,0.4468408098295741,0.8362112323621831,0.7156530970186332,0.4468875879706666,0.4392965597570613
1.0,0.04948568251320545,0.5679288386168075,0.3425103521203989,0.30844804878959164,0.4890299581098489,0.0027051397655546553,0.4198202889721884,0.8354025042921586,0.7168241144285982,0.4441394208432072,0.3502121552477224
1.0,0.1520711704197943,0.5779384757742747,0.39139489676602224,0.3634211319159585,0.5079480065839113,0.09841954022988436,0.4500980107983826,0.8349455176501007,0.7204120186059773,0.44385341901569203,0.3832210158492447
0.0,0.16013344453711442,0.5847579688003244,0.42914741548034097,0.3687971031878245,0.39449531636298735,0.13002873563218406,0.5292190086907821,0.8350060557091928,0.7271634238219865,0.4489660459210631,0.5497004867090979
0.0,0.2282457603558524,0.5915529835059556,0.4678702008282691,0.3868237279635319,0.4582055125807687,0.05116279069767416,0.5364261185267428,0.8347403242680648,0.7300744945105558,0.44977919534610733,0.5661113191064521
0.0,0.2755073672504865,0.596355260301906,0.4983310351492085,0.3820819754698636,0.4775934418690813,0.07684210526315682,0.5721472471002067,0.8333473278386568,0.7270792995271532,0.4500718873346996,0.620699696326802
0.0,0.381428968584932,0.6009492409543178,0.5350703174807191,0.4679996710554804,0.5658967091774815,0.10074074074073963,0.6298286898977641,0.8322829278677287,0.7286070705694452,0.4528829390865109,0.6851678522401093
0.0,0.339449541284404,0.6032157255664135,0.5642013739225993,0.4677213884880155,0.5180669064310629,0.0474074074074064,0.6594284422915369,0.8310489788569663,0.7330510991858749,0.4559083935686216,0.7827173179405044
0.0,0.3555740895190439,0.6067280188429529,0.6065299543468261,0.4848750928278908,0.517600604883766,0.033216783216782834,0.6590992832192739,0.8304756412158801,0.7376211555496627,0.45604524584598,0.7646146252027363
0.0,0.37920489296636106,0.6091430488423606,0.645513111211313,0.4607880181896392,0.5033271366893171,0.12909090909090795,0.6700057480017095,0.8301891913318368,0.7426128947796172,0.4534900024822166,0.7794780652870241
0.0,0.37642479844314736,0.6106821100898849,0.6747522691968559,0.4577215789742513,1.0,0.13636363636363635,0.6512928091024763,0.8300150423975364,0.7459063899836431,0.4509365620183439,0.7837364940341439
0.0,0.3669724770642204,0.6125506213393717,0.7068361539156521,0.4368067947593427,0.4905247976569867,0.018181818181817147,0.6452598637183182,0.8293773472333331,0.7520820396907055,0.4504481990039925,0.7627793869057621
0.0,0.3828190158465392,0.615206583639752,0.7225310702666012,0.4559296046699578,0.5390149714342222,0.15398886827458222,0.6518872605613389,0.8270844792288546,0.7502186584104489,0.4513848041995885,0.7443924910289745
0.0,0.3989435640811792,0.6167457175626929,0.7260722979846908,0.4550767034151546,0.4880787837521697,0.2615955473098324,0.6848277318974789,0.8248258060109067,0.7502728967633586,0.4513564594413224,0.7684537458999735
0.0,0.43341673616903,0.6149498815800551,0.6925198894355861,0.5209618817586221,0.4082543804693245,0.20229007633587795,0.7011383008513921,0.8229923914715697,0.7444725691475337,0.4493944432938221,0.8015419760137066
0.0,0.6163469557964973,0.6129873162557158,0.6791097408314135,0.6786141474934664,0.5667486344200061,0.4699853587115669,0.6986966283302791,0.8220688933725141,0.7423926461279964,0.4492341337409209,0.7912805585748235
0.0,0.6138448707256048,0.6102251180556386,0.6639731468003032,0.6776671543366946,0.34704139746390456,0.5373443983402482,0.7047787019341782,0.821421345293062,0.7380917585215304,0.4498898348481637,0.805042279987473
0.0,0.6424798443147068,0.6110250468456304,0.6863011283659359,0.6637920749255312,0.3919499599754771,0.611054247697031,0.6760927344275824,0.8209351374835744,0.7392894071323248,0.4509272178503054,0.7541681251266555
0.0,0.6613844870725605,0.6115886728358895,0.703623329182367,0.6400349814092812,0.3728650079224496,0.6807286673058477,0.6744076364904762,0.8194575858601573,0.7326311717714961,0.450675777549527,0.7552734842762657
0.0,0.7328329163191551,0.6115039961493849,0.7154886644287697,0.7801373205022334,0.3749563236349088,0.9374137137597784,0.6858446860461118,0.8180067851840979,0.7346724323311381,0.4523763198615196,0.7247103037895399
0.0,0.7570197386711153,0.6089453060633394,0.7141992693160604,0.7591655510527505,0.4577015431489291,0.981844242713808,0.7137102122830374,0.8164078689244242,0.7362695979844923,0.4555124039700471,0.7882424318127067
0.0,0.7214345287739786,0.6057212397001972,0.7110053868716849,0.7486059743031488,0.5600283887822849,0.9199648197009678,0.712344447774246,0.8173974277522168,0.7560276948151105,0.4554625601641902,0.7796325871467958
0.0,0.7403391715318322,0.6037186434325708,0.7201012137995203,0.7348006729334193,0.0,0.9507475813544414,0.6434126426560677,0.8179526269853415,0.7651698393141629,0.4508581243797043,0.7299006968174798
0.0,0.7261606894634421,0.6007214993573611,0.7225709591496882,0.6962130782429788,0.4506730616466209,0.9639401934916451,0.6671513984347748,0.818826763367475,0.7782656284620805,0.449779097499933,0.7566402869353412
0.0,0.7142062830136227,0.597234386281662,0.7309373323250143,0.6892118739065946,0.4801290074713983,0.9237588652482271,0.6727078000874481,0.8166566104109972,0.7720072118724725,0.4466043695535093,0.7653125864330259
0.0,0.7217125382263001,0.5935365655681739,0.7361002702870019,0.6946197138171682,0.4867567226553451,0.8998226950354613,0.6955917248426667,0.8142126296146052,0.7686272111974437,0.4494663609167723,0.7499486978167573
0.0,0.6972477064220186,0.5896090316114453,0.7436561659924792,0.6795496146412395,0.4973971909172703,0.8014184397163127,0.7183724803364301,0.8136687431832025,0.7714031494012926,0.4482867598655946,0.7675492610837439
0.0,0.7381150959132612,0.5861915368825761,0.7419504404384888,0.7262699440833278,0.4843062989306236,0.9033687943262408,0.7016639728026173,0.8143395713411558,0.7833493732679059,0.4451857615706532,0.8196516537649541
0.0,0.7800945232137896,0.5810867377170559,0.7343481774207672,0.727648719884235,0.4583266161782503,0.9369369369369374,0.7292985964067622,0.8156534848147258,0.7971756602377739,0.4482400609823624,0.8701090781140044
1.0,0.7903808729496807,0.5747453091323838,0.7191254797094679,0.7337372256997661,0.5325471619091292,0.9302141157811264,0.7368889063567003,0.8142908948602979,0.8020195569397587,0.4489444609617424,0.8925404644616469
1.0,0.8195718654434254,0.5683161041659435,0.7030513745482259,0.705102192789257,0.479774367022305,0.9467242620590356,0.7484045610639205,0.8127836148283129,0.807410615885722,0.4503575316018583,0.8847202674173116
1.0,0.8198498748957466,0.5611847642532632,0.6820873948738146,0.7058490298472836,0.5346790020592035,0.9244060475161988,0.7677365155318867,0.8111910073457985,0.8173074506890144,0.4486743756660557,0.917690007037298
1.0,0.8301362246316377,0.5555915566529905,0.6774700964791306,0.6691711411010565,0.6094584188550889,0.9459459459459458,0.7575571484016133,0.8105731309965917,0.8308747801130391,0.4514633558599146,0.9041959887403236
1.0,0.7397831526271896,0.5493767980938042,0.673666801624779,0.4336924374454222,0.6896407512752916,0.9798994974874372,0.7403180560946011,0.8097620554332253,0.8423921946636425,0.4531521204623098,0.8940358902181562
1.0,0.6839032527105923,0.5428540617034596,0.6557362188488413,0.4509562120053841,0.7369431843005705,0.9194277108433728,0.7272057342458081,0.8091912020650046,0.8463311292306946,0.4521164257007679,0.8583743842364533
1.0,0.5162635529608011,0.5350415646877109,0.6144381456092796,0.3592755935724287,0.529830161525072,0.979430379746836,0.6886400817493576,0.8083744389542961,0.8442654336323324,0.4519899566277074,0.8029644616467279
1.0,0.5284959688629417,0.5326535650782875,0.5891185774645854,0.3746699085177577,0.4313224738857376,0.9477351916376312,0.6840858957793947,0.8089592258088231,0.8523804080194325,0.4552550331785995,0.7993314567206194
1.0,0.5218237420072283,0.5306441304103009,0.5683781496059842,0.3668709633578015,0.4595511231417438,0.901333333333332,0.6523490658269016,0.8092160797263915,0.8681767066803713,0.4550849986644899,0.7835151301900067
1.0,0.5201556852933004,0.5294684313291258,0.5493079417263298,0.3649564564838264,0.4950430014191671,0.8639999999999999,0.6339112449582165,0.8098406648254136,0.8939392663442302,0.4533367998454878,0.7491115411681915
1.0,0.5201556852933004,0.5285243755275328,0.5456636894079288,0.3648918840745183,0.5016946197588072,0.8782222222222218,0.6230342571076251,0.8096198836171152,0.9010877794088278,0.4556973965144484,0.7472290640394086
1.0,0.4937447873227693,0.5275496321725429,0.5410354325926934,0.3823761721003541,0.4771528777037515,0.7395555555555551,0.6258050887010005,0.8098791934458135,0.8915561193777216,0.45222514088121,0.7501935256861362
1.0,0.5045871559633031,0.5269987774948794,0.5432942328062467,0.4004002985079495,0.480882322648831,0.8391111111111109,0.6070282831161048,0.8097102697444548,0.8797438823663551,0.4537982096457594,0.7360045742434909
1.0,0.5126494300806232,0.5257039166688761,0.5325619692360399,0.41195692379184495,0.0,0.7804444444444445,0.6333364447872505,0.8090891971423463,0.8736134241901269,0.4529696882143196,0.7823715693173825
1.0,0.5332221295524051,0.5245197429405977,0.5305110526037504,0.3944837484693503,0.5249003094043646,0.9369202226345076,0.6451124790590962,0.8075760569479297,0.8782919047322569,0.4543527381255668,0.778764954257565
1.0,0.5282179594106201,0.5217365523611144,0.513479910368611,0.4418148965228009,0.5403464475474032,0.9391634980988603,0.6573797955283491,0.8061648250926355,0.8802220137192162,0.4519505822921326,0.7883180858550314
1.0,0.5768696135668615,0.5188469529529318,0.4983378563415438,0.505124685728563,0.5302121346031119,0.8494208494208491,0.6850389832423643,0.8045186527558673,0.8798802552636581,0.4550006828884278,0.8418103448275863
1.0,0.5760355852098977,0.5157571828188898,0.4765901456516282,0.5044596300822539,0.5431366936716804,0.8139963167587492,0.7243071692811067,0.8031158431389992,0.8805945850178717,0.4556471080945249,0.87905524278677
1.0,0.5810397553516823,0.513629475935677,0.468904890924267,0.5105733743796439,0.4713763511245512,0.7550644567219151,0.7187704189163295,0.8004911265580549,0.8715762922042795,0.4587505003057434,0.8765130190007037
1.0,0.5565749235474007,0.5112249681374839,0.44897046785985617,0.4826978777564638,0.5168432834733,0.5736040609137061,0.7379107733273067,0.7981208222655057,0.8663990903787603,0.4610725025655752,0.8676020408163264
1.0,0.5713094245204338,0.5097179367410305,0.4384848284794075,0.5014241267907322,0.5199020697241106,0.5405819295558959,0.7376749578725513,0.7949528446981329,0.8547560550320726,0.4613441038685964,0.845197044334975
1.0,0.5710314150681127,0.5087387158694336,0.43151686411529494,0.502263416163438,0.5410152444072693,0.4614325068870521,0.7467587657026069,0.791916423785132,0.8394876851906855,0.4625641491827127,0.8332160450387049
1.0,0.5585209897136505,0.5086838263859386,0.43858919622101017,0.537209338470404,0.4961427914889543,0.4569961489088583,0.7496671563112569,0.7898965741105334,0.8289011870371831,0.4633981908019013,0.7989481065918657
1.0,0.5788156797331113,0.5092169886650817,0.4521186121858917,0.5613187462740487,0.4935827177023073,0.5140291806958474,0.7410107639929452,0.7875925318262597,0.817763385783486,0.4620230441099832,0.8114792426522477
1.0,0.6852932999721995,0.5096000374901275,0.4630553088898344,0.8036212303749357,0.0,0.8787878787878789,0.7554790247065817,0.7869645945396312,0.8219164590711435,0.4640040304586104,0.7926770187919119
1.0,0.7128162357520162,0.5077377712475919,0.4663140366082318,0.8654818152786004,0.4607914517438239,0.9550679205851628,0.7697360340753329,0.7861357998053357,0.8251400619635222,0.4649870416545063,0.8524721565980422
0.0,0.6619405059772036,0.5052781508579582,0.4573478841748035,0.6136221220711053,0.5516105461161059,0.9989082969432308,0.7896575271801876,0.7876419342194653,0.8402430954815815,0.4670263753182418,0.8975869051636853
1.0,0.6257992771754244,0.5036830452781476,0.4547497602349848,0.6257632412023774,0.550242023361839,0.9181084198385228,0.747520253108588,0.7871845109677412,0.8440071001743726,0.4650679842651831,0.8903476206547418
1.0,0.5777036419238256,0.5027160902917496,0.444942046662954,0.5575230642633167,0.5994978977248929,0.9094076655052264,0.7456189910046227,0.788100297855795,0.8555333151981833,0.4654927968184298,0.8446760040499492
0.0,0.5426744509313317,0.5023364154099701,0.4499439687788176,0.5461648719729013,0.5730037276371911,0.8919860627177693,0.7186770752988221,0.788246893624761,0.8648738471665273,0.4614339633236485,0.8656176172797836
0.0,0.5148735056991939,0.5007974428179467,0.4406845156004536,0.503905311382341,0.0,0.9012775842044124,0.7022977268372728,0.7888098083965981,0.8783150078325593,0.463067662241887,0.863609517381033
0.0,0.5504587155963304,0.4991942755177535,0.4429317639232263,0.4922743492602834,0.5986385483201992,0.9210220673635301,0.7237028921782959,0.7879216923689382,0.8846255687409016,0.4616332997429277,0.8780037124535941
0.0,0.5195996663886573,0.4965533018521182,0.4313718293428352,0.4515420118755154,0.5497085154386856,0.9598293636686812,0.7354297982304017,0.7853745913167397,0.8815731074012237,0.4628315827786735,0.9029109011137364
0.0,0.4998609952738396,0.4942802723176989,0.4265411551371325,0.4821493505142198,0.4975892352651352,0.9614395886889446,0.7507135873917337,0.7839821965925061,0.889809232631286,0.4647518034603311,0.8877489031387108
1.0,0.4892966360856269,0.4915921376673015,0.4151194011036069,0.5201522523601007,0.4560012696776177,0.9660574412532629,0.7131403249340453,0.7812824537018513,0.8902212384973475,0.4643382284962299,0.854463381707729
1.0,0.5023630803447321,0.4888594149006135,0.39518544985200016,0.4838462235362983,0.5112221744674323,0.9894039735099341,0.7484045610639207,0.779812182538235,0.9016540706578638,0.4644862967607272,0.862867026662167
1.0,0.4298026132888518,0.4854610573435842,0.3635419024374082,0.44761143208642,0.5094855957961102,0.7018970189701891,0.7509985310662297,0.7779835167060919,0.903488780498914,0.4646800481024967,0.8725531555855551
1.0,0.4298026132888518,0.4844025867996033,0.3421196156956724,0.4474746809563772,0.5074179370022869,0.6747967479674787,0.6930075804843059,0.7779484618400346,0.9172628291827288,0.4627172367660234,0.7918157273034089
1.0,0.4181262162913538,0.48308862909839,0.3242549772591762,0.4305463758468551,0.4925537104277498,0.6070460704607036,0.7033687220276199,0.7776891143417081,0.9224657282184541,0.4634574386610405,0.835791427607155
1.0,0.4203502919099252,0.4829026272563269,0.33138618464852804,0.4335032423898342,0.4821410118984655,0.5650406504065046,0.7065620563107655,0.7770084212788736,0.930733353226659,0.4639699529716567,0.8235993925075938
1.0,0.35585209897136505,0.4824474003379352,0.3350153232694068,0.4002949652469563,0.4919721090533801,0.41253263707571775,0.6865668708762998,0.7783126188570614,0.948190393014396,0.4657301091467372,0.7970975362807962
1.0,0.3622463163747569,0.4831373238398293,0.35166879146436264,0.40905503719788494,0.4491706225358063,0.2950391644908605,0.5976497059676047,0.7794602291066853,0.9643283717850072,0.4589411965982269,0.7539402632467094
1.0,0.3830970252988603,0.4840221458965673,0.3619115896276316,0.3913283698498362,0.452419022797703,0.31201044386423,0.5778166436582839,0.7802158020557205,0.9723774268804052,0.4573061642114344,0.6913094836314548
1.0,0.3661384487072562,0.484743373206014,0.37370175667810096,0.3636765364752074,1.0,0.20365535248041627,0.6134444286142402,0.7785091479164422,0.9686560750136732,0.4574535872771444,0.7343570705366181
1.0,0.388657214345288,0.4865424154498577,0.3860342021720819,0.39754074172981607,0.529720113691144,0.12793733681462013,0.5984701472372744,0.7773373775145612,0.9698668208405284,0.4560778196464077,0.7037293283833947
1.0,0.3928273561301085,0.4892960800872159,0.40169119433481604,0.4030303773846348,0.4444652789661217,0.016620498614957114,0.5886887186869009,0.7760793250918064,0.9728619437853242,0.4588746726866637,0.6888288896388793
1.0,0.4361968306922436,0.4936916849596381,0.4314292810279158,0.4511032846774766,0.4878233596531221,0.07719298245613991,0.5861537025482808,0.7747862233748392,0.9723164979352568,0.4588806577440934,0.6579311508606142
1.0,0.4242424242424245,0.4969561726218261,0.4577649773878667,0.4371551974878946,0.4600127217744578,0.09649122807017488,0.6331251934423653,0.7736557888632035,0.9705744382193109,0.4603432279898161,0.7298768140398247
1.0,0.462051709758132,0.5011648336036927,0.5007902840899334,0.4849876312622796,0.4740091295477722,0.1950113378684807,0.6196787996993354,0.7725137227798652,0.965703687230732,0.462735350153608,0.7112807964900442
0.0,0.4437030859049211,0.5032447067126413,0.5252028609863827,0.4615931084764279,0.4574212150133741,0.5271317829457366,0.6810448589774449,0.7716330200163791,0.9624802877083576,0.4658150156880052,0.8018140398245017
0.0,0.5031971087016963,0.5045136187647854,0.5569037979545451,0.4918863061690423,0.4278263244865695,0.7364341085271318,0.6972817356017469,0.7697535395064047,0.9512693721743904,0.463848496315374,0.8291765102936214
0.0,0.4678899082568808,0.503637956973052,0.5598113903936519,0.4934808082264507,0.4327742550187578,0.5213178294573643,0.7302418582257835,0.7677476362221841,0.937966252428042,0.463775359388809,0.8631370232872091
0.0,0.5084792882958024,0.5042825732990412,0.570510286081158,0.5073516332587303,0.4041349853154492,0.7693798449612406,0.7324821050459593,0.7657323115600038,0.9255618312296421,0.4641898157518994,0.8515693553830576
0.0,0.5207117041979427,0.5035448207764992,0.5574133066138492,0.4743846995255708,0.4974592145261512,0.7868217054263548,0.7469798426914405,0.7634584289089689,0.9190125294592076,0.4657244068693556,0.8819946000674994
0.0,0.5276619405059775,0.5025525934477608,0.5411306288567865,0.4872448668047818,0.443325035603112,0.8449612403100779,0.7740249276586961,0.7606242936330628,0.9144570862588008,0.46500994963044,0.8936044549443128
0.0,0.5246038365304423,0.5019006685515952,0.5448030257388794,0.483323258731149,0.4667216885138503,0.7674418604651155,0.7991392735901427,0.7570855118706127,0.9033127350595046,0.464072089353639,0.902708403644954
0.0,0.499304976369197,0.5020257798310956,0.5667140717107529,0.4388646227416721,0.4097430750609524,0.8294573643410861,0.7967860318645632,0.7564684918889516,0.905829263419162,0.4641989180089681,0.8784864052123793
0.0,0.4623297192104536,0.5021094825971302,0.5912194025781193,0.4367375752034504,0.4348841566143489,0.7906976744186047,0.746621206687333,0.7562439338994519,0.9116807487596332,0.4570103024475989,0.8847429311280954
0.0,0.4553794829024191,0.5017222404816837,0.6083898567763616,0.477237531958724,0.5007022171143239,0.7751937984496129,0.7479427557983579,0.7558106569226023,0.9164373994814996,0.4574112172180181,0.8666583134945495
0.0,0.4545454545454549,0.5000073400750296,0.6096272777585061,0.4759292813991617,0.0,0.6996124031007755,0.7627893038039978,0.7532406445618881,0.9110668352307141,0.459169569196796,0.8613289896838323
0.0,0.5404503753127612,0.4984769529503244,0.6205114472573152,0.5410862878250549,0.4693287927592415,0.9590643274853812,0.7659531611552991,0.7512394256835307,0.9056372268162364,0.4556960320160098,0.8659566470367119
0.0,0.5104253544620518,0.4947802838195268,0.6108619443201038,0.5052288606348388,0.44240737961907584,0.7387914230019484,0.7907923890561974,0.7492953615396712,0.8997662799127085,0.458348387561993,0.9120995698116356
1.0,0.5287739783152632,0.4923228033566895,0.5992943285856867,0.5288777610743994,0.5080073909736137,0.6179337231968821,0.7957346879621124,0.7468468141597314,0.8949986643862571,0.4591964034748742,0.8935471745395317
1.0,0.5568529329997223,0.490017763915777,0.5834842428360176,0.5610192074030048,0.6289578484591783,0.6420361247947446,0.792570830610811,0.7443783081597394,0.8916472951730253,0.4591376163080678,0.8740675771624272
1.0,0.5315540728384764,0.4882978017950542,0.5763737362264124,0.5334086232890869,0.5850186305130383,0.4507692307692297,0.7768498002937869,0.7422794776830987,0.8924870700363537,0.4615371143499717,0.8484400451071298
1.0,0.5140394773422301,0.4882288190553405,0.593291416570221,0.5609536288630147,0.5651230329899483,0.36307692307692296,0.7453733499059195,0.740579811774717,0.8912077113298249,0.4588766913125453,0.7811552437037967
1.0,0.5373922713372256,0.4889030444099803,0.6022652727857565,0.5437185637461422,0.5890325574866423,0.4061538461538463,0.7543687269404417,0.7391818890559144,0.8870108501748807,0.4560805496501785,0.7954141085077058
1.0,0.5613010842368642,0.4893763066088551,0.6107108650247701,0.5303564639110973,0.5065615867318488,0.4892307692307681,0.7402885791627569,0.7380210727262452,0.88781626737308,0.4585025421264403,0.7755299293427546
1.0,0.5618571031415072,0.48878196736137003,0.6010004567471091,0.5309842337812384,0.467859972804677,0.5568345323741012,0.7533615984357571,0.7364047909095358,0.8821645841919373,0.4561770238176062,0.7966771097187038
0.0,0.6574923547400615,0.4882714269650766,0.6008372935801303,0.638676882038448,0.4966837198678221,0.8356336260978668,0.7637718681988118,0.7348533637801417,0.8795393012620688,0.4574850778382789,0.7924244054664799
1.0,0.6196830692243536,0.4848234010947342,0.5829989145181137,0.6383578585649294,0.4578637718060604,0.7440604751619867,0.7584365435349718,0.7326991610095134,0.8715827712639473,0.4566798578973828,0.7956148182123464
1.0,0.6641645815957748,0.4833126337408515,0.5709972867128942,0.6381076894285954,0.472105626061697,0.761339092872571,0.7630840731224421,0.7318442435561171,0.874365284853056,0.4575135710715771,0.7773746242618329
1.0,0.6477620239088131,0.481679163242115,0.5584269205147652,0.6530430859768441,0.5637099028468745,0.7419006479481642,0.7413890512849484,0.7302290784038875,0.8758424662633372,0.4583339617046509,0.7741607737950091
1.0,0.6066166249652493,0.4815145877805808,0.549926367699188,0.6258484524899681,0.4870577854664756,0.7041036717062642,0.7471812683923775,0.7283051862203817,0.8776601837351165,0.4592243863072604,0.7603023652767621
0.0,0.5649152071170424,0.4817741442176796,0.5568527919028167,0.5577817678353185,0.5040564528356696,0.7095032397408212,0.7939120310097321,0.7258171762608464,0.8754172790584093,0.460818270607445,0.7980283956536929
0.0,0.5426744509313317,0.4807532538662237,0.5516378251477734,0.5800193237026607,0.5123055458006843,0.6781857451403885,0.8020329257328702,0.7230383733834632,0.8700763310857057,0.4616067925613563,0.8247556493861914
0.0,0.6246872393661387,0.478970861650024,0.5391198294942622,0.6206107914481559,0.0,0.8110151187904968,0.7984072631160062,0.7207438884332623,0.8604330946398691,0.4617606886211529,0.7938773295295976
0.0,0.6744509313316657,0.47557314586796,0.5147069980820228,0.6376286685232904,0.5188292503725617,0.9330453563714898,0.824450132400552,0.7183740293797499,0.8512630509560221,0.4609510941393451,0.8206560256370748
0.0,0.6608284681679178,0.4707632139331643,0.4869068036186818,0.6118118637215549,0.5142771551690015,0.9778024417314092,0.8147718731116341,0.7160328222777733,0.8437383896351233,0.4601095907690204,0.8088527402413698
0.0,0.6875173755907704,0.4654841771261365,0.4515066727226815,0.6317155186016004,0.5324318414828139,0.9831297265852244,0.8564866444934633,0.7143376583176412,0.8465301831801456,0.4611187515828205,0.8530054603765932
1.0,0.652766194050598,0.4591891561735227,0.4001176232833155,0.6088564286266276,0.5798501212832479,0.923694779116465,0.8212174955416139,0.7130819408378174,0.8527956774125166,0.4614943698845431,0.8083552700069899
1.0,0.6758409785932724,0.4546676006345254,0.3683376928665732,0.6262904613693552,0.5087723280094091,0.9578231292517004,0.7804705500886765,0.7127829694549627,0.865816409767386,0.4606398535750033,0.7700144261514897
1.0,0.6502641089797055,0.450658077420593,0.3557411018750413,0.6089172145162208,0.4572595480926724,0.9515746063484126,0.7634623604144455,0.7126001466195261,0.8751999918324463,0.4625420857758651,0.7531417778372669
1.0,0.5724214623297195,0.44785508636361776,0.3569238633485273,0.5617036285753852,0.5372961947824649,0.9928825622775792,0.7447985497349532,0.7116770440393948,0.8780605646164369,0.4644129841475014,0.7300673716146879
1.0,0.5651932165693639,0.4459315140619851,0.3582920109979022,0.5555727847398471,0.4961051004132558,0.9139784946236575,0.7128259043277048,0.7104202411547013,0.8811470759702106,0.461453483386845,0.674534124540817
1.0,0.5974423130386434,0.4431481812214166,0.339503449283348,0.5343168760400635,0.43672423401685184,0.9667221297836932,0.7099420778289256,0.7095665368082703,0.8869172400002022,0.4612952653644205,0.6628890971013846
1.0,0.6060606060606066,0.4412028626728768,0.33507482173116565,0.5422895032829884,0.4843924723988762,0.873544093178038,0.7154493512618583,0.7090125674123072,0.8978477421953975,0.4617151285749668,0.6828403158881006
1.0,0.5284959688629417,0.4395834300916317,0.32985955049595195,0.5033706796925156,0.460104646285034,0.8241042345276876,0.6916221646876182,0.7088166829055694,0.9014132630428552,0.463092616204305,0.6493627210398727
1.0,0.5607450653322216,0.4391502398899106,0.3344786072573612,0.4794518008384994,0.4892991164305462,0.8599348534201955,0.6990749156222825,0.7086073005518746,0.9051918951344614,0.4638058047441489,0.6700575558827468
1.0,0.4979149291075897,0.4376607249156373,0.3193384621572548,0.4758457225325065,0.4524461532848303,0.5879478827361562,0.7029413065158756,0.7081134006158846,0.9063284405537868,0.4641567075681794,0.6816728386799329
1.0,0.4692799555184881,0.43743991276078936,0.3106061336413122,0.4495386068810923,0.49164939392324,0.6368078175895783,0.6636485563672627,0.7072659135433651,0.9104302984834246,0.4602838481332465,0.6174839007123841
1.0,0.4809563525159856,0.4379222191797,0.31694628722200896,0.4598346557807217,0.472455416760677,0.4022801302931594,0.6694456862966656,0.7062905189539167,0.912998208802096,0.4571962655257187,0.6243846577135295
1.0,0.4245204336947461,0.43986723554066426,0.3126217305562159,0.4158412013773682,0.478446300204177,0.4690553745928354,0.6954983812251596,0.7053710461752908,0.9220234698518244,0.4565931040177682,0.6545308526301701
1.0,0.4061718098415347,0.44273417917934893,0.3132683897344429,0.4040940948971636,0.0,0.6405750798722047,0.7121184579634385,0.7040247922190799,0.927590041899506,0.454813910249543,0.6784083641933996
1.0,0.4459271615234921,0.4435442562982275,0.2928482293042163,0.4322594779455173,0.4433520562221124,0.7533875338753382,0.7444153496209754,0.7028426514527774,0.9345919886979812,0.4549567298841836,0.714719136215589
0.0,0.4628857381150962,0.4425590013638863,0.28229332729619805,0.39558401198047494,0.4421971119324361,0.8224932249322492,0.7938923797218357,0.7009120309541589,0.9329669309354476,0.4609625164895775,0.790657207870432
1.0,0.3728106755629696,0.4406306164655404,0.28382097514793625,0.3735255051354325,0.44427411824946456,0.5591259640102838,0.8189035563918269,0.7002668140659829,0.9434565395401644,0.4602233794049602,0.8056038905992058
1.0,0.3628023352793995,0.4405782599457592,0.2989696777578612,0.3636598708269016,0.4495530841773184,0.4440433212996385,0.7455354730310635,0.6993830154269814,0.947286458323412,0.4549836871021323,0.7430657802763274
1.0,0.3814289685849324,0.4407344668302387,0.3143990977364333,0.3298764664659183,0.4434511279925076,0.5141843971631211,0.736112680484797,0.6992532814278062,0.955772709073717,0.454144843233688,0.7242374217344101
1.0,0.32638309702529883,0.4405944401369989,0.3241287052267078,0.3266774589889945,0.4574961768904522,0.3381696428571427,0.7535188087389275,0.6979066588310355,0.9558982798674032,0.452456303819388,0.7450289266645845
1.0,0.2946900194606616,0.4422113030088423,0.3490592029457557,0.34423008872143585,0.45062460443608,0.250752256770311,0.7241008307581958,0.6961279257807672,0.9577949976333898,0.45338593057446896,0.7005978673091507
1.0,0.2524325827078121,0.44375678641038657,0.3525188635829386,0.3470242180326191,0.4536536057379419,0.16248746238716194,0.7394091840293979,0.6949838100428537,0.9640228089633964,0.4514785380973498,0.7068144975386307
1.0,0.2727272727272729,0.4453404006458605,0.33835499622112464,0.37154940872320985,0.4380379355811775,0.12637913741223725,0.678662140320021,0.69327838613158,0.9722975547732688,0.4486724722065572,0.6261693362483082
1.0,0.3691965526827914,0.4469161889806987,0.308604774090983,0.4125572972455004,0.4774610182180778,0.2838515546639918,0.6771833809058261,0.6918669987292329,0.9868477186066468,0.4488395132136093,0.6046119067802912
1.0,0.37642479844314697,0.4472565987308323,0.2755318790552914,0.4195299309516104,0.5197364508382352,0.2617853560682046,0.7428530722332212,0.6903184980780576,0.9947765258378728,0.453409783137005,0.6848555154002883
1.0,0.3514039477342231,0.4486761079278497,0.25445338923267835,0.3918297402794313,0.5145511390091156,0.15145436308926832,0.7499226230539083,0.6887945505478056,0.9993481556763624,0.45424321411719104,0.7016512734396866
1.0,0.3352793994995832,0.4511050336883657,0.2297301706356534,0.3719654076767662,0.4601044899541026,0.06419257773319967,0.7240222256066107,0.6877577748218858,1.0000000000000002,0.4516758515377052,0.6582924565822619
1.0,0.4384209063108146,0.4549350634387767,0.23343333841824415,0.4183476271529545,1.0,0.13710691823899254,0.6977189767574392,0.686958273029073,0.9959127423451728,0.4526937317894067,0.6204943509066538
1.0,0.40839588546010575,0.45663081792027294,0.23171441862702566,0.43381570831613536,0.4899992111253879,0.018867924528300842,0.7529489213899356,0.6863224569355727,0.982280674706301,0.4597909780205928,0.7088535880098007
1.0,0.4172921879343901,0.4604104092507463,0.24548373685267355,0.4424660798143051,0.5211639260376351,0.07087628865979352,0.7207404605279317,0.6857612138771564,0.9743658550575052,0.4564938447257994,0.6561573382581247
0.0,0.4395329441201003,0.4637684309016827,0.25540336160339605,0.4650439557750547,1.0,0.2422680412371131,0.7352283725294646,0.6843697629350155,0.9687068970855492,0.4579607508267807,0.6968383721700232
0.0,0.3942174033917156,0.4655594403465824,0.24784994083629555,0.4017503257865876,0.4137770114781736,0.002577319587628356,0.8268426767019244,0.6832387937931613,0.966063831882398,0.4662831692850841,0.8001486266748095
0.0,0.4859605226577706,0.471203871683589,0.2785168220394316,0.4697458675311594,0.4429250506450426,0.2439372325249637,0.7448280266667975,0.6809784727677589,0.9571963580651212,0.46093726911585,0.690024205970806
0.0,0.4222963580761751,0.4752299935295818,0.2998516899477345,0.3954023882827497,0.5459576410567638,0.35750766087844776,0.8147718731116342,0.6799418837522256,0.9616747755270872,0.4666729819805314,0.7895254162693468
0.0,0.38949124270225177,0.47819181269630795,0.3252035338290845,0.36562009817582575,0.5145070495849651,0.3697650663942792,0.8779360252322537,0.6785737209628132,0.9745293756588064,0.4715304719320592,0.8796554800828921
0.0,0.4058938003892136,0.4793346002800072,0.33942838469536263,0.3847026127556121,0.4553103539423027,0.3595505617977527,0.8673292425902359,0.6768605700912128,0.9817969602106016,0.4694921017578267,0.8800296454064008
0.0,0.452043369474562,0.4789038552014116,0.3354966456308843,0.3808520990384763,0.4559644410105259,0.5148110316649639,0.8611194356150116,0.674919946239848,0.9817969883862382,0.4689320338247995,0.8682938061247986
0.0,0.5079232693911594,0.4767094361556263,0.3283198748728108,0.4387284077867165,0.4634019042077999,0.484167517875383,0.91314130749844,0.6723598449882352,0.97217325326752,0.4722560654413653,0.9300454754777802
0.0,0.5387823185988324,0.4744316229699291,0.30703775556195656,0.4665748769654224,0.4633845737266828,0.4831460674157297,0.9162511238080262,0.6691681160927413,0.9687328891017448,0.4727762324500819,0.9266204236702736
0.0,0.5618571031415072,0.4725502804839878,0.2923778729328824,0.4383755975616461,0.4980871772096302,0.5505617977528094,0.9239986440611352,0.6659643249522625,0.963025872032728,0.4739355905725264,0.9233608680635504
0.0,0.6063386155129277,0.4695614767358829,0.26122521258854103,0.4249961173707975,0.4458019563047446,0.6128702757916246,0.9339471085586272,0.6631424759754126,0.9633817445953198,0.4753154266470256,0.924644275197468
0.0,0.6719488462607731,0.4671714345797097,0.24510260843945736,0.42162159019121,0.4946910943676258,0.7077922077922086,0.958535782538848,0.6603415373645697,0.9583459346089246,0.4785004923308535,0.9861686819441166
0.0,0.5518487628579376,0.4647604986694846,0.22940546909062584,0.3615449904563473,0.5930332252261301,0.6066790352504643,0.9515595753356684,0.6578417904305971,0.9457839660671676,0.4781910581307745,1.0
0.0,0.4545454545454545,0.4644806993712913,0.23399089811626256,0.34078943092570685,0.5690797947566297,0.43042671614100186,0.905831028401024,0.6552438157395691,0.937204522251424,0.4772593682276709,0.9925596169493652
1.0,0.4364748401445652,0.4659053211033257,0.2539970366428513,0.3757089345063807,0.5458497156141711,0.385899814471244,0.8970812924652046,0.6533060113438832,0.9247854813191208,0.4763769996621151,0.9956135113403866
1.0,0.3603002502085074,0.46763884107909204,0.2797380361977142,0.3728695897367563,0.4545541537574527,0.3673469387755109,0.8768257274661134,0.6509610284215449,0.921699252678436,0.478094491086033,0.994016399497673
1.0,0.31832082290797903,0.4704454747662546,0.3178784656013403,0.3940094804519645,0.4665231441301093,0.3404452690166977,0.8605790251978639,0.6487246488104091,0.9138366934275528,0.4767280615230829,0.9675953335946168
1.0,0.24965248818459845,0.4720170978642641,0.3392515049122477,0.3902921301684264,0.4577359138996329,0.2241697416974176,0.8354892433762875,0.6462072002299725,0.9081298570836224,0.4740558653454465,0.9248315232294358
1.0,0.2894078398665558,0.4746395260440713,0.3588664667745371,0.3772666763740626,0.5412141307709363,0.2370848708487091,0.8140889908572383,0.6439587971843103,0.8929255858076129,0.4720773582002246,0.8723834966357764
1.0,0.29802613288851826,0.4774105956035358,0.37501515958881604,0.33618813497553474,0.5401636693579799,0.2619926199261995,0.8484885703196773,0.6416495610957907,0.8720576473703122,0.4733836203359277,0.9235105957616956
1.0,0.2660550458715599,0.4802685618038136,0.3903051184183309,0.32204753556699045,0.4575209877123589,0.3096003674781813,0.8675650580449915,0.6397974050007272,0.8567207565440692,0.4723693616608308,0.9441663334666136
1.0,0.2888518209619128,0.4835201830842722,0.4120014147799931,0.3387738638488487,0.4594382541112659,0.28597449908925315,0.8802106618062482,0.6383929742536602,0.8479173697226766,0.4738947356477839,0.9889036732389828
1.0,0.2390881289963858,0.4866035513381161,0.4268384616252052,0.3525110502803953,0.3931646737381853,0.1967213114754099,0.8432515020953186,0.6364421955789051,0.8380701338026452,0.4729943344879925,0.9410910850368944
0.0,0.3375034751181541,0.4913547499323202,0.4490182803179603,0.40505275599770135,0.4090988944442068,0.528239202657807,0.8177834329817388,0.6348424967638343,0.8281991892295265,0.4707973868104359,0.8720535462279748
0.0,0.3853211009174317,0.4916058562350867,0.4388997998359165,0.3892447146581637,0.4082974813479254,0.6362126245847182,0.8122565082609101,0.632366615792089,0.8197960816036359,0.4693608604423616,0.8807306157009801
0.0,0.3758687795385043,0.4896395086895855,0.416871450482041,0.3808682285003269,0.4105768123304401,0.5789036544850494,0.8473094930459002,0.6295725948376033,0.8129610851598897,0.470822646039065,0.9051489859279868
0.0,0.4036697247706426,0.4882254304564628,0.3998973784349969,0.4033278662231969,0.4709450361354549,0.5672757475083063,0.8508565505111791,0.6263073462234215,0.8063399522579734,0.4721994442533105,0.8755400882995275
0.0,0.35307200444815146,0.4861119265121504,0.38075036940840135,0.3577941149403604,0.4365206936372848,0.3754152823920272,0.8507877710035419,0.6234080267909482,0.7999686793311135,0.4720531977539174,0.8827285125446661
0.0,0.3694745621351129,0.4874186706149277,0.3828117479091891,0.3714432197987509,0.3875277431834192,0.28239202657807344,0.8269114562095613,0.6215703318834173,0.8015111805830423,0.469924789443708,0.8246489550555808
0.0,0.3341673616902975,0.4898036573683337,0.3928987336606926,0.3955221620183445,0.3879394529124492,0.2682724252491696,0.781349945222035,0.6194077107808204,0.8036967074758,0.4681673948479828,0.7604008733094794
1.0,0.3249930497636924,0.4934709631211024,0.4055153260375646,0.3852643130487706,1.0,0.18604651162790764,0.7873239367425042,0.6184748187357493,0.8058705999399288,0.4693250781647776,0.7539330830405309
1.0,0.28746177370030607,0.4981510051343048,0.4195669373520143,0.3428135213126018,0.34878257806071017,0.0051813471502592644,0.7412465794477006,0.6170803849257877,0.7995944972513046,0.4666691534255252,0.701857522855802
0.0,0.3675284959688631,0.5055108433110798,0.4480369779800185,0.39845102596994175,0.3412974194308612,0.1959262851600384,0.7077460464065162,0.6166360436915799,0.7972095387618695,0.4627765548943085,0.6380773558054109
1.0,0.4100639421740341,0.5099709766433136,0.4794775413504391,0.4351344463582004,0.3272016406505716,0.3511154219204659,0.7825339353177858,0.6157592781880411,0.7991810875698283,0.4748010222703321,0.7650742267890235
1.0,0.437864887406172,0.5125463040227953,0.5100075129741073,0.4166442656145801,0.4959028170606738,0.0,0.8242094041238227,0.614459884476536,0.8040844435193356,0.4779079526310375,0.8165166506763538
0.0,0.5373922713372256,0.514755857895872,0.5350604574575442,0.4725362395999024,0.4960152263575596,0.362179487179486,0.7772870414494788,0.612307777232625,0.7968081421047676,0.4723599441865202,0.7380127580726669
0.0,0.5943842090631082,0.5143246634760679,0.5233535058911065,0.4884148875305057,0.4497622291253693,0.6107193229901264,0.8638951800303613,0.6103433620985393,0.7873248220839476,0.4834134493804722,0.8538900403541797
0.0,0.65721434528774,0.5126587848106003,0.4975924084367859,0.5145572181368845,0.500733785725644,0.8178571428571427,0.9279682042161836,0.6079614297611909,0.7734816714484606,0.490731668531457,0.9346230293984692
0.0,0.6433138726716711,0.5100360191970297,0.4877047827328552,0.5046880913288967,0.4757287958644911,0.6887417218543039,0.9447012758598664,0.6053688256757218,0.7648478762207549,0.4897761837251736,0.9547936653726652
0.0,0.6308034473172089,0.5089985408003861,0.4864518891937759,0.5382241235728319,0.4566882249753175,0.6843267108167772,0.9363249143940772,0.6026353756669619,0.7526159318390816,0.4890613983330037,0.9357403871595192
0.0,0.6758409785932724,0.5081710581447276,0.493955191330031,0.6291388483069581,0.4681721116278626,0.8697571743929353,0.9758190902436268,0.600748398269712,0.7536943783170325,0.4921337423990893,0.9766032357527394
0.0,0.6566583263830974,0.5054624060584432,0.4645639644459002,0.6145978006951229,0.4785445833911424,0.7546754675467543,0.9733528536126436,0.5989324207192391,0.7526641923843913,0.4902680518001351,0.9966251225318584
0.0,0.669446761189881,0.5038272533180461,0.46262579274507104,0.6441523861337904,0.4725337363139927,0.8569856985698574,0.9248976904823901,0.5982053254493284,0.7580819883720237,0.4882654898504808,0.9306189609298424
0.0,0.666110647762024,0.5014963912007262,0.4551656545480329,0.6317809901148242,0.4074731921238735,0.9869668246445501,0.9250254238537158,0.5967070694622661,0.7566493311472007,0.4868781149531856,0.9560495728889512
0.0,0.6371976647206008,0.4987165970748037,0.4548825112187687,0.6293974250700961,0.532828671724617,0.937203791469194,0.9650698357643612,0.5947924766040783,0.7585371755065359,0.4900544623514469,0.9988166923400088
0.0,0.5921601334445372,0.4955507666939978,0.447538722397864,0.6006248187844383,0.5564697394549141,0.9895287958115184,0.9543746223268104,0.591903131391578,0.7586077135498634,0.4891059718362055,1.0
0.0,0.5729774812343622,0.4922318396622957,0.43459252925126296,0.5830503348514913,0.5310416670897348,0.9210903873744624,0.9413359928076288,0.5895008130961633,0.7578024690066025,0.4876390195896406,0.9985228519195616
1.0,0.5610230747845429,0.489164351832295,0.4241615300003637,0.5709615629938269,0.4288312846306125,0.9503205128205126,0.9345464728394636,0.5871218749074313,0.7562890261037697,0.4868455804419333,0.991483087215828
1.0,0.5101473450097304,0.4866513580539321,0.4138905648493268,0.5575079634014135,0.0,0.6762820512820501,0.9371158787319022,0.5844189239264143,0.7504953678178349,0.4874986782581773,0.9961218179256542
1.0,0.5332221295524051,0.4854497145526143,0.4133686980573921,0.5989303498164413,0.3739063200246767,0.9585585585585604,0.9048926794039764,0.5823320119892199,0.7493946687618408,0.4841212309101892,0.9505720374204664
1.0,0.5335001390047263,0.4838443903632759,0.4105266671277949,0.5998865522162725,0.401681438277738,0.8597785977859771,0.8977789131855226,0.5802603165038059,0.7466540632577293,0.4815710549027525,0.994210452396186
1.0,0.4681679177092024,0.4829276399666485,0.4148343416107546,0.5440591350952697,0.0,0.7915129151291522,0.8951898560051879,0.5786922317361837,0.7510884267073108,0.4819051081888043,0.9748865070839968
1.0,0.4514873505699194,0.4827242725370812,0.42536261682871424,0.5220466809168627,0.4275046967794591,0.7798319327731089,0.8826474215053868,0.575891757221847,0.747841196842145,0.4837169681895224,0.961377125787002
1.0,0.4584375868779543,0.4804226717338869,0.4130622191957548,0.481473559355689,0.46420702833079,0.7511961722488055,0.911721501947934,0.5740883060445411,0.7528413222537615,0.4850199843822594,0.9800534730008392
1.0,0.4820683903252713,0.4767702344038504,0.3827700139920451,0.5129708938439288,0.6774204436075144,0.6188197767145155,0.9089555831765326,0.5720801182921559,0.7497857730064388,0.4835918290475364,0.9956640399769368
1.0,0.4895746455379485,0.4738039783738412,0.35851024960294625,0.5225182050798259,0.6622817482222583,0.4529505582137169,0.8942367685422182,0.5705548912907318,0.7463000865768905,0.4855106078307891,0.9955577182682952
1.0,0.4559355018070618,0.4735805435704836,0.3581823988273372,0.5290333981995089,0.6667188835090616,0.32057416267942684,0.8828881497821163,0.5674009982159626,0.7295015138708683,0.4843186377721237,0.9811441937913812
1.0,0.3550180706144013,0.4748463554086534,0.3760622000510021,0.4611060582711517,0.6255122731047608,0.15323753381389507,0.9008936423170832,0.5639516852169942,0.7129343145249409,0.4882226961845123,0.9607213094445392
1.0,0.33138726716708383,0.4757426308180313,0.3798011029919344,0.4730820194766666,0.6758496796278408,0.029709317780244483,0.8849367965453036,0.5601101859678933,0.6938819909911162,0.4866630908604183,0.9244681905139364
1.0,0.4431470670002785,0.4778468061964595,0.3942146859582272,0.5737469077478574,0.6931800727039817,0.06153846153846241,0.8629224412794954,0.5571352463075813,0.6829456103823737,0.4846558086731506,0.8687404816116046
1.0,0.36057825966082857,0.478929615420841,0.389312534464245,0.5065153642427278,1.0,0.06769230769230734,0.8922519884646939,0.5567533196671631,0.6868228563174112,0.486297977974187,0.8967252565593615
1.0,0.36641645815957735,0.4826681653435593,0.4184672296441017,0.5121471139513641,0.6691156074664262,0.013054830287206262,0.8415565785142642,0.5572509203504245,0.6985955488228628,0.4726424274145486,0.8973616261803925
1.0,0.35390603280511523,0.4851572186258269,0.4345415879013127,0.5037950013780184,0.6515615326748556,0.05073995771670085,0.8259288918147473,0.5582998350081542,0.7112400925019748,0.4732639696935344,0.8892936297206557
1.0,0.3947734222963583,0.4878387437298077,0.4648547072387109,0.488478130643185,0.7258861489729074,0.029171528588098038,0.8388152238527332,0.5573012600443584,0.7157194596031934,0.4717192042799716,0.9080701908377404
1.0,0.4108979705309982,0.4893083494231955,0.4862641918709463,0.5010260713919059,0.3803155387927844,0.07561915509189697,0.8433350200688776,0.5555908297939037,0.7183613744252636,0.4686057468791319,0.9139364947005773
0.0,0.4595496246872395,0.4904515518123868,0.5019079448477993,0.4926174854345968,0.3801981940125752,0.2280819697715463,0.8589676195903688,0.5540293719126116,0.7164942903143354,0.46749005351069206,0.9295750952725784
0.0,0.462051709758132,0.4906101966220538,0.5142987631459415,0.4948269551929125,0.4551555064555567,0.17405971260159184,0.8535340384870473,0.5522539837729948,0.7135965976092826,0.4701820901743598,0.9279731993299836
0.0,0.4414790102863497,0.4907795166338445,0.5227340614590223,0.5274028563661391,0.3332641864876439,0.16685674497893108,0.8648482674933307,0.5502184326928682,0.7079062231738403,0.4682751717892146,0.9392084147081842
0.0,0.4840144564915212,0.4915052874766733,0.5352632441067171,0.5135646314194722,0.4754167089102211,0.1812626802242527,0.8537305513660102,0.5479846114305321,0.7040377258259768,0.4674733232147321,0.9054296226401294
0.0,0.4879065888240201,0.4917112200571495,0.5360854934624614,0.5168307635655011,0.6371623578566504,0.21367603452622466,0.829195918427504,0.5454538705481912,0.6998913650455216,0.4681793652596238,0.8704731810435
0.0,0.4676118988045597,0.4921286866922329,0.5366932059491546,0.5500406357669728,0.6799245415540415,0.13324289607318174,0.8461058516622533,0.5431577586916084,0.7036678215055743,0.4672552146124303,0.8743352863297567
0.0,0.5376702807895472,0.4931069278406672,0.5416738663152721,0.5628482918890899,0.7533266636947488,0.37094082762098,0.8499820681997946,0.5399730993196817,0.7034273981805028,0.4682252637257798,0.8661795147498776
0.0,0.5746455379482904,0.4920507428449347,0.5467647813982738,0.5495055168668551,0.6335307844205513,0.4964788732394374,0.878741728036001,0.5378197613190446,0.7041126970032261,0.4694944686934488,0.8792141200909934
0.0,0.5649152071170424,0.490008736599398,0.5506283657262951,0.5895449937246837,0.5283674275449941,0.5098684210526312,0.8559167571444712,0.5351347188845751,0.6952602496360959,0.4690308891542137,0.8614030852954729
0.0,0.5226577703641929,0.4883111826324266,0.5602101174853068,0.5547766593373552,0.5318358072584887,0.3256578947368423,0.8746788242634451,0.5341358199551872,0.6972530988235062,0.4724702473691523,0.8593939128786222
1.0,0.4776202390881293,0.4880026855205202,0.567836498021693,0.5592713380878718,0.5446664687140275,0.1820175438596489,0.8384369365607298,0.5328235925220978,0.6996493974038079,0.4690643731974338,0.8392558721670305
1.0,0.4965248818459829,0.4892262539625816,0.5865814216691676,0.5299449620666901,0.651240207601728,0.22368421052631515,0.8261204918717359,0.5322847279831157,0.7089182699056487,0.4709716022217855,0.8265337325150584
0.0,0.5679733110925771,0.4895897827785571,0.5992662885816391,0.6234327642850921,0.0,0.5087719298245604,0.8286505951883818,0.5294882859429048,0.7026743998801088,0.4714963047122947,0.8243007801110787
0.0,0.5927161523491798,0.4875502209349042,0.6029596128625437,0.6001360194307638,0.5379616159051996,0.5153508771929818,0.9006971294381205,0.5268631048057729,0.6965833229282008,0.4807789072649502,0.8744284281864018
1.0,0.4812343619683072,0.4849936913935243,0.6006837989314051,0.5145427545668274,0.44486339415733894,0.2344086021505357,0.9056836437418018,0.5244004774871046,0.6894930344252231,0.481037549313603,0.8941223662542754
0.0,0.5726994717820406,0.4870011150386989,0.632451354214221,0.654337405293473,0.4597303044968222,0.8860215053763436,0.8872703869829867,0.5239873459022558,0.6980410608150759,0.4817204265110345,0.8774015116328168
1.0,0.5309980539338341,0.4854745087455037,0.6427612798973148,0.6104089167094169,0.0,0.7634408602150544,0.944106824401004,0.5239506836661955,0.7100607016030093,0.49089627163621397,0.9813086742952049
1.0,0.5671392827356133,0.4841290784967685,0.6530635861438088,0.6444797119885669,0.3906490329516881,0.9612903225806468,0.922367587165744,0.5230443117827225,0.7185286825870841,0.4898404237816622,0.972265619502034
1.0,0.5757575757575761,0.4807545036809239,0.6475836021302935,0.6571983966093992,0.4207353100455468,0.8861985472154966,0.9441903423745632,0.5215671779390866,0.7267844694158893,0.4899301697112429,0.9992821855339272
0.0,0.6024464831804284,0.4778076723939288,0.6385991982099002,0.6452055319650402,0.4288677097344258,0.9063180827886697,0.931903374617414,0.5193985034786349,0.7342106640550623,0.4923421245016845,0.9898674040984188
0.0,0.60272449263275,0.475035183509799,0.6282910319435012,0.6463264845220508,0.5072318088847109,0.9087591240875912,0.9333330058118684,0.5173031449794004,0.7397460148165832,0.4924527466852587,0.9945259873785716
0.0,0.58659994439811,0.47247820105734994,0.6165516760003561,0.6721074567153194,0.0,0.8102189781021888,0.92000943261819,0.5153390999759823,0.7483995099178096,0.4910092137639255,0.9927246904007944
0.0,0.5805633802816896,0.9915980657299108,0.6650838665791637,0.5680998835269364,0.4275883552092325,0.7716643741402995,0.5311792246584358,0.9876416516802424,0.3621795260509752,0.5148829710661211,0.8304071745702466
1.0,0.5478873239436615,0.9876358568309952,0.656918008518991,0.5457273854444923,0.4994068517863554,0.5735900962861048,0.5503146662474392,0.9869499786981384,0.3734012125176319,0.512543642142056,0.8441504231124378
1.0,0.5580281690140845,0.983643165330946,0.6740425820437503,0.5538445844829731,0.4810709977994497,0.3177441540577715,0.5056325503932712,0.9871529967170954,0.3794693767671601,0.5132126448304439,0.7967542406112043
1.0,0.6876056338028171,0.98281210523414,0.6679402924691433,0.6034627873020191,0.4662857310982442,0.5962264150943395,0.4443696603766172,0.98907596165884,0.3873330370821911,0.5125066462338401,0.7553474075666925
1.0,0.6492957746478876,0.9804451694557571,0.6422182034340601,0.5649085600493104,0.43710020847024667,0.8360975609756116,0.4523529960844807,0.9914210967093784,0.3924143193425438,0.5129254659326258,0.8019024248327156
1.0,0.5952112676056339,0.9785140410496682,0.6025966302248511,0.5320548214480956,0.430891616321502,0.6312195121951227,0.4652982819861557,0.9922003182759694,0.4032666755754648,0.5137651400301384,0.8346952199046259
0.0,0.6459154929577471,0.977578957138356,0.5668010671975372,0.5224340454820038,0.505562383722121,0.7258536585365876,0.4500587082225904,0.9924233138150031,0.4118320321707691,0.5127758354825722,0.8094539382976842
0.0,0.6512676056338025,0.9750607484257316,0.5219810004460296,0.5261336297806026,0.5336174719961868,0.6939364773820985,0.4829353128730672,0.9919582176922468,0.4167895854843183,0.5149566290052425,0.8754822469863516
0.0,0.6112676056338028,0.9724637144540054,0.4896740389629934,0.500562727500026,0.4682627614831758,0.5081809432146303,0.4838097951844516,0.9911112013477468,0.4144578965020765,0.5150564339747568,0.8669061563175934
1.0,0.7053521126760559,0.9751527973520298,0.5179958078487061,0.5364806210414815,0.4992820316879398,0.6974063400576372,0.452490555099755,0.988750172991494,0.404933441998414,0.5130030892648807,0.819282289993296
1.0,0.5357746478873241,0.9759228081926268,0.5399171866866932,0.4329256259397628,0.4757508161318578,0.6164259927797842,0.5130951269718839,0.9856792075852584,0.3896700366259367,0.5136055825052577,0.8716622183993827
0.0,0.5732394366197184,0.9786006357308824,0.6117636532447287,0.4616644518669098,0.4745268035895653,0.8113718411552366,0.5378704881871192,0.9824611923581102,0.3763916882470584,0.5154508427490749,0.8637185827946923
0.0,0.6354929577464788,0.9761376442871196,0.6522618486551336,0.450640239065895,0.5165277818962359,0.8546931407942251,0.5695483642759236,0.97969458939292,0.3588682834100462,0.5139864191718035,0.901887245911178
0.0,0.6343661971830987,0.9710930116746888,0.6925866187224317,0.4493946338918224,0.4908015348865251,0.8772563176895318,0.5868316719807025,0.977193783229672,0.3452527061900388,0.5115209181071798,0.9127654730131424
1.0,0.6507042253521131,0.964749230739072,0.6714135468534764,0.4597905753797216,0.0,0.7689530685920599,0.6078929397835411,0.9746587407276592,0.32993605369337065,0.50934756105238,0.9151435040540368
0.0,0.769577464788733,0.9594858649744812,0.6530643816315491,0.4802160396835058,0.4659931430307214,0.8817689530685943,0.5998359117460662,0.9725064470425164,0.3221658506259182,0.5088450487599274,0.9034177871662216
0.0,0.7656338028169015,0.9542645152935524,0.6301862218569458,0.4747755057021501,0.5576000973365467,0.9425758818703864,0.6087084682312371,0.9708578865232956,0.3144224056694737,0.5094554826554583,0.9169712991891928
0.0,0.6422535211267608,0.947648346399436,0.6013638371582463,0.4419332710729037,0.5264732838149992,0.958171206225683,0.6253629347233342,0.9702160610409002,0.31476821409745226,0.5069432320140335,0.9282100256776756
0.0,0.6907042253521128,0.9427904926081973,0.5810050407498175,0.4676804901631,0.5109041158963294,0.8083657587548649,0.5969127826714942,0.9693507330539624,0.3168613912744665,0.5084008223467535,0.9249212593445236
1.0,0.6774647887323941,0.9393660934789982,0.5819783475547576,0.4574495841467901,0.515013966984709,0.8142023346303503,0.5687082717183576,0.9690483998167128,0.32602733340460466,0.5066086913008683,0.8860189483537194
0.0,0.5729577464788732,0.9353580460778491,0.5866740289500432,0.4441081095563074,0.0,0.8132295719844368,0.5657409272460192,0.9690940883700292,0.336038378724192,0.5063489951588641,0.8890673817625254
1.0,0.6661971830985915,0.930307783454608,0.5805969135830567,0.4854323657852209,0.4883855372083067,0.7859922178988336,0.5337977587706151,0.9700380548412048,0.35215867733349804,0.5075721826914087,0.8864047459428004
1.0,0.652112676056338,0.9213752910326918,0.5336569237123943,0.4807144191388042,0.4483431532851888,0.7895287958115191,0.5113314238831926,0.970740792172978,0.36445026697735294,0.5095618681094003,0.8842607232756113
1.0,0.6301408450704221,0.9191643197746536,0.5346655243002418,0.4725101428806706,0.4155509591878069,0.4921630094043884,0.45327660661560604,0.970060217039902,0.3749874147659956,0.5057007176331587,0.8076957132195756
1.0,0.5490140845070424,0.9218138565277134,0.5608742987414114,0.4298555194301889,0.3932597214771033,0.7254335260115609,0.4128833843448017,0.9684221422996876,0.3777485466042,0.5029376121693906,0.7492884880529241
1.0,0.4980281690140842,0.9247466171154348,0.5960898420258303,0.45758316379211,0.4661989691122382,0.7080924855491326,0.4532864322595544,0.9668619232443736,0.3846287879200714,0.5021764514155406,0.7851929620400468
1.0,0.4307042253521123,0.9272853807990832,0.6254088091810646,0.4791484120116137,0.4746342328245167,0.5211830535571543,0.4524266884140921,0.9645147687752814,0.3873269826594175,0.5021516106144432,0.7754721277053265
1.0,0.3154929577464791,0.9309319408863349,0.6745549937172024,0.4860239823251433,0.4876055427911034,0.4764188649080745,0.4271305680696046,0.9628605460350124,0.3882732201694742,0.5004669965841297,0.717760603109149
1.0,0.2608450704225351,0.9340625520507622,0.7098749133782292,0.517358506683687,0.5033777589826619,0.42745098039215706,0.4209600636701728,0.9613112008853664,0.39119284977665736,0.5037060294739792,0.7146362750926548
1.0,0.2729577464788733,0.9358539480712442,0.745048036577322,0.5216265310802131,0.4865328085832503,0.28763250883392266,0.43874447921630655,0.9619311675875594,0.3966739674851598,0.5013285643609326,0.7234969705402429
1.0,0.4343661971830984,0.9394867664818598,0.7914947858973052,0.5308042768921056,0.4925908013994866,0.6353356890459357,0.3797070975539063,0.9633993786810128,0.4084151771167557,0.5006057226116603,0.6911848413170246
1.0,0.4112676056338028,0.9331559293016398,0.7728626617717187,0.5221560648708892,0.5099899362106985,0.6939929328621911,0.4319107438503751,0.9653300910017903,0.4080867863527631,0.504275380062184,0.7922068887005578
1.0,0.6140845070422537,0.9252508366421694,0.7425661545264008,0.5997967832531654,0.5830650281917834,0.5717314487632509,0.4375899660523999,0.9643234699445472,0.402815381627606,0.5009851539342995,0.7940916047914793
0.0,0.6754929577464784,0.9163035264171108,0.6753459600928158,0.5710231799073535,0.5655878036303261,0.5922261484098934,0.443603260148662,0.962730388383318,0.3869161991400325,0.5015301084831307,0.7675980621576837
1.0,0.6512676056338025,0.9120363426176196,0.6696907008703317,0.5641055610042849,0.519415084631582,0.4664310954063599,0.4484030872173288,0.9613664079880012,0.3770619899170157,0.5018177252033916,0.7894746828237855
1.0,0.5307042253521126,0.9098152617105004,0.67314482749233,0.5710516046187251,0.5707551235598628,0.2565371024734978,0.4120531174311836,0.9613035843758531,0.3720499153218565,0.499273827058871,0.7411740895809354
1.0,0.5909859154929573,0.9128057262185388,0.7350178644491525,0.5434286721406036,0.5902665204419997,0.3095406360424024,0.3589504247134596,0.9615754470569025,0.37630658053835264,0.4990887999761262,0.6836017050988525
0.0,0.6259154929577463,0.9147379494501684,0.7811813937410357,0.5566188421259468,0.5810547081865609,0.5031802120141344,0.35075583766071045,0.9618387430049076,0.3885249483840766,0.4984410563459755,0.6917224281214819
1.0,0.5014084507042251,0.9134599011288898,0.7954445574446856,0.5602802337992674,0.6008598346589649,0.2727915194346288,0.4310510000049128,0.960952912408882,0.3875160275762154,0.5006741365747782,0.78372566629141
0.0,0.5591549295774649,0.9146738362862371,0.7966502886794593,0.5325386771627127,0.6002497889206088,0.3102473498233215,0.3879360743604733,0.959195334772932,0.3904611944737912,0.4976068870458527,0.703271057591358
1.0,0.7084507042253522,0.9144986539253832,0.7747081105019663,0.543595163441993,0.6390677338815718,0.5717314487632509,0.4166171290450947,0.9584117257232364,0.3915656023990453,0.4997635782440013,0.7464930366697448
1.0,0.6095774647887323,0.9098099719384158,0.7549462929488733,0.5081257510385107,0.6407044627050169,0.333563535911602,0.4432593626104773,0.9562938009423021,0.3875846382453305,0.5017454542195628,0.7880516589296331
1.0,0.5853521126760562,0.9097987861139972,0.7609818472238161,0.4987042898473815,0.644839330990572,0.2147790055248618,0.4178698986484827,0.9547959752442524,0.3774541518007805,0.5000831073054021,0.6948467561379766
1.0,0.5509859154929576,0.9124521264014004,0.8014960726590898,0.484210881812619,0.6554114078057026,0.158948685857322,0.3830527293182477,0.9532170298998658,0.36851322341166304,0.5010190817910601,0.6829882236867073
1.0,0.6656338028169011,0.9185335009972808,0.8655642843526596,0.5461018141147591,0.6518562107598939,0.4649561952440545,0.3597708659831293,0.9529907812369104,0.3683145086830443,0.4992774808311167,0.6438772025247608
0.0,0.7061971830985917,0.9196242101169356,0.9059324585841396,0.5716649924144316,0.6767390629836879,0.5674999999999999,0.4663791028204515,0.9509140321037376,0.3464858100533881,0.5037960633249753,0.7612545378650849
0.0,0.7467605633802817,0.9188684838218584,0.9555904603473302,0.5994337594620432,0.5061410251594544,0.665,0.5441982028897221,0.9470343526872936,0.3177468128792437,0.5061223663419754,0.8290853434863454
0.0,0.8143661971830984,0.9145172089205592,0.9830867637851572,0.6484789049859145,0.0,0.8856249999999991,0.6046799542124988,0.9444074546103428,0.3001618919029612,0.5071631458824287,0.8599997470179741
0.0,0.9230985915492956,0.9059661096097588,0.989293754683074,0.6633858569072763,0.7471974544101438,0.9749999999999998,0.6414671651543363,0.9418736226241744,0.2984834553561692,0.5096290182918909,0.9396258395840976
0.0,0.8411267605633802,0.8928507661854777,0.9510080378033232,0.6620170370991096,0.7487250118046264,0.8935513970245195,0.6668517162943568,0.9400609093420206,0.2980259127217736,0.5078923994323954,0.9493466739188179
0.0,0.8585915492957743,0.8807512959899491,0.915232845261555,0.6694897460082655,0.0,0.8410657819708673,0.6847638652118164,0.9364350814792431,0.28877520694555936,0.5055599611372485,0.9612368291232908
0.0,0.9881690140845071,0.8684456339295239,0.8737088187832681,0.6944638380299251,0.8163445715475404,0.9528674087642671,0.697645284427828,0.9351317517826676,0.2930966837163511,0.5066448251719465,0.9546592964569866
0.0,0.701408450704225,0.8529495784708754,0.8054892451698517,0.6060205054232669,0.5514854453802568,0.9689234184239732,0.6878294661236356,0.9337452681902416,0.2965901801847713,0.5053140389756553,0.9959522875899663
0.0,0.6597183098591552,0.8495057564033599,0.7915055415765353,0.5834252560018338,0.4849412983346981,0.7898383371824488,0.6603225758908171,0.9350167108339285,0.3139360947397508,0.5036208800367877,0.9997795650082829
1.0,0.622816901408451,0.8465252761477773,0.7804921058120222,0.6051329509433188,0.5005445456870217,0.6836027713625871,0.5869102771322876,0.9354718102280264,0.32500500200086635,0.5013951488867169,0.9912634591795008
1.0,0.6994366197183097,0.8446496106493209,0.7910200000827243,0.6186318706689792,0.4802688506811536,0.8348729792147798,0.536509636500302,0.9373300988130708,0.34705579239372264,0.5013918885059963,0.9434510017718409
1.0,0.6676056338028169,0.8381222316508428,0.7604192532016896,0.6005887836371998,0.5290342199894897,0.6970998925886152,0.5326530712506568,0.9370246681956051,0.3565692909434077,0.5009365210650623,0.9655308709281716
1.0,0.8315492957746482,0.8341026810367136,0.737248069500195,0.6693939828916109,0.5224928915598767,0.8937198067632857,0.5155220610270743,0.9366922236420588,0.3654942787406419,0.499796427246016,0.9324246967425374
1.0,0.8476056338028171,0.8294835891835861,0.6994946135771317,0.6872794881140288,0.5219605859652099,0.9881040892193312,0.4989609381524839,0.9359763605487288,0.3734863103689071,0.498415714317061,0.9340261687338146
1.0,0.6957746478873235,0.8248965020951162,0.6861117345643071,0.5919499844294283,0.4944668397776173,0.9469026548672558,0.5186760927344278,0.9357428391031648,0.3866110019252715,0.4998391081544306,0.9707509881422924
1.0,0.6743661971830984,0.8233502099880281,0.7165429073751439,0.5817882496233029,0.6216276802353911,0.8181818181818179,0.5149767377879527,0.9340188706907578,0.39553106561189255,0.4995213256266453,0.9729726046067869
1.0,0.5991549295774645,0.8209317683238955,0.7088766173627354,0.570506436990885,0.4830714722575967,0.8117457763475461,0.5024490417540739,0.9321529911506172,0.3872077037111601,0.4987492390006775,0.9350415701240284
1.0,0.5833802816901409,0.8183867469124644,0.6983052636042493,0.5621074700917899,0.4976651254844851,0.7425583266291229,0.4930508133176781,0.9298013559256284,0.3739888721154549,0.5017541759005794,0.9271091726863842
1.0,0.6005633802816902,0.8146137721981301,0.6558496524273952,0.5721821731800288,0.4979179773009658,0.6741753821399843,0.4816628919817834,0.9279504971339428,0.3645651399549629,0.5010143511587705,0.896558538912362
1.0,0.6512676056338028,0.8112174339046678,0.6349392450150496,0.5545983382945799,0.5283998754314351,0.7401448109412709,0.4685309188450938,0.9261869453189668,0.36740090468244346,0.5000941059445545,0.8739948207714321
1.0,0.6766197183098589,0.8070257470904785,0.5995238822027276,0.5182316214457946,0.5967237675616933,0.7554304102976666,0.4772413522051203,0.9260399855803804,0.3757866225939719,0.5007457102499254,0.8898528008722911
1.0,0.6901408450704224,0.8005066529656795,0.5370140171977946,0.4726904749356004,0.0,0.7650844730490748,0.4554087713523525,0.9254973054089398,0.3817339675961916,0.4989215272272374,0.8972127572577342
1.0,0.8332394366197182,0.7932926654419934,0.4755765743378801,0.494108943959597,0.5526084434738074,0.85827395091053,0.4562390382659701,0.924363090670345,0.3862672060490453,0.4990391361698044,0.8832288401253916
1.0,0.7890140845070424,0.7842973933761461,0.4201983125217872,0.47732176077248206,0.491934521374122,0.8308823529411771,0.4767107674319208,0.9215762221590416,0.3818780150436272,0.4968995783637091,0.8957339512062151
1.0,0.7881690140845071,0.779015101496116,0.38758369152941397,0.4738520713634512,0.501791897459309,0.9368088467614536,0.4399088180241612,0.91755547719035,0.3691193338551194,0.494294936807014,0.8237767479896415
1.0,0.7842253521126761,0.7719716101540255,0.35260932952517576,0.473703582382152,0.5042520051204082,0.9464609800362986,0.4668949491277285,0.9146545019112768,0.3599232351567643,0.4965109093646173,0.8063172958975059
1.0,0.7276056338028172,0.7662647901959332,0.3131989083469234,0.44934986314273817,0.4683230672308841,0.775430359937403,0.4341264265606808,0.9119164689769054,0.3511248794963626,0.4977064140426675,0.7724955703966201
1.0,0.7107042253521128,0.7647508886775913,0.30615964694418885,0.4318313389926104,0.4546890691900462,0.8732394366197191,0.4052095564213037,0.9114361780229088,0.35274846280466376,0.4955580909391003,0.7157012402889464
1.0,0.6774647887323941,0.7627336058735299,0.28907063957657403,0.4646095549323978,0.5260882345534456,0.8411580594679186,0.4318026617669458,0.9107393515047414,0.3553603632656702,0.4976111889231361,0.7698855117895598
1.0,0.6616901408450702,0.7600606948243505,0.2773188597984589,0.4517563127142832,0.4615595261465899,0.8716744913928012,0.4356051859748761,0.9102988049869072,0.3592588724181224,0.4942056180849842,0.7705601744582253
1.0,0.6157746478873238,0.7549814811751263,0.2518077778305679,0.4802960500490184,0.4945943003321121,0.7619420516836333,0.4463151378783485,0.908903113079778,0.3612660757289139,0.495055708665746,0.7862545999727406
1.0,0.6723943661971832,0.7518976684077547,0.2427006018713592,0.5101789240524319,0.5430288967388529,0.7415818324197342,0.42813278375231534,0.9074406262830316,0.35586270321800817,0.493732891900545,0.7458566171459724
1.0,0.4926760563380279,0.7496409532038435,0.2300929915635943,0.4537568172836914,0.4974650406313196,0.4032889584964762,0.41698067787117626,0.9057930563054508,0.3534458735130903,0.4928933601922876,0.7262709554313753
1.0,0.4411267605633804,0.754787809986055,0.25025107456728113,0.4238724066817307,0.5022860710863047,0.4494909945184029,0.3672678323155599,0.9055891792337708,0.3606139574011201,0.4889760012919554,0.6456930625596289
1.0,0.5197183098591548,0.7579909068625115,0.263958082588709,0.4703874698110521,0.5273258602401207,0.7525450274079879,0.34912969358729345,0.9063606378840322,0.37549479970289423,0.4874189107602656,0.652139839171323
1.0,0.5312676056338026,0.7542063236836001,0.22459713411743032,0.4776075659567911,0.0,0.6867658574784654,0.3698224997420768,0.9066304708019668,0.3883580718522817,0.4890780969859064,0.6974717186861114
0.0,0.6585915492957748,0.7534400445637965,0.22387437974599947,0.5104030049368383,0.5138964831644742,0.8895849647611594,0.3828709549052072,0.9064287662884244,0.3960462277605389,0.4901725350199325,0.6871064467766117
1.0,0.4954929577464788,0.7492279172368881,0.19758174866688946,0.4561980446689658,0.4993676868322024,0.9262981574539356,0.3947894610143015,0.9053514404157508,0.3998284357510196,0.4910812658404163,0.7261823633637726
1.0,0.4670422535211265,0.7470234708591128,0.20456366053102426,0.440711556868253,0.5047459544085701,0.83044982698962,0.4044235049054528,0.9060787799640077,0.4133184878613197,0.4918691358917499,0.7250715551315251
1.0,0.4278873239436617,0.7438025524307272,0.17733736726856053,0.4682330869830089,0.4909195252666415,0.7456747404844293,0.3364202231403741,0.9049158173175316,0.4130649161615235,0.4900435248345068,0.6704988414883466
1.0,0.3692957746478871,0.7428107697765378,0.17498736305523438,0.4865365147607694,0.4811274183835975,0.6001517450682858,0.3372357515880697,0.9034348682909399,0.40675962231656415,0.4901602220311472,0.6293716777974646
1.0,0.30478873239436616,0.7433136773827191,0.17848187900607992,0.5066482125453785,0.5013898523785323,0.5728376327769353,0.3398493728782748,0.9005173007551112,0.3877162440934221,0.4904190912082492,0.5978601608286764
1.0,0.1481690140845069,0.7436237572264848,0.18829178573360256,0.4501846881778231,0.4509737350354168,0.24948024948025,0.34695331345278024,0.8983390407237725,0.3726386234005065,0.4910216439569127,0.5922516014719909
1.0,0.12422535211267605,0.7474214495343106,0.21227140376517756,0.4253230323241072,0.492096107886193,0.1670731707317078,0.2880338395177576,0.8957194725996119,0.3595310076933221,0.485997611681476,0.4893757666621237
1.0,0.18901408450704174,0.7526614027026082,0.25022446045394897,0.4172448768959873,1.0,0.22764839793175265,0.35776643461770874,0.8937169562977799,0.3508677961665204,0.4883419647744216,0.5352119394848028
1.0,0.10929577464788726,0.7561556276475174,0.2893838166106384,0.41487151577087256,0.5111060690162266,0.14870317002881908,0.39991353433325627,0.8926098722607155,0.34684411592682873,0.4882717955050132,0.5830039525691697
1.0,0.11464788732394315,0.7629172832969784,0.3448276435022269,0.4167420261035701,0.45861930881222496,0.007580543272267236,0.3748434037995766,0.8918551246853271,0.3439907260814954,0.4898046215588602,0.5665121984462314
1.0,0.1523943661971831,0.7704807231433723,0.3883413321091783,0.4339561456849767,0.4418671121773004,0.12444725205306376,0.40884995750408987,0.892050932982858,0.3437175060483174,0.4890434472504544,0.5830039525691697
1.0,0.1752112676056335,0.7779015263347064,0.4144926624525874,0.3931980579178351,0.4451302641599694,0.17308907138344887,0.4045905408525709,0.891926214419753,0.3427521084554899,0.4886106842799303,0.5960610603789012
1.0,0.16647887323943622,0.7835934656641157,0.4266368231308328,0.3908287218145143,0.4895430252470423,0.2331017056222361,0.4020800888238212,0.8909334954581068,0.3382157670740238,0.4883593711304875,0.6032233883058469
1.0,0.23042253521126754,0.7881622509861949,0.4224339836391485,0.3948948142217126,1.0,0.2409118915588416,0.4832251693695376,0.8895453175368554,0.3332464962924723,0.4916168436641348,0.6569578846940167
1.0,0.20676056338028148,0.7923148162482678,0.414193284762552,0.3701867948804336,0.4418215651594765,0.10104744300677768,0.4999484153692722,0.8883536832734008,0.33231799897769176,0.4929977140936515,0.6864794875289626
0.0,0.2490140845070421,0.8009283825392133,0.4384364242767988,0.3905946199917865,0.4829218161232662,0.05147615442846383,0.4411075465858345,0.8893645003090763,0.3435061935299686,0.4917603536412383,0.6324860297124166
0.0,0.31464788732394344,0.8091503028113336,0.4783120050709778,0.42530547558129456,0.4963632475255628,0.19698173153296206,0.4898820431444025,0.8914295082385079,0.3614352991774944,0.4957421028872048,0.7220253509608829
0.0,0.3233802816901407,0.8140397281619269,0.5156013978494709,0.4309941118529699,0.4124527695792049,0.2827640984908662,0.5025915135913219,0.8942960785249082,0.3834847735356708,0.4966009290630462,0.7729317159602013
0.0,0.32422535211267595,0.8190818064497549,0.5409255067051867,0.42999068160689213,1.0,0.18347895154884866,0.4467916816098335,0.8966973874118301,0.4068567695459243,0.4953938353540792,0.7651219844623138
0.0,0.22281690140845034,0.8245142562749599,0.5829082768669483,0.39622543255706427,0.4092268127683898,0.030182684670372974,0.4109329940210957,0.8965438401631062,0.4069541651642597,0.4962025600480349,0.7290786424969333
0.0,0.43042253521126733,0.8341091184251972,0.6472382484027465,0.498125249182092,0.5594190544390412,0.3253012048192768,0.40951318847058976,0.8940435126043457,0.39444065881291934,0.4962746411609034,0.6697969197219574
0.0,0.4166197183098591,0.8358645266908948,0.6812884570077135,0.5358132649544676,0.5207488633977686,0.21381578947368474,0.5181012925634612,0.8919397844212121,0.3807171752540132,0.5015629693907931,0.8031688701103988
0.0,0.4557746478873239,0.8402964222073008,0.7187340583385389,0.5200919759366862,0.5093490267996966,0.04384724186704421,0.5048661501653164,0.8896648144313529,0.37497712822563145,0.5003373698253408,0.8038639771023577
0.0,0.4583098591549297,0.8435781241662319,0.7589875830285018,0.5224506792450332,0.5741293629950751,0.2376237623762388,0.5479515988779113,0.8880566927503578,0.3748029323347437,0.5002594016372464,0.8229112716369085
0.0,0.5574647887323944,0.8460633245584837,0.7936208662642772,0.5570225083633359,0.648881749052463,0.4299835255354205,0.5546772521604135,0.8836237221187632,0.3567433626637009,0.5007744815840817,0.8379378492571894
0.0,0.6138028169014085,0.8451125181071029,0.805765869715952,0.5623475020761081,0.6923853848708913,0.6952224052718292,0.6672545676962303,0.8797216716046318,0.34474248278668784,0.5064833377915228,0.9201921766389528
0.0,0.6273239436619715,0.84157822241624,0.789402799644842,0.5722266229094083,0.6441698709685088,0.7327586206896551,0.7110622012390136,0.8773377306278106,0.3425806748666941,0.5064066789933458,0.9612034891645084
0.0,0.6639436619718311,0.8371049507671908,0.7611681665825449,0.5984694927429782,0.0,0.6174242424242434,0.6431227861595981,0.877247404222797,0.3549358913434193,0.5039626807944729,0.9405002044432328
0.0,0.7535211267605633,0.8323585649390894,0.7296491679135159,0.6301610887221247,0.6367362547766783,0.8662477558348297,0.6293423205223312,0.8766975589510021,0.3623514243119814,0.5064800147900976,0.9341420198991413
0.0,0.7940845070422538,0.8259529387284261,0.7030863868990136,0.6536045272449995,0.6245284459531285,0.7885391444713484,0.6802637202835677,0.873022022205694,0.3492957760794213,0.506964638676507,0.96579721219647
0.0,0.8411267605633802,0.8216808403078593,0.6967883776844925,0.6406416593986635,0.7589325289428109,0.8489079842463301,0.6935086883256611,0.8711559048070182,0.3464067801342846,0.5082500835766249,0.9491768269801526
0.0,0.8101408450704226,0.8189720992647579,0.6989252225369198,0.6462492604858054,0.7548699750050899,0.8629700446144046,0.6355865172513743,0.8690790634239348,0.34214538878439915,0.5027965071434312,0.9503162376251136
0.0,0.7791549295774649,0.8160500556799197,0.6904833844815066,0.6055369802579851,0.6172119574219769,0.9432759719566612,0.6726046308259926,0.8691438451284822,0.3472105395906557,0.5021298460171558,0.952861148826134
0.0,0.7557746478873237,0.8123126941851462,0.6864236211155458,0.5960629831184034,0.5173759302235879,0.8966244725738397,0.6611577556264089,0.8695624672711685,0.3601487758770009,0.5008393620194007,0.9746873443544588
1.0,0.6430985915492956,0.8104941875585591,0.7013204222472532,0.554887850399899,0.5359901148194569,0.7960618846694801,0.5877700209777498,0.8683161195520642,0.3617194359805965,0.4981327674460186,0.993018928636383
1.0,0.5873239436619719,0.8097928269653942,0.7184999245623294,0.5114538203241651,0.5369157886296041,0.8354430379746843,0.6339014193142679,0.86873503670035,0.3761015385639472,0.5021791785519819,0.9606444107589802
1.0,0.6628169014084506,0.807390741490893,0.7234323079513165,0.5004813168720313,0.4973305231978844,0.8417721518987341,0.5665908454475332,0.8688481991934284,0.3842011051872184,0.5000526123234235,0.9596855501110444
0.0,0.6735211267605636,0.8026338490440992,0.7019232382026317,0.5075468962847397,0.49962390623990605,0.927557335274846,0.511483721364389,0.8720083331584382,0.4085524655340299,0.4954587276919483,0.9649874854584553
1.0,0.6433802816901408,0.7985319824103083,0.7031319566379846,0.4932491335509456,0.0,0.8343647615580639,0.5059224068897418,0.8721761381976602,0.4160770562973791,0.49878581052762105,0.9995068307619832
0.0,0.6642253521126763,0.7933251956624867,0.6834213057123224,0.5074180545503999,0.5237211545313987,0.979850746268657,0.4845074159047696,0.8716952449691046,0.4211351961042942,0.4973419330315912,0.9859175256165831
1.0,0.7138028169014085,0.7861307096696686,0.6620017864955624,0.5340480679930343,0.4038186954880229,0.9537939805002118,0.4503240006091901,0.8712841350371344,0.4297158391478765,0.4945526599488297,1.0
1.0,0.7014084507042254,0.7789997093149903,0.6376008053081023,0.5241260590040496,0.4248032127052197,0.9575911789652248,0.42957224059071797,0.8710784246795863,0.4414582073458878,0.4930978391639168,0.9817780360255668
1.0,0.703661971830986,0.7733623619813985,0.6318301647227599,0.5260527375980731,0.4763993084965665,0.8744698897370651,0.4334877597040516,0.8693101916751459,0.4441854519571122,0.4896812689329903,0.9950352777190468
1.0,0.7416901408450702,0.7671063813525452,0.6173600883185731,0.5014718779056255,0.4765274792223938,0.9830364715860896,0.4180614987054712,0.8687743030438005,0.4516535946819288,0.4885814023727938,0.9765462455078492
1.0,0.7416901408450702,0.7593224929471012,0.5753049041938457,0.5031278821910941,0.456218799630573,0.9398496240601504,0.4020948272897432,0.8677820368724097,0.4561024907740915,0.4872754021718458,0.9972653048357604
1.0,0.7281690140845067,0.7528792907414994,0.5598051473746569,0.5491924073779235,0.5087789454038467,0.9056776556776556,0.41005851170971136,0.8649820180052606,0.4479710412668296,0.4879023393225425,0.984671521341656
1.0,0.7011267605633802,0.7478456728494021,0.5540888056484039,0.5820206520187028,0.5691212695740002,0.8707735062528953,0.4357820475659424,0.86068824290037,0.4324404446244202,0.4899425499386785,0.95663892566673
1.0,0.599154929577465,0.7433037879071279,0.5677782737167374,0.5712857156909112,0.5870676388626549,0.7196261682242991,0.4559098791937079,0.8563138393484516,0.4140051797224517,0.4877535988827285,0.9747178614210958
1.0,0.5295774647887321,0.7409116985247495,0.5743697923969362,0.5773212586589943,0.5098774883455798,0.5493250259605401,0.4371379864307858,0.8525823449404429,0.4018668290520983,0.486498133704486,0.9896087706415752
1.0,0.4752112676056334,0.7392731446170779,0.5688999293781397,0.5406824575376953,0.4773563313035093,0.2824506749740391,0.4542100427906791,0.8484110546893927,0.386643844622394,0.4878674826806054,0.9759985655492746
1.0,0.4701408450704223,0.7402109785924402,0.5793519273151464,0.5367347416535171,0.5479232244998224,0.16199376947040506,0.42955258930282136,0.8437887470625999,0.3711734134496004,0.4861697371865194,0.8890862207346433
1.0,0.5019718309859156,0.7438816567758648,0.593733509662634,0.510232934843345,0.5868090770539367,0.27206645898234705,0.4285700249080073,0.8416193478706254,0.3677803058656063,0.486250583758633,0.83327925681791
1.0,0.5245070422535211,0.7475786759880574,0.6133833514784239,0.5275450874056081,0.5710797166049351,0.5171339563862928,0.3975455541417546,0.8411592677477139,0.3746906492889596,0.4873841006814388,0.8290271350262131
1.0,0.464225352112676,0.7483102240070794,0.6257134118265639,0.5308037883363241,0.5565765088755108,0.3904465212876429,0.4135220512014305,0.8427683105013591,0.389389588842974,0.4885821016650253,0.8788486825253162
1.0,0.5614084507042254,0.7495285781455341,0.6759629726850401,0.5601468511790325,0.0,0.6573208722741439,0.3796874462660096,0.8418683794876629,0.3876805970190113,0.4896142833313773,0.8537116412507045
1.0,0.6518309859154928,0.7476575791988989,0.7172769382745681,0.5993297997087793,0.4903730432864248,0.9210799584631356,0.4222079204515866,0.8388694683904846,0.3763443078850925,0.4892545975217111,0.8769873119418026
1.0,0.5422535211267604,0.7423370004146559,0.7204695551923426,0.5500169283426489,0.0,0.806161745827984,0.5268903310750728,0.8351814939617758,0.3605171944584712,0.493728634292148,0.9858262606943424
1.0,0.5718309859154928,0.7405495934076953,0.7181830854470108,0.5282067986258379,0.43434170605448186,0.856225930680359,0.4580027413546614,0.8328045172576625,0.359429900910524,0.4922939745739936,0.9382820008237608
0.0,0.5577464788732396,0.7368557559985781,0.7070393145874614,0.563920672525961,0.4892722101864481,0.8292682926829272,0.4540086170897427,0.8317296683705023,0.3659584792029905,0.4918832794208289,0.9585556725092677
0.0,0.600845070422535,0.7336132686118926,0.7140491258089996,0.55790297697364,0.5422582251789776,0.991946308724832,0.4568138384369364,0.8304642758352537,0.3736044803295616,0.4922128413409267,0.9264289963846049
0.0,0.4932394366197178,0.7281835434223836,0.7045772256058018,0.5006453363770036,0.5406227656363591,0.6107491856677524,0.4576932335702954,0.8271795349152871,0.3683357951451155,0.4922689435326801,0.9321953228685188
0.0,0.5267605633802817,0.726372636100824,0.6954585647384242,0.490921266177094,0.4772633368239959,0.6889250814332254,0.4629597787264982,0.8229760817689175,0.35202045829376283,0.4929063601376166,0.872234680334996
1.0,0.5442253521126758,0.7235425264876567,0.6883304407854437,0.5105211356675706,0.4655684038567472,0.5162866449511403,0.5080545716264878,0.8186378740979242,0.3374704218898886,0.4929281193953516,0.8776165850533156
1.0,0.5481690140845071,0.7216493715254304,0.6839356765228324,0.5146694738529579,1.0,0.5048859934853434,0.5061434838785747,0.8142979181921043,0.3176686869847967,0.49282963971108,0.8639970710722619
1.0,0.5228169014084506,0.7221300002128391,0.7245474647527878,0.4872673990148925,0.4560512693759528,0.3699994557230722,0.5324074301519532,0.8100005040494699,0.3006748325693719,0.4951208131984407,0.8460299299803211
1.0,0.4515492957746478,0.7223125530571279,0.7496078144511439,0.4086589380022346,0.44370640115950105,0.3822456866053456,0.5293762189939525,0.8092091718486106,0.2990054933802868,0.4952929053417315,0.7620337741979775
1.0,0.5819718309859157,0.7230774185663236,0.7831805621658487,0.4796196390718853,0.4386511878483455,0.44619822565721506,0.4490122771421129,0.8115082426393202,0.3175614059716733,0.488136835360738,0.7633060271841103
1.0,0.6290140845070421,0.7213737104656159,0.8078044971943671,0.4721889937170575,0.4396943351445651,0.6568742655699171,0.4340183444772512,0.8134435154382093,0.33348110954720755,0.4867376130839844,0.7996613427303098
1.0,0.6470422535211271,0.7197499863400211,0.813423563249071,0.4934652748644632,0.4119255303436729,0.7544065804935379,0.5102407774049492,0.8151422768397353,0.3518603225130448,0.4891976398355828,0.8435586472015011
1.0,0.6659154929577464,0.7181056237219291,0.8194527472508892,0.5077533007440841,0.4590520405125917,0.7042253521126767,0.4357967860318642,0.8173869272394364,0.3745465492438905,0.4829128014551648,0.8496819367534663
1.0,0.5971830985915493,0.7163247575153209,0.8000182114154291,0.4930485628003238,0.4524975109310304,0.6019313304721033,0.3903384443057937,0.8223496950428019,0.4117809321282081,0.479232881549156,0.8641984348542402
1.0,0.6174647887323943,0.7173649194955958,0.8317813969306804,0.5078363466336167,0.461475378457896,0.5944206008583687,0.3627971643191569,0.8236403688575223,0.4279266821214307,0.4808512265819585,0.8386160816438609
0.0,0.6239436619718306,0.7185000283569154,0.8701380180662316,0.5128381398110803,0.0,0.761802575107296,0.3787147075151439,0.8240053826329853,0.43889280524874,0.4783485420616788,0.8436867877900327
0.0,0.6011267605633802,0.7170017663584121,0.9173051846150259,0.4884327077893197,0.4596796926703621,0.8605150214592276,0.3671106220123903,0.8243392184993831,0.4454508775342063,0.4773980763310982,0.8739645782801704
0.0,0.6416901408450704,0.7100485881406506,0.906787365304361,0.5160795956116874,0.380426326897362,0.8612786489746692,0.3606699124043841,0.8232504453674431,0.4429074326787089,0.4768814540264836,0.8879044437325522
0.0,0.8087323943661974,0.7031797018619967,0.8952632801875899,0.6077796269062418,0.0,0.8292682926829275,0.3934924760131464,0.8217145670854676,0.4314417969872753,0.479408320606241,0.8627705825820327
0.0,0.8135211267605632,0.6985757670993775,0.8716999530999758,0.6087390990125069,0.3748349949786776,0.9619047619047622,0.34620656451272186,0.8208673169839732,0.4294653184751066,0.479574924217506,0.8079172577914058
0.0,0.7160563380281691,0.6947654663263851,0.8580893953162827,0.5826208321319708,0.0,0.9182621502209132,0.3307360881163747,0.8214456684281203,0.4364926705737455,0.4783689235563176,0.8350006864674381
0.0,0.7771830985915489,0.6909459363251642,0.8544038410332665,0.5613519744757326,0.4023253741702085,0.9396170839469804,0.3376729927437621,0.8206673981109266,0.440472271164826,0.4789002839317435,0.8181227403780147
0.0,0.7707042253521126,0.6847021118712701,0.8184562712770451,0.5592758995566798,0.0,0.8954344624447715,0.3524802381736092,0.8184452406776659,0.43407531377556696,0.4762980226996654,0.819651274541211
0.0,0.7628169014084509,0.6789329950483299,0.8004506011243269,0.5526720148131995,0.4530236412610957,0.9271224643125472,0.3528044844238977,0.8166811374360526,0.4305453720824126,0.4763358674767772,0.8075145302274493
0.0,0.7794366197183098,0.6739244141948662,0.7775243392971141,0.5604609018366332,0.5215303566299433,0.9627483443708608,0.3529911716589124,0.8138219163003707,0.4228014373964904,0.4763579473503994,0.8003386572696898
1.0,0.6684507042253521,0.6682615678774979,0.7640863731226605,0.5473701266623519,0.5399177633466048,0.8236754966887421,0.3974669489901692,0.8115764950597172,0.4150387557121191,0.4760283381592553,0.8050249416502673
1.0,0.6870422535211267,0.6644555397829748,0.7725541275862704,0.5556053670059833,0.590907161069935,0.8062913907284766,0.3485450677723793,0.8088242380143714,0.4058793838018343,0.4760882746847229,0.7287721385748938
1.0,0.7092957746478874,0.6581026155105654,0.7656597978052792,0.565618169254688,0.0,0.7491721854304635,0.3625220462886087,0.8076939794709582,0.4018583556989249,0.4771626351700967,0.7266029014690405
1.0,0.8354929577464791,0.6525020083591206,0.731720059123055,0.5846754476487851,0.5586891901284267,0.9663105998356616,0.3655434318026619,0.8067034942462276,0.4058917946505435,0.4774090740312862,0.7164614891766969
1.0,0.7149295774647886,0.6427339985671838,0.679190556449523,0.5864116556897148,0.5287832989175556,0.7846283783783775,0.3916649062387926,0.8066808723206421,0.40992661361434135,0.4793585456799765,0.7869296599697955
1.0,0.7453521126760561,0.6363205222125101,0.5985176384072757,0.6007147118322762,0.5167492890503752,0.7545963229416462,0.3547155721718112,0.8062277262756766,0.4128726905830923,0.4802845967290337,0.7335133403505565
1.0,0.8639436619718309,0.6329459137625373,0.5786138154355279,0.6022260880172313,0.5155523602049247,0.8129870129870125,0.3564350598627357,0.8048805051282998,0.4073175059906176,0.4804437704361034,0.7123243787469681
1.0,0.6701408450704226,0.6291839566680191,0.5597240644076885,0.5364554617136766,0.5383750789060537,0.7411982705373689,0.35020068877764066,0.8027264383881053,0.4065351617604696,0.48000482737615,0.6722529861333578
1.0,0.7098591549295774,0.6294251681058438,0.5953908302992343,0.5571790639217483,0.572497629509624,0.8313773934527482,0.3404634756250336,0.8002681271862474,0.4058004956536421,0.4792821696660241,0.6294448766646833
1.0,0.7070422535211265,0.6244641641525703,0.5967602339107092,0.5567317537713724,0.6248010440667237,0.7825818406423711,0.3444772511778489,0.7970790583291737,0.4031164110327419,0.4796408146183354,0.592650221957805
1.0,0.7445070422535213,0.6194306155384439,0.5804176284535991,0.5487897169884467,0.0,0.8647313156269303,0.32485544021341284,0.7951824417575138,0.4032293787751856,0.4781208881475724,0.4874467987735114
1.0,0.8166197183098589,0.6097677386869065,0.5420612081780697,0.5331815975326021,0.6452128330388259,0.9715873996294004,0.3330795041980064,0.7946009269404705,0.3964820985578917,0.478766355927384,0.5328909432062605
1.0,0.8971830985915494,0.5985019004372882,0.4848588140800055,0.5665598585314277,0.5322985878660271,0.9716407832545576,0.3568428240865837,0.7951394054038771,0.39084068180916864,0.4806947167721231,0.5779598187725964
1.0,0.6377464788732393,0.5886153841244388,0.4272728116817427,0.5025770993215779,0.4703807554646968,0.6343648208469048,0.31580602213717585,0.7953751226471767,0.3809663984573809,0.4773929424570876,0.4914100041188048
1.0,0.6785915492957746,0.5899087711690518,0.442467656082989,0.4708457062408509,0.5063102025570335,0.7263843648208471,0.24562636023758394,0.7960552436733322,0.3842373172448119,0.4751895300488125,0.3841563315180083
1.0,0.7450704225352113,0.5904402415286596,0.445104906716947,0.5144642301306219,0.432296531190952,0.9543973941368076,0.24321907747028956,0.7977717371418577,0.3956322133102009,0.4749925607570071,0.38701203606242257
1.0,0.5791549295774647,0.5859904076756983,0.4224422169804381,0.4723873683622793,0.4062420817994456,0.8654353562005287,0.28024701668885604,0.798935055330784,0.4029552629788888,0.4781037834808141,0.4755663356368128
1.0,0.6425352112676056,0.5851326274573851,0.4267882500258556,0.5011165859858621,0.40507359316482505,0.8328935795954273,0.2404678971648103,0.7999421942582979,0.4110124787838095,0.4747046865030202,0.3994508260491511
1.0,0.5895774647887321,0.5826496000506982,0.4321457480869999,0.4723152748805846,0.42812973160816603,0.8733509234828497,0.2181636854025321,0.7998852837797391,0.4138499831591146,0.4764969666809279,0.3719555169099813
1.0,0.5084507042253519,0.5810718763700418,0.4578807523828999,0.4888802402318988,0.0,0.7590149516270891,0.2463583707117205,0.7990353550526285,0.4127668426187021,0.475184147064797,0.3822159168916756
1.0,0.5729577464788732,0.5790624101148787,0.4420407176723881,0.4662707468256865,0.4527609978728376,0.9577836411609508,0.2494927511311773,0.7979343082672145,0.412778627470704,0.4754100911321942,0.34431376138391856
1.0,0.5842253521126758,0.5726302732238724,0.3854739051900035,0.4714856331834541,0.4140969148908792,0.978515625,0.27313325047040243,0.7976451194547746,0.4164245843026765,0.477460781309844,0.3931902430094731
1.0,0.5633802816901406,0.565772993554766,0.3202965158944137,0.4628092731002802,0.4418158834590918,0.8831437435367105,0.27644449248092584,0.798487953280186,0.4315732807494129,0.4777409882004089,0.3891538144707336
1.0,0.5509859154929576,0.5635928721517844,0.3037980490271273,0.4576540867589783,0.41388712295752206,0.6907962771458109,0.25492633223449884,0.7987585342109488,0.4379091387181415,0.4795893574385321,0.3653745823989748
1.0,0.41521126760563387,0.5629117087030706,0.31215733165323484,0.3977526520622982,0.4056738475201625,0.7032057911065146,0.23238630501746504,0.7992806273460765,0.4479273288371477,0.4775539142083596,0.3010937714521074
1.0,0.4042253521126761,0.5663011901982422,0.3563119718408741,0.39233754364492346,0.5841454784998708,0.5377456049638057,0.2251398926057116,0.7990167007026484,0.4440059819823709,0.4768987293088609,0.2845270239348314
1.0,0.14845070422535167,0.5679379675271441,0.3619684064838724,0.3371075782860201,0.4229170150582416,0.08819133034379617,0.21472471002068305,0.7989451226005572,0.44267699936051785,0.4758860395891034,0.2347260994920143
1.0,0.3425352112676057,0.5749922063989186,0.4123746129039733,0.3612968782776339,0.4782596746190451,0.4536290322580647,0.1445204840112209,0.7990479403335337,0.4381246187287471,0.4690183197527474,0.08755663356368157
1.0,0.4121126760563377,0.5729767775169292,0.4023179869840484,0.3426285017133853,0.4637980415974351,0.4569892473118278,0.2349016698681891,0.801727582356277,0.4592127760905325,0.4736030617679782,0.2530685094503686
1.0,0.3692957746478871,0.5700687100929065,0.4158285509707661,0.37578271765081067,0.4451821276005093,0.41061827956989255,0.18915838446762206,0.8046997622492209,0.4825920182247442,0.47320450293411104,0.232364651503364
1.0,0.4250704225352112,0.5694836676624755,0.4203046528422088,0.3797763078388661,0.4409466853336948,0.41061827956989255,0.1655915774580076,0.8073771943133393,0.5018072436467715,0.4747681368848061,0.21237471969246274
1.0,0.3988732394366198,0.5673905228210416,0.4071591479593968,0.41724531571544415,1.0,0.3548387096774196,0.17742656559354258,0.8116731504607012,0.5179151684793136,0.4721271944076815,0.2126767653654296
1.0,0.2890140845070421,0.568005732247731,0.398506336627236,0.3558232216193936,0.5029541948032512,0.0026990553306337427,0.08775282610084051,0.8151962097138078,0.5280261130908325,0.4681592658787941,0.18075145302274492
1.0,0.3335211267605632,0.5754801778626695,0.3817217231782388,0.37508568744585774,0.4501620709029433,0.090433482810164,0.0,0.8201376421889496,0.5478149204580843,0.4589856544876641,0.0013327328376182429
1.0,0.3045070422535209,0.5800139907383428,0.3596011404225025,0.4091324378256849,0.4367374681418457,0.06651718983557556,0.02110057037863133,0.8223139521149451,0.5538848319669357,0.4612184974223598,0.01263186845569036
1.0,0.3794366197183096,0.5868010918590649,0.357991939870251,0.4012162955952747,0.43195443166732345,0.07592024539877266,0.07319613459167068,0.8246421373972689,0.5645717591672643,0.4623483356610841,0.0489676914200937
0.0,0.4014084507042256,0.592919057072578,0.3877837858822386,0.4121647308493231,1.0,0.275675675675676,0.09306849947678447,0.8253015807484262,0.5666736962204825,0.4642329222883833,0.025418826618016668
1.0,0.3245070422535212,0.5944397386449072,0.3841551781711102,0.4160085808094063,0.4487012499426317,0.039639639639639464,0.1657193108293333,0.8260509755876743,0.5687644187390577,0.4671727428980582,0.12675894681266214
1.0,0.4822535211267605,0.5976084894766462,0.3682691351903913,0.4508862373353094,0.5072901954749036,0.21583411875589129,0.1573675134734141,0.8263129183875674,0.5739383393319314,0.4663276438441274,0.09299175906158892
0.0,0.5329577464788732,0.5971075392021661,0.3495183343342103,0.4274317036275353,0.5359491302871047,0.3647502356267677,0.19790320758146698,0.8258562191061206,0.5738394525735608,0.4700690076331007,0.18894474668870406
0.0,0.5605633802816902,0.5979868807336062,0.35379043214220746,0.44120932069677704,0.4720976370933636,0.3619227144203585,0.27489695355909394,0.8258515651603314,0.5789710984839034,0.4734029800860774,0.2839680462778049
0.0,0.4507042253521129,0.6001733224897237,0.3834847124298619,0.4354753755160869,1.0,0.24222431668237585,0.26796987457565485,0.8255301495623516,0.5785790736097048,0.4727790124295091,0.2950095264329823
0.0,0.3628169014084504,0.6043026695688134,0.4097523898129541,0.4442799022858309,0.4735629621778068,0.1724787935909518,0.24239863620062002,0.8265468932719237,0.5891413545539804,0.4741112239360062,0.2352799393981133
0.0,0.3588732394366193,0.6085352128009918,0.4228360393564104,0.44108267638225146,0.5073500547821331,0.013539651837524229,0.2361888292253952,0.8270807627492834,0.5945911460032505,0.4735214347472867,0.2144709960287401
0.0,0.4997183098591546,0.6126320086785788,0.42226718407737696,0.4593416584425759,0.5367629791724776,0.4560496380558423,0.2195392755552716,0.828809385320718,0.6074749739843031,0.4719187970986953,0.16465808139935267
0.0,0.5073239436619718,0.6113247330197142,0.3869813683368767,0.4635316579652984,0.0,0.33092037228541904,0.2591267950223289,0.8303185256086708,0.6137274282457107,0.4756109486980394,0.3228198241627071
0.0,0.6667605633802817,0.6127379111589006,0.3763916437139481,0.5127357013050269,0.5691983355314344,0.8541882109617377,0.26859871578833594,0.8317707814381153,0.6215781915148652,0.4764707539186663,0.31756306957739394
0.0,0.5580281690140845,0.6058377956613828,0.29858648622525785,0.49298645523384793,0.5417841709159462,0.9942693409742112,0.34698770320659905,0.8315287926192646,0.6131891451731274,0.4835541420381924,0.5106397631017152
0.0,0.6242253521126763,0.6009367102622256,0.2364318743643564,0.5301499060588387,0.4876696320688514,0.7687074829931979,0.3216031520665785,0.8304484266892891,0.6041180784129793,0.4812732000889814,0.4181989302848749
0.0,0.6430985915492959,0.5949784245030789,0.16589937174682795,0.5424639368036152,0.47067288832122,0.9121061359867328,0.3096846459574845,0.8294225458006145,0.594141254819848,0.4801839795588331,0.3456603080595921
0.0,0.6664788732394364,0.5906203355866426,0.12946517724934292,0.5557618400973013,0.4818056608558139,0.7232635060639467,0.3302890213167346,0.8296974224905523,0.5971471495480375,0.4784216064741752,0.3923627849321675
0.0,0.6585915492957743,0.5885752545590102,0.10523377101837296,0.5499379424953559,0.5115214285353139,0.7653359298928912,0.2646979351409242,0.8300024856629075,0.6023764647904214,0.4758756889760157,0.270344099350366
0.0,0.5884507042253521,0.5880038849230149,0.0971974523561508,0.5596118980210469,0.4466337877813673,0.6611570247933873,0.280802165571926,0.8306933364115799,0.6095319815578062,0.4737045216327101,0.2725248490691642
0.0,0.6107042253521123,0.5934572866158765,0.1288046803400073,0.5733638946870765,0.42055085250462587,0.7557392102846638,0.24338120059543406,0.8299908541875697,0.6081966506248856,0.4700330318059245,0.1850653077152632
1.0,0.39859154929577456,0.5966786910713953,0.1335129432283204,0.4673092445319944,0.3907309499518349,0.8209366391184569,0.27115338321485233,0.8299796495146873,0.6100774957494486,0.4690294375760004,0.20115694511397306
1.0,0.35098591549295777,0.5993606062463719,0.12870473792626724,0.4423031754755065,0.5090091564291728,0.5346062052505969,0.2511238080265684,0.8304317730231744,0.6149580078039423,0.4670317285748238,0.14428528797373918
1.0,0.4830985915492954,0.6008938751854362,0.112585421227629,0.4543823140655253,0.4336120541799657,0.7915672235481299,0.2518705569666271,0.8316249643455506,0.624380070413209,0.4671335170398196,0.17618162201868556
1.0,0.4501408450704221,0.5996093808277458,0.1050760339311606,0.43898662488065815,0.3933285205725733,0.8003182179793155,0.3324162732315069,0.8327883524594163,0.6360827362498431,0.4712219782047704,0.3490002984183826
1.0,0.3019718309859152,0.5993059667632155,0.12253887130644595,0.41435216152214494,0.3733967588894935,0.5,0.3437796304575312,0.8323261668077554,0.6376630646469871,0.4686191784019961,0.3678465670408376
1.0,0.2785915492957744,0.6010877874965501,0.13911064562604716,0.4530514645782047,0.3693040406982993,0.4309102815979044,0.3017307871814649,0.8318760801380121,0.6365266536639035,0.4645027227565596,0.23383375800564696
1.0,0.32676056338028125,0.6032657155642329,0.1442656897070132,0.4792413575034998,0.4124988892056201,0.364767518009168,0.30960604080589943,0.8316726313466737,0.6321871296809844,0.461578870551326,0.2406170373941192
1.0,0.3540845070422531,0.6053307028867594,0.12723177373861427,0.4919897251756496,0.4502168201095536,0.5370006548788469,0.3012738947378765,0.8322055156165339,0.6395679057390987,0.4607541042754956,0.20625301287790124
0.0,0.4650704225352113,0.6060054374458002,0.10951122242807132,0.4951378273429711,0.4071473753366873,0.6928618205631959,0.3662803550987722,0.8328107237175363,0.6489234016388534,0.4672014061499866,0.3660675343755021
0.0,0.43718309859154936,0.6045107313100788,0.08486707261635917,0.4806045917407362,0.3982927442998888,0.6090373280943026,0.4126623073559682,0.8326174847032818,0.6543286212277091,0.4681008703250539,0.4613089089364827
0.0,0.333239436619718,0.6046954144499233,0.05913499162329256,0.4861911518133564,0.40233446561084896,0.605108055009823,0.4330750826582296,0.8320144946032503,0.6521432820053497,0.4664245750327845,0.473532584991851
0.0,0.31802816901408404,0.6063731629489846,0.03836760725753169,0.4768659586298586,0.4022162890409134,0.5081859855926649,0.3956786817916079,0.8314224655184982,0.6560913751407671,0.462851311418095,0.3861074765282464
1.0,0.2630985915492956,0.6091627919373996,0.011868130566453194,0.5038299808760723,0.3902712404427875,0.4688932547478714,0.37386083940476256,0.8314384935502751,0.6640086525205798,0.4607337279016965,0.3253563804145722
1.0,0.2616901408450699,0.6148709466620947,0.018553822914152363,0.5055082479641105,0.442701266885482,0.5379922351636155,0.3871500228446221,0.8314263947884325,0.6690732659837266,0.4583786674418077,0.3417234809356564
1.0,0.062253521126760025,0.6174066731783214,0.0,0.4387459936111487,0.4597884944779113,0.25114620478858857,0.41231840981778334,0.8311872464570479,0.6730798780294498,0.4572339805382132,0.3888506301218923
1.0,0.058873239436619484,0.6246309056254664,0.009674985082718413,0.4379096829509978,0.40120516965643466,0.2389671361502343,0.365494303582921,0.8306742291605697,0.6661346028371229,0.4525865217895476,0.2592681863048921
1.0,0.0,0.6308286716137002,0.00714016078648244,0.3750114109143255,0.3965021469083787,0.10387243735763108,0.3342634942937572,0.8307060088057557,0.6628143400645923,0.4493722073991333,0.16352179601955816
1.0,0.023380281690140448,0.6410704121333508,0.015841122100434202,0.3412296370874681,0.37455552755366495,0.12118451025056938,0.2975794526133755,0.8312542442896081,0.6568379067379333,0.4454429172581639,0.07665909143080131
1.0,0.0574647887323938,0.6516974216196312,0.028184737735520327,0.3339040161028048,0.2799881566505245,0.050918635170603625,0.32591169693783817,0.8321744223657753,0.6623979485457232,0.444815373275825,0.0998024543549837
1.0,0.09436619718309852,0.6629536151419937,0.04727300644521132,0.3138695057375902,0.2307272718826819,0.027792915531335442,0.3822912419122666,0.8322310982768634,0.6656008019040246,0.447185073062728,0.2216749357403308
0.0,0.2890140845070421,0.6761242244325689,0.10605957700871954,0.3947230434292643,0.4016730695163592,0.3442622950819676,0.3409400193565185,0.831890691074724,0.6688758037150165,0.4427929930275567,0.10664829566506076
0.0,0.21070422535211247,0.6808805843393001,0.1341700846012806,0.40398885330398826,1.0,0.19282868525896432,0.45003905693469387,0.8309999833297276,0.6654798723161846,0.4509825815329898,0.3766361402725041
0.0,0.16253521126760562,0.6853969928504184,0.1588770021464609,0.411234077043532,0.3992941203129867,0.07373271889400985,0.4784646448766634,0.8301137917007443,0.6626865798164486,0.4542053122123085,0.3841343674920189
0.0,0.2425352112676057,0.6904011769092773,0.17390678191351386,0.4170054410324098,0.4473503125894461,0.07394575735096312,0.4680985905113755,0.8304458033972809,0.6654753473102528,0.4531509518921363,0.38315297797692016
0.0,0.3304225352112675,0.6926593135102534,0.17494204467052,0.4209355366232549,0.4194613479197559,0.23698347612720205,0.4555414175456524,0.8316525515632996,0.6764579676157169,0.4514858278641203,0.4220641457631346
0.0,0.4169014084507043,0.692875095974359,0.16282392687988415,0.4301387676241529,1.0,0.28670998035395484,0.5116605829554554,0.8331778291159583,0.6914522119781914,0.4539123935728594,0.5193227671700156
0.0,0.37436619718309855,0.6937096868789263,0.1584841549609372,0.3974500844234723,0.423836368117884,0.06497868281827003,0.5041783550889466,0.8341653465252828,0.7010026364227163,0.4529695491850792,0.5222763010108572
0.0,0.37436619718309855,0.6995959157537794,0.17014674676121186,0.3985276363905425,0.3636638116774821,0.18858560794044668,0.4235785977823521,0.8354613683644995,0.7112163452660313,0.4480288311611716,0.3953887432921504
0.0,0.3202816901408449,0.7042219417300273,0.17714092213077093,0.4062714837042407,1.0,0.05955334987593041,0.4468408098295741,0.8362112323621831,0.7156530970186332,0.4468875879706666,0.4392965597570613
0.0,0.3453521126760558,0.7112756115518069,0.19684120801522287,0.42719900356425866,0.4034123287683961,0.035566583953680106,0.4198202889721884,0.8354025042921586,0.7168241144285982,0.4441394208432072,0.3502121552477224
0.0,0.4050704225352113,0.7202525534835331,0.2304398715922215,0.4642561207843128,1.0,0.17471736896197354,0.4500980107983826,0.8349455176501007,0.7204120186059773,0.44385341901569203,0.3832210158492447
0.0,0.3146478873239439,0.7263380579421459,0.237676049329568,0.4563741107045554,0.4687167691592382,0.07810894141829443,0.5292190086907821,0.8350060557091928,0.7271634238219865,0.4489660459210631,0.5497004867090979
0.0,0.3487323943661972,0.734949631499402,0.2500188340014087,0.47659316685126796,0.4630472550009596,0.16630196936542624,0.5364261185267428,0.8347403242680648,0.7300744945105558,0.44977919534610733,0.5661113191064521
0.0,0.35323943661971824,0.7413535854640663,0.2470375954570906,0.4812085935319301,0.4931484947929361,0.4137142857142863,0.5721472471002067,0.8333473278386568,0.7270792995271532,0.4500718873346996,0.620699696326802
0.0,0.4115492957746481,0.7460552601509138,0.2762088059248779,0.5190371194523317,0.5118778003242996,0.62486828240253,0.6298286898977641,0.8322829278677287,0.7286070705694452,0.4528829390865109,0.6851678522401093
0.0,0.3797183098591545,0.7466650628627292,0.2904677463287141,0.4987187794418818,0.4798869953881985,0.5803738317757002,0.6594284422915369,0.8310489788569663,0.7330510991858749,0.4559083935686216,0.7827173179405044
0.0,0.3633802816901404,0.747103111987143,0.3076439860198613,0.4835233009168376,0.4564792450039291,0.5130841121495321,0.6590992832192739,0.8304756412158801,0.7376211555496627,0.45604524584598,0.7646146252027363
0.0,0.3456338028169015,0.7492218655097789,0.3288698449072964,0.5231257083495335,0.4781676580162226,0.4508050089445441,0.6700057480017095,0.8301891913318368,0.7426128947796172,0.4534900024822166,0.7794780652870241
0.0,0.2642253521126761,0.7518337993122677,0.3490072677287656,0.4988150248547927,0.4687253619607947,0.38443935926773504,0.6512928091024763,0.8300150423975364,0.7459063899836431,0.4509365620183439,0.7837364940341439
0.0,0.24676056338028154,0.7550991991399312,0.3745172922053599,0.4794311105584738,0.4714907702019909,0.29343286891607223,0.6452598637183182,0.8293773472333331,0.7520820396907055,0.4504481990039925,0.7627793869057621
0.0,0.2777464788732392,0.7573733912128104,0.3682121008727244,0.4968480910986124,0.4803263547037341,0.3835021707670043,0.6518872605613389,0.8270844792288546,0.7502186584104489,0.4513848041995885,0.7443924910289745
0.0,0.3864788732394364,0.7578846098894719,0.3504494319709742,0.5244591374878343,0.4638962557394034,0.5463096960926195,0.6848277318974789,0.8248258060109067,0.7502728967633586,0.4513564594413224,0.7684537458999735
0.0,0.4284507042253517,0.7551807198679397,0.3118798098523542,0.5066786475551845,0.4517210478915417,0.5643994211287989,0.7011383008513921,0.8229923914715697,0.7444725691475337,0.4493944432938221,0.8015419760137066
0.0,0.39042253521126735,0.7523444293559045,0.2787411189666422,0.4738516260991976,0.4444274210742137,0.4515195369030389,0.6986966283302791,0.8220688933725141,0.7423926461279964,0.4492341337409209,0.7912805585748235
1.0,0.3780281690140843,0.7506226602793578,0.2460638801797403,0.4614358906993548,0.4127781886594533,0.3704775687409557,0.7047787019341782,0.821421345293062,0.7380917585215304,0.4498898348481637,0.805042279987473
1.0,0.3785915492957744,0.7506913911140491,0.22061425465616635,0.4593671891748719,0.34924764654546225,0.1924746743849492,0.6760927344275824,0.8209351374835744,0.7392894071323248,0.4509272178503054,0.7541681251266555
1.0,0.3273239436619717,0.7538948968735613,0.21386367801524156,0.4619249780233589,0.4119904098351767,0.10492040520984107,0.6744076364904762,0.8194575858601573,0.7326311717714961,0.450675777549527,0.7552734842762657
1.0,0.3808450704225349,0.7606997566579701,0.23094565355341376,0.4515442074299946,0.3379477317553712,0.22503617945007245,0.6858446860461118,0.8180067851840979,0.7346724323311381,0.4523763198615196,0.7247103037895399
1.0,0.3853521126760563,0.7660794792632406,0.2436603661654071,0.4551083697180968,1.0,0.2510853835021708,0.7137102122830374,0.8164078689244242,0.7362695979844923,0.4555124039700471,0.7882424318127067
1.0,0.33126760563380275,0.771467793341865,0.2603137777140716,0.4503936789587757,0.31774874524582314,0.1657018813314043,0.712344447774246,0.8173974277522168,0.7560276948151105,0.4554625601641902,0.7796325871467958
1.0,0.3850704225352111,0.7790131614592934,0.29119284959822445,0.4460197342421974,0.3556823325356415,0.01377952755905518,0.6434126426560677,0.8179526269853415,0.7651698393141629,0.4508581243797043,0.7299006968174798
1.0,0.4447887323943658,0.7872441033048712,0.3332878502915521,0.4993904068118013,0.5244115877981863,0.14459161147902758,0.6671513984347748,0.818826763367475,0.7782656284620805,0.449779097499933,0.7566402869353412
1.0,0.32901408450704184,0.794434994221451,0.3915838252544523,0.40963416064927466,0.5270522416989398,0.16004415011037426,0.6727078000874481,0.8166566104109972,0.7720072118724725,0.4466043695535093,0.7653125864330259
0.0,0.3461971830985915,0.8022781920164228,0.4478049230955668,0.4228640442285292,0.5243474316970275,0.4273127753303961,0.6955917248426667,0.8142126296146052,0.7686272111974437,0.4494663609167723,0.7499486978167573
0.0,0.3642253521126756,0.8040020621186112,0.4746895623012052,0.3913119244338955,0.5006374341010082,0.4291666666666659,0.7183724803364301,0.8136687431832025,0.7714031494012926,0.4482867598655946,0.7675492610837439
0.0,0.4785915492957747,0.8044481682320885,0.4642549746713421,0.44189279448863134,0.5029182391449466,0.5760416666666671,0.7016639728026173,0.8143395713411558,0.7833493732679059,0.4451857615706532,0.8196516537649541
0.0,0.4822535211267605,0.8027296615628718,0.4590927588454437,0.4448932321578193,0.5171633805940004,0.5614583333333337,0.7292985964067622,0.8156534848147258,0.7971756602377739,0.4482400609823624,0.8701090781140044
0.0,0.5050704225352113,0.8019631438955468,0.4666195860621285,0.4128903554885977,0.5123769196832579,0.580208333333333,0.7368889063567003,0.8142908948602979,0.8020195569397587,0.4489444609617424,0.8925404644616469
0.0,0.6205633802816899,0.8012219994994558,0.4726151739793106,0.4605598042033507,0.5147587348989768,0.8812499999999999,0.7484045610639205,0.8127836148283129,0.807410615885722,0.4503575316018583,0.8847202674173116
0.0,0.5988732394366197,0.7966790679358341,0.4555323761180394,0.494917408343228,0.4418090668573037,0.8343749999999995,0.7677365155318867,0.8111910073457985,0.8173074506890144,0.4486743756660557,0.917690007037298
0.0,0.6169014084507043,0.7939669039744133,0.44546667864854855,0.4569933151217596,0.4964259028415636,0.8583333333333333,0.7575571484016133,0.8105731309965917,0.8308747801130391,0.4514633558599146,0.9041959887403236
0.0,0.5239436619718311,0.7907182348921493,0.4411592348389601,0.4288684098057991,0.4565247208227976,0.690625,0.7403180560946011,0.8097620554332253,0.8423921946636425,0.4531521204623098,0.8940358902181562
0.0,0.4692957746478874,0.7895625653155236,0.4347793910479815,0.4325245661381496,0.4840574612091079,0.5614583333333337,0.7272057342458081,0.8091912020650046,0.8463311292306946,0.4521164257007679,0.8583743842364533
0.0,0.4656338028169013,0.7892585768330453,0.43081593724604056,0.4291807800404528,0.5212575514661552,0.5395833333333329,0.6886400817493576,0.8083744389542961,0.8442654336323324,0.4519899566277074,0.8029644616467279
0.0,0.4301408450704226,0.7892032427900124,0.4128713920979134,0.4469993712375973,0.5541052542048011,0.4687500000000003,0.6840858957793947,0.8089592258088231,0.8523804080194325,0.4552550331785995,0.7993314567206194
1.0,0.3357746478873237,0.7902654121861251,0.4183014740649153,0.3946432041773919,1.0,0.2104166666666664,0.6523490658269016,0.8092160797263915,0.8681767066803713,0.4550849986644899,0.7835151301900067
1.0,0.3436619718309858,0.7941364298505971,0.4157198299814655,0.40086716756048896,0.5640136819167583,0.273958333333333,0.6339112449582165,0.8098406648254136,0.8939392663442302,0.4533367998454878,0.7491115411681915
1.0,0.34845070422535196,0.7977620280223303,0.42821885619286304,0.4067425742057785,0.5654996825648703,0.1271186440677979,0.6230342571076251,0.8096198836171152,0.9010877794088278,0.4556973965144484,0.7472290640394086
1.0,0.3233802816901403,0.8018327332503443,0.4357866556272972,0.3895850311611994,0.5904001394013292,0.1513317191283292,0.6258050887010005,0.8098791934458135,0.8915561193777216,0.45222514088121,0.7501935256861362
1.0,0.3408450704225352,0.8057601808161801,0.44596909220999137,0.40224842612519546,0.6075869119677805,0.1302746016499781,0.6070282831161048,0.8097102697444548,0.8797438823663551,0.4537982096457594,0.7360045742434909
1.0,0.3645070422535208,0.8088894075810968,0.4545411576514186,0.4309001032737753,0.5387901976450623,0.07764371521427252,0.6333364447872505,0.8090891971423463,0.8736134241901269,0.4529696882143196,0.7823715693173825
1.0,0.352394366197183,0.8129984340205201,0.4756017187531816,0.422427815323174,0.4719601368460766,0.0973802976276626,0.6451124790590962,0.8075760569479297,0.8782919047322569,0.4543527381255668,0.778764954257565
0.0,0.452394366197183,0.8158802414209839,0.4863116626625731,0.5068378809813386,0.0,0.6242549883389482,0.6573797955283491,0.8061648250926355,0.8802220137192162,0.4519505822921326,0.7883180858550314
0.0,0.6185915492957743,0.8146412677825299,0.4774001934719342,0.6231069572471472,0.4999709173020504,0.8862687512596807,0.6850389832423643,0.8045186527558673,0.8798802552636581,0.4550006828884278,0.8418103448275863
0.0,0.5518309859154928,0.8090096689770108,0.4306649479418357,0.603305831490777,0.4668745276730623,0.8286833088595208,0.7243071692811067,0.8031158431389992,0.8805945850178717,0.4556471080945249,0.87905524278677
0.0,0.5233802816901406,0.8064511201301883,0.4111220486220474,0.5805048691726543,0.4568598362025953,0.447179752958452,0.7187704189163295,0.8004911265580549,0.8715762922042795,0.4587505003057434,0.8765130190007037
0.0,0.4983098591549298,0.8049491707939915,0.3809627833228437,0.6069698750854612,0.4814728832740946,0.4083095793383437,0.7379107733273067,0.7981208222655057,0.8663990903787603,0.4610725025655752,0.8676020408163264
0.0,0.5143661971830982,0.8033445303695681,0.3517194033927508,0.6206760010634378,1.0,0.31761250755808845,0.7376749578725513,0.7949528446981329,0.8547560550320726,0.4613441038685964,0.845197044334975
0.0,0.5535211267605634,0.8027494073301524,0.3452820724074153,0.6513221362495892,0.5015351657407562,0.21087533156498706,0.7467587657026069,0.791916423785132,0.8394876851906855,0.4625641491827127,0.8332160450387049
0.0,0.5250704225352111,0.8040078833583582,0.3586041618952337,0.6273826918129259,0.5980349878434938,0.3142509135200969,0.7496671563112569,0.7898965741105334,0.8289011870371831,0.4633981908019013,0.7989481065918657
0.0,0.5132394366197182,0.8060903087446887,0.3951316626210633,0.6676592389378331,0.5081445452026079,0.2952158693115518,0.7410107639929452,0.7875925318262597,0.817763385783486,0.4620230441099832,0.8114792426522477
0.0,0.5932394366197182,0.8080014446633919,0.4179424704744131,0.6811145102612097,0.4933800045596242,0.492415402567094,0.7554790247065817,0.7869645945396312,0.8219164590711435,0.4640040304586104,0.7926770187919119
1.0,0.6219718309859154,0.8093204386061321,0.44655932871663456,0.6598020377169016,0.5340980008470592,0.6157894736842099,0.7697360340753329,0.7861357998053357,0.8251400619635222,0.4649870416545063,0.8524721565980422
1.0,0.5428169014084504,0.8096541289060497,0.4514798299311375,0.6384317920842583,0.5101514973152889,0.6073684210526311,0.7896575271801876,0.7876419342194653,0.8402430954815815,0.4670263753182418,0.8975869051636853
1.0,0.596338028169014,0.8119211612297603,0.4789026376346356,0.6267284102440651,0.5273922367965899,0.6684210526315784,0.747520253108588,0.7871845109677412,0.8440071001743726,0.4650679842651831,0.8903476206547418
0.0,0.5591549295774649,0.8115878320494905,0.4782026552724597,0.597697512254317,0.5403001689293973,0.7599999999999999,0.7456189910046227,0.788100297855795,0.8555333151981833,0.4654927968184298,0.8446760040499492
0.0,0.5760563380281689,0.8123464268189227,0.4981828639102227,0.5602937443689963,0.5344028045914004,0.7947368421052629,0.7186770752988221,0.788246893624761,0.8648738471665273,0.4614339633236485,0.8656176172797836
0.0,0.5045070422535213,0.8109512890378872,0.4980378455909782,0.560817270505156,0.0,0.7515789473684211,0.7022977268372728,0.7888098083965981,0.8783150078325593,0.463067662241887,0.863609517381033
0.0,0.5515492957746481,0.8107849653667594,0.5088445417304979,0.5415008702332866,0.5502059470368131,0.8663157894736845,0.7237028921782959,0.7879216923689382,0.8846255687409016,0.4616332997429277,0.8780037124535941
0.0,0.5343661971830984,0.8086166979506051,0.5080132356340211,0.5296682282098416,0.5183354121662346,0.9037285567400836,0.7354297982304017,0.7853745913167397,0.8815731074012237,0.4628315827786735,0.9029109011137364
0.0,0.4571830985915492,0.8057717910419786,0.4942957206212855,0.5313688791309764,0.0,0.7695221602900595,0.7507135873917337,0.7839821965925061,0.889809232631286,0.4647518034603311,0.8877489031387108
0.0,0.5064788732394365,0.8036251156393097,0.4930698688228246,0.5118772397246103,0.5764829283662484,0.8322961199199095,0.7131403249340453,0.7812824537018513,0.8902212384973475,0.4643382284962299,0.854463381707729
0.0,0.5464788732394367,0.8002747797853098,0.475068949531366,0.48626832024809,0.5234415230783952,0.9080577953352464,0.7484045610639207,0.779812182538235,0.9016540706578638,0.4644862967607272,0.862867026662167
1.0,0.3918309859154929,0.7961458013747815,0.4692695316841487,0.4333407386435979,0.52744335990073,0.5029171528588104,0.7509985310662297,0.7779835167060919,0.903488780498914,0.4646800481024967,0.8725531555855551
1.0,0.4509859154929577,0.7977008579802423,0.4778414295693666,0.4222554227619131,0.5013378177266747,0.7327887981330228,0.6930075804843059,0.7779484618400346,0.9172628291827288,0.4627172367660234,0.7918157273034089
1.0,0.3918309859154929,0.7968080811122955,0.496124809310697,0.42404939688675375,0.5042372120666319,0.5414235705950997,0.7033687220276199,0.7776891143417081,0.9224657282184541,0.4634574386610405,0.835791427607155
1.0,0.36704225352112657,0.7984588181743495,0.5323329796134755,0.4092038804414399,0.499579546604472,0.5704989154013006,0.7065620563107655,0.7770084212788736,0.930733353226659,0.4639699529716567,0.8235993925075938
1.0,0.30873239436619715,0.7990800636049922,0.5731988755565213,0.4110434360882782,0.5175955883355994,0.3680870353581144,0.6865668708762998,0.7783126188570614,0.948190393014396,0.4657301091467372,0.7970975362807962
1.0,0.24816901408450684,0.7994676558648119,0.5930624885079736,0.33778124030388285,0.5879007504396783,0.13236627379873014,0.5976497059676047,0.7794602291066853,0.9643283717850072,0.4589411965982269,0.7539402632467094
1.0,0.33971830985915474,0.8022563022194806,0.6158718861227315,0.3749982607532474,0.5142806902333082,0.25294650951949155,0.5778166436582839,0.7802158020557205,0.9723774268804052,0.4573061642114344,0.6913094836314548
1.0,0.3664788732394365,0.8021384789841599,0.6165905280979649,0.3539703221255411,0.5238541842536455,0.2538531278331819,0.6134444286142402,0.7785091479164422,0.9686560750136732,0.4574535872771444,0.7343570705366181
1.0,0.41549295774647865,0.8031904110480628,0.6276526051874478,0.395268871323527,0.4939993803018555,0.14959202175883873,0.5984701472372744,0.7773373775145612,0.9698668208405284,0.4560778196464077,0.7037293283833947
1.0,0.4081690140845071,0.8055736267945168,0.6493213041501528,0.3891230674930939,0.5044166949004444,0.01722391084093228,0.5886887186869009,0.7760793250918064,0.9728619437853242,0.4588746726866637,0.6888288896388793
1.0,0.5107042253521128,0.8107677787800258,0.6857518638089465,0.4161529632517688,1.0,0.29381965552178363,0.5861537025482808,0.7747862233748392,0.9723164979352568,0.4588806577440934,0.6579311508606142
1.0,0.4560563380281688,0.8124407678582675,0.7070549301160155,0.4210315097374579,0.4875607213959685,0.16008105369807474,0.6331251934423653,0.7736557888632035,0.9705744382193109,0.4603432279898161,0.7298768140398247
0.0,0.5405633802816899,0.8168397340356497,0.7338048293241135,0.4438691515728505,0.5102322501240559,0.2798110979929151,0.6196787996993354,0.7725137227798652,0.965703687230732,0.462735350153608,0.7112807964900442
1.0,0.5239436619718311,0.8182748771531161,0.774578354741249,0.4796068773502882,0.5458863773879409,0.28426966292134825,0.6810448589774449,0.7716330200163791,0.9624802877083576,0.4658150156880052,0.8018140398245017
0.0,0.5898591549295773,0.8205035741001103,0.8241635138980105,0.4972419364409318,0.5411513444471507,0.5574112734864289,0.6972817356017469,0.7697535395064047,0.9512693721743904,0.463848496315374,0.8291765102936214
0.0,0.5861971830985915,0.8201016814280311,0.8570694225439679,0.4945275904207289,0.5569762200388672,0.4968684759916484,0.7302418582257835,0.7677476362221841,0.937966252428042,0.463775359388809,0.8631370232872091
0.0,0.6030985915492956,0.8203570133094542,0.8631748825192759,0.5156915580322055,0.5587141993253028,0.5730688935281832,0.7324821050459593,0.7657323115600038,0.9255618312296421,0.4641898157518994,0.8515693553830576
0.0,0.6512676056338028,0.8205899665626757,0.8499020570273629,0.5292998627047657,0.550202063550136,0.7296450939457199,0.7469798426914405,0.7634584289089689,0.9190125294592076,0.4657244068693556,0.8819946000674994
0.0,0.5881690140845067,0.8175427355708389,0.8241137294334138,0.507206767831504,0.5251082280419168,0.6075156576200411,0.7740249276586961,0.7606242936330628,0.9144570862588008,0.46500994963044,0.8936044549443128
0.0,0.6295774647887324,0.8168490147209808,0.8288660658945182,0.5442215757728269,0.5626041482703074,0.5323590814196237,0.7991392735901427,0.7570855118706127,0.9033127350595046,0.464072089353639,0.902708403644954
0.0,0.6290140845070421,0.8152548527071817,0.8501870543748152,0.5410819150236726,0.5500146014858086,0.6969397828232967,0.7967860318645632,0.7564684918889516,0.905829263419162,0.4641989180089681,0.8784864052123793
0.0,0.6645070422535211,0.8136539868766814,0.8716950063121912,0.5682945246967679,0.5863622282602922,0.6841066140177691,0.746621206687333,0.7562439338994519,0.9116807487596332,0.4570103024475989,0.8847429311280954
0.0,0.6571830985915491,0.8096387798315372,0.8722467918621231,0.5572960078223028,0.5808636681596964,0.7295162882527141,0.7479427557983579,0.7558106569226023,0.9164373994814996,0.4574112172180181,0.8666583134945495
0.0,0.7678873239436617,0.8045332679686261,0.8580811145371157,0.6098894847414166,0.0,0.8837863167760066,0.7627893038039978,0.7532406445618881,0.9110668352307141,0.459169569196796,0.8613289896838323
0.0,0.850985915492958,0.7958347879433796,0.8463356337738155,0.6295849163006982,0.5038482119329296,0.9991941982272357,0.7659531611552991,0.7512394256835307,0.9056372268162364,0.4556960320160098,0.8659566470367119
0.0,0.865070422535211,0.7864931789525593,0.8279832440633459,0.637418062729022,0.5379592853879339,0.9805335255948084,0.7907923890561974,0.7492953615396712,0.8997662799127085,0.458348387561993,0.9120995698116356
0.0,0.8059154929577463,0.7772934871297748,0.7987420851755267,0.6544275765743547,0.5196120315015457,0.9484286865431104,0.7957346879621124,0.7468468141597314,0.8949986643862571,0.4591964034748742,0.8935471745395317
1.0,0.8101408450704226,0.7699086324605321,0.7548623948143969,0.6581005824289449,0.535634972615479,1.0,0.792570830610811,0.7443783081597394,0.8916472951730253,0.4591376163080678,0.8740675771624272
1.0,0.7467605633802817,0.7630007482506858,0.7189826780715274,0.6245631581822547,0.5555596062610393,0.922585794094174,0.7768498002937869,0.7422794776830987,0.8924870700363537,0.4615371143499717,0.8484400451071298
1.0,0.7326760563380278,0.758566805876357,0.7125692413268282,0.6497892345445709,0.4542968507537197,0.9575433600612826,0.7453733499059195,0.740579811774717,0.8912077113298249,0.4588766913125453,0.7811552437037967
1.0,0.7625352112676054,0.7548937886127844,0.7094025492701064,0.6691898097412305,0.0,0.887678122380553,0.7543687269404417,0.7391818890559144,0.8870108501748807,0.4560805496501785,0.7954141085077058
1.0,0.7495774647887323,0.7515628112088593,0.7065718996713504,0.6453951596898756,0.4809394278638919,0.93964794635373,0.7402885791627569,0.7380210727262452,0.88781626737308,0.4585025421264403,0.7755299293427546
1.0,0.7208450704225352,0.7485499851872102,0.6978367326028045,0.6699201331542528,0.4478134993798528,0.8717518860016764,0.7533615984357571,0.7364047909095358,0.8821645841919373,0.4561770238176062,0.7966771097187038
1.0,0.7219718309859153,0.7430895672609446,0.6600196096859419,0.6706165497325927,0.0,0.8985750209555736,0.7637718681988118,0.7348533637801417,0.8795393012620688,0.4574850778382789,0.7924244054664799
1.0,0.8450704225352113,0.7366305738793664,0.6326111616334071,0.7329649728464608,0.377834488699493,0.8865805637425218,0.7584365435349718,0.7326991610095134,0.8715827712639473,0.4566798578973828,0.7956148182123464
1.0,0.8416901408450703,0.7301099671386422,0.5918191715147532,0.7321569546067624,0.44125537934424097,0.8744123572867692,0.7630840731224421,0.7318442435561171,0.874365284853056,0.4575135710715771,0.7773746242618329
1.0,0.7926760563380285,0.7268586106485471,0.5813329828357506,0.6710068978285946,0.0,0.9215136650315352,0.7413890512849484,0.7302290784038875,0.8758424662633372,0.4583339617046509,0.7741607737950091
1.0,0.7492957746478871,0.7256758781024439,0.5590773206728844,0.6744154601475287,0.4123310867852797,0.9067974772249476,0.7471812683923775,0.7283051862203817,0.8776601837351165,0.4592243863072604,0.7603023652767621
1.0,0.6650704225352115,0.7234409192004476,0.5450450838237529,0.6050645827519765,0.401725852747034,0.9880112834978853,0.7939120310097321,0.7258171762608464,0.8754172790584093,0.460818270607445,0.7980283956536929
1.0,0.6022535211267603,0.7182094371474308,0.5234988497232975,0.6221182311044711,0.0,0.8684790595150619,0.8020329257328702,0.7230383733834632,0.8700763310857057,0.4616067925613563,0.8247556493861914
1.0,0.6957746478873239,0.7121509750550183,0.489817651682454,0.6308403753737797,0.4070936926222442,0.9735488611315211,0.7984072631160062,0.7207438884332623,0.8604330946398691,0.4617606886211529,0.7938773295295976
1.0,0.6943661971830987,0.7045931916283255,0.4402884056630335,0.6313836709595045,0.4176953679730599,0.8883895131086146,0.824450132400552,0.7183740293797499,0.8512630509560221,0.4609510941393451,0.8206560256370748
1.0,0.6560563380281691,0.6978583080030296,0.3999940170701667,0.6012415421151842,0.4624807350151439,0.9944664031620548,0.8147718731116341,0.7160328222777733,0.8437383896351233,0.4601095907690204,0.8088527402413698
1.0,0.6411267605633804,0.6906658520869211,0.3540099329029846,0.5954349041502294,0.4817487192504593,0.956644674835062,0.8564866444934633,0.7143376583176412,0.8465301831801456,0.4611187515828205,0.8530054603765932
1.0,0.5819718309859152,0.6829524726802987,0.2916701624022334,0.6125278989529995,0.42789901103594813,0.7606032045240333,0.8212174955416139,0.7130819408378174,0.8527956774125166,0.4614943698845431,0.8083552700069899
1.0,0.6270422535211267,0.6782211012708896,0.25927238916544965,0.6377011430479275,0.4045889700940559,0.8366627497062279,0.7804705500886765,0.7127829694549627,0.865816409767386,0.4606398535750033,0.7700144261514897
1.0,0.6419718309859155,0.6754597352712135,0.2506260585608676,0.5991018312446325,0.40823617393255296,0.8578143360752047,0.7634623604144455,0.7126001466195261,0.8751999918324463,0.4625420857758651,0.7531417778372669
1.0,0.5329577464788732,0.6746129078928409,0.2564822479554373,0.5784625801658251,0.3973927018204402,0.7297297297297285,0.7447985497349532,0.7116770440393948,0.8780605646164369,0.4644129841475014,0.7300673716146879
1.0,0.4594366197183098,0.6743836715102993,0.2555618857986278,0.5869861967100382,0.3963577675594434,0.6545240893066968,0.7128259043277048,0.7104202411547013,0.8811470759702106,0.461453483386845,0.674534124540817
1.0,0.5290140845070421,0.6727644620067608,0.23595236319770865,0.5744369307444274,0.4552057077736281,0.7062279670975324,0.7099420778289256,0.7095665368082703,0.8869172400002022,0.4612952653644205,0.6628890971013846
1.0,0.5166197183098591,0.6708469026595509,0.23112007177110075,0.5682123401514805,0.4592121979671733,0.4747356051703882,0.7154493512618583,0.7090125674123072,0.8978477421953975,0.4617151285749668,0.6828403158881006
1.0,0.4557746478873239,0.6710448998409789,0.2220187661488625,0.5367840566110422,0.37484570930048267,0.601645123384254,0.6916221646876182,0.7088166829055694,0.9014132630428552,0.463092616204305,0.6493627210398727
1.0,0.5174647887323943,0.6716535456222428,0.21977461122189287,0.517642113729793,0.4089715976266618,0.6263219741480606,0.6990749156222825,0.7086073005518746,0.9051918951344614,0.4638058047441489,0.6700575558827468
1.0,0.5070422535211266,0.6720412552841553,0.19925460751015872,0.5124078635587961,0.4956588102618272,0.659224441833137,0.7029413065158756,0.7081134006158846,0.9063284405537868,0.4641567075681794,0.6816728386799329
1.0,0.2642253521126761,0.6702684004728412,0.1825856872301509,0.44056589255232426,1.0,0.09617180205415517,0.6636485563672627,0.7072659135433651,0.9104302984834246,0.4602838481332465,0.6174839007123841
1.0,0.4025352112676056,0.6759850366462836,0.2244997106155389,0.5158820928393852,0.4709525612365497,0.00694444444444518,0.6694456862966656,0.7062905189539167,0.912998208802096,0.4571962655257187,0.6243846577135295
1.0,0.38366197183098544,0.6821245966561496,0.2768913189949286,0.5092217088413177,0.4465431621136209,0.1180836195408401,0.6954983812251596,0.7053710461752908,0.9220234698518244,0.4565931040177682,0.6545308526301701
1.0,0.2876056338028169,0.6901651092803713,0.3369564988795356,0.4765262287786257,0.513434311975064,0.2500000000000012,0.7121184579634385,0.7040247922190799,0.927590041899506,0.454813910249543,0.6784083641933996
0.0,0.3788732394366196,0.6954122524905881,0.3653954764950027,0.5098492788368146,0.501512062422183,0.5616681455190765,0.7444153496209754,0.7028426514527774,0.9345919886979812,0.4549567298841836,0.714719136215589
0.0,0.4250704225352112,0.6944455997593729,0.3548889815004405,0.4793933171775834,0.4710411659064641,0.5652173913043477,0.7938923797218357,0.7009120309541589,0.9329669309354476,0.4609625164895775,0.790657207870432
0.0,0.31239436619718297,0.6923748601107025,0.3534015171657139,0.4844632766622324,0.4598216408196401,0.3975155279503105,0.8189035563918269,0.7002668140659829,0.9434565395401644,0.4602233794049602,0.8056038905992058
1.0,0.2819718309859154,0.6938984339199086,0.3794954317375207,0.4692620279682952,0.5114247571355677,0.26792037474722463,0.7455354730310635,0.6993830154269814,0.947286458323412,0.4549836871021323,0.7430657802763274
0.0,0.333239436619718,0.6963196316362426,0.4028109640228788,0.4885532679135063,0.4610511552115664,0.4390243902439023,0.736112680484797,0.6992532814278062,0.955772709073717,0.454144843233688,0.7242374217344101
1.0,0.2622535211267604,0.6970421672920333,0.4207772245951776,0.504698909513429,0.4643683220554482,0.26182965299684585,0.7535188087389275,0.6979066588310355,0.9558982798674032,0.452456303819388,0.7450289266645845
0.0,0.2335211267605633,0.7000862707982043,0.4545687242458466,0.4947403950555258,0.520727865274909,0.22991354149457574,0.7241008307581958,0.6961279257807672,0.9577949976333898,0.45338593057446896,0.7005978673091507
0.0,0.16450704225352092,0.7020495894339661,0.4611885071063768,0.4508084179474593,1.0,0.05438074783853777,0.7394091840293979,0.6949838100428537,0.9640228089633964,0.4514785380973498,0.7068144975386307
1.0,0.21211267605633774,0.7064649529682268,0.44962438713582104,0.478601160475277,0.47280433633923796,0.03028801145437507,0.678662140320021,0.69327838613158,0.9722975547732688,0.4486724722065572,0.6261693362483082
0.0,0.3166197183098588,0.7122968570225894,0.4385134829079173,0.4729116913891898,0.4531869463049602,0.18165764409576404,0.6771833809058261,0.6918669987292329,0.9868477186066468,0.4488395132136093,0.6046119067802912
1.0,0.34028169014084475,0.7158561238148542,0.4221692304162172,0.4835355968329837,0.4442455479799432,0.3242335639637546,0.7428530722332212,0.6903184980780576,0.9947765258378728,0.453409783137005,0.6848555154002883
1.0,0.3022535211267604,0.7175541516724719,0.4078806348800663,0.4600471752318096,1.0,0.1773152302926789,0.7499226230539083,0.6887945505478056,0.9993481556763624,0.45424321411719104,0.7016512734396866
1.0,0.2814084507042254,0.7203930140266903,0.3825871786390597,0.4454251630228217,0.4547130598714441,0.0665836783139856,0.7240222256066107,0.6877577748218858,1.0000000000000002,0.4516758515377052,0.6582924565822619
0.0,0.4202816901408449,0.7269251028649011,0.3969365674505468,0.4667842865256992,1.0,0.20889311226161586,0.6977189767574392,0.686958273029073,0.9959127423451728,0.4526937317894067,0.6204943509066538
1.0,0.3132394366197182,0.7301453677044376,0.39587590141312057,0.457243857954399,0.4701439909926127,0.046693754505537165,0.7529489213899356,0.6863224569355727,0.982280674706301,0.4597909780205928,0.7088535880098007
0.0,0.3318309859154928,0.7382071376691706,0.4202390093386398,0.4167300486737191,0.4576748675552151,0.09994101841536134,0.7207404605279317,0.6857612138771564,0.9743658550575052,0.4564938447257994,0.6561573382581247
0.0,0.4092957746478871,0.7436682775423415,0.4396716697449785,0.4559873409896149,1.0,0.43089324333180345,0.7352283725294646,0.6843697629350155,0.9687068970855492,0.4579607508267807,0.6968383721700232
0.0,0.3346478873239433,0.743092405129443,0.4402752355137269,0.3961208142450953,0.4521926607084457,0.0016383773510711727,0.8268426767019244,0.6832387937931613,0.966063831882398,0.4662831692850841,0.8001486266748095
0.0,0.4938028169014083,0.7481509128221961,0.4176257047481198,0.4547575328836301,0.4327392823696897,0.010259356533159108,0.7448280266667975,0.6809784727677589,0.9571963580651212,0.46093726911585,0.690024205970806
0.0,0.6349295774647887,0.7526008843057661,0.3865590131599363,0.5142149184475777,0.4805871046945759,0.5159215562482737,0.8147718731116342,0.6799418837522256,0.9616747755270872,0.4666729819805314,0.7895254162693468
0.0,0.6121126760563376,0.7527302483882039,0.3445661627389155,0.4911984855072706,0.4484437066063448,0.5968117428875817,0.8779360252322537,0.6785737209628132,0.9745293756588064,0.4715304719320592,0.8796554800828921
0.0,0.5901408450704224,0.7522732481216792,0.3574485151478349,0.4775696562320942,0.5029136597803623,0.4389772323718581,0.8673292425902359,0.6768605700912128,0.9817969602106016,0.4694921017578267,0.8800296454064008
0.0,0.6467605633802818,0.75169369744994,0.3449629441836282,0.5335190992292472,0.4996989398704225,0.6471214931144692,0.8611194356150116,0.674919946239848,0.9817969883862382,0.4689320338247995,0.8682938061247986
0.0,0.6926760563380278,0.7480190852810302,0.3345816089938702,0.5635078093902502,0.4754724462297748,0.6804330626691645,0.91314130749844,0.6723598449882352,0.97217325326752,0.4722560654413653,0.9300454754777802
0.0,0.7478873239436619,0.7446400675015905,0.3222970361354931,0.5468782164990005,0.4519145511871624,0.7388371345968516,0.9162511238080262,0.6691681160927413,0.9687328891017448,0.4727762324500819,0.9266204236702736
0.0,0.7383098591549297,0.7406696572128892,0.33610457745920685,0.5337532939410464,0.0,0.7841018602342086,0.9239986440611352,0.6659643249522625,0.963025872032728,0.4739355905725264,0.9233608680635504
0.0,0.8084507042253521,0.7351540507545771,0.31190905869049346,0.5322439238354977,0.4458931270313073,0.8958174904942964,0.9339471085586272,0.6631424759754126,0.9633817445953198,0.4753154266470256,0.924644275197468
0.0,0.8853521126760565,0.7295102071739985,0.2902555519047721,0.5696737024868266,0.4503246802918837,0.99452804377565,0.958535782538848,0.6603415373645697,0.9583459346089246,0.4785004923308535,0.9861686819441166
0.0,0.7061971830985913,0.7258491739891948,0.28179161467106995,0.4768749675690017,0.456893470524205,0.9398496240601496,0.9515595753356684,0.6578417904305971,0.9457839660671676,0.4781910581307745,1.0
1.0,0.5704225352112675,0.7255150214971122,0.2908892510812654,0.4446269620743209,0.0,0.8699248120300749,0.905831028401024,0.6552438157395691,0.937204522251424,0.4772593682276709,0.9925596169493652
0.0,0.6490140845070423,0.7261611824883547,0.3127749105480572,0.4320634219975898,0.4478179848001195,0.9548872180451125,0.8970812924652046,0.6533060113438832,0.9247854813191208,0.4763769996621151,0.9956135113403866
0.0,0.5326760563380283,0.7239912709518377,0.3106962599140229,0.42345677575938656,0.4601569904804597,0.9037593984962408,0.8768257274661134,0.6509610284215449,0.921699252678436,0.478094491086033,0.994016399497673
1.0,0.4422535211267604,0.7235139351127333,0.3341482832480799,0.4330738882507897,0.4985633020701751,0.8443609022556386,0.8605790251978639,0.6487246488104091,0.9138366934275528,0.4767280615230829,0.9675953335946168
1.0,0.4061971830985914,0.7223282883658981,0.34812565606559964,0.41554697625566667,0.4515908227495125,0.6933139534883723,0.8354892433762875,0.6462072002299725,0.9081298570836224,0.4740558653454465,0.9248315232294358
1.0,0.4512676056338025,0.7231813846326651,0.3726822715288111,0.4356320419808704,0.4998411424563299,0.8114285714285714,0.8140889908572383,0.6439587971843103,0.8929255858076129,0.4720773582002246,0.8723834966357764
1.0,0.3732394366197181,0.7224682442989998,0.3805613226341364,0.4522883763946405,0.4811781002381104,0.7838397790055253,0.8484885703196773,0.6416495610957907,0.8720576473703122,0.4733836203359277,0.9235105957616956
1.0,0.3802816901408448,0.7198678729490728,0.3667342851531495,0.4556017201044381,0.4844765485628633,0.7702620353443018,0.8675650580449915,0.6397974050007272,0.8567207565440692,0.4723693616608308,0.9441663334666136
1.0,0.4070422535211266,0.7137289777874902,0.3298411616126663,0.4674311006359263,0.4683542551298153,0.590828924162258,0.8802106618062482,0.6383929742536602,0.8479173697226766,0.4738947356477839,0.9889036732389828
1.0,0.33211267605633804,0.7148777731547579,0.34663307817356026,0.426942507044076,0.4978102004347893,0.4079952968841864,0.8432515020953186,0.6364421955789051,0.8380701338026452,0.4729943344879925,0.9410910850368944
1.0,0.03746478873239395,0.7214184310150842,0.3904251381723475,0.3836403639419178,0.5450691171737426,0.39212228101116986,0.8177834329817388,0.6348424967638343,0.8281991892295265,0.4707973868104359,0.8720535462279748
1.0,0.096056338028169,0.7290394552405417,0.4456978788322681,0.3562380961138137,0.5274258403115691,0.3493265993265997,0.8122565082609101,0.632366615792089,0.8197960816036359,0.4693608604423616,0.8807306157009801
1.0,0.14647887323943634,0.7290238714991608,0.44083929102485936,0.3781975700441859,0.5064084428652099,0.3148148148148149,0.8473094930459002,0.6295725948376033,0.8129610851598897,0.470822646039065,0.9051489859279868
1.0,0.16112676056337993,0.7315740920604457,0.4700731848291925,0.33803982604904576,0.5246665740844978,0.3190235690235689,0.8508565505111791,0.6263073462234215,0.8063399522579734,0.4721994442533105,0.8755400882995275
1.0,0.030422535211267587,0.7322065657564274,0.4831024738789999,0.3375432623831493,0.4689202766175247,0.2394781144781149,0.8507877710035419,0.6234080267909482,0.7999686793311135,0.4720531977539174,0.8827285125446661
1.0,0.1583098591549294,0.7361667915781693,0.5203404227003469,0.3916380146053104,0.5145397139148951,0.1679292929292933,0.8269114562095613,0.6215703318834173,0.8015111805830423,0.469924789443708,0.8246489550555808
1.0,0.19098591549295746,0.7392164121821645,0.5299423805400414,0.3547849667532854,0.4723360523552752,0.2083333333333334,0.781349945222035,0.6194077107808204,0.8036967074758,0.4681673948479828,0.7604008733094794
1.0,0.20788732394366155,0.7447125302723234,0.5606600756344086,0.35978300585594525,1.0,0.14730639730639727,0.7873239367425042,0.6184748187357493,0.8058705999399288,0.4693250781647776,0.7539330830405309
1.0,0.15549295774647842,0.7529754475165078,0.6048144060328025,0.3344266849947629,0.467521492907475,0.0025917926565875702,0.7412465794477006,0.6170803849257877,0.7995944972513046,0.4666691534255252,0.701857522855802
1.0,0.2577464788732393,0.7664362676171685,0.678113099326376,0.3662185945002287,0.4468472603166347,0.0037154989384292655,0.7077460464065162,0.6166360436915799,0.7972095387618695,0.4627765548943085,0.6380773558054109
0.0,0.3884507042253521,0.7761772555359003,0.7456088198797788,0.3662786362851072,0.4664263882656898,0.19567567567567595,0.7825339353177858,0.6157592781880411,0.7991810875698283,0.4748010222703321,0.7650742267890235
1.0,0.3563380281690136,0.7809983312057664,0.7844319023378779,0.35128018037277303,0.5138930540829595,0.047783534830166834,0.8242094041238227,0.614459884476536,0.8040844435193356,0.4779079526310375,0.8165166506763538
0.0,0.4769014084507038,0.7889869503489912,0.8469739635993656,0.3518569396978819,0.5645133918374475,0.01058201058201062,0.7772870414494788,0.612307777232625,0.7968081421047676,0.4723599441865202,0.7380127580726669
0.0,0.5411267605633799,0.7920086760226344,0.8715866649966522,0.3816217226731381,0.5758425155898529,0.15984251968503946,0.8638951800303613,0.6103433620985393,0.7873248220839476,0.4834134493804722,0.8538900403541797
0.0,0.6101408450704227,0.7922962467726407,0.8840586907770684,0.4118552770099976,0.5894911449147893,0.26864686468646903,0.9279682042161836,0.6079614297611909,0.7734816714484606,0.490731668531457,0.9346230293984692
0.0,0.6481690140845071,0.7930000811205224,0.8949484272734833,0.373391410052656,0.5420343425175228,0.3316923076923077,0.9447012758598664,0.6053688256757218,0.7648478762207549,0.4897761837251736,0.9547936653726652
0.0,0.7152112676056341,0.7949237366064754,0.9118111173564494,0.40925678214186995,0.5494549995921512,0.5039804041641154,0.9363249143940772,0.6026353756669619,0.7526159318390816,0.4890613983330037,0.9357403871595192
0.0,0.752676056338028,0.7940345213757001,0.9243259067592192,0.3702469601240122,0.6633958043172368,0.5729132638863683,0.9758190902436268,0.600748398269712,0.7536943783170325,0.4921337423990893,0.9766032357527394
0.0,0.6636619718309859,0.791457988792744,0.9207247948695704,0.3369941237799031,0.5655340654036752,0.367918902802624,0.9733528536126436,0.5989324207192391,0.7526641923843913,0.4902680518001351,0.9966251225318584
0.0,0.6515492957746479,0.7932707697139172,0.9600552799142504,0.33215428277303105,0.5640657052194559,0.3753533069530809,0.9248976904823901,0.5982053254493284,0.7580819883720237,0.4882654898504808,0.9306189609298424
0.0,0.9402816901408452,0.796488951958291,1.0,0.5657877812140888,0.6105478676824796,0.9513849632560768,0.9250254238537158,0.5967070694622661,0.7566493311472007,0.4868781149531856,0.9560495728889512
0.0,0.9070422535211268,0.7864972370896031,0.9852211216246376,0.5856177498182801,0.6375537963692942,0.9680851063829784,0.9650698357643612,0.5947924766040783,0.7585371755065359,0.4900544623514469,0.9988166923400088
0.0,0.8532394366197185,0.775737839135918,0.9598638580143216,0.5627310828502937,0.0,0.8138297872340422,0.9543746223268104,0.591903131391578,0.7586077135498634,0.4891059718362055,1.0
0.0,0.8647887323943663,0.7656003152880384,0.932218989996217,0.5694754865375636,0.656853376350536,0.7890070921985811,0.9413359928076288,0.5895008130961633,0.7578024690066025,0.4876390195896406,0.9985228519195616
0.0,1.0,0.754851118969051,0.903336645257427,0.7170292858798729,0.6385995503721651,0.9848143982002244,0.9345464728394636,0.5871218749074313,0.7562890261037697,0.4868455804419333,0.991483087215828
0.0,0.8515492957746479,0.7389861023811104,0.8413727346086529,0.6558188640945702,0.6848813174697008,0.9288037585833034,0.9371158787319022,0.5844189239264143,0.7504953678178349,0.4874986782581773,0.9961218179256542
0.0,0.8850704225352113,0.7304686497103878,0.8201795028569314,0.6747795409859699,0.512633833361808,0.980309423347398,0.9048926794039764,0.5823320119892199,0.7493946687618408,0.4841212309101892,0.9505720374204664
1.0,0.8394366197183097,0.7219872081136187,0.7930558551131284,0.6527390461973827,0.5052806488350892,0.9757243539545808,0.8977789131855226,0.5802603165038059,0.7466540632577293,0.4815710549027525,0.994210452396186
1.0,0.8008450704225354,0.7155807754994763,0.7765469057040337,0.6570666620606999,0.0,0.8997650743931088,0.8951898560051879,0.5786922317361837,0.7510884267073108,0.4819051081888043,0.9748865070839968
0.0,0.8430985915492959,0.7099724940395353,0.7572934620570697,0.6805700571490277,0.5140512568858464,0.9553368660105978,0.8826474215053868,0.575891757221847,0.747841196842145,0.4837169681895224,0.961377125787002
1.0,0.8287323943661972,0.7021425291571723,0.7228516988574877,0.6733884155683009,0.5071903058183902,0.9420634920634918,0.911721501947934,0.5740883060445411,0.7528413222537615,0.4850199843822594,0.9800534730008392
1.0,0.8354929577464791,0.6948979317608996,0.6906535318547192,0.6784453519329889,0.5477026955298308,0.9910496338486576,0.9089555831765326,0.5720801182921559,0.7497857730064388,0.4835918290475364,0.9956640399769368
1.0,0.8154929577464789,0.6871129982402924,0.662742302946834,0.6676677407305559,0.5668005999021049,0.9310344827586214,0.8942367685422182,0.5705548912907318,0.7463000865768905,0.4855106078307891,0.9955577182682952
1.0,0.8456338028169017,0.6807475255319719,0.6514814482168525,0.6240676768219496,0.6211012722469016,0.993916349809886,0.8828881497821163,0.5674009982159626,0.7295015138708683,0.4843186377721237,0.9811441937913812
1.0,0.7309859154929573,0.6734872900659649,0.6381411436911406,0.5051448611623196,0.38880236048152256,0.9951690821256026,0.9008936423170832,0.5639516852169942,0.7129343145249409,0.4882226961845123,0.9607213094445392
1.0,0.6960563380281688,0.669621322801891,0.6384708307706093,0.5410162237584398,0.0,0.9161168708765316,0.8849367965453036,0.5601101859678933,0.6938819909911162,0.4866630908604183,0.9244681905139364
1.0,0.7183098591549295,0.6675363620091883,0.6479363426204913,0.5139426389085396,0.4299122704790444,0.9519321394910456,0.8629224412794954,0.5571352463075813,0.6829456103823737,0.4846558086731506,0.8687404816116046
1.0,0.6369014084507041,0.6640086066857736,0.6371815569872571,0.3994967667688797,0.4283777458662641,0.924599434495759,0.8922519884646939,0.5567533196671631,0.6868228563174112,0.486297977974187,0.8967252565593615
1.0,0.6501408450704228,0.6614530117565156,0.6447356930515293,0.4110450345625768,0.4685957971856065,0.8887841658812448,0.8415565785142642,0.5572509203504245,0.6985955488228628,0.4726424274145486,0.8973616261803925
1.0,0.6307042253521126,0.6567243269900416,0.6281869357138622,0.4415158649864556,0.5277872397816669,0.8868991517436378,0.8259288918147473,0.5582998350081542,0.7112400925019748,0.4732639696935344,0.8892936297206557
1.0,0.6633802816901406,0.6528016432795465,0.6259206787198314,0.4678047803360005,0.0,0.8812441093308194,0.8388152238527332,0.5573012600443584,0.7157194596031934,0.4717192042799716,0.9080701908377404
1.0,0.6526760563380279,0.6474277686748873,0.605454821586273,0.4501933209995617,0.5421265111456335,0.9664429530201332,0.8433350200688776,0.5555908297939037,0.7183613744252636,0.4686057468791319,0.9139364947005773
1.0,0.6585915492957743,0.6411750146562452,0.5857417308357626,0.4554646980573869,0.5323054758344354,0.9791231732776616,0.8589676195903688,0.5540293719126116,0.7164942903143354,0.46749005351069206,0.9295750952725784
1.0,0.6504225352112676,0.6347350106108594,0.5744237523175616,0.4502408383170479,0.561590815903289,0.9884393063583804,0.8535340384870473,0.5522539837729948,0.7135965976092826,0.4701820901743598,0.9279731993299836
1.0,0.5763380281690141,0.6282900160287437,0.5595997076858171,0.437527382076186,0.6496893058043596,0.9447674418604656,0.8648482674933307,0.5502184326928682,0.7079062231738403,0.4682751717892146,0.9392084147081842
1.0,0.5926760563380282,0.6243980559495659,0.5500198793565343,0.453066503980753,0.435330933130029,0.9506618531889279,0.8537305513660102,0.5479846114305321,0.7040377258259768,0.4674733232147321,0.9054296226401294
1.0,0.5481690140845071,0.6208403027733447,0.5301708036711386,0.462932984728025,0.4199245089726148,0.8165680473372771,0.829195918427504,0.5454538705481912,0.6998913650455216,0.4681793652596238,0.8704731810435
1.0,0.5340845070422536,0.6196110318898769,0.5276133557391943,0.4990360962185122,0.4159118530312619,0.7317554240631169,0.8461058516622533,0.5431577586916084,0.7036678215055743,0.4672552146124303,0.8743352863297567
1.0,0.5478873239436619,0.6187644791335969,0.5361349329754971,0.4654183747450989,0.427181920287969,0.8106508875739632,0.8499820681997946,0.5399730993196817,0.7034273981805028,0.4682252637257798,0.8661795147498776
1.0,0.5219718309859154,0.6180201563486656,0.5474090674223158,0.487219977434286,0.4502845368034399,0.6508875739644955,0.878741728036001,0.5378197613190446,0.7041126970032261,0.4694944686934488,0.8792141200909934
1.0,0.476056338028169,0.618205748551812,0.5632509194046437,0.4818523545824026,0.4304661817020282,0.6035502958579877,0.8559167571444712,0.5351347188845751,0.6952602496360959,0.4690308891542137,0.8614030852954729
1.0,0.4557746478873235,0.6188937657156894,0.5817349521848001,0.4561705945204911,0.4890069339084661,0.4536489151873755,0.8746788242634451,0.5341358199551872,0.6972530988235062,0.4724702473691523,0.8593939128786222
1.0,0.448450704225352,0.6194650990933086,0.5978314897256033,0.4973335537245369,1.0,0.429980276134123,0.8384369365607298,0.5328235925220978,0.6996493974038079,0.4690643731974338,0.8392558721670305
1.0,0.43802816901408426,0.6196684185182769,0.609044888227116,0.482077838463505,0.4215539824870815,0.24654832347140004,0.8261204918717359,0.5322847279831157,0.7089182699056487,0.4709716022217855,0.8265337325150584
1.0,0.5056338028169013,0.620767369196128,0.6227601081655278,0.517055000829866,0.5219217448176316,0.4852071005917168,0.8286505951883818,0.5294882859429048,0.7026743998801088,0.4714963047122947,0.8243007801110787
1.0,0.5211267605633805,0.6208393398475969,0.6356576478525959,0.4856361309965857,0.4628224094892326,0.4033412887828179,0.9006971294381205,0.5268631048057729,0.6965833229282008,0.4807789072649502,0.8744284281864018
1.0,0.4999999999999998,0.6210840765642043,0.6520369559307704,0.5098420569286074,0.47962944879418395,0.3054892601431975,0.9056836437418018,0.5244004774871046,0.6894930344252231,0.481037549313603,0.8941223662542754
0.0,0.5909859154929578,0.6230203037090165,0.6794277184312617,0.5905194883171694,0.447532398545146,0.9394673123486684,0.8872703869829867,0.5239873459022558,0.6980410608150759,0.4817204265110345,0.8774015116328168
1.0,0.5264788732394364,0.6207035504643854,0.6795092821992719,0.5452418765499063,0.523389541703981,0.7481481481481463,0.944106824401004,0.5239506836661955,0.7100607016030093,0.49089627163621397,0.9813086742952049
0.0,0.5833802816901406,0.6196850836210017,0.6907788696582473,0.5674378532540857,0.4533355827484029,0.9135802469135784,0.922367587165744,0.5230443117827225,0.7185286825870841,0.4898404237816622,0.972265619502034
0.0,0.5583098591549296,0.6170234476628522,0.6970513563425619,0.5407241077785474,0.0,0.6123456790123449,0.9441903423745632,0.5215671779390866,0.7267844694158893,0.4899301697112429,0.9992821855339272
0.0,0.572112676056338,0.6162744267827986,0.7170663064665923,0.5632300111243237,0.4792518333116981,0.9162112932604722,0.931903374617414,0.5193985034786349,0.7342106640550623,0.4923421245016845,0.9898674040984188
0.0,0.5529577464788733,0.6137354133370547,0.7200020385691749,0.540666789766145,0.4611418736416926,0.8425357873210644,0.9333330058118684,0.5173031449794004,0.7397460148165832,0.4924527466852587,0.9945259873785716
0.0,0.5667605633802812,0.6108032978528184,0.7210051797222661,0.5582641619948671,0.466725898352721,0.7321063394683022,0.92000943261819,0.5153390999759823,0.7483995099178096,0.4910092137639255,0.9927246904007944
1.0,0.04391702485516763,0.8364252720311471,0.07627239303188144,0.3456277925577412,0.4633609856193367,0.23512383403023485,0.5311792246584358,0.9876416516802424,0.3621795260509752,0.5148829710661211,0.8304071745702466
1.0,0.00766211923005039,0.8404568816944871,0.0944716218480744,0.31506390117646915,1.0,0.13386308068459646,0.5503146662474392,0.9869499786981384,0.3734012125176319,0.512543642142056,0.8441504231124378
1.0,0.0,0.8447133717566946,0.12977594480872426,0.30227340994550395,0.4568285092159549,0.019123997532386687,0.5056325503932712,0.9871529967170954,0.3794693767671601,0.5132126448304439,0.7967542406112043
1.0,0.13791814614090808,0.8523437098972748,0.1425576717874985,0.31600968178943845,0.5244270077634514,0.006163328197226369,0.4443696603766172,0.98907596165884,0.3873330370821911,0.5125066462338401,0.7553474075666925
0.0,0.19360867127639708,0.8582380751621925,0.13942711782707068,0.3383018141197931,0.536015582042159,0.1330049261083747,0.4523529960844807,0.9914210967093784,0.3924143193425438,0.5129254659326258,0.8019024248327156
0.0,0.12838721734255282,0.8615247672062283,0.1087392214815034,0.3469784457050645,0.5182997790974525,0.07635467980295617,0.4652982819861557,0.9922003182759694,0.4032666755754648,0.5137651400301384,0.8346952199046259
0.0,0.24275836292281824,0.8657294325486586,0.10103414196039827,0.36350751639148426,0.5114342815261647,0.2380952380952384,0.4500587082225904,0.9924233138150031,0.4118320321707691,0.5127758354825722,0.8094539382976842
0.0,0.2190244814053452,0.8667700113883028,0.07552335827258387,0.3908203026990889,1.0,0.1863711001642044,0.4829353128730672,0.9919582176922468,0.4167895854843183,0.5149566290052425,0.8754822469863516
0.0,0.1751074565501775,0.8687571385339101,0.04438059573025949,0.3472591931282753,0.4530543636909571,0.029163144547759836,0.4838097951844516,0.9911112013477468,0.4144578965020765,0.5150564339747568,0.8669061563175934
0.0,0.2780788637637822,0.8743690838984468,0.052829259127662564,0.36939075232638063,0.4466819424130839,0.15083084789092424,0.452490555099755,0.988750172991494,0.404933441998414,0.5130030892648807,0.819282289993296
0.0,0.20687721921136265,0.8793422696595472,0.06411891836063249,0.3389637554648449,0.42021007283101935,0.1878994461014059,0.5130951269718839,0.9856792075852584,0.3896700366259367,0.5136055825052577,0.8716622183993827
0.0,0.16071762287422947,0.8848924024421021,0.0906377973069134,0.32195674840550764,0.4528695228197487,0.2049424797613976,0.5378704881871192,0.9824611923581102,0.3763916882470584,0.5154508427490749,0.8637185827946923
0.0,0.16071762287422947,0.8895171231939201,0.10218609328787942,0.3204579625918126,0.4056630060132271,0.15391156462585046,0.5695483642759236,0.97969458939292,0.3588682834100462,0.5139864191718035,0.901887245911178
0.0,0.1846383853485328,0.8939120626074051,0.11394889530485453,0.3299627547076581,1.0,0.20918367346938715,0.5868316719807025,0.977193783229672,0.3452527061900388,0.5115209181071798,0.9127654730131424
0.0,0.18931040926929585,0.8978908502364222,0.11758526192164805,0.33162930932432744,0.4323758310368661,0.13903061224489832,0.6078929397835411,0.9746587407276592,0.32993605369337065,0.50934756105238,0.9151435040540368
0.0,0.2040740048589051,0.9028752962508272,0.11884998940266055,0.34201189476322114,0.3516424490232602,0.027700831024931767,0.5998359117460662,0.9725064470425164,0.3221658506259182,0.5088450487599274,0.9034177871662216
1.0,0.2780788637637828,0.9114544694183342,0.1483865582013495,0.3372459530206129,0.4044751833106812,0.05193482688391088,0.6087084682312371,0.9708578865232956,0.3144224056694737,0.5094554826554583,0.9169712991891928
0.0,0.13773126518407774,0.9181305356542248,0.1511140272288405,0.3273841221429987,0.3084820362309547,0.030040733197556162,0.6253629347233342,0.9702160610409002,0.31476821409745226,0.5069432320140335,0.9282100256776756
0.0,0.34180527004298283,0.9279091972654004,0.19703572893593854,0.3838298737082141,0.5050799749873985,0.1214765100671142,0.5969127826714942,0.9693507330539624,0.3168613912744665,0.5084008223467535,0.9249212593445236
0.0,0.3670341992151001,0.933166212035366,0.21308325738456824,0.3962369288310588,0.5321354558348677,0.22731707317073016,0.5687082717183576,0.9690483998167128,0.32602733340460466,0.5066086913008683,0.8860189483537194
0.0,0.4079611287609793,0.9357798997042752,0.2267980166863344,0.416443564317926,0.5290237167757396,0.688707599828252,0.5657409272460192,0.9690940883700292,0.336038378724192,0.5063489951588641,0.8890673817625254
0.0,0.4862642496729589,0.9335918181282388,0.2050844652709103,0.4587703946348687,0.5256592688442457,0.5800330033003313,0.5337977587706151,0.9700380548412048,0.35215867733349804,0.5075721826914087,0.8864047459428004
0.0,0.4625303681554848,0.9293370594970856,0.1577987627052468,0.4463791322306656,0.4709304533211457,0.3283828382838282,0.5113314238831926,0.970740792172978,0.36445026697735294,0.5095618681094003,0.8842607232756113
0.0,0.5126144645860585,0.930854516299533,0.1621480235197159,0.4722617225536936,0.5038254090286665,0.21452145214521448,0.45327660661560604,0.970060217039902,0.3749874147659956,0.5057007176331587,0.8076957132195756
0.0,0.3730143898336759,0.9344202249430744,0.1815352076204707,0.4104370562000705,0.5091522132597954,0.4044173648134047,0.4128833843448017,0.9684221422996876,0.3777485466042,0.5029376121693906,0.7492884880529241
0.0,0.3502149131003551,0.9384694591773332,0.21547407812082855,0.4024041178622425,0.5054949983403282,0.5106675843083287,0.4532864322595544,0.9668619232443736,0.3846287879200714,0.5021764514155406,0.7851929620400468
0.0,0.3414315081293217,0.9397482271271976,0.2380192189440137,0.3977694964704041,0.5085640033757879,0.28370330265295124,0.4524266884140921,0.9645147687752814,0.3873269826594175,0.5021516106144432,0.7754721277053265
0.0,0.2885441973462902,0.9418281679812242,0.2688885982509069,0.3794514452841704,0.4535906494185525,0.28424472116946403,0.4271305680696046,0.9628605460350124,0.3882732201694742,0.5004669965841297,0.717760603109149
0.0,0.2435058867501406,0.9450666997282466,0.3090928774743824,0.4104033690770552,0.4124770414509959,0.24093123984840376,0.4209600636701728,0.9613112008853664,0.39119284977665736,0.5037060294739792,0.7146362750926548
1.0,0.17791067090263513,0.9481475317481999,0.3414986311676802,0.4286629539624617,0.5079664377518082,0.1014604150653352,0.43874447921630655,0.9619311675875594,0.3966739674851598,0.5013285643609326,0.7234969705402429
1.0,0.27901326854793496,0.9530401348884516,0.3713314059459685,0.4177667421409882,0.5544911454293415,0.3192713326941511,0.3797070975539063,0.9633993786810128,0.4084151771167557,0.5006057226116603,0.6911848413170246
0.0,0.3141468884320687,0.9546593785809389,0.36802683691097904,0.4315951080397997,0.5228951300569613,0.4568552253116009,0.4319107438503751,0.9653300910017903,0.4080867863527631,0.504275380062184,0.7922068887005578
0.0,0.3124649598205941,0.9549341125895872,0.34874999838324644,0.4302597734302336,0.5360616687876584,0.3998082454458292,0.4375899660523999,0.9643234699445472,0.402815381627606,0.5009851539342995,0.7940916047914793
0.0,0.3091011025976456,0.9551545162047788,0.3296261410759809,0.4289803375808937,0.5156171173706168,0.40076701821668304,0.443603260148662,0.962730388383318,0.3869161991400325,0.5015301084831307,0.7675980621576837
0.0,0.3059241263315268,0.9559569020547264,0.3269858456039585,0.4265296517681646,0.4474721147226289,0.3096836049856186,0.4484030872173288,0.9613664079880012,0.3770619899170157,0.5018177252033916,0.7894746828237855
1.0,0.26499719678564754,0.9585211400421012,0.3523584138542001,0.4548351576917383,0.5270363222222156,0.2329817833173543,0.4120531174311836,0.9613035843758531,0.3720499153218565,0.499273827058871,0.7411740895809354
1.0,0.1962250046720238,0.9630820313081436,0.40422854557881177,0.4734039550944006,0.5475454241273997,0.16011505273250248,0.3589504247134596,0.9615754470569025,0.37630658053835264,0.4990887999761262,0.6836017050988525
0.0,0.31769762661184864,0.9700372964269326,0.4673239668168698,0.5234307478464724,0.5231899660247589,0.4995206136145738,0.35075583766071045,0.9618387430049076,0.3885249483840766,0.4984410563459755,0.6917224281214819
0.0,0.1595963371332464,0.9719286310322456,0.4854825270536901,0.4829453263656287,0.5466060107813504,0.2367736339982657,0.4310510000049128,0.960952912408882,0.3875160275762154,0.5006741365747782,0.78372566629141
0.0,0.2569613156419359,0.9770549193182974,0.5093393378989446,0.4800872605785959,0.5247877567468842,0.3993115318416522,0.3879360743604733,0.959195334772932,0.3904611944737912,0.4976068870458527,0.703271057591358
0.0,0.34217903195664345,0.979143184066932,0.5165051213226574,0.4746623733177778,0.4948210054444993,0.5499139414802063,0.4166171290450947,0.9584117257232364,0.3915656023990453,0.4997635782440013,0.7464930366697448
1.0,0.2401420295271909,0.9791164574984476,0.5096843096636203,0.441580940473298,0.4874268389418381,0.3270223752151459,0.4432593626104773,0.9562938009423021,0.3875846382453305,0.5017454542195628,0.7880516589296331
1.0,0.2328536722108023,0.9823676070799251,0.5254307772730956,0.4326177916704396,1.0,0.2504302925989681,0.4178698986484827,0.9547959752442524,0.3774541518007805,0.5000831073054021,0.6948467561379766
1.0,0.19136609979443156,0.9874942507567804,0.5679685599284555,0.38244375696440985,0.5010982608959199,0.07573149741824521,0.3830527293182477,0.9532170298998658,0.36851322341166304,0.5010190817910601,0.6829882236867073
0.0,0.331153055503644,0.9960316935561182,0.6450676676813378,0.4668683047758127,0.5692296581453025,0.13795518207282906,0.3597708659831293,0.9529907812369104,0.3683145086830443,0.4992774808311167,0.6438772025247608
0.0,0.39843019996262397,0.9991974684347282,0.7132685406946369,0.4713119568911253,0.5205132596320631,0.3133664161244213,0.4663791028204515,0.9509140321037376,0.3464858100533881,0.5037960633249753,0.7612545378650849
0.0,0.4270229863576904,0.999344548222646,0.7633519768042666,0.5030727042066622,0.5178766726155376,0.18261547754677693,0.5441982028897221,0.9470343526872936,0.3177468128792437,0.5061223663419754,0.8290853434863454
0.0,0.5273780601756684,1.0,0.7879034386564887,0.5503976149161691,0.4149226459145735,0.2516682554814121,0.6046799542124988,0.9444074546103428,0.3001618919029612,0.5071631458824287,0.8599997470179741
0.0,0.5972715380302746,0.9992494135726586,0.786172403900667,0.5679276016557825,0.4679648010865358,0.4545454545454536,0.6414671651543363,0.9418736226241744,0.2984834553561692,0.5096290182918909,0.9396258395840976
0.0,0.6516538964679502,0.9976257647029979,0.7663322042684952,0.5680128257753232,0.444675444595124,0.6660244059087995,0.6668517162943568,0.9400609093420206,0.2980259127217736,0.5078923994323954,0.9493466739188179
0.0,0.6679125397122032,0.9963688327805356,0.7727678672952476,0.5796468477372518,0.4511815735989122,0.6198717948717943,0.6847638652118164,0.9364350814792431,0.28877520694555936,0.5055599611372485,0.9612368291232908
0.0,0.6451130629788824,0.9963527249392504,0.7959697338894431,0.5490530553761189,0.5308778070922846,0.6929770043505284,0.697645284427828,0.9351317517826676,0.2930966837163511,0.5066448251719465,0.9546592964569866
0.0,0.5933470379368345,0.9965952538270612,0.8224838219015456,0.5506258314822101,0.4664533304999624,0.6246115599751404,0.6878294661236356,0.9337452681902416,0.2965901801847713,0.5053140389756553,0.9959522875899663
0.0,0.5750327041674452,0.9970396169698847,0.8392739462939602,0.5319416094171606,0.514376631695365,0.6370416407706648,0.6603225758908171,0.9350167108339285,0.3139360947397508,0.5036208800367877,0.9997795650082829
0.0,0.5376565128013455,0.9964873656229458,0.8531665874041717,0.5534005528917225,0.4305800350332916,0.5295214418893728,0.5869102771322876,0.9354718102280264,0.32500500200086635,0.5013951488867169,0.9912634591795008
0.0,0.5787703233040555,0.9957320523250603,0.8621246761755702,0.5365907112718699,0.4493495396796872,0.5661901802361723,0.536509636500302,0.9373300988130708,0.34705579239372264,0.5013918885059963,0.9434510017718409
0.0,0.6841711829564567,0.9937025982932416,0.8666536612629214,0.5713747315626868,0.5124081171009803,0.7004350528278439,0.5326530712506568,0.9370246681956051,0.3565692909434077,0.5009365210650623,0.9655308709281716
0.0,0.7434124462717246,0.9909329098538672,0.8603328591445757,0.5594425788873176,0.0,0.7516110134739303,0.5155220610270743,0.9366922236420588,0.3654942787406419,0.499796427246016,0.9324246967425374
0.0,0.7740609231919267,0.9884125333109046,0.8651677678733587,0.5946556723863211,0.5179694782154852,0.9607427055702912,0.4989609381524839,0.9359763605487288,0.3734863103689071,0.498415714317061,0.9340261687338146
0.0,0.7449074939263689,0.9845522091511216,0.8808163058594907,0.6279102848858958,0.3964917308927667,0.9794961921499712,0.5186760927344278,0.9357428391031648,0.3866110019252715,0.4998391081544306,0.9707509881422924
0.0,0.7039805643804896,0.9806207830874144,0.9061081341563322,0.6382587810269029,0.426807612910266,0.9173989455184536,0.5149767377879527,0.9340188706907578,0.39553106561189255,0.4995213256266453,0.9729726046067869
0.0,0.7077181835170994,0.9771346066095251,0.908731565427348,0.6424133026160842,0.5459370327699664,0.940412979351033,0.5024490417540739,0.9321529911506172,0.3872077037111601,0.4987492390006775,0.9350415701240284
0.0,0.6718370398056432,0.9727285765419378,0.8993869971731248,0.6624849572843056,0.4956167073473003,0.9693537641572281,0.4930508133176781,0.9298013559256284,0.3739888721154549,0.5017541759005794,0.9271091726863842
1.0,0.6378247056624926,0.9677021257024484,0.872615379212317,0.6427583303421485,0.4006910605600121,0.8570465273095073,0.4816628919817834,0.9279504971339428,0.3645651399549629,0.5010143511587705,0.896558538912362
0.0,0.7409829938329286,0.9624800993620044,0.8572129662453875,0.6759139541112099,0.0,0.9710047201618356,0.4685309188450938,0.9261869453189668,0.36740090468244346,0.5000941059445545,0.8739948207714321
0.0,0.7906933283498409,0.9537596472080752,0.7936879697712425,0.7002078095936559,0.4017184418708936,0.9692223138224786,0.4772413522051203,0.9260399855803804,0.3757866225939719,0.5007457102499254,0.8898528008722911
1.0,0.8430199962623808,0.9440996064349968,0.7193892562529296,0.7247744822103235,0.5340894858324545,0.950600758517385,0.4554087713523525,0.9254973054089398,0.3817339675961916,0.4989215272272374,0.8972127572577342
1.0,0.8884320687721916,0.9378495039319688,0.6799551394782433,0.7435340581207036,0.5720641307126985,0.8786859291509994,0.4562390382659701,0.924363090670345,0.3862672060490453,0.4990391361698044,0.8832288401253916
1.0,0.7430386843580639,0.9342915513300518,0.6793663144122288,0.6658161245582969,0.5665915813241982,0.8016797098682957,0.4767107674319208,0.9215762221590416,0.3818780150436272,0.4968995783637091,0.8957339512062151
1.0,0.6905251354886937,0.9332191346263484,0.6919514723872724,0.681764612121685,0.5609002746200372,0.7302920404657377,0.4399088180241612,0.91755547719035,0.3691193338551194,0.494294936807014,0.8237767479896415
1.0,0.6867875163520833,0.9316763610495866,0.6871377215481893,0.6808339234083565,0.6226654079353934,0.6692116816186298,0.4668949491277285,0.9146545019112768,0.3599232351567643,0.4965109093646173,0.8063172958975059
1.0,0.7232293029340309,0.9306272738391425,0.6720199268625897,0.7079110306963162,0.6262450749255433,0.7535789272761982,0.4341264265606808,0.9119164689769054,0.3511248794963626,0.4977064140426675,0.7724955703966201
1.0,0.7553728275088768,0.9284371066239006,0.6976922115031545,0.6922384416171171,0.5326912927952691,0.8173315518228671,0.4052095564213037,0.9114361780229088,0.35274846280466376,0.4955580909391003,0.7157012402889464
1.0,0.7792935899831807,0.9256978396571756,0.7227025334674175,0.6706592020701561,0.0,0.8623783164726097,0.4318026617669458,0.9107393515047414,0.3553603632656702,0.4976111889231361,0.7698855117895598
1.0,0.7271538030274716,0.9212119218909252,0.7468077206944059,0.6178391015091518,0.5379407410347181,0.8726856270280595,0.4356051859748761,0.9102988049869072,0.3592588724181224,0.4942056180849842,0.7705601744582253
1.0,0.7368716127826572,0.9159573676486928,0.7372416893422407,0.6233154061464199,0.4829365658482849,0.9703196347031962,0.4463151378783485,0.908903113079778,0.3612660757289139,0.495055708665746,0.7862545999727406
1.0,0.6980003737619138,0.9104934006864274,0.7234082609319337,0.6062512997264933,0.5091594230680435,0.8114155251141555,0.42813278375231534,0.9074406262830316,0.35586270321800817,0.493732891900545,0.7458566171459724
1.0,0.6282937768641373,0.9077234870240958,0.7321527547477149,0.6100508535461147,0.5091081915391031,0.6931506849315071,0.41698067787117626,0.9057930563054508,0.3534458735130903,0.4928933601922876,0.7262709554313753
1.0,0.6344608484395435,0.9059946476082874,0.7295092963380108,0.6141884099579191,0.4962990218652478,0.7780821917808214,0.3672678323155599,0.9055891792337708,0.3606139574011201,0.4889760012919554,0.6456930625596289
1.0,0.6927677069706598,0.9019411962558675,0.7059652971530995,0.5981961332490239,0.5104053319248724,0.7858447488584477,0.34912969358729345,0.9063606378840322,0.37549479970289423,0.4874189107602656,0.652139839171323
0.0,0.7630349467389272,0.8962009104596607,0.660764292565649,0.5915825020676811,0.4669118327977741,0.8374429223744292,0.3698224997420768,0.9066304708019668,0.3883580718522817,0.4890780969859064,0.6974717186861114
1.0,0.8026537095869929,0.8914653025764208,0.6415308839279558,0.5582398784843579,0.0,0.8410958904109594,0.3828709549052072,0.9064287662884244,0.3960462277605389,0.4901725350199325,0.6871064467766117
1.0,0.711082040740049,0.8864590909308716,0.6237984328457731,0.4780786807770271,0.4689771303330494,0.8834447572132311,0.3947894610143015,0.9053514404157508,0.3998284357510196,0.4910812658404163,0.7261823633637726
1.0,0.7277144458979632,0.8813978193153094,0.6111632083065174,0.485304507361092,0.517366452819067,0.8896080865401663,0.4044235049054528,0.9060787799640077,0.4133184878613197,0.4918691358917499,0.7250715551315251
1.0,0.6669781349280505,0.874097684855587,0.5721894446330841,0.459542648266939,0.5047432114415233,0.9783080260303678,0.3364202231403741,0.9049158173175316,0.4130649161615235,0.4900435248345068,0.6704988414883466
1.0,0.6116613717062231,0.8699122848705314,0.5575151345266993,0.4859316206054423,0.4748764513433276,0.9701927844372512,0.3372357515880697,0.9034348682909399,0.40675962231656415,0.4901602220311472,0.6293716777974646
1.0,0.42496729583255466,0.8672303410534081,0.5612398758916995,0.4208173474165509,0.5423884346841931,0.5866300662037779,0.3398493728782748,0.9005173007551112,0.3877162440934221,0.4904190912082492,0.5978601608286764
1.0,0.3356381984675767,0.8679188532408502,0.5792790069434514,0.3516366989274609,0.4764124933891024,0.18617794283868985,0.34695331345278024,0.8983390407237725,0.3726386234005065,0.4910216439569127,0.5922516014719909
1.0,0.4780414875724164,0.8706116911887041,0.6061826494594019,0.4035062359832705,0.4783604094985791,0.6423381236880342,0.2880338395177576,0.8957194725996119,0.3595310076933221,0.485997611681476,0.4893757666621237
1.0,0.50569986918333,0.8706705765815057,0.614666274995434,0.3745342915934324,0.4868011589955568,0.7182302599709341,0.35776643461770874,0.8937169562977799,0.3508677961665204,0.4883419647744216,0.5352119394848028
1.0,0.4232853672210806,0.8706144501740419,0.6472520958562713,0.3629212519810575,0.472882564384014,0.6051994186985316,0.39991353433325627,0.8926098722607155,0.34684411592682873,0.4882717955050132,0.5830039525691697
1.0,0.4277705101850122,0.8724938474405914,0.6959823419434651,0.3659889200687621,0.4891075689918704,0.6261908606491202,0.3748434037995766,0.8918551246853271,0.3439907260814954,0.4898046215588602,0.5665121984462314
1.0,0.38217155671837,0.8703837347969947,0.7015418644265616,0.3847517116675865,0.4838528802299482,0.5513737836290776,0.40884995750408987,0.892050932982858,0.3437175060483174,0.4890434472504544,0.5830039525691697
1.0,0.5798916090450381,0.8685874293718063,0.6877387605343557,0.5153660932974221,0.6232257362900251,0.4678887795275587,0.4045905408525709,0.891926214419753,0.3427521084554899,0.4886106842799303,0.5960610603789012
1.0,0.6337133246122216,0.8652650738444567,0.6606761597326273,0.5526045742246972,0.5400337940869969,0.6561269685039367,0.4020800888238212,0.8909334954581068,0.3382157670740238,0.4883593711304875,0.6032233883058469
1.0,0.5952158475051393,0.8622825470645872,0.6441156305489416,0.5325917536080128,0.502496792565437,0.5250984251968505,0.4832251693695376,0.8895453175368554,0.3332464962924723,0.4916168436641348,0.6569578846940167
1.0,0.6111007288357317,0.8602853807491821,0.6300994583639389,0.541975179000346,0.5683606245044145,0.4389763779527556,0.4999484153692722,0.8883536832734008,0.33231799897769176,0.4929977140936515,0.6864794875289626
0.0,0.6396935152307981,0.8588012201985751,0.6235348715244005,0.511629485981106,0.6193169355182657,0.5346938775510212,0.4411075465858345,0.8893645003090763,0.3435061935299686,0.4917603536412383,0.6324860297124166
0.0,0.6748271351149318,0.8578023980317158,0.625509304812085,0.4860098931820317,0.559675967258369,0.6532593619972267,0.4898820431444025,0.8914295082385079,0.3614352991774944,0.4957421028872048,0.7220253509608829
1.0,0.5729770136423096,0.8557878674515791,0.6407436081468669,0.4693359385258802,0.5542941832894549,0.4946725585696005,0.5025915135913219,0.8942960785249082,0.3834847735356708,0.4966009290630462,0.7729317159602013
1.0,0.5191552980751261,0.8559087740639975,0.6568992993405204,0.4860948610693891,0.5717073279041378,0.3532883914459889,0.4467916816098335,0.8966973874118301,0.4068567695459243,0.4953938353540792,0.7651219844623138
1.0,0.4707531302560272,0.8569746159170522,0.6777644682613945,0.5013465659235845,0.5779594316065529,0.24362158500790276,0.4109329940210957,0.8965438401631062,0.4069541651642597,0.4962025600480349,0.7290786424969333
1.0,0.5735376565128011,0.8592951201569929,0.7041114811981841,0.5403049225765403,0.5857531025088644,0.5355288197916322,0.40951318847058976,0.8940435126043457,0.39444065881291934,0.4962746411609034,0.6697969197219574
1.0,0.5669968230237337,0.8581393408472844,0.7124752852752189,0.535711383740965,0.5633571699193011,0.4866088228020937,0.5181012925634612,0.8919397844212121,0.3807171752540132,0.5015629693907931,0.8031688701103988
1.0,0.5552233227434124,0.8576595739447912,0.730817276578265,0.5761323042718945,0.5396440796832965,0.45542904450107,0.5048661501653164,0.8896648144313529,0.37497712822563145,0.5003373698253408,0.8038639771023577
1.0,0.5417678938516164,0.8575170358174986,0.7530266957413367,0.5624538737979909,0.5352990525511019,0.4570417916545713,0.5479515988779113,0.8880566927503578,0.3748029323347437,0.5002594016372464,0.8229112716369085
0.0,0.6254905625116798,0.8565081304886695,0.7675769995446724,0.6031224357340045,0.6040542439063779,0.6693868335322385,0.5546772521604135,0.8836237221187632,0.3567433626637009,0.5007744815840817,0.8379378492571894
0.0,0.6802466828630159,0.8531713047449669,0.7690292938748848,0.6400884509542436,0.5476419693489649,0.6597103506112305,0.6672545676962303,0.8797216716046318,0.34474248278668784,0.5064833377915228,0.9201921766389528
1.0,0.6068024668286298,0.8491832966865407,0.7561379246458949,0.6199151226057201,0.603982108116353,0.5622362869198309,0.7110622012390136,0.8773377306278106,0.3425806748666941,0.5064066789933458,0.9612034891645084
0.0,0.6193234909362736,0.8469342154258352,0.7606853156446085,0.6285638588655693,0.6139714955658987,0.5337552742616034,0.6431227861595981,0.877247404222797,0.3549358913434193,0.5039626807944729,0.9405002044432328
0.0,0.6927677069706593,0.8429094486952486,0.7288340693073959,0.6601151802116569,0.4889268518366473,0.6925105485232063,0.6293423205223312,0.8766975589510021,0.3623514243119814,0.5064800147900976,0.9341420198991413
0.0,0.7753690898897401,0.8367850654432563,0.6972067344322619,0.6604429844141143,0.4964734392579752,0.7255550307038259,0.6802637202835677,0.873022022205694,0.3492957760794213,0.506964638676507,0.96579721219647
0.0,0.8297514483274158,0.8298014625871337,0.6531149567519968,0.6861406826829584,0.6045061030868288,0.8446866485013629,0.6935086883256611,0.8711559048070182,0.3464067801342846,0.5082500835766249,0.9491768269801526
1.0,0.6462343487198654,0.8226597961214832,0.6303404079188222,0.5734151312663374,0.5409585907471284,0.8267581475128661,0.6355865172513743,0.8690790634239348,0.34214538878439915,0.5027965071434312,0.9503162376251136
1.0,0.5974584189871055,0.8213486732531328,0.6309875493640377,0.4840860129244246,0.5654485039555177,0.8565861262665645,0.6726046308259926,0.8691438451284822,0.3472105395906557,0.5021298460171558,0.952861148826134
1.0,0.6279200149504761,0.8203774223035996,0.6341090403376156,0.5099842173042739,0.5649495659583343,0.8511301636788776,0.6611577556264089,0.8695624672711685,0.3601487758770009,0.5008393620194007,0.9746873443544588
1.0,0.5783965613903944,0.8194137959638332,0.6484878342973764,0.5167798614566964,0.5313154601231553,0.6757599376461417,0.5877700209777498,0.8683161195520642,0.3617194359805965,0.4981327674460186,0.993018928636383
1.0,0.5017753690898901,0.8192789387465316,0.6639926117741193,0.4765333721925524,0.5771173523444378,0.6453624318004685,0.6339014193142679,0.86873503670035,0.3761015385639472,0.5021791785519819,0.9606444107589802
1.0,0.5612035133619887,0.8197136909028395,0.6900490929074268,0.5275336103531036,0.610361357671333,0.6180826188620434,0.5665908454475332,0.8688481991934284,0.3842011051872184,0.5000526123234235,0.9596855501110444
1.0,0.5995141095122407,0.8186550054399158,0.6896458388449269,0.5691790623942933,0.4648633866069925,0.8129384255650833,0.511483721364389,0.8720083331584382,0.4085524655340299,0.4954587276919483,0.9649874854584553
1.0,0.6301625864324427,0.8172057838087365,0.6957122373026063,0.5434608771445972,0.4300902034174297,0.8324240062353874,0.5059224068897418,0.8721761381976602,0.4160770562973791,0.49878581052762105,0.9995068307619832
1.0,0.6271724911231543,0.8151422080111066,0.6983589845721274,0.5391418824461917,0.4271561159164701,0.9258037922506176,0.4845074159047696,0.8716952449691046,0.4211351961042942,0.4973419330315912,0.9859175256165831
1.0,0.6294150626051204,0.8127121660014915,0.6991145093536473,0.540777464953387,0.6127249268515034,0.921552436003304,0.4503240006091901,0.8712841350371344,0.4297158391478765,0.4945526599488297,1.0
1.0,0.6367034199215101,0.8098738675921326,0.7079943893680121,0.5462419484687007,0.0,0.8892617449664434,0.42957224059071797,0.8710784246795863,0.4414582073458878,0.4930978391639168,0.9817780360255668
1.0,0.6372640627920017,0.8067048994766777,0.7011319676839182,0.5468942704561074,0.553465648350819,0.8964721925268742,0.4334877597040516,0.8693101916751459,0.4441854519571122,0.4896812689329903,0.9950352777190468
0.0,0.6780041113810505,0.8031313188903442,0.6931474856259223,0.5293723781182617,0.4910469151607891,0.9913043478260876,0.4180614987054712,0.8687743030438005,0.4516535946819288,0.4885814023727938,0.9765462455078492
0.0,0.6931414688843209,0.7985687464530855,0.6615058690307841,0.539542304545618,0.4599710680290057,0.9696202531645582,0.4020948272897432,0.8677820368724097,0.4561024907740915,0.4872754021718458,0.9972653048357604
1.0,0.6395066342739671,0.7940365595220675,0.6387212984766923,0.5048701708488278,0.0,0.7823042647994899,0.41005851170971136,0.8649820180052606,0.4479710412668296,0.4879023393225425,0.984671521341656
0.0,0.6901513735750325,0.7917964595079781,0.6337604064031445,0.5110913081855976,0.4314875116713058,0.9070655633354546,0.4357820475659424,0.86068824290037,0.4324404446244202,0.4899425499386785,0.95663892566673
1.0,0.6479162773313399,0.7877556539344372,0.6281905405331559,0.52105180776713,0.43747882906523067,0.9673590504451038,0.4559098791937079,0.8563138393484516,0.4140051797224517,0.4877535988827285,0.9747178614210958
1.0,0.6488506821154927,0.7854477669629332,0.6438812704137701,0.5223822079711359,0.5725328842972326,0.9869706840390884,0.4371379864307858,0.8525823449404429,0.4018668290520983,0.486498133704486,0.9896087706415752
1.0,0.4978508689964493,0.7823160313540591,0.6510842334276634,0.4223381515853054,0.5626664485048248,0.6481947942905123,0.4542100427906791,0.8484110546893927,0.386643844622394,0.4878674826806054,0.9759985655492746
1.0,0.534105774621566,0.782306031479927,0.6837959139963785,0.4550376009173493,0.5564466708523683,0.6045340050377825,0.42955258930282136,0.8437887470625999,0.3711734134496004,0.4861697371865194,0.8890862207346433
1.0,0.5206503457297702,0.7814567337814611,0.6960554233303681,0.4435662752841322,0.43565415975647226,0.5323257766582709,0.4285700249080073,0.8416193478706254,0.3677803058656063,0.486250583758633,0.83327925681791
1.0,0.5656886563259204,0.7817745110754264,0.7185733488691679,0.4949980478875589,0.5778944642350373,0.7665827036104111,0.3975455541417546,0.8411592677477139,0.3746906492889596,0.4873841006814388,0.8290271350262131
1.0,0.5376565128013455,0.7805605517183285,0.7288742485737768,0.4691737238892644,0.460799163542556,0.6238455079764911,0.4135220512014305,0.8427683105013591,0.389389588842974,0.4885821016650253,0.8788486825253162
1.0,0.5318632031396,0.7794009700908551,0.741689431053015,0.4615850723449325,0.0,0.6574307304785882,0.3796874462660096,0.8418683794876629,0.3876805970190113,0.4896142833313773,0.8537116412507045
1.0,0.6533358250794242,0.7780458741312728,0.7552169121367969,0.5591475068611266,0.4589852362735165,0.968933669185558,0.4222079204515866,0.8388694683904846,0.3763443078850925,0.4892545975217111,0.8769873119418026
1.0,0.5871799663614278,0.7736251263578826,0.735393642497167,0.552713889705377,0.6327050883513795,0.8352450469238778,0.5268903310750728,0.8351814939617758,0.3605171944584712,0.493728634292148,0.9858262606943424
1.0,0.6017566809942068,0.7718639650135957,0.7372696855128608,0.5222966651131895,0.6770828661965829,0.8821689259645469,0.4580027413546614,0.8328045172576625,0.359429900910524,0.4922939745739936,0.9382820008237608
1.0,0.5810128947860211,0.7695249882985673,0.7404266908640559,0.5008697941259102,0.6958592498331018,0.7372262773722618,0.4540086170897427,0.8317296683705023,0.3659584792029905,0.4918832794208289,0.9585556725092677
0.0,0.599700990469071,0.7677160643717564,0.7547968284803037,0.4781802013681389,0.6987867490029761,0.8112617309697598,0.4568138384369364,0.8304642758352537,0.3736044803295616,0.4922128413409267,0.9264289963846049
0.0,0.6116613717062231,0.7653465974403506,0.7753367537875552,0.4911630531398817,0.5775099395009188,0.888762769580024,0.4576932335702954,0.8271795349152871,0.3683357951451155,0.4922689435326801,0.9321953228685188
0.0,0.5937207998504952,0.7618342332882155,0.7748553866795179,0.5291351038377379,0.5331025224736645,0.7850779510022262,0.4629597787264982,0.8229760817689175,0.35202045829376283,0.4929063601376166,0.872234680334996
1.0,0.6643618015324237,0.7596696051718259,0.7864218248708978,0.5429875107241855,0.5025227615087741,0.8832474882061031,0.5080545716264878,0.8186378740979242,0.3374704218898886,0.4929281193953516,0.8776165850533156
1.0,0.5897962997570545,0.7569506152386105,0.7881772755456795,0.4832310199609826,0.47423928573149504,0.7706251771922432,0.5061434838785747,0.8142979181921043,0.3176686869847967,0.49282963971108,0.8639970710722619
1.0,0.5655017753690894,0.7564477116904476,0.8108646989064023,0.4600149564423286,0.4804879641556784,0.6555039132638586,0.5324074301519532,0.8100005040494699,0.3006748325693719,0.4951208131984407,0.8460299299803211
1.0,0.5453186320313964,0.7559188189175685,0.8482142259508486,0.4844589173649821,0.4732019109787746,0.6348851794259407,0.5293762189939525,0.8092091718486106,0.2990054933802868,0.4952929053417315,0.7620337741979775
1.0,0.5333582507942441,0.7554197868193141,0.8865439508932882,0.4718878205267299,0.4707873532589888,0.5704516361824421,0.4490122771421129,0.8115082426393202,0.3175614059716733,0.488136835360738,0.7633060271841103
1.0,0.5621379181461409,0.7543280999436859,0.9443034388846492,0.4585367822502387,0.4747892487974327,0.6606585967233387,0.4340183444772512,0.8134435154382093,0.33348110954720755,0.4867376130839844,0.7996613427303098
1.0,0.5957764903756304,0.7521651974270378,0.9607211507001968,0.4929445522929026,0.0,0.5773245474617473,0.5102407774049492,0.8151422768397353,0.3518603225130448,0.4891976398355828,0.8435586472015011
1.0,0.6879088020930665,0.7501513673593431,0.9702543076757312,0.6010890296557497,0.4910477962436559,0.9765484064942882,0.4357967860318642,0.8173869272394364,0.3745465492438905,0.4829128014551648,0.8496819367534663
1.0,0.6609979443094747,0.745238951840397,0.9423328093875214,0.5795131870833419,0.4700856092047821,0.8298039215686263,0.3903384443057937,0.8223496950428019,0.4117809321282081,0.479232881549156,0.8641984348542402
1.0,0.7301438983367596,0.7423651296767872,0.9440949682351673,0.6367015215414127,0.5024964456089079,0.8501945525291831,0.3627971643191569,0.8236403688575223,0.4279266821214307,0.4808512265819585,0.8386160816438609
1.0,0.7045412072509811,0.7392626061914138,0.9535691521026316,0.5694396558994176,0.5699201708968644,0.8827460510328065,0.3787147075151439,0.8240053826329853,0.43889280524874,0.4783485420616788,0.8436867877900327
1.0,0.7045412072509811,0.7361900604474962,0.9830097048148064,0.5696298973865657,0.5652779993022479,0.8705953827460514,0.3671106220123903,0.8243392184993831,0.4454508775342063,0.4773980763310982,0.8739645782801704
0.0,0.7641562324799103,0.7323326369469629,1.0,0.5711082926198334,0.4812922239402095,0.9914304548450892,0.3606699124043841,0.8232504453674431,0.4429074326787089,0.4768814540264836,0.8879044437325522
1.0,0.7193048028405904,0.7275227227390948,0.9924006735918448,0.5419868338074619,0.5027748844005142,0.9499148211243604,0.3934924760131464,0.8217145670854676,0.4314417969872753,0.479408320606241,0.8627705825820327
1.0,0.7198654457110819,0.7251795488040598,0.9740026026228248,0.4709530940359641,0.48824699457481197,0.9523809523809509,0.34620656451272186,0.8208673169839732,0.4294653184751066,0.479574924217506,0.8079172577914058
1.0,0.6880956830498973,0.7223753861491324,0.9586125618624968,0.4775625101500837,0.4746359094378036,0.9402786994027869,0.3307360881163747,0.8214456684281203,0.4364926705737455,0.4783689235563176,0.8350006864674381
1.0,0.7019248738553544,0.7191067726775324,0.9522235953265415,0.488302583649325,0.460784103993804,0.9216987392169872,0.3376729927437621,0.8206673981109266,0.440472271164826,0.4789002839317435,0.8181227403780147
1.0,0.7299570173799292,0.7149119747431296,0.9363580346284164,0.5087777963359943,0.4087101915529263,0.9544615384615398,0.3524802381736092,0.8184452406776659,0.43407531377556696,0.4762980226996654,0.819651274541211
1.0,0.7364978508689966,0.7097410124333827,0.8992763480309759,0.5141279256499325,0.5289361973082154,0.9203761755485886,0.3528044844238977,0.8166811374360526,0.4305453720824126,0.4763358674767772,0.8075145302274493
1.0,0.8011586619323487,0.705424092670746,0.867535530471254,0.4838844404747551,0.5292562309652412,0.9285714285714276,0.3529911716589124,0.8138219163003707,0.4228014373964904,0.4763579473503994,0.8003386572696898
1.0,0.7135114931788449,0.7007335174961342,0.8458329537703084,0.4787694554798619,0.5189917776664204,0.7488744372186089,0.3974669489901692,0.8115764950597172,0.4150387557121191,0.4760283381592553,0.8050249416502673
1.0,0.7645299943935714,0.6985625222098089,0.8479516841651067,0.5103870237134217,0.5372376963672337,0.8769384692346169,0.3485450677723793,0.8088242380143714,0.4058793838018343,0.4760882746847229,0.7287721385748938
1.0,0.8034012334143155,0.6946009865973708,0.8538876155278219,0.5360893127236497,0.0,0.945553198280232,0.3625220462886087,0.8076939794709582,0.4018583556989249,0.4771626351700967,0.7266029014690405
1.0,0.7951784713137731,0.6885827563370313,0.8200522844654661,0.5095112509486858,0.5173143119682116,0.9849801926290286,0.3655434318026619,0.8067034942462276,0.4058917946505435,0.4774090740312862,0.7164614891766969
1.0,0.8962810689590728,0.6815930311567651,0.7996484333221392,0.5672770755816718,0.5285828367625192,0.98312813497492,0.3916649062387926,0.8066808723206421,0.40992661361434135,0.4793585456799765,0.7869296599697955
1.0,0.9325359745841896,0.6714884623428979,0.7144091407055304,0.5856441200312131,0.5360567683843922,0.983878136490362,0.3547155721718112,0.8062277262756766,0.4128726905830923,0.4802845967290337,0.7335133403505565
1.0,1.0,0.6638636330878149,0.6827310367919021,0.6197551667983927,0.5333032186585726,0.9857997010463381,0.3564350598627357,0.8048805051282998,0.4073175059906176,0.4804437704361034,0.7123243787469681
1.0,0.8800224257148199,0.6576346002829017,0.6421353744282966,0.5042257795191817,0.6203506043146731,0.9675110508464824,0.35020068877764066,0.8027264383881053,0.4065351617604696,0.48000482737615,0.6722529861333578
1.0,0.8510558774060923,0.6534535006743127,0.6460596492402138,0.5466682006761637,0.4455814199675714,0.9784499054820418,0.3404634756250336,0.8002681271862474,0.4058004956536421,0.4792821696660241,0.6294448766646833
1.0,0.805643804896281,0.6482997269712145,0.6426927133198114,0.5290573659965265,0.0,0.8744296766514583,0.3444772511778489,0.7970790583291737,0.4031164110327419,0.4796408146183354,0.592650221957805
1.0,0.8162960194356192,0.6442850273937555,0.6332676441732401,0.5381429706760449,0.4887949370323914,0.9438603451696096,0.32485544021341284,0.7951824417575138,0.4032293787751856,0.4781208881475724,0.4874467987735114
1.0,0.8499345916651093,0.6374266844312434,0.6094396140811953,0.5541363320475964,0.5456086465323404,0.9498394863563404,0.3330795041980064,0.7946009269404705,0.3964820985578917,0.478766355927384,0.5328909432062605
1.0,0.9254344982246308,0.6305024681168886,0.5710687229415852,0.5900105569516563,0.5246361976037575,0.9263757115749528,0.3568428240865837,0.7951394054038771,0.39084068180916864,0.4806947167721231,0.5779598187725964
1.0,0.8639506634273967,0.6259230245723635,0.5710263349380664,0.5800604045889293,0.6353903954941975,0.9125703564727959,0.31580602213717585,0.7953751226471767,0.3809663984573809,0.4773929424570876,0.4914100041188048
1.0,0.7779854232853668,0.6239428303046883,0.5844355500442625,0.5589050756009836,0.0,0.9118198874296436,0.24562636023758394,0.7960552436733322,0.3842373172448119,0.4751895300488125,0.3841563315180083
1.0,0.7533171369837409,0.6211463288694821,0.566377513330963,0.5398491059217968,0.5714498713134715,0.9632270168855538,0.24321907747028956,0.7977717371418577,0.3956322133102009,0.4749925607570071,0.38701203606242257
1.0,0.7282750887684541,0.6158968164802319,0.5186423355105976,0.579473831383187,0.3711181070263533,0.9685658153241644,0.28024701668885604,0.798935055330784,0.4029552629788888,0.4781037834808141,0.4755663356368128
1.0,0.6935152307979816,0.6106697394745356,0.4871313165894944,0.6146117262206171,0.5087173791279167,0.9690546841882146,0.2404678971648103,0.7999421942582979,0.4110124787838095,0.4747046865030202,0.3994508260491511
1.0,0.6234348719865446,0.6069222453358363,0.4853820574145185,0.6254070163370014,0.3773090730332889,0.9584438549955792,0.2181636854025321,0.7998852837797391,0.4138499831591146,0.4764969666809279,0.3719555169099813
1.0,0.4911231545505511,0.6038113631021823,0.4879409342317671,0.61279971615579,0.0,0.9074166251866592,0.2463583707117205,0.7990353550526285,0.4127668426187021,0.475184147064797,0.3822159168916756
1.0,0.4931788450756868,0.6015566509290023,0.4517636473340478,0.6137211901329127,0.4281431488635533,0.9242643511818625,0.2494927511311773,0.7979343082672145,0.412778627470704,0.4754100911321942,0.34431376138391856
1.0,0.5217716314707532,0.5978659797102912,0.4071194415486028,0.6261365605034203,0.5005987638659617,0.9160636758321268,0.27313325047040243,0.7976451194547746,0.4164245843026765,0.477460781309844,0.3931902430094731
1.0,0.4526256774434682,0.5926363786667428,0.3448156256253397,0.6453944325811652,0.5165171664614137,0.7953795379537951,0.27644449248092584,0.798487953280186,0.4315732807494129,0.4777409882004089,0.3891538144707336
1.0,0.5335451317510745,0.5899379827097492,0.33642166771516346,0.6309686536157745,0.4756815627238298,0.8557284299858555,0.25492633223449884,0.7987585342109488,0.4379091387181415,0.4795893574385321,0.3653745823989748
1.0,0.365912913474117,0.5842526322655971,0.2868676773187503,0.6054159056833022,0.44841953879016544,0.5954738330975958,0.23238630501746504,0.7992806273460765,0.4479273288371477,0.4775539142083596,0.3010937714521074
1.0,0.3924500093440477,0.5844841343927878,0.2732286552062775,0.6179390263602352,0.5981603709818275,0.4809052333804809,0.2251398926057116,0.7990167007026484,0.4440059819823709,0.4768987293088609,0.2845270239348314
1.0,0.1663240515791441,0.5839634490265686,0.3107534590071165,0.5588514459312507,0.4145345760452509,0.17363636363636334,0.21472471002068305,0.7989451226005572,0.44267699936051785,0.4758860395891034,0.2347260994920143
1.0,0.3229302934031021,0.589391832988046,0.3974495383387667,0.5801230779208933,0.4558896354615413,0.4086363636363627,0.1445204840112209,0.7990479403335337,0.4381246187287471,0.4690183197527474,0.08755663356368157
1.0,0.3216221267052887,0.5897693580035471,0.4816055125542214,0.579806550231607,0.4007369728671691,0.4327272727272719,0.2349016698681891,0.801727582356277,0.4592127760905325,0.4736030617679782,0.2530685094503686
1.0,0.3104092692954589,0.5894739959599039,0.48990115218829106,0.572350867836825,0.35574604717652764,0.368636363636363,0.18915838446762206,0.8046997622492209,0.4825920182247442,0.47320450293411104,0.232364651503364
1.0,0.4268361054008595,0.5907939394265296,0.5081114031049273,0.5819770579479069,0.6636442870490924,0.4222727272727269,0.1655915774580076,0.8073771943133393,0.5018072436467715,0.4747681368848061,0.21237471969246274
1.0,0.3361988413380677,0.5904085199364375,0.5085610463561496,0.5913748764702143,1.0,0.33136363636363597,0.17742656559354258,0.8116731504607012,0.5179151684793136,0.4721271944076815,0.2126767653654296
1.0,0.2763969351523077,0.5928748684497771,0.5282442819246596,0.5509327661694885,0.6285908999440883,0.03499999999999917,0.08775282610084051,0.8151962097138078,0.5280261130908325,0.4681592658787941,0.18075145302274492
1.0,0.34815922257521986,0.5982180343313447,0.5451425755349979,0.5346748156780545,0.19818696357054424,0.0293884034948375,0.0,0.8201376421889496,0.5478149204580843,0.4589856544876641,0.0013327328376182429
1.0,0.4748645113062981,0.6038235844944424,0.5579319732804533,0.5535883618726729,0.5925679775636614,0.1569589209074189,0.02110057037863133,0.8223139521149451,0.5538848319669357,0.4612184974223598,0.01263186845569036
0.0,0.4875724163707722,0.6089512048759784,0.5777287004966203,0.5607983269133525,0.5787636235527931,0.3014457420402085,0.07319613459167068,0.8246421373972689,0.5645717591672643,0.4623483356610841,0.0489676914200937
0.0,0.37114558026537103,0.6134346525383437,0.6191327786877753,0.5026697231484518,0.5555510555835034,0.3216570768093883,0.09306849947678447,0.8253015807484262,0.5666736962204825,0.4642329222883833,0.025418826618016668
0.0,0.3739487946178286,0.6167158438473901,0.6440012805097044,0.4540512744968754,0.5390697015658406,0.3260783062901461,0.1657193108293333,0.8260509755876743,0.5687644187390577,0.4671727428980582,0.12675894681266214
0.0,0.5034572977013639,0.6187474432154596,0.6440451396652591,0.46850996163929204,0.6018015549327614,0.4884005886551242,0.1573675134734141,0.8263129183875674,0.5739383393319314,0.4663276438441274,0.09299175906158892
0.0,0.5470005606428704,0.6192226216779811,0.6501345771162043,0.4905130762681949,0.536474798274099,0.7176729174430139,0.19790320758146698,0.8258562191061206,0.5738394525735608,0.4700690076331007,0.18894474668870406
0.0,0.5494300130816668,0.6206876405745126,0.6883031952554154,0.4916403162467739,0.6058853624961669,0.7694644627890378,0.27489695355909394,0.8258515651603314,0.5789710984839034,0.4734029800860774,0.2839680462778049
0.0,0.3905811997757428,0.6212097540731909,0.7404283611911058,0.4675969677594721,0.495168307932069,0.6620917468277667,0.26796987457565485,0.8255301495623516,0.5785790736097048,0.4727790124295091,0.2950095264329823
0.0,0.4195477480844703,0.6230150236677647,0.7815322050269637,0.4801391421411718,0.5052752097048774,0.7618852122505949,0.24239863620062002,0.8265468932719237,0.5891413545539804,0.4741112239360062,0.2352799393981133
0.0,0.367781723042422,0.6211016298601539,0.7697642939475584,0.4533258101275158,0.5188153484431833,0.5662061730023809,0.2361888292253952,0.8270807627492834,0.5945911460032505,0.4735214347472867,0.2144709960287401
0.0,0.4827135114931789,0.6220778550329388,0.7555348206017165,0.4592085471904489,0.5485466719745612,0.7829460286347911,0.2195392755552716,0.828809385320718,0.6074749739843031,0.4719187970986953,0.16465808139935267
0.0,0.3425527938703047,0.6218926882248891,0.7325474110120644,0.4397173378647882,0.551242235851986,0.5144152376856787,0.2591267950223289,0.8303185256086708,0.6137274282457107,0.4756109486980394,0.3228198241627071
0.0,0.3705849373948795,0.6183315329318052,0.6753958106729688,0.4533850609764234,0.6218815298629026,0.7208628606778766,0.26859871578833594,0.8317707814381153,0.6215781915148652,0.4764707539186663,0.31756306957739394
0.0,0.7632218276957575,0.6109509619116983,0.5944276203620452,0.6243747977138442,0.7072979658361542,0.34952093945516904,0.34698770320659905,0.8315287926192646,0.6131891451731274,0.4835541420381924,0.5106397631017152
0.0,0.7419173986170808,0.6010118051040596,0.4843635062955642,0.6137550005861623,0.6669502414541796,0.4681132574755227,0.3216031520665785,0.8304484266892891,0.6041180784129793,0.4812732000889814,0.4181989302848749
1.0,0.7992898523640439,0.596450839117728,0.4345137388550005,0.6308332204481921,0.6339118588262093,0.44755614266842797,0.3096846459574845,0.8294225458006145,0.594141254819848,0.4801839795588331,0.3456603080595921
1.0,0.767333208746029,0.592214105405246,0.3943537156560286,0.6244150272889281,0.6641313091214929,0.390180878552972,0.3302890213167346,0.8296974224905523,0.5971471495480375,0.4784216064741752,0.3923627849321675
1.0,0.7579891609045041,0.5909704164888508,0.3722387410522083,0.6175754667652543,0.6020091850413831,0.465911717125029,0.2646979351409242,0.8300024856629075,0.6023764647904214,0.4758756889760157,0.270344099350366
1.0,0.7488319940198094,0.5884979676474259,0.3549010859868754,0.6166386691570799,0.5467262828442432,0.4188654353562009,0.280802165571926,0.8306933364115799,0.6095319815578062,0.4737045216327101,0.2725248490691642
1.0,0.7673332087460285,0.5888263393911496,0.3541944300322824,0.6226370820155813,0.5529234113532059,0.3981970096745819,0.24338120059543406,0.8299908541875697,0.6081966506248856,0.4700330318059245,0.1850653077152632
1.0,0.5916651093253594,0.591026492482416,0.3735665051121768,0.6040890040767636,0.5893610487938673,0.3498240985048373,0.27115338321485233,0.8299796495146873,0.6100774957494486,0.4690294375760004,0.20115694511397306
1.0,0.585124275836292,0.5952790643822132,0.4039833818475861,0.601218029387916,0.6702817906564235,0.3940193491644678,0.2511238080265684,0.8304317730231744,0.6149580078039423,0.4670317285748238,0.14428528797373918
1.0,0.7464025415810129,0.5968433850975504,0.4143757686882692,0.6084526105429696,0.6347758536987036,0.5380386983289359,0.2518705569666271,0.8316249643455506,0.624380070413209,0.4671335170398196,0.17618162201868556
1.0,0.7297701364230984,0.5944163362885789,0.4004434340085709,0.6485897808811081,0.6131356324517199,0.5362796833773086,0.3324162732315069,0.8327883524594163,0.6360827362498431,0.4712219782047704,0.3490002984183826
1.0,0.579330966174547,0.592626402543942,0.3843654582466126,0.6484068294078085,0.6560314009480002,0.4404133685136325,0.3437796304575312,0.8323261668077554,0.6376630646469871,0.4686191784019961,0.3678465670408376
1.0,0.5868062044477671,0.592253297384229,0.3761227927255539,0.6506940891970335,0.6807008945983302,0.4689973614775729,0.3017307871814649,0.8318760801380121,0.6365266536639035,0.4645027227565596,0.23383375800564696
0.0,0.6796860399925251,0.5904302267160855,0.34285435912652823,0.6303973743209257,0.7294090991517632,0.4841688654353565,0.30960604080589943,0.8316726313466737,0.6321871296809844,0.461578870551326,0.2406170373941192
0.0,0.7792935899831807,0.5860138277146213,0.30050767287325464,0.6645722187924941,0.7818841580371705,0.6336851363236587,0.3012738947378765,0.8322055156165339,0.6395679057390987,0.4607541042754956,0.20625301287790124
0.0,0.8706783778732944,0.5787202143715511,0.24690461977748646,0.6425660011146417,0.7439451329101452,0.6343447669305189,0.3662803550987722,0.8328107237175363,0.6489234016388534,0.4672014061499866,0.3660675343755021
0.0,0.8321809007662115,0.571846320861306,0.2070420794651636,0.6727996035444517,0.7530560037053503,0.6281882145998241,0.4126623073559682,0.8326174847032818,0.6543286212277091,0.4681008703250539,0.4613089089364827
0.0,0.6486638011586618,0.5666187380186412,0.18264352446492796,0.6619271584541052,0.8361793245573017,0.5688214599824101,0.4330750826582296,0.8320144946032503,0.6521432820053497,0.4664245750327845,0.473532584991851
0.0,0.6652962063165765,0.5633489426860101,0.1823243830261021,0.6657283550883603,0.0,0.6490765171503962,0.3956786817916079,0.8314224655184982,0.6560913751407671,0.462851311418095,0.3861074765282464
0.0,0.6815548495608299,0.5554827483018022,0.14330539748568438,0.6690841057671019,0.4980434783108306,0.7418645558487252,0.37386083940476256,0.8314384935502751,0.6640086525205798,0.4607337279016965,0.3253563804145722
1.0,0.20874602877966755,0.5440408269112814,0.08797563926818602,0.5458958619761778,0.3915578746409248,0.3705000972951941,0.3871500228446221,0.8314263947884325,0.6690732659837266,0.4583786674418077,0.3417234809356564
1.0,0.1932349093627359,0.5462154526393402,0.08204754667196579,0.5420157677932689,0.37713771391515977,0.4289523809523806,0.41231840981778334,0.8311872464570479,0.6730798780294498,0.4572339805382132,0.3888506301218923
1.0,0.1255840029900952,0.54797599410336,0.08052471352056406,0.4993823087362487,0.35772942480213404,0.2727272727272725,0.365494303582921,0.8306742291605697,0.6661346028371229,0.4525865217895476,0.2592681863048921
1.0,0.018127452812558342,0.5516432678738246,0.08007789037499391,0.4945052991456258,0.3840128582730923,0.13897488820089415,0.3342634942937572,0.8307060088057557,0.6628143400645923,0.4493722073991333,0.16352179601955816
1.0,0.07718183517099593,0.5578382269977522,0.10223043016484552,0.5160567578939503,1.0,0.2446209864283345,0.2975794526133755,0.8312542442896081,0.6568379067379333,0.4454429172581639,0.07665909143080131
1.0,0.04260885815735427,0.5617070691378643,0.1041876137997902,0.4824330662694646,0.4474343070586854,0.07667386609071257,0.32591169693783817,0.8321744223657753,0.6623979485457232,0.444815373275825,0.0998024543549837
1.0,0.010652214539338845,0.5681783722964339,0.1266477838756746,0.4484102235155433,0.33059307501458063,0.007199424046075906,0.3822912419122666,0.8322310982768634,0.6656008019040246,0.447185073062728,0.2216749357403308
1.0,0.1158661932349096,0.5764163175982079,0.16690440690770625,0.4923154897993951,0.4742441446033106,0.1357082273112814,0.3409400193565185,0.831890691074724,0.6688758037150165,0.4427929930275567,0.10664829566506076
1.0,0.18856288544197344,0.5812265002732265,0.19835218701000784,0.4809781129425755,0.34676425042636594,0.2278695468022024,0.45003905693469387,0.8309999833297276,0.6654798723161846,0.4509825815329898,0.3766361402725041
1.0,0.1338067650906371,0.5844938974946478,0.21783922781699194,0.4909465767119742,0.4475180594902804,0.13977128335451014,0.4784646448766634,0.8301137917007443,0.6626865798164486,0.4542053122123085,0.3841343674920189
0.0,0.1416557652775184,0.589677536586348,0.2488235639875335,0.4950011746617931,0.5460807051451158,0.1740787801778902,0.4680985905113755,0.8304458033972809,0.6654753473102528,0.4531509518921363,0.38315297797692016
0.0,0.2313586245561575,0.5957466894196656,0.2872496497752217,0.4918364988307702,0.5067461512248286,0.3303684879288432,0.4555414175456524,0.8316525515632996,0.6764579676157169,0.4514858278641203,0.4220641457631346
0.0,0.17641562324799087,0.5992952897452674,0.3093898115564382,0.4680234476090833,0.4110974493392279,0.34278959810874665,0.5116605829554554,0.8331778291159583,0.6914522119781914,0.4539123935728594,0.5193227671700156
0.0,0.12483647916277335,0.6038743854405918,0.3363963167358361,0.4047427306589258,0.4925102992182449,0.16934865900383098,0.5041783550889466,0.8341653465252828,0.7010026364227163,0.4529695491850792,0.5222763010108572
0.0,0.11044664548682476,0.6099705212734483,0.3605355259901615,0.400415895357285,1.0,0.2256704980842907,0.4235785977823521,0.8354613683644995,0.7112163452660313,0.4480288311611716,0.3953887432921504
0.0,0.04821528686226895,0.61616368326609,0.3821272942408277,0.29828769916818404,0.4040951436969892,0.0394636015325671,0.4468408098295741,0.8362112323621831,0.7156530970186332,0.4468875879706666,0.4392965597570613
0.0,0.09661745468136818,0.6255322703322825,0.4313747372089493,0.2899741827203252,0.4422991903006042,0.005126014523708011,0.4198202889721884,0.8354025042921586,0.7168241144285982,0.4441394208432072,0.3502121552477224
0.0,0.223883386282938,0.6351171507776474,0.4876804887389844,0.3535161086380077,0.4544181829564282,0.034050179211470806,0.4500980107983826,0.8349455176501007,0.7204120186059773,0.44385341901569203,0.3832210158492447
0.0,0.2765838161091385,0.6402352618910443,0.5166741344339467,0.3414822353822835,0.6259594052666497,0.12352941176470675,0.5292190086907821,0.8350060557091928,0.7271634238219865,0.4489660459210631,0.5497004867090979
0.0,0.409456176415623,0.6441817926630037,0.5395606690853358,0.43431892590855736,0.6428183267594801,0.11676909569797946,0.5364261185267428,0.8347403242680648,0.7300744945105558,0.44977919534610733,0.5661113191064521
0.0,0.4232853672210806,0.6456273664875933,0.5451210366198481,0.4469545487956871,0.5768330018618755,0.12304687500000178,0.5721472471002067,0.8333473278386568,0.7270792995271532,0.4500718873346996,0.620699696326802
0.0,0.5042048215286863,0.6485629575951753,0.5742402140536003,0.4811133030576196,0.5815819174894324,0.2163814180929106,0.6298286898977641,0.8322829278677287,0.7286070705694452,0.4528829390865109,0.6851678522401093
0.0,0.44589796299757056,0.6496425382782797,0.5903397316255875,0.4728069909189944,0.5890354690263176,0.3255813953488376,0.6594284422915369,0.8310489788569663,0.7330510991858749,0.4559083935686216,0.7827173179405044
0.0,0.5027097738740421,0.6516025072467786,0.6163730989916893,0.4784021826561931,0.5746925393817438,0.5692618806875636,0.6590992832192739,0.8304756412158801,0.7376211555496627,0.45604524584598,0.7646146252027363
0.0,0.5156045598953465,0.6514573379822954,0.6361605976432616,0.44019120321607375,0.5303161601007051,0.5884732052578363,0.6700057480017095,0.8301891913318368,0.7426128947796172,0.4534900024822166,0.7794780652870241
0.0,0.4847692020183141,0.6514142203547775,0.6641148489776089,0.460222018644568,0.5598606273497536,0.4893832153690578,0.6512928091024763,0.8300150423975364,0.7459063899836431,0.4509365620183439,0.7837364940341439
0.0,0.4743038684358061,0.6517831125645568,0.694448140864438,0.4996671405707269,0.4070855846017845,0.4671385237613734,0.6452598637183182,0.8293773472333331,0.7520820396907055,0.4504481990039925,0.7627793869057621
0.0,0.5311156793122781,0.6517484858182101,0.6955617695806435,0.5073766385522954,0.5604518010715203,0.625884732052579,0.6518872605613389,0.8270844792288546,0.7502186584104489,0.4513848041995885,0.7443924910289745
0.0,0.5318632031396,0.6500423849713138,0.6685112151174462,0.5085476338608668,0.4962014352675297,0.4711830131445908,0.6848277318974789,0.8248258060109067,0.7502728967633586,0.4513564594413224,0.7684537458999735
0.0,0.5800784900018691,0.6492956295687428,0.6484114730398928,0.5046559331661493,0.4319730637222236,0.5571284125379169,0.7011383008513921,0.8229923914715697,0.7444725691475337,0.4493944432938221,0.8015419760137066
0.0,0.6062418239581383,0.6480788265693046,0.6505316590596576,0.4757331703991455,0.5026114067161818,0.6384231989125501,0.6986966283302791,0.8220688933725141,0.7423926461279964,0.4492341337409209,0.7912805585748235
0.0,0.6019435619510369,0.6468637030578935,0.6583044457375836,0.4730017274703153,0.4926509982919211,0.5823095823095831,0.7047787019341782,0.821421345293062,0.7380917585215304,0.4498898348481637,0.805042279987473
0.0,0.6815548495608299,0.6461629627534871,0.6676016609947265,0.5332959822721325,0.5027521413613888,0.8968058968058976,0.6760927344275824,0.8209351374835744,0.7392894071323248,0.4509272178503054,0.7541681251266555
0.0,0.6772565875537282,0.64369650342883,0.6650941187686318,0.5313804787765867,0.0,0.8132487667371384,0.6744076364904762,0.8194575858601573,0.7326311717714961,0.450675777549527,0.7552734842762657
0.0,0.6826761353018129,0.6421819530882826,0.6685238055955827,0.5368676326223194,0.4810396487451449,0.9724770642201844,0.6858446860461118,0.8180067851840979,0.7346724323311381,0.4523763198615196,0.7247103037895399
0.0,0.6398803961876284,0.6396798566323921,0.6677234354669275,0.5433353947020868,0.5124528276470903,0.8941605839416066,0.7137102122830374,0.8164078689244242,0.7362695979844923,0.4555124039700471,0.7882424318127067
0.0,0.6146514670155111,0.6369323965766085,0.6621946063227193,0.5654990697776574,0.0,0.9014972419227738,0.712344447774246,0.8173974277522168,0.7560276948151105,0.4554625601641902,0.7796325871467958
0.0,0.6477293963745097,0.6343748653686698,0.6610770904916085,0.5457710704998955,0.5531692990511337,0.9259259259259259,0.6434126426560677,0.8179526269853415,0.7651698393141629,0.4508581243797043,0.7299006968174798
0.0,0.6395066342739677,0.6311990973182702,0.6599243566771388,0.5848920024503421,0.5677552047008018,0.9669148056244826,0.6671513984347748,0.818826763367475,0.7782656284620805,0.449779097499933,0.7566402869353412
1.0,0.5612035133619887,0.6278577098004161,0.6602386822844329,0.5594296786202859,0.5633324536935568,0.7766895200783546,0.6727078000874481,0.8166566104109972,0.7720072118724725,0.4466043695535093,0.7653125864330259
1.0,0.5897962997570545,0.6266225778942092,0.6755289229447817,0.5414868168727566,0.5197656325952648,0.8099902056807028,0.6955917248426667,0.8142126296146052,0.7686272111974437,0.4494663609167723,0.7499486978167573
1.0,0.5542889179592596,0.6247572687168997,0.6870203835700415,0.5547035124559998,0.4683409914017594,0.6376101860920652,0.7183724803364301,0.8136687431832025,0.7714031494012926,0.4482867598655946,0.7675492610837439
1.0,0.6122220145767148,0.6239419660891348,0.7013843309448788,0.6132415875373285,0.5059032333879132,0.917727717923604,0.7016639728026173,0.8143395713411558,0.7833493732679059,0.4451857615706532,0.8196516537649541
1.0,0.6202578957204263,0.6211254164721285,0.7031299194662691,0.6220310759686779,0.5908616571317625,0.8560235063663078,0.7292985964067622,0.8156534848147258,0.7971756602377739,0.4482400609823624,0.8701090781140044
1.0,0.6112876097925626,0.6176170080891471,0.7025224746140369,0.6132946173752559,0.0,0.8132701421800951,0.7368889063567003,0.8142908948602979,0.8020195569397587,0.4489444609617424,0.8925404644616469
1.0,0.6783778732947112,0.6136867130835254,0.6880569713843636,0.6457424798226308,0.4932429737229695,0.9012908124525428,0.7484045610639205,0.8127836148283129,0.807410615885722,0.4503575316018583,0.8847202674173116
1.0,0.7376191366099796,0.6088747957666775,0.6745059503262738,0.6513452000442165,0.4587111497362514,0.984239558707644,0.7677365155318867,0.8111910073457985,0.8173074506890144,0.4486743756660557,0.917690007037298
1.0,0.706410016819286,0.6054288288210378,0.6705339568542997,0.6732978570900109,0.3998947441290885,0.9788897576231445,0.7575571484016133,0.8105731309965917,0.8308747801130391,0.4514633558599146,0.9041959887403236
1.0,0.5868062044477671,0.6038142245319927,0.6980836551515386,0.5229114838275759,0.4301283869152753,0.9455958549222804,0.7403180560946011,0.8097620554332253,0.8423921946636425,0.4531521204623098,0.8940358902181562
1.0,0.5228929172117363,0.6030235154781447,0.7177150551802394,0.5025764081868322,0.4738739803168975,0.6596173932950821,0.7272057342458081,0.8091912020650046,0.8463311292306946,0.4521164257007679,0.8583743842364533
1.0,0.5182208932909738,0.6011298841339628,0.7240625604202441,0.4981563454254567,0.4535857434041714,0.5873599565024544,0.6886400817493576,0.8083744389542961,0.8442654336323324,0.4519899566277074,0.8029644616467279
1.0,0.5533545131751074,0.5994097597134335,0.712034282283017,0.5323178964870735,0.4302529601885344,0.5244029818712538,0.6840858957793947,0.8089592258088231,0.8523804080194325,0.4552550331785995,0.7993314567206194
1.0,0.5324238460100915,0.5981290036514053,0.7017265564990065,0.5594912959043193,0.4911975573574404,0.4943553348881795,0.6523490658269016,0.8092160797263915,0.8681767066803713,0.4550849986644899,0.7835151301900067
1.0,0.5090637264062792,0.5976076392677976,0.6887285981597417,0.5374943626773563,0.4791575815435835,0.4020661334401697,0.6339112449582165,0.8098406648254136,0.8939392663442302,0.4533367998454878,0.7491115411681915
1.0,0.5643804896281064,0.5979553391327173,0.6868630254010363,0.5511159089881644,0.0,0.5415730658615799,0.6230342571076251,0.8096198836171152,0.9010877794088278,0.4556973965144484,0.7472290640394086
1.0,0.5610166324051579,0.5971971223706783,0.6786301115444988,0.5459260828769308,0.4939145553740626,0.5959449984976185,0.6258050887010005,0.8098791934458135,0.8915561193777216,0.45222514088121,0.7501935256861362
1.0,0.5567183703980566,0.5956848154463762,0.6808364638987974,0.5397980619621031,0.5192529398503859,0.6345776874758549,0.6070282831161048,0.8097102697444548,0.8797438823663551,0.4537982096457594,0.7360045742434909
1.0,0.5640067277144458,0.5933640991127838,0.6830809699600777,0.5472634423387868,0.0,0.5301263432013619,0.6333364447872505,0.8090891971423463,0.8736134241901269,0.4529696882143196,0.7823715693173825
1.0,0.5778359185199023,0.5913090089030805,0.6974153828328788,0.5117407488870951,0.5337261877222695,0.55731230951938,0.6451124790590962,0.8075760569479297,0.8782919047322569,0.4543527381255668,0.778764954257565
1.0,0.593347037936834,0.5886580436866499,0.6962361434372082,0.4760895314328776,0.5394017691820089,0.5880753766687173,0.6573797955283491,0.8061648250926355,0.8802220137192162,0.4519505822921326,0.7883180858550314
1.0,0.6172678004111378,0.5852655797419473,0.6932535468804915,0.4973425222976233,0.5341100524574477,0.5123598029169409,0.6850389832423643,0.8045186527558673,0.8798802552636581,0.4550006828884278,0.8418103448275863
1.0,0.6424967295832557,0.5821839989740395,0.6843805038813588,0.4620370968369014,0.5377970847313321,0.5868501863112803,0.7243071692811067,0.8031158431389992,0.8805945850178717,0.4556471080945249,0.87905524278677
0.0,0.6466081106335266,0.5790785176073653,0.6841679764224127,0.4653579310321693,0.5377650918879656,0.5821743203025883,0.7187704189163295,0.8004911265580549,0.8715762922042795,0.4587505003057434,0.8765130190007037
0.0,0.6479162773313399,0.5759280123091833,0.6753304837844433,0.4672515714051298,0.5496219749746044,0.5342432702581605,0.7379107733273067,0.7981208222655057,0.8663990903787603,0.4610725025655752,0.8676020408163264
1.0,0.6647355634460844,0.5725909450298305,0.6664349075651292,0.4797445451291463,0.4911669711701679,0.5606072073435752,0.7376749578725513,0.7949528446981329,0.8547560550320726,0.4613441038685964,0.845197044334975
1.0,0.6537095869930855,0.5697217313243169,0.6626147390856599,0.4741155195718824,0.5124718528127976,0.4365609604341131,0.7467587657026069,0.791916423785132,0.8394876851906855,0.4625641491827127,0.8332160450387049
1.0,0.5716688469444962,0.5677865252645361,0.6700994650066303,0.4479905857264948,0.5097849606841575,0.3301508847464499,0.7496671563112569,0.7898965741105334,0.8289011870371831,0.4633981908019013,0.7989481065918657
1.0,0.6277331339936464,0.5684772100936054,0.7016959248255464,0.4389384575920015,0.0,0.3914973885344656,0.7410107639929452,0.7875925318262597,0.817763385783486,0.4620230441099832,0.8114792426522477
1.0,0.7136983741356753,0.56781625340716,0.7155788572764372,0.579380119694926,0.5606677610711718,0.6063760688323587,0.7554790247065817,0.7869645945396312,0.8219164590711435,0.4640040304586104,0.7926770187919119
1.0,0.7873294711268917,0.565189803439893,0.7246148542034042,0.6260996753610732,0.6488642050595463,0.9884459849797796,0.7697360340753329,0.7861357998053357,0.8251400619635222,0.4649870416545063,0.8524721565980422
1.0,0.751074565501775,0.5606915841317184,0.7136327567018241,0.6154774387804229,0.559412836583086,0.9903089036947308,0.7896575271801876,0.7876419342194653,0.8402430954815815,0.4670263753182418,0.8975869051636853
1.0,0.7155671837039806,0.5578504967184276,0.7239937205728256,0.5936325799713201,0.4924543916884037,0.8584965255843346,0.747520253108588,0.7871845109677412,0.8440071001743726,0.4650679842651831,0.8903476206547418
1.0,0.6733320874602875,0.556483699372607,0.7369945339609609,0.5030554687012648,0.4734302647363357,0.9364351245085191,0.7456189910046227,0.788100297855795,0.8555333151981833,0.4654927968184298,0.8446760040499492
1.0,0.6419360867127641,0.5554646692793098,0.7581847179701792,0.5108003001467246,0.4217239163758294,0.9338138925294897,0.7186770752988221,0.788246893624761,0.8648738471665273,0.4614339633236485,0.8656176172797836
1.0,0.5860586806204447,0.5538111494946683,0.7706829870655643,0.5026057325239869,0.0,0.8676277850589789,0.7022977268372728,0.7888098083965981,0.8783150078325593,0.463067662241887,0.863609517381033
0.0,0.5817604186133435,0.5527053366354974,0.7899071488572768,0.4968871275077419,0.4414444831082204,0.9292267365661872,0.7237028921782959,0.7879216923689382,0.8846255687409016,0.4616332997429277,0.8780037124535941
0.0,0.5640067277144458,0.5494431948292425,0.7885993766503392,0.4771762052752993,0.3495701949899546,0.9829059829059816,0.7354297982304017,0.7853745913167397,0.8815731074012237,0.4628315827786735,0.9029109011137364
0.0,0.584002990095309,0.5448590412688549,0.7792492997709622,0.4932035866789402,0.3215314210051531,0.9310589907604832,0.7507135873917337,0.7839821965925061,0.889809232631286,0.4647518034603311,0.8877489031387108
1.0,0.5968977761166139,0.5398032525109668,0.7590603766719964,0.5027008586364676,0.35808991514665023,0.9550224887556228,0.7131403249340453,0.7812824537018513,0.8902212384973475,0.4643382284962299,0.854463381707729
1.0,0.6245561577275276,0.5355157299012872,0.7474442783005268,0.5220187775535352,0.4970692977189659,0.9872000000000004,0.7484045610639207,0.779812182538235,0.9016540706578638,0.4644862967607272,0.862867026662167
1.0,0.567744346851056,0.5306725431670613,0.7324309847577436,0.5305689616096804,0.5035112166911968,0.919850885368128,0.7509985310662297,0.7779835167060919,0.903488780498914,0.4646800481024967,0.8725531555855551
1.0,0.5826948233974957,0.5276165324813178,0.7328891760406022,0.5422515290162175,0.5606017885276434,0.8070829450139798,0.6930075804843059,0.7779484618400346,0.9172628291827288,0.4627172367660234,0.7918157273034089
1.0,0.5746589422537841,0.5243650925386514,0.7326609726444412,0.536623686997509,0.5853430048686323,0.7642124883504191,0.7033687220276199,0.7776891143417081,0.9224657282184541,0.4634574386610405,0.835791427607155
1.0,0.5783965613903944,0.5218985122752661,0.7406620971425169,0.5399774965980542,0.5808633737540752,0.6589002795899348,0.7065620563107655,0.7770084212788736,0.930733353226659,0.4639699529716567,0.8235993925075938
1.0,0.5505512988226499,0.5194693378982715,0.7442233052996828,0.5662323171837627,0.5832516428354113,0.5731593662628156,0.6865668708762998,0.7783126188570614,0.948190393014396,0.4657301091467372,0.7970975362807962
1.0,0.5309287983554473,0.5176057729281126,0.7487591538401424,0.5513671372261257,0.6378513853196004,0.3689497716894974,0.5976497059676047,0.7794602291066853,0.9643283717850072,0.4589411965982269,0.7539402632467094
1.0,0.5780227994767332,0.5162074375291122,0.7567354663720292,0.5463869803960237,0.6320112321933182,0.5114155251141552,0.5778166436582839,0.7802158020557205,0.9723774268804052,0.4573061642114344,0.6913094836314548
1.0,0.5686787516352082,0.5134443471141583,0.7610726769701606,0.5403482566320447,0.5807013758757453,0.38813813813813736,0.6134444286142402,0.7785091479164422,0.9686560750136732,0.4574535872771444,0.7343570705366181
1.0,0.6127826574472062,0.5125445099786027,0.7789808054262788,0.5253549188518825,0.5585872945525658,0.4430379746835452,0.5984701472372744,0.7773373775145612,0.9698668208405284,0.4560778196464077,0.7037293283833947
1.0,0.5651280134554288,0.5114582519505504,0.7913875098660329,0.5379586080330453,0.6032669290898218,0.3476587556125731,0.5886887186869009,0.7760793250918064,0.9728619437853242,0.4588746726866637,0.6888288896388793
1.0,0.6217529433750705,0.5123682385526457,0.8102568476327552,0.5408638900596233,0.6001759103348739,0.4447189623224224,0.5861537025482808,0.7747862233748392,0.9723164979352568,0.4588806577440934,0.6579311508606142
1.0,0.6127826574472062,0.5123092665382841,0.8140412290864449,0.5346502930093705,0.6359442739421785,0.4643828167482327,0.6331251934423653,0.7736557888632035,0.9705744382193109,0.4603432279898161,0.7298768140398247
1.0,0.6744533732012711,0.5133853407827349,0.8339642931385757,0.5664052788462972,0.6221240980946331,0.6253398586188149,0.6196787996993354,0.7725137227798652,0.965703687230732,0.462735350153608,0.7112807964900442
1.0,0.7043543262941503,0.5126181717034032,0.8476250442896698,0.6209736554937549,0.600023594771709,0.716062736614386,0.6810448589774449,0.7716330200163791,0.9624802877083576,0.4658150156880052,0.8018140398245017
0.0,0.7482713511493179,0.5109447238790097,0.8483185625946611,0.6589988323879504,0.5684603501138618,0.8283464566929143,0.6972817356017469,0.7697535395064047,0.9512693721743904,0.463848496315374,0.8291765102936214
0.0,0.7611661371706223,0.5075594582844545,0.8277598083129695,0.692815835594037,0.0,0.8897637795275594,0.7302418582257835,0.7677476362221841,0.937966252428042,0.463775359388809,0.8631370232872091
0.0,0.8054569239394503,0.5031229967394415,0.7950244682474457,0.7672274786524983,0.5963007988343295,0.9800524934383203,0.7324821050459593,0.7657323115600038,0.9255618312296421,0.4641898157518994,0.8515693553830576
0.0,0.7566809942066904,0.4968404109578109,0.7634983804434896,0.7424281319302188,0.6481914434095281,0.99052076544819,0.7469798426914405,0.7634584289089689,0.9190125294592076,0.4657244068693556,0.8819946000674994
0.0,0.7415436367034197,0.4918809474058058,0.7447819866193679,0.7337292803259464,0.5970401415669229,0.98615394297942,0.7740249276586961,0.7606242936330628,0.9144570862588008,0.46500994963044,0.8936044549443128
0.0,0.7150065408334891,0.4871840170965272,0.7344393326840187,0.7167236522020966,0.5838093131293192,0.8925496795909124,0.7991392735901427,0.7570855118706127,0.9033127350595046,0.464072089353639,0.902708403644954
0.0,0.7258456363296577,0.4829967082655016,0.7361632967066739,0.7249292369696576,0.5934925156319227,0.9932795698924736,0.7967860318645632,0.7564684918889516,0.905829263419162,0.4641989180089681,0.8784864052123793
0.0,0.7069706596897776,0.4778669254956365,0.7298880271661963,0.7124738332265323,0.3486410467555248,0.9615963855421692,0.746621206687333,0.7562439338994519,0.9116807487596332,0.4570103024475989,0.8847429311280954
1.0,0.7262193982433189,0.4731410411171829,0.7216317378384433,0.7279095064752701,0.44423991250503614,0.9730290456431544,0.7479427557983579,0.7558106569226023,0.9164373994814996,0.4574112172180181,0.8666583134945495
1.0,0.7249112315455053,0.4680373982146993,0.7044774892951597,0.7287451866717644,0.3801960343502941,0.9220788378816712,0.7627893038039978,0.7532406445618881,0.9110668352307141,0.459169569196796,0.8613289896838323
1.0,0.747897589235657,0.4634768655011675,0.6976650313261014,0.7667947785078252,0.435803655034186,0.9972770592239624,0.7659531611552991,0.7512394256835307,0.9056372268162364,0.4556960320160098,0.8659566470367119
1.0,0.7286488506821156,0.4583905622156954,0.6862462760152324,0.7550728475156366,0.5138795381131274,0.952971913781842,0.7907923890561974,0.7492953615396712,0.8997662799127085,0.458348387561993,0.9120995698116356
1.0,0.7127639693515231,0.4531548968593011,0.6668471264993129,0.7442424506712695,0.5485007973041729,0.9862518089725038,0.7957346879621124,0.7468468141597314,0.8949986643862571,0.4591964034748742,0.8935471745395317
1.0,0.7129508503083534,0.4475907219209005,0.6394471205608088,0.7476529668455935,0.3758507549288131,0.9635714285714272,0.792570830610811,0.7443783081597394,0.8916472951730253,0.4591376163080678,0.8740675771624272
1.0,0.7095869930854045,0.4428795386199985,0.6147264702049158,0.7479872744436225,0.4636758216293868,0.928005759539237,0.7768498002937869,0.7422794776830987,0.8924870700363537,0.4615371143499717,0.8484400451071298
1.0,0.7172491123154552,0.4395355484684775,0.6098273788318189,0.7469929231814912,0.3696644998570735,0.988986784140971,0.7453733499059195,0.740579811774717,0.8912077113298249,0.4588766913125453,0.7811552437037967
1.0,0.6923939450569984,0.436506083110205,0.5974060245452002,0.7282867893814536,0.0,0.991331757289203,0.7543687269404417,0.7391818890559144,0.8870108501748807,0.4560805496501785,0.7954141085077058
1.0,0.6688469444963556,0.4350858683803446,0.6036918921397486,0.5928188971900054,0.3721426553950264,0.9613869188337266,0.7402885791627569,0.7380210727262452,0.88781626737308,0.4585025421264403,0.7755299293427546
1.0,0.6139039431881887,0.4332582106934669,0.5952182020932167,0.4111397368941783,0.4200033904318062,0.9354085603112828,0.7533615984357571,0.7364047909095358,0.8821645841919373,0.4561770238176062,0.7966771097187038
1.0,0.6574472061296954,0.4312382993119824,0.5814225179314139,0.3756984933240279,0.3891394783181996,0.9385944431473277,0.7637718681988118,0.7348533637801417,0.8795393012620688,0.4574850778382789,0.7924244054664799
1.0,0.6619323490936273,0.42970871205637096,0.5733854975150185,0.3804499520137973,0.4325427354271514,0.909798427893222,0.7584365435349718,0.7326991610095134,0.8715827712639473,0.4566798578973828,0.7956148182123464
1.0,0.5610166324051579,0.4290207170895201,0.5659064925666212,0.20803085531644824,0.44554193099890055,0.9800684517817594,0.7630840731224421,0.7318442435561171,0.874365284853056,0.4575135710715771,0.7773746242618329
1.0,0.5318632031396,0.4285686542298228,0.5716045871912491,0.24499633251233904,0.0,0.9442622950819678,0.7413890512849484,0.7302290784038875,0.8758424662633372,0.4583339617046509,0.7741607737950091
1.0,0.5185946552046347,0.4271166235663432,0.5541554317278908,0.2894784436798906,0.3960302228613333,0.9188524590163938,0.7471812683923775,0.7283051862203817,0.8776601837351165,0.4592243863072604,0.7603023652767621
1.0,0.4870117735002804,0.4251652930307071,0.5433343744929436,0.31253026867422234,0.6134925127588658,0.8991803278688532,0.7939120310097321,0.7258171762608464,0.8754172790584093,0.460818270607445,0.7980283956536929
1.0,0.4948607736871611,0.4225991026593646,0.5258356332553075,0.3193928526450738,0.0,0.8614754098360656,0.8020329257328702,0.7230383733834632,0.8700763310857057,0.4616067925613563,0.8247556493861914
1.0,0.531489441225939,0.4191160649733193,0.5012553457332505,0.34992414261880017,0.5931812259239939,0.8606557377049188,0.7984072631160062,0.7207438884332623,0.8604330946398691,0.4617606886211529,0.7938773295295976
1.0,0.5462530368155486,0.4154015440014029,0.4782636881074916,0.3620569154188841,0.5325569184554534,0.8632439800090872,0.824450132400552,0.7183740293797499,0.8512630509560221,0.4609510941393451,0.8206560256370748
1.0,0.5318632031396002,0.4120985396561789,0.4713082561368528,0.35100578768335194,0.5246508989438378,0.7669241253975467,0.8147718731116341,0.7160328222777733,0.8437383896351233,0.4601095907690204,0.8088527402413698
1.0,0.5329844888805829,0.4097647041162504,0.4724477321809013,0.352375584760366,0.5216904111576712,0.6524307133121304,0.8564866444934633,0.7143376583176412,0.8465301831801456,0.4611187515828205,0.8530054603765932
1.0,0.5180340123341431,0.40739450608188665,0.4620131279940402,0.3926603650728104,0.5124694843030453,0.5924579736483415,0.8212174955416139,0.7130819408378174,0.8527956774125166,0.4614943698845431,0.8083552700069899
1.0,0.5550364417865821,0.4055230753736659,0.4542341800754204,0.4244532903011057,0.5092404142131914,0.5697410268059971,0.7804705500886765,0.7127829694549627,0.865816409767386,0.4606398535750033,0.7700144261514897
1.0,0.5643804896281069,0.4038925818772221,0.44907014358175296,0.4320307945875674,0.5764251514699725,0.5597455701953656,0.7634623604144455,0.7126001466195261,0.8751999918324463,0.4625420857758651,0.7531417778372669
1.0,0.4926182022051953,0.40238696113587735,0.44864632842807795,0.41858757428081816,0.6285907118640189,0.34984098137210323,0.7447985497349532,0.7116770440393948,0.8780605646164369,0.4644129841475014,0.7300673716146879
1.0,0.4819659876658568,0.4023712901220151,0.451224946176918,0.4087806576749076,1.0,0.17264879600181665,0.7128259043277048,0.7104202411547013,0.8811470759702106,0.461453483386845,0.674534124540817
1.0,0.4928050831620257,0.4027029892367657,0.4542469991593331,0.41888747530447706,0.6037640077817003,0.2989196591600723,0.7099420778289256,0.7095665368082703,0.8869172400002022,0.4612952653644205,0.6628890971013846
1.0,0.5094374883199403,0.4043672098458405,0.47302126172241704,0.4340213693286769,0.5502725782344178,0.2593578819233105,0.7154493512618583,0.7090125674123072,0.8978477421953975,0.4617151285749668,0.6828403158881006
1.0,0.4731825826948233,0.4059880680215412,0.4857302095563154,0.40099722938246735,0.4872914726797198,0.32630858186244605,0.6916221646876182,0.7088166829055694,0.9014132630428552,0.463092616204305,0.6493627210398727
1.0,0.5621379181461409,0.40817474327605,0.502038330908486,0.4260838487100757,0.540304854812586,0.5241174680462569,0.6990749156222825,0.7086073005518746,0.9051918951344614,0.4638058047441489,0.6700575558827468
1.0,0.4991590356942627,0.4089652770740032,0.5056462527245587,0.4239527989561276,0.5088320148663824,0.3498934875228235,0.7029413065158756,0.7081134006158846,0.9063284405537868,0.4641567075681794,0.6816728386799329
1.0,0.4131937955522333,0.4114047427248734,0.5218241334230538,0.4033652543863289,0.5360045245428648,0.3034844796104681,0.6636485563672627,0.7072659135433651,0.9104302984834246,0.4602838481332465,0.6174839007123841
0.0,0.5602691085778357,0.4153552135012588,0.5628110137139762,0.47833578016134204,0.5395121635247583,0.7508368837492386,0.6694456862966656,0.7062905189539167,0.912998208802096,0.4571962655257187,0.6243846577135295
0.0,0.5180340123341431,0.4149442094032746,0.5743962595603122,0.43679028733706804,0.5521927311248392,0.8200699939135732,0.6954983812251596,0.7053710461752908,0.9220234698518244,0.4565931040177682,0.6545308526301701
0.0,0.4890674640254159,0.4148096294145339,0.5937483330830513,0.4127264190970356,0.0,0.8505021302495431,0.7121184579634385,0.7040247922190799,0.927590041899506,0.454813910249543,0.6784083641933996
0.0,0.5049523453560082,0.4132320643330572,0.5753972723833376,0.42524924023564203,0.5630733190099247,0.9655936998241452,0.7444153496209754,0.7028426514527774,0.9345919886979812,0.4549567298841836,0.714719136215589
0.0,0.5068211549243133,0.4104699554271022,0.5656768604752932,0.42680234172586057,0.5107700767542142,0.9407478581151416,0.7938923797218357,0.7009120309541589,0.9329669309354476,0.4609625164895775,0.790657207870432
0.0,0.4382358437675202,0.4075293443207273,0.5596204719254719,0.4226970195500166,0.5093615806609195,0.783009047962207,0.8189035563918269,0.7002668140659829,0.9434565395401644,0.4602233794049602,0.8056038905992058
0.0,0.4161838908615212,0.4053525817606168,0.5833705756743439,0.40289072495853184,0.5326506182471951,0.6039005215813742,0.7455354730310635,0.6993830154269814,0.947286458323412,0.4549836871021323,0.7430657802763274
0.0,0.4537469631844513,0.4029237167954047,0.5841685314764495,0.4351395664388407,0.5569902692334772,0.5819789855620223,0.736112680484797,0.6992532814278062,0.955772709073717,0.454144843233688,0.7242374217344101
0.0,0.4757989160904503,0.4004817601988698,0.5846357280396083,0.4528549803795994,0.5631812808841432,0.4821982009222162,0.7535188087389275,0.6979066588310355,0.9558982798674032,0.452456303819388,0.7450289266645845
0.0,0.483461035320501,0.3992899560928568,0.5953758011408223,0.4085876644677004,0.5620976013111891,0.4927810114143169,0.7241008307581958,0.6961279257807672,0.9577949976333898,0.45338593057446896,0.7005978673091507
1.0,0.4376752008970287,0.3980419919781351,0.5974191686974488,0.4209260447338709,0.5550795386929919,0.3242119585758555,0.7394091840293979,0.6949838100428537,0.9640228089633964,0.4514785380973498,0.7068144975386307
1.0,0.4657073444216035,0.3981725573619328,0.6021117889709338,0.4446455639967721,0.5493277068841695,0.27810114143170245,0.678662140320021,0.69327838613158,0.9722975547732688,0.4486724722065572,0.6261693362483082
1.0,0.5021491310035506,0.3984021199198874,0.5949381430357517,0.4241982221792896,0.5919171503440617,0.3937561418096602,0.6771833809058261,0.6918669987292329,0.9868477186066468,0.4488395132136093,0.6046119067802912
1.0,0.4853298448888059,0.3982411576760855,0.5878485675924292,0.4106646085017769,0.5562536943658702,0.28943986695895363,0.7428530722332212,0.6903184980780576,0.9947765258378728,0.453409783137005,0.6848555154002883
1.0,0.4759857970472809,0.3986629878821448,0.5768220436508598,0.40280392622541294,1.0,0.17464212678936655,0.7499226230539083,0.6887945505478056,0.9993481556763624,0.45424321411719104,0.7016512734396866
1.0,0.4772939637450943,0.3995515762842251,0.5638568063860612,0.403921944683104,0.6083992516502543,0.06957928802588992,0.7240222256066107,0.6877577748218858,1.0000000000000002,0.4516758515377052,0.6582924565822619
1.0,0.5441973462904129,0.4017378973877453,0.5810637466398659,0.414257017166322,0.6972427604568749,0.3887323943661972,0.6977189767574392,0.686958273029073,0.9959127423451728,0.4526937317894067,0.6204943509066538
1.0,0.4851429639319755,0.4027933318547403,0.6013872015513886,0.41114682858218055,0.6366665968547098,0.2366197183098593,0.7529489213899356,0.6863224569355727,0.982280674706301,0.4597909780205928,0.7088535880098007
1.0,0.4980377499532799,0.4059033781501671,0.6302058975608646,0.4241443339192269,0.6052474008842128,0.31267605633802825,0.7207404605279317,0.6857612138771564,0.9743658550575052,0.4564938447257994,0.6561573382581247
0.0,0.5569052513548869,0.408426280739902,0.644406977960031,0.4925960144756483,0.6369480121802618,0.5936619718309859,0.7352283725294646,0.6843697629350155,0.9687068970855492,0.4579607508267807,0.6968383721700232
0.0,0.5124275836292282,0.4077376679290994,0.636043347522163,0.4955517855352342,0.6111550107857814,0.4535211267605636,0.8268426767019244,0.6832387937931613,0.966063831882398,0.4662831692850841,0.8001486266748095
0.0,0.6225004672023922,0.4083490287921413,0.6451554297198364,0.5879406882877859,0.6113471124655045,0.6767605633802822,0.7448280266667975,0.6809784727677589,0.9571963580651212,0.46093726911585,0.690024205970806
0.0,0.6443655391515603,0.4068116028925095,0.6479006179096637,0.6275069008816169,0.6585965585056368,0.8140845070422533,0.8147718731116342,0.6799418837522256,0.9616747755270872,0.4666729819805314,0.7895254162693468
0.0,0.6436180153242383,0.4058886916951969,0.665132273900443,0.6241649503871205,0.6447517546583791,0.8563380281690145,0.8779360252322537,0.6785737209628132,0.9745293756588064,0.4715304719320592,0.8796554800828921
0.0,0.5466267987292095,0.4029603684339359,0.6628887316125385,0.5292357581255953,0.6496492788853289,0.7873239436619719,0.8673292425902359,0.6768605700912128,0.9817969602106016,0.4694921017578267,0.8800296454064008
0.0,0.6568865632592039,0.3998763939139044,0.6540434886179433,0.5877954713412219,0.6510866544555642,0.9070422535211272,0.8611194356150116,0.674919946239848,0.9817969883862382,0.4689320338247995,0.8682938061247986
0.0,0.6897776116613716,0.3928976582653808,0.6119011797192289,0.6115885232126453,0.6418947397464246,0.911589895988113,0.91314130749844,0.6723598449882352,0.97217325326752,0.4722560654413653,0.9300454754777802
0.0,0.7105213978695573,0.3869840950574917,0.5789240297099711,0.6279622908433198,0.6260869914112569,0.8633045786330465,0.9162511238080262,0.6691681160927413,0.9687328891017448,0.4727762324500819,0.9266204236702736
0.0,0.6552046346477294,0.3819382022173545,0.5526025232116417,0.6341558603043617,0.5256164846557068,0.8490990990990998,0.9239986440611352,0.6659643249522625,0.963025872032728,0.4739355905725264,0.9233608680635504
1.0,0.6864137544384225,0.378176537167588,0.5292379092874613,0.6553625166200503,0.4570858444685185,0.8896051571313452,0.9339471085586272,0.6631424759754126,0.9633817445953198,0.4753154266470256,0.924644275197468
0.0,0.7553728275088765,0.375024610471685,0.513450065750252,0.6533517237734864,0.6166169706982219,0.9290561381863044,0.958535782538848,0.6603415373645697,0.9583459346089246,0.4785004923308535,0.9861686819441166
1.0,0.6507194916837973,0.3717753499095946,0.4894998174215445,0.5960396343949949,0.5423916405313379,0.7988895743368287,0.9515595753356684,0.6578417904305971,0.9457839660671676,0.4781910581307745,1.0
1.0,0.6372640627920017,0.3706606697661447,0.4865429286914685,0.6330232415814359,0.6026341651928755,0.7729796421961755,0.905831028401024,0.6552438157395691,0.937204522251424,0.4772593682276709,0.9925596169493652
1.0,0.6410016819286114,0.3697214009245237,0.4924361611558653,0.6356939502631301,0.4921202366253741,0.7433682911782851,0.8970812924652046,0.6533060113438832,0.9247854813191208,0.4763769996621151,0.9956135113403866
1.0,0.5668099420669034,0.36937052448707175,0.5109629764095376,0.6175132621760847,0.4474287442209951,0.7316471314003704,0.8768257274661134,0.6509610284215449,0.921699252678436,0.478094491086033,0.994016399497673
1.0,0.4982246309101102,0.3695408395686836,0.5366158839692831,0.6194404100288122,0.5015629690547352,0.6403454657618753,0.8605790251978639,0.6487246488104091,0.9138366934275528,0.4767280615230829,0.9675953335946168
1.0,0.4799102971407213,0.3688695142720041,0.5264083743305694,0.6571070960425505,0.5370670570348488,0.5934608266502156,0.8354892433762875,0.6462072002299725,0.9081298570836224,0.4740558653454465,0.9248315232294358
1.0,0.5503644178658192,0.36811447937621994,0.5081153641744773,0.6520575516671369,0.6107505319408767,0.6551511412708202,0.8140889908572383,0.6439587971843103,0.8929255858076129,0.4720773582002246,0.8723834966357764
1.0,0.5527938703046159,0.36719798677782267,0.4884346571182308,0.6535845958220844,0.6787525032244213,0.679210363972856,0.8484885703196773,0.6416495610957907,0.8720576473703122,0.4733836203359277,0.9235105957616956
1.0,0.5142963931975331,0.3669117986570273,0.4953138484713637,0.6280804232169498,0.6105030748190149,0.7310302282541641,0.8675650580449915,0.6397974050007272,0.8567207565440692,0.4723693616608308,0.9441663334666136
1.0,0.5088768454494488,0.3660512178333927,0.5028630075841891,0.6246281637835807,0.590250860420658,0.7550894509561998,0.8802106618062482,0.6383929742536602,0.8479173697226766,0.4738947356477839,0.9889036732389828
1.0,0.4621566062418241,0.3639869995995567,0.4943634150839231,0.5961768318666836,0.6747464054177289,0.5872917951881554,0.8432515020953186,0.6364421955789051,0.8380701338026452,0.4729943344879925,0.9410910850368944
1.0,0.47673332087460296,0.3629027969150932,0.4803041558119688,0.5846936910326592,0.6898719308126158,0.6354102405922271,0.8177834329817388,0.6348424967638343,0.8281991892295265,0.4707973868104359,0.8720535462279748
1.0,0.5131751074565504,0.36130381098220105,0.4651165044683993,0.5565402464220378,0.0,0.6748920419494141,0.8122565082609101,0.632366615792089,0.8197960816036359,0.4693608604423616,0.8807306157009801
0.0,0.5914782283685289,0.3590536598523636,0.4430925333257139,0.6151540792944584,0.4808499763606174,0.9346082665021592,0.8473094930459002,0.6295725948376033,0.8129610851598897,0.470822646039065,0.9051489859279868
0.0,0.5118669407587364,0.3540494465472417,0.4149771682372785,0.6125010161001779,0.3664741130938794,0.9746328437917212,0.8508565505111791,0.6263073462234215,0.8063399522579734,0.4721994442533105,0.8755400882995275
1.0,0.4776677256587555,0.3509172825574821,0.3955097552693048,0.5846305293810944,0.4443407041810131,0.7636849132176234,0.8507877710035419,0.6234080267909482,0.7999686793311135,0.4720531977539174,0.8827285125446661
1.0,0.4391702485516724,0.3492759357802896,0.3887445613099183,0.5463090104508557,0.4479263155691726,0.4601691143747208,0.8269114562095613,0.6215703318834173,0.8015111805830423,0.469924789443708,0.8246489550555808
1.0,0.4298262007101477,0.3493781995644941,0.3847901682135344,0.5380628202284385,0.4619744389911423,0.5011125945705381,0.781349945222035,0.6194077107808204,0.8036967074758,0.4681673948479828,0.7604008733094794
1.0,0.4193608671276397,0.34963050343581425,0.3813505904315205,0.5255161131314584,1.0,0.3284379172229638,0.7873239367425042,0.6184748187357493,0.8058705999399288,0.4693250781647776,0.7539330830405309
1.0,0.3595589609418803,0.35109868113025705,0.3874686407744444,0.4413353375535799,0.40817711758244396,0.008104457451598683,0.7412465794477006,0.6170803849257877,0.7995944972513046,0.4666691534255252,0.701857522855802
1.0,0.4059054382358438,0.3557678202309333,0.4197480350443452,0.4891115344439044,1.0,0.2863239757207883,0.7077460464065162,0.6166360436915799,0.7972095387618695,0.4627765548943085,0.6380773558054109
1.0,0.3864698187254718,0.35836533379099045,0.4414126767017464,0.4693136330875208,0.39201922944348105,0.3147761760242782,0.7825339353177858,0.6157592781880411,0.7991810875698283,0.4748010222703321,0.7650742267890235
1.0,0.3982433190057934,0.3604114464822732,0.4525343984149362,0.4863103236234798,0.5424109431059919,0.0037807183364840743,0.8242094041238227,0.614459884476536,0.8040844435193356,0.4779079526310375,0.8165166506763538
1.0,0.4974771070827884,0.3625105285686895,0.4602734297040424,0.5558927589960575,0.4408812049312069,0.1951219512195122,0.7772870414494788,0.612307777232625,0.7968081421047676,0.4723599441865202,0.7380127580726669
1.0,0.5490562511680059,0.36227251783139824,0.44468049809759896,0.5802872622430509,0.5061855698592618,0.67937033968517,0.8638951800303613,0.6103433620985393,0.7873248220839476,0.4834134493804722,0.8538900403541797
0.0,0.5798916090450383,0.3624526253425279,0.4415530690270509,0.5655170844521146,0.4948201900621019,0.7878787878787876,0.9279682042161836,0.6079614297611909,0.7734816714484606,0.490731668531457,0.9346230293984692
0.0,0.4352457484582323,0.36275075115277977,0.4411725475338526,0.4271635809553703,0.4820442290307814,0.4452690166975887,0.9447012758598664,0.6053688256757218,0.7648478762207549,0.4897761837251736,0.9547936653726652
0.0,0.42029527191179217,0.3652975014447337,0.4571919012304622,0.411962225717375,0.4031421084416677,0.4774273345701912,0.9363249143940772,0.6026353756669619,0.7526159318390816,0.4890613983330037,0.9357403871595192
0.0,0.4954214165576529,0.3663570849568779,0.456850583265527,0.4469220767967247,0.0,0.8361162646876931,0.9758190902436268,0.600748398269712,0.7536943783170325,0.4921337423990893,0.9766032357527394
0.0,0.5169127265931601,0.3652584204379728,0.4390334876864928,0.4197654193355928,0.41838883809841343,0.9202226345083476,0.9733528536126436,0.5989324207192391,0.7526641923843913,0.4902680518001351,0.9966251225318584
0.0,0.5113062978882452,0.3639711825365132,0.4340013920397601,0.4674362390211788,0.3962012819807685,0.8946716232961578,0.9248976904823901,0.5982053254493284,0.7580819883720237,0.4882654898504808,0.9306189609298424
0.0,0.5075686787516351,0.3633512827942696,0.4354699591418812,0.4916234465870937,0.4547845417838744,0.9162436548223336,0.9250254238537158,0.5967070694622661,0.7566493311472007,0.4868781149531856,0.9560495728889512
0.0,0.4490749392636889,0.3624694986228114,0.4382903410519367,0.4691399109911204,0.4813432628216133,0.7433962264150936,0.9650698357643612,0.5947924766040783,0.7585371755065359,0.4900544623514469,0.9988166923400088
0.0,0.4580452251915531,0.3625718473315588,0.4477377504755341,0.4307707247337703,0.4729146247526903,0.7459119496855352,0.9543746223268104,0.591903131391578,0.7586077135498634,0.4891059718362055,1.0
1.0,0.4488880583068588,0.36175996709994906,0.4506405817784279,0.4207187667463538,0.4421301522241529,0.7534591194968562,0.9413359928076288,0.5895008130961633,0.7578024690066025,0.4876390195896406,0.9985228519195616
1.0,0.458792749018875,0.3607799617722097,0.4581418180768961,0.4324585804552364,0.4369508896184567,0.6351981351981356,0.9345464728394636,0.5871218749074313,0.7562890261037697,0.4868455804419333,0.991483087215828
0.0,0.45019622500467216,0.3597426273804326,0.4563367623881223,0.4217105710136969,0.4582766170997402,0.4778554778554789,0.9371158787319022,0.5844189239264143,0.7504953678178349,0.4874986782581773,0.9961218179256542
0.0,0.4748645113062978,0.3599424397781173,0.4626992796417572,0.4006063953086658,0.4247392785642893,0.5897435897435901,0.9048926794039764,0.5823320119892199,0.7493946687618408,0.4841212309101892,0.9505720374204664
1.0,0.4380489628106896,0.35975531014692,0.4639771625002098,0.4044696329359016,0.388667646935084,0.42890442890442976,0.8977789131855226,0.5802603165038059,0.7466540632577293,0.4815710549027525,0.994210452396186
1.0,0.4339375817604185,0.3602282948124812,0.4714075047049207,0.3987607015173886,0.4415300197670996,0.3974358974358971,0.8951898560051879,0.5786922317361837,0.7510884267073108,0.4819051081888043,0.9748865070839968
1.0,0.4778546066155858,0.3607368355234494,0.4769906668683385,0.4041672649887012,0.431531169765008,0.5151515151515155,0.8826474215053868,0.575891757221847,0.747841196842145,0.4837169681895224,0.961377125787002
1.0,0.5058867501401609,0.36045628928553175,0.4752468734516652,0.3891211892536363,0.3850791318067537,0.671328671328672,0.911721501947934,0.5740883060445411,0.7528413222537615,0.4850199843822594,0.9800534730008392
1.0,0.4892543449822462,0.3596953043059136,0.4690474053253895,0.36889780303733793,0.40463912439319744,0.5186480186480191,0.9089555831765326,0.5720801182921559,0.7497857730064388,0.4835918290475364,0.9956640399769368
1.0,0.4599140347598581,0.35977442595104103,0.474687637212307,0.3779375924301116,1.0,0.34032634032634057,0.8942367685422182,0.5705548912907318,0.7463000865768905,0.4855106078307891,0.9955577182682952
1.0,0.4470192487385536,0.3616752316643997,0.4896777663239517,0.40642519303561625,0.3917158604449768,0.2738927738927749,0.8828881497821163,0.5674009982159626,0.7295015138708683,0.4843186377721237,0.9811441937913812
1.0,0.37544384227247257,0.3641144117923048,0.5133659419365697,0.35075591567538283,0.4315087719533317,0.019206145966710067,0.9008936423170832,0.5639516852169942,0.7129343145249409,0.4882226961845123,0.9607213094445392
0.0,0.4657073444216035,0.3677514521335605,0.5447513360486381,0.4780178070693544,0.4479142652379861,0.5126811594202899,0.8849367965453036,0.5601101859678933,0.6938819909911162,0.4866630908604183,0.9244681905139364
0.0,0.4922444402915344,0.3684096204926077,0.5622439235542089,0.4825225527937188,0.5339703042357427,0.7047101449275368,0.8629224412794954,0.5571352463075813,0.6829456103823737,0.4846558086731506,0.8687404816116046
0.0,0.42889179592599497,0.3683292939766123,0.5693462194042219,0.4083004039755723,0.487542219615277,0.5018115942028982,0.8922519884646939,0.5567533196671631,0.6868228563174112,0.486297977974187,0.8967252565593615
0.0,0.4186133433003176,0.3692647089054106,0.5796872206382416,0.4334114990035179,0.5161473202941343,0.344827586206896,0.8415565785142642,0.5572509203504245,0.6985955488228628,0.4726424274145486,0.8973616261803925
0.0,0.4173051766025042,0.3694873258112367,0.5844200063549195,0.4314404679260255,0.5758143541083524,0.3568215892053965,0.8259288918147473,0.5582998350081542,0.7112400925019748,0.4732639696935344,0.8892936297206557
1.0,0.4485142963931976,0.3697899830265988,0.5916112537504956,0.4494904744596261,0.4022487284544193,0.3868065967016488,0.8388152238527332,0.5573012600443584,0.7157194596031934,0.4717192042799716,0.9080701908377404
0.0,0.4771070827882639,0.3696023467928237,0.598210788554959,0.5011312503385801,0.3911862878453802,0.6596701649175419,0.8433350200688776,0.5555908297939037,0.7183613744252636,0.4686057468791319,0.9139364947005773
0.0,0.4849560829751446,0.36829460282168897,0.5902149055934706,0.5165409141918478,0.4459528467419263,0.5907046476761614,0.8589676195903688,0.5540293719126116,0.7164942903143354,0.46749005351069206,0.9295750952725784
0.0,0.5219585124275835,0.36683226491718607,0.5859598801907183,0.5346201508290533,0.5624318085158577,0.6731634182908537,0.8535340384870473,0.5522539837729948,0.7135965976092826,0.4701820901743598,0.9279731993299836
0.0,0.5165389646794992,0.3643476934054808,0.5652906338226681,0.526390631062925,0.5068546340604361,0.5127436281859071,0.8648482674933307,0.5502184326928682,0.7079062231738403,0.4682751717892146,0.9392084147081842
1.0,0.5475612035133619,0.3629922019469877,0.5603838565037885,0.5744079057151529,0.5221608526561431,0.4705882352941181,0.8537305513660102,0.5479846114305321,0.7040377258259768,0.4674733232147321,0.9054296226401294
1.0,0.5268174173051766,0.36215233563792093,0.5559413467304136,0.5848025273987391,0.5298329932564448,0.4874715261958998,0.829195918427504,0.5454538705481912,0.6998913650455216,0.4681793652596238,0.8704731810435
1.0,0.5376565128013455,0.3618965109217849,0.5619608373249211,0.6063275425373083,0.5074691966113345,0.5546697038724379,0.8461058516622533,0.5431577586916084,0.7036678215055743,0.4672552146124303,0.8743352863297567
0.0,0.5634460848439542,0.3609416952763495,0.5607497382880817,0.6393091280109406,0.5273751317280112,0.5489749430523909,0.8499820681997946,0.5399730993196817,0.7034273981805028,0.4682252637257798,0.8661795147498776
1.0,0.5445711082040741,0.35999611314986457,0.5587461002117868,0.6167570840273118,0.5805407739907846,0.4507772020725394,0.878741728036001,0.5378197613190446,0.7041126970032261,0.4694944686934488,0.8792141200909934
1.0,0.5313025602691085,0.3599977306741867,0.5630955774631881,0.6391886538308589,0.6020735212015923,0.4439918533604884,0.8559167571444712,0.5351347188845751,0.6952602496360959,0.4690308891542137,0.8614030852954729
1.0,0.5397122033264812,0.3604773863521588,0.5663265610114423,0.6502273772173569,0.5979907622837158,0.4012219959266812,0.8746788242634451,0.5341358199551872,0.6972530988235062,0.4724702473691523,0.8593939128786222
1.0,0.5264436553915156,0.3606558121594601,0.5651935956507979,0.6262857159181842,0.5676991093450129,0.4052953156822812,0.8384369365607298,0.5328235925220978,0.6996493974038079,0.4690643731974338,0.8392558721670305
1.0,0.5541020370024295,0.3614331823338588,0.5732083414261252,0.6135647476277172,0.5819069528825943,0.4297108673978068,0.8261204918717359,0.5322847279831157,0.7089182699056487,0.4709716022217855,0.8265337325150584
1.0,0.5823210614838348,0.3617262264974054,0.5826095686141607,0.6641657218194971,0.5244935307253186,0.6770428015564195,0.8286505951883818,0.5294882859429048,0.7026743998801088,0.4714963047122947,0.8243007801110787
0.0,0.5946552046346476,0.3605838288564521,0.5872579982803879,0.634245427666322,0.4591560371287663,0.6906614785992211,0.9006971294381205,0.5268631048057729,0.6965833229282008,0.4807789072649502,0.8744284281864018
0.0,0.6129695384040366,0.35897763402898675,0.5894372911681737,0.6533400123132577,0.0,0.6685393258426963,0.9056836437418018,0.5244004774871046,0.6894930344252231,0.481037549313603,0.8941223662542754
0.0,0.6542702298635771,0.3579399137078282,0.5970370027965216,0.7500404559004149,0.5126392046639588,0.8878091872791524,0.8872703869829867,0.5239873459022558,0.6980410608150759,0.4817204265110345,0.8774015116328168
0.0,0.6279200149504767,0.35571137982198586,0.6012662579705557,0.6806533245265314,0.4270360377266697,0.9369287020109692,0.944106824401004,0.5239506836661955,0.7100607016030093,0.49089627163621397,0.9813086742952049
0.0,0.6282937768641373,0.3528528840969355,0.5976681624532156,0.6810851879318619,0.4773090010110216,0.9765765765765759,0.922367587165744,0.5230443117827225,0.7185286825870841,0.4898404237816622,0.972265619502034
0.0,0.6279200149504764,0.3495026268647977,0.5918267510351125,0.6824925157875859,0.0,0.8732525629077352,0.9441903423745632,0.5215671779390866,0.7267844694158893,0.4899301697112429,0.9992821855339272
0.0,0.6120351336198842,0.3463454213518068,0.584858607806211,0.645930824755666,0.5521921023279666,0.9002795899347629,0.931903374617414,0.5193985034786349,0.7342106640550623,0.4923421245016845,0.9898674040984188
0.0,0.6129695384040368,0.343487763000593,0.5768617166328838,0.6478173128565152,0.5292955982968042,0.9658965896589672,0.9333330058118684,0.5173031449794004,0.7397460148165832,0.4924527466852587,0.9945259873785716
0.0,0.5679312278078864,0.3402582588393032,0.5573826325934496,0.6318736388585997,0.688498656730842,0.9671052631578948,0.92000943261819,0.5153390999759823,0.7483995099178096,0.4910092137639255,0.9927246904007944
0.0,0.3975847654435672,0.3158276148000981,0.6709542412736866,0.4614065122252405,0.4483048924736519,0.3143438453713125,0.5311792246584358,0.9876416516802424,0.3621795260509752,0.5148829710661211,0.8304071745702466
1.0,0.38597306084533217,0.3165291225109107,0.6762546579460345,0.4442324912285521,1.0,0.2339776195320451,0.5503146662474392,0.9869499786981384,0.3734012125176319,0.512543642142056,0.8441504231124378
1.0,0.42452392011147255,0.31778023161341395,0.6905714839449727,0.4932317816834885,0.5205015651153153,0.07364975450081802,0.5056325503932712,0.9871529967170954,0.3794693767671601,0.5132126448304439,0.7967542406112043
1.0,0.5088248954946588,0.3204123572754235,0.6916886915784569,0.5340292034331309,0.5999677309952992,0.03170028818443888,0.4443696603766172,0.98907596165884,0.3873330370821911,0.5125066462338401,0.7553474075666925
0.0,0.5378541569902462,0.3209568436512822,0.6854472576998081,0.517473822730595,0.4807377733072926,0.38369565217391305,0.4523529960844807,0.9914210967093784,0.3924143193425438,0.5129254659326258,0.8019024248327156
0.0,0.6084533209475154,0.3204079688271735,0.6790167559234086,0.5397933892283899,0.4199800396177759,0.5041152263374484,0.4652982819861557,0.9922003182759694,0.4032666755754648,0.5137651400301384,0.8346952199046259
0.0,0.6769623780771018,0.3180385106546257,0.658940131503701,0.5623324164784146,0.5048030915920624,0.6800364630811299,0.4500587082225904,0.9924233138150031,0.4118320321707691,0.5127758354825722,0.8094539382976842
0.0,0.6776590803529959,0.31608862131765714,0.6578634960961443,0.564722109876309,0.5239182140195807,0.6837416481069039,0.4829353128730672,0.9919582176922468,0.4167895854843183,0.5149566290052425,0.8754822469863516
0.0,0.5975383186251743,0.3159133079623572,0.654254225390437,0.5216204693996549,0.5277814317374845,0.5746102449888638,0.4838097951844516,0.9911112013477468,0.4144578965020765,0.5150564339747568,0.8669061563175934
0.0,0.6305155596841617,0.320089646887932,0.6841987914888448,0.5119471978299203,0.5046092555363126,0.6792873051224944,0.452490555099755,0.988750172991494,0.404933441998414,0.5130030892648807,0.819282289993296
0.0,0.5696702275894103,0.32077497540459243,0.6913984013465029,0.4879152641905306,0.472609011753673,0.6562731997030435,0.5130951269718839,0.9856792075852584,0.3896700366259367,0.5136055825052577,0.8716622183993827
0.0,0.6291221551323735,0.3222316001570931,0.7116034185730105,0.4994553003101399,0.491226181904187,0.8025241276911652,0.5378704881871192,0.9824611923581102,0.3763916882470584,0.5154508427490749,0.8637185827946923
0.0,0.6539712029725966,0.3199820110491549,0.7208577456996244,0.4743356824689921,0.5187793155080933,0.8700816629547141,0.5695483642759236,0.97969458939292,0.3588682834100462,0.5139864191718035,0.901887245911178
0.0,0.6374825824431027,0.3152065810499036,0.7328811438898388,0.44795834850395977,0.5068265428747335,0.8960653303637709,0.5868316719807025,0.977193783229672,0.3452527061900388,0.5115209181071798,0.9127654730131424
0.0,0.6639572689270787,0.30910045301793543,0.7313054829626541,0.4699694088318917,0.0,0.8277654046028211,0.6078929397835411,0.9746587407276592,0.32993605369337065,0.50934756105238,0.9151435040540368
0.0,0.7275894101254063,0.3029947216905211,0.7316199618585186,0.4793719595813739,0.4528583018844123,0.9472902746844836,0.5998359117460662,0.9725064470425164,0.3221658506259182,0.5088450487599274,0.9034177871662216
0.0,0.7213190896423597,0.29587741410173163,0.7215873921604982,0.4671501796370623,0.5017296122712541,0.965465465465466,0.6087084682312371,0.9708578865232956,0.3144224056694737,0.5094554826554583,0.9169712991891928
0.0,0.6848583372039015,0.287724765213918,0.6958107546034356,0.4806490859229936,0.5380231747781601,0.9555214723926382,0.6253629347233342,0.9702160610409002,0.31476821409745226,0.5069432320140335,0.9282100256776756
0.0,0.6709242916860196,0.27934391736287895,0.6596063415034791,0.4751103780956156,0.5005890711875005,0.9205648720211828,0.5969127826714942,0.9693507330539624,0.3168613912744665,0.5084008223467535,0.9249212593445236
0.0,0.6799814212726429,0.2726192899956337,0.6292781118327018,0.486812427933404,0.5043134822316312,0.9629302736098851,0.5687082717183576,0.9690483998167128,0.32602733340460466,0.5066086913008683,0.8860189483537194
0.0,0.6463074779377613,0.2639481596409711,0.6033708754005279,0.5043747740256669,0.567732540989677,0.9454545454545452,0.5657409272460192,0.9690940883700292,0.336038378724192,0.5063489951588641,0.8890673817625254
1.0,0.6946121690664192,0.2557886201050311,0.5947145702458289,0.5392077253092572,0.6369023058419322,0.9749276759884284,0.5337977587706151,0.9700380548412048,0.35215867733349804,0.5075721826914087,0.8864047459428004
1.0,0.6163492800743149,0.2456698316418906,0.5752733422228735,0.5304638543300226,0.5970018651710548,0.7979797979797979,0.5113314238831926,0.970740792172978,0.36445026697735294,0.5095618681094003,0.8842607232756113
1.0,0.5924291686019508,0.24109686720519186,0.5896107539252633,0.514238452533133,0.5129810902282651,0.9422776911076436,0.45327660661560604,0.970060217039902,0.3749874147659956,0.5057007176331587,0.8076957132195756
1.0,0.549698095680446,0.2387115934214532,0.6036415961549108,0.5176633463175546,0.4710846935190123,0.9358974358974362,0.4128833843448017,0.9684221422996876,0.3777485466042,0.5029376121693906,0.7492884880529241
1.0,0.4728286112401302,0.2360703825984085,0.6079649429829449,0.4976201643113577,0.3660290637161721,0.584935897435897,0.4532864322595544,0.9668619232443736,0.3846287879200714,0.5021764514155406,0.7851929620400468
1.0,0.4723641430562007,0.2371396721370399,0.6169342458795329,0.4968509910943094,0.4477069771736039,0.284299858557284,0.4524266884140921,0.9645147687752814,0.3873269826594175,0.5021516106144432,0.7754721277053265
1.0,0.3915466790524849,0.23904926010677466,0.6303087025875331,0.4761131423496029,0.4888181716569677,0.17397454031117351,0.4271305680696046,0.9628605460350124,0.3882732201694742,0.5004669965841297,0.717760603109149
1.0,0.4561077566186718,0.24425511651205525,0.6763746640434509,0.4827369831442933,0.5103612296207862,0.4540311173974541,0.4209600636701728,0.9613112008853664,0.39119284977665736,0.5037060294739792,0.7146362750926548
1.0,0.43938690199721336,0.2454153122731828,0.7128312569475806,0.5186310176398947,0.5048454888240912,0.452616690240453,0.43874447921630655,0.9619311675875594,0.3966739674851598,0.5013285643609326,0.7234969705402429
1.0,0.4821179749187182,0.2475669414757462,0.7622150537195788,0.5562185252262855,0.4244793299412333,0.7793493635077791,0.3797070975539063,0.9633993786810128,0.4084151771167557,0.5006057226116603,0.6911848413170246
1.0,0.4593590339061776,0.2452762879192916,0.7801438895583147,0.5851308403554398,0.3974822172591991,0.6958981612446961,0.4319107438503751,0.9653300910017903,0.4080867863527631,0.504275380062184,0.7922068887005578
1.0,0.48769159312587107,0.2430038232181603,0.8005799256793829,0.6109217045807821,0.4305794711381976,0.6732673267326729,0.4375899660523999,0.9643234699445472,0.402815381627606,0.5009851539342995,0.7940916047914793
1.0,0.5278680910357642,0.2385470795155349,0.7948744804206493,0.5977728067937655,0.5105171822615953,0.8231966053748232,0.443603260148662,0.962730388383318,0.3869161991400325,0.5015301084831307,0.7675980621576837
1.0,0.5462145843009755,0.23338900275653876,0.7942879121311419,0.615053848808941,0.4808052040133845,0.5318246110325315,0.4484030872173288,0.9613664079880012,0.3770619899170157,0.5018177252033916,0.7894746828237855
1.0,0.510218300046447,0.22987813497382914,0.7954672884883833,0.6322381563787656,0.519845964752984,0.3719943422913723,0.4120531174311836,0.9613035843758531,0.3720499153218565,0.499273827058871,0.7411740895809354
0.0,0.5510915002322342,0.22974583826320996,0.8221420657426495,0.6194469552260606,0.5012450595723643,0.4347222222222225,0.3589504247134596,0.9615754470569025,0.37630658053835264,0.4990887999761262,0.6836017050988525
0.0,0.5782628889921042,0.23055026892507344,0.8545667213858947,0.6250527409588751,0.5088701008926426,0.6133333333333335,0.35075583766071045,0.9618387430049076,0.3885249483840766,0.4984410563459755,0.6917224281214819
1.0,0.4718996748722714,0.2308983009334584,0.8841044508790297,0.578019808074577,0.4923732265919825,0.4580725907384234,0.4310510000049128,0.960952912408882,0.3875160275762154,0.5006741365747782,0.78372566629141
1.0,0.4586623316302834,0.23308430248875425,0.9173475943730636,0.5670394079043729,0.4756274868414849,0.4693366708385481,0.3879360743604733,0.959195334772932,0.3904611944737912,0.4976068870458527,0.703271057591358
1.0,0.5046446818392942,0.23322167599846103,0.9279784683111814,0.5534454347907918,0.477557873725851,0.586983729662078,0.4166171290450947,0.9584117257232364,0.3915656023990453,0.4997635782440013,0.7464930366697448
1.0,0.4547143520668835,0.22983906928964515,0.926731131684068,0.5075554058631845,0.4875248670282395,0.2903629536921151,0.4432593626104773,0.9562938009423021,0.3875846382453305,0.5017454542195628,0.7880516589296331
1.0,0.5315838365071994,0.22939828035947565,0.9338183421665676,0.526658558196363,0.4617335100935451,0.3842302878598247,0.4178698986484827,0.9547959752442524,0.3774541518007805,0.5000831073054021,0.6948467561379766
1.0,0.549698095680446,0.2269024563275257,0.9361395082315176,0.5425319444870311,0.4611912163766839,0.36323366555924697,0.3830527293182477,0.9532170298998658,0.36851322341166304,0.5010190817910601,0.6829882236867073
1.0,0.6191360891778914,0.2266273277797597,0.9499129126883992,0.5540267327282735,0.3660625619165528,0.6162464985994398,0.3597708659831293,0.9529907812369104,0.3683145086830443,0.4992774808311167,0.6438772025247608
0.0,0.6586158848118905,0.22514961540843548,0.9536504425445508,0.5400424990757959,0.4712557404607404,0.7335115864527627,0.4663791028204515,0.9509140321037376,0.3464858100533881,0.5037960633249753,0.7612545378650849
1.0,0.6119368323269858,0.22353575419693594,0.9766285853717422,0.5564563237431678,0.3969714203918873,0.6247637051039698,0.5441982028897221,0.9470343526872936,0.3177468128792437,0.5061223663419754,0.8290853434863454
0.0,0.6439851370181144,0.223164350277392,1.0,0.5908601818610123,0.3956008929308785,0.8799621928166356,0.6046799542124988,0.9444074546103428,0.3001618919029612,0.5071631458824287,0.8599997470179741
0.0,0.6741755689735255,0.2170047757592909,0.9947423471942692,0.6152822456184035,0.4256604561550237,0.8043478260869564,0.6414671651543363,0.9418736226241744,0.2984834553561692,0.5096290182918909,0.9396258395840976
0.0,0.7603344170924293,0.2100939226460845,0.9724942594257868,0.6321115251441403,0.0,0.8916334661354582,0.6668517162943568,0.9400609093420206,0.2980259127217736,0.5078923994323954,0.9493466739188179
0.0,0.7816999535531817,0.2006377132364635,0.9374394966704114,0.5989269430429991,0.4090602969471691,0.9383656509695292,0.6847638652118164,0.9364350814792431,0.28877520694555936,0.5055599611372485,0.9612368291232908
0.0,0.8604273107292151,0.19165922564659388,0.9135806348135548,0.593156984810369,0.4375464310669709,0.9820612029546252,0.697645284427828,0.9351317517826676,0.2930966837163511,0.5066448251719465,0.9546592964569866
0.0,0.8300046446818393,0.18047396435316776,0.8773614563971757,0.5806954891536561,0.4301410925329442,0.996039603960396,0.6878294661236356,0.9337452681902416,0.2965901801847713,0.5053140389756553,0.9959522875899663
0.0,0.83743613562471,0.17198685986976492,0.8512943224605719,0.5876376991364219,0.4969166950424539,0.976337115072934,0.6603225758908171,0.9350167108339285,0.3139360947397508,0.5036208800367877,0.9997795650082829
1.0,0.7805387830933582,0.1630274957169372,0.8211884336816817,0.5622142943821437,0.4678696742086653,0.8094814814814817,0.5869102771322876,0.9354718102280264,0.32500500200086635,0.5013951488867169,0.9912634591795008
1.0,0.8088713423130517,0.15749493713792484,0.8112396778945741,0.520300718985873,0.5129719310049988,0.8343703703703708,0.536509636500302,0.9373300988130708,0.34705579239372264,0.5013918885059963,0.9434510017718409
1.0,0.7935438922433815,0.149842940264448,0.780839476780367,0.5156404598402795,0.5394991645012843,0.7588869044189666,0.5326530712506568,0.9370246681956051,0.3565692909434077,0.5009365210650623,0.9655308709281716
1.0,0.8362749651648863,0.14401845062421748,0.7624311635674601,0.5282379787303543,0.4857421170066017,0.7789071621400309,0.5155220610270743,0.9366922236420588,0.3654942787406419,0.499796427246016,0.9324246967425374
1.0,0.9080352995819788,0.13846607193465432,0.7374175020624405,0.7075558377581502,0.0,0.9484176426613508,0.4989609381524839,0.9359763605487288,0.3734863103689071,0.498415714317061,0.9340261687338146
1.0,0.8999071063632141,0.12827222136417848,0.7121464607804628,0.6481702435078521,0.5082547047310091,0.9813107400946922,0.5186760927344278,0.9357428391031648,0.3866110019252715,0.4998391081544306,0.9707509881422924
1.0,0.9013005109150024,0.11755860827215925,0.697638080420169,0.6535505749481529,0.5316065561570661,0.9888653234358428,0.5149767377879527,0.9340188706907578,0.39553106561189255,0.4995213256266453,0.9729726046067869
1.0,0.8457965629354391,0.10598126367687556,0.6645479968086467,0.5686454142614163,0.602272315003994,0.992460958535272,0.5024490417540739,0.9321529911506172,0.3872077037111601,0.4987492390006775,0.9350415701240284
1.0,0.7963307013469578,0.09392674486804453,0.6245307553978684,0.5478104709225528,0.63706425965113,0.9962335216572504,0.4930508133176781,0.9298013559256284,0.3739888721154549,0.5017541759005794,0.9271091726863842
1.0,0.7830933581049699,0.08349813679040441,0.5756513755053525,0.5454494157700452,0.5870803038218407,0.9229773462783168,0.4816628919817834,0.9279504971339428,0.3645651399549629,0.5010143511587705,0.896558538912362
1.0,0.7273571760334419,0.07434711398269545,0.5395583963165577,0.5397771084541043,0.5637278759549673,0.8355987055016182,0.4685309188450938,0.9261869453189668,0.36740090468244346,0.5000941059445545,0.8739948207714321
1.0,0.7159777055271714,0.06782512745249025,0.5088473806070449,0.5337137175016697,0.6568576286882817,0.7980582524271841,0.4772413522051203,0.9260399855803804,0.3757866225939719,0.5007457102499254,0.8898528008722911
1.0,0.696237807710172,0.05936365922958964,0.4588041151329233,0.4966407840864002,0.0,0.8233009708737862,0.4554087713523525,0.9254973054089398,0.3817339675961916,0.4989215272272374,0.8972127572577342
1.0,0.7747329307942408,0.04989073340651595,0.41014335574776695,0.5090129523288927,0.6598813972191587,0.9087378640776698,0.4562390382659701,0.924363090670345,0.3862672060490453,0.4990391361698044,0.8832288401253916
1.0,0.7227124941941478,0.03776352797729643,0.3558332325306307,0.5394794770729162,0.7322039067918068,0.9958298582151791,0.4767107674319208,0.9215762221590416,0.3818780150436272,0.4968995783637091,0.8957339512062151
1.0,0.6010218300046447,0.028825057658581343,0.3197749105606911,0.4702022872104845,0.5852820938983476,0.9169230769230768,0.4399088180241612,0.91755547719035,0.3691193338551194,0.494294936807014,0.8237767479896415
1.0,0.5859266140269394,0.023441344536921482,0.2926512121041497,0.5098204954011628,0.7275439494384418,0.8707692307692311,0.4668949491277285,0.9146545019112768,0.3599232351567643,0.4965109093646173,0.8063172958975059
1.0,0.5181142591732468,0.017507417140268378,0.2625191173962302,0.4489919655939802,0.5179813481522375,0.8672985781990526,0.4341264265606808,0.9119164689769054,0.3511248794963626,0.4977064140426675,0.7724955703966201
1.0,0.4839758476544359,0.01538787918164186,0.2377377300946921,0.4607591266594686,0.4986813738346306,0.8863450531479967,0.4052095564213037,0.9114361780229088,0.35274846280466376,0.4955580909391003,0.7157012402889464
1.0,0.4491407338597307,0.013787339098863871,0.20871983497004293,0.473107471667983,0.4450327022896758,0.6815384615384616,0.4318026617669458,0.9107393515047414,0.3553603632656702,0.4976111889231361,0.7698855117895598
1.0,0.42359498374361376,0.013299798202173974,0.1807978134217372,0.4963835074286193,0.4606914371141028,0.6200000000000002,0.4356051859748761,0.9102988049869072,0.3592588724181224,0.4942056180849842,0.7705601744582253
1.0,0.3757547607988854,0.012067999716876443,0.1544173430066293,0.4978114672600241,0.4407914872074987,0.4306666666666672,0.4463151378783485,0.908903113079778,0.3612660757289139,0.495055708665746,0.7862545999727406
1.0,0.3936367858801673,0.013318535687744215,0.13951853042442866,0.5177718193971512,1.0,0.3082614056720099,0.42813278375231534,0.9074406262830316,0.35586270321800817,0.493732891900545,0.7458566171459724
1.0,0.2886669763121228,0.014809988270991337,0.1282363163374547,0.4591136562623279,0.587323806015905,0.07719298245614081,0.41698067787117626,0.9057930563054508,0.3534458735130903,0.4928933601922876,0.7262709554313753
1.0,0.2793776126335346,0.02073429518637515,0.13640604254942312,0.4533250976227733,0.4515675106231966,0.04339051463168512,0.3672678323155599,0.9055891792337708,0.3606139574011201,0.4889760012919554,0.6456930625596289
1.0,0.2935438922433815,0.024851652787830303,0.14688405006398592,0.4658659309477268,1.0,0.13922764227642315,0.34912969358729345,0.9063606378840322,0.37549479970289423,0.4874189107602656,0.652139839171323
1.0,0.28797027403622866,0.02670642295165282,0.14111049732254144,0.448668585072544,0.4649148872167303,0.02706766917293264,0.3698224997420768,0.9066304708019668,0.3883580718522817,0.4890780969859064,0.6974717186861114
1.0,0.3764514630747794,0.0318605528350514,0.15650708996337204,0.4939493815165381,0.4713088641308966,0.1751505199781056,0.3828709549052072,0.9064287662884244,0.3960462277605389,0.4901725350199325,0.6871064467766117
1.0,0.2998142127264283,0.034939348654788434,0.15650041620356347,0.4842501826949915,0.4952810464237024,0.12807881773398958,0.3947894610143015,0.9053514404157508,0.3998284357510196,0.4910812658404163,0.7261823633637726
1.0,0.2626567580120762,0.04060815674007956,0.1740170314863625,0.490842822052502,0.4713059529151323,0.013948497854076765,0.4044235049054528,0.9060787799640077,0.4133184878613197,0.4918691358917499,0.7250715551315251
1.0,0.2805387830933582,0.04678479120070711,0.17784010622782875,0.5058841874516363,0.4886570366573242,0.11942593541773446,0.3364202231403741,0.9049158173175316,0.4130649161615235,0.4900435248345068,0.6704988414883466
1.0,0.2666047375754761,0.05316510030918586,0.1842363548201219,0.5569362686807257,0.4874835165164367,0.0966292134831457,0.3372357515880697,0.9034348682909399,0.40675962231656415,0.4901602220311472,0.6293716777974646
0.0,0.2408267533673944,0.060839577116024064,0.1967952970168212,0.5463488462076829,1.0,0.18293164757013028,0.3398493728782748,0.9005173007551112,0.3877162440934221,0.4904190912082492,0.5978601608286764
0.0,0.16418950301904334,0.06674820866193043,0.20486119611800316,0.4877374600087851,0.5102145615704603,0.019547719432732508,0.34695331345278024,0.8983390407237725,0.3726386234005065,0.4910216439569127,0.5922516014719909
0.0,0.19159312587087804,0.07553542245653799,0.23057418735702456,0.46784190682916,0.4846948925490875,0.003623846215295749,0.2880338395177576,0.8957194725996119,0.3595310076933221,0.485997611681476,0.4893757666621237
0.0,0.2194612169066421,0.0841863570692094,0.2553090008347405,0.4918191016639259,1.0,0.0567092651757189,0.35776643461770874,0.8937169562977799,0.3508677961665204,0.4883419647744216,0.5352119394848028
0.0,0.2166744078030656,0.09091729645463943,0.2845743092142321,0.4909754054596056,0.5344108234422263,0.06368089573128037,0.39991353433325627,0.8926098722607155,0.34684411592682873,0.4882717955050132,0.5830039525691697
0.0,0.2299117510450535,0.0977153781339416,0.3171664025929607,0.5133224902675881,0.6192259919374886,0.0018539117538004138,0.3748434037995766,0.8918551246853271,0.3439907260814954,0.4898046215588602,0.5665121984462314
0.0,0.25197398978169994,0.10627345296966396,0.3576024063216631,0.5314632573235157,0.6216537187747609,0.058548009367681474,0.40884995750408987,0.892050932982858,0.3437175060483174,0.4890434472504544,0.5830039525691697
0.0,0.2166744078030656,0.11468571042673505,0.3908633503974805,0.5128246180946262,0.6723010896062405,0.0983606557377053,0.4045905408525709,0.891926214419753,0.3427521084554899,0.4886106842799303,0.5960610603789012
0.0,0.20993961913608933,0.12345088985885055,0.4143519784415649,0.5116107391667527,0.5475313521129438,0.040800615858352665,0.4020800888238212,0.8909334954581068,0.3382157670740238,0.4883593711304875,0.6032233883058469
0.0,0.22735717603344185,0.13067243054541822,0.42425788541209736,0.5254685024710937,1.0,0.13779830638953086,0.4832251693695376,0.8895453175368554,0.3332464962924723,0.4916168436641348,0.6569578846940167
0.0,0.1980956804458896,0.1369581940161705,0.4246388909636248,0.4547653607731767,0.5019608508146725,0.0221543162719638,0.4999484153692722,0.8883536832734008,0.33231799897769176,0.4929977140936515,0.6864794875289626
0.0,0.2329307942405947,0.14504233908585906,0.4520076430338874,0.4845257646816871,0.5629341412296087,0.1445880452342488,0.4411075465858345,0.8893645003090763,0.3435061935299686,0.4917603536412383,0.6324860297124166
0.0,0.2654435671156528,0.15036277978934975,0.4685915077804729,0.4717139595354529,0.5787983239274956,0.17857142857142866,0.4898820431444025,0.8914295082385079,0.3614352991774944,0.4957421028872048,0.7220253509608829
0.0,0.27844867626567604,0.15313919117382824,0.4845721740464275,0.4291081115752799,0.5021582705454294,0.2086614173228346,0.5025915135913219,0.8942960785249082,0.3834847735356708,0.4966009290630462,0.7729317159602013
0.0,0.314909428704134,0.15639205708452575,0.4853298850831158,0.4820417291132678,1.0,0.14094488188976376,0.4467916816098335,0.8966973874118301,0.4068567695459243,0.4953938353540792,0.7651219844623138
0.0,0.2775197398978172,0.16040935310000315,0.4912892188476167,0.4071865454771724,0.562896242422619,0.011811023622047136,0.4109329940210957,0.8965438401631062,0.4069541651642597,0.4962025600480349,0.7290786424969333
0.0,0.3673943334881562,0.16887881524516646,0.5146750084797405,0.4571134453339286,0.5765464521000525,0.14487632508833928,0.40951318847058976,0.8940435126043457,0.39444065881291934,0.4962746411609034,0.6697969197219574
0.0,0.3836507199256853,0.17360544621363794,0.5233880293381844,0.4256694396485276,0.5643246479030507,0.1686417502278944,0.5181012925634612,0.8919397844212121,0.3807171752540132,0.5015629693907931,0.8031688701103988
0.0,0.4036228518346495,0.17964318026709514,0.5375536862594823,0.40490219646866665,0.5855206235809005,0.009523809523809622,0.5048661501653164,0.8896648144313529,0.37497712822563145,0.5003373698253408,0.8038639771023577
0.0,0.3810961449140735,0.1861126971330428,0.5705157068478041,0.3849696880708324,0.4999853826361205,0.06299212598425223,0.5479515988779113,0.8880566927503578,0.3748029323347437,0.5002594016372464,0.8229112716369085
0.0,0.4252206223873667,0.1926867690552242,0.6082293516288642,0.4309590224790524,0.3855345111051312,0.22639068564036235,0.5546772521604135,0.8836237221187632,0.3567433626637009,0.5007744815840817,0.8379378492571894
0.0,0.4688806316767302,0.19599917989971335,0.6327647383801489,0.4374390885508756,0.31323447961089285,0.3868046571798184,0.6672545676962303,0.8797216716046318,0.34474248278668784,0.5064833377915228,0.9201921766389528
0.0,0.4305620065025547,0.196410556521733,0.6226297913648183,0.4331249443794896,0.4202829495618871,0.25226390685640315,0.7110622012390136,0.8773377306278106,0.3425806748666941,0.5064066789933458,0.9612034891645084
0.0,0.4925685090571296,0.19833823967248265,0.6070177456538858,0.4693003834687064,1.0,0.3868046571798184,0.6431227861595981,0.877247404222797,0.3549358913434193,0.5039626807944729,0.9405002044432328
0.0,0.5248490478402229,0.19761661295197808,0.5851459921716878,0.4598047725210531,0.3705823768666353,0.4282018111254847,0.6293423205223312,0.8766975589510021,0.3623514243119814,0.5064800147900976,0.9341420198991413
0.0,0.5387830933581049,0.195979292649176,0.5743536912868598,0.4768348538880662,0.4141162530640497,0.2948539638386645,0.6802637202835677,0.873022022205694,0.3492957760794213,0.506964638676507,0.96579721219647
0.0,0.6028797027403625,0.19560762141631804,0.5853715500205148,0.4957493100824936,0.5084185467652077,0.5010799136069116,0.6935086883256611,0.8711559048070182,0.3464067801342846,0.5082500835766249,0.9491768269801526
0.0,0.6586158848118905,0.19618111212699046,0.5912593806307447,0.5291835542036649,0.5449797911326472,0.7597402597402602,0.6355865172513743,0.8690790634239348,0.34214538878439915,0.5027965071434312,0.9503162376251136
0.0,0.6421272642823967,0.19579589085870447,0.5940281766010478,0.4876261632200487,0.5188961784872199,0.8515769944341371,0.6726046308259926,0.8691438451284822,0.3472105395906557,0.5021298460171558,0.952861148826134
0.0,0.6351602415234558,0.1946658005351192,0.5958689439030306,0.4718739258188983,0.5405869658185448,0.8988868274582564,0.6611577556264089,0.8695624672711685,0.3601487758770009,0.5008393620194007,0.9746873443544588
0.0,0.617974918718068,0.19368852865193772,0.6221346479393661,0.504464055945651,0.5184887014645002,0.8766233766233767,0.5877700209777498,0.8683161195520642,0.3617194359805965,0.4981327674460186,0.993018928636383
0.0,0.5666511843938691,0.18937650019936134,0.6224125797142511,0.4335128219939962,0.5104032588237625,0.9860853432282004,0.6339014193142679,0.86873503670035,0.3761015385639472,0.5021791785519819,0.9606444107589802
0.0,0.6518810961449142,0.18373871856935586,0.6156410580129347,0.5022001389032678,0.5329750259323667,0.8988868274582564,0.5665908454475332,0.8688481991934284,0.3842011051872184,0.5000526123234235,0.9596855501110444
0.0,0.6316767301439852,0.17614836334442208,0.5827905184694615,0.5333069384059551,0.5927820307604205,0.9616548940464176,0.511483721364389,0.8720083331584382,0.4085524655340299,0.4954587276919483,0.9649874854584553
0.0,0.5657222480260103,0.1711088732852175,0.5723102763975516,0.5354739568374353,0.4712038166342344,0.8189158016147635,0.5059224068897418,0.8721761381976602,0.4160770562973791,0.49878581052762105,0.9995068307619832
0.0,0.5694379934974455,0.1683262386467702,0.5661890961229479,0.5384134048435283,0.4295037151354541,0.8154555940023067,0.4845074159047696,0.8716952449691046,0.4211351961042942,0.4973419330315912,0.9859175256165831
1.0,0.5582907570831399,0.1658986389153807,0.5631137530464887,0.5307108776394882,0.4926585282293029,0.7001153402537484,0.4503240006091901,0.8712841350371344,0.4297158391478765,0.4945526599488297,1.0
1.0,0.5222944728286113,0.1647390414042178,0.5718935956905972,0.544877359892601,0.4362823223688975,0.6839677047289502,0.42957224059071797,0.8710784246795863,0.4414582073458878,0.4930978391639168,0.9817780360255668
1.0,0.5051091500232235,0.16450979099586027,0.5825097585426808,0.5802168671794383,0.4523775004679129,0.6170703575547867,0.4334877597040516,0.8693101916751459,0.4441854519571122,0.4896812689329903,0.9950352777190468
1.0,0.5276358569437997,0.1627618512976361,0.5828588955945639,0.60010917447947,0.4913820570105971,0.7877739331026532,0.4180614987054712,0.8687743030438005,0.4516535946819288,0.4885814023727938,0.9765462455078492
1.0,0.5887134231305158,0.15847301853941553,0.5576978667302372,0.6003225243296686,0.4541132221779855,0.839677047289504,0.4020948272897432,0.8677820368724097,0.4561024907740915,0.4872754021718458,0.9972653048357604
1.0,0.5852299117510451,0.15317738226801447,0.5349377995133393,0.5987485065675133,0.0,0.7658592848904265,0.41005851170971136,0.8649820180052606,0.4479710412668296,0.4879023393225425,0.984671521341656
1.0,0.5731537389688808,0.15124496818897334,0.5262255110765087,0.5853580132073731,0.6432354439976439,0.8362168396770471,0.4357820475659424,0.86068824290037,0.4324404446244202,0.4899425499386785,0.95663892566673
1.0,0.4744542498838831,0.1496987685745511,0.5371613824358967,0.555206689691009,0.5451559110568871,0.7483355525965381,0.4559098791937079,0.8563138393484516,0.4140051797224517,0.4877535988827285,0.9747178614210958
1.0,0.4061774268462613,0.14921240619939424,0.5541670966425984,0.554919123596927,0.5325231189908568,0.6058588548601865,0.4371379864307858,0.8525823449404429,0.4018668290520983,0.486498133704486,0.9896087706415752
1.0,0.3992104040873203,0.1478903647729808,0.5681086885089068,0.5473726050412526,1.0,0.3819444444444449,0.4542100427906791,0.8484110546893927,0.386643844622394,0.4878674826806054,0.9759985655492746
1.0,0.3771481653506736,0.14583074060799128,0.5742886040601959,0.522449179826441,0.5797053771117091,0.11458333333333355,0.42955258930282136,0.8437887470625999,0.3711734134496004,0.4861697371865194,0.8890862207346433
1.0,0.40942870413376703,0.14901434317102513,0.5913675434602247,0.5520094114188234,0.5346219394219129,0.05200945626477597,0.4285700249080073,0.8416193478706254,0.3677803058656063,0.486250583758633,0.83327925681791
1.0,0.3924756154203438,0.1538589565162407,0.6171357051319721,0.5427914089416404,0.5649040587937119,0.2090112640801003,0.3975455541417546,0.8411592677477139,0.3746906492889596,0.4873841006814388,0.8290271350262131
1.0,0.4022294472828613,0.15708153960743565,0.6460057188800004,0.5501949684224747,0.5246633700773125,0.3103879849812269,0.4135220512014305,0.8427683105013591,0.389389588842974,0.4885821016650253,0.8788486825253162
1.0,0.4572689270784952,0.15653806504216994,0.6702461746864339,0.5427154882497268,0.5446068441746306,0.3729662077597,0.3796874462660096,0.8418683794876629,0.3876805970190113,0.4896142833313773,0.8537116412507045
0.0,0.5894101254064099,0.15563802670620153,0.6931326599148911,0.5928447922861579,0.5458740026504747,0.7972465581977475,0.4222079204515866,0.8388694683904846,0.3763443078850925,0.4892545975217111,0.8769873119418026
1.0,0.452856479331166,0.15032996884365024,0.6839243338660647,0.5316801296558703,0.5441161431350604,0.22027534418022587,0.5268903310750728,0.8351814939617758,0.3605171944584712,0.493728634292148,0.9858262606943424
1.0,0.4800278680910359,0.15272515591553704,0.7076261122980713,0.5061782330168675,0.5560583904874306,0.30913642052565776,0.4580027413546614,0.8328045172576625,0.359429900910524,0.4922939745739936,0.9382820008237608
1.0,0.4976776590803532,0.15363510349277287,0.7174115858351935,0.4722007734433062,0.5429133663388922,0.3604505632040053,0.4540086170897427,0.8317296683705023,0.3659584792029905,0.4918832794208289,0.9585556725092677
0.0,0.4856014862981888,0.15411319430168235,0.7359934245326819,0.5112271115305702,0.5436021982279218,0.3366708385481857,0.4568138384369364,0.8304642758352537,0.3736044803295616,0.4922128413409267,0.9264289963846049
0.0,0.4802601021830006,0.1549531903373801,0.7422711750783992,0.5063802044827779,0.5752270625735093,0.27158948685857337,0.4576932335702954,0.8271795349152871,0.3683357951451155,0.4922689435326801,0.9321953228685188
0.0,0.5229911751045055,0.15557362704803968,0.7423169989197521,0.4969858551807191,0.5280474913272364,0.4480600750938679,0.4629597787264982,0.8229760817689175,0.35202045829376283,0.4929063601376166,0.872234680334996
0.0,0.5575940548072458,0.15492481143630066,0.7408060912625428,0.4763883945153975,0.5773516542346061,0.4680851063829789,0.5080545716264878,0.8186378740979242,0.3374704218898886,0.4929281193953516,0.8776165850533156
0.0,0.5513237343241988,0.15351676861266886,0.7358617540077812,0.4688472276866545,0.5169487908755948,0.5319148936170212,0.5061434838785747,0.8142979181921043,0.3176686869847967,0.49282963971108,0.8639970710722619
1.0,0.5204366000928937,0.15362230952332726,0.7604400056473317,0.4438517830059054,0.5381390130241034,0.3668449197860961,0.5324074301519532,0.8100005040494699,0.3006748325693719,0.4951208131984407,0.8460299299803211
1.0,0.4593590339061776,0.1557536203158474,0.7866216573620519,0.4378634292161424,0.5937736039528727,0.31443850267379725,0.5293762189939525,0.8092091718486106,0.2990054933802868,0.4952929053417315,0.7620337741979775
0.0,0.499303297724106,0.1599985498585864,0.8320634588484087,0.4228494920542071,0.5977499373412211,0.4352941176470588,0.4490122771421129,0.8115082426393202,0.3175614059716733,0.488136835360738,0.7633060271841103
0.0,0.5499303297724107,0.16094152324327216,0.859428445742844,0.4716315454426456,0.0,0.7155080213903747,0.4340183444772512,0.8134435154382093,0.33348110954720755,0.4867376130839844,0.7996613427303098
0.0,0.6130980027868093,0.15744342811967815,0.8606078585822801,0.4854948879158905,0.6064442266448961,0.9155080213903743,0.5102407774049492,0.8151422768397353,0.3518603225130448,0.4891976398355828,0.8435586472015011
0.0,0.6377148165350673,0.14985476623365734,0.8447454728013717,0.5080513827006528,0.5891065109351898,0.9291819291819284,0.4357967860318642,0.8173869272394364,0.3745465492438905,0.4829128014551648,0.8496819367534663
0.0,0.6330701346957734,0.1424493490741282,0.8200737585702383,0.5075817268574317,0.515689970959228,0.7780320366132717,0.3903384443057937,0.8223496950428019,0.4117809321282081,0.479232881549156,0.8641984348542402
1.0,0.621922898281468,0.13845725093983885,0.8254639717710731,0.5024515656114491,0.5938984726468726,0.6209016393442622,0.3627971643191569,0.8236403688575223,0.4279266821214307,0.4808512265819585,0.8386160816438609
0.0,0.6446818392940085,0.13661607541598464,0.8329260635383993,0.5267412191854314,0.599675960878333,0.8701431492842534,0.3787147075151439,0.8240053826329853,0.43889280524874,0.4783485420616788,0.8436867877900327
0.0,0.6732466326056668,0.1302947254037652,0.8292738057481652,0.4990575752218479,0.5265453067579934,0.9172932330827064,0.3671106220123903,0.8243392184993831,0.4454508775342063,0.4773980763310982,0.8739645782801704
0.0,0.6999535531816072,0.12026441209773685,0.8005143963763222,0.5269203676192652,0.35296515082016683,0.9923221697348908,0.3606699124043841,0.8232504453674431,0.4429074326787089,0.4768814540264836,0.8879044437325522
0.0,0.7050627032048307,0.11220659295302116,0.7761215254380291,0.5394020214976055,0.3770853712426564,0.81203007518797,0.3934924760131464,0.8217145670854676,0.4314417969872753,0.479408320606241,0.8627705825820327
0.0,0.7359498374361357,0.10941456806097494,0.7703382738839133,0.5309728542957415,0.37216051723281696,0.9391666666666668,0.34620656451272186,0.8208673169839732,0.4294653184751066,0.479574924217506,0.8079172577914058
1.0,0.6871806781235485,0.10440144776507954,0.7502925751144414,0.5069746611324047,0.3754681093196228,0.916101694915254,0.3307360881163747,0.8214456684281203,0.4364926705737455,0.4783689235563176,0.8350006864674381
1.0,0.7424523920111474,0.10081006364947454,0.7447312281664044,0.5492368351467639,0.4112983582456023,0.911929543634908,0.3376729927437621,0.8206673981109266,0.440472271164826,0.4789002839317435,0.8181227403780147
1.0,0.7185322805387832,0.09568216422317087,0.7239565490042913,0.5056812086941139,0.3876011914986172,0.9439184268026216,0.3524802381736092,0.8184452406776659,0.43407531377556696,0.4762980226996654,0.819651274541211
1.0,0.7152810032512773,0.0918358300378419,0.7193829016967918,0.5044646581526403,0.39846525967682733,0.9227967953386742,0.3528044844238977,0.8166811374360526,0.4305453720824126,0.4763358674767772,0.8075145302274493
1.0,0.6964700418021366,0.08825207980815852,0.7098727134044398,0.5426768567443232,0.39654630380130107,0.8960468521229866,0.3529911716589124,0.8138219163003707,0.4228014373964904,0.4763579473503994,0.8003386572696898
1.0,0.6198327914537856,0.08480328695590045,0.6993600221674913,0.5211037763440848,0.40176338794860295,0.7986822840409955,0.3974669489901692,0.8115764950597172,0.4150387557121191,0.4760283381592553,0.8050249416502673
1.0,0.6430562006502556,0.08292371935925613,0.6986683886952076,0.4892175793164264,0.4256840825958311,0.8557833089311859,0.3485450677723793,0.8088242380143714,0.4058793838018343,0.4760882746847229,0.7287721385748938
1.0,0.6237807710171854,0.07728551973269747,0.6791096919156576,0.477637622320581,0.0,0.7935578330893118,0.3625220462886087,0.8076939794709582,0.4018583556989249,0.4771626351700967,0.7266029014690405
0.0,0.712494194147701,0.07277832988231947,0.6603554625801107,0.5035662921009797,0.384420581965966,0.9502196193265008,0.3655434318026619,0.8067034942462276,0.4058917946505435,0.4774090740312862,0.7164614891766969
1.0,0.6901997213190898,0.0636340280440566,0.6234818880853156,0.5400259756574557,0.4119360269455816,0.9365079365079364,0.3916649062387926,0.8066808723206421,0.40992661361434135,0.4793585456799765,0.7869296599697955
1.0,0.7310729215048771,0.054735531152283134,0.5732620047846602,0.5162252440298931,0.42206560494179096,0.9922660479505024,0.3547155721718112,0.8062277262756766,0.4128726905830923,0.4802845967290337,0.7335133403505565
1.0,0.7464003715745473,0.04555575998813599,0.536178226559351,0.5294138781181471,0.5230130084089621,0.9265274555297754,0.3564350598627357,0.8048805051282998,0.4073175059906176,0.4804437704361034,0.7123243787469681
1.0,0.6391082210868557,0.03638189969037087,0.491530857907675,0.4811175411591042,0.7097775810660937,0.7710750193348801,0.35020068877764066,0.8027264383881053,0.4065351617604696,0.48000482737615,0.6722529861333578
1.0,0.6421272642823967,0.030485800611928293,0.4649250153264055,0.4860020394637804,0.7353853433010112,0.6813611755607112,0.3404634756250336,0.8002681271862474,0.4058004956536421,0.4792821696660241,0.6294448766646833
1.0,0.6177426846261032,0.023800585277581776,0.4216779076851985,0.4719506949118463,0.8501038810700651,0.5823665893271457,0.3444772511778489,0.7970790583291737,0.4031164110327419,0.4796408146183354,0.592650221957805
1.0,0.6479331165815143,0.019144331055485297,0.3891905499312751,0.5029134397814343,0.0,0.6945088940448568,0.32485544021341284,0.7951824417575138,0.4032293787751856,0.4781208881475724,0.4874467987735114
1.0,0.6274965164886206,0.010901912119151593,0.3529900940551379,0.542847567802172,0.8638011418727123,0.6295436968290792,0.3330795041980064,0.7946009269404705,0.3964820985578917,0.478766355927384,0.5328909432062605
1.0,0.6007895959126801,0.0035601088209131775,0.32449295895118024,0.5285424729575304,0.5245052198472818,0.8136686009026435,0.3568428240865837,0.7951394054038771,0.39084068180916864,0.4806947167721231,0.5779598187725964
1.0,0.5227589410125407,0.0,0.3105049054331948,0.5045548581815504,0.5068106280319263,0.4887169568020629,0.31580602213717585,0.7953751226471767,0.3809663984573809,0.4773929424570876,0.4914100041188048
1.0,0.5030190431955414,0.0010041838999212962,0.31608052186341995,0.5321618523957521,0.5042368716282162,0.4809800128949069,0.24562636023758394,0.7960552436733322,0.3842373172448119,0.4751895300488125,0.3841563315180083
1.0,0.5436600092893639,0.003065563176384956,0.3206037882725961,0.5274684097039843,0.5145566177437835,0.6924564796905226,0.24321907747028956,0.7977717371418577,0.3956322133102009,0.4749925607570071,0.38701203606242257
1.0,0.4305620065025547,0.001969709166366629,0.3052810864354565,0.4518904152082985,0.4812288037274415,0.34042553191489355,0.28024701668885604,0.798935055330784,0.4029552629788888,0.4781037834808141,0.4755663356368128
1.0,0.4730608453320949,0.0054436907912917,0.31186613540233743,0.44936420004514177,0.4632227774526516,0.5157962604771114,0.2404678971648103,0.7999421942582979,0.4110124787838095,0.4747046865030202,0.3994508260491511
1.0,0.4572689270784952,0.0064726845843671174,0.31517046064849075,0.481501717113463,0.4904783659104953,0.4964539007092199,0.2181636854025321,0.7998852837797391,0.4138499831591146,0.4764969666809279,0.3719555169099813
1.0,0.4386901997213192,0.008771552239310254,0.33290557124213216,0.4631695703942016,0.5916638784080905,0.5454545454545457,0.2463583707117205,0.7990353550526285,0.4127668426187021,0.475184147064797,0.3822159168916756
1.0,0.4609846725499305,0.01087584850663603,0.3337165932548952,0.4864423934640527,0.5089916395329778,0.799484203739523,0.2494927511311773,0.7979343082672145,0.412778627470704,0.4754100911321942,0.34431376138391856
1.0,0.4412447747329309,0.009654747558743735,0.3119600332421344,0.5160775454461091,0.4778446954910554,0.7077006828483182,0.27313325047040243,0.7976451194547746,0.4164245843026765,0.477460781309844,0.3931902430094731
1.0,0.43938690199721336,0.008239302828963013,0.2767274901671817,0.5650206992282742,0.4875030238616474,0.6749716874292188,0.27644449248092584,0.798487953280186,0.4315732807494129,0.4777409882004089,0.3891538144707336
0.0,0.3917789131444497,0.007231009746643813,0.25102235635825104,0.557686706976418,0.4694194757026248,0.4847112117780297,0.25492633223449884,0.7987585342109488,0.4379091387181415,0.4795893574385321,0.3653745823989748
0.0,0.3639108221086856,0.00811506211616364,0.23951233611554024,0.5350875732394011,0.4978123473968854,0.4677362571040584,0.23238630501746504,0.7992806273460765,0.4479273288371477,0.4775539142083596,0.3010937714521074
1.0,0.3462610311193684,0.01061343616415511,0.2468957519972749,0.5032001323707023,0.5499574933916246,0.3349595131519385,0.2251398926057116,0.7990167007026484,0.4440059819823709,0.4768987293088609,0.2845270239348314
1.0,0.2338597306084535,0.013313548447539736,0.2533180705472949,0.4333738176182947,0.4861593790909277,0.1451355661881978,0.21472471002068305,0.7989451226005572,0.44267699936051785,0.4758860395891034,0.2347260994920143
0.0,0.3172317696237809,0.019459210334837995,0.2905627466045837,0.4667048378930127,0.532423738263597,0.3485444531864673,0.1445204840112209,0.7990479403335337,0.4381246187287471,0.4690183197527474,0.08755663356368157
1.0,0.2842545285647933,0.021667066179958727,0.3169829750758568,0.4523882832726977,0.5294402183733498,0.2470495672698663,0.2349016698681891,0.801727582356277,0.4592127760905325,0.4736030617679782,0.2530685094503686
1.0,0.2178355782628892,0.02683096316317657,0.3557549729542817,0.4597801219763515,0.5846174419851412,0.2053634438955542,0.18915838446762206,0.8046997622492209,0.4825920182247442,0.47320450293411104,0.232364651503364
1.0,0.20901068276823054,0.03262040008683165,0.3690889718365936,0.455170681436139,0.5931739629649548,0.1967845659163988,0.1655915774580076,0.8073771943133393,0.5018072436467715,0.4747681368848061,0.21237471969246274
1.0,0.2275894101254065,0.03675150116605097,0.3206995217732637,0.429160994687082,0.6875283423346354,0.1993569131832798,0.17742656559354258,0.8116731504607012,0.5179151684793136,0.4721271944076815,0.2126767653654296
1.0,0.19763121226196015,0.04055970770213202,0.2753484642155202,0.3299588914618616,0.6848971416738204,0.02118933697881081,0.08775282610084051,0.8151962097138078,0.5280261130908325,0.4681592658787941,0.18075145302274492
1.0,0.22735717603344185,0.04720389580688211,0.2297262561562759,0.3191527228994616,0.4064705992289717,0.002958579881656741,0.0,0.8201376421889496,0.5478149204580843,0.4589856544876641,0.0013327328376182429
1.0,0.2740362285183466,0.05339272943329765,0.2276971565197771,0.3451650133809976,0.4419431852933981,0.04226415094339586,0.02110057037863133,0.8223139521149451,0.5538848319669357,0.4612184974223598,0.01263186845569036
1.0,0.2847189967487228,0.06019135663393482,0.21726162776440253,0.3636994851281148,0.5105507822031062,0.03396226415094308,0.07319613459167068,0.8246421373972689,0.5645717591672643,0.4623483356610841,0.0489676914200937
0.0,0.2998142127264283,0.0686129390791318,0.23310509132991966,0.3810965612063314,1.0,0.06736657917760246,0.09306849947678447,0.8253015807484262,0.5666736962204825,0.4642329222883833,0.025418826618016668
1.0,0.2858801672085464,0.07434334751636963,0.2368829151217645,0.40489561290822,0.5291729580642892,0.02624671916010474,0.1657193108293333,0.8260509755876743,0.5687644187390577,0.4671727428980582,0.12675894681266214
0.0,0.3372039015327453,0.08023899626637665,0.242014216216252,0.4343688589366828,0.5537344977192251,0.001883239171375058,0.1573675134734141,0.8263129183875674,0.5739383393319314,0.4663276438441274,0.09299175906158892
0.0,0.37296795169530905,0.08493385542376175,0.2432019373269031,0.423381982215177,0.5806516980537514,0.023328149300155657,0.19790320758146698,0.8258562191061206,0.5738394525735608,0.4700690076331007,0.18894474668870406
0.0,0.42498838829540186,0.091007735439804,0.25772381838204506,0.4392013147553714,0.5729394652166944,0.026541502205039976,0.27489695355909394,0.8258515651603314,0.5789710984839034,0.4734029800860774,0.2839680462778049
0.0,0.3869019972131911,0.0973286977249208,0.2807420931748147,0.4059708302570773,1.0,0.09946407695067934,0.26796987457565485,0.8255301495623516,0.5785790736097048,0.4727790124295091,0.2950095264329823
0.0,0.3457965629354389,0.10502551134526394,0.3081348774300302,0.3754685395771499,0.5814858407176735,0.10640908406931107,0.24239863620062002,0.8265468932719237,0.5891413545539804,0.4741112239360062,0.2352799393981133
0.0,0.331862517417557,0.11229097206811234,0.33005672824650606,0.3671386546035507,0.5314219677982963,0.03450812458129208,0.2361888292253952,0.8270807627492834,0.5945911460032505,0.4735214347472867,0.2144709960287401
0.0,0.3597306084533212,0.11829212736997807,0.3370463597305371,0.3890906783631125,0.4766325043340338,0.1973154362416107,0.2195392755552716,0.828809385320718,0.6074749739843031,0.4719187970986953,0.16465808139935267
0.0,0.35926614026939163,0.12167380846994147,0.3298996219531848,0.3867121382244445,0.4400638772425169,0.07365439093484367,0.2591267950223289,0.8303185256086708,0.6137274282457107,0.4756109486980394,0.3228198241627071
0.0,0.4509986065954482,0.12553057714800495,0.32053415435574184,0.4232358826770875,0.5025524987359309,0.5401146131805155,0.26859871578833594,0.8317707814381153,0.6215781915148652,0.4764707539186663,0.31756306957739394
0.0,0.44356711565257795,0.12279115291523245,0.2778577135728064,0.4136600653468133,0.4715757609777301,0.3997134670487107,0.34698770320659905,0.8315287926192646,0.6131891451731274,0.4835541420381924,0.5106397631017152
0.0,0.539712029725964,0.12073305304861592,0.23909252979049225,0.4652106884476638,0.47228291674776,0.4183381088825219,0.3216031520665785,0.8304484266892891,0.6041180784129793,0.4812732000889814,0.4181989302848749
0.0,0.6402693915466792,0.11842121677965756,0.1978265212466981,0.5186928526499146,0.4003644184474925,0.8080536912751677,0.3096846459574845,0.8294225458006145,0.594141254819848,0.4801839795588331,0.3456603080595921
0.0,0.6483975847654437,0.11620701746512008,0.1748978133939375,0.5290402168498772,0.4224062784851156,0.9000000000000001,0.3302890213167346,0.8296974224905523,0.5971471495480375,0.4784216064741752,0.3923627849321675
0.0,0.5694379934974456,0.12011677905767505,0.1948231580705586,0.4882646128203118,0.4003688825394672,0.8155555555555558,0.2646979351409242,0.8300024856629075,0.6023764647904214,0.4758756889760157,0.270344099350366
0.0,0.32791453785415725,0.12408323532955025,0.2092680987661484,0.3782959063485085,0.3777652425044258,0.7511111111111117,0.280802165571926,0.8306933364115799,0.6095319815578062,0.4737045216327101,0.2725248490691642
0.0,0.35647933116581515,0.13095579632881782,0.23976412901332786,0.3957646218618896,0.3395427226718873,0.4431977559607291,0.24338120059543406,0.8299908541875697,0.6081966506248856,0.4700330318059245,0.1850653077152632
0.0,0.2510450534138413,0.13181772341192502,0.2232222844475515,0.38921595828052297,0.36575955917807823,0.3369650679546221,0.27115338321485233,0.8299796495146873,0.6100774957494486,0.4690294375760004,0.20115694511397306
0.0,0.24477473293079435,0.1368804835011277,0.22791787637655564,0.3832538584634106,0.4050831168996283,0.29282482223658696,0.2511238080265684,0.8304317730231744,0.6149580078039423,0.4670317285748238,0.14428528797373918
0.0,0.25197398978170016,0.14046422585631912,0.22432739678708855,0.38909790533953503,0.3726167192568627,0.3639661426844016,0.2518705569666271,0.8316249643455506,0.624380070413209,0.4671335170398196,0.17618162201868556
0.0,0.2714816535067349,0.14262274008434628,0.22446680644738404,0.3539779796419394,0.3489283747198202,0.35766211107880186,0.3324162732315069,0.8327883524594163,0.6360827362498431,0.4712219782047704,0.3490002984183826
1.0,0.2340919647004181,0.1441064539942587,0.2246185582545105,0.3248900890074842,0.4690466988736964,0.25995929049142186,0.3437796304575312,0.8323261668077554,0.6376630646469871,0.4686191784019961,0.3678465670408376
1.0,0.2187645146307478,0.1476777185278535,0.2320732547997223,0.36026365610813393,0.43451161060379695,0.23902297179412615,0.3017307871814649,0.8318760801380121,0.6365266536639035,0.4645027227565596,0.23383375800564696
1.0,0.22642823966558304,0.1522818447385963,0.2373741330060144,0.3605580202756496,0.3174323976894166,0.16749054957836595,0.30960604080589943,0.8316726313466737,0.6321871296809844,0.461578870551326,0.2406170373941192
1.0,0.2812354853692524,0.15858000601183586,0.2454517273396757,0.3431054436091924,0.31608723450639703,0.2995056702529804,0.3012738947378765,0.8322055156165339,0.6395679057390987,0.4607541042754956,0.20625301287790124
0.0,0.3302368787738041,0.16333244565006888,0.25037661931594263,0.3246718065744153,0.333810505323935,0.40593195696423406,0.3662803550987722,0.8328107237175363,0.6489234016388534,0.4672014061499866,0.3660675343755021
0.0,0.35229911751045073,0.16611651242967262,0.25489126272995555,0.33710149785553084,0.3337345106104672,0.4623437045652807,0.4126623073559682,0.8326174847032818,0.6543286212277091,0.4681008703250539,0.4613089089364827
0.0,0.3546214584300976,0.16872594973383415,0.2537825688281373,0.3388239409175145,0.3046979343734448,0.4838615876708346,0.4330750826582296,0.8320144946032503,0.6521432820053497,0.4664245750327845,0.473532584991851
0.0,0.3135160241523457,0.17132423222145787,0.2494233367916261,0.3609363643128333,0.2922093315805413,0.452457109624891,0.3956786817916079,0.8314224655184982,0.6560913751407671,0.462851311418095,0.3861074765282464
0.0,0.2875058058522993,0.17520990817457405,0.24176773228559775,0.3896178405028516,0.2853992684182273,0.4164001163128819,0.37386083940476256,0.8314384935502751,0.6640086525205798,0.4607337279016965,0.3253563804145722
0.0,0.2614955875522528,0.1806842306318569,0.23985467705435165,0.4178513832279949,0.4175793194948749,0.37801686536783946,0.3871500228446221,0.8314263947884325,0.6690732659837266,0.4583786674418077,0.3417234809356564
1.0,0.12772875058058536,0.18689814148576067,0.2401422703166965,0.3206868873718651,1.0,0.1438474870017332,0.41231840981778334,0.8311872464570479,0.6730798780294498,0.4572339805382132,0.3888506301218923
1.0,0.10311193683232706,0.1997373460103803,0.25104201479853205,0.2653965670981783,0.37986886024700267,0.04233654876741689,0.365494303582921,0.8306742291605697,0.6661346028371229,0.4525865217895476,0.2592681863048921
1.0,0.10032512772875056,0.2154164210514673,0.2797370746651113,0.2649947381424653,0.2990297930053093,0.02421574023115012,0.3342634942937572,0.8307060088057557,0.6628143400645923,0.4493722073991333,0.16352179601955816
1.0,0.14955875522526718,0.2327677440257453,0.31605371113113107,0.29179165837004545,0.259902121550702,0.12471526195899756,0.2975794526133755,0.8312542442896081,0.6568379067379333,0.4454429172581639,0.07665909143080131
0.0,0.3836507199256851,0.2483968643318293,0.3571834768893542,0.4176003710191432,1.0,0.24070375133389865,0.32591169693783817,0.8321744223657753,0.6623979485457232,0.444815373275825,0.0998024543549837
0.0,0.3295401764979101,0.25142028880674105,0.3569873185264104,0.3626461475812592,0.4906367207936571,0.012230826059595143,0.3822912419122666,0.8322310982768634,0.6656008019040246,0.447185073062728,0.2216749357403308
0.0,0.3894565722248027,0.2575558314265457,0.3718141712169396,0.43289531937859693,0.5404175715898188,0.34768427919112793,0.3409400193565185,0.831890691074724,0.6688758037150165,0.4427929930275567,0.10664829566506076
0.0,0.3769159312587089,0.2596356320299433,0.3811452705500776,0.4588113933665608,0.5395846647343019,0.2597135222743003,0.45003905693469387,0.8309999833297276,0.6654798723161846,0.4509825815329898,0.3766361402725041
0.0,0.3857408267533675,0.2614240678501161,0.3831149988939971,0.4726405661249538,0.5583799215603571,0.4206463170166483,0.4784646448766634,0.8301137917007443,0.6626865798164486,0.4542053122123085,0.3841343674920189
0.0,0.3848118903855087,0.2606363644537816,0.3660909216275285,0.4665880565391503,0.5785274820062969,0.2994792707126397,0.4680985905113755,0.8304458033972809,0.6654753473102528,0.4531509518921363,0.38315297797692016
0.0,0.421737111007896,0.2600885329740005,0.3482148747657969,0.5554701657411157,0.5458465529247346,0.2901567515015912,0.4555414175456524,0.8316525515632996,0.6764579676157169,0.4514858278641203,0.4220641457631346
0.0,0.43543892243381344,0.25927477991507875,0.3272598627359208,0.5258318713426899,0.5134476337960949,0.3301104052632283,0.5116605829554554,0.8331778291159583,0.6914522119781914,0.4539123935728594,0.5193227671700156
0.0,0.42057594054807257,0.2589658660538867,0.31310248193997603,0.4907120868933964,0.5507884014396125,0.12235140570271827,0.5041783550889466,0.8341653465252828,0.7010026364227163,0.4529695491850792,0.5222763010108572
0.0,0.4235949837436136,0.2610727587410391,0.3080823365032929,0.4972720386543013,0.5166653919262196,0.11036530957422687,0.4235785977823521,0.8354613683644995,0.7112163452660313,0.4480288311611716,0.3953887432921504
0.0,0.41384115188109627,0.2637971167064456,0.3037364701489097,0.5302829210800941,1.0,0.07307523273003362,0.4468408098295741,0.8362112323621831,0.7156530970186332,0.4468875879706666,0.4392965597570613
0.0,0.4266140269391547,0.2664306038516654,0.3021914262805377,0.5052888248823595,0.479924132241311,0.07573880964747552,0.4198202889721884,0.8354025042921586,0.7168241144285982,0.4441394208432072,0.3502121552477224
1.0,0.4698095680445892,0.2705382338469557,0.30181808024264944,0.5336984817297636,0.5661390639922541,0.11169709803294876,0.4500980107983826,0.8349455176501007,0.7204120186059773,0.44385341901569203,0.3832210158492447
0.0,0.4503019043195543,0.2751044269701232,0.3039577209805095,0.5071655838042397,0.4699001903196258,0.2727272727272725,0.5292190086907821,0.8350060557091928,0.7271634238219865,0.4489660459210631,0.5497004867090979
1.0,0.4470506270320485,0.2797475454190931,0.3036436989400968,0.5033032272649297,0.4468152286809873,0.3395721925133687,0.5364261185267428,0.8347403242680648,0.7300744945105558,0.44977919534610733,0.5661113191064521
0.0,0.4554110543427777,0.28418753768099003,0.30189872323561895,0.5147560492808538,0.5513223128684347,0.4010695187165773,0.5721472471002067,0.8333473278386568,0.7270792995271532,0.4500718873346996,0.620699696326802
0.0,0.4444960520204368,0.2879969602561277,0.2997285438852719,0.5022336179855338,0.5234155763214742,0.6350267379679141,0.6298286898977641,0.8322829278677287,0.7286070705694452,0.4528829390865109,0.6851678522401093
0.0,0.4242916860195077,0.2917361318517477,0.30974075407957324,0.522258519843942,0.5381239459082936,0.5494652406417109,0.6594284422915369,0.8310489788569663,0.7330510991858749,0.4559083935686216,0.7827173179405044
0.0,0.3615884811890387,0.2951317027307161,0.31385527318014794,0.4592583890275361,0.5699905431766455,0.5417690417690422,0.6590992832192739,0.8304756412158801,0.7376211555496627,0.45604524584598,0.7646146252027363
0.0,0.3727357176033442,0.29874908742842465,0.3196894134685507,0.4703333991086466,0.5583864346940062,0.507201646090535,0.6700057480017095,0.8301891913318368,0.7426128947796172,0.4534900024822166,0.7794780652870241
0.0,0.3641430562006504,0.3007230280405065,0.3100956681154945,0.5106893363154935,0.5726307988718784,0.4721941354903945,0.6512928091024763,0.8300150423975364,0.7459063899836431,0.4509365620183439,0.7837364940341439
0.0,0.34974454249883885,0.30306143835627675,0.30350630668674217,0.4992138767211004,0.5596606777298702,0.473988439306358,0.6452598637183182,0.8293773472333331,0.7520820396907055,0.4504481990039925,0.7627793869057621
0.0,0.3715745471435208,0.3043810448816039,0.2899669880737911,0.4700183098042451,0.5280442413637898,0.5362190812720845,0.6518872605613389,0.8270844792288546,0.7502186584104489,0.4513848041995885,0.7443924910289745
0.0,0.3924756154203438,0.3036146615948675,0.24318714284187964,0.4479189909492758,0.4554797508984874,0.5434969853574507,0.6848277318974789,0.8248258060109067,0.7502728967633586,0.4513564594413224,0.7684537458999735
0.0,0.421737111007896,0.3029166258019015,0.20252166948632225,0.4326697451047308,0.5184597127877377,0.6124031007751938,0.7011383008513921,0.8229923914715697,0.7444725691475337,0.4493944432938221,0.8015419760137066
0.0,0.39061774268462623,0.30187284605153586,0.16582360962546955,0.4433504419326421,0.4760377541900075,0.5546942291128336,0.6986966283302791,0.8220688933725141,0.7423926461279964,0.4492341337409209,0.7912805585748235
0.0,0.331862517417557,0.3014991147110886,0.15106243722589896,0.40387287924310333,0.4690054225903795,0.4117140396210165,0.7047787019341782,0.821421345293062,0.7380917585215304,0.4498898348481637,0.805042279987473
0.0,0.3453320947515098,0.3035890657259598,0.1373675081098873,0.4275549804769396,0.43529416864386106,0.3860705073086848,0.6760927344275824,0.8209351374835744,0.7392894071323248,0.4509272178503054,0.7541681251266555
1.0,0.3098002786809106,0.30583610487157986,0.115489378042409,0.4209671290088273,0.396893825390414,0.3069647463456579,0.6744076364904762,0.8194575858601573,0.7326311717714961,0.450675777549527,0.7552734842762657
1.0,0.29470506270320496,0.3096165842736198,0.09793378389881803,0.4561938734178997,0.3710754070801968,0.28804815133276035,0.6858446860461118,0.8180067851840979,0.7346724323311381,0.4523763198615196,0.7247103037895399
1.0,0.32373432419879244,0.3144713553955488,0.0847021465169196,0.4557897877693085,0.37943593668878095,0.2937710437710441,0.7137102122830374,0.8164078689244242,0.7362695979844923,0.4555124039700471,0.7882424318127067
1.0,0.28727357176033463,0.31864561176374906,0.07063746077696986,0.4659959475618355,1.0,0.2491582491582493,0.712344447774246,0.8173974277522168,0.7560276948151105,0.4554625601641902,0.7796325871467958
1.0,0.2682303762192291,0.32533403401861616,0.07025837553177022,0.4080351979194312,0.397043614802556,0.07367050438596487,0.6434126426560677,0.8179526269853415,0.7651698393141629,0.4508581243797043,0.7299006968174798
1.0,0.303065490013934,0.33500597405478183,0.0846887780701226,0.4413690024386602,0.5603374350437956,0.0479114944030661,0.6671513984347748,0.818826763367475,0.7782656284620805,0.449779097499933,0.7566402869353412
1.0,0.2872735717603345,0.34378889209378993,0.10007645332073177,0.4300284086482148,0.4563665554426132,0.1153846153846152,0.6727078000874481,0.8166566104109972,0.7720072118724725,0.4466043695535093,0.7653125864330259
1.0,0.26776590803529976,0.3527207374247263,0.11426691103636732,0.4152511773165341,0.43151479689346856,0.027455121436113842,0.6955917248426667,0.8142126296146052,0.7686272111974437,0.4494663609167723,0.7499486978167573
0.0,0.3030654900139341,0.361959283797786,0.12802061739463427,0.4487036183568701,0.4191809059636896,0.12344280860702113,0.7183724803364301,0.8136687431832025,0.7714031494012926,0.4482867598655946,0.7675492610837439
0.0,0.29563399907106386,0.3681407909014881,0.13256508200938003,0.4430349138268148,0.3174723128652495,0.12417685794920046,0.7016639728026173,0.8143395713411558,0.7833493732679059,0.4451857615706532,0.8196516537649541
0.0,0.3732001857872739,0.3745999770123942,0.14857042493813322,0.4779458522721601,0.5469528806800286,0.2122347066167295,0.7292985964067622,0.8156534848147258,0.7971756602377739,0.4482400609823624,0.8701090781140044
0.0,0.3611240130051094,0.3773599732358511,0.1535921131196622,0.4648057861906522,0.4426813475923253,0.217228464419476,0.7368889063567003,0.8142908948602979,0.8020195569397587,0.4489444609617424,0.8925404644616469
0.0,0.3471899674872272,0.3811851785597641,0.15255608145380745,0.4508017691718434,0.5075516453769869,0.2309612983770289,0.7484045610639205,0.8127836148283129,0.807410615885722,0.4503575316018583,0.8847202674173116
0.0,0.3555503947979564,0.3848262244348529,0.15047778770253878,0.4617044994171922,0.5021689324099163,0.3520809898762655,0.7677365155318867,0.8111910073457985,0.8173074506890144,0.4486743756660557,0.917690007037298
0.0,0.3536925220622388,0.3873140892645752,0.14402712783261812,0.4566294523124122,0.38523127950375213,0.2879606879606878,0.7575571484016133,0.8105731309965917,0.8308747801130391,0.4514633558599146,0.9041959887403236
0.0,0.3128193218764518,0.3933415426391409,0.1637947117947136,0.44729100749098616,0.392789251331456,0.21911196911196928,0.7403180560946011,0.8097620554332253,0.8423921946636425,0.4531521204623098,0.8940358902181562
0.0,0.16372503483511386,0.3998911611087419,0.17502631444928424,0.3815852342599899,0.4748862315441682,0.13447251114413092,0.7272057342458081,0.8091912020650046,0.8463311292306946,0.4521164257007679,0.8583743842364533
0.0,0.21319089642359512,0.407595339435642,0.18981588104827649,0.4106229182984327,0.5397004812726612,0.15499999999999975,0.6886400817493576,0.8083744389542961,0.8442654336323324,0.4519899566277074,0.8029644616467279
0.0,0.2454714352066885,0.4116718493618683,0.17514279502230862,0.393130752218882,0.33344726471148844,0.209375,0.6840858957793947,0.8089592258088231,0.8523804080194325,0.4552550331785995,0.7993314567206194
0.0,0.1957733395262426,0.4159268518977897,0.16455496612808326,0.3829826108928977,0.4325763770429954,0.15499999999999975,0.6523490658269016,0.8092160797263915,0.8681767066803713,0.4550849986644899,0.7835151301900067
0.0,0.20390153274500697,0.42291138185812,0.16730724477372955,0.38918250789786346,0.4808910485971498,0.19312499999999969,0.6339112449582165,0.8098406648254136,0.8939392663442302,0.4533367998454878,0.7491115411681915
0.0,0.194844403158384,0.4296726076229789,0.17426241185502014,0.3850820035486481,1.0,0.21822690638561695,0.6230342571076251,0.8096198836171152,0.9010877794088278,0.4556973965144484,0.7472290640394086
0.0,0.1384115188109616,0.4364932317078456,0.188580572258246,0.35136398313704265,0.4318929358868416,0.13930635838150307,0.6258050887010005,0.8098791934458135,0.8915561193777216,0.45222514088121,0.7501935256861362
0.0,0.1576869484440317,0.4448925872297733,0.20205570339281495,0.3640251248704272,1.0,0.062417871222075476,0.6070282831161048,0.8097102697444548,0.8797438823663551,0.4537982096457594,0.7360045742434909
1.0,0.1528100325127728,0.4524988012987321,0.20592359351237302,0.3380154043550733,0.5410027373658441,0.01182654402102448,0.6333364447872505,0.8090891971423463,0.8736134241901269,0.4529696882143196,0.7823715693173825
0.0,0.1407338597306088,0.4613192871628196,0.20978086502636056,0.3334142145607846,0.4996298866253882,0.007333333333333295,0.6451124790590962,0.8075760569479297,0.8782919047322569,0.4543527381255668,0.778764954257565
0.0,0.1869484440315841,0.4704037515508105,0.2192251081502708,0.3395862667876457,0.4333308175222538,0.05487804878048794,0.6573797955283491,0.8061648250926355,0.8802220137192162,0.4519505822921326,0.7883180858550314
0.0,0.22398978169995376,0.4789037267369678,0.23310240285513234,0.3388059904318993,0.5272102892517654,0.0023006134969326014,0.6850389832423643,0.8045186527558673,0.8798802552636581,0.4550006828884278,0.8418103448275863
0.0,0.19647004180213676,0.486934474954199,0.24960164977312535,0.3250557958806212,0.476214550984116,0.03299293008641018,0.7243071692811067,0.8031158431389992,0.8805945850178717,0.4556471080945249,0.87905524278677
0.0,0.21853228053878296,0.4944277150228932,0.2600586810889605,0.30525694290310385,1.0,0.0758405003909303,0.7187704189163295,0.8004911265580549,0.8715762922042795,0.4587505003057434,0.8765130190007037
0.0,0.2512772875058057,0.500384075711063,0.2554440938267366,0.3602503479083885,0.4681716212695502,0.04925723221266577,0.7379107733273067,0.7981208222655057,0.8663990903787603,0.4610725025655752,0.8676020408163264
0.0,0.2751973989781702,0.5071713373238577,0.24622633407290284,0.33937775997730296,0.4560871314713408,0.00939368061485904,0.7376749578725513,0.7949528446981329,0.8547560550320726,0.4613441038685964,0.845197044334975
0.0,0.30538783093358113,0.5157668413335778,0.2531679763705785,0.32540577309858665,0.392735297333097,0.003659652333028932,0.7467587657026069,0.791916423785132,0.8394876851906855,0.4625641491827127,0.8332160450387049
0.0,0.2995819786344637,0.5240123177908681,0.2629321811550769,0.3232858985697109,1.0,0.05854579792256887,0.7496671563112569,0.7898965741105334,0.8289011870371831,0.4633981908019013,0.7989481065918657
0.0,0.3114259173246635,0.5320897451664718,0.2898486311829239,0.3380426312288961,0.25186642053274594,0.04721435316336164,0.7410107639929452,0.7875925318262597,0.817763385783486,0.4620230441099832,0.8114792426522477
0.0,0.3481189038550858,0.5405666037068021,0.2986810014025518,0.3253425459467429,0.3260082842344704,0.11515748031496068,0.7554790247065817,0.7869645945396312,0.8219164590711435,0.4640040304586104,0.7926770187919119
0.0,0.4779377612633538,0.5494352355404822,0.3195820952832846,0.44719579880939625,1.0,0.4293785310734464,0.7697360340753329,0.7861357998053357,0.8251400619635222,0.4649870416545063,0.8524721565980422
0.0,0.4159312587087784,0.5506355632224408,0.3030642184192834,0.4140555870802936,0.4707429113511193,0.15442561205272934,0.7896575271801876,0.7876419342194653,0.8402430954815815,0.4670263753182418,0.8975869051636853
0.0,0.4126799814212729,0.5549778739520895,0.30878010101814257,0.4082239652512788,0.449586749420306,0.056497175141242376,0.747520253108588,0.7871845109677412,0.8440071001743726,0.4650679842651831,0.8903476206547418
0.0,0.4061774268462609,0.5603027803364672,0.31314052955158284,0.4027251993966757,0.4176507687390818,0.29566854990583663,0.7456189910046227,0.788100297855795,0.8555333151981833,0.4654927968184298,0.8446760040499492
0.0,0.38411518810961465,0.5643101110040948,0.31475741032082205,0.38167922931612863,0.5235042248109221,0.10902255639097726,0.7186770752988221,0.788246893624761,0.8648738471665273,0.4614339633236485,0.8656176172797836
0.0,0.4187180678123549,0.5676783767453412,0.3221006134789233,0.3755915336760723,0.524089559245765,0.1813471502590663,0.7022977268372728,0.7888098083965981,0.8783150078325593,0.463067662241887,0.863609517381033
0.0,0.4426381792847191,0.5691212149664134,0.3316883782614192,0.4017228593535785,0.4817589534498802,0.3523316062176165,0.7237028921782959,0.7879216923689382,0.8846255687409016,0.4616332997429277,0.8780037124535941
0.0,0.4530887134231306,0.5695164680701367,0.3301752759371819,0.3664215922299781,0.5126227020190769,0.3795336787564757,0.7354297982304017,0.7853745913167397,0.8815731074012237,0.4628315827786735,0.9029109011137364
0.0,0.4324198792382726,0.5706085377249673,0.3272455494688834,0.3877820829274911,0.5505074048474906,0.3069948186528504,0.7507135873917337,0.7839821965925061,0.889809232631286,0.4647518034603311,0.8877489031387108
0.0,0.4124477473293081,0.5729030509541951,0.3380495510243171,0.3682666996298681,0.5271374992207407,0.4481865284974086,0.7131403249340453,0.7812824537018513,0.8902212384973475,0.4643382284962299,0.854463381707729
0.0,0.3896888063167673,0.5734023390450377,0.3564446240192303,0.38477356566102267,0.5488363336259942,0.3613989637305689,0.7484045610639207,0.779812182538235,0.9016540706578638,0.4644862967607272,0.862867026662167
0.0,0.3916627960984671,0.5742240574518372,0.38821025081840455,0.38664180450062297,0.5802496334338662,0.2765544041450766,0.7509985310662297,0.7779835167060919,0.903488780498914,0.4646800481024967,0.8725531555855551
0.0,0.4150023223409197,0.5754805150491377,0.4020533831290562,0.4121510775472414,0.5743235802870119,0.5207253886010358,0.6930075804843059,0.7779484618400346,0.9172628291827288,0.4627172367660234,0.7918157273034089
0.0,0.4145378541569904,0.5747652139960989,0.4069344895050431,0.4108870636495968,0.5989948704747392,0.4689119170984463,0.7033687220276199,0.7776891143417081,0.9224657282184541,0.4634574386610405,0.835791427607155
0.0,0.3743613562470975,0.5752213624079904,0.4108191238095748,0.3354359553678565,0.5332701701830616,0.24222797927461204,0.7065620563107655,0.7770084212788736,0.930733353226659,0.4639699529716567,0.8235993925075938
0.0,0.3142127264282397,0.5791234790359604,0.4278136796117382,0.31224603029903364,0.6069895075109661,0.15960054264184398,0.6865668708762998,0.7783126188570614,0.948190393014396,0.4657301091467372,0.7970975362807962
1.0,0.2731072921504878,0.5836806284073791,0.4496939858896375,0.30204193824575604,0.5634554254974043,0.07297297297297321,0.5976497059676047,0.7794602291066853,0.9643283717850072,0.4589411965982269,0.7539402632467094
1.0,0.3246632605666516,0.5889754785051228,0.4706969205052285,0.3330757067669461,0.6053955691798497,0.17837837837837886,0.5778166436582839,0.7802158020557205,0.9723774268804052,0.4573061642114344,0.6913094836314548
1.0,0.2863446353924756,0.5906432776071927,0.47647498387892,0.32604901983103857,1.0,0.0938661710037167,0.6134444286142402,0.7785091479164422,0.9686560750136732,0.4574535872771444,0.7343570705366181
1.0,0.33000464468183943,0.5962909411777421,0.4878712012442088,0.4126852992523379,0.5815165728226347,0.049256505576208316,0.5984701472372744,0.7773373775145612,0.9698668208405284,0.4560778196464077,0.7037293283833947
1.0,0.2684626103111937,0.6019980391543148,0.4996167552621861,0.3693924792158909,0.5248774372271646,0.028571428571427814,0.5886887186869009,0.7760793250918064,0.9728619437853242,0.4588746726866637,0.6888288896388793
0.0,0.2974918718067816,0.6097014367971979,0.5140557055016213,0.3443166589665376,1.0,0.14648437500000008,0.5861537025482808,0.7747862233748392,0.9723164979352568,0.4588806577440934,0.6579311508606142
1.0,0.2919182535996286,0.6150747707342198,0.50055468092016,0.33386525938021977,0.5314000032327524,0.10926829268292587,0.6331251934423653,0.7736557888632035,0.9705744382193109,0.4603432279898161,0.7298768140398247
0.0,0.3021365536460757,0.6221495437942669,0.4990603006645403,0.3431986991240696,0.5301260784739662,0.09050772626931647,0.6196787996993354,0.7725137227798652,0.965703687230732,0.462735350153608,0.7112807964900442
0.0,0.3060845332094753,0.6274972688931254,0.4943436676903478,0.3478108785522165,0.5563410450966425,0.20799180327868852,0.6810448589774449,0.7716330200163791,0.9624802877083576,0.4658150156880052,0.8018140398245017
0.0,0.3051555968416163,0.6302296442950918,0.5057305502923372,0.3438376323869777,0.5282883017355576,0.13934426229508184,0.6972817356017469,0.7697535395064047,0.9512693721743904,0.463848496315374,0.8291765102936214
0.0,0.3430097538318627,0.6324067728544046,0.4894152095649188,0.35096442120544,1.0,0.16905737704918086,0.7302418582257835,0.7677476362221841,0.937966252428042,0.463775359388809,0.8631370232872091
0.0,0.3787738039944264,0.6358666086083645,0.4846466569770637,0.3973074868901005,0.48183217934953004,0.14446721311475366,0.7324821050459593,0.7657323115600038,0.9255618312296421,0.4641898157518994,0.8515693553830576
0.0,0.3453320947515096,0.6409228025763446,0.4802788991213058,0.3731063620304197,0.4433248353576339,0.06744186046511601,0.7469798426914405,0.7634584289089689,0.9190125294592076,0.4657244068693556,0.8819946000674994
0.0,0.3790060380863912,0.6449413203357645,0.4818656108759324,0.3997044441630196,0.4371728250109204,0.23934837092731776,0.7740249276586961,0.7606242936330628,0.9144570862588008,0.46500994963044,0.8936044549443128
0.0,0.4800278680910358,0.6445041267500223,0.4631969449303472,0.4535637880540103,0.5682921099542353,0.2781954887218042,0.7991392735901427,0.7570855118706127,0.9033127350595046,0.464072089353639,0.902708403644954
0.0,0.5060380863910824,0.6413761818837912,0.4390416440489834,0.4757853880235163,0.4422279196318598,0.18546365914787008,0.7967860318645632,0.7564684918889516,0.905829263419162,0.4641989180089681,0.8784864052123793
0.0,0.5803529958197865,0.6418298435780972,0.4322367778418956,0.4848646309871171,0.4259776452043327,0.2966119726154269,0.746621206687333,0.7562439338994519,0.9116807487596332,0.4570103024475989,0.8847429311280954
0.0,0.5659544821179749,0.6416441242527461,0.4250956122260547,0.5244733674734223,0.4893180742153266,0.4023904382470123,0.7479427557983579,0.7558106569226023,0.9164373994814996,0.4574112172180181,0.8666583134945495
0.0,0.5791918253599628,0.6432084736255798,0.4200909828777782,0.5339529736517341,0.4660216508137292,0.4277566539923951,0.7627893038039978,0.7532406445618881,0.9110668352307141,0.459169569196796,0.8613289896838323
0.0,0.6451463074779378,0.6452628396009138,0.4301070545771586,0.5438312722845455,0.5038979326389604,0.6602787456445989,0.7659531611552991,0.7512394256835307,0.9056372268162364,0.4556960320160098,0.8659566470367119
0.0,0.6542034370645614,0.6439396970306398,0.4254070300723853,0.5519352549608552,0.5001397492802883,0.7653149266609147,0.7907923890561974,0.7492953615396712,0.8997662799127085,0.458348387561993,0.9120995698116356
0.0,0.6586158848118904,0.6412548049482089,0.4111055976378615,0.5563367983534154,0.5066342409894211,0.6747195858498698,0.7957346879621124,0.7468468141597314,0.8949986643862571,0.4591964034748742,0.8935471745395317
0.0,0.6892707849512308,0.6389973248749746,0.3774469790634769,0.5361882046656765,0.5097560776643048,0.7812251392203661,0.792570830610811,0.7443783081597394,0.8916472951730253,0.4591376163080678,0.8740675771624272
0.0,0.6393404551788207,0.6377247364289963,0.35593967666953263,0.5041450767430269,0.4895057182620103,0.5963665086887839,0.7768498002937869,0.7422794776830987,0.8924870700363537,0.4615371143499717,0.8484400451071298
0.0,0.6393404551788202,0.639108184567745,0.3572295633537087,0.496783053936847,0.4833251195226386,0.834913112164297,0.7453733499059195,0.740579811774717,0.8912077113298249,0.4588766913125453,0.7811552437037967
0.0,0.6616349280074314,0.6381520642489731,0.35615252634377803,0.5126783461118591,0.5006463756809818,0.8317535545023691,0.7543687269404417,0.7391818890559144,0.8870108501748807,0.4560805496501785,0.7954141085077058
0.0,0.6098467254993034,0.6391821791492512,0.3704196610588423,0.5073682998167205,0.5056743756390271,0.8206951026856234,0.7402885791627569,0.7380210727262452,0.88781626737308,0.4585025421264403,0.7755299293427546
0.0,0.4723641430562007,0.6397873450146617,0.3685935390803944,0.4026488428107972,0.4823536537004078,0.9083728278041066,0.7533615984357571,0.7364047909095358,0.8821645841919373,0.4561770238176062,0.7966771097187038
0.0,0.5427310729215049,0.6387737366763474,0.36296942107996666,0.3930433098614251,0.0,0.9905213270142176,0.7637718681988118,0.7348533637801417,0.8795393012620688,0.4574850778382789,0.7924244054664799
0.0,0.5162563864375291,0.6313690359987321,0.3197414687482414,0.4290241662002819,0.4819194821858352,0.9407582938388626,0.7584365435349718,0.7326991610095134,0.8715827712639473,0.4566798578973828,0.7956148182123464
0.0,0.4718996748722714,0.6270906852744101,0.2637680945105152,0.4524749608712188,0.472866993596809,0.7648335745296673,0.7630840731224421,0.7318442435561171,0.874365284853056,0.4575135710715771,0.7773746242618329
1.0,0.37111007895959136,0.6238353954388339,0.21049897638373488,0.4405244016719719,0.4519858848180812,0.6198871650211567,0.7413890512849484,0.7302290784038875,0.8758424662633372,0.4583339617046509,0.7741607737950091
0.0,0.4133766836971666,0.6241340580851206,0.15589481537218736,0.4156227832341752,0.459809853448145,0.6795366795366795,0.7471812683923775,0.7283051862203817,0.8776601837351165,0.4592243863072604,0.7603023652767621
0.0,0.3741291221551323,0.6197757640606673,0.11481625231275787,0.3950519021754908,0.5193865633829273,0.7094336718003325,0.7939120310097321,0.7258171762608464,0.8754172790584093,0.460818270607445,0.7980283956536929
1.0,0.28797027403622866,0.6140458503383023,0.06056850798980895,0.3273546190448697,0.5126434492977895,0.4360248447204973,0.8020329257328702,0.7230383733834632,0.8700763310857057,0.4616067925613563,0.8247556493861914
1.0,0.2645146307477941,0.6117260446542526,0.032312020969815565,0.30395897426029195,0.5361038928538171,0.3204968944099384,0.7984072631160062,0.7207438884332623,0.8604330946398691,0.4617606886211529,0.7938773295295976
1.0,0.2243381328379005,0.6123748698795338,0.005983480238244909,0.260489195260089,0.5057642460455388,0.17639751552795044,0.824450132400552,0.7183740293797499,0.8512630509560221,0.4609510941393451,0.8206560256370748
1.0,0.21667440780306574,0.6163934614870911,0.008302628907619014,0.2576851236065339,0.5074018929791441,0.19130434782608766,0.8147718731116341,0.7160328222777733,0.8437383896351233,0.4601095907690204,0.8088527402413698
1.0,0.22317696237807735,0.6217013552091982,0.0,0.2620405655684496,0.4636731400950035,0.15465838509316818,0.8564866444934633,0.7143376583176412,0.8465301831801456,0.4611187515828205,0.8530054603765932
1.0,0.18114259173246652,0.6265050275153642,0.0017996875318866399,0.27161396297352314,0.4889257956828693,0.10993788819875833,0.8212174955416139,0.7130819408378174,0.8527956774125166,0.4614943698845431,0.8083552700069899
1.0,0.2496516488620529,0.6332519745159865,0.019947983667564728,0.28905604647679595,0.4854789128657894,0.15667074663402702,0.7804705500886765,0.7127829694549627,0.865816409767386,0.4606398535750033,0.7700144261514897
1.0,0.2392011147236417,0.6402968782459083,0.051710820029704514,0.27597973253687685,1.0,0.08078335373317057,0.7634623604144455,0.7126001466195261,0.8751999918324463,0.4625420857758651,0.7531417778372669
1.0,0.16813748258244327,0.6523184509328309,0.10292762761867548,0.2834396932673517,0.4752046481840101,0.062423500611995725,0.7447985497349532,0.7116770440393948,0.8780605646164369,0.4644129841475014,0.7300673716146879
1.0,0.11727821644217362,0.6660078755708089,0.1691672600899244,0.3028189746866744,0.3619897397454845,0.004791480747231318,0.7128259043277048,0.7104202411547013,0.8811470759702106,0.461453483386845,0.674534124540817
1.0,0.2176033441709247,0.6791316878128225,0.22727586078730974,0.3198947511332673,1.0,0.18518185577389853,0.7099420778289256,0.7095665368082703,0.8869172400002022,0.4612952653644205,0.6628890971013846
1.0,0.22271249419414807,0.6892130597081919,0.2763265751241688,0.32155152786231384,0.2985125177464565,0.12525245261082465,0.7154493512618583,0.7090125674123072,0.8978477421953975,0.4617151285749668,0.6828403158881006
0.0,0.2183000464468185,0.7014797732818777,0.3186055574344435,0.32257857844898824,0.3756927458490011,0.021857923497267843,0.6916221646876182,0.7088166829055694,0.9014132630428552,0.463092616204305,0.6493627210398727
0.0,0.41569902461681385,0.7140911696780313,0.3633624636854725,0.4002675329667801,1.0,0.4243851386708525,0.6990749156222825,0.7086073005518746,0.9051918951344614,0.4638058047441489,0.6700575558827468
0.0,0.3374361356247097,0.717259493218085,0.3619224751325105,0.3801771918170928,0.5314365468910675,0.21611721611721607,0.7029413065158756,0.7081134006158846,0.9063284405537868,0.4641567075681794,0.6816728386799329
0.0,0.30074314909428745,0.7235083956979299,0.3705486557680168,0.359441249142011,0.4566515829504935,0.05694927668925201,0.6636485563672627,0.7072659135433651,0.9104302984834246,0.4602838481332465,0.6174839007123841
0.0,0.3588016720854622,0.7344058038125699,0.4274606725215001,0.3622816993416855,0.498213909455531,0.03973509933774827,0.6694456862966656,0.7062905189539167,0.912998208802096,0.4571962655257187,0.6243846577135295
0.0,0.22108685555039506,0.7446264242899728,0.4893689495438368,0.3038724981345061,0.5235584012880651,0.19802793755135573,0.6954983812251596,0.7053710461752908,0.9220234698518244,0.4565931040177682,0.6545308526301701
0.0,0.1732466326056667,0.7550244093484345,0.5624708822425277,0.3294064011463253,0.5731474446389162,0.15137908915971784,0.7121184579634385,0.7040247922190799,0.927590041899506,0.454813910249543,0.6784083641933996
0.0,0.2048304691128659,0.760644525768528,0.5926913271417096,0.34348860794150143,0.598346025973288,0.2607449856733525,0.7444153496209754,0.7028426514527774,0.9345919886979812,0.4549567298841836,0.714719136215589
0.0,0.2090106827682307,0.7644790380697776,0.6223783865456743,0.3458350850929227,0.5360087887922821,0.2418338108882522,0.7938923797218357,0.7009120309541589,0.9329669309354476,0.4609625164895775,0.790657207870432
0.0,0.11286576869484438,0.7657192625069691,0.6420373787133977,0.3471202553041913,0.559360860455514,0.1751559251559247,0.8189035563918269,0.7002668140659829,0.9434565395401644,0.4602233794049602,0.8056038905992058
0.0,0.19716674407803086,0.7699868621266118,0.6734888944127384,0.4069302804493327,0.5782573651803944,0.14033316506814755,0.7455354730310635,0.6993830154269814,0.947286458323412,0.4549836871021323,0.7430657802763274
0.0,0.18787738039944268,0.7725031164003938,0.6914994741492397,0.40422424535609147,0.5689861584519088,0.16910651186269546,0.736112680484797,0.6992532814278062,0.955772709073717,0.454144843233688,0.7242374217344101
0.0,0.17440780306549009,0.7774716510306353,0.7314150970897022,0.39326946772091936,0.5890194106848315,0.12518929833417422,0.7535188087389275,0.6979066588310355,0.9558982798674032,0.452456303819388,0.7450289266645845
0.0,0.200882489549466,0.7814675983196551,0.7610172477817847,0.35737971509501976,0.5330441141519345,0.18021201413427534,0.7241008307581958,0.6961279257807672,0.9577949976333898,0.45338593057446896,0.7005978673091507
0.0,0.2275894101254067,0.7832597852323259,0.762975942526782,0.37085550378026055,1.0,0.07117617364967176,0.7394091840293979,0.6949838100428537,0.9640228089633964,0.4514785380973498,0.7068144975386307
1.0,0.26335346028797035,0.7869214237799383,0.7575030129944429,0.3923793168765298,0.621666474314333,0.031297324583543194,0.678662140320021,0.69327838613158,0.9722975547732688,0.4486724722065572,0.6261693362483082
0.0,0.3727357176033444,0.7933007856417028,0.7737384233039866,0.4004700316409773,0.6168005747471538,0.12930577636459986,0.6771833809058261,0.6918669987292329,0.9868477186066468,0.4488395132136093,0.6046119067802912
0.0,0.4528564793311661,0.7953871481598057,0.771500395675583,0.3930473794775917,0.6214386220714148,0.2342342342342344,0.7428530722332212,0.6903184980780576,0.9947765258378728,0.453409783137005,0.6848555154002883
1.0,0.5120761727821643,0.7951573455199191,0.7562453445790436,0.4241454761831319,1.0,0.12790697674418547,0.7499226230539083,0.6887945505478056,0.9993481556763624,0.45424321411719104,0.7016512734396866
1.0,0.52322340919647,0.7968014887508589,0.7272993963756994,0.42998317413785336,0.6146893344982297,0.10542962572482867,0.7240222256066107,0.6877577748218858,1.0000000000000002,0.4516758515377052,0.6582924565822619
0.0,0.5989317231769625,0.8027376425861067,0.7447161468729243,0.4188756396636552,0.6377206461087725,0.2981366459627328,0.6977189767574392,0.686958273029073,0.9959127423451728,0.4526937317894067,0.6204943509066538
0.0,0.5701346957733394,0.8071327208331845,0.7697112087143771,0.40555708979462507,0.5752244286774131,0.22790253225035825,0.7529489213899356,0.6863224569355727,0.982280674706301,0.4597909780205928,0.7088535880098007
0.0,0.5986994890849979,0.8160240063283773,0.8160488183087341,0.42317429971987386,0.5821164337391467,0.29383659818442465,0.7207404605279317,0.6857612138771564,0.9743658550575052,0.4564938447257994,0.6561573382581247
0.0,0.6000928936367861,0.8238400500186532,0.8595645951640023,0.4223678839324129,0.5825907642784312,0.3936932632584805,0.7352283725294646,0.6843697629350155,0.9687068970855492,0.4579607508267807,0.6968383721700232
0.0,0.5571295866233165,0.8273628693542764,0.8878126940662829,0.40126576783408013,0.532342282430194,0.3014811275680843,0.8268426767019244,0.6832387937931613,0.966063831882398,0.4662831692850841,0.8001486266748095
0.0,0.8381328379006039,0.8329797418554984,0.9299419241148617,0.5486929343577818,0.5641134521055872,0.7071189679885334,0.7448280266667975,0.6809784727677589,0.9571963580651212,0.46093726911585,0.690024205970806
0.0,0.8815606130980029,0.8269095205983436,0.9308892503250896,0.601338540003955,0.6421710097978663,0.8100507146150303,0.8147718731116342,0.6799418837522256,0.9616747755270872,0.4666729819805314,0.7895254162693468
0.0,0.8824895494658619,0.8187624799133971,0.9272424536266912,0.5977171331951596,0.6205326403118182,0.8483171968649149,0.8779360252322537,0.6785737209628132,0.9745293756588064,0.4715304719320592,0.8796554800828921
0.0,0.9066418950301904,0.8084297395953447,0.9138018445735848,0.6095764749795552,0.0,0.8336980306345734,0.8673292425902359,0.6768605700912128,0.9817969602106016,0.4694921017578267,0.8800296454064008
0.0,0.9916395726892708,0.7962762992934355,0.8890440538280775,0.6761377684563479,0.6419931715297159,0.9776805251641142,0.8611194356150116,0.674919946239848,0.9817969883862382,0.4689320338247995,0.8682938061247986
0.0,0.9217371110078962,0.7789329664581083,0.849509430690127,0.6537320328268117,0.6773903402915803,0.8256212510711228,0.91314130749844,0.6723598449882352,0.97217325326752,0.4722560654413653,0.9300454754777802
0.0,0.9526242452392012,0.7656267184731709,0.8285513942505469,0.6459356379363929,0.0,0.8729508196721312,0.9162511238080262,0.6691681160927413,0.9687328891017448,0.4727762324500819,0.9266204236702736
0.0,0.9605202043660008,0.7492470656554892,0.7932362257084525,0.6501819187029102,0.6902972424445117,0.8628640776699029,0.9239986440611352,0.6659643249522625,0.963025872032728,0.4739355905725264,0.9233608680635504
0.0,1.0,0.7315334156243577,0.7513824045517209,0.6676869584177638,0.6247197328868661,0.9885681087287684,0.9339471085586272,0.6631424759754126,0.9633817445953198,0.4753154266470256,0.924644275197468
0.0,0.9347422201579192,0.7145162193326641,0.7161506340404356,0.6450935990957615,0.5924767419912861,0.9796380090497736,0.958535782538848,0.6603415373645697,0.9583459346089246,0.4785004923308535,0.9861686819441166
1.0,0.7965629354389228,0.7017563317897898,0.6914595655195588,0.4965947486246245,0.5734236862604599,0.9655172413793104,0.9515595753356684,0.6578417904305971,0.9457839660671676,0.4781910581307745,1.0
1.0,0.738736646539712,0.6900814711639424,0.6549544874850102,0.5167314527338357,0.675493232052082,0.9122899159663864,0.905831028401024,0.6552438157395691,0.937204522251424,0.4772593682276709,0.9925596169493652
1.0,0.7696237807710171,0.6801415895550936,0.6240211626449153,0.5378218718666203,0.6875354557401947,0.9790640394088668,0.8970812924652046,0.6533060113438832,0.9247854813191208,0.4763769996621151,0.9956135113403866
1.0,0.5919647004180215,0.6717986212273873,0.5997799662240971,0.4384196699916237,0.5174152769322028,0.9709911361804996,0.8768257274661134,0.6509610284215449,0.921699252678436,0.478094491086033,0.994016399497673
1.0,0.4967487227124942,0.6712672968050347,0.6240805458487222,0.4172369640994003,0.4821505818463328,0.8603491271820444,0.8605790251978639,0.6487246488104091,0.9138366934275528,0.4767280615230829,0.9675953335946168
1.0,0.4431026474686484,0.6695844679975477,0.6386098715557794,0.4281649304504571,0.4979830689527928,0.7788861180382368,0.8354892433762875,0.6462072002299725,0.9081298570836224,0.4740558653454465,0.9248315232294358
1.0,0.4818857408267537,0.6680279811776096,0.6481870494677231,0.4565457975277529,0.5879647955961783,0.6877351392024083,0.8140889908572383,0.6439587971843103,0.8929255858076129,0.4720773582002246,0.8723834966357764
1.0,0.47677659080353,0.6667919662261915,0.6537307354113332,0.4529486156738782,0.6215464862958135,0.6990218209179833,0.8484885703196773,0.6416495610957907,0.8720576473703122,0.4733836203359277,0.9235105957616956
1.0,0.4739897816999538,0.6654202378571664,0.6551223769445034,0.4511888490579365,0.6184551161951136,0.8517682468021068,0.8675650580449915,0.6397974050007272,0.8567207565440692,0.4723693616608308,0.9441663334666136
1.0,0.5095215977705531,0.6604510233893749,0.6438529354789905,0.4745730038044014,0.5955343976374526,0.8457486832204666,0.8802106618062482,0.6383929742536602,0.8479173697226766,0.4738947356477839,0.9889036732389828
1.0,0.4493729679516955,0.6536830507239791,0.6222930537719604,0.4321938938200108,0.6183929271060723,0.5741158765989466,0.8432515020953186,0.6364421955789051,0.8380701338026452,0.4729943344879925,0.9410910850368944
1.0,0.4440315838365073,0.6517157536105699,0.6045863383316237,0.4285868192060642,0.6071692762522855,0.5846501128668172,0.8177834329817388,0.6348424967638343,0.8281991892295265,0.4707973868104359,0.8720535462279748
1.0,0.4879238272178357,0.6497614593315454,0.584551849830617,0.4098546793594939,0.6040848591587312,0.6440933032355151,0.8122565082609101,0.632366615792089,0.8197960816036359,0.4693608604423616,0.8807306157009801
1.0,0.466790524849048,0.6465940385205667,0.562478059511338,0.3946681116973581,0.5861991835950109,0.5274642588412336,0.8473094930459002,0.6295725948376033,0.8129610851598897,0.470822646039065,0.9051489859279868
1.0,0.43961913608917796,0.6451953624037378,0.5616946445671529,0.4247985635741922,0.5862931170299315,0.4996237772761478,0.8508565505111791,0.6263073462234215,0.8063399522579734,0.4721994442533105,0.8755400882995275
1.0,0.44031583836507215,0.6440171327636933,0.563179160099312,0.4248596666157911,0.5880418610637195,0.4085778781038372,0.8507877710035419,0.6234080267909482,0.7999686793311135,0.4720531977539174,0.8827285125446661
1.0,0.4616813748258246,0.6433727065340723,0.5569436439913823,0.44097410351336536,0.5748301482880394,0.3814898419864557,0.8269114562095613,0.6215703318834173,0.8015111805830423,0.469924789443708,0.8246489550555808
1.0,0.4647004180213656,0.6433772942187596,0.5520688552577999,0.4431060716686659,1.0,0.3340857787810384,0.781349945222035,0.6194077107808204,0.8036967074758,0.4681673948479828,0.7604008733094794
1.0,0.4442638179284721,0.6443021927685776,0.5564665638551377,0.4267899923482741,0.5455551318431968,0.2024078254326561,0.7873239367425042,0.6184748187357493,0.8058705999399288,0.4693250781647776,0.7539330830405309
1.0,0.46377148165350707,0.6481845287076505,0.5766911032546763,0.4419383675828304,0.5777256532575258,9.008197459731329e-05,0.7412465794477006,0.6170803849257877,0.7995944972513046,0.4666691534255252,0.701857522855802
1.0,0.5545750116117045,0.6541541076701155,0.6139226938239317,0.4651458054259446,0.5655341179078819,0.3962873284907179,0.7077460464065162,0.6166360436915799,0.7972095387618695,0.4627765548943085,0.6380773558054109
1.0,0.5480724570366932,0.6570963472594443,0.6464488298432671,0.45850038859216896,0.557444972110762,0.4398708635996773,0.7825339353177858,0.6157592781880411,0.7991810875698283,0.4748010222703321,0.7650742267890235
1.0,0.4540176497909896,0.6594647004713131,0.6777472140204156,0.4299287132105784,0.557397735674263,0.21388216303470586,0.8242094041238227,0.614459884476536,0.8040844435193356,0.4779079526310375,0.8165166506763538
0.0,0.55434277751974,0.6660980198106153,0.7180960329522112,0.4747573538895778,0.6415109160757718,0.520581113801453,0.7772870414494788,0.612307777232625,0.7968081421047676,0.4723599441865202,0.7380127580726669
0.0,0.5984672549930332,0.6661425369203743,0.7185810046001115,0.5290235773837281,0.6653225784066885,0.714285714285715,0.8638951800303613,0.6103433620985393,0.7873248220839476,0.4834134493804722,0.8538900403541797
0.0,0.6593125870877848,0.6620593122821808,0.7087230632656398,0.547533746166728,0.6086734938728582,0.8216303470540764,0.9279682042161836,0.6079614297611909,0.7734816714484606,0.490731668531457,0.9346230293984692
0.0,0.6581514166279611,0.6559116000052881,0.6751090777160279,0.5497031483334287,0.6590045103408272,0.7499999999999997,0.9447012758598664,0.6053688256757218,0.7648478762207549,0.4897761837251736,0.9547936653726652
0.0,0.6409660938225733,0.6526499587876046,0.6381137969632351,0.5191535383772707,0.0,0.7835144927536233,0.9363249143940772,0.6026353756669619,0.7526159318390816,0.4890613983330037,0.9357403871595192
0.0,0.6834649326521135,0.6493061938633223,0.6011826224012402,0.587832338977126,0.6703671867230858,0.9782608695652166,0.9758190902436268,0.600748398269712,0.7536943783170325,0.4921337423990893,0.9766032357527394
0.0,0.6683697166744078,0.6422493841807703,0.5285048103981044,0.57839619409494,0.65208625273991,0.8324275362318834,0.9733528536126436,0.5989324207192391,0.7526641923843913,0.4902680518001351,0.9966251225318584
0.0,0.6288899210404086,0.6364934576162108,0.4834146709372379,0.5809290997224625,0.5647709036142355,0.8987898789878986,0.9248976904823901,0.5982053254493284,0.7580819883720237,0.4882654898504808,0.9306189609298424
0.0,0.6339990710636324,0.6335604308031371,0.4507599510808421,0.5892229329246844,0.5324822583124047,0.9760000000000008,0.9250254238537158,0.5967070694622661,0.7566493311472007,0.4868781149531856,0.9560495728889512
0.0,0.5633999071063633,0.6301202403440059,0.4502058380255728,0.5450564717723355,0.0,0.8996372430471585,0.9650698357643612,0.5947924766040783,0.7585371755065359,0.4900544623514469,0.9988166923400088
0.0,0.5143985137018116,0.6275861405903337,0.45042572625992106,0.5375413453400991,0.513149026740774,0.8222490931076181,0.9543746223268104,0.591903131391578,0.7586077135498634,0.4891059718362055,1.0
1.0,0.547375754760799,0.6233710895266863,0.4353577389539915,0.5237087250472302,0.5609696848981064,0.9781209781209798,0.9413359928076288,0.5895008130961633,0.7578024690066025,0.4876390195896406,0.9985228519195616
1.0,0.5650255457501161,0.6172229115773139,0.4083375011401293,0.5414540675336567,0.5443690073316676,0.9521100615278668,0.9345464728394636,0.5871218749074313,0.7562890261037697,0.4868455804419333,0.991483087215828
1.0,0.511611704598235,0.6129436243740961,0.3854739036679838,0.5346972591961605,0.5531885829756458,0.7863777089783269,0.9371158787319022,0.5844189239264143,0.7504953678178349,0.4874986782581773,0.9961218179256542
1.0,0.4709707385044128,0.6103615392954868,0.3822284421292751,0.5414621653261978,0.4781936712420009,0.6687306501547989,0.9048926794039764,0.5823320119892199,0.7493946687618408,0.4841212309101892,0.9505720374204664
1.0,0.49396191360891795,0.6078081962736369,0.3690393216936538,0.5653117015846391,0.5496926741588315,0.5051244509516843,0.8977789131855226,0.5802603165038059,0.7466540632577293,0.4815710549027525,0.994210452396186
1.0,0.4760798885276358,0.6055319839565257,0.3663312127560393,0.546830160961226,0.5774420510386452,0.3089311859443631,0.8951898560051879,0.5786922317361837,0.7510884267073108,0.4819051081888043,0.9748865070839968
1.0,0.4630747793776129,0.6042100078612956,0.3517845775318595,0.5833655413992084,0.5196631161098421,0.21840873634945496,0.8826474215053868,0.575891757221847,0.747841196842145,0.4837169681895224,0.961377125787002
1.0,0.5545750116117047,0.603497198622773,0.3468417758445474,0.6230195640119757,0.5389178917905127,0.34633385335413425,0.911721501947934,0.5740883060445411,0.7528413222537615,0.4850199843822594,0.9800534730008392
1.0,0.5949837436135625,0.6013905405574135,0.3228121323424365,0.6173218955499421,0.5251224765152775,0.6297229219143579,0.9089555831765326,0.5720801182921559,0.7497857730064388,0.4835918290475364,0.9956640399769368
1.0,0.5666511843938691,0.598377904208714,0.30031276964536696,0.6356207097693078,0.5641397692423307,0.5738916256157638,0.8942367685422182,0.5705548912907318,0.7463000865768905,0.4855106078307891,0.9955577182682952
1.0,0.6119368323269858,0.5977271145802893,0.27904497549829144,0.627948125816665,0.5713381544226476,0.6657633242999101,0.8828881497821163,0.5674009982159626,0.7295015138708683,0.4843186377721237,0.9811441937913812
1.0,0.5297259637714817,0.5951514814539437,0.2519796813422421,0.5968202726654213,0.5015598385552554,0.5298672566371677,0.9008936423170832,0.5639516852169942,0.7129343145249409,0.4882226961845123,0.9607213094445392
1.0,0.4983743613562472,0.5968354602726188,0.2431271245690008,0.5699915040458775,0.5332845471858234,0.3252212389380532,0.8849367965453036,0.5601101859678933,0.6938819909911162,0.4866630908604183,0.9244681905139364
1.0,0.4744542498838831,0.6032974465190509,0.2792123581243953,0.5476911715242939,0.4781061596090373,0.4480088495575222,0.8629224412794954,0.5571352463075813,0.6829456103823737,0.4846558086731506,0.8687404816116046
1.0,0.3450998606595448,0.6088527587276861,0.3104395934642637,0.4574190828539881,0.4725611766809807,0.4414141414141408,0.8922519884646939,0.5567533196671631,0.6868228563174112,0.486297977974187,0.8967252565593615
1.0,0.3307013469577336,0.6177250686443115,0.35802364781806983,0.44323680677450417,0.5000638433866454,0.3139963167587474,0.8415565785142642,0.5572509203504245,0.6985955488228628,0.4726424274145486,0.8973616261803925
0.0,0.20181142591732493,0.6245061246159925,0.37883795065572096,0.38356219468518415,0.5460462001129645,0.3483816013628625,0.8259288918147473,0.5582998350081542,0.7112400925019748,0.4732639696935344,0.8892936297206557
1.0,0.20227589410125424,0.6317051061553006,0.40647608425379866,0.3839641170141985,0.5484093482518765,0.2558841279420638,0.8388152238527332,0.5573012600443584,0.7157194596031934,0.4717192042799716,0.9080701908377404
0.0,0.2603344170924293,0.6343001278779178,0.4127288420784302,0.36849014700843824,0.5353519093051899,0.3716175586289833,0.8433350200688776,0.5555908297939037,0.7183613744252636,0.4686057468791319,0.9139364947005773
0.0,0.3286112401300512,0.6345427075142384,0.4086920388503615,0.36394941844807605,0.5110842281811572,0.4575358851674636,0.8589676195903688,0.5540293719126116,0.7164942903143354,0.46749005351069206,0.9295750952725784
0.0,0.3044588945657225,0.6327827380871517,0.4040416836623707,0.3952418778543387,0.4876761329803944,0.4204545454545455,0.8535340384870473,0.5522539837729948,0.7135965976092826,0.4701820901743598,0.9279731993299836
0.0,0.26010218300046484,0.6322816536482928,0.40632054131466055,0.3557678419218361,0.4762979478156542,0.3008373205741628,0.8648482674933307,0.5502184326928682,0.7079062231738403,0.4682751717892146,0.9392084147081842
0.0,0.3035299581978636,0.6351494156377778,0.41446293589557137,0.3387230414887188,0.4629205538890448,0.36184210526315774,0.8537305513660102,0.5479846114305321,0.7040377258259768,0.4674733232147321,0.9054296226401294
0.0,0.2981885740826754,0.6347537462375789,0.3956951555166674,0.33721743263276965,0.4937841726369442,0.4210526315789469,0.829195918427504,0.5454538705481912,0.6998913650455216,0.4681793652596238,0.8704731810435
0.0,0.3279145378541571,0.6341254279910634,0.3753652142590538,0.3573130272006358,0.4644696341127169,0.30980861244019103,0.8461058516622533,0.5431577586916084,0.7036678215055743,0.4672552146124303,0.8743352863297567
0.0,0.3035299581978636,0.6340513294772948,0.3587523493509745,0.38739012986808463,0.4565523239831708,0.2757177033492823,0.8499820681997946,0.5399730993196817,0.7034273981805028,0.4682252637257798,0.8661795147498776
0.0,0.3397584765443569,0.6367868897547634,0.3624754775380136,0.3666849114843416,0.5068982220727368,0.2918660287081337,0.878741728036001,0.5378197613190446,0.7041126970032261,0.4694944686934488,0.8792141200909934
1.0,0.2791453785415698,0.6383116838647508,0.3619417439525528,0.3125045634239625,0.43977415551499616,0.10526315789473632,0.8559167571444712,0.5351347188845751,0.6952602496360959,0.4690308891542137,0.8614030852954729
1.0,0.29168601950766376,0.6465151059904558,0.3902110904026028,0.32218559532559937,0.4941601996974626,0.07595693779904282,0.8746788242634451,0.5341358199551872,0.6972530988235062,0.4724702473691523,0.8593939128786222
1.0,0.2670692057594058,0.6558724294011425,0.4232261223343042,0.3116637993509401,1.0,0.11782296650717695,0.8384369365607298,0.5328235925220978,0.6996493974038079,0.4690643731974338,0.8392558721670305
1.0,0.2529029261495588,0.6671796357316425,0.4751701248649786,0.2961946268526636,0.4289449346295488,0.03110047846889928,0.8261204918717359,0.5322847279831157,0.7089182699056487,0.4709716022217855,0.8265337325150584
1.0,0.26823037621922924,0.6807591116437736,0.5232971456647632,0.3057451471414725,0.3813707190592573,0.13888888888888887,0.8286505951883818,0.5294882859429048,0.7026743998801088,0.4714963047122947,0.8243007801110787
1.0,0.2417556897352533,0.6932593869482936,0.5768419705680725,0.33072011098162124,0.33930036402520314,0.017675050985724337,0.9006971294381205,0.5268631048057729,0.6965833229282008,0.4807789072649502,0.8744284281864018
1.0,0.29075708313980514,0.7046265448523895,0.614834917187522,0.35772822285399186,0.3371694123120879,0.03147128245476046,0.9056836437418018,0.5244004774871046,0.6894930344252231,0.481037549313603,0.8941223662542754
0.0,0.5083604273107292,0.7146919363133825,0.6434051638669466,0.4797713077638298,0.5072529476220361,0.19548872180451146,0.8872703869829867,0.5239873459022558,0.6980410608150759,0.4817204265110345,0.8774015116328168
0.0,0.469809568044589,0.7181031135706729,0.6456886589545351,0.4973402934928896,0.0,0.15288220551378426,0.944106824401004,0.5239506836661955,0.7100607016030093,0.49089627163621397,0.9813086742952049
0.0,0.5617742684626106,0.7234843245267747,0.6506913577859609,0.5766992669077496,0.32045932396442284,0.9410456062291436,0.922367587165744,0.5230443117827225,0.7185286825870841,0.4898404237816622,0.972265619502034
0.0,0.6133302368787737,0.7202745745639597,0.6495767420265852,0.5667388849006929,0.3971559844332757,0.9555061179087868,0.9441903423745632,0.5215671779390866,0.7267844694158893,0.4899301697112429,0.9992821855339272
0.0,0.5863910822108686,0.7147266092491563,0.6347760848882362,0.5922744284600084,0.4624089042588778,0.8932146829810893,0.931903374617414,0.5193985034786349,0.7342106640550623,0.4923421245016845,0.9898674040984188
0.0,0.5499303297724107,0.7099348679960035,0.632155337331791,0.6138592830945305,0.3142685773998396,0.8230865746549549,0.9333330058118684,0.5173031449794004,0.7397460148165832,0.4924527466852587,0.9945259873785716
0.0,0.5963771481653508,0.7059014198845813,0.622514898869022,0.6025410959224894,0.30406025508952056,0.875784190715181,0.92000943261819,0.5153390999759823,0.7483995099178096,0.4910092137639255,0.9927246904007944
0.0,0.5032738095238091,0.718302925795512,0.2420003231950728,0.5196628994673558,0.5148633734597362,0.7837638376383761,0.5311792246584358,0.9876416516802424,0.3621795260509752,0.5148829710661211,0.8304071745702466
0.0,0.423065476190476,0.7173805081180922,0.23531060137821855,0.5243029510245686,1.0,0.6200842696629218,0.5503146662474392,0.9869499786981384,0.3734012125176319,0.512543642142056,0.8441504231124378
0.0,0.36279761904761904,0.717800311318644,0.23797359006114244,0.4826312987638216,0.508473694804793,0.17501715854495592,0.5056325503932712,0.9871529967170954,0.3794693767671601,0.5132126448304439,0.7967542406112043
1.0,0.38690476190476203,0.7217658141301693,0.22133626779147086,0.4966770020112501,0.5334538567172922,0.3738062755798104,0.4443696603766172,0.98907596165884,0.3873330370821911,0.5125066462338401,0.7553474075666925
1.0,0.3708333333333333,0.7278498361105576,0.20976488846848215,0.4883381081343688,0.5252576137130573,0.4478609625668458,0.4523529960844807,0.9914210967093784,0.3924143193425438,0.5129254659326258,0.8019024248327156
1.0,0.19702380952380927,0.7325265961901026,0.19606058294359546,0.4570931009521986,0.5544090813665649,0.19926062846580453,0.4652982819861557,0.9922003182759694,0.4032666755754648,0.5137651400301384,0.8346952199046259
0.0,0.3180059523809521,0.7393879942380965,0.19696282008307095,0.4676026609239402,1.0,0.4133086876155269,0.4500587082225904,0.9924233138150031,0.4118320321707691,0.5127758354825722,0.8094539382976842
1.0,0.2063988095238092,0.7412363778981903,0.17584311701856153,0.4486498957305096,0.5069578902750131,0.2484288354898335,0.4829353128730672,0.9919582176922468,0.4167895854843183,0.5149566290052425,0.8754822469863516
1.0,0.08764880952380892,0.7464837974036551,0.15105951145012936,0.4373131058751037,0.6249258469577224,0.05489269502642171,0.4838097951844516,0.9911112013477468,0.4144578965020765,0.5150564339747568,0.8669061563175934
1.0,0.21666666666666629,0.7536950498605828,0.14730264777341495,0.44959252923532383,0.5765662840962537,0.2816923041729164,0.452490555099755,0.988750172991494,0.404933441998414,0.5130030892648807,0.819282289993296
0.0,0.2059523809523806,0.754529038469502,0.12286192633910735,0.44544675284492896,0.5575929618896575,0.2720982920359517,0.5130951269718839,0.9856792075852584,0.3896700366259367,0.5136055825052577,0.8716622183993827
0.0,0.20922619047619054,0.7544464810178784,0.1049750248375188,0.4452750938542618,0.5951169302766361,0.20570889290467068,0.5378704881871192,0.9824611923581102,0.3763916882470584,0.5154508427490749,0.8637185827946923
0.0,0.3214285714285709,0.7558579005384314,0.08475337728388121,0.4657870857408165,0.5804132502329611,0.2881746487762617,0.5695483642759236,0.97969458939292,0.3588682834100462,0.5139864191718035,0.901887245911178
0.0,0.29270833333333324,0.757367753389327,0.07093523863646428,0.5021046689372398,0.4970056991621778,0.275075395136009,0.5868316719807025,0.977193783229672,0.3452527061900388,0.5115209181071798,0.9127654730131424
0.0,0.19122023809523805,0.7589557792042887,0.040265105448292704,0.5028569107386539,1.0,0.21344936096481976,0.6078929397835411,0.9746587407276592,0.32993605369337065,0.50934756105238,0.9151435040540368
1.0,0.2059523809523806,0.7620234905587928,0.01965785207946369,0.5071865651645532,0.4897401231328644,0.04757630161579905,0.5998359117460662,0.9725064470425164,0.3221658506259182,0.5088450487599274,0.9034177871662216
1.0,0.2507440476190471,0.7689322062817758,0.02265069827515387,0.4751892568046102,0.4842273874747679,0.1310592459605026,0.6087084682312371,0.9708578865232956,0.3144224056694737,0.5094554826554583,0.9169712991891928
0.0,0.18824404761904728,0.7758404817691145,0.028060509523056776,0.4516778549656085,0.40946070788468,0.1962896469180133,0.6253629347233342,0.9702160610409002,0.31476821409745226,0.5069432320140335,0.9282100256776756
0.0,0.2438988095238089,0.7830590802730417,0.031450412735506084,0.433417142990373,0.4081554490192936,0.23608617594254905,0.5969127826714942,0.9693507330539624,0.3168613912744665,0.5084008223467535,0.9249212593445236
1.0,0.1749999999999995,0.7883291631463547,0.00380950402567437,0.4419529076106447,0.4033766633155131,0.1508078994614002,0.5687082717183576,0.9690483998167128,0.32602733340460466,0.5066086913008683,0.8860189483537194
1.0,0.17485119047619052,0.7952633448823572,0.0,0.4427334182735884,0.4573114386610407,0.003307607497243789,0.5657409272460192,0.9690940883700292,0.336038378724192,0.5063489951588641,0.8890673817625254
0.0,0.31235119047619025,0.801833544381904,0.003421913619461425,0.4702407607032473,1.0,0.11144692104269048,0.5337977587706151,0.9700380548412048,0.35215867733349804,0.5075721826914087,0.8864047459428004
1.0,0.2764880952380946,0.8061243816504156,0.0093948963889936,0.4980920963045948,0.445367223111062,0.0272006044578768,0.5113314238831926,0.970740792172978,0.36445026697735294,0.5095618681094003,0.8842607232756113
1.0,0.2883928571428567,0.8163543289719464,0.041630514527615466,0.5038552663480593,0.32147736135299604,0.06788710907704047,0.45327660661560604,0.970060217039902,0.3749874147659956,0.5057007176331587,0.8076957132195756
0.0,0.20372023809523765,0.82880141539956,0.0903525323592828,0.4720053211108355,0.4105925807396168,0.15560640732265493,0.4128833843448017,0.9684221422996876,0.3777485466042,0.5029376121693906,0.7492884880529241
0.0,0.2385416666666663,0.8400205451203481,0.1306664188051363,0.4896609958491587,1.0,0.2657047856549107,0.4532864322595544,0.9668619232443736,0.3846287879200714,0.5021764514155406,0.7851929620400468
0.0,0.26145833333333324,0.8453622094688513,0.15049933533151502,0.5015963085897739,0.5038237841707435,0.12377450980392167,0.4524266884140921,0.9645147687752814,0.3873269826594175,0.5021516106144432,0.7754721277053265
0.0,0.21755952380952348,0.8517399082689672,0.19174060365052453,0.4870882269648435,0.610003120273397,0.216788602233346,0.4271305680696046,0.9628605460350124,0.3882732201694742,0.5004669965841297,0.717760603109149
0.0,0.20238095238095236,0.8591129795503425,0.2391651055690808,0.4845898696957442,0.6257818128298865,0.3382933495293049,0.4209600636701728,0.9613112008853664,0.39119284977665736,0.5037060294739792,0.7146362750926548
0.0,0.12619047619047608,0.8617913838126747,0.2671932918530293,0.5055983138535833,0.6167210928452315,0.2745040840140022,0.43874447921630655,0.9619311675875594,0.3966739674851598,0.5013285643609326,0.7234969705402429
0.0,0.15773809523809518,0.8639640581917685,0.26810176082265097,0.4662160858340985,0.5393336889790108,0.2939560970358737,0.3797070975539063,0.9633993786810128,0.4084151771167557,0.5006057226116603,0.6911848413170246
0.0,0.1275297619047614,0.8637075832334022,0.2436547340057762,0.4462149835218909,0.5467840145072838,0.22633239396189295,0.4319107438503751,0.9653300910017903,0.4080867863527631,0.504275380062184,0.7922068887005578
0.0,0.09553571428571413,0.8660396398381296,0.2125796724063508,0.419694358941628,0.5089621799434592,0.09467318430357262,0.4375899660523999,0.9643234699445472,0.402815381627606,0.5009851539342995,0.7940916047914793
0.0,0.08244047619047568,0.8716440242897203,0.1839385976082334,0.4165695917478837,0.5150446605949796,0.13579943637713562,0.443603260148662,0.962730388383318,0.3869161991400325,0.5015301084831307,0.7675980621576837
0.0,0.15461309523809466,0.8788450446389541,0.18752625567205594,0.39386921447985457,0.5346864771949214,0.2669066158062811,0.4484030872173288,0.9613664079880012,0.3770619899170157,0.5018177252033916,0.7894746828237855
1.0,0.005208333333333259,0.8828493341060435,0.19658646597142765,0.34322612312518885,0.5329738530447818,0.08432181536874704,0.4120531174311836,0.9613035843758531,0.3720499153218565,0.499273827058871,0.7411740895809354
0.0,0.0,0.8904714514746244,0.23614474367869515,0.3887923937704004,0.5303917508760922,0.06928887731179989,0.3589504247134596,0.9615754470569025,0.37630658053835264,0.4990887999761262,0.6836017050988525
0.0,0.16205357142857124,0.8993178104085437,0.2759113568397724,0.4296042080593727,0.4750816416653811,0.23547798905965084,0.35075583766071045,0.9618387430049076,0.3885249483840766,0.4984410563459755,0.6917224281214819
1.0,0.05922619047619033,0.9056173403222136,0.3039711311434899,0.42577612440852186,0.5143984581355244,0.17270122427715545,0.4310510000049128,0.960952912408882,0.3875160275762154,0.5006741365747782,0.78372566629141
1.0,0.023660714285714316,0.9163256774221352,0.3479709520335356,0.41569085944240586,0.4925479351197101,0.21630658436213984,0.3879360743604733,0.959195334772932,0.3904611944737912,0.4976068870458527,0.703271057591358
1.0,0.010863095238094644,0.9243323349563332,0.3787058645206104,0.4126900475060213,0.6056202320710128,0.22140896614821545,0.4166171290450947,0.9584117257232364,0.3915656023990453,0.4997635782440013,0.7464930366697448
1.0,0.002380952380952317,0.9311797637532696,0.3842684931344677,0.3930813102159876,0.6139806431222113,0.09240622140896597,0.4432593626104773,0.9562938009423021,0.3875846382453305,0.5017454542195628,0.7880516589296331
0.0,0.012351190476190266,0.9405400881704468,0.40203366110693295,0.3504406993805047,0.5824776375817381,0.04842206697181446,0.4178698986484827,0.9547959752442524,0.3774541518007805,0.5000831073054021,0.6948467561379766
0.0,0.07157738095238059,0.952633402850824,0.4449760952272734,0.3460998077432882,0.37779684307839495,0.060708263069140185,0.3830527293182477,0.9532170298998658,0.36851322341166304,0.5010190817910601,0.6829882236867073
0.0,0.1794642857142858,0.9658107017494412,0.5238208237345102,0.3866618088993332,0.3821910076499546,0.02943018159048295,0.3597708659831293,0.9529907812369104,0.3683145086830443,0.4992774808311167,0.6438772025247608
0.0,0.2872023809523807,0.9753999431252148,0.5977007392464448,0.4354736720410124,1.0,0.1539594843462249,0.4663791028204515,0.9509140321037376,0.3464858100533881,0.5037960633249753,0.7612545378650849
0.0,0.27172619047618995,0.9804571694138222,0.6478206653899223,0.4201347494986806,0.3880834523438232,0.011049723756905449,0.5441982028897221,0.9470343526872936,0.3177468128792437,0.5061223663419754,0.8290853434863454
0.0,0.3681547619047617,0.9859786903201212,0.6542100526398019,0.426010344682753,0.3654621661363556,0.03246753246753194,0.6046799542124988,0.9444074546103428,0.3001618919029612,0.5071631458824287,0.8599997470179741
0.0,0.5827380952380948,0.9894100401129404,0.6420641581539945,0.5255409788340651,0.5640756874724383,0.330060776063581,0.6414671651543363,0.9418736226241744,0.2984834553561692,0.5096290182918909,0.9396258395840976
0.0,0.6230654761904759,0.9880786684843046,0.6055078206616401,0.5583947881064355,0.4484647709411646,0.5054249547920423,0.6668517162943568,0.9400609093420206,0.2980259127217736,0.5078923994323954,0.9493466739188179
0.0,0.6349702380952376,0.9869058622931348,0.5834817978916051,0.5657693185475153,0.4469226529634053,0.4983022071307292,0.6847638652118164,0.9364350814792431,0.28877520694555936,0.5055599611372485,0.9612368291232908
0.0,0.6296130952380949,0.987165937664497,0.5860665921927873,0.5628203457310719,0.4219821238726362,0.4848484848484849,0.697645284427828,0.9351317517826676,0.2930966837163511,0.5066448251719465,0.9546592964569866
0.0,0.5229166666666666,0.9901679792424808,0.6081096690023647,0.5343357640810512,0.4816063146873851,0.37576139466498604,0.6878294661236356,0.9337452681902416,0.2965901801847713,0.5053140389756553,0.9959522875899663
0.0,0.4501488095238092,0.9963579370998455,0.6600688411898713,0.4876280683775107,0.5006478712583544,0.4753203108590631,0.6603225758908171,0.9350167108339285,0.3139360947397508,0.5036208800367877,0.9997795650082829
0.0,0.39241071428571395,0.9993035100567178,0.6971491445593255,0.5062631506715303,0.5282422989653676,0.4711195127074144,0.5869102771322876,0.9354718102280264,0.32500500200086635,0.5013951488867169,0.9912634591795008
0.0,0.5113095238095237,1.0,0.7113524148676821,0.5231598000589633,0.5098793303498672,0.6240285654274306,0.536509636500302,0.9373300988130708,0.34705579239372264,0.5013918885059963,0.9434510017718409
0.0,0.5507440476190472,0.9958118629979564,0.6916708936629364,0.4936961891048978,0.5016777352595602,0.6294896030245739,0.5326530712506568,0.9370246681956051,0.3565692909434077,0.5009365210650623,0.9655308709281716
0.0,0.5462797619047617,0.9921398299757328,0.6667931750403963,0.4921259668762288,0.5100566956066875,0.4400336063852129,0.5155220610270743,0.9366922236420588,0.3654942787406419,0.499796427246016,0.9324246967425374
0.0,0.6285714285714283,0.9917570329278717,0.661559823428861,0.4913312307619141,0.0,0.6290695232094093,0.4989609381524839,0.9359763605487288,0.3734863103689071,0.498415714317061,0.9340261687338146
0.0,0.6837797619047614,0.9898815848361902,0.6810491385969386,0.5316361149508833,0.5435247498584357,0.8042428061331645,0.5186760927344278,0.9357428391031648,0.3866110019252715,0.4998391081544306,0.9707509881422924
0.0,0.7007440476190478,0.9843344525633468,0.7050112092760872,0.5444985898028354,0.5637412538071993,0.9941588785046728,0.5149767377879527,0.9340188706907578,0.39553106561189255,0.4995213256266453,0.9729726046067869
0.0,0.6800595238095233,0.9790592908361408,0.7021241073060828,0.5362775627113621,0.4993486983683543,0.8513265038087726,0.5024490417540739,0.9321529911506172,0.3872077037111601,0.4987492390006775,0.9350415701240284
0.0,0.5549107142857143,0.9751862965865492,0.7005566705433677,0.4975346206778613,0.4534187565889812,0.8742698191933246,0.4930508133176781,0.9298013559256284,0.3739888721154549,0.5017541759005794,0.9271091726863842
0.0,0.5363095238095238,0.9708360199847424,0.6835037985537931,0.488211399841292,0.4720856621872626,0.6812239221140479,0.4816628919817834,0.9279504971339428,0.3645651399549629,0.5010143511587705,0.896558538912362
0.0,0.6568452380952376,0.9646585216747736,0.6629734792188232,0.49839638947362,0.4988824470911483,0.7223922114047282,0.4685309188450938,0.9261869453189668,0.36740090468244346,0.5000941059445545,0.8739948207714321
1.0,0.7357142857142858,0.9566551040714146,0.6146198994493355,0.4814642585157926,0.475586850245086,0.8150594451783362,0.4772413522051203,0.9260399855803804,0.3757866225939719,0.5007457102499254,0.8898528008722911
1.0,0.7501488095238096,0.9483262780695788,0.5581674504303037,0.4888347223454693,0.4741053894905479,0.7303715051704333,0.4554087713523525,0.9254973054089398,0.3817339675961916,0.4989215272272374,0.8972127572577342
1.0,0.8010416666666667,0.9457531507376772,0.5538692589448038,0.5092250796646077,0.4888162577648457,0.7600382409177819,0.4562390382659701,0.924363090670345,0.3862672060490453,0.4990391361698044,0.8832288401253916
1.0,0.5014880952380951,0.9448969472054394,0.5671478770633896,0.4164853553830046,0.432339588577224,0.5086042065009564,0.4767107674319208,0.9215762221590416,0.3818780150436272,0.4968995783637091,0.8957339512062151
1.0,0.455208333333333,0.9496755870933676,0.5978026337000589,0.3972304911048865,0.450669108018456,0.5302740599107708,0.4399088180241612,0.91755547719035,0.3691193338551194,0.494294936807014,0.8237767479896415
1.0,0.4998511904761906,0.9537740677091288,0.6162213087477966,0.4151171409883643,0.4473535144536887,0.476736775015934,0.4668949491277285,0.9146545019112768,0.3599232351567643,0.4965109093646173,0.8063172958975059
1.0,0.35550595238095223,0.957057198495698,0.6281474221466244,0.41372043996617,0.4386370031143634,0.4748247291268327,0.4341264265606808,0.9119164689769054,0.3511248794963626,0.4977064140426675,0.7724955703966201
1.0,0.455208333333333,0.9612987110837196,0.6703072817774576,0.3988614663496985,0.4685308008868658,0.6198215423836836,0.4052095564213037,0.9114361780229088,0.35274846280466376,0.4955580909391003,0.7157012402889464
0.0,0.6436011904761906,0.9614420225379691,0.6963533376660687,0.41520775523020986,0.0,0.8511790949649461,0.4318026617669458,0.9107393515047414,0.3553603632656702,0.4976111889231361,0.7698855117895598
0.0,0.6241071428571429,0.9559928970037044,0.6986957081028179,0.40618033330138026,0.42428102052561256,0.9716379859783306,0.4356051859748761,0.9102988049869072,0.3592588724181224,0.4942056180849842,0.7705601744582253
1.0,0.612648809523809,0.9484335592426818,0.6969219889575602,0.4033411255816263,0.5200398586152497,0.9332581204881214,0.4463151378783485,0.908903113079778,0.3612660757289139,0.495055708665746,0.7862545999727406
1.0,0.6349702380952379,0.9434073753997204,0.7018586951398931,0.4112400923825043,0.4954044423111761,0.8432883246338729,0.42813278375231534,0.9074406262830316,0.35586270321800817,0.493732891900545,0.7458566171459724
1.0,0.4596726190476189,0.9406279465372576,0.7141403231101126,0.4008818558883017,0.46402632132047994,0.6929816418773698,0.41698067787117626,0.9057930563054508,0.3534458735130903,0.4928933601922876,0.7262709554313753
0.0,0.420238095238095,0.9400132200875038,0.7107504634283666,0.4373498592649997,0.4907152401427264,0.6562082729369423,0.3672678323155599,0.9055891792337708,0.3606139574011201,0.4889760012919554,0.6456930625596289
0.0,0.5313988095238094,0.9369064044655936,0.6875399082968457,0.4243491109335833,0.5362726360672891,0.6726313309103373,0.34912969358729345,0.9063606378840322,0.37549479970289423,0.4874189107602656,0.652139839171323
0.0,0.6013392857142853,0.9303216788385028,0.6375234507672138,0.394375414534489,0.5067981112234533,0.7079766078530774,0.3698224997420768,0.9066304708019668,0.3883580718522817,0.4890780969859064,0.6974717186861114
0.0,0.6537202380952378,0.9272429884894766,0.6302666554339518,0.41054912099517066,0.0,0.576592144065921,0.3828709549052072,0.9064287662884244,0.3960462277605389,0.4901725350199325,0.6871064467766117
0.0,0.6309523809523807,0.9258213540083896,0.6219303123430294,0.4008564541314951,0.5450401889014661,0.8593543596078458,0.3947894610143015,0.9053514404157508,0.3998284357510196,0.4910812658404163,0.7261823633637726
1.0,0.6452380952380952,0.9209555841123228,0.6229448342557087,0.40519461780795735,0.525726385332817,0.7800952537362456,0.4044235049054528,0.9060787799640077,0.4133184878613197,0.4918691358917499,0.7250715551315251
1.0,0.5867559523809526,0.9144630781942752,0.6156056291974779,0.3898717827162495,0.4868114739839866,0.5173263261619316,0.3364202231403741,0.9049158173175316,0.4130649161615235,0.4900435248345068,0.6704988414883466
1.0,0.4955357142857141,0.9141434785822042,0.6415488508023688,0.413016891493965,0.4131105156965637,0.3563089534227791,0.3372357515880697,0.9034348682909399,0.40675962231656415,0.4901602220311472,0.6293716777974646
1.0,0.3727678571428571,0.9178438975423766,0.6818764337267379,0.42314368954505255,0.41070418458637065,0.2202831906431408,0.3398493728782748,0.9005173007551112,0.3877162440934221,0.4904190912082492,0.5978601608286764
1.0,0.3124999999999997,0.922941048356604,0.6972908155264342,0.4500453325051914,0.5373158322110266,0.05504708360551056,0.34695331345278024,0.8983390407237725,0.3726386234005065,0.4910216439569127,0.5922516014719909
1.0,0.5611607142857141,0.9306265698790152,0.7205768535642822,0.4872921476340621,0.5842670301280994,0.4878806947845669,0.2880338395177576,0.8957194725996119,0.3595310076933221,0.485997611681476,0.4893757666621237
1.0,0.579910714285714,0.9319098777577328,0.7207674643110902,0.4941622924201038,0.6540401925492298,0.6315534090995244,0.35776643461770874,0.8937169562977799,0.3508677961665204,0.4883419647744216,0.5352119394848028
1.0,0.4440476190476188,0.9319229087135346,0.7387110777501176,0.4940067144805521,0.0,0.4541422473596818,0.39991353433325627,0.8926098722607155,0.34684411592682873,0.4882717955050132,0.5830039525691697
0.0,0.6041666666666667,0.9345077893176534,0.7729958514907057,0.5063407819578396,0.6876021444307722,0.8195789138494431,0.3748434037995766,0.8918551246853271,0.3439907260814954,0.4898046215588602,0.5665121984462314
1.0,0.5736607142857142,0.9279651746147322,0.7582230873011024,0.4952895255216941,0.6128849896312475,0.8565772107347123,0.40884995750408987,0.892050932982858,0.3437175060483174,0.4890434472504544,0.5830039525691697
1.0,0.5764880952380951,0.9216890566380292,0.7360752316367101,0.4973923838091486,0.6530975926179101,0.6190057193136823,0.4045905408525709,0.891926214419753,0.3427521084554899,0.4886106842799303,0.5960610603789012
0.0,0.7035714285714283,0.9180719302217166,0.7212790506991237,0.5020337726947341,0.6531145256184193,0.8429388473383196,0.4020800888238212,0.8909334954581068,0.3382157670740238,0.4883593711304875,0.6032233883058469
0.0,0.6528273809523811,0.9106107050805972,0.6865683473870231,0.4838615150398533,0.5884567606542919,0.6854377474703044,0.4832251693695376,0.8895453175368554,0.3332464962924723,0.4916168436641348,0.6569578846940167
0.0,0.6797619047619046,0.9055340632079,0.6558197400120755,0.4961269024894854,0.0,0.5401399752984771,0.4999484153692722,0.8883536832734008,0.33231799897769176,0.4929977140936515,0.6864794875289626
0.0,0.8153273809523806,0.9032314661968056,0.6444714797214506,0.5175650423022656,0.6639666488377804,0.8675983817579994,0.4411075465858345,0.8893645003090763,0.3435061935299686,0.4917603536412383,0.6324860297124166
0.0,0.7919642857142855,0.8986690942824556,0.6363895281287365,0.4992334264009676,0.5171667607007536,0.9334006054490416,0.4898820431444025,0.8914295082385079,0.3614352991774944,0.4957421028872048,0.7220253509608829
1.0,0.6166666666666667,0.8922716190782962,0.6447939104224283,0.4701900894039513,0.4198115555591487,0.8612956810631228,0.5025915135913219,0.8942960785249082,0.3834847735356708,0.4966009290630462,0.7729317159602013
1.0,0.6043154761904761,0.8900060265497491,0.6613321149685294,0.4658547342566313,0.4363052286903119,0.7072259136212622,0.4467916816098335,0.8966973874118301,0.4068567695459243,0.4953938353540792,0.7651219844623138
1.0,0.4549107142857143,0.8882405657366669,0.6713456070592986,0.4430598305567676,0.43466455388183145,0.4082225913621266,0.4109329940210957,0.8965438401631062,0.4069541651642597,0.4962025600480349,0.7290786424969333
1.0,0.5937499999999998,0.8918916659204577,0.7000339600124389,0.5230036842670279,0.4516194085158801,0.8006644518272421,0.40951318847058976,0.8940435126043457,0.39444065881291934,0.4962746411609034,0.6697969197219574
1.0,0.5578869047619046,0.8876140093871194,0.684834575986721,0.5039426080666844,0.4492697910359317,0.6686046511627901,0.5181012925634612,0.8919397844212121,0.3807171752540132,0.5015629693907931,0.8031688701103988
1.0,0.5708333333333327,0.883988210255469,0.6729742759106538,0.5123070956709188,0.4197752166349439,0.5261627906976736,0.5048661501653164,0.8896648144313529,0.37497712822563145,0.5003373698253408,0.8038639771023577
1.0,0.6498511904761899,0.8821087796924778,0.6733443135055602,0.5083943782011303,0.4335075097500055,0.5934385382059795,0.5479515988779113,0.8880566927503578,0.3748029323347437,0.5002594016372464,0.8229112716369085
0.0,0.7281249999999998,0.8798777150179171,0.6783226364602841,0.5150051672903675,0.4552858300624809,0.7928765001935726,0.5546772521604135,0.8836237221187632,0.3567433626637009,0.5007744815840817,0.8379378492571894
1.0,0.7424107142857141,0.8778764991551093,0.6927309108347429,0.4659751234790939,0.4308090702470013,0.7982965543941151,0.6672545676962303,0.8797216716046318,0.34474248278668784,0.5064833377915228,0.9201921766389528
1.0,0.5563988095238094,0.8756197578641163,0.6988793605656691,0.3974164934402992,0.39991995739587183,0.6690598290598289,0.7110622012390136,0.8773377306278106,0.3425806748666941,0.5064066789933458,0.9612034891645084
1.0,0.5898809523809523,0.8765120267431448,0.7262545304417753,0.418708503264054,0.0,0.7555555555555553,0.6431227861595981,0.877247404222797,0.3549358913434193,0.5039626807944729,0.9405002044432328
0.0,0.6714285714285712,0.8733950142673865,0.7081136473280429,0.419134657006373,0.39497713754124303,0.9076923076923072,0.6293423205223312,0.8766975589510021,0.3623514243119814,0.5064800147900976,0.9341420198991413
0.0,0.6532738095238093,0.8661104568600753,0.6492531910398054,0.4658906538362079,0.4070942333623978,0.928102189781022,0.6802637202835677,0.873022022205694,0.3492957760794213,0.506964638676507,0.96579721219647
0.0,0.6912202380952379,0.8590583080620753,0.582628584135582,0.4858403325653354,0.5123012748972351,0.9917776037588094,0.6935086883256611,0.8711559048070182,0.3464067801342846,0.5082500835766249,0.9491768269801526
1.0,0.6157738095238091,0.8519928606327045,0.541865889671669,0.4468426691835981,0.5118942498602876,0.9733727810650876,0.6355865172513743,0.8690790634239348,0.34214538878439915,0.5027965071434312,0.9503162376251136
1.0,0.5203869047619049,0.8480359930058791,0.5306004680837749,0.4331581044156564,0.486025831595398,0.8349564325986674,0.6726046308259926,0.8691438451284822,0.3472105395906557,0.5021298460171558,0.952861148826134
1.0,0.5467261904761903,0.8464446833613155,0.5333992217263002,0.4499693682425599,0.3763417487494038,0.8262429523321366,0.6611577556264089,0.8695624672711685,0.3601487758770009,0.5008393620194007,0.9746873443544588
1.0,0.4543154761904759,0.8455836752768284,0.5482441275271329,0.43555556308240295,0.3929907575625008,0.5274218349564325,0.5877700209777498,0.8683161195520642,0.3617194359805965,0.4981327674460186,0.993018928636383
1.0,0.3346726190476188,0.8475414381781183,0.5759791392589085,0.4052740376545391,0.4310714134943275,0.4484879548949259,0.6339014193142679,0.86873503670035,0.3761015385639472,0.5021791785519819,0.9606444107589802
1.0,0.4546130952380951,0.8508017704329065,0.5990178195856348,0.4390469552440056,0.39233746504046574,0.6119938493080473,0.5665908454475332,0.8688481991934284,0.3842011051872184,0.5000526123234235,0.9596855501110444
1.0,0.5431547619047615,0.8488779652085803,0.5813187119380979,0.4500164810925296,0.4905279703803357,0.8564838544336232,0.511483721364389,0.8720083331584382,0.4085524655340299,0.4954587276919483,0.9649874854584553
1.0,0.5601190476190475,0.8449399885669997,0.5616327023766391,0.4618189311060963,0.3866660645806453,0.7364217252396156,0.5059224068897418,0.8721761381976602,0.4160770562973791,0.49878581052762105,0.9995068307619832
1.0,0.6145833333333331,0.8427422204078474,0.5607508984711065,0.45198444908777796,0.3883680848571093,0.8876464323748663,0.4845074159047696,0.8716952449691046,0.4211351961042942,0.4973419330315912,0.9859175256165831
1.0,0.6111607142857143,0.8393851040806328,0.5505557031090668,0.44870345127905975,0.4440826001596044,0.8940362087326938,0.4503240006091901,0.8712841350371344,0.4297158391478765,0.4945526599488297,1.0
1.0,0.6127976190476189,0.8362318717733463,0.5364283523375565,0.4500363923974373,0.3859961670577279,0.8530351437699671,0.42957224059071797,0.8710784246795863,0.4414582073458878,0.4930978391639168,0.9817780360255668
1.0,0.5312499999999999,0.8325385801830438,0.5163876883333728,0.4453798883034387,0.477825587140067,0.6240681576144834,0.4334877597040516,0.8693101916751459,0.4441854519571122,0.4896812689329903,0.9950352777190468
1.0,0.5037202380952381,0.8305969753053368,0.5100281936595791,0.42492335462076136,1.0,0.42758253461128864,0.4180614987054712,0.8687743030438005,0.4516535946819288,0.4885814023727938,0.9765462455078492
1.0,0.5494047619047614,0.8305652837066779,0.5074209258295906,0.4595331530847369,0.4373498366591052,0.38391906283279975,0.4020948272897432,0.8677820368724097,0.4561024907740915,0.4872754021718458,0.9972653048357604
1.0,0.5351190476190474,0.831603038682895,0.5080501558899684,0.5001058151174795,0.4020333271769144,0.4207356983898414,0.41005851170971136,0.8649820180052606,0.4479710412668296,0.4879023393225425,0.984671521341656
0.0,0.6444940476190473,0.8343617710589111,0.5186106961744227,0.6128248300032205,0.4364430761378493,0.79615880911862,0.4357820475659424,0.86068824290037,0.4324404446244202,0.4899425499386785,0.95663892566673
1.0,0.6556547619047617,0.8313440633242792,0.5086617450251993,0.5737819532478943,0.4154470234676825,0.8092495277990757,0.4559098791937079,0.8563138393484516,0.4140051797224517,0.4877535988827285,0.9747178614210958
1.0,0.6811011904761903,0.8304680028183342,0.5299390835472114,0.591957511455519,0.4005479258800929,0.7610943840816856,0.4371379864307858,0.8525823449404429,0.4018668290520983,0.486498133704486,0.9896087706415752
1.0,0.534970238095238,0.8323524621521714,0.5858984770519842,0.4437412817420793,0.3534930786829405,0.775838926174496,0.4542100427906791,0.8484110546893927,0.386643844622394,0.4878674826806054,0.9759985655492746
1.0,0.3647321428571424,0.8354180080038784,0.6653638178251229,0.3885896040514134,0.43478223427170776,0.5998366680277661,0.42955258930282136,0.8437887470625999,0.3711734134496004,0.4861697371865194,0.8890862207346433
1.0,0.3641369047619048,0.8373370819232909,0.7091485878414495,0.3879947182026985,0.4455564053356026,0.5786035116374034,0.4285700249080073,0.8416193478706254,0.3677803058656063,0.486250583758633,0.83327925681791
0.0,0.4428571428571424,0.8374107849550771,0.7122162932452281,0.3852433656403745,0.4835513755954255,0.6994691710902404,0.3975455541417546,0.8411592677477139,0.3746906492889596,0.4873841006814388,0.8290271350262131
0.0,0.39747023809523785,0.8350833134255877,0.6986514841181006,0.4063975714332698,0.4384494430375334,0.6202531645569617,0.4135220512014305,0.8427683105013591,0.389389588842974,0.4885821016650253,0.8788486825253162
0.0,0.4258928571428573,0.8331534936528893,0.6950817482722434,0.3752796473048137,0.4793523806190466,0.6357697019191513,0.3796874462660096,0.8418683794876629,0.3876805970190113,0.4896142833313773,0.8537116412507045
0.0,0.6004464285714286,0.8302557448635242,0.6957636855828759,0.429489567384234,0.4229987063792294,0.901184156798694,0.4222079204515866,0.8388694683904846,0.3763443078850925,0.4892545975217111,0.8769873119418026
1.0,0.5401785714285713,0.8241069276515101,0.6748187697107154,0.3957692956430152,0.5243301519633187,0.7023274806043287,0.5268903310750728,0.8351814939617758,0.3605171944584712,0.493728634292148,0.9858262606943424
1.0,0.4617559523809521,0.8214391398168306,0.6845019575255191,0.3956523112410409,0.5073111287392177,0.6541445487954269,0.4580027413546614,0.8328045172576625,0.359429900910524,0.4922939745739936,0.9382820008237608
1.0,0.4309523809523807,0.8191914730906109,0.6958449398450186,0.3749404748840724,0.4432287070459325,0.489995916700694,0.4540086170897427,0.8317296683705023,0.3659584792029905,0.4918832794208289,0.9585556725092677
1.0,0.4522321428571428,0.8178125154500846,0.7115087874168546,0.3890170031037639,0.44814638070599455,0.4565128623928135,0.4568138384369364,0.8304642758352537,0.3736044803295616,0.4922128413409267,0.9264289963846049
1.0,0.4691964285714282,0.8178287593080911,0.7272735657302095,0.34991388725716915,0.4795719666899751,0.4708044099632502,0.4576932335702954,0.8271795349152871,0.3683357951451155,0.4922689435326801,0.9321953228685188
1.0,0.4297619047619044,0.8184390169295229,0.7372718431229996,0.3754876467105646,0.44131946139523415,0.43487137607186616,0.4629597787264982,0.8229760817689175,0.35202045829376283,0.4929063601376166,0.872234680334996
1.0,0.4357142857142854,0.8197720306959126,0.7485907434836284,0.3791078996238432,0.4280215983606101,0.483054307880768,0.5080545716264878,0.8186378740979242,0.3374704218898886,0.4929281193953516,0.8776165850533156
1.0,0.4215773809523808,0.819194945001803,0.7481288861377307,0.369490991217909,1.0,0.4079216006533281,0.5061434838785747,0.8142979181921043,0.3176686869847967,0.49282963971108,0.8639970710722619
1.0,0.4053571428571425,0.8200874531688027,0.7626457530414645,0.35725743811746324,0.4237190210248564,0.24908125765618705,0.5324074301519532,0.8100005040494699,0.3006748325693719,0.4951208131984407,0.8460299299803211
1.0,0.3796130952380952,0.8239276579441959,0.8005855355754734,0.34301612794105224,0.2997417353972094,0.2547978766843612,0.5293762189939525,0.8092091718486106,0.2990054933802868,0.4952929053417315,0.7620337741979775
1.0,0.3776785714285714,0.8283320096785738,0.8392952390153021,0.3421937728086364,1.0,0.2825643119640675,0.4490122771421129,0.8115082426393202,0.3175614059716733,0.488136835360738,0.7633060271841103
1.0,0.40803571428571417,0.8320862551408381,0.8984451108230931,0.3622499960411317,0.2999610161873679,0.2633728052266237,0.4340183444772512,0.8134435154382093,0.33348110954720755,0.4867376130839844,0.7996613427303098
1.0,0.3779761904761902,0.8348851964550759,0.9280681296748494,0.34111821290133804,0.5134665568643192,0.15149040424663154,0.5102407774049492,0.8151422768397353,0.3518603225130448,0.4891976398355828,0.8435586472015011
0.0,0.593005952380952,0.8381465035200386,0.9573188781280711,0.4368387353012021,0.0,0.4478901881037102,0.4357967860318642,0.8173869272394364,0.3745465492438905,0.4829128014551648,0.8496819367534663
0.0,0.8563988095238094,0.8337443550949568,0.9277612850023323,0.6041327410325201,0.5563958982370838,0.9246031746031756,0.3903384443057937,0.8223496950428019,0.4117809321282081,0.479232881549156,0.8641984348542402
0.0,0.9374999999999998,0.8257763988980198,0.90861204860466,0.6411472912239492,0.5062502717640982,0.95191395128124,0.3627971643191569,0.8236403688575223,0.4279266821214307,0.4808512265819585,0.8386160816438609
0.0,0.8163690476190475,0.82041413122804,0.9216766017394168,0.5679641633153056,0.0,0.8883734415772689,0.3787147075151439,0.8240053826329853,0.43889280524874,0.4783485420616788,0.8436867877900327
0.0,0.7870535714285709,0.8168946027505466,0.9715377342062764,0.536716387102689,0.5349587564481452,0.9205566830965496,0.3671106220123903,0.8243392184993831,0.4454508775342063,0.4773980763310982,0.8739645782801704
0.0,0.8294642857142855,0.8109004723494266,1.0,0.5563194121340321,0.4891681964148322,0.9963732278272333,0.3606699124043841,0.8232504453674431,0.4429074326787089,0.4768814540264836,0.8879044437325522
0.0,0.7447916666666665,0.8037982138775468,0.9952812267770872,0.5713409664507852,0.5050804413587258,0.8543589743589748,0.3934924760131464,0.8217145670854676,0.4314417969872753,0.479408320606241,0.8627705825820327
0.0,0.7458333333333331,0.8011943499693339,0.980670979327214,0.5723696476135453,0.0,0.8263247863247869,0.34620656451272186,0.8208673169839732,0.4294653184751066,0.479574924217506,0.8079172577914058
0.0,0.7872023809523807,0.7970682696084284,0.9568177378090924,0.6067262050806168,0.4440037434040199,0.9781931464174456,0.3307360881163747,0.8214456684281203,0.4364926705737455,0.4783689235563176,0.8350006864674381
0.0,0.8400297619047614,0.7899757707386201,0.9407589927213992,0.6314345957576859,0.5267518642026543,0.9106957424714429,0.3376729927437621,0.8206673981109266,0.440472271164826,0.4789002839317435,0.8181227403780147
1.0,0.8249999999999997,0.7824792876812949,0.9082408275162834,0.6268748345989655,0.5159013540028888,0.8459972862957932,0.3524802381736092,0.8184452406776659,0.43407531377556696,0.4762980226996654,0.819651274541211
1.0,0.8261904761904761,0.7770273757970061,0.8832156652478101,0.6279978661950429,0.4841920410247503,0.8277867528271402,0.3528044844238977,0.8166811374360526,0.4305453720824126,0.4763358674767772,0.8075145302274493
1.0,0.8694940476190475,0.7730597393034058,0.8607556392221198,0.6109172943786241,0.0,0.8849757673667205,0.3529911716589124,0.8138219163003707,0.4228014373964904,0.4763579473503994,0.8003386572696898
1.0,0.8196428571428571,0.7677278180477305,0.8574011442729451,0.55525580916729,0.5102963226143935,0.915502112447189,0.3974669489901692,0.8115764950597172,0.4150387557121191,0.4760283381592553,0.8050249416502673
1.0,0.798958333333333,0.7614033784815615,0.863230614014288,0.595291134274945,0.475997523768777,0.9666902905740612,0.3485450677723793,0.8088242380143714,0.4058793838018343,0.4760882746847229,0.7287721385748938
1.0,0.7837797619047618,0.7540114215066154,0.8617241775884242,0.5907039734546341,0.4774034015392934,0.8674698795180731,0.3625220462886087,0.8076939794709582,0.4018583556989249,0.4771626351700967,0.7266029014690405
1.0,0.8001488095238094,0.7464307893736384,0.8317646804058552,0.6033904387319275,0.0,0.9337349397590359,0.3655434318026619,0.8067034942462276,0.4058917946505435,0.4774090740312862,0.7164614891766969
0.0,0.8635416666666664,0.7374791266764933,0.7972290426030556,0.5843810788329293,0.5291548628778143,0.9637110578568984,0.3916649062387926,0.8066808723206421,0.40992661361434135,0.4793585456799765,0.7869296599697955
1.0,0.8284226190476189,0.72397263954687,0.7236261764348655,0.5715791891543663,0.5324770366645013,0.914081996434938,0.3547155721718112,0.8062277262756766,0.4128726905830923,0.4802845967290337,0.7335133403505565
1.0,0.9565476190476188,0.7136644469465361,0.6988247036922496,0.6240311583643211,0.5621266235536497,0.971678504482218,0.3564350598627357,0.8048805051282998,0.4073175059906176,0.4804437704361034,0.7123243787469681
1.0,0.8040178571428569,0.7020514350232749,0.6984986070648662,0.5760371173145663,0.4564368836199357,0.8943661971830991,0.35020068877764066,0.8027264383881053,0.4065351617604696,0.48000482737615,0.6722529861333578
1.0,0.6723214285714284,0.6954297770384306,0.7352766934378124,0.5226876035548073,0.4322335496857102,0.8522250209907648,0.3404634756250336,0.8002681271862474,0.4058004956536421,0.4792821696660241,0.6294448766646833
1.0,0.585863095238095,0.6919068391766923,0.7898804878997383,0.4780519391856201,0.459099347685659,0.603274559193955,0.3444772511778489,0.7970790583291737,0.4031164110327419,0.4796408146183354,0.592650221957805
1.0,0.6882440476190473,0.6906504746857511,0.8028574137048972,0.5092033429407263,0.0,0.8471872376154498,0.32485544021341284,0.7951824417575138,0.4032293787751856,0.4781208881475724,0.4874467987735114
1.0,0.8037202380952382,0.6823164955767946,0.7897041483212027,0.5406681641284397,0.4369578812803277,0.9779092702169636,0.3330795041980064,0.7946009269404705,0.3964820985578917,0.478766355927384,0.5328909432062605
1.0,0.9081845238095236,0.6721780244583768,0.7599270426411244,0.5959589210088037,0.0,0.848698315467075,0.3568428240865837,0.7951394054038771,0.39084068180916864,0.4806947167721231,0.5779598187725964
1.0,0.8775297619047616,0.6665882531530418,0.7765061623730938,0.5539449591731272,0.509717899912452,0.86991832148177,0.31580602213717585,0.7953751226471767,0.3809663984573809,0.4773929424570876,0.4914100041188048
1.0,0.7581845238095237,0.6646301657670064,0.8205841199187794,0.5043324785082296,0.4419312897223655,0.9456732129902834,0.24562636023758394,0.7960552436733322,0.3842373172448119,0.4751895300488125,0.3841563315180083
1.0,0.7236607142857143,0.6625885600345924,0.8378056215887154,0.47776150387069105,0.4647695582618069,0.9980289028544782,0.24321907747028956,0.7977717371418577,0.3956322133102009,0.4749925607570071,0.38701203606242257
1.0,0.6415178571428571,0.6569044482080795,0.8134616123209599,0.4975935344139918,0.5037047830222413,0.8946418361806415,0.28024701668885604,0.798935055330784,0.4029552629788888,0.4781037834808141,0.4755663356368128
1.0,0.6520833333333333,0.655516739347944,0.8103169033917915,0.5031298875652883,0.463323893908189,0.8500533982502638,0.2404678971648103,0.7999421942582979,0.4110124787838095,0.4747046865030202,0.3994508260491511
1.0,0.5160714285714283,0.6551739926987896,0.8299621893180802,0.477840130979376,0.4800518523586774,0.818769574863628,0.2181636854025321,0.7998852837797391,0.4138499831591146,0.4764969666809279,0.3719555169099813
1.0,0.4601190476190475,0.6566386178705252,0.8732160585327056,0.5018033029756994,0.0,0.7777769787018299,0.2463583707117205,0.7990353550526285,0.4127668426187021,0.475184147064797,0.3822159168916756
1.0,0.5086309523809521,0.6558284703088146,0.8716822425935946,0.5245735529828992,0.4545112801706081,0.9262852437441348,0.2494927511311773,0.7979343082672145,0.412778627470704,0.4754100911321942,0.34431376138391856
1.0,0.5544642857142856,0.6505945151123305,0.8395607624663953,0.4951629859273462,0.5901399158111355,0.9127560401669804,0.27313325047040243,0.7976451194547746,0.4164245843026765,0.477460781309844,0.3931902430094731
1.0,0.5764880952380951,0.6443631004919306,0.7996684231176734,0.5050652623234327,0.5552300312624481,0.8508858216399782,0.27644449248092584,0.798487953280186,0.4315732807494129,0.4777409882004089,0.3891538144707336
1.0,0.5767857142857138,0.6414166058099453,0.817519004988255,0.504986948647971,0.5063265614140878,0.8776499049353661,0.25492633223449884,0.7987585342109488,0.4379091387181415,0.4795893574385321,0.3653745823989748
1.0,0.4108630952380951,0.6376063553865011,0.8568412026649899,0.4816553556650599,0.5540348200821241,0.7577329083521321,0.23238630501746504,0.7992806273460765,0.4479273288371477,0.4775539142083596,0.3010937714521074
1.0,0.4549107142857138,0.6367753927003642,0.9064290471561558,0.5005079136578878,0.5096000302516125,0.7525191258919912,0.2251398926057116,0.7990167007026484,0.4440059819823709,0.4768987293088609,0.2845270239348314
1.0,0.2747023809523807,0.6322097952875337,0.8966164824230471,0.4640204440557354,0.5356622364557863,0.3978023823131498,0.21472471002068305,0.7989451226005572,0.44267699936051785,0.4758860395891034,0.2347260994920143
1.0,0.4163690476190475,0.6292911876065702,0.8772796711963657,0.4797556312972514,0.5643150339231687,0.5824978446814494,0.1445204840112209,0.7990479403335337,0.4381246187287471,0.4690183197527474,0.08755663356368157
1.0,0.6937499999999998,0.6218993526887374,0.8526662505318641,0.5979980783788917,0.5897272596969263,0.5805604796915721,0.2349016698681891,0.801727582356277,0.4592127760905325,0.4736030617679782,0.2530685094503686
1.0,0.6840773809523806,0.611827083966047,0.8327129334939305,0.6409950770564282,0.5635607307751291,0.5766857497118174,0.18915838446762206,0.8046997622492209,0.4825920182247442,0.47320450293411104,0.232364651503364
1.0,0.7735119047619048,0.6072743345052893,0.8533842877220892,0.6688898162742831,0.5730253964903052,0.5549278091650978,0.1655915774580076,0.8073771943133393,0.5018072436467715,0.4747681368848061,0.21237471969246274
1.0,0.6818452380952381,0.6009139457381829,0.837145594821366,0.6856835281601238,0.7088511496628825,0.4769828064337216,0.17742656559354258,0.8116731504607012,0.5179151684793136,0.4721271944076815,0.2126767653654296
1.0,0.5861607142857141,0.5988115670870108,0.8416701257517409,0.6566100613082984,0.6493742234693136,0.17209302325581385,0.08775282610084051,0.8151962097138078,0.5280261130908325,0.4681592658787941,0.18075145302274492
1.0,0.6558035714285715,0.6015459028170446,0.8349206741040429,0.6386949607445295,0.6165856859778511,0.34667922750824315,0.0,0.8201376421889496,0.5478149204580843,0.4589856544876641,0.0013327328376182429
1.0,0.8555059523809523,0.6037403060184641,0.8407179375752014,0.6784740756814753,0.62802128388249,0.5313778990450206,0.02110057037863133,0.8223139521149451,0.5538848319669357,0.4612184974223598,0.01263186845569036
1.0,0.950297619047619,0.6047095635837353,0.8487191137864729,0.6780731847546891,0.6565415346810809,0.6909918107370338,0.07319613459167068,0.8246421373972689,0.5645717591672643,0.4623483356610841,0.0489676914200937
0.0,0.7994047619047621,0.6054337011549163,0.8733369935513614,0.5853506084148584,0.6465198339040202,0.691355777979982,0.09306849947678447,0.8253015807484262,0.5666736962204825,0.4642329222883833,0.025418826618016668
1.0,0.7413690476190472,0.6065520521096139,0.8897222134403557,0.6111677608863928,0.573319154486219,0.6558689717925387,0.1657193108293333,0.8260509755876743,0.5687644187390577,0.4671727428980582,0.12675894681266214
0.0,0.9208333333333334,0.6068860899046832,0.8974827627637125,0.636217760795459,0.619796304869919,0.8063694267515925,0.1573675134734141,0.8263129183875674,0.5739383393319314,0.4663276438441274,0.09299175906158892
0.0,0.9200892857142856,0.600325767415189,0.8924819573116697,0.6316124637159586,0.643015100717478,0.8540491355777982,0.19790320758146698,0.8258562191061206,0.5738394525735608,0.4700690076331007,0.18894474668870406
0.0,0.9622023809523812,0.5946752492447991,0.9170441805310678,0.5978875867636944,0.6306717935727075,0.8698817106460424,0.27489695355909394,0.8258515651603314,0.5789710984839034,0.4734029800860774,0.2839680462778049
0.0,0.8221726190476188,0.5884140965387666,0.9451336275017084,0.5832240925657696,0.6184923654173279,0.8229299363057326,0.26796987457565485,0.8255301495623516,0.5785790736097048,0.4727790124295091,0.2950095264329823
0.0,0.6834821428571427,0.5835414923399115,0.9649035054402868,0.5807853734904094,0.6628460828831728,0.7636032757051868,0.24239863620062002,0.8265468932719237,0.5891413545539804,0.4741112239360062,0.2352799393981133
0.0,0.7206845238095236,0.5759719164109318,0.9449742393130588,0.543077584552049,0.6630579668051086,0.7772520473157419,0.2361888292253952,0.8270807627492834,0.5945911460032505,0.4735214347472867,0.2144709960287401
0.0,0.9730654761904762,0.5640721843354619,0.8852519326803587,0.5760358769714427,0.0,0.9173794358507734,0.2195392755552716,0.828809385320718,0.6074749739843031,0.4719187970986953,0.16465808139935267
0.0,0.9961309523809524,0.5466808428451096,0.7834958249927133,0.5846363155362176,0.6906654175418524,0.8607825295723388,0.2591267950223289,0.8303185256086708,0.6137274282457107,0.4756109486980394,0.3228198241627071
0.0,1.0,0.5334795739401301,0.7278292700013516,0.5821196356868359,0.7077156117732243,0.998405103668262,0.26859871578833594,0.8317707814381153,0.6215781915148652,0.4764707539186663,0.31756306957739394
0.0,0.8683035714285715,0.517131652426745,0.6433886789509549,0.5846109994671298,0.7310071159822976,0.9514802631578944,0.34698770320659905,0.8315287926192646,0.6131891451731274,0.4835541420381924,0.5106397631017152
1.0,0.6624999999999999,0.4998179717691772,0.5687469233217525,0.5301202079534729,0.5962088829236317,0.9279946164199196,0.3216031520665785,0.8304484266892891,0.6041180784129793,0.4812732000889814,0.4181989302848749
1.0,0.7447916666666665,0.4898246990372139,0.4988883775644284,0.5072971066762311,0.5633430268672094,0.9458277254374164,0.3096846459574845,0.8294225458006145,0.594141254819848,0.4801839795588331,0.3456603080595921
1.0,0.7178571428571427,0.4792163432029834,0.44074898144815183,0.5023274180844415,0.5359623717822471,0.7211934156378602,0.3302890213167346,0.8296974224905523,0.5971471495480375,0.4784216064741752,0.3923627849321675
1.0,0.7711309523809521,0.47494424204939395,0.4091924624018488,0.4696513071696162,0.4744147537730757,0.7719478737997254,0.2646979351409242,0.8300024856629075,0.6023764647904214,0.4758756889760157,0.270344099350366
1.0,0.6199404761904759,0.4695576063865193,0.383000617314291,0.4628326861142541,0.4338788116090027,0.6015089163237309,0.280802165571926,0.8306933364115799,0.6095319815578062,0.4737045216327101,0.2725248490691642
1.0,0.6433035714285712,0.4698465796460242,0.3919716024238481,0.4719508567769342,0.4513426291669048,0.5274348422496571,0.24338120059543406,0.8299908541875697,0.6081966506248856,0.4700330318059245,0.1850653077152632
1.0,0.4504464285714284,0.4698169596354122,0.3985932201872555,0.4498253396206039,0.4731093998638386,0.31172839506172856,0.27115338321485233,0.8299796495146873,0.6100774957494486,0.4690294375760004,0.20115694511397306
1.0,0.3956845238095235,0.474901326299299,0.4331807545056413,0.4783281020484278,0.5136020208078869,0.19285208775654605,0.2511238080265684,0.8304317730231744,0.6149580078039423,0.4670317285748238,0.14428528797373918
1.0,0.5769345238095234,0.4811347866752459,0.4612325186268978,0.4997423435116207,0.538231031669608,0.5523708421797591,0.2518705569666271,0.8316249643455506,0.624380070413209,0.4671335170398196,0.17618162201868556
1.0,0.5653273809523808,0.4827465234577954,0.4751931606146638,0.49391400553393894,0.541326180878392,0.6213729653220101,0.3324162732315069,0.8327883524594163,0.6360827362498431,0.4712219782047704,0.3490002984183826
1.0,0.4074404761904757,0.48296582665303206,0.4686279556253609,0.4823149697721186,0.5511194663193618,0.4872611464968148,0.3437796304575312,0.8323261668077554,0.6376630646469871,0.4686191784019961,0.3678465670408376
1.0,0.4927083333333332,0.483323736841259,0.4584089211152713,0.4648789695405594,0.5509969388546359,0.5817409766454353,0.3017307871814649,0.8318760801380121,0.6365266536639035,0.4645027227565596,0.23383375800564696
1.0,0.5705357142857139,0.4802279891800547,0.4094960011589069,0.4941608482047192,0.5412872005910908,0.5123849964614294,0.30960604080589943,0.8316726313466737,0.6321871296809844,0.461578870551326,0.2406170373941192
1.0,0.6526785714285713,0.4775838829528336,0.36678086820582856,0.5266165014163644,0.0,0.7540693559801843,0.3012738947378765,0.8322055156165339,0.6395679057390987,0.4607541042754956,0.20625301287790124
0.0,0.7958333333333334,0.4724528338606728,0.3268781794884025,0.53396709868363,0.4637703101647448,0.9685067232837938,0.3662803550987722,0.8328107237175363,0.6489234016388534,0.4672014061499866,0.3660675343755021
0.0,0.7764880952380953,0.4642544201660563,0.2976805164873541,0.528701402081045,0.5622574189640183,0.96460843373494,0.4126623073559682,0.8326174847032818,0.6543286212277091,0.4681008703250539,0.4613089089364827
0.0,0.5290178571428571,0.4574265467544266,0.2814693131646854,0.4796216928449426,0.4965216921424702,0.7511478420569323,0.4330750826582296,0.8320144946032503,0.6521432820053497,0.4664245750327845,0.473532584991851
0.0,0.4485119047619046,0.4586856258167072,0.2998199442343475,0.4962865411933094,0.518853413543177,0.5371900826446275,0.3956786817916079,0.8314224655184982,0.6560913751407671,0.462851311418095,0.3861074765282464
1.0,0.3736607142857141,0.4606138642711736,0.30871669097776555,0.4686184047836109,0.5292192901025703,0.6528925619834711,0.37386083940476256,0.8314384935502751,0.6640086525205798,0.4607337279016965,0.3253563804145722
0.0,0.4519345238095235,0.4629690583182498,0.3261330686252458,0.4489612485636183,0.5049280345692668,0.8242087254063296,0.3871500228446221,0.8314263947884325,0.6690732659837266,0.4583786674418077,0.3417234809356564
0.0,0.29166666666666663,0.458911158160925,0.27532185545855103,0.43426610244223823,0.4668587089577969,0.5335309373842164,0.41231840981778334,0.8311872464570479,0.6730798780294498,0.4572339805382132,0.3888506301218923
1.0,0.2583333333333332,0.4589803150067117,0.2501272909410969,0.4148855714500323,0.4620757614955705,0.3257396716266889,0.365494303582921,0.8306742291605697,0.6661346028371229,0.4525865217895476,0.2592681863048921
1.0,0.1357142857142854,0.4602948665825782,0.21326168021204733,0.40138864378872624,1.0,0.14311753657640666,0.3342634942937572,0.8307060088057557,0.6628143400645923,0.4493722073991333,0.16352179601955816
1.0,0.10282738095238092,0.46626085121493,0.23248530266094475,0.4280257230655312,0.4770863698872158,0.06818945246892852,0.2975794526133755,0.8312542442896081,0.6568379067379333,0.4454429172581639,0.07665909143080131
1.0,0.18020833333333314,0.4729084866750392,0.2487897589073945,0.4080488667718377,0.4411823741584513,0.15257422021796335,0.32591169693783817,0.8321744223657753,0.6623979485457232,0.444815373275825,0.0998024543549837
1.0,0.1464285714285713,0.4766332341648552,0.2526000853635118,0.37908450110196384,0.4369490899361759,0.01240135287485902,0.3822912419122666,0.8322310982768634,0.6656008019040246,0.447185073062728,0.2216749357403308
1.0,0.25639880952380945,0.4825041012724547,0.26439027883497035,0.3811598332320608,0.4370504725595169,0.2630590003757987,0.3409400193565185,0.831890691074724,0.6688758037150165,0.4427929930275567,0.10664829566506076
1.0,0.3044642857142855,0.4842581290454541,0.26710118700758684,0.36281758934754094,0.4394970371793205,0.29838406614054874,0.45003905693469387,0.8309999833297276,0.6654798723161846,0.4509825815329898,0.3766361402725041
1.0,0.3171130952380951,0.4866061566696408,0.27351830868321503,0.36904411935560666,0.41587226992405296,0.2224727546035327,0.4784646448766634,0.8301137917007443,0.6626865798164486,0.4542053122123085,0.3841343674920189
1.0,0.3126488095238095,0.4907071984221203,0.29034270524142514,0.3686308435584202,0.37880110532051703,0.3250657647500944,0.4680985905113755,0.8304458033972809,0.6654753473102528,0.4531509518921363,0.38315297797692016
0.0,0.42901785714285706,0.4953966052135871,0.3090766987657921,0.3795200225023936,0.3916566657935355,0.5813603908305152,0.4555414175456524,0.8316525515632996,0.6764579676157169,0.4514858278641203,0.4220641457631346
0.0,0.3385416666666663,0.4952765345522567,0.30855449074281915,0.3753229175129789,0.35826412722029505,0.4663660278090945,0.5116605829554554,0.8331778291159583,0.6914522119781914,0.4539123935728594,0.5193227671700156
0.0,0.21592261904761892,0.4994169622712079,0.33775053624873475,0.3211424137141597,0.3841155803319007,0.1961668545659527,0.5041783550889466,0.8341653465252828,0.7010026364227163,0.4529695491850792,0.5222763010108572
0.0,0.14107142857142846,0.5075227179004292,0.377628582020313,0.2943723882545157,1.0,0.21993937352643994,0.4235785977823521,0.8354613683644995,0.7112163452660313,0.4480288311611716,0.3953887432921504
1.0,0.09598214285714267,0.5150231497314199,0.4178136111089589,0.2447816774098466,0.4063645140529198,0.09488817891373796,0.4468408098295741,0.8362112323621831,0.7156530970186332,0.4468875879706666,0.4392965597570613
0.0,0.12395833333333288,0.5231399011762827,0.4472669728878208,0.2696109009712063,0.3005546999706881,0.04670420669095714,0.4198202889721884,0.8354025042921586,0.7168241144285982,0.4441394208432072,0.3502121552477224
0.0,0.2642857142857138,0.531792845157115,0.4762125538450746,0.3034360345202042,0.3553688985537848,0.08072133963074253,0.4500980107983826,0.8349455176501007,0.7204120186059773,0.44385341901569203,0.3832210158492447
0.0,0.3124999999999997,0.5375272622849474,0.495973405211049,0.29598367930341835,0.3533625244097772,0.08177777777777667,0.5292190086907821,0.8350060557091928,0.7271634238219865,0.4489660459210631,0.5497004867090979
0.0,0.4059523809523806,0.543711581892689,0.5225282516653237,0.34965962474365114,0.4777834411751838,0.2399999999999992,0.5364261185267428,0.8347403242680648,0.7300744945105558,0.44977919534610733,0.5661113191064521
0.0,0.4089285714285709,0.5457732505603154,0.5396498722538811,0.3519737125358631,0.464869229108276,0.2278260869565205,0.5721472471002067,0.8333473278386568,0.7270792995271532,0.4500718873346996,0.620699696326802
0.0,0.5311011904761901,0.5519298695155668,0.5902706243131736,0.3964712051859289,0.5017571061906696,0.5698550724637672,0.6298286898977641,0.8322829278677287,0.7286070705694452,0.4528829390865109,0.6851678522401093
0.0,0.2745535714285713,0.5537903984336429,0.6239789724738862,0.2866241861068771,0.4321038831260999,0.3599796334012219,0.6594284422915369,0.8310489788569663,0.7330510991858749,0.4559083935686216,0.7827173179405044
0.0,0.35074404761904754,0.5591100707010859,0.6701667138721565,0.2843639094750708,0.5712356205513089,0.4715829027712538,0.6590992832192739,0.8304756412158801,0.7376211555496627,0.45604524584598,0.7646146252027363
0.0,0.3632440476190472,0.5583913019312736,0.6837626828932017,0.247016613651314,0.5777947617453261,0.4767496477219343,0.6700057480017095,0.8301891913318368,0.7426128947796172,0.4534900024822166,0.7794780652870241
0.0,0.3635416666666664,0.5577236573323437,0.6978110836277716,0.2471761050924455,0.5786432838017463,0.4762799436355092,0.6512928091024763,0.8300150423975364,0.7459063899836431,0.4509365620183439,0.7837364940341439
0.0,0.3644345238095236,0.5570998625316468,0.7180466366230206,0.24702467139369705,0.5800463899944533,0.4077031470173782,0.6452598637183182,0.8293773472333331,0.7520820396907055,0.4504481990039925,0.7627793869057621
0.0,0.36235119047619,0.5571186979522126,0.7159975394257856,0.24553021888021434,1.0,0.3738844527947385,0.6518872605613389,0.8270844792288546,0.7502186584104489,0.4513848041995885,0.7443924910289745
0.0,0.3383928571428569,0.5565722134277903,0.6939293797511483,0.2304558425631977,0.6034081884595137,0.26632221700328745,0.6848277318974789,0.8248258060109067,0.7502728967633586,0.4513564594413224,0.7684537458999735
1.0,0.3748511904761901,0.5579095106349086,0.6804124929092705,0.25072660919005896,0.5728774139881958,0.012286324786324241,0.7011383008513921,0.8229923914715697,0.7444725691475337,0.4493944432938221,0.8015419760137066
0.0,0.41309523809523796,0.5608459454136333,0.6921191203174111,0.2698567271697657,1.0,0.17414529914529864,0.6986966283302791,0.8220688933725141,0.7423926461279964,0.4492341337409209,0.7912805585748235
1.0,0.41502976190476176,0.5633268036060068,0.7095936708437989,0.2707498639109753,0.50482419430648,0.12072649572649526,0.7047787019341782,0.821421345293062,0.7380917585215304,0.4498898348481637,0.805042279987473
0.0,0.4855654761904762,0.5663886754478751,0.7318444349299901,0.2616414102267977,0.4525553165813709,0.16521739130434768,0.6760927344275824,0.8209351374835744,0.7392894071323248,0.4509272178503054,0.7541681251266555
1.0,0.5107142857142852,0.5673132853852546,0.7357552524602775,0.2227660184595516,0.5217934146054136,0.2304347826086945,0.6744076364904762,0.8194575858601573,0.7326311717714961,0.450675777549527,0.7552734842762657
0.0,0.6437499999999996,0.5679780172981205,0.7472342095667168,0.2396063276449746,0.4741037347339732,0.6726190476190473,0.6858446860461118,0.8180067851840979,0.7346724323311381,0.4523763198615196,0.7247103037895399
0.0,0.6485119047619047,0.5640874237665405,0.7350000329689178,0.2421269170997125,0.4875614695678106,0.6439393939393936,0.7137102122830374,0.8164078689244242,0.7362695979844923,0.4555124039700471,0.7882424318127067
0.0,0.6406249999999999,0.5608647101537623,0.7299281660857838,0.23957225296311396,0.5024876841238599,0.5811001410437239,0.712344447774246,0.8173974277522168,0.7560276948151105,0.4554625601641902,0.7796325871467958
0.0,0.6145833333333331,0.5590317935047329,0.7272414606717843,0.22781792368081302,0.5227372127763068,0.4921296296296295,0.6434126426560677,0.8179526269853415,0.7651698393141629,0.4508581243797043,0.7299006968174798
0.0,0.5763392857142857,0.5587269334273917,0.7266332130186651,0.2723738850095148,0.5307759800762389,0.3768518518518513,0.6671513984347748,0.818826763367475,0.7782656284620805,0.449779097499933,0.7566402869353412
0.0,0.6047619047619046,0.5597255819055718,0.7420965744646522,0.2289436690234564,0.5538232234232359,0.4474161378059838,0.6727078000874481,0.8166566104109972,0.7720072118724725,0.4466043695535093,0.7653125864330259
0.0,0.6212797619047621,0.5593341506891758,0.7589250260107,0.2380254197860488,0.551704446684404,0.4528875379939212,0.6955917248426667,0.8142126296146052,0.7686272111974437,0.4494663609167723,0.7499486978167573
0.0,0.6205357142857142,0.5590098942940501,0.783442711941189,0.23885671985941825,0.0,0.4127609294998035,0.7183724803364301,0.8136687431832025,0.7714031494012926,0.4482867598655946,0.7675492610837439
0.0,0.8538690476190473,0.5598777440731145,0.8007751916760313,0.8428498098520274,0.6107081738603871,0.9835185894978916,0.7016639728026173,0.8143395713411558,0.7833493732679059,0.4451857615706532,0.8196516537649541
0.0,0.8574404761904759,0.5524370970220454,0.7888865059310171,0.8461560605794805,0.0,0.953445747800586,0.7292985964067622,0.8156534848147258,0.7971756602377739,0.4482400609823624,0.8701090781140044
0.0,0.8224702380952379,0.5445742847419265,0.7762394879399452,0.6633047405993401,0.5161399043591876,0.9289015286171348,0.7368889063567003,0.8142908948602979,0.8020195569397587,0.4489444609617424,0.8925404644616469
0.0,0.8875,0.5366727342988646,0.7622120615594764,0.7014115418817515,0.5562511763753802,0.9729455529252616,0.7484045610639205,0.8127836148283129,0.807410615885722,0.4503575316018583,0.8847202674173116
0.0,0.8999999999999998,0.5272278549847256,0.7404578207441858,0.7099881689776931,0.6496784282187659,0.9683166225519638,0.7677365155318867,0.8111910073457985,0.8173074506890144,0.4486743756660557,0.917690007037298
0.0,0.8931547619047617,0.520909047981275,0.7384839021118672,0.707334788114083,0.4849923951335486,0.96327868852459,0.7575571484016133,0.8105731309965917,0.8308747801130391,0.4514633558599146,0.9041959887403236
0.0,0.7840773809523807,0.5159309781751381,0.7549961532098715,0.446351912191024,0.569509401035702,0.9754771170742488,0.7403180560946011,0.8097620554332253,0.8423921946636425,0.4531521204623098,0.8940358902181562
0.0,0.6474702380952381,0.510987157959627,0.7562143975696001,0.3848108401588564,0.4218320919426911,0.9168627450980392,0.7272057342458081,0.8091912020650046,0.8463311292306946,0.4521164257007679,0.8583743842364533
0.0,0.6653273809523808,0.5064313509817232,0.7495373263502201,0.3333427849706891,0.4108465322265031,0.9349019607843128,0.6886400817493576,0.8083744389542961,0.8442654336323324,0.4519899566277074,0.8029644616467279
0.0,0.6895833333333331,0.5007752642132791,0.7230532462814291,0.3489128346297356,0.5801686084903669,0.890588235294117,0.6840858957793947,0.8089592258088231,0.8523804080194325,0.4552550331785995,0.7993314567206194
1.0,0.6191964285714284,0.494798208555075,0.6984834783413933,0.3507492118742562,0.6044614279115877,0.9575729927007296,0.6523490658269016,0.8092160797263915,0.8681767066803713,0.4550849986644899,0.7835151301900067
1.0,0.6333333333333331,0.4905999341869953,0.6762495195431749,0.3598116402086535,0.52051895746765,0.9941377625793842,0.6339112449582165,0.8098406648254136,0.8939392663442302,0.4533367998454878,0.7491115411681915
1.0,0.5849702380952382,0.4853877835550239,0.6494226804763388,0.3853259669900659,0.6096163971063026,0.8787128712871293,0.6230342571076251,0.8096198836171152,0.9010877794088278,0.4556973965144484,0.7472290640394086
1.0,0.5691964285714283,0.4818759409240498,0.6304672139566614,0.42868721212418665,0.6955968299660563,0.8366336633663359,0.6258050887010005,0.8098791934458135,0.8915561193777216,0.45222514088121,0.7501935256861362
1.0,0.5422619047619048,0.478274574629435,0.6215649191578845,0.4613925677483233,0.0,0.8840749414519913,0.6070282831161048,0.8097102697444548,0.8797438823663551,0.4537982096457594,0.7360045742434909
1.0,0.5424107142857142,0.4759586558596798,0.6216408961712007,0.4616260209339214,0.5266680199146861,0.8659250585480097,0.6333364447872505,0.8090891971423463,0.8736134241901269,0.4529696882143196,0.7823715693173825
1.0,0.5156249999999998,0.4742461575614951,0.6351232624206657,0.4358404900121601,0.4524239027074413,0.9156403940886696,0.6451124790590962,0.8075760569479297,0.8782919047322569,0.4543527381255668,0.778764954257565
1.0,0.4681547619047617,0.470828689796634,0.628785529291874,0.4470577005481032,0.5650540904024404,0.8989260897030956,0.6573797955283491,0.8061648250926355,0.8802220137192162,0.4519505822921326,0.7883180858550314
1.0,0.530208333333333,0.4665071976626979,0.6229143619695953,0.4946517817154029,0.5304199230796633,0.8400528750826165,0.6850389832423643,0.8045186527558673,0.8798802552636581,0.4550006828884278,0.8418103448275863
1.0,0.5334821428571429,0.4616622636018607,0.6043233847135963,0.4975996325255718,0.5487648732738482,0.6906807666886976,0.7243071692811067,0.8031158431389992,0.8805945850178717,0.4556471080945249,0.87905524278677
1.0,0.5162202380952381,0.4593317295748198,0.6034548524425896,0.4854640701062036,0.5089766509233189,0.6113681427627237,0.7187704189163295,0.8004911265580549,0.8715762922042795,0.4587505003057434,0.8765130190007037
1.0,0.485863095238095,0.4576641040382006,0.5863633207170553,0.4621928879178184,0.44470440786376864,0.4534038334434895,0.7379107733273067,0.7981208222655057,0.8663990903787603,0.4610725025655752,0.8676020408163264
1.0,0.5450892857142855,0.4567124507625252,0.5700150625597474,0.4594164019071642,0.5660749205987397,0.5604758757435557,0.7376749578725513,0.7949528446981329,0.8547560550320726,0.4613441038685964,0.845197044334975
1.0,0.5190476190476189,0.454785388480507,0.548496287287472,0.4402725759233938,0.5738941616932706,0.2696629213483143,0.7467587657026069,0.791916423785132,0.8394876851906855,0.4625641491827127,0.8332160450387049
1.0,0.4761904761904758,0.4552380857380597,0.5501566774051901,0.4536922498652001,0.5019078624331647,0.11368142762723052,0.7496671563112569,0.7898965741105334,0.8289011870371831,0.4633981908019013,0.7989481065918657
1.0,0.5211309523809522,0.4579071120434121,0.5536665043915251,0.4926231633622363,0.4507814052909738,0.2411665731912512,0.7410107639929452,0.7875925318262597,0.817763385783486,0.4620230441099832,0.8114792426522477
1.0,0.6380952380952382,0.4600043192320652,0.5491722929625835,0.563139609751244,0.6149110021884153,0.6141334828939994,0.7554790247065817,0.7869645945396312,0.8219164590711435,0.4640040304586104,0.7926770187919119
1.0,0.7281249999999998,0.460062710806203,0.5420826162433566,0.6224320066030359,0.5104273206582546,0.8504210004952942,0.7697360340753329,0.7861357998053357,0.8251400619635222,0.4649870416545063,0.8524721565980422
1.0,0.6561011904761902,0.4573928065767959,0.5326194325646001,0.5675990773815927,0.4517689823081988,0.8137691926696375,0.7896575271801876,0.7876419342194653,0.8402430954815815,0.4670263753182418,0.8975869051636853
1.0,0.6313988095238093,0.4568208011938285,0.5415935581172718,0.552043895975746,0.5004025548865708,0.6770678553739472,0.747520253108588,0.7871845109677412,0.8440071001743726,0.4650679842651831,0.8903476206547418
0.0,0.6272321428571423,0.4570621179931691,0.5495029481762878,0.5421370235594339,0.4610577019509099,0.8261515601783053,0.7456189910046227,0.788100297855795,0.8555333151981833,0.4654927968184298,0.8446760040499492
0.0,0.5775297619047618,0.4565119339774197,0.5581135545952554,0.5448483459067617,0.4941895732595981,0.7473997028231802,0.7186770752988221,0.788246893624761,0.8648738471665273,0.4614339633236485,0.8656176172797836
0.0,0.5511904761904758,0.4563484959591899,0.5629756084561656,0.5168019977490789,0.4870890400529702,0.7795938583457149,0.7022977268372728,0.7888098083965981,0.8783150078325593,0.463067662241887,0.863609517381033
0.0,0.5337797619047616,0.4557385698278813,0.5576068122970498,0.5001055297286473,0.5070317402129378,0.7899950470529962,0.7237028921782959,0.7879216923689382,0.8846255687409016,0.4616332997429277,0.8780037124535941
0.0,0.5105654761904759,0.4533463538296297,0.5440189360294813,0.4797830408653707,0.5711271981759216,0.7904903417533424,0.7354297982304017,0.7853745913167397,0.8815731074012237,0.4628315827786735,0.9029109011137364
0.0,0.5510416666666663,0.4504796326051388,0.5269577052962424,0.5090404938193394,0.5964113175970001,0.7746409113422481,0.7507135873917337,0.7839821965925061,0.889809232631286,0.4647518034603311,0.8877489031387108
0.0,0.5773809523809522,0.4463507344573015,0.5075991391024539,0.5314699261266899,0.0,0.8677563150074286,0.7131403249340453,0.7812824537018513,0.8902212384973475,0.4643382284962299,0.854463381707729
0.0,0.6415178571428571,0.4415962931482245,0.48356266455913,0.5334644403950473,0.5844745461930072,0.9940564635958392,0.7484045610639207,0.779812182538235,0.9016540706578638,0.4644862967607272,0.862867026662167
1.0,0.5546130952380951,0.4335671597859895,0.4392876789675022,0.5236666439940068,0.488717652443412,0.9535809018567648,0.7509985310662297,0.7779835167060919,0.903488780498914,0.4646800481024967,0.8725531555855551
1.0,0.5675595238095235,0.4292954652337319,0.4050968310474895,0.5355214855091835,0.5063690108099105,0.7891246684350128,0.6930075804843059,0.7779484618400346,0.9172628291827288,0.4627172367660234,0.7918157273034089
1.0,0.5571428571428568,0.4257964818499955,0.37522560145997785,0.5740504361479009,0.5312169655482997,0.7864721485411141,0.7033687220276199,0.7776891143417081,0.9224657282184541,0.4634574386610405,0.835791427607155
1.0,0.5598214285714284,0.42445274192164384,0.36977195168141824,0.5762894943201876,0.5230477233558649,0.7632625994694965,0.7065620563107655,0.7770084212788736,0.930733353226659,0.4639699529716567,0.8235993925075938
1.0,0.45119047619047603,0.4229271478519481,0.37153645982924605,0.532326977802336,0.5223082738907682,0.6067639257294434,0.6865668708762998,0.7783126188570614,0.948190393014396,0.4657301091467372,0.7970975362807962
1.0,0.40580357142857104,0.4230888548468152,0.3850107964528192,0.5414678858159514,0.5043446767015761,0.4310344827586207,0.5976497059676047,0.7794602291066853,0.9643283717850072,0.4589411965982269,0.7539402632467094
1.0,0.4218749999999998,0.4229898102282247,0.38922814976967934,0.5047319590055369,0.4794549491391629,0.4655172413793111,0.5778166436582839,0.7802158020557205,0.9723774268804052,0.4573061642114344,0.6913094836314548
1.0,0.4028273809523807,0.4237535823610477,0.4038143361729912,0.4834605267213934,1.0,0.2572944297082235,0.6134444286142402,0.7785091479164422,0.9686560750136732,0.4574535872771444,0.7343570705366181
1.0,0.3153273809523805,0.4268285712548405,0.4236493980878079,0.4648200007547858,0.5382777778557667,0.177055702917772,0.5984701472372744,0.7773373775145612,0.9698668208405284,0.4560778196464077,0.7037293283833947
1.0,0.270535714285714,0.4314735699785359,0.4516847561710348,0.4668311696009474,0.5132320488286666,0.011480362537764206,0.5886887186869009,0.7760793250918064,0.9728619437853242,0.4588746726866637,0.6888288896388793
1.0,0.3519345238095235,0.4367922902575953,0.4749092582381987,0.4835025205687887,0.5075925586353169,0.18265440210249606,0.5861537025482808,0.7747862233748392,0.9723164979352568,0.4588806577440934,0.6579311508606142
1.0,0.32991071428571417,0.4395322449241131,0.4815873256731523,0.5106516616957116,0.5366017031460067,0.11038107752956597,0.6331251934423653,0.7736557888632035,0.9705744382193109,0.4603432279898161,0.7298768140398247
1.0,0.3831845238095237,0.4434692773975105,0.5002778933129898,0.5037432168178875,0.4205859250070045,0.18521462639109704,0.6196787996993354,0.7725137227798652,0.965703687230732,0.462735350153608,0.7112807964900442
1.0,0.4238095238095235,0.4457756458865493,0.5047979604532716,0.4950918921462107,0.4446108052627721,0.3243243243243246,0.6810448589774449,0.7716330200163791,0.9624802877083576,0.4658150156880052,0.8018140398245017
0.0,0.4474702380952381,0.4475580738836473,0.5044025230141117,0.5193470427819848,0.4259847794964095,0.5166931637519879,0.6972817356017469,0.7697535395064047,0.9512693721743904,0.463848496315374,0.8291765102936214
0.0,0.4479166666666666,0.4490306858346673,0.4972619262741286,0.5201634799157765,0.428854618531906,0.6263910969793327,0.7302418582257835,0.7677476362221841,0.937966252428042,0.463775359388809,0.8631370232872091
0.0,0.42991071428571415,0.4490445067448334,0.4839606536340013,0.5030032091950897,0.4087677859177825,0.6580779944289692,0.7324821050459593,0.7657323115600038,0.9255618312296421,0.4641898157518994,0.8515693553830576
0.0,0.4078869047619048,0.4481097481209869,0.4751573526561952,0.47374033552632,0.39357799290082857,0.4463788300835657,0.7469798426914405,0.7634584289089689,0.9190125294592076,0.4657244068693556,0.8819946000674994
0.0,0.3938988095238092,0.447939484085274,0.4660492375979995,0.4608249909006726,0.3784569114005551,0.4540389972144839,0.7740249276586961,0.7606242936330628,0.9144570862588008,0.46500994963044,0.8936044549443128
0.0,0.3757440476190472,0.4483941363427028,0.4780709508211432,0.4341553737249329,0.3644731265260421,0.3314763231197769,0.7991392735901427,0.7570855118706127,0.9033127350595046,0.464072089353639,0.902708403644954
0.0,0.3700892857142855,0.4501861707265857,0.5023167584127326,0.4292783319780604,1.0,0.3419220055710308,0.7967860318645632,0.7564684918889516,0.905829263419162,0.4641989180089681,0.8784864052123793
0.0,0.2937499999999995,0.4528564313752176,0.5275309613739708,0.3669146006635,0.4946538808059698,0.09851594568992676,0.746621206687333,0.7562439338994519,0.9116807487596332,0.4570103024475989,0.8847429311280954
1.0,0.26979166666666665,0.4574664069603511,0.5507053033537409,0.3508652119061294,0.5021714318410162,0.12394056871060327,0.7479427557983579,0.7558106569226023,0.9164373994814996,0.4574112172180181,0.8666583134945495
1.0,0.2843749999999998,0.4612666052349743,0.5626580804504909,0.3757833886867277,0.2902615667452808,0.09009164587414928,0.7627893038039978,0.7532406445618881,0.9110668352307141,0.459169569196796,0.8613289896838323
0.0,0.3833333333333333,0.4645998888128977,0.5845522797523905,0.4325606751772416,0.33008363908832394,0.3120425815036592,0.7659531611552991,0.7512394256835307,0.9056372268162364,0.4556960320160098,0.8659566470367119
1.0,0.4139880952380952,0.4645704205040889,0.58949273129616,0.42542738176367584,0.2194237302678616,0.338656021290752,0.7907923890561974,0.7492953615396712,0.8997662799127085,0.458348387561993,0.9120995698116356
1.0,0.451488095238095,0.4644191225706389,0.5873743771657615,0.4728217811603382,1.0,0.3013972055888224,0.7957346879621124,0.7468468141597314,0.8949986643862571,0.4591964034748742,0.8935471745395317
1.0,0.4438988095238096,0.464338731135882,0.577177303147932,0.463102631479465,0.3630291751579533,0.1776447105788424,0.792570830610811,0.7443783081597394,0.8916472951730253,0.4591376163080678,0.8740675771624272
0.0,0.5480654761904761,0.4662172749386664,0.5772148636687466,0.5379589143103936,0.409953504416909,0.3911322248614417,0.7768498002937869,0.7422794776830987,0.8924870700363537,0.4615371143499717,0.8484400451071298
0.0,0.5714285714285712,0.4652942374895841,0.5735839276968231,0.5168827750606415,0.426171783701471,0.5144876325088338,0.7453733499059195,0.740579811774717,0.8912077113298249,0.4588766913125453,0.7811552437037967
0.0,0.5626488095238092,0.4642692065034942,0.5675711199848673,0.5086207593003597,0.4366454247850041,0.4683870967741929,0.7543687269404417,0.7391818890559144,0.8870108501748807,0.4560805496501785,0.7954141085077058
0.0,0.5772321428571426,0.4647242912276084,0.5752420994522026,0.4736796241805203,0.4531388827027787,0.4929032258064507,0.7402885791627569,0.7380210727262452,0.88781626737308,0.4585025421264403,0.7755299293427546
0.0,0.5477678571428568,0.4641873594426637,0.5698588653973317,0.4834045126416937,0.47726434861418104,0.4741935483870964,0.7533615984357571,0.7364047909095358,0.8821645841919373,0.4561770238176062,0.7966771097187038
0.0,0.5830357142857143,0.4650150436187003,0.5681249698868431,0.5189662332620161,0.4499094126035184,0.4181007010834933,0.7637718681988118,0.7348533637801417,0.8795393012620688,0.4574850778382789,0.7924244054664799
0.0,0.5510416666666663,0.4669679142168388,0.5737611886131632,0.4757943118307769,0.4716982037904075,0.5388888888888883,0.7584365435349718,0.7326991610095134,0.8715827712639473,0.4566798578973828,0.7956148182123464
0.0,0.5075892857142852,0.4698724884383769,0.5851733119425685,0.42924510909792574,0.5054664577324579,0.6138888888888879,0.7630840731224421,0.7318442435561171,0.874365284853056,0.4575135710715771,0.7773746242618329
0.0,0.5385416666666663,0.4719006203952272,0.6014140192041776,0.4596565569338133,0.4888944413377627,0.7683333333333324,0.7413890512849484,0.7302290784038875,0.8758424662633372,0.4583339617046509,0.7741607737950091
0.0,0.4938988095238092,0.4711494887550319,0.5930670961885148,0.467963885639728,0.4929217827054673,0.6816666666666655,0.7471812683923775,0.7283051862203817,0.8776601837351165,0.4592243863072604,0.7603023652767621
0.0,0.5001488095238094,0.4711894021761676,0.5982123578144389,0.4740611631613429,0.4647148365682311,0.7399999999999998,0.7939120310097321,0.7258171762608464,0.8754172790584093,0.460818270607445,0.7980283956536929
0.0,0.4925595238095238,0.4685067724770602,0.5812777178679666,0.4670276778228524,0.4825247087712164,0.7100000000000002,0.8020329257328702,0.7230383733834632,0.8700763310857057,0.4616067925613563,0.8247556493861914
0.0,0.5858630952380952,0.4652715463301548,0.5562490532969305,0.4968636603693338,0.4511470569068278,0.7394444444444446,0.7984072631160062,0.7207438884332623,0.8604330946398691,0.4617606886211529,0.7938773295295976
0.0,0.6438988095238096,0.4620713381953178,0.5232907324691111,0.4949600220856773,0.0,0.8383333333333334,0.824450132400552,0.7183740293797499,0.8512630509560221,0.4609510941393451,0.8206560256370748
0.0,0.6252976190476189,0.4584684288781716,0.5034781630164364,0.4706362525938433,0.4825159138044263,0.9644444444444438,0.8147718731116341,0.7160328222777733,0.8437383896351233,0.4601095907690204,0.8088527402413698
0.0,0.6266369047619047,0.4538694233187631,0.4799643630863522,0.4726313035986923,0.51005215543294,0.9384251036116048,0.8564866444934633,0.7143376583176412,0.8465301831801456,0.4611187515828205,0.8530054603765932
0.0,0.6031249999999997,0.4476858910303667,0.45003278762885546,0.4574764919316891,0.4762172582130891,0.9093247588424441,0.8212174955416139,0.7130819408378174,0.8527956774125166,0.4614943698845431,0.8083552700069899
0.0,0.6261904761904759,0.4423676260451824,0.42113985015588296,0.4750317340171427,0.5858468595659879,0.9313432835820884,0.7804705500886765,0.7127829694549627,0.865816409767386,0.4606398535750033,0.7700144261514897
1.0,0.5909226190476191,0.4384230082799677,0.4025759436230196,0.4516321882616803,0.6072349693227611,0.7281177381874522,0.7634623604144455,0.7126001466195261,0.8751999918324463,0.4625420857758651,0.7531417778372669
1.0,0.5199404761904758,0.43696717102314653,0.3971164190406618,0.4387284644797896,0.5668665867080057,0.6235476374903164,0.7447985497349532,0.7116770440393948,0.8780605646164369,0.4644129841475014,0.7300673716146879
1.0,0.4846726190476188,0.4363826325641413,0.4003619856516117,0.4605950709564696,0.5459292952119709,0.4430673896204492,0.7128259043277048,0.7104202411547013,0.8811470759702106,0.461453483386845,0.674534124540817
1.0,0.4888392857142855,0.43630528841180094,0.4073314412684008,0.4642699667893434,0.5329823415686173,0.3849728892331526,0.7099420778289256,0.7095665368082703,0.8869172400002022,0.4612952653644205,0.6628890971013846
1.0,0.4738095238095237,0.4371629233707376,0.43344369034340796,0.5009392110561314,0.5468756495513162,0.324554608830364,0.7154493512618583,0.7090125674123072,0.8978477421953975,0.4617151285749668,0.6828403158881006
1.0,0.4370535714285712,0.4379619464828232,0.444248765028568,0.5191049342767,0.515072753201014,0.278079008520526,0.6916221646876182,0.7088166829055694,0.9014132630428552,0.463092616204305,0.6493627210398727
1.0,0.5119047619047619,0.44013454560491305,0.4593496784709539,0.5335085068224267,1.0,0.4089852827265688,0.6990749156222825,0.7086073005518746,0.9051918951344614,0.4638058047441489,0.6700575558827468
1.0,0.4223214285714284,0.44205517678695816,0.4597191439935792,0.5069476084907936,0.5778264528759813,0.14949651432997624,0.7029413065158756,0.7081134006158846,0.9063284405537868,0.4641567075681794,0.6816728386799329
1.0,0.3877976190476187,0.4462762277783791,0.4762130593856221,0.4838285156290908,0.6147927434539947,0.31212381771281145,0.6636485563672627,0.7072659135433651,0.9104302984834246,0.4602838481332465,0.6174839007123841
1.0,0.5123511904761905,0.4495884502748302,0.502638165607032,0.5326426968898321,0.5415874678479451,0.6792777300085993,0.6694456862966656,0.7062905189539167,0.912998208802096,0.4571962655257187,0.6243846577135295
0.0,0.4694940476190474,0.4490481084226955,0.5050817345106137,0.4993864479955482,0.540134436694443,0.7394668959587273,0.6954983812251596,0.7053710461752908,0.9220234698518244,0.4565931040177682,0.6545308526301701
0.0,0.4580357142857139,0.4493173863984677,0.5150738923449947,0.4914748870772224,0.5470698361687059,0.8632846087704209,0.7121184579634385,0.7040247922190799,0.927590041899506,0.454813910249543,0.6784083641933996
0.0,0.4726190476190472,0.4472695910651899,0.5078764232430708,0.4518138420003811,0.5184318991910286,0.7851361295069893,0.7444153496209754,0.7028426514527774,0.9345919886979812,0.4549567298841836,0.714719136215589
0.0,0.4941964285714284,0.4449771296860243,0.5029348826093922,0.4667342605342117,0.5214326252699744,0.7829286239882255,0.7938923797218357,0.7009120309541589,0.9329669309354476,0.4609625164895775,0.790657207870432
0.0,0.35327380952380905,0.44268148912487415,0.5080487557626077,0.4130553447486755,0.5145475546968735,0.3605592347314194,0.8189035563918269,0.7002668140659829,0.9434565395401644,0.4602233794049602,0.8056038905992058
0.0,0.30550595238095224,0.44525647904455934,0.542489295624932,0.4219077415111887,0.5437940417379875,0.18349834983498256,0.7455354730310635,0.6993830154269814,0.947286458323412,0.4549836871021323,0.7430657802763274
0.0,0.32261904761904736,0.44792235953394977,0.5762518477689573,0.4341787292038789,0.5260877220994352,0.36777583187390456,0.736112680484797,0.6992532814278062,0.955772709073717,0.454144843233688,0.7242374217344101
0.0,0.3203869047619044,0.44887665603954063,0.6043363982787879,0.4301220890217309,0.5296097634263538,0.2707373271889397,0.7535188087389275,0.6979066588310355,0.9558982798674032,0.452456303819388,0.7450289266645845
0.0,0.29270833333333324,0.4497004954271272,0.6230377497033549,0.4639008355967936,0.5399759827329738,0.2529053680132814,0.7241008307581958,0.6961279257807672,0.9577949976333898,0.45338593057446896,0.7005978673091507
1.0,0.2665178571428569,0.4511036579206944,0.6292934154584513,0.430789371486131,1.0,0.0752628666297731,0.7394091840293979,0.6949838100428537,0.9640228089633964,0.4514785380973498,0.7068144975386307
1.0,0.26607142857142835,0.4543490398645762,0.6405101698618898,0.4289086262659817,0.5323677945438134,0.035971223021582274,0.678662140320021,0.69327838613158,0.9722975547732688,0.4486724722065572,0.6261693362483082
1.0,0.30744047619047576,0.4583377303285511,0.651567133842021,0.4562591713334273,0.4865718074985683,0.19954259576901065,0.6771833809058261,0.6918669987292329,0.9868477186066468,0.4488395132136093,0.6046119067802912
1.0,0.3322916666666667,0.4599303381518336,0.6614110958677183,0.43226718490156335,0.482512989759682,0.20182961692395668,0.7428530722332212,0.6903184980780576,0.9947765258378728,0.453409783137005,0.6848555154002883
1.0,0.3620535714285715,0.4609940437985275,0.6600849305294262,0.4607171641987256,0.5537070685629293,0.14293882218410525,0.7499226230539083,0.6887945505478056,0.9993481556763624,0.45424321411719104,0.7016512734396866
1.0,0.3898809523809521,0.4611563571818521,0.6428647478827106,0.43554922299980414,0.5688711731968036,0.15608919382504235,0.7240222256066107,0.6877577748218858,1.0000000000000002,0.4516758515377052,0.6582924565822619
0.0,0.5267857142857141,0.4630191963048647,0.6442941552985437,0.4900712994723315,0.5307937322408399,0.29292375205704896,0.6977189767574392,0.686958273029073,0.9959127423451728,0.4526937317894067,0.6204943509066538
1.0,0.4366071428571426,0.4642734990530878,0.6569380787319672,0.4761054561290638,0.4683052396236391,0.1097092704333516,0.7529489213899356,0.6863224569355727,0.982280674706301,0.4597909780205928,0.7088535880098007
1.0,0.4534226190476187,0.47015507319248,0.6944533752123425,0.4879578072906428,0.4584424275362468,0.25617114646187605,0.7207404605279317,0.6857612138771564,0.9743658550575052,0.4564938447257994,0.6561573382581247
0.0,0.5383928571428571,0.4740139104771829,0.7320858026279162,0.5027007598726175,0.3904520708546126,0.5469007131102585,0.7352283725294646,0.6843697629350155,0.9687068970855492,0.4579607508267807,0.6968383721700232
0.0,0.4843749999999998,0.47344803605062996,0.7372667642460322,0.4602402109795984,0.4347221043326457,0.3219967087218872,0.8268426767019244,0.6832387937931613,0.966063831882398,0.4662831692850841,0.8001486266748095
0.0,0.5818452380952379,0.4760889763843603,0.7613161791436602,0.4964690244997289,0.4503160148653949,0.5183763027975864,0.7448280266667975,0.6809784727677589,0.9571963580651212,0.46093726911585,0.690024205970806
0.0,0.5952380952380951,0.4766735868699555,0.7743399025460874,0.5096219587750328,0.4291109197618196,0.6396050466264404,0.8147718731116342,0.6799418837522256,0.9616747755270872,0.4666729819805314,0.7895254162693468
0.0,0.5848214285714286,0.4762872901688239,0.7891810380014382,0.5508683379492585,0.4786468149182049,0.6204059243006042,0.8779360252322537,0.6785737209628132,0.9745293756588064,0.4715304719320592,0.8796554800828921
0.0,0.592708333333333,0.4758477332689649,0.808982424111323,0.5577952934997173,0.4357595445953203,0.539221064179923,0.8673292425902359,0.6768605700912128,0.9817969602106016,0.4694921017578267,0.8800296454064008
0.0,0.64375,0.4750843148403587,0.8215320847019225,0.6167136209047331,0.4166012765950915,0.7438288535381247,0.8611194356150116,0.674919946239848,0.9817969883862382,0.4689320338247995,0.8682938061247986
0.0,0.7135416666666664,0.4713769035021067,0.8232545054140676,0.6262563763788688,0.4050101890754293,0.8218018914883021,0.91314130749844,0.6723598449882352,0.97217325326752,0.4722560654413653,0.9300454754777802
0.0,0.8095238095238093,0.4660903023148928,0.8084266379970659,0.6652301945168518,0.3982641000724975,0.9512096774193544,0.9162511238080262,0.6691681160927413,0.9687328891017448,0.4727762324500819,0.9266204236702736
0.0,0.8028273809523809,0.4588388793791357,0.7807723091443002,0.6634802514845833,0.0,0.8951930654058314,0.9239986440611352,0.6659643249522625,0.963025872032728,0.4739355905725264,0.9233608680635504
0.0,0.8683035714285713,0.4525136285412345,0.7529166672213659,0.6795753271981592,0.4034620627681506,0.9682600382409172,0.9339471085586272,0.6631424759754126,0.9633817445953198,0.4753154266470256,0.924644275197468
0.0,0.8763392857142857,0.4465141226901263,0.7496707145014115,0.6855180192846121,0.0,0.9290824261275272,0.958535782538848,0.6603415373645697,0.9583459346089246,0.4785004923308535,0.9861686819441166
0.0,0.7650297619047618,0.4408735905833192,0.7500080823354015,0.5645381534012369,0.413095178153484,0.9079315707620528,0.9515595753356684,0.6578417904305971,0.9457839660671676,0.4781910581307745,1.0
0.0,0.7998511904761907,0.43579200486570896,0.7576139806726253,0.531729369824236,0.5982388616175103,0.9688210457940898,0.905831028401024,0.6552438157395691,0.937204522251424,0.4772593682276709,0.9925596169493652
0.0,0.7952380952380949,0.4283414927433602,0.7398850147946452,0.5313011095101645,0.597143701531686,0.9989373007438894,0.8970812924652046,0.6533060113438832,0.9247854813191208,0.4763769996621151,0.9956135113403866
0.0,0.7093749999999998,0.4219892853990127,0.7388163445440924,0.5180115459982947,0.6376340717279027,0.9526873580620742,0.8768257274661134,0.6509610284215449,0.921699252678436,0.478094491086033,0.994016399497673
1.0,0.6620535714285712,0.4177419953093089,0.7513975017598818,0.5353425579574421,0.5743984358135161,0.9957680914092256,0.8605790251978639,0.6487246488104091,0.9138366934275528,0.4767280615230829,0.9675953335946168
1.0,0.5401785714285713,0.4134455906503004,0.7660827298128853,0.5060488132414451,0.62394152693463,0.6914212548015364,0.8354892433762875,0.6462072002299725,0.9081298570836224,0.4740558653454465,0.9248315232294358
1.0,0.5751488095238093,0.41204033686898056,0.7770193180631144,0.538619254550587,0.6662393043910899,0.8075117370892018,0.8140889908572383,0.6439587971843103,0.8929255858076129,0.4720773582002246,0.8723834966357764
1.0,0.6537202380952379,0.4092025146731321,0.7789252452827579,0.5505750234652242,0.6244618881761541,0.8732394366197184,0.8484885703196773,0.6416495610957907,0.8720576473703122,0.4733836203359277,0.9235105957616956
1.0,0.6135416666666664,0.4036565943482664,0.7607519494683659,0.560700099246228,0.4969717159034326,0.9435294117647058,0.8675650580449915,0.6397974050007272,0.8567207565440692,0.4723693616608308,0.9441663334666136
1.0,0.6584821428571428,0.3993611545432391,0.7551160830779894,0.5889180240077521,0.48588446668197793,0.9518716577540111,0.8802106618062482,0.6383929742536602,0.8479173697226766,0.4738947356477839,0.9889036732389828
1.0,0.6061011904761902,0.3943634468639495,0.7448458509598415,0.6043076174184364,0.0,0.8074866310160431,0.8432515020953186,0.6364421955789051,0.8380701338026452,0.4729943344879925,0.9410910850368944
1.0,0.6056547619047619,0.3913442844936139,0.7461823158172665,0.6026364959968342,0.4835136114820229,0.8711716091395239,0.8177834329817388,0.6348424967638343,0.8281991892295265,0.4707973868104359,0.8720535462279748
1.0,0.6392857142857141,0.38677064300938535,0.7359828334124157,0.5763544660570803,0.5454795084925036,0.9227272727272726,0.8122565082609101,0.632366615792089,0.8197960816036359,0.4693608604423616,0.8807306157009801
1.0,0.6270833333333332,0.3807531614834752,0.7165376486330857,0.5702969476964402,0.4695021725557122,0.9426086956521742,0.8473094930459002,0.6295725948376033,0.8129610851598897,0.470822646039065,0.9051489859279868
1.0,0.6438988095238094,0.3756919309304182,0.6991942140783634,0.5316288052047866,0.5718103458821719,0.9600000000000002,0.8508565505111791,0.6263073462234215,0.8063399522579734,0.4721994442533105,0.8755400882995275
1.0,0.6055059523809521,0.3696392525250969,0.6781778977331219,0.5088645727861049,0.5167951752133998,0.9107519325368932,0.8507877710035419,0.6234080267909482,0.7999686793311135,0.4720531977539174,0.8827285125446661
1.0,0.5770833333333331,0.3663841179643257,0.6776533233876091,0.4906334960555861,0.5002363128202737,0.6240337315530564,0.8269114562095613,0.6215703318834173,0.8015111805830423,0.469924789443708,0.8246489550555808
1.0,0.5203869047619044,0.3659654473670925,0.6876881097358014,0.4898963287076341,0.41096102109533694,0.553759662684469,0.781349945222035,0.6194077107808204,0.8036967074758,0.4681673948479828,0.7604008733094794
1.0,0.4607142857142855,0.3669399023887432,0.7019944090032406,0.4902285379633855,0.4730107775954762,0.3661278988053403,0.7873239367425042,0.6184748187357493,0.8058705999399288,0.4693250781647776,0.7539330830405309
1.0,0.4325892857142855,0.367730802713882,0.7037767578790741,0.4637860103221411,0.5704035814961624,0.1608231707317072,0.7412465794477006,0.6170803849257877,0.7995944972513046,0.4666691534255252,0.701857522855802
1.0,0.5998511904761902,0.3696946598965457,0.7129436710518824,0.5710924588093792,0.4809164720125655,0.6791158536585361,0.7077460464065162,0.6166360436915799,0.7972095387618695,0.4627765548943085,0.6380773558054109
1.0,0.5709821428571427,0.3669590433193055,0.7113176375946841,0.5962364436293095,0.5003361980997852,0.5569715142428778,0.7825339353177858,0.6157592781880411,0.7991810875698283,0.4748010222703321,0.7650742267890235
1.0,0.5605654761904761,0.3664578042694568,0.7313667170177041,0.5882072454977593,0.531372728801918,0.4788437973041153,0.8242094041238227,0.614459884476536,0.8040844435193356,0.4779079526310375,0.8165166506763538
1.0,0.6023809523809521,0.3655129562310904,0.7501527581764261,0.5924654370355862,0.4868418500680534,0.6763497441072578,0.7772870414494788,0.612307777232625,0.7968081421047676,0.4723599441865202,0.7380127580726669
1.0,0.6860119047619045,0.3624697336340208,0.7476875919406917,0.6257441276223872,0.0,0.7989093387866393,0.8638951800303613,0.6103433620985393,0.7873248220839476,0.4834134493804722,0.8538900403541797
1.0,0.7251488095238092,0.3574518379592773,0.7224931406908178,0.6146276330156114,0.4861977283216718,0.8952905811623245,0.9279682042161836,0.6079614297611909,0.7734816714484606,0.490731668531457,0.9346230293984692
0.0,0.7553571428571428,0.35268605290578103,0.6874320730379767,0.5861218062771476,0.5757667150363083,0.9315960912052118,0.9447012758598664,0.6053688256757218,0.7648478762207549,0.4897761837251736,0.9547936653726652
0.0,0.6928571428571426,0.3478576081516832,0.6435922915477144,0.5931902212125041,0.0,0.8738593666129895,0.9363249143940772,0.6026353756669619,0.7526159318390816,0.4890613983330037,0.9357403871595192
0.0,0.7141369047619046,0.3454744261171332,0.6150271459066682,0.6286837844366083,0.4675133131981432,0.9967793880837358,0.9758190902436268,0.600748398269712,0.7536943783170325,0.4921337423990893,0.9766032357527394
0.0,0.6641369047619043,0.34106698010025704,0.5795011123182099,0.5939734252548701,0.4630609453398056,0.8686635944700459,0.9733528536126436,0.5989324207192391,0.7526641923843913,0.4902680518001351,0.9966251225318584
1.0,0.6813988095238095,0.3384034043766589,0.5707947207957016,0.5637879460266931,0.0,0.9003456221198163,0.9248976904823901,0.5982053254493284,0.7580819883720237,0.4882654898504808,0.9306189609298424
0.0,0.6928571428571426,0.3348320869911885,0.556611852373645,0.5877372955423527,0.5298073914592386,0.9775345622119817,0.9250254238537158,0.5967070694622661,0.7566493311472007,0.4868781149531856,0.9560495728889512
0.0,0.6776785714285712,0.330513531032308,0.5471059281272597,0.5775035480711829,0.4652130117544558,0.9986737400530508,0.9650698357643612,0.5947924766040783,0.7585371755065359,0.4900544623514469,0.9988166923400088
1.0,0.6461309523809521,0.3269466503522083,0.5422129119744934,0.5830307889240504,0.5496236059943737,0.9474043715846996,0.9543746223268104,0.591903131391578,0.7586077135498634,0.4891059718362055,1.0
1.0,0.6230654761904759,0.3240512304599173,0.546559686640108,0.600010652715282,0.5701434935187194,0.8907103825136616,0.9413359928076288,0.5895008130961633,0.7578024690066025,0.4876390195896406,0.9985228519195616
1.0,0.6105654761904761,0.3211230212107241,0.5527708439101084,0.5890069556943871,0.5750870038533339,0.8210382513661209,0.9345464728394636,0.5871218749074313,0.7562890261037697,0.4868455804419333,0.991483087215828
1.0,0.5800595238095237,0.3177969995560975,0.5479417939169436,0.5583265645002584,0.4478202174091756,0.6728142076502738,0.9371158787319022,0.5844189239264143,0.7504953678178349,0.4874986782581773,0.9961218179256542
1.0,0.6498511904761904,0.3159472317761579,0.5485558519236334,0.6368929362838149,0.4527095521413728,0.8647540983606564,0.9048926794039764,0.5823320119892199,0.7493946687618408,0.4841212309101892,0.9505720374204664
1.0,0.6546130952380951,0.3125977783817684,0.5357839155523908,0.6455225076184936,0.4492424775622561,0.9635237439779766,0.8977789131855226,0.5802603165038059,0.7466540632577293,0.4815710549027525,0.994210452396186
1.0,0.6186011904761903,0.30860088206234504,0.5271014661578753,0.6030202181289188,0.6454476436301354,0.9761235955056178,0.8951898560051879,0.5786922317361837,0.7510884267073108,0.4819051081888043,0.9748865070839968
1.0,0.5519345238095238,0.3038839010458859,0.4994176091902439,0.5787969767796342,0.43548790212916666,0.9507537688442216,0.8826474215053868,0.575891757221847,0.747841196842145,0.4837169681895224,0.961377125787002
1.0,0.5651785714285712,0.3003771434825687,0.479342227848802,0.5492393414502407,0.46020537455307,0.9748743718592964,0.911721501947934,0.5740883060445411,0.7528413222537615,0.4850199843822594,0.9800534730008392
1.0,0.5834821428571426,0.29545653237503633,0.44511542234791385,0.5730501801191991,0.3396352214132745,0.9125628140703512,0.9089555831765326,0.5720801182921559,0.7497857730064388,0.4835918290475364,0.9956640399769368
1.0,0.629315476190476,0.2898737525238646,0.4130091723484545,0.6230027551494691,0.5453458970422439,0.9217318900915904,0.8942367685422182,0.5705548912907318,0.7463000865768905,0.4855106078307891,0.9955577182682952
1.0,0.6075892857142856,0.2853311683431929,0.3823729596104665,0.6057046069824368,0.5472944904370172,0.8554006968641119,0.8828881497821163,0.5674009982159626,0.7295015138708683,0.4843186377721237,0.9811441937913812
1.0,0.5226190476190475,0.2844164923742851,0.3707994916742488,0.5136865641041519,0.3825269896206246,0.7012195121951227,0.9008936423170832,0.5639516852169942,0.7129343145249409,0.4882226961845123,0.9607213094445392
1.0,0.4610119047619045,0.28655366026472306,0.3801683453314412,0.4809790410969375,0.5293267170520024,0.5566202090592333,0.8849367965453036,0.5601101859678933,0.6938819909911162,0.4866630908604183,0.9244681905139364
1.0,0.4151785714285712,0.2911465469787322,0.4124648044737595,0.4315298057165347,0.6441354607003115,0.5546558704453445,0.8629224412794954,0.5571352463075813,0.6829456103823737,0.4846558086731506,0.8687404816116046
1.0,0.3056547619047616,0.2951615200203453,0.4396470590853047,0.3518416866247625,0.5773193018489643,0.4081546223113941,0.8922519884646939,0.5567533196671631,0.6868228563174112,0.486297977974187,0.8967252565593615
1.0,0.3010416666666665,0.2987482824454781,0.4708275141511857,0.3946425290683125,0.4542515587501562,0.3745632977382905,0.8415565785142642,0.5572509203504245,0.6985955488228628,0.4726424274145486,0.8973616261803925
1.0,0.2741071428571425,0.29992654384792217,0.4792499048574966,0.4208073033789009,0.5845949918651384,0.3235840297121633,0.8259288918147473,0.5582998350081542,0.7112400925019748,0.4732639696935344,0.8892936297206557
1.0,0.2973214285714283,0.3017158743236402,0.4881992975135878,0.3947984536402734,0.4873731861188545,0.3500464252553391,0.8388152238527332,0.5573012600443584,0.7157194596031934,0.4717192042799716,0.9080701908377404
1.0,0.2819940476190473,0.3024582542537133,0.4858471424813097,0.4250849461103473,0.4700302617306159,0.30872794800371417,0.8433350200688776,0.5555908297939037,0.7183613744252636,0.4686057468791319,0.9139364947005773
1.0,0.3180059523809523,0.30362936171643273,0.478985212137566,0.4116457221056445,0.462710357791136,0.3519034354688956,0.8589676195903688,0.5540293719126116,0.7164942903143354,0.46749005351069206,0.9295750952725784
1.0,0.3602678571428569,0.3035790296331517,0.4712105917885328,0.4047186019142608,0.4738297529769138,0.38532961931290666,0.8535340384870473,0.5522539837729948,0.7135965976092826,0.4701820901743598,0.9279731993299836
0.0,0.39241071428571395,0.3026853079101993,0.4582019108657315,0.4356272239516329,0.4939831760852526,0.3769730733519035,0.8648482674933307,0.5502184326928682,0.7079062231738403,0.4682751717892146,0.9392084147081842
0.0,0.4312499999999997,0.30266349207412346,0.4527901872522568,0.469852701360327,0.41998691326810783,0.3714020427112348,0.8537305513660102,0.5479846114305321,0.7040377258259768,0.4674733232147321,0.9054296226401294
1.0,0.3904761904761903,0.30289412065515464,0.4454018555258295,0.48506270453877004,0.42874492010108495,0.2841225626740949,0.829195918427504,0.5454538705481912,0.6998913650455216,0.4681793652596238,0.8704731810435
1.0,0.4249999999999997,0.3056552049597357,0.4489392882539113,0.4637374740994067,0.2959022297911521,0.3314763231197771,0.8461058516622533,0.5431577586916084,0.7036678215055743,0.4672552146124303,0.8743352863297567
0.0,0.4425595238095236,0.3073256790826263,0.4484449516918764,0.4776626234443861,0.2949150446830909,0.4391829155060355,0.8499820681997946,0.5399730993196817,0.7034273981805028,0.4682252637257798,0.8661795147498776
0.0,0.4604166666666663,0.3094846371938793,0.4558989810473054,0.4427004069607017,0.3597181777438726,0.4410399257195913,0.878741728036001,0.5378197613190446,0.7041126970032261,0.4694944686934488,0.8792141200909934
0.0,0.3803571428571427,0.3106146795120127,0.4603977578431944,0.4364285991461829,0.3763080036781125,0.4108635097493039,0.8559167571444712,0.5351347188845751,0.6952602496360959,0.4690308891542137,0.8614030852954729
0.0,0.3877976190476187,0.3129754290593145,0.4702642314359198,0.4410754262955952,1.0,0.32497678737233043,0.8746788242634451,0.5341358199551872,0.6972530988235062,0.4724702473691523,0.8593939128786222
1.0,0.3425595238095236,0.3155713762426625,0.4730917568953848,0.3984611192832509,0.3686823369745852,0.17873723305478215,0.8384369365607298,0.5328235925220978,0.6996493974038079,0.4690643731974338,0.8392558721670305
1.0,0.28363095238095204,0.3214458410660923,0.4999504166215606,0.39048266481901583,0.35841854202081763,0.003923491907797856,0.8261204918717359,0.5322847279831157,0.7089182699056487,0.4709716022217855,0.8265337325150584
1.0,0.3297619047619046,0.3296648516634947,0.5419551336290516,0.4224238910806949,0.2884073459103045,0.1064410480349346,0.8286505951883818,0.5294882859429048,0.7026743998801088,0.4714963047122947,0.8243007801110787
1.0,0.3715773809523808,0.33599163652900665,0.5836251861004341,0.4068143059531644,0.3853866112111696,0.060216508795669865,0.9006971294381205,0.5268631048057729,0.6965833229282008,0.4807789072649502,0.8744284281864018
0.0,0.4135416666666666,0.3403169334140513,0.6107213353952179,0.4420381223236785,0.4539769684777738,0.16464891041162275,0.9056836437418018,0.5244004774871046,0.6894930344252231,0.481037549313603,0.8941223662542754
0.0,0.5741071428571427,0.3430073431778231,0.6245459455862734,0.565581664770213,0.3024768869084525,0.8280871670702183,0.8872703869829867,0.5239873459022558,0.6980410608150759,0.4817204265110345,0.8774015116328168
0.0,0.5754464285714282,0.3397789711969245,0.6185872069393348,0.5673848994729179,0.0,0.8426150121065373,0.944106824401004,0.5239506836661955,0.7100607016030093,0.49089627163621397,0.9813086742952049
0.0,0.6139880952380949,0.3365682387297507,0.6129835816032142,0.5630104853220006,0.30384637643700474,0.9603960396039599,0.922367587165744,0.5230443117827225,0.7185286825870841,0.4898404237816622,0.972265619502034
0.0,0.6188988095238095,0.332545417198595,0.6127653877056288,0.5684519784502157,0.4293571292284316,0.9010152284263968,0.9441903423745632,0.5215671779390866,0.7267844694158893,0.4899301697112429,0.9992821855339272
0.0,0.6004464285714284,0.32922857671801753,0.6079595727976653,0.5382287145705343,0.5851845876290372,0.912859560067683,0.931903374617414,0.5193985034786349,0.7342106640550623,0.4923421245016845,0.9898674040984188
0.0,0.5697916666666665,0.3261764002692632,0.5961391769984996,0.5573161229014709,0.6429247808307764,0.966735966735966,0.9333330058118684,0.5173031449794004,0.7397460148165832,0.4924527466852587,0.9945259873785716
0.0,0.5261904761904761,0.32286002809841097,0.5772808061742568,0.5597744231917074,0.5371341115654734,0.8650602409638566,0.92000943261819,0.5153390999759823,0.7483995099178096,0.4910092137639255,0.9927246904007944
1.0,0.3603645350633301,0.6299111631463117,0.2914919670711805,0.3199786477317512,1.0,0.21766743648960707,0.5311792246584358,0.9876416516802424,0.3621795260509752,0.5148829710661211,0.8304071745702466
1.0,0.34321902996601783,0.6329295629245724,0.2837943864197493,0.27794632287491683,0.4952440576685471,0.1166281755196302,0.5503146662474392,0.9869499786981384,0.3734012125176319,0.512543642142056,0.8441504231124378
1.0,0.3890948409020697,0.6371938078904746,0.2893332847902798,0.366362623206517,0.3615979081109073,0.11431870669745975,0.5056325503932712,0.9871529967170954,0.3794693767671601,0.5132126448304439,0.7967542406112043
1.0,0.4119555143651529,0.6438663048437003,0.285196743846475,0.4026182025376672,0.3093744594373751,0.06914893617021288,0.4443696603766172,0.98907596165884,0.3873330370821911,0.5125066462338401,0.7553474075666925
1.0,0.4150447945628668,0.6526485987169552,0.28259262484158354,0.4093911176344843,0.4643362815200817,0.11268656716417945,0.4523529960844807,0.9914210967093784,0.3924143193425438,0.5129254659326258,0.8019024248327156
1.0,0.4252394192153227,0.6581124620333956,0.2726238728213057,0.3757683347912592,0.5044140429421805,0.11641791044776133,0.4652982819861557,0.9922003182759694,0.4032666755754648,0.5137651400301384,0.8346952199046259
0.0,0.4856348470806301,0.6619007479403118,0.24625818526573426,0.3981250525182996,1.0,0.21268656716417855,0.4500587082225904,0.9924233138150031,0.4118320321707691,0.5127758354825722,0.8094539382976842
0.0,0.4942848316342291,0.6654754489172834,0.2267948005505705,0.4079997350333098,0.4739966343646242,0.2089552238805967,0.4829353128730672,0.9919582176922468,0.4167895854843183,0.5149566290052425,0.8754822469863516
0.0,0.4535063330244052,0.6703506013615912,0.21224095697410714,0.4146108160391346,0.265228187547839,0.07600950118764903,0.4838097951844516,0.9911112013477468,0.4144578965020765,0.5150564339747568,0.8669061563175934
0.0,0.4959839357429717,0.6791708826236487,0.20976418783026785,0.4090315245670614,1.0,0.2288202692003166,0.452490555099755,0.988750172991494,0.404933441998414,0.5130030892648807,0.819282289993296
0.0,0.4193697868396661,0.6864263847451677,0.1942058091849969,0.3829694440808242,0.4655356001806925,0.09354838709677388,0.5130951269718839,0.9856792075852584,0.3896700366259367,0.5136055825052577,0.8716622183993827
0.0,0.5029348161878282,0.6963805789471755,0.19749282077392566,0.4601796598203852,0.5038922465910837,0.5740551583248213,0.5378704881871192,0.9824611923581102,0.3763916882470584,0.5154508427490749,0.8637185827946923
0.0,0.5383070744516527,0.6985811360913365,0.20244056762403406,0.4519943039980685,0.4740114732025871,0.7068437180796728,0.5695483642759236,0.97969458939292,0.3588682834100462,0.5139864191718035,0.901887245911178
0.0,0.5004633920296571,0.6977418755881855,0.2118899753767525,0.4589986900054286,0.4806602178484442,0.6414708886618996,0.5868316719807025,0.977193783229672,0.3452527061900388,0.5115209181071798,0.9127654730131424
0.0,0.5245597775718258,0.6975266349840545,0.2106063821450688,0.4373185857879636,0.4831401178615886,0.5620052770448547,0.6078929397835411,0.9746587407276592,0.32993605369337065,0.50934756105238,0.9151435040540368
0.0,0.5633302440531355,0.6957274325162117,0.19854895730344774,0.4282798783098409,0.4635388546526266,0.6367634124890055,0.5998359117460662,0.9725064470425164,0.3221658506259182,0.5088450487599274,0.9034177871662216
0.0,0.572752548656163,0.6951028639066799,0.18975833571049625,0.4376638481660649,0.4927430348348952,0.6182937554969216,0.6087084682312371,0.9708578865232956,0.3144224056694737,0.5094554826554583,0.9169712991891928
0.0,0.5197713932653689,0.6937019078528104,0.17589127687044492,0.38627150010902,0.4865744271498121,0.6200527704485483,0.6253629347233342,0.9702160610409002,0.31476821409745226,0.5069432320140335,0.9282100256776756
0.0,0.5957676861291317,0.6936027749231417,0.16672825304544986,0.4017100824411469,0.4807849238180231,0.7669305189094103,0.5969127826714942,0.9693507330539624,0.3168613912744665,0.5084008223467535,0.9249212593445236
0.0,0.5608588198949643,0.6920813063186524,0.1600678447428897,0.4229412790841717,0.4710889981754909,0.6605101143359721,0.5687082717183576,0.9690483998167128,0.32602733340460466,0.5066086913008683,0.8860189483537194
0.0,0.4808464627741734,0.6909499804511767,0.15550199904737472,0.36254335779192304,0.5142545507872041,0.6983289357959538,0.5657409272460192,0.9690940883700292,0.336038378724192,0.5063489951588641,0.8890673817625254
0.0,0.5469570590052516,0.6898326171763454,0.1495094409593868,0.4112058031297132,0.4851610179089622,0.6129303106633079,0.5337977587706151,0.9700380548412048,0.35215867733349804,0.5075721826914087,0.8864047459428004
1.0,0.4890330552981156,0.686423035650469,0.12821841125735706,0.4180691554087496,0.5090030971001788,0.3602015113350132,0.5113314238831926,0.970740792172978,0.36445026697735294,0.5095618681094003,0.8842607232756113
1.0,0.4389867160951497,0.6902742121964058,0.1330878088833265,0.4278412769394032,0.5100578572088544,0.20151133501259505,0.45327660661560604,0.970060217039902,0.3749874147659956,0.5057007176331587,0.8076957132195756
1.0,0.4465554525795488,0.6978547643615791,0.15049979016536474,0.4347797999057987,0.5031236760469795,0.5088161209068014,0.4128833843448017,0.9684221422996876,0.3777485466042,0.5029376121693906,0.7492884880529241
1.0,0.38646895273401305,0.7018656892521637,0.15180758600761152,0.4455860261798687,1.0,0.3410513141426785,0.4532864322595544,0.9668619232443736,0.3846287879200714,0.5021764514155406,0.7851929620400468
1.0,0.3344145814025332,0.7081645246985053,0.1538258601739586,0.4476886830788745,0.5563260958305064,0.14409368635437872,0.4524266884140921,0.9645147687752814,0.3873269826594175,0.5021516106144432,0.7754721277053265
1.0,0.24312635156008636,0.7166537638932318,0.16727048593908955,0.4503447985154579,1.0,0.10192837465564733,0.4271305680696046,0.9628605460350124,0.3882732201694742,0.5004669965841297,0.717760603109149
1.0,0.2513129440840285,0.7269238568808436,0.1879145542613773,0.4559683880486439,0.5170349134189005,0.164496527777778,0.4209600636701728,0.9613112008853664,0.39119284977665736,0.5037060294739792,0.7146362750926548
1.0,0.23524868705591595,0.7370526774463275,0.2311687461000633,0.495711545466502,0.5538328859595391,0.03064958828911261,0.43874447921630655,0.9619311675875594,0.3966739674851598,0.5013285643609326,0.7234969705402429
1.0,0.1833487797343219,0.7505085145056511,0.2906430833529269,0.4792288716284733,0.5956060528715085,0.10602593440122048,0.3797070975539063,0.9633993786810128,0.4084151771167557,0.5006057226116603,0.6911848413170246
0.0,0.13870868087735574,0.7594271938611117,0.3300021216431385,0.46493663482298403,0.5868977844924611,0.14979757085020245,0.4319107438503751,0.9653300910017903,0.4080867863527631,0.504275380062184,0.7922068887005578
0.0,0.19848625270312,0.7629588222280939,0.33785963538306074,0.5164572311139739,0.6273689795050088,0.1100478468899518,0.4375899660523999,0.9643234699445472,0.402815381627606,0.5009851539342995,0.7940916047914793
0.0,0.2735557615075685,0.7644545869642729,0.31266387044923505,0.5092002875748409,0.6179665195861354,0.16778309409888328,0.443603260148662,0.962730388383318,0.3869161991400325,0.5015301084831307,0.7675980621576837
0.0,0.2747914735866541,0.7665068885442874,0.3092415422929238,0.5074051534195754,0.6124196515314613,0.12153110047846855,0.4484030872173288,0.9613664079880012,0.3770619899170157,0.5018177252033916,0.7894746828237855
0.0,0.24667902378745746,0.7709511947211654,0.3110236573248424,0.5397737408205906,0.5932463920674611,0.06858054226475252,0.4120531174311836,0.9613035843758531,0.3720499153218565,0.499273827058871,0.7411740895809354
0.0,0.2641334569045413,0.7788465430931204,0.3512634217719854,0.5519951456510275,0.5970124114505164,0.04242424242424238,0.3589504247134596,0.9615754470569025,0.37630658053835264,0.4990887999761262,0.6836017050988525
0.0,0.3124806919987643,0.7884127358651545,0.3867758115289625,0.5758968807623721,1.0,0.15247208931419465,0.35075583766071045,0.9618387430049076,0.3885249483840766,0.4984410563459755,0.6917224281214819
0.0,0.25563793636082804,0.7954691077583309,0.4127793506792468,0.5841741803692286,0.5764784286434942,0.02266999216693961,0.4310510000049128,0.960952912408882,0.3875160275762154,0.5006741365747782,0.78372566629141
0.0,0.2925548347235095,0.8059566414512642,0.42849987668778017,0.5500401774531405,0.5312379444572994,0.007931034482758758,0.3879360743604733,0.959195334772932,0.3904611944737912,0.4976068870458527,0.703271057591358
0.0,0.409329626197096,0.8156568118196137,0.4331768808292398,0.5682241785399401,1.0,0.2013793103448277,0.4166171290450947,0.9584117257232364,0.3915656023990453,0.4997635782440013,0.7464930366697448
1.0,0.34692616620327466,0.8204898567719796,0.4367515903100885,0.5008306923344565,0.5174369792138451,0.03172413793103454,0.4432593626104773,0.9562938009423021,0.3875846382453305,0.5017454542195628,0.7880516589296331
0.0,0.36067346308310144,0.8317082669358717,0.4648560654934825,0.4576498168197402,0.5629041956205486,0.01654676258992784,0.4178698986484827,0.9547959752442524,0.3774541518007805,0.5000831073054021,0.6948467561379766
0.0,0.40330552981155376,0.8438836384660615,0.5121029343032123,0.4436259080422911,0.47659914064465997,0.03239017125837694,0.3830527293182477,0.9532170298998658,0.36851322341166304,0.5010190817910601,0.6829882236867073
0.0,0.4494902687673772,0.8558682957905408,0.5610420937943441,0.4773441206425803,0.4400046937427402,0.0407734342160577,0.3597708659831293,0.9529907812369104,0.3683145086830443,0.4992774808311167,0.6438772025247608
0.0,0.49582947173308606,0.8668600813192541,0.6011888485610616,0.5154915456883178,0.485584375821458,0.08003766478342697,0.4663791028204515,0.9509140321037376,0.3464858100533881,0.5037960633249753,0.7612545378650849
0.0,0.48872412727834397,0.8768755107573429,0.6528982510248461,0.5097699456658003,0.5975924904184489,0.0665673124689513,0.5441982028897221,0.9470343526872936,0.3177468128792437,0.5061223663419754,0.8290853434863454
0.0,0.515755329008341,0.8853116498821199,0.6964027154498986,0.5337139163122345,0.6457176701462609,0.2849191624701829,0.6046799542124988,0.9444074546103428,0.3001618919029612,0.5071631458824287,0.8599997470179741
0.0,0.5817114612295333,0.8886120221446219,0.7250296889711776,0.5430747494926503,0.6758094431189763,0.34004770739464585,0.6414671651543363,0.9418736226241744,0.2984834553561692,0.5096290182918909,0.9396258395840976
0.0,0.5810936051899904,0.8869007006285665,0.72365662752269,0.5424083724356374,0.7232226508452402,0.3517095149748207,0.6668517162943568,0.9400609093420206,0.2980259127217736,0.5078923994323954,0.9493466739188179
0.0,0.7474513438368858,0.8846424501187315,0.7243935627588654,0.6532583541424938,0.710098277541931,0.7132255499602439,0.6847638652118164,0.9364350814792431,0.28877520694555936,0.5055599611372485,0.9612368291232908
0.0,0.8838430645659557,0.8753970406585643,0.718862677782614,0.7509850120420297,0.7322747257306308,0.9589498806682571,0.697645284427828,0.9351317517826676,0.2930966837163511,0.5066448251719465,0.9546592964569866
0.0,0.7664504170528266,0.8612810357413929,0.6960562966134611,0.6812945309905846,0.5590295413809434,0.9601745771958544,0.6878294661236356,0.9337452681902416,0.2965901801847713,0.5053140389756553,0.9959522875899663
0.0,0.7278344145814024,0.8550934620628705,0.6922383268470127,0.6587476565289623,0.4601284994178014,0.9528487229862476,0.6603225758908171,0.9350167108339285,0.3139360947397508,0.5036208800367877,0.9997795650082829
0.0,0.6637318504788383,0.8486384078693505,0.6757382279707544,0.6294171769197829,0.4916229622358504,0.8797297297297297,0.5869102771322876,0.9354718102280264,0.32500500200086635,0.5013951488867169,0.9912634591795008
0.0,0.7113067655236328,0.8439288845420339,0.6792113289835839,0.6188356707653773,0.5317908279048654,0.9262122276879832,0.536509636500302,0.9373300988130708,0.34705579239372264,0.5013918885059963,0.9434510017718409
0.0,0.6821130676552362,0.8333078978175665,0.6496316035469207,0.5991624242590365,0.4867143376257992,0.8203067932797655,0.5326530712506568,0.9370246681956051,0.3565692909434077,0.5009365210650623,0.9655308709281716
0.0,0.7990423231387086,0.8261560472881266,0.6348571257992998,0.6338106954825838,0.5141835738691686,0.8838219326818675,0.5155220610270743,0.9366922236420588,0.3654942787406419,0.499796427246016,0.9324246967425374
0.0,0.7919369786839664,0.8185571850089608,0.5852336306708911,0.6222135751707034,0.5161915176683471,0.9102362204724406,0.4989609381524839,0.9359763605487288,0.3734863103689071,0.498415714317061,0.9340261687338146
1.0,0.7259808464627739,0.8133106248985744,0.5626646492726036,0.603890712810597,0.5369033703878787,0.845491388044579,0.5186760927344278,0.9357428391031648,0.3866110019252715,0.4998391081544306,0.9707509881422924
1.0,0.7021933889403769,0.8106937635173805,0.5580524905406591,0.5907965413374996,0.5037487298291006,0.7467071935157042,0.5149767377879527,0.9340188706907578,0.39553106561189255,0.4995213256266453,0.9729726046067869
1.0,0.6309854803830706,0.8078259398467782,0.5532278094282729,0.5751873122755717,0.563368902414354,0.7021276595744678,0.5024490417540739,0.9321529911506172,0.3872077037111601,0.4987492390006775,0.9350415701240284
1.0,0.6408711770157554,0.8046505893266138,0.5434002507758299,0.5816105117260985,0.5390896138313239,0.6945288753799393,0.4930508133176781,0.9298013559256284,0.3739888721154549,0.5017541759005794,0.9271091726863842
1.0,0.6714550509731233,0.798677716544703,0.5078107393625568,0.6015748329865032,0.5788040783327556,0.6231003039513681,0.4816628919817834,0.9279504971339428,0.3645651399549629,0.5010143511587705,0.896558538912362
1.0,0.6970960766141487,0.7936338628617905,0.489510981518332,0.5687051578314597,0.5926199278890208,0.6322188449848023,0.4685309188450938,0.9261869453189668,0.36740090468244346,0.5000941059445545,0.8739948207714321
1.0,0.7077540932962619,0.7901798339739061,0.4770933829006169,0.5254348741825869,0.5962243875124561,0.646403242147923,0.4772413522051203,0.9260399855803804,0.3757866225939719,0.5007457102499254,0.8898528008722911
1.0,0.7063639172072904,0.7844925391379051,0.456299436213286,0.522494092554223,0.5950488797786228,0.7077001013171222,0.4554087713523525,0.9254973054089398,0.3817339675961916,0.4989215272272374,0.8972127572577342
1.0,0.8322520852641334,0.777424476838884,0.4326400850161277,0.5591000601503826,0.6016383863858042,0.8908017707820954,0.4562390382659701,0.924363090670345,0.3862672060490453,0.4990391361698044,0.8832288401253916
1.0,0.7822057460611676,0.7659314116051752,0.4051725391295443,0.5882903844611195,0.6100983943797498,0.9715808170515096,0.4767107674319208,0.9215762221590416,0.3818780150436272,0.4968995783637091,0.8957339512062151
1.0,0.737720111214087,0.7583411003204392,0.3818179583445034,0.5412011269626152,0.5443771460876533,0.9904931669637554,0.4399088180241612,0.91755547719035,0.3691193338551194,0.494294936807014,0.8237767479896415
1.0,0.7045103490886622,0.7491156065793161,0.3600329328626405,0.5253927765640838,0.5087581915343743,0.9101967799642222,0.4668949491277285,0.9146545019112768,0.3599232351567643,0.4965109093646173,0.8063172958975059
1.0,0.6685202347852949,0.7414000705199462,0.32394598670216496,0.5058545901719891,0.4853430207009754,0.6504360465116279,0.4341264265606808,0.9119164689769054,0.3511248794963626,0.4977064140426675,0.7724955703966201
1.0,0.7184121099783749,0.7390647829025538,0.3221195961682086,0.49915588959326296,0.4388292066347381,0.8638157894736839,0.4052095564213037,0.9114361780229088,0.35274846280466376,0.4955580909391003,0.7157012402889464
1.0,0.6930800123571207,0.7354729687183885,0.25218336943967284,0.5283543979484343,0.0,0.8276315789473682,0.4318026617669458,0.9107393515047414,0.3553603632656702,0.4976111889231361,0.7698855117895598
1.0,0.6966326845844918,0.7328778954207484,0.198705808710447,0.5283560353763427,0.5018865559169474,1.0,0.4356051859748761,0.9102988049869072,0.3592588724181224,0.4942056180849842,0.7705601744582253
1.0,0.6357738646895273,0.7243581633148337,0.11184285025717873,0.5348989731823495,0.5040211576404487,0.8498269896193772,0.4463151378783485,0.908903113079778,0.3612660757289139,0.495055708665746,0.7862545999727406
1.0,0.7071362372567191,0.7191370139864177,0.0946754262149877,0.5821561449012471,0.4606033420159576,0.8456747404844287,0.42813278375231534,0.9074406262830316,0.35586270321800817,0.493732891900545,0.7458566171459724
1.0,0.5375347544022241,0.7128820229006596,0.06409686359171163,0.5043307028000605,0.4117737553865312,0.4194733619105937,0.41698067787117626,0.9057930563054508,0.3534458735130903,0.4928933601922876,0.7262709554313753
1.0,0.5301204819277108,0.7210937553678441,0.08322966859392295,0.4985118707123288,0.4354640177517972,0.4739742804654009,0.3672678323155599,0.9055891792337708,0.3606139574011201,0.4889760012919554,0.6456930625596289
1.0,0.4468643805993201,0.7262472498269463,0.09107769389229853,0.4459213729746214,0.4438787998037197,0.6533986527862823,0.34912969358729345,0.9063606378840322,0.37549479970289423,0.4874189107602656,0.652139839171323
1.0,0.4601482854494901,0.7275548419919526,0.08784125928957676,0.4552647214239435,0.4511578212112001,0.5709515859766272,0.3698224997420768,0.9066304708019668,0.3883580718522817,0.4890780969859064,0.6974717186861114
0.0,0.556997219647822,0.7280474219308368,0.08263322232082597,0.4696322426319957,0.4327852261550909,0.7785197551474677,0.3828709549052072,0.9064287662884244,0.3960462277605389,0.4901725350199325,0.6871064467766117
1.0,0.4477911646586343,0.7243431578039621,0.06422474016926473,0.4539591451171359,0.5772011313720057,0.7345575959933215,0.3947894610143015,0.9053514404157508,0.3998284357510196,0.4910812658404163,0.7261823633637726
1.0,0.3988260735248685,0.7236503337732003,0.06763255471226509,0.41770948604190705,0.5200453665574729,0.4576627011896428,0.4044235049054528,0.9060787799640077,0.4133184878613197,0.4918691358917499,0.7250715551315251
1.0,0.3606734630831017,0.7233477983060246,0.05462376546634578,0.44001109582665376,0.5388299684886757,0.3886167483088408,0.3364202231403741,0.9049158173175316,0.4130649161615235,0.4900435248345068,0.6704988414883466
1.0,0.3524868705591595,0.7253971778111077,0.05068347951253371,0.4842905842732153,0.5091801612570542,0.3661581137309288,0.3372357515880697,0.9034348682909399,0.40675962231656415,0.4901602220311472,0.6293716777974646
1.0,0.35712079085573056,0.7276593984548463,0.04163130159321643,0.48778511083414006,0.4854853268615521,0.4245912963389364,0.3398493728782748,0.9005173007551112,0.3877162440934221,0.4904190912082492,0.5978601608286764
1.0,0.2828236021007105,0.7286497733703001,0.02935624612869508,0.4621164366518568,0.5217545492345852,0.2127561593368636,0.34695331345278024,0.8983390407237725,0.3726386234005065,0.4910216439569127,0.5922516014719909
1.0,0.2848316342292245,0.7333667081607533,0.01925438073907532,0.4117071402334313,0.494792405000445,0.20855855855855845,0.2880338395177576,0.8957194725996119,0.3595310076933221,0.485997611681476,0.4893757666621237
1.0,0.3682421995675007,0.7402626474195613,0.01366880511277857,0.425723544891164,0.4934301675086936,0.35,0.35776643461770874,0.8937169562977799,0.3508677961665204,0.4883419647744216,0.5352119394848028
1.0,0.28637627432808155,0.7424772795956878,0.0,0.4161685843192079,0.3405217137385242,0.24802658911508105,0.39991353433325627,0.8926098722607155,0.34684411592682873,0.4882717955050132,0.5830039525691697
1.0,0.3035217794253939,0.7496038319172249,0.006949554193196539,0.4292122319558983,0.4605621586340202,0.16701287910261725,0.3748434037995766,0.8918551246853271,0.3439907260814954,0.4898046215588602,0.5665121984462314
1.0,0.2673772011121406,0.7559136409829561,0.00850926909818589,0.4588362840157189,0.34689481157340185,0.14665558786871574,0.40884995750408987,0.892050932982858,0.3437175060483174,0.4890434472504544,0.5830039525691697
1.0,0.3316342292245905,0.7770496742511652,0.07288761948870365,0.4617755903229617,0.4561027271146438,0.19194017449106734,0.4045905408525709,0.891926214419753,0.3427521084554899,0.4886106842799303,0.5960610603789012
1.0,0.0,0.7953880101366362,0.1297564861129265,0.3571173253075561,0.5255140820918978,0.24239280774550465,0.4020800888238212,0.8909334954581068,0.3382157670740238,0.4883593711304875,0.6032233883058469
0.0,0.05545257954896488,0.8158468542323705,0.1910619464838624,0.34173217596283434,0.4299251847029913,0.1828324225865207,0.4832251693695376,0.8895453175368554,0.3332464962924723,0.4916168436641348,0.6569578846940167
1.0,0.025023169601482875,0.8245885501814059,0.1885316728037136,0.3061037556181138,0.4249765113651165,0.0762750455373405,0.4999484153692722,0.8883536832734008,0.33231799897769176,0.4929977140936515,0.6864794875289626
0.0,0.0747605807846774,0.8410758450306832,0.21304677527129814,0.3235305517350014,0.4463238567353807,0.034084950183534635,0.4411075465858345,0.8893645003090763,0.3435061935299686,0.4917603536412383,0.6324860297124166
0.0,0.08248378127896201,0.8561124225016918,0.2417940180318208,0.32733847446482,0.4705293158759896,0.03640315131757647,0.4898820431444025,0.8914295082385079,0.3614352991774944,0.4957421028872048,0.7220253509608829
0.0,0.22397281433426025,0.8705835564085096,0.2830938772100815,0.3402745860710457,0.5762083306603744,0.1467630421118794,0.5025915135913219,0.8942960785249082,0.3834847735356708,0.4966009290630462,0.7729317159602013
0.0,0.21856657398826074,0.8767775582470934,0.29577904381576303,0.3338678835547671,1.0,0.10685103708359542,0.4467916816098335,0.8966973874118301,0.4068567695459243,0.4953938353540792,0.7651219844623138
0.0,0.1739264751312944,0.8842690012488823,0.3172093863709407,0.3396070743815213,0.4136427087675142,0.02702702702702701,0.4109329940210957,0.8965438401631062,0.4069541651642597,0.4962025600480349,0.7290786424969333
0.0,0.3070744516527649,0.8958552158017343,0.3459483733641373,0.3684524446998833,0.27048339467963844,0.2112496005113455,0.40951318847058976,0.8940435126043457,0.39444065881291934,0.4962746411609034,0.6697969197219574
0.0,0.3110905159097929,0.8998196944493841,0.3502490348463673,0.3712759960890085,0.4859012401217179,0.2042186001917546,0.5181012925634612,0.8919397844212121,0.3807171752540132,0.5015629693907931,0.8031688701103988
0.0,0.3674698795180721,0.9062695644366738,0.3625127565910704,0.3633109739744487,0.4119129311953346,0.23585810162991366,0.5048661501653164,0.8896648144313529,0.37497712822563145,0.5003373698253408,0.8038639771023577
0.0,0.354340438677788,0.9118091593635822,0.3815184179652592,0.35718627023407623,0.2721795295264343,0.239693192713327,0.5479515988779113,0.8880566927503578,0.3748029323347437,0.5002594016372464,0.8229112716369085
0.0,0.3824528884769846,0.9187543634107798,0.40269052022913343,0.3273426511706876,0.4631218567255643,0.2716522850751039,0.5546772521604135,0.8836237221187632,0.3567433626637009,0.5007744815840817,0.8379378492571894
0.0,0.40515909793018223,0.9251169358340232,0.4190576428632704,0.2950383819554604,0.3796455444917513,0.2783636944710769,0.6672545676962303,0.8797216716046318,0.34474248278668784,0.5064833377915228,0.9201921766389528
0.0,0.3917207290701268,0.9324370074639344,0.4270923111129972,0.33460406612800425,0.3789640215119231,0.27452860338766394,0.7110622012390136,0.8773377306278106,0.3425806748666941,0.5064066789933458,0.9612034891645084
0.0,0.3487797343219029,0.9417035304490388,0.44704354778256455,0.3516910682239768,0.3801332926197042,0.20230105465004794,0.6431227861595981,0.877247404222797,0.3549358913434193,0.5039626807944729,0.9405002044432328
0.0,0.3929564411492123,0.9527024497209148,0.4617219040636952,0.3756922488885722,0.2559159903419513,0.3141578779162672,0.6293423205223312,0.8766975589510021,0.3623514243119814,0.5064800147900976,0.9341420198991413
0.0,0.3911028730305837,0.96070737736087,0.4768997741201336,0.3714165048727561,1.0,0.21636305528922967,0.6802637202835677,0.873022022205694,0.3492957760794213,0.506964638676507,0.96579721219647
0.0,0.4230769230769232,0.971705480443474,0.5011317413572954,0.3436053656748264,0.20736771979495414,0.2754873761585173,0.6935086883256611,0.8711559048070182,0.3464067801342846,0.5082500835766249,0.9491768269801526
1.0,0.3977448254556687,0.984114203903218,0.5480294408932963,0.32187765853591604,0.0,0.023149905123339646,0.6355865172513743,0.8690790634239348,0.34214538878439915,0.5027965071434312,0.9503162376251136
0.0,0.7432808155699722,1.0000000000000002,0.5969563125420118,0.6760317725989506,0.7612118637379588,0.8944413250982596,0.6726046308259926,0.8691438451284822,0.3472105395906557,0.5021298460171558,0.952861148826134
0.0,0.7421995675007723,0.9928108180260948,0.5906388630782441,0.6781130073318661,0.5474749081852197,0.9773226042428677,0.6611577556264089,0.8695624672711685,0.3601487758770009,0.5008393620194007,0.9746873443544588
0.0,0.6577077540932961,0.9881270801051864,0.5986905473128852,0.6039271065288708,0.4828549721945318,0.8112313937753725,0.5877700209777498,0.8683161195520642,0.3617194359805965,0.4981327674460186,0.993018928636383
0.0,0.6167747914735862,0.9856783910627852,0.6133481997318612,0.5399317270873389,0.0,0.8457374830852501,0.6339014193142679,0.86873503670035,0.3761015385639472,0.5021791785519819,0.9606444107589802
0.0,0.6879827000308925,0.9817875936744656,0.6238392062051447,0.5592937018543874,0.4980319940093034,0.904600811907984,0.5665908454475332,0.8688481991934284,0.3842011051872184,0.5000526123234235,0.9596855501110444
0.0,0.6634229224590668,0.9735100028285301,0.6048213744774551,0.5826817888919168,0.5201126005397818,0.942105263157894,0.511483721364389,0.8720083331584382,0.4085524655340299,0.4954587276919483,0.9649874854584553
0.0,0.6767068273092368,0.96695612844568,0.6008431408188237,0.5941719253554893,0.4977400088912763,0.8979118329466362,0.5059224068897418,0.8721761381976602,0.4160770562973791,0.49878581052762105,0.9995068307619832
0.0,0.6992585727525484,0.9594074554445441,0.5874577400559844,0.5649167554143928,0.5129142079521831,0.9941812136325858,0.4845074159047696,0.8716952449691046,0.4211351961042942,0.4973419330315912,0.9859175256165831
0.0,0.689218412109978,0.9518153712632844,0.5755260401310155,0.5590865258297839,0.493140455907093,0.9058380414312616,0.4503240006091901,0.8712841350371344,0.4297158391478765,0.4945526599488297,1.0
0.0,0.6748532591906085,0.9462238853228976,0.5724711444769038,0.5933904566138941,0.5295508732336494,0.8657596371882095,0.42957224059071797,0.8710784246795863,0.4414582073458878,0.4930978391639168,0.9817780360255668
1.0,0.6421068890948409,0.9413536248817164,0.5752432599845979,0.5673476957234275,0.5231850147354744,0.8004833106781458,0.4334877597040516,0.8693101916751459,0.4441854519571122,0.4896812689329903,0.9950352777190468
1.0,0.6640407784986098,0.9371112072638409,0.5803630954635992,0.5445271933479761,0.502879173556399,0.9211484283498468,0.4180614987054712,0.8687743030438005,0.4516535946819288,0.4885814023727938,0.9765462455078492
1.0,0.7025023169601484,0.9323557214001998,0.5744157952849929,0.5781206888266935,0.5104498530135149,0.8560776499325072,0.4020948272897432,0.8677820368724097,0.4561024907740915,0.4872754021718458,0.9972653048357604
1.0,0.6632684584491811,0.9285754110495672,0.5777747643335824,0.5836059746312486,0.5274772607948476,0.7991589296242883,0.41005851170971136,0.8649820180052606,0.4479710412668296,0.4879023393225425,0.984671521341656
1.0,0.6524559777571823,0.9284414995045294,0.5963492400675355,0.568029783484317,0.5482119522441965,0.8524361915992409,0.4357820475659424,0.86068824290037,0.4324404446244202,0.4899425499386785,0.95663892566673
1.0,0.635928328699413,0.9267508500909294,0.6101795256628836,0.5467792168782538,0.0,0.8942857142857149,0.4559098791937079,0.8563138393484516,0.4140051797224517,0.4877535988827285,0.9747178614210958
1.0,0.6479765214704971,0.9255448134562136,0.621038664434237,0.5092056897285308,0.5468454870640865,0.9399999999999996,0.4371379864307858,0.8525823449404429,0.4018668290520983,0.486498133704486,0.9896087706415752
1.0,0.5434043867778807,0.9217659008215492,0.616176033525973,0.4570231853787348,0.5325166909377409,0.7300000000000011,0.4542100427906791,0.8484110546893927,0.386643844622394,0.4878674826806054,0.9759985655492746
1.0,0.5607043558850786,0.920481825009812,0.6305538552535059,0.4727745948748066,0.4688469136070095,0.7142857142857143,0.42955258930282136,0.8437887470625999,0.3711734134496004,0.4861697371865194,0.8890862207346433
1.0,0.5699721964782205,0.9169809222703827,0.6329190765109033,0.4812443524941546,0.4913827164616067,0.6121428571428577,0.4285700249080073,0.8416193478706254,0.3677803058656063,0.486250583758633,0.83327925681791
1.0,0.6005560704355883,0.9158891982226388,0.6456713553818979,0.4597711150532073,0.4802421508474504,0.7185714285714287,0.3975455541417546,0.8411592677477139,0.3746906492889596,0.4873841006814388,0.8290271350262131
1.0,0.5424776027185663,0.9133370856762716,0.6578221546981193,0.4561092853775298,0.5295118224282603,0.5400000000000001,0.4135220512014305,0.8427683105013591,0.389389588842974,0.4885821016650253,0.8788486825253162
1.0,0.6050355267222736,0.9121203096829356,0.7122614402557309,0.4687760156320031,0.0,0.7371428571428577,0.3796874462660096,0.8418683794876629,0.3876805970190113,0.4896142833313773,0.8537116412507045
0.0,0.7077540932962619,0.9074185413962328,0.7589536258615122,0.523698402614081,0.4768191402847901,0.9628571428571442,0.4222079204515866,0.8388694683904846,0.3763443078850925,0.4892545975217111,0.8769873119418026
1.0,0.6368551127587272,0.8983605120110894,0.7806892404902188,0.5107815119968566,0.0,0.8668796781686946,0.5268903310750728,0.8351814939617758,0.3605171944584712,0.493728634292148,0.9858262606943424
1.0,0.6662032746370096,0.8947967747373509,0.7830228007724974,0.4899919995662,0.4979161497217599,0.9424977538185084,0.4580027413546614,0.8328045172576625,0.359429900910524,0.4922939745739936,0.9382820008237608
1.0,0.6333024405313561,0.8885406952020181,0.7804167648680325,0.5109755357574746,0.5420109790242221,0.7825696316262354,0.4540086170897427,0.8317296683705023,0.3659584792029905,0.4918832794208289,0.9585556725092677
1.0,0.6438059932035836,0.8843336684447642,0.7914334699669285,0.5219175883662469,0.5624265370022805,0.6828391734052113,0.4568138384369364,0.8304642758352537,0.3736044803295616,0.4922128413409267,0.9264289963846049
1.0,0.6197096076614148,0.8809756005055285,0.8041472280601112,0.4993222562785137,0.6037565649951087,0.5318385650224219,0.4576932335702954,0.8271795349152871,0.3683357951451155,0.4922689435326801,0.9321953228685188
1.0,0.6141489033055297,0.8784884102904957,0.8121815553442244,0.4905742137459888,0.5484147972665908,0.5721973094170411,0.4629597787264982,0.8229760817689175,0.35202045829376283,0.4929063601376166,0.872234680334996
1.0,0.6567809700339818,0.8749606453977394,0.8207047083697857,0.5321831368856832,0.5302744673589157,0.5647291238021854,0.5080545716264878,0.8186378740979242,0.3374704218898886,0.4929281193953516,0.8776165850533156
1.0,0.6685202347852949,0.8704967598588436,0.8261354981423727,0.5428624619371899,0.5206571156212209,0.6039495035617037,0.5061434838785747,0.8142979181921043,0.3176686869847967,0.49282963971108,0.8639970710722619
1.0,0.632221192462156,0.8685245896310472,0.8477197295788308,0.5117872014147361,0.5528508293333989,0.4462759462759461,0.5324074301519532,0.8100005040494699,0.3006748325693719,0.4951208131984407,0.8460299299803211
1.0,0.6282051282051281,0.8689823516733148,0.868516998176827,0.5043535349466436,0.5635025937943604,0.5244200244200243,0.5293762189939525,0.8092091718486106,0.2990054933802868,0.4952929053417315,0.7620337741979775
1.0,0.7014210688909482,0.8684954265448519,0.8912464338973233,0.530519383637618,0.5830206484575841,0.6129426129426129,0.4490122771421129,0.8115082426393202,0.3175614059716733,0.488136835360738,0.7633060271841103
1.0,0.7380290392338584,0.8660681511050727,0.9163257964878464,0.5253232355071821,0.561808969138496,0.7421281216069491,0.4340183444772512,0.8134435154382093,0.33348110954720755,0.4867376130839844,0.7996613427303098
1.0,0.7077540932962619,0.8631343713937154,0.9416454865301396,0.5291252387124734,0.0,0.7345276872964169,0.5102407774049492,0.8151422768397353,0.3518603225130448,0.4891976398355828,0.8435586472015011
0.0,0.7681495211615692,0.8611186153804558,0.9729859870457838,0.5792042499430625,0.5503954606017534,0.9424538545059716,0.4357967860318642,0.8173869272394364,0.3745465492438905,0.4829128014551648,0.8496819367534663
0.0,0.7329317269076304,0.8518003311888751,0.9699901192287133,0.58670521340858,0.5387265080182138,0.9419816895694052,0.3903384443057937,0.8223496950428019,0.4117809321282081,0.479232881549156,0.8641984348542402
0.0,0.755483472350942,0.8433289262110141,0.9791009070361152,0.6074293824843223,0.5509549145665728,0.8226169686064904,0.3627971643191569,0.8236403688575223,0.4279266821214307,0.4808512265819585,0.8386160816438609
0.0,0.7483781278962001,0.8359047567839568,0.9839021329501376,0.6026319595182131,0.5503219394732919,0.7957254202928946,0.3787147075151439,0.8240053826329853,0.43889280524874,0.4783485420616788,0.8436867877900327
0.0,0.7522397281433425,0.827981366089912,1.0,0.6063605537318881,0.5381460535389845,0.8833894751047149,0.3671106220123903,0.8243392184993831,0.4454508775342063,0.4773980763310982,0.8739645782801704
0.0,0.7988878591288229,0.8100962355990298,0.9636704468144884,0.6420413597556217,0.4179648785123821,0.9529566360052564,0.3606699124043841,0.8232504453674431,0.4429074326787089,0.4768814540264836,0.8879044437325522
1.0,1.0,0.7920947264513849,0.9252191746718016,0.7559327634599309,0.0,0.947679324894515,0.3934924760131464,0.8217145670854676,0.4314417969872753,0.479408320606241,0.8627705825820327
1.0,0.9992276799505712,0.7782428709140942,0.8805008956903142,0.7477474359306153,0.2784626807392492,0.9880073800738008,0.34620656451272186,0.8208673169839732,0.4294653184751066,0.479574924217506,0.8079172577914058
1.0,0.9340438677788072,0.7701587335916591,0.8653852128221686,0.7056972339739741,0.3936012850582627,0.952644526445264,0.3307360881163747,0.8214456684281203,0.4364926705737455,0.4783689235563176,0.8350006864674381
1.0,0.9592215013901759,0.7615760756259522,0.8563061708335047,0.6745398604670609,0.4335889218588372,0.9996809189534144,0.3376729927437621,0.8206673981109266,0.440472271164826,0.4789002839317435,0.8181227403780147
1.0,0.9586036453506332,0.7503494272044844,0.8353954417566127,0.6769415168626901,0.0,0.9538262835001612,0.3524802381736092,0.8184452406776659,0.43407531377556696,0.4762980226996654,0.819651274541211
1.0,0.9454742045103491,0.7401331067437402,0.8272480892580205,0.7051646587759203,0.4463585834243176,0.9496286729092671,0.3528044844238977,0.8166811374360526,0.4305453720824126,0.4763358674767772,0.8075145302274493
1.0,0.9680259499536606,0.7302128417493954,0.8131107895936187,0.6780965331418233,0.443671293548171,0.975783015821763,0.3529911716589124,0.8138219163003707,0.4228014373964904,0.4763579473503994,0.8003386572696898
1.0,0.9114921223354956,0.717586987811895,0.7997480673532646,0.6986719222352069,0.4539031310939892,0.9711399711399712,0.3974669489901692,0.8115764950597172,0.4150387557121191,0.4760283381592553,0.8050249416502673
1.0,0.9012974976830396,0.7070558737335895,0.7919101527678745,0.6959386171642737,0.4522640314888065,0.9274891774891773,0.3485450677723793,0.8088242380143714,0.4058793838018343,0.4760882746847229,0.7287721385748938
1.0,0.9101019462465244,0.6962364911752479,0.7868475820578773,0.701118271987222,0.0,0.8928571428571429,0.3625220462886087,0.8076939794709582,0.4018583556989249,0.4771626351700967,0.7266029014690405
1.0,0.9460920605498916,0.6863819643868552,0.7757660876344497,0.6912017738275713,0.5283421703611046,0.9484126984126982,0.3655434318026619,0.8067034942462276,0.4058917946505435,0.4774090740312862,0.7164614891766969
1.0,0.8688600556070434,0.6732686361480826,0.74733592786559,0.6769769363782706,0.5174859901724026,0.9056553120661488,0.3916649062387926,0.8066808723206421,0.40992661361434135,0.4793585456799765,0.7869296599697955
1.0,0.8924930491195551,0.661352340516177,0.7079221321311768,0.6890332115468272,0.5145771996020398,0.877412031782066,0.3547155721718112,0.8062277262756766,0.4128726905830923,0.4802845967290337,0.7335133403505565
1.0,0.9803830707445162,0.6497021133160261,0.678925131212347,0.7043285247044393,0.5611967829248372,0.9510175922731976,0.3564350598627357,0.8048805051282998,0.4073175059906176,0.4804437704361034,0.7123243787469681
1.0,0.928637627432808,0.6346162468606986,0.6470862199543,0.6756968444665976,0.0,0.9509322865554464,0.35020068877764066,0.8027264383881053,0.4065351617604696,0.48000482737615,0.6722529861333578
1.0,0.9691071980228604,0.6201322115260384,0.6299744391628694,0.653658466533466,0.5759507752188611,0.9818652849740932,0.3404634756250336,0.8002681271862474,0.4058004956536421,0.4792821696660241,0.6294448766646833
1.0,0.9280197713932652,0.6011463153271694,0.5954541425493345,0.6414125372346217,0.5336409867434834,0.8688471502590674,0.3444772511778489,0.7970790583291737,0.4031164110327419,0.4796408146183354,0.592650221957805
1.0,0.9281742354031508,0.5854001214706586,0.5670656261878289,0.6415275328659967,0.7345795440608742,0.8678756476683938,0.32485544021341284,0.7951824417575138,0.4032293787751856,0.4781208881475724,0.4874467987735114
1.0,0.9295644114921222,0.5655301104037491,0.5248174702683968,0.6384038293770029,0.8064576231068733,0.9842122942559626,0.3330795041980064,0.7946009269404705,0.3964820985578917,0.478766355927384,0.5328909432062605
1.0,0.9548965091133764,0.5439303827025606,0.4751179552491612,0.6572154503896758,0.6568961942816839,0.9431736954967832,0.3568428240865837,0.7951394054038771,0.39084068180916864,0.4806947167721231,0.5779598187725964
1.0,0.6652764905776951,0.5246990463530954,0.4338958605354389,0.5274560532510478,0.5235626515112327,0.6944771252815221,0.31580602213717585,0.7953751226471767,0.3809663984573809,0.4773929424570876,0.4914100041188048
1.0,0.6487488415199257,0.5263990318664227,0.4444511286397024,0.5056581098547592,0.0,0.7549833607852371,0.24562636023758394,0.7960552436733322,0.3842373172448119,0.4751895300488125,0.3841563315180083
1.0,0.6692925548347233,0.5281135832590764,0.44995226877968375,0.5254003555011889,0.5933146481383694,0.9613768530034624,0.24321907747028956,0.7977717371418577,0.3956322133102009,0.4749925607570071,0.38701203606242257
1.0,0.5875810936051897,0.524432073012665,0.4357085723326687,0.4971830836635802,0.4640501020053726,0.964444444444444,0.28024701668885604,0.798935055330784,0.4029552629788888,0.4781037834808141,0.4755663356368128
1.0,0.5922150139017606,0.5221970747626403,0.445380903256328,0.5015561735596704,0.0,0.8481464200243827,0.2404678971648103,0.7999421942582979,0.4110124787838095,0.4747046865030202,0.3994508260491511
1.0,0.5780043249922767,0.5194172595666522,0.4557469978515943,0.488412730967411,0.4744521741177208,0.9023314619425332,0.2181636854025321,0.7998852837797391,0.4138499831591146,0.4764969666809279,0.3719555169099813
1.0,0.5631757800432499,0.5174668818771913,0.4727255052618493,0.5268087134833914,0.0,0.8845553822152884,0.2463583707117205,0.7990353550526285,0.4127668426187021,0.475184147064797,0.3822159168916756
1.0,0.5469570590052516,0.5139550750178403,0.4598104995775434,0.5133640206309144,0.4596588242558353,0.912636505460218,0.2494927511311773,0.7979343082672145,0.412778627470704,0.4754100911321942,0.34431376138391856
1.0,0.5756873648439914,0.509521952990404,0.4408777698376699,0.5350841455027213,0.4486756488079932,0.8814229249011858,0.27313325047040243,0.7976451194547746,0.4164245843026765,0.477460781309844,0.3931902430094731
1.0,0.5597775718257646,0.5040733949100471,0.4152499797804415,0.5235653098297753,0.4771196777320757,0.7604743083003953,0.27644449248092584,0.798487953280186,0.4315732807494129,0.4777409882004089,0.3891538144707336
1.0,0.5537534754402222,0.5019235107853905,0.4089241741386972,0.5190261491220466,0.4791189601275137,0.6980237154150193,0.25492633223449884,0.7987585342109488,0.4379091387181415,0.4795893574385321,0.3653745823989748
1.0,0.5526722273710224,0.5016923145506949,0.4179059897512417,0.5179608565400304,0.5134776558314136,0.8332015810276681,0.23238630501746504,0.7992806273460765,0.4479273288371477,0.4775539142083596,0.3010937714521074
1.0,0.4817732468334877,0.5013978903575886,0.4255718477086879,0.5122419018900177,0.4772646455606692,0.6505928853754941,0.2251398926057116,0.7990167007026484,0.4440059819823709,0.4768987293088609,0.2845270239348314
1.0,0.3704046957059005,0.5017587628260995,0.4282367180360317,0.4687158944969261,0.5298443375231983,0.2864651773981603,0.21472471002068305,0.7989451226005572,0.44267699936051785,0.4758860395891034,0.2347260994920143
1.0,0.4541241890639479,0.5051626800132811,0.4356631100103754,0.4859378326696733,0.5146100623118236,0.478070175438596,0.1445204840112209,0.7990479403335337,0.4381246187287471,0.4690183197527474,0.08755663356368157
1.0,0.4479456286685201,0.5032491939767822,0.4338567964015979,0.4783259240929745,0.4909175805501104,0.3728070175438597,0.2349016698681891,0.801727582356277,0.4592127760905325,0.4736030617679782,0.2530685094503686
1.0,0.4352795798578931,0.5029517646523987,0.4506505571096081,0.464771854222275,0.4874710328436501,0.3208020050125315,0.18915838446762206,0.8046997622492209,0.4825920182247442,0.47320450293411104,0.232364651503364
1.0,0.4701884460920604,0.5044308431751332,0.470222528235376,0.4987634889402549,0.5075050124757232,0.3182957393483707,0.1655915774580076,0.8073771943133393,0.5018072436467715,0.4747681368848061,0.21237471969246274
1.0,0.4825455668829161,0.5050230268283279,0.4761691690826868,0.508592954538055,1.0,0.37593984962406,0.17742656559354258,0.8116731504607012,0.5179151684793136,0.4721271944076815,0.2126767653654296
1.0,0.41767068273092345,0.5056003004724734,0.5013423365002179,0.42843661542195977,0.6392388706141423,0.003132832080200322,0.08775282610084051,0.8151962097138078,0.5280261130908325,0.4681592658787941,0.18075145302274492
1.0,0.4640098856966327,0.5119157024744974,0.5253699641539779,0.4241347037230585,0.3828522532046151,0.024964336661912143,0.0,0.8201376421889496,0.5478149204580843,0.4589856544876641,0.0013327328376182429
1.0,0.5225517454433115,0.518881416387251,0.5636941578633512,0.4366202595390785,0.4756221155601718,0.12425149700598873,0.02110057037863133,0.8223139521149451,0.5538848319669357,0.4612184974223598,0.01263186845569036
1.0,0.499382143960457,0.5256709466279765,0.5796767335839729,0.4157557426654667,0.4937232152810676,0.15089514066496126,0.07319613459167068,0.8246421373972689,0.5645717591672643,0.4623483356610841,0.0489676914200937
0.0,0.5208526413345689,0.5313847235379671,0.6047742585331788,0.43604584531722695,0.4947147965160061,0.4927536231884057,0.09306849947678447,0.8253015807484262,0.5666736962204825,0.4642329222883833,0.025418826618016668
0.0,0.5205437133147975,0.5294712271624129,0.5974270506650052,0.4352294763246145,0.4977667035367056,0.3179880647911341,0.1657193108293333,0.8260509755876743,0.5687644187390577,0.4671727428980582,0.12675894681266214
0.0,0.6187828236021004,0.5282007354814078,0.5822359464833742,0.4800285627897072,0.4940727154539652,0.4756801319043686,0.1573675134734141,0.8263129183875674,0.5739383393319314,0.4663276438441274,0.09299175906158892
0.0,0.6271238801359281,0.5249525551755074,0.5740969281896705,0.4352369053361537,0.4721804614585864,0.514835605453087,0.19790320758146698,0.8258562191061206,0.5738394525735608,0.4700690076331007,0.18894474668870406
0.0,0.6679023787457522,0.525199026658844,0.5882557228618668,0.419150630008258,0.5106371028505879,0.6279069767441864,0.27489695355909394,0.8258515651603314,0.5789710984839034,0.4734029800860774,0.2839680462778049
0.0,0.5795489650911335,0.5242018584806252,0.6101837632991473,0.3899328243861154,0.5279972632200747,0.4555984555984549,0.26796987457565485,0.8255301495623516,0.5785790736097048,0.4727790124295091,0.2950095264329823
0.0,0.5557615075687362,0.5260195841465383,0.6305822257397135,0.4200207146671912,0.5480246773059751,0.41698841698841627,0.24239863620062002,0.8265468932719237,0.5891413545539804,0.4741112239360062,0.2352799393981133
0.0,0.5739882607352487,0.5274035169787701,0.6418991627805707,0.43543017647293214,0.5415290820980317,0.386100386100386,0.2361888292253952,0.8270807627492834,0.5945911460032505,0.4735214347472867,0.2144709960287401
0.0,0.5888168056842755,0.5278656177098597,0.6424626795018931,0.44880454136258296,0.5316669152362556,0.5235521235521235,0.2195392755552716,0.828809385320718,0.6074749739843031,0.4719187970986953,0.16465808139935267
0.0,0.6481309854803831,0.5277109846166674,0.6442314794403166,0.4505141986039197,0.0,0.6996138996138996,0.2591267950223289,0.8303185256086708,0.6137274282457107,0.4756109486980394,0.3228198241627071
0.0,0.6887550200803212,0.5252437416090407,0.6381670328748669,0.4956466956450104,0.5476869791253751,0.9575289575289568,0.26859871578833594,0.8317707814381153,0.6215781915148652,0.4764707539186663,0.31756306957739394
0.0,0.6258881680568428,0.5187427047832611,0.621296128908562,0.4867137274651383,0.5043273031033763,0.9990253411306051,0.34698770320659905,0.8315287926192646,0.6131891451731274,0.4835541420381924,0.5106397631017152
0.0,0.6311399443929563,0.5122849949190158,0.6042207241969136,0.4921570409726732,0.4816177984908392,0.9125127161749746,0.3216031520665785,0.8304484266892891,0.6041180784129793,0.4812732000889814,0.4181989302848749
0.0,0.6822675316651219,0.503774169062426,0.5855455938706884,0.5326346220174006,0.5212824339249194,0.9933481152993344,0.3096846459574845,0.8294225458006145,0.594141254819848,0.4801839795588331,0.3456603080595921
1.0,0.7038924930491195,0.495308889244733,0.5680261810077893,0.5515452879420573,0.483291548351021,0.8171611868484362,0.3302890213167346,0.8296974224905523,0.5971471495480375,0.4784216064741752,0.3923627849321675
0.0,0.6991041087426628,0.4902551648950597,0.5586764988543487,0.5451752298306506,0.5419761574261055,0.8485273492286118,0.2646979351409242,0.8300024856629075,0.6023764647904214,0.4758756889760157,0.270344099350366
1.0,0.6624961383997527,0.4814936038521111,0.5344783171719876,0.5664716286729415,0.5414309019306767,0.7258064516129036,0.280802165571926,0.8306933364115799,0.6095319815578062,0.4737045216327101,0.2725248490691642
1.0,0.8107815878900213,0.476966522371106,0.5313502145287978,0.6653181108661986,0.48547290704727003,0.7057340894770006,0.24338120059543406,0.8299908541875697,0.6081966506248856,0.4700330318059245,0.1850653077152632
1.0,0.6936978683966636,0.4711909071361375,0.5155526113971721,0.6130103784416132,0.5565208917240279,0.7103971441320841,0.27115338321485233,0.8299796495146873,0.6100774957494486,0.4690294375760004,0.20115694511397306
1.0,0.7420451034908866,0.4726404617287592,0.5303293753307126,0.6490391934388938,0.5593357512174215,0.8549754573850961,0.2511238080265684,0.8304317730231744,0.6149580078039423,0.4670317285748238,0.14428528797373918
1.0,0.7950262588816805,0.4683925164438962,0.521347602264008,0.6431427699263598,0.5732978838561903,0.9718875502008032,0.2518705569666271,0.8316249643455506,0.624380070413209,0.4671335170398196,0.17618162201868556
1.0,0.735712079085573,0.4613632067253321,0.5143672426891812,0.6474883918176135,0.4895084796590866,0.9984833164812942,0.3324162732315069,0.8327883524594163,0.6360827362498431,0.4712219782047704,0.3490002984183826
1.0,0.6348470806302131,0.4570008756023144,0.5158652117872543,0.6319625482041993,0.5172626829696094,0.7731481481481483,0.3437796304575312,0.8323261668077554,0.6376630646469871,0.4686191784019961,0.3678465670408376
1.0,0.6132221192462155,0.4550698416300129,0.5207957921615202,0.6624522023469921,0.5158607419203017,0.7613168724279835,0.3017307871814649,0.8318760801380121,0.6365266536639035,0.4645027227565596,0.23383375800564696
1.0,0.6459684893419829,0.4527973255479725,0.5182377639467616,0.6818422580583289,0.5330944705744955,0.6980452674897115,0.30960604080589943,0.8316726313466737,0.6321871296809844,0.461578870551326,0.2406170373941192
1.0,0.6881371640407783,0.4496458169901272,0.5086887769510868,0.7105555504073591,0.6088955384140171,0.868312757201646,0.3012738947378765,0.8322055156165339,0.6395679057390987,0.4607541042754956,0.20625301287790124
1.0,0.7371022551745443,0.4446064684667907,0.4998223419398771,0.6964470726121614,0.4990736773889422,0.9218106995884776,0.3662803550987722,0.8328107237175363,0.6489234016388534,0.4672014061499866,0.3660675343755021
1.0,0.7051282051282048,0.43884110538344784,0.4923579513093944,0.7216543331074007,0.6134203995069921,0.8405349794238678,0.4126623073559682,0.8326174847032818,0.6543286212277091,0.4681008703250539,0.4613089089364827
0.0,0.6688291628050662,0.4352120099961742,0.4911903594128175,0.6926417135318479,0.5669572019689018,0.9088983050847458,0.4330750826582296,0.8320144946032503,0.6521432820053497,0.4664245750327845,0.473532584991851
1.0,0.6475131294408402,0.4305478761923009,0.4839018905195937,0.6827527949369959,0.6292110294975355,0.8262711864406779,0.3956786817916079,0.8314224655184982,0.6560913751407671,0.462851311418095,0.3861074765282464
1.0,0.6518381217176394,0.4275337886063285,0.4803119452477958,0.6853221894122156,0.0,0.8638771186440674,0.37386083940476256,0.8314384935502751,0.6640086525205798,0.4607337279016965,0.3253563804145722
1.0,0.6144578313253011,0.42325496434658505,0.4721725760193928,0.6584060106667003,0.6354005591768461,0.9655720338983048,0.3871500228446221,0.8314263947884325,0.6690732659837266,0.4583786674418077,0.3417234809356564
0.0,0.5912882298424466,0.41562201846589625,0.4533693074609427,0.6465257567781719,0.6465904100007642,0.9491428571428572,0.41231840981778334,0.8311872464570479,0.6730798780294498,0.4572339805382132,0.3888506301218923
1.0,0.5698177324683348,0.4066684972912932,0.42853511026386615,0.6346309420611896,0.6481446194356443,0.8726198292843074,0.365494303582921,0.8306742291605697,0.6661346028371229,0.4525865217895476,0.2592681863048921
1.0,0.5162187210379979,0.40052972585654506,0.4134154245379856,0.5980437389188896,0.5993523979211117,0.6296782665791198,0.3342634942937572,0.8307060088057557,0.6628143400645923,0.4493722073991333,0.16352179601955816
1.0,0.5196169292554833,0.3988258628087124,0.409152905204722,0.6006103779594834,0.6212173320159132,0.6579120157583718,0.2975794526133755,0.8312542442896081,0.6568379067379333,0.4454429172581639,0.07665909143080131
1.0,0.5333642261353103,0.3958387908371621,0.4006164413551668,0.5611661291068925,1.0,0.6986211424819441,0.32591169693783817,0.8321744223657753,0.6623979485457232,0.444815373275825,0.0998024543549837
1.0,0.3978992894655545,0.3913105492588564,0.3885621039022949,0.3976555141464556,0.3618566667982584,0.018384766907419654,0.3822912419122666,0.8322310982768634,0.6656008019040246,0.447185073062728,0.2216749357403308
1.0,0.5015446400988568,0.3989872132520475,0.4175700307868543,0.4566713653560579,0.5175321379052387,0.22052586938083088,0.3409400193565185,0.831890691074724,0.6688758037150165,0.4427929930275567,0.10664829566506076
1.0,0.4757491504479455,0.401387258808055,0.4335485028538797,0.4293303140737595,0.5573747675859079,0.15060804490177734,0.45003905693469387,0.8309999833297276,0.6654798723161846,0.4509825815329898,0.3766361402725041
1.0,0.4695705900525175,0.4047459950980056,0.4511292102705148,0.4198746275464312,0.5343117057819524,0.07483629560336738,0.4784646448766634,0.8301137917007443,0.6626865798164486,0.4542053122123085,0.3841343674920189
1.0,0.49382143960457203,0.4077254840319682,0.4620226442434457,0.44678439652887375,0.5705393902030461,0.2441534144059869,0.4680985905113755,0.8304458033972809,0.6654753473102528,0.4531509518921363,0.38315297797692016
1.0,0.5421686746987949,0.40923357778172936,0.4718259648683116,0.4589392367409492,0.5542545434308093,0.4134705332086064,0.4555414175456524,0.8316525515632996,0.6764579676157169,0.4514858278641203,0.4220641457631346
1.0,0.5614766759345072,0.4081676712840784,0.4732149111220024,0.43453649300313296,0.5112582804575735,0.5229186155285318,0.5116605829554554,0.8331778291159583,0.6914522119781914,0.4539123935728594,0.5193227671700156
1.0,0.5228606734630831,0.4068177491874869,0.4767683497497637,0.37953022791282137,0.4777199188859948,0.2095416276894303,0.5041783550889466,0.8341653465252828,0.7010026364227163,0.4529695491850792,0.5222763010108572
1.0,0.5186901451961694,0.4089367569055173,0.4857986772613306,0.3740533995881086,1.0,0.2637979420018717,0.4235785977823521,0.8354613683644995,0.7112163452660313,0.4480288311611716,0.3953887432921504
1.0,0.4893419833178867,0.41057655981892455,0.4923307603803595,0.3237464518678833,0.4825637849099063,0.06454630495790438,0.4468408098295741,0.8362112323621831,0.7156530970186332,0.4468875879706666,0.4392965597570613
0.0,0.5159097930182267,0.4145643755297821,0.5025956835216939,0.31881508330318953,0.5739830857596706,0.007306889352819144,0.4198202889721884,0.8354025042921586,0.7168241144285982,0.4441394208432072,0.3502121552477224
0.0,0.5594686438059933,0.4186279611049885,0.5153063657225709,0.3881490206449343,0.5750928219782132,0.3347324239244503,0.4500980107983826,0.8349455176501007,0.7204120186059773,0.44385341901569203,0.3832210158492447
0.0,0.5492740191535371,0.4203128942014439,0.5198064921582651,0.42057054728492543,0.617909065596156,0.31584470094438666,0.5292190086907821,0.8350060557091928,0.7271634238219865,0.4489660459210631,0.5497004867090979
0.0,0.551899907321594,0.4226363322674905,0.5286481329447199,0.4254731337845168,0.7128886055768321,0.3609653725078711,0.5364261185267428,0.8347403242680648,0.7300744945105558,0.44977919534610733,0.5661113191064521
0.0,0.6059623107815876,0.42481051043984336,0.5358502667693972,0.5508106022576853,0.0,0.8163693599160546,0.5721472471002067,0.8333473278386568,0.7270792995271532,0.4500718873346996,0.620699696326802
0.0,0.5923694779116466,0.4221792931601542,0.5371719778889419,0.5636543511607272,0.7276641663317521,0.8037775445960136,0.6298286898977641,0.8322829278677287,0.7286070705694452,0.4528829390865109,0.6851678522401093
0.0,0.5627123880135926,0.4185669488751705,0.5369262822559151,0.5064124180363334,0.547142102946634,0.8426470588235287,0.6594284422915369,0.8310489788569663,0.7330510991858749,0.4559083935686216,0.7827173179405044
0.0,0.5739882607352484,0.41611218203619776,0.5384298780136327,0.53073270608445,0.46381156607812,0.8184523809523793,0.6590992832192739,0.8304756412158801,0.7376211555496627,0.45604524584598,0.7646146252027363
0.0,0.5866543095458757,0.4141050437448245,0.5432772623854073,0.5072895582573019,0.5869553884600935,0.9180064308681666,0.6700057480017095,0.8301891913318368,0.7426128947796172,0.4534900024822166,0.7794780652870241
0.0,0.5664195242508494,0.4114302931418852,0.5402583216981935,0.5078234764194652,0.543586322245541,0.9837251356238716,0.6512928091024763,0.8300150423975364,0.7459063899836431,0.4509365620183439,0.7837364940341439
0.0,0.5614766759345072,0.4084291720494633,0.5330612859357475,0.4987118310666239,0.5205211267979076,0.7103452093212052,0.6452598637183182,0.8293773472333331,0.7520820396907055,0.4504481990039925,0.7627793869057621
1.0,0.5738337967253629,0.40561518772081,0.5184719163615414,0.5241100766948974,0.6444000246269991,0.5350652226055829,0.6518872605613389,0.8270844792288546,0.7502186584104489,0.4513848041995885,0.7443924910289745
0.0,0.6237256719184427,0.4038571106279447,0.507514250354683,0.5893675406496515,0.6501998487975693,0.8719874046263769,0.6848277318974789,0.8248258060109067,0.7502728967633586,0.4513564594413224,0.7684537458999735
0.0,0.6271238801359283,0.4006218199800769,0.5125924211507537,0.5954590161583992,0.6486080176609212,0.8318835070688163,0.7011383008513921,0.8229923914715697,0.7444725691475337,0.4493944432938221,0.8015419760137066
1.0,0.6337658325610132,0.39796980720728703,0.5228700844798898,0.5602671185028276,0.548047946792393,0.9203007518796992,0.6986966283302791,0.8220688933725141,0.7423926461279964,0.4492341337409209,0.7912805585748235
1.0,0.6218721037998146,0.3944805549751737,0.5324035069924612,0.5429702050014,0.4989082596148604,0.7612903225806459,0.7047787019341782,0.821421345293062,0.7380917585215304,0.4498898348481637,0.805042279987473
1.0,0.6407167130058693,0.3921892667626223,0.5289610957340243,0.5737209190738105,0.5339277212924511,0.7681681681681674,0.6760927344275824,0.8209351374835744,0.7392894071323248,0.4509272178503054,0.7541681251266555
1.0,0.6291319122644423,0.3897160273077371,0.5227382461866441,0.557007809322121,0.5327876975193254,0.7169042769857431,0.6744076364904762,0.8194575858601573,0.7326311717714961,0.450675777549527,0.7552734842762657
1.0,0.6485943775100399,0.3886593281256415,0.5233911111493574,0.5617438641859936,0.5725308491960471,0.8034623217922597,0.6858446860461118,0.8180067851840979,0.7346724323311381,0.4523763198615196,0.7247103037895399
1.0,0.6450417052826691,0.3868039885102676,0.523245198167005,0.5747761688146542,0.5875867126123872,0.7800407331975562,0.7137102122830374,0.8164078689244242,0.7362695979844923,0.4555124039700471,0.7882424318127067
1.0,0.6175471115230151,0.3854457995768533,0.5280810382928435,0.5654890390063825,0.5673525489189473,0.6570006273144867,0.712344447774246,0.8173974277522168,0.7560276948151105,0.4554625601641902,0.7796325871467958
1.0,0.6153846153846151,0.38513652676377536,0.5350654168331971,0.5556713595425599,0.5709646745487693,0.6924135418985361,0.6434126426560677,0.8179526269853415,0.7651698393141629,0.4508581243797043,0.7299006968174798
1.0,0.6303676243435279,0.3852807790558496,0.5441552801738085,0.5392938295432255,0.571502684196527,0.7409798247566625,0.6671513984347748,0.818826763367475,0.7782656284620805,0.449779097499933,0.7566402869353412
1.0,0.5993203583565028,0.3844641644362344,0.5508409083220631,0.4328953203418678,0.5918569050486113,0.7672865613048142,0.6727078000874481,0.8166566104109972,0.7720072118724725,0.4466043695535093,0.7653125864330259
1.0,0.6122953351869014,0.3837668569937645,0.5552680332135338,0.4240291428034018,0.0,0.8522775563065348,0.6955917248426667,0.8142126296146052,0.7686272111974437,0.4494663609167723,0.7499486978167573
0.0,0.6238801359283286,0.3806633952423829,0.5541501697556797,0.4609260849814184,0.5174231310444969,0.9291741708318998,0.7183724803364301,0.8136687431832025,0.7714031494012926,0.4482867598655946,0.7675492610837439
0.0,0.6286685202347853,0.3757778508318788,0.5446129808466895,0.4688701417284492,0.6435396917125712,0.980755661043044,0.7016639728026173,0.8143395713411558,0.7833493732679059,0.4451857615706532,0.8196516537649541
0.0,0.6331479765214703,0.3703422834695119,0.5401908236918286,0.4780256870386881,0.6291465757529615,0.8895314835271949,0.7292985964067622,0.8156534848147258,0.7971756602377739,0.4482400609823624,0.8701090781140044
1.0,0.6260426320667283,0.36519600586233053,0.5379709054910621,0.4674849374340072,0.7003913341010997,0.8234669785777723,0.7368889063567003,0.8142908948602979,0.8020195569397587,0.4489444609617424,0.8925404644616469
0.0,0.6510658016682113,0.3613411928631932,0.5384351587639788,0.4717883312092698,0.6897702885954301,0.9361015443931824,0.7484045610639205,0.8127836148283129,0.807410615885722,0.4503575316018583,0.8847202674173116
0.0,0.6170837194933579,0.35627518175201073,0.5362555027455743,0.4532010124814073,0.6654466728477655,0.9132955136621492,0.7677365155318867,0.8111910073457985,0.8173074506890144,0.4486743756660557,0.917690007037298
1.0,0.577232004942848,0.3529621859396713,0.5350533977724009,0.4238422189744727,0.5354685336848873,0.950958839246456,0.7575571484016133,0.8105731309965917,0.8308747801130391,0.4514633558599146,0.9041959887403236
1.0,0.5396972505406241,0.3511225043901557,0.5416380138763358,0.38897529348299736,0.4715165271143061,0.9675430055176888,0.7403180560946011,0.8097620554332253,0.8423921946636425,0.4531521204623098,0.8940358902181562
1.0,0.5205437133147975,0.3471881501701357,0.5289958579388718,0.3950956476002784,0.5655793075876878,0.7270899166906061,0.7272057342458081,0.8091912020650046,0.8463311292306946,0.4521164257007679,0.8583743842364533
1.0,0.6183194315724435,0.3433137008581329,0.5165374655181921,0.5951931349936717,0.6664156318101024,0.5093720569918272,0.6886400817493576,0.8083744389542961,0.8442654336323324,0.4519899566277074,0.8029644616467279
1.0,0.6133765832561013,0.3385697872838716,0.4940093021795694,0.5890765495513738,0.6049916424505283,0.6162436548223352,0.6840858957793947,0.8089592258088231,0.8523804080194325,0.4552550331785995,0.7993314567206194
1.0,0.5835650293481618,0.33730603786960583,0.4901060747233211,0.5911713472633022,0.5872523961924305,0.4842639593908637,0.6523490658269016,0.8092160797263915,0.8681767066803713,0.4550849986644899,0.7835151301900067
1.0,0.5851096694470186,0.3378200969393313,0.487886580163959,0.5936913342594512,0.614312060944419,0.4741116751269033,0.6339112449582165,0.8098406648254136,0.8939392663442302,0.4533367998454878,0.7491115411681915
1.0,0.5713623725671916,0.33816186044320024,0.487811414373937,0.6212524062542701,0.5969995793362637,0.4324873096446702,0.6230342571076251,0.8096198836171152,0.9010877794088278,0.4556973965144484,0.7472290640394086
1.0,0.5699721964782205,0.3389196466904291,0.4877186209578682,0.640625359812708,0.6272229354844954,0.4324873096446702,0.6258050887010005,0.8098791934458135,0.8915561193777216,0.45222514088121,0.7501935256861362
1.0,0.5860364535063328,0.3392753988630974,0.4868880304571289,0.6196900087427002,0.6478786109070945,0.4883248730964465,0.6070282831161048,0.8097102697444548,0.8797438823663551,0.4537982096457594,0.7360045742434909
1.0,0.6017917825146739,0.33910292117114765,0.4835708506504732,0.598431771014654,0.6370397173389194,0.5380710659898484,0.6333364447872505,0.8090891971423463,0.8736134241901269,0.4529696882143196,0.7823715693173825
1.0,0.5900525177633611,0.3386622914354352,0.4850665540409029,0.6279221995935327,0.7664571658199809,0.4883248730964465,0.6451124790590962,0.8075760569479297,0.8782919047322569,0.4543527381255668,0.778764954257565
0.0,0.6215631757800433,0.3386004765005949,0.4878791418587835,0.7010189244264068,0.8257434447315606,0.7187817258883256,0.6573797955283491,0.8061648250926355,0.8802220137192162,0.4519505822921326,0.7883180858550314
0.0,0.6353104726598703,0.3367792014575954,0.4897023727993632,0.6967021808484614,0.7792184178435599,0.7187817258883256,0.6850389832423643,0.8045186527558673,0.8798802552636581,0.4550006828884278,0.8418103448275863
0.0,0.6067346308310162,0.3338622919878331,0.4849886175966137,0.625025388468199,0.7707524040569771,0.7197969543147206,0.7243071692811067,0.8031158431389992,0.8805945850178717,0.4556471080945249,0.87905524278677
0.0,0.620636391720729,0.33117382544668145,0.4797470286613129,0.6436306036016208,0.7482289080260265,0.6873096446700512,0.7187704189163295,0.8004911265580549,0.8715762922042795,0.4587505003057434,0.8765130190007037
0.0,0.6071980228606734,0.32709047236823513,0.46624421198331,0.6276070952248801,0.7365803116949817,0.560406091370559,0.7379107733273067,0.7981208222655057,0.8663990903787603,0.4610725025655752,0.8676020408163264
0.0,0.6166203274637009,0.3236041743566613,0.4524695482325238,0.6403573052182295,0.780653919912367,0.5451776649746193,0.7376749578725513,0.7949528446981329,0.8547560550320726,0.4613441038685964,0.845197044334975
0.0,0.6410256410256409,0.32063077389970857,0.44446981484585735,0.6710014319728396,0.8059832790868413,0.5478105451295797,0.7467587657026069,0.791916423785132,0.8394876851906855,0.4625641491827127,0.8332160450387049
0.0,0.6404077849860981,0.31795699285179696,0.4366130035005446,0.6667855500354889,0.8424776576256378,0.6448839208942385,0.7496671563112569,0.7898965741105334,0.8289011870371831,0.4633981908019013,0.7989481065918657
0.0,0.6590979301822674,0.3151613417687845,0.4362879890020092,0.6555628967342922,0.8379307267840889,0.7226890756302524,0.7410107639929452,0.7875925318262597,0.817763385783486,0.4620230441099832,0.8114792426522477
0.0,0.6762434352795798,0.31026180244099283,0.4277659759859817,0.6483821873618729,0.8798913552265553,0.8050420168067219,0.7554790247065817,0.7869645945396312,0.8219164590711435,0.4640040304586104,0.7926770187919119
0.0,0.6955514365152918,0.3046807930217896,0.4195494953689788,0.6367694432967177,0.5751040137866258,0.8580912863070531,0.7697360340753329,0.7861357998053357,0.8251400619635222,0.4649870416545063,0.8524721565980422
1.0,0.5718257645968488,0.2975031361875465,0.39630429725045213,0.4744159808804476,0.5438652693643494,0.7290076335877856,0.7896575271801876,0.7876419342194653,0.8402430954815815,0.4670263753182418,0.8975869051636853
1.0,0.5759962928637625,0.2981171733848841,0.3977676053071996,0.4830368875431457,0.510641394344788,0.6851145038167925,0.747520253108588,0.7871845109677412,0.8440071001743726,0.4650679842651831,0.8903476206547418
1.0,0.5664195242508494,0.2986030726874613,0.39784303640351226,0.4577589124599381,0.5450795168796736,0.8099808061420353,0.7456189910046227,0.788100297855795,0.8555333151981833,0.4654927968184298,0.8446760040499492
1.0,0.5486561631139942,0.2992390590387557,0.3968828025063668,0.46968241498646207,0.5483551615072217,0.7715930902111325,0.7186770752988221,0.788246893624761,0.8648738471665273,0.4614339633236485,0.8656176172797836
1.0,0.5412418906394809,0.2994771386053295,0.3895726091311348,0.4547115400830554,0.5160638540010417,0.8637236084452985,0.7022977268372728,0.7888098083965981,0.8783150078325593,0.463067662241887,0.863609517381033
1.0,0.5447945628668518,0.2993971519990992,0.3835761783809937,0.4112446786991156,0.4333178620528675,0.8809980806142025,0.7237028921782959,0.7879216923689382,0.8846255687409016,0.4616332997429277,0.8780037124535941
1.0,0.5179178251467407,0.2988403471215189,0.3819611936022873,0.4122463761570149,0.4685114130797789,0.7930367504835598,0.7354297982304017,0.7853745913167397,0.8815731074012237,0.4628315827786735,0.9029109011137364
1.0,0.502471424158171,0.2990637956489331,0.3862180174429157,0.4325834519309999,0.5694709362401849,0.6123499142367057,0.7507135873917337,0.7839821965925061,0.889809232631286,0.4647518034603311,0.8877489031387108
1.0,0.5033982082174849,0.2989623225600713,0.3859300449545824,0.43428911648156704,0.5325296427813828,0.6193548387096768,0.7131403249340453,0.7812824537018513,0.8902212384973475,0.4643382284962299,0.854463381707729
1.0,0.5169910410874264,0.2984521182579342,0.3823880686814161,0.411202913298774,0.5086958303843123,0.6148036253776433,0.7484045610639207,0.779812182538235,0.9016540706578638,0.4644862967607272,0.862867026662167
1.0,0.4998455359901142,0.2972994957186828,0.3808167784109684,0.4257444673999955,0.5561849636778007,0.4803625377643501,0.7509985310662297,0.7779835167060919,0.903488780498914,0.4646800481024967,0.8725531555855551
0.0,0.5329008341056533,0.2973368188333653,0.37970733587984895,0.43730878102609183,0.518665068860166,0.7613293051359515,0.6930075804843059,0.7779484618400346,0.9172628291827288,0.4627172367660234,0.7918157273034089
1.0,0.5168365770775407,0.2956842205040106,0.3817629498781279,0.4003895257617471,0.5006934377713459,0.5770392749244712,0.7033687220276199,0.7776891143417081,0.9224657282184541,0.4634574386610405,0.835791427607155
1.0,0.4932035835650294,0.2953040472868741,0.3831667665283606,0.4019151447851554,0.5148913897646336,0.51963746223565,0.7065620563107655,0.7770084212788736,0.930733353226659,0.4639699529716567,0.8235993925075938
1.0,0.4819277108433734,0.2954154812086617,0.3889207901571808,0.3704801209779488,0.4615096727745279,0.3392405063291133,0.6865668708762998,0.7783126188570614,0.948190393014396,0.4657301091467372,0.7970975362807962
1.0,0.4522706209453197,0.2957499711015507,0.39130375484148655,0.26458546401735616,0.5609384785360858,0.06582278481012616,0.5976497059676047,0.7794602291066853,0.9643283717850072,0.4589411965982269,0.7539402632467094
1.0,0.4686438059932035,0.29859225355751234,0.4014517686798795,0.2541494624050549,0.5004884712656636,0.1886075949367084,0.5778166436582839,0.7802158020557205,0.9723774268804052,0.4573061642114344,0.6913094836314548
1.0,0.4621563175780042,0.2996483230333397,0.4053993333934515,0.2672080116884938,1.0,0.14050632911392413,0.6134444286142402,0.7785091479164422,0.9686560750136732,0.4574535872771444,0.7343570705366181
1.0,0.4950571516836576,0.3013722848984403,0.41262069035658544,0.3870241635035247,0.4826426485042487,0.12405063291139125,0.5984701472372744,0.7773373775145612,0.9698668208405284,0.4560778196464077,0.7037293283833947
1.0,0.4865616311399443,0.3032793324777143,0.418144502839678,0.3580769881003384,0.5197183709702767,0.0013210039630106886,0.5886887186869009,0.7760793250918064,0.9728619437853242,0.4588746726866637,0.6888288896388793
1.0,0.5063330244053135,0.3079775101547932,0.4331150930221963,0.40102382007040394,1.0,0.19602649006622574,0.5861537025482808,0.7747862233748392,0.9723164979352568,0.4588806577440934,0.6579311508606142
1.0,0.4774482545566883,0.3110565960896034,0.4420966628367188,0.3754026208100615,0.4624406376420851,0.12980132450331186,0.6331251934423653,0.7736557888632035,0.9705744382193109,0.4603432279898161,0.7298768140398247
1.0,0.5100401606425703,0.3151097333959175,0.4562008216901806,0.4160925546070779,0.4541767143976905,0.011152416356877757,0.6196787996993354,0.7725137227798652,0.965703687230732,0.462735350153608,0.7112807964900442
0.0,0.52440531356194,0.3187578143996644,0.4717153665026152,0.4530628915612042,0.4454784285063188,0.047930283224403694,0.6810448589774449,0.7716330200163791,0.9624802877083576,0.4658150156880052,0.8018140398245017
0.0,0.4942848316342291,0.3223168634138993,0.490380641851265,0.3865566576656922,0.4006123251314835,0.2570806100217878,0.6972817356017469,0.7697535395064047,0.9512693721743904,0.463848496315374,0.8291765102936214
0.0,0.4828544949026876,0.3249090863641794,0.502602441483073,0.4103021492118802,0.40087649730385294,0.1969696969696981,0.7302418582257835,0.7677476362221841,0.937966252428042,0.463775359388809,0.8631370232872091
0.0,0.518226753166512,0.3265996964907298,0.5088974012906505,0.44854049870935203,0.4289477475373055,0.4142581888246629,0.7324821050459593,0.7657323115600038,0.9255618312296421,0.4641898157518994,0.8515693553830576
0.0,0.5217794253938831,0.3263712271576252,0.4998193979064809,0.4568089625309973,0.4535940622897322,0.5048169556840074,0.7469798426914405,0.7634584289089689,0.9190125294592076,0.4657244068693556,0.8819946000674994
0.0,0.5324374420759964,0.325915282644028,0.4871020121370042,0.4342773173078149,0.43697406250386456,0.5452793834296736,0.7740249276586961,0.7606242936330628,0.9144570862588008,0.46500994963044,0.8936044549443128
0.0,0.5312017299969106,0.3255198000765663,0.4805920070838384,0.4309030655186459,0.4489238588032637,0.4200385356454725,0.7991392735901427,0.7570855118706127,0.9033127350595046,0.464072089353639,0.902708403644954
0.0,0.5188446092060549,0.324879451736872,0.4775237999844754,0.4040359906549814,0.4185994944998491,0.4624277456647399,0.7967860318645632,0.7564684918889516,0.905829263419162,0.4641989180089681,0.8784864052123793
0.0,0.5491195551436514,0.3247003770363403,0.4804049730018896,0.472552835242528,0.4217627971010668,0.4084778420038535,0.746621206687333,0.7562439338994519,0.9116807487596332,0.4570103024475989,0.8847429311280954
0.0,0.5383070744516527,0.323388350889926,0.4760790075874984,0.5001448531825257,0.4968798019747254,0.3737957610789995,0.7479427557983579,0.7558106569226023,0.9164373994814996,0.4574112172180181,0.8666583134945495
0.0,0.5759962928637625,0.3230876109389201,0.4768927407337422,0.5267576372625608,0.4526379846548598,0.5953757225433519,0.7627893038039978,0.7532406445618881,0.9110668352307141,0.459169569196796,0.8613289896838323
0.0,0.5875810936051897,0.3208707942000589,0.47772031648533,0.546723583211705,0.4767832046951196,0.6033519553072612,0.7659531611552991,0.7512394256835307,0.9056372268162364,0.4556960320160098,0.8659566470367119
0.0,0.5903614457831323,0.3189539713841729,0.4775015892815081,0.5515603632613764,0.4570842003471087,0.6165048543689318,0.7907923890561974,0.7492953615396712,0.8997662799127085,0.458348387561993,0.9120995698116356
0.0,0.5932962619709605,0.3169493096311676,0.4658222675493161,0.5563996901828231,0.4652300433382973,0.6019417475728147,0.7957346879621124,0.7468468141597314,0.8949986643862571,0.4591964034748742,0.8935471745395317
0.0,0.6113685511275874,0.3147504530593101,0.448799456744309,0.5340001579834595,0.5361044274472785,0.6781914893617024,0.792570830610811,0.7443783081597394,0.8916472951730253,0.4591376163080678,0.8740675771624272
1.0,0.5872721655854184,0.3120581996021,0.4304532549964594,0.4979496873791341,0.4883045857338511,0.4729729729729728,0.7768498002937869,0.7422794776830987,0.8924870700363537,0.4615371143499717,0.8484400451071298
1.0,0.5949953660797033,0.3120784515356389,0.4327306546501352,0.5111335827275295,0.5214939370870046,0.4628378378378373,0.7453733499059195,0.740579811774717,0.8912077113298249,0.4588766913125453,0.7811552437037967
1.0,0.6027185665739883,0.3127872097929548,0.4317672792240317,0.4731314280540224,0.4982354196267837,0.4961325966850829,0.7543687269404417,0.7391818890559144,0.8870108501748807,0.4560805496501785,0.7954141085077058
1.0,0.6158480074142721,0.3135732440930759,0.4305777452181091,0.5062070394884669,0.5192016062433091,0.647513812154695,0.7402885791627569,0.7380210727262452,0.88781626737308,0.4585025421264403,0.7755299293427546
1.0,0.6031819586036452,0.3125693852701353,0.41912607692672776,0.4864810413166797,0.4807015492484235,0.5524861878453028,0.7533615984357571,0.7364047909095358,0.8821645841919373,0.4561770238176062,0.7966771097187038
1.0,0.6201729996910719,0.3123994132992551,0.4127338975101051,0.45809732249163004,0.4928596574164715,0.5546961325966852,0.7637718681988118,0.7348533637801417,0.8795393012620688,0.4574850778382789,0.7924244054664799
0.0,0.6590979301822674,0.311923950227302,0.4081633541895057,0.593385730949796,0.0,0.8907317073170727,0.7584365435349718,0.7326991610095134,0.8715827712639473,0.4566798578973828,0.7956148182123464
0.0,0.6733086190917514,0.3089397816917497,0.39460533057949293,0.5864404925234886,0.4586225032505035,0.949268292682926,0.7630840731224421,0.7318442435561171,0.874365284853056,0.4575135710715771,0.7773746242618329
0.0,0.6504479456286684,0.3050588966328883,0.3803520208815794,0.5860851196626302,0.0,0.9294117647058828,0.7413890512849484,0.7302290784038875,0.8758424662633372,0.4583339617046509,0.7741607737950091
0.0,0.6425702811244978,0.30364480035753755,0.36841869778154107,0.5458806714479767,0.4456246872121314,0.9550802139037432,0.7471812683923775,0.7283051862203817,0.8776601837351165,0.4592243863072604,0.7603023652767621
0.0,0.5871177015755327,0.3024046402052157,0.3660706346355879,0.4392256793133265,0.446210237727253,0.9037433155080208,0.7939120310097321,0.7258171762608464,0.8754172790584093,0.460818270607445,0.7980283956536929
0.0,0.5492740191535371,0.3005666342258565,0.3611310021616033,0.4191633765073012,0.0,0.8427807486631018,0.8020329257328702,0.7230383733834632,0.8700763310857057,0.4616067925613563,0.8247556493861914
0.0,0.5914426938523322,0.2979417468608859,0.35300684383107805,0.437153424219863,0.5049094675073591,0.9518716577540104,0.7984072631160062,0.7207438884332623,0.8604330946398691,0.4617606886211529,0.7938773295295976
1.0,0.5520543713314797,0.29318413416954,0.33300916760805604,0.42536787524061104,0.4172110708851205,0.8582474226804131,0.824450132400552,0.7183740293797499,0.8512630509560221,0.4609510941393451,0.8206560256370748
0.0,0.5440222428174234,0.29063222833275004,0.3208257537850611,0.4102760052966341,0.4137917010109907,0.9252577319587628,0.8147718731116341,0.7160328222777733,0.8437383896351233,0.4601095907690204,0.8088527402413698
1.0,0.5475749150447945,0.2872622179273135,0.3029853400723104,0.41671192952230746,0.4108331136132121,0.7590206185567022,0.8564866444934633,0.7143376583176412,0.8465301831801456,0.4611187515828205,0.8530054603765932
1.0,0.5347544022242817,0.28363984490414323,0.2828597958657456,0.4433344114128914,0.41162580510982616,0.6585051546391764,0.8212174955416139,0.7130819408378174,0.8527956774125166,0.4614943698845431,0.8083552700069899
1.0,0.5488106271238801,0.281204995429471,0.2679262869744661,0.4696942868442127,0.3750080683629883,0.6043814432989698,0.7804705500886765,0.7127829694549627,0.865816409767386,0.4606398535750033,0.7700144261514897
1.0,0.5511275872721656,0.2809917922922717,0.2704269686991706,0.4738879807271144,0.4329060133770984,0.5682989690721656,0.7634623604144455,0.7126001466195261,0.8751999918324463,0.4625420857758651,0.7531417778372669
1.0,0.4657089898053751,0.2817347164605553,0.27477701280877065,0.3918059240173837,0.4471925573124065,0.42268041237113335,0.7447985497349532,0.7116770440393948,0.8780605646164369,0.4644129841475014,0.7300673716146879
1.0,0.4481000926784059,0.2837999577787916,0.2849050735815551,0.4098381860769574,0.4098618938308145,0.2772702847931225,0.7128259043277048,0.7104202411547013,0.8811470759702106,0.461453483386845,0.674534124540817
1.0,0.46122953351869,0.2843097361653679,0.2814086768785845,0.4340955366937175,0.4190353621358303,0.21386351423965635,0.7099420778289256,0.7095665368082703,0.8869172400002022,0.4612952653644205,0.6628890971013846
1.0,0.4669447018844606,0.28675122505904355,0.2899966763976269,0.4441052016820345,0.4148123544660917,0.1826974744760877,0.7154493512618583,0.7090125674123072,0.8978477421953975,0.4617151285749668,0.6828403158881006
1.0,0.4255483472350943,0.2898894666621146,0.29682371108909816,0.40225920742221466,0.3963530209043141,0.22401614530777045,0.6916221646876182,0.7088166829055694,0.9014132630428552,0.463092616204305,0.6493627210398727
1.0,0.4386777880753784,0.29385029165779203,0.30739574419512944,0.4239459526319671,1.0,0.20566037735849046,0.6990749156222825,0.7086073005518746,0.9051918951344614,0.4638058047441489,0.6700575558827468
1.0,0.4107198022860673,0.2974554307718011,0.3114072295607423,0.4315429366444243,0.4065976965324766,0.1037735849056605,0.7029413065158756,0.7081134006158846,0.9063284405537868,0.4641567075681794,0.6816728386799329
1.0,0.3839975285758417,0.3019795184237109,0.3211758111927885,0.4097433048552093,0.3610970291659539,0.05363321799307997,0.6636485563672627,0.7072659135433651,0.9104302984834246,0.4602838481332465,0.6174839007123841
1.0,0.4150447945628667,0.30748751565287874,0.3396850515592784,0.4596423582497998,1.0,0.014010507880911006,0.6694456862966656,0.7062905189539167,0.912998208802096,0.4571962655257187,0.6243846577135295
1.0,0.3898671609514983,0.3132961260967026,0.3598740485702136,0.4404895407720732,0.3174199381139438,0.0525394045534158,0.6954983812251596,0.7053710461752908,0.9220234698518244,0.4565931040177682,0.6545308526301701
1.0,0.3747296879827,0.3208455022690743,0.3844389074450501,0.43088553091176107,0.4341256456703723,0.0028680688336521184,0.7121184579634385,0.7040247922190799,0.927590041899506,0.454813910249543,0.6784083641933996
0.0,0.41473586654309547,0.32679447075919915,0.4046014219390371,0.4658333710582424,0.5141011927852885,0.173131504257332,0.7444153496209754,0.7028426514527774,0.9345919886979812,0.4549567298841836,0.714719136215589
0.0,0.4621563175780042,0.32951702788668663,0.4142651926292251,0.4676600471030633,0.5062757235254821,0.3509933774834433,0.7938923797218357,0.7009120309541589,0.9329669309354476,0.4609625164895775,0.790657207870432
0.0,0.4198331788693235,0.3298359785749029,0.4200033072493116,0.4632634408778697,0.5067832261630439,0.1892147587511827,0.8189035563918269,0.7002668140659829,0.9434565395401644,0.4602233794049602,0.8056038905992058
0.0,0.42771084337349385,0.3329770671798368,0.4340622536031353,0.42201773646597296,0.5469782808897332,0.2185430463576149,0.7455354730310635,0.6993830154269814,0.947286458323412,0.4549836871021323,0.7430657802763274
0.0,0.44099474822366375,0.33557569932075265,0.4467277478676597,0.4353077147638239,0.5135920603398045,0.31603773584905626,0.736112680484797,0.6992532814278062,0.955772709073717,0.454144843233688,0.7242374217344101
0.0,0.4155081865925239,0.3378368543135399,0.4593547686661729,0.4418349258881985,0.4640150173623481,0.1726415094339622,0.7535188087389275,0.6979066588310355,0.9558982798674032,0.452456303819388,0.7450289266645845
0.0,0.4019153537225827,0.34151045135554003,0.4774094553982153,0.42988044101441214,0.4490229957343947,0.15878378378378355,0.7241008307581958,0.6961279257807672,0.9577949976333898,0.45338593057446896,0.7005978673091507
0.0,0.3948100092678405,0.34533559471156977,0.4848873818097122,0.41195052876893495,1.0,0.046452702702702506,0.7394091840293979,0.6949838100428537,0.9640228089633964,0.4514785380973498,0.7068144975386307
0.0,0.3960457213469261,0.3496613118108554,0.4872364416083528,0.4124981566005765,0.4952514831906394,0.010135135135134329,0.678662140320021,0.69327838613158,0.9722975547732688,0.4486724722065572,0.6261693362483082
0.0,0.4910410874266296,0.3554563170121446,0.4924574139084157,0.4838997534770394,0.4700009135822675,0.2665330661322645,0.6771833809058261,0.6918669987292329,0.9868477186066468,0.4488395132136093,0.6046119067802912
0.0,0.4972196478220573,0.35637511852109177,0.4845911350402574,0.4920177360693638,1.0,0.3106212424849697,0.7428530722332212,0.6903184980780576,0.9947765258378728,0.453409783137005,0.6848555154002883
1.0,0.4932035835650294,0.3576186091733384,0.4807612514643773,0.4836686993843829,0.4957347235213582,0.09021323127392053,0.7499226230539083,0.6887945505478056,0.9993481556763624,0.45424321411719104,0.7016512734396866
0.0,0.491813407476058,0.3598218167869221,0.4697546400572896,0.4804684983118415,0.4976229545017298,0.018042646254784727,0.7240222256066107,0.6877577748218858,1.0000000000000002,0.4516758515377052,0.6582924565822619
0.0,0.5633302440531355,0.3638762521315038,0.4770822036585211,0.5414767407438241,0.5105116597795493,0.2968369829683696,0.6977189767574392,0.686958273029073,0.9959127423451728,0.4526937317894067,0.6204943509066538
0.0,0.5426320667284521,0.3649470338711728,0.4819370076106051,0.5575362465847911,0.5304537019173164,0.18856447688564446,0.7529489213899356,0.6863224569355727,0.982280674706301,0.4597909780205928,0.7088535880098007
0.0,0.5509731232622798,0.36797278392274096,0.4966867931171826,0.5717488309569593,0.5347441163977547,0.2773722627737228,0.7207404605279317,0.6857612138771564,0.9743658550575052,0.4564938447257994,0.6561573382581247
0.0,0.5829471733086191,0.3695607236209871,0.5091496671193501,0.6318640313560193,0.5282818429085944,0.5352798053527988,0.7352283725294646,0.6843697629350155,0.9687068970855492,0.4579607508267807,0.6968383721700232
0.0,0.5691998764287921,0.3683359789178628,0.5036039640772515,0.6105636180420076,0.5576829415499427,0.2518248175182491,0.8268426767019244,0.6832387937931613,0.966063831882398,0.4662831692850841,0.8001486266748095
0.0,0.618473895582329,0.3692868537333557,0.4978991512120304,0.6702130791807207,0.5975084547461954,0.5589189189189191,0.7448280266667975,0.6809784727677589,0.9571963580651212,0.46093726911585,0.690024205970806
0.0,0.6524559777571826,0.36902239906423534,0.484929727176364,0.7219483700130095,0.5510435997213602,0.7531512605042022,0.8147718731116342,0.6799418837522256,0.9616747755270872,0.4666729819805314,0.7895254162693468
0.0,0.6492122335495828,0.36625715542514253,0.4720828189583127,0.7062913365053061,0.5737205418851209,0.8087774294670846,0.8779360252322537,0.6785737209628132,0.9745293756588064,0.4715304719320592,0.8796554800828921
0.0,0.6632684584491811,0.3631077937046948,0.4629015882289785,0.7264035643555462,0.5919903511175169,0.7279279279279279,0.8673292425902359,0.6768605700912128,0.9817969602106016,0.4694921017578267,0.8800296454064008
0.0,0.677170219338894,0.3601908399443074,0.4527197710639606,0.7752217916121964,0.5951453097331707,0.8218442256042977,0.8611194356150116,0.674919946239848,0.9817969883862382,0.4689320338247995,0.8682938061247986
0.0,0.679641643497065,0.35619250775481776,0.4459728133438228,0.7781077031680494,0.6113678271918908,0.8132992327365729,0.91314130749844,0.6723598449882352,0.97217325326752,0.4722560654413653,0.9300454754777802
0.0,0.706672845227062,0.3518916786238366,0.43694145761957226,0.7769017419913754,0.5390277106061945,0.8465648854961839,0.9162511238080262,0.6691681160927413,0.9687328891017448,0.4727762324500819,0.9266204236702736
0.0,0.7113067655236328,0.3471014125305064,0.42686061065454106,0.7494494111384548,0.5290818970220846,0.8667611622962441,0.9239986440611352,0.6659643249522625,0.963025872032728,0.4739355905725264,0.9233608680635504
0.0,0.7216558541859746,0.3412269256866029,0.4069748543534898,0.7958494499946278,0.54366379731117,0.9366548042704624,0.9339471085586272,0.6631424759754126,0.9633817445953198,0.4753154266470256,0.924644275197468
0.0,0.7477602718566573,0.3359451108353723,0.3940051092474852,0.8178653171614434,0.5675093597546566,0.9521531100478468,0.958535782538848,0.6603415373645697,0.9583459346089246,0.4785004923308535,0.9861686819441166
0.0,0.6757800432499226,0.3314652543860411,0.3832766828232136,0.6186745738342372,0.5393939664830207,0.996288047512992,0.9515595753356684,0.6578417904305971,0.9457839660671676,0.4781910581307745,1.0
1.0,0.6175471115230151,0.3278096069995326,0.3764262947329026,0.5712875008565252,0.0,0.9487804878048784,0.905831028401024,0.6552438157395691,0.937204522251424,0.4772593682276709,0.9925596169493652
1.0,0.6493666975594686,0.3256239913253173,0.3841465273065553,0.5579331173671152,0.4434874409619382,0.952032520325204,0.8970812924652046,0.6533060113438832,0.9247854813191208,0.4763769996621151,0.9956135113403866
1.0,0.5744516527649056,0.3225816278914527,0.39078082306894335,0.4988481860426767,0.4621822001693032,0.9435483870967734,0.8768257274661134,0.6509610284215449,0.921699252678436,0.478094491086033,0.994016399497673
1.0,0.5370713623725673,0.3221869693497557,0.4119709632604263,0.50415658798149,0.4719998306417523,0.9146005509641878,0.8605790251978639,0.6487246488104091,0.9138366934275528,0.4767280615230829,0.9675953335946168
1.0,0.5067964164349705,0.3201543129359357,0.4156168489134811,0.5182923389345333,0.5466701634036457,0.7391681109185437,0.8354892433762875,0.6462072002299725,0.9081298570836224,0.4740558653454465,0.9248315232294358
1.0,0.5274945937596539,0.318663411130828,0.4128659575466327,0.4928322424080144,0.5696852113008802,0.7781629116117849,0.8140889908572383,0.6439587971843103,0.8929255858076129,0.4720773582002246,0.8723834966357764
1.0,0.5296570898980535,0.31600807328135244,0.4036980677585153,0.4953558905663731,0.5217891196375973,0.7946273830155975,0.8484885703196773,0.6416495610957907,0.8720576473703122,0.4733836203359277,0.9235105957616956
1.0,0.5341365461847388,0.31228258077791243,0.3889148887895585,0.4505989675366742,0.5197997283761245,0.7989601386481796,0.8675650580449915,0.6397974050007272,0.8567207565440692,0.4723693616608308,0.9441663334666136
1.0,0.5458758109360519,0.30998941209865377,0.3842200175151527,0.4643001900572222,0.5357803574259189,0.6741767764298089,0.8802106618062482,0.6383929742536602,0.8479173697226766,0.4738947356477839,0.9889036732389828
1.0,0.4708063021316033,0.3098074627128092,0.3841717949326329,0.4356003305762621,0.5499628473844496,0.5231736056559313,0.8432515020953186,0.6364421955789051,0.8380701338026452,0.4729943344879925,0.9410910850368944
1.0,0.4317269076305218,0.31229270021097805,0.3924528809593151,0.4498113086172871,0.5667897740741846,0.4862529457973285,0.8177834329817388,0.6348424967638343,0.8281991892295265,0.4707973868104359,0.8720535462279748
1.0,0.4445474204510348,0.31391001014808345,0.3933330036027656,0.4121314810398101,0.5591417638683639,0.5040058266569553,0.8122565082609101,0.632366615792089,0.8197960816036359,0.4693608604423616,0.8807306157009801
1.0,0.4079394501081248,0.3140221934046417,0.3898724988775347,0.41195582771650974,0.5195776927476031,0.35105608157319745,0.8473094930459002,0.6295725948376033,0.8129610851598897,0.470822646039065,0.9051489859279868
1.0,0.4008341056533827,0.31637198946546524,0.3972316788013043,0.4067090111490404,0.52203026706011,0.3302201467645094,0.8508565505111791,0.6263073462234215,0.8063399522579734,0.4721994442533105,0.8755400882995275
1.0,0.40206981773246825,0.3177418821911034,0.4013882732956714,0.4073704737179469,0.46279814529780894,0.3062041360907269,0.8507877710035419,0.6234080267909482,0.7999686793311135,0.4720531977539174,0.8827285125446661
1.0,0.41010194624652463,0.3198432290253857,0.4080016770992839,0.4141022165218669,0.5072281505727002,0.20146764509673126,0.8269114562095613,0.6215703318834173,0.8015111805830423,0.469924789443708,0.8246489550555808
1.0,0.3937287611986408,0.32377282874897345,0.41608793842116215,0.4496023261085274,0.5107519471996276,0.19012675116744504,0.781349945222035,0.6194077107808204,0.8036967074758,0.4681673948479828,0.7604008733094794
1.0,0.4026876737720109,0.3294244236554759,0.4304808249904862,0.4096938227946829,1.0,0.20747164776517624,0.7873239367425042,0.6184748187357493,0.8058705999399288,0.4693250781647776,0.7539330830405309
1.0,0.3668520234785295,0.3352360937706686,0.4453543397451009,0.34604164936601023,0.42160573000311735,0.0006920415224912115,0.7412465794477006,0.6170803849257877,0.7995944972513046,0.4666691534255252,0.701857522855802
1.0,0.4195242508495519,0.34458376421947995,0.4682467068324647,0.39434275811893205,1.0,0.19294117647058776,0.7077460464065162,0.6166360436915799,0.7972095387618695,0.4627765548943085,0.6380773558054109
0.0,0.4538152610441765,0.35017154587972504,0.4856055934869981,0.3848562500346908,0.3578215550309875,0.351372549019607,0.7825339353177858,0.6157592781880411,0.7991810875698283,0.4748010222703321,0.7650742267890235
1.0,0.43018226753166494,0.351875167579462,0.4880199702694947,0.33594020870193697,0.472824306497854,0.025568181818181438,0.8242094041238227,0.614459884476536,0.8040844435193356,0.4779079526310375,0.8165166506763538
0.0,0.5434043867778807,0.35569236512546315,0.497371465164304,0.4611953226099848,0.4060513794230349,0.128947368421053,0.7772870414494788,0.612307777232625,0.7968081421047676,0.4723599441865202,0.7380127580726669
0.0,0.5912882298424466,0.35502756426781584,0.4914660423091548,0.4865699709573798,0.4019639896866892,0.39080459770114795,0.8638951800303613,0.6103433620985393,0.7873248220839476,0.4834134493804722,0.8538900403541797
0.0,0.6204819277108433,0.3538748766502751,0.4851682622639715,0.4768254008915552,0.3830669037344885,0.5526576776181122,0.9279682042161836,0.6079614297611909,0.7734816714484606,0.490731668531457,0.9346230293984692
0.0,0.6138399752857582,0.3530801840119337,0.4820511699468363,0.4694626518767875,0.3953110510450355,0.4781281790437426,0.9447012758598664,0.6053688256757218,0.7648478762207549,0.4897761837251736,0.9547936653726652
0.0,0.5979301822675317,0.353556145531745,0.4758032699344476,0.438167293374894,0.5514463181655905,0.4847870182555782,0.9363249143940772,0.6026353756669619,0.7526159318390816,0.4890613983330037,0.9357403871595192
0.0,0.6033364226135309,0.35426277684641294,0.4734518581161351,0.4452373842728761,0.44546397556675976,0.4604462474645023,0.9758190902436268,0.600748398269712,0.7536943783170325,0.4921337423990893,0.9766032357527394
0.0,0.5741427247451343,0.3548470233689279,0.4674186382688901,0.40768982424310907,0.3950793531812839,0.2373225152129807,0.9733528536126436,0.5989324207192391,0.7526641923843913,0.4902680518001351,0.9966251225318584
0.0,0.6269694161260425,0.3584834318328997,0.4796126379638057,0.5195731127834149,0.4629985726214762,0.6272189349112425,0.9248976904823901,0.5982053254493284,0.7580819883720237,0.4882654898504808,0.9306189609298424
0.0,0.6518381217176397,0.3587266570577729,0.4827319766633636,0.5923942065567512,0.4799964914624287,0.8303747534516767,0.9250254238537158,0.5967070694622661,0.7566493311472007,0.4868781149531856,0.9560495728889512
0.0,0.6407167130058695,0.3568886925696553,0.4838193939299207,0.6082687547497067,0.42578095000067934,0.8205128205128198,0.9650698357643612,0.5947924766040783,0.7585371755065359,0.4900544623514469,0.9988166923400088
0.0,0.6323756564720419,0.35462444756584005,0.4830052560272967,0.5817779095806732,0.0,0.8471400394477306,0.9543746223268104,0.591903131391578,0.7586077135498634,0.4891059718362055,1.0
0.0,0.6455050973123261,0.3508183530373856,0.4759116559793067,0.5609461911185302,0.43990825015274415,0.9704016913319238,0.9413359928076288,0.5895008130961633,0.7578024690066025,0.4876390195896406,0.9985228519195616
0.0,0.6628050664195241,0.3456018850334474,0.4670172732499153,0.5851581884670953,0.4537021523073638,0.9711111111111106,0.9345464728394636,0.5871218749074313,0.7562890261037697,0.4868455804419333,0.991483087215828
0.0,0.6291319122644423,0.3402927504455525,0.4517920028967085,0.5913263793210307,0.4659668132054599,0.7959305804907241,0.9371158787319022,0.5844189239264143,0.7504953678178349,0.4874986782581773,0.9961218179256542
0.0,0.643497065183812,0.3374821485460067,0.44642685103433255,0.5851907400918146,0.4069267095685003,0.9224595659301662,0.9048926794039764,0.5823320119892199,0.7493946687618408,0.4841212309101892,0.9505720374204664
0.0,0.6439604572134691,0.3336694242973562,0.4351523660630897,0.5865507456297236,0.4599588210308459,0.8833100883310087,0.8977789131855226,0.5802603165038059,0.7466540632577293,0.4815710549027525,0.994210452396186
0.0,0.6294408402842137,0.32984701772480896,0.42902389914710987,0.5943183696747737,0.0,0.8539479801316391,0.8951898560051879,0.5786922317361837,0.7510884267073108,0.4819051081888043,0.9748865070839968
0.0,0.638399752857584,0.32637090162131405,0.4181505943772668,0.6218974108296205,0.4678190611630232,0.9444811470796936,0.8826474215053868,0.575891757221847,0.747841196842145,0.4837169681895224,0.961377125787002
1.0,0.6282051282051281,0.32100657638277835,0.3985991457961016,0.6414704048420913,0.5799647491716465,0.9817232375979112,0.911721501947934,0.5740883060445411,0.7528413222537615,0.4850199843822594,0.9800534730008392
1.0,0.6300586963237566,0.31531199729207204,0.3719788713791544,0.6449988824908491,0.7694968289373147,0.94489247311828,0.9089555831765326,0.5720801182921559,0.7497857730064388,0.4835918290475364,0.9956640399769368
1.0,0.5730614766759343,0.30913735345755616,0.3536033074956867,0.5918578498910105,0.4839944711039604,0.8938992042440304,0.8942367685422182,0.5705548912907318,0.7463000865768905,0.4855106078307891,0.9955577182682952
1.0,0.5577695396972504,0.3068593697429188,0.3469523828243707,0.5541123290814006,0.5827349155681909,0.6272189349112406,0.8828881497821163,0.5674009982159626,0.7295015138708683,0.4843186377721237,0.9811441937913812
1.0,0.5355267222737101,0.30633464348054124,0.3466863144242496,0.5332901682435389,0.5539393360450623,0.2339181286549698,0.9008936423170832,0.5639516852169942,0.7129343145249409,0.4882226961845123,0.9607213094445392
1.0,0.5088044485634845,0.30732137959836364,0.3444529167213969,0.4988282653813056,0.4081221710659688,0.1098265895953746,0.8849367965453036,0.5601101859678933,0.6938819909911162,0.4866630908604183,0.9244681905139364
1.0,0.5274945937596539,0.3103867743647691,0.35210885296601635,0.5048179883439715,0.5727701420609224,0.4219653179190741,0.8629224412794954,0.5571352463075813,0.6829456103823737,0.4846558086731506,0.8687404816116046
1.0,0.4752857584182884,0.3118627229283833,0.3561311166395996,0.41104662544803344,1.0,0.17193675889327914,0.8922519884646939,0.5567533196671631,0.6868228563174112,0.486297977974187,0.8967252565593615
1.0,0.4655545257954896,0.3146943352804205,0.3726652220667708,0.43092764748027823,0.5797170657026306,0.0941176470588217,0.8415565785142642,0.5572509203504245,0.6985955488228628,0.4726424274145486,0.8973616261803925
1.0,0.4644732777262898,0.31637724125658523,0.3802172533800473,0.4295722418427003,0.4659960612332112,0.14789915966386508,0.8259288918147473,0.5582998350081542,0.7112400925019748,0.4732639696935344,0.8892936297206557
1.0,0.4813098548038308,0.3182459863987523,0.3871261385973144,0.4338230378740097,0.4963674268609287,0.22315436241610734,0.8388152238527332,0.5573012600443584,0.7157194596031934,0.4717192042799716,0.9080701908377404
1.0,0.4759036144578313,0.3191971317849955,0.3845833828344763,0.4244638759300817,0.4128746104548611,0.30212884633261883,0.8433350200688776,0.5555908297939037,0.7183613744252636,0.4686057468791319,0.9139364947005773
1.0,0.4972196478220573,0.31961206155298744,0.37941201713194256,0.4328317646098168,0.4622648657936301,0.4088888888888875,0.8589676195903688,0.5540293719126116,0.7164942903143354,0.46749005351069206,0.9295750952725784
0.0,0.5060240963855421,0.31903020317696346,0.37278947208680574,0.4614204620165859,0.40598433818229895,0.3703703703703704,0.8535340384870473,0.5522539837729948,0.7135965976092826,0.4701820901743598,0.9279731993299836
0.0,0.4686438059932035,0.3180184120407366,0.3639620062984491,0.3903075065161649,0.4499901608154457,0.13925925925925892,0.8648482674933307,0.5502184326928682,0.7079062231738403,0.4682751717892146,0.9392084147081842
0.0,0.4967562557924002,0.3198379786101175,0.3656970038898407,0.4420847053686867,0.4524217397413693,0.15259259259259064,0.8537305513660102,0.5479846114305321,0.7040377258259768,0.4674733232147321,0.9054296226401294
1.0,0.4789928946555452,0.32118626892482743,0.36488569281039024,0.4590415550891667,1.0,0.14666666666666592,0.829195918427504,0.5454538705481912,0.6998913650455216,0.4681793652596238,0.8704731810435
1.0,0.4692616620327464,0.323528059204887,0.3673968191595533,0.4863808696631514,0.3814162326600765,0.0948148148148149,0.8461058516622533,0.5431577586916084,0.7036678215055743,0.4672552146124303,0.8743352863297567
0.0,0.487179487179487,0.3254294591149706,0.3677008234000779,0.475924283762374,0.4472082351459887,0.1985185185185169,0.8499820681997946,0.5399730993196817,0.7034273981805028,0.4682252637257798,0.8661795147498776
0.0,0.5067964164349705,0.3279857620260604,0.3729274817991027,0.4778316101409794,0.48903980374520706,0.2222222222222222,0.878741728036001,0.5378197613190446,0.7041126970032261,0.4694944686934488,0.8792141200909934
0.0,0.4697250540624033,0.33075747912270004,0.3805729899241977,0.4188505174959943,0.43686044978207017,0.29037037037036945,0.8559167571444712,0.5351347188845751,0.6952602496360959,0.4690308891542137,0.8614030852954729
1.0,0.4558232931726907,0.334460082191079,0.3928238509288368,0.4369775433224513,0.4416551592346733,0.1979472140762457,0.8746788242634451,0.5341358199551872,0.6972530988235062,0.4724702473691523,0.8593939128786222
1.0,0.4471733086190917,0.3368800665243184,0.39850993633570253,0.4254490305529382,1.0,0.17037037037036992,0.8384369365607298,0.5328235925220978,0.6996493974038079,0.4690643731974338,0.8392558721670305
1.0,0.469416126042632,0.33935647530481633,0.4045971968176344,0.4792663080706923,0.4770951203843651,0.1382716049382705,0.8261204918717359,0.5322847279831157,0.7089182699056487,0.4709716022217855,0.8265337325150584
0.0,0.4755946864380597,0.34218669624082226,0.4127766971121821,0.4409428323236185,0.35297186794524066,0.14814814814814686,0.8286505951883818,0.5294882859429048,0.7026743998801088,0.4714963047122947,0.8243007801110787
0.0,0.4865616311399443,0.34639311995196626,0.4265772614372041,0.4577183308570266,0.3306657260644249,0.17083946980854342,0.9006971294381205,0.5268631048057729,0.6965833229282008,0.4807789072649502,0.8744284281864018
0.0,0.47451343836886,0.34948246109514874,0.4383449686926048,0.4901082936731161,0.4794736789767642,0.1516936671575847,0.9056836437418018,0.5244004774871046,0.6894930344252231,0.481037549313603,0.8941223662542754
0.0,0.5274945937596539,0.35270189586969297,0.4481032681102904,0.5285399998571833,0.5312695383195292,0.34437086092715274,0.8872703869829867,0.5239873459022558,0.6980410608150759,0.4817204265110345,0.8774015116328168
0.0,0.5369168983626812,0.3516496966186989,0.4451294735566074,0.4964694419201032,0.5421465548090344,0.4150110375275927,0.944106824401004,0.5239506836661955,0.7100607016030093,0.49089627163621397,0.9813086742952049
0.0,0.5758418288538769,0.3505902028562828,0.44056087249064985,0.516118901368451,0.4635335610495219,0.5129310344827576,0.922367587165744,0.5230443117827225,0.7185286825870841,0.4898404237816622,0.972265619502034
0.0,0.564565956132221,0.34934184742521185,0.4396740276772236,0.5475958423102903,0.537404849128443,0.6324461343472744,0.9441903423745632,0.5215671779390866,0.7267844694158893,0.4899301697112429,0.9992821855339272
0.0,0.5658016682113065,0.34983348687788257,0.44461449405538733,0.5494049739827429,0.501957934792002,0.755386565272496,0.931903374617414,0.5193985034786349,0.7342106640550623,0.4923421245016845,0.9898674040984188
0.0,0.5559159715786219,0.3495511782303677,0.44961717931091183,0.58202032375772,0.4628129337309926,0.6831432192648923,0.9333330058118684,0.5173031449794004,0.7397460148165832,0.4924527466852587,0.9945259873785716
0.0,0.5355267222737101,0.3495125266438008,0.4532063817538343,0.594694139982185,0.4899768922697716,0.5779467680608368,0.92000943261819,0.5153390999759823,0.7483995099178096,0.4910092137639255,0.9927246904007944
