0.0,0.005653367791955976,0.999344340885697,0.8108777158669435,0.4758839699392183,0.4635153569134553,0.6780695266272191,0.4678574069965236,0.9659562272182702,0.5377748420304204,0.4763144021271154,0.743230347131098
0.0,0.02875141334194801,0.999117874557392,0.8100557265342082,0.4772095650676997,0.4617136005366268,0.6474667159763314,0.38613268249389865,0.9642331834655355,0.5297164572990556,0.4679265584766255,0.4611734889340781
0.0,0.028912938136003295,0.9973207782927862,0.7991205711956922,0.4772261614128464,0.461308849389177,0.6409023668639051,0.3628060054729676,0.9644842521509064,0.5302891310432448,0.447770734113793,0.3181794026995425
1.0,0.00751090292359837,0.996591289308348,0.7969456602640627,0.4760460827745763,0.4619003079245678,0.6090976331360944,0.3565268841062049,0.9659746458570416,0.5249281444849738,0.4402084269306477,0.1321872675098308
1.0,0.06969794863511501,0.9951207047768462,0.7988246412667105,0.4758556611779112,0.4631023385780175,0.6652181952662718,0.4434657199911249,0.9700291152895296,0.5456550005470402,0.4974789495067221,0.4573280901264736
1.0,0.10652560167985743,0.9933365364216888,0.7996377124280191,0.4742450179085258,0.4451478953913143,0.6657729289940826,0.4626506915169,0.9710197879650908,0.5591668851349085,0.4623678411102949,0.5150653629503669
1.0,0.07874333710224475,0.9910705459249364,0.7907188966588782,0.4727495629276295,0.4432838572547674,0.6236131656804731,0.4097330079136154,0.9692947052329804,0.5627074829108304,0.4091881204449082,0.31594749707726555
1.0,0.061540946535293226,0.992431316657422,0.8011297245466668,0.4718512587669933,0.4636130471845384,0.5705436390532547,0.4508468308557063,0.9689668322638608,0.5887988901685037,0.45033694049727613,0.08261363636363615
0.0,0.025278630269745916,0.9935197185302173,0.8059091969684983,0.4696532273031467,0.4603695709316189,0.6264792899408281,0.5735892315657123,0.971742937248634,0.5841647919937369,0.5063967400093614,0.09259326660600399
1.0,0.07947019867549651,0.9959369658062118,0.8259113252317404,0.4690100664332841,0.4634753820917231,0.6592085798816566,0.5699504474521119,0.9735570925936892,0.5651596984925521,0.5023443119577018,0.4446663104311396
0.0,0.06630592795994171,0.9962229420493248,0.8319406865222255,0.4682099230829709,0.4631880224018515,0.6711353550295861,0.5518009023001261,0.9740261188170138,0.5219906760836556,0.488313960957441,0.3324239952751934
0.0,0.10135680827006913,0.9959795305375659,0.8366792352915401,0.4701032584388578,0.46157808552678997,0.7291050295857988,0.6965017380371276,0.9750517675573388,0.4837327955346808,0.5699328416400281,0.6260370672441431
0.0,0.09279599418510703,0.9946881020943104,0.832574435394461,0.4697695307909958,0.460045673016486,0.6701183431952663,0.6901264699356552,0.9725084252467744,0.4419990758963581,0.5660015974645474,0.6763270084601607
1.0,0.05790663866903584,0.9929597403944694,0.8279257291868364,0.4678633597609229,0.4659376136750672,0.624260355029586,0.6240736631905931,0.9709501354078494,0.4091012019727495,0.5637483105514669,0.5099953612688036
0.0,0.10523340332741056,0.9916014369547256,0.8237096989394085,0.4668505231240188,0.4636603875276231,0.670210798816568,0.7231121958435025,0.974774305433501,0.4329067800699423,0.6268026954506941,0.6929380839831234
0.0,0.14545307704732674,0.9898616450988116,0.8204004076414725,0.4654601440221298,0.4636054517593057,0.6745562130177517,0.595688188743436,0.9752932321397648,0.4320019588883568,0.5229377710834663,0.6651940535883886
1.0,0.18429979001776747,0.987354882257408,0.8042444744185061,0.4639541839262142,0.4609243982932309,0.7055288461538459,0.6381184823607725,0.9770926377369497,0.4553875303831586,0.5653036582118603,0.798502352499392
0.0,0.2044903892747537,0.9853494369011732,0.7943278026982757,0.4652146237741919,0.4611117014171684,0.6912906804733729,0.6818208712373344,0.9746702867213192,0.4533688080306956,0.5501328792321709,0.8364957699189317
0.0,0.2586819576805038,0.9827808851089864,0.7779248233235944,0.4645792397948698,0.4657040838009617,0.7372411242603549,0.6590193033059684,0.9698930716661368,0.4547200793795288,0.5240053390173258,0.8448013076804131
0.0,0.27725730899693096,0.9816762552597535,0.776662900137519,0.4657993179277662,0.4607359881088767,0.7209689349112426,0.7017898084461207,0.9640068289125427,0.43224539568866177,0.5514084302209274,0.8038479379735367
0.0,0.2145049265062188,0.9813892071749486,0.7774663870287087,0.4659136130895434,0.4627475582129674,0.6786242603550298,0.7849641298720516,0.9576826259678296,0.4062108035189416,0.553262683086693,0.8511850853747434
1.0,0.19867549668874127,0.9834954003620316,0.7963064178689541,0.4686593571232235,0.4644055995241324,0.6755732248520708,0.788610309888322,0.9532202726528952,0.3905163733475968,0.5564354630451874,0.8951662333819449
1.0,0.1520755936036176,0.9843088815592478,0.8084168024945978,0.4695015562824632,0.4545705107155242,0.6733542899408281,0.6771762443606243,0.9470069114653774,0.3608426420243551,0.5053134967837652,0.9997849051192575
1.0,0.15910192214504898,0.9848196981319322,0.8213984613377233,0.4699736790793888,0.4658296303707757,0.6581915680473371,0.7257673249020042,0.941890162284852,0.3342199602144321,0.5308940457618934,0.906416704770614
1.0,0.18333064125343235,0.9841287644379372,0.8254699778630729,0.4713462551637514,0.4730643067016848,0.6874075443786982,0.6787885511426666,0.9364683851123228,0.3033343299950567,0.496055575849937,0.9186607732561082
0.0,0.2280730092069129,0.9839019709766492,0.8330168177500431,0.4738592926272876,0.4711492067656813,0.7395525147928993,0.6270763996745798,0.930308242831012,0.2769352036912404,0.5147808742570552,0.9330670634609852
0.0,0.2505249555806813,0.9833215664709094,0.8355976838116604,0.475119002653154,0.470709541748283,0.7655325443786981,0.7335626063161008,0.9226253177154032,0.2451889911294294,0.5609361254855841,0.9258126095028898
0.0,0.2286383459861089,0.982773627245752,0.8427522737601615,0.4740040400065298,0.4678809530441682,0.7364090236686393,0.6578951261001401,0.9116645088252592,0.18090980133207674,0.5306990997734774,0.9835085313833032
0.0,0.20545953803908856,0.9821404001387484,0.8467822332075744,0.4764466020011573,0.4710991215192676,0.7165310650887572,0.635330227054212,0.9096107307582316,0.1754269054147909,0.5213566452659361,0.640760197775031
0.0,0.22879987078016445,0.981445975851042,0.8531211267734812,0.4740619878975618,0.47510192200856893,0.7355769230769229,0.540056208860291,0.9122802984896624,0.1908920018645288,0.4692378292372749,0.8772613320685668
0.0,0.25448231303505064,0.9795316378158389,0.8497940734632116,0.471807507041691,0.4719657935258938,0.7551775147928993,0.44936765032172143,0.9154264435545432,0.2173346716193912,0.478635112835455,0.8251914086320201
1.0,0.25214020352124034,0.9769524266986518,0.8424766415594273,0.4719301593253309,0.4570763308948137,0.7135724852071005,0.3457288662081209,0.9184932588670572,0.24095082205778875,0.4801856930661413,0.3105859805080943
0.0,0.3381521563560003,0.9742186731927241,0.8361350149212682,0.4731698332135341,0.4820370199141626,0.7812499999999997,0.24896087567487615,0.9235832023811871,0.2852729479779078,0.4962846234615496,0.3005138033682672
0.0,0.3514779518656113,0.9750294430606674,0.8465734487092714,0.4740339285676044,0.4759186534411564,0.7746856508875741,0.2479550329117665,0.9292281038998867,0.3332730262810032,0.4962180052735194,0.3113365868713946
1.0,0.19972540785010476,0.9782539205872198,0.8732433788694157,0.4686576275018926,0.4754908281836665,0.7164386094674555,0.19626506915169,0.932594243552734,0.3739224583445876,0.5233123846025852,0.2070654928387748
0.0,0.1846228396058792,0.9826042212324542,0.8984370358191215,0.4674997826062562,0.4622126749367596,0.7649778106508874,0.3220915612750538,0.9390563659002706,0.4309957507983508,0.5183415819295429,0.4772711205372921
0.0,0.20562106283314432,0.982607805813063,0.903021886098562,0.4685960633558143,0.4833330847758285,0.8004807692307689,0.2760076917387766,0.9385624086446036,0.4351827704724064,0.5013401425946644,0.4825379992930354
1.0,0.2044903892747532,0.9812848810071736,0.8958295222205429,0.4687979942007371,0.4827708147247541,0.7466715976331357,0.3027364839878708,0.9377682404096196,0.4316417583385007,0.5144667105153115,0.3861240582034449
1.0,0.20675173639153588,0.9794184850423882,0.8876321630607601,0.4688261956107764,0.4864416284605669,0.7675665680473375,0.3594778492715039,0.9359953556388094,0.3950370120240753,0.4889408271962859,0.4439098548255069
0.0,0.2181392343724757,0.9788114571051252,0.8883198447775081,0.4695048280243862,0.4839441562410025,0.7627588757396448,0.35488499371348303,0.9346121034885844,0.3877024574037666,0.4853612385664646,0.3163267010808739
1.0,0.17872718462283915,0.9782370170057096,0.8918922878968619,0.4711548380473652,0.4880785936589879,0.7189349112426033,0.2635973670586496,0.9355953591689988,0.3932558934729576,0.4885765986730897,0.16425266041864994
1.0,0.16943950896462626,0.9779440922065958,0.9022384321235593,0.4705403938471754,0.4626668712547377,0.7277181952662723,0.30902300125730353,0.9415157353826179,0.45030684243707103,0.4615479050614511,0.1857030688785309
0.0,0.2581166209013083,0.9767549626785856,0.905344440021954,0.4717357029667039,0.4619825546406378,0.8156434911242605,0.41487316026921095,0.9477037459044066,0.5011582068114853,0.5067313703978429,0.4287241684625538
0.0,0.2509287675658209,0.975610407251894,0.9144070770666972,0.4715670523034568,0.4521766304383136,0.7738535502958577,0.28093336291694376,0.9499691887460632,0.5275540350080806,0.4798757617956039,0.21620808900917166
0.0,0.2692618316911645,0.9740944436582486,0.9162246329888696,0.4723384882911548,0.4517570306878191,0.8309911242603547,0.32906589749278936,0.9564414984173392,0.556197954874171,0.5021940222247199,0.3303763845035837
0.0,0.3231303505088026,0.9716408996888322,0.911030183373724,0.4716626994501417,0.4996275896342911,0.8582655325443782,0.4188299681976189,0.9600342756672562,0.5601424667575234,0.5022804845766878,0.4401510215673503
0.0,0.30689710870618603,0.9682670468313416,0.8955115820335836,0.4712924768243767,0.49648812397844894,0.7772744082840234,0.3184453812587826,0.960632915223653,0.557105748742888,0.4257437706394667,0.19395579612088465
1.0,0.2800839928929087,0.9663009745446374,0.8900900532563382,0.473580753624641,0.4965440930121007,0.7512943786982246,0.3377338954219361,0.9672474372053608,0.5928919954838897,0.44085300522586623,0.16263218563624576
1.0,0.22363107737037616,0.9656277844895428,0.8924285354448894,0.4741901355079463,0.4531844309938152,0.6972078402366865,0.3164854670512538,0.975732645387038,0.6584844941934114,0.4210638413527434,0.059322741776508474
1.0,0.3442093361330961,0.9641371362804272,0.8834921881648741,0.4773303118657728,0.4261459140121059,0.8206360946745559,0.4365357591894091,0.9882129146598242,0.7571057542838184,0.4942262067081685,0.06515601783061017
0.0,0.4147956711355191,0.9613670231334426,0.8639372585920903,0.4777323747528031,0.4326242094794195,0.8643676035502957,0.5078692404407964,0.9954380491114628,0.8269286771774136,0.5495213147702578,0.1865141481035523
0.0,0.4357131319657567,0.959040805351068,0.849738655876746,0.4752531168410746,0.3995389945163659,0.8682507396449705,0.5591968049700463,0.9993991663093679,0.8981530245380854,0.5455851409179302,0.3336544250451514
0.0,0.4642222581166207,0.9577278979168592,0.8478785030647097,0.4767122176490106,0.4001250088226035,0.9124445266272186,0.6387397381850454,1.0,0.930516273621946,0.6327820264204569,0.7126429861529197
0.0,0.488693264416088,0.9558099313601632,0.8444010779645227,0.478012774560818,0.0,0.9455436390532546,0.7282005768804082,0.9961854005565632,0.9358755720022154,0.6553076933757574,0.7589102950030095
0.0,0.5537069940235823,0.9529708042802556,0.8377417482541097,0.4780565593103169,0.3831701690411644,0.9829881656804732,0.7610531765401967,0.9899797813143864,0.9038031098608592,0.6392159289748066,0.8457104017722284
0.0,0.5503957357454369,0.9508709826751804,0.8364013180457995,0.4781435570284232,0.3914340199173168,0.9595044378698224,0.7900673027142959,0.98295041460211,0.8741178295681926,0.6560619140187768,0.8321155917755598
0.0,0.5259247294459697,0.9491726467883655,0.8364063777166572,0.4762081031150182,0.3898641925527182,0.9737426035502956,0.8999926040973298,0.9772513799062932,0.8652102176390277,0.7178663349292791,0.9860246751828792
0.0,0.5273784525924727,0.9488259411284076,0.8428798667204455,0.4765583263707757,0.3910700696960545,0.9516457100591714,0.7834775534353966,0.9690057541740388,0.8405178963172133,0.6389752386954207,0.9992632448482957
0.0,0.5008883863673074,0.9486888846515836,0.8497211439997422,0.474619050802591,0.37720070168584025,0.9578402366863904,0.7515864211226979,0.9648775389071332,0.8352981774489907,0.6682315969669332,0.9735161352285808
1.0,0.4453238572120818,0.949680292919726,0.8671541174525891,0.4748633319103706,0.0,0.9423076923076924,0.6826640041417056,0.9595069499448194,0.8104114048638955,0.6610562481027852,0.8525478030919451
0.0,0.4517848489743172,0.9499558639484548,0.8814449532990501,0.474966669093244,0.3777364136137761,0.991730703559967,0.7504696398195396,0.9558758349414151,0.8034206338065615,0.6732771537196911,0.948975378103545
1.0,0.4421741237279919,0.9498226266306692,0.8959540285492144,0.4781769320443837,0.4036001922520445,0.9852216748768472,0.7357961689224166,0.948230423414357,0.7579873497641254,0.6660294058782708,0.8235946936457946
1.0,0.38047165239864295,0.9482603950808306,0.902411971951534,0.4783877918297764,0.0,0.9549310459219944,0.8249833592189929,0.9428734556706851,0.7246886815366796,0.6708379634753469,0.8505908452936114
0.0,0.436439993539008,0.9481757165793204,0.9182535864585796,0.4778161962126322,0.3443999758052469,0.9839344106914364,0.8578433547814517,0.9380143071680124,0.6852793304497611,0.7172561088782302,0.9754141627415956
0.0,0.3910515264093036,0.9465814562990628,0.924319309566576,0.4748257377567853,0.3780438313889125,0.9928635850862328,0.8110568744915314,0.9323978495691684,0.6747844083878811,0.6460043760950248,0.997576621525302
1.0,0.3922629623647229,0.9450577230760544,0.9220442515073008,0.4750358631599178,0.4205480285441672,0.9755666412281212,0.7811404481917017,0.9270609228900372,0.6934228214586755,0.6320519520935812,0.9417225150194116
1.0,0.4158455822968825,0.9417693998338248,0.9062878021189196,0.4764517501985488,0.3946409877053742,0.9775797643000864,0.7301235115745879,0.9218874842447646,0.6776321097256499,0.6232145252307764,0.9164768907107396
1.0,0.406234857050557,0.9389757269257883,0.8943664576065594,0.4761214472994865,0.4259523613816788,0.9835496977504704,0.6981732120405298,0.915791474032268,0.6475725670804928,0.6058514823166734,0.8623578832016805
1.0,0.3942012598933935,0.9362301498905374,0.8886515793141233,0.4792502755107158,0.3675736122856152,0.9708651273411952,0.7329117668811477,0.90888145549624,0.5835942015669809,0.6268816111946875,0.7867677275010263
1.0,0.4326441608786949,0.935370137332652,0.8943482034283371,0.4777376975220114,0.0,0.9813695372113764,0.7947563050070265,0.9016002129805992,0.5376769947051877,0.6213766628437476,0.8398931555636728
1.0,0.3945243094815053,0.934103556790746,0.8973334992998393,0.4751053986906338,0.5042493646133582,0.9984144286988405,0.8369425338362545,0.8938390085606294,0.4745837397075599,0.597019997389189,0.8827748360072696
1.0,0.3698110159909544,0.933791449889554,0.906504037851944,0.4740063549954362,0.5118829382613188,0.9736496718828872,0.8278529694549224,0.8833824330015678,0.3850362290046143,0.5932183241050552,0.8544582968795561
1.0,0.36125020190599255,0.9316751705355736,0.9039801233083375,0.4772450250718279,0.5783917117025043,0.9694093891973752,0.9530729975593524,0.8746893230241715,0.31506224766218105,0.6067634599709493,0.90215108508878
1.0,0.3266031335810043,0.92938741073509,0.8998946445129611,0.4756638245294752,0.5778716501654311,0.9056032306915696,0.8252348199097705,0.865041096755385,0.2586108732947794,0.5667346229152864,0.9713827881987004
1.0,0.3315296397997092,0.9267379048699976,0.8917493158934474,0.476055042156733,0.5871335044180579,0.8912670368500758,0.7544190518452782,0.8606649628885201,0.2377725153455347,0.5582141075024853,0.9754761335564596
1.0,0.31028912938136,0.9233905896375064,0.8784222693265596,0.4751032953835582,0.6024784063072008,0.8457344775365979,0.7356112713556692,0.8562574872527657,0.21275711436046288,0.5500945643765001,0.890476383211236
1.0,0.346309158455823,0.9209776977493324,0.8700030881776103,0.4773411261236047,0.5926555799114702,0.8381625441696116,0.6560757340433402,0.8521796049752639,0.1808000604998881,0.5533218393064963,0.7218197272028172
1.0,0.4313519625262476,0.9193567866594332,0.8688814589490071,0.4818983972041455,0.0,0.9583038869257952,0.7007100066563129,0.8514036892617283,0.1723124491739088,0.5912307212411785,0.8827255433682767
0.0,0.4141495719592954,0.9181969030584184,0.8728751644575911,0.48454766415074796,0.5948421609383984,0.9528520949015648,0.693669107314548,0.8484702999452769,0.1487389808408771,0.5843936395829128,0.8847290241631928
0.0,0.4466160555645291,0.9155607710539811,0.8685306474609129,0.4826521285223019,0.6742039442005143,0.9943710981475796,0.6523851786110492,0.8454462041995818,0.12641718800135465,0.5475174605900363,0.931335249119682
0.0,0.3999353900823774,0.9122767923708196,0.8574392328228363,0.4807622811950304,0.5146686928409889,0.9909247558874208,0.5765032172176615,0.8399989993318668,0.09430049317434892,0.5475044127153441,0.9215298687567512
1.0,0.2889678565659825,0.9096505572884452,0.8496008002665073,0.4748547290076668,0.4597300732904304,0.8279638061206847,0.6138451297980918,0.8371562607982048,0.08198909451940589,0.5699026929339495,0.8554715333164777
1.0,0.2795186561137134,0.9084512086790042,0.8502245087984291,0.4743397690762803,0.4473595280046688,0.8143622845945483,0.4292212114488571,0.8350217057710052,0.0704896720786401,0.5021915594353031,0.5836991748454259
1.0,0.2788725569374895,0.9075739770664756,0.8539458780301591,0.4743911675723242,0.4675169953884255,0.7991470232263269,0.3809703424302936,0.8385700291026337,0.08486280859679074,0.476582722861989,0.5874704491725764
1.0,0.2908253916976256,0.9065556574078713,0.8575352982662504,0.4750725486647327,0.4588382153324225,0.8224309838049684,0.4386435914503368,0.8392658506746571,0.08202002779702383,0.4592191909199774,0.6950723660648456
1.0,0.3015667905023417,0.9061510709150896,0.8638791233394135,0.4720059351073908,0.4720411664272838,0.8286554089101492,0.4665113527105982,0.8349270532899362,0.042016122367831865,0.4771991427285857,0.6630290517622774
1.0,0.28040704248102066,0.9063997273304988,0.8740599083562891,0.4743634061168224,0.5329312176546369,0.8188577027260681,0.5732564159455661,0.8339710482938059,0.03675345886348708,0.4908034966691314,0.7838287652474358
0.0,0.28719108383136777,0.9066976754208668,0.8841029552231164,0.4744992648257482,0.47951282259253,0.8689989049622499,0.4273056726573482,0.8311139455407304,0.013448029185500364,0.4636253599953506,0.7803948005983109
0.0,0.2754805362623162,0.9061114006640499,0.8880102943286649,0.4739139616113912,0.4517694726940033,0.8438706702783706,0.3673249020042897,0.8306379964024624,0.01970395269747266,0.47839828701739295,0.5742227671861407
1.0,0.25973186884186705,0.903597817140226,0.8789235809473862,0.4731397980869679,0.45432886282914103,0.8051409140683538,0.30201908142888834,0.8299561332870204,0.0,0.489900365185132,0.4548690768135429
1.0,0.2858988854789209,0.9005447803937643,0.8643617756313297,0.4749629581803342,0.4530793546611314,0.7827790905423322,0.2515124620959988,0.8333949697766576,0.010952593130705124,0.5098384693197302,0.3312960859610222
1.0,0.28121466645129983,0.8972872085291461,0.8486800337088795,0.4749642995648698,0.4551194211720934,0.7349432309376981,0.1561570889727088,0.8392476771894204,0.0351752625898471,0.5275275249401644,0.29006031562422474
1.0,0.2230657405911804,0.8947895461766597,0.8382654895781751,0.4717270448884389,0.4482425876990242,0.6233646475707451,0.0,0.8454555801739461,0.06043861289644802,0.4532209385115417,0.03703982874544067
1.0,0.3387982555322237,0.8923247049846341,0.8276036032378314,0.4753162968268073,0.4562646592869464,0.7601867327531554,0.07221359366910696,0.8559028663829801,0.10755230595308383,0.4363354551575525,0.0009082217973226717
1.0,0.4079308673881439,0.8906520105422486,0.8232680041189596,0.4761223268523366,0.4597336882682502,0.8017981672526079,0.1309814362842982,0.8645243302884129,0.14250466704533832,0.4094945963180941,0.0862495860209112
0.0,0.3747375222096589,0.888807550511042,0.8188575088391393,0.4775183461442744,0.4752988154798125,0.7887729813843584,0.07996449966718439,0.8714924588387303,0.1910563831390304,0.4308184462664726,0.045740260129914605
0.0,0.4340978840251977,0.8882231389091539,0.8211472105241661,0.4775618711608315,0.4568266818595981,0.8449080744625672,0.11587900303231975,0.8804721087532108,0.2503516402644739,0.4023566134467396,0.01328732221756342
0.0,0.4035696979486347,0.8867522175581222,0.8194135173200071,0.4795869598191803,0.45712778234922297,0.804795112673621,0.12881443680201116,0.8886889897829133,0.3047879842281779,0.4078952861010608,0.04418357145160709
0.0,0.399289290906154,0.8849220814707794,0.8143928266843955,0.4830920806249258,0.5032389497372229,0.7988012218315949,0.13382885881221795,0.8979944140117571,0.34813892122925083,0.410182159107548,0.06113135743541754
0.0,0.4974963656921336,0.8831675574301474,0.8119052221548956,0.485689668031896,0.4840415423737783,0.8860584404357098,0.1684860587234676,0.907676921446104,0.3893197828435302,0.4265211788022129,0.10060926584359263
0.0,0.4626070101760619,0.8827989240182827,0.8190099243418095,0.4874341092854631,0.4678881743034244,0.8428332660941733,0.2071592337844831,0.91460482992724,0.4100124390849291,0.3964688224632563,0.1780092551233719
1.0,0.381602325957034,0.8836092195929366,0.8339311650429827,0.4853948529576608,0.518525608411746,0.8126332776208866,0.19076991346793928,0.920137918157129,0.4138841267096592,0.3733479584156051,0.036448748414301714
0.0,0.4176223550314973,0.8849658513428846,0.8519441850710211,0.4838884056686693,0.5329426866417021,0.8633508155149563,0.2889505214111381,0.929280400833388,0.4502574690089365,0.3759303420394178,0.17973777348777348
0.0,0.4282829914391858,0.8852444798239236,0.8640122184721141,0.4842528394691207,0.4763006599102123,0.9059996541986056,0.33863619554766605,0.9353244032554956,0.4756162816417734,0.4060632860863012,0.3299549549549543
1.0,0.3458245840736551,0.8854147694350876,0.8767380392826473,0.4829058282124503,0.4768960254685072,0.8284248746469945,0.3381480659714513,0.9383504048901591,0.5108852909125837,0.4050355454066487,0.3069095881595875
1.0,0.3052818607656275,0.8842340066043497,0.8771242769210611,0.4843452006892433,0.4581235877975319,0.7712523773845891,0.3433325937430667,0.9423097861275632,0.5318405175834011,0.4086371047375167,0.2005509974259981
1.0,0.3091584558229685,0.8818679834728149,0.8674726012009976,0.4849586883681953,0.4740147188757818,0.7233012506483777,0.2669846904814732,0.9478640005749116,0.5713986829908555,0.35935914387148205,0.025619369369370724
1.0,0.4160878694879663,0.8802838296374189,0.8674072489594423,0.4880420004151562,0.4698545833750818,0.8475592184888483,0.446490644183122,0.9584673569295374,0.6354690214293552,0.4751096556358057,0.2700783421784172
1.0,0.37094168954934575,0.8785750751168446,0.8700124747049179,0.4887545609675823,0.47381752804673904,0.8165523600945196,0.4447008357370017,0.9619795705381846,0.6693595860920043,0.4733131311011958,0.2508264570372482
1.0,0.4057502826683893,0.8777485774055579,0.8799816841812015,0.487360951773713,0.4834374054258065,0.8278485389891073,0.4887064566230309,0.9671294106476818,0.7111562743743107,0.4756605572517622,0.07945729568882845
0.0,0.4009045388467127,0.8749602858222825,0.8703593318371686,0.4869463320290594,0.5340286210848091,0.8313065529364303,0.4855705938909846,0.9713214118514396,0.7628789460077359,0.4723610716342165,0.15756845796875402
0.0,0.4974156032951059,0.8727951973335397,0.8654422814166133,0.489509263562512,0.5639981154973196,0.9072675926459576,0.5866577915834625,0.9752402612925511,0.8135532733047379,0.5566430795231213,0.5391184573002739
0.0,0.5174446777580355,0.8712724649454442,0.8661476004045735,0.4870422145840617,0.522282323354825,0.9293988819088236,0.6574735596479548,0.9750037360267972,0.8394348380337244,0.6231579688263259,0.7759543486816206
0.0,0.4296559521886608,0.8712451761208346,0.8775716661323912,0.4850385718438192,0.6110807772042428,0.8609302057518299,0.618038606611937,0.9713988690818188,0.8250225646647342,0.6113639347127645,0.6941106400868854
0.0,0.4474236795348085,0.8694885697331782,0.8757939192879997,0.4859480819235062,0.0,0.903694311567057,0.6686709562902153,0.969118865965172,0.8176933839555965,0.6602203586592442,0.6614231160004196
0.0,0.5687287998707801,0.8656163232521912,0.8591289845855444,0.4902597225282614,0.5265005454898667,0.971701919197741,0.713578877301975,0.9646939848200328,0.7929329454279495,0.6961903104313172,0.8513124721933852
0.0,0.5730899693102889,0.8619909183573953,0.8444673202785061,0.491018780220562,0.6692964033041904,0.93585384127716,0.7708453516751724,0.95858638457363,0.7724165449227303,0.7357706982580559,0.8047802500196558
1.0,0.5086415764819896,0.8597370451635133,0.8389069613065426,0.4904536544001698,0.426414583734041,0.9994808565866318,0.8204200872716518,0.9527090715633622,0.7515679650025702,0.7237981299003231,0.8399103040429139
1.0,0.5025036343078664,0.8587800034813795,0.8406840884454377,0.4905946982950865,0.3858320316079588,0.9666312151023664,0.8268619184971522,0.948652425308146,0.7474753709964279,0.6852986038760843,0.867078379314325
1.0,0.4744790825391694,0.8605605276778641,0.8620839503569834,0.4925235745809298,0.39328032816090347,0.9372507311885132,0.8073663190592409,0.9445955063348932,0.7393558643255029,0.628954903970663,0.9296988990582298
1.0,0.3769988693264415,0.860041127007273,0.8678293924260915,0.4847923266243837,0.4855106280044871,0.9945902082769816,0.8225057318245693,0.9396890701685016,0.7347119258130155,0.6383583639466672,0.9797005939305192
1.0,0.4384590534647064,0.8604514904884666,0.8797709009983575,0.4897689943742796,0.4585559656994058,0.9256812551610236,0.7601360846091261,0.935454382072444,0.7502002745064351,0.6232223505963187,0.8838075810245403
1.0,0.3807947019867545,0.8590000371493969,0.8769611857774294,0.4893595096308904,0.4666550820700974,0.903110377098816,0.6648546705125362,0.9312307901631836,0.7570928333860463,0.5337027713136232,0.8809766657646587
1.0,0.3206267162009366,0.8614950433183388,0.898674121586586,0.4888183723137744,0.5007181918438774,0.8876961189099914,0.7661637452851127,0.9271285400807516,0.7668124868874411,0.5457876060810919,0.8966299619075376
1.0,0.3131965756743659,0.8610510107774145,0.9022125028945388,0.4881040952995196,0.5683712426639833,0.9149463253509496,0.7417942459877228,0.9190532726794192,0.7337204207802088,0.5753120792485822,0.9984071133089248
1.0,0.38071393958972705,0.8598595502654389,0.9005119106568861,0.4887943103311338,0.5343264270371311,0.9258188824662816,0.7234524073663189,0.9130318330052992,0.7265570214615833,0.566523466788941,0.951028817454238
1.0,0.35058956549830383,0.8563883287699272,0.8865028600330295,0.490372431035002,0.5371583745967179,0.9208642994770164,0.7308039346202206,0.9070424114215332,0.7104099089981188,0.5740219342627292,1.0
0.0,0.4048618963010818,0.8545837427540809,0.8835560765451248,0.4902211439247767,0.5314639780034195,0.9214148086980452,0.7444937504622443,0.9006595985613328,0.6949860362815032,0.5830675169226079,0.9333352229245216
0.0,0.4057502826683893,0.8522646415309088,0.879128346728758,0.4903126091676445,0.4850754393945616,0.9170107349298096,0.7426891502107833,0.8947728562089696,0.6888081236410104,0.5807904778551318,0.9813017960893028
1.0,0.3741721854304635,0.8517566834589012,0.8849819053267162,0.4921274467695889,0.4931618920877967,0.881365262868153,0.7303601804600252,0.8890208702303108,0.6853363033573627,0.5746729632740272,0.9100743337160808
1.0,0.3631884994346631,0.8514844594939319,0.8929376447123335,0.4950677436183815,0.496524765562253,0.8788879713735205,0.7643221655203019,0.8822572588595003,0.6735033990550527,0.5524728126281357,0.9902909904868488
1.0,0.35083185268938744,0.8498310491909942,0.8910710406807693,0.4980958273272095,0.5006916693418932,0.8601706578585189,0.8203757118556321,0.8741773368154366,0.6324712416038769,0.5829905688356279,0.9531652580124736
1.0,0.3924244871587785,0.8480578725969314,0.8888754260323809,0.4971160522244124,0.5928158853094444,0.8662262592898428,0.7930404555876052,0.8665053140425802,0.6031238902059971,0.6206796875431759,0.8918802075145426
1.0,0.4178646422225809,0.8450825532761809,0.8796904989656825,0.4985996031959383,0.54095359025795,0.915909716487751,0.7806301309074775,0.8616540041520422,0.595967828955443,0.604200032592397,0.9369595975475556
0.0,0.4558229688257148,0.8428543092204788,0.8758312867728331,0.5011631863021581,0.5691392031737561,0.9138453069088911,0.6876266548332226,0.8555755407754102,0.6021609191287939,0.5859200167891484,0.9704022569191108
0.0,0.4693102891293813,0.8401781845906469,0.8676776326634749,0.498297894072993,0.5155919901498432,0.9251307459399948,0.6708897270911915,0.8514465848677804,0.6144179052108758,0.622570703738807,0.9316357799503854
1.0,0.4345016960103376,0.8377096032828037,0.8621962397618367,0.4966062628800476,0.5075527593319417,0.8469584365538122,0.5838769321795722,0.8461853456884032,0.6188271144012567,0.6123009738423506,0.6840799649788403
1.0,0.4409626877725727,0.8363501466337461,0.8620545063373254,0.4974106763125294,0.5121413208198332,0.8143704680290041,0.5562088602913983,0.8442159964577078,0.6497263651555003,0.5921101929412425,0.5251228172576485
1.0,0.4063156194475849,0.8353209109471085,0.8647128263286529,0.4986481194796424,0.5173237115576459,0.7986816084377055,0.5484283706826418,0.8446077320928074,0.679297805871445,0.6341072507452844,0.5130113332360532
1.0,0.4350670327895329,0.8359780986820451,0.874359605546915,0.4967165181238149,0.5005128327885991,0.8415293342122606,0.5671178167295315,0.8459205816643038,0.7065752197495309,0.6502409881771394,0.65491998638066
1.0,0.3813600387659502,0.8352370356339234,0.8756081190191974,0.4969060089344062,0.5038038112870885,0.7977587343440998,0.5340803195029956,0.8447595283257596,0.7173942151001944,0.6717813023515972,0.5833211732088142
1.0,0.3799870780164752,0.8330631609279919,0.8690496606824129,0.4970852495244041,0.5148102256400352,0.7637442320369148,0.5745506989128029,0.8431337143024984,0.7434268879578344,0.6573904725117052,0.6496181720900832
0.0,0.47383298336294605,0.8300833511447789,0.8557440632929909,0.4996350787349149,0.4918125171213964,0.8229400131839156,0.7131499149471191,0.8405364801847419,0.774798004167746,0.7426625532006522,0.959628386594678
1.0,0.44217412372799214,0.8276510461899658,0.8475050101581655,0.4979836232808962,0.4967030943652774,0.7646516528381404,0.5955180829820281,0.8328772745362567,0.7568378501405033,0.6925557354826936,0.8860370296103192
1.0,0.44047811339040543,0.8266917764931234,0.8504552317659745,0.4977473807458896,0.5035558266305847,0.7736072698538128,0.6255380519192371,0.8304208940963862,0.7626891938005433,0.6811072320139945,0.9600628300247316
1.0,0.43046357615894015,0.8261500357847738,0.8585381731856531,0.4973734530040024,0.5013595532501233,0.7469080708912403,0.5983433178019376,0.8260905752781096,0.7592585837042689,0.7017671872999766,0.8817749492971524
1.0,0.4136649975771277,0.8241478048674784,0.8576895036354292,0.4998784571006144,0.5194935905728995,0.7383654213948739,0.6128097034243032,0.822833058849679,0.7759377750307401,0.6728157387538778,0.9362141408287464
0.0,0.5464383782910676,0.8216602267720132,0.8511635835309287,0.5048276660805397,0.5214833499085527,0.8767395626242543,0.5701575327268694,0.8190197301552955,0.7847695360901157,0.6312405310887711,0.7672060753051562
0.0,0.5491842997900177,0.8181055604826264,0.8399600032324458,0.5055428256758142,0.5185710145980752,0.8455521830492644,0.5707196213297836,0.8161105788631888,0.7804093036528299,0.6320004920234938,0.7905848674008985
0.0,0.5528993700533029,0.8150363282061435,0.829364520061986,0.5059499209339515,0.4933509783855648,0.8383398303141479,0.6213297833000516,0.8129332774717672,0.7790900962639051,0.6822286083862201,0.7314222098524905
0.0,0.5659021159748018,0.8121747579842542,0.818474055186795,0.5073345092581966,0.4911992674588263,0.8130263896687251,0.6085644552917681,0.8094334309754299,0.7703770670617154,0.6713719465247588,0.6533736233151753
1.0,0.5385236633823292,0.8113396126151984,0.8183943772432777,0.5063119379164902,0.5070565480253575,0.7672738373867916,0.5488869166481769,0.8089868413648118,0.8059440346547709,0.6071071068235205,0.3633258618849397
1.0,0.4863511549022773,0.8121665901648376,0.8299551845581908,0.5016790954071534,0.5049736873433843,0.7746005902106441,0.4929738924635749,0.8108468727976899,0.8513247668957573,0.52829349904442,0.3682712491550128
1.0,0.4767404296559519,0.8126829446528778,0.8392863292554028,0.5007117381494502,0.5022237411397987,0.7841660730640069,0.5655129058501587,0.8130328089626107,0.9062476357432052,0.569397939384487,0.5095883587718352
1.0,0.5185753513164268,0.8127532073967505,0.8469155944062506,0.4999507970761101,0.4949080481739031,0.7941385977409177,0.6181051697359664,0.8117741825237106,0.9504725168740636,0.5930165694712118,0.6802220087522673
1.0,0.481505411080601,0.8131300813128708,0.8590409506342725,0.4967285573548715,0.5094992834459177,0.8020759133000918,0.6554322905110566,0.8088814027625209,0.9609695721602602,0.5826900991314816,0.7125630571487787
0.0,0.4985462768534968,0.8145531759848721,0.8809443104348379,0.4971745845723053,0.5082987160071828,0.8616057799938942,0.7017528289327717,0.8051359488162293,0.9653627082654632,0.5819447703814165,0.7861860908224834
0.0,0.4832821838152156,0.81387427526313,0.8908678713175214,0.5000157092355946,0.508220445546014,0.8462399511549811,0.7108128097034248,0.7992627639742649,0.9304957851268424,0.5901282507606921,0.7383639509020521
0.0,0.5096107252463249,0.8126928545444938,0.8947730072479952,0.4980974516439384,0.5023385636882535,0.8503103693904547,0.7999186450706313,0.7954739546740901,0.9389621822957824,0.6028244236154822,0.7998795798675384
0.0,0.4853012437409143,0.812093727372355,0.8988076912613289,0.5002361471336713,0.499604088353552,0.8332146128014655,0.7876636343465724,0.7921003899311554,0.9563260911480138,0.5733965259571362,0.8835617845913568
0.0,0.43950896462606986,0.8113440583885134,0.9006298852122555,0.5008568716725512,0.5001418626863158,0.8067568942708863,0.7625101693661709,0.7877437891863956,0.9969462185040529,0.5272149503642243,0.9148599494461678
1.0,0.4723792602164429,0.8104582259607476,0.8987566871707168,0.4994013944135146,0.5134096956036887,0.8096061870357175,0.81213667628134,0.7799557882082382,1.0,0.5581244195644273,1.0
1.0,0.4609917622355029,0.8093616349628061,0.8966111698816718,0.5024610198707506,0.5008184368305817,0.7980054950646178,0.8544782190666376,0.7714321997123585,0.981718252016592,0.583751933567645,0.8772865527138758
1.0,0.4450815700209982,0.8086579258836375,0.8973908694844644,0.501137422753275,0.502018781286859,0.8014653505647706,0.8740551734339176,0.7670314138677989,0.9575960168657374,0.613947009105651,0.9504410212370052
1.0,0.460910999838475,0.8073997542882847,0.8953358542655737,0.5022699746705667,0.5016783446682312,0.798514297344052,0.7888617705790995,0.7616542934730803,0.9250367284863056,0.5573360206626112,0.9559843400447432
0.0,0.49119689872395395,0.8057118093381554,0.8902334125124517,0.5005468251343781,0.5054217458777568,0.8152030121094941,0.8516012129280381,0.756325821948107,0.9077656822167957,0.5330125410979605,0.95909768829232
0.0,0.4929736714585688,0.8045293899758177,0.8888033039762421,0.5005800957679329,0.5116604057329088,0.8222244835656859,0.8640115376081652,0.7486278126108361,0.8637121442328562,0.5393669653842977,0.9592917362975756
0.0,0.49135842351801,0.8028749506642032,0.8881746707385737,0.5004337794322633,0.5082465871124647,0.8231403276686681,0.8499223430219658,0.7412936716016005,0.8288301003609693,0.5829639819407041,0.9445706667668092
0.0,0.5331125827814568,0.8016996829318903,0.8887453565135023,0.4995556775250302,0.5093648063288179,0.8347410196397679,0.8843354781451074,0.7349592284097948,0.7969430607377048,0.5448887782496776,0.9847683274228232
0.0,0.488127927636892,0.7989765154476447,0.8779700959340454,0.5003124023725389,0.5274764675722121,0.8044164037854887,0.7832260927446199,0.7272739503101866,0.7740954592870397,0.5310378322515632,0.8373561792821846
1.0,0.5264093038281376,0.7968831665347564,0.8677969845563284,0.5032502059591978,0.5071410101441631,0.7902717004172177,0.7847348568892836,0.7223695172356823,0.7802109998505571,0.5318526072391608,0.8328340552195239
1.0,0.5146987562590856,0.794114371238362,0.8568949539222465,0.5029071030810762,0.5152608967986322,0.7570977917981072,0.7957547518674658,0.7150142981080749,0.7745053560174604,0.5375803261028925,0.8116926482092777
1.0,0.5229365207559359,0.7924821413925749,0.8550927110110221,0.4997229580744683,0.5248769239999858,0.7633051796072045,0.9046372309740408,0.7071164467757621,0.7370156060807775,0.5643058236249588,0.9585948978228932
1.0,0.5401389113228879,0.7913046784274911,0.8579590247421912,0.4971928439414444,0.5083034575722243,0.7680879210338859,0.8748613268249394,0.6949194804357028,0.6741932421714039,0.5530704776593676,0.9824309721652952
1.0,0.5370699402358261,0.7897016822988498,0.8569859103903626,0.5006858321314702,0.5257173427232921,0.7672738373867916,0.8979809185711116,0.6823138580319159,0.5671689739667771,0.5646605876845664,0.993641640571298
1.0,0.4947504441931835,0.7879776451423501,0.8566730365550189,0.498720782417063,0.5266583842401645,0.6923781418540753,0.9845203757118558,0.6725138654778648,0.5167147170918793,0.6036185309034658,0.9712132279699844
1.0,0.5159101922145047,0.7856783160680001,0.8500981521464787,0.4965174706689747,0.5415113732091078,0.6968556019130964,0.8161896309444565,0.6630622474172148,0.4696198548321775,0.5124633293131329,0.962203860305984
1.0,0.5012921983524469,0.7832688548799659,0.8459601423231019,0.4962554184752575,0.5418242692634432,0.6502852567310577,0.8031876340507358,0.6574659664555011,0.4727883923082806,0.5082963553221135,0.9848906208484638
1.0,0.4856242933290259,0.7816062301365851,0.8436327623461991,0.4957764510871553,0.5414756546202321,0.6156326331216415,0.7343317801937725,0.6495661192653437,0.4553438322773919,0.4808275601150728,0.8
1.0,0.5120335971571633,0.7808196721764487,0.8421556485076768,0.4974655910612542,0.5404331209122326,0.6511559847819722,0.7708083721618224,0.6448676195969316,0.4396736675124479,0.5089784232221323,0.8900516913031652
1.0,0.5386044257793567,0.7802514440597326,0.8361581193841136,0.4954926713460875,0.5399156459650993,0.6821720513818604,0.8330227054211969,0.6352369636452586,0.4073283242858366,0.4950439065982821,0.9793597533327294
1.0,0.5267323534162492,0.7796193479230691,0.8304286300731708,0.4949966890535222,0.5411389567855053,0.6618101119258972,0.9046963981954,0.6242545259812617,0.3546704965599685,0.5306200806673516,0.983891658114646
0.0,0.5430463576158938,0.7790118829966772,0.8286055593812566,0.4959570548259082,0.5420031733890901,0.6895199847007075,0.7578729383921305,0.6167622577097298,0.3296019351605704,0.4971696802356238,0.7811755509231684
0.0,0.5361815538685186,0.7784466618009125,0.8316847728226545,0.4956565997133807,0.5308710562942491,0.6771849301969781,0.6994674950077657,0.6170666911629206,0.3425946631016312,0.4532293035576046,0.786982578916021
0.0,0.5682442254886123,0.7779610407814608,0.8330127982846073,0.4940531945043353,0.5443821071862673,0.7121820615796518,0.7362473189852822,0.6178857213472506,0.3424877869187598,0.4754140561893678,0.9670562835020842
1.0,0.53731222742691,0.7778399835018,0.837238186580333,0.4958715129098015,0.5458658078759823,0.6827777247110517,0.5894904223060425,0.6132602937095553,0.2987735330689682,0.4468572987343766,0.9601777699551176
1.0,0.5032304958811175,0.7780844351547969,0.8431489906856551,0.4971859596190364,0.5511935548068603,0.6593752985003342,0.5890318763405075,0.6121686292351649,0.2928050813576341,0.4469243428916176,0.9050779510022272
1.0,0.5003230495881118,0.7776839131948431,0.8450009642877297,0.4968384557796503,0.5511103334229618,0.6632916228866176,0.5354929369129501,0.6111303390701976,0.3036599262867288,0.4185667279781891,0.9300445434298444
1.0,0.4575997415603293,0.7772825712766376,0.8500887715313484,0.4947580575990671,0.5523694822425346,0.5887859394402521,0.4436358257525331,0.6103766447847874,0.3287090374246249,0.4258950706479193,0.8232770883942837
1.0,0.4669681796155708,0.7759967232635081,0.8483410885474837,0.4950519040615379,0.5490323030102864,0.6173464514280257,0.4760150876414465,0.6090479232256021,0.3047205125114624,0.4406289133486939,0.8384339136544614
1.0,0.5033920206751736,0.7755906297345614,0.8555258394259521,0.4941643904133004,0.547839048049471,0.6194478937816411,0.5112417720582796,0.6039779595566563,0.24493082083815004,0.457308940901581,0.7979168621563288
1.0,0.4701986754966886,0.7745609911498124,0.8544556886703688,0.4954855547502259,0.5584827652668817,0.6064564284381414,0.5054359884623918,0.5975368616077403,0.16353532178382027,0.4545951107433999,0.749160176409871
1.0,0.453965433694072,0.7748535075729757,0.8603215411086121,0.4946550245408858,0.5575949316974527,0.5807986564657585,0.4855927815989942,0.5944928160487617,0.1391766879082536,0.44483597019264093,0.6173594820305899
1.0,0.4179454046196087,0.7745870738292913,0.8549994989147668,0.4959649115341893,0.578238624312047,0.5488897182310131,0.3702906589749277,0.5936033513222354,0.1428485156942838,0.4445954196707744,0.5833911982734351
1.0,0.401954450008076,0.7732493428967058,0.8435562107044087,0.4951554826381405,0.5921009144819358,0.5202463146109347,0.3334368759707121,0.5971903389877982,0.1855177773398051,0.4247663594191852,0.4812799099183637
1.0,0.3655306089484734,0.7719905972611363,0.8323877290975218,0.4937125568405415,0.5802083559564942,0.44654031825496143,0.09010428222764556,0.5991816563492591,0.18823969347952152,0.3530415974934084,0.14768271219933976
1.0,0.4298982393797446,0.7739004316923597,0.8491258052779361,0.49820457102274296,0.5726425993722789,0.5261324041811846,0.2834109903113675,0.6071203277230974,0.2265357764330248,0.3919198943865884,0.401064709380757
1.0,0.3539008237764495,0.7773071035543695,0.8757692112314174,0.49109582541747204,0.5789624580863962,0.5410524434914679,0.3134235633459063,0.6067192613698198,0.2293892681090463,0.4086907176547804,0.3682530933143797
1.0,0.3130350508803099,0.7794386792805412,0.8968483844696268,0.4918802072616802,0.5750860239633105,0.5132672205842936,0.267176983950891,0.6065614444501006,0.24945968211772346,0.4359746232685392,0.3365729122847736
1.0,0.3665805201098366,0.7811175215112818,0.909672258459914,0.4922204142782506,0.5948642297823049,0.5312248726882871,0.3460468900229274,0.6086492484621975,0.2633254843543303,0.4306056966362977,0.3370515963387923
0.0,0.2798417057018249,0.7821581260525727,0.919208487798344,0.4889834500766274,0.6091692656213785,0.5116590726346822,0.31884476000295825,0.6086633298410613,0.2319569387681427,0.4650454058630686,0.2864561423867476
1.0,0.13939589727023072,0.7842661503921482,0.9332426951587968,0.4793632212616539,0.6138486762535648,0.3527204502814258,0.23359218992678046,0.6121933629080699,0.23141064220387844,0.4021409561916625,0.002117313785903468
1.0,0.17315457922791128,0.7847231554831693,0.9368904765863794,0.4781784897617289,0.5937157552357779,0.3852407754846779,0.28338140670068784,0.6220990870305123,0.230466103257186,0.4243841225639508,0.02091396975117926
1.0,0.26530447423679515,0.7854266827056939,0.9421593162789992,0.4812125048290691,0.5864282743565907,0.473242204949522,0.3807410694475261,0.6319376923965894,0.25702330183140554,0.4294914113646137,0.08375625572707363
1.0,0.3036666128250685,0.7854631274369224,0.9429847541059392,0.483811912360269,0.5942489400403207,0.5268471366032341,0.3949633902817839,0.6416987176336735,0.2747716734936171,0.4372514644957389,0.046088991084755136
0.0,0.3306412534324017,0.7856182881215563,0.9419103725799944,0.4821067011036543,0.5966573182861467,0.5405163941749307,0.3688558538569631,0.6517141989117088,0.327495680114992,0.4269861141844147,0.12978102189780946
0.0,0.292682926829268,0.7854346064382187,0.9427741945215086,0.4796684958478417,0.5784324672932967,0.4976324488519609,0.3349530360180457,0.6566438094747775,0.3370472867308489,0.4560946712659299,0.0581995133819942
0.0,0.3618155386851879,0.7853399009444801,0.9451551934085608,0.4846070395534836,0.5496736601904003,0.5746448673277941,0.4831373419125807,0.6608862865866267,0.3300213485399396,0.4905655001739478,0.25577517288734153
0.0,0.5257632046519141,0.7852300992423873,0.9520401510909116,0.4922778042300261,0.5561025967994759,0.7361743947109801,0.539997041638932,0.6613114919002092,0.32017349182169696,0.5226190050732307,0.4588013144342538
0.0,0.4953157809723793,0.7845321623132717,0.954745012313784,0.493877083543317,0.5566273373608275,0.7135709818636647,0.569255232601139,0.6630380124654864,0.3425288043185037,0.4888779390122708,0.4823924665260678
0.0,0.4893393635923114,0.7844130146791464,0.9622008230665144,0.4971127290083036,0.5736769549993962,0.7116948092557849,0.4277864063308928,0.6654700038201964,0.3883621069149139,0.4624812165557535,0.3547746333807445
0.0,0.4802939751251816,0.7840615599533294,0.9667392804291304,0.4966009734640793,0.5769270314031021,0.7005271151612614,0.3530064344353228,0.67110889989593,0.43159646236747257,0.4772682396788946,0.3103143852077098
0.0,0.42949442739460497,0.7841236560437459,0.9735801325855838,0.4971904634518503,0.5605056722337927,0.6461181095327436,0.3130315805044004,0.6746222955638121,0.436514948647556,0.504931092296189,0.20388444749619852
0.0,0.5142141818769179,0.7837126175685554,0.9752972181177324,0.5026407523191253,0.5586834082464276,0.7589564906638075,0.4712817099326974,0.6779826890573066,0.4167120884964091,0.5348319248785527,0.5418117612438078
0.0,0.5010499111613631,0.7827675514018384,0.9766633575336856,0.5024068790168474,0.5576988661732283,0.7159832037880817,0.5070408993417647,0.6764591599476497,0.3672679921608518,0.553765614095265,0.5305802148217177
0.0,0.5779357131319655,0.7818362016385167,0.9750866749190992,0.5040357739437152,0.5525282758791391,0.800321629589922,0.6209082168478667,0.6767320548084619,0.3474003537593604,0.6163593494635969,0.9431065770758748
0.0,0.5305281860765624,0.7809613105996676,0.9759653496240692,0.5045199266852802,0.5574691547157881,0.7612793710354684,0.5309740403816287,0.6699100889604503,0.2785585727787563,0.6161541998903295,0.8336486523539258
0.0,0.5269746406073331,0.7791924921420983,0.9697813475331708,0.5045543567591958,0.5651949949338233,0.7451978915393549,0.5677316766511352,0.6641091528804881,0.21580529297304074,0.636159786685982,0.6603602862548338
1.0,0.5658213535777741,0.7768836399433818,0.9623715962283576,0.5040277307079666,0.5852482471031045,0.7462699901724291,0.6595222246875232,0.6578827351003679,0.14419606073331115,0.6363497960098807,0.7719283814537592
1.0,0.4376514294944273,0.7750543286545719,0.9577619715732882,0.4960704467119581,0.5848629243835544,0.5947467166979361,0.6368685748095555,0.6521540232102141,0.0967627269950655,0.6272346175281759,0.4805077311108677
1.0,0.4282829914391858,0.7752356657530746,0.9636695909274974,0.4989413979148538,0.6007070734777237,0.5921558116680068,0.5993861400783964,0.6524884324603881,0.0877539611519384,0.6034555589794611,0.5586429193233423
1.0,0.3660959457276689,0.7748590279479868,0.966251092131408,0.4981576428315659,0.5940017671363003,0.5349772179040471,0.4684342874047779,0.6522092833787636,0.07750306870218943,0.5826656712083741,0.3793614568383416
1.0,0.3984009045388465,0.7740894129316187,0.9660736946428622,0.4972111987469506,0.6155935538309614,0.5387295631198068,0.5679535537312329,0.6577297671660916,0.10495978766129266,0.584011860980483,0.4123473637155032
1.0,0.3634307866257467,0.7729303117314155,0.9611175537499541,0.495102976950818,0.5940027685660839,0.4828910926471901,0.3734708971229935,0.6607320120240441,0.10412336289834184,0.5464276266869319,0.29576735759828743
1.0,0.3651267969633336,0.7729567909756938,0.9627721803878992,0.4952592208621317,0.5912513985827332,0.4825337264361653,0.3964055913024183,0.6683663353416059,0.1347987441294703,0.5050873379371815,0.3611509775780535
0.0,0.515506380229365,0.7742289375891553,0.9747724495631652,0.506574403308276,0.5961642746160024,0.6540695077280441,0.5242807484653502,0.6725011287138489,0.1362694312692771,0.5129859314336837,0.7154083241182984
0.0,0.4959618801486026,0.7739367335307308,0.9813319649599294,0.5042709196144135,0.5970898967829489,0.6635397123201998,0.515723689076252,0.6729056280213173,0.1385946334173953,0.5087659398299347,0.7540408912312082
0.0,0.4893393635923114,0.7691766152206256,0.9594333652234838,0.504596519659159,0.5919822347414098,0.6212811578665236,0.3602026477331555,0.6731176964178556,0.13928591175342284,0.4820840402208539,0.4793308707620642
0.0,0.6690356969794863,0.7631696078558512,0.9257372782381786,0.5176070222110084,0.5910717151382605,0.6565951055746975,0.3624731898528216,0.6755633605875444,0.1490153282671242,0.4831373803774273,0.4774311090867688
0.0,0.673477628816023,0.7578496187207808,0.9075652299413396,0.5186053186533913,0.5763207502913663,0.6815990045108102,0.4305672657347829,0.6772902507835981,0.13476436148106047,0.5188992294050627,0.409246185379185
0.0,0.7388144080116297,0.7576996407067824,0.9239350866851892,0.5235801596503736,0.5622528400092142,0.7468716205777846,0.5023223134383551,0.6784221070993364,0.11108832905872773,0.5519389104124685,0.7263493509451144
0.0,0.7521402035212404,0.7577667579836653,0.9436838130452572,0.5232653494011296,0.5627782045816467,0.7864205159894948,0.6270468160639004,0.6774364337762253,0.09137381834122517,0.5630699853285388,0.9153268048280568
0.0,0.7827491519948311,0.7576432889139435,0.9514392698335644,0.5218716113738537,0.5869673715917099,0.8132241619032905,0.6114488573330377,0.6747298351534898,0.07386872241973974,0.5543604067316535,0.9395809610567064
0.0,0.6784848974317557,0.756236634732645,0.9513623735111724,0.5193543260796525,0.5916649782304532,0.7138112158195581,0.4367206567561568,0.6729348043928223,0.06503604856889439,0.5234290990187134,0.7661125028467315
0.0,0.6851881763850748,0.7552349073734212,0.9512602884637,0.5201837636702098,0.5849016785461761,0.7086358720840412,0.3859034095111308,0.6745607266558578,0.06895431501044152,0.5498057387515051,0.6126564222265446
1.0,0.6884186722661926,0.7541504116340179,0.9493362876155046,0.52056398813475,0.5797631683125188,0.7067047736752663,0.3576288736040233,0.6764620391574674,0.06804198004250689,0.5388785840046598,0.5945325292543635
1.0,0.7370376352770149,0.7532132859269032,0.9484983637413932,0.5206922491878658,0.5764493741938709,0.7502703537772284,0.3421492493158791,0.6792108628774765,0.0695620352553436,0.5336975679219442,0.5822934928328343
1.0,0.7479405588757873,0.7516769505143432,0.9408664548892406,0.5179323734905757,0.5954948636310448,0.7539780627220761,0.1942755713334809,0.6795819826548826,0.04404451510131169,0.5153297546706406,0.35770954409412725
1.0,0.7071555483766757,0.7503495962243503,0.9352820022541048,0.5161438051677198,0.5841353646507126,0.6982294072363355,0.14586938835884894,0.6836360316441865,0.030404343469022318,0.4796945850023571,0.2106329188781623
1.0,0.7127281537716039,0.7493319326778571,0.9286638836396364,0.5163341723404119,0.5781817915012808,0.7110144263796656,0.07951334960431877,0.6896142810268633,0.02769496526390114,0.4851058356052829,0.09836669170385423
0.0,0.7669197221773543,0.7490777127352517,0.9305857419217836,0.5169964184906353,0.575078833532013,0.7571941073200519,0.1177723541158201,0.6990530845236662,0.04412824712316349,0.5000298656309519,0.10256126482213493
0.0,0.8144080116297849,0.7478963912974284,0.9299839487532126,0.5201738988378576,0.5861706788915251,0.8115411037325393,0.20804674210487376,0.7070320535490724,0.058842388134596864,0.4865803075399328,0.2091458972230224
1.0,0.7164432240348891,0.7465054933849624,0.9305205142016534,0.5148769218095408,0.5760381282297214,0.701015189680177,0.1326529102877001,0.7123609279533556,0.06260305017628638,0.4070222563412821,0.004913505362498248
0.0,0.8272492327572281,0.7451215815944661,0.9299586015090416,0.5201267869026073,0.5809426381887495,0.8044904423432102,0.2762443606242145,0.7233778029388434,0.10807448034652156,0.4778783118057048,0.2316228601960505
0.0,0.8299143918591503,0.7435764080087235,0.9285899770317824,0.5206395870113298,0.5806993053428106,0.7991961796600477,0.2562162561940682,0.7278127812147093,0.13237383638474026,0.5229170226109794,0.19765116378026487
1.0,0.7879179454046196,0.7430411863806257,0.933056470485178,0.5183790187577396,0.5660666874066073,0.7562289562289561,0.24794024110642696,0.7328316256930241,0.15962395044063155,0.5120366383760219,0.1501425471256546
1.0,0.7991439185915037,0.7431439339021011,0.9409508329767912,0.517510233137055,0.5677534808925944,0.7960496782881938,0.2575918940906732,0.7378498851603803,0.17951635966517626,0.5179455333924333,0.20969320454448734
0.0,0.8618155386851882,0.7434020364161804,0.951734432409472,0.5221596297854879,0.5715439218896492,0.8600927727068682,0.3676059463057468,0.7427148199074136,0.1972747064545175,0.5455509299659576,0.4086634611293145
0.0,0.8706994023582619,0.7439558828860975,0.9651009261065872,0.5225579840292413,0.584586224462057,0.8732605117462218,0.3688188743436137,0.7436480395288441,0.19272739031889652,0.546367061078349,0.41470575720182135
1.0,0.6340655790663865,0.7440615773517696,0.9766530750625289,0.5074812888056086,0.5673967150743744,0.7037258716145441,0.3031210709267064,0.7465785661720616,0.2036353209091082,0.4638705909103169,0.15512105867835474
0.0,0.7284768211920528,0.7446040121571698,0.9873695803638894,0.5117060006209749,0.5769000654387678,0.784976806823283,0.2888469787737593,0.7539551969366722,0.23071288730011086,0.4565867321631771,0.24494702353091385
1.0,0.6557906638669034,0.7433046377642132,0.9872507458613754,0.5072838736703151,0.5719662153376671,0.708065240161604,0.23263072257969056,0.7604614165653432,0.24653115843257886,0.35858006335178344,0.06269945959746448
1.0,0.6465837506057179,0.7428695051782135,0.9915012550750174,0.5101716312546379,0.5801355580994815,0.7029777046236719,0.2973300791361587,0.7702871192963292,0.2781124714429196,0.3915987541857184,0.0010019060651968491
1.0,0.7674042965595217,0.7427691108261378,0.996612647936302,0.5197970253524336,0.5785147885802008,0.8245548406404307,0.3935581687744992,0.7800570717879289,0.3065640262064282,0.4661115786159439,0.08976798653297308
0.0,0.7711193668228071,0.7420782412400202,1.0,0.5200848328366846,0.5833498204077802,0.8285201256920545,0.3980400857924709,0.7857062505732109,0.3199551031093827,0.4704673719159299,0.14751518700139055
0.0,0.8354869972540786,0.740710340858739,0.9976050700624244,0.5252197155673209,0.5761031397349432,0.8923387700134672,0.4495969233044893,0.7911544321218527,0.3256333264497091,0.4763968707627438,0.16492364645996996
0.0,0.8518010014537228,0.7390270082492199,0.994653507280622,0.5230618968682967,0.6615556998533517,0.8960047882687412,0.4836032837807851,0.7959143894084619,0.3329209648503891,0.5152819365741238,0.3238399634724033
0.0,0.9056695202713616,0.7367838455346467,0.990258821730109,0.5274766050339543,0.6159936077371403,0.946880143648062,0.504171289105836,0.8000429777897291,0.3529764154282741,0.5415338597789385,0.8206152616859803
0.0,0.9315134873203036,0.7347438137487301,0.9907005231985448,0.5261391902286293,0.0,0.9580278318120602,0.4484579542933215,0.8016037042470456,0.3731569676592758,0.5229035089995381,0.639603457041182
0.0,0.9554999192376031,0.7327747089089138,0.9932966506170838,0.5278554858945799,0.602438017231551,0.984138859793506,0.4399822498335921,0.8029643286162005,0.39032412377132375,0.5142162597276443,0.6527116587323821
0.0,0.9044580843159424,0.73107845664884,0.9957746325384028,0.52806772592014,0.6782602184699322,0.9426904084991768,0.4471858590340949,0.8036361725132659,0.40826230418491705,0.4732167932418301,0.5805652981225484
0.0,0.9033274107575514,0.7291188009578093,0.9962585747319198,0.5316763878972086,0.609271508533568,0.9423911417028282,0.40378670216699897,0.8035642111333974,0.4150055442827158,0.4733887483111862,0.4633578906552918
1.0,0.9037312227426912,0.7266161280571681,0.9933863823551968,0.5322298417743441,0.6032346571234782,0.9316175370342664,0.40137563789660535,0.8043944744765399,0.4286945768442677,0.4688739686703083,0.3711059619699159
1.0,0.9109998384752058,0.7240432620404584,0.9916719332272248,0.5332108387452478,0.5985020870649095,0.9269040849917701,0.4241624140226312,0.8046693482899205,0.4180565040748844,0.4450857736165639,0.441943433005994
1.0,0.8835406234857048,0.7217376811632878,0.986344348428726,0.5316946593221918,0.5966200156551753,0.8988478228340563,0.4717920272169219,0.8035573844149557,0.3914242158695857,0.4550797347940324,0.5296995108315873
1.0,0.8603618155386852,0.7197639556114361,0.9819007683361536,0.5304046047831926,0.6212652172473259,0.8748316624270536,0.5101397825604612,0.8015502136140908,0.35690453632757124,0.5004929661995705,0.4887270587369891
1.0,0.9096268777257306,0.7180450792435136,0.9769469888701144,0.5310109341952651,0.6305825647762607,0.9156815801286844,0.5242437689520008,0.7999671354831479,0.34123017973106234,0.4659582807898837,0.5436757512229227
1.0,0.8954934582458407,0.7164471029796153,0.9766226751027628,0.5336884166156532,0.6840858812743899,0.9047583420619482,0.4966940315065456,0.7981636951817346,0.330255273536477,0.4344580585958861,0.34054213100886405
0.0,0.9339363592311422,0.7143520080854175,0.9732363415397732,0.5363665485043201,0.7441224474216367,0.9489750112225048,0.5265069151689962,0.7982626744678525,0.327896653067966,0.4180285306195371,0.3449556806061269
0.0,0.9375706670973994,0.7116622151642646,0.9685422979551538,0.5377197044260741,0.0,0.9299715696543468,0.5035500332815626,0.7985693172610533,0.31629749371515625,0.3927648396001675,0.22292103424179086
0.0,1.0,0.708833971773442,0.9608855551267595,0.5395512427629772,0.6930512508430082,0.9781535238665268,0.5465572073071521,0.8005561291185004,0.31354306434426144,0.446397826739767,0.44918901026150265
0.0,0.9480697787110319,0.7072501618887171,0.9644072797741396,0.5400139517209832,0.0,0.9809433813686116,0.5513497522372605,0.8013824621988709,0.311485648706106,0.4521452329209159,0.4136967155835093
0.0,0.9133419479890164,0.7058510348407971,0.9645272637770916,0.5389280557309507,0.5827299897132173,0.9751948972360029,0.4711411877819681,0.8023875939312384,0.3167689551781479,0.4000426217168635,0.2086873367906128
1.0,0.9185915037958324,0.7041474827660452,0.9646661178302836,0.5397789182089636,0.5592128573506779,0.9765098008094596,0.496339028178389,0.8062041575408878,0.34146150897400834,0.3817656217217463,0.2592503700147988
1.0,0.9151187207236312,0.7010118436315154,0.9531401529980684,0.5400229536782624,0.5495819334408439,0.9635743194984528,0.4954958952740184,0.8093195115488994,0.3603922022179286,0.3807719150344308,0.2981319252770103
1.0,0.9005007268615732,0.6978923544218734,0.944513301796648,0.5401659139393444,0.5570257840977508,0.9278628680263472,0.4377856667406255,0.8130807897864307,0.3942148647326886,0.3623563449228701,0.22924916996679684
1.0,0.9039735099337748,0.6959811681899248,0.9423380181570636,0.5409822851383786,0.5643507041748471,0.9189746845488456,0.41831225501072383,0.8177727833121868,0.42672614179965707,0.3449493497982661,0.29329173166926586
1.0,0.8471167824261022,0.6945863823169629,0.9438591531945504,0.5385868149576193,0.5694665716717743,0.8903261645901119,0.4642556023962722,0.8212837960370023,0.4561993221669629,0.34380527140619177,0.5302212088483514
1.0,0.936601518333064,0.6938350473104136,0.9488275119753758,0.5427493258645117,0.5517775465932597,0.9739703198158878,0.5141705495155686,0.8218279672484661,0.4571392692755509,0.3548517896149413,0.7596703868154726
1.0,0.9059118074624454,0.6917124287308629,0.9468086619279892,0.5441142651391081,0.0,0.9488135862233158,0.5518674654241554,0.8201451564266597,0.4623768642326964,0.3520952432004719,0.8616744669786793
0.0,0.9353900823776448,0.6898412313603657,0.9460236512179908,0.5431198786924358,0.5369348880855435,0.97198635028966,0.5553657273870277,0.8168237758929053,0.4665618538087319,0.35628067207359576,0.8261130445217798
0.0,0.9503311258278146,0.6875448514585916,0.9456363538656202,0.5443949560740471,0.6033500058469481,0.9873025950321406,0.6124916796094964,0.8140710806318958,0.4642222065052735,0.3756436044857636,0.9760390415616632
0.0,0.9126958488127928,0.6856302539110453,0.9473022690417788,0.5423608117807299,0.4703266486631194,0.9934100767434104,0.5955106870793581,0.809379662911063,0.4504210013129185,0.4131256760448577,0.9684469103384024
1.0,0.8969471813923435,0.6834314403879485,0.9467436511431941,0.5440721225763653,0.5280240984538093,0.9880714047380714,0.6033799275201539,0.8066195166905656,0.4434641390284444,0.4221869298314393,0.9542457805907181
1.0,0.9055079954773056,0.6814565827042147,0.9443003042353352,0.5453556283494676,0.5842557672775857,0.9806473139806474,0.5223060424524816,0.8045225682166066,0.4551991194161914,0.3647479549838247,0.8311132031066125
1.0,0.8671458568890325,0.6790680937598998,0.9385497708474778,0.5464765728188159,0.5670609494716329,0.9430263596930266,0.4361733599585832,0.8041030566540182,0.4591830713819946,0.30778252103981546,0.4880333433592581
1.0,0.8596349539654337,0.6781103711437872,0.942732575873678,0.5462042868827938,0.5564731507950763,0.9308475141808475,0.4394645366466978,0.8040980660342558,0.4586174529046753,0.3123352268650258,0.4702874575688567
1.0,0.7980940074301404,0.6767760735987114,0.9480562590904124,0.5432897838348238,0.5808912128513221,0.8971471471471473,0.4662007247984615,0.8037635221801421,0.43160647482990655,0.3480996855989113,0.3930305504232352
1.0,0.7967210466806652,0.6760265822135763,0.9596886285210524,0.5437669554045222,0.5827508279451482,0.8826326326326327,0.4189187190296578,0.8039510722011819,0.4146562299506157,0.3353653340461253,0.22498173849525105
1.0,0.7532708770796315,0.6744977062320481,0.9622346546444064,0.5436402047469829,0.5862213293872531,0.8487654320987654,0.4190962206937351,0.8069160170824401,0.4051446529362667,0.33556114245260377,0.2157865337515552
1.0,0.7791148441285735,0.6735765394068485,0.959546518963428,0.5423419184978916,0.5629227510049419,0.8753753753753754,0.4089712299386137,0.8102691111975981,0.41522808501241787,0.32656491296045315,0.2194675613263032
1.0,0.788887094168955,0.6719861152852247,0.953872130766924,0.5430390189522353,0.5744444044551966,0.8889723056389726,0.3752089342504252,0.8136144273625279,0.42374598181657774,0.333613270703019,0.14918739924186594
0.0,0.8417864642222582,0.6700905538218036,0.940075619479522,0.5443395883770444,0.5750242556746465,0.9351017684351021,0.4274831743214261,0.817113532788903,0.4345018228395969,0.34460601678721986,0.1728459530026113
0.0,0.8298336294621224,0.6675292568336666,0.9311598895203572,0.5439515459970252,0.5588439209171541,0.9141641641641642,0.45362769025959604,0.8186720705724595,0.4309775681242387,0.3817924520252608,0.14905715114592213
0.0,0.8431594249717329,0.6652243474095629,0.9238171343239964,0.5417022339841157,0.5759293220826744,0.9154988321654988,0.4542933214998886,0.8208956648699497,0.44176834746842697,0.3826158143710866,0.21206846533216936
0.0,0.8459053464706833,0.6628749004328793,0.9222495132799764,0.5382711401348214,0.5701278120410282,0.9163329996663332,0.4907773093706089,0.8221380357599499,0.4454895353253029,0.4239514924529144,0.5648970118944008
0.0,0.8551122597318688,0.6610485447540713,0.92180818062257,0.5355675896066795,0.5875789472361868,0.9165832499165836,0.5928629539235264,0.8221063027998896,0.4525274632324541,0.501419316236916,0.8105599071656528
1.0,0.844613148118236,0.6585721519084924,0.9138100997646716,0.5379429546556529,0.581866584828936,0.9129129129129128,0.5521780933362915,0.8196633995315259,0.4408607903388944,0.4974744025887039,0.7937917029300837
0.0,0.8744952350185753,0.6564537180991012,0.9104403235636954,0.5374767959017257,0.5902987126133423,0.9190236181113844,0.5553731232896971,0.8184487143059436,0.4411588836107944,0.500836346638715,0.7350159559036831
1.0,0.8644806977871102,0.6538242713254245,0.9035201222151154,0.5402342353749277,0.6163429747004411,0.913318472860466,0.5597662894756306,0.8157602221952359,0.4155923287077376,0.5055602558838033,0.5872352770525062
1.0,0.8649652721692779,0.6515626120076432,0.8973800998661484,0.540711283819894,0.6133094166467656,0.9050384426631768,0.5875231121958433,0.8127894174190728,0.3857551160769634,0.5323974412425987,0.561895901173308
1.0,0.8428363753836212,0.6493338216407616,0.8904372944437361,0.5398622144098253,0.6209995106413513,0.8712355526615659,0.6130167886990607,0.8113247407327995,0.3706127415240131,0.5555725382932883,0.4763446738719057
1.0,0.8122274269100306,0.6468576540929005,0.8818658456036909,0.5411846627423594,0.618172904039221,0.8467386954781915,0.5809185711116045,0.8111684917471462,0.3739038591770113,0.5177891666441906,0.5568948525509826
1.0,0.8157809723792601,0.6455336685308521,0.8807699902728093,0.542556119920566,0.5848697156710629,0.8283045977011496,0.5913541897788626,0.8119659644722035,0.3959203718070109,0.5267296669046139,0.5385508592661399
0.0,0.8921821999676949,0.6441219231669424,0.8803717240951093,0.5478605336968001,0.5364391599062358,0.9281389420012748,0.6555062495377559,0.8121026546529873,0.4027333584612624,0.5468294496018218,0.7677327317364468
0.0,0.9513002745921498,0.6434771389216354,0.8839744976641347,0.5496648142561102,0.0,0.9848629700446144,0.7221359366910732,0.8116835291506219,0.41638731045686944,0.5728746847658671,0.9625354717342092
0.0,0.9405588757874334,0.6415578746230342,0.8814674054826147,0.5470691314622482,0.5560040612881252,0.9973640067098012,0.6527253901338657,0.8089322623812851,0.4019055866093637,0.5299784536422018,0.936342740390756
0.0,0.9049426586981102,0.6401914751091393,0.8828457403853468,0.5453528113771087,0.5593077869804575,0.9579038318564509,0.6289919384660894,0.8088763718255416,0.4154565951717813,0.5132372201411136,0.7635359468777942
0.0,0.9013891132288808,0.6385296332309258,0.8828814958633503,0.5435781230989617,0.5339745714004741,0.9880127211938352,0.5679905332445825,0.8095884817363264,0.4234362127203923,0.448882628717924,0.8468003207698469
0.0,0.8821676627362302,0.6366864883077397,0.8829872614522188,0.5457080951604868,0.5330182164979991,0.9722743211285984,0.5422453960505883,0.8107845673349738,0.44730108117252615,0.4774384735701002,0.8391659983961526
1.0,0.8971894685834275,0.6344728939657476,0.8793645186093116,0.5436668151950703,0.0,0.9734159667291854,0.5250942977590414,0.8101363831165305,0.4541613958460722,0.463470463451444,0.8938893344025663
1.0,0.9097076401227584,0.6313601751692537,0.8710634070610758,0.5444999134326907,0.6726537963478756,0.990540650737992,0.5570667850011096,0.8089480071570665,0.4625132203178896,0.4377837745400008,0.9885805934242198
0.0,0.9247294459699564,0.6284221076807246,0.8674199020530063,0.5468337352640078,0.6636696401265,0.9900990099009904,0.5171067228755267,0.8059459770400849,0.44988185644472706,0.4573438754933868,0.9879829787234052
1.0,0.8999353900823777,0.6248024731394313,0.8592950235040574,0.5455016276254863,0.7385053809496628,0.9601485148514852,0.4777531247688784,0.8038036435715796,0.4390440849504645,0.4764733441695743,0.8688286040952096
0.0,0.9517848489743173,0.6219942492256834,0.8574490420821633,0.5471090116539846,0.6779069453403992,0.9924092409240924,0.4771392648472751,0.8018158843896468,0.4265008182352218,0.4760745349662101,0.8746393827574644
1.0,0.9243256339848166,0.6193066090993358,0.8512889181695923,0.5455224441210392,0.6469325763881525,0.9670511057721324,0.5079358035648252,0.7992134084993321,0.41186847672958377,0.4503510058847551,0.8496207746808571
1.0,0.8639153610079147,0.6175128300232491,0.851901613182079,0.5446471685175455,0.6583349232616891,0.913304012045618,0.4316248798165821,0.7952650974352424,0.3949723100835635,0.4333092114604871,0.5509535253909306
1.0,0.8612502019059924,0.6156135558636631,0.8477115687723291,0.5438631029510601,0.6526305977471745,0.9174017075338142,0.486184453812588,0.7949393120990325,0.3808819569854848,0.4301600357592675,0.7136302631168266
1.0,0.8853173962203198,0.6137016997656273,0.8465828330354771,0.5427959309623468,0.6513655996593277,0.9265612621544882,0.4802159603579621,0.7925409415950115,0.3707135384536818,0.4245197978619861,0.6685289803052538
1.0,0.866095945727669,0.6125838537207331,0.8495274304603567,0.5445471261134583,0.644794104263099,0.9160583227168408,0.4528880999926039,0.7916518424649809,0.3755388206725044,0.4470186759256587,0.5704922126158729
1.0,0.7967210466806655,0.6121668350288496,0.8584691432237038,0.539878654806219,0.6389696304339411,0.8846590833457967,0.3742030914873162,0.79151985344924,0.3955684713017456,0.42055669003689616,0.4108430350510315
1.0,0.7712001292198349,0.6115915614815068,0.8635169153951731,0.5410874994970372,0.6463888480628367,0.8676674750078499,0.3357296057983876,0.7930255692102439,0.4188558947793716,0.36491144540097337,0.17915665282936571
1.0,0.7860604102729767,0.6101658801187948,0.8657206017404396,0.5389000188108649,0.6511273637367888,0.8774552678292477,0.3907107462465794,0.7959520234538578,0.44645191603269707,0.3714298535283893,0.3384000749087049
1.0,0.7859796478759489,0.6084244198340529,0.8667575941479916,0.5385856239473151,0.6357127132657466,0.8817618966706628,0.3865542489460833,0.7963787981600698,0.458311061512099,0.36428589619359053,0.2251006585723644
1.0,0.7545630754320788,0.6063048234697406,0.8673095850347682,0.5364600651429478,0.6370001599382755,0.8504409596421898,0.4330670808372159,0.7989088496502197,0.4761928504515405,0.423119805261216,0.1699803364649333
1.0,0.7543207882409949,0.6043050097371145,0.8662140485242805,0.5372493444298934,0.6535755413160352,0.8337625606745278,0.393358479402411,0.8022122591186684,0.4935205871539475,0.4269099103573339,0.003162992982109439
0.0,0.7873526086254238,0.6025151480674036,0.8647387910689205,0.5402255600326638,0.635644388293721,0.8695467312295584,0.4745285112047925,0.8091351436179293,0.5301363455361616,0.4597358682252621,0.2255489021956108
1.0,0.7621547407527055,0.6009065168251722,0.8620285344939017,0.5417598616013164,0.6613091645707143,0.8494230291887646,0.4394571407440284,0.8130933388583157,0.5550162059235522,0.4692981567631591,0.1469917308240684
1.0,0.7982555322241964,0.5994957832501093,0.8604620243521325,0.5416796000539461,0.6732204773099397,0.8803524545043815,0.5238074106944753,0.8188306172027155,0.5973733045683387,0.5181520429269354,0.31074449201211
0.0,0.8324987885640447,0.5973957854017462,0.8569123621281691,0.5444597470972613,0.660780442185158,0.9210696726413968,0.5468826270246283,0.8203688314865631,0.620486476736959,0.5524997883970199,0.4800563850892756
0.0,0.8659344209336133,0.5948416061653977,0.8500492624499488,0.5442767058722964,0.6481334285763605,0.9399405372010518,0.5931218105169739,0.8209299664414895,0.6383130855070827,0.575322665343606,0.7239486416077403
0.0,0.8828945243094815,0.5917994635369576,0.83869864206297,0.5424683231827429,0.7065815886039616,0.9438556543296108,0.5874491531691446,0.8197008169955609,0.6292743605525243,0.5687548346271672,0.6601693338295489
0.0,0.9201259893393634,0.5885532886832534,0.8257880215644248,0.542458235794237,0.6926287850453008,0.974785079645228,0.6267287922490941,0.8199857129247663,0.6259101496661064,0.5907244695526984,0.8279214737625615
0.0,0.9084962041673394,0.5850710920500752,0.8162740932613956,0.5427804794997205,0.0,0.9444820730701804,0.6026033577398122,0.8193218187551652,0.6107163673461647,0.536513395510418,0.8919333829549662
0.0,0.97447908253917,0.5818093579107596,0.8061808941936196,0.545837124631591,0.7502664545310741,0.9936559442048832,0.5925375342060495,0.8178280612426712,0.5917454876418893,0.5166899862023207,0.942128768142908
0.0,0.9602649006622516,0.5796937539464184,0.8037038919486338,0.5450348801268192,0.652855244861542,0.9860717658168084,0.601124177205828,0.8156396155150261,0.5862956126600134,0.5272292024424724,0.8085944830174507
0.0,0.9017929252140204,0.5779692531821933,0.8017367354699875,0.541477405982475,0.6369463955637443,0.9821745442813355,0.5821980622735005,0.8133796296083801,0.5943602498082637,0.4940239356554943,0.8437324075811578
1.0,0.8924244871587789,0.57625337934762,0.8017018067946925,0.5410524155892765,0.6174584344983115,0.9699757869249396,0.5818948302640338,0.8124083682159307,0.6170488056585304,0.4940705225738165,0.7421655094764492
1.0,0.9002584396704894,0.5736006379363126,0.7975484297250882,0.538212775239696,0.6312008103685494,0.9716707021791768,0.5340285481843058,0.8104052160328845,0.624700221691714,0.4784094460026543,0.7122349408894718
1.0,0.874818284606687,0.5709860136906231,0.7950277891064267,0.5367648401863311,0.0,0.9418079096045198,0.5839878707196213,0.808280662070666,0.6255466135586611,0.4800969570294613,0.7382248076562196
1.0,0.927959941851074,0.5685402421371013,0.7931089681899167,0.5383145958842184,0.6538893543430198,0.9937853107344632,0.6629761112343757,0.8042226220984721,0.631668914171541,0.5187502614467978,0.9973728654531788
0.0,0.9223065740591179,0.5658495731228262,0.7900542011954087,0.5381961644309626,0.0,0.9836965294592414,0.6633311145625329,0.7981493896884313,0.6248086735282217,0.5196848339861626,0.9555119118777252
0.0,0.9313519625262476,0.5631532680759217,0.7864906401550621,0.5354270341503137,0.6232924681043578,0.9888619854721551,0.6690333555210413,0.7919559153499709,0.6026144401310909,0.5251271550093154,0.9917447676394899
0.0,0.9172185430463576,0.5604860537764755,0.7817471859079766,0.5346282289925522,0.5991680555181195,0.9957028344764894,0.7015753272686938,0.7861459925142076,0.563729987534229,0.5519214222644839,0.9991421021927868
0.0,0.9026813115813276,0.5580419176464483,0.7770284745133696,0.5337686401661434,0.6733792135402277,0.9814415907207952,0.653583314843577,0.7816091226263129,0.5348518773381196,0.5151744054972408,0.774492700394823
1.0,0.8855596834114037,0.5557548153919768,0.7700390878629625,0.5361469099208639,0.5617653451985407,0.9901477832512317,0.6463649138377341,0.7800806272921743,0.544198428775764,0.5021805180301468,0.8267376733082369
1.0,0.8422710386044256,0.5536011940561614,0.7671398947608549,0.5367671073705894,0.5321355896678456,0.9677615571776156,0.6615560979217519,0.7786392457068751,0.5443013369943439,0.515940578837562,0.751813423928016
1.0,0.8524471006299466,0.5512585988762654,0.7615301062572701,0.537759186253702,0.5328658160477091,0.9796663190823774,0.6597441017676203,0.7775345138432956,0.5471994516200823,0.5115788146581466,0.8294922413001558
1.0,0.8763527701502181,0.5487317470953554,0.7563746245658001,0.5367368209477204,0.5963318086243483,0.9934827945776852,0.6431994674950074,0.7748588271086105,0.5222946632405123,0.5429831856300429,0.8088329813607562
1.0,0.8692456792117589,0.545960484344792,0.7500849001299642,0.5364144383095334,0.5502986830916545,0.9984108766663724,0.7079505953701651,0.7720073667636127,0.4939785747478895,0.5403941381494961,0.8125975576163816
1.0,0.8326603133581004,0.5436940610167114,0.7473827966598101,0.5341034916551088,0.5643744113945461,0.9582852578326084,0.6846165224465643,0.7688756121960338,0.4744457801041313,0.5719054330938398,0.7846661680893311
1.0,0.8214343401712161,0.5415471283688413,0.746662937099815,0.5363755240865424,0.5531707655743907,0.9534305012442232,0.650166407810073,0.7682270619337785,0.4599500212210966,0.5795795840091579,0.769089924439745
1.0,0.8261993215958651,0.5392353563490704,0.744067170002341,0.5369864417105488,0.5462002768660195,0.9533416281549948,0.6138081502847428,0.7684281934175667,0.4591609374960735,0.5926655205678429,0.7251205611573888
1.0,0.8272492327572281,0.5367217924375656,0.7400344541497081,0.5376920848890198,0.5688984917795249,0.9423213650906505,0.6119961541306116,0.7702181002557584,0.44563284038727735,0.5896438107685893,0.8447275446785463
1.0,0.8324180261670165,0.5340950172615501,0.7348952953432446,0.5345117977298539,0.5557251384215337,0.9471205119089938,0.5545151985799871,0.7702244794764288,0.4432828527037286,0.5363519302354607,0.9076514428656174
1.0,0.8357292844451623,0.5316531801556971,0.7292492620261617,0.5353098975676798,0.5280180057355252,0.9403856359455156,0.5087567487611862,0.7674430642740147,0.424969761446636,0.5506805776844798,0.7999329499445547
0.0,0.853335486997254,0.5292843406046163,0.7242762657098112,0.5335180483666846,0.0,0.9562191684284708,0.595421936247319,0.7639328345115974,0.3950669263677074,0.5666492445350451,0.8852412512571884
0.0,0.8802293652075591,0.5268909325385602,0.7175252215507236,0.5362724048097186,0.5475252588628655,0.9995553579368608,0.5984394645366466,0.7586786331415865,0.3516003539352488,0.5689418549774802,0.8409191800496145
0.0,0.881925375545146,0.5245198167761295,0.7169998553603566,0.5368477063680688,0.5095438953291925,0.9945849977807372,0.6209082168478663,0.7540547630238326,0.32386138183245183,0.5877780516083727,0.9932628280454371
0.0,0.8678727184622841,0.5222444041583191,0.7195388332831719,0.5392764865870113,0.6218596055182172,0.9963096309630964,0.6192367428444641,0.7475502887566474,0.2800509095318641,0.5876982030686534,0.9773438939031126
1.0,0.8214343401712163,0.520271917192934,0.7272161261207483,0.5391008894965974,0.53937901671744,0.9958871666614916,0.5749204940462989,0.7402361302295517,0.2237787080246418,0.6045581791112958,0.8190581445324503
1.0,0.7909061540946535,0.5184201055927138,0.7298007956875071,0.5403809221053272,0.6200668182155773,0.97921805465443,0.6383477553435397,0.7348614831101359,0.18899966252144376,0.647008228949677,0.7494013630502849
1.0,0.7703925052495556,0.5165422897734915,0.730715152786835,0.5425160081635706,0.6305736719865258,0.9555902985195496,0.6368389911988759,0.7310145840985347,0.17669827472078048,0.6466609026634993,0.6541413397187942
1.0,0.7510902923598771,0.5146363818537169,0.73091034791879,0.5410753708437489,0.6297704342769838,0.932153088805112,0.5017972043487907,0.7298357956202175,0.1869421133613287,0.5967685373727271,0.4248787376435185
1.0,0.7132127281537716,0.5128304049430513,0.7311450105563599,0.5382095746711183,0.6373162624729863,0.8849928497455728,0.4763700909696026,0.731206350993385,0.2031656327431723,0.6297178755213705,0.3768035856818317
1.0,0.7360684865126798,0.5111102557273007,0.7312513213571076,0.5407623340348454,0.626240774052032,0.9133842663915178,0.5397529768508244,0.7307557988974476,0.2052342061439765,0.6227432394637058,0.4591698900963953
1.0,0.7196737199160069,0.509450111753822,0.7293366461325022,0.5396687757941993,0.6397076104098697,0.8897565102566374,0.5444123955328746,0.7307208580725082,0.2194324441766018,0.625971365637612,0.3209615030392331
1.0,0.7177354223873365,0.507714789051106,0.7257496647596972,0.5390783834513121,0.6327908017370931,0.8926147065632761,0.4765623844390208,0.731876879470041,0.2218800005198737,0.5824836307577068,0.4063977405292571
1.0,0.7220158294298172,0.5060553346934286,0.7198576252725263,0.5359186429106533,0.6521112611507295,0.8927099797734974,0.5410842393314106,0.7344189915398884,0.23095301149988,0.5721399348394468,0.4543500951679256
1.0,0.6851881763850748,0.5040514747052238,0.7111888774259266,0.5329364833756289,0.6435398711189732,0.8489795762819248,0.4363508616226608,0.7364486864329742,0.2210364564603394,0.557571644306621,0.189353472094308
1.0,0.6969794863511547,0.502227498918705,0.7047134844725428,0.5307298992812757,0.6264352772003474,0.8544240187556027,0.3393683899119887,0.7407042894275968,0.23324867395015175,0.5090941907280292,0.16991044020380394
0.0,0.7603779680180908,0.5002464551582333,0.7035163594498341,0.5345225987310346,0.6610700090797633,0.925292303720626,0.4810073219436434,0.7469678093725678,0.27947238263683044,0.5395713343680885,0.2982056394189688
0.0,0.76433532547246,0.4979844383005768,0.7010658434528555,0.5350987286044129,0.5999584319130218,0.9257447479807848,0.4044301456992821,0.7510926752079337,0.3169325502449177,0.5051718978360406,0.3998227792018722
0.0,0.7902600549184299,0.4956575486236872,0.6981381918599368,0.5345503800271283,0.0,0.948027034592782,0.3520227793802229,0.7573702087551364,0.3673134241378492,0.4851026339065171,0.4811569521507434
0.0,0.8236956872879986,0.4930865761259019,0.6940194759549442,0.5348480327340696,0.5458523378808614,0.9806711937985074,0.4271651505066193,0.7602583353787521,0.38719647437462507,0.5164352865591826,0.6269274248247788
0.0,0.833387174931352,0.4908419272667156,0.6950419306691854,0.5324094715923221,0.7092726705904194,0.99025069637883,0.4540936321278011,0.7589543419859701,0.3854281126865379,0.4788730992536255,0.6723716934207553
0.0,0.785898885478921,0.4888863515562186,0.6970454286956413,0.5311142313688668,0.6987984929297553,0.9548815875690352,0.3284224539605056,0.7564850610115026,0.3932267906137277,0.4692324317700433,0.4822292561609759
1.0,0.7603779680180907,0.4862872566816394,0.6939799862046909,0.5321061771671453,0.655926768996749,0.9318543480295796,0.3132164780711487,0.7573840243769911,0.4251945927264403,0.4601716097190068,0.3864197023271108
1.0,0.8214343401712163,0.4834298319879794,0.688993186214854,0.5365547774523456,0.7154089925783796,0.9590002808199944,0.3372457658457215,0.7578007905469528,0.4525439007714184,0.4212379934966111,0.4438985280815719
1.0,0.7964787594895815,0.4801092242258156,0.6806433268448929,0.5347362975067742,0.7138008582494005,0.9297910121568091,0.2931661859329928,0.7582259227406938,0.4859894492534678,0.3941661094194242,0.3210673464353257
1.0,0.8091584558229687,0.4780535881716388,0.6800057083577312,0.5326239934086326,0.7031996122436576,0.9383375588554872,0.2558686487685817,0.7603818920043572,0.5258578757086907,0.3804891836147216,0.29444712871995765
1.0,0.7629623647229848,0.475837895410889,0.6812010668756068,0.5322799568036873,0.7040434210651958,0.890083092485549,0.19946749500776567,0.7613121684785957,0.5315938537566117,0.339850162955471,0.10037400905495553
1.0,0.7641738006784041,0.4736952390612519,0.6867448023256234,0.5327512182098171,0.7467883531160219,0.8850252890173411,0.24305894534427894,0.76508491570936,0.5263510840038603,0.3670758796757832,0.04849591095363345
1.0,0.8135196252624777,0.4714026984055797,0.6861539533290508,0.5353211580712284,0.7125591099170613,0.9297923473658628,0.3362029435692627,0.7700029054918229,0.5253343518812661,0.3617693110127056,0.2416026914335817
0.0,0.8282183815215636,0.4691546653271227,0.6857251894645779,0.5334234144417913,0.6964865947665195,0.9439543793994476,0.3793210561349015,0.7721798560284174,0.5150530976189887,0.338198187834287,0.27510244984878585
1.0,0.7514941043450168,0.4671435919026327,0.6828951762363508,0.530441169160833,0.6941971669980515,0.8626926846654193,0.3732712077509061,0.7733414573988411,0.4947514421112375,0.33370138398370386,0.16483654953917082
1.0,0.7206428686803423,0.4655109809488738,0.6760849087779578,0.531396657281519,0.7006927637546121,0.830170186224717,0.3734782930256639,0.7764144517115876,0.4585491315244917,0.33281345546373403,0.0724546370967742
1.0,0.7522209659182684,0.46388511983283603,0.6560134585126762,0.5317784907768044,0.697206881075912,0.8640292256972288,0.5087715405665263,0.7834600455541596,0.4737704500112601,0.3534366132440808,0.18067748881895024
1.0,0.7247617509287674,0.4621670630089855,0.6349889784153047,0.5294986178113019,0.7058352932414949,0.8324868573465204,0.4127801198136231,0.7878184483281898,0.4893502888809826,0.3498113554325332,0.03238363425542461
1.0,0.7313035050880309,0.4601322368047881,0.6177168574687489,0.5299973373682777,0.7637521085300896,0.8437138020137219,0.4345684490792103,0.7971802762287123,0.538732991164935,0.3610796937721281,0.06986771411802044
0.0,0.8695687287998707,0.4581731723250331,0.6090947889299956,0.5444570509296598,0.7075790208151963,0.9784879603399432,0.5092522742400708,0.8035360936354248,0.5768117432989791,0.4032413478644423,0.3868346200731419
0.0,0.7538362138588273,0.4556365367660226,0.6017330128493662,0.5377184365951819,0.7515579059184918,0.8559830568302154,0.44144663856223615,0.8037722192737099,0.5832293130231085,0.3553364532312429,0.04602916610230779
0.0,0.7939751251817153,0.4539638728002288,0.6048488764728897,0.5427976399841572,0.7321831874285951,0.9045181786092482,0.6050883810369061,0.8090568648922609,0.6082867868166315,0.4219828874436368,0.35225066594428805
0.0,0.848974317557745,0.4521180982573314,0.6095058507089773,0.5467044085570322,0.0,0.9604440137432824,0.6856519488203536,0.8110828968470631,0.6149351816244715,0.5028303301021824,0.6224434511716108
0.0,0.8672266192860604,0.4499297699077851,0.6091896814628335,0.5485779899244282,0.7946722792600763,0.9859924235750154,0.6636417424746689,0.8097221275628972,0.6182986292318343,0.4764983946829152,0.6236173190663229
1.0,0.8047972863834598,0.44773758229541305,0.6026865964480442,0.5468082484261645,0.0,0.9396668167492122,0.6817617040159751,0.8082510082501988,0.6332196931501942,0.4888899719988621,0.5867985010609965
0.0,0.8316911645937651,0.4454980235649435,0.5912959001045882,0.5506115281919817,0.7337500806387739,0.970013507429086,0.7418977886251019,0.8053453082129214,0.6302504051828204,0.5622121313563985,0.780531852453835
1.0,0.7837183007591664,0.44303230868013777,0.5842629832701552,0.5468378086021041,0.6746839049142805,0.9436817035584196,0.7947563050070259,0.7984455055537156,0.6143051403358295,0.5940853694344511,0.796060393960603
1.0,0.7818607656275237,0.44052551358697023,0.5760732650944157,0.546793324775984,0.6459343826699013,0.9396656393013916,0.854944160934842,0.7906312870664622,0.5865822367884984,0.6257814786343822,0.8190052169184493
1.0,0.8018090776934258,0.4382053139122904,0.5714356750230113,0.5461266413798752,0.6456614653409285,0.9523323750347767,0.8629613194290366,0.7820710501855572,0.5581509089499573,0.6296278188954173,0.8252735731603437
1.0,0.8107737037635275,0.4356760358746654,0.5633073876808667,0.5473839797843728,0.6479696541880697,0.9796129274708754,0.9604984838399528,0.7728491014546066,0.5151336710256856,0.6661590631596839,0.9682920024289776
1.0,0.8186076562752383,0.4332570501501576,0.5550290310840823,0.5448652052580258,0.5974282250638688,0.9984772056724088,1.0,0.7631853556010022,0.4793014570015214,0.6834386093236637,1.0
1.0,0.7838798255532223,0.4307240406333567,0.5500780276471012,0.5420173855311099,0.5572210672495694,0.9683798242262129,0.8129576214777016,0.7555333827801156,0.4525623251943265,0.5452587797661113,0.9852430016758746
1.0,0.7900985301243741,0.42826617541660217,0.5428350235482997,0.5391976621344804,0.6141800116481265,0.9943364905770924,0.7476739886103098,0.7505715039679395,0.4391791404731476,0.5446297798613264,0.9911473144711682
1.0,0.7603779680180907,0.425753525332803,0.5369181408202088,0.5371959017497884,0.5579607205143057,0.9855539504389376,0.7976776865616448,0.7457870943503053,0.4338203773157588,0.5685608483593668,0.9875301483039975
1.0,0.7575512841221127,0.4236381995150441,0.5329900717706371,0.5372501913724347,0.5584025336158032,0.9769671377627815,0.643169883884328,0.7418327816878048,0.4381753692376968,0.5220972636987421,0.931280836089056
1.0,0.7407527055403003,0.4213451765855066,0.5282534766010711,0.5383804510893845,0.5733535547474776,0.9635546316072208,0.524842837068264,0.7420160272735923,0.4774239023035446,0.5121039334089289,0.8400325381527523
1.0,0.7266192860604102,0.4192548495888504,0.5212692011785749,0.5383030108586552,0.5736331901360614,0.92601090964644,0.4571925153464983,0.7412462475853743,0.5075035988544812,0.529001769090226,0.7279881165007341
1.0,0.7500403811985138,0.41712437084009535,0.5094385695378323,0.5417919651087214,0.5643847556288165,0.9573984382722149,0.5200798757488353,0.7418829473325261,0.5331189454716116,0.510050897057233,0.8308546570231132
1.0,0.7473752220965917,0.4154283144907568,0.5031054066017474,0.5452993825730796,0.0,0.960792118618768,0.4972487242067896,0.7402013513902552,0.5419385767617396,0.4987618845314497,0.8765318573272741
0.0,0.7707155548376676,0.4137234748044789,0.4966024382219096,0.5484947445943338,0.5760572179785082,0.9980015987210236,0.5054507802677319,0.736501912589212,0.5273840595487312,0.5027785881427189,0.9882357286645614
1.0,0.7498788564044581,0.4116208491471537,0.4879880030273656,0.5500348960907482,0.5455033831500158,0.9995898277276456,0.5313216478071149,0.7307846016993849,0.503047491442891,0.5154029937155833,0.8745864274685693
1.0,0.7012598933936359,0.40980970133810746,0.4803199948645928,0.5459510841675572,0.0,0.9553769694406259,0.4411434065527695,0.7267611727951435,0.485190284366609,0.5203117381881213,0.717226674509227
1.0,0.6859958003553545,0.40808797789454576,0.4768915881009447,0.5460662298102649,0.5265590069253119,0.9498783969546368,0.4039272243177279,0.7266456180826533,0.4848518729257934,0.5037168167723023,0.7323336560062828
1.0,0.6974640607333223,0.4060033095839002,0.4729375919488613,0.5442329715842129,0.5680734141573224,0.9770071617037314,0.4504030766955107,0.7252884241262822,0.4792324644813454,0.4761832689736281,0.7857012717268521
1.0,0.7082054595380392,0.40349488210944573,0.4659439293983781,0.5470951319761729,0.6231397773454298,0.9689614434539792,0.4412765328008283,0.7213118288292379,0.4535925347955001,0.4711787036025809,0.7113471559231871
1.0,0.7216927798417057,0.4009238600527044,0.4580473197176278,0.5455719843650879,0.578290264013254,0.9842804036112588,0.454907181421492,0.7187990943346934,0.445341510835696,0.4283211980891188,0.7195641875888201
1.0,0.6819576805039571,0.3986883077105302,0.4558183877507118,0.5421426366029407,0.6052102309203311,0.922849915682968,0.4046076473633607,0.7149657788920076,0.4325348821397901,0.4010593534236885,0.5806763108989547
1.0,0.660555645291552,0.396534660346997,0.4544868417412946,0.5405640627907359,0.6042579841079774,0.8862151229125608,0.40423785222986464,0.7141739254206609,0.4380713378013825,0.3995506603988375,0.4241518784389468
1.0,0.6561944758520432,0.3948365615227789,0.4501721553536005,0.5406284329807776,0.6036732377734249,0.8730912092447379,0.38407662155166056,0.7158277421768746,0.4477646673471671,0.4380472154112123,0.4041285573734651
1.0,0.6183169116459376,0.3934182772124611,0.4423134452564392,0.539439386968104,0.6115734674129396,0.8309888078858201,0.352814140965905,0.7193937371516991,0.4628177783957765,0.4171456592693963,0.27096162955945113
1.0,0.5949765789048617,0.3924240829352473,0.4384128364925789,0.540513011394158,0.5996272906421055,0.8019303829962009,0.3022483544116558,0.7260645036078865,0.4980042762611978,0.3797544090697534,0.000246984728110754
1.0,0.6497334840898077,0.3912385121507709,0.4382813198288241,0.5497636468264941,0.6130334460355218,0.8756545846596161,0.4066415205975889,0.7373230238171942,0.5581025424342951,0.4342462282585805,0.2495730494794721
0.0,0.6728315296397995,0.3898318797652152,0.4423207413360813,0.5502074020579812,0.6114477153304688,0.8975254132867851,0.446128244952296,0.7435785384388847,0.6053352013745908,0.4587350781280064,0.4138963621476199
1.0,0.636407688580197,0.3881761371790575,0.44641646450711103,0.5494594459910449,0.5975477790244631,0.8543998357120857,0.3865616448487537,0.7470769309071372,0.6370624556056129,0.4065163738068646,0.0005308597133359074
0.0,0.6819576805039571,0.38628817259417497,0.4466129081591471,0.5539816222498711,0.6341126812173534,0.9095389670397372,0.5265734782930256,0.7541590049487976,0.6841953990088396,0.4663980284879597,0.12230532336119762
0.0,0.7314650298820867,0.3837065612747777,0.4372963031063154,0.5594963530278437,0.6154964403826559,0.9488911290322579,0.6266696250277347,0.7557590726337273,0.6911996315213185,0.5176617130677823,0.6255856003945106
0.0,0.7488289452430946,0.380869499810925,0.4263327426643268,0.5590923614489854,0.5899876917180977,0.9534167659912596,0.6832334886472892,0.7528531994162582,0.6684428910553709,0.5201417514807789,0.7823232672241031
0.0,0.7310612178969471,0.3784240739499433,0.4144212172992207,0.5577550434559455,0.6356987465672966,0.9252142043484723,0.7188373641002884,0.7495574553445392,0.6490963808073549,0.546516163527969,0.7509078309078315
0.0,0.7460830237441445,0.3766458413560144,0.4134945168969476,0.5568260045468911,0.6892927718579435,0.9388036206218024,0.7364322165520302,0.7474677000036878,0.6256285125073107,0.5693117601933322,0.9102425292334346
0.0,0.7649814246486835,0.3749745889838142,0.4072209774179608,0.5592999168474034,0.6283706805204311,0.9691115905079428,0.7567487611863031,0.7443038561916373,0.6088277248180959,0.6014177295248768,0.9869532265049812
1.0,0.7336456146018412,0.3735781048329613,0.4066980588361492,0.5596470422045384,0.6908358275979789,0.9319474406746422,0.6951852673618819,0.7396072930415805,0.5717363706488352,0.5602817264560079,0.7317832394976197
1.0,0.7260539492812145,0.3721531883691105,0.40323491164331415,0.55659222134016,0.6909074276915529,0.9345950186311044,0.7030619037053473,0.7379451689978886,0.5737884922848965,0.5721079925789269,0.8300941966219153
0.0,0.7443870134065579,0.37062161888326095,0.4011891987625968,0.5599504318359936,0.6920030328673163,0.9572465189252796,0.7423045632719474,0.7353660590084543,0.5706526628099853,0.6512250214566662,0.9954255088783036
1.0,0.7286383459861088,0.3688930005109795,0.3995745445510021,0.5585333092914668,0.4673972811363532,0.9961353666179236,0.7024110642703938,0.7297560549219901,0.5619289760918302,0.6465379877985588,1.0
1.0,0.7052172508480049,0.3672850309194312,0.3965496580631561,0.5582353754734001,0.5586334806627342,0.9740965113850008,0.6829746320538423,0.7249413631446733,0.5550958327060183,0.6316988813012521,0.9934572779685186
1.0,0.7069132611855918,0.3657064774534763,0.39458703421504615,0.5582165742640088,0.5764683528659102,0.9790056402757464,0.6613194290363142,0.7195350263958613,0.5412679694689697,0.6473898792465042,0.9618606484675284
1.0,0.7131319657567435,0.3635165810578094,0.3884697539805661,0.5556569839373363,0.60869104860653,0.982034677250888,0.6893942755713336,0.7134843860962838,0.5270293837895003,0.6704190306411408,0.9819536937993842
1.0,0.6946373768373445,0.3615971182831058,0.38453753382999656,0.5549609330941173,0.7210651948943715,0.9399415082515143,0.6615708897270913,0.7068416515370772,0.5021758904312382,0.6503092812171336,0.7568491877625371
1.0,0.7030366661282507,0.3600822431995043,0.3833719256340862,0.5545189317093797,0.7032443802888548,0.9951917939950852,0.6696989867613339,0.7031321476057968,0.4933843860399015,0.6653570349270143,0.9673544810594392
1.0,0.6477951865611369,0.3589435494278238,0.3861369444504785,0.5507492071169947,0.4620496872617924,0.9997701941859128,0.6551512462095997,0.6995859726068225,0.4791957933922689,0.6535530011003621,0.8551203184367657
1.0,0.6304312712001291,0.3574436092357526,0.3866083699613091,0.5518883874261216,0.4722725556424167,0.9981255857544518,0.6292286073515273,0.6962636096235757,0.4678745493762009,0.6617070865201555,0.7902133639964233
1.0,0.6351154902277497,0.355643850420575,0.3853777916450375,0.5531392373206702,0.4824770830566469,0.9968257700446742,0.6648546705125362,0.6934732093167799,0.4512281682996856,0.666420057078287,0.8916570844512599
1.0,0.6285737360684863,0.3535791340369789,0.3783739951098155,0.5529971017305904,0.4374431112678727,0.985419630156472,0.6797943939057766,0.6885902620248228,0.4229914978217226,0.6494574468151346,0.975978534009117
1.0,0.6375383621385882,0.3517577708255225,0.3714457773519797,0.5510606981673166,0.4568237502839446,0.9889758179231862,0.6846461060572443,0.6827558159478886,0.3859095032872221,0.6547074646233662,0.9757435501842808
1.0,0.6215474075270553,0.3496895194380031,0.36325494106484346,0.549295392320278,0.4881181176380085,0.9638454243717399,0.6748835145329488,0.677223545124882,0.3614335662285616,0.6471346057141054,0.9665410528719882
1.0,0.6185591988370213,0.3479687059389881,0.3603809198962537,0.5502962168032862,0.5687738896201031,0.9387444366362144,0.6572738702758674,0.6739086564756394,0.3551819812661463,0.6313267010405658,0.9907892439322502
1.0,0.5883540623485702,0.3458325333052974,0.3538966237407085,0.5496326055163818,0.5790436004004063,0.8998363721365121,0.5693661711411878,0.6718446276770311,0.3588342530635526,0.5346188434157866,0.8577878103837466
1.0,0.5864157648198998,0.34418125549231104,0.348962754463966,0.5510672802276602,0.5724235852131669,0.8719080246196725,0.49457140744027794,0.6712272794267502,0.3610811072667118,0.4744123287143632,0.4975745641419715
1.0,0.5906961718623808,0.3432703643475929,0.3470606445412305,0.5482044307590092,0.5746562539919428,0.8785544352554662,0.5364839878707196,0.6745604420234068,0.3863150600336414,0.4918942966633243,0.6556361365928616
1.0,0.5625100952996285,0.3433415614462073,0.3536825135256741,0.5424108719953137,0.5814159568857287,0.8764019485668971,0.42792692848162095,0.6760355666949598,0.39885022291598,0.3567312235141962,0.610849266340594
1.0,0.5377968018090775,0.3433755775231689,0.3605115273298575,0.539473475405618,0.5757951990053572,0.8659793814432989,0.42927298276754666,0.6791743974157469,0.4375856036162529,0.3582174845315946,0.49209378407851706
1.0,0.5459538039088999,0.34280751591751724,0.365940757630844,0.5373498116809664,0.5768877690513142,0.8723235527359238,0.4198653945714075,0.6799759040064846,0.4497697083954453,0.3504662925643484,0.5920704159526411
1.0,0.5382006137942174,0.3415291215832013,0.3668063670440258,0.53929473068185,0.5764608646620427,0.8673388467202899,0.4435100954071444,0.6804075693073162,0.4597980731677137,0.33155281346346416,0.5763053655023409
1.0,0.5422387336456145,0.3405954819142336,0.36863450630934813,0.5403410701628311,0.5795999297574201,0.8638268947547297,0.4544634272612975,0.6793053829701967,0.4531470212212033,0.3415452486171422,0.6532949225783227
1.0,0.5399773865288321,0.3396428773499805,0.3691694783457251,0.5388351481589663,0.5691775534619848,0.8719836864166759,0.4769617631831965,0.6775935795096135,0.4437631741926722,0.36713222548267216,0.6454087144400437
0.0,0.5507187853335486,0.3387013575042579,0.3679377732236216,0.5404700430367867,0.5331510766233186,0.8920357992522941,0.4975075808002365,0.6755966783524411,0.4404486151852151,0.33903683882328084,0.7007202016564632
0.0,0.5620255209174606,0.3376382665583866,0.3681588570857438,0.5389560248109189,0.5762312740583638,0.9007590347796532,0.4625471488795209,0.6721753119098679,0.4266665196411865,0.3478553948380029,0.5344256391789699
0.0,0.5353739298982392,0.3360345036960797,0.3635276183768232,0.5381362327969116,0.54579741222931,0.8723235527359238,0.4818800384586939,0.670828039713401,0.426423954215988,0.3705675207414989,0.3623334533669426
0.0,0.5641253432401874,0.3345690635970596,0.3640566278925007,0.5401647046496748,0.5830800988317997,0.8930553982100374,0.4682419939353598,0.6708059380131204,0.4253060864772353,0.35728298591940444,0.3813467770975879
1.0,0.5328702955903729,0.3325496829654816,0.3588462111188717,0.536531972192945,0.557452312368249,0.8444545145576072,0.4599881665557282,0.6718744770274163,0.4353912238595539,0.3954056048536481,0.3411955347497301
1.0,0.5571797770957839,0.3313696070527784,0.35709839538165844,0.5377534798402728,0.5410418860187679,0.8645066273932253,0.4772280156793134,0.6729113051325948,0.4456775350194714,0.3653214486445578,0.4053655023406546
1.0,0.5410272976901952,0.3302966327510044,0.3524616746363346,0.5373431196419605,0.5590226296002159,0.8561232581851137,0.466252496117151,0.6743017177492001,0.4632138163080058,0.3518492749665627,0.317680950666186
1.0,0.5461960910999838,0.3304045721342679,0.3590147289358813,0.5379401673933398,0.5797520393922126,0.867905290585703,0.4214555136454405,0.6763319475730272,0.4827811661373128,0.3573443439226877,0.3056175729204175
1.0,0.5068648037473752,0.33029865093069155,0.3709562213922363,0.5308891563557256,0.6185779121123408,0.8555568143197009,0.4145403446490643,0.6792353878083377,0.5069211258816093,0.34761169550437626,0.18602808786460165
1.0,0.4542884832821836,0.33021470788088714,0.38357102744266747,0.5269721452278695,0.5663879467469143,0.7878101280163134,0.3949042230604246,0.6821202999752289,0.5267603962294606,0.3699569948092287,0.11776194437411833
1.0,0.4593765142949441,0.3289160069811557,0.3846836885963716,0.5277489240041143,0.5086636471173192,0.7980061175937463,0.41393388063013065,0.6858501459752588,0.5524226076556883,0.3958819549417572,0.047679617637989086
0.0,0.5687287998707801,0.3276789874361278,0.3821343408337361,0.5454682646918252,0.5108669473907492,0.9235300781692534,0.4948672435470749,0.6898859389237941,0.5808874283849392,0.434346112099336,0.31273109407231525
0.0,0.5766435147795185,0.3256453996775881,0.3779383703771707,0.5459606492315996,0.5231749090432269,0.945621388920358,0.5151172250573183,0.6925420353471201,0.6066416331360786,0.40758275898659735,0.2552348893619128
0.0,0.5496688741721852,0.3243239889753784,0.3812522147907801,0.5434661999322418,0.0,0.8932819757562024,0.4774277050514015,0.6946518827161037,0.630120405964569,0.413257828654886,0.13761694965595644
0.0,0.6108060087223387,0.3230843099254208,0.3778777393093813,0.5544382949006832,0.4553046340207181,0.9901438767418148,0.6094667554174986,0.6980289953557257,0.6604631591304728,0.5491565590151701,0.8622478087236142
0.0,0.6024067194314325,0.3218308530376699,0.372212014159422,0.5560019561086137,0.4824866398794926,0.9904371584699452,0.5999852081946603,0.6950303756642873,0.6618556154526565,0.5383132383153408,0.7956018878688872
0.0,0.5973186884186722,0.32023616069808625,0.364641824234412,0.5589619895013123,0.4298861898417328,0.9875499714448888,0.6598180607943198,0.6926659265001303,0.6688401317359761,0.5859398081909447,0.9950547852225348
0.0,0.5890001615247941,0.3187100348424675,0.36436454802347895,0.5583232248659309,0.0,0.9697315819531696,0.6485984764440501,0.6889187328670137,0.6782276960114791,0.574883299848958,0.9310361469041072
0.0,0.591826845420772,0.3174514076401016,0.3688866294495119,0.5578594020540127,0.5183462456266299,0.9840091376356368,0.6340285481843059,0.6861254804693937,0.6889201927417692,0.5373593870965082,0.9665061390949704
1.0,0.07583841463414642,0.9970238857858976,0.9893533780770845,0.5123737871262452,0.5271703213064756,0.7028688524590164,0.4678574069965236,0.9659562272182702,0.5377748420304204,0.4763144021271154,0.743230347131098
1.0,0.10899390243902436,0.9963687660243136,0.9863043330623968,0.5139796547650413,0.5360818715366575,0.6326844262295083,0.38613268249389865,0.9642331834655355,0.5297164572990556,0.4679265584766255,0.4611734889340781
1.0,0.046112804878048815,0.9919235938623876,0.962664773106988,0.5106356910464902,0.5364477102021887,0.6367827868852459,0.3628060054729676,0.9644842521509064,0.5302891310432448,0.447770734113793,0.3181794026995425
1.0,0.1177591463414634,0.9909790898560364,0.9586329746616588,0.5145378130143831,0.5479149548192637,0.6250000000000001,0.3565268841062049,0.9659746458570416,0.5249281444849738,0.4402084269306477,0.1321872675098308
1.0,0.1524390243902439,0.9827983241816288,0.9250674731537888,0.5128316983201201,0.5486652159688884,0.6608606557377049,0.4434657199911249,0.9700291152895296,0.5456550005470402,0.4974789495067221,0.4573280901264736
1.0,0.25114329268292696,0.9787903827458374,0.9172875938080792,0.5149382631112283,0.5470290842493548,0.6649590163934428,0.4626506915169,0.9710197879650908,0.5591668851349085,0.4623678411102949,0.5150653629503669
0.0,0.2210365853658537,0.9761621784955832,0.9082633724127516,0.5168802441676789,0.5491971422338978,0.6480532786885247,0.4097330079136154,0.9692947052329804,0.5627074829108304,0.4091881204449082,0.31594749707726555
1.0,0.18140243902439016,0.9771503829293248,0.9102777395129472,0.5182747055674518,0.5473798887059659,0.6290983606557377,0.4508468308557063,0.9689668322638608,0.5887988901685037,0.45033694049727613,0.08261363636363615
0.0,0.21570121951219529,0.9725612685846396,0.8802684163792323,0.5165484378368954,0.5451787978962578,0.6521516393442625,0.5735892315657123,0.971742937248634,0.5841647919937369,0.5063967400093614,0.09259326660600399
0.0,0.33460365853658525,0.9662104984987682,0.8504420081402904,0.5202561603380471,0.5443621957002701,0.6639344262295082,0.5699504474521119,0.9735570925936892,0.5651596984925521,0.5023443119577018,0.4446663104311396
1.0,0.3349847560975609,0.960978357475408,0.8277558657172144,0.5203659084205277,0.5426965667382114,0.6501024590163934,0.5518009023001261,0.9740261188170138,0.5219906760836556,0.488313960957441,0.3324239952751934
0.0,0.35175304878048785,0.9604751568620029,0.8303208696226329,0.5212268323145576,0.5386858430599115,0.6885245901639344,0.6965017380371276,0.9750517675573388,0.4837327955346808,0.5699328416400281,0.6260370672441431
0.0,0.3601371951219512,0.96060550713627,0.8310398293398338,0.5180115195102333,0.5376501738871596,0.6921106557377049,0.6901264699356552,0.9725084252467744,0.4419990758963581,0.5660015974645474,0.6763270084601607
0.0,0.3513719512195121,0.9579988763012388,0.8199416776058548,0.5211522879340048,0.5476141571240792,0.6910860655737704,0.6240736631905931,0.9709501354078494,0.4091012019727495,0.5637483105514669,0.5099953612688036
0.0,0.44283536585365857,0.9527791406509816,0.7938851106889921,0.5229764430366963,0.5296792004726004,0.7484631147540984,0.7231121958435025,0.974774305433501,0.4329067800699423,0.6268026954506941,0.6929380839831234
0.0,0.4847560975609757,0.9444675962990128,0.7545613653247899,0.5262417517204676,0.5406502858773226,0.7182377049180331,0.595688188743436,0.9752932321397648,0.4320019588883568,0.5229377710834663,0.6651940535883886
0.0,0.546875,0.9375792870984472,0.7156308611339278,0.5268527818712604,0.5359279284815089,0.7305327868852458,0.6381184823607725,0.9770926377369497,0.4553875303831586,0.5653036582118603,0.798502352499392
0.0,0.5708841463414636,0.9327278554643428,0.6955853468473021,0.524801393501174,0.5625525700278597,0.7371926229508199,0.6818208712373344,0.9746702867213192,0.4533688080306956,0.5501328792321709,0.8364957699189317
0.0,0.6086128048780487,0.9298237705672946,0.6864061684568662,0.5234829195526884,0.5525561289830183,0.7663934426229508,0.6590193033059684,0.9698930716661368,0.4547200793795288,0.5240053390173258,0.8448013076804131
0.0,0.6105182926829268,0.9268386388856532,0.6851793479222398,0.5237885195443961,0.5459337364691865,0.7581967213114754,0.7017898084461207,0.9640068289125427,0.43224539568866177,0.5514084302209274,0.8038479379735367
0.0,0.6219512195121952,0.9252272389781304,0.6858835785604134,0.5248095552036145,0.5435544337176093,0.7510245901639346,0.7849641298720516,0.9576826259678296,0.4062108035189416,0.553262683086693,0.8511850853747434
1.0,0.5895579268292683,0.924532625955851,0.6937144963188322,0.5263966296504202,0.5443311950193886,0.7264344262295084,0.788610309888322,0.9532202726528952,0.3905163733475968,0.5564354630451874,0.8951662333819449
1.0,0.5602134146341464,0.924233934484874,0.7014300608900874,0.5282122435344598,0.5444868064113983,0.7033811475409838,0.6771762443606243,0.9470069114653774,0.3608426420243551,0.5053134967837652,0.9997849051192575
1.0,0.5891768292682927,0.9222952074940768,0.6972072917366754,0.5263439737339324,0.5557703381389107,0.7274590163934427,0.7257673249020042,0.941890162284852,0.3342199602144321,0.5308940457618934,0.906416704770614
1.0,0.6250000000000001,0.919730362301312,0.6870285563064936,0.5251724195751916,0.5605742603713766,0.7412909836065574,0.6787885511426666,0.9364683851123228,0.3033343299950567,0.496055575849937,0.9186607732561082
1.0,0.6257621951219511,0.9183682406810096,0.6858153289100906,0.5251637250789801,0.5425447276164972,0.7443647540983607,0.6270763996745798,0.930308242831012,0.2769352036912404,0.5147808742570552,0.9330670634609852
0.0,0.6432926829268294,0.9180895798378578,0.6863345706781477,0.5255177728398901,0.5704541803971539,0.7925204918032788,0.7335626063161008,0.9226253177154032,0.2451889911294294,0.5609361254855841,0.9258126095028898
0.0,0.6230945121951221,0.9172673732400656,0.6892947413156355,0.5245824872051159,0.5660003660655586,0.764344262295082,0.6578951261001401,0.9116645088252592,0.18090980133207674,0.5306990997734774,0.9835085313833032
0.0,0.6261432926829268,0.9141701032337536,0.6777325186330704,0.5248661497476292,0.5618437947902318,0.7617827868852458,0.635330227054212,0.9096107307582316,0.1754269054147909,0.5213566452659361,0.640760197775031
0.0,0.6829268292682927,0.9116176934052596,0.6792928772127109,0.5251289813327351,0.5450963841341946,0.7899590163934427,0.540056208860291,0.9122802984896624,0.1908920018645288,0.4692378292372749,0.8772613320685668
0.0,0.6714939024390244,0.9085594110692166,0.6782158291503083,0.526004773341584,0.5647663157043726,0.7899590163934427,0.44936765032172143,0.9154264435545432,0.2173346716193912,0.478635112835455,0.8251914086320201
1.0,0.6577743902439025,0.9068472598705014,0.6818327989237414,0.5257288016406161,0.562250556492557,0.7556352459016396,0.3457288662081209,0.9184932588670572,0.24095082205778875,0.4801856930661413,0.3105859805080943
1.0,0.6413871951219513,0.9066461365121804,0.6976808877602179,0.52511839556718,0.5640995633306403,0.725922131147541,0.24896087567487615,0.9235832023811871,0.2852729479779078,0.4962846234615496,0.3005138033682672
1.0,0.6028963414634146,0.9063031180179956,0.7066802618026659,0.5215830534271366,0.5645918744638445,0.7300204918032789,0.2479550329117665,0.9292281038998867,0.3332730262810032,0.4962180052735194,0.3113365868713946
1.0,0.5929878048780487,0.9052213140503692,0.7125725312539617,0.5215992783598564,0.544921783450336,0.6921106557377049,0.19626506915169,0.932594243552734,0.3739224583445876,0.5233123846025852,0.2070654928387748
0.0,0.7054115853658536,0.8985472051833817,0.6755335658817031,0.5245631993122399,0.5682809764870531,0.8130122950819673,0.3220915612750538,0.9390563659002706,0.4309957507983508,0.5183415819295429,0.4772711205372921
0.0,0.7854420731707317,0.892237218829257,0.6433657892305054,0.5319883563451681,0.5754861821638286,0.8027663934426229,0.2760076917387766,0.9385624086446036,0.4351827704724064,0.5013401425946644,0.4825379992930354
0.0,0.7427591463414633,0.8876891866290092,0.6150868213282359,0.5334128024123455,0.5493526902552156,0.75642965204236,0.3027364839878708,0.9377682404096196,0.4316417583385007,0.5144667105153115,0.3861240582034449
0.0,0.7538109756097562,0.8870537561635741,0.6104157437485348,0.5331418327988162,0.5806724315405165,0.7947554210791731,0.3594778492715039,0.9359953556388094,0.3950370120240753,0.4889408271962859,0.4439098548255069
0.0,0.7484756097560976,0.8863316476652336,0.6054613022787696,0.5331458830970325,0.5764163589323344,0.7796268280383258,0.35488499371348303,0.9346121034885844,0.3877024574037666,0.4853612385664646,0.3163267010808739
1.0,0.6829268292682927,0.8851136947471988,0.6070657927122309,0.5332687593871333,0.5746105924622933,0.7034795763993951,0.2635973670586496,0.9355953591689988,0.3932558934729576,0.4885765986730897,0.16425266041864994
1.0,0.6993140243902438,0.8846226599689311,0.6235067268020331,0.5339688892683119,0.5222263867461753,0.7322239031770045,0.30902300125730353,0.9415157353826179,0.45030684243707103,0.4615479050614511,0.1857030688785309
0.0,0.7698170731707317,0.8831170661850569,0.6431845315558142,0.5377905258738813,0.5028463118430762,0.8265254664649521,0.41487316026921095,0.9477037459044066,0.5011582068114853,0.5067313703978429,0.4287241684625538
0.0,0.793064024390244,0.8803113977170888,0.6585660883784284,0.535701814633088,0.0,0.8426626323751892,0.28093336291694376,0.9499691887460632,0.5275540350080806,0.4798757617956039,0.21620808900917166
0.0,0.8719512195121951,0.8778512108880829,0.6640219212927058,0.5365326386811409,0.4815833241572926,0.9314170448814928,0.32906589749278936,0.9564414984173392,0.556197954874171,0.5021940222247199,0.3303763845035837
0.0,0.8506097560975612,0.8748708636907295,0.6597905267482945,0.5386092258516763,0.5803688466215184,0.9508881922675028,0.4188299681976189,0.9600342756672562,0.5601424667575234,0.5022804845766878,0.4401510215673503
1.0,0.6814024390243903,0.872963911469571,0.6549723257254187,0.5307057702384743,0.5757425719786421,0.7037617554858935,0.3184453812587826,0.960632915223653,0.557105748742888,0.4257437706394667,0.19395579612088465
1.0,0.6581554878048779,0.8719641821488899,0.6507928636406846,0.5326209989849591,0.5875313547328843,0.6865203761755485,0.3377338954219361,0.9672474372053608,0.5928919954838897,0.44085300522586623,0.16263218563624576
1.0,0.6227134146341463,0.8711277753715034,0.6478904814234112,0.534337560373693,0.5746311568499449,0.6410658307210029,0.3164854670512538,0.975732645387038,0.6584844941934114,0.4210638413527434,0.059322741776508474
1.0,0.6875000000000001,0.8685889652496637,0.6321471194131474,0.5348620109096442,0.5710940410163743,0.7168234064785789,0.4365357591894091,0.9882129146598242,0.7571057542838184,0.4942262067081685,0.06515601783061017
1.0,0.7362804878048781,0.8646743418567097,0.6160743772964693,0.5352172091832934,0.5795358277994693,0.7420020639834881,0.5078692404407964,0.9954380491114628,0.8269286771774136,0.5495213147702578,0.1865141481035523
0.0,0.7778201219512195,0.8612987085129831,0.6075921536621431,0.5346914065224824,0.4502551835382341,0.7777217741935484,0.5591968049700463,0.9993991663093679,0.8981530245380854,0.5455851409179302,0.3336544250451514
0.0,0.9020579268292682,0.8589037048851623,0.6165965039932089,0.5410527505705052,0.4516235177140271,0.9502512562814068,0.6387397381850454,1.0,0.930516273621946,0.6327820264204569,0.7126429861529197
0.0,0.8936737804878048,0.8569399995432072,0.6286944383342861,0.5410358737316923,0.0,0.9314115308151092,0.7282005768804082,0.9961854005565632,0.9358755720022154,0.6553076933757574,0.7589102950030095
0.0,0.9020579268292684,0.8542092342208406,0.6335195481892609,0.5406781391856874,0.4410179277648679,0.9582504970178928,0.7610531765401967,0.9899797813143864,0.9038031098608592,0.6392159289748066,0.8457104017722284
0.0,0.9016768292682928,0.852513319205739,0.6350044855279091,0.5413524909454126,0.5078333774170042,0.940854870775348,0.7900673027142959,0.98295041460211,0.8741178295681926,0.6560619140187768,0.8321155917755598
0.0,0.8982469512195123,0.8496744675894669,0.628220088788814,0.5398431140075534,0.4767688572239867,0.9627236580516896,0.8999926040973298,0.9772513799062932,0.8652102176390277,0.7178663349292791,0.9860246751828792
1.0,0.8894817073170733,0.8484678566744771,0.6312431412903137,0.5402419242743854,0.4825568090406115,0.9319085487077536,0.7834775534353966,0.9690057541740388,0.8405178963172133,0.6389752386954207,0.9992632448482957
1.0,0.8387957317073171,0.8462428754831379,0.631150679640842,0.5398091667382491,0.5030775967138923,0.9010826771653544,0.7515864211226979,0.9648775389071332,0.8352981774489907,0.6682315969669332,0.9735161352285808
1.0,0.8315548780487805,0.846351204306504,0.6425520143916723,0.5397612472607775,0.4962719783008134,0.8843503937007874,0.6826640041417056,0.9595069499448194,0.8104114048638955,0.6610562481027852,0.8525478030919451
1.0,0.8170731707317074,0.8456466132256525,0.6486359041127948,0.5371338961707012,0.5086196243368035,0.908464566929134,0.7504696398195396,0.9558758349414151,0.8034206338065615,0.6732771537196911,0.948975378103545
1.0,0.8334603658536586,0.8457917869749718,0.6579213567137068,0.5376648286095236,0.0,0.9379921259842522,0.7357961689224166,0.948230423414357,0.7579873497641254,0.6660294058782708,0.8235946936457946
0.0,0.8269817073170733,0.8429645221581474,0.6487857986921055,0.5364785406590413,0.5117443936003372,0.9502952755905512,0.8249833592189929,0.9428734556706851,0.7246886815366796,0.6708379634753469,0.8505908452936114
0.0,0.8769054878048781,0.839621493286771,0.6383678468849131,0.5364330547308548,0.525365025332929,0.9920039980009996,0.8578433547814517,0.9380143071680124,0.6852793304497611,0.7172561088782302,0.9754141627415956
0.0,0.8353658536585367,0.8354822739635046,0.6262980055064441,0.5347973161549141,0.5499986112766865,0.944838056680162,0.8110568744915314,0.9323978495691684,0.6747844083878811,0.6460043760950248,0.997576621525302
0.0,0.8269817073170733,0.8321610091007918,0.6074576613637723,0.5379571959752599,0.0,0.9372469635627532,0.7811404481917017,0.9270609228900372,0.6934228214586755,0.6320519520935812,0.9417225150194116
0.0,0.8727134146341463,0.8288149255327899,0.5987010154288286,0.537370113852726,0.5861470393680395,0.9741902834008098,0.7301235115745879,0.9218874842447646,0.6776321097256499,0.6232145252307764,0.9164768907107396
1.0,0.8528963414634146,0.8242910877392164,0.5851103665237554,0.5367341226146648,0.6367154660428188,0.9418016194331984,0.6981732120405298,0.915791474032268,0.6475725670804928,0.6058514823166734,0.8623578832016805
1.0,0.8288871951219512,0.8201095890813215,0.5878464501686665,0.5365612387025186,0.6599204500703227,0.8856275303643726,0.7329117668811477,0.90888145549624,0.5835942015669809,0.6268816111946875,0.7867677275010263
1.0,0.8220274390243902,0.8177352757643954,0.5899461481534716,0.5369448522545599,0.663075846933027,0.8599299649824913,0.7947563050070265,0.9016002129805992,0.5376769947051877,0.6213766628437476,0.8398931555636728
1.0,0.7804878048780489,0.8149029159294852,0.5932655915616697,0.5366666989367839,0.6614816507322563,0.8444222111055529,0.8369425338362545,0.8938390085606294,0.4745837397075599,0.597019997389189,0.8827748360072696
1.0,0.8136432926829269,0.8127843208899613,0.5995836996031573,0.536069142119696,0.6667881651866631,0.8469234617308656,0.8278529694549224,0.8833824330015678,0.3850362290046143,0.5932183241050552,0.8544582968795561
1.0,0.8121189024390245,0.8085104916063302,0.591512358128157,0.5377696252085343,0.6583177606116212,0.8449224612306154,0.9530729975593524,0.8746893230241715,0.31506224766218105,0.6067634599709493,0.90215108508878
1.0,0.7976371951219513,0.8044876596054129,0.5802672842611227,0.5379810524710316,0.6767765494568571,0.8034017008504254,0.8252348199097705,0.865041096755385,0.2586108732947794,0.5667346229152864,0.9713827881987004
1.0,0.8372713414634146,0.8008182586837967,0.5665499074883049,0.5377068375197249,0.6541612417312246,0.8253189401373898,0.7544190518452782,0.8606649628885201,0.2377725153455347,0.5582141075024853,0.9754761335564596
1.0,0.8025914634146343,0.7969882797540292,0.5542063633747867,0.5395106943773232,0.6518431795308821,0.7874818049490542,0.7356112713556692,0.8562574872527657,0.21275711436046288,0.5500945643765001,0.890476383211236
1.0,0.7797256097560976,0.7948242099791879,0.5206425815828084,0.5393874230876567,0.6514857220457069,0.7387127761767531,0.6560757340433402,0.8521796049752639,0.1808000604998881,0.5533218393064963,0.7218197272028172
1.0,0.7881097560975611,0.7925518354034915,0.491043942073093,0.5394133068267146,0.6596658563954721,0.7604562737642585,0.7007100066563129,0.8514036892617283,0.1723124491739088,0.5912307212411785,0.8827255433682767
1.0,0.7869664634146343,0.7904177822637105,0.4587943288976282,0.5396383492791464,0.6641997057197335,0.7528517110266161,0.693669107314548,0.8484702999452769,0.1487389808408771,0.5843936395829128,0.8847290241631928
1.0,0.8334603658536587,0.7878001991589967,0.4541023809279492,0.5392798819122625,0.6797623029743549,0.7983074753173487,0.6523851786110492,0.8454462041995818,0.12641718800135465,0.5475174605900363,0.931335249119682
0.0,0.8567073170731707,0.7851414725371689,0.4464146534909095,0.5371679918236991,0.6703228434854906,0.8224299065420562,0.5765032172176615,0.8399989993318668,0.09430049317434892,0.5475044127153441,0.9215298687567512
0.0,0.8544207317073171,0.7828711888951835,0.44689205861656,0.5407472986757916,0.6758591484136105,0.8216767021769339,0.6138451297980918,0.8371562607982048,0.08198909451940589,0.5699026929339495,0.8554715333164777
1.0,0.8064024390243902,0.7804975209364781,0.4461507829019413,0.5421196593589372,0.6769170284808024,0.7637795275590552,0.4292212114488571,0.8350217057710052,0.0704896720786401,0.5021915594353031,0.5836991748454259
0.0,0.8574695121951219,0.7784424450989323,0.44593666899845663,0.5418299704447391,0.6427413554348779,0.8175081056044465,0.3809703424302936,0.8385700291026337,0.08486280859679074,0.476582722861989,0.5874704491725764
0.0,0.8967225609756098,0.7753946262889383,0.44081718600655095,0.5421848589974648,0.6530057618611751,0.8655268022181147,0.4386435914503368,0.8392658506746571,0.08202002779702383,0.4592191909199774,0.6950723660648456
0.0,0.9409298780487806,0.7719738747025249,0.4325123132812347,0.5417864299372994,0.6308164715241696,0.9022140221402216,0.4665113527105982,0.8349270532899362,0.042016122367831865,0.4771991427285857,0.6630290517622774
0.0,0.9580792682926828,0.7678224925327594,0.42345976831739984,0.5395121698710298,0.0,0.9146341463414632,0.5732564159455661,0.8339710482938059,0.03675345886348708,0.4908034966691314,0.7838287652474358
0.0,1.0,0.7645150463723629,0.4206315668891645,0.5387832333261842,0.6571927897355364,0.9517800811176206,0.4273056726573482,0.8311139455407304,0.013448029185500364,0.4636253599953506,0.7803948005983109
0.0,0.9618902439024388,0.7610143811937983,0.4145488291205194,0.5401188271152435,0.7152392902596816,0.9229398663697104,0.3673249020042897,0.8306379964024624,0.01970395269747266,0.47839828701739295,0.5742227671861407
0.0,0.9462652439024392,0.7576260539572048,0.40425585047526136,0.5399342069752104,0.7138106048830488,0.8966592427616926,0.30201908142888834,0.8299561332870204,0.0,0.489900365185132,0.4548690768135429
1.0,0.8708079268292683,0.7540349919360682,0.3884117473699528,0.5372988395347417,0.7001361480539731,0.7944173681878599,0.2515124620959988,0.8333949697766576,0.010952593130705124,0.5098384693197302,0.3312960859610222
1.0,0.8742378048780488,0.7508409564369649,0.3731873286736041,0.5338144974071279,0.7025673291182273,0.7990325417766051,0.1561570889727088,0.8392476771894204,0.0351752625898471,0.5275275249401644,0.29006031562422474
1.0,0.8102134146341463,0.7475942181382103,0.3628248424369561,0.5314018238436131,0.6590296154410227,0.7127845884413309,0.0,0.8454555801739461,0.06043861289644802,0.4532209385115417,0.03703982874544067
1.0,0.8170731707317074,0.7449809380669108,0.34652863082627783,0.5327993714238889,0.6975045595280559,0.7107851774180379,0.07221359366910696,0.8559028663829801,0.10755230595308383,0.4363354551575525,0.0009082217973226717
1.0,0.8391768292682928,0.7431909551830749,0.3379774599403692,0.534133671988444,0.7107785042101077,0.7378807378807379,0.1309814362842982,0.8645243302884129,0.14250466704533832,0.4094945963180941,0.0862495860209112
1.0,0.8353658536585367,0.7413873628905565,0.3234819382970521,0.5332488576308152,0.7147414089611865,0.7404547404547402,0.07996449966718439,0.8714924588387303,0.1910563831390304,0.4308184462664726,0.045740260129914605
1.0,0.8807164634146342,0.7398838182913506,0.31903528962834515,0.5330793555805905,0.6374714185413394,0.7813436029097134,0.11587900303231975,0.8804721087532108,0.2503516402644739,0.4023566134467396,0.01328732221756342
1.0,0.7732469512195123,0.7377022631852662,0.31601497425334996,0.5300126959206587,0.6315856033493445,0.6705177578091572,0.12881443680201116,0.8886889897829133,0.3047879842281779,0.4078952861010608,0.04418357145160709
1.0,0.7728658536585367,0.7344020169361178,0.3126021718480596,0.5301940935538181,0.6424771425533613,0.6670945656824989,0.13382885881221795,0.8979944140117571,0.34813892122925083,0.410182159107548,0.06113135743541754
1.0,0.8635670731707317,0.7313673088489079,0.30993544521145633,0.5366256610347774,0.6462187568444661,0.7139821504462388,0.1684860587234676,0.907676921446104,0.3893197828435302,0.4265211788022129,0.10060926584359263
1.0,0.846798780487805,0.7280117655610597,0.3020817228301748,0.5375193459280839,0.6423128062485779,0.7237591537835639,0.2071592337844831,0.91460482992724,0.4100124390849291,0.3964688224632563,0.1780092551233719
1.0,0.8231707317073171,0.7268551727268365,0.3023516253043512,0.53644650264492,0.6794861404469265,0.6965012205044752,0.19076991346793928,0.920137918157129,0.4138841267096592,0.3733479584156051,0.036448748414301714
0.0,0.8563262195121951,0.725429795345565,0.29987859352166435,0.5351297640214427,0.6878958488419071,0.7298616761594792,0.2889505214111381,0.929280400833388,0.4502574690089365,0.3759303420394178,0.17973777348777348
0.0,0.871189024390244,0.724272428168272,0.2967825554271426,0.5355930328483667,0.6496961155417301,0.7506102522375917,0.33863619554766605,0.9353244032554956,0.4756162816417734,0.4060632860863012,0.3299549549549543
0.0,0.8452743902439024,0.7233214591194205,0.29749394594978085,0.5367521539273943,0.6535564657762385,0.7331163547599674,0.3381480659714513,0.9383504048901591,0.5108852909125837,0.4050355454066487,0.3069095881595875
1.0,0.8292682926829269,0.7215502016446309,0.2895801032762825,0.5388856920860269,0.6505008560374321,0.7225386493083807,0.3433325937430667,0.9423097861275632,0.5318405175834011,0.4086371047375167,0.2005509974259981
1.0,0.8044969512195121,0.7191468178262034,0.28879886766519963,0.5389638305389683,0.6724011219494079,0.67860048820179,0.2669846904814732,0.9478640005749116,0.5713986829908555,0.35935914387148205,0.025619369369370724
0.0,0.8761432926829269,0.7170007919887398,0.2847516633330469,0.5405661406646584,0.6577618131677017,0.7485760781122864,0.446490644183122,0.9584673569295374,0.6354690214293552,0.4751096556358057,0.2700783421784172
1.0,0.8418445121951221,0.7146450393275648,0.2831076558464459,0.5417403842166898,0.6604269114354696,0.7180634662327096,0.4447008357370017,0.9619795705381846,0.6693595860920043,0.4733131311011958,0.2508264570372482
1.0,0.8471798780487805,0.7130363977936364,0.2758831865914489,0.5429206190372419,0.661252678490247,0.7131814483319772,0.4887064566230309,0.9671294106476818,0.7111562743743107,0.4756605572517622,0.07945729568882845
1.0,0.8246951219512195,0.7104171132850001,0.2633146306340515,0.5446222778320643,0.6660522960810796,0.6956875508543532,0.4855705938909846,0.9713214118514396,0.7628789460077359,0.4723610716342165,0.15756845796875402
0.0,0.8708079268292683,0.7084911462604163,0.2599306488308412,0.5454301674051196,0.721156407846491,0.726606997558991,0.5866577915834625,0.9752402612925511,0.8135532733047379,0.5566430795231213,0.5391184573002739
0.0,0.8982469512195123,0.7067488719108246,0.2640008996577301,0.5469024535168948,0.692904067924986,0.759545085296507,0.6574735596479548,0.9750037360267972,0.8394348380337244,0.6231579688263259,0.7759543486816206
0.0,0.8852896341463415,0.7051122412407136,0.27170613375790365,0.5440828187461852,0.6688120951327916,0.7625811688311689,0.618038606611937,0.9713988690818188,0.8250225646647342,0.6113639347127645,0.6941106400868854
1.0,0.8384146341463414,0.7029454015946596,0.27516454470335805,0.5425072598437335,0.6714165457118447,0.7025162337662337,0.6686709562902153,0.969118865965172,0.8176933839555965,0.6602203586592442,0.6614231160004196
0.0,0.8780487804878049,0.7004368088630338,0.2710205501500528,0.5421709697869578,0.7000689407594635,0.7406374501992032,0.713578877301975,0.9646939848200328,0.7929329454279495,0.6961903104313172,0.8513124721933852
0.0,0.88109756097561,0.6989886266237413,0.2719659636367163,0.5386959914139552,0.6797332188134593,0.7430278884462151,0.7708453516751724,0.95858638457363,0.7724165449227303,0.7357706982580559,0.8047802500196558
1.0,0.8685213414634146,0.6974744686091889,0.2637452032132569,0.5354012143397513,0.7150606082107818,0.7505976095617529,0.8204200872716518,0.9527090715633622,0.7515679650025702,0.7237981299003231,0.8399103040429139
1.0,0.869283536585366,0.6962698321471371,0.24808051566192024,0.5362782282302848,0.7264146637729005,0.7418326693227093,0.8268619184971522,0.948652425308146,0.7474753709964279,0.6852986038760843,0.867078379314325
0.0,0.8925304878048781,0.6949666758307007,0.23590252474576984,0.5369428721822253,0.7266425895030301,0.7737051792828686,0.8073663190592409,0.9445955063348932,0.7393558643255029,0.628954903970663,0.9296988990582298
0.0,0.8570884146341464,0.694163886263391,0.2278389679147244,0.5367030053442808,0.7153285105150269,0.7541832669322709,0.8225057318245693,0.9396890701685016,0.7347119258130155,0.6383583639466672,0.9797005939305192
0.0,0.8578506097560975,0.6936522768086901,0.23928598325728145,0.5359519895337099,0.6982359872506568,0.7625498007968128,0.7601360846091261,0.935454382072444,0.7502002745064351,0.6232223505963187,0.8838075810245403
1.0,0.828125,0.692920334567237,0.2437363761675557,0.5368956297543829,0.7136541714451338,0.7426294820717131,0.6648546705125362,0.9312307901631836,0.7570928333860463,0.5337027713136232,0.8809766657646587
1.0,0.8075457317073171,0.6917444979571841,0.252409022013193,0.5380580973696015,0.7285336405052582,0.7350597609561753,0.7661637452851127,0.9271285400807516,0.7668124868874411,0.5457876060810919,0.8966299619075376
1.0,0.8300304878048781,0.6906885919011992,0.254708610120334,0.5361549614194814,0.7053528398851506,0.7525896414342629,0.7417942459877228,0.9190532726794192,0.7337204207802088,0.5753120792485822,0.9984071133089248
1.0,0.7949695121951219,0.6889610891505521,0.26312980145639675,0.5367407209237455,0.7346287166471348,0.7286852589641434,0.7234524073663189,0.9130318330052992,0.7265570214615833,0.566523466788941,0.951028817454238
1.0,0.8132621951219514,0.6876370877419888,0.2742360894760385,0.5378138910968063,0.7239894458099276,0.7494023904382471,0.7308039346202206,0.9070424114215332,0.7104099089981188,0.5740219342627292,1.0
0.0,0.8113567073170731,0.6854390708836208,0.27620134454883405,0.5377449606278282,0.730085368550467,0.7470119521912351,0.7444937504622443,0.9006595985613328,0.6949860362815032,0.5830675169226079,0.9333352229245216
0.0,0.8166920731707317,0.6836508023569218,0.2731203748079412,0.5345755896157341,0.7279339758256885,0.748605577689243,0.7426891502107833,0.8947728562089696,0.6888081236410104,0.5807904778551318,0.9813017960893028
1.0,0.7835365853658536,0.6816447188514224,0.26562907972969657,0.5354575998310294,0.7333558243187394,0.7250996015936253,0.7303601804600252,0.8890208702303108,0.6853363033573627,0.5746729632740272,0.9100743337160808
0.0,0.8372713414634148,0.6802760714922249,0.2630104646518723,0.5354779727684232,0.7401045340106134,0.7764940239043825,0.7643221655203019,0.8822572588595003,0.6735033990550527,0.5524728126281357,0.9902909904868488
0.0,0.8475609756097562,0.6785092607208457,0.2603288936332067,0.5354881965505794,0.7291408654691581,0.7944223107569721,0.8203757118556321,0.8741773368154366,0.6324712416038769,0.5829905688356279,0.9531652580124736
0.0,0.8414634146341463,0.6772698678672626,0.2614048696746901,0.5341523285419513,0.7374760560723342,0.7988047808764941,0.7930404555876052,0.8665053140425802,0.6031238902059971,0.6206796875431759,0.8918802075145426
0.0,0.8285060975609757,0.6748674819733721,0.2598391791946392,0.5362064231970713,0.7353478103609201,0.79601593625498,0.7806301309074775,0.8616540041520422,0.595967828955443,0.604200032592397,0.9369595975475556
1.0,0.7602896341463415,0.6722720085170044,0.25299025092832844,0.5338304731708554,0.7216636845336757,0.7055776892430279,0.6876266548332226,0.8555755407754102,0.6021609191287939,0.5859200167891484,0.9704022569191108
1.0,0.7397103658536586,0.6696467905176644,0.25754555057046497,0.5358812148272772,0.7329169981541286,0.6900398406374503,0.6708897270911915,0.8514465848677804,0.6144179052108758,0.622570703738807,0.9316357799503854
1.0,0.7115091463414634,0.6680934303368955,0.2645514343466259,0.5345482594566889,0.7354117739593623,0.6565737051792828,0.5838769321795722,0.8461853456884032,0.6188271144012567,0.6123009738423506,0.6840799649788403
1.0,0.6905487804878049,0.6668609166336513,0.277527335143531,0.5367486953383749,0.7384412840605941,0.6382470119521911,0.5562088602913983,0.8442159964577078,0.6497263651555003,0.5921101929412425,0.5251228172576485
1.0,0.6760670731707318,0.6666348526619673,0.2978232245550177,0.5388933713542786,0.7284885488719129,0.6314741035856574,0.5484283706826418,0.8446077320928074,0.679297805871445,0.6341072507452844,0.5130113332360532
1.0,0.690548780487805,0.6661130672846036,0.3148422368664613,0.5387276247997099,0.7291726877821741,0.6633466135458168,0.5671178167295315,0.8459205816643038,0.7065752197495309,0.6502409881771394,0.65491998638066
1.0,0.7054115853658537,0.6644184865105396,0.32431411291393464,0.5362342305466784,0.7401104032654768,0.6745019920318724,0.5340803195029956,0.8447595283257596,0.7173942151001944,0.6717813023515972,0.5833211732088142
0.0,0.7339939024390245,0.6615220299410662,0.31476000804871074,0.5351462968659189,0.7464511098090904,0.6904382470119522,0.5745506989128029,0.8431337143024984,0.7434268879578344,0.6573904725117052,0.6496181720900832
0.0,0.8006859756097562,0.6584701720858077,0.3082336379949139,0.5363200920404567,0.7364899933389356,0.750996015936255,0.7131499149471191,0.8405364801847419,0.774798004167746,0.7426625532006522,0.959628386594678
0.0,0.7217987804878049,0.6560761090314616,0.3058654983744833,0.5322152949834296,0.7502159243291162,0.6637450199203186,0.5955180829820281,0.8328772745362567,0.7568378501405033,0.6925557354826936,0.8860370296103192
0.0,0.721798780487805,0.6543261296949195,0.3084901207532861,0.5312590006062494,0.714385789351048,0.6756972111553785,0.6255380519192371,0.8304208940963862,0.7626891938005433,0.6811072320139945,0.9600628300247316
1.0,0.6246189024390244,0.6533250969067493,0.3150190211635461,0.5255915142045058,0.7166652462679239,0.5661354581673307,0.5983433178019376,0.8260905752781096,0.7592585837042689,0.7017671872999766,0.8817749492971524
1.0,0.6120426829268293,0.6525810792473138,0.32157700991779303,0.5235599018245646,0.7142629853010475,0.5677290836653386,0.6128097034243032,0.822833058849679,0.7759377750307401,0.6728157387538778,0.9362141408287464
1.0,0.5937500000000001,0.651457397640645,0.3208088217082704,0.5260830982151338,0.7270791277597499,0.5490039840637451,0.5701575327268694,0.8190197301552955,0.7847695360901157,0.6312405310887711,0.7672060753051562
1.0,0.6310975609756098,0.6496577193064024,0.31547139757746945,0.5260505459300954,0.7194009727110153,0.5713147410358566,0.5707196213297836,0.8161105788631888,0.7804093036528299,0.6320004920234938,0.7905848674008985
1.0,0.6391006097560975,0.6470308004901782,0.30004172077478153,0.5231129991571681,0.7115332912570966,0.5756972111553784,0.6213297833000516,0.8129332774717672,0.7790900962639051,0.6822286083862201,0.7314222098524905
1.0,0.6330030487804879,0.6449229662000084,0.2867224196142234,0.5236547552337474,0.7143875457136676,0.5545816733067729,0.6085644552917681,0.8094334309754299,0.7703770670617154,0.6713719465247588,0.6533736233151753
1.0,0.6002286585365855,0.643758747707575,0.2734380921059618,0.5216720232942463,0.7162747336010545,0.5167330677290838,0.5488869166481769,0.8089868413648118,0.8059440346547709,0.6071071068235205,0.3633258618849397
1.0,0.5884146341463414,0.6435654243376502,0.2688148708457063,0.5195720632692659,0.7167221303836471,0.5195219123505975,0.4929738924635749,0.8108468727976899,0.8513247668957573,0.52829349904442,0.3682712491550128
1.0,0.5990853658536586,0.6433781760219226,0.26535609032707463,0.5203106390163896,0.7257397876814587,0.5326693227091633,0.5655129058501587,0.8130328089626107,0.9062476357432052,0.569397939384487,0.5095883587718352
0.0,0.6436737804878049,0.6439459213467883,0.2711367682934141,0.5202517653752797,0.7311773322193545,0.5760956175298805,0.6181051697359664,0.8117741825237106,0.9504725168740636,0.5930165694712118,0.6802220087522673
0.0,0.6051829268292683,0.6454754513815479,0.2852679138037212,0.5186703747111132,0.7355616954120755,0.5709163346613546,0.6554322905110566,0.8088814027625209,0.9609695721602602,0.5826900991314816,0.7125630571487787
0.0,0.5865091463414634,0.6480367755597594,0.30332873556191803,0.5153617201009374,0.7308231478867653,0.5832669322709163,0.7017528289327717,0.8051359488162293,0.9653627082654632,0.5819447703814165,0.7861860908224834
0.0,0.5621189024390244,0.6475526272178189,0.30487096684125536,0.5162916997396435,0.7344231372557922,0.5772908366533865,0.7108128097034248,0.7992627639742649,0.9304957851268424,0.5901282507606921,0.7383639509020521
0.0,0.5933689024390244,0.6465241959029123,0.30365774277166946,0.5199799691728341,0.7483477823671275,0.5752988047808765,0.7999186450706313,0.7954739546740901,0.9389621822957824,0.6028244236154822,0.7998795798675384
0.0,0.6040396341463415,0.6440035572345295,0.2944136950233123,0.519730293289698,0.7533563808234919,0.604382470119522,0.7876636343465724,0.7921003899311554,0.9563260911480138,0.5733965259571362,0.8835617845913568
0.0,0.6371951219512196,0.6418483908241834,0.2878892576716785,0.5189605833296466,0.7467933272925741,0.6243027888446215,0.7625101693661709,0.7877437891863956,0.9969462185040529,0.5272149503642243,0.9148599494461678
0.0,0.6444359756097561,0.6392731601718129,0.2743800592756453,0.5205744556466491,0.7467750341311853,0.6103585657370517,0.81213667628134,0.7799557882082382,1.0,0.5581244195644273,1.0
0.0,0.6162347560975611,0.6377860921607315,0.2724527701023489,0.5216873684848734,0.7528063076530214,0.5928286852589643,0.8544782190666376,0.7714321997123585,0.981718252016592,0.583751933567645,0.8772865527138758
0.0,0.6086128048780488,0.6368487686210179,0.2724358448481343,0.5205557083552107,0.7505332667621167,0.5940239043824701,0.8740551734339176,0.7670314138677989,0.9575960168657374,0.613947009105651,0.9504410212370052
1.0,0.6196646341463414,0.6352886397967702,0.274939408416667,0.5200713715805251,0.7513496965590041,0.5940239043824701,0.7888617705790995,0.7616542934730803,0.9250367284863056,0.5573360206626112,0.9559843400447432
1.0,0.6116615853658537,0.6331113319810647,0.2698217061368429,0.5197051878175626,0.75171367449636,0.5832669322709163,0.8516012129280381,0.756325821948107,0.9077656822167957,0.5330125410979605,0.95909768829232
1.0,0.5952743902439024,0.6309972950028032,0.26982840431899996,0.5189222347290663,0.749660773944347,0.5613545816733068,0.8640115376081652,0.7486278126108361,0.8637121442328562,0.5393669653842977,0.9592917362975756
1.0,0.5956554878048781,0.6286656642385906,0.26973879924761435,0.5195615792843583,0.7566193801883361,0.5501992031872509,0.8499223430219658,0.7412936716016005,0.8288301003609693,0.5829639819407041,0.9445706667668092
1.0,0.6048018292682927,0.6267845973968508,0.2704178081824166,0.5207386526262092,0.7527309994351675,0.5490039840637451,0.8843354781451074,0.7349592284097948,0.7969430607377048,0.5448887782496776,0.9847683274228232
1.0,0.6059451219512196,0.6255916755546103,0.27243895652207617,0.5205300218896807,0.7554108695848921,0.5545816733067729,0.7832260927446199,0.7272739503101866,0.7740954592870397,0.5310378322515632,0.8373561792821846
1.0,0.6048018292682927,0.6245085509955205,0.27271174385620506,0.5201219603728209,0.7571191979510392,0.5581673306772909,0.7847348568892836,0.7223695172356823,0.7802109998505571,0.5318526072391608,0.8328340552195239
1.0,0.5971798780487806,0.6229702631413699,0.2713207633721841,0.5200277969564154,0.7584257416226969,0.5430278884462152,0.7957547518674658,0.7150142981080749,0.7745053560174604,0.5375803261028925,0.8116926482092777
0.0,0.6250000000000001,0.6221019478147116,0.2733050962538764,0.5186697044972923,0.7593597036314867,0.5665338645418327,0.9046372309740408,0.7071164467757621,0.7370156060807775,0.5643058236249588,0.9585948978228932
0.0,0.609375,0.6206797966844294,0.2728391849499933,0.5162558163994118,0.7597526763142219,0.5685258964143426,0.8748613268249394,0.6949194804357028,0.6741932421714039,0.5530704776593676,0.9824309721652952
0.0,0.6558689024390243,0.6198986999608004,0.2835563485971423,0.5166697665859317,0.7623795681627555,0.6011952191235059,0.8979809185711116,0.6823138580319159,0.5671689739667771,0.5646605876845664,0.993641640571298
0.0,0.6612042682926831,0.6171084483091105,0.28280276880002164,0.5163747914006204,0.7633931632069033,0.6163346613545817,0.9845203757118558,0.6725138654778648,0.5167147170918793,0.6036185309034658,0.9712132279699844
0.0,0.6791158536585366,0.6139196228407081,0.28699988158141776,0.5188283098585786,0.7698998876476796,0.6123505976095618,0.8161896309444565,0.6630622474172148,0.4696198548321775,0.5124633293131329,0.962203860305984
1.0,0.6505335365853658,0.6091239934395497,0.27769082572452963,0.5185446776908292,0.7523510469148633,0.5597609561752988,0.8031876340507358,0.6574659664555011,0.4727883923082806,0.5082963553221135,0.9848906208484638
1.0,0.5308689024390244,0.6060954671783588,0.27668625299155536,0.5113429504236833,0.7589650268022753,0.4067729083665339,0.7343317801937725,0.6495661192653437,0.4553438322773919,0.4808275601150728,0.8
1.0,0.5560213414634146,0.6050450549243614,0.27191125221189416,0.5127532155247959,0.770917768341237,0.4438247011952191,0.7708083721618224,0.6448676195969316,0.4396736675124479,0.5089784232221323,0.8900516913031652
1.0,0.6234756097560976,0.6048146926603514,0.2704799797864584,0.5146703811839001,0.7631959485648195,0.5135458167330678,0.8330227054211969,0.6352369636452586,0.4073283242858366,0.4950439065982821,0.9793597533327294
1.0,0.5849847560975611,0.6037647795249224,0.26578149708849585,0.5121498869553752,0.7566342662040154,0.4705179282868526,0.9046963981954,0.6242545259812617,0.3546704965599685,0.5306200806673516,0.983891658114646
1.0,0.5419207317073171,0.6036378200580077,0.2699403433936192,0.5123751137363853,0.7616073556587766,0.42868525896414345,0.7578729383921305,0.6167622577097298,0.3296019351605704,0.4971696802356238,0.7811755509231684
0.0,0.5270579268292683,0.6040756189640394,0.2761356870791958,0.5137591304784199,0.7669395115126043,0.4270916334661356,0.6994674950077657,0.6170666911629206,0.3425946631016312,0.4532293035576046,0.786982578916021
0.0,0.5621189024390244,0.6043472713619579,0.2815698203180189,0.5165956718284265,0.7612960889427295,0.4673306772908367,0.7362473189852822,0.6178857213472506,0.3424877869187598,0.4754140561893678,0.9670562835020842
1.0,0.5434451219512195,0.6037906816784254,0.2809065335233135,0.5152881870865628,0.7633241443198158,0.44661354581673307,0.5894904223060425,0.6132602937095553,0.2987735330689682,0.4468572987343766,0.9601777699551176
1.0,0.5224847560975611,0.6020452215966018,0.276151190419976,0.517331079744089,0.7718571301149657,0.4258964143426296,0.5890318763405075,0.6121686292351649,0.2928050813576341,0.4469243428916176,0.9050779510022272
0.0,0.5735518292682927,0.6002212186001038,0.2718215762487298,0.5196682651318019,0.7672853821536616,0.4517928286852589,0.5354929369129501,0.6111303390701976,0.3036599262867288,0.4185667279781891,0.9300445434298444
0.0,0.5739329268292683,0.5981002216132093,0.2753917275618365,0.5201420159090153,0.7683566855394359,0.4458167330677291,0.4436358257525331,0.6103766447847874,0.3287090374246249,0.4258950706479193,0.8232770883942837
1.0,0.5762195121951221,0.5968279821733483,0.2871815718705142,0.5166448007913306,0.7677013015156068,0.4474103585657371,0.4760150876414465,0.6090479232256021,0.3047205125114624,0.4406289133486939,0.8384339136544614
1.0,0.5640243902439024,0.5962545338688889,0.30200001946711186,0.5163262066989632,0.7753182577491003,0.4262948207171314,0.5112417720582796,0.6039779595566563,0.24493082083815004,0.457308940901581,0.7979168621563288
0.0,0.5712652439024389,0.595476613007649,0.3096334534008777,0.5160912789506041,0.7775252752508165,0.4442231075697212,0.5054359884623918,0.5975368616077403,0.16353532178382027,0.4545951107433999,0.749160176409871
0.0,0.6009908536585367,0.5951065851071264,0.31700894554059666,0.5155112516434979,0.7753542337255059,0.4665338645418327,0.4855927815989942,0.5944928160487617,0.1391766879082536,0.44483597019264093,0.6173594820305899
0.0,0.5903201219512195,0.5940555604537675,0.3143169562909013,0.5180605121976148,0.7756082616166734,0.4593625498007968,0.3702906589749277,0.5936033513222354,0.1428485156942838,0.4445954196707744,0.5833911982734351
1.0,0.5320121951219512,0.5932744729504692,0.3114941072253692,0.5135867358139846,0.7864347079373749,0.3968127490039841,0.3334368759707121,0.5971903389877982,0.1855177773398051,0.4247663594191852,0.4812799099183637
1.0,0.4611280487804879,0.5929611871598021,0.3068737327544382,0.5074646404698593,0.7783845703103371,0.3191235059760957,0.09010428222764556,0.5991816563492591,0.18823969347952152,0.3530415974934084,0.14768271219933976
1.0,0.5243902439024389,0.5944499189033541,0.3188865677972976,0.5134386919427045,0.7798323787619826,0.3900398406374501,0.2834109903113675,0.6071203277230974,0.2265357764330248,0.3919198943865884,0.401064709380757
1.0,0.4836128048780488,0.5958711753937911,0.3311372877049881,0.5112770776720024,0.7884104537149409,0.3752988047808765,0.3134235633459063,0.6067192613698198,0.2293892681090463,0.4086907176547804,0.3682530933143797
1.0,0.453125,0.5971144800400116,0.3414246591819937,0.5118388644535145,0.7932941405757944,0.349800796812749,0.267176983950891,0.6065614444501006,0.24945968211772346,0.4359746232685392,0.3365729122847736
1.0,0.4428353658536585,0.5979295059930948,0.34285547357203106,0.5110426406244843,0.7916277586504868,0.33665338645418325,0.3460468900229274,0.6086492484621975,0.2633254843543303,0.4306056966362977,0.3370515963387923
0.0,0.4455030487804877,0.5992100499284636,0.3463948775346765,0.5105041905155278,0.7960011777676786,0.35298804780876497,0.31884476000295825,0.6086633298410613,0.2319569387681427,0.4650454058630686,0.2864561423867476
1.0,0.38338414634146334,0.6002022490055265,0.34951875061887994,0.5073770510855637,0.7950686846849628,0.3031872509960159,0.23359218992678046,0.6121933629080699,0.23141064220387844,0.4021409561916625,0.002117313785903468
1.0,0.4005335365853657,0.6009640784173814,0.35419354851583684,0.5057130515966695,0.7880150258142007,0.3143426294820717,0.28338140670068784,0.6220990870305123,0.230466103257186,0.4243841225639508,0.02091396975117926
0.0,0.4394054878048782,0.6010479051395027,0.35532206194487426,0.5060512505040129,0.7903838433870378,0.3545816733067729,0.3807410694475261,0.6319376923965894,0.25702330183140554,0.4294914113646137,0.08375625572707363
0.0,0.44664634146341453,0.601037715727068,0.354647902221376,0.5067372546192337,0.7859375611725666,0.3633466135458168,0.3949633902817839,0.6416987176336735,0.2747716734936171,0.4372514644957389,0.046088991084755136
0.0,0.5,0.6010524990527449,0.35771096242419,0.508332588386757,0.7847695578596032,0.4167330677290837,0.3688558538569631,0.6517141989117088,0.327495680114992,0.4269861141844147,0.12978102189780946
0.0,0.4729420731707317,0.6004163638897734,0.3641259991952406,0.5096593995203487,0.7924884176443634,0.3900398406374501,0.3349530360180457,0.6566438094747775,0.3370472867308489,0.4560946712659299,0.0581995133819942
0.0,0.5186737804878049,0.5997626105237883,0.3680703645227791,0.5106131289904945,0.7944203802844513,0.4326693227091633,0.4831373419125807,0.6608862865866267,0.3300213485399396,0.4905655001739478,0.25577517288734153
0.0,0.5240091463414634,0.5988191672977171,0.3687572324419292,0.5114803198491894,0.7963201878250595,0.4310756972111554,0.539997041638932,0.6613114919002092,0.32017349182169696,0.5226190050732307,0.4588013144342538
0.0,0.5457317073170732,0.5980467011873497,0.3664368889346456,0.5134209237413677,0.7982851714432789,0.4557768924302789,0.569255232601139,0.6630380124654864,0.3425288043185037,0.4888779390122708,0.4823924665260678
0.0,0.5278201219512195,0.5976944707141675,0.3709756914820683,0.5120611411142714,0.7965877997114851,0.4358565737051794,0.4277864063308928,0.6654700038201964,0.3883621069149139,0.4624812165557535,0.3547746333807445
0.0,0.5217225609756098,0.5971528343082146,0.3719173443085292,0.5109602336491599,0.8001801653893661,0.4362549800796812,0.3530064344353228,0.67110889989593,0.43159646236747257,0.4772682396788946,0.3103143852077098
1.0,0.5068597560975611,0.5976667397256498,0.38007307195255896,0.5100637735586973,0.8028842474606389,0.4151394422310757,0.3130315805044004,0.6746222955638121,0.436514948647556,0.504931092296189,0.20388444749619852
0.0,0.5544969512195123,0.598609589873089,0.3883905886135008,0.5127877043831108,0.8068698864067609,0.4884462151394423,0.4712817099326974,0.6779826890573066,0.4167120884964091,0.5348319248785527,0.5418117612438078
0.0,0.5346798780487805,0.5990894473815015,0.3974250257726303,0.5138794095008816,0.8068404406862012,0.4812749003984064,0.5070408993417647,0.6764591599476497,0.3672679921608518,0.553765614095265,0.5305802148217177
0.0,0.6379573170731708,0.5972417254427573,0.3895025691366474,0.5191197917087751,0.8066341134638872,0.5844621513944224,0.6209082168478667,0.6767320548084619,0.3474003537593604,0.6163593494635969,0.9431065770758748
0.0,0.5769817073170732,0.5936172982502625,0.3763846725684064,0.5166390479311654,0.8082308881430578,0.4884462151394423,0.5309740403816287,0.6699100889604503,0.2785585727787563,0.6161541998903295,0.8336486523539258
0.0,0.5922256097560976,0.5907460337039219,0.3625212702429828,0.5148921777119629,0.8072646013676631,0.4936254980079681,0.5677316766511352,0.6641091528804881,0.21580529297304074,0.636159786685982,0.6603602862548338
0.0,0.5907012195121951,0.5895240769222309,0.3615152924522028,0.5149175278115532,0.8084339018097589,0.4900398406374502,0.6595222246875232,0.6578827351003679,0.14419606073331115,0.6363497960098807,0.7719283814537592
1.0,0.572408536585366,0.5886075699036855,0.35958152732410875,0.5164774676171224,0.8056300738563814,0.4784860557768925,0.6368685748095555,0.6521540232102141,0.0967627269950655,0.6272346175281759,0.4805077311108677
1.0,0.5392530487804877,0.5894754540047951,0.3684148119983653,0.5140516450959107,0.7999702132857803,0.4398406374501992,0.5993861400783964,0.6524884324603881,0.0877539611519384,0.6034555589794611,0.5586429193233423
1.0,0.4763719512195122,0.5905710327469201,0.3765093325451487,0.5093825101951966,0.7984495338842521,0.4119521912350597,0.4684342874047779,0.6522092833787636,0.07750306870218943,0.5826656712083741,0.3793614568383416
1.0,0.44512195121951226,0.5926097130785692,0.39254743795583,0.5098673028382624,0.8059963379443559,0.3860557768924304,0.5679535537312329,0.6577297671660916,0.10495978766129266,0.584011860980483,0.4123473637155032
1.0,0.451219512195122,0.5964862254702945,0.4178942624582344,0.5097943609399213,0.8080159246431506,0.405179282868526,0.3734708971229935,0.6607320120240441,0.10412336289834184,0.5464276266869319,0.29576735759828743
1.0,0.3742378048780488,0.5996934768450786,0.44033410500476733,0.503234652314599,0.8108281739359368,0.40119521912350603,0.3964055913024183,0.6683663353416059,0.1347987441294703,0.5050873379371815,0.3611509775780535
0.0,0.4390243902439025,0.6019602271836557,0.4578246763132597,0.5056684402781649,0.8132176527659416,0.4629482071713147,0.5242807484653502,0.6725011287138489,0.1362694312692771,0.5129859314336837,0.7154083241182984
0.0,0.4817073170731707,0.6007528128972559,0.4563080178056136,0.5061279496236173,0.8117525739538042,0.49601593625497997,0.515723689076252,0.6729056280213173,0.1385946334173953,0.5087659398299347,0.7540408912312082
0.0,0.4504573170731707,0.5997560646696709,0.457583920717821,0.5070567220229464,0.8084062807201954,0.4689243027888446,0.3602026477331555,0.6731176964178556,0.13928591175342284,0.4820840402208539,0.4793308707620642
0.0,0.40015243902439024,0.5995956499946424,0.4613821190123172,0.5062442718856224,0.8119094836315888,0.4211155378486056,0.3624731898528216,0.6755633605875444,0.1490153282671242,0.4831373803774273,0.4774311090867688
1.0,0.3746189024390245,0.5997028762067977,0.4687098338603266,0.5075367484190566,0.8183618001148076,0.3980079681274901,0.4305672657347829,0.6772902507835981,0.13476436148106047,0.5188992294050627,0.409246185379185
0.0,0.4470274390243904,0.5997006996809535,0.4736448904534859,0.5141833116145648,0.8187854633410538,0.4776892430278885,0.5023223134383551,0.6784221070993364,0.11108832905872773,0.5519389104124685,0.7263493509451144
1.0,0.455030487804878,0.5989516815904573,0.4765143606915859,0.5112394185650442,0.821683911834711,0.4844621513944223,0.6270468160639004,0.6774364337762253,0.09137381834122517,0.5630699853285388,0.9153268048280568
0.0,0.4801829268292683,0.5974320516680224,0.4748779624080699,0.5098427096474304,0.8214233587260087,0.5099601593625498,0.6114488573330377,0.6747298351534898,0.07386872241973974,0.5543604067316535,0.9395809610567064
0.0,0.448170731707317,0.5954870992373176,0.4713256773575376,0.5076855209275788,0.8173835917735244,0.4637450199203188,0.4367206567561568,0.6729348043928223,0.06503604856889439,0.5234290990187134,0.7661125028467315
0.0,0.4253048780487805,0.5934900680925637,0.468343427667288,0.5059706960141445,0.8239104569237432,0.4326693227091633,0.3859034095111308,0.6745607266558578,0.06895431501044152,0.5498057387515051,0.6126564222265446
1.0,0.44664634146341453,0.5918357824073448,0.4645803065171279,0.5046114246960108,0.8192022261580308,0.4458167330677291,0.3576288736040233,0.6764620391574674,0.06804198004250689,0.5388785840046598,0.5945325292543635
1.0,0.4554115853658536,0.590569959376365,0.4635584808504858,0.5057688738961225,0.8140838882000685,0.4454183266932271,0.3421492493158791,0.6792108628774765,0.0695620352553436,0.5336975679219442,0.5822934928328343
1.0,0.3746189024390245,0.5896335921735807,0.4588318680859824,0.5015482871798892,0.8182567160170872,0.3653386454183267,0.1942755713334809,0.6795819826548826,0.04404451510131169,0.5153297546706406,0.35770954409412725
1.0,0.33727134146341464,0.5898567418111113,0.4549846306037094,0.4977134211930333,0.8195051131274745,0.3250996015936255,0.14586938835884894,0.6836360316441865,0.030404343469022318,0.4796945850023571,0.2106329188781623
1.0,0.31974085365853666,0.5889649675819996,0.4401794891179717,0.4993991467808263,0.8190813951580496,0.31115537848605584,0.07951334960431877,0.6896142810268633,0.02769496526390114,0.4851058356052829,0.09836669170385423
1.0,0.3765243902439024,0.5882961777940331,0.4275242586910071,0.502915570590469,0.8176697734251995,0.34223107569721106,0.1177723541158201,0.6990530845236662,0.04412824712316349,0.5000298656309519,0.10256126482213493
1.0,0.4375,0.5871792244585345,0.4197583008733623,0.5094297087380708,0.8331153399498226,0.40756972111553785,0.20804674210487376,0.7070320535490724,0.058842388134596864,0.4865803075399328,0.2091458972230224
0.0,0.5720274390243902,0.5868129576721017,0.42076395369231934,0.5184834042692554,0.8329423602599391,0.547808764940239,0.1326529102877001,0.7123609279533556,0.06260305017628638,0.4070222563412821,0.004913505362498248
0.0,0.6596798780487805,0.5848931504702186,0.4171523103133408,0.524340093761246,0.8323887939900932,0.6394422310756972,0.2762443606242145,0.7233778029388434,0.10807448034652156,0.4778783118057048,0.2316228601960505
0.0,0.6684451219512196,0.5826068020916985,0.4111092311747827,0.5257487162545771,0.8339580516226553,0.6370517928286853,0.2562162561940682,0.7278127812147093,0.13237383638474026,0.5229170226109794,0.19765116378026487
0.0,0.6101371951219513,0.5814860606935444,0.4106447530249282,0.5244781977922898,0.824745582724063,0.5824701195219124,0.24794024110642696,0.7328316256930241,0.15962395044063155,0.5120366383760219,0.1501425471256546
0.0,0.6966463414634146,0.5814217593994175,0.41706877768399453,0.5296818521722071,0.8262862455695306,0.700398406374502,0.2575918940906732,0.7378498851603803,0.17951635966517626,0.5179455333924333,0.20969320454448734
0.0,0.7183689024390244,0.5808297121876834,0.4240965979369176,0.5311661104279606,0.8233212018726528,0.7274900398406374,0.3676059463057468,0.7427148199074136,0.1972747064545175,0.5455509299659576,0.4086634611293145
0.0,0.7393292682926829,0.5778012100427355,0.4180394807723904,0.5318093089629499,0.8271185840013439,0.7625498007968128,0.3688188743436137,0.7436480395288441,0.19272739031889652,0.546367061078349,0.41470575720182135
0.0,0.6897865853658538,0.5742625329829159,0.4090907498820251,0.5300395455143563,0.8304396747262267,0.6860557768924304,0.3031210709267064,0.7465785661720616,0.2036353209091082,0.4638705909103169,0.15512105867835474
0.0,0.6943597560975611,0.5697013484646424,0.3930226225607817,0.5267669522750154,0.8393236941224038,0.6892430278884462,0.2888469787737593,0.7539551969366722,0.23071288730011086,0.4565867321631771,0.24494702353091385
1.0,0.6760670731707318,0.5657108387125649,0.3869381897457552,0.5270156017367725,0.8327973821520759,0.6478087649402391,0.23263072257969056,0.7604614165653432,0.24653115843257886,0.35858006335178344,0.06269945959746448
1.0,0.6745426829268293,0.5619721964903934,0.3837265980931378,0.5276465471602729,0.8360457400650861,0.6358565737051792,0.2973300791361587,0.7702871192963292,0.2781124714429196,0.3915987541857184,0.0010019060651968491
1.0,0.7614329268292682,0.5593809581584047,0.3856415680701917,0.5315797977660689,0.8350484770061725,0.7250996015936253,0.3935581687744992,0.7800570717879289,0.3065640262064282,0.4661115786159439,0.08976798653297308
0.0,0.728658536585366,0.5570115474316819,0.38389173728598736,0.5327151048757398,0.8382109791243283,0.6940239043824703,0.3980400857924709,0.7857062505732109,0.3199551031093827,0.4704673719159299,0.14751518700139055
0.0,0.753048780487805,0.5544000227837549,0.3792027828661064,0.5338773370276624,0.8378435834170425,0.7294820717131475,0.4495969233044893,0.7911544321218527,0.3256333264497091,0.4763968707627438,0.16492364645996996
0.0,0.7808689024390245,0.5520393104853771,0.3785577062315064,0.5332361514751486,0.8404316787642299,0.7466135458167331,0.4836032837807851,0.7959143894084619,0.3329209648503891,0.5152819365741238,0.3238399634724033
0.0,0.7911585365853658,0.5494907121359429,0.37955286761745866,0.5325663371389031,0.8302568947402239,0.7725099601593626,0.504171289105836,0.8000429777897291,0.3529764154282741,0.5415338597789385,0.8206152616859803
0.0,0.8048780487804879,0.5473643385980114,0.3803539442697549,0.5327929359084049,0.8330022925300332,0.79601593625498,0.4484579542933215,0.8016037042470456,0.3731569676592758,0.5229035089995381,0.639603457041182
0.0,0.8940548780487805,0.544869460141171,0.37779661451727503,0.5395261671051457,0.8347491479925643,0.8916334661354582,0.4399822498335921,0.8029643286162005,0.39032412377132375,0.5142162597276443,0.6527116587323821
0.0,0.8635670731707319,0.5409622600752301,0.3696892282465659,0.5401617849863911,0.7871772780871963,0.8705179282868527,0.4471858590340949,0.8036361725132659,0.40826230418491705,0.4732167932418301,0.5805652981225484
0.0,0.935594512195122,0.5365190544321641,0.36069363874975147,0.5423818455265217,0.7896582403473519,0.9382470119521912,0.40378670216699897,0.8035642111333974,0.4150055442827158,0.4733887483111862,0.4633578906552918
0.0,0.9329268292682926,0.5302161411951205,0.34574001799282417,0.5433092597112382,0.0,0.9223107569721114,0.40137563789660535,0.8043944744765399,0.4286945768442677,0.4688739686703083,0.3711059619699159
0.0,0.9672256097560976,0.5244391114007269,0.3329544083331599,0.5435768352091092,0.8412830813620902,0.9374501992031872,0.4241624140226312,0.8046693482899205,0.4180565040748844,0.4450857736165639,0.441943433005994
0.0,0.9657012195121952,0.5194051029071504,0.3197850468947654,0.5430643802075441,0.8632184632897594,0.9390438247011952,0.4717920272169219,0.8035573844149557,0.3914242158695857,0.4550797347940324,0.5296995108315873
0.0,0.8974847560975611,0.5153333422576307,0.30819601789010903,0.5417994711969194,0.8575525345047462,0.8756972111553785,0.5101397825604612,0.8015502136140908,0.35690453632757124,0.5004929661995705,0.4887270587369891
1.0,0.9009146341463417,0.5115104651944997,0.29675291816740257,0.5417546037166033,0.8615775545038029,0.8820717131474103,0.5242437689520008,0.7999671354831479,0.34123017973106234,0.4659582807898837,0.5436757512229227
1.0,0.9028201219512196,0.5067451703273708,0.28370745767616184,0.5382042879105217,0.8480513104714459,0.8832669322709163,0.4966940315065456,0.7981636951817346,0.330255273536477,0.4344580585958861,0.34054213100886405
1.0,0.9420731707317072,0.501614969712137,0.2696704244368366,0.5383483480594929,0.0,0.9119521912350598,0.5265069151689962,0.7982626744678525,0.327896653067966,0.4180285306195371,0.3449556806061269
1.0,0.9657012195121952,0.4968175017632672,0.25991156031370555,0.5367527923218348,0.8526004265601428,0.9318725099601594,0.5035500332815626,0.7985693172610533,0.31629749371515625,0.3927648396001675,0.22292103424179086
0.0,0.9645579268292684,0.4923177193648,0.25965624847033,0.5351019655864774,0.8944307579565234,0.9434262948207169,0.5465572073071521,0.8005561291185004,0.31354306434426144,0.446397826739767,0.44918901026150265
1.0,0.8803353658536586,0.4884113522137809,0.2690851105137824,0.5302479251386797,0.9075241600408579,0.8541832669322709,0.5513497522372605,0.8013824621988709,0.311485648706106,0.4521452329209159,0.4136967155835093
0.0,0.9352134146341464,0.4852154247687112,0.27661828463777666,0.5332442700815098,0.8681821133076078,0.9965591397849464,0.4711411877819681,0.8023875939312384,0.3167689551781479,0.4000426217168635,0.2086873367906128
1.0,0.839939024390244,0.4811212124523172,0.2735988786450683,0.5292118888770909,0.8382437243827175,0.9772621809744779,0.496339028178389,0.8062041575408878,0.34146150897400834,0.3817656217217463,0.2592503700147988
1.0,0.8418445121951221,0.4762017806544189,0.25881658259717444,0.5301499823162173,0.8587881195481644,0.9976076555023924,0.4954958952740184,0.8093195115488994,0.3603922022179286,0.3807719150344308,0.2981319252770103
1.0,0.7663871951219512,0.4704483600714854,0.24453440356005,0.5267356435149684,0.8915641454241608,0.8775119617224879,0.4377856667406255,0.8130807897864307,0.3942148647326886,0.3623563449228701,0.22924916996679684
1.0,0.7881097560975611,0.46699996423841,0.2398495270278631,0.5252121640789583,0.8913613701850421,0.8995215311004785,0.41831225501072383,0.8177727833121868,0.42672614179965707,0.3449493497982661,0.29329173166926586
1.0,0.7865853658536587,0.4647712521028391,0.24323403004182134,0.5221209596164151,0.8943592372719154,0.9315789473684212,0.4642556023962722,0.8212837960370023,0.4561993221669629,0.34380527140619177,0.5302212088483514
1.0,0.758765243902439,0.4630860640238149,0.2462648153343755,0.5227058249352496,0.8698563500226024,0.9973780807551128,0.5141705495155686,0.8218279672484661,0.4571392692755509,0.3548517896149413,0.7596703868154726
1.0,0.6364329268292684,0.4597715514923562,0.2422096039132923,0.5158753729515653,0.9098813240759154,0.8833515881708653,0.5518674654241554,0.8201451564266597,0.4623768642326964,0.3520952432004719,0.8616744669786793
1.0,0.6375762195121952,0.4569795851457238,0.2373276925918426,0.5167877912987994,0.8725280747910366,0.8680175246440307,0.5553657273870277,0.8168237758929053,0.4665618538087319,0.35628067207359576,0.8261130445217798
1.0,0.6448170731707317,0.4539084445995548,0.2320049424077029,0.5170954018552151,0.9118938086146458,0.8849945235487404,0.6124916796094964,0.8140710806318958,0.4642222065052735,0.3756436044857636,0.9760390415616632
1.0,0.6341463414634148,0.4518397846732999,0.23068011384569115,0.5195029888320081,0.0,0.8767798466593646,0.5955106870793581,0.809379662911063,0.4504210013129185,0.4131256760448577,0.9684469103384024
1.0,0.6291920731707318,0.449420635164496,0.2289855177480284,0.5179469687348868,0.9140662365267324,0.8882803943044908,0.6033799275201539,0.8066195166905656,0.4434641390284444,0.4221869298314393,0.9542457805907181
1.0,0.5842225609756098,0.44729043423901904,0.2272971442387663,0.5145310149378254,0.8323478678288732,0.998663101604278,0.5223060424524816,0.8045225682166066,0.4551991194161914,0.3647479549838247,0.8311132031066125
1.0,0.5068597560975611,0.4452030126357592,0.22453724463877275,0.5102820236959194,0.7616123481669248,0.9977409638554215,0.4361733599585832,0.8041030566540182,0.4591830713819946,0.30778252103981546,0.4880333433592581
1.0,0.4474085365853657,0.4448424542783791,0.22868892095803398,0.5077849898015684,0.6224911916874546,0.998316498316498,0.4394645366466978,0.8040980660342558,0.4586174529046753,0.3123352268650258,0.4702874575688567
1.0,0.4039634146341463,0.44317521090861606,0.2263425336015741,0.5056274375643973,0.6514355686888493,0.9986813186813186,0.4662007247984615,0.8037635221801421,0.43160647482990655,0.3480996855989113,0.3930305504232352
1.0,0.4127286585365855,0.44145383240816416,0.2274200862623281,0.5075911978537249,0.6844938999551955,0.9733096085409252,0.4189187190296578,0.8039510722011819,0.4146562299506157,0.3353653340461253,0.22498173849525105
1.0,0.4028201219512195,0.4382455021066324,0.2192969969597766,0.5101952924535254,0.7278601974016168,0.9546263345195728,0.4190962206937351,0.8069160170824401,0.4051446529362667,0.33556114245260377,0.2157865337515552
1.0,0.3967225609756097,0.4360560689755203,0.2132965752239223,0.509992332557176,0.6946834248475668,0.9154804270462632,0.4089712299386137,0.8102691111975981,0.41522808501241787,0.32656491296045315,0.2194675613263032
1.0,0.41387195121951215,0.43345622299480135,0.20313222071274567,0.5084100625070621,0.0,0.9483985765124554,0.3752089342504252,0.8136144273625279,0.42374598181657774,0.333613270703019,0.14918739924186594
1.0,0.4355945121951219,0.4310955258989597,0.19210803587498693,0.5075629078192162,0.7627609766173744,0.9768683274021353,0.4274831743214261,0.817113532788903,0.4345018228395969,0.34460601678721986,0.1728459530026113
1.0,0.42721036585365857,0.4293042611870984,0.19003117494438904,0.5068219993730793,0.6797019026660831,0.959605026929982,0.45362769025959604,0.8186720705724595,0.4309775681242387,0.3817924520252608,0.14905715114592213
1.0,0.3894817073170731,0.4282085647501277,0.1882313621988923,0.5056883846797171,0.7089787470445694,0.8994614003590662,0.4542933214998886,0.8208956648699497,0.44176834746842697,0.3826158143710866,0.21206846533216936
1.0,0.3864329268292684,0.4267552665719532,0.19226349967425205,0.5050904102910301,0.8045905602136705,0.903052064631957,0.4907773093706089,0.8221380357599499,0.4454895353253029,0.4239514924529144,0.5648970118944008
1.0,0.4195884146341463,0.4260332219889912,0.1998324927442748,0.5058469491263419,0.7317396750377112,0.9461400359066426,0.5928629539235264,0.8221063027998896,0.4525274632324541,0.501419316236916,0.8105599071656528
1.0,0.3898628048780488,0.42426444857399503,0.20417347156161825,0.5046654210631061,0.7289034758043019,0.9443447037701972,0.5521780933362915,0.8196633995315259,0.4408607903388944,0.4974744025887039,0.7937917029300837
1.0,0.40015243902439024,0.4230453474053176,0.20686481699400566,0.5063892623142003,0.7461910602559114,0.9326750448833034,0.5553731232896971,0.8184487143059436,0.4411588836107944,0.500836346638715,0.7350159559036831
1.0,0.3673780487804877,0.4197741888110272,0.19703542424378215,0.5028639780738093,0.7434426415807597,0.8482944344703769,0.5597662894756306,0.8157602221952359,0.4155923287077376,0.5055602558838033,0.5872352770525062
1.0,0.39596036585365857,0.4168534826995615,0.1863572215605452,0.5031927652672364,0.7896164238738557,0.8752244165170556,0.5875231121958433,0.8127894174190728,0.3857551160769634,0.5323974412425987,0.561895901173308
1.0,0.3971036585365854,0.4142465490467081,0.17809306161444766,0.5039200376537409,0.8053704965037664,0.8473967684021545,0.6130167886990607,0.8113247407327995,0.3706127415240131,0.5555725382932883,0.4763446738719057
1.0,0.3849085365853657,0.41069735746559854,0.16376283916761247,0.5058736707452814,0.0,0.833931777378815,0.5809185711116045,0.8111684917471462,0.3739038591770113,0.5177891666441906,0.5568948525509826
1.0,0.4660823170731708,0.4083267336436336,0.157329660921879,0.5138359588762181,0.8070269873235254,0.9317773788150808,0.5913541897788626,0.8119659644722035,0.3959203718070109,0.5267296669046139,0.5385508592661399
0.0,0.4352134146341464,0.4055147061558887,0.15159936886922198,0.5132312898569349,0.8143309661288448,0.9132841328413286,0.6555062495377559,0.8121026546529873,0.4027333584612624,0.5468294496018218,0.7677327317364468
1.0,0.40815548780487815,0.40568067637728733,0.1602673004288957,0.5136456197501651,0.6127176443241504,0.9893730074388948,0.7221359366910732,0.8116835291506219,0.41638731045686944,0.5728746847658671,0.9625354717342092
1.0,0.2964939024390244,0.4057318771060018,0.16602425484274924,0.5017639657816875,0.5605155502788741,0.8445783132530121,0.6527253901338657,0.8089322623812851,0.4019055866093637,0.5299784536422018,0.936342740390756
1.0,0.2953506097560976,0.4073950655188593,0.17442331365641156,0.5014015850220526,0.5715424638620762,0.8614457831325304,0.6289919384660894,0.8088763718255416,0.4154565951717813,0.5132372201411136,0.7635359468777942
1.0,0.28734756097560976,0.4080993697222413,0.1785246189303683,0.4996074822363053,0.6008116760615164,0.9180722891566264,0.5679905332445825,0.8095884817363264,0.4234362127203923,0.448882628717924,0.8468003207698469
1.0,0.2778201219512195,0.40875903742446384,0.186499011809558,0.5020102472784436,0.6132504462616724,0.8987951807228916,0.5422453960505883,0.8107845673349738,0.44730108117252615,0.4774384735701002,0.8391659983961526
1.0,0.2778201219512195,0.40762018921362775,0.18798679821520853,0.5018294747692608,0.7010649550636852,0.9240963855421688,0.5250942977590414,0.8101363831165305,0.4541613958460722,0.463470463451444,0.8938893344025663
0.0,0.2983993902439025,0.40398774824536987,0.17721335511431854,0.5011254836310747,0.6099051374018895,0.9409638554216868,0.5570667850011096,0.8089480071570665,0.4625132203178896,0.4377837745400008,0.9885805934242198
0.0,0.3502286585365854,0.3987263359638502,0.1576120938488299,0.5058543369929047,0.6359181837054251,0.9433734939759038,0.5171067228755267,0.8059459770400849,0.44988185644472706,0.4573438754933868,0.9879829787234052
1.0,0.36623475609756095,0.39324703314198894,0.13694342785494645,0.5090988854268502,0.6005421248722748,0.9084337349397588,0.4777531247688784,0.8038036435715796,0.4390440849504645,0.4764733441695743,0.8688286040952096
1.0,0.373094512195122,0.3901979152095213,0.12934284412338345,0.5109160110376294,0.6365397107367184,0.8710843373493976,0.4771392648472751,0.8018158843896468,0.4265008182352218,0.4760745349662101,0.8746393827574644
1.0,0.38185975609756095,0.3888779948602245,0.12827743462450458,0.5120126144199679,0.6024032324801649,0.906024096385542,0.5079358035648252,0.7992134084993321,0.41186847672958377,0.4503510058847551,0.8496207746808571
1.0,0.3605182926829269,0.38862926901186057,0.13179672050862612,0.5123633992754383,0.6468158940167674,0.8710843373493976,0.4316248798165821,0.7952650974352424,0.3949723100835635,0.4333092114604871,0.5509535253909306
1.0,0.3639481707317074,0.388582983288306,0.1352817951716916,0.5124549192016847,0.6469110985037979,0.9048192771084338,0.486184453812588,0.7949393120990325,0.3808819569854848,0.4301600357592675,0.7136302631168266
0.0,0.3612804878048781,0.3883212588822496,0.13952677724351634,0.5118224481748017,0.658325149827133,0.9120481927710844,0.4802159603579621,0.7925409415950115,0.3707135384536818,0.4245197978619861,0.6685289803052538
0.0,0.34451219512195125,0.3887715577424189,0.1476646844259054,0.5130357006086286,0.6420114925462782,0.8819277108433734,0.4528880999926039,0.7916518424649809,0.3755388206725044,0.4470186759256587,0.5704922126158729
1.0,0.28810975609756106,0.3881836817573157,0.14992196115850798,0.5082865587692309,0.6224728951288829,0.7783132530120482,0.3742030914873162,0.79151985344924,0.3955684713017456,0.42055669003689616,0.4108430350510315
1.0,0.2888719512195122,0.3869330397635493,0.1473235804678757,0.5089641577791909,0.6205143764263998,0.7180722891566266,0.3357296057983876,0.7930255692102439,0.4188558947793716,0.36491144540097337,0.17915665282936571
1.0,0.30830792682926833,0.3833954958786076,0.1321157440601144,0.5083902519614696,0.6390761865578425,0.7373493975903616,0.3907107462465794,0.7959520234538578,0.44645191603269707,0.3714298535283893,0.3384000749087049
1.0,0.3319359756097561,0.380101020688182,0.1185114287564954,0.512907544350848,0.6299357420738222,0.7168674698795181,0.3865542489460833,0.7963787981600698,0.458311061512099,0.36428589619359053,0.2251006585723644
1.0,0.3570884146341464,0.377465674918271,0.1081967853884731,0.5133359798636113,0.6444383691800158,0.7554216867469878,0.4330670808372159,0.7989088496502197,0.4761928504515405,0.423119805261216,0.1699803364649333
1.0,0.3429878048780488,0.3765101751288299,0.1071582478219773,0.5151319137935885,0.649519668470609,0.7144578313253013,0.393358479402411,0.8022122591186684,0.4935205871539475,0.4269099103573339,0.003162992982109439
0.0,0.3532774390243903,0.3761046145854732,0.1089154164870571,0.5160910137576264,0.6467006732680517,0.7783132530120482,0.4745285112047925,0.8091351436179293,0.5301363455361616,0.4597358682252621,0.2255489021956108
1.0,0.3410823170731708,0.3752988987653309,0.10768223372841673,0.5146089531343625,0.6671329461573896,0.7313253012048192,0.4394571407440284,0.8130933388583157,0.5550162059235522,0.4692981567631591,0.1469917308240684
0.0,0.3719512195121952,0.3741162508159074,0.10540576181653832,0.5155483982186599,0.6672865587273334,0.8144578313253014,0.5238074106944753,0.8188306172027155,0.5973733045683387,0.5181520429269354,0.31074449201211
0.0,0.36699695121951226,0.3726951710757255,0.10190182496253786,0.5149583537609694,0.6837453113152107,0.7963855421686747,0.5468826270246283,0.8203688314865631,0.620486476736959,0.5524997883970199,0.4800563850892756
0.0,0.4035823170731707,0.3715121533475316,0.0996919041174526,0.5165689110593542,0.6974277626805552,0.9012048192771084,0.5931218105169739,0.8209299664414895,0.6383130855070827,0.575322665343606,0.7239486416077403
0.0,0.4100609756097562,0.3703636376143763,0.09724858143811348,0.5155050309246518,0.0,0.9216867469879519,0.5874491531691446,0.8197008169955609,0.6292743605525243,0.5687548346271672,0.6601693338295489
0.0,0.4203506097560976,0.3699415283066509,0.10089146892691424,0.5165054040745519,0.6658682643674484,0.972289156626506,0.6267287922490941,0.8199857129247663,0.6259101496661064,0.5907244695526984,0.8279214737625615
0.0,0.3769054878048781,0.369176101382698,0.09953237824152106,0.5137219632716069,0.6264342229028511,0.9419354838709678,0.6026033577398122,0.8193218187551652,0.6107163673461647,0.536513395510418,0.8919333829549662
0.0,0.3784298780487805,0.3682385220015488,0.10793122565613904,0.5141826009984607,0.0,0.9303225806451614,0.5925375342060495,0.8178280612426712,0.5917454876418893,0.5166899862023207,0.942128768142908
1.0,0.3841463414634147,0.36932192005053605,0.12390600724839895,0.5113503681442007,0.6609914569108589,0.9732620320855616,0.601124177205828,0.8156396155150261,0.5862956126600134,0.5272292024424724,0.8085944830174507
1.0,0.3071646341463415,0.36833000587540377,0.13495239317896307,0.5020564764526179,0.583155826859057,0.9826839826839824,0.5821980622735005,0.8133796296083801,0.5943602498082637,0.4940239356554943,0.8437324075811578
1.0,0.3532774390243903,0.3673835021904861,0.13297905762071793,0.5103476693405514,0.6557014892464109,0.9653679653679652,0.5818948302640338,0.8124083682159307,0.6170488056585304,0.4940705225738165,0.7421655094764492
1.0,0.3410823170731708,0.3634489789811201,0.11712413012997035,0.5090507958394451,0.6670644664447195,0.8961038961038961,0.5340285481843058,0.8104052160328845,0.624700221691714,0.4784094460026543,0.7122349408894718
1.0,0.3346036585365854,0.3614233781182892,0.10967077148836983,0.5085220100460947,0.6668725143328765,0.8441558441558442,0.5839878707196213,0.808280662070666,0.6255466135586611,0.4800969570294613,0.7382248076562196
1.0,0.3750000000000001,0.3587181339086575,0.09908064147376457,0.5110591052267989,0.7724667638799234,0.98955223880597,0.6629761112343757,0.8042226220984721,0.631668914171541,0.5187502614467978,0.9973728654531788
1.0,0.36699695121951226,0.35586203007058537,0.08769279527088414,0.5114109405903094,0.7465147429581378,0.8789712556732223,0.6633311145625329,0.7981493896884313,0.6248086735282217,0.5196848339861626,0.9555119118777252
1.0,0.3723323170731708,0.3539370591595777,0.08101358200423142,0.5106854026673967,0.6735509649448868,0.8789712556732223,0.6690333555210413,0.7919559153499709,0.6026144401310909,0.5251271550093154,0.9917447676394899
1.0,0.34946646341463417,0.3528856640380166,0.07959240861107669,0.510808679005489,0.6065436370721877,0.8108925869894101,0.7015753272686938,0.7861459925142076,0.563729987534229,0.5519214222644839,0.9991421021927868
1.0,0.3273628048780488,0.352691804625672,0.08312318139438117,0.5077923730029951,0.6025317534996958,0.7095310136157338,0.653583314843577,0.7816091226263129,0.5348518773381196,0.5151744054972408,0.774492700394823
1.0,0.3197408536585366,0.35230203641770186,0.08341323154300756,0.5059195877372659,0.6166145111768729,0.7231467473524963,0.6463649138377341,0.7800806272921743,0.544198428775764,0.5021805180301468,0.8267376733082369
1.0,0.3048780487804878,0.3576669650701019,0.1128802823147116,0.5038067103447798,0.6244126898833654,0.653555219364599,0.6615560979217519,0.7786392457068751,0.5443013369943439,0.515940578837562,0.751813423928016
1.0,0.1859756097560976,0.3621147823022127,0.1359535264152465,0.4845992199633916,0.610666287827521,0.6807866868381239,0.6597441017676203,0.7775345138432956,0.5471994516200823,0.5115788146581466,0.8294922413001558
1.0,0.19321646341463414,0.3672978608730839,0.16423104096675062,0.4856984261080493,0.6000912545471584,0.6611195158850226,0.6431994674950074,0.7748588271086105,0.5222946632405123,0.5429831856300429,0.8088329813607562
1.0,0.16920731707317074,0.3665241653851362,0.16196704220720565,0.4857490212985847,0.5961084011894213,0.6142208774583964,0.7079505953701651,0.7720073667636127,0.4939785747478895,0.5403941381494961,0.8125975576163816
1.0,0.17263719512195125,0.3665277845103701,0.163914066968052,0.4862419138394642,0.5977166787909042,0.5960665658093798,0.6846165224465643,0.7688756121960338,0.4744457801041313,0.5719054330938398,0.7846661680893311
1.0,0.169969512195122,0.3653966268749023,0.1600793822526131,0.485828978429169,0.5939435066082794,0.5975794251134645,0.650166407810073,0.7682270619337785,0.4599500212210966,0.5795795840091579,0.769089924439745
1.0,0.18407012195121952,0.3643997432570029,0.15778945659936433,0.4842337258999063,0.586230724558957,0.5990922844175491,0.6138081502847428,0.7684281934175667,0.4591609374960735,0.5926655205678429,0.7251205611573888
1.0,0.18216463414634151,0.3634352499356218,0.1556772374465723,0.4839260484337614,0.5873937982189726,0.5718608169440242,0.6119961541306116,0.7702181002557584,0.44563284038727735,0.5896438107685893,0.8447275446785463
1.0,0.17797256097560982,0.3626672620504927,0.15538306144064612,0.4852304673232395,0.5907496888768936,0.5718608169440242,0.5545151985799871,0.7702244794764288,0.4432828527037286,0.5363519302354607,0.9076514428656174
1.0,0.17416158536585366,0.3623101573438079,0.15553418485288456,0.4845673296806674,0.5793409363790909,0.5158850226928895,0.5087567487611862,0.7674430642740147,0.424969761446636,0.5506805776844798,0.7999329499445547
1.0,0.16158536585365862,0.3615847950422022,0.15359194544541438,0.4862495047185327,0.5796164725266927,0.4826021180030258,0.595421936247319,0.7639328345115974,0.3950669263677074,0.5666492445350451,0.8852412512571884
1.0,0.15701219512195125,0.3605663729361465,0.14796367158930826,0.4854089562838713,0.584987185766336,0.4402420574886535,0.5984394645366466,0.7586786331415865,0.3516003539352488,0.5689418549774802,0.8409191800496145
1.0,0.18216463414634151,0.3601986576453634,0.147468193398126,0.4858430851584658,0.5819905304669891,0.4674735249621787,0.6209082168478663,0.7540547630238326,0.32386138183245183,0.5877780516083727,0.9932628280454371
1.0,0.15815548780487804,0.3606134025425396,0.15256584365946335,0.4856275104515009,0.6017157299654141,0.4402420574886535,0.6192367428444641,0.7475502887566474,0.2800509095318641,0.5876982030686534,0.9773438939031126
1.0,0.1322408536585366,0.36191240941644,0.16431042030047355,0.485068222129712,0.6068974739940853,0.3888048411497731,0.5749204940462989,0.7402361302295517,0.2237787080246418,0.6045581791112958,0.8190581445324503
1.0,0.1314786585365854,0.3632683292411701,0.1730416841606222,0.4867385545192361,0.6072735932208184,0.3857791225416037,0.6383477553435397,0.7348614831101359,0.18899966252144376,0.647008228949677,0.7494013630502849
1.0,0.10365853658536588,0.3636254955196735,0.17701380468222805,0.4859285737732645,0.6177755251335593,0.3388804841149773,0.6368389911988759,0.7310145840985347,0.17669827472078048,0.6466609026634993,0.6541413397187942
1.0,0.0998475609756098,0.3656189180515183,0.1900013902713644,0.484899250636162,0.6069068677657508,0.2859304084720121,0.5017972043487907,0.7298357956202175,0.1869421133613287,0.5967685373727271,0.4248787376435185
1.0,0.06707317073170738,0.3669700280771663,0.2015058012953001,0.4802965361039673,0.6054475153830062,0.2919818456883512,0.4763700909696026,0.731206350993385,0.2031656327431723,0.6297178755213705,0.3768035856818317
1.0,0.07355182926829272,0.3695892986337126,0.21738547869575287,0.4777065431658791,0.6118469035850311,0.3161875945537067,0.5397529768508244,0.7307557988974476,0.2052342061439765,0.6227432394637058,0.4591698900963953
1.0,0.04573170731707321,0.3704793426548905,0.22100900636719265,0.4771517349971741,0.6068400719774307,0.2783661119515887,0.5444123955328746,0.7307208580725082,0.2194324441766018,0.625971365637612,0.3209615030392331
1.0,0.05792682926829267,0.3706250835070263,0.22157131467176594,0.4754692123407612,0.6230211616745989,0.3131618759455371,0.4765623844390208,0.731876879470041,0.2218800005198737,0.5824836307577068,0.4063977405292571
0.0,0.07431402439024387,0.3693087860855396,0.21450597935204915,0.4777555773443066,0.5864484649885772,0.302571860816944,0.5410842393314106,0.7344189915398884,0.23095301149988,0.5721399348394468,0.4543500951679256
1.0,0.03658536585365857,0.3681143494947521,0.2106703346166935,0.4688762044830623,0.6299524719003231,0.10136157337367648,0.4363508616226608,0.7364486864329742,0.2210364564603394,0.557571644306621,0.189353472094308
1.0,0.051829268292682966,0.3681509046891736,0.2124223716290657,0.4681376398122589,0.6245043862518823,0.1588502269288957,0.3393683899119887,0.7407042894275968,0.23324867395015175,0.5090941907280292,0.16991044020380394
1.0,0.049542682926829285,0.3686637925014733,0.21796192701483186,0.4714172376084993,0.6193561135861644,0.151285930408472,0.4810073219436434,0.7469678093725678,0.27947238263683044,0.5395713343680885,0.2982056394189688
1.0,0.04763719512195128,0.3693823749962195,0.22391508249156328,0.472825755382104,0.6368781174242439,0.14372163388804854,0.4044301456992821,0.7510926752079337,0.3169325502449177,0.5051718978360406,0.3998227792018722
1.0,0.048780487804878085,0.3706299965257892,0.2316405747074973,0.4732373358365715,0.6042236218117146,0.16187594553706508,0.3520227793802229,0.7573702087551364,0.3673134241378492,0.4851026339065171,0.4811569521507434
0.0,0.0464939024390244,0.3713746986980734,0.23667337545240474,0.4734028068845745,0.6041225156174979,0.19969742813918304,0.4271651505066193,0.7602583353787521,0.38719647437462507,0.5164352865591826,0.6269274248247788
0.0,0.06326219512195122,0.3728995369836009,0.2456367734088585,0.4724579487036283,0.6123652712328304,0.2239031770045386,0.4540936321278011,0.7589543419859701,0.3854281126865379,0.4788730992536255,0.6723716934207553
0.0,0.024771341463414642,0.3722946670709435,0.24332665090964045,0.4696645213177807,0.6094328169396587,0.1588502269288957,0.3284224539605056,0.7564850610115026,0.3932267906137277,0.4692324317700433,0.4822292561609759
1.0,0.05335365853658538,0.3725851154248506,0.24599089972736785,0.4738078250464045,0.6096353427772057,0.13464447806354016,0.3132164780711487,0.7573840243769911,0.4251945927264403,0.4601716097190068,0.3864197023271108
1.0,0.05297256097560979,0.37246444487684816,0.24604537044659275,0.4740498458804774,0.5911642842165872,0.157337367624811,0.3372457658457215,0.7578007905469528,0.4525439007714184,0.4212379934966111,0.4438985280815719
1.0,0.030487804878048808,0.3740663557611104,0.2553012709152347,0.4738700429795611,0.6113755604301463,0.11800302571860832,0.2931661859329928,0.7582259227406938,0.4859894492534678,0.3941661094194242,0.3210673464353257
1.0,0.03201219512195128,0.375792030326798,0.2647403322930551,0.4744430326096661,0.5689273299533598,0.14220877458396386,0.2558686487685817,0.7603818920043572,0.5258578757086907,0.3804891836147216,0.29444712871995765
1.0,0.008003048780487826,0.3762900401467048,0.26812301640069497,0.4733914613689871,0.5882701791988256,0.0741301059001513,0.19946749500776567,0.7613121684785957,0.5315938537566117,0.339850162955471,0.10037400905495553
1.0,0.025152439024390242,0.3757336227788173,0.26555428015030896,0.4724462931462047,0.6018075221773871,0.08623298033282907,0.24305894534427894,0.76508491570936,0.5263510840038603,0.3670758796757832,0.04849591095363345
1.0,0.06288109756097562,0.37465241077442735,0.25997581698261696,0.4753431097223627,1.0,0.1482602118003026,0.3362029435692627,0.7700029054918229,0.5253343518812661,0.3617693110127056,0.2416026914335817
1.0,0.05754573170731705,0.3737800844645823,0.25521922305578604,0.4739548617965145,1.0,0.1104387291981846,0.3793210561349015,0.7721798560284174,0.5150530976189887,0.338198187834287,0.27510244984878585
1.0,0.05564024390243905,0.37394891987127177,0.25552227047741605,0.47314675135120293,0.5969981102497491,0.03937007874015748,0.3732712077509061,0.7733414573988411,0.4947514421112375,0.33370138398370386,0.16483654953917082
0.0,0.05525914634146345,0.3743482864690332,0.25622437018054256,0.4730390485549749,0.6083624659482199,0.0032573289902279434,0.3734782930256639,0.7764144517115876,0.4585491315244917,0.33281345546373403,0.0724546370967742
0.0,0.07545731707317081,0.376529479380436,0.2654366572228771,0.4733706469527148,0.6725253720160029,0.05882352941176493,0.5087715405665263,0.7834600455541596,0.4737704500112601,0.3534366132440808,0.18067748881895024
1.0,0.033155487804878085,0.3803920964834687,0.2838887241273361,0.4702804512209585,0.6584788171518724,0.01848739495798339,0.4127801198136231,0.7878184483281898,0.4893502888809826,0.3498113554325332,0.03238363425542461
0.0,0.0,0.3835250193204007,0.2996075252155864,0.4663309418252677,0.6121500316282247,0.050420168067227,0.4345684490792103,0.7971802762287123,0.538732991164935,0.3610796937721281,0.06986771411802044
0.0,0.035823170731707286,0.38642866079699423,0.3139674524300672,0.4685867567382867,0.6207706020992979,0.12436974789915968,0.5092522742400708,0.8035360936354248,0.5768117432989791,0.4032413478644423,0.3868346200731419
0.0,0.014862804878048863,0.38555031133033096,0.30895231846126897,0.4662401172860389,0.6231402269999322,0.15630252100840358,0.44144663856223615,0.8037722192737099,0.5832293130231085,0.3553364532312429,0.04602916610230779
0.0,0.06669207317073178,0.3858430122537431,0.3102866982469026,0.4705264824398616,0.6135131027280841,0.2033613445378152,0.6050883810369061,0.8090568648922609,0.6082867868166315,0.4219828874436368,0.35225066594428805
0.0,0.07240853658536586,0.3846916292002308,0.30541282660908164,0.4718389486737138,0.6127345237998313,0.26218487394957984,0.6856519488203536,0.8110828968470631,0.6149351816244715,0.5028303301021824,0.6224434511716108
0.0,0.06821646341463418,0.3848151650343793,0.3082348527817273,0.4709961628207746,0.6184530822850128,0.23697478991596635,0.6636417424746689,0.8097221275628972,0.6182986292318343,0.4764983946829152,0.6236173190663229
0.0,0.09108231707317076,0.3831594131649636,0.3005526078110403,0.4709748175784985,0.6241000468131963,0.2907563025210084,0.6817617040159751,0.8082510082501988,0.6332196931501942,0.4888899719988621,0.5867985010609965
0.0,0.12576219512195125,0.3812015899835769,0.2928707870237529,0.4726279046552001,0.6265514941499859,0.2974789915966388,0.7418977886251019,0.8053453082129214,0.6302504051828204,0.5622121313563985,0.780531852453835
0.0,0.1314786585365854,0.3802404087010881,0.2891132518992567,0.4735070678189263,0.6240364203695921,0.2957983193277313,0.7947563050070259,0.7984455055537156,0.6143051403358295,0.5940853694344511,0.796060393960603
0.0,0.11509146341463412,0.380691241326494,0.29537000320028683,0.4746733323327265,0.605842563662656,0.2789915966386554,0.854944160934842,0.7906312870664622,0.5865822367884984,0.6257814786343822,0.8190052169184493
0.0,0.12728658536585372,0.3818485912146309,0.3029653346501544,0.4730048883650832,0.5971691048596863,0.3260504201680674,0.8629613194290366,0.7820710501855572,0.5581509089499573,0.6296278188954173,0.8252735731603437
0.0,0.11394817073170732,0.38251910573651693,0.30825736701892736,0.47464509428043106,0.5931436462807786,0.30588235294117644,0.9604984838399528,0.7728491014546066,0.5151336710256856,0.6661590631596839,0.9682920024289776
0.0,0.1173780487804878,0.3830291089329715,0.3086259734283409,0.4753226644469185,0.5902824186004902,0.3361344537815125,1.0,0.7631853556010022,0.4793014570015214,0.6834386093236637,1.0
0.0,0.13376524390243907,0.3833404938249413,0.3090618921617818,0.4742305141144956,0.5850833363672739,0.38151260504201695,0.8129576214777016,0.7555333827801156,0.4525623251943265,0.5452587797661113,0.9852430016758746
0.0,0.13871951219512196,0.38295832896963056,0.30567670359788035,0.4751477130709516,0.5903496547696003,0.4268907563025211,0.7476739886103098,0.7505715039679395,0.4391791404731476,0.5446297798613264,0.9911473144711682
0.0,0.1307164634146342,0.3833580728837073,0.3083824713383445,0.4735708046572242,0.5906473765061206,0.34621848739495803,0.7976776865616448,0.7457870943503053,0.4338203773157588,0.5685608483593668,0.9875301483039975
0.0,0.12347560975609755,0.3812768724694448,0.3003287172768853,0.4726058598527312,0.5992842181916722,0.3714285714285716,0.643169883884328,0.7418327816878048,0.4381753692376968,0.5220972636987421,0.931280836089056
0.0,0.17263719512195125,0.3796956836171829,0.2949466478033359,0.480589751700963,0.58651358857179,0.35462184873949604,0.524842837068264,0.7420160272735923,0.4774239023035446,0.5121039334089289,0.8400325381527523
1.0,0.17454268292682934,0.3771370623901112,0.28220972520754234,0.4809262086466394,0.5944279090480749,0.369747899159664,0.4571925153464983,0.7412462475853743,0.5075035988544812,0.529001769090226,0.7279881165007341
1.0,0.19092987804878048,0.3740446270776336,0.2630368969214268,0.4798778676806873,0.5792727269832488,0.4050420168067227,0.5200798757488353,0.7418829473325261,0.5331189454716116,0.510050897057233,0.8308546570231132
0.0,0.27134146341463417,0.3712261945181277,0.24635744433665524,0.4906021080237252,0.5868881043289176,0.4756302521008402,0.4972487242067896,0.7402013513902552,0.5419385767617396,0.4987618845314497,0.8765318573272741
0.0,0.25800304878048785,0.3687027303293637,0.2325520550161779,0.4919565053481367,0.5859156289508425,0.4571428571428571,0.5054507802677319,0.736501912589212,0.5273840595487312,0.5027785881427189,0.9882357286645614
0.0,0.24237804878048785,0.36884086209925293,0.23320758871459984,0.4932124884461174,0.5935169656783557,0.3983193277310925,0.5313216478071149,0.7307846016993849,0.503047491442891,0.5154029937155833,0.8745864274685693
1.0,0.23932926829268295,0.36838037469843,0.23060564971136216,0.4928410560449245,0.5929317373976642,0.3596638655462185,0.4411434065527695,0.7267611727951435,0.485190284366609,0.5203117381881213,0.717226674509227
1.0,0.24123475609756104,0.3680297097597773,0.22924548771276804,0.4932856804833918,0.589459248285136,0.339495798319328,0.4039272243177279,0.7266456180826533,0.4848518729257934,0.5037168167723023,0.7323336560062828
1.0,0.2492378048780488,0.3670593997199131,0.22631657013506604,0.494577372521033,0.586383781057781,0.3899159663865547,0.4504030766955107,0.7252884241262822,0.4792324644813454,0.4761832689736281,0.7857012717268521
1.0,0.2618140243902439,0.3660258416611125,0.22422789544449645,0.4971894190045779,0.5918717657209125,0.35630252100840354,0.4412765328008283,0.7213118288292379,0.4535925347955001,0.4711787036025809,0.7113471559231871
0.0,0.28201219512195125,0.3649089852774843,0.22210708575815152,0.4969962381010996,0.5896575396641057,0.4204355108877721,0.454907181421492,0.7187990943346934,0.445341510835696,0.4283211980891188,0.7195641875888201
0.0,0.2816310975609756,0.3647723546857997,0.22655723815049586,0.4968980082701718,0.6048975458749303,0.42307692307692296,0.4046076473633607,0.7149657788920076,0.4325348821397901,0.4010593534236885,0.5806763108989547
0.0,0.2614329268292683,0.3648033502951121,0.2317837180732865,0.4972483420738992,0.6215057158495536,0.3528428093645484,0.40423785222986464,0.7141739254206609,0.4380713378013825,0.3995506603988375,0.4241518784389468
1.0,0.25990853658536583,0.36621604848990186,0.24223340596164544,0.4970730712027434,0.635963176050391,0.36276083467094705,0.38407662155166056,0.7158277421768746,0.4477646673471671,0.4380472154112123,0.4041285573734651
1.0,0.216844512195122,0.3677740000024183,0.25147294577631485,0.4928313478108886,0.6393673457602965,0.303370786516854,0.352814140965905,0.7193937371516991,0.4628177783957765,0.4171456592693963,0.27096162955945113
1.0,0.20655487804878056,0.3703166650282009,0.26625223095698586,0.4947191405092834,0.6168274942552842,0.28892455858747995,0.3022483544116558,0.7260645036078865,0.4980042762611978,0.3797544090697534,0.000246984728110754
1.0,0.20426829268292687,0.3720072518992439,0.27780482645304205,0.4942135836183888,0.6399366610030292,0.3499197431781701,0.4066415205975889,0.7373230238171942,0.5581025424342951,0.4342462282585805,0.2495730494794721
1.0,0.1970274390243903,0.37338816769622,0.2877476613923756,0.49292576164828,0.6291856334514125,0.3579454253611558,0.446128244952296,0.7435785384388847,0.6053352013745908,0.4587350781280064,0.4138963621476199
1.0,0.19207317073170732,0.3737263022687458,0.290180814218732,0.4958556024220336,0.5815633567208749,0.3451043338683789,0.3865616448487537,0.7470769309071372,0.6370624556056129,0.4065163738068646,0.0005308597133359074
0.0,0.23208841463414634,0.3735447961909708,0.29063437446747137,0.4986705891800111,0.6021028213206291,0.4863563402889245,0.5265734782930256,0.7541590049487976,0.6841953990088396,0.4663980284879597,0.12230532336119762
0.0,0.265625,0.3733494392041472,0.2914635185759253,0.5002063809674303,0.5910541862108719,0.6147672552166934,0.6266696250277347,0.7557590726337273,0.6911996315213185,0.5176617130677823,0.6255856003945106
0.0,0.27705792682926833,0.37321532262292056,0.29425090333586545,0.5017363818587246,0.5936996015027448,0.6934189406099517,0.6832334886472892,0.7528531994162582,0.6684428910553709,0.5201417514807789,0.7823232672241031
0.0,0.24390243902439024,0.3729314634710881,0.2964226926872829,0.4986103600535118,0.5901878398478889,0.5537720706260031,0.7188373641002884,0.7495574553445392,0.6490963808073549,0.546516163527969,0.7509078309078315
0.0,0.2644817073170732,0.3729906154507603,0.3004907730705463,0.4981467927800362,0.5925391933506634,0.6260032102728732,0.7364322165520302,0.7474677000036878,0.6256285125073107,0.5693117601933322,0.9102425292334346
0.0,0.24085365853658536,0.3728503271452303,0.3032473607567045,0.4980760256902404,0.5917140396977039,0.56661316211878,0.7567487611863031,0.7443038561916373,0.6088277248180959,0.6014177295248768,0.9869532265049812
1.0,0.22179878048780488,0.3738597162651876,0.3102954858501064,0.4950978621144093,0.5924598444399419,0.4799357945425362,0.6951852673618819,0.7396072930415805,0.5717363706488352,0.5602817264560079,0.7317832394976197
1.0,0.21341463414634151,0.37375713172424097,0.31078082667848705,0.4935267077992878,0.5963493737684378,0.5280898876404495,0.7030619037053473,0.7379451689978886,0.5737884922848965,0.5721079925789269,0.8300941966219153
0.0,0.24085365853658536,0.37369164238836783,0.31226419521867543,0.4943215440273289,0.5856817448556356,0.5650080256821829,0.7423045632719474,0.7353660590084543,0.5706526628099853,0.6512250214566662,0.9954255088783036
1.0,0.2290396341463415,0.3724348493144113,0.30809989276052185,0.4962668074653153,0.5887603621055022,0.5184590690208668,0.7024110642703938,0.7297560549219901,0.5619289760918302,0.6465379877985588,1.0
1.0,0.2317073170731707,0.372161109530832,0.30919797334299115,0.4967548374945354,0.6032670282986162,0.5088282504012841,0.6829746320538423,0.7249413631446733,0.5550958327060183,0.6316988813012521,0.9934572779685186
0.0,0.22560975609756104,0.37091032985490535,0.3061173429519269,0.4995400121526544,0.6063178887241512,0.4895666131621189,0.6613194290363142,0.7195350263958613,0.5412679694689697,0.6473898792465042,0.9618606484675284
1.0,0.2358993902439025,0.36942118886506137,0.302194418012837,0.5015665175697899,0.6073939480683382,0.4430176565008025,0.6893942755713336,0.7134843860962838,0.5270293837895003,0.6704190306411408,0.9819536937993842
1.0,0.2366615853658537,0.3682638556056909,0.3000969498199295,0.5019011356126406,0.6073202605641407,0.3996789727126806,0.6615708897270913,0.7068416515370772,0.5021758904312382,0.6503092812171336,0.7568491877625371
1.0,0.2332317073170732,0.3675966921803416,0.2994244529664528,0.5011541757376758,0.6062176449266315,0.4173354735152487,0.6696989867613339,0.7031321476057968,0.4933843860399015,0.6653570349270143,0.9673544810594392
1.0,0.2496189024390244,0.3673832208653223,0.30232244980044265,0.5003274435352347,0.6116276605498085,0.4365971107544142,0.6551512462095997,0.6995859726068225,0.4791957933922689,0.6535530011003621,0.8551203184367657
1.0,0.2431402439024391,0.3670220371786602,0.3038011581957272,0.4992943309366521,0.615122357276688,0.4077046548956663,0.6292286073515273,0.6962636096235757,0.4678745493762009,0.6617070865201555,0.7902133639964233
1.0,0.232469512195122,0.3666594992693349,0.3049959279039633,0.5011481915078541,0.6083750888165147,0.3852327447833066,0.6648546705125362,0.6934732093167799,0.4512281682996856,0.666420057078287,0.8916570844512599
0.0,0.2629573170731707,0.3663585710730505,0.30512391273262063,0.5028083855480354,0.6094549756172192,0.4590690208667736,0.6797943939057766,0.6885902620248228,0.4229914978217226,0.6494574468151346,0.975978534009117
1.0,0.2477134146341464,0.3643490578957075,0.29648149954791103,0.5021446138954387,0.6033743184690653,0.39486356340288936,0.6846461060572443,0.6827558159478886,0.3859095032872221,0.6547074646233662,0.9757435501842808
1.0,0.2865853658536585,0.3628427743853618,0.2905216939673186,0.505905428357539,0.6220994174671309,0.4333868378812198,0.6748835145329488,0.677223545124882,0.3614335662285616,0.6471346057141054,0.9665410528719882
1.0,0.2690548780487806,0.35992818314142405,0.2769681373283249,0.5031772734316571,0.6233091519992313,0.3603744149765991,0.6572738702758674,0.6739086564756394,0.3551819812661463,0.6313267010405658,0.9907892439322502
1.0,0.27667682926829273,0.3582417065344463,0.2694549195965929,0.5058397078508442,0.5948121032925101,0.3162518301610542,0.5693661711411878,0.6718446276770311,0.3588342530635526,0.5346188434157866,0.8577878103837466
1.0,0.25571646341463417,0.3566353849564681,0.2610847932431685,0.5021778497139364,0.6148203628671371,0.25416666666666665,0.49457140744027794,0.6712272794267502,0.3610811072667118,0.4744123287143632,0.4975745641419715
1.0,0.27134146341463417,0.3574183196804529,0.265001485767328,0.501699110178094,0.6186079300190416,0.2984869325997249,0.5364839878707196,0.6745604420234068,0.3863150600336414,0.4918942966633243,0.6556361365928616
1.0,0.2507621951219512,0.3584125839060505,0.2698260592372511,0.5005851385720832,0.6050785082814039,0.3071718538565628,0.42792692848162095,0.6760355666949598,0.39885022291598,0.3567312235141962,0.610849266340594
1.0,0.2473323170731708,0.35950266640423745,0.2763200060488917,0.5037135395366319,0.6146668256695965,0.29769959404600826,0.42927298276754666,0.6791743974157469,0.4375856036162529,0.3582174845315946,0.49209378407851706
1.0,0.2541920731707317,0.3596278961306931,0.2785103030069127,0.5013559139725998,0.6220743508542751,0.3085250338294992,0.4198653945714075,0.6799759040064846,0.4497697083954453,0.3504662925643484,0.5920704159526411
0.0,0.2698170731707318,0.3597466065047198,0.28133517640501315,0.5006755826181507,0.6244042603588739,0.35588633288227345,0.4435100954071444,0.6804075693073162,0.4597980731677137,0.33155281346346416,0.5763053655023409
0.0,0.27210365853658536,0.3597502931481311,0.28264015633902434,0.5010687467568627,0.6192112634669973,0.368064952638701,0.4544634272612975,0.6793053829701967,0.4531470212212033,0.3415452486171422,0.6532949225783227
0.0,0.27515243902439024,0.3602596162317607,0.2862109566717055,0.5017866269609634,0.6266782818977924,0.3640054127198917,0.4769617631831965,0.6775935795096135,0.4437631741926722,0.36713222548267216,0.6454087144400437
0.0,0.2667682926829269,0.3603320113645481,0.2876501590394058,0.4997214815312535,0.6586074832300644,0.368064952638701,0.4975075808002365,0.6755966783524411,0.4404486151852151,0.33903683882328084,0.7007202016564632
1.0,0.24923780487804875,0.3601687273176799,0.2878478378435217,0.4967662372777717,0.6571246250898015,0.2746955345060892,0.4625471488795209,0.6721753119098679,0.4266665196411865,0.3478553948380029,0.5344256391789699
1.0,0.2526676829268293,0.35842086497977965,0.2799426889213177,0.4977702325143502,0.6590433411576965,0.253044654939107,0.4818800384586939,0.670828039713401,0.426423954215988,0.3705675207414989,0.3623334533669426
1.0,0.28201219512195125,0.3559110486562433,0.26843490632687234,0.5050222645639064,0.6350915508109636,0.2969543147208121,0.4682419939353598,0.6708059380131204,0.4253060864772353,0.35728298591940444,0.3813467770975879
1.0,0.3006859756097561,0.3534994250611042,0.2586141308384726,0.5105642971276325,0.6413308573359471,0.3298368298368298,0.4599881665557282,0.6718744770274163,0.4353912238595539,0.3954056048536481,0.3411955347497301
1.0,0.317454268292683,0.3522899907448034,0.2541804614037581,0.5106831376248799,0.6377516055588409,0.3803611738148984,0.4772280156793134,0.6729113051325948,0.4456775350194714,0.3653214486445578,0.4053655023406546
1.0,0.31307164634146345,0.3515321781199614,0.2524661102994545,0.5102414597571447,0.6436654487212218,0.368362831858407,0.466252496117151,0.6743017177492001,0.4632138163080058,0.3518492749665627,0.317680950666186
1.0,0.3317454268292683,0.35224009407532897,0.2570257195363127,0.5114812378168654,0.6545609120742131,0.3888888888888888,0.4214555136454405,0.6763319475730272,0.4827811661373128,0.3573443439226877,0.3056175729204175
1.0,0.30564024390243905,0.35318950017234496,0.2629638706188375,0.5074703359444115,0.6500957327443175,0.4008483563096501,0.4145403446490643,0.6792353878083377,0.5069211258816093,0.34761169550437626,0.18602808786460165
0.0,0.2999237804878049,0.354773788552986,0.2717219668209635,0.5099723729443105,0.6433104548534823,0.39130434782608703,0.3949042230604246,0.6821202999752289,0.5267603962294606,0.3699569948092287,0.11776194437411833
1.0,0.30602134146341464,0.3546092443804517,0.2723160181733676,0.5075159307585551,0.6190467648884675,0.4040296924708377,0.41393388063013065,0.6858501459752588,0.5524226076556883,0.3958819549417572,0.047679617637989086
0.0,0.3479420731707318,0.3545493334669835,0.27258381926060443,0.5130873729376625,0.6322444165406872,0.4782608695652175,0.4948672435470749,0.6898859389237941,0.5808874283849392,0.434346112099336,0.31273109407231525
0.0,0.348704268292683,0.35445140574114864,0.2731605923376312,0.5125807457328331,0.6330797810602197,0.4952279957582186,0.5151172250573183,0.6925420353471201,0.6066416331360786,0.40758275898659735,0.2552348893619128
0.0,0.34413109756097565,0.35555894810044897,0.28007565463459944,0.5152928399365782,0.6234265727278249,0.4888653234358431,0.4774277050514015,0.6946518827161037,0.630120405964569,0.413257828654886,0.13761694965595644
0.0,0.34451219512195125,0.35668713466748914,0.2880869589860073,0.5139862551256378,0.6435207213444402,0.5249204665959704,0.6094667554174986,0.6980289953557257,0.6604631591304728,0.5491565590151701,0.8622478087236142
0.0,0.3536585365853659,0.3575808201738453,0.2951702664993786,0.5150839770803117,0.6335625617206825,0.5652173913043479,0.5999852081946603,0.6950303756642873,0.6618556154526565,0.5383132383153408,0.7956018878688872
0.0,0.3483231707317074,0.3576589346262452,0.29757439596059565,0.5143640060716342,0.6404756937885135,0.5471898197242844,0.6598180607943198,0.6926659265001303,0.6688401317359761,0.5859398081909447,0.9950547852225348
0.0,0.3513719512195121,0.3578520784089124,0.3009599350526886,0.5151511674465462,0.6351878862236394,0.5461293743372216,0.6485984764440501,0.6889187328670137,0.6782276960114791,0.574883299848958,0.9310361469041072
0.0,0.3456554878048781,0.3584540289679025,0.3063107539438086,0.5133646965090882,0.6362551697190636,0.5493107104984094,0.6340285481843059,0.6861254804693937,0.6889201927417692,0.5373593870965082,0.9665061390949704
1.0,0.2777800299995949,0.9862992049868752,0.1963015415558741,0.4888599864171074,0.4878859712547012,0.7455138437525153,0.4678574069965236,0.9659562272182702,0.5377748420304204,0.4763144021271154,0.743230347131098
1.0,0.2566992337941381,0.9865449571944552,0.18914682746242528,0.4912758190925024,0.4795054224078016,0.7259717121381378,0.38613268249389865,0.9642331834655355,0.5297164572990556,0.4679265584766255,0.4611734889340781
1.0,0.26373292252807456,0.9868954189986314,0.18946529720712132,0.4917324012268597,0.4732956022206999,0.7038302264788996,0.3628060054729676,0.9644842521509064,0.5302891310432448,0.447770734113793,0.3181794026995425
1.0,0.20158511371468,0.9857744354530736,0.17864961855324854,0.4915796248715094,0.4986081612656769,0.6654036311410134,0.3565268841062049,0.9659746458570416,0.5249281444849738,0.4402084269306477,0.1321872675098308
1.0,0.26857745165605906,0.9859015582329684,0.19213320870605652,0.4920131864715428,0.4814363513928842,0.7221509748673782,0.4434657199911249,0.9700291152895296,0.5456550005470402,0.4974789495067221,0.4573280901264736
1.0,0.2689423115903844,0.9847894307278492,0.19739688818931256,0.4920268237358576,0.4910397298183007,0.7306380224114427,0.4626506915169,0.9710197879650908,0.5591668851349085,0.4623678411102949,0.5150653629503669
1.0,0.21232821178092226,0.9860675593842688,0.21135158702959045,0.4922507490581893,0.4846296217372311,0.6632114048381184,0.4097330079136154,0.9692947052329804,0.5627074829108304,0.4091881204449082,0.31594749707726555
1.0,0.15836948149349395,0.9884207925428092,0.22451160379793167,0.4926003609576349,0.5028057597584658,0.6271649409148037,0.4508468308557063,0.9689668322638608,0.5887988901685037,0.45033694049727613,0.08261363636363615
0.0,0.19053796570316656,0.9920898224798034,0.2420005995798568,0.4945999377878341,0.507275462724497,0.7151045331795016,0.5735892315657123,0.971742937248634,0.5841647919937369,0.5063967400093614,0.09259326660600399
0.0,0.17969351765516742,0.996013826189064,0.2727917373744709,0.4939566720234721,0.5142747651389417,0.7625192563592573,0.5699504474521119,0.9735570925936892,0.5651596984925521,0.5023443119577018,0.4446663104311396
0.0,0.14355211416061975,0.9996075865406472,0.3076957276213179,0.49182379411485205,0.5832685630734467,0.7775829828120063,0.5518009023001261,0.9740261188170138,0.5219906760836556,0.488313960957441,0.3324239952751934
0.0,0.1559776219240281,1.0,0.3152647632904195,0.4925887451638593,0.543183812242344,0.8287558082252954,0.6965017380371276,0.9750517675573388,0.4837327955346808,0.5699328416400281,0.6260370672441431
0.0,0.2014634937365717,0.9991998931567792,0.3154184307104114,0.4915568905560265,0.5147782060910271,0.8401867025189621,0.6901264699356552,0.9725084252467744,0.4419990758963581,0.5660015974645474,0.6763270084601607
0.0,0.12439696760854604,0.9959088943143412,0.2942989853875205,0.4906532112882066,0.5420352190802243,0.7537190336290643,0.6240736631905931,0.9709501354078494,0.4091012019727495,0.5637483105514669,0.5099953612688036
0.0,0.1971257145173718,0.9932549729276664,0.27328871426942697,0.4912928089724282,0.5351398144428074,0.8049544940795798,0.7231121958435025,0.974774305433501,0.4329067800699423,0.6268026954506941,0.6929380839831234
0.0,0.21889569059877564,0.9895499945339016,0.2480968535454836,0.4925941431742759,0.555371863748798,0.7897654975523791,0.595688188743436,0.9752932321397648,0.4320019588883568,0.5229377710834663,0.6651940535883886
1.0,0.2357603275631413,0.9871008230102424,0.22362434751289892,0.4936130825876395,0.5173204813727732,0.81766940663637,0.6381184823607725,0.9770926377369497,0.4553875303831586,0.5653036582118603,0.798502352499392
1.0,0.2321928082052948,0.9861534781970512,0.21649252117619244,0.4934094172615574,0.528051599454803,0.7985657202825719,0.6818208712373344,0.9746702867213192,0.4533688080306956,0.5501328792321709,0.8364957699189317
0.0,0.21737544087242106,0.9847316272855782,0.1840950682005853,0.4962185822691108,0.5474648087186187,0.7898907676268307,0.6590193033059684,0.9698930716661368,0.4547200793795288,0.5240053390173258,0.8448013076804131
1.0,0.23328738800827084,0.984361512747213,0.16996298176202784,0.4934672772122773,0.5566387557413289,0.7953713333840678,0.7017898084461207,0.9640068289125427,0.43224539568866177,0.5514084302209274,0.8038479379735367
0.0,0.2336725179389471,0.9842427663883258,0.160896631806159,0.4934774346558117,0.5474069648265751,0.8216780490188065,0.7849641298720516,0.9576826259678296,0.4062108035189416,0.553262683086693,0.8511850853747434
1.0,0.20687558276239534,0.9866063076975772,0.18841580076674813,0.4955757535952828,0.5128900610404368,0.8058313846007377,0.788610309888322,0.9532202726528952,0.3905163733475968,0.5564354630451874,0.8951662333819449
1.0,0.12399156768151792,0.9876135863154372,0.2063342260685891,0.4943663695770009,0.4930348325811799,0.7589490592373995,0.6771762443606243,0.9470069114653774,0.3608426420243551,0.5053134967837652,0.9997849051192575
1.0,0.11426196943284572,0.9885130611991421,0.2283878292434003,0.4937344061847878,0.4982003296599134,0.7141650076211182,0.7257673249020042,0.941890162284852,0.3342199602144321,0.5308940457618934,0.906416704770614
1.0,0.10554587100174352,0.9884518846771626,0.2423345175926277,0.4969236422953849,0.4997081784925333,0.7128183543207683,0.6787885511426666,0.9364683851123228,0.3033343299950567,0.496055575849937,0.9186607732561082
1.0,0.08345157497871662,0.9889136827422776,0.26164715818970496,0.4956464614411152,0.4964265318697714,0.7161066937751105,0.6270763996745798,0.930308242831012,0.2769352036912404,0.5147808742570552,0.9330670634609852
1.0,0.10169457169497767,0.9886228034042222,0.2694065257471321,0.4930318102504802,0.5076901707537185,0.7344900772008153,0.7335626063161008,0.9226253177154032,0.2451889911294294,0.5609361254855841,0.9258126095028898
1.0,0.05217497060850576,0.9858110754411284,0.26773141606079165,0.4899011846609762,0.5013862943191882,0.6407880615113646,0.6578951261001401,0.9116645088252592,0.18090980133207674,0.5306990997734774,0.9835085313833032
1.0,0.06322211862001875,0.9836753525064784,0.2663136389644655,0.4904730139206007,0.5025494725952159,0.6009521778359029,0.635330227054212,0.9096107307582316,0.1754269054147909,0.5213566452659361,0.640760197775031
1.0,0.10475534114403867,0.982357610258159,0.2759922183492387,0.4930507466989898,0.504547154917785,0.6666563318855243,0.540056208860291,0.9122802984896624,0.1908920018645288,0.4692378292372749,0.8772613320685668
1.0,0.10625532087404237,0.981570649689302,0.2901279441290497,0.4931581113743597,0.4987525065087188,0.6782751312908674,0.44936765032172143,0.9154264435545432,0.2173346716193912,0.478635112835455,0.8251914086320201
1.0,0.08122187538006274,0.9802309669216164,0.2960617961014902,0.4915229905361685,0.5030753672899833,0.6141055356532724,0.3457288662081209,0.9184932588670572,0.24095082205778875,0.4801856930661413,0.3105859805080943
1.0,0.08697855434386036,0.9791338866268888,0.3044884757687013,0.4918551077872324,0.4975553280463673,0.6049295026997265,0.24896087567487615,0.9235832023811871,0.2852729479779078,0.4962846234615496,0.3005138033682672
0.0,0.08199213524141619,0.9805670953287012,0.3176039396189331,0.4915565592745834,0.4985868072611981,0.6060569333697869,0.2479550329117665,0.9292281038998867,0.3332730262810032,0.4962180052735194,0.3113365868713946
1.0,0.0,0.9850993896554994,0.35198179228826376,0.4902204237113563,0.5004155340679342,0.5509381006112863,0.19626506915169,0.932594243552734,0.3739224583445876,0.5233123846025852,0.2070654928387748
1.0,0.01080390805529688,0.9889058722751214,0.35809481207272376,0.4911846878303381,0.5054855378330223,0.6697567662281901,0.3220915612750538,0.9390563659002706,0.4309957507983508,0.5183415819295429,0.4772711205372921
0.0,0.030303644545344063,0.9889841227372532,0.3520732979251485,0.4886280724608861,0.5024379009271375,0.6699446713398666,0.2760076917387766,0.9385624086446036,0.4351827704724064,0.5013401425946644,0.4825379992930354
0.0,0.05004662099160831,0.982599267538944,0.2876564830900634,0.4897380719993557,0.4960258617380934,0.6447340688565754,0.3027364839878708,0.9377682404096196,0.4316417583385007,0.5144667105153115,0.3861240582034449
0.0,0.17989621761868124,0.9759992427971323,0.2269068274319445,0.4939548227841874,0.5243342144185847,0.6976919928307938,0.3594778492715039,0.9359953556388094,0.3950370120240753,0.4889408271962859,0.4439098548255069
0.0,0.16345725057769506,0.970622470164165,0.17396133393342328,0.4929126096233466,0.5155226066286528,0.6312049008158528,0.35488499371348303,0.9346121034885844,0.3877024574037666,0.4853612385664646,0.3163267010808739
1.0,0.14093728463128913,0.9704241335114734,0.1722212423256787,0.4952079793438482,0.5158970210634777,0.6002318749078088,0.2635973670586496,0.9355953591689988,0.3932558934729576,0.4885765986730897,0.16425266041864994
1.0,0.10266753151984448,0.9714305161928718,0.1934681750558429,0.4965555678770989,0.5188895404638485,0.5843538929711274,0.30902300125730353,0.9415157353826179,0.45030684243707103,0.4615479050614511,0.1857030688785309
0.0,0.1681598897312203,0.9710906651326859,0.19479288525828065,0.5006232558291898,0.5249018837896229,0.6860731934254507,0.41487316026921095,0.9477037459044066,0.5011582068114853,0.5067313703978429,0.4287241684625538
1.0,0.1566870717963274,0.9698411925068888,0.20225833320059367,0.4998639693442494,0.5194777132533805,0.6164543495492313,0.28093336291694376,0.9499691887460632,0.5275540350080806,0.4798757617956039,0.21620808900917166
0.0,0.16984229942838644,0.968584637529072,0.2017534185593136,0.5007075356625365,0.5070185419300792,0.6615515763516409,0.32906589749278936,0.9564414984173392,0.556197954874171,0.5021940222247199,0.3303763845035837
0.0,0.21129444196700087,0.966079753373418,0.1917792207488496,0.499591099430202,0.5184856588508111,0.7156995660331447,0.4188299681976189,0.9600342756672562,0.5601424667575234,0.5022804845766878,0.4401510215673503
0.0,0.2103214821421336,0.962347560188798,0.16179353969830626,0.4995444621658717,0.5231888451114282,0.620870119673634,0.3184453812587826,0.960632915223653,0.557105748742888,0.4257437706394667,0.19395579612088465
1.0,0.20928771232821167,0.9592259751898372,0.14108366720519272,0.4994811979727721,0.5179054166343833,0.6057437581836588,0.3377338954219361,0.9672474372053608,0.5928919954838897,0.44085300522586623,0.16263218563624576
1.0,0.17590302833745525,0.95757972075109,0.13088738694301205,0.5010428539722499,0.5053308800128428,0.5546022502889824,0.3164854670512538,0.975732645387038,0.6584844941934114,0.4210638413527434,0.059322741776508474
0.0,0.2848947987189365,0.9553837833768836,0.0966158019551211,0.5043265235349683,0.5253098224078929,0.6847891751623263,0.4365357591894091,0.9882129146598242,0.7571057542838184,0.4942262067081685,0.06515601783061017
0.0,0.3441845380467834,0.950580203067752,0.041113175005940916,0.5044382682375274,0.5294074166146762,0.7332060589376909,0.5078692404407964,0.9954380491114628,0.8269286771774136,0.5495213147702578,0.1865141481035523
0.0,0.40789313657923576,0.948612701299751,0.015538625181934497,0.5048799423823782,0.5457035099855281,0.7533119058870984,0.5591968049700463,0.9993991663093679,0.8981530245380854,0.5455851409179302,0.3336544250451514
0.0,0.3754003324279406,0.9465781077177547,0.006200666046588754,0.5025653943310884,0.5676479913615163,0.7840030741276268,0.6387397381850454,1.0,0.930516273621946,0.6327820264204569,0.7126429861529197
0.0,0.4296428426642882,0.9462772114371596,0.013530143318233323,0.502292806403328,0.5797988641257874,0.8273465198877201,0.7282005768804082,0.9961854005565632,0.9358755720022154,0.6553076933757574,0.7589102950030095
0.0,0.4413791705517496,0.942879053197061,0.0,0.4993254405963622,0.5023187279180511,0.8379318411788416,0.7610531765401967,0.9899797813143864,0.9038031098608592,0.6392159289748066,0.8457104017722284
1.0,0.23981432683342144,0.9417315335215816,0.00875254433005207,0.4862612830256253,0.4988266980314395,0.4956939977783354,0.7900673027142959,0.98295041460211,0.8741178295681926,0.6560619140187768,0.8321155917755598
1.0,0.21571330117160634,0.9427431076690244,0.018132425027698518,0.4845977822448607,0.5012357044255181,0.5075633373325805,0.8999926040973298,0.9772513799062932,0.8652102176390277,0.7178663349292791,0.9860246751828792
1.0,0.21907812056593853,0.9469513209675368,0.048768673224032666,0.4848187329233367,0.498709259661871,0.5336195128184168,0.7834775534353966,0.9690057541740388,0.8405178963172133,0.6389752386954207,0.9992632448482957
1.0,0.14032918474074718,0.9498062071250571,0.06971350116308384,0.483316203441793,0.5013883253275297,0.5059348263647158,0.7515864211226979,0.9648775389071332,0.8352981774489907,0.6682315969669332,0.9735161352285808
1.0,0.12449831759030296,0.9534757233431974,0.1105497847156709,0.4859553058731866,0.49633174805839897,0.4819456071073228,0.6826640041417056,0.9595069499448194,0.8104114048638955,0.6610562481027852,0.8525478030919451
0.0,0.12664693720355175,0.9543892887667828,0.13281519864923252,0.4861604074176295,0.5083539593125368,0.5310827938107814,0.7504696398195396,0.9558758349414151,0.8034206338065615,0.6732771537196911,0.948975378103545
0.0,0.13653869542303504,0.9555043523953972,0.16056374262623965,0.4867985534874509,0.5134399306764516,0.5295169178801422,0.7357961689224166,0.948230423414357,0.7579873497641254,0.6660294058782708,0.8235946936457946
0.0,0.14024810475534166,0.9534708523333362,0.16172305956008026,0.4870619813978291,0.5071766092011887,0.5505622903879334,0.8249833592189929,0.9428734556706851,0.7246886815366796,0.6708379634753469,0.8505908452936114
0.0,0.18354481696193325,0.9518588886027586,0.1646742683564124,0.4898879938636794,0.5024742003299051,0.5413236223971618,0.8578433547814517,0.9380143071680124,0.6852793304497611,0.7172561088782302,0.9754141627415956
0.0,0.17136254915474147,0.9485639036507334,0.15601551514132994,0.4927901700756193,0.5084387827929914,0.5251324652743521,0.8110568744915314,0.9323978495691684,0.6747844083878811,0.6460043760950248,0.997576621525302
1.0,0.20099728382048898,0.9476218625441786,0.14547794085523347,0.4947393806746014,0.5080282617854691,0.5211864579291413,0.7811404481917017,0.9270609228900372,0.6934228214586755,0.6320519520935812,0.9417225150194116
1.0,0.1865447764219406,0.9460109454693121,0.13066501829352514,0.497485521473635,0.4988613738480429,0.5112588045288893,0.7301235115745879,0.9218874842447646,0.6776321097256499,0.6232145252307764,0.9164768907107396
1.0,0.16763286982608347,0.9450700725047579,0.11800965270816245,0.4962045185718534,0.4951566054754849,0.4592090885944414,0.6981732120405298,0.915791474032268,0.6475725670804928,0.6058514823166734,0.8623578832016805
1.0,0.16903149957433022,0.9441555025865638,0.11794647369927867,0.4962832750728222,0.5082691532448745,0.4357209496348533,0.7329117668811477,0.90888145549624,0.5835942015669809,0.6268816111946875,0.7867677275010263
1.0,0.1977338144079137,0.9449284248731762,0.127599220316855,0.4982320585403485,0.4978203134529071,0.4854218516733422,0.7947563050070265,0.9016002129805992,0.5376769947051877,0.6213766628437476,0.8398931555636728
1.0,0.15273442250780414,0.9464855558686356,0.14032842112303534,0.4989119267828702,0.4900989570072782,0.4551378111747797,0.8369425338362545,0.8938390085606294,0.4745837397075599,0.597019997389189,0.8827748360072696
1.0,0.12342400778367875,0.948219614895478,0.15317230283505498,0.5006264970235086,0.4875686018501348,0.42259890933609656,0.8278529694549224,0.8833824330015678,0.3850362290046143,0.5932183241050552,0.8544582968795561
1.0,0.09378927311793124,0.9476317841512554,0.15249486940208334,0.5022806852571016,0.4826379436113927,0.3831388358839886,0.9530729975593524,0.8746893230241715,0.31506224766218105,0.6067634599709493,0.90215108508878
1.0,0.09549195281144872,0.944062310643322,0.1271857402818355,0.502282169791211,0.4844237938960338,0.3292727038699996,0.8252348199097705,0.865041096755385,0.2586108732947794,0.5667346229152864,0.9713827881987004
1.0,0.1539303522925371,0.9387104196030504,0.09267931847077636,0.5063130520863869,0.4847676839333095,0.3099497948859122,0.7544190518452782,0.8606649628885201,0.2377725153455347,0.5582141075024853,0.9754761335564596
1.0,0.2070782827259092,0.9340810862486392,0.06506102179904605,0.5063238047126911,0.4915298666423225,0.32150595925402903,0.7356112713556692,0.8562574872527657,0.21275711436046288,0.5500945643765001,0.890476383211236
1.0,0.2408480966473429,0.9334880780984928,0.07332394145271481,0.5049870042905025,0.4904750019817877,0.3442424777669103,0.6560757340433402,0.8521796049752639,0.1808000604998881,0.5533218393064963,0.7218197272028172
0.0,0.2674220618640294,0.9347171272223184,0.09696502039977006,0.5067556768600334,0.4935949431595486,0.4354390919673384,0.7007100066563129,0.8514036892617283,0.1723124491739088,0.5912307212411785,0.8827255433682767
0.0,0.2822191592005513,0.9363921712663514,0.13864327985438551,0.5077687618399654,0.49039606033401,0.4625913806046219,0.693669107314548,0.8484702999452769,0.1487389808408771,0.5843936395829128,0.8847290241631928
0.0,0.2565168038269756,0.9358025482855408,0.16258213421698975,0.5097466424073105,0.4875388430563378,0.424477960452864,0.6523851786110492,0.8454462041995818,0.12641718800135465,0.5475174605900363,0.931335249119682
0.0,0.2604897231118502,0.935968811828725,0.18696847905405112,0.5100549302208958,0.4912714212426562,0.3972630367783544,0.5765032172176615,0.8399989993318668,0.09430049317434892,0.5475044127153441,0.9215298687567512
0.0,0.24433453601978386,0.9350317631059012,0.1885620552942724,0.5088974966948898,0.4968283097671272,0.3995492156370876,0.6138451297980918,0.8371562607982048,0.08198909451940589,0.5699026929339495,0.8554715333164777
1.0,0.2504560749179068,0.9359023336622808,0.2145397838351988,0.5093598543989418,0.4973756805900224,0.3640038320115778,0.4292212114488571,0.8350217057710052,0.0704896720786401,0.5021915594353031,0.5836991748454259
1.0,0.21151741192686607,0.9364268702524248,0.2365491686761596,0.5103255761329588,0.4967093063406216,0.34023383538447405,0.3809703424302936,0.8385700291026337,0.08486280859679074,0.476582722861989,0.5874704491725764
1.0,0.2153281712409296,0.9383009568794418,0.26461647961240875,0.5105914754101455,0.4852898938183992,0.35498438665109555,0.4386435914503368,0.8392658506746571,0.08202002779702383,0.4592191909199774,0.6950723660648456
1.0,0.18960554587100206,0.9409388489591616,0.2880492198975809,0.5125023963534571,0.5013149947269145,0.3176852219832693,0.4665113527105982,0.8349270532899362,0.042016122367831865,0.4771991427285857,0.6630290517622774
1.0,0.14949122309158025,0.9432524130565828,0.30846701065239146,0.5097377834904661,0.4932547333744549,0.3237608205941496,0.5732564159455661,0.8339710482938059,0.03675345886348708,0.4908034966691314,0.7838287652474358
1.0,0.15950460128917182,0.9456907306175482,0.33685242529386283,0.5067248026896164,0.4704585254052598,0.32914743379554856,0.4273056726573482,0.8311139455407304,0.013448029185500364,0.4636253599953506,0.7803948005983109
1.0,0.12609964730206352,0.9450165147499838,0.33959230314538325,0.5080749985591211,0.4245686214166539,0.2840815245117517,0.3673249020042897,0.8306379964024624,0.01970395269747266,0.47839828701739295,0.5742227671861407
1.0,0.11780921879434082,0.9423510221823488,0.32838752860756937,0.5073824217469616,0.4349262216026512,0.2195361186508037,0.30201908142888834,0.8299561332870204,0.0,0.489900365185132,0.4548690768135429
1.0,0.17302468885555666,0.939838675239668,0.30710417544545665,0.5113107512987761,0.4506886014047853,0.20976505284361532,0.2515124620959988,0.8333949697766576,0.010952593130705124,0.5098384693197302,0.3312960859610222
1.0,0.191227145579114,0.9379731532455255,0.2910708601441041,0.5126267243168374,0.4241460244392881,0.24061280867720755,0.1561570889727088,0.8392476771894204,0.0351752625898471,0.5275275249401644,0.29006031562422474
1.0,0.17645031823894305,0.9364441695299162,0.27526329288496143,0.5115455786399403,0.4919346796652018,0.1912877168620724,0.0,0.8454555801739461,0.06043861289644802,0.4532209385115417,0.03703982874544067
0.0,0.3638667045039935,0.9350271740346794,0.2582918009289437,0.5211462916472541,0.5001949145570912,0.4034952229822985,0.07221359366910696,0.8559028663829801,0.10755230595308383,0.4363354551575525,0.0009082217973226717
0.0,0.39459601897271707,0.9345438655383131,0.24972267246023816,0.5196324122302544,0.5007154752421004,0.45018964323396,0.1309814362842982,0.8645243302884129,0.14250466704533832,0.4094945963180941,0.0862495860209112
0.0,0.3618194348725021,0.9340685359203912,0.2412182176598205,0.5208527612923229,0.5039801963191738,0.4455859679978806,0.07996449966718439,0.8714924588387303,0.1910563831390304,0.4308184462664726,0.045740260129914605
0.0,0.4465277496250051,0.9347001123450324,0.24870731504169866,0.5231818687566929,0.5012957815813709,0.507030939516163,0.11587900303231975,0.8804721087532108,0.2503516402644739,0.4023566134467396,0.01328732221756342
0.0,0.4185146146673693,0.9348026095313576,0.25437939228336903,0.5247352432896064,0.4991470038968586,0.5040557752479483,0.12881443680201116,0.8886889897829133,0.3047879842281779,0.4078952861010608,0.04418357145160709
0.0,0.40811610653910096,0.9350895966983872,0.26376664287890084,0.5238521226980827,0.5060369359378147,0.5251324652743521,0.13382885881221795,0.8979944140117571,0.34813892122925083,0.410182159107548,0.06113135743541754
0.0,0.470608505290469,0.9342400155157518,0.2651161869155736,0.5245453088191574,0.505580669878798,0.5580471773363883,0.1684860587234676,0.907676921446104,0.3893197828435302,0.4265211788022129,0.10060926584359263
0.0,0.4684598856772209,0.9363880962526104,0.2918610273934941,0.524416612644614,0.5021660846458313,0.5536314072119862,0.2071592337844831,0.91460482992724,0.4100124390849291,0.3964688224632563,0.1780092551233719
0.0,0.3449142579154341,0.94047680730051,0.3354963044962579,0.5192768232474465,0.5107066911875139,0.5230028740086833,0.19076991346793928,0.920137918157129,0.4138841267096592,0.3733479584156051,0.036448748414301714
0.0,0.38669072039567065,0.9457937319562326,0.3795561209861572,0.5220157770580762,0.5005498185335647,0.5985407289027186,0.2889505214111381,0.929280400833388,0.4502574690089365,0.3759303420394178,0.17973777348777348
0.0,0.3939676490858233,0.9455264248555856,0.37539184451098,0.5223546286046153,0.5000570154471569,0.6477718681620155,0.33863619554766605,0.9353244032554956,0.4756162816417734,0.4060632860863012,0.3299549549549543
0.0,0.3946973689544735,0.9451059178264593,0.3685933397869705,0.522556674639599,0.5037639293917494,0.604866867662501,0.3381480659714513,0.9383504048901591,0.5108852909125837,0.4050355454066487,0.3069095881595875
1.0,0.2935298171646332,0.9411717943668828,0.3265718407775958,0.519588491480615,0.5018583443169414,0.4609941871553699,0.3433325937430667,0.9423097861275632,0.5318405175834011,0.4086371047375167,0.2005509974259981
1.0,0.3847245307495847,0.9381762808030588,0.29278808784534005,0.5222782842380806,0.4995667982070552,0.4977296364881659,0.2669846904814732,0.9478640005749116,0.5713986829908555,0.35935914387148205,0.025619369369370724
1.0,0.468054485750193,0.934746344016415,0.2578582000520325,0.5242863814599953,0.5021282634606151,0.5949705317808616,0.446490644183122,0.9584673569295374,0.6354690214293552,0.4751096556358057,0.2700783421784172
1.0,0.466189646085864,0.9325833611462668,0.24576841172516284,0.5241369698509313,0.5119097536269837,0.5960040098950832,0.4447008357370017,0.9619795705381846,0.6693595860920043,0.4733131311011958,0.2508264570372482
1.0,0.4966757205983705,0.9321514244655772,0.25096727956473264,0.5225782494768775,0.5132893094902744,0.6048042326252754,0.4887064566230309,0.9671294106476818,0.7111562743743107,0.4756605572517622,0.07945729568882845
0.0,0.4898650018242997,0.9302300951106236,0.24449781530553416,0.5219005783476387,0.5012204044596106,0.6301087876644049,0.4855705938909846,0.9713214118514396,0.7628789460077359,0.4723610716342165,0.15756845796875402
0.0,0.5527222605099933,0.9283866724223162,0.24000343988402706,0.5225288865848478,0.5012405486107933,0.6758323648390703,0.5866577915834625,0.9752402612925511,0.8135532733047379,0.5566430795231213,0.5391184573002739
0.0,0.5653504682369157,0.9272233934529884,0.2420427501427572,0.5235037800546831,0.5085747606668989,0.6635872150614714,0.6574735596479548,0.9750037360267972,0.8394348380337244,0.6231579688263259,0.7759543486816206
1.0,0.4726557749219605,0.927176395904156,0.25407154646611496,0.5207802995613927,0.5036727439402651,0.5914316521776166,0.618038606611937,0.9713988690818188,0.8250225646647342,0.6113639347127645,0.6941106400868854
0.0,0.4923987513682248,0.9273989837877216,0.2666059766095672,0.5184316915169552,0.4906849784729075,0.6127588823529225,0.6686709562902153,0.969118865965172,0.8176933839555965,0.6602203586592442,0.6614231160004196
0.0,0.5667288279888113,0.9252006118443896,0.2615052315562497,0.5197804960784542,0.0,0.6930570000761016,0.713578877301975,0.9646939848200328,0.7929329454279495,0.6961903104313172,0.8513124721933852
0.0,0.7760976203024286,0.9248531347933128,0.2679934871958135,0.5295274209520805,0.6623537618480719,0.9975885510668157,0.7708453516751724,0.95858638457363,0.7724165449227303,0.7357706982580559,0.8047802500196558
0.0,0.6883488060972149,0.9215026064262104,0.25481918416467064,0.527067277315211,0.5574609713789573,0.9553190275610212,0.8204200872716518,0.9527090715633622,0.7515679650025702,0.7237981299003231,0.8399103040429139
0.0,0.7326995581140796,0.9190602847967422,0.2410175122652292,0.5305040245366544,0.5445751619878529,0.923194619416591,0.8268619184971522,0.948652425308146,0.7474753709964279,0.6852986038760843,0.867078379314325
0.0,0.7143552114160618,0.9185085472441544,0.24925006909290806,0.5330698101669566,0.6177162955475967,0.8999617885264232,0.8073663190592409,0.9445955063348932,0.7393558643255029,0.628954903970663,0.9296988990582298
0.0,0.6401467547735842,0.9183997672519206,0.2580281055432132,0.5269919970986479,0.5404693496526264,0.9335521914869676,0.8225057318245693,0.9396890701685016,0.7347119258130155,0.6383583639466672,0.9797005939305192
1.0,0.6618559208659345,0.9202283952480692,0.2873459916103445,0.528910289950637,0.5365412343925214,0.8799159028886788,0.7601360846091261,0.935454382072444,0.7502002745064351,0.6232223505963187,0.8838075810245403
1.0,0.583025905055337,0.9217084268665268,0.3040848989706925,0.527057655021551,0.5445319037847209,0.8407483457363931,0.6648546705125362,0.9312307901631836,0.7570928333860463,0.5337027713136232,0.8809766657646587
1.0,0.4975270604451295,0.9257569284627368,0.3422403618547356,0.5246120648423407,0.5277954981008117,0.8365097085506699,0.7661637452851127,0.9271285400807516,0.7668124868874411,0.5457876060810919,0.8966299619075376
1.0,0.4771962541046747,0.928081569788714,0.367511550350712,0.5270851719008111,0.5183037095524354,0.8102811491232237,0.7417942459877228,0.9190532726794192,0.7337204207802088,0.5753120792485822,0.9984071133089248
1.0,0.4576357076255729,0.9299830936251072,0.3928093049556194,0.5295319280458303,0.5099798421437916,0.7931353836651844,0.7234524073663189,0.9130318330052992,0.7265570214615833,0.566523466788941,0.951028817454238
1.0,0.3803056715449792,0.9331161284282476,0.4300278138660153,0.5280446245417371,0.4940201138783191,0.781024991705975,0.7308039346202206,0.9070424114215332,0.7104099089981188,0.5740219342627292,1.0
1.0,0.3208537722463213,0.9358681811679688,0.4659157648091394,0.5279943230677829,0.4978581527749082,0.7391485310891287,0.7444937504622443,0.9006595985613328,0.6949860362815032,0.5830675169226079,0.9333352229245216
1.0,0.31797543276442225,0.9353155500380964,0.4730457558227602,0.5278333397056896,0.498123097638961,0.7291415229965189,0.7426891502107833,0.8947728562089696,0.6888081236410104,0.5807904778551318,0.9813017960893028
1.0,0.32855637085985345,0.9355882206886709,0.4842760920729138,0.5285244264487219,0.4971496299110849,0.7171586088474062,0.7303601804600252,0.8890208702303108,0.6853363033573627,0.5746729632740272,0.9100743337160808
1.0,0.28714476831394176,0.9356153875268878,0.4930304350709045,0.5258239194287171,0.5037892436906171,0.7349736328084541,0.7643221655203019,0.8822572588595003,0.6735033990550527,0.5524728126281357,0.9902909904868488
1.0,0.3038877853001992,0.933792249742619,0.4927353820702856,0.5231609824643981,0.506853907287725,0.7450762492586369,0.8203757118556321,0.8741773368154366,0.6324712416038769,0.5829905688356279,0.9531652580124736
0.0,0.3838731909028257,0.9286504852119796,0.4671475105294711,0.5244716671270645,0.5033577038134266,0.7705718112780257,0.7930404555876052,0.8665053140425802,0.6031238902059971,0.6206796875431759,0.8918802075145426
0.0,0.39542708882312416,0.9226068721417028,0.4331330394475809,0.5252870680613912,0.5027515373048635,0.7430366042970856,0.7806301309074775,0.8616540041520422,0.595967828955443,0.604200032592397,0.9369595975475556
0.0,0.4134065755868164,0.9186886956842812,0.4164207089380608,0.526488719696315,0.502007903038957,0.7262414028168132,0.6876266548332226,0.8555755407754102,0.6021609191287939,0.5859200167891484,0.9704022569191108
1.0,0.4125552357400578,0.9151073386950932,0.4028075748691477,0.5265081310865434,0.5088704786627756,0.7053350419609146,0.6708897270911915,0.8514465848677804,0.6144179052108758,0.622570703738807,0.9316357799503854
1.0,0.3893055499250012,0.9117080705906302,0.3910566789970867,0.5252352693092096,0.5103407824086891,0.6349354213348777,0.5838769321795722,0.8461853456884032,0.6188271144012567,0.6123009738423506,0.6840799649788403
1.0,0.40574451696598696,0.9116980817535278,0.4009462715184714,0.5263618807053299,0.5129381645321426,0.6202117342686804,0.5562088602913983,0.8442159964577078,0.6497263651555003,0.5921101929412425,0.5251228172576485
1.0,0.3514817367332874,0.9136766167547128,0.42168629063884994,0.5226353230500371,0.5045638553735752,0.6385048000175918,0.5484283706826418,0.8446077320928074,0.679297805871445,0.6341072507452844,0.5130113332360532
1.0,0.3479142173754409,0.918775689440538,0.4628826956494332,0.5223015384475701,0.5044516497973833,0.6762063623537626,0.5671178167295315,0.8459205816643038,0.7065752197495309,0.6502409881771394,0.65491998638066
1.0,0.31011067418007904,0.9198494286865748,0.4596606037673585,0.5198170566961186,0.5043071284727282,0.7002359295570372,0.5340803195029956,0.8447595283257596,0.7173942151001944,0.6717813023515972,0.5833211732088142
0.0,0.3625694247375041,0.9182964576922812,0.4328020441027549,0.5193418214990394,0.5226874990146305,0.7329658572994275,0.5745506989128029,0.8431337143024984,0.7434268879578344,0.6573904725117052,0.6496181720900832
0.0,0.4571694977094906,0.91476718369068,0.3927911879150529,0.5214105482579374,0.5034583364507521,0.8237300580884513,0.7131499149471191,0.8405364801847419,0.774798004167746,0.7426625532006522,0.959628386594678
0.0,0.4297036526533429,0.91125795890301,0.3726044182382945,0.5234790263793921,0.5065198360898947,0.7928166891399422,0.5955180829820281,0.8328772745362567,0.7568378501405033,0.6925557354826936,0.8860370296103192
0.0,0.4017107876920587,0.9086892386407216,0.3693918534487092,0.5219739480982425,0.5105600346515249,0.7164256114393488,0.6255380519192371,0.8304208940963862,0.7626891938005433,0.6811072320139945,0.9600628300247316
1.0,0.3899136498155432,0.9057654839185822,0.3731758721586611,0.5213653777465892,0.508605686782868,0.6720952029781363,0.5983433178019376,0.8260905752781096,0.7592585837042689,0.7017671872999766,0.8817749492971524
1.0,0.4018526776665183,0.9023174639302336,0.3692713709688311,0.5184250791746183,0.5083306091360904,0.6776723571698775,0.6128097034243032,0.822833058849679,0.7759377750307401,0.6728157387538778,0.9362141408287464
1.0,0.44419670004459394,0.8979859031504442,0.3530179834568812,0.517448401369805,0.509878711439789,0.6847792450827823,0.5701575327268694,0.8190197301552955,0.7847695360901157,0.6312405310887711,0.7672060753051562
1.0,0.4950541208902581,0.8939519982739204,0.3302343393002515,0.5170213466486961,0.5098125830124391,0.7055899975811083,0.5707196213297836,0.8161105788631888,0.7804093036528299,0.6320004920234938,0.7905848674008985
1.0,0.4905339117038962,0.8906274549031947,0.30868479495386514,0.520450747002281,0.5174347706488465,0.6998216266742218,0.6213297833000516,0.8129332774717672,0.7790900962639051,0.6822286083862201,0.7314222098524905
1.0,0.4708720152430375,0.8857034456883053,0.278732809838684,0.5194352784933995,0.5010879357128162,0.6424884815831213,0.6085644552917681,0.8094334309754299,0.7703770670617154,0.6713719465247588,0.6533736233151753
1.0,0.4896623018607858,0.8848142455565247,0.27709042223312785,0.5212045553193027,0.504834085338333,0.5491428551396345,0.5488869166481769,0.8089868413648118,0.8059440346547709,0.6071071068235205,0.3633258618849397
1.0,0.3947581789435277,0.8872520421469683,0.30350038535682256,0.5145281597619846,0.5074385007627961,0.5519473669617668,0.4929738924635749,0.8108468727976899,0.8513247668957573,0.52829349904442,0.3682712491550128
1.0,0.3644950743908868,0.8910936506808245,0.338963867682063,0.5123618396278387,0.5050390427508227,0.5968514255684156,0.5655129058501587,0.8130328089626107,0.9062476357432052,0.569397939384487,0.5095883587718352
1.0,0.4177848947987191,0.8955315410374385,0.38106003276181744,0.5120404935366828,0.503951499623438,0.6103959428912159,0.6181051697359664,0.8117741825237106,0.9504725168740636,0.5930165694712118,0.6802220087522673
1.0,0.2706652612802533,0.9025632479556868,0.44796328751998427,0.5064969089366181,0.4983883129993079,0.560137816260496,0.6554322905110566,0.8088814027625209,0.9609695721602602,0.5826900991314816,0.7125630571487787
1.0,0.1342684558316784,0.9117323150091048,0.534094532691346,0.502164172866465,0.4960478769375335,0.5445217845236201,0.7017528289327717,0.8051359488162293,0.9653627082654632,0.5819447703814165,0.7861860908224834
1.0,0.08845826407751264,0.9160947228911454,0.5825804708991362,0.5030917880483188,0.4954989045480314,0.4745045973278737,0.7108128097034248,0.7992627639742649,0.9304957851268424,0.5901282507606921,0.7383639509020521
1.0,0.0908703936433299,0.9164446232440616,0.6018854434756311,0.5032115432086944,0.4943499391710959,0.4628403777040038,0.7999186450706313,0.7954739546740901,0.9389621822957824,0.6028244236154822,0.7998795798675384
1.0,0.07062066728828018,0.9168705225552524,0.6120650759713075,0.505741564285221,0.4961042100178896,0.4600358658818707,0.7876636343465724,0.7921003899311554,0.9563260911480138,0.5733965259571362,0.8835617845913568
1.0,0.058945149389873414,0.9172784685194116,0.6213046767824011,0.5087359672361917,0.494769448921927,0.445120962100528,0.7625101693661709,0.7877437891863956,0.9969462185040529,0.5272149503642243,0.9148599494461678
1.0,0.06837069769327445,0.9161385894846504,0.6058987811568965,0.5092790780342331,0.4928599459169672,0.442667014256162,0.81213667628134,0.7799557882082382,1.0,0.5581244195644273,1.0
1.0,0.0653301982405648,0.915306783458457,0.6004067477547195,0.5090113631392269,0.4857676693718061,0.4033082403887309,0.8544782190666376,0.7714321997123585,0.981718252016592,0.583751933567645,0.8772865527138758
1.0,0.08864069404467509,0.9140881972026844,0.5912499743277928,0.5104628177727288,0.4913108461349997,0.4555104036234289,0.8740551734339176,0.7670314138677989,0.9575960168657374,0.613947009105651,0.9504410212370052
0.0,0.12498479750273656,0.9118696914637764,0.5771413440025548,0.5089252398077061,0.4919719389247688,0.4743771195177768,0.7888617705790995,0.7616542934730803,0.9250367284863056,0.5573360206626112,0.9559843400447432
0.0,0.15291685247496709,0.9085485314241349,0.5519182068529462,0.5105724874158234,0.4958700090561721,0.4524509361811029,0.8516012129280381,0.756325821948107,0.9077656822167957,0.5330125410979605,0.95909768829232
0.0,0.187578546235862,0.9065041022566236,0.538737671280219,0.5089656598829158,0.4963017246644527,0.4829500022467965,0.8640115376081652,0.7486278126108361,0.8637121442328562,0.5393669653842977,0.9592917362975756
0.0,0.18007864758584413,0.905308839935386,0.5355654906612606,0.5122141483270655,0.4901934578405174,0.4811334434529153,0.8499223430219658,0.7412936716016005,0.8288301003609693,0.5829639819407041,0.9445706667668092
0.0,0.19497709490412296,0.9047297920974152,0.5353275475049042,0.5131041303477766,0.4943343761855686,0.4777871509378698,0.8843354781451074,0.7349592284097948,0.7969430607377048,0.5448887782496776,0.9847683274228232
1.0,0.14347103417521373,0.9023932670179023,0.5188483499976406,0.5099313643414889,0.4925824978474712,0.3966475248111651,0.7832260927446199,0.7272739503101866,0.7740954592870397,0.5310378322515632,0.8373561792821846
1.0,0.1817002472939561,0.9009186834996494,0.5074909788620755,0.5085675011798141,0.4938729133405734,0.3974761305767959,0.7847348568892836,0.7223695172356823,0.7802109998505571,0.5318526072391608,0.8328340552195239
1.0,0.1927271253091177,0.8996266008210139,0.5055672026573892,0.5055476480459252,0.4931772445095578,0.4087260473178512,0.7957547518674658,0.7150142981080749,0.7745053560174604,0.5375803261028925,0.8116926482092777
1.0,0.22177403008067514,0.899902291301897,0.5160619835851048,0.5073403839849933,0.4926275582262642,0.4628403777040038,0.9046372309740408,0.7071164467757621,0.7370156060807775,0.5643058236249588,0.9585948978228932
0.0,0.2776381400251348,0.8997951063854348,0.5317154419796861,0.5107357754445229,0.4940287698857236,0.5551980511192388,0.8748613268249394,0.6949194804357028,0.6741932421714039,0.5530704776593676,0.9824309721652952
0.0,0.2644018324076707,0.8979161035367285,0.5332207114951264,0.5099634578947426,0.4876961980961138,0.5218944732314128,0.8979809185711116,0.6823138580319159,0.5671689739667771,0.5646605876845664,0.993641640571298
0.0,0.2476385454250619,0.8957082327073269,0.542080109005644,0.508982027972555,0.4922173595959275,0.4492321214761544,0.9845203757118558,0.6725138654778648,0.5167147170918793,0.6036185309034658,0.9712132279699844
0.0,0.2709693112255245,0.8926125886354079,0.5332489560680491,0.506740986646895,0.4902340119383832,0.4724012134612746,0.8161896309444565,0.6630622474172148,0.4696198548321775,0.5124633293131329,0.962203860305984
1.0,0.2515303847245309,0.8889852907872413,0.5270134508574511,0.5055877803285052,0.4778679177906034,0.3834854409186561,0.8031876340507358,0.6574659664555011,0.4727883923082806,0.5082963553221135,0.9848906208484638
1.0,0.2350711476871934,0.8862433488066461,0.5168352699884533,0.5045756679470176,0.484947139613581,0.2944740600184649,0.7343317801937725,0.6495661192653437,0.4553438322773919,0.4808275601150728,0.8
1.0,0.2497668950419589,0.8856607648781938,0.5158320075360251,0.5055345458012873,0.4881710120371428,0.325706123492216,0.7708083721618224,0.6448676195969316,0.4396736675124479,0.5089784232221323,0.8900516913031652
1.0,0.28503668869339616,0.8870122907497233,0.5132756623084449,0.5078014897950645,0.4856706677711317,0.39470348820718704,0.8330227054211969,0.6352369636452586,0.4073283242858366,0.4950439065982821,0.9793597533327294
1.0,0.2380913771435525,0.8881229842445246,0.5120595884600545,0.5084787522069598,0.4847697081637721,0.33890007683724993,0.9046963981954,0.6242545259812617,0.3546704965599685,0.5306200806673516,0.983891658114646
1.0,0.23282117809218855,0.8892949163898669,0.5207471218006194,0.5081252843019949,0.4879314223886136,0.3402067243907439,0.7578729383921305,0.6167622577097298,0.3296019351605704,0.4971696802356238,0.7811755509231684
0.0,0.2170713909271503,0.8902316562253116,0.5367070369463511,0.5108060488722956,0.4871454519500955,0.3217861808317357,0.6994674950077657,0.6170666911629206,0.3425946631016312,0.4532293035576046,0.786982578916021
0.0,0.26969230145538603,0.8915105457249466,0.5491352938558804,0.5142097799466179,0.4939383119727839,0.4131559012187196,0.7362473189852822,0.6178857213472506,0.3424877869187598,0.4754140561893678,0.9670562835020842
1.0,0.2405035067093689,0.8926837655640212,0.5589615137240052,0.5160189855904079,0.4961422857533821,0.3870866890538944,0.5894904223060425,0.6132602937095553,0.2987735330689682,0.4468572987343766,0.9601777699551176
0.0,0.21026067215307945,0.8927010357659281,0.5642744316566701,0.517757839716449,0.4911795511620198,0.3564601451781039,0.5890318763405075,0.6121686292351649,0.2928050813576341,0.4469243428916176,0.9050779510022272
0.0,0.2307130984716425,0.8911808184737333,0.5550084113856439,0.5190943683118722,0.4633699421750946,0.34689930942083325,0.5354929369129501,0.6111303390701976,0.3036599262867288,0.4185667279781891,0.9300445434298444
1.0,0.18922041594032532,0.8887590390030518,0.5425142826767664,0.5163217464361507,0.4854861343243049,0.2353562255860075,0.4436358257525331,0.6103766447847874,0.3287090374246249,0.4258950706479193,0.8232770883942837
1.0,0.2278144889933921,0.8876249540321364,0.5354627096465387,0.5152243571057398,0.4893601483844471,0.2766590360574173,0.4760150876414465,0.6090479232256021,0.3047205125114624,0.4406289133486939,0.8384339136544614
1.0,0.2622329427980705,0.8877450199159094,0.5580630575665781,0.5138395085936746,0.4896727678417045,0.3224235698822199,0.5112417720582796,0.6039779595566563,0.24493082083815004,0.457308940901581,0.7979168621563288
1.0,0.2614626829367175,0.8879552928486769,0.5670834872944781,0.5137752010286664,0.4889345702917807,0.33141075549405485,0.5054359884623918,0.5975368616077403,0.16353532178382027,0.4545951107433999,0.749160176409871
1.0,0.2742530506344507,0.8879596657975011,0.5667351149332853,0.5109315580482556,0.4914066630707822,0.34326619183306994,0.4855927815989942,0.5944928160487617,0.1391766879082536,0.44483597019264093,0.6173594820305899
0.0,0.26484777232740153,0.8866967611863261,0.5282184020791569,0.510337971795815,0.4913697705269293,0.3131495591976676,0.3702906589749277,0.5936033513222354,0.1428485156942838,0.4445954196707744,0.5833911982734351
0.0,0.29322576721936194,0.8847026187809808,0.4910579214945496,0.5085582161213977,0.4466980964850823,0.3200014914903779,0.3334368759707121,0.5971903389877982,0.1855177773398051,0.4247663594191852,0.4812799099183637
1.0,0.2131998216240324,0.8824257038230123,0.4629504985652897,0.5030668720158896,0.46073408584752396,0.15236817121289725,0.09010428222764556,0.5991816563492591,0.18823969347952152,0.3530415974934084,0.14768271219933976
1.0,0.2880771881461065,0.8828514810385419,0.4806028903125677,0.5046104969199345,0.46334023195001295,0.24545884203619045,0.2834109903113675,0.6071203277230974,0.2265357764330248,0.3919198943865884,0.401064709380757
1.0,0.2416183565086963,0.884838569216065,0.5147470241575021,0.5050363219923437,0.4688789565323148,0.21448173418263308,0.3134235633459063,0.6067192613698198,0.2293892681090463,0.4086907176547804,0.3682530933143797
1.0,0.22260509993108227,0.887705776390419,0.5453401582629163,0.5036815711124263,0.4563620497137745,0.21996328001680174,0.267176983950891,0.6065614444501006,0.24945968211772346,0.4359746232685392,0.3365729122847736
1.0,0.232760368103134,0.8916027148088728,0.5606764680225393,0.504388881648674,0.4631546000058745,0.23978607948687655,0.3460468900229274,0.6086492484621975,0.2633254843543303,0.4306056966362977,0.3370515963387923
0.0,0.1700044593991975,0.89523280839902,0.5722536971581562,0.5037801100622173,1.0,0.22369200596213687,0.31884476000295825,0.6086633298410613,0.2319569387681427,0.4650454058630686,0.2864561423867476
1.0,0.02426318563262686,0.8976333569910979,0.5721332834289659,0.496804139762791,0.5495641674487013,0.02234080491401451,0.23359218992678046,0.6121933629080699,0.23141064220387844,0.4021409561916625,0.002117313785903468
1.0,0.06899906758016823,0.8984326529746376,0.5684913799867586,0.4962743927323686,0.43670863764558576,0.032425463336019165,0.28338140670068784,0.6220990870305123,0.230466103257186,0.4243841225639508,0.02091396975117926
1.0,0.1438561641058907,0.898294016297327,0.5578474880360187,0.4979137788787758,0.4629980687107585,0.12874056726515756,0.3807410694475261,0.6319376923965894,0.25702330183140554,0.4294914113646137,0.08375625572707363
1.0,0.1712206591802818,0.8977165880620961,0.5474759240204281,0.4961653180827421,0.4641373138744849,0.1673822534478273,0.3949633902817839,0.6416987176336735,0.2747716734936171,0.4372514644957389,0.046088991084755136
1.0,0.21903758057323575,0.8974578331319785,0.5343493088095042,0.4958526702710613,0.4565461078839085,0.1932409575852201,0.3688558538569631,0.6517141989117088,0.327495680114992,0.4269861141844147,0.12978102189780946
0.0,0.18054485750192592,0.898219754393861,0.5392385406550018,0.4968105489519391,0.4970339114396519,0.13547358834244108,0.3349530360180457,0.6566438094747775,0.3370472867308489,0.4560946712659299,0.0581995133819942
0.0,0.20786881258361406,0.8995162562550909,0.5526102957363492,0.4987548731265206,0.5110737329481836,0.2202380952380953,0.4831373419125807,0.6608862865866267,0.3300213485399396,0.4905655001739478,0.25577517288734153
0.0,0.2765638302185106,0.9008201805007076,0.5684684720686615,0.4999030307236337,0.5072844018453937,0.2912438199323443,0.539997041638932,0.6613114919002092,0.32017349182169696,0.5226190050732307,0.4588013144342538
0.0,0.26634775205740474,0.9007663323037458,0.5715282570513738,0.4991550185500816,0.5108045535051704,0.2918618266978923,0.569255232601139,0.6630380124654864,0.3425288043185037,0.4888779390122708,0.4823924665260678
0.0,0.24275347630437466,0.9019357553802654,0.5911956871416361,0.497528435015163,0.4888237051370885,0.2525696070778041,0.4277864063308928,0.6654700038201964,0.3883621069149139,0.4624812165557535,0.3547746333807445
0.0,0.21960514047107493,0.90313516356942,0.6152087106741702,0.4995973596487958,0.5089743127499969,0.2250195160031227,0.3530064344353228,0.67110889989593,0.43159646236747257,0.4772682396788946,0.3103143852077098
1.0,0.19899055418170036,0.9053472280541144,0.6434335950267125,0.5018319664800671,0.5173638271556162,0.20355191256830574,0.3130315805044004,0.6746222955638121,0.436514948647556,0.504931092296189,0.20388444749619852
0.0,0.241415656545182,0.9069449237430018,0.65315070207364,0.5048032682736874,0.5102384922936052,0.3060109289617484,0.4712817099326974,0.6779826890573066,0.4167120884964091,0.5348319248785527,0.5418117612438078
1.0,0.2217334900879719,0.9070765733644022,0.6533951470562969,0.5034345910178416,0.5002895387999297,0.2552367941712205,0.5070408993417647,0.6764591599476497,0.3672679921608518,0.553765614095265,0.5305802148217177
0.0,0.3506506668828798,0.907146085842856,0.6492371715745804,0.5087506846367301,0.5047480717014865,0.4305230288836842,0.6209082168478667,0.6767320548084619,0.3474003537593604,0.6163593494635969,0.9431065770758748
0.0,0.32223213199821665,0.9063957253580766,0.6544770267120508,0.5104310931625321,0.5153394543712251,0.4086976320582879,0.5309740403816287,0.6699100889604503,0.2785585727787563,0.6161541998903295,0.8336486523539258
0.0,0.30591478493533875,0.9065023662990516,0.6630359702598712,0.5093683203612321,0.520354253769551,0.3596799375487897,0.5677316766511352,0.6641091528804881,0.21580529297304074,0.636159786685982,0.6603602862548338
0.0,0.3010094458183001,0.9054351694804096,0.6660356341211079,0.5090350336416494,0.5140311098727735,0.3506049960967992,0.6595222246875232,0.6578827351003679,0.14419606073331115,0.6363497960098807,0.7719283814537592
1.0,0.2403008067458551,0.9049809934630264,0.6643762839477261,0.5047092332585766,0.5007243440103635,0.22209211553473834,0.6368685748095555,0.6521540232102141,0.0967627269950655,0.6272346175281759,0.4805077311108677
1.0,0.247537195443305,0.905111609646854,0.668069786169025,0.5052488266613195,0.44431507045013496,0.2339968774395005,0.5993861400783964,0.6524884324603881,0.0877539611519384,0.6034555589794611,0.5586429193233423
1.0,0.19406494506830985,0.902559507489388,0.6483976020716704,0.5049693867089498,0.4937907020278767,0.14994795732500618,0.4684342874047779,0.6522092833787636,0.07750306870218943,0.5826656712083741,0.3793614568383416
1.0,0.3067255847893952,0.9003543561563925,0.6318756955205085,0.5099040730127552,0.4507659153152045,0.1933060109289619,0.5679535537312329,0.6577297671660916,0.10495978766129266,0.584011860980483,0.4123473637155032
1.0,0.2803340495398713,0.8976207431238059,0.6060462860664437,0.5116708216266302,0.4731371010197361,0.15108639084048933,0.3734708971229935,0.6607320120240441,0.10412336289834184,0.5464276266869319,0.29576735759828743
1.0,0.2802124295617631,0.8982412120124423,0.6066413400372046,0.5116793439962547,0.5166586152015796,0.15841615718575308,0.3964055913024183,0.6683663353416059,0.1347987441294703,0.5050873379371815,0.3611509775780535
0.0,0.3689950135808978,0.9004790898386266,0.6232491982166823,0.5146723781839424,0.5158862198622581,0.2900814352971114,0.5242807484653502,0.6725011287138489,0.1362694312692771,0.5129859314336837,0.7154083241182984
0.0,0.3350427696923015,0.90215529861218,0.6346966606781432,0.5119082495824998,0.5060949262091186,0.29892479959282325,0.515723689076252,0.6729056280213173,0.1385946334173953,0.5087659398299347,0.7540408912312082
0.0,0.30820529452304696,0.9049528447730416,0.6545856769990599,0.5099995028381444,0.5041683274987151,0.2465326377401701,0.3602026477331555,0.6731176964178556,0.13928591175342284,0.4820840402208539,0.4793308707620642
0.0,0.27271253091174474,0.9062502387295172,0.6640160098784855,0.510972922414106,0.5083548365645137,0.225505789540654,0.3624731898528216,0.6755633605875444,0.1490153282671242,0.4831373803774273,0.4774311090867688
0.0,0.2790570397697329,0.9077889737847132,0.6855993748525335,0.5077524113515396,0.5157994583385761,0.2299274716885095,0.4305672657347829,0.6772902507835981,0.13476436148106047,0.5188992294050627,0.409246185379185
0.0,0.3384683990756883,0.9083130220656086,0.7029648128940921,0.5085071454154396,0.5111707040807282,0.31791576536454996,0.5023223134383551,0.6784221070993364,0.11108832905872773,0.5519389104124685,0.7263493509451144
0.0,0.3771638221105125,0.9084339217939216,0.7105155511848957,0.5077008167403079,0.506034852131636,0.3739343427917039,0.6270468160639004,0.6774364337762253,0.09137381834122517,0.5630699853285388,0.9153268048280568
0.0,0.4092512263347795,0.9084551092281417,0.7130636314792429,0.5063947303305452,0.520457253681184,0.41722865504517104,0.6114488573330377,0.6747298351534898,0.07386872241973974,0.5543604067316535,0.9395809610567064
0.0,0.3308671504439131,0.90697122801176,0.7088410442310291,0.5025469273763138,0.5151243449577948,0.2942168214785593,0.4367206567561568,0.6729348043928223,0.06503604856889439,0.5234290990187134,0.7661125028467315
0.0,0.33899541898082497,0.9065467705780126,0.7132732217919167,0.5033302235442949,0.5168048391954547,0.2501908639776052,0.3859034095111308,0.6745607266558578,0.06895431501044152,0.5498057387515051,0.6126564222265446
1.0,0.3617991648761507,0.9063866840998248,0.7149264248721865,0.5050464897467131,0.5207104914525507,0.3003244687619289,0.3576288736040233,0.6764620391574674,0.06804198004250689,0.5388785840046598,0.5945325292543635
1.0,0.38847448007459373,0.9067902117012174,0.7213629723849888,0.5070887285877879,0.5186234224180037,0.3464181193536072,0.3421492493158791,0.6792108628774765,0.0695620352553436,0.5336975679219442,0.5822934928328343
1.0,0.4149268253131714,0.9051564721212136,0.7033542951965903,0.5054383815989213,0.5091397326078547,0.3610510243033461,0.1942755713334809,0.6795819826548826,0.04404451510131169,0.5153297546706406,0.35770954409412725
1.0,0.3689950135808978,0.9037701274779252,0.6905250934092799,0.5022684695731725,0.5143212736586102,0.2467229193262135,0.14586938835884894,0.6836360316441865,0.030404343469022318,0.4796945850023571,0.2106329188781623
1.0,0.3282928609072853,0.9032101726750048,0.6754732468840489,0.5027781345759464,0.5232416088910458,0.21213516250805636,0.07951334960431877,0.6896142810268633,0.02769496526390114,0.4851058356052829,0.09836669170385423
0.0,0.4370008513398469,0.904854882837898,0.6917382934326051,0.5076622490514869,0.5187540949467773,0.3682145192936559,0.1177723541158201,0.6990530845236662,0.04412824712316349,0.5000298656309519,0.10256126482213493
0.0,0.4645477763814002,0.9046989727043442,0.7033616649159007,0.5097060214216338,0.5274042261090777,0.4298764757655767,0.20804674210487376,0.7070320535490724,0.058842388134596864,0.4865803075399328,0.2091458972230224
1.0,0.3884136700855395,0.9042691763375874,0.7149618470419146,0.5040969213244302,0.5232969575602846,0.2888403289932922,0.1326529102877001,0.7123609279533556,0.06260305017628638,0.4070222563412821,0.004913505362498248
0.0,0.5155065472088218,0.9021234935102324,0.7033489197983183,0.5105861281830498,0.5250877505130098,0.4744410372443362,0.2762443606242145,0.7233778029388434,0.10807448034652156,0.4778783118057048,0.2316228601960505
0.0,0.553877650302023,0.8996707287842998,0.6866367002057651,0.5139461033601307,0.5224843501853246,0.4847635125468536,0.2562162561940682,0.7278127812147093,0.13237383638474026,0.5229170226109794,0.19765116378026487
0.0,0.5477155714111974,0.8983466521212613,0.6788789639646675,0.5135879279354613,0.5244125820849593,0.4772676246070948,0.24794024110642696,0.7328316256930241,0.15962395044063155,0.5120366383760219,0.1501425471256546
1.0,0.5147768273401714,0.8992609565118361,0.6900647998545097,0.5144929276798167,0.5217790686635579,0.4725695562013346,0.2575918940906732,0.7378498851603803,0.17951635966517626,0.5179455333924333,0.20969320454448734
0.0,0.5662423480763774,0.9005425714831621,0.7046549152487482,0.5185110994805414,0.5257175708824497,0.5534569409579321,0.3676059463057468,0.7427148199074136,0.1972747064545175,0.5455509299659576,0.4086634611293145
0.0,0.5773908460696477,0.8998503542701177,0.7025091772777667,0.5156966232834193,0.5255896916056045,0.5684189268849442,0.3688188743436137,0.7436480395288441,0.19272739031889652,0.546367061078349,0.41470575720182135
1.0,0.5369319333522522,0.8981629104112043,0.6917688383560998,0.5130357183317278,0.5299044809473916,0.4849152385782681,0.3031210709267064,0.7465785661720616,0.2036353209091082,0.4638705909103169,0.15512105867835474
0.0,0.5880325941541331,0.8973105593051907,0.6855360603833069,0.5135909686080176,0.533253218105327,0.5342434617620422,0.2888469787737593,0.7539551969366722,0.23071288730011086,0.4565867321631771,0.24494702353091385
1.0,0.5163984270482833,0.8974590677028536,0.6876823012188125,0.5117201585611053,0.5257999155270779,0.4530290390616846,0.23263072257969056,0.7604614165653432,0.24653115843257886,0.35858006335178344,0.06269945959746448
1.0,0.5094660882961044,0.8994204888060986,0.7005731522393948,0.5109974704612658,0.5351648424314006,0.4568989880628427,0.2973300791361587,0.7702871192963292,0.2781124714429196,0.3915987541857184,0.0010019060651968491
0.0,0.5960189727165851,0.9006202656217674,0.7120074783609459,0.5177319920730103,0.5351366404158154,0.6013679997187475,0.3935581687744992,0.7800570717879289,0.3065640262064282,0.4661115786159439,0.08976798653297308
0.0,0.6254915474115218,0.9004726726784482,0.7149348104182882,0.5164691902726871,0.5398102113658783,0.6306651488472322,0.3980400857924709,0.7857062505732109,0.3199551031093827,0.4704673719159299,0.14751518700139055
0.0,0.6564438318401102,0.8991875156458067,0.7108526304736866,0.5153177661109464,0.5350285741056596,0.663123664765395,0.4495969233044893,0.7911544321218527,0.3256333264497091,0.4763968707627438,0.16492364645996996
0.0,0.6789840677828678,0.8987247130225344,0.7102751493714479,0.5134581565642861,0.5295873809135984,0.6883055864349019,0.4836032837807851,0.7959143894084619,0.3329209648503891,0.5152819365741238,0.3238399634724033
0.0,0.7316455183038068,0.8977658394152945,0.7091691176284789,0.5173272415380292,0.5300604003535178,0.7822199826179331,0.504171289105836,0.8000429777897291,0.3529764154282741,0.5415338597789385,0.8206152616859803
0.0,0.7397129768516645,0.8964653631088042,0.7085122734664167,0.5181686986940233,0.5308775934393951,0.7716185026077191,0.4484579542933215,0.8016037042470456,0.3731569676592758,0.5229035089995381,0.639603457041182
0.0,0.7426115863299144,0.8953567532322081,0.7112032788477185,0.5146795547208884,0.5380737359048708,0.7740440340239374,0.4399822498335921,0.8029643286162005,0.39032412377132375,0.5142162597276443,0.6527116587323821
0.0,0.7183686706936392,0.8951240216452785,0.7197121533619479,0.5160162232640102,0.5319177820472238,0.7700923255368393,0.4471858590340949,0.8036361725132659,0.40826230418491705,0.4732167932418301,0.5805652981225484
0.0,0.7123484817772732,0.8940256946749858,0.7269549249464526,0.5153887855359851,0.5407320380232649,0.7708554140722791,0.40378670216699897,0.8035642111333974,0.4150055442827158,0.4733887483111862,0.4633578906552918
1.0,0.7089228523938865,0.8914346109751838,0.7206228592859416,0.5155795116884373,0.5438916547471859,0.7346087086388978,0.40137563789660535,0.8043944744765399,0.4286945768442677,0.4688739686703083,0.3711059619699159
1.0,0.7245510195808168,0.8881121460437285,0.708527871583994,0.5169304325599182,0.5489092019075955,0.7341454048852385,0.4241624140226312,0.8046693482899205,0.4180565040748844,0.4450857736165639,0.441943433005994
1.0,0.7109498520290266,0.8858985413956773,0.6984070445904265,0.5162886780410955,0.5459808839924096,0.6993523768575496,0.4717920272169219,0.8035573844149557,0.3914242158695857,0.4550797347940324,0.5296995108315873
1.0,0.6910649856083024,0.8850060443342096,0.7043811821926154,0.5184743884330075,0.5454001330748581,0.6793593636632356,0.5101397825604612,0.8015502136140908,0.35690453632757124,0.5004929661995705,0.4887270587369891
1.0,0.7175376008432318,0.8852846395729532,0.7350422018896716,0.5203549540702987,0.544552196357886,0.7316260446618115,0.5242437689520008,0.7999671354831479,0.34123017973106234,0.4659582807898837,0.5436757512229227
1.0,0.6709368792313617,0.8849416913361456,0.7649431043831951,0.5204561989553254,0.5468697063926972,0.6851369145191195,0.4966940315065456,0.7981636951817346,0.330255273536477,0.4344580585958861,0.34054213100886405
1.0,0.6608424210483641,0.8827371535851884,0.7769715861279936,0.5198243393391954,0.5442709482744665,0.6658963265525485,0.5265069151689962,0.7982626744678525,0.327896653067966,0.4180285306195371,0.3449556806061269
1.0,0.6856731665788299,0.8805865423582193,0.7736881108801241,0.5222868520628733,0.5477653852065597,0.6463332706312308,0.5035500332815626,0.7985693172610533,0.31629749371515625,0.3927648396001675,0.22292103424179086
0.0,0.7116998418940287,0.8787871513457721,0.7693201761895492,0.5242055945092023,0.5465172068329693,0.6956871580302542,0.5465572073071521,0.8005561291185004,0.31354306434426144,0.446397826739767,0.44918901026150265
1.0,0.7171322009162042,0.8796691362983629,0.7863940647063061,0.5245887890340161,0.5483014141645944,0.7068447591460145,0.5513497522372605,0.8013824621988709,0.311485648706106,0.4521452329209159,0.4136967155835093
1.0,0.662099160822151,0.8795620151815575,0.7945530639206249,0.5233425278770047,0.5496268441069239,0.6785752601652181,0.4711411877819681,0.8023875939312384,0.3167689551781479,0.4000426217168635,0.2086873367906128
0.0,0.7119228118538939,0.8795663033858432,0.8063881468261336,0.5237696592302921,0.550123760325394,0.7278993670207058,0.496339028178389,0.8062041575408878,0.34146150897400834,0.3817656217217463,0.2592503700147988
0.0,0.6799367576113837,0.8772521958185611,0.79888225539987,0.5252096106019486,0.5529418402117998,0.6878553803239993,0.4954958952740184,0.8093195115488994,0.3603922022179286,0.3807719150344308,0.2981319252770103
1.0,0.702983743462926,0.8751046468512609,0.8042408785582043,0.5234907241153828,0.5514896107895185,0.6946411329256514,0.4377856667406255,0.8130807897864307,0.3942148647326886,0.3623563449228701,0.22924916996679684
0.0,0.7291320387562331,0.8741635254555811,0.8165012399811737,0.5220065807532321,0.5484070850687973,0.7118066731037441,0.41831225501072383,0.8177727833121868,0.42672614179965707,0.3449493497982661,0.29329173166926586
0.0,0.7263347792597395,0.8741638239122003,0.8400273174875212,0.5210196335388624,0.5380659511497385,0.752333440617959,0.4642556023962722,0.8212837960370023,0.4561993221669629,0.34380527140619177,0.5302212088483514
0.0,0.7427534763043742,0.8746352487610145,0.8553678333391386,0.5221641834358539,0.5597274141633813,0.7850820727389762,0.5141705495155686,0.8218279672484661,0.4571392692755509,0.3548517896149413,0.7596703868154726
0.0,0.7811245793975757,0.8736130023806739,0.8634913579559882,0.5251827991687376,0.6276580979865026,0.8400386224654005,0.5518674654241554,0.8201451564266597,0.4623768642326964,0.3520952432004719,0.8616744669786793
0.0,0.8269347711517414,0.8715343357093381,0.8665942144452801,0.5288564498782528,0.5837229322436118,0.9007617208454028,0.5553657273870277,0.8168237758929053,0.4665618538087319,0.35628067207359576,0.8261130445217798
0.0,0.8587586654234406,0.86960809777115,0.8802881230566524,0.5277562582417238,0.5892437024276522,0.9281461216607662,0.6124916796094964,0.8140710806318958,0.4642222065052735,0.3756436044857636,0.9760390415616632
0.0,0.8057931649572302,0.8674301245787128,0.8884442161641539,0.5274058174139138,0.5927168610311572,0.8777491685441473,0.5955106870793581,0.809379662911063,0.4504210013129185,0.4131256760448577,0.9684469103384024
0.0,0.8290833907649898,0.8658566901851683,0.8970852689280144,0.5255832486282038,0.5691855562420087,0.905669992490076,0.6033799275201539,0.8066195166905656,0.4434641390284444,0.4221869298314393,0.9542457805907181
0.0,0.7916649775003041,0.8645713523405429,0.8987997613661247,0.5231561228999172,0.5652262263898613,0.8533150949468941,0.5223060424524816,0.8045225682166066,0.4551991194161914,0.3647479549838247,0.8311132031066125
1.0,0.7340576478696236,0.8631451225817628,0.9036778030840784,0.5219871720679038,0.5593425958514168,0.811500911919322,0.4361733599585832,0.8041030566540182,0.4591830713819946,0.30778252103981546,0.4880333433592581
1.0,0.7470507155308713,0.8630548962745084,0.9204251950942389,0.5193855870597911,0.570082665665729,0.8130833601544897,0.4394645366466978,0.8040980660342558,0.4586174529046753,0.3123352268650258,0.4702874575688567
1.0,0.7123079417845708,0.862197914394107,0.9371672233685509,0.519808764832846,0.563014238515762,0.801442978221221,0.4662007247984615,0.8037635221801421,0.43160647482990655,0.3480996855989113,0.3930305504232352
1.0,0.7139700814853855,0.8642441276029458,0.977698324998197,0.5197837065211521,0.5626751566269821,0.8136197832850552,0.4189187190296578,0.8039510722011819,0.4146562299506157,0.3353653340461253,0.22498173849525105
1.0,0.6422548343941299,0.8648293514106653,1.0,0.5167823134100512,0.5699501929882881,0.7972588778028105,0.4190962206937351,0.8069160170824401,0.4051446529362667,0.33556114245260377,0.2157865337515552
0.0,0.6679571897677058,0.8651019969346692,0.9993405086331186,0.5151475032197211,0.5720140350343712,0.8192790473125199,0.4089712299386137,0.8102691111975981,0.41522808501241787,0.32656491296045315,0.2194675613263032
0.0,0.6878420561884301,0.8629272077374252,0.9772195928937656,0.5130223544477941,0.5970809294890289,0.841165111039588,0.3752089342504252,0.8136144273625279,0.42374598181657774,0.333613270703019,0.14918739924186594
0.0,0.7392062269428795,0.8605189285079762,0.9570273149062468,0.5170662458197104,0.6344384303287205,0.9106855487608628,0.4274831743214261,0.817113532788903,0.4345018228395969,0.34460601678721986,0.1728459530026113
0.0,0.7317468682855639,0.8569984391439813,0.9495391189951384,0.5167793245758913,0.6202544942537515,0.8852054500590065,0.45362769025959604,0.8186720705724595,0.4309775681242387,0.3817924520252608,0.14905715114592213
0.0,0.7618680828637451,0.8536073920401321,0.9410801250820928,0.5155611397854512,0.6366503891198875,0.8955852376354467,0.4542933214998886,0.8208956648699497,0.44176834746842697,0.3826158143710866,0.21206846533216936
0.0,0.7841650788502859,0.8499484047415979,0.917747500648967,0.5172979133653007,0.6000067040432228,0.9276365196867288,0.4907773093706089,0.8221380357599499,0.4454895353253029,0.4239514924529144,0.5648970118944008
0.0,0.7941581870515262,0.8469072911918691,0.8932274526359045,0.518267861009072,0.6528443430192818,0.91924149769338,0.5928629539235264,0.8221063027998896,0.4525274632324541,0.501419316236916,0.8105599071656528
1.0,0.7854420886204241,0.8426576321504249,0.8575901245220541,0.517746321654745,0.6435196083010297,0.9045166827593604,0.5521780933362915,0.8196633995315259,0.4408607903388944,0.4974744025887039,0.7937917029300837
1.0,0.7772530100944585,0.8389080382059141,0.8384239344051578,0.517769221748631,0.6535238004374186,0.8557826413474949,0.5553731232896971,0.8184487143059436,0.4411588836107944,0.500836346638715,0.7350159559036831
1.0,0.7833745489925814,0.8346307552035759,0.818452174112303,0.5145581147883675,0.6231549621816787,0.8570968780173803,0.5597662894756306,0.8157602221952359,0.4155923287077376,0.5055602558838033,0.5872352770525062
1.0,0.8100498641910249,0.8304082956157732,0.7939488545846216,0.5131021866534794,0.6709213412597923,0.8650627615062763,0.5875231121958433,0.8127894174190728,0.3857551160769634,0.5323974412425987,0.561895901173308
1.0,0.8201443223740219,0.8266855562772322,0.7723106682394818,0.5143416013616254,0.6558746422306375,0.8432303400922647,0.6130167886990607,0.8113247407327995,0.3706127415240131,0.5555725382932883,0.4763446738719057
1.0,0.7991851461466738,0.8228203003127847,0.7571695700518237,0.5163005813481771,0.687033538345751,0.8277545327754532,0.5809185711116045,0.8111684917471462,0.3739038591770113,0.5177891666441906,0.5568948525509826
1.0,0.8308468804475614,0.8209094319868293,0.7627821552605443,0.5153112551463309,0.6315546611487632,0.8353180989164251,0.5913541897788626,0.8119659644722035,0.3959203718070109,0.5267296669046139,0.5385508592661399
0.0,0.8564478858393809,0.8192109208452025,0.7669841319908091,0.5168052867005837,0.0,0.8975088400287138,0.6555062495377559,0.8121026546529873,0.4027333584612624,0.5468294496018218,0.7677327317364468
0.0,0.906048566911258,0.8201177066678305,0.7796765246431177,0.5202798567650262,0.6473104771726483,0.9948937085113814,0.7221359366910732,0.8116835291506219,0.41638731045686944,0.5728746847658671,0.9625354717342092
0.0,0.8396643288604209,0.8187177222106445,0.7734856187132246,0.5177853148900513,0.6332689497490709,0.993662689774888,0.6527253901338657,0.8089322623812851,0.4019055866093637,0.5299784536422018,0.936342740390756
0.0,0.8297928406372889,0.8187463910868481,0.7808525612360748,0.5177014268138692,0.7080104178386751,0.9531541049236846,0.6289919384660894,0.8088763718255416,0.4154565951717813,0.5132372201411136,0.7635359468777942
1.0,0.6855718165970729,0.8182259357612056,0.7890967612510937,0.5099498476847774,0.5803470077324804,0.9654237952200604,0.5679905332445825,0.8095884817363264,0.4234362127203923,0.448882628717924,0.8468003207698469
1.0,0.6305995864920747,0.8186361448892261,0.8110653119796414,0.5089877177812728,0.5597292356601632,0.922587175133865,0.5422453960505883,0.8107845673349738,0.44730108117252615,0.4774384735701002,0.8391659983961526
1.0,0.6522682125917216,0.8174527106202859,0.8199679043289967,0.5070950926775791,0.0,0.9265704584040748,0.5250942977590414,0.8101363831165305,0.4541613958460722,0.463470463451444,0.8938893344025663
1.0,0.6762678882717803,0.8143170130673221,0.8166801084066424,0.5089720965311109,0.5606251082833404,0.9716599190283408,0.5570667850011096,0.8089480071570665,0.4625132203178896,0.4377837745400008,0.9885805934242198
1.0,0.6960716747070985,0.8122561201775917,0.8253078326678578,0.5069253261222388,0.5393792565838595,0.9812819245345196,0.5171067228755267,0.8059459770400849,0.44988185644472706,0.4573438754933868,0.9879829787234052
1.0,0.649856083025905,0.8086612198948395,0.8204842148380205,0.5070548798907025,0.0,0.9528004608138784,0.4777531247688784,0.8038036435715796,0.4390440849504645,0.4764733441695743,0.8688286040952096
0.0,0.6995378440831883,0.806184831931968,0.8242072308622437,0.5075406371710048,0.5520333097075366,0.9796022091959476,0.4771392648472751,0.8018158843896468,0.4265008182352218,0.4760745349662101,0.8746393827574644
0.0,0.6899704058053271,0.8036828893071639,0.814625893345688,0.5105118893860913,0.5597401160538253,0.9974536068089856,0.5079358035648252,0.7992134084993321,0.41186847672958377,0.4503510058847551,0.8496207746808571
1.0,0.6138565695058178,0.8027600319436146,0.8205299460633562,0.5083545646544981,0.5532852304024044,0.8950660423509682,0.4316248798165821,0.7952650974352424,0.3949723100835635,0.4333092114604871,0.5509535253909306
1.0,0.5998905420197027,0.8014059258354096,0.8116684545966997,0.5109260790719765,0.5484072767806769,0.8799706478440146,0.486184453812588,0.7949393120990325,0.3808819569854848,0.4301600357592675,0.7136302631168266
1.0,0.6177889487979894,0.8001481468575302,0.8106205477425446,0.5087558459635462,0.5458340757793233,0.8804598504437764,0.4802159603579621,0.7925409415950115,0.3707135384536818,0.4245197978619861,0.6685289803052538
1.0,0.5762151862812664,0.8014138206493064,0.8255979692603805,0.5089899566487678,0.5430408835523005,0.8378293381787684,0.4528880999926039,0.7916518424649809,0.3755388206725044,0.4470186759256587,0.5704922126158729
1.0,0.4790205537763005,0.8033306449331663,0.8495755374932163,0.5040078216430642,0.5369112845874849,0.7896428821021734,0.3742030914873162,0.79151985344924,0.3955684713017456,0.42055669003689616,0.4108430350510315
1.0,0.4337779219199741,0.8044151276248341,0.8579269461318657,0.5005911254158005,0.5357215817363765,0.7022503319589071,0.3357296057983876,0.7930255692102439,0.4188558947793716,0.36491144540097337,0.17915665282936571
1.0,0.4960878907041798,0.8036421660330106,0.8592690135732102,0.5021166002475393,0.5389757821481465,0.792508211615067,0.3907107462465794,0.7959520234538578,0.44645191603269707,0.3714298535283893,0.3384000749087049
1.0,0.4553046580451618,0.8021014658345402,0.8600029366733541,0.5024447023930412,0.5399777890709597,0.7473618002655672,0.3865542489460833,0.7963787981600698,0.458311061512099,0.36428589619359053,0.2251006585723644
1.0,0.466149106093161,0.8005017066720865,0.8714774679227215,0.5034331708579753,0.5423438481066689,0.7389405269410859,0.4330670808372159,0.7989088496502197,0.4761928504515405,0.423119805261216,0.1699803364649333
1.0,0.4620748368265297,0.7982346958699341,0.8736713477641259,0.5032782866618658,0.5455111054510364,0.7045565727863584,0.393358479402411,0.8022122591186684,0.4935205871539475,0.4269099103573339,0.003162992982109439
0.0,0.4962905906676936,0.7974380301179644,0.885917004951789,0.5024766443307166,0.5417925292573826,0.7593472639597452,0.4745285112047925,0.8091351436179293,0.5301363455361616,0.4597358682252621,0.2255489021956108
1.0,0.4913852515506549,0.7968227223321156,0.8903734093573266,0.5018331945781681,0.5547082257714844,0.7826193304912991,0.4394571407440284,0.8130933388583157,0.5550162059235522,0.4692981567631591,0.1469917308240684
0.0,0.5580938095431144,0.796110583836033,0.8964255133274491,0.5037082854530531,0.5519651750294902,0.8874834020546508,0.5238074106944753,0.8188306172027155,0.5973733045683387,0.5181520429269354,0.31074449201211
0.0,0.5612559289739331,0.7931011021169097,0.8866222077774664,0.5002473553681175,0.4935695455683352,0.8880075476972535,0.5468826270246283,0.8203688314865631,0.620486476736959,0.5524997883970199,0.4800563850892756
0.0,0.6197956784367779,0.789739835658652,0.8679263312173502,0.5015242202621408,0.5582945886972839,0.9391292193724226,0.5931218105169739,0.8209299664414895,0.6383130855070827,0.575322665343606,0.7239486416077403
0.0,0.6232010378238135,0.7857372642496583,0.8388527620372974,0.5019905568066334,0.5478415206410655,0.9316919593901448,0.5874491531691446,0.8197008169955609,0.6292743605525243,0.5687548346271672,0.6601693338295489
0.0,0.6462480236753556,0.7821706618577293,0.8007759191015886,0.5002397119251181,0.5420449653812391,0.9489900597828008,0.6267287922490941,0.8199857129247663,0.6259101496661064,0.5907244695526984,0.8279214737625615
1.0,0.6160659991081203,0.7787496087954029,0.7767175090187408,0.4983323511371293,0.5495864735495226,0.8629947999575507,0.6026033577398122,0.8193218187551652,0.6107163673461647,0.536513395510418,0.8919333829549662
1.0,0.626180727287469,0.7754723870008917,0.7291699002442102,0.4954842361396366,0.5426508370436783,0.8659662527857367,0.5925375342060495,0.8178280612426712,0.5917454876418893,0.5166899862023207,0.942128768142908
1.0,0.6108768800421618,0.774738740272245,0.7141872524821102,0.4946167810959752,0.5423265781502323,0.8097916445576427,0.601124177205828,0.8156396155150261,0.5862956126600134,0.5272292024424724,0.8085944830174507
1.0,0.5734179267847734,0.7740898939243053,0.6952956681810194,0.4906184476565701,0.5403628208749944,0.8237999221762357,0.5821980622735005,0.8133796296083801,0.5943602498082637,0.4940239356554943,0.8437324075811578
1.0,0.5695666274780073,0.7737619857880917,0.6978012353907463,0.4904855167966394,0.5293096950256797,0.7980119565601899,0.5818948302640338,0.8124083682159307,0.6170488056585304,0.4940705225738165,0.7421655094764492
1.0,0.5612356589775817,0.7717592078739739,0.6889492950894496,0.4899744280839253,0.5433635894124585,0.7690402914853729,0.5340285481843058,0.8104052160328845,0.624700221691714,0.4784094460026543,0.7122349408894718
1.0,0.5631815786273162,0.7701990129914833,0.6865841558954644,0.4901191317809196,0.5453445577650913,0.7750893204570379,0.5839878707196213,0.808280662070666,0.6255466135586611,0.4800969570294613,0.7382248076562196
0.0,0.5907082336725181,0.7690890385002236,0.6968363225898493,0.4887556664332294,0.5405905151788601,0.8194134918108176,0.6629761112343757,0.8042226220984721,0.631668914171541,0.5187502614467978,0.9973728654531788
0.0,0.5951676328698261,0.7679005220271675,0.7071338578730322,0.4890753328372196,0.5435459350090184,0.8338108882521491,0.6633311145625329,0.7981493896884313,0.6248086735282217,0.5196848339861626,0.9555119118777252
0.0,0.5952487128552316,0.7660561803729042,0.7140793144391799,0.489011942067687,0.5398204659492482,0.8409565248151685,0.6690333555210413,0.7919559153499709,0.6026144401310909,0.5251271550093154,0.9917447676394899
0.0,0.575728706368833,0.7643851287917878,0.7192303156063697,0.4877920604532017,0.5431426790498197,0.7771410378860236,0.7015753272686938,0.7861459925142076,0.563729987534229,0.5519214222644839,0.9991421021927868
1.0,0.4957838407589088,0.7622614723138472,0.7151512799537436,0.4850189852436224,0.540354447348425,0.6533305033782589,0.653583314843577,0.7816091226263129,0.5348518773381196,0.5151744054972408,0.774492700394823
1.0,0.4628248266915314,0.7603638328324618,0.7020940810511949,0.4824688925092387,0.5388677428795627,0.5736318935936894,0.6463649138377341,0.7800806272921743,0.544198428775764,0.5021805180301468,0.8267376733082369
1.0,0.4667977459764057,0.7580451029535114,0.6917123389271176,0.4830635256055521,0.535018084583752,0.5403799214687466,0.6615560979217519,0.7786392457068751,0.5443013369943439,0.515940578837562,0.751813423928016
1.0,0.5079052985770462,0.7556629863440085,0.6767691677044798,0.483123611389354,0.5363575658106351,0.5970143973964411,0.6597441017676203,0.7775345138432956,0.5471994516200823,0.5115788146581466,0.8294922413001558
1.0,0.5275063850488511,0.751302299203304,0.6498942893174722,0.4812221841454265,0.535425738580524,0.6018606954614598,0.6431994674950074,0.7748588271086105,0.5222946632405123,0.5429831856300429,0.8088329813607562
1.0,0.5955933027932057,0.7470625378359386,0.6223200057793055,0.4840443677870993,0.5365579871463687,0.6036647918214301,0.7079505953701651,0.7720073667636127,0.4939785747478895,0.5403941381494961,0.8125975576163816
1.0,0.578667855839786,0.7433972874292138,0.5997626920519017,0.4827785080962619,0.5361289419961878,0.6052699311498615,0.6846165224465643,0.7688756121960338,0.4744457801041313,0.5719054330938398,0.7846661680893311
0.0,0.5969108525560466,0.7417353740284165,0.5960691386514276,0.4807139138249854,0.5450074784767557,0.6356400831069202,0.650166407810073,0.7682270619337785,0.4599500212210966,0.5795795840091579,0.769089924439745
1.0,0.5878704341833223,0.7385241793890114,0.5846914556950189,0.480339372433335,0.540456933406797,0.5972639298644362,0.6138081502847428,0.7684281934175667,0.4591609374960735,0.5926655205678429,0.7251205611573888
1.0,0.6519236226537479,0.735596193760734,0.5771260779228267,0.4827892881281383,0.5392836932396791,0.6482569526047787,0.6119961541306116,0.7702181002557584,0.44563284038727735,0.5896438107685893,0.8447275446785463
1.0,0.6553695220334859,0.7329851266187088,0.5694925691022503,0.4830581264547576,0.5411876299840077,0.6652364298939075,0.5545151985799871,0.7702244794764288,0.4432828527037286,0.5363519302354607,0.9076514428656174
0.0,0.6641869704463452,0.7317427798062555,0.563136865397335,0.4801382250334229,0.5477676848846146,0.6677533039647574,0.5087567487611862,0.7674430642740147,0.424969761446636,0.5506805776844798,0.7999329499445547
0.0,0.7133417115984918,0.7304781670051972,0.5563263956908702,0.4809610638914022,0.5405304473138177,0.7346667731096094,0.595421936247319,0.7639328345115974,0.3950669263677074,0.5666492445350451,0.8852412512571884
0.0,0.7045039931892816,0.7279940983997224,0.5471923911564469,0.4839717265964552,0.5395979610463876,0.7271232876712332,0.5984394645366466,0.7586786331415865,0.3516003539352488,0.5689418549774802,0.8409191800496145
0.0,0.7390440669720681,0.7258532280022048,0.540143168099692,0.4835953253573385,0.5461686040064275,0.7407905426226294,0.6209082168478663,0.7540547630238326,0.32386138183245183,0.5877780516083727,0.9932628280454371
0.0,0.7029634734665748,0.7234295030829125,0.5331089728044721,0.4844962636807975,0.5600422395992297,0.6972092438227772,0.6192367428444641,0.7475502887566474,0.2800509095318641,0.5876982030686534,0.9773438939031126
1.0,0.6446264239672437,0.7225737199246347,0.5370787648990187,0.4798966760201037,0.5587159282208685,0.6131905330040784,0.5749204940462989,0.7402361302295517,0.2237787080246418,0.6045581791112958,0.8190581445324503
1.0,0.6427007743138607,0.722040903170494,0.5440620559160232,0.4796142075778399,0.5466298871999385,0.6187671986791415,0.6383477553435397,0.7348614831101359,0.18899966252144376,0.647008228949677,0.7494013630502849
1.0,0.6247415575465197,0.7218649771014731,0.5564243301640848,0.4818958902728402,0.5685126406916436,0.5954870665932857,0.6368389911988759,0.7310145840985347,0.17669827472078048,0.6466609026634993,0.6541413397187942
1.0,0.5686038026513156,0.7219590995230458,0.5740113811078342,0.4806961149586838,0.5591868249566154,0.5275178866263069,0.5017972043487907,0.7298357956202175,0.1869421133613287,0.5967685373727271,0.4248787376435185
1.0,0.5603640491344712,0.7226471300500295,0.5987964565728148,0.4834775864581948,0.5599021916083139,0.5268299394606493,0.4763700909696026,0.731206350993385,0.2031656327431723,0.6297178755213705,0.3768035856818317
1.0,0.5827421251064175,0.7234399064917291,0.628415528461806,0.4855423015325582,0.5676941255239779,0.5672812328013208,0.5397529768508244,0.7307557988974476,0.2052342061439765,0.6227432394637058,0.4591698900963953
1.0,0.5293306847204771,0.7230114015627318,0.642371026797357,0.4843878703249404,0.5472880125951327,0.5062740781507981,0.5444123955328746,0.7307208580725082,0.2194324441766018,0.625971365637612,0.3209615030392331
1.0,0.5735598167592333,0.7227231158458278,0.641680666092924,0.485154991909777,0.5491520078500712,0.5416895982388553,0.4765623844390208,0.731876879470041,0.2218800005198737,0.5824836307577068,0.4063977405292571
0.0,0.5941946730449588,0.7219409529515609,0.6298880624243233,0.4871563198357891,0.567616872849943,0.5743258117776553,0.5410842393314106,0.7344189915398884,0.23095301149988,0.5721399348394468,0.4543500951679256
1.0,0.5522155106012083,0.7209788219196179,0.6119973571871598,0.4872441817306858,0.5487591427647249,0.5184094661529994,0.4363508616226608,0.7364486864329742,0.2210364564603394,0.557571644306621,0.189353472094308
1.0,0.5702355373576034,0.7199781174365447,0.6017629390567032,0.4891678506345427,0.5586972858233346,0.5174463401210786,0.3393683899119887,0.7407042894275968,0.23324867395015175,0.5090941907280292,0.16991044020380394
0.0,0.6782543479142173,0.7186608640820527,0.605086635274684,0.4962717178156721,0.5578953723018047,0.6604372017991167,0.4810073219436434,0.7469678093725678,0.27947238263683044,0.5395713343680885,0.2982056394189688
0.0,0.6922001054039809,0.7177682775272014,0.6143130067312177,0.4939534226852911,0.5551168260770578,0.677067166176077,0.4044301456992821,0.7510926752079337,0.3169325502449177,0.5051718978360406,0.3998227792018722
0.0,0.7076458426237485,0.7178079372065462,0.629968909898897,0.4952464813887431,0.5618700774356855,0.7095263580412098,0.3520227793802229,0.7573702087551364,0.3673134241378492,0.4851026339065171,0.4811569521507434
0.0,0.6585721814570078,0.7179874258507108,0.6370928476275217,0.4939906612487897,0.5594042530429416,0.6719025956649722,0.4271651505066193,0.7602583353787521,0.38719647437462507,0.5164352865591826,0.6269274248247788
0.0,0.6659301901325657,0.7194357606091282,0.6598964018704045,0.4947213440405402,0.542955587493965,0.6825260904468823,0.4540936321278011,0.7589543419859701,0.3854281126865379,0.4788730992536255,0.6723716934207553
1.0,0.5624923987513682,0.7203660518210062,0.674526533803985,0.4881396405909836,0.5517211780814116,0.5935242172865933,0.3284224539605056,0.7564850610115026,0.3932267906137277,0.4692324317700433,0.4822292561609759
1.0,0.5330603640491345,0.7215455997115381,0.6886441917728665,0.48897475191674,0.5512286925483467,0.5666042279903666,0.3132164780711487,0.7573840243769911,0.4251945927264403,0.4601716097190068,0.3864197023271108
1.0,0.5403981027283415,0.7212985570017934,0.6920712111826584,0.4859890904352252,0.5571269196757271,0.5699491570778699,0.3372457658457215,0.7578007905469528,0.4525439007714184,0.4212379934966111,0.4438985280815719
1.0,0.5188713666031541,0.7204679095740409,0.6895967191893184,0.4841082564820358,0.5554557822510944,0.5372223708857371,0.2931661859329928,0.7582259227406938,0.4859894492534678,0.3941661094194242,0.3210673464353257
1.0,0.5470872015243039,0.7198788824315767,0.6928708911025077,0.483304506766428,0.558942853901587,0.5678351618945678,0.2558686487685817,0.7603818920043572,0.5258578757086907,0.3804891836147216,0.29444712871995765
1.0,0.5165200470263918,0.7190055563470865,0.6982358766314956,0.4805708907405852,0.5678345013697694,0.5239229328338241,0.19946749500776567,0.7613121684785957,0.5315938537566117,0.339850162955471,0.10037400905495553
1.0,0.5024019945676412,0.7182583554848698,0.7129554808881109,0.4793678486228724,0.5507823894772185,0.49678886807599704,0.24305894534427894,0.76508491570936,0.5263510840038603,0.3670758796757832,0.04849591095363345
1.0,0.5556208699882437,0.7174078944264688,0.7174764910595512,0.4812779930064881,0.5677491113715561,0.5575060208723578,0.3362029435692627,0.7700029054918229,0.5253343518812661,0.3617693110127056,0.2416026914335817
0.0,0.5581951595248715,0.7163045253187514,0.7182591052799143,0.4816702731893045,0.5728392354204795,0.5496655070912498,0.3793210561349015,0.7721798560284174,0.5150530976189887,0.338198187834287,0.27510244984878585
1.0,0.5408845826407752,0.7152051065430298,0.7167120589547455,0.4801729024221519,0.5695842262018384,0.5201498528231201,0.3732712077509061,0.7733414573988411,0.4947514421112375,0.33370138398370386,0.16483654953917082
1.0,0.5364859934325213,0.7147316625119247,0.7199230739400886,0.479907646545869,0.5655989817826407,0.5039603960396041,0.3734782930256639,0.7764144517115876,0.4585491315244917,0.33281345546373403,0.0724546370967742
0.0,0.5824988851502009,0.7145943096563456,0.7058513295718272,0.4847861591002547,0.5701052749986929,0.5695477655873699,0.5087715405665263,0.7834600455541596,0.4737704500112601,0.3534366132440808,0.18067748881895024
1.0,0.5161551870920663,0.7150044263314297,0.6872928450840351,0.4822193138053085,0.5704105448761922,0.4840246186780839,0.4127801198136231,0.7878184483281898,0.4893502888809826,0.3498113554325332,0.03238363425542461
1.0,0.5057364089674466,0.7147378109007525,0.6424875856772491,0.4807799683299716,0.5654352769231765,0.488734278833289,0.4345684490792103,0.7971802762287123,0.538732991164935,0.3610796937721281,0.06986771411802044
0.0,0.6252685774516561,0.7147813780792776,0.6221126560035743,0.4901260745090441,0.5685620986660612,0.6149050040139147,0.5092522742400708,0.8035360936354248,0.5768117432989791,0.4032413478644423,0.3868346200731419
0.0,0.5598370292293349,0.7134688174737254,0.6111763290534511,0.4873399631623181,0.5811118790332951,0.5412095263580411,0.44144663856223615,0.8037722192737099,0.5832293130231085,0.3553364532312429,0.04602916610230779
0.0,0.6175254388454214,0.7137394471016536,0.6379544447559014,0.4900420796443558,0.5682130156676803,0.6123896173401127,0.6050883810369061,0.8090568648922609,0.6082867868166315,0.4219828874436368,0.35225066594428805
0.0,0.693862245104796,0.7132971897778789,0.6732866151015264,0.4983095172341975,0.5740635557946066,0.7217018999197218,0.6856519488203536,0.8110828968470631,0.6149351816244715,0.5028303301021824,0.6224434511716108
0.0,0.6967811245793976,0.7122939805685871,0.6909782052388336,0.4986149783000812,0.5706891538794027,0.7265185978057265,0.6636417424746689,0.8097221275628972,0.6182986292318343,0.4764983946829152,0.6236173190663229
0.0,0.7096728422588884,0.7107817494818385,0.6973431960911487,0.4962958309708011,0.5839182255268409,0.7379448755686379,0.6817617040159751,0.8082510082501988,0.6332196931501942,0.4888899719988621,0.5867985010609965
0.0,0.7848137187335309,0.7088174703224095,0.6745822818352294,0.5008766510854079,0.5810197846578695,0.8298635268932302,0.7418977886251019,0.8053453082129214,0.6302504051828204,0.5622121313563985,0.780531852453835
0.0,0.8265091012283617,0.7061589836957314,0.6696180454111382,0.5017786533877286,0.5807552576859919,0.873187048434573,0.7947563050070259,0.7984455055537156,0.6143051403358295,0.5940853694344511,0.796060393960603
0.0,0.8328536100863503,0.7037030872655154,0.6717714772494456,0.5026157908910731,0.5783969583386281,0.8685844260101689,0.854944160934842,0.7906312870664622,0.5865822367884984,0.6257814786343822,0.8190052169184493
0.0,0.809157984351563,0.701514367362317,0.6828971934605961,0.5040233298299223,0.5780891850330364,0.8445544554455447,0.8629613194290366,0.7820710501855572,0.5581509089499573,0.6296278188954173,0.8252735731603437
0.0,0.8640694044675072,0.6994955039517872,0.6887515794459753,0.5064054482390672,0.5770561948369369,0.9141824993310144,0.9604984838399528,0.7728491014546066,0.5151336710256856,0.6661590631596839,0.9682920024289776
0.0,0.8620829448250698,0.6965089908159428,0.6710370506901049,0.5065106882668653,0.5589846870065008,0.9005619480867003,1.0,0.7631853556010022,0.4793014570015214,0.6834386093236637,1.0
1.0,0.8080228645558848,0.6936385053090819,0.661544082937187,0.5021556059133976,0.5677262027309083,0.8163767728124168,0.8129576214777016,0.7555333827801156,0.4525623251943265,0.5452587797661113,0.9852430016758746
1.0,0.7793205497223009,0.6914417909839736,0.63457306458149,0.4996275897723231,0.5671704945503298,0.778003746320578,0.7476739886103098,0.7505715039679395,0.4391791404731476,0.5446297798613264,0.9911473144711682
1.0,0.7519763246442618,0.6891949154263729,0.6267835813490452,0.4971921899841808,0.5642189412681876,0.7401659084827404,0.7976776865616448,0.7457870943503053,0.4338203773157588,0.5685608483593668,0.9875301483039975
1.0,0.7549560141079175,0.687017658157699,0.6128044518257647,0.4979324985445427,0.5731495383914005,0.7244783529762155,0.643169883884328,0.7418327816878048,0.4381753692376968,0.5220972636987421,0.931280836089056
1.0,0.7364495074390891,0.6847995532132192,0.6078566166035875,0.4963129556945533,0.5711629104655134,0.7032654869562954,0.524842837068264,0.7420160272735923,0.4774239023035446,0.5121039334089289,0.8400325381527523
1.0,0.7144362914014678,0.6830809907767215,0.5875901669765491,0.4943512660331655,0.5792690766300391,0.6700893904250609,0.4571925153464983,0.7412462475853743,0.5075035988544812,0.529001769090226,0.7279881165007341
1.0,0.7864555884379942,0.6820397645318912,0.5690973234295928,0.4993500005406885,0.5580052372413421,0.7562372230527871,0.5200798757488353,0.7418829473325261,0.5331189454716116,0.510050897057233,0.8308546570231132
0.0,0.8039688652856042,0.6809975912839419,0.5595289617976074,0.5010556697893235,0.5710017838620227,0.7914491292891028,0.4972487242067896,0.7402013513902552,0.5419385767617396,0.4987618845314497,0.8765318573272741
0.0,0.8496777070580128,0.6817286626561623,0.5638541654432443,0.5062728763970893,0.5603146416101513,0.8593078360094211,0.5054507802677319,0.736501912589212,0.5273840595487312,0.5027785881427189,0.9882357286645614
0.0,0.7750638504885069,0.6826705967383448,0.5649953501600196,0.5001704326403297,0.5877208521377875,0.8188620776320186,0.5313216478071149,0.7307846016993849,0.503047491442891,0.5154029937155833,0.8745864274685693
0.0,0.7139700814853855,0.6836681649852758,0.5621980472135577,0.4967106913766862,0.5985442725440183,0.7717314982031307,0.4411434065527695,0.7267611727951435,0.485190284366609,0.5203117381881213,0.717226674509227
0.0,0.7187943406170186,0.6824831419910762,0.5604345401124415,0.4971875602698092,0.5722251438389765,0.781706909462131,0.4039272243177279,0.7266456180826533,0.4848518729257934,0.5037168167723023,0.7323336560062828
1.0,0.716280861069445,0.6798608103223591,0.5654956703132032,0.4974588224433242,0.5697610511155857,0.7553821878020149,0.4504030766955107,0.7252884241262822,0.4792324644813454,0.4761832689736281,0.7857012717268521
1.0,0.7102201321603764,0.6759135868323223,0.5607996956220114,0.49717673964032394,0.5668410691051505,0.7344208690785571,0.4412765328008283,0.7213118288292379,0.4535925347955001,0.4711787036025809,0.7113471559231871
1.0,0.7347873677382738,0.6724672718482563,0.5533308126895256,0.5004784601715904,0.5754074548124409,0.7236940632052419,0.454907181421492,0.7187990943346934,0.445341510835696,0.4283211980891188,0.7195641875888201
1.0,0.7046661531600926,0.6698238058335058,0.5455920189240075,0.497816796983454,0.5624816468408729,0.6753457062979824,0.4046076473633607,0.7149657788920076,0.4325348821397901,0.4010593534236885,0.5806763108989547
1.0,0.6576194916284919,0.6685988789895725,0.5516577537173872,0.4963596641302959,0.5614372064271038,0.6272564509818657,0.40423785222986464,0.7141739254206609,0.4380713378013825,0.3995506603988375,0.4241518784389468
1.0,0.6616329509060688,0.6682087621884574,0.5544233234906422,0.4930832454559354,0.5506736794392039,0.6283446776646654,0.38407662155166056,0.7158277421768746,0.4477646673471671,0.4380472154112123,0.4041285573734651
1.0,0.6377751652004702,0.6673139091523486,0.5455126049262609,0.4940453892732114,0.5552237566335405,0.6068651557589214,0.352814140965905,0.7193937371516991,0.4628177783957765,0.4171456592693963,0.27096162955945113
1.0,0.5624721287550172,0.6666813896924162,0.5457268033318871,0.4861170132583551,0.579952625614727,0.5069555822142304,0.3022483544116558,0.7260645036078865,0.4980042762611978,0.3797544090697534,0.000246984728110754
1.0,0.6584911014716021,0.6659614473593496,0.5497346669901126,0.4985516022941176,0.5827002730142287,0.6305470411893801,0.4066415205975889,0.7373230238171942,0.5581025424342951,0.4342462282585805,0.2495730494794721
0.0,0.7251185794786559,0.6648130944034414,0.5645063986969412,0.5035278904141488,0.5697979080515175,0.7057383229390414,0.446128244952296,0.7435785384388847,0.6053352013745908,0.4587350781280064,0.4138963621476199
0.0,0.6780719179470551,0.6630785685706098,0.5604582832636136,0.5023027212739121,0.5733746579825523,0.6486323322511525,0.3865616448487537,0.7470769309071372,0.6370624556056129,0.4065163738068646,0.0005308597133359074
0.0,0.7972189565005879,0.6609558037213075,0.5524667180435232,0.5143870536355157,0.5665214225764098,0.7958279461794175,0.5265734782930256,0.7541590049487976,0.6841953990088396,0.4663980284879597,0.12230532336119762
0.0,0.9483925892893338,0.6575466547236681,0.5225867515380203,0.5309052140117411,0.5820775513576504,0.9575420439844758,0.6266696250277347,0.7557590726337273,0.6911996315213185,0.5176617130677823,0.6255856003945106
0.0,0.9603113471439576,0.6534497925982419,0.4978266795234684,0.5287160632589107,0.5781897560755669,0.9597531116098756,0.6832334886472892,0.7528531994162582,0.6684428910553709,0.5201417514807789,0.7823232672241031
0.0,0.9499939190010944,0.6490427472206428,0.4684767612111954,0.5315049791059995,0.0,0.9476249714387264,0.7188373641002884,0.7495574553445392,0.6490963808073549,0.546516163527969,0.7509078309078315
0.0,1.0,0.6459468180732233,0.46315461050977297,0.5345427138248854,0.5514794497074889,0.9712796988357308,0.7364322165520302,0.7474677000036878,0.6256285125073107,0.5693117601933322,0.9102425292334346
0.0,0.9810475534114402,0.6427986183435568,0.4507332103670557,0.5305187610593687,0.6121116796931193,1.0,0.7567487611863031,0.7443038561916373,0.6088277248180959,0.6014177295248768,0.9869532265049812
0.0,0.9666355860055946,0.6413232760777794,0.451247827166811,0.5326237882136261,0.5275108850331187,0.9876456231286016,0.6951852673618819,0.7396072930415805,0.5717363706488352,0.5602817264560079,0.7317832394976197
1.0,0.933777921919974,0.638887148997676,0.45028583397609,0.5322219488763007,0.5918150486149866,0.9603452180258158,0.7030619037053473,0.7379451689978886,0.5737884922848965,0.5721079925789269,0.8300941966219153
1.0,0.9479871893623062,0.6365993998355229,0.4502320159152371,0.5303763273636547,0.5938142611058387,0.9939828743346448,0.7423045632719474,0.7353660590084543,0.5706526628099853,0.6512250214566662,0.9954255088783036
1.0,0.9198321644302108,0.6339933726345295,0.4534759903700748,0.5311421166902616,0.5314873410966584,0.9927901182208556,0.7024110642703938,0.7297560549219901,0.5619289760918302,0.6465379877985588,1.0
1.0,0.8728463128876636,0.6319442462761697,0.4473504204050669,0.5299062878155217,0.5413041714368202,0.9850247731447972,0.6829746320538423,0.7249413631446733,0.5550958327060183,0.6316988813012521,0.9934572779685186
1.0,0.8515020067296388,0.6297850750636809,0.44067816049827546,0.5309912881239729,0.5808877182104101,0.9640650225463452,0.6613194290363142,0.7195350263958613,0.5412679694689697,0.6473898792465042,0.9618606484675284
1.0,0.8633194146025053,0.6272953980062066,0.4293578315324736,0.5288645463938362,0.0,0.9727773757167506,0.6893942755713336,0.7134843860962838,0.5270293837895003,0.6704190306411408,0.9819536937993842
1.0,0.8516844366968015,0.6249690688297365,0.4300113010318765,0.527936352219795,0.5818852702702414,0.949395980626844,0.6615708897270913,0.7068416515370772,0.5021758904312382,0.6503092812171336,0.7568491877625371
1.0,0.8398062188348809,0.6231312282368926,0.4382168143364085,0.52938057789105,0.5127761661997021,0.998097635214236,0.6696989867613339,0.7031321476057968,0.4933843860399015,0.6653570349270143,0.9673544810594392
1.0,0.7975635464385616,0.6212965047236272,0.4553104610492711,0.5284746968454278,0.4676847249170234,0.9784244704739936,0.6551512462095997,0.6995859726068225,0.4791957933922689,0.6535530011003621,0.8551203184367657
1.0,0.7988608262050515,0.6186262356126231,0.4521684473063869,0.5287950220498661,0.4673705829977832,0.9726285124719304,0.6292286073515273,0.6962636096235757,0.4678745493762009,0.6617070865201555,0.7902133639964233
1.0,0.8193132525236145,0.6159058664286394,0.4550221345765694,0.5278905128044112,0.0,0.98067002488317,0.6648546705125362,0.6934732093167799,0.4512281682996856,0.666420057078287,0.8916570844512599
1.0,0.8190497425710463,0.612174182682466,0.4318844856106926,0.5276838093309092,0.4672053534049373,0.9849790617224008,0.6797943939057766,0.6885902620248228,0.4229914978217226,0.6494574468151346,0.975978534009117
1.0,0.8400494587910975,0.608712849271102,0.4083629730267281,0.5309173913245396,0.5125037314720133,0.9898444252376838,0.6846461060572443,0.6827558159478886,0.3859095032872221,0.6547074646233662,0.9757435501842808
1.0,0.8180970527425305,0.6039018775945766,0.3723821193595306,0.5289985852898508,0.4924397290636085,0.9736854590021352,0.6748835145329488,0.677223545124882,0.3614335662285616,0.6471346057141054,0.9665410528719882
1.0,0.8404953987108283,0.6005801081820343,0.3589835897268969,0.5325210141256028,0.5353358740080322,0.9858015314505378,0.6572738702758674,0.6739086564756394,0.3551819812661463,0.6313267010405658,0.9907892439322502
1.0,0.799245956135728,0.5964601361287423,0.3406031579498602,0.5316320106907282,0.5036991226930376,0.9575949164990262,0.5693661711411878,0.6718446276770311,0.3588342530635526,0.5346188434157866,0.8577878103837466
1.0,0.7869826083431307,0.593797709932796,0.3286522848545923,0.5314509466169598,0.5203385141852587,0.8964388613720398,0.49457140744027794,0.6712272794267502,0.3610811072667118,0.4744123287143632,0.4975745641419715
1.0,0.7924149673653059,0.5921296938444072,0.3243176095636554,0.5285091624717232,0.5197318856305078,0.906745244129592,0.5364839878707196,0.6745604420234068,0.3863150600336414,0.4918942966633243,0.6556361365928616
1.0,0.7776178700287836,0.5926232362322892,0.3445034135241141,0.5250244440542947,0.5397443859398149,0.9210818599345602,0.42792692848162095,0.6760355666949598,0.39885022291598,0.3567312235141962,0.610849266340594
1.0,0.7615843029148253,0.5927853537538772,0.3625680880033879,0.5212720573851432,0.4981629154725469,0.9380422057455045,0.42927298276754666,0.6791743974157469,0.4375856036162529,0.3582174845315946,0.49209378407851706
1.0,0.7750841204848583,0.5915029660609938,0.3731577857024849,0.5194293817759658,0.5072145252225843,0.9470777174076184,0.4198653945714075,0.6799759040064846,0.4497697083954453,0.3504662925643484,0.5920704159526411
0.0,0.7903879677301656,0.5889671424579421,0.3660337348652227,0.5178286171258946,0.5044280412492181,0.9530513613304112,0.4435100954071444,0.6804075693073162,0.4597980731677137,0.33155281346346416,0.5763053655023409
0.0,0.7983743462926176,0.5871616914319426,0.3687714707254459,0.5151897669161688,0.5221082508175678,0.9611863236574308,0.4544634272612975,0.6793053829701967,0.4531470212212033,0.3415452486171422,0.6532949225783227
0.0,0.7988202862123485,0.5857379451005595,0.3707040344491116,0.5145938531413485,0.0,0.9798577132050552,0.4769617631831965,0.6775935795096135,0.4437631741926722,0.36713222548267216,0.6454087144400437
0.0,0.8099890542019702,0.5836149948014426,0.37334382000553495,0.5124038167267385,0.6269147245006159,0.995797436436226,0.4975075808002365,0.6755966783524411,0.4404486151852151,0.33903683882328084,0.7007202016564632
0.0,0.8013540357562736,0.5817454717009893,0.3805668759980136,0.5122185850535922,0.6136027537430288,0.9755082047514082,0.4625471488795209,0.6721753119098679,0.4266665196411865,0.3478553948380029,0.5344256391789699
1.0,0.7512466047756113,0.5795366786684361,0.4053491139760405,0.5088459796173098,0.4934715893492803,0.9310249816311535,0.4818800384586939,0.670828039713401,0.426423954215988,0.3705675207414989,0.3623334533669426
1.0,0.7514493047391254,0.5778500505932553,0.4380926041582235,0.5093285592158697,0.4986452678013408,0.9124112172422244,0.4682419939353598,0.6708059380131204,0.4253060864772353,0.35728298591940444,0.3813467770975879
1.0,0.7559087039364334,0.5736259179044667,0.4395890825648294,0.5101649825776877,0.4874363014426205,0.9043901542983102,0.4599881665557282,0.6718744770274163,0.4353912238595539,0.3954056048536481,0.3411955347497301
1.0,0.8068674747638546,0.5714122728778832,0.4208482445407068,0.5137728281278731,0.4676295570646774,0.9141868723977468,0.4772280156793134,0.6729113051325948,0.4456775350194714,0.3653214486445578,0.4053655023406546
1.0,0.7640572424696966,0.5701841197238673,0.4067982166397949,0.5095989891178381,0.4647539100535896,0.908980113551916,0.466252496117151,0.6743017177492001,0.4632138163080058,0.3518492749665627,0.317680950666186
1.0,0.7369967973405765,0.5728273655812419,0.42802332292672574,0.5090624876376296,0.5234683784603428,0.8946820843613446,0.4214555136454405,0.6763319475730272,0.4827811661373128,0.3573443439226877,0.3056175729204175
1.0,0.6616937608951232,0.5745576405151351,0.4619906976866728,0.5010257906083787,0.5229013617388552,0.8594572099521417,0.4145403446490643,0.6792353878083377,0.5069211258816093,0.34761169550437626,0.18602808786460165
1.0,0.6221469980135406,0.5749864505831173,0.481133738079161,0.4996515017455399,0.5258379504669453,0.8204571802265093,0.3949042230604246,0.6821202999752289,0.5267603962294606,0.3699569948092287,0.11776194437411833
1.0,0.6266469372035515,0.5718574005030019,0.4756706806251521,0.5007218207045124,0.5237776913161808,0.7974792663713922,0.41393388063013065,0.6858501459752588,0.5524226076556883,0.3958819549417572,0.047679617637989086
1.0,0.6958284347508816,0.5683766729381718,0.4626778591769767,0.5066070160408598,0.522031156083012,0.8367171011563269,0.4948672435470749,0.6898859389237941,0.5808874283849392,0.434346112099336,0.31273109407231525
1.0,0.716118701098634,0.5659814401013468,0.4628382540337398,0.509341196691141,0.4587213044117559,0.8697125531345682,0.5151172250573183,0.6925420353471201,0.6066416331360786,0.40758275898659735,0.2552348893619128
0.0,0.7059431629302311,0.5664993575232264,0.4796162274761354,0.5073620726498798,0.5529593680995021,0.8733093546565206,0.4774277050514015,0.6946518827161037,0.630120405964569,0.413257828654886,0.13761694965595644
0.0,0.7238821097012202,0.567270576563802,0.4942719418421008,0.508296855032185,0.0,0.9503284682381616,0.6094667554174986,0.6980289953557257,0.6604631591304728,0.5491565590151701,0.8622478087236142
0.0,0.7325982081323227,0.5679937495899112,0.5072739373311826,0.5090844428654245,0.5533426824236968,0.996873577174078,0.5999852081946603,0.6950303756642873,0.6618556154526565,0.5383132383153408,0.7956018878688872
0.0,0.6816191673085501,0.5670389678638921,0.5188656502348552,0.5061836010190595,0.3965487428690229,0.977814579883136,0.6598180607943198,0.6926659265001303,0.6688401317359761,0.5859398081909447,0.9950547852225348
0.0,0.6767746381805653,0.5663202296260104,0.5416042032250632,0.5058134241943418,0.4296434052767021,0.9634409274130556,0.6485984764440501,0.6889187328670137,0.6782276960114791,0.574883299848958,0.9310361469041072
0.0,0.6638626505047229,0.5653867936699115,0.564864759633408,0.507567092392798,0.5102184652361276,0.9583789019779396,0.6340285481843059,0.6861254804693937,0.6889201927417692,0.5373593870965082,0.9665061390949704
1.0,0.2650467442002569,0.9894852897243996,0.20980675943729946,0.4970513027656534,0.49861734394644,0.7687053515478133,0.4678574069965236,0.9659562272182702,0.5377748420304204,0.4763144021271154,0.743230347131098
1.0,0.24553435036763996,0.9892843310342176,0.2013580372132775,0.4995805746142081,0.4864509197684871,0.7474620879809503,0.38613268249389865,0.9642331834655355,0.5297164572990556,0.4679265584766255,0.4611734889340781
1.0,0.2580605739658229,0.9890180298349842,0.19747358524636335,0.5003749934805443,0.4789898931353065,0.7275347787943349,0.3628060054729676,0.9644842521509064,0.5302891310432448,0.447770734113793,0.3181794026995425
1.0,0.20160091247937809,0.9875848258791756,0.18394586926099632,0.5005987612766465,0.5082218741863986,0.6862388770522627,0.3565268841062049,0.9659746458570416,0.5249281444849738,0.4402084269306477,0.1321872675098308
1.0,0.2652911583192456,0.9873444365570514,0.19412324795833724,0.5008090857358223,0.489554295205706,0.7443601955132224,0.4434657199911249,0.9700291152895296,0.5456550005470402,0.4974789495067221,0.4573280901264736
1.0,0.2675927246063917,0.986213134784974,0.199762011166565,0.5009504168558186,0.4922621495147485,0.7484960521368593,0.4626506915169,0.9710197879650908,0.5591668851349085,0.4623678411102949,0.5150653629503669
1.0,0.2110108560604516,0.9872470619959556,0.2131212507678687,0.5011992442229755,0.4925648098048871,0.6821656849229225,0.4097330079136154,0.9692947052329804,0.5627074829108304,0.4091881204449082,0.31594749707726555
1.0,0.15756563537487042,0.9893761898147456,0.2265436919330175,0.5015886829449516,0.5111678073615299,0.6470735681163056,0.4508468308557063,0.9689668322638608,0.5887988901685037,0.45033694049727613,0.08261363636363615
0.0,0.1941259140069657,0.9928227925657966,0.2436293289023772,0.5038321491143504,0.5128389407264222,0.7362764757488405,0.5735892315657123,0.971742937248634,0.5841647919937369,0.5063967400093614,0.09259326660600399
0.0,0.17927775627838766,0.9963804854697672,0.2735500215722504,0.5029236580075657,0.5202458723074965,0.7798282992856248,0.5699504474521119,0.9735570925936892,0.5651596984925521,0.5023443119577018,0.4446663104311396
0.0,0.14905187689675553,0.9997637649103576,0.30787350098094635,0.5011260539016481,0.5632729396747677,0.7989096377992227,0.5518009023001261,0.9740261188170138,0.5219906760836556,0.488313960957441,0.3324239952751934
0.0,0.16151699696519173,0.9999999999999998,0.3153030671291869,0.5018757871567455,0.5374778886913348,0.8499812006517111,0.6965017380371276,0.9750517675573388,0.4837327955346808,0.5699328416400281,0.6260370672441431
0.0,0.20893333604904565,0.9992283460002579,0.3145792616304535,0.5009561886993422,0.5095229628461397,0.8660546434390274,0.6901264699356552,0.9725084252467744,0.4419990758963581,0.5660015974645474,0.6763270084601607
0.0,0.13065971444283786,0.995881066768144,0.2914563278720416,0.5000148636038915,0.5274782483768891,0.7790763253540544,0.6240736631905931,0.9709501354078494,0.4091012019727495,0.5637483105514669,0.5099953612688036
0.0,0.20488013524247897,0.9931317653478876,0.2689853722487473,0.5007329620265945,0.5148806766443245,0.8269206667502192,0.7231121958435025,0.974774305433501,0.4329067800699423,0.6268026954506941,0.6929380839831234
0.0,0.2276310161516997,0.9894546720503604,0.24490857690455006,0.5020975743937315,0.5472247274238371,0.8140744454192257,0.595688188743436,0.9752932321397648,0.4320019588883568,0.5229377710834663,0.6651940535883886
1.0,0.2415422530908205,0.9870148085789257,0.22160035964811875,0.5029277457506811,0.5139835004937175,0.8415841584158418,0.6381184823607725,0.9770926377369497,0.4553875303831586,0.5653036582118603,0.798502352499392
1.0,0.24034055033912505,0.9861448787054484,0.21613415429805335,0.5028752550137345,0.5249077693420796,0.8218448427121197,0.6818208712373344,0.9746702867213192,0.4533688080306956,0.5501328792321709,0.8364957699189317
0.0,0.22117440984174214,0.984648721096368,0.1824818386157946,0.5054196918586303,0.5252132692470037,0.8116305301416221,0.6590193033059684,0.9698930716661368,0.4547200793795288,0.5240053390173258,0.8448013076804131
1.0,0.239423997392916,0.984083811754462,0.16901025151023086,0.5028071160774457,0.5380507804245703,0.8183669632786063,0.7017898084461207,0.9640068289125427,0.43224539568866177,0.5514084302209274,0.8038479379735367
0.0,0.2449844185999144,0.9836090470897364,0.1609094849409014,0.5031227232336583,0.5295511147949569,0.8442473994234865,0.7849641298720516,0.9576826259678296,0.4062108035189416,0.553262683086693,0.8511850853747434
1.0,0.2180988655111309,0.9857496778620541,0.19040350112770327,0.5052152148616365,0.5219109897711305,0.8276099761874921,0.788610309888322,0.9532202726528952,0.3905163733475968,0.5564354630451874,0.8951662333819449
1.0,0.13296128072998392,0.9869707135288656,0.21128880014327067,0.5038770161396668,0.4847087057245429,0.7834941722020305,0.6771762443606243,0.9470069114653774,0.3608426420243551,0.5053134967837652,0.9997849051192575
1.0,0.11854084770963612,0.9879988956272794,0.23440488663495795,0.5029926921811788,0.4953395251686904,0.7390963779922296,0.7257673249020042,0.941890162284852,0.3342199602144321,0.5308940457618934,0.906416704770614
1.0,0.11000672138827264,0.9879140179355036,0.2482443144434212,0.5061881838169119,0.499806770255393,0.7341145506955762,0.6787885511426666,0.9364683851123228,0.3033343299950567,0.496055575849937,0.9186607732561082
1.0,0.08766319734403362,0.988133236580594,0.26654983108244323,0.5048851977442147,0.4915864923725417,0.7357438275473119,0.6270763996745798,0.930308242831012,0.2769352036912404,0.5147808742570552,0.9330670634609852
1.0,0.10790883353361763,0.9878894128996051,0.27591548362493945,0.5023852794665796,0.488404399145233,0.7559531269582658,0.7335626063161008,0.9226253177154032,0.2451889911294294,0.5609361254855841,0.9258126095028898
1.0,0.05377110617756703,0.9852712548390424,0.2771526811656529,0.4990278616806162,0.4977512220874508,0.6620503822534155,0.6578951261001401,0.9116645088252592,0.18090980133207674,0.5306990997734774,0.9835085313833032
1.0,0.06279406073690888,0.9832225022547548,0.2767194746849634,0.499490874700929,0.4724133080241241,0.6212557964657228,0.635330227054212,0.9096107307582316,0.1754269054147909,0.5213566452659361,0.640760197775031
1.0,0.10509807116524413,0.9817690334196854,0.2846473989578445,0.4983956804597529,0.471244628935426,0.6830116555959391,0.540056208860291,0.9122802984896624,0.1908920018645288,0.4692378292372749,0.8772613320685668
1.0,0.10980304295578112,0.9809474089069424,0.2974141198164203,0.4986950820743931,0.4945953813803486,0.6978944729916027,0.44936765032172143,0.9154264435545432,0.2173346716193912,0.478635112835455,0.8251914086320201
1.0,0.07784589689797752,0.9799319352336232,0.3050954540573052,0.4966597827350393,0.4953097418114335,0.6294961774658479,0.3457288662081209,0.9184932588670572,0.24095082205778875,0.4801856930661413,0.3105859805080943
1.0,0.07697007963826702,0.9791884977242188,0.3156291866177179,0.496590127786695,0.490185813407789,0.6195325228725402,0.24896087567487615,0.9235832023811871,0.2852729479779078,0.4962846234615496,0.3005138033682672
0.0,0.07405747805364915,0.9804414074304526,0.3280872661845077,0.4964195159582587,0.4905857002568363,0.6228224088231611,0.2479550329117665,0.9292281038998867,0.3332730262810032,0.4962180052735194,0.3113365868713946
1.0,0.0,0.9842502319546084,0.35823666473028315,0.4955503444014422,0.4718556887481658,0.5676776538413334,0.19626506915169,0.932594243552734,0.3739224583445876,0.5233123846025852,0.2070654928387748
1.0,0.017129356172475046,0.9877588119955256,0.3630406477290787,0.4968385366124132,0.4759695173452427,0.6874921669382128,0.3220915612750538,0.9390563659002706,0.4309957507983508,0.5183415819295429,0.4772711205372921
0.0,0.030062936635639637,0.98811511676235,0.3593504618096134,0.4939060912948383,0.4809607323356751,0.6928813134478005,0.2760076917387766,0.9385624086446036,0.4351827704724064,0.5013401425946644,0.4825379992930354
0.0,0.0444426339694893,0.9827334129751104,0.3008437621612937,0.4947030210249065,0.4879590826343482,0.6660609098884573,0.3027364839878708,0.9377682404096196,0.4316417583385007,0.5144667105153115,0.3861240582034449
0.0,0.16326863148461224,0.9761748411701754,0.23857988694923105,0.4982467216960462,0.5021270812174073,0.7154405313949118,0.3594778492715039,0.9359953556388094,0.3950370120240753,0.4889408271962859,0.4439098548255069
0.0,0.1627390675601358,0.970726274478848,0.18278325896651196,0.4981981950823276,0.5099215119643753,0.6501127960897353,0.35488499371348303,0.9346121034885844,0.3877024574037666,0.4853612385664646,0.3163267010808739
1.0,0.13750330977452796,0.9695647925800369,0.17338905290077622,0.5003301494816514,0.5107307833706719,0.6177152525379119,0.2635973670586496,0.9355953591689988,0.3932558934729576,0.4885765986730897,0.16425266041864994
1.0,0.11328594415137358,0.9703903253536412,0.19278169853252247,0.502532215207706,0.4893317117044042,0.6084095751347286,0.30902300125730353,0.9415157353826179,0.45030684243707103,0.4615479050614511,0.1857030688785309
0.0,0.1745116809581035,0.9699295977550509,0.19253362623126116,0.5063317738614428,0.502579047624664,0.7117433262313573,0.41487316026921095,0.9477037459044066,0.5011582068114853,0.5067313703978429,0.4287241684625538
1.0,0.15899138440230598,0.9687321957362888,0.20057724057481371,0.5053509935372326,0.4899179412704837,0.6410577766637424,0.28093336291694376,0.9499691887460632,0.5275540350080806,0.4798757617956039,0.21620808900917166
0.0,0.17597816567203714,0.9671459621073872,0.1973949194740312,0.5064240355017701,0.4911290188522453,0.6827296653716004,0.32906589749278936,0.9564414984173392,0.556197954874171,0.5021940222247199,0.3303763845035837
0.0,0.22105220278224733,0.9642395706645656,0.18362366304948846,0.5055362433609716,0.5094213086301468,0.7353365083343776,0.4188299681976189,0.9600342756672562,0.5601424667575234,0.5022804845766878,0.4401510215673503
0.0,0.21854695806261065,0.9606274646067696,0.15268711919653144,0.505445581398376,0.5091443099484119,0.6388018548690313,0.3184453812587826,0.960632915223653,0.557105748742888,0.4257437706394667,0.19395579612088465
1.0,0.21247734077438574,0.9578736636242796,0.13491906758805738,0.5050680556392293,0.4997071724944842,0.6261436270209301,0.3377338954219361,0.9672474372053608,0.5928919954838897,0.44085300522586623,0.16263218563624576
1.0,0.17410432409312182,0.9564040917687512,0.12794480688531762,0.5063176306089189,0.4942968683540975,0.5709048752976562,0.3164854670512538,0.975732645387038,0.6584844941934114,0.4210638413527434,0.059322741776508474
0.0,0.28724769334175204,0.9539935551138756,0.0936883685112535,0.5098843894047858,0.5229920735950807,0.7014663491665623,0.4365357591894091,0.9882129146598242,0.7571057542838184,0.4942262067081685,0.06515601783061017
0.0,0.35022506466790243,0.949236710084606,0.03816903000476757,0.5102518381505038,0.5251693417934036,0.7485273843840079,0.5078692404407964,0.9954380491114628,0.8269286771774136,0.5495213147702578,0.1865141481035523
0.0,0.4093936493064749,0.947280654905674,0.012123984147979994,0.5104069155561664,0.5357649526328123,0.7725592179471115,0.5591968049700463,0.9993991663093679,0.8981530245380854,0.5455851409179302,0.3336544250451514
0.0,0.37658105383221,0.9455025597687724,0.004242291404385479,0.508042324820222,0.5537858706776595,0.7990662990349672,0.6387397381850454,1.0,0.930516273621946,0.6327820264204569,0.7126429861529197
0.0,0.4297003890258061,0.9452213150009624,0.012035881852207051,0.5077093917315811,0.5560591236139394,0.8437774157162553,0.7282005768804082,0.9961854005565632,0.9358755720022154,0.6553076933757574,0.7589102950030095
0.0,0.4550176181844106,0.9419829165110948,0.0,0.5055940211856983,0.4878026782765985,0.8782428875798974,0.7610531765401967,0.9899797813143864,0.9038031098608592,0.6392159289748066,0.8457104017722284
1.0,0.23494307187811864,0.9406600231953589,0.00929508871519513,0.49134705188836897,0.4849482742262749,0.5076137360571497,0.7900673027142959,0.98295041460211,0.8741178295681926,0.6560619140187768,0.8321155917755598
1.0,0.21703973766217885,0.9414564823689984,0.017489053238838426,0.4900778523555638,0.486725808650125,0.5254417846847974,0.8999926040973298,0.9772513799062932,0.8652102176390277,0.7178663349292791,0.9860246751828792
1.0,0.2212151455282403,0.945427180554444,0.04825004818843337,0.49034615904404105,0.4847919532255465,0.5517608722897608,0.7834775534353966,0.9690057541740388,0.8405178963172133,0.6389752386954207,0.9992632448482957
1.0,0.14216754587856684,0.94833031180653,0.07090665246540184,0.4887511089836742,0.4811453792964786,0.5262564231106653,0.7515864211226979,0.9648775389071332,0.8352981774489907,0.6682315969669332,0.9735161352285808
1.0,0.12149418498075212,0.95185094911377,0.11383323724334272,0.4910678426837068,0.4853683642317243,0.5012846221330991,0.6826640041417056,0.9595069499448194,0.8104114048638955,0.6610562481027852,0.8525478030919451
0.0,0.1297431614966292,0.9529222378643696,0.13825225649907258,0.4916554997530184,0.4912230818401946,0.5521368592555456,0.7504696398195396,0.9558758349414151,0.8034206338065615,0.6732771537196911,0.948975378103545
0.0,0.13340937328146324,0.954058468314515,0.16721726492287506,0.4881900832740845,0.4937332073763876,0.552199523749843,0.7357961689224166,0.948230423414357,0.7579873497641254,0.6660294058782708,0.8235946936457946
0.0,0.1371366885960444,0.9525607737496846,0.17144237353612024,0.48845173115748597,0.4911564214711303,0.5748527384384006,0.8249833592189929,0.9428734556706851,0.7246886815366796,0.6708379634753469,0.8505908452936114
0.0,0.17371733507138926,0.9511070558487704,0.17497518222005926,0.490857535203169,0.4876251990349364,0.5647010903622005,0.8578433547814517,0.9380143071680124,0.6852793304497611,0.7172561088782302,0.9754141627415956
0.0,0.16292237814937824,0.9478659760306092,0.16666390424425734,0.4901450507195987,0.49168758288178993,0.5476563479132727,0.8110568744915314,0.9323978495691684,0.6747844083878811,0.6460043760950248,0.997576621525302
1.0,0.1968144693158444,0.9467208889452912,0.1552595150042545,0.4923954906192559,0.4849784277201297,0.5454944228600076,0.7811404481917017,0.9270609228900372,0.6934228214586755,0.6320519520935812,0.9417225150194116
1.0,0.17999063079210567,0.9448293711651844,0.13938287951583786,0.4949766594403228,0.485768735178976,0.5338074946735181,0.7301235115745879,0.9218874842447646,0.6776321097256499,0.6232145252307764,0.9164768907107396
1.0,0.1671181538586878,0.9436399409764448,0.1251136279970584,0.4941093402323458,0.4839994737527239,0.4847725278856998,0.6981732120405298,0.915791474032268,0.6475725670804928,0.6058514823166734,0.8623578832016805
1.0,0.16842169582662905,0.9425153059183359,0.1260420625151002,0.4941923219262654,0.4873306513876387,0.4582027823035466,0.7329117668811477,0.90888145549624,0.5835942015669809,0.6268816111946875,0.7867677275010263
1.0,0.19337230380675,0.9432462147550662,0.13859001250343805,0.4958931435127818,0.4885208314737332,0.5059531269582652,0.7947563050070265,0.9016002129805992,0.5376769947051877,0.6213766628437476,0.8398931555636728
1.0,0.14646516080412214,0.9447233975765584,0.1526840200066104,0.4964216206868666,0.4692739137743163,0.4745895475623509,0.8369425338362545,0.8938390085606294,0.4745837397075599,0.597019997389189,0.8827748360072696
1.0,0.11976291830458065,0.9460887021318982,0.1630997830934201,0.4983040415692448,0.4660004567150061,0.4422233362576764,0.8278529694549224,0.8833824330015678,0.3850362290046143,0.5932183241050552,0.8544582968795561
1.0,0.09342729698352263,0.9450093069363552,0.15712120754909598,0.4964665311683358,0.4562113883902362,0.4005514475498184,0.9530729975593524,0.8746893230241715,0.31506224766218105,0.6067634599709493,0.90215108508878
1.0,0.0990284538770192,0.9411663401376312,0.1280989315592752,0.4967656314681853,0.4589155788127469,0.3471612984083221,0.8252348199097705,0.865041096755385,0.2586108732947794,0.5667346229152864,0.9713827881987004
1.0,0.15933763773754,0.9361881927968548,0.09353529736763556,0.5009883065739305,0.4590030620721282,0.3318084973054268,0.7544190518452782,0.8606649628885201,0.2377725153455347,0.5582141075024853,0.9754761335564596
1.0,0.20206937287410645,0.9321876908264102,0.06846989115110835,0.5002955252904244,0.4640941299305337,0.3436834189748087,0.7356112713556692,0.8562574872527657,0.21275711436046288,0.5500945643765001,0.890476383211236
1.0,0.2306454569525633,0.9320399565331948,0.07900346635814581,0.4986093075392843,0.4767596111562656,0.3642060408572501,0.6560757340433402,0.8521796049752639,0.1808000604998881,0.5533218393064963,0.7218197272028172
0.0,0.2588141841660385,0.9334346923614144,0.10325744487645484,0.5004887026609635,0.4807382165271525,0.4556022057901992,0.7007100066563129,0.8514036892617283,0.1723124491739088,0.5912307212411785,0.8827255433682767
0.0,0.2644764445892827,0.9351060404981306,0.1442199033713316,0.5008621925723549,0.4739577376146649,0.4755295149768145,0.693669107314548,0.8484702999452769,0.1487389808408771,0.5843936395829128,0.8847290241631928
0.0,0.2422551276045381,0.9347090051538828,0.16851621051341725,0.5030711160991856,0.4681861826675677,0.4427559844592057,0.6523851786110492,0.8454462041995818,0.12641718800135465,0.5475174605900363,0.931335249119682
0.0,0.2440271299672077,0.9349430580783532,0.19302016681176248,0.5032332559384272,0.4717983715158378,0.4142749718009773,0.5765032172176615,0.8399989993318668,0.09430049317434892,0.5475044127153441,0.9215298687567512
0.0,0.22655152045949856,0.9342022322059842,0.19576134584658744,0.5019697175863421,0.4685629459631237,0.4182541671888705,0.6138451297980918,0.8371562607982048,0.08198909451940589,0.5699026929339495,0.8554715333164777
1.0,0.23086950322830346,0.9352126890106716,0.22281716338742494,0.5023101031160511,0.4677177039601504,0.3834753728537411,0.4292212114488571,0.8350217057710052,0.0704896720786401,0.5021915594353031,0.5836991748454259
1.0,0.19139662301158936,0.9358208902707446,0.2475310458765317,0.5032245199380877,0.4719111677133195,0.3610728161423735,0.3809703424302936,0.8385700291026337,0.08486280859679074,0.476582722861989,0.5874704491725764
1.0,0.19188545124956727,0.9373880465421685,0.27576878072439936,0.5032561518760434,0.4630498776069622,0.37178844466725147,0.4386435914503368,0.8392658506746571,0.08202002779702383,0.4592191909199774,0.6950723660648456
1.0,0.17314703546041507,0.9396090493035858,0.2980940808960417,0.5019479832125512,0.4718145222843807,0.33500438651460074,0.4665113527105982,0.8349270532899362,0.042016122367831865,0.4771991427285857,0.6630290517622774
1.0,0.13387783367619205,0.9415785171677448,0.3167127594467161,0.4992169499561141,0.4718201493657427,0.3402995362827423,0.5732564159455661,0.8339710482938059,0.03675345886348708,0.4908034966691314,0.7838287652474358
1.0,0.14121025724586056,0.9437136204528648,0.3430046099230436,0.496022475557943,0.44431444015228855,0.3455006893094376,0.4273056726573482,0.8311139455407304,0.013448029185500364,0.4636253599953506,0.7803948005983109
1.0,0.1134081512108684,0.9430100862911084,0.3458094006948139,0.494049160134489,0.4358894181770498,0.3005702468981074,0.3673249020042897,0.8306379964024624,0.01970395269747266,0.47839828701739295,0.5742227671861407
1.0,0.09937470721225322,0.94037650476086,0.3336728110078774,0.4929497847176517,0.4424534161032257,0.2325792705852861,0.30201908142888834,0.8299561332870204,0.0,0.489900365185132,0.4548690768135429
1.0,0.1538179522170397,0.9381287412003364,0.3141983801453382,0.4968513944991903,0.4369515850929073,0.22593683418974814,0.2515124620959988,0.8333949697766576,0.010952593130705124,0.5098384693197302,0.3312960859610222
1.0,0.17408395624987275,0.9365145273213532,0.30008945882340543,0.4983243935359832,0.4377415104803762,0.259869657851861,0.1561570889727088,0.8392476771894204,0.0351752625898471,0.5275275249401644,0.29006031562422474
1.0,0.1532272847628165,0.935112963879006,0.2856022229077753,0.4967988210751655,0.4732477896847672,0.20716881814763755,0.0,0.8454555801739461,0.06043861289644802,0.4532209385115417,0.03703982874544067
0.0,0.3403873963785977,0.9339081639567388,0.2704732512770573,0.5064787995310389,0.4881492817072395,0.41834816393031743,0.07221359366910696,0.8559028663829801,0.10755230595308383,0.4363354551575525,0.0009082217973226717
0.0,0.3682098702568385,0.9333310756947596,0.2616697772859442,0.5084635198529357,0.4890075666110356,0.4632159418473494,0.1309814362842982,0.8645243302884129,0.14250466704533832,0.4094945963180941,0.0862495860209112
0.0,0.3388394402916678,0.9329266117882478,0.2544533126328131,0.5099318114709713,0.4903622086758437,0.4585474370221834,0.07996449966718439,0.8714924588387303,0.1910563831390304,0.4308184462664726,0.045740260129914605
0.0,0.41556510581094586,0.9335150572476636,0.26265841329083184,0.5117338543801998,0.4884245965259898,0.5139741822283497,0.11587900303231975,0.8804721087532108,0.2503516402644739,0.4023566134467396,0.01328732221756342
0.0,0.3882721958571809,0.9336081382141264,0.2686149950570822,0.5133287265630135,0.4902512015404213,0.5118435894222334,0.12881443680201116,0.8886889897829133,0.3047879842281779,0.4078952861010608,0.04418357145160709
0.0,0.3827932460231788,0.9338197286041046,0.27805239654163194,0.5128074812349811,0.4920881956480661,0.5347161298408322,0.13382885881221795,0.8979944140117571,0.34813892122925083,0.410182159107548,0.06113135743541754
0.0,0.4428987514512092,0.9328567663603542,0.2795818575310359,0.5133628885348185,0.4921026450509939,0.5680849730542676,0.1684860587234676,0.907676921446104,0.3893197828435302,0.4265211788022129,0.10060926584359263
0.0,0.4416970486995136,0.9346738549887748,0.30551919050694765,0.5133065096914413,0.4899745653253578,0.5624765008146387,0.2071592337844831,0.91460482992724,0.4100124390849291,0.3964688224632563,0.1780092551233719
0.0,0.3230543617736316,0.9384294398858444,0.34972425163623033,0.5084391888320485,0.5017791525955182,0.5287003383882689,0.19076991346793928,0.920137918157129,0.4138841267096592,0.3733479584156051,0.036448748414301714
0.0,0.3595942725624783,0.9436617820084859,0.3965589444697418,0.5108393313465428,0.4926221809386297,0.6021744579521242,0.2889505214111381,0.929280400833388,0.4502574690089365,0.3759303420394178,0.17973777348777348
0.0,0.3635456341527996,0.9436282290274484,0.3950850127511408,0.5109349558776263,0.4877815227052237,0.6544366461962653,0.33863619554766605,0.9353244032554956,0.4756162816417734,0.4060632860863012,0.3299549549549543
0.0,0.3652769008289716,0.9431308176565978,0.3871470488293399,0.5112154646806351,0.4893906712333025,0.6081589171575387,0.3381480659714513,0.9383504048901591,0.5108852909125837,0.4050355454066487,0.3069095881595875
1.0,0.27189033953194697,0.9387817745295856,0.3390864423927067,0.5087225288995874,0.4893354746199393,0.471017671387392,0.3433325937430667,0.9423097861275632,0.5318405175834011,0.4086371047375167,0.2005509974259981
1.0,0.3691875267327943,0.9355458759730112,0.3026563661897389,0.5119231621806875,0.4927668118588094,0.507331745832811,0.2669846904814732,0.9478640005749116,0.5713986829908555,0.35935914387148205,0.025619369369370724
0.0,0.4525938448377702,0.932188317435532,0.2683477053263126,0.5139851042314675,0.4954205477913525,0.6083469106404311,0.446490644183122,0.9584673569295374,0.6354690214293552,0.4751096556358057,0.2700783421784172
1.0,0.4421451412509933,0.9302586717076882,0.2589024179718677,0.5169306363182442,0.5027446815538836,0.6024251159293148,0.4447008357370017,0.9619795705381846,0.6693595860920043,0.4733131311011958,0.2508264570372482
0.0,0.4756095077092287,0.9299610314175132,0.2654627226825301,0.5155961919577744,0.4934780129110166,0.6146133600701842,0.4887064566230309,0.9671294106476818,0.7111562743743107,0.4756605572517622,0.07945729568882845
0.0,0.4677882559015824,0.9280565188525688,0.2576455320216761,0.5148352429881929,0.4935840025625042,0.6391465095876674,0.4855705938909846,0.9713214118514396,0.7628789460077359,0.4723610716342165,0.15756845796875402
0.0,0.5319062264496814,0.9263920471100088,0.2525750102307165,0.5155856996849367,0.4938969383268321,0.6870535154781304,0.5866577915834625,0.9752402612925511,0.8135532733047379,0.5566430795231213,0.5391184573002739
0.0,0.5409088131657742,0.925212708067882,0.2539493110347037,0.5163130481295546,0.4974146999556157,0.6745519488657731,0.6574735596479548,0.9750037360267972,0.8394348380337244,0.6231579688263259,0.7759543486816206
0.0,0.4521864879727886,0.9251290006656371,0.26573961785243705,0.5138304365614583,0.5010926821275435,0.6031457576137358,0.618038606611937,0.9713988690818188,0.8250225646647342,0.6113639347127645,0.6941106400868854
0.0,0.4687659123775381,0.9251098484274448,0.2776551266001108,0.5112742712003631,0.4846093937031246,0.6202844968041106,0.6686709562902153,0.969118865965172,0.8176933839555965,0.6602203586592442,0.6614231160004196
0.0,0.5342077927368273,0.922828068208867,0.2718883292948746,0.5120874869472795,0.0,0.6842022809875925,0.713578877301975,0.9646939848200328,0.7929329454279495,0.6961903104313172,0.8513124721933852
0.0,0.7501884025500539,0.9224614296382534,0.2793622986203872,0.522434079581212,0.6427088635278525,0.9947048502318584,0.7708453516751724,0.95858638457363,0.7724165449227303,0.7357706982580559,0.8047802500196558
0.0,0.6672505448398073,0.9195681206401444,0.2690288559873246,0.5201386138355337,0.5643189848786991,0.9943709263282636,0.8204200872716518,0.9527090715633622,0.7515679650025702,0.7237981299003231,0.8399103040429139
0.0,0.7049310548506021,0.9174922204024968,0.2589570404968196,0.5230794694250862,0.532176823185507,0.965633023898874,0.8268619184971522,0.948652425308146,0.7474753709964279,0.6852986038760843,0.867078379314325
0.0,0.6886571480945883,0.9172626253086168,0.27116813322948385,0.5258269850691719,0.6291045686659221,0.9411086970834152,0.8073663190592409,0.9445955063348932,0.7393558643255029,0.628954903970663,0.9296988990582298
0.0,0.6080819602012343,0.9167690312838106,0.27814872497251153,0.5192635425797648,0.5596539893048219,0.9692540654420958,0.8225057318245693,0.9396890701685016,0.7347119258130155,0.6383583639466672,0.9797005939305192
1.0,0.640527934497016,0.9183600685582919,0.30525951323694744,0.5219213782589562,0.5241007983427647,0.9175390084929878,0.7601360846091261,0.935454382072444,0.7502002745064351,0.6232223505963187,0.8838075810245403
1.0,0.5590972971872009,0.9195884467363428,0.3196410715698482,0.5198388424886292,0.5203788196133299,0.876489564816643,0.6648546705125362,0.9312307901631836,0.7570928333860463,0.5337027713136232,0.8809766657646587
1.0,0.4738986088763058,0.9240448767210552,0.36282424039301053,0.517340269710129,0.5190250512949752,0.8763908091381916,0.7661637452851127,0.9271285400807516,0.7668124868874411,0.5457876060810919,0.8966299619075376
1.0,0.4412285883047846,0.9265626296576188,0.38987925806392576,0.5189599879238567,0.5107515396626574,0.8460728158535783,0.7417942459877228,0.9190532726794192,0.7337204207802088,0.5753120792485822,0.9984071133089248
1.0,0.4246491639000347,0.9287369445639746,0.4176903264780146,0.5216346141298097,0.5135301112275938,0.8262229244848239,0.7234524073663189,0.9130318330052992,0.7265570214615833,0.566523466788941,0.951028817454238
1.0,0.34492942542314176,0.9315362048255258,0.4521805113703496,0.5199742463485516,0.4883140594118546,0.8155902297715446,0.7308039346202206,0.9070424114215332,0.7104099089981188,0.5740219342627292,1.0
1.0,0.2897325702181396,0.9342576162483298,0.4897062118168237,0.5201940897973546,0.4836672138820308,0.7719731384554607,0.7444937504622443,0.9006595985613328,0.6949860362815032,0.5830675169226079,0.9333352229245216
1.0,0.2849053913681083,0.9334456901577906,0.4958060482090129,0.5199049852325639,0.4892136434743348,0.7638751728224373,0.7426891502107833,0.8947728562089696,0.6888081236410104,0.5807904778551318,0.9813017960893028
1.0,0.29796117889076723,0.933641276034462,0.5080734154459522,0.5207625648559555,0.4866717208864759,0.7477121601158729,0.7303601804600252,0.8890208702303108,0.6853363033573627,0.5746729632740272,0.9100743337160808
1.0,0.2577550563170865,0.9335291622172266,0.5179395471087819,0.5181282273973329,0.5049689421318293,0.7694054908157214,0.7643221655203019,0.8822572588595003,0.6735033990550527,0.5524728126281357,0.9902909904868488
1.0,0.27358087052162083,0.931580817945407,0.5172323523541774,0.5154108597136069,0.5117495119505638,0.7803015340048719,0.8203757118556321,0.8741773368154366,0.6324712416038769,0.5829905688356279,0.9531652580124736
0.0,0.3589017658920098,0.9262111136421988,0.4899322622945962,0.5170851668738857,0.5006489312358468,0.8061426031996837,0.7930404555876052,0.8665053140425802,0.6031238902059971,0.6206796875431759,0.8918802075145426
0.0,0.3737295557773388,0.9198746075498291,0.4529449849198711,0.5181194077297819,0.4954645808493494,0.7762525511883599,0.7806301309074775,0.8616540041520422,0.595967828955443,0.604200032592397,0.9369595975475556
0.0,0.3923661323502456,0.9159745585086873,0.435566854781109,0.5193737901448173,0.494922432965455,0.7583777733886363,0.6876266548332226,0.8555755407754102,0.6021609191287939,0.5859200167891484,0.9704022569191108
1.0,0.3884351386031734,0.9124536390250602,0.420102579263504,0.5191904486195521,0.5016858641022047,0.7384291263414312,0.6708897270911915,0.8514465848677804,0.6144179052108758,0.622570703738807,0.9316357799503854
1.0,0.3698800334032628,0.9094040516310736,0.4090487253648025,0.5182101672645212,0.5004297790037813,0.6689051287115672,0.5838769321795722,0.8461853456884032,0.6188271144012567,0.6123009738423506,0.6840799649788403
1.0,0.379208505611341,0.9096991428358191,0.4214332033688588,0.5188762210692173,0.5034427601175494,0.6530383830403579,0.5562088602913983,0.8442159964577078,0.6497263651555003,0.5921101929412425,0.5251228172576485
1.0,0.3167199625231685,0.9120488573195004,0.4491343777639612,0.5146037238651416,0.4937300821097588,0.667950490486536,0.5484283706826418,0.8446077320928074,0.679297805871445,0.6341072507452844,0.5130113332360532
1.0,0.312727865246349,0.9171423615492288,0.4933679227608839,0.5142509617076689,0.4992746005732326,0.7061360194877867,0.5671178167295315,0.8459205816643038,0.7065752197495309,0.6502409881771394,0.65491998638066
1.0,0.2779395889769233,0.9179934295280128,0.4902558405484389,0.5119595416945495,0.5102932856154052,0.7337217723352424,0.5340803195029956,0.8447595283257596,0.7173942151001944,0.6717813023515972,0.5833211732088142
0.0,0.3379432551887083,0.9161173179619232,0.4614067545018397,0.5119544291370929,0.5167278658571121,0.7748699716900386,0.5745506989128029,0.8431337143024984,0.7434268879578344,0.6573904725117052,0.6496181720900832
0.0,0.4320426909994499,0.9124072631610064,0.4199467038310193,0.5140231300776049,0.5106493198140907,0.86058990058595,0.7131499149471191,0.8405364801847419,0.774798004167746,0.7426625532006522,0.959628386594678
0.0,0.40703097948958217,0.9089516283562604,0.4020147326469311,0.5162106900060782,0.500064769092033,0.8356705510566855,0.5955180829820281,0.8328772745362567,0.7568378501405033,0.6925557354826936,0.8860370296103192
0.0,0.3739536020530784,0.9065758896299508,0.40044380541898217,0.5143917444459095,0.4935961306174688,0.7529791296332867,0.6255380519192371,0.8304208940963862,0.7626891938005433,0.6811072320139945,0.9600628300247316
1.0,0.35983868668146746,0.9037129485556604,0.40488932517274,0.5136370829189714,0.4926540806532753,0.7049509513463686,0.5983433178019376,0.8260905752781096,0.7592585837042689,0.7017671872999766,0.8817749492971524
1.0,0.3710002647819625,0.900155611432333,0.3976853068210583,0.5106480606159317,0.4959289610015924,0.7056093225360456,0.6128097034243032,0.822833058849679,0.7759377750307401,0.6728157387538778,0.9362141408287464
1.0,0.41358942501578494,0.8957960501682194,0.3791108251983048,0.5096954173550214,0.4981029772187635,0.7091974455197837,0.5701575327268694,0.8190197301552955,0.7847695360901157,0.6312405310887711,0.7672060753051562
1.0,0.465262643338697,0.8917834679482262,0.3554372383616542,0.5093185573753857,0.4959541088763021,0.7347751662387251,0.5707196213297836,0.8161105788631888,0.7804093036528299,0.6320004920234938,0.7905848674008985
1.0,0.4653441147116933,0.8880771538700429,0.3307842176774616,0.5093257137112799,0.4970752262419406,0.7343801435249192,0.6213297833000516,0.8129332774717672,0.7790900962639051,0.6822286083862201,0.7314222098524905
1.0,0.4586634621259956,0.8828931921020355,0.2979285167375513,0.5091606124059149,0.4853035679218092,0.6769701757851074,0.6085644552917681,0.8094334309754299,0.7703770670617154,0.6713719465247588,0.6533736233151753
1.0,0.4644071939222356,0.8816219460009471,0.2929961453560358,0.5101219452760065,0.4832616624545772,0.5668905128711563,0.5488869166481769,0.8089868413648118,0.8059440346547709,0.6071071068235205,0.3633258618849397
1.0,0.37055217223048265,0.8843518286233967,0.32170009368089303,0.5034765090471187,0.4894638642327725,0.5701165317005724,0.4929738924635749,0.8108468727976899,0.8513247668957573,0.52829349904442,0.3682712491550128
1.0,0.3349899179175918,0.8880497337257844,0.3559620396394205,0.5009480068756662,0.4874804875342813,0.6180459543090389,0.5655129058501587,0.8130328089626107,0.9062476357432052,0.569397939384487,0.5095883587718352
1.0,0.3939955598101719,0.8923227398638192,0.3967770679988751,0.5010018754169098,0.4816270589519626,0.6317729936137991,0.6181051697359664,0.8117741825237106,0.9504725168740636,0.5930165694712118,0.6802220087522673
1.0,0.2507485182394034,0.8983661306012358,0.4572491947448556,0.4956607305192541,0.485387455996826,0.5849298834682991,0.6554322905110566,0.8088814027625209,0.9609695721602602,0.5826900991314816,0.7125630571487787
1.0,0.12322545165692406,0.9068170364764196,0.5414351881101186,0.4917784776489538,0.4767502011313109,0.5625123444598062,0.7017528289327717,0.8051359488162293,0.9653627082654632,0.5819447703814165,0.7861860908224834
1.0,0.0757480090433225,0.9105383591036318,0.5884796102213751,0.4926043578612618,0.4779428080671825,0.4931529396273619,0.7108128097034248,0.7992627639742649,0.9304957851268424,0.5901282507606921,0.7383639509020521
1.0,0.08059555573660293,0.9110752273454396,0.6109221497034821,0.49286974093219504,0.4765834277936724,0.4804134571071167,0.7999186450706313,0.7954739546740901,0.9389621822957824,0.6028244236154822,0.7998795798675384
1.0,0.05450434853453412,0.9114947504225784,0.6211030549273676,0.4950511479566686,0.4772824443869305,0.4773849496346042,0.7876636343465724,0.7921003899311554,0.9563260911480138,0.5733965259571362,0.8835617845913568
1.0,0.04230401042833615,0.9120082251978836,0.6302236624982483,0.498002765629685,0.4738606858990502,0.4585226150503655,0.7625101693661709,0.7877437891863956,0.9969462185040529,0.5272149503642243,0.9148599494461678
1.0,0.055420901480742274,0.9111768166374312,0.6156028519088658,0.4950731873640752,0.4731999688282247,0.461715715320297,0.81213667628134,0.7799557882082382,1.0,0.5581244195644273,1.0
1.0,0.04061347943866234,0.910754597683996,0.6120219253928466,0.494101902342637,0.4720341623662743,0.417604845611956,0.8544782190666376,0.7714321997123585,0.981718252016592,0.583751933567645,0.8772865527138758
1.0,0.06322178544513914,0.9098112827430004,0.6042096692384289,0.4955234628363737,0.4723196524459459,0.4730067812232534,0.8740551734339176,0.7670314138677989,0.9575960168657374,0.613947009105651,0.9504410212370052
0.0,0.10175774487239553,0.907702254160254,0.5901168796384159,0.4941239801193222,0.4733552655881787,0.4886760155375597,0.7888617705790995,0.7616542934730803,0.9250367284863056,0.5573360206626112,0.9559843400447432
0.0,0.12903028698291166,0.9044469018202947,0.5651291553172123,0.4957428813296449,0.478220801103133,0.4725130028309962,0.8516012129280381,0.756325821948107,0.9077656822167957,0.5330125410979605,0.95909768829232
0.0,0.16108927225696099,0.9025105563097561,0.5524259251712348,0.4939830987817474,0.4803618874769785,0.4989136875370334,0.8640115376081652,0.7486278126108361,0.8637121442328562,0.5393669653842977,0.9592917362975756
0.0,0.15355317025480192,0.9010926284774644,0.5483315406273487,0.4972305123211931,0.4727582295425343,0.4939429850549741,0.8499223430219658,0.7412936716016005,0.8288301003609693,0.5829639819407041,0.9445706667668092
0.0,0.17683361508849815,0.9003444232586431,0.546237129072836,0.4949291631667936,0.4745518675887771,0.4979261307525178,0.8843354781451074,0.7349592284097948,0.7969430607377048,0.5448887782496776,0.9847683274228232
1.0,0.1221255881214739,0.8980700599663463,0.5313968280203579,0.4952497175477276,0.47223486526883296,0.4111528079531237,0.7832260927446199,0.7272739503101866,0.7740954592870397,0.5310378322515632,0.8373561792821846
1.0,0.15632319693667635,0.8967133226085717,0.52087760414545,0.4936459742952353,0.4737722546222222,0.4113174007505428,0.7847348568892836,0.7223695172356823,0.7802109998505571,0.5318526072391608,0.8328340552195239
1.0,0.16968450210807212,0.8955758120437716,0.5206653475063255,0.4907706191717121,0.474674921737065,0.4233326749621436,0.7957547518674658,0.7150142981080749,0.7745053560174604,0.5375803261028925,0.8116926482092777
1.0,0.19589791636963572,0.8957590858662117,0.5305135372562674,0.4923949739564502,0.4778709286156133,0.4777141352294422,0.9046372309740408,0.7071164467757621,0.7370156060807775,0.5643058236249588,0.9585948978228932
0.0,0.2571643888628633,0.8955929976695116,0.5458696225079228,0.4961355539740331,0.4769827427036494,0.5789716242017248,0.8748613268249394,0.6949194804357028,0.6741932421714039,0.5530704776593676,0.9824309721652952
0.0,0.2398924577876448,0.8934930305281168,0.5466625957464767,0.49511972600416204,0.4764537994414486,0.5355520442425435,0.8979809185711116,0.6823138580319159,0.5671689739667771,0.5646605876845664,0.993641640571298
0.0,0.22722365928671806,0.8911896732911118,0.5527728568159295,0.4943894479612579,0.4732954816503279,0.4629666205806832,0.9845203757118558,0.6725138654778648,0.5167147170918793,0.6036185309034658,0.9712132279699844
0.0,0.2466545817463387,0.8881359625362664,0.541889881327099,0.4919077247204867,0.466787831080335,0.4814668510105992,0.8161896309444565,0.6630622474172148,0.4696198548321775,0.5124633293131329,0.962203860305984
1.0,0.22663299183249486,0.8847832697500324,0.5332407571666807,0.4907075635494735,0.4555714230080198,0.3915662650602406,0.8031876340507358,0.6574659664555011,0.4727883923082806,0.5082963553221135,0.9848906208484638
1.0,0.2065910340754014,0.8821988671588168,0.5233550691933507,0.4894492907954524,0.4587505447060371,0.2979458818882081,0.7343317801937725,0.6495661192653437,0.4553438322773919,0.4808275601150728,0.8
1.0,0.22231500906369,0.8814259560244337,0.5221732148758226,0.4904859414853272,0.4710469971936752,0.32908683915991804,0.7708083721618224,0.6448676195969316,0.4396736675124479,0.5089784232221323,0.8900516913031652
1.0,0.2623989245778768,0.8825826387722566,0.5212952673972883,0.493103170445129,0.4578532908025458,0.3979195470406214,0.8330227054211969,0.6352369636452586,0.4073283242858366,0.4950439065982821,0.9793597533327294
1.0,0.21257917999063106,0.8836017274551315,0.5203534034632354,0.4935613592221347,0.4592175781977599,0.34166172888274426,0.9046963981954,0.6242545259812617,0.3546704965599685,0.5306200806673516,0.983891658114646
1.0,0.20909627879503856,0.8850358494469206,0.5320186013389588,0.4933232641214759,0.4654921266306438,0.3471591283165445,0.7578729383921305,0.6167622577097298,0.3296019351605704,0.4971696802356238,0.7811755509231684
0.0,0.19166140497382714,0.885979908288693,0.5482841368538528,0.4958840478470916,0.4688320653730315,0.330535255777207,0.6994674950077657,0.6170666911629206,0.3425946631016312,0.4532293035576046,0.786982578916021
0.0,0.2454732468378923,0.8871830523437627,0.5602795629226335,0.4993970508506016,0.4687768567318854,0.4218513397853708,0.7362473189852822,0.6178857213472506,0.3424877869187598,0.4754140561893678,0.9670562835020842
1.0,0.21677495569994107,0.8882634985651126,0.5681125861531587,0.5012293013834274,0.471515236268466,0.3943314240568834,0.5894904223060425,0.6132602937095553,0.2987735330689682,0.4468572987343766,0.9601777699551176
0.0,0.1854288449396093,0.8883384678833885,0.5725272088256826,0.5028797953430624,0.4748344864031625,0.3649351504378168,0.5890318763405075,0.6121686292351649,0.2928050813576341,0.4469243428916176,0.9050779510022272
0.0,0.20402468582601804,0.8869054463209399,0.5625734115040723,0.5041055713408943,0.4476181342924892,0.3523602607149913,0.5354929369129501,0.6111303390701976,0.3036599262867288,0.4185667279781891,0.9300445434298444
1.0,0.1685439028861234,0.8843195008075817,0.5482034984758587,0.5017208271283348,0.4712842535323546,0.2455066166304563,0.4436358257525331,0.6103766447847874,0.3287090374246249,0.4258950706479193,0.8232770883942837
1.0,0.21139784508218465,0.8831407466222074,0.5415013993814061,0.5009249969957161,0.4716864917776021,0.2866548159852525,0.4760150876414465,0.6090479232256021,0.3047205125114624,0.4406289133486939,0.8384339136544614
1.0,0.2384259730737111,0.8830235268477944,0.5642371933447253,0.499053209617671,0.466850701494193,0.3299098031470139,0.5112417720582796,0.6039779595566563,0.24493082083815004,0.457308940901581,0.7979168621563288
1.0,0.2459824429191197,0.8830930387598939,0.5739097888659458,0.4995633278035268,0.4633920229313809,0.34416353940351585,0.5054359884623918,0.5975368616077403,0.16353532178382027,0.4545951107433999,0.749160176409871
1.0,0.2575310100413468,0.8826381184476,0.5708867911673922,0.4966369953577822,0.4751838921676386,0.3494963460398971,0.4855927815989942,0.5944928160487617,0.1391766879082536,0.44483597019264093,0.6173594820305899
0.0,0.25392590178626,0.8811197044200478,0.5316215829935699,0.4964309612827599,0.4770445899704261,0.3235236026071501,0.3702906589749277,0.5936033513222354,0.1428485156942838,0.4445954196707744,0.5833911982734351
0.0,0.2842128846976396,0.8789717852863237,0.4948403480558062,0.4947934873051609,0.4344793502014976,0.3311607084074001,0.3334368759707121,0.5971903389877982,0.1855177773398051,0.4247663594191852,0.4812799099183637
1.0,0.19984927795995686,0.8767468314787439,0.4676310884710274,0.48898763917268,0.4480500113517946,0.1512607808282307,0.09010428222764556,0.5991816563492591,0.18823969347952152,0.3530415974934084,0.14768271219933976
1.0,0.2737030775811149,0.8771044768788268,0.48455766049822496,0.4904941233893767,0.4499813592872858,0.2493251695305809,0.2834109903113675,0.6071203277230974,0.2265357764330248,0.3919198943865884,0.401064709380757
1.0,0.22944375420086766,0.8789992066900287,0.5182377306882665,0.4910563842918153,0.4547328648943452,0.21561656461913184,0.3134235633459063,0.6067192613698198,0.2293892681090463,0.4086907176547804,0.3682530933143797
1.0,0.2095443713465181,0.8815810612180675,0.5479394605102704,0.4896174947198267,0.4424551561374953,0.22045559286325594,0.267176983950891,0.6065614444501006,0.24945968211772346,0.4359746232685392,0.3365729122847736
1.0,0.2228853086746648,0.8852927416394549,0.5647119567746942,0.4905575111027834,0.4347503900900243,0.2428402133122657,0.3460468900229274,0.6086492484621975,0.2633254843543303,0.4306056966362977,0.3370515963387923
0.0,0.16143552559219504,0.8885725613428015,0.5778980826299839,0.4899811483883659,1.0,0.22829021002040956,0.31884476000295825,0.6086633298410613,0.2319569387681427,0.4650454058630686,0.2864561423867476
1.0,0.01877915147565029,0.8908690672001921,0.5804270906296639,0.4831464314844629,0.5426419168374966,0.02011323984462444,0.23359218992678046,0.6121933629080699,0.23141064220387844,0.4021409561916625,0.002117313785903468
1.0,0.05324154225309101,0.8916096592749936,0.5767669105469851,0.4819073853483426,0.405985347962504,0.01948700866089243,0.28338140670068784,0.6220990870305123,0.230466103257186,0.4243841225639508,0.02091396975117926
1.0,0.12355133714890924,0.891643934479285,0.5659355890875711,0.4832822125688104,0.4429580626270704,0.0981074168797953,0.3807410694475261,0.6319376923965894,0.25702330183140554,0.4294914113646137,0.08375625572707363
1.0,0.1542456769252704,0.8910962628154928,0.5534297616911842,0.4817945033894118,0.4497470480802593,0.14448422847399825,0.3949633902817839,0.6416987176336735,0.2747716734936171,0.4372514644957389,0.046088991084755136
1.0,0.19866794305151045,0.8908006407998241,0.5401910454572428,0.4812745460716248,0.43834283619777137,0.16392156862745108,0.3688558538569631,0.6517141989117088,0.327495680114992,0.4269861141844147,0.12978102189780946
0.0,0.17241379310344826,0.8915826539323131,0.5464058949735832,0.4831007244656497,0.4771796245825934,0.12238704177323095,0.3349530360180457,0.6566438094747775,0.3370472867308489,0.4560946712659299,0.0581995133819942
0.0,0.19718109049432744,0.8928871356283217,0.5628506787841904,0.484861891193677,0.4911030318860081,0.20958226768968424,0.4831373419125807,0.6608862865866267,0.3300213485399396,0.4905655001739478,0.25577517288734153
0.0,0.2611157504531849,0.8942364546244437,0.5815629395947336,0.4857063961799616,0.491193632457277,0.27710144927536257,0.539997041638932,0.6613114919002092,0.32017349182169696,0.5226190050732307,0.4588013144342538
0.0,0.2543739943377398,0.8942381470746525,0.5861478332046343,0.4851979000352325,0.4911159636139177,0.28317135549872136,0.569255232601139,0.6630380124654864,0.3425288043185037,0.4888779390122708,0.4823924665260678
0.0,0.2305843534228161,0.8953254904841221,0.6072699455343249,0.4835524668835485,0.4793317021111943,0.2424893435635123,0.4277864063308928,0.6654700038201964,0.3883621069149139,0.4624812165557535,0.3547746333807445
0.0,0.2010102450251544,0.8964215020564901,0.6316216627516057,0.4851610890110091,0.4862500290442269,0.20088661551577133,0.3530064344353228,0.67110889989593,0.43159646236747257,0.4772682396788946,0.3103143852077098
1.0,0.188463653583722,0.898381495576992,0.6585556050299607,0.4879617457686762,0.5036110112065344,0.1907587382779196,0.3130315805044004,0.6746222955638121,0.436514948647556,0.504931092296189,0.20388444749619852
0.0,0.2364502922785509,0.8996955418020469,0.665937661476829,0.491346600911994,0.4984750264083631,0.30039215686274506,0.4712817099326974,0.6779826890573066,0.4167120884964091,0.5348319248785527,0.5418117612438078
1.0,0.21325131881785048,0.8997772668772044,0.6663138609580804,0.4897298254297375,0.4931836445793536,0.2393179880647909,0.5070408993417647,0.6764591599476497,0.3672679921608518,0.553765614095265,0.5305802148217177
0.0,0.3416502026600404,0.8999254789449664,0.664274752225016,0.4950896375700866,0.4912108318866734,0.4289514066496165,0.6209082168478667,0.6767320548084619,0.3474003537593604,0.6163593494635969,0.9431065770758748
0.0,0.30380674990325296,0.8993140626475087,0.6707460489000606,0.4961178694793164,0.4907823683602167,0.3880306905370845,0.5309740403816287,0.6699100889604503,0.2785585727787563,0.6161541998903295,0.8336486523539258
0.0,0.30537507383343193,0.8994490583523487,0.6794595452398411,0.4962837409379607,0.5016594376185932,0.3671270247229324,0.5677316766511352,0.6641091528804881,0.21580529297304074,0.636159786685982,0.6603602862548338
0.0,0.3013218730268653,0.8984363724314954,0.6809698622918904,0.4960068904379354,0.4959469434304142,0.36006820119352084,0.6595222246875232,0.6578827351003679,0.14419606073331115,0.6363497960098807,0.7719283814537592
1.0,0.2341894616779032,0.8980327927204113,0.6804695602764631,0.4912138173446631,0.4967762301795062,0.2174595055413472,0.6368685748095555,0.6521540232102141,0.0967627269950655,0.6272346175281759,0.4805077311108677
1.0,0.2418070350530581,0.8983350768639911,0.6868804883288203,0.4917850240270252,0.4694668307863434,0.2318158567774932,0.5993861400783964,0.6524884324603881,0.0877539611519384,0.6034555589794611,0.5586429193233423
1.0,0.1870175367130376,0.8956075352885601,0.6666081044871522,0.4913905346397995,0.4938919659782832,0.14745098039215684,0.4684342874047779,0.6522092833787636,0.07750306870218943,0.5826656712083741,0.3793614568383416
1.0,0.31012078131046705,0.8932341942697328,0.6492703863604711,0.4972404163999473,0.4570317482832154,0.1942710997442452,0.5679535537312329,0.6577297671660916,0.10495978766129266,0.584011860980483,0.4123473637155032
1.0,0.2844165631301301,0.8902185290451563,0.6211328490107211,0.49905478647634105,0.4772999533932102,0.17753322947396313,0.3734708971229935,0.6607320120240441,0.10412336289834184,0.5464276266869319,0.29576735759828743
1.0,0.27836731368515405,0.8908794380182616,0.6232476909786661,0.4986293158498946,0.506421400882757,0.1898075757092255,0.3964055913024183,0.6683663353416059,0.1347987441294703,0.5050873379371815,0.3611509775780535
0.0,0.3671303745646374,0.8931128301011975,0.6413738074345313,0.5016698767084593,0.5070385743987554,0.32220697577943,0.5242807484653502,0.6725011287138489,0.1362694312692771,0.5129859314336837,0.7154083241182984
0.0,0.3334623296739109,0.8947360979883701,0.6530258320398644,0.4988649233479554,0.4916706716668556,0.3324823690844688,0.515723689076252,0.6729056280213173,0.1385946334173953,0.5087659398299347,0.7540408912312082
0.0,0.29822596085300546,0.8971794508012112,0.6720400631701741,0.496342716397133,0.4894508614920708,0.26530937868972804,0.3602026477331555,0.6731176964178556,0.13928591175342284,0.4820840402208539,0.4793308707620642
0.0,0.2656985151842273,0.8982878606298981,0.6807986878544227,0.4975288431153733,0.4944336849840113,0.2410249864377571,0.3624731898528216,0.6755633605875444,0.1490153282671242,0.4831373803774273,0.4774311090867688
0.0,0.2722365928671817,0.8997969310142127,0.7031166280672537,0.4943266204166576,0.5048543345573308,0.2492580655455216,0.4305672657347829,0.6772902507835981,0.13476436148106047,0.5188992294050627,0.409246185379185
0.0,0.3286555186671286,0.9004368047718456,0.7225498917094094,0.4949093657872877,0.4995670116869359,0.3370775760283373,0.5023223134383551,0.6784221070993364,0.11108832905872773,0.5519389104124685,0.7263493509451144
0.0,0.3664786035806672,0.9006295128918642,0.7311661803866966,0.4940757341207536,0.4934235030536139,0.3889332099435174,0.6270468160639004,0.6774364337762253,0.09137381834122517,0.5630699853285388,0.9153268048280568
0.0,0.3926309143124837,0.900737181563202,0.7352427076164584,0.4923491330465107,0.5090063670046172,0.4240035740498455,0.6114488573330377,0.6747298351534898,0.07386872241973974,0.5543604067316535,0.9395809610567064
0.0,0.31319632564107786,0.8995723730886536,0.7320948090391091,0.4902367212019951,0.4997807835805294,0.3040814372786161,0.4367206567561568,0.6729348043928223,0.06503604856889439,0.5234290990187134,0.7661125028467315
0.0,0.315090535063242,0.8993917372013114,0.7384373827174809,0.4905545522456153,0.5074806705188499,0.2539170948080541,0.3859034095111308,0.6745607266558578,0.06895431501044152,0.5498057387515051,0.6126564222265446
1.0,0.3421797665845164,0.8994279840270616,0.7417708323295723,0.4926329280824692,0.5007069896193489,0.310399846826435,0.3576288736040233,0.6764620391574674,0.06804198004250689,0.5388785840046598,0.5945325292543635
1.0,0.3631993808175653,0.8998566732470471,0.7491580747959078,0.4942562791590025,0.499580024242494,0.34936337237131826,0.3421492493158791,0.6792108628774765,0.0695620352553436,0.5336975679219442,0.5822934928328343
1.0,0.3951768947186182,0.8983481122718171,0.7305332986482987,0.4930786961613437,0.5174414182111281,0.3709672272393656,0.1942755713334809,0.6795819826548826,0.04404451510131169,0.5153297546706406,0.35770954409412725
1.0,0.34979733995967194,0.8970720292888579,0.7168034213348392,0.4899188717083158,0.5039442196737718,0.25424366979385665,0.14586938835884894,0.6836360316441865,0.030404343469022318,0.4796945850023571,0.2106329188781623
1.0,0.3044992565737217,0.8966407640515413,0.7019268841033598,0.4899997025651418,0.5095982257383104,0.21469678217821767,0.07951334960431877,0.6896142810268633,0.02769496526390114,0.4851058356052829,0.09836669170385423
0.0,0.4183758681793187,0.8983364536385574,0.717856644763801,0.4954255513342646,0.5061929351126865,0.3766897613548884,0.1177723541158201,0.6990530845236662,0.04412824712316349,0.5000298656309519,0.10256126482213493
0.0,0.4555675499521356,0.8981267482421051,0.7262276848227401,0.4982679225298437,0.5183194377326863,0.45309001686857797,0.20804674210487376,0.7070320535490724,0.058842388134596864,0.4865803075399328,0.2091458972230224
1.0,0.38377090249913454,0.8975790781663995,0.7341453852556087,0.4929782274375831,0.5113030964537042,0.3155037570924704,0.1326529102877001,0.7123609279533556,0.06260305017628638,0.4070222563412821,0.004913505362498248
0.0,0.5018840255005399,0.8955914975861581,0.7219550867611794,0.4989065887233536,0.5118284918468298,0.4894102117957642,0.2762443606242145,0.7233778029388434,0.10807448034652156,0.4778783118057048,0.2316228601960505
0.0,0.536713037456464,0.8933631226935816,0.707043637431629,0.5019834164149803,0.5091657972285035,0.5009966777408639,0.2562162561940682,0.7278127812147093,0.13237383638474026,0.5229170226109794,0.19765116378026487
0.0,0.5350632421532885,0.8921235321662508,0.7002982633430861,0.5019732838845905,0.5115722647209031,0.4970092133238838,0.24794024110642696,0.7328316256930241,0.15962395044063155,0.5120366383760219,0.1501425471256546
1.0,0.5023728537385178,0.8927935714166821,0.709613420575799,0.5029169367429888,0.5078902719590541,0.4894972404514126,0.2575918940906732,0.7378498851603803,0.17951635966517626,0.5179455333924333,0.20969320454448734
0.0,0.5508483206713243,0.8938255879278985,0.7231147473402778,0.5067646240591575,0.508273507982654,0.5656113567094099,0.3676059463057468,0.7427148199074136,0.1972747064545175,0.5455509299659576,0.4086634611293145
0.0,0.5640059474102287,0.8931407420626967,0.72146796890087,0.5041364250840418,0.5115194869297717,0.5809604876575412,0.3688188743436137,0.7436480395288441,0.19272739031889652,0.546367061078349,0.41470575720182135
1.0,0.524777481312504,0.8915353029906026,0.7127858349445849,0.5015296307643041,0.5121180111008711,0.501249347867871,0.3031210709267064,0.7465785661720616,0.2036353209091082,0.4638705909103169,0.15512105867835474
0.0,0.5749638470782329,0.8907732082963677,0.7073653369402898,0.5020723504972003,0.5126935926092839,0.5502073093714815,0.2888469787737593,0.7539551969366722,0.23071288730011086,0.4565867321631771,0.24494702353091385
1.0,0.5015377721653055,0.890918008586975,0.7101936935892307,0.5000048644808426,0.5135076109012374,0.4657459018644111,0.23263072257969056,0.7604614165653432,0.24653115843257886,0.35858006335178344,0.06269945959746448
1.0,0.4955903619365747,0.8927933871727407,0.7235726053769792,0.4993494988812717,0.5167313248151633,0.4709629588950821,0.2973300791361587,0.7702871192963292,0.2781124714429196,0.3915987541857184,0.0010019060651968491
0.0,0.5925820314886856,0.8940000660127914,0.7355353747312318,0.5070300803601914,0.5174808617232127,0.629122161509102,0.3935581687744992,0.7800570717879289,0.3065640262064282,0.4661115786159439,0.08976798653297308
0.0,0.6194064810477219,0.8938631761751437,0.7379035925314282,0.5055791165026429,0.5210244681403551,0.6569922293308437,0.3980400857924709,0.7857062505732109,0.3199551031093827,0.4704673719159299,0.14751518700139055
0.0,0.6425647188219238,0.8925963490698321,0.7329823877394367,0.5038156823816985,0.5278296744103926,0.6800021966555915,0.4495969233044893,0.7911544321218527,0.3256333264497091,0.4763968707627438,0.16492364645996996
0.0,0.6698983644621873,0.8921934794572635,0.7325301291045555,0.5023892640015172,0.5192780542471537,0.7097668799253136,0.4836032837807851,0.7959143894084619,0.3329209648503891,0.5152819365741238,0.3238399634724033
0.0,0.7214493757256045,0.8912343336345608,0.7316684924402722,0.5061662368865442,0.5205119781807482,0.8052115653916909,0.504171289105836,0.8000429777897291,0.3529764154282741,0.5415338597789385,0.8206152616859803
0.0,0.7322443326476159,0.8900877504765992,0.7318625632360057,0.5072227052233437,0.5233541172146888,0.7974134380405827,0.4484579542933215,0.8016037042470456,0.3731569676592758,0.5229035089995381,0.639603457041182
0.0,0.7211642259201172,0.8889099542098351,0.7342550522077397,0.5101513223782737,0.5262462852221801,0.7842335044894145,0.4399822498335921,0.8029643286162005,0.39032412377132375,0.5142162597276443,0.6527116587323821
0.0,0.6993095301138563,0.8885840937970044,0.7427295925037026,0.511710558505779,0.5288366097163397,0.7791811966281333,0.4471858590340949,0.8036361725132659,0.40826230418491705,0.4732167932418301,0.5805652981225484
0.0,0.697639366967432,0.8874692466587604,0.7512713312337671,0.5114820421878405,0.5205306243352764,0.7823938054312309,0.40378670216699897,0.8035642111333974,0.4150055442827158,0.4733887483111862,0.4633578906552918
1.0,0.6886978837810864,0.8849810794367614,0.7466305388476523,0.5112364121181965,0.5239452930051148,0.7435404596501823,0.40137563789660535,0.8043944744765399,0.4286945768442677,0.4688739686703083,0.3711059619699159
1.0,0.7140354807829402,0.8819043286627795,0.7383540347431489,0.5096979166386635,0.5284927858945472,0.7549630687278619,0.4241624140226312,0.8046693482899205,0.4180565040748844,0.4450857736165639,0.441943433005994
1.0,0.7062957003482901,0.8796838606888988,0.7293536908725863,0.5094632052917991,0.526870747245557,0.7275068448589005,0.4717920272169219,0.8035573844149557,0.3914242158695857,0.4550797347940324,0.5296995108315873
1.0,0.6872313990671527,0.8786651597557023,0.7327403359542822,0.5117027486852715,0.5237135519104272,0.7077719645422751,0.5101397825604612,0.8015502136140908,0.35690453632757124,0.5004929661995705,0.4887270587369891
1.0,0.7185775098274843,0.8787769884854415,0.7574579552639152,0.5140532794117092,0.5242260164992015,0.7641031201713243,0.5242437689520008,0.7999671354831479,0.34123017973106234,0.4659582807898837,0.5436757512229227
1.0,0.6747866468419659,0.8782757301166018,0.7821586825207542,0.5142915371011982,0.5230340472926336,0.7213261405839135,0.4966940315065456,0.7981636951817346,0.330255273536477,0.4344580585958861,0.34054213100886405
1.0,0.6593885573456627,0.8761354674641695,0.7929502488660857,0.5132899306274653,0.5246075766190588,0.6945701970777195,0.5265069151689962,0.7982626744678525,0.327896653067966,0.4180285306195371,0.3449556806061269
1.0,0.6855816037639775,0.8739772343560532,0.7882028817654086,0.5158541269260702,0.5281123990595196,0.6805551790506652,0.5035500332815626,0.7985693172610533,0.31629749371515625,0.3927648396001675,0.22292103424179086
0.0,0.7109803042955782,0.8720543739037077,0.7807021974372018,0.5178063455792047,0.5263030800252761,0.7264163675132931,0.5465572073071521,0.8005561291185004,0.31354306434426144,0.446397826739767,0.44918901026150265
1.0,0.7160518972645986,0.8725976766179857,0.7938534096721598,0.5182212720114642,0.5267723264382663,0.7339739264217654,0.5513497522372605,0.8013824621988709,0.311485648706106,0.4521452329209159,0.4136967155835093
1.0,0.6580239118479744,0.8724079779108951,0.8006690882856745,0.516667238053509,0.5290843194270749,0.7002078328699827,0.4711411877819681,0.8023875939312384,0.3167689551781479,0.4000426217168635,0.2086873367906128
0.0,0.6972931136321974,0.8724116461591864,0.8128718942869338,0.5162974922160395,0.5277072042203866,0.7394531566304079,0.496339028178389,0.8062041575408878,0.34146150897400834,0.3817656217217463,0.2592503700147988
0.0,0.6704686640731617,0.8703001320160888,0.8086786396715026,0.5180923991698557,0.5321677536242109,0.7051202461604903,0.4954958952740184,0.8093195115488994,0.3603922022179286,0.3807719150344308,0.2981319252770103
1.0,0.6877202273051306,0.8681563682748001,0.8138304750617334,0.5159215135763772,0.532114333159397,0.7056330805149933,0.4377856667406255,0.8130807897864307,0.3942148647326886,0.3623563449228701,0.22924916996679684
1.0,0.7157463796158626,0.8671866919197571,0.8249561259153745,0.5146558366838887,0.5300030275884725,0.7234743177953521,0.41831225501072383,0.8177727833121868,0.42672614179965707,0.3449493497982661,0.29329173166926586
0.0,0.7144835733344198,0.86707005379226,0.8437180618629466,0.5137837723061401,0.5287677810669645,0.764069205646576,0.4642556023962722,0.8212837960370023,0.4561993221669629,0.34380527140619177,0.5302212088483514
0.0,0.7279874534085587,0.8675432775435796,0.8570338564651115,0.5147167492400954,0.5475425552673162,0.79246403411698,0.5141705495155686,0.8218279672484661,0.4571392692755509,0.3548517896149413,0.7596703868154726
0.0,0.7659123775383426,0.8665332899021091,0.8634314148683463,0.5177121989734307,0.5953017098134094,0.8496585602850278,0.5518674654241554,0.8201451564266597,0.4623768642326964,0.3520952432004719,0.8616744669786793
0.0,0.8113937715135342,0.8645961996912552,0.8670438886488753,0.5177431505037439,0.6154936086733958,0.9061513131258598,0.5553657273870277,0.8168237758929053,0.4665618538087319,0.35628067207359576,0.8261130445217798
0.0,0.8409067763814491,0.8627008454833991,0.8807275719514079,0.5164944673829861,0.5618795646533399,0.9336284380145208,0.6124916796094964,0.8140710806318958,0.4642222065052735,0.3756436044857636,0.9760390415616632
0.0,0.7902112145344933,0.8607960010680129,0.8900527859244701,0.5162615229447113,0.5666346569630554,0.8846392615185296,0.5955106870793581,0.809379662911063,0.4504210013129185,0.4131256760448577,0.9684469103384024
0.0,0.8110475181783001,0.8594363717706757,0.8990344316596294,0.5179645711689491,0.5565260710589581,0.9134389592161728,0.6033799275201539,0.8066195166905656,0.4434641390284444,0.4221869298314393,0.9542457805907181
0.0,0.7686009328472211,0.8582628258139011,0.9007929159629656,0.5151221774846363,0.5523786493617737,0.8562984156117576,0.5223060424524816,0.8045225682166066,0.4551991194161914,0.3647479549838247,0.8311132031066125
1.0,0.7150335051021451,0.8567275269658625,0.9045907938596056,0.5142496722017064,0.5489564916239441,0.8150827282787659,0.4361733599585832,0.8041030566540182,0.4591830713819946,0.30778252103981546,0.4880333433592581
1.0,0.7341589099130292,0.8565026492992012,0.9208027339989832,0.5122116902888478,0.5576757485106308,0.8203460282328804,0.4394645366466978,0.8040980660342558,0.4586174529046753,0.3123352268650258,0.4702874575688567
1.0,0.6946045583233191,0.8555870788784488,0.93721959256271,0.5121295879268772,0.5526393326083983,0.8049340063159595,0.4662007247984615,0.8037635221801421,0.43160647482990655,0.3480996855989113,0.3930305504232352
1.0,0.7012241073792695,0.8576787841345497,0.9798930481572132,0.5125511575009525,0.5497698384411502,0.8215336446327833,0.4189187190296578,0.8039510722011819,0.4146562299506157,0.3353653340461253,0.22498173849525105
1.0,0.6269833187363791,0.858019537798375,1.0,0.5091366068929893,0.5569639133994979,0.8031525817161057,0.4190962206937351,0.8069160170824401,0.4051446529362667,0.33556114245260377,0.2157865337515552
0.0,0.6533596757439357,0.8578843626363553,0.9971924442198004,0.5076358575303508,0.5546217526234961,0.8180787605603388,0.4089712299386137,0.8102691111975981,0.41522808501241787,0.32656491296045315,0.2194675613263032
0.0,0.6791453652972691,0.8555338942136772,0.9727525421093502,0.5060617474228135,0.5758169410349087,0.8393748819131421,0.3752089342504252,0.8136144273625279,0.42374598181657774,0.333613270703019,0.14918739924186594
0.0,0.7300242377334664,0.8532127063183448,0.9540391492990982,0.5100609100233754,0.6028834568782238,0.91419471510702,0.4274831743214261,0.817113532788903,0.4345018228395969,0.34460601678721986,0.1728459530026113
0.0,0.726765382813614,0.8499555411118396,0.9473035317783566,0.5100517874278507,0.5876162829485471,0.895057896299495,0.45362769025959604,0.8186720705724595,0.4309775681242387,0.3817924520252608,0.14905715114592213
0.0,0.7564616982707701,0.8467518053320311,0.9391940807781362,0.5088678074320154,0.6378279526918924,0.9020756295716478,0.4542933214998886,0.8208956648699497,0.44176834746842697,0.3826158143710866,0.21206846533216936
0.0,0.7746298144489479,0.8432150363717532,0.9162267097107892,0.5102199288748422,0.6279545360589711,0.9330886123782014,0.4907773093706089,0.8221380357599499,0.4454895353253029,0.4239514924529144,0.5648970118944008
0.0,0.7855062427439559,0.8401994436434914,0.8913299648670202,0.5113081834954994,0.6392537796581537,0.9236686550244266,0.5928629539235264,0.8221063027998896,0.4525274632324541,0.501419316236916,0.8105599071656528
0.0,0.7853840356844615,0.8359119179138084,0.8553868475344223,0.5114412286307233,0.6197128904637096,0.914518610488812,0.5521780933362915,0.8196633995315259,0.4408607903388944,0.4974744025887039,0.7937917029300837
1.0,0.7778275658390533,0.8322398638063244,0.8355393374004135,0.5115286200589676,0.6610799115658387,0.8674188237199381,0.5553731232896971,0.8184487143059436,0.4411588836107944,0.500836346638715,0.7350159559036831
1.0,0.7782960262337824,0.8282116757992302,0.8167072055225012,0.5116155610722187,0.6169085332965198,0.8645577478474451,0.5597662894756306,0.8157602221952359,0.4155923287077376,0.5055602558838033,0.5872352770525062
1.0,0.8040613479438664,0.8243247771336135,0.7929138866247657,0.5101381297184668,0.6351515359523495,0.8711436206105428,0.5875231121958433,0.8127894174190728,0.3857551160769634,0.5323974412425987,0.561895901173308
1.0,0.8157932256553353,0.8208701752036272,0.7729138390300359,0.5114705541539386,0.6356010754103595,0.8545709735755349,0.6130167886990607,0.8113247407327995,0.3706127415240131,0.5555725382932883,0.4763446738719057
1.0,0.7999674114508015,0.8172381226743317,0.759025294725015,0.5136870826300088,0.6624069545006528,0.8486597717736976,0.5809185711116045,0.8111684917471462,0.3739038591770113,0.5177891666441906,0.5568948525509826
1.0,0.8315172006436239,0.8153629252780652,0.7645363755696245,0.5127454285974237,0.6622773122450412,0.8557500199792214,0.5913541897788626,0.8119659644722035,0.3959203718070109,0.5267296669046139,0.5385508592661399
0.0,0.8492983278000693,0.8137358065044384,0.7684850827228823,0.5136014661204313,0.0,0.9066473226061724,0.6555062495377559,0.8121026546529873,0.4027333584612624,0.5468294496018218,0.7677327317364468
0.0,0.8916023382284051,0.8146803610704585,0.7814317022710712,0.5164646423393743,0.6536147452063445,0.9961597951890766,0.7221359366910732,0.8116835291506219,0.41638731045686944,0.5728746847658671,0.9625354717342092
0.0,0.8359370226286741,0.813409114678902,0.7761655249568326,0.5145582018258213,0.6267457267047423,0.9938040462272032,0.6527253901338657,0.8089322623812851,0.4019055866093637,0.5299784536422018,0.936342740390756
0.0,0.8309265331894005,0.8134685799097456,0.7836992290130663,0.5148316519881454,0.7210498794860085,0.9517254384310766,0.6289919384660894,0.8088763718255416,0.4154565951717813,0.5132372201411136,0.7635359468777942
1.0,0.6934028555716236,0.8129490084789406,0.7927983451885062,0.507371531513351,0.5628149902429781,0.9968238691049084,0.5679905332445825,0.8095884817363264,0.4234362127203923,0.448882628717924,0.8468003207698469
1.0,0.624335499113999,0.8133746886142337,0.8147726744813771,0.5053992331976563,0.5283795655906628,0.9367472797132804,0.5422453960505883,0.8107845673349738,0.44730108117252615,0.4774384735701002,0.8391659983961526
1.0,0.6458235737417766,0.8122979647623634,0.8242551293288568,0.5035159373784545,0.0,0.943366374995964,0.5250942977590414,0.8101363831165305,0.4541613958460722,0.463470463451444,0.8938893344025663
1.0,0.6591848789131721,0.8094232507437245,0.8211626097418141,0.5045208187989045,0.5108611033048746,0.9721675115430568,0.5570667850011096,0.8089480071570665,0.4625132203178896,0.4377837745400008,0.9885805934242198
1.0,0.6830967268875899,0.8076248854997794,0.8315054611630909,0.5028351788065287,0.5135404584628718,0.9862449310624491,0.5171067228755267,0.8059459770400849,0.44988185644472706,0.4573438754933868,0.9879829787234052
1.0,0.6389392427235879,0.8041878794663553,0.8265514867597087,0.5030331233273952,0.0,0.9615474170907756,0.4777531247688784,0.8038036435715796,0.4390440849504645,0.4764733441695743,0.8688286040952096
0.0,0.6848687292502598,0.8018368406666663,0.8321209509013828,0.5032730232633488,0.5070980884415759,0.9780461031833148,0.4771392648472751,0.8018158843896468,0.4265008182352218,0.4760745349662101,0.8746393827574644
1.0,0.6688392366132353,0.7995126007187066,0.824478006999502,0.5057121315528961,0.515233826652818,0.9883259157822659,0.5079358035648252,0.7992134084993321,0.41186847672958377,0.4503510058847551,0.8496207746808571
1.0,0.5913803287369903,0.7988424858169191,0.8332773697924093,0.5033465940972853,0.5258991813403516,0.8870592262923657,0.4316248798165821,0.7952650974352424,0.3949723100835635,0.4333092114604871,0.5509535253909306
1.0,0.583844226734831,0.7975318088549612,0.8234067953173178,0.5063605743015961,0.5236112744070752,0.8834303320780549,0.486184453812588,0.7949393120990325,0.3808819569854848,0.4301600357592675,0.7136302631168266
1.0,0.6076949711795019,0.7961096957684288,0.8200399877013907,0.5047311583540366,0.5317580064488938,0.8875727490585412,0.4802159603579621,0.7925409415950115,0.3707135384536818,0.4245197978619861,0.6685289803052538
1.0,0.5653094893781699,0.7970808959226809,0.8336786833372422,0.504943947077566,0.5258980870301949,0.8400547757617254,0.4528880999926039,0.7916518424649809,0.3755388206725044,0.4470186759256587,0.5704922126158729
1.0,0.4645294009817301,0.7988667542332148,0.8581852885989091,0.4995743000353173,0.5319200922166814,0.7856213625470726,0.3742030914873162,0.79151985344924,0.3955684713017456,0.42055669003689616,0.4108430350510315
1.0,0.42601380939772304,0.8000188332045843,0.8685725132398,0.4966635606302943,0.5226478447629465,0.7124272509414585,0.3357296057983876,0.7930255692102439,0.4188558947793716,0.36491144540097337,0.17915665282936571
1.0,0.4849583477605557,0.7993517285216071,0.8715159231706043,0.4979590534765858,0.5254908975154767,0.7965422800410817,0.3907107462465794,0.7959520234538578,0.44645191603269707,0.3714298535283893,0.3384000749087049
1.0,0.4464223883332997,0.7979108388686149,0.8719399106746223,0.498425243047225,0.5392795340605882,0.7561109209174941,0.3865542489460833,0.7963787981600698,0.458311061512099,0.36428589619359053,0.2251006585723644
1.0,0.4599670040939367,0.7962910165132335,0.8813194511127153,0.4996422560756123,0.5366064854862063,0.751215337213283,0.4330670808372159,0.7989088496502197,0.4761928504515405,0.423119805261216,0.1699803364649333
1.0,0.4567285170173331,0.7939443639157167,0.8821663554660438,0.4995850258483225,0.5282212997194715,0.7161588497090036,0.393358479402411,0.8022122591186684,0.4935205871539475,0.4269099103573339,0.003162992982109439
0.0,0.49047803328105605,0.7932137755419326,0.8962183986009206,0.4987800946893261,0.5272000685847944,0.7657309140705237,0.4745285112047925,0.8091351436179293,0.5301363455361616,0.4597358682252621,0.2255489021956108
1.0,0.4809662504837363,0.7926199408703021,0.9025536685121046,0.4976699236330189,0.5213302644279323,0.7874700445053059,0.4394571407440284,0.8130933388583157,0.5550162059235522,0.4692981567631591,0.1469917308240684
0.0,0.5524166446015032,0.7919685630822064,0.9084896316042872,0.499994727393182,0.528812914455556,0.8924683327627523,0.5238074106944753,0.8188306172027155,0.5973733045683387,0.5181520429269354,0.31074449201211
0.0,0.5607878281768747,0.7888868152495272,0.8960997492792068,0.4969895967196447,0.4854064401114694,0.8999315302978432,0.5468826270246283,0.8203688314865631,0.620486476736959,0.5524997883970199,0.4800563850892756
0.0,0.6152921767114079,0.785626419118763,0.8769594501852579,0.4979759528509034,0.5300164007606314,0.9416295789113313,0.5931218105169739,0.8209299664414895,0.6383130855070827,0.575322665343606,0.7239486416077403
0.0,0.6241725563680061,0.7817750091993054,0.8492313353865294,0.4988188833655386,0.5299169955096334,0.9355357754193764,0.5874491531691446,0.8197008169955609,0.6292743605525243,0.5687548346271672,0.6601693338295489
0.0,0.6493472106238672,0.7784537004898349,0.8150138828347401,0.4972697692806525,0.5298928106798779,0.9540225950017116,0.6267287922490941,0.8199857129247663,0.6259101496661064,0.5907244695526984,0.8279214737625615
1.0,0.6221561398863475,0.7752243365435145,0.7936713944404498,0.4955726666039279,0.5407401692798509,0.8814447107155081,0.6026033577398122,0.8193218187551652,0.6107163673461647,0.536513395510418,0.8919333829549662
1.0,0.6295496669857628,0.7719549766778735,0.7473781297762957,0.4962415975619348,0.5411560394967849,0.8809654228004101,0.5925375342060495,0.8178280612426712,0.5917454876418893,0.5166899862023207,0.942128768142908
1.0,0.6158828441656313,0.77112987936929,0.7335616445562193,0.495608087670437,0.5348887660009152,0.8216364258815471,0.601124177205828,0.8156396155150261,0.5862956126600134,0.5272292024424724,0.8085944830174507
1.0,0.5774894596411186,0.7703303566964657,0.7153467155948624,0.4914165232329121,0.536338010763641,0.8371448134200611,0.5821980622735005,0.8133796296083801,0.5943602498082637,0.4940239356554943,0.8437324075811578
1.0,0.5705440250931829,0.7699569302827729,0.7178754490809239,0.49108601336590996,0.5289564289411738,0.8052036973639163,0.5818948302640338,0.8124083682159307,0.6170488056585304,0.4940705225738165,0.7421655094764492
1.0,0.5618673238690753,0.7677145468966822,0.7060177189210987,0.4905869893290856,0.5355371924673828,0.7739815131804171,0.5340285481843058,0.8104052160328845,0.624700221691714,0.4784094460026543,0.7122349408894718
1.0,0.5712568996069005,0.7658956356261988,0.7013221930271519,0.4876765213655039,0.5427910385914602,0.7842177336528579,0.5839878707196213,0.808280662070666,0.6255466135586611,0.4800969570294613,0.7382248076562196
0.0,0.6014827789885333,0.7646763412924613,0.7103046874536526,0.4865672278726236,0.5445241790025029,0.8287915097569328,0.6629761112343757,0.8042226220984721,0.631668914171541,0.5187502614467978,0.9973728654531788
0.0,0.6002403405503395,0.763571188906869,0.7215469449800102,0.4863256759147905,0.5414915370628952,0.8383087983567272,0.6633311145625329,0.7981493896884313,0.6248086735282217,0.5196848339861626,0.9555119118777252
0.0,0.5951483797380697,0.7620040315838243,0.7300922970044547,0.4895557381101022,0.5507406877564169,0.8370421088668261,0.6690333555210413,0.7919559153499709,0.6026144401310909,0.5251271550093154,0.9917447676394899
1.0,0.5694441615577328,0.7605245470842064,0.7366067362036036,0.4878549082859282,0.5321788738066912,0.769291338582677,0.7015753272686938,0.7861459925142076,0.563729987534229,0.5519214222644839,0.9991421021927868
1.0,0.489928101513331,0.7587469445430892,0.7338414388958675,0.4850984761077364,0.5312470517483571,0.6511468675111262,0.653583314843577,0.7816091226263129,0.5348518773381196,0.5151744054972408,0.774492700394823
1.0,0.4643257225492393,0.7571462037081045,0.7230687240883907,0.4831416070526078,0.5285138349896858,0.5922971585073602,0.6463649138377341,0.7800806272921743,0.544198428775764,0.5021805180301468,0.8267376733082369
1.0,0.4706804896429516,0.7550931382579782,0.7146531639759833,0.4839377750015159,0.5280355694361265,0.5666894899007185,0.6615560979217519,0.7786392457068751,0.5443013369943439,0.515940578837562,0.751813423928016
1.0,0.5098071165244314,0.7529577104130316,0.7012743224877672,0.4838212946862955,0.5253375683861586,0.6192057514549812,0.6597441017676203,0.7775345138432956,0.5471994516200823,0.5115788146581466,0.8294922413001558
1.0,0.5305619487952421,0.7489496942123439,0.6745666358898198,0.4820302442846086,0.5243580107577279,0.6314618281410475,0.6431994674950074,0.7748588271086105,0.5222946632405123,0.5429831856300429,0.8088329813607562
1.0,0.5960649326842783,0.7449848472960496,0.6465458413854953,0.4846251019642385,0.5274519814192296,0.6330023964395755,0.7079505953701651,0.7720073667636127,0.4939785747478895,0.5403941381494961,0.8125975576163816
0.0,0.5809112573069639,0.741518531461792,0.6236294447327361,0.4835284948330095,0.5290855656123346,0.62983791981296,0.6846165224465643,0.7688756121960338,0.4744457801041313,0.5719054330938398,0.7846661680893311
0.0,0.5998126158421085,0.7399176432583792,0.6212946157036258,0.4852571376943082,0.5372182687983877,0.6637546922686448,0.650166407810073,0.7682270619337785,0.4599500212210966,0.5795795840091579,0.769089924439745
1.0,0.5923172495264476,0.7368414626985764,0.6117641905291883,0.4850276484894116,0.5271980103376154,0.6280856578622558,0.6138081502847428,0.7684281934175667,0.4591609374960735,0.5926655205678429,0.7251205611573888
1.0,0.6570869910585166,0.7337477865939381,0.6038449456489966,0.4875505529935197,0.5274663022051693,0.6786636204492177,0.6119961541306116,0.7702181002557584,0.44563284038727735,0.5896438107685893,0.8447275446785463
0.0,0.6667006130720821,0.7309364439474892,0.5936022867774439,0.4847034370278422,0.5300456401339981,0.6964394005024688,0.5545151985799871,0.7702244794764288,0.4432828527037286,0.5363519302354607,0.9076514428656174
0.0,0.668533718964499,0.7295068329029588,0.5857650508780666,0.4849981578342804,0.5405583258014208,0.6902494461547313,0.5087567487611862,0.7674430642740147,0.424969761446636,0.5506805776844798,0.7999329499445547
0.0,0.7140762164694381,0.7282461563842102,0.5793981254015209,0.4854876814375628,0.5326498799813884,0.7527381631488875,0.595421936247319,0.7639328345115974,0.3950669263677074,0.5666492445350451,0.8852412512571884
0.0,0.7094119803653993,0.7259027995462368,0.5700979183910865,0.4888746014598471,0.5331474876873993,0.7497600090349538,0.5984394645366466,0.7586786331415865,0.3516003539352488,0.5689418549774802,0.8409191800496145
0.0,0.7357272338432084,0.7237457859900254,0.5637322718812586,0.4915369805046892,0.5363133586437296,0.7535456100656692,0.6209082168478663,0.7540547630238326,0.32386138183245183,0.5877780516083727,0.9932628280454371
0.0,0.7040145019043933,0.7214611086155798,0.5582648966206251,0.4928196254358065,0.5524208238281763,0.7150636201942807,0.6192367428444641,0.7475502887566474,0.2800509095318641,0.5876982030686534,0.9773438939031126
1.0,0.6472289549259631,0.7205421084556421,0.5647968145613155,0.4883761692660379,0.5531399201328522,0.6365375679886299,0.5749204940462989,0.7402361302295517,0.2237787080246418,0.6045581791112958,0.8190581445324503
1.0,0.646210562763509,0.7199238804313761,0.5710396498964497,0.4881997139433307,0.540600699710026,0.6428474869548758,0.6383477553435397,0.7348614831101359,0.18899966252144376,0.647008228949677,0.7494013630502849
1.0,0.6329307289651102,0.7196211569147901,0.5810995629006682,0.4871358620966617,0.5554955801919603,0.6250574526184876,0.6368389911988759,0.7310145840985347,0.17669827472078048,0.6466609026634993,0.6541413397187942
1.0,0.5765118031651629,0.7195682406993555,0.5966450887180529,0.4859350460825088,0.533377688486095,0.558844999594452,0.5017972043487907,0.7298357956202175,0.1869421133613287,0.5967685373727271,0.4248787376435185
1.0,0.5706662321526778,0.7200883200769341,0.6214988440430614,0.4851816605035069,0.5365217674023626,0.5606294103333606,0.4763700909696026,0.731206350993385,0.2031656327431723,0.6297178755213705,0.3768035856818317
1.0,0.5905656150070268,0.7206647626213651,0.6516350108213401,0.4870010764946954,0.5520609782903341,0.5955876389001539,0.5397529768508244,0.7307557988974476,0.2052342061439765,0.6227432394637058,0.4591698900963953
1.0,0.5417642625822354,0.720090561662754,0.6641058262062244,0.4863003725343949,0.5409729849327156,0.5415686592586584,0.5444123955328746,0.7307208580725082,0.2194324441766018,0.625971365637612,0.3209615030392331
1.0,0.5859828502759844,0.7196834805817709,0.6625814713313353,0.4870635821685054,0.5390736999774081,0.5759591207721629,0.4765623844390208,0.731876879470041,0.2218800005198737,0.5824836307577068,0.4063977405292571
0.0,0.6023789640914924,0.7187735728953513,0.6498718796661865,0.4886086530264012,0.5552603757656741,0.6029686105929107,0.5410842393314106,0.7344189915398884,0.23095301149988,0.5721399348394468,0.4543500951679256
1.0,0.5641485223129723,0.7176166061592866,0.63241221561741,0.4853603796737975,0.5385333338836941,0.5519777219022898,0.4363508616226608,0.7364486864329742,0.2210364564603394,0.557571644306621,0.189353472094308
1.0,0.5830702486913663,0.7164369045537784,0.6235647516944297,0.487417708594914,0.5477482326892329,0.5487333387406386,0.3393683899119887,0.7407042894275968,0.23324867395015175,0.5090941907280292,0.16991044020380394
0.0,0.6826282664928612,0.7148594825637133,0.6254485539500979,0.49362705721899,0.5458064490810901,0.679667867286376,0.4810073219436434,0.7469678093725678,0.27947238263683044,0.5395713343680885,0.2982056394189688
0.0,0.7041978124936353,0.7137360197366649,0.632782502140944,0.4920998071637673,0.5406637685116079,0.7029359616186901,0.4044301456992821,0.7510926752079337,0.3169325502449177,0.5051718978360406,0.3998227792018722
0.0,0.7278041428193169,0.7135829399571736,0.647728585202446,0.4942683622342163,0.5521011944272547,0.7413694201084688,0.3520227793802229,0.7573702087551364,0.3673134241378492,0.4851026339065171,0.4811569521507434
0.0,0.6715277919221133,0.7137057158618743,0.6563971047176275,0.4922313480000609,0.5515970388941593,0.700641426783479,0.4271651505066193,0.7602583353787521,0.38719647437462507,0.5164352865591826,0.6269274248247788
0.0,0.6739923009552521,0.715209113553019,0.6819159486891239,0.4924284436535466,0.544596821821452,0.7060648727576138,0.4540936321278011,0.7589543419859701,0.3854281126865379,0.4788730992536255,0.6723716934207553
1.0,0.56376153329124,0.7160270583675894,0.6961114263796261,0.4852763314270434,0.5405945315119475,0.6117282019190654,0.3284224539605056,0.7564850610115026,0.3932267906137277,0.4692324317700433,0.4822292561609759
1.0,0.5384443041326354,0.7170075117606696,0.7094040922112902,0.4865339818381298,0.5409273177651549,0.5890175219023778,0.3132164780711487,0.7573840243769911,0.4251945927264403,0.4601716097190068,0.3864197023271108
1.0,0.5518463449905291,0.7165663363738015,0.7109729811412959,0.4841844820559851,0.5482594528357554,0.5974655819774717,0.3372457658457215,0.7578007905469528,0.4525439007714184,0.4212379934966111,0.4438985280815719
1.0,0.5295231887895392,0.7156571030894496,0.7088272810924153,0.4822741787124667,0.532351138802476,0.5647684605757196,0.2931661859329928,0.7582259227406938,0.4859894492534678,0.3941661094194242,0.3210673464353257
1.0,0.5565105810945682,0.715161791188075,0.7166511531076428,0.4813326860914183,0.5496068050717713,0.5951971214017523,0.2558686487685817,0.7603818920043572,0.5258578757086907,0.3804891836147216,0.29444712871995765
1.0,0.5236979856203029,0.7144544569221289,0.7264623733339347,0.4784069617264504,0.5525608779093627,0.5529828952857738,0.19946749500776567,0.7613121684785957,0.5315938537566117,0.339850162955471,0.10037400905495553
1.0,0.5112328655518668,0.7137186946844241,0.7417543085062946,0.4773586771855126,0.5404531170609289,0.531054443053817,0.24305894534427894,0.76508491570936,0.5263510840038603,0.3670758796757832,0.04849591095363345
1.0,0.5628449803450314,0.712832235982735,0.7441524571265509,0.4790844638854948,0.5528580448319927,0.5852106800166872,0.3362029435692627,0.7700029054918229,0.5253343518812661,0.3617693110127056,0.2416026914335817
0.0,0.5641485223129726,0.711575255642567,0.7431169826119292,0.4793364676071951,0.5576189086909066,0.5782488527325825,0.3793210561349015,0.7721798560284174,0.5150530976189887,0.338198187834287,0.27510244984878585
1.0,0.5473043159459846,0.7103790874735145,0.7400184297366607,0.4779571545007307,0.5571371656742703,0.5476637463496035,0.3732712077509061,0.7733414573988411,0.4947514421112375,0.33370138398370386,0.16483654953917082
1.0,0.5415809519929937,0.7096898189812748,0.7404711784555406,0.4776014320759112,0.541417197066376,0.5295682102628284,0.3734782930256639,0.7764144517115876,0.4585491315244917,0.33281345546373403,0.0724546370967742
0.0,0.5905045114772797,0.7094766594541555,0.725493031148947,0.4827859365402506,0.5619914102910653,0.5955882352941174,0.5087715405665263,0.7834600455541596,0.4737704500112601,0.3534366132440808,0.18067748881895024
1.0,0.5318858586064322,0.7096247394318727,0.7058105623183079,0.4810050706164383,0.5535069499679482,0.5245880267000415,0.4127801198136231,0.7878184483281898,0.4893502888809826,0.3498113554325332,0.03238363425542461
1.0,0.5235961464040574,0.7090756764934874,0.6563773274586447,0.4798733524459038,0.5583391040210719,0.5259960367125572,0.4345684490792103,0.7971802762287123,0.538732991164935,0.3610796937721281,0.06986771411802044
0.0,0.6460883557040146,0.7088831517743135,0.6325505178031464,0.4894625954501854,0.5555129299740362,0.6514392991239047,0.5092522742400708,0.8035360936354248,0.5768117432989791,0.4032413478644423,0.3868346200731419
0.0,0.5692812188117403,0.7076305713766841,0.6198981920803049,0.4855848947828403,0.5750582461469665,0.5689403420942845,0.44144663856223615,0.8037722192737099,0.5832293130231085,0.3553364532312429,0.04602916610230779
0.0,0.6266166975578956,0.7079536974220009,0.6487750698227622,0.4882098836763074,0.557669232875171,0.6406706299541091,0.6050883810369061,0.8090568648922609,0.6082867868166315,0.4219828874436368,0.35225066594428805
0.0,0.7062753325050413,0.7073930384020575,0.6835159029841348,0.4968134416339885,0.5582561089613426,0.7496610346266166,0.6856519488203536,0.8110828968470631,0.6149351816244715,0.5028303301021824,0.6224434511716108
0.0,0.7213475365093592,0.7064106530055656,0.7035399065452433,0.4947292813932185,0.5622304095714464,0.7674697538589903,0.6636417424746689,0.8097221275628972,0.6182986292318343,0.4764983946829152,0.6236173190663229
0.0,0.7238120455424976,0.7048347620618751,0.7129510589466416,0.4949393762011918,0.5601771937760166,0.7729714226115975,0.6817617040159751,0.8082510082501988,0.6332196931501942,0.4888899719988621,0.5867985010609965
0.0,0.8042650263763571,0.7029601180542298,0.6925727980777862,0.5000689308726516,0.5625390400063034,0.8666040884438879,0.7418977886251019,0.8053453082129214,0.6302504051828204,0.5622121313563985,0.780531852453835
0.0,0.8404383159867201,0.700123836976386,0.6861045271160634,0.5003369543324984,0.5658937143934301,0.9027169378389649,0.7947563050070259,0.7984455055537156,0.6143051403358295,0.5940853694344511,0.796060393960603
0.0,0.8508055482005011,0.6974858279302567,0.6860229389412168,0.5015325069385985,0.5612149997314175,0.902482269503546,0.854944160934842,0.7906312870664622,0.5865822367884984,0.6257814786343822,0.8190052169184493
0.0,0.82475507668493,0.6950374453683343,0.6939185839718326,0.5029468019339093,0.5584256616645544,0.8729662077596996,0.8629613194290366,0.7820710501855572,0.5581509089499573,0.6296278188954173,0.8252735731603437
0.0,0.8808481169928917,0.6926925810121372,0.695165014405806,0.5054438367882116,0.5676006767719884,0.9416197329995826,0.9604984838399528,0.7728491014546066,0.5151336710256856,0.6661590631596839,0.9682920024289776
0.0,0.8831089475935394,0.6895497900055281,0.6739793453782558,0.5060197907967701,0.5492248776425969,0.9299906132665828,1.0,0.7631853556010022,0.4793014570015214,0.6834386093236637,1.0
1.0,0.822147992749048,0.6864404967340982,0.6637335852113699,0.5011500169399771,0.5543860699099711,0.8412338339591153,0.8129576214777016,0.7555333827801156,0.4525623251943265,0.5452587797661113,0.9852430016758746
1.0,0.7912296066969472,0.68407694041339,0.6372336738655927,0.4985393561422306,0.5497641377185719,0.7985763454317898,0.7476739886103098,0.7505715039679395,0.4391791404731476,0.5446297798613264,0.9911473144711682
1.0,0.7644051571379106,0.6817903363588442,0.6293576736421688,0.4962437290883904,0.5480760995744616,0.7606722131917223,0.7976776865616448,0.7457870943503053,0.4338203773157588,0.5685608483593668,0.9875301483039975
1.0,0.7674603336252726,0.6797831585370784,0.6150174175854991,0.4968888579754349,0.5613884250554342,0.7508244397704551,0.643169883884328,0.7418327816878048,0.4381753692376968,0.5220972636987421,0.931280836089056
1.0,0.7426930362343934,0.6776867135199867,0.6082635790642797,0.4984061077455601,0.5496673017549556,0.7243130743318033,0.524842837068264,0.7420160272735923,0.4774239023035446,0.5121039334089289,0.8400325381527523
1.0,0.7295761451819868,0.6759560242296352,0.5869785107599278,0.4973843272245479,0.5743836857986286,0.7003114340494928,0.4571925153464983,0.7412462475853743,0.5075035988544812,0.529001769090226,0.7279881165007341
1.0,0.8070656048231053,0.6744070730806888,0.5662718426818615,0.5030245706074069,0.5470018480427483,0.7919420598141252,0.5200798757488353,0.7418829473325261,0.5331189454716116,0.510050897057233,0.8308546570231132
0.0,0.8324541214330815,0.6730560574221478,0.5566337767333313,0.5060339121360363,0.5552527609641797,0.8266363406621174,0.4972487242067896,0.7402013513902552,0.5419385767617396,0.4987618845314497,0.8765318573272741
0.0,0.8730472330284946,0.6733956070488116,0.5610948964067733,0.5103983957432718,0.5435588369322044,0.8911622978530159,0.5054507802677319,0.736501912589212,0.5273840595487312,0.5027785881427189,0.9882357286645614
0.0,0.7957512678982424,0.6740108081617942,0.5609313872127569,0.5039472986855155,0.5747034384309408,0.848373993995509,0.5313216478071149,0.7307846016993849,0.503047491442891,0.5154029937155833,0.8745864274685693
0.0,0.7366845224759154,0.6747086172588632,0.5565695864729795,0.5010572426045059,0.5417332167846931,0.7975124252592276,0.4411434065527695,0.7267611727951435,0.485190284366609,0.5203117381881213,0.717226674509227
0.0,0.7391082958225553,0.6730861269076622,0.5521797996699306,0.5010643804204772,0.5593193618194419,0.8093952620026738,0.4039272243177279,0.7266456180826533,0.4848518729257934,0.5037168167723023,0.7323336560062828
1.0,0.7450557060512863,0.6703406012051683,0.5554225502900644,0.5023547802898386,0.5509677623867498,0.7869919519640739,0.4504030766955107,0.7252884241262822,0.4792324644813454,0.4761832689736281,0.7857012717268521
1.0,0.738741674644072,0.6662736478282467,0.5502745690231124,0.5020607531572616,0.5493811119508176,0.7676665741605063,0.4412765328008283,0.7213118288292379,0.4535925347955001,0.4711787036025809,0.7113471559231871
1.0,0.7570931014114917,0.6629913456422398,0.5425151396377433,0.5046997355384033,0.5530667175067778,0.7543456871105279,0.454907181421492,0.7187990943346934,0.445341510835696,0.4283211980891188,0.7195641875888201
1.0,0.7225186874961813,0.6604068922214652,0.5326468418297859,0.5016333875240243,0.561032943167734,0.7043419027676161,0.4046076473633607,0.7149657788920076,0.4325348821397901,0.4010593534236885,0.5806763108989547
1.0,0.6787380084322869,0.6590740955015202,0.5380211265731497,0.5006127716064751,0.5607476079164754,0.6599389459343539,0.40423785222986464,0.7141739254206609,0.4380713378013825,0.3995506603988375,0.4241518784389468
1.0,0.6813858280546675,0.6584487464278543,0.5416552738127337,0.5009596752331889,0.5433224776311026,0.6595352826904155,0.38407662155166056,0.7158277421768746,0.4477646673471671,0.4380472154112123,0.4041285573734651
1.0,0.6458846772715238,0.6573883157387883,0.5352376840709226,0.5007595982905118,0.5426795596359598,0.6238110856018365,0.352814140965905,0.7193937371516991,0.4628177783957765,0.4171456592693963,0.27096162955945113
1.0,0.5751267898242256,0.6567465666848711,0.5351890007509928,0.4934140908236063,0.5708717406567287,0.5323309029442186,0.3022483544116558,0.7260645036078865,0.4980042762611978,0.3797544090697534,0.000246984728110754
1.0,0.6678208444507812,0.6560628366599781,0.53648817328981,0.5054047426939466,0.5581250238435,0.6510583545677016,0.4066415205975889,0.7373230238171942,0.5581025424342951,0.4342462282585805,0.2495730494794721
0.0,0.7393934456280424,0.6550337998699982,0.5484334295749963,0.5110959821106106,0.5547483615045834,0.7318414612609426,0.446128244952296,0.7435785384388847,0.6053352013745908,0.4587350781280064,0.4138963621476199
0.0,0.6850927755259996,0.6534142018940057,0.5417708413367507,0.5090447834835493,0.5549398277039349,0.6692736584504374,0.3865616448487537,0.7470769309071372,0.6370624556056129,0.4065163738068646,0.0005308597133359074
0.0,0.8003747683157834,0.6513990485419923,0.5322172860914037,0.520757018992391,0.5494952683765674,0.8108080833564599,0.5265734782930256,0.7541590049487976,0.6841953990088396,0.4663980284879597,0.12230532336119762
0.0,0.9387335275067724,0.6479384670397166,0.5020082911305527,0.5357505047720571,0.5566038065974869,0.9515856396800968,0.6266696250277347,0.7557590726337273,0.6911996315213185,0.5176617130677823,0.6255856003945106
0.0,0.9577978287879101,0.6436974053133429,0.4745387897096952,0.5345777833459842,0.559061492293877,0.9578221813024111,0.6832334886472892,0.7528531994162582,0.6684428910553709,0.5201417514807789,0.7823232672241031
0.0,0.946615882844166,0.6392224043063945,0.4444584656124446,0.533628170949049,0.0,0.9425358531691972,0.7188373641002884,0.7495574553445392,0.6490963808073549,0.546516163527969,0.7509078309078315
0.0,1.0,0.6362321109608577,0.4411941973199455,0.5372222494175366,0.5780185787995454,0.9724877763993282,0.7364322165520302,0.7474677000036878,0.6256285125073107,0.5693117601933322,0.9102425292334346
0.0,0.9781860398802372,0.6332803668545353,0.4333322567930527,0.5326080156492913,0.6147523926859774,0.9901819513982172,0.7567487611863031,0.7443038561916373,0.6088277248180959,0.6014177295248768,0.9869532265049812
0.0,0.9624416970486996,0.6319634492917479,0.4377676864993326,0.5344335602337729,0.5376904155666331,0.9768225668579802,0.6951852673618819,0.7396072930415805,0.5717363706488352,0.5602817264560079,0.7317832394976197
1.0,0.9367171110251138,0.6297067427717187,0.4408271458944975,0.5343747726274917,0.5278040808820189,0.9618512638905852,0.7030619037053473,0.7379451689978886,0.5737884922848965,0.5721079925789269,0.8300941966219153
0.0,0.9517282114996846,0.6274484113571168,0.4449305755626208,0.5326594703240625,0.5131345142237776,0.9958626190120132,0.7423045632719474,0.7353660590084543,0.5706526628099853,0.6512250214566662,0.9954255088783036
1.0,0.9201376866203638,0.6248402691718427,0.4509842983255768,0.5332280966767601,0.5789591065032544,0.989549901147713,0.7024110642703938,0.7297560549219901,0.5619289760918302,0.6465379877985588,1.0
1.0,0.8761431452023547,0.6226729374198545,0.4446075974951029,0.5321210878965659,0.5101883613370561,0.9935047361299052,0.6829746320538423,0.7249413631446733,0.5550958327060183,0.6316988813012521,0.9934572779685186
1.0,0.8566307513697375,0.6204478386834589,0.43689117116675935,0.5336065258424333,0.0,0.9726116373477668,0.6613194290363142,0.7195350263958613,0.5412679694689697,0.6473898792465042,0.9618606484675284
1.0,0.8656129702425811,0.6177801443207867,0.4236774976583029,0.5311022165003643,0.4951928236023563,0.9785385656292284,0.6893942755713336,0.7134843860962838,0.5270293837895003,0.6704190306411408,0.9819536937993842
1.0,0.8517221011467098,0.6154713582926488,0.4246920420671816,0.5300396542407315,0.5685752147478909,0.9508795669824084,0.6615708897270913,0.7068416515370772,0.5021758904312382,0.6503092812171336,0.7568491877625371
1.0,0.8383811638185633,0.6133847390158627,0.4307444954727505,0.5273144841862852,0.5028152460141666,0.9942635921781396,0.6696989867613339,0.7031321476057968,0.4933843860399015,0.6653570349270143,0.9673544810594392
1.0,0.8058740859930341,0.6114782603387416,0.44786306187674174,0.5241564359193673,0.4443523482713677,0.9831309041835358,0.6551512462095997,0.6995859726068225,0.4791957933922689,0.6535530011003621,0.8551203184367657
1.0,0.8019227244027128,0.6086769994382806,0.443667581354562,0.5238373216195285,0.4435545718205371,0.9745936748225076,0.6292286073515273,0.6962636096235757,0.4678745493762009,0.6617070865201555,0.7902133639964233
1.0,0.8232682241277473,0.6059590419136767,0.4484872837596665,0.5230778043461419,0.0,0.9853018834712198,0.6648546705125362,0.6934732093167799,0.4512281682996856,0.666420057078287,0.8916570844512599
1.0,0.8246125017821866,0.6022285379558041,0.42771749544823867,0.5232691589352911,0.4563858828513414,0.9872968374112542,0.6797943939057766,0.6885902620248228,0.4229914978217226,0.6494574468151346,0.975978534009117
1.0,0.8412326618734345,0.59859908166862,0.4075863782550324,0.525997558239497,0.5014949733093055,0.9939491972202252,0.6846461060572443,0.6827558159478886,0.3859095032872221,0.6547074646233662,0.9757435501842808
1.0,0.8196427480294114,0.5940385135409251,0.37685508309082905,0.5242737708057216,0.4490664887903245,0.9780290494576214,0.6748835145329488,0.677223545124882,0.3614335662285616,0.6471346057141054,0.9665410528719882
1.0,0.8362629081206592,0.5909406307014826,0.36769961965358205,0.5269883299007943,0.5444189290973105,0.9884716632878456,0.6572738702758674,0.6739086564756394,0.3551819812661463,0.6313267010405658,0.9907892439322502
1.0,0.7937144835733345,0.587322600931155,0.35145797647460475,0.5256732976306508,0.5071240950254358,0.9581951718367472,0.5693661711411878,0.6718446276770311,0.3588342530635526,0.5346188434157866,0.8577878103837466
1.0,0.7803124427154412,0.5846711724181861,0.33914654381327924,0.525280906506586,0.5238014524905652,0.9014404619306492,0.49457140744027794,0.6712272794267502,0.3610811072667118,0.4744123287143632,0.4975745641419715
1.0,0.7891113509990431,0.5827555951461338,0.33145491748587674,0.5228210162579775,0.5230111402008536,0.9095083335818006,0.5364839878707196,0.6745604420234068,0.3863150600336414,0.4918942966633243,0.6556361365928616
1.0,0.7710043383506121,0.5827566335131276,0.3480709899020962,0.5189065744860663,0.5447510650193781,0.9147205208139618,0.42792692848162095,0.6760355666949598,0.39885022291598,0.3567312235141962,0.610849266340594
1.0,0.7599445994663626,0.5827460024259188,0.3638133954456417,0.5158521208801571,0.5023470262315136,0.9363039604293846,0.42927298276754666,0.6791743974157469,0.4375856036162529,0.3582174845315946,0.49209378407851706
1.0,0.7721245697293112,0.5813361109913766,0.3734619398632886,0.5138334787089033,0.5206780635192153,0.946202471406335,0.4198653945714075,0.6799759040064846,0.4497697083954453,0.3504662925643484,0.5920704159526411
0.0,0.7926349878811337,0.578802385370695,0.36707502822280336,0.5129993068776119,0.52830265652942,0.9564816943439384,0.4435100954071444,0.6804075693073162,0.4597980731677137,0.33155281346346416,0.5763053655023409
0.0,0.7967289243741982,0.5769768515920324,0.3683271217305839,0.5097956788507232,0.5524580157628212,0.9603473850213274,0.4544634272612975,0.6793053829701967,0.4531470212212033,0.3415452486171422,0.6532949225783227
0.0,0.7935719086705911,0.5757094501900226,0.3704115652846424,0.5084851772367851,0.0,0.9771279968254482,0.4769617631831965,0.6775935795096135,0.4437631741926722,0.36713222548267216,0.6454087144400437
0.0,0.8048353259873314,0.5737387241794412,0.3684658164923828,0.5100073774999794,0.5540777782039235,0.9960464527163068,0.4975075808002365,0.6755966783524411,0.4404486151852151,0.33903683882328084,0.7007202016564632
0.0,0.7960975212334769,0.5719400108116903,0.3724713031930933,0.5098348460397585,0.7163346689392595,0.989624783156456,0.4625471488795209,0.6721753119098679,0.4266665196411865,0.3478553948380029,0.5344256391789699
1.0,0.7436910605535982,0.5696740760253656,0.4004138649732105,0.506068824290016,0.5253521642405677,0.9593367869914602,0.4818800384586939,0.670828039713401,0.426423954215988,0.3705675207414989,0.3623334533669426
1.0,0.7400452166120128,0.5678184734528902,0.43923739938939704,0.5062079961469759,0.5037727859341207,0.9330885754198094,0.4682419939353598,0.6708059380131204,0.4253060864772353,0.35728298591940444,0.3813467770975879
1.0,0.7519807727559731,0.5634416278491132,0.4468632443521272,0.5079382216446549,0.4674562084189961,0.9326890124801946,0.4599881665557282,0.6718744770274163,0.4353912238595539,0.3954056048536481,0.3411955347497301
1.0,0.7988879157586002,0.5609891098904691,0.4288988937226117,0.5109895175138552,0.4587035993230157,0.9345946203460516,0.4772280156793134,0.6729113051325948,0.4456775350194714,0.3653214486445578,0.4053655023406546
1.0,0.7540990284538771,0.5596217520928253,0.4161945295541697,0.5065920924672881,0.4491118687498669,0.9243519292796556,0.466252496117151,0.6743017177492001,0.4632138163080058,0.3518492749665627,0.317680950666186
1.0,0.7242397702507285,0.5618837328996851,0.4366717764997847,0.5057052023172671,0.5124622960924661,0.9060745430653444,0.4214555136454405,0.6763319475730272,0.4827811661373128,0.3573443439226877,0.3056175729204175
1.0,0.6523412835814818,0.5632244878534587,0.4659805100482929,0.4982316753577653,0.5143696306912618,0.8685939553219445,0.4145403446490643,0.6792353878083377,0.5069211258816093,0.34761169550437626,0.18602808786460165
1.0,0.6148033484734302,0.5634545063104381,0.4828755633202738,0.497187325423167,0.518961267292784,0.8290825468880656,0.3949042230604246,0.6821202999752289,0.5267603962294606,0.3699569948092287,0.11776194437411833
1.0,0.6178992606472901,0.5604481574419997,0.4770362874804665,0.4980176324021343,0.5110419124422957,0.8097598853183606,0.41393388063013065,0.6858501459752588,0.5524226076556883,0.3958819549417572,0.047679617637989086
1.0,0.6830559912010917,0.5571020678548513,0.4635872780734717,0.5034474441248867,0.5104480217806422,0.8440747819854255,0.4948672435470749,0.6898859389237941,0.5808874283849392,0.434346112099336,0.31273109407231525
1.0,0.7057254007373159,0.5547095721129139,0.4617137781798543,0.5066384636368106,0.4442649880544537,0.8776430533986378,0.5151172250573183,0.6925420353471201,0.6066416331360786,0.40758275898659735,0.2552348893619128
0.0,0.6928529238038983,0.5549512908753953,0.4756552004185176,0.5041953993525604,0.0,0.8783896786524905,0.4774277050514015,0.6946518827161037,0.630120405964569,0.413257828654886,0.13761694965595644
0.0,0.7149316658858996,0.5552550604884718,0.486370504490019,0.5058280642867836,0.5150489569095399,0.9552920797993072,0.6094667554174986,0.6980289953557257,0.6604631591304728,0.5491565590151701,0.8622478087236142
0.0,0.7268875898731085,0.5555754275682527,0.4982402058522076,0.5073846634953818,0.5031990561679137,0.9961880946572336,0.5999852081946603,0.6950303756642873,0.6618556154526565,0.5383132383153408,0.7956018878688872
0.0,0.6771289488156098,0.5546196865961319,0.5114383758231719,0.5043016554163038,0.37746415696632,0.97575190899174,0.6598180607943198,0.6926659265001303,0.6688401317359761,0.5859398081909447,0.9950547852225348
0.0,0.6676986373912868,0.5540653803106077,0.5387044805192561,0.5033204224562597,0.4331674426021399,0.9612591553685522,0.6485984764440501,0.6889187328670137,0.6782276960114791,0.574883299848958,0.9310361469041072
0.0,0.657127726745015,0.5533831006200656,0.5641917155403403,0.5054187700886676,0.4996531265443101,0.9566775751908988,0.6340285481843059,0.6861254804693937,0.6889201927417692,0.5373593870965082,0.9665061390949704
0.0,0.6790371113340019,0.9868239438885013,0.5697572808349958,0.497686572839559,0.4685849304665933,0.718363957230354,0.4678574069965236,0.9659562272182702,0.5377748420304204,0.4763144021271154,0.743230347131098
1.0,0.6258776328986959,0.9855973857276268,0.5560005541608997,0.4948301770511632,0.4648465618563604,0.660645697082944,0.38613268249389865,0.9642331834655355,0.5297164572990556,0.4679265584766255,0.4611734889340781
1.0,0.6461384152457372,0.9857150532596092,0.5494602521717844,0.4962179892121516,0.470009887429342,0.6529637703726772,0.3628060054729676,0.9644842521509064,0.5302891310432448,0.447770734113793,0.3181794026995425
1.0,0.5624874623871614,0.9872122195598472,0.5498519747379482,0.4946514366770526,0.4633680409477246,0.6126855600539809,0.3565268841062049,0.9659746458570416,0.5249281444849738,0.4402084269306477,0.1321872675098308
0.0,0.6300902708124374,0.9897379395154118,0.5781664410875409,0.4983662094459422,0.4685035751364142,0.7104744108792693,0.4434657199911249,0.9700291152895296,0.5456550005470402,0.4974789495067221,0.4573280901264736
0.0,0.6866599799398196,0.9924039535694786,0.6151550226727571,0.4980049080426301,0.4657576036291753,0.7559431122184159,0.4626506915169,0.9710197879650908,0.5591668851349085,0.4623678411102949,0.5150653629503669
0.0,0.5805416248746239,0.9942011609020212,0.6419219179201694,0.4951482370246028,0.4697249692332776,0.7110972698017234,0.4097330079136154,0.9692947052329804,0.5627074829108304,0.4091881204449082,0.31594749707726555
0.0,0.5267803410230691,0.9971843021569036,0.6596411490906084,0.4957367604017445,0.4639088420544073,0.6716495380462991,0.4508468308557063,0.9689668322638608,0.5887988901685037,0.45033694049727613,0.08261363636363615
0.0,0.5382146439317954,0.9982618307237788,0.6598219427779038,0.4963821120378371,0.4643903916660054,0.6884667289525591,0.5735892315657123,0.971742937248634,0.5841647919937369,0.5063967400093614,0.09259326660600399
0.0,0.5624874623871616,0.9982395343691924,0.6658102774949806,0.4976913530001921,0.462739781811948,0.7289525589120732,0.5699504474521119,0.9735570925936892,0.5651596984925521,0.5023443119577018,0.4446663104311396
1.0,0.5542627883650956,0.999185357620732,0.6825316426275427,0.4972839464928826,0.4696723392499718,0.7146268036956297,0.5518009023001261,0.9740261188170138,0.5219906760836556,0.488313960957441,0.3324239952751934
0.0,0.5642928786359077,0.9997713045145662,0.6918487018883008,0.4976250680375589,0.4634724479893253,0.7582269282674141,0.6965017380371276,0.9750517675573388,0.4837327955346808,0.5699328416400281,0.6260370672441431
0.0,0.5500501504513542,1.0000000000000002,0.6936473851535694,0.500527883860237,0.4662412506660945,0.7486764247897852,0.6901264699356552,0.9725084252467744,0.4419990758963581,0.5660015974645474,0.6763270084601607
0.0,0.5225677031093279,0.9976298678569602,0.6809547090192873,0.4990698649840177,0.4733260326173945,0.7129658465690853,0.6240736631905931,0.9709501354078494,0.4091012019727495,0.5637483105514669,0.5099953612688036
0.0,0.615245737211635,0.9939933923196278,0.6637402100744596,0.5007983607430695,0.4841747516656031,0.7821031869614867,0.7231121958435025,0.974774305433501,0.4329067800699423,0.6268026954506941,0.6929380839831234
0.0,0.6639919759277833,0.9906295437978131,0.6485878110132013,0.5000017431969767,0.4810615130468433,0.8036956296065608,0.595688188743436,0.9752932321397648,0.4320019588883568,0.5229377710834663,0.6651940535883886
0.0,0.6643931795386158,0.986413957217813,0.623223657080745,0.4999121963233729,0.4884676412246143,0.8151147098515519,0.6381184823607725,0.9770926377369497,0.4553875303831586,0.5653036582118603,0.798502352499392
0.0,0.7181544633901705,0.9813853634735744,0.600985867801813,0.4994608346287898,0.4740013944732188,0.8292328454271776,0.6818208712373344,0.9746702867213192,0.4533688080306956,0.5501328792321709,0.8364957699189317
0.0,0.7362086258776329,0.9764858071205104,0.5854056391624347,0.5009031215457405,0.4847495762772816,0.8026575314024708,0.6590193033059684,0.9698930716661368,0.4547200793795288,0.5240053390173258,0.8448013076804131
0.0,0.7189568706118357,0.9732718210176612,0.5840051065971696,0.5034189204011116,0.5005271864550859,0.8022422921208348,0.7017898084461207,0.9640068289125427,0.43224539568866177,0.5514084302209274,0.8038479379735367
0.0,0.7506519558676026,0.971615022245629,0.5753127487049821,0.5015446348749242,0.4689289380062742,0.8284023668639054,0.7849641298720516,0.9576826259678296,0.4062108035189416,0.553262683086693,0.8511850853747434
0.0,0.7544633901705113,0.969978229387214,0.5657724300942673,0.5018593544002422,0.4901490097636266,0.8219661579985466,0.788610309888322,0.9532202726528952,0.3905163733475968,0.5564354630451874,0.8951662333819449
1.0,0.7091273821464397,0.9689176005903242,0.5563583336938667,0.5028410363120498,0.4906982475069263,0.7976746600228384,0.6771762443606243,0.9470069114653774,0.3608426420243551,0.5053134967837652,0.9997849051192575
1.0,0.6822467402206622,0.9683292792760148,0.5593680081343158,0.5050688415599143,0.4851545684022872,0.7756669780961281,0.7257673249020042,0.941890162284852,0.3342199602144321,0.5308940457618934,0.906416704770614
1.0,0.6637913741223673,0.9694724204179288,0.5668237283332549,0.5041342001896638,0.4844501732462191,0.7526211979653277,0.6787885511426666,0.9364683851123228,0.3033343299950567,0.496055575849937,0.9186607732561082
1.0,0.6036108324974927,0.9712025127990572,0.5879304372910465,0.5038402839116752,0.4830335466988632,0.7484688051489673,0.6270763996745798,0.930308242831012,0.2769352036912404,0.5147808742570552,0.9330670634609852
1.0,0.5955867602808426,0.9732778795679098,0.6101265044228754,0.5032452156762228,0.4826494902467686,0.7557354925775978,0.7335626063161008,0.9226253177154032,0.2451889911294294,0.5609361254855841,0.9258126095028898
1.0,0.5167502507522567,0.971607651455159,0.6163468800599681,0.502601759003536,0.4790175840061035,0.6762171701442956,0.6578951261001401,0.9116645088252592,0.18090980133207674,0.5306990997734774,0.9835085313833032
1.0,0.484653961885657,0.9690637535134712,0.6151735893268198,0.5008934978629758,0.4801419002694106,0.6178760510744316,0.635330227054212,0.9096107307582316,0.1754269054147909,0.5213566452659361,0.640760197775031
1.0,0.5703109327983951,0.9664829446565611,0.6145158181277699,0.5023739748609293,0.4854401771969885,0.6895048271566488,0.540056208860291,0.9122802984896624,0.1908920018645288,0.4692378292372749,0.8772613320685668
1.0,0.5614844533600802,0.9643357252659046,0.6212031443419501,0.5019363516419236,0.4868481126166015,0.6726876362503892,0.44936765032172143,0.9154264435545432,0.2173346716193912,0.478635112835455,0.8251914086320201
1.0,0.5446339017051153,0.9631457085141653,0.6249413208172054,0.5010053373599813,0.4849196812784023,0.6521332918094052,0.3457288662081209,0.9184932588670572,0.24095082205778875,0.4801856930661413,0.3105859805080943
1.0,0.5229689067201604,0.9616728820574234,0.6339198236589163,0.5034631428468799,0.4920802381697541,0.6317865670092391,0.24896087567487615,0.9235832023811871,0.2852729479779078,0.4962846234615496,0.3005138033682672
1.0,0.5191574724172517,0.9620246519375936,0.6379997763107488,0.503350782643998,0.4971904279125417,0.6106093636458009,0.2479550329117665,0.9292281038998867,0.3332730262810032,0.4962180052735194,0.3113365868713946
1.0,0.4483450351053159,0.9630823526686948,0.6482361482674148,0.5025697902436862,0.4881785654623242,0.571992110453649,0.19626506915169,0.932594243552734,0.3739224583445876,0.5233123846025852,0.2070654928387748
1.0,0.5233701103309929,0.9641591716177528,0.6414761030853101,0.5070698295640296,0.4909526158468906,0.6645904702584864,0.3220915612750538,0.9390563659002706,0.4309957507983508,0.5183415819295429,0.4772711205372921
0.0,0.5456369107321968,0.963862255959982,0.643273524127046,0.5085012618895792,0.4837214071284848,0.6637599916952145,0.2760076917387766,0.9385624086446036,0.4351827704724064,0.5013401425946644,0.4825379992930354
0.0,0.5616850551654966,0.9631918784178934,0.6297926698854237,0.5093352709065342,0.4831475418425295,0.6990553306342782,0.3027364839878708,0.9377682404096196,0.4316417583385007,0.5144667105153115,0.3861240582034449
0.0,0.5725175526579738,0.9633550481507374,0.6243904479127558,0.509936168042492,0.4827392898792514,0.7173258590262638,0.3594778492715039,0.9359953556388094,0.3950370120240753,0.4889408271962859,0.4439098548255069
0.0,0.5590772316950852,0.9629690133288598,0.6117661450771958,0.5128977212754294,0.4886817752431837,0.7038305823730924,0.35488499371348303,0.9346121034885844,0.3877024574037666,0.4853612385664646,0.3163267010808739
1.0,0.5085255767301905,0.9631256680022664,0.6217041804807673,0.5136164011023515,0.4844873313307202,0.6608533167237621,0.2635973670586496,0.9355953591689988,0.3932558934729576,0.4885765986730897,0.16425266041864994
0.0,0.5291875626880642,0.9628145551328068,0.6373598589680534,0.5147655984614422,0.4832500714317563,0.6994705699159139,0.30902300125730353,0.9415157353826179,0.45030684243707103,0.4615479050614511,0.1857030688785309
0.0,0.600200601805416,0.9612455905296458,0.6394084144007537,0.515381300484976,0.4911067082208025,0.7557354925775978,0.41487316026921095,0.9477037459044066,0.5011582068114853,0.5067313703978429,0.4287241684625538
1.0,0.5311935807422266,0.9589174330965988,0.6330725616080692,0.5114991726791969,0.4863049045968267,0.6714419184054811,0.28093336291694376,0.9499691887460632,0.5275540350080806,0.4798757617956039,0.21620808900917166
0.0,0.5556670010030089,0.9582066779933374,0.6315755739169062,0.5129437106368557,0.4835464084530288,0.7067372573445447,0.32906589749278936,0.9564414984173392,0.556197954874171,0.5021940222247199,0.3303763845035837
0.0,0.5835506519558675,0.9558024426939722,0.6211088066952468,0.5146123220883568,0.4952427999768986,0.7414097373611542,0.4188299681976189,0.9600342756672562,0.5601424667575234,0.5022804845766878,0.4401510215673503
1.0,0.5769307923771313,0.954838931648878,0.6163483878648186,0.5145871152389069,0.496167305085599,0.6892972075158309,0.3184453812587826,0.960632915223653,0.557105748742888,0.4257437706394667,0.19395579612088465
1.0,0.5195586760280841,0.9526895593824828,0.6100101496738735,0.5144187898733859,0.4948315981165829,0.6780857469116579,0.3377338954219361,0.9672474372053608,0.5928919954838897,0.44085300522586623,0.16263218563624576
1.0,0.5137412236710128,0.9526913272748428,0.6279163502436742,0.514249254791557,0.4903446189248713,0.6438285061766842,0.3164854670512538,0.975732645387038,0.6584844941934114,0.4210638413527434,0.059322741776508474
0.0,0.6146439317953862,0.9500317883921056,0.6114380313593093,0.5204554031835165,0.5009400183534796,0.7486764247897852,0.4365357591894091,0.9882129146598242,0.7571057542838184,0.4942262067081685,0.06515601783061017
0.0,0.6663991975927781,0.94611117284207,0.5906778135641793,0.5199931079770962,0.4956327757230497,0.7856327208553928,0.5078692404407964,0.9954380491114628,0.8269286771774136,0.5495213147702578,0.1865141481035523
0.0,0.7644934804413237,0.9435343071974728,0.5759844313284468,0.5224477917942518,0.5221564055623492,0.8479186131007992,0.5591968049700463,0.9993991663093679,0.8981530245380854,0.5455851409179302,0.3336544250451514
0.0,0.7985957873620861,0.9408276323971244,0.5892124348641811,0.5239282176284822,0.5490357351167084,0.9205854873871068,0.6387397381850454,1.0,0.930516273621946,0.6327820264204569,0.7126429861529197
0.0,0.8114343029087261,0.9393798768988832,0.5914051707978869,0.5210219074284635,0.6040469749446966,0.9257759784075572,0.7282005768804082,0.9961854005565632,0.9358755720022154,0.6553076933757574,0.7589102950030095
0.0,0.8226680040120359,0.9367126476539204,0.5762292632344395,0.5216804813388262,0.604098318458835,0.9380255372158206,0.7610531765401967,0.9899797813143864,0.9038031098608592,0.6392159289748066,0.8457104017722284
0.0,0.81925777331996,0.9363330747047696,0.5485232629873877,0.521303952977895,0.0,0.9459150835669056,0.7900673027142959,0.98295041460211,0.8741178295681926,0.6560619140187768,0.8321155917755598
0.0,0.8242728184553663,0.9353409751685986,0.533837556488431,0.5209188762654443,0.651795037426629,0.9969895152081388,0.8999926040973298,0.9772513799062932,0.8652102176390277,0.7178663349292791,0.9860246751828792
1.0,0.7408224674022066,0.9343576355072812,0.5373674527218311,0.5166816089434118,0.4959953161980522,0.99976910644193,0.7834775534353966,0.9690057541740388,0.8405178963172133,0.6389752386954207,0.9992632448482957
1.0,0.6776328986960881,0.9320815247701072,0.5527041289323755,0.5166284587022199,0.5266270349272721,0.980200381679389,0.7515864211226979,0.9648775389071332,0.8352981774489907,0.6682315969669332,0.9735161352285808
1.0,0.6375125376128385,0.9323540620327544,0.5778623930227261,0.5180946216118109,0.4993952492827125,0.9341603053435114,0.6826640041417056,0.9595069499448194,0.8104114048638955,0.6610562481027852,0.8525478030919451
1.0,0.6052156469408225,0.9311700500970844,0.5843550350487539,0.5157623347020239,0.5100304150511326,0.9396469465648856,0.7504696398195396,0.9558758349414151,0.8034206338065615,0.6732771537196911,0.948975378103545
1.0,0.5825476429287864,0.930858834920907,0.5928104341192215,0.5146247123850503,0.5163336012341497,0.8902671755725189,0.7357961689224166,0.948230423414357,0.7579873497641254,0.6660294058782708,0.8235946936457946
1.0,0.5923771313941824,0.9295085550973036,0.5978076756869823,0.5150506891877956,0.0,0.9265267175572516,0.8249833592189929,0.9428734556706851,0.7246886815366796,0.6708379634753469,0.8505908452936114
1.0,0.615446339017051,0.9289863226849956,0.6113455369202465,0.5163853142853727,0.5390988552288382,0.9637404580152668,0.8578433547814517,0.9380143071680124,0.6852793304497611,0.7172561088782302,0.9754141627415956
0.0,0.5949849548645938,0.9266708962338546,0.6269283840777833,0.5188974490821453,0.5044497049600859,0.9441793893129772,0.8110568744915314,0.9323978495691684,0.6747844083878811,0.6460043760950248,0.997576621525302
1.0,0.5622868605817453,0.924983742827976,0.6275464174981631,0.5171201318912164,0.5161541215286061,0.8897900763358778,0.7811404481917017,0.9270609228900372,0.6934228214586755,0.6320519520935812,0.9417225150194116
0.0,0.5446339017051155,0.922848198745838,0.6252026334597889,0.5158691611285575,0.5163296197867453,0.8919370229007633,0.7301235115745879,0.9218874842447646,0.6776321097256499,0.6232145252307764,0.9164768907107396
1.0,0.5428284854563692,0.921000296523682,0.6218927829036462,0.5158505403107747,0.5077354219827943,0.8747614503816794,0.6981732120405298,0.915791474032268,0.6475725670804928,0.6058514823166734,0.8623578832016805
1.0,0.5201604814443329,0.9191705089525108,0.6332569823120737,0.5145609093729868,0.5164220460280962,0.8399332061068701,0.7329117668811477,0.90888145549624,0.5835942015669809,0.6268816111946875,0.7867677275010263
1.0,0.5227683049147444,0.9182527919013854,0.6417981365381293,0.5146037692864739,0.5260231024045577,0.864503816793893,0.7947563050070265,0.9016002129805992,0.5376769947051877,0.6213766628437476,0.8398931555636728
1.0,0.5261785356068206,0.91614319439061,0.6385284105154871,0.5147997243796936,0.5163215613552041,0.8718988549618321,0.8369425338362545,0.8938390085606294,0.4745837397075599,0.597019997389189,0.8827748360072696
1.0,0.5622868605817453,0.9125378409224252,0.6370054229777968,0.5134228559471246,0.5743159032870636,0.8800095419847328,0.8278529694549224,0.8833824330015678,0.3850362290046143,0.5932183241050552,0.8544582968795561
0.0,0.6054162487462387,0.9072512742281502,0.6323158692716486,0.5124370341255777,0.5065467894139154,0.9155534351145036,0.9530729975593524,0.8746893230241715,0.31506224766218105,0.6067634599709493,0.90215108508878
0.0,0.594383149448345,0.9019320576141988,0.6261392325140958,0.5120690595949218,0.5269748866144671,0.8647423664122137,0.8252348199097705,0.865041096755385,0.2586108732947794,0.5667346229152864,0.9713827881987004
1.0,0.6182547642928786,0.8954680078811064,0.6017831807208179,0.5136716563979722,0.5058157884110426,0.8640267175572518,0.7544190518452782,0.8606649628885201,0.2377725153455347,0.5582141075024853,0.9754761335564596
1.0,0.6228686058174524,0.8898826748104007,0.5798293593854134,0.5143718385368642,0.5150708601834125,0.8170324427480916,0.7356112713556692,0.8562574872527657,0.21275711436046288,0.5500945643765001,0.890476383211236
1.0,0.6228686058174524,0.8866402258361867,0.5659846800597883,0.5144885479732307,0.5054901432035382,0.8029580152671756,0.6560757340433402,0.8521796049752639,0.1808000604998881,0.5533218393064963,0.7218197272028172
1.0,0.6541624874623873,0.8851139035906568,0.5614756828070038,0.5162445969397814,0.5059640461029369,0.8654580152671756,0.7007100066563129,0.8514036892617283,0.1723124491739088,0.5912307212411785,0.8827255433682767
0.0,0.6778335005015044,0.8831440540632236,0.5464261880139587,0.5140739122486755,0.5187159686942925,0.8838263358778626,0.693669107314548,0.8484702999452769,0.1487389808408771,0.5843936395829128,0.8847290241631928
1.0,0.6686058174523571,0.8812738707707826,0.5353532295061134,0.5136890178735299,0.5027953383739263,0.8573473282442747,0.6523851786110492,0.8454462041995818,0.12641718800135465,0.5475174605900363,0.931335249119682
0.0,0.6116349047141427,0.8795433480355721,0.5172362106356183,0.5136196474838386,0.5144514904397366,0.8210877862595419,0.5765032172176615,0.8399989993318668,0.09430049317434892,0.5475044127153441,0.9215298687567512
1.0,0.5977933801404213,0.8782684857192382,0.51042239057675,0.5128747973874817,0.5237902948452146,0.7948473282442747,0.6138451297980918,0.8371562607982048,0.08198909451940589,0.5699026929339495,0.8554715333164777
1.0,0.5091273821464393,0.8760697390649599,0.5068518779244056,0.5073687032757342,0.5238066200019285,0.6793893129770989,0.4292212114488571,0.8350217057710052,0.0704896720786401,0.5021915594353031,0.5836991748454259
1.0,0.4842527582748243,0.8747153899503395,0.5078161116869793,0.5094500698847316,0.5165857481128338,0.6536259541984731,0.3809703424302936,0.8385700291026337,0.08486280859679074,0.476582722861989,0.5874704491725764
1.0,0.5249749247743231,0.8727934776328647,0.5132788068580871,0.5085388163561582,0.5248974723207812,0.6956106870229006,0.4386435914503368,0.8392658506746571,0.08202002779702383,0.4592191909199774,0.6950723660648456
1.0,0.5209628886659979,0.8707315922588401,0.5081116828635941,0.508461342824563,0.5149817228353711,0.6619751908396946,0.4665113527105982,0.8349270532899362,0.042016122367831865,0.4771991427285857,0.6630290517622774
1.0,0.5307923771313942,0.8679295768269826,0.5090013635739465,0.5090922727932409,0.5130084717053794,0.6810591603053434,0.5732564159455661,0.8339710482938059,0.03675345886348708,0.4908034966691314,0.7838287652474358
0.0,0.5839518555667002,0.8668047747480812,0.5103802564545745,0.5091165560310834,0.5272759118087907,0.7139790076335877,0.4273056726573482,0.8311139455407304,0.013448029185500364,0.4636253599953506,0.7803948005983109
1.0,0.4515546639919758,0.8644873165388358,0.5059611660264935,0.5037811870342118,0.5230684162290289,0.5741889312977098,0.3673249020042897,0.8306379964024624,0.01970395269747266,0.47839828701739295,0.5742227671861407
1.0,0.4515546639919758,0.8631316937055915,0.4927962138909268,0.5038598589758606,0.5273705579610027,0.5570133587786258,0.30201908142888834,0.8299561332870204,0.0,0.489900365185132,0.4548690768135429
1.0,0.4736208625877634,0.8603377751161658,0.4651949564837024,0.5055229904442874,0.5234919501998978,0.5546278625954199,0.2515124620959988,0.8333949697766576,0.010952593130705124,0.5098384693197302,0.3312960859610222
1.0,0.5141424272818456,0.8579849754779774,0.4383222549651255,0.5047976502449077,0.5056647989613517,0.5808683206106868,0.1561570889727088,0.8392476771894204,0.0351752625898471,0.5275275249401644,0.29006031562422474
1.0,0.4204613841524573,0.8543748616405773,0.4094307386138247,0.4981209277412614,0.510605643735553,0.4639790076335874,0.0,0.8454555801739461,0.06043861289644802,0.4532209385115417,0.03703982874544067
1.0,0.4788365095285859,0.8527101872876217,0.3974996448144389,0.4989644077276985,0.5208697723947142,0.4770992366412214,0.07221359366910696,0.8559028663829801,0.10755230595308383,0.4363354551575525,0.0009082217973226717
1.0,0.49989969909729204,0.8516446532395314,0.3864731024754103,0.5004959488365139,0.5115460802752376,0.5114503816793893,0.1309814362842982,0.8645243302884129,0.14250466704533832,0.4094945963180941,0.0862495860209112
1.0,0.4896690070210632,0.8511539222903297,0.3809887364053341,0.4996308277609781,0.5129090722325836,0.5126431297709922,0.07996449966718439,0.8714924588387303,0.1910563831390304,0.4308184462664726,0.045740260129914605
1.0,0.49989969909729204,0.8506119671994161,0.3699758300891999,0.5005905841057797,0.5307163190623819,0.4887881679389312,0.11587900303231975,0.8804721087532108,0.2503516402644739,0.4023566134467396,0.01328732221756342
0.0,0.5195586760280841,0.8506154067466676,0.3666294562632985,0.502018003289751,0.5271061766581642,0.5200381679389312,0.12881443680201116,0.8886889897829133,0.3047879842281779,0.4078952861010608,0.04418357145160709
0.0,0.5053159478435306,0.8509625439664663,0.3672916699909573,0.5007676318902268,0.5310040223189738,0.5274332061068702,0.13382885881221795,0.8979944140117571,0.34813892122925083,0.410182159107548,0.06113135743541754
0.0,0.5783350050150452,0.8508682317191443,0.36777337982493613,0.5025088326225712,0.5327826287209593,0.5920801526717555,0.1684860587234676,0.907676921446104,0.3893197828435302,0.4265211788022129,0.10060926584359263
0.0,0.5494483450351051,0.8497244677101035,0.3689892275988805,0.5005595347598648,0.5150361028470298,0.5548664122137402,0.2071592337844831,0.91460482992724,0.4100124390849291,0.3964688224632563,0.1780092551233719
0.0,0.4946840521564694,0.8512925044995356,0.3821796228390176,0.5003071381496972,0.5338948887586211,0.49809160305343503,0.19076991346793928,0.920137918157129,0.4138841267096592,0.3733479584156051,0.036448748414301714
0.0,0.5261785356068203,0.8534211845665947,0.39963768839566,0.5023449389727535,0.5306651918865859,0.5775286259541983,0.2889505214111381,0.929280400833388,0.4502574690089365,0.3759303420394178,0.17973777348777348
0.0,0.6020060180541627,0.8591108896175708,0.4315499871623603,0.5078891217460453,0.5198239963095072,0.6698473282442747,0.33863619554766605,0.9353244032554956,0.4756162816417734,0.4060632860863012,0.3299549549549543
0.0,0.5713139418254766,0.8631416515497612,0.4586489755006895,0.5047378709478814,0.5246190770611979,0.7459446564885495,0.3381480659714513,0.9383504048901591,0.5108852909125837,0.4050355454066487,0.3069095881595875
0.0,0.5364092276830491,0.8648223308926888,0.4674360233235153,0.5060006401232109,0.5249221846181019,0.7187499999999999,0.3433325937430667,0.9423097861275632,0.5318405175834011,0.4086371047375167,0.2005509974259981
0.0,0.526579739217653,0.861993534002423,0.4512628915194748,0.5056668864610884,0.5174010642616571,0.658635496183206,0.2669846904814732,0.9478640005749116,0.5713986829908555,0.35935914387148205,0.025619369369370724
0.0,0.6615847542627882,0.8591652479497559,0.4351171025642267,0.5114787287582743,0.5158680174044823,0.8105916030534348,0.446490644183122,0.9584673569295374,0.6354690214293552,0.4751096556358057,0.2700783421784172
0.0,0.6557673019057172,0.8551798088209448,0.4167595717156259,0.5147259830650399,0.5122994149184645,0.8093988549618318,0.4447008357370017,0.9619795705381846,0.6693595860920043,0.4733131311011958,0.2508264570372482
0.0,0.7003009027081244,0.8508151973540337,0.3972792189983728,0.5163307781707072,0.5172192545644688,0.8093988549618318,0.4887064566230309,0.9671294106476818,0.7111562743743107,0.4756605572517622,0.07945729568882845
0.0,0.7785356068204615,0.8442885929518502,0.36747067760516705,0.518205418415101,0.5554705751797947,0.8840648854961831,0.4855705938909846,0.9713214118514396,0.7628789460077359,0.4723610716342165,0.15756845796875402
0.0,0.8445336008024076,0.8395988743065914,0.3565719362523186,0.5194202217800181,0.0,0.9138835877862596,0.5866577915834625,0.9752402612925511,0.8135532733047379,0.5566430795231213,0.5391184573002739
0.0,0.8786359077231696,0.8377950513292389,0.3585252597366307,0.5216468524785953,0.6427956802027331,0.9620706106870228,0.6574735596479548,0.9750037360267972,0.8394348380337244,0.6231579688263259,0.7759543486816206
0.0,0.8260782347041122,0.837829188659944,0.3654231733437879,0.5169650518220369,0.6065423099687263,0.9623091603053432,0.618038606611937,0.9713988690818188,0.8250225646647342,0.6113639347127645,0.6941106400868854
0.0,0.7747241725175529,0.8360124840677821,0.3592018577401583,0.5174598506767828,0.7157482070248922,0.9083969465648856,0.6686709562902153,0.969118865965172,0.8176933839555965,0.6602203586592442,0.6614231160004196
0.0,0.8401203610832497,0.8313880118631718,0.33882744726808584,0.5185063652567772,0.5686001075856848,0.9451335877862592,0.713578877301975,0.9646939848200328,0.7929329454279495,0.6961903104313172,0.8513124721933852
1.0,0.8082246740220662,0.8283929951528328,0.3335750449835844,0.5168679853566425,0.5567244904925926,0.8888358778625952,0.7708453516751724,0.95858638457363,0.7724165449227303,0.7357706982580559,0.8047802500196558
1.0,0.7717151454363091,0.826180468755948,0.3289349780456665,0.5134535732692175,0.7157893868944009,0.9021946564885496,0.8204200872716518,0.9527090715633622,0.7515679650025702,0.7237981299003231,0.8399103040429139
1.0,0.8078234704112337,0.8256741559008176,0.3360528255312885,0.5123937435446365,0.0,0.9160305343511448,0.8268619184971522,0.948652425308146,0.7474753709964279,0.6852986038760843,0.867078379314325
0.0,0.8304914744232701,0.8247399318828414,0.3470822948852475,0.5134918110813584,0.5785504527140355,0.9701812977099238,0.8073663190592409,0.9445955063348932,0.7393558643255029,0.628954903970663,0.9296988990582298
1.0,0.7253761283851554,0.8195993670118358,0.33581175960871085,0.5098607435736929,0.525898915391479,0.9537013482574408,0.8225057318245693,0.9396890701685016,0.7347119258130155,0.6383583639466672,0.9797005939305192
1.0,0.8238716148445335,0.8165292950526668,0.3388259168008161,0.5176204775508767,0.4960994777786518,0.9409819384380564,0.7601360846091261,0.935454382072444,0.7502002745064351,0.6232223505963187,0.8838075810245403
0.0,0.7905717151454363,0.8135890567763215,0.3331401330157883,0.5142954506703872,0.0,0.9709997456118036,0.6648546705125362,0.9312307901631836,0.7570928333860463,0.5337027713136232,0.8809766657646587
1.0,0.7374122367101306,0.8154145197417642,0.3546320524034206,0.5137632072408529,0.5091803628894315,0.9610786059526838,0.7661637452851127,0.9271285400807516,0.7668124868874411,0.5457876060810919,0.8966299619075376
1.0,0.7432296890672017,0.8154343570585787,0.3585816297256503,0.5104522733508999,0.4791401509955012,0.9898358092259578,0.7417942459877228,0.9190532726794192,0.7337204207802088,0.5753120792485822,0.9984071133089248
1.0,0.6940822467402206,0.8139169704891023,0.35529600864939576,0.5108894063651214,0.0,0.9566076249423848,0.7234524073663189,0.9130318330052992,0.7265570214615833,0.566523466788941,0.951028817454238
0.0,0.7065195586760279,0.8125369446291817,0.3571068040998364,0.5115383231632922,0.4594420967921558,0.9978762941332622,0.7308039346202206,0.9070424114215332,0.7104099089981188,0.5740219342627292,1.0
1.0,0.6627883650952857,0.8103683159519872,0.3609629145912902,0.5089479580157499,0.42919051633701377,0.9761508596783136,0.7444937504622443,0.9006595985613328,0.6949860362815032,0.5830675169226079,0.9333352229245216
1.0,0.6647943831494482,0.8084646959775885,0.38331280364181103,0.509046095693817,0.4850071018941505,0.9985915492957744,0.7426891502107833,0.8947728562089696,0.6888081236410104,0.5807904778551318,0.9813017960893028
1.0,0.6216649949849549,0.8075045424016052,0.4080977649111228,0.5098745260254673,0.0,0.9620792501065188,0.7303601804600252,0.8890208702303108,0.6853363033573627,0.5746729632740272,0.9100743337160808
1.0,0.6292878635907722,0.8059020932262551,0.4341519774360662,0.5101942048452023,0.4844683884077876,0.9975855702315009,0.7643221655203019,0.8822572588595003,0.6735033990550527,0.5524728126281357,0.9902909904868488
1.0,0.639719157472417,0.8017318320165332,0.4265277405473646,0.5110063994031792,0.5150042780847174,0.9903382329114068,0.8203757118556321,0.8741773368154366,0.6324712416038769,0.5829905688356279,0.9531652580124736
1.0,0.6615847542627885,0.7967860575229341,0.4098124641174784,0.5128248761839548,0.5033957754407743,0.9831884057971016,0.7930404555876052,0.8665053140425802,0.6031238902059971,0.6206796875431759,0.8918802075145426
1.0,0.6471414242728186,0.7919119118142066,0.39198791786692905,0.5156306717076753,0.5356457411163023,0.9628985507246376,0.7806301309074775,0.8616540041520422,0.595967828955443,0.604200032592397,0.9369595975475556
1.0,0.6286860581745235,0.7882526831511352,0.3847406799845054,0.5146501044303716,0.5207132189383231,0.9127536231884056,0.6876266548332226,0.8555755407754102,0.6021609191287939,0.5859200167891484,0.9704022569191108
1.0,0.6479438314944834,0.7833201095407538,0.3747430502427093,0.5123681654436251,0.5399916256452866,0.9176811594202896,0.6708897270911915,0.8514465848677804,0.6144179052108758,0.622570703738807,0.9316357799503854
1.0,0.6198595787362086,0.7779526596214965,0.3577992198299623,0.5109206412645013,0.546773712300462,0.8304347826086953,0.5838769321795722,0.8461853456884032,0.6188271144012567,0.6123009738423506,0.6840799649788403
1.0,0.620260782347041,0.7754200430778628,0.3466918403598309,0.5112329999565421,0.5411581635759148,0.7956521739130431,0.5562088602913983,0.8442159964577078,0.6497263651555003,0.5921101929412425,0.5251228172576485
1.0,0.6012036108324973,0.7764634607522358,0.3618642071448895,0.5094030037844809,0.5309991443635799,0.8214492753623185,0.5484283706826418,0.8446077320928074,0.679297805871445,0.6341072507452844,0.5130113332360532
1.0,0.6018054162487461,0.7786158587903111,0.37514476783057304,0.5089618799522074,0.5374782819125571,0.8834782608695648,0.5671178167295315,0.8459205816643038,0.7065752197495309,0.6502409881771394,0.65491998638066
1.0,0.5626880641925778,0.7769423947971938,0.3691932123573067,0.5100892552477165,0.5362999905343735,0.829855072463768,0.5340803195029956,0.8447595283257596,0.7173942151001944,0.6717813023515972,0.5833211732088142
0.0,0.6457372116349047,0.7719230123111416,0.351223224266111,0.5124738090903428,0.0,0.8921739130434783,0.5745506989128029,0.8431337143024984,0.7434268879578344,0.6573904725117052,0.6496181720900832
0.0,0.7378134403209631,0.7662933851441038,0.33594417855287256,0.5154602440041489,0.5755164495392215,0.972753623188406,0.7131499149471191,0.8405364801847419,0.774798004167746,0.7426625532006522,0.959628386594678
0.0,0.7093279839518556,0.7620244755239778,0.338615663047561,0.5137347450983681,0.0,0.9401274858716384,0.5955180829820281,0.8328772745362567,0.7568378501405033,0.6925557354826936,0.8860370296103192
0.0,0.7362086258776329,0.7575024713274423,0.3286846603259821,0.5137081132075837,0.5632115785075105,0.9795076306377528,0.6255380519192371,0.8304208940963862,0.7626891938005433,0.6811072320139945,0.9600628300247316
0.0,0.7667001003009029,0.7522620885727516,0.31659454382454183,0.5163563750286021,0.0,0.955997096449028,0.5983433178019376,0.8260905752781096,0.7592585837042689,0.7017671872999766,0.8817749492971524
0.0,0.7853560682046138,0.7468282507159929,0.3000372933387884,0.5140614140838589,0.5466839510748378,0.9630502567056451,0.6128097034243032,0.822833058849679,0.7759377750307401,0.6728157387538778,0.9362141408287464
1.0,0.7679037111334004,0.7427368733880026,0.2844271528600623,0.5130754076221697,0.52583346767649,0.9625684723067558,0.5701575327268694,0.8190197301552955,0.7847695360901157,0.6312405310887711,0.7672060753051562
1.0,0.7803410230692076,0.7400859524719199,0.28093824020699143,0.5141194861376219,0.5078816939213715,0.9573950091296408,0.5707196213297836,0.8161105788631888,0.7804093036528299,0.6320004920234938,0.7905848674008985
1.0,0.7626880641925777,0.7366433978454074,0.2685119209817003,0.5163163911654748,0.5238062071302232,0.9522215459525256,0.6213297833000516,0.8129332774717672,0.7790900962639051,0.6822286083862201,0.7314222098524905
1.0,0.780541624874624,0.7327996859036723,0.259156675762112,0.5178108957337156,0.5432429349182452,0.9452221545952528,0.6085644552917681,0.8094334309754299,0.7703770670617154,0.6713719465247588,0.6533736233151753
1.0,0.7600802407221663,0.7307583108789073,0.2540369101009301,0.5169564819516854,0.5557562286891019,0.8761412051125987,0.5488869166481769,0.8089868413648118,0.8059440346547709,0.6071071068235205,0.3633258618849397
1.0,0.711935807422267,0.7329939269272632,0.2758002951057592,0.5124778219391883,0.5569613708980558,0.8843578819233112,0.4929738924635749,0.8108468727976899,0.8513247668957573,0.52829349904442,0.3682712491550128
1.0,0.6702106318956871,0.7334853842516966,0.2875475965548407,0.5085464312601121,0.539849601582937,0.9181375532562388,0.5655129058501587,0.8130328089626107,0.9062476357432052,0.569397939384487,0.5095883587718352
0.0,0.7620862587763292,0.7348178870640913,0.30848853733358544,0.5117139851073872,0.5390571560783469,0.9619598295800366,0.6181051697359664,0.8117741825237106,0.9504725168740636,0.5930165694712118,0.6802220087522673
0.0,0.6962888665997994,0.7352515815269756,0.32504188115167004,0.5059993313895843,0.5085191454581107,0.9750456482045036,0.6554322905110566,0.8088814027625209,0.9609695721602602,0.5826900991314816,0.7125630571487787
0.0,0.6409227683049146,0.7387861183611024,0.351870050229315,0.5053380934957318,0.5841056656948428,0.9891202984146718,0.7017528289327717,0.8051359488162293,0.9653627082654632,0.5819447703814165,0.7861860908224834
0.0,0.6066198595787362,0.7386622975962049,0.3552859364840861,0.5068728110325461,0.5903109721454927,0.9583070120025268,0.7108128097034248,0.7992627639742649,0.9304957851268424,0.5901282507606921,0.7383639509020521
1.0,0.5925777331995989,0.7384646175669585,0.35554132543651845,0.5060634945778191,0.6204016013199111,0.9257738471257108,0.7999186450706313,0.7954739546740901,0.9389621822957824,0.6028244236154822,0.7998795798675384
1.0,0.5729187562688065,0.7382438507331162,0.3556625098679513,0.5042848825913581,0.0,0.9652558433354392,0.7876636343465724,0.7921003899311554,0.9563260911480138,0.5733965259571362,0.8835617845913568
1.0,0.586158475426279,0.7364528329593043,0.3482747254967468,0.5051689888067533,0.6427917275379312,0.9879974731522426,0.7625101693661709,0.7877437891863956,0.9969462185040529,0.5272149503642243,0.9148599494461678
1.0,0.5835506519558675,0.7355794889410023,0.34306242020162764,0.5053586736997377,0.5889243484892003,0.9251421351863548,0.81213667628134,0.7799557882082382,1.0,0.5581244195644273,1.0
1.0,0.5035105315947843,0.7359399800602262,0.35155226574312765,0.5031669198858149,0.6612839990010947,0.905243209096652,0.8544782190666376,0.7714321997123585,0.981718252016592,0.583751933567645,0.8772865527138758
0.0,0.5117352056168505,0.7383313862929544,0.3732560085551638,0.503556018833101,0.5916050139973055,0.953885028427037,0.8740551734339176,0.7670314138677989,0.9575960168657374,0.613947009105651,0.9504410212370052
1.0,0.4559679037111333,0.7369286064167133,0.3772352380613291,0.5036729091556809,0.4774683122326388,0.9448818897637796,0.7888617705790995,0.7616542934730803,0.9250367284863056,0.5573360206626112,0.9559843400447432
1.0,0.4966900702106318,0.7358811442423692,0.3807503353512793,0.5027423570815004,0.4775271859746189,0.9969188634029442,0.8516012129280381,0.756325821948107,0.9077656822167957,0.5330125410979605,0.95909768829232
1.0,0.4495486459378134,0.7328729207886213,0.37482988544518653,0.5032161913311639,0.5404583377208797,0.9789251844046362,0.8640115376081652,0.7486278126108361,0.8637121442328562,0.5393669653842977,0.9592917362975756
1.0,0.4816449348044134,0.7282547517454814,0.3638143045310011,0.505475827541999,0.4883712576047843,0.9764664559185108,0.8499223430219658,0.7412936716016005,0.8288301003609693,0.5829639819407041,0.9445706667668092
1.0,0.5239719157472419,0.7215888719524448,0.3321478563737704,0.5085449684989949,0.5483079005243763,0.9709837225760796,0.8843354781451074,0.7349592284097948,0.7969430607377048,0.5448887782496776,0.9847683274228232
1.0,0.4992978936810432,0.7156878255006243,0.3072678250599365,0.5070909111158088,0.4816348538675082,0.9317760474601406,0.7832260927446199,0.7272739503101866,0.7740954592870397,0.5310378322515632,0.8373561792821846
1.0,0.4954864593781345,0.7113837684630506,0.2836991605451928,0.506954666887001,0.4849736160385065,0.8939562476826103,0.7847348568892836,0.7223695172356823,0.7802109998505571,0.5318526072391608,0.8328340552195239
1.0,0.5151454363089267,0.7096132531540758,0.2832231560751932,0.5084128984913128,0.5866851524127722,0.8902484241750089,0.7957547518674658,0.7150142981080749,0.7745053560174604,0.5375803261028925,0.8116926482092777
1.0,0.5201604814443329,0.7087658592239954,0.28107081341734713,0.5085116852731015,0.4804023320904736,0.9562476826103076,0.9046372309740408,0.7071164467757621,0.7370156060807775,0.5643058236249588,0.9585948978228932
1.0,0.4760280842527584,0.7085171620534096,0.2821828428546792,0.5092695613585962,0.472781229722465,0.8817204301075269,0.8748613268249394,0.6949194804357028,0.6741932421714039,0.5530704776593676,0.9824309721652952
1.0,0.4651955867602808,0.7068130691031254,0.2780386280527361,0.5085632747321884,0.4684455631880778,0.8557656655543195,0.8979809185711116,0.6823138580319159,0.5671689739667771,0.5646605876845664,0.993641640571298
1.0,0.4894684052156472,0.7051187431345479,0.28506853176882896,0.5065936160094784,0.4795484637431137,0.8869113830181683,0.9845203757118558,0.6725138654778648,0.5167147170918793,0.6036185309034658,0.9712132279699844
1.0,0.4537612838515546,0.7023941172486401,0.2926561410792234,0.507869924402891,0.4770689320671169,0.8246199480904708,0.8161896309444565,0.6630622474172148,0.4696198548321775,0.5124633293131329,0.962203860305984
1.0,0.4792377131394183,0.6991045997827434,0.29407658865802705,0.5060399394019097,0.465233568183224,0.8301816833518726,0.8031876340507358,0.6574659664555011,0.4727883923082806,0.5082963553221135,0.9848906208484638
1.0,0.4641925777331997,0.6959909137789855,0.2921964360954373,0.5051563121625368,0.4738797666523237,0.7560252131998517,0.7343317801937725,0.6495661192653437,0.4553438322773919,0.4808275601150728,0.8
1.0,0.4637913741223673,0.6939209041358052,0.2658901034329921,0.5050802277725135,0.4652683123352007,0.7682610307749351,0.7708083721618224,0.6448676195969316,0.4396736675124479,0.5089784232221323,0.8900516913031652
1.0,0.4760280842527584,0.6925199908827528,0.2395214425206481,0.5022717731974073,0.4848248230704793,0.7804968483500184,0.8330227054211969,0.6352369636452586,0.4073283242858366,0.4950439065982821,0.9793597533327294
1.0,0.4268806419257774,0.6909355925857745,0.20813152316933373,0.4988189865673216,0.4681379762136592,0.6722284019280681,0.9046963981954,0.6242545259812617,0.3546704965599685,0.5306200806673516,0.983891658114646
1.0,0.30431293881644944,0.6898509976961458,0.20556761131973286,0.4929821450968378,0.4764383060027878,0.4538375973303669,0.7578729383921305,0.6167622577097298,0.3296019351605704,0.4971696802356238,0.7811755509231684
1.0,0.3137412236710128,0.6900946825094945,0.21277871780265206,0.4900200003685313,0.4791372378067792,0.4638487208008895,0.6994674950077657,0.6170666911629206,0.3425946631016312,0.4532293035576046,0.786982578916021
1.0,0.3584754262788364,0.6894464173288261,0.2167630873819024,0.49165493248264397,0.4416320903334972,0.5465331850203928,0.7362473189852822,0.6178857213472506,0.3424877869187598,0.4754140561893678,0.9670562835020842
1.0,0.32136409227683044,0.6887741108607792,0.2379368581313959,0.4887085097659757,0.4494134039661448,0.4519836855765665,0.5894904223060425,0.6132602937095553,0.2987735330689682,0.4468572987343766,0.9601777699551176
1.0,0.2822467402206619,0.6871826927303828,0.256711243607446,0.4892200315617834,0.4422608396603285,0.3848720800889876,0.5890318763405075,0.6121686292351649,0.2928050813576341,0.4469243428916176,0.9050779510022272
1.0,0.322567703109328,0.6853636422582101,0.27128206061216403,0.4888344060050172,0.4470794146692703,0.4074898034853539,0.5354929369129501,0.6111303390701976,0.3036599262867288,0.4185667279781891,0.9300445434298444
1.0,0.34543630892678034,0.6830578593462486,0.26904430035920873,0.4907419391964701,0.4742010258795775,0.4034111976269928,0.4436358257525331,0.6103766447847874,0.3287090374246249,0.4258950706479193,0.8232770883942837
1.0,0.4020060180541624,0.6823137195839053,0.26684657253412997,0.4916689593639504,0.4451255523450303,0.4983314794215794,0.4760150876414465,0.6090479232256021,0.3047205125114624,0.4406289133486939,0.8384339136544614
1.0,0.3669007021063189,0.6826258117937802,0.27960812619574954,0.4925470103307432,0.4461519261770897,0.4445680385613643,0.5112417720582796,0.6039779595566563,0.24493082083815004,0.457308940901581,0.7979168621563288
0.0,0.33620862587763306,0.6831458807575665,0.29716633339216497,0.4937332509104042,0.4269647311930068,0.39970337411939205,0.5054359884623918,0.5975368616077403,0.16353532178382027,0.4545951107433999,0.749160176409871
1.0,0.2984954864593781,0.6841254392978049,0.3242722740985266,0.4905275279389478,0.4351226773206086,0.3196143863552092,0.4855927815989942,0.5944928160487617,0.1391766879082536,0.44483597019264093,0.6173594820305899
1.0,0.2459378134403208,0.6844898233538073,0.3340490787394577,0.4896460549418453,0.409575292569534,0.244345569150908,0.3702906589749277,0.5936033513222354,0.1428485156942838,0.4445954196707744,0.5833911982734351
1.0,0.24954864593781345,0.6849036103372752,0.3379388310183498,0.4899287462219151,0.4113922528117114,0.2250648869113828,0.3334368759707121,0.5971903389877982,0.1855177773398051,0.4247663594191852,0.4812799099183637
1.0,0.2218655967903712,0.6848088271005712,0.3356197344035876,0.487331844091348,0.44269373743026896,0.15239154616240266,0.09010428222764556,0.5991816563492591,0.18823969347952152,0.3530415974934084,0.14768271219933976
1.0,0.3267803410230691,0.6862165260394728,0.34966882905871016,0.4928244081188528,0.4596167820560585,0.3448275862068965,0.2834109903113675,0.6071203277230974,0.2265357764330248,0.3919198943865884,0.401064709380757
0.0,0.31273821464393164,0.6880347652247976,0.3654818117486239,0.4953003450965765,0.4507040227569482,0.3414905450500554,0.3134235633459063,0.6067192613698198,0.2293892681090463,0.4086907176547804,0.3682530933143797
0.0,0.2910732196589768,0.6895058512823902,0.3777606354065672,0.49711903979662203,0.4308765034573929,0.32777159807193146,0.267176983950891,0.6065614444501006,0.24945968211772346,0.4359746232685392,0.3365729122847736
0.0,0.2980942828485457,0.6917905547743035,0.3899200858308984,0.4977313204981574,0.4391662014760087,0.3240637745643305,0.3460468900229274,0.6086492484621975,0.2633254843543303,0.4306056966362977,0.3370515963387923
0.0,0.24934804413239736,0.6937823942573735,0.3999609383574229,0.4971796753802786,0.3775131475816549,0.2862439747868001,0.31884476000295825,0.6086633298410613,0.2319569387681427,0.4650454058630686,0.2864561423867476
1.0,0.16308926780341015,0.6979467376811261,0.4239240691151789,0.4927875724770863,0.4341392638298195,0.14089729328883935,0.23359218992678046,0.6121933629080699,0.23141064220387844,0.4021409561916625,0.002117313785903468
1.0,0.16710130391173492,0.7009602664078638,0.4406640915326507,0.4933942340365899,0.4182221935620599,0.2113459399332588,0.28338140670068784,0.6220990870305123,0.230466103257186,0.4243841225639508,0.02091396975117926
1.0,0.18555667001002984,0.7048013494870402,0.4646918147981119,0.4913086727631979,0.4209893846247714,0.2269187986651832,0.3807410694475261,0.6319376923965894,0.25702330183140554,0.4294914113646137,0.08375625572707363
1.0,0.17372116349047134,0.7096663339775602,0.4884924487103636,0.4904410274337353,0.44495272190245855,0.26214312198739315,0.3949633902817839,0.6416987176336735,0.2747716734936171,0.4372514644957389,0.046088991084755136
0.0,0.20341023069207625,0.7124450507784292,0.4996607397240659,0.4932677070447874,0.4358494808736657,0.4238042269187984,0.3688558538569631,0.6517141989117088,0.327495680114992,0.4269861141844147,0.12978102189780946
0.0,0.2417251755265797,0.7132638867677008,0.5082367513795827,0.4964745943204356,0.4459618650369165,0.3963663329625509,0.3349530360180457,0.6566438094747775,0.3370472867308489,0.4560946712659299,0.0581995133819942
0.0,0.2397191574724171,0.7102713358963517,0.4951227799519596,0.5000343199613418,0.4699235746289817,0.3948832035595104,0.4831373419125807,0.6608862865866267,0.3300213485399396,0.4905655001739478,0.25577517288734153
0.0,0.2900702106318956,0.7109151059299077,0.5107333770324465,0.5006253169317811,0.4741534836996559,0.43900630329996254,0.539997041638932,0.6613114919002092,0.32017349182169696,0.5226190050732307,0.4588013144342538
0.0,0.27683049147442323,0.7109220351699883,0.5161702431200303,0.4995178411378912,0.4740333927963276,0.4619948090470892,0.569255232601139,0.6630380124654864,0.3425288043185037,0.4888779390122708,0.4823924665260678
0.0,0.2762286860581745,0.7116757732542307,0.5314702228231354,0.4994556814029294,0.4362429916101324,0.4456803856136447,0.4277864063308928,0.6654700038201964,0.3883621069149139,0.4624812165557535,0.3547746333807445
0.0,0.2818455366098295,0.7114115790437425,0.5307018774468204,0.4999258914351393,0.4448056708272031,0.4397478680014831,0.3530064344353228,0.67110889989593,0.43159646236747257,0.4772682396788946,0.3103143852077098
1.0,0.23831494483450344,0.7136650631566628,0.5525180844278976,0.4998338829370181,0.45148223186294606,0.3633667037449017,0.3130315805044004,0.6746222955638121,0.436514948647556,0.504931092296189,0.20388444749619852
0.0,0.25456369107321963,0.7165507398931013,0.5721984360194088,0.5013330844461938,0.4774998878558202,0.4786800148312939,0.4712817099326974,0.6779826890573066,0.4167120884964091,0.5348319248785527,0.5418117612438078
0.0,0.2748244734202606,0.7192656351556381,0.5894436527412634,0.499327513371353,0.4798752402753396,0.5124212087504633,0.5070408993417647,0.6764591599476497,0.3672679921608518,0.553765614095265,0.5305802148217177
0.0,0.3287863590772317,0.7192880137447215,0.5780899249434215,0.5038296782192471,0.4756090768452931,0.6262513904338154,0.6209082168478667,0.6767320548084619,0.3474003537593604,0.6163593494635969,0.9431065770758748
0.0,0.3063189568706118,0.7180045704407307,0.5574885272025478,0.5019532248345852,0.4683542364565053,0.5672969966629587,0.5309740403816287,0.6699100889604503,0.2785585727787563,0.6161541998903295,0.8336486523539258
0.0,0.2786359077231693,0.7167852011302938,0.5396027165765205,0.4995326452281584,0.4665453745501973,0.4783092324805336,0.5677316766511352,0.6641091528804881,0.21580529297304074,0.636159786685982,0.6603602862548338
0.0,0.29869608826479443,0.7166287826264239,0.5335547082820227,0.5012838765242459,0.4673984161048763,0.5228031145717462,0.6595222246875232,0.6578827351003679,0.14419606073331115,0.6363497960098807,0.7719283814537592
1.0,0.2696088264794383,0.71725555426172,0.540396106123542,0.5024794725673871,0.4676495934696181,0.4805339265850944,0.6368685748095555,0.6521540232102141,0.0967627269950655,0.6272346175281759,0.4805077311108677
1.0,0.279037111334002,0.7177771098577219,0.5477858074322226,0.5033109505677746,0.4471158929436806,0.4987022617723392,0.5993861400783964,0.6524884324603881,0.0877539611519384,0.6034555589794611,0.5586429193233423
1.0,0.2525576730190573,0.7173416057494495,0.5486079469385858,0.5009500996485784,0.4635222431705122,0.4456803856136447,0.4684342874047779,0.6522092833787636,0.07750306870218943,0.5826656712083741,0.3793614568383416
0.0,0.28645937813440325,0.7164590131050932,0.5476925450426549,0.5002135284847727,0.438175609747915,0.4842417500926957,0.5679535537312329,0.6577297671660916,0.10495978766129266,0.584011860980483,0.4123473637155032
1.0,0.2872617853560681,0.715906434962984,0.5481533987813243,0.5002729756068237,0.4394836871687341,0.4597701149425284,0.3734708971229935,0.6607320120240441,0.10412336289834184,0.5464276266869319,0.29576735759828743
1.0,0.2084252758274822,0.7146396184864929,0.5459925967868753,0.4966822472814257,0.4603744551166464,0.3299962921764921,0.3964055913024183,0.6683663353416059,0.1347987441294703,0.5050873379371815,0.3611509775780535
1.0,0.3183550651955869,0.7147096349875028,0.5542283732299016,0.5029086048705013,0.4531288371501237,0.4768261030774935,0.5242807484653502,0.6725011287138489,0.1362694312692771,0.5129859314336837,0.7154083241182984
0.0,0.3219658976930789,0.7136369047546265,0.5536885447561042,0.5032363211440942,0.4362265389313067,0.4894327030033366,0.515723689076252,0.6729056280213173,0.1385946334173953,0.5087659398299347,0.7540408912312082
1.0,0.2505516549648946,0.7141042986225061,0.5591654508679738,0.4965022492604492,0.4373183811142969,0.35261401557285843,0.3602026477331555,0.6731176964178556,0.13928591175342284,0.4820840402208539,0.4793308707620642
1.0,0.22988966900702096,0.7149288976917889,0.5589984063074456,0.4982525666823659,0.4137151206350934,0.32183908045976983,0.3624731898528216,0.6755633605875444,0.1490153282671242,0.4831373803774273,0.4774311090867688
1.0,0.2090270812437313,0.7159082774227892,0.5693548645442081,0.4961871618346288,0.4379531310549351,0.28105302187615866,0.4305672657347829,0.6772902507835981,0.13476436148106047,0.5188992294050627,0.409246185379185
1.0,0.2792377131394183,0.7170883653540151,0.5821334642670721,0.4991266247687699,0.4718830684945518,0.40674823878383387,0.5023223134383551,0.6784221070993364,0.11108832905872773,0.5519389104124685,0.7263493509451144
0.0,0.3215646940822468,0.7176024934694283,0.5927977319893398,0.5031237047763194,0.4388244448922275,0.4935113088616984,0.6270468160639004,0.6774364337762253,0.09137381834122517,0.5630699853285388,0.9153268048280568
0.0,0.2936810431293882,0.7176319141360941,0.5935226985986692,0.5004744857220899,0.43004105210256655,0.43344456803856135,0.6114488573330377,0.6747298351534898,0.07386872241973974,0.5543604067316535,0.9395809610567064
0.0,0.2918756268806419,0.7171578204253084,0.6004250904031332,0.5002980166418928,0.4340898068051511,0.42046718576195735,0.4367206567561568,0.6729348043928223,0.06503604856889439,0.5234290990187134,0.7661125028467315
0.0,0.27181544633901705,0.7166892774870248,0.6074934716989682,0.4983109899941375,0.4314441613178624,0.361883574341861,0.3859034095111308,0.6745607266558578,0.06895431501044152,0.5498057387515051,0.6126564222265446
1.0,0.29348044132397216,0.7168405035818208,0.619770104106635,0.4967054939018574,0.42740814249761294,0.3915461624026697,0.3576288736040233,0.6764620391574674,0.06804198004250689,0.5388785840046598,0.5945325292543635
1.0,0.30672016048144424,0.7174236453012308,0.631048903636819,0.4980059029277288,0.39681151659835656,0.4219503151649979,0.3421492493158791,0.6792108628774765,0.0695620352553436,0.5336975679219442,0.5822934928328343
1.0,0.2202607823470409,0.7173278873916116,0.6269496415889919,0.4928233601222899,0.3737374020265127,0.26288468668891324,0.1942755713334809,0.6795819826548826,0.04404451510131169,0.5153297546706406,0.35770954409412725
1.0,0.21985957873620854,0.7167267373402846,0.6178183692356485,0.4926892900723721,0.3625996205326445,0.2291434927697439,0.14586938835884894,0.6836360316441865,0.030404343469022318,0.4796945850023571,0.2106329188781623
1.0,0.19398194583751235,0.7161624120333223,0.5974803764290815,0.4896883239937444,1.0,0.14052651093807905,0.07951334960431877,0.6896142810268633,0.02769496526390114,0.4851058356052829,0.09836669170385423
1.0,0.16790371113340033,0.7170923258537516,0.5917887721586736,0.4867216125698087,0.3365793529801672,0.0893585465331849,0.1177723541158201,0.6990530845236662,0.04412824712316349,0.5000298656309519,0.10256126482213493
1.0,0.16188565697091262,0.7187686407919285,0.5914115708664835,0.4861264479835844,1.0,0.05110336817653865,0.20804674210487376,0.7070320535490724,0.058842388134596864,0.4865803075399328,0.2091458972230224
1.0,0.1472417251755264,0.7198685610743503,0.5960348660459638,0.4843145167422992,0.2851787977169339,0.0023228803716603976,0.1326529102877001,0.7123609279533556,0.06260305017628638,0.4070222563412821,0.004913505362498248
1.0,0.2585757271815447,0.7199091856729327,0.5945011240688429,0.4924646264221548,0.3910983227033669,0.1234826287149436,0.2762443606242145,0.7233778029388434,0.10807448034652156,0.4778783118057048,0.2316228601960505
0.0,0.27683049147442323,0.7196777678598114,0.5931022713091125,0.4944144141937266,0.558079852155389,0.07067137809187254,0.2562162561940682,0.7278127812147093,0.13237383638474026,0.5229170226109794,0.19765116378026487
0.0,0.2731193580742226,0.7210742825838885,0.597910042977666,0.4940097404965964,0.5337862264927247,0.06117491166077697,0.24794024110642696,0.7328316256930241,0.15962395044063155,0.5120366383760219,0.1501425471256546
0.0,0.2690070210631895,0.7228175857714647,0.6076397720226421,0.4936110755083248,0.4662895305942418,0.09805653710247343,0.2575918940906732,0.7378498851603803,0.17951635966517626,0.5179455333924333,0.20969320454448734
0.0,0.3243731193580743,0.7239864913662,0.6145050796055056,0.4957682808025853,0.461471888568249,0.18992932862190806,0.3676059463057468,0.7427148199074136,0.1972747064545175,0.5455509299659576,0.4086634611293145
0.0,0.3456369107321967,0.7253055923094076,0.6177279656985919,0.4943012466573846,0.3720136795772552,0.21245583038869267,0.3688188743436137,0.7436480395288441,0.19272739031889652,0.546367061078349,0.41470575720182135
0.0,0.277231695085256,0.7271060461061603,0.6224425298851681,0.4907279058889557,0.5001062608117934,0.13030035335689058,0.3031210709267064,0.7465785661720616,0.2036353209091082,0.4638705909103169,0.15512105867835474
0.0,0.2840521564694082,0.7285087564281076,0.6223477251567442,0.4877287280957779,0.4381461342467784,0.14222614840989395,0.2888469787737593,0.7539551969366722,0.23071288730011086,0.4565867321631771,0.24494702353091385
0.0,0.30070210631895683,0.7270655225812026,0.6119942074147993,0.4895072253575109,0.5039232449577429,0.1201413427561837,0.23263072257969056,0.7604614165653432,0.24653115843257886,0.35858006335178344,0.06269945959746448
1.0,0.3354062186559679,0.7254864112348878,0.6004749853091667,0.4895181584228698,0.4864841305254056,0.13030035335689058,0.2973300791361587,0.7702871192963292,0.2781124714429196,0.3915987541857184,0.0010019060651968491
0.0,0.3983951855566701,0.7251606645972142,0.5941920326607748,0.4924859013548213,0.5026184778484105,0.2566254416961132,0.3935581687744992,0.7800570717879289,0.3065640262064282,0.4661115786159439,0.08976798653297308
0.0,0.3909729187562688,0.7258515408285402,0.5928241475278764,0.4954454831784889,0.4860832450062517,0.24425795053003535,0.3980400857924709,0.7857062505732109,0.3199551031093827,0.4704673719159299,0.14751518700139055
0.0,0.4030090270812439,0.7252094113773,0.5894853531421467,0.4967289446749684,0.5230118513656358,0.2738515901060072,0.4495969233044893,0.7911544321218527,0.3256333264497091,0.4763968707627438,0.16492364645996996
0.0,0.4956870611835506,0.7249988994124295,0.592965617356876,0.5028894133456322,0.5268368609600904,0.4029850746268654,0.4836032837807851,0.7959143894084619,0.3329209648503891,0.5152819365741238,0.3238399634724033
0.0,0.5193580742226681,0.7255615449911326,0.6060196493281345,0.5051941057392794,0.5204273604238145,0.4993614303959131,0.504171289105836,0.8000429777897291,0.3529764154282741,0.5415338597789385,0.8206152616859803
0.0,0.5003009027081244,0.7279537930051365,0.6247307482499476,0.5028497707872364,0.5197832225085905,0.51894423158791,0.4484579542933215,0.8016037042470456,0.3731569676592758,0.5229035089995381,0.639603457041182
0.0,0.4924774322968906,0.7309693792616472,0.6486889594986796,0.5019220690344944,0.5274506699441706,0.5232013622818221,0.4399822498335921,0.8029643286162005,0.39032412377132375,0.5142162597276443,0.6527116587323821
0.0,0.4661985957873621,0.7320246036205171,0.6583937092734198,0.4989441165045763,0.527705634554559,0.5261813537675605,0.4471858590340949,0.8036361725132659,0.40826230418491705,0.4732167932418301,0.5805652981225484
0.0,0.4748244734202609,0.7326916767283254,0.6679481344808063,0.499891714314394,0.5192548719536648,0.5142613878246065,0.40378670216699897,0.8035642111333974,0.4150055442827158,0.4733887483111862,0.4633578906552918
0.0,0.4766298896690069,0.7282682350401666,0.6488795302807908,0.5000662397308712,0.5237644328961093,0.5202213707960832,0.40137563789660535,0.8043944744765399,0.4286945768442677,0.4688739686703083,0.3711059619699159
0.0,0.5650952858575728,0.7243781232124105,0.6344084413936779,0.5057571593256454,0.5151483946340452,0.5304384844614731,0.4241624140226312,0.8046693482899205,0.4180565040748844,0.4450857736165639,0.441943433005994
0.0,0.6162487462387163,0.7198862634177865,0.6088347110775054,0.5071817939056472,0.515440392268395,0.6570858283433132,0.4717920272169219,0.8035573844149557,0.3914242158695857,0.4550797347940324,0.5296995108315873
0.0,0.6168505516549649,0.7191428977492469,0.6039829892035775,0.5073989539395195,0.518754391872018,0.6395209580838322,0.5101397825604612,0.8015502136140908,0.35690453632757124,0.5004929661995705,0.4887270587369891
0.0,0.6216649949849549,0.7183701339409234,0.5965192340224936,0.5077666977136566,0.5240189727828256,0.6610778443113768,0.5242437689520008,0.7999671354831479,0.34123017973106234,0.4659582807898837,0.5436757512229227
0.0,0.5751253761283852,0.7180439363854016,0.6025097151512429,0.5036045160862836,0.5224754946132046,0.5604790419161674,0.4966940315065456,0.7981636951817346,0.330255273536477,0.4344580585958861,0.34054213100886405
1.0,0.5586760280842527,0.7164604817845828,0.6018644190895894,0.5057659028952559,0.523316083210237,0.5394581861012955,0.5265069151689962,0.7982626744678525,0.327896653067966,0.4180285306195371,0.3449556806061269
1.0,0.5771313941825477,0.7152088561940237,0.6172038409310725,0.5079599338440284,0.5181845606172566,0.5184313725490196,0.5035500332815626,0.7985693172610533,0.31629749371515625,0.3927648396001675,0.22292103424179086
1.0,0.6008024072216651,0.7137521748989999,0.6271878123603821,0.5104317437795279,0.5248691740824205,0.5848348348348348,0.5465572073071521,0.8005561291185004,0.31354306434426144,0.446397826739767,0.44918901026150265
1.0,0.6018054162487463,0.7157724225614939,0.6575952057083903,0.5105864597464959,0.5238578139475181,0.5799549549549551,0.5513497522372605,0.8013824621988709,0.311485648706106,0.4521452329209159,0.4136967155835093
1.0,0.5239719157472416,0.7176784504557049,0.6711375215956079,0.5056971426192952,0.5234477626199496,0.5281531531531529,0.4711411877819681,0.8023875939312384,0.3167689551781479,0.4000426217168635,0.2086873367906128
0.0,0.5707121364092278,0.7199552827340663,0.68775600748692,0.506791029046631,0.5287810216997361,0.6118618618618618,0.496339028178389,0.8062041575408878,0.34146150897400834,0.3817656217217463,0.2592503700147988
0.0,0.5987963891675026,0.71787096942258,0.6772824043874571,0.5059542556146396,0.5262288507480342,0.6621621621621621,0.4954958952740184,0.8093195115488994,0.3603922022179286,0.3807719150344308,0.2981319252770103
0.0,0.6234704112337008,0.7145563988426401,0.6657784118098993,0.5088630097856693,0.5018998332506629,0.6385135135135132,0.4377856667406255,0.8130807897864307,0.3942148647326886,0.3623563449228701,0.22924916996679684
0.0,0.7105315947843531,0.7124120681675628,0.6591479459312883,0.5141981027793605,0.4924394834246133,0.7608535688005886,0.41831225501072383,0.8177727833121868,0.42672614179965707,0.3449493497982661,0.29329173166926586
0.0,0.7031093279839519,0.7123927269718957,0.6694593460306411,0.5128315678765736,0.4979416465485556,0.7895511405445181,0.4642556023962722,0.8212837960370023,0.4561993221669629,0.34380527140619177,0.5302212088483514
0.0,0.6880641925777332,0.7132956604542133,0.6866972655195607,0.5108105424299242,0.5175899931677034,0.7983811626195731,0.5141705495155686,0.8218279672484661,0.4571392692755509,0.3548517896149413,0.7596703868154726
0.0,0.704914744232698,0.7121093624740009,0.6954015774344329,0.508771593145803,0.5270879872464846,0.8256070640176597,0.5518674654241554,0.8201451564266597,0.4623768642326964,0.3520952432004719,0.8616744669786793
0.0,0.7211634904714141,0.710035611243647,0.6994808934174153,0.5106293358122765,0.5059656375219721,0.8153053715967621,0.5553657273870277,0.8168237758929053,0.4665618538087319,0.35628067207359576,0.8261130445217798
0.0,0.7500501504513541,0.7088774479191056,0.7153313741054934,0.5134385838134099,0.4920762667262897,0.8741721854304636,0.6124916796094964,0.8140710806318958,0.4642222065052735,0.3756436044857636,0.9760390415616632
0.0,0.7374122367101306,0.7085962553409602,0.7356054312309994,0.5116842032442414,0.5061695980683332,0.8833701250919793,0.5955106870793581,0.809379662911063,0.4504210013129185,0.4131256760448577,0.9684469103384024
0.0,0.7277833500501503,0.7081928268781179,0.7532711024072651,0.5145203757302546,0.5089789327770575,0.8704930095658571,0.6033799275201539,0.8066195166905656,0.4434641390284444,0.4221869298314393,0.9542457805907181
1.0,0.7007021063189568,0.7072354729087718,0.7516277953443109,0.5159340234510074,0.4850983011169853,0.8230316409124356,0.5223060424524816,0.8045225682166066,0.4551991194161914,0.3647479549838247,0.8311132031066125
1.0,0.6682046138415247,0.7066314393747282,0.7488471778920999,0.5166899206925987,0.5231698068440125,0.7718910963944076,0.4361733599585832,0.8041030566540182,0.4591830713819946,0.30778252103981546,0.4880333433592581
1.0,0.6726178535606822,0.7072585091392773,0.7572532974801827,0.5169940906422174,0.5132250223512735,0.7913907284768213,0.4394645366466978,0.8040980660342558,0.4586174529046753,0.3123352268650258,0.4702874575688567
1.0,0.6090270812437313,0.7064855145734397,0.7714845521918039,0.5142874160996411,0.5196781447255345,0.7178072111846946,0.4662007247984615,0.8037635221801421,0.43160647482990655,0.3480996855989113,0.3930305504232352
1.0,0.5893681043129388,0.7050368878388289,0.7903811559782028,0.5128834270565664,0.5180352720184298,0.6376011773362764,0.4189187190296578,0.8039510722011819,0.4146562299506157,0.3353653340461253,0.22498173849525105
1.0,0.6216649949849549,0.7030042885738961,0.786686935734735,0.5125961725799968,0.5192551927770778,0.6685062545989697,0.4190962206937351,0.8069160170824401,0.4051446529362667,0.33556114245260377,0.2157865337515552
1.0,0.6110330992978938,0.7036748815795129,0.7758708015188602,0.5152200345619594,0.5162039556665704,0.6567328918322297,0.4089712299386137,0.8102691111975981,0.41522808501241787,0.32656491296045315,0.2194675613263032
1.0,0.5630892678034105,0.7046617530326151,0.7639663425347499,0.5134159083063943,0.5077914933796444,0.6383370125091979,0.3752089342504252,0.8136144273625279,0.42374598181657774,0.333613270703019,0.14918739924186594
1.0,0.5945837512537611,0.7062761921989014,0.7672245718675488,0.5129694161846173,0.5078278716570981,0.6784400294334066,0.4274831743214261,0.817113532788903,0.4345018228395969,0.34460601678721986,0.1728459530026113
0.0,0.5847542627883651,0.7059229671176792,0.7773769869388931,0.5116784754172401,0.5098864329869001,0.6887417218543044,0.45362769025959604,0.8186720705724595,0.4309775681242387,0.3817924520252608,0.14905715114592213
0.0,0.5819458375125375,0.7064056656084898,0.7900004896395121,0.5114407069417508,0.4913785435191813,0.6817512877115525,0.4542933214998886,0.8208956648699497,0.44176834746842697,0.3826158143710866,0.21206846533216936
0.0,0.6288866599799399,0.7050210989171057,0.7882761282976174,0.5160066632482231,0.5183414613061399,0.7847682119205295,0.4907773093706089,0.8221380357599499,0.4454895353253029,0.4239514924529144,0.5648970118944008
0.0,0.6696088264794383,0.7033544062385515,0.784961686516896,0.5165230321754131,0.5035028482207049,0.812362030905077,0.5928629539235264,0.8221063027998896,0.4525274632324541,0.501419316236916,0.8105599071656528
0.0,0.6696088264794383,0.7006453457079339,0.7707609467673779,0.5164767141451956,0.5249416277543338,0.8160412067696836,0.5521780933362915,0.8196633995315259,0.4408607903388944,0.4974744025887039,0.7937917029300837
0.0,0.6555667001003008,0.6980529263770117,0.7631208091559287,0.5154488043008727,0.5294176101197525,0.7715231788079467,0.5553731232896971,0.8184487143059436,0.4411588836107944,0.500836346638715,0.7350159559036831
0.0,0.6617853560682045,0.6952932097112996,0.7533903790162455,0.5164463700407322,0.5247607613995106,0.7413539367181753,0.5597662894756306,0.8157602221952359,0.4155923287077376,0.5055602558838033,0.5872352770525062
1.0,0.6595787362086258,0.6920463791758893,0.7384696376465358,0.5163557852957792,0.5322109716072341,0.7277409860191316,0.5875231121958433,0.8127894174190728,0.3857551160769634,0.5323974412425987,0.561895901173308
1.0,0.6794383149448346,0.690263914110465,0.7295363348558062,0.5185851054921741,0.5324153561300616,0.7222222222222224,0.6130167886990607,0.8113247407327995,0.3706127415240131,0.5555725382932883,0.4763446738719057
1.0,0.6732196589769309,0.6872108505232886,0.7137139102503804,0.5177340024233164,0.5319352533203743,0.7259013980868285,0.5809185711116045,0.8111684917471462,0.3739038591770113,0.5177891666441906,0.5568948525509826
1.0,0.6892678034102308,0.6867544737133973,0.7195459815156929,0.5198643552891421,0.5065776194750401,0.6957001102535832,0.5913541897788626,0.8119659644722035,0.3959203718070109,0.5267296669046139,0.5385508592661399
0.0,0.6888665997993983,0.6859506522208471,0.7188646992498141,0.5189626235759937,0.5072652289314951,0.7598110465116279,0.6555062495377559,0.8121026546529873,0.4027333584612624,0.5468294496018218,0.7677327317364468
0.0,0.7045135406218658,0.6877715353421321,0.7330645102729763,0.5168311665686801,0.5247129225425297,0.7859738372093024,0.7221359366910732,0.8116835291506219,0.41638731045686944,0.5728746847658671,0.9625354717342092
0.0,0.6521564694082246,0.6869379055165674,0.726815244864629,0.5148926322515672,0.5038288364209622,0.7441860465116278,0.6527253901338657,0.8089322623812851,0.4019055866093637,0.5299784536422018,0.936342740390756
0.0,0.6914744232698096,0.6885969830012841,0.7404124519466142,0.5152631399216208,0.5156918226533239,0.7768895348837209,0.6289919384660894,0.8088763718255416,0.4154565951717813,0.5132372201411136,0.7635359468777942
0.0,0.6495486459378137,0.6896477061982063,0.7521445002661145,0.5099879107572526,0.5031963628785288,0.7892441860465118,0.5679905332445825,0.8095884817363264,0.4234362127203923,0.448882628717924,0.8468003207698469
0.0,0.6302908726178537,0.6914539029644409,0.7710856622310933,0.5076869038161818,0.5091809634803193,0.7899709302325582,0.5422453960505883,0.8107845673349738,0.44730108117252615,0.4774384735701002,0.8391659983961526
0.0,0.6439317953861587,0.6897919574638125,0.7696432891757496,0.5053023051816151,0.5163182784924334,0.8063226744186047,0.5250942977590414,0.8101363831165305,0.4541613958460722,0.463470463451444,0.8938893344025663
0.0,0.6874623871614844,0.6864254087672079,0.7586752289614564,0.5059631877012037,0.51293428715809,0.8364825581395351,0.5570667850011096,0.8089480071570665,0.4625132203178896,0.4377837745400008,0.9885805934242198
0.0,0.6864593781344033,0.6841873708907321,0.7613916100587477,0.5061939291748638,0.5234497833717261,0.8063226744186047,0.5171067228755267,0.8059459770400849,0.44988185644472706,0.4573438754933868,0.9879829787234052
1.0,0.6505516549648946,0.6829807948273319,0.770700313682416,0.5060607689384863,0.5189137982952018,0.7837936046511628,0.4777531247688784,0.8038036435715796,0.4390440849504645,0.4764733441695743,0.8688286040952096
0.0,0.6668004012036108,0.6823350465189428,0.787191475189587,0.5039407352678077,0.5213961868120903,0.8012354651162792,0.4771392648472751,0.8018158843896468,0.4265008182352218,0.4760745349662101,0.8746393827574644
0.0,0.6782347041123371,0.6816194229657362,0.7952375304507526,0.5013389968148996,0.5476280637030162,0.8114098837209304,0.5079358035648252,0.7992134084993321,0.41186847672958377,0.4503510058847551,0.8496207746808571
1.0,0.6106318956870612,0.6814178406476341,0.8076130535323252,0.4984909350260841,0.5174243351757987,0.7321947674418604,0.4316248798165821,0.7952650974352424,0.3949723100835635,0.4333092114604871,0.5509535253909306
0.0,0.6513540621865597,0.6804557359634713,0.8100153513119888,0.5023693108980442,0.5363695751764681,0.8164970930232559,0.486184453812588,0.7949393120990325,0.3808819569854848,0.4301600357592675,0.7136302631168266
1.0,0.6539618856569711,0.6769910298585302,0.8035829274273443,0.5031511042413467,0.5566086844946687,0.7670784883720932,0.4802159603579621,0.7925409415950115,0.3707135384536818,0.4245197978619861,0.6685289803052538
1.0,0.6772316950852559,0.6769666678674151,0.812861141706146,0.5018388547880047,0.5612304474720676,0.7678052325581396,0.4528880999926039,0.7916518424649809,0.3755388206725044,0.4470186759256587,0.5704922126158729
1.0,0.5841524573721165,0.6767966672954542,0.8172397530036464,0.4952676678978107,0.5486732919312564,0.7387354651162794,0.3742030914873162,0.79151985344924,0.3955684713017456,0.42055669003689616,0.4108430350510315
1.0,0.5785356068204615,0.6771966421743396,0.8189686303286079,0.4952544882600973,0.5567660598125874,0.6700581395348838,0.3357296057983876,0.7930255692102439,0.4188558947793716,0.36491144540097337,0.17915665282936571
1.0,0.6292878635907725,0.6730569832568125,0.7995313552860117,0.4965602045933334,0.5563924026544561,0.7354651162790699,0.3907107462465794,0.7959520234538578,0.44645191603269707,0.3714298535283893,0.3384000749087049
1.0,0.6485456369107323,0.6721001187937923,0.8021887414595099,0.4987050843834336,0.5625145496878861,0.7212936046511629,0.3865542489460833,0.7963787981600698,0.458311061512099,0.36428589619359053,0.2251006585723644
1.0,0.6058174523570714,0.6730392699813585,0.8162264618727937,0.4937023031146055,0.5229495066093051,0.7223837209302326,0.4330670808372159,0.7989088496502197,0.4761928504515405,0.423119805261216,0.1699803364649333
0.0,0.5907723169508527,0.6785298373502286,0.8508897425943587,0.4918110917017676,0.5088564785878426,0.7423691860465115,0.393358479402411,0.8022122591186684,0.4935205871539475,0.4269099103573339,0.003162992982109439
0.0,0.563891675025075,0.6810788798100661,0.8682208795607798,0.4882960176636056,0.5060312459287836,0.8226744186046508,0.4745285112047925,0.8091351436179293,0.5301363455361616,0.4597358682252621,0.2255489021956108
0.0,0.5719157472417253,0.6803231036149753,0.8647749618929654,0.4892109619767971,0.4721129585140165,0.802325581395349,0.4394571407440284,0.8130933388583157,0.5550162059235522,0.4692981567631591,0.1469917308240684
0.0,0.6306920762286861,0.6759155174846676,0.8446656020665182,0.4910803421096162,0.476618531874493,0.8364825581395351,0.5238074106944753,0.8188306172027155,0.5973733045683387,0.5181520429269354,0.31074449201211
0.0,0.6415245737211634,0.6719972626193855,0.8217457251620506,0.4883608926114947,0.48268792420147205,0.8390261627906974,0.5468826270246283,0.8203688314865631,0.620486476736959,0.5524997883970199,0.4800563850892756
0.0,0.6828485456369107,0.6697356630615294,0.8031055576888695,0.4884138483076636,0.4778472887809626,0.9058866279069764,0.5931218105169739,0.8209299664414895,0.6383130855070827,0.575322665343606,0.7239486416077403
0.0,0.6672016048144436,0.6677322236330571,0.7846743269261116,0.4872257272140153,0.4983606273755993,0.8717296511627908,0.5874491531691446,0.8197008169955609,0.6292743605525243,0.5687548346271672,0.6601693338295489
0.0,0.6852557673019057,0.6652741727766442,0.7759857532768775,0.4888447732142112,0.4860986951863595,0.9091569767441859,0.6267287922490941,0.8199857129247663,0.6259101496661064,0.5907244695526984,0.8279214737625615
0.0,0.7105315947843531,0.6620966451451287,0.7727765460056466,0.48750375969423204,0.6097309144855185,0.9240552325581396,0.6026033577398122,0.8193218187551652,0.6107163673461647,0.536513395510418,0.8919333829549662
0.0,0.7297893681043129,0.6568061069810298,0.7544443427461214,0.4855935367331637,0.5071472182231068,0.9313226744186046,0.5925375342060495,0.8178280612426712,0.5917454876418893,0.5166899862023207,0.942128768142908
0.0,0.7580742226680041,0.6546647980794034,0.7474864394255114,0.4887082081651887,0.6089508039246452,0.9077034883720928,0.601124177205828,0.8156396155150261,0.5862956126600134,0.5272292024424724,0.8085944830174507
0.0,0.7247743229689068,0.65249151526936,0.745329557162133,0.4843962988589952,0.5248340133119601,0.9429505813953486,0.5821980622735005,0.8133796296083801,0.5943602498082637,0.4940239356554943,0.8437324075811578
0.0,0.7289869608826481,0.6506532676801158,0.7447748260717735,0.4850598086744934,0.5127968409951578,0.9200581395348836,0.5818948302640338,0.8124083682159307,0.6170488056585304,0.4940705225738165,0.7421655094764492
1.0,0.7540621865596793,0.6462776456278263,0.7317491637880174,0.4876650096751017,0.0,0.9080668604651164,0.5340285481843058,0.8104052160328845,0.624700221691714,0.4784094460026543,0.7122349408894718
0.0,0.7759277833500501,0.6432238642819759,0.7170299897451129,0.4859019517843214,0.6083160686530847,0.940770348837209,0.5839878707196213,0.808280662070666,0.6255466135586611,0.4800969570294613,0.7382248076562196
0.0,0.7669007021063188,0.640983125134464,0.7079398522038256,0.4847615539077195,0.4789038475814049,0.9980828220858892,0.6629761112343757,0.8042226220984721,0.631668914171541,0.5187502614467978,0.9973728654531788
1.0,0.7482447342026078,0.63693753033396,0.6936664562764139,0.4835664118241326,0.4373857435797485,0.9887323943661972,0.6633311145625329,0.7981493896884313,0.6248086735282217,0.5196848339861626,0.9555119118777252
1.0,0.7775325977933804,0.6319987421808548,0.6788373224833528,0.4868133865179744,0.5178145507506815,0.9874045013421436,0.6690333555210413,0.7919559153499709,0.6026144401310909,0.5251271550093154,0.9917447676394899
1.0,0.7576730190571715,0.627471060658775,0.6669941637702892,0.4855485730580068,0.4821144432145129,0.9986996098829648,0.7015753272686938,0.7861459925142076,0.563729987534229,0.5519214222644839,0.9991421021927868
1.0,0.7358074222668006,0.6250570481847015,0.6636030086429077,0.4838823312337421,0.5779009091360681,0.947664359861592,0.653583314843577,0.7816091226263129,0.5348518773381196,0.5151744054972408,0.774492700394823
1.0,0.6928786359077234,0.6232743261357856,0.6580472774804953,0.4804082222901832,0.5483791653836857,0.8532585239533884,0.6463649138377341,0.7800806272921743,0.544198428775764,0.5021805180301468,0.8267376733082369
1.0,0.6828485456369107,0.6225881240028275,0.6624550902132607,0.4796160596329053,0.5498148529235428,0.8281653746770029,0.6615560979217519,0.7786392457068751,0.5443013369943439,0.515940578837562,0.751813423928016
1.0,0.6898696088264795,0.6220176982718133,0.6634657673761275,0.4799502425331166,0.5600581756870983,0.8738156761412579,0.6597441017676203,0.7775345138432956,0.5471994516200823,0.5115788146581466,0.8294922413001558
1.0,0.6820461384152459,0.6228971198981006,0.6762933699945619,0.4793140299369079,0.5551880101062875,0.8592498946481251,0.6431994674950074,0.7748588271086105,0.5222946632405123,0.5429831856300429,0.8088329813607562
1.0,0.6359077231695087,0.6232940375996551,0.6815354976205825,0.4780835808737944,0.6056095170389563,0.8318584070796462,0.7079505953701651,0.7720073667636127,0.4939785747478895,0.5403941381494961,0.8125975576163816
0.0,0.659779338014042,0.6250965078669972,0.6963981471125626,0.4803229288216687,0.5446934813057808,0.8874841972187104,0.6846165224465643,0.7688756121960338,0.4744457801041313,0.5719054330938398,0.7846661680893311
0.0,0.6240722166499499,0.6250512091508806,0.7041079188334656,0.4802352824612026,0.5961610305379152,0.8702064896755162,0.650166407810073,0.7682270619337785,0.4599500212210966,0.5795795840091579,0.769089924439745
1.0,0.6182547642928786,0.623500409707715,0.7067248033603301,0.4797937648901139,0.6074911908439005,0.8525073746312684,0.6138081502847428,0.7684281934175667,0.4591609374960735,0.5926655205678429,0.7251205611573888
0.0,0.6533600802407225,0.6216880802151077,0.7056159660092334,0.4795546796207468,0.5840562145907212,0.8592498946481251,0.6119961541306116,0.7702181002557584,0.44563284038727735,0.5896438107685893,0.8447275446785463
0.0,0.6272818455366098,0.6183897139480559,0.6961716873496382,0.4804936887116543,0.5551640265502633,0.8478718921196797,0.5545151985799871,0.7702244794764288,0.4432828527037286,0.5363519302354607,0.9076514428656174
1.0,0.6365095285857574,0.6169980670388253,0.6939526650254866,0.4818641591309221,0.5710392704972412,0.7968815844922041,0.5087567487611862,0.7674430642740147,0.424969761446636,0.5506805776844798,0.7999329499445547
1.0,0.6343029087261787,0.6138565335381356,0.6812426794402033,0.4814786169223539,0.5403515939036968,0.8099452170248633,0.595421936247319,0.7639328345115974,0.3950669263677074,0.5666492445350451,0.8852412512571884
1.0,0.6292878635907722,0.6123195569694879,0.6753438328193628,0.4814220607788657,0.5597179782708755,0.756426464391066,0.5984394645366466,0.7586786331415865,0.3516003539352488,0.5689418549774802,0.8409191800496145
1.0,0.6417251755265797,0.6108911660878877,0.6765002449081299,0.4825786982313724,0.5427315605794895,0.7876106194690267,0.6209082168478663,0.7540547630238326,0.32386138183245183,0.5877780516083727,0.9932628280454371
1.0,0.6200601805416248,0.611402466413006,0.6960615946137692,0.4842809783415134,0.5148888764773895,0.7572692793931735,0.6192367428444641,0.7475502887566474,0.2800509095318641,0.5876982030686534,0.9773438939031126
1.0,0.571715145436309,0.6130649682966216,0.7267301294285426,0.4831782288429489,0.5151367314956201,0.7067003792667511,0.5749204940462989,0.7402361302295517,0.2237787080246418,0.6045581791112958,0.8190581445324503
1.0,0.528184553660983,0.6152229040235182,0.7561072632344459,0.482509486347571,0.5021655978562303,0.6679308891698272,0.6383477553435397,0.7348614831101359,0.18899966252144376,0.647008228949677,0.7494013630502849
1.0,0.5099297893681041,0.6167108799928074,0.7746200349996653,0.484352923153997,0.4727776513592024,0.6582385166455961,0.6368389911988759,0.7310145840985347,0.17669827472078048,0.6466609026634993,0.6541413397187942
1.0,0.456369107321966,0.6168324636317148,0.7856693592851519,0.4831038592227304,0.4809650515405741,0.5587863463969657,0.5017972043487907,0.7298357956202175,0.1869421133613287,0.5967685373727271,0.4248787376435185
1.0,0.4698094282848544,0.617794748008305,0.7991756616449257,0.480700191788311,0.4791032737197167,0.575221238938053,0.4763700909696026,0.731206350993385,0.2031656327431723,0.6297178755213705,0.3768035856818317
1.0,0.4569709127382147,0.6184048157705102,0.8101741985876779,0.4792091889302062,0.4888291164358453,0.5988200589970502,0.5397529768508244,0.7307557988974476,0.2052342061439765,0.6227432394637058,0.4591698900963953
1.0,0.4266800401203611,0.6198657046311788,0.8159438531700816,0.478123655500918,0.4793892562157918,0.5351875263379686,0.5444123955328746,0.7307208580725082,0.2194324441766018,0.625971365637612,0.3209615030392331
1.0,0.4190571715145437,0.6206777387990363,0.8200914280750446,0.4772653456243946,0.4846176938785314,0.5490939738727352,0.4765623844390208,0.731876879470041,0.2218800005198737,0.5824836307577068,0.4063977405292571
0.0,0.4345035105315948,0.6211862205141978,0.8263806589527283,0.4787488032897314,0.4801059075143492,0.592077538980194,0.5410842393314106,0.7344189915398884,0.23095301149988,0.5721399348394468,0.4543500951679256
1.0,0.4216649949849549,0.6211566469062673,0.8364557774064308,0.4775918435060567,0.4812911722083873,0.5528866413822164,0.4363508616226608,0.7364486864329742,0.2210364564603394,0.557571644306621,0.189353472094308
1.0,0.4134403209628888,0.6202921694896759,0.8414127286724973,0.4805065754247246,0.4839984592878367,0.5478297513695746,0.3393683899119887,0.7407042894275968,0.23324867395015175,0.5090941907280292,0.16991044020380394
0.0,0.4365095285857571,0.6199397485531617,0.8565997461902042,0.4790574074094526,0.502268811298771,0.5625790139064475,0.4810073219436434,0.7469678093725678,0.27947238263683044,0.5395713343680885,0.2982056394189688
0.0,0.4670010030090272,0.6191572247258472,0.8668700422984121,0.4820090629847202,0.5161395525661845,0.6367467340918671,0.4044301456992821,0.7510926752079337,0.3169325502449177,0.5051718978360406,0.3998227792018722
0.0,0.4708124373119356,0.6193835331336629,0.8823932915873218,0.4786229202279935,0.5951554523793836,0.6405394016013483,0.3520227793802229,0.7573702087551364,0.3673134241378492,0.4851026339065171,0.4811569521507434
0.0,0.5538615847542625,0.619074389732317,0.892119255705567,0.4863824126493326,0.6098053026113738,0.8394437420986091,0.4271651505066193,0.7602583353787521,0.38719647437462507,0.5164352865591826,0.6269274248247788
0.0,0.5723169508525578,0.6191630470765423,0.9103920981150241,0.4844113635627042,0.5717521578067697,0.8647281921618207,0.4540936321278011,0.7589543419859701,0.3854281126865379,0.4788730992536255,0.6723716934207553
0.0,0.5095285857572718,0.6189423609847118,0.9188614763326021,0.482163716686677,0.5547610239958044,0.7791824694479562,0.3284224539605056,0.7564850610115026,0.3932267906137277,0.4692324317700433,0.4822292561609759
0.0,0.4950852557673018,0.6188405079223178,0.9236631221007124,0.4844977938671582,0.5618698823889064,0.7640117994100296,0.3132164780711487,0.7573840243769911,0.4251945927264403,0.4601716097190068,0.3864197023271108
0.0,0.5107321965897693,0.6185078166026676,0.9254318005027432,0.4822823026464907,0.5151386023210568,0.7741255794353141,0.3372457658457215,0.7578007905469528,0.4525439007714184,0.4212379934966111,0.4438985280815719
1.0,0.4503510531594783,0.6179456534559502,0.9284672660687244,0.4802569048168604,0.5044038514190726,0.6805731142014327,0.2931661859329928,0.7582259227406938,0.4859894492534678,0.3941661094194242,0.3210673464353257
1.0,0.4314944834503509,0.6173796642235729,0.9313388098347282,0.4822107119602347,0.4891509101300984,0.648124736620312,0.2558686487685817,0.7603818920043572,0.5258578757086907,0.3804891836147216,0.29444712871995765
1.0,0.409027081243731,0.6156846903071387,0.9398740511298024,0.4801661550847525,0.4970485838435077,0.5621576064053938,0.19946749500776567,0.7613121684785957,0.5315938537566117,0.339850162955471,0.10037400905495553
1.0,0.4266800401203611,0.6150150506541321,0.9612442354700356,0.4782193991058297,0.522742386531171,0.5756426464391067,0.24305894534427894,0.76508491570936,0.5263510840038603,0.3670758796757832,0.04849591095363345
1.0,0.4599799398194583,0.6154181385217972,0.9849233716855754,0.4813740341348032,0.5050361841202787,0.686472819216182,0.3362029435692627,0.7700029054918229,0.5253343518812661,0.3617693110127056,0.2416026914335817
0.0,0.4597793380140419,0.6158913852248187,0.9956108661533004,0.48129576476630204,0.5004222755110078,0.6991150442477874,0.3793210561349015,0.7721798560284174,0.5150530976189887,0.338198187834287,0.27510244984878585
1.0,0.4266800401203611,0.6158318379029188,0.9999999999999998,0.4781656108263229,0.4999905354377489,0.6266329540665823,0.3732712077509061,0.7733414573988411,0.4947514421112375,0.33370138398370386,0.16483654953917082
0.0,0.4024072216649951,0.6151233778330534,0.9971222692759484,0.4794707726768338,0.5184408148985605,0.5941845764854614,0.3734782930256639,0.7764144517115876,0.4585491315244917,0.33281345546373403,0.0724546370967742
0.0,0.4635907723169506,0.6150358132892221,0.9896022913542442,0.4819269209146917,0.5104606252478703,0.6944795617361987,0.5087715405665263,0.7834600455541596,0.4737704500112601,0.3534366132440808,0.18067748881895024
1.0,0.4296890672016046,0.6142660691393076,0.9799435131873172,0.4823020915356869,0.5448482036358359,0.6430678466076695,0.4127801198136231,0.7878184483281898,0.4893502888809826,0.3498113554325332,0.03238363425542461
1.0,0.4503510531594783,0.6126165152310759,0.9683404879845416,0.4843964216777541,0.5361707172797299,0.6911083017277707,0.4345684490792103,0.7971802762287123,0.538732991164935,0.3610796937721281,0.06986771411802044
0.0,0.5283851554663991,0.6106815818079931,0.9557487551846882,0.48866157731227794,0.4845008274429008,0.7779182469447957,0.5092522742400708,0.8035360936354248,0.5768117432989791,0.4032413478644423,0.3868346200731419
1.0,0.41283851554664003,0.6077360957145674,0.9331767561655356,0.480862344938959,0.5170965518572921,0.5499367888748421,0.44144663856223615,0.8037722192737099,0.5832293130231085,0.3553364532312429,0.04602916610230779
1.0,0.4818455366098295,0.6072356486108514,0.9329172034671532,0.4844432069656063,0.56290946766884,0.6696165191740416,0.6050883810369061,0.8090568648922609,0.6082867868166315,0.4219828874436368,0.35225066594428805
0.0,0.5285857572718153,0.6063818802201744,0.9439753313034638,0.4856199746556333,0.5630054843479432,0.7648546144121365,0.6856519488203536,0.8110828968470631,0.6149351816244715,0.5028303301021824,0.6224434511716108
0.0,0.5177532597793378,0.6064325758787714,0.9648710215633702,0.4881289154062979,0.5754210814336118,0.7610619469026547,0.6636417424746689,0.8097221275628972,0.6182986292318343,0.4764983946829152,0.6236173190663229
0.0,0.5183550651955869,0.6062497605970278,0.9746903672894544,0.4879850278902278,0.6062771299502084,0.7943531394858829,0.6817617040159751,0.8082510082501988,0.6332196931501942,0.4888899719988621,0.5867985010609965
0.0,0.5382146439317954,0.6050698142359996,0.9749500308955515,0.4863151318607165,0.5836150813979695,0.8217446270543618,0.7418977886251019,0.8053453082129214,0.6302504051828204,0.5622121313563985,0.780531852453835
0.0,0.5442326980942829,0.6027337753055284,0.9734664896929224,0.4870185552457313,0.5977226715307492,0.8128950695322377,0.7947563050070259,0.7984455055537156,0.6143051403358295,0.5940853694344511,0.796060393960603
0.0,0.554663991975928,0.5972560644115021,0.9524994613636851,0.4843605936658703,0.5811938612902862,0.8192161820480408,0.854944160934842,0.7906312870664622,0.5865822367884984,0.6257814786343822,0.8190052169184493
0.0,0.6415245737211634,0.5922831599650911,0.9425269439260606,0.4901277655229926,0.5983766613054071,0.843236409608091,0.8629613194290366,0.7820710501855572,0.5581509089499573,0.6296278188954173,0.8252735731603437
0.0,0.6573721163490471,0.5861963716686169,0.9197687500380968,0.4917500730144753,0.609229537665622,0.8798988621997473,0.9604984838399528,0.7728491014546066,0.5151336710256856,0.6661590631596839,0.9682920024289776
0.0,0.6692076228686059,0.5834177173733681,0.9130069433961864,0.4933963000474604,0.5907910040330155,0.846186262115466,1.0,0.7631853556010022,0.4793014570015214,0.6834386093236637,1.0
1.0,0.6292878635907722,0.5815413328860393,0.9068951667968708,0.4897539649842682,0.5829395537795312,0.7614833544037084,0.8129576214777016,0.7555333827801156,0.4525623251943265,0.5452587797661113,0.9852430016758746
1.0,0.6102306920762286,0.5801620165312189,0.8968568688697707,0.4872884046525756,0.5835677743650955,0.7623261694058153,0.7476739886103098,0.7505715039679395,0.4391791404731476,0.5446297798613264,0.9911473144711682
1.0,0.6174523570712138,0.5780899564737787,0.8890241673880532,0.488402744988461,0.5222794445132402,0.7281921618204809,0.7976776865616448,0.7457870943503053,0.4338203773157588,0.5685608483593668,0.9875301483039975
1.0,0.6172517552657975,0.5752044562972924,0.8802959845502576,0.488685470858225,0.4867695352609902,0.6949009692372524,0.643169883884328,0.7418327816878048,0.4381753692376968,0.5220972636987421,0.931280836089056
1.0,0.5851554663991977,0.5732265569698052,0.882272746831158,0.4856269850545488,0.4842746968052256,0.6270543615676359,0.524842837068264,0.7420160272735923,0.4774239023035446,0.5121039334089289,0.8400325381527523
1.0,0.5664994984954864,0.5730721417334015,0.8845791790137478,0.4839044595310309,0.5543373947779825,0.5756426464391067,0.4571925153464983,0.7412462475853743,0.5075035988544812,0.529001769090226,0.7279881165007341
1.0,0.5845536609829489,0.5719665174062438,0.8626237767442844,0.4855181373348483,0.6226666879645409,0.6531816266329542,0.5200798757488353,0.7418829473325261,0.5331189454716116,0.510050897057233,0.8308546570231132
0.0,0.651554663991976,0.5720995767641632,0.8486663528783851,0.4891987764851032,0.5633539869963459,0.7420986093552469,0.4972487242067896,0.7402013513902552,0.5419385767617396,0.4987618845314497,0.8765318573272741
0.0,0.6266800401203609,0.5716129529870124,0.8342918796331744,0.4858513714344945,0.5115053967337307,0.7468993062854742,0.5054507802677319,0.736501912589212,0.5273840595487312,0.5027785881427189,0.9882357286645614
0.0,0.5737211634904713,0.5697464884857077,0.8177270231298988,0.4841295307818349,0.4846259443332251,0.6632331301240281,0.5313216478071149,0.7307846016993849,0.503047491442891,0.5154029937155833,0.8745864274685693
0.0,0.5921765295887663,0.5672648192856762,0.7948874722925163,0.4869628897178478,0.4886030195544286,0.5930377123912145,0.4411434065527695,0.7267611727951435,0.485190284366609,0.5203117381881213,0.717226674509227
1.0,0.58234704112337,0.5634462090651402,0.7727422340302381,0.489537207671445,0.4756521601531999,0.5948801300284438,0.4039272243177279,0.7266456180826533,0.4848518729257934,0.5037168167723023,0.7323336560062828
1.0,0.6030090270812436,0.5614969537624384,0.7657665094737227,0.4902374466708334,0.4927424171275285,0.5948801300284438,0.4504030766955107,0.7252884241262822,0.4792324644813454,0.4761832689736281,0.7857012717268521
1.0,0.5711133400200603,0.5593004146622025,0.7631226122192443,0.4873296699456429,0.4940800969425359,0.5240363575807572,0.4412765328008283,0.7213118288292379,0.4535925347955001,0.4711787036025809,0.7113471559231871
1.0,0.5552657973921767,0.557980676118244,0.7623939162811972,0.4894173369914767,0.4939307113887638,0.5001925298421259,0.454907181421492,0.7187990943346934,0.445341510835696,0.4283211980891188,0.7195641875888201
1.0,0.5586760280842527,0.557964324757775,0.7716289186012164,0.4899214375976309,0.4944570741316948,0.4960060859642448,0.4046076473633607,0.7149657788920076,0.4325348821397901,0.4010593534236885,0.5806763108989547
1.0,0.5313941825476429,0.5572127952242489,0.7783907030259143,0.4904961352953036,0.49412989792691,0.4659566375047548,0.40423785222986464,0.7141739254206609,0.4380713378013825,0.3995506603988375,0.4241518784389468
1.0,0.5602808425275827,0.5573570649677468,0.7825087968671729,0.4901564503464505,0.5107952955767966,0.4929631038417648,0.38407662155166056,0.7158277421768746,0.4477646673471671,0.4380472154112123,0.4041285573734651
1.0,0.5299899699097292,0.5564371985042063,0.7725578932309219,0.490520397314,0.4963248377605756,0.45533358462118395,0.352814140965905,0.7193937371516991,0.4628177783957765,0.4171456592693963,0.27096162955945113
1.0,0.5139418254764294,0.5567363147761222,0.7707008640427901,0.4889598159164967,0.4983103811506603,0.4082171127026013,0.3022483544116558,0.7260645036078865,0.4980042762611978,0.3797544090697534,0.000246984728110754
0.0,0.5594784353059176,0.5566073801334073,0.769368505183831,0.4941344599725758,0.4951876364711223,0.5241051862673483,0.4066415205975889,0.7373230238171942,0.5581025424342951,0.4342462282585805,0.2495730494794721
0.0,0.6288866599799401,0.5561189618225826,0.7740351764654161,0.4984517688430623,0.495541424534772,0.6406135865595328,0.446128244952296,0.7435785384388847,0.6053352013745908,0.4587350781280064,0.4138963621476199
0.0,0.5741223671013039,0.5544559353277476,0.7670954665195902,0.4929312581040458,0.5145378003981677,0.5259313367421479,0.3865616448487537,0.7470769309071372,0.6370624556056129,0.4065163738068646,0.0005308597133359074
0.0,0.6553660982948848,0.5532471589792369,0.7654416791212999,0.4988762113356738,0.5878891521298202,0.6614317019722425,0.5265734782930256,0.7541590049487976,0.6841953990088396,0.4663980284879597,0.12230532336119762
0.0,0.711935807422267,0.5528028111246261,0.7631298928695314,0.501883806382373,0.6014703301495261,0.7542001460920383,0.6266696250277347,0.7557590726337273,0.6911996315213185,0.5176617130677823,0.6255856003945106
0.0,0.6956870611835506,0.5524077338831634,0.760881674968706,0.4992638514849134,0.6134340133107847,0.7626004382761138,0.6832334886472892,0.7528531994162582,0.6684428910553709,0.5201417514807789,0.7823232672241031
0.0,0.6861584754262788,0.5523542365483911,0.7542718913457391,0.5019502355467619,0.6274668424894004,0.7505478451424398,0.7188373641002884,0.7495574553445392,0.6490963808073549,0.546516163527969,0.7509078309078315
0.0,0.7285857572718154,0.552270789890039,0.7553784121343401,0.5068629492911509,0.6232620380601719,0.8319941563184808,0.7364322165520302,0.7474677000036878,0.6256285125073107,0.5693117601933322,0.9102425292334346
0.0,0.7105315947843531,0.5516895937044209,0.7482481155120004,0.5041048721411477,0.6338294024697052,0.8341855368882398,0.7567487611863031,0.7443038561916373,0.6088277248180959,0.6014177295248768,0.9869532265049812
0.0,0.6736208625877633,0.5516930994981721,0.7438803971785877,0.5005076740236616,0.6108929223414564,0.7662527392257126,0.6951852673618819,0.7396072930415805,0.5717363706488352,0.5602817264560079,0.7317832394976197
0.0,0.7259779338014043,0.5506485314210285,0.7315208605939543,0.5061305245190154,0.6161331062897312,0.8889700511322135,0.7030619037053473,0.7379451689978886,0.5737884922848965,0.5721079925789269,0.8300941966219153
0.0,0.7580742226680041,0.5487578925249446,0.7308389579851071,0.5061770841705421,0.6022695263445221,0.9302410518626736,0.7423045632719474,0.7353660590084543,0.5706526628099853,0.6512250214566662,0.9954255088783036
0.0,0.7695085255767302,0.5461191734316371,0.7318219330280881,0.5037858334619499,0.6839589343494022,0.9368151935719508,0.7024110642703938,0.7297560549219901,0.5619289760918302,0.6465379877985588,1.0
0.0,0.756268806419258,0.5436793293307405,0.7335397215400372,0.5061378472954398,0.0,0.9181884587289996,0.6829746320538423,0.7249413631446733,0.5550958327060183,0.6316988813012521,0.9934572779685186
0.0,0.78234704112337,0.5411205171170246,0.7472135615623889,0.5054528701956883,0.6857810053487344,0.95836376917458,0.6613194290363142,0.7195350263958613,0.5412679694689697,0.6473898792465042,0.9618606484675284
0.0,0.7606820461384152,0.5375733973485229,0.7409593620658737,0.5037565177760013,0.6144247525251896,0.9845722300140252,0.6893942755713336,0.7134843860962838,0.5270293837895003,0.6704190306411408,0.9819536937993842
1.0,0.7255767301905716,0.5358382320320818,0.7435988940463036,0.5007332246051109,0.5223142740085631,0.9612875163114396,0.6615708897270913,0.7068416515370772,0.5021758904312382,0.6503092812171336,0.7568491877625371
1.0,0.6734202607823471,0.5340066723752406,0.7204116715657487,0.49761853470286205,0.4521712531535283,0.9143105698129622,0.6696989867613339,0.7031321476057968,0.4933843860399015,0.6653570349270143,0.9673544810594392
1.0,0.6782347041123369,0.5335392539816781,0.7258414428481268,0.4986639626908384,0.4633624981743098,0.8782079164854285,0.6551512462095997,0.6995859726068225,0.4791957933922689,0.6535530011003621,0.8551203184367657
1.0,0.6453360080240723,0.5315793121293599,0.7285305981061043,0.4984803851520499,0.5050999623811235,0.8312309699869509,0.6292286073515273,0.6962636096235757,0.4678745493762009,0.6617070865201555,0.7902133639964233
1.0,0.6800401203610832,0.5309934937549552,0.7456130345470184,0.4990067285812077,0.5214048618787253,0.8977816441931278,0.6648546705125362,0.6934732093167799,0.4512281682996856,0.666420057078287,0.8916570844512599
1.0,0.6790371113340019,0.5303285381502411,0.7484390216603003,0.4987299309366095,0.4935671496300292,0.9060461070030448,0.6797943939057766,0.6885902620248228,0.4229914978217226,0.6494574468151346,0.975978534009117
1.0,0.6609829488465397,0.5289468817900307,0.7407025213686504,0.4998995188300328,0.5218417608714706,0.899086559373641,0.6846461060572443,0.6827558159478886,0.3859095032872221,0.6547074646233662,0.9757435501842808
0.0,0.6724172517552658,0.5255837139546997,0.7193653276249001,0.501539193894984,0.4570671270070493,0.8829926054806438,0.6748835145329488,0.677223545124882,0.3614335662285616,0.6471346057141054,0.9665410528719882
0.0,0.7133400200601807,0.5211957521936295,0.6938225232728272,0.5030212315465664,0.4674012913427205,0.8896463570515556,0.6572738702758674,0.6739086564756394,0.3551819812661463,0.6313267010405658,0.9907892439322502
1.0,0.6988966900702107,0.5171575626603273,0.6687619152162252,0.5017961341236679,0.4814907003859365,0.8436578171091448,0.5693661711411878,0.6718446276770311,0.3588342530635526,0.5346188434157866,0.8577878103837466
1.0,0.6836509528585758,0.5140454557939211,0.6558588783271362,0.5005080152282095,0.4755697475998864,0.7919463087248324,0.49457140744027794,0.6712272794267502,0.3610811072667118,0.4744123287143632,0.4975745641419715
1.0,0.7127382146439316,0.5162960471527902,0.6774334694279918,0.5005228714822103,0.4776451689306632,0.8197458455522971,0.5364839878707196,0.6745604420234068,0.3863150600336414,0.4918942966633243,0.6556361365928616
1.0,0.6022066198595788,0.5191819407265057,0.7058684411023068,0.4882199741615741,0.4546933168406938,0.8087976539589442,0.42792692848162095,0.6760355666949598,0.39885022291598,0.3567312235141962,0.610849266340594
1.0,0.5869608826479438,0.5228823706780394,0.7334811842950502,0.4901952665356049,0.4566680507160242,0.7904203323558161,0.42927298276754666,0.6791743974157469,0.4375856036162529,0.3582174845315946,0.49209378407851706
1.0,0.5987963891675026,0.5218659234508918,0.7358966685123705,0.4878613481927894,0.4585527686401614,0.7990224828934506,0.4198653945714075,0.6799759040064846,0.4497697083954453,0.3504662925643484,0.5920704159526411
1.0,0.5939819458375126,0.5199711165911687,0.7350771519383263,0.4911048038711803,0.4582487210995256,0.7912023460410559,0.4435100954071444,0.6804075693073162,0.4597980731677137,0.33155281346346416,0.5763053655023409
1.0,0.6062186559679037,0.5177955472886053,0.7210623776423402,0.4909123205545204,0.4532459774711122,0.7912023460410559,0.4544634272612975,0.6793053829701967,0.4531470212212033,0.3415452486171422,0.6532949225783227
1.0,0.6062186559679037,0.5127317628330428,0.6919536809637421,0.4912092038385685,0.4542952435904953,0.7638318670576737,0.4769617631831965,0.6775935795096135,0.4437631741926722,0.36713222548267216,0.6454087144400437
1.0,0.6706118355065198,0.5070698968626994,0.6575829950891463,0.4956018815161373,0.4850501939375146,0.7693059628543502,0.4975075808002365,0.6755966783524411,0.4404486151852151,0.33903683882328084,0.7007202016564632
1.0,0.6696088264794383,0.501722401072612,0.6240093617213858,0.4962250825564122,0.4924937668483044,0.7145650048875855,0.4625471488795209,0.6721753119098679,0.4266665196411865,0.3478553948380029,0.5344256391789699
1.0,0.6497492477432298,0.4990792327542937,0.6039248222377596,0.4943302927445925,0.4923294501852468,0.6757679180887373,0.4818800384586939,0.670828039713401,0.426423954215988,0.3705675207414989,0.3623334533669426
1.0,0.6511534603811437,0.4981637468448538,0.6024273232781789,0.4946481504704902,0.4951816874936236,0.6689214580984597,0.4682419939353598,0.6708059380131204,0.4253060864772353,0.35728298591940444,0.3813467770975879
1.0,0.6505516549648949,0.4959018148570888,0.6112415864193788,0.4943648335004368,0.4822984701681531,0.6801954152574222,0.4599881665557282,0.6718744770274163,0.4353912238595539,0.3954056048536481,0.3411955347497301
1.0,0.6920762286860582,0.4928492305007246,0.615589696026146,0.4959783941890613,0.4846662251902405,0.7023982558139535,0.4772280156793134,0.6729113051325948,0.4456775350194714,0.3653214486445578,0.4053655023406546
1.0,0.7093279839518556,0.4884157144747714,0.6038109122583806,0.4984110056560601,0.4790441423904915,0.7044661549197486,0.466252496117151,0.6743017177492001,0.4632138163080058,0.3518492749665627,0.317680950666186
0.0,0.7426278836509529,0.4862734574983125,0.5921743680520482,0.4989372499737813,0.4893986265974311,0.7363225698510959,0.4214555136454405,0.6763319475730272,0.4827811661373128,0.3573443439226877,0.3056175729204175
0.0,0.7141424272818455,0.4849544955045195,0.5860765508191041,0.4989479240914651,0.49109775067702294,0.7190569744597249,0.4145403446490643,0.6792353878083377,0.5069211258816093,0.34761169550437626,0.18602808786460165
1.0,0.7049147442326982,0.4842850655386728,0.6091018607258003,0.4980999193830123,0.4905261777465838,0.7091140044458559,0.3949042230604246,0.6821202999752289,0.5267603962294606,0.3699569948092287,0.11776194437411833
1.0,0.7139418254764294,0.4821738812700291,0.6266464886024019,0.4993134784893185,0.4899637493780013,0.7078437599237857,0.41393388063013065,0.6858501459752588,0.5524226076556883,0.3958819549417572,0.047679617637989086
1.0,0.7448345035105317,0.4805515758539072,0.6451634600881124,0.4995424872332805,0.4847708830812642,0.7272149888853607,0.4948672435470749,0.6898859389237941,0.5808874283849392,0.434346112099336,0.31273109407231525
0.0,0.7506519558676028,0.4790888906747914,0.6335045828228145,0.4999002143948338,0.4869344588195924,0.7497618291521119,0.5151172250573183,0.6925420353471201,0.6066416331360786,0.40758275898659735,0.2552348893619128
0.0,0.7454363089267804,0.4783232088747584,0.6281274445204066,0.4995191255441147,0.4893900405008879,0.7354715782788187,0.4774277050514015,0.6946518827161037,0.630120405964569,0.413257828654886,0.13761694965595644
0.0,0.7749247743229688,0.4776889398311197,0.6289863995590195,0.4994010774563639,0.4574690612729102,0.7802476976818036,0.6094667554174986,0.6980289953557257,0.6604631591304728,0.5491565590151701,0.8622478087236142
0.0,0.7725175526579742,0.476482232557641,0.6297798259825826,0.4986499590961649,0.4711699719350773,0.7923150206414737,0.5999852081946603,0.6950303756642873,0.6618556154526565,0.5383132383153408,0.7956018878688872
0.0,0.8180541624874624,0.4750355203879697,0.6393718150245797,0.5005415206025505,0.486607429845277,0.84630041282947,0.6598180607943198,0.6926659265001303,0.6688401317359761,0.5859398081909447,0.9950547852225348
0.0,0.8132397191574725,0.4730058482880015,0.6451648111816226,0.5002857642377909,0.44878779866446855,0.8304223563035887,0.6485984764440501,0.6889187328670137,0.6782276960114791,0.574883299848958,0.9310361469041072
0.0,0.8407221664994986,0.4721337408830879,0.6525766273259894,0.5034835858370483,0.0,0.8793267704033028,0.6340285481843059,0.6861254804693937,0.6889201927417692,0.5373593870965082,0.9665061390949704
1.0,0.4625218430975812,0.9921957725223643,0.6651095695047874,0.4731025137126046,0.5718266027980481,0.9850480970305314,0.4678574069965236,0.9659562272182702,0.5377748420304204,0.4763144021271154,0.743230347131098
1.0,0.3825990986848157,0.991148630829792,0.6614933658734575,0.4719597550118355,0.5103055286806794,0.9630479938777742,0.38613268249389865,0.9642331834655355,0.5297164572990556,0.4679265584766255,0.4611734889340781
1.0,0.4035684723627335,0.9891261030506566,0.6526955436453671,0.473313001027295,0.526364658636708,0.9295944025363508,0.3628060054729676,0.9644842521509064,0.5302891310432448,0.447770734113793,0.3181794026995425
1.0,0.3538121953462707,0.9836011023688136,0.6337309252122234,0.4739071760601746,0.5010722556517395,0.9008418060566308,0.3565268841062049,0.9659746458570416,0.5249281444849738,0.4402084269306477,0.1321872675098308
1.0,0.4290444219626597,0.982047818809464,0.6389253338830881,0.4749292440279432,0.5073655057731123,0.9299223789220509,0.4434657199911249,0.9700291152895296,0.5456550005470402,0.4974789495067221,0.4573280901264736
1.0,0.40126919893313695,0.9797844743811446,0.6466877358615898,0.4768523677972396,0.5353231259767985,0.9293757516125506,0.4626506915169,0.9710197879650908,0.5591668851349085,0.4623678411102949,0.5150653629503669
1.0,0.32778442012324105,0.981745458194903,0.6576839654151775,0.4759614254794647,0.5347896645231369,0.8617032906964032,0.4097330079136154,0.9692947052329804,0.5627074829108304,0.4091881204449082,0.31594749707726555
1.0,0.2760047824887336,0.9835023334080241,0.6646937001550426,0.4764267504401393,0.5252213651689543,0.841368754782989,0.4508468308557063,0.9689668322638608,0.5887988901685037,0.45033694049727613,0.08261363636363615
0.0,0.3140807504828473,0.9842801778306112,0.6660878850597729,0.478834978771649,0.5296246714900876,0.902918989832732,0.5735892315657123,0.971742937248634,0.5841647919937369,0.5063967400093614,0.09259326660600399
1.0,0.3150924307918698,0.9817603677589948,0.6698217441344877,0.4788911568619682,0.5347750798922579,0.8961408111949273,0.5699504474521119,0.9735570925936892,0.5651596984925521,0.5023443119577018,0.4446663104311396
1.0,0.29163984180998803,0.9776645921844404,0.6672375681077943,0.477352624188859,0.5355268864899015,0.8398381983163878,0.5518009023001261,0.9740261188170138,0.5219906760836556,0.488313960957441,0.3324239952751934
1.0,0.3203347742113492,0.9727602038849366,0.6560188854904454,0.4754624469854426,0.5397582197725919,0.8515360227396959,0.6965017380371276,0.9750517675573388,0.4837327955346808,0.5699328416400281,0.6260370672441431
0.0,0.36098592844661104,0.968125728690694,0.6540574124773008,0.4743342046410007,0.5441349399894143,0.8639991253963051,0.6901264699356552,0.9725084252467744,0.4419990758963581,0.5660015974645474,0.6763270084601607
1.0,0.34636254943437883,0.963484708617453,0.6530815187419275,0.4734027223333602,0.5584549738033262,0.8273750956597793,0.6240736631905931,0.9709501354078494,0.4091012019727495,0.5637483105514669,0.5099953612688036
1.0,0.3722983537202245,0.96024563244278,0.6584994366841525,0.4713640035850594,0.5423313217242856,0.8387449436973872,0.7231121958435025,0.974774305433501,0.4329067800699423,0.6268026954506941,0.6929380839831234
1.0,0.36935528373034093,0.9574985575457092,0.6519387775855883,0.4711813642287586,0.5420386254839439,0.8279217229692795,0.595688188743436,0.9752932321397648,0.4320019588883568,0.5229377710834663,0.6651940535883886
0.0,0.4031086176768141,0.9556090250928448,0.6412344915792624,0.4696550430118346,0.5434354894230539,0.8632338471630043,0.6381184823607725,0.9770926377369497,0.4553875303831586,0.5653036582118603,0.798502352499392
0.0,0.41984732824427495,0.9539571808045156,0.6344564826781681,0.4670221471881835,0.5488474005212499,0.8830217557669182,0.6818208712373344,0.9746702867213192,0.4533688080306956,0.5501328792321709,0.8364957699189317
0.0,0.39694656488549607,0.9533167593967812,0.6346939503556833,0.4692863951212322,0.5439974267971199,0.860391385153602,0.6590193033059684,0.9698930716661368,0.4547200793795288,0.5240053390173258,0.8448013076804131
0.0,0.370091051227812,0.9508980521604776,0.6360347392519842,0.4712448017289093,0.5486349969308248,0.8516453482015962,0.7017898084461207,0.9640068289125427,0.43224539568866177,0.5514084302209274,0.8038479379735367
0.0,0.3986940126919894,0.9469640332902504,0.6301647375390771,0.4731183180609206,0.5400794629810154,0.8390729200830873,0.7849641298720516,0.9576826259678296,0.4062108035189416,0.553262683086693,0.8511850853747434
0.0,0.4668904626138141,0.9418797527054056,0.6175156212896369,0.4738365388541573,0.5473361205240466,0.8864655078167707,0.788610309888322,0.9532202726528952,0.3905163733475968,0.5564354630451874,0.8951662333819449
0.0,0.4760415708636071,0.9379594225037486,0.6084116671938286,0.4707129824877498,0.5646662822035305,0.8919864436427244,0.6771762443606243,0.9470069114653774,0.3608426420243551,0.5053134967837652,0.9997849051192575
1.0,0.4207670376161132,0.9347698741875072,0.6031845839830017,0.4672221847754669,0.5636494497316589,0.8166612003935715,0.7257673249020042,0.941890162284852,0.3342199602144321,0.5308940457618934,0.906416704770614
1.0,0.4098224960912351,0.9329036714607576,0.6041241548444144,0.4665389600701403,0.5628030689583051,0.7890018585328522,0.6787885511426666,0.9364683851123228,0.3033343299950567,0.496055575849937,0.9186607732561082
1.0,0.389037064287685,0.9308622575114665,0.6046340019828356,0.4688468515851236,0.5617693134978395,0.7790532414999453,0.6270763996745798,0.930308242831012,0.2769352036912404,0.5147808742570552,0.9330670634609852
1.0,0.4042122689230203,0.929435786078104,0.6099828817864963,0.4661492614992271,0.5652238194024739,0.7792718924237455,0.7335626063161008,0.9226253177154032,0.2451889911294294,0.5609361254855841,0.9258126095028898
1.0,0.3678837487353995,0.928258277496115,0.6157880603911071,0.4637322200742097,0.5441305423760968,0.7345577785066142,0.6578951261001401,0.9116645088252592,0.18090980133207674,0.5306990997734774,0.9835085313833032
1.0,0.3177595879702014,0.9276240173879806,0.6217577926682005,0.4640082157119283,0.5680440709274283,0.6964031923034874,0.635330227054212,0.9096107307582316,0.1754269054147909,0.5213566452659361,0.640760197775031
1.0,0.3556516140899476,0.9270544809258872,0.6255158952099108,0.4629039320803442,0.5567839550450869,0.7296381327211108,0.540056208860291,0.9122802984896624,0.1908920018645288,0.4692378292372749,0.8772613320685668
1.0,0.3636530856249426,0.9226889501555318,0.6174137174530093,0.4597365572745144,0.5419042897120905,0.7325899201924128,0.44936765032172143,0.9154264435545432,0.2173346716193912,0.478635112835455,0.8251914086320201
1.0,0.3858180814862504,0.9137051122470128,0.5886493249898396,0.4613192730223875,0.5442287161237792,0.6945446594511862,0.3457288662081209,0.9184932588670572,0.24095082205778875,0.4801856930661413,0.3105859805080943
1.0,0.4763174836751587,0.9050137641331422,0.5600472123579723,0.4679347691618748,0.5461655547557331,0.6795670711708756,0.24896087567487615,0.9235832023811871,0.2852729479779078,0.4962846234615496,0.3005138033682672
0.0,0.5012416076519821,0.8994559415864793,0.5397700943801111,0.4659714370293869,0.5461604918621366,0.7050399037935936,0.2479550329117665,0.9292281038998867,0.3332730262810032,0.4962180052735194,0.3113365868713946
1.0,0.4559919065575278,0.9002505010040374,0.5469533187767056,0.4665579515437976,0.5591500692185156,0.6629496009620639,0.19626506915169,0.932594243552734,0.3739224583445876,0.5233123846025852,0.2070654928387748
0.0,0.5166007541616849,0.9017838872834588,0.5516854345670925,0.4705542026111239,0.5613905422495717,0.7703072045479393,0.3220915612750538,0.9390563659002706,0.4309957507983508,0.5183415819295429,0.4772711205372921
0.0,0.5126460038627794,0.9013041008332994,0.5546776271886906,0.4702432109572163,0.565233176510799,0.7722750628621404,0.2760076917387766,0.9385624086446036,0.4351827704724064,0.5013401425946644,0.4825379992930354
0.0,0.5084153407523224,0.8987155368409507,0.5454572078185735,0.4700652147787771,0.565914838629526,0.7473488575489233,0.3027364839878708,0.9377682404096196,0.4316417583385007,0.5144667105153115,0.3861240582034449
0.0,0.5211073300836934,0.8959151382070605,0.538075264525794,0.4709746916441066,0.5483212897195892,0.747239532087023,0.3594778492715039,0.9359953556388094,0.3950370120240753,0.4889408271962859,0.4439098548255069
0.0,0.4872620252000368,0.8941149463343914,0.5319757837715477,0.4687282695014881,0.5287233389241538,0.7051492292554936,0.35488499371348303,0.9346121034885844,0.3877024574037666,0.4853612385664646,0.3163267010808739
1.0,0.43943713786443495,0.8925498929943103,0.5294190442829025,0.4691218215444241,0.5453023575785586,0.6531103093910573,0.2635973670586496,0.9355953591689988,0.3932558934729576,0.4885765986730897,0.16425266041864994
1.0,0.4623379012232134,0.8918890161149218,0.5319287921327527,0.4670761284232213,0.5564730467500961,0.6641521810429648,0.30902300125730353,0.9415157353826179,0.45030684243707103,0.4615479050614511,0.1857030688785309
1.0,0.509886875747264,0.8906893292953033,0.5291255860719608,0.4704049273246107,0.5343189056956789,0.7321526183448125,0.41487316026921095,0.9477037459044066,0.5011582068114853,0.5067313703978429,0.4287241684625538
1.0,0.4367699806861031,0.8898905751844819,0.5361827417010147,0.4652919897831416,0.5350117384337727,0.6393353011916474,0.28093336291694376,0.9499691887460632,0.5275540350080806,0.4798757617956039,0.21620808900917166
1.0,0.43759771912075773,0.8890995991411947,0.5370936503041925,0.465339192188145,0.5304669698603464,0.6449108997485515,0.32906589749278936,0.9564414984173392,0.556197954874171,0.5021940222247199,0.3303763845035837
0.0,0.4627977559091328,0.8870889902622201,0.534315135964903,0.4634813619092579,0.5294560323013028,0.6715863124521702,0.4188299681976189,0.9600342756672562,0.5601424667575234,0.5022804845766878,0.4401510215673503
1.0,0.4513933596983353,0.8858164669699216,0.525188023879826,0.4627904106735203,0.5281288511270495,0.6235924346780365,0.3184453812587826,0.960632915223653,0.557105748742888,0.4257437706394667,0.19395579612088465
1.0,0.4099144670284191,0.8850733618931195,0.5229447172394823,0.4633590027993297,0.5324161173554964,0.6012900404504209,0.3377338954219361,0.9672474372053608,0.5928919954838897,0.44085300522586623,0.16263218563624576
1.0,0.3741377724639013,0.8847477843919735,0.5173491282692826,0.464406272395681,0.5500709298772654,0.561276921394993,0.3164854670512538,0.975732645387038,0.6584844941934114,0.4210638413527434,0.059322741776508474
0.0,0.4963671479812381,0.8824135911338487,0.4957298590255403,0.4698476450373202,0.5763047905545406,0.6780365147042747,0.4365357591894091,0.9882129146598242,0.7571057542838184,0.4942262067081685,0.06515601783061017
0.0,0.5605628621355652,0.8784816382121898,0.4668104030053788,0.4709682224221792,0.5673906303331145,0.7262490434022084,0.5078692404407964,0.9954380491114628,0.8269286771774136,0.5495213147702578,0.1865141481035523
0.0,0.6165731628805298,0.8768448643937554,0.4548666141883603,0.4714186728812782,0.5788163748880175,0.7766480813381436,0.5591968049700463,0.9993991663093679,0.8981530245380854,0.5455851409179302,0.3336544250451514
0.0,0.5474110181182745,0.8750660502903709,0.4542919181789656,0.4699500368117899,0.5711990596620201,0.7300754345687109,0.6387397381850454,1.0,0.930516273621946,0.6327820264204569,0.7126429861529197
0.0,0.5747263864618779,0.8744721063481633,0.4556932757440901,0.4683081187593166,0.5654602280658793,0.739914726139718,0.7282005768804082,0.9961854005565632,0.9358755720022154,0.6553076933757574,0.7589102950030095
0.0,0.5532971580980411,0.8716983012851638,0.4512750109734506,0.4705091643489802,0.5644840799363006,0.7187055865311032,0.7610531765401967,0.9899797813143864,0.9038031098608592,0.6392159289748066,0.8457104017722284
1.0,0.5589993562034399,0.8701218462996819,0.4509524429134194,0.4710096698631416,0.5694487346185805,0.7108341532742977,0.7900673027142959,0.98295041460211,0.8741178295681926,0.6560619140187768,0.8321155917755598
1.0,0.5716913455348108,0.8673766766258719,0.44718750001838337,0.4719415260127402,0.5735436052284362,0.72887285448781,0.8999926040973298,0.9772513799062932,0.8652102176390277,0.7178663349292791,0.9860246751828792
0.0,0.5940402832704867,0.8663531905036814,0.4464235352581626,0.4699530201330155,0.5621865576667447,0.7307313873401116,0.7834775534353966,0.9690057541740388,0.8405178963172133,0.6389752386954207,0.9992632448482957
1.0,0.5538489837211442,0.8654062485205214,0.44480040745676697,0.470516392197261,0.5491825233675762,0.7130206625122991,0.7515864211226979,0.9648775389071332,0.8352981774489907,0.6682315969669332,0.9735161352285808
1.0,0.5063000091970937,0.8660910875255472,0.4516550831910881,0.4708072966542435,0.5660222218204938,0.6624029736525636,0.6826640041417056,0.9595069499448194,0.8104114048638955,0.6610562481027852,0.8525478030919451
1.0,0.5249701094454152,0.8655059352766139,0.4521325926955518,0.4721526261872901,0.5561427743954909,0.6959658904558872,0.7504696398195396,0.9558758349414151,0.8034206338065615,0.6732771537196911,0.948975378103545
1.0,0.5111744688678377,0.8658314187746607,0.4566532345229413,0.4712205668521288,0.5637544355006201,0.6707117087569694,0.7357961689224166,0.948230423414357,0.7579873497641254,0.6660294058782708,0.8235946936457946
1.0,0.4936999908029062,0.8658869598342154,0.4605123216063104,0.4697056043714817,0.5666110878379703,0.6832841368754782,0.8249833592189929,0.9428734556706851,0.7246886815366796,0.6708379634753469,0.8505908452936114
1.0,0.4993102179711212,0.8671338229328422,0.4707652654431242,0.4701259611055334,0.5538306823593225,0.6910462446703838,0.8578433547814517,0.9380143071680124,0.6852793304497611,0.7172561088782302,0.9754141627415956
0.0,0.4637174652809712,0.866895024686352,0.4797668637601723,0.4711214890861253,0.5502007501977247,0.6701650814474692,0.8110568744915314,0.9323978495691684,0.6747844083878811,0.6460043760950248,0.997576621525302
1.0,0.450381679389313,0.8674800171494912,0.4810608559501851,0.4701597779639789,0.5537352491020889,0.6532196348529573,0.7811404481917017,0.9270609228900372,0.6934228214586755,0.6320519520935812,0.9417225150194116
1.0,0.4494619700174744,0.8668099901091608,0.4761220738767323,0.4700263878741534,0.5559762808990617,0.6693998032141686,0.7301235115745879,0.9218874842447646,0.6776321097256499,0.6232145252307764,0.9164768907107396
1.0,0.4408167019221928,0.8662970772383449,0.4672678860770886,0.4694338216573918,0.5585634089181284,0.6476440362960535,0.6981732120405298,0.915791474032268,0.6475725670804928,0.6058514823166734,0.8623578832016805
1.0,0.42527361353812215,0.8659963103829564,0.4716436984429757,0.4719778890786894,0.5619646637767051,0.6343063299442442,0.7329117668811477,0.90888145549624,0.5835942015669809,0.6268816111946875,0.7867677275010263
0.0,0.44780649314816495,0.8664957188331797,0.480480358061428,0.4736249391536378,0.5601685305346354,0.6803323494041762,0.7947563050070265,0.9016002129805992,0.5376769947051877,0.6213766628437476,0.8398931555636728
0.0,0.4446794812839143,0.8661772958469192,0.4862835987912102,0.4733667372831606,0.5557331256481463,0.6823002077183776,0.8369425338362545,0.8938390085606294,0.4745837397075599,0.597019997389189,0.8827748360072696
1.0,0.4353904166283453,0.8643763933483746,0.4844797848282159,0.4727128915179331,0.5565433939101085,0.6639335301191648,0.8278529694549224,0.8833824330015678,0.3850362290046143,0.5932183241050552,0.8544582968795561
0.0,0.4381495447438609,0.8617311030737742,0.4850113685128062,0.4729654210372761,0.5570293157700359,0.6510331256149559,0.9530729975593524,0.8746893230241715,0.31506224766218105,0.6067634599709493,0.90215108508878
1.0,0.4193874735583554,0.8579297198591247,0.486450128015733,0.4716076113652528,0.5642084229586775,0.6113479829452279,0.8252348199097705,0.865041096755385,0.2586108732947794,0.5667346229152864,0.9713827881987004
1.0,0.4671203899567738,0.8553315342437615,0.4894416835004674,0.4716451651164661,0.5636325850361811,0.631245217011042,0.7544190518452782,0.8606649628885201,0.2377725153455347,0.5582141075024853,0.9754761335564596
1.0,0.4618780465372943,0.8534595401044087,0.4877588839420121,0.471204798486116,0.5583690348773104,0.6319011697824425,0.7356112713556692,0.8562574872527657,0.21275711436046288,0.5500945643765001,0.890476383211236
1.0,0.4192955026211716,0.8534165318628442,0.4904626479197087,0.4716797426369617,0.5642304080347637,0.5856564993987099,0.6560757340433402,0.8521796049752639,0.1808000604998881,0.5533218393064963,0.7218197272028172
1.0,0.4407247309850088,0.8532072557533799,0.4978974089649829,0.4733447689550319,0.5656768905717883,0.6185634634306332,0.7007100066563129,0.8514036892617283,0.1723124491739088,0.5912307212411785,0.8827255433682767
0.0,0.4465189000275913,0.8526905586743343,0.5051492481453477,0.4700835247955937,0.565814775076314,0.6207499726686345,0.693669107314548,0.8484702999452769,0.1487389808408771,0.5843936395829128,0.8847290241631928
1.0,0.4508415340752322,0.8512982695869571,0.5077506411682737,0.470415569955205,0.5624725991537096,0.6281841040778399,0.6523851786110492,0.8454462041995818,0.12641718800135465,0.5475174605900363,0.931335249119682
1.0,0.44725466752506216,0.850259165847068,0.5052885480650549,0.4701939308182312,0.5621675417436548,0.6108013556357276,0.5765032172176615,0.8399989993318668,0.09430049317434892,0.5475044127153441,0.9215298687567512
0.0,0.4482663478340844,0.8486280625819393,0.5021356348099637,0.4702544327110798,0.5570705352932487,0.6171422324259319,0.6138451297980918,0.8371562607982048,0.08198909451940589,0.5699026929339495,0.8554715333164777
1.0,0.4184677641865169,0.8478041498443012,0.5043020805106475,0.46800104834085904,0.552543135152082,0.5672898217994969,0.4292212114488571,0.8350217057710052,0.0704896720786401,0.5021915594353031,0.5836991748454259
1.0,0.4016370826818725,0.8476274214071341,0.5094849124784192,0.4703683495632063,0.5633660784754666,0.5547173936809884,0.3809703424302936,0.8385700291026337,0.08486280859679074,0.476582722861989,0.5874704491725764
1.0,0.4036604432999173,0.8473500783163175,0.5156553094240893,0.4705040816018994,0.558518577334286,0.5701322838088991,0.4386435914503368,0.8392658506746571,0.08202002779702383,0.4592191909199774,0.6950723660648456
1.0,0.4200312701186425,0.8474432721891183,0.5201843682376932,0.4681036527298254,0.5632763233369106,0.5705695856564994,0.4665113527105982,0.8349270532899362,0.042016122367831865,0.4771991427285857,0.6630290517622774
1.0,0.4100064379656028,0.8471732333016351,0.5225864588195375,0.4672513891544065,0.5587435103192471,0.5773477642943041,0.5732564159455661,0.8339710482938059,0.03675345886348708,0.4908034966691314,0.7838287652474358
1.0,0.38545019773751504,0.8483147038284571,0.5287594193231351,0.4690343476322039,0.5319086871203713,0.5529681862905872,0.4273056726573482,0.8311139455407304,0.013448029185500364,0.4636253599953506,0.7803948005983109
1.0,0.3497654741101813,0.8476363057599754,0.5272903727760305,0.4698761678830053,0.5087216708595559,0.5264020990488686,0.3673249020042897,0.8306379964024624,0.01970395269747266,0.47839828701739295,0.5742227671861407
1.0,0.32907201324381485,0.8463593375002789,0.5245998650909649,0.4681543202217189,0.5074645876696688,0.4725046463321307,0.30201908142888834,0.8299561332870204,0.0,0.489900365185132,0.4548690768135429
1.0,0.3164719948496273,0.8443629893232407,0.514468082832429,0.4670802239936356,0.5090950866618715,0.4432054225429102,0.2515124620959988,0.8333949697766576,0.010952593130705124,0.5098384693197302,0.3312960859610222
1.0,0.2979858364756736,0.8431659693584779,0.5080055905986282,0.4654785141112853,0.4998352311015944,0.4115010385918879,0.1561570889727088,0.8392476771894204,0.0351752625898471,0.5275275249401644,0.29006031562422474
1.0,0.2519083969465649,0.8396309834069766,0.4913623929181124,0.4612868667702656,0.513223484033204,0.3421886957472397,0.0,0.8454555801739461,0.06043861289644802,0.4532209385115417,0.03703982874544067
1.0,0.3320150832336982,0.8368180700391719,0.4785999486563275,0.4646184104866836,0.5109472067639641,0.36153930250355293,0.07221359366910696,0.8559028663829801,0.10755230595308383,0.4363354551575525,0.0009082217973226717
1.0,0.364664765933965,0.8310319069154661,0.4537639185317095,0.4637831366128048,0.5140170256031826,0.3968514266972779,0.1309814362842982,0.8645243302884129,0.14250466704533832,0.4094945963180941,0.0862495860209112
1.0,0.42490572978938657,0.8264112565447672,0.4362083136228503,0.4692134032098316,0.5056642929675492,0.3867934842024707,0.07996449966718439,0.8714924588387303,0.1910563831390304,0.4308184462664726,0.045740260129914605
1.0,0.4680400993286121,0.8206027191528507,0.4146760945418454,0.4693705376091112,0.5024587813225326,0.3960861484639772,0.11587900303231975,0.8804721087532108,0.2503516402644739,0.4023566134467396,0.01328732221756342
0.0,0.501885404212269,0.8189379014574711,0.4098835440302535,0.4687015775046749,0.5012421089310518,0.4041762326445829,0.12881443680201116,0.8886889897829133,0.3047879842281779,0.4078952861010608,0.04418357145160709
0.0,0.4907569208130231,0.8186723382399081,0.4083521069776658,0.4675727436307287,0.4985444716336385,0.41171968951568816,0.13382885881221795,0.8979944140117571,0.34813892122925083,0.410182159107548,0.06113135743541754
0.0,0.5246941966338636,0.8193872885710745,0.4111284611903389,0.4668099291730075,0.5094886595773808,0.4458292336285121,0.1684860587234676,0.907676921446104,0.3893197828435302,0.4265211788022129,0.10060926584359263
0.0,0.5663570311781476,0.8200480155535983,0.41963379054012173,0.4666889017657044,0.4997557879388713,0.4875915600743412,0.2071592337844831,0.91460482992724,0.4100124390849291,0.3964688224632563,0.1780092551233719
0.0,0.5129219166743308,0.8208933455862037,0.4301327580810814,0.4657764121161314,0.5339820275698794,0.4492183229474145,0.19076991346793928,0.920137918157129,0.4138841267096592,0.3733479584156051,0.036448748414301714
0.0,0.5628621355651614,0.8255490328185235,0.4536644746386682,0.4700042418021701,0.5307660066874021,0.5138296709303597,0.2889505214111381,0.929280400833388,0.4502574690089365,0.3759303420394178,0.17973777348777348
0.0,0.5076795732548515,0.8310103202593124,0.4752156980428566,0.4647572357573686,0.5277229597185318,0.5256368208155681,0.33863619554766605,0.9353244032554956,0.4756162816417734,0.4060632860863012,0.3299549549549543
0.0,0.4690517796376344,0.8364245106558466,0.4990501937736889,0.4612639601164074,0.5248916135661629,0.5348201596151743,0.3381480659714513,0.9383504048901591,0.5108852909125837,0.4050355454066487,0.3069095881595875
0.0,0.4445875103467303,0.8375250720827663,0.5042738008428742,0.4630378504910693,0.5092927668235737,0.5101126052257571,0.3433325937430667,0.9423097861275632,0.5318405175834011,0.4086371047375167,0.2005509974259981
0.0,0.4398050216131703,0.8360216733727686,0.5026974428063236,0.4627561286108671,0.5587048439049986,0.4779709194271346,0.2669846904814732,0.9478640005749116,0.5713986829908555,0.35935914387148205,0.025619369369370724
0.0,0.5552285477789021,0.8342643504278797,0.4957851306816903,0.4684392952847159,0.566972801963874,0.6032578987646223,0.446490644183122,0.9584673569295374,0.6354690214293552,0.4751096556358057,0.2700783421784172
0.0,0.5932125448358321,0.8319677416096085,0.4916641428162092,0.4678216031393835,0.5602272362513817,0.6419591122772493,0.4447008357370017,0.9619795705381846,0.6693595860920043,0.4733131311011958,0.2508264570372482
0.0,0.6288972684631657,0.8302553887600757,0.4902659314624848,0.4670474892381955,0.5618720303968958,0.6657920629714661,0.4887064566230309,0.9671294106476818,0.7111562743743107,0.4756605572517622,0.07945729568882845
0.0,0.6210797388025385,0.8271741362505247,0.4848275014136434,0.47005334983561003,0.5672698722168046,0.6653547611238659,0.4855705938909846,0.9713214118514396,0.7628789460077359,0.4723610716342165,0.15756845796875402
0.0,0.7021981053986939,0.8241084791557642,0.4791918882511554,0.4729781602406231,0.5736362055465126,0.7267956707117087,0.5866577915834625,0.9752402612925511,0.8135532733047379,0.5566430795231213,0.5391184573002739
0.0,0.7476317483675159,0.8222161269076353,0.4770884013514416,0.4729508009817812,0.5721548070549075,0.7625450967530338,0.6574735596479548,0.9750037360267972,0.8394348380337244,0.6231579688263259,0.7759543486816206
0.0,0.6830681504644531,0.8209602034407202,0.4776992644344708,0.4710766360828032,0.5684428497318518,0.7341204766590139,0.618038606611937,0.9713988690818188,0.8250225646647342,0.6113639347127645,0.6941106400868854
0.0,0.7066127103835188,0.8192266995892852,0.4751522284707238,0.4692540115284764,0.5669119726447783,0.7490980649393245,0.6686709562902153,0.969118865965172,0.8176933839555965,0.6602203586592442,0.6614231160004196
1.0,0.6456359790306263,0.8145914468196098,0.4612835720116013,0.4652221632558606,0.5648587155547574,0.6414124849677488,0.713578877301975,0.9646939848200328,0.7929329454279495,0.6961903104313172,0.8513124721933852
1.0,0.6975995585395016,0.8116811384515024,0.4523861332415726,0.465840873397858,0.5622366619349121,0.6844867169563793,0.7708453516751724,0.95858638457363,0.7724165449227303,0.7357706982580559,0.8047802500196558
1.0,0.6846316563965789,0.8093199432247353,0.4484621640516516,0.4683725002309235,0.5646971937548937,0.6810976276374769,0.8204200872716518,0.9527090715633622,0.7515679650025702,0.7237981299003231,0.8399103040429139
1.0,0.7056010300744966,0.8085977347253182,0.44899933609040177,0.4664097688255051,0.5692220728135446,0.6918115229036843,0.8268619184971522,0.948652425308146,0.7474753709964279,0.6852986038760843,0.867078379314325
1.0,0.705784971948864,0.8092855911330932,0.4606551145808744,0.4661020762538815,0.5646325468140992,0.7123647097408985,0.8073663190592409,0.9445955063348932,0.7393558643255029,0.628954903970663,0.9296988990582298
0.0,0.6679849167663017,0.8068846375619549,0.459511054062497,0.4623781344568634,0.5693908873429621,0.7158631245217009,0.8225057318245693,0.9396890701685016,0.7347119258130155,0.6383583639466672,0.9797005939305192
1.0,0.7128667341120206,0.8054197564023085,0.4639407190970181,0.4667788612538597,0.5684968160491455,0.6836121132611785,0.7601360846091261,0.935454382072444,0.7502002745064351,0.6232223505963187,0.8838075810245403
1.0,0.6707440448818176,0.8031735018820425,0.460396620901715,0.46657328393725,0.568397231746174,0.6762873073138735,0.6648546705125362,0.9312307901631836,0.7570928333860463,0.5337027713136232,0.8809766657646587
1.0,0.6417731996689044,0.8063460653546666,0.4763010022060502,0.4677188213305593,0.5749742496346251,0.6683065485951678,0.7661637452851127,0.9271285400807516,0.7668124868874411,0.5457876060810919,0.8966299619075376
1.0,0.5695760139795824,0.8078438243417481,0.4859863084399344,0.4654914975186151,0.5733538242955131,0.6258882693779382,0.7417942459877228,0.9190532726794192,0.7337204207802088,0.5753120792485822,0.9984071133089248
1.0,0.5688402464821114,0.8097963265276199,0.498320954545476,0.469164541447469,0.5720663550746135,0.6256696184541378,0.7234524073663189,0.9130318330052992,0.7265570214615833,0.566523466788941,0.951028817454238
1.0,0.5405131978294858,0.810230948849332,0.5065415479589845,0.4704024150649678,0.5747974730684754,0.6217339018257353,0.7308039346202206,0.9070424114215332,0.7104099089981188,0.5740219342627292,1.0
1.0,0.535454796284374,0.8105894336004424,0.5134625880860412,0.4699442500266361,0.5777283265099894,0.6226085055209357,0.7444937504622443,0.9006595985613328,0.6949860362815032,0.5830675169226079,0.9333352229245216
1.0,0.552745332474938,0.8104017813808446,0.5174922704808287,0.4675918971688515,0.5732743873981563,0.6408658576582487,0.7426891502107833,0.8947728562089696,0.6888081236410104,0.5807904778551318,0.9813017960893028
0.0,0.5283730341212177,0.8105864148493471,0.5255199825396412,0.4693222056133885,0.5777445443910019,0.6286214059254399,0.7303601804600252,0.8890208702303108,0.6853363033573627,0.5746729632740272,0.9100743337160808
0.0,0.5177963763450749,0.8101685658526703,0.5334192001740942,0.4683529090817145,0.5768211099185845,0.6351809336394446,0.7643221655203019,0.8822572588595003,0.6735033990550527,0.5524728126281357,0.9902909904868488
1.0,0.5052883288880714,0.8076468241455734,0.532081258325309,0.4675357298690193,0.5757215929132038,0.6012900404504209,0.8203757118556321,0.8741773368154366,0.6324712416038769,0.5829905688356279,0.9531652580124736
1.0,0.5211993010208774,0.8036736008875338,0.5224900345733132,0.4689463311232076,0.5771645575940176,0.5869684049415108,0.7930404555876052,0.8665053140425802,0.6031238902059971,0.6206796875431759,0.8918802075145426
1.0,0.5356387381587417,0.8012902681050114,0.5176343715534636,0.4701739674179105,0.5718612450744052,0.5832513392369082,0.7806301309074775,0.8616540041520422,0.595967828955443,0.604200032592397,0.9369595975475556
1.0,0.5083233698151386,0.8003503196620907,0.5208966607605623,0.4716340312900086,0.5432353315144285,0.5687110528041982,0.6876266548332226,0.8555755407754102,0.6021609191287939,0.5859200167891484,0.9704022569191108
1.0,0.4813758852202705,0.8001079774187612,0.5280772034267758,0.4732782455464663,0.542433200915311,0.5383185743959771,0.6708897270911915,0.8514465848677804,0.6144179052108758,0.622570703738807,0.9316357799503854
1.0,0.4751218614917685,0.7987787713921342,0.5308307957460584,0.4728277756672054,0.5440683724358363,0.5242155898108668,0.5838769321795722,0.8461853456884032,0.6188271144012567,0.6123009738423506,0.6840799649788403
1.0,0.4749379196174009,0.7988796834991816,0.5363626379710326,0.4728814876469225,0.5398082930454335,0.5107685579971575,0.5562088602913983,0.8442159964577078,0.6497263651555003,0.5921101929412425,0.5251228172576485
1.0,0.4439437137864434,0.7994548250050835,0.5542092313568722,0.4738920939232864,0.540586663447257,0.5080354214496556,0.5484283706826418,0.8446077320928074,0.679297805871445,0.6341072507452844,0.5130113332360532
1.0,0.4260093810355928,0.8008872598505683,0.5738579726630489,0.4761695011395501,0.540125017308834,0.4896687438504427,0.5671178167295315,0.8459205816643038,0.7065752197495309,0.6502409881771394,0.65491998638066
1.0,0.4386093994297803,0.7994622160194707,0.5823706570632422,0.477190359517196,0.5720055868307213,0.5109872089209578,0.5340803195029956,0.8447595283257596,0.7173942151001944,0.6717813023515972,0.5833211732088142
0.0,0.4917686011220456,0.7964156865498644,0.5722592094019262,0.4779022951089449,0.5750828083133654,0.5362413906198755,0.5745506989128029,0.8431337143024984,0.7434268879578344,0.6573904725117052,0.6496181720900832
0.0,0.5565161408994758,0.7922491882940925,0.5588011566237551,0.4795403346529217,0.5300966114819441,0.5804088772275063,0.7131499149471191,0.8405364801847419,0.774798004167746,0.7426625532006522,0.959628386594678
1.0,0.5059321254483584,0.7896703007446246,0.5558109703680066,0.475708302292255,0.5241108677549196,0.5046463321307533,0.5955180829820281,0.8328772745362567,0.7568378501405033,0.6925557354826936,0.8860370296103192
1.0,0.4837671295870506,0.7892074670196292,0.5597000039715976,0.4775765607760849,0.5256120894118579,0.4868262818410408,0.6255380519192371,0.8304208940963862,0.7626891938005433,0.6811072320139945,0.9600628300247316
1.0,0.4921364848707809,0.7897716294811421,0.5673471917946037,0.4782465225951803,0.5175601404196722,0.5031157756641523,0.5983433178019376,0.8260905752781096,0.7592585837042689,0.7017671872999766,0.8817749492971524
1.0,0.4695116343235537,0.7873314063957304,0.5608648930768262,0.4800950424568654,0.5086676972923836,0.4823439379031377,0.6128097034243032,0.822833058849679,0.7759377750307401,0.6728157387538778,0.9362141408287464
1.0,0.4992182470339371,0.7834015203019247,0.5482818150184114,0.4829000217368323,0.5090614975194597,0.4562151525090192,0.5701575327268694,0.8190197301552955,0.7847695360901157,0.6312405310887711,0.7672060753051562
1.0,0.5085073116895061,0.7785999380722308,0.5318995929309002,0.4838910087773647,0.5092043479371777,0.43413140920520393,0.5707196213297836,0.8161105788631888,0.7804093036528299,0.6320004920234938,0.7905848674008985
1.0,0.5161408994757656,0.7736095639317826,0.515790421600749,0.4846459261834875,0.5131615088559425,0.4253853722531977,0.6213297833000516,0.8129332774717672,0.7790900962639051,0.6822286083862201,0.7314222098524905
1.0,0.5555964315276374,0.7694633453330411,0.5027867102076349,0.4885289478889067,0.4876911985085306,0.4034109544112824,0.6085644552917681,0.8094334309754299,0.7703770670617154,0.6713719465247588,0.6533736233151753
1.0,0.5120941782396762,0.7681283901617484,0.4993782627986637,0.4849854867873462,0.4947552460497242,0.3379250027331365,0.5488869166481769,0.8089868413648118,0.8059440346547709,0.6071071068235205,0.3633258618849397
1.0,0.4679481283914284,0.771659537409797,0.5130917276234559,0.4843728622391546,0.5010609237324677,0.33344265879523344,0.4929738924635749,0.8108468727976899,0.8513247668957573,0.52829349904442,0.3682712491550128
1.0,0.4544284006254025,0.7728796888303291,0.5185113350236032,0.4829551610926379,0.5039480200087144,0.355526402099049,0.5655129058501587,0.8130328089626107,0.9062476357432052,0.569397939384487,0.5095883587718352
1.0,0.523866458199209,0.7738169478936214,0.5258759767083101,0.4856320803709063,0.5041558351161309,0.3665682737509567,0.6181051697359664,0.8117741825237106,0.9504725168740636,0.5930165694712118,0.6802220087522673
1.0,0.4899291823783684,0.7763320346873206,0.5405309885972971,0.4823125031117137,0.495698683050533,0.370066688531759,0.6554322905110566,0.8088814027625209,0.9609695721602602,0.5826900991314816,0.7125630571487787
0.0,0.4148808976363469,0.781668218107038,0.5668023720506964,0.4792671598908929,0.4849713977926681,0.3604460478845523,0.7017528289327717,0.8051359488162293,0.9653627082654632,0.5819447703814165,0.7861860908224834
0.0,0.40136116987032106,0.7851231555256009,0.5837320738016036,0.4781534188109296,0.4890052229085166,0.3405488138187385,0.7108128097034248,0.7992627639742649,0.9304957851268424,0.5901282507606921,0.7383639509020521
0.0,0.4214108341764003,0.7858672112886682,0.5884286142040683,0.4761725598324948,0.4914561879922286,0.3593527932655516,0.7999186450706313,0.7954739546740901,0.9389621822957824,0.6028244236154822,0.7998795798675384
1.0,0.4073392807872713,0.7882484894489994,0.5970156717260059,0.4786557143369412,0.4933172844797455,0.3534492183229476,0.7876636343465724,0.7921003899311554,0.9563260911480138,0.5733965259571362,0.8835617845913568
1.0,0.373769888715166,0.7907111780594995,0.6060174540699982,0.4794283727175839,0.4808379057428497,0.3523559637039465,0.7625101693661709,0.7877437891863956,0.9969462185040529,0.5272149503642243,0.9148599494461678
1.0,0.3658603881173548,0.7941811165861294,0.6173940122517007,0.478771404980392,0.4790130638587829,0.338580955504537,0.81213667628134,0.7799557882082382,1.0,0.5581244195644273,1.0
1.0,0.3196909776510623,0.7974153251922012,0.6305392613045502,0.478547674528524,0.4812755334627927,0.31769979228162243,0.8544782190666376,0.7714321997123585,0.981718252016592,0.583751933567645,0.8772865527138758
1.0,0.3026763542720501,0.8009917985027372,0.6451566842376442,0.477150414917889,0.4727437013546546,0.32830436208592984,0.8740551734339176,0.7670314138677989,0.9575960168657374,0.613947009105651,0.9504410212370052
1.0,0.292927434930562,0.8037843134582816,0.6564773995284261,0.4763187043238932,0.475185748319202,0.3162785612769215,0.7888617705790995,0.7616542934730803,0.9250367284863056,0.5573360206626112,0.9559843400447432
1.0,0.2748091603053433,0.8057506677450361,0.663418013784107,0.4785163209343529,0.4690046556847988,0.3107029627200173,0.8516012129280381,0.756325821948107,0.9077656822167957,0.5330125410979605,0.95909768829232
1.0,0.270946380943622,0.8077226408865348,0.6704315334783497,0.4782147767062068,0.4737183137654194,0.3148573302722205,0.8640115376081652,0.7486278126108361,0.8637121442328562,0.5393669653842977,0.9592917362975756
1.0,0.26671571783316483,0.807703951433985,0.6724053760968632,0.4778448812315863,0.4696008021543216,0.3080791516344157,0.8499223430219658,0.7412936716016005,0.8288301003609693,0.5829639819407041,0.9445706667668092
1.0,0.3000091970937183,0.8077826611443977,0.6747375608890837,0.4769133809185058,0.4666177126515618,0.3158412594293209,0.8843354781451074,0.7349592284097948,0.7969430607377048,0.5448887782496776,0.9847683274228232
1.0,0.27830405591832985,0.8070400777073434,0.6746088036149054,0.4787811580981767,0.4643036456884001,0.29987974199191,0.7832260927446199,0.7272739503101866,0.7740954592870397,0.5310378322515632,0.8373561792821846
1.0,0.3039639473926239,0.8072918759432179,0.6769073208961177,0.4772315306790781,0.4692119850332685,0.3105936372581174,0.7847348568892836,0.7223695172356823,0.7802109998505571,0.5318526072391608,0.8328340552195239
0.0,0.3179435298445692,0.80707129935197,0.6805565150074052,0.4746994579403574,0.4764325150354861,0.31638788673882146,0.7957547518674658,0.7150142981080749,0.7745053560174604,0.5375803261028925,0.8116926482092777
0.0,0.34792605536650417,0.8076371484832083,0.6850694663301202,0.4772415333232584,0.4749112865415798,0.35246528916584685,0.9046372309740408,0.7071164467757621,0.7370156060807775,0.5643058236249588,0.9585948978228932
0.0,0.3471902878690335,0.8087068716583361,0.6951577308562434,0.4808887251180316,0.4643575286761898,0.35180933639444634,0.8748613268249394,0.6949194804357028,0.6741932421714039,0.5530704776593676,0.9824309721652952
0.0,0.3142646923572151,0.8088770536457222,0.7004256235295271,0.4818027903420311,0.4685688346299006,0.3197769760577239,0.8979809185711116,0.6823138580319159,0.5671689739667771,0.5646605876845664,0.993641640571298
1.0,0.28888071369447266,0.8089068581848466,0.7077622050920882,0.4795081331950516,0.4663885533519146,0.26806603257898776,0.9845203757118558,0.6725138654778648,0.5167147170918793,0.6036185309034658,0.9712132279699844
1.0,0.29550262117170983,0.8089963541856589,0.7129722602199152,0.480071455046224,0.4645455147362496,0.267191428883787,0.8161896309444565,0.6630622474172148,0.4696198548321775,0.5124633293131329,0.962203860305984
1.0,0.2842821668352801,0.8086138416216506,0.7131550567435966,0.4827772635572106,0.4817569393562212,0.25418169891767795,0.8031876340507358,0.6574659664555011,0.4727883923082806,0.5082963553221135,0.9848906208484638
1.0,0.2149360801986574,0.809529814141565,0.7169722222486569,0.4758415723874328,0.4709905854281161,0.13862468568929712,0.7343317801937725,0.6495661192653437,0.4553438322773919,0.4808275601150728,0.8
1.0,0.21282074864342868,0.8109835488403632,0.7180998587889964,0.4757804031841729,0.4808623383902635,0.15633541051710956,0.7708083721618224,0.6448676195969316,0.4396736675124479,0.5089784232221323,0.8900516913031652
1.0,0.23066311045709556,0.8137093901190813,0.7240410850897008,0.4737353857141635,0.4559359648027845,0.17229692795452048,0.8330227054211969,0.6352369636452586,0.4073283242858366,0.4950439065982821,0.9793597533327294
1.0,0.18440172905361898,0.817509535227199,0.7333561432981562,0.4691103098926069,0.465763911263346,0.11697824423308174,0.9046963981954,0.6242545259812617,0.3546704965599685,0.5306200806673516,0.983891658114646
1.0,0.15478708728041934,0.8219191389839757,0.7456455415282077,0.4667375310089109,0.4618432411721878,0.1303159505848911,0.7578729383921305,0.6167622577097298,0.3296019351605704,0.4971696802356238,0.7811755509231684
1.0,0.14908488917502088,0.8260153456236803,0.7594885181659787,0.46793641378535905,0.4621403536722378,0.1235377719470866,0.6994674950077657,0.6170666911629206,0.3425946631016312,0.4532293035576046,0.786982578916021
0.0,0.18752874091786995,0.8282518674610739,0.7653605962215401,0.4678206021502478,0.4488761359039005,0.16202033453591333,0.7362473189852822,0.6178857213472506,0.3424877869187598,0.4754140561893678,0.9670562835020842
1.0,0.17695208314172742,0.8310882886232871,0.774516859574225,0.4705085906475368,0.4487045358655905,0.1515250901935062,0.5894904223060425,0.6132602937095553,0.2987735330689682,0.4468572987343766,0.9601777699551176
0.0,0.15120022073024933,0.833204381946915,0.7826902832142009,0.4719169341066574,0.4467602275282433,0.141467147698699,0.5890318763405075,0.6121686292351649,0.2928050813576341,0.4469243428916176,0.9050779510022272
1.0,0.15653453508691248,0.8345469993429917,0.7889551361557099,0.4721830189567192,0.41386871263746217,0.12102328632338465,0.5354929369129501,0.6111303390701976,0.3036599262867288,0.4185667279781891,0.9300445434298444
1.0,0.14439437137864436,0.8351938621462593,0.7921417772168335,0.4707103719774918,0.4509605728612118,0.08746036952006123,0.4436358257525331,0.6103766447847874,0.3287090374246249,0.4258950706479193,0.8232770883942837
1.0,0.16499586130782656,0.8369217931881172,0.8010864425856978,0.4727284579393058,0.4250796042900602,0.11249590029517867,0.4760150876414465,0.6090479232256021,0.3047205125114624,0.4406289133486939,0.8384339136544614
1.0,0.18412581624206767,0.8397310324618991,0.8166829056728618,0.4708457807685011,0.4358642095353542,0.12900404504209045,0.5112417720582796,0.6039779595566563,0.24493082083815004,0.457308940901581,0.7979168621563288
1.0,0.17069805941322555,0.8409249395577052,0.8217742161138222,0.4733241546052477,0.4134328679309848,0.12364709740898658,0.5054359884623918,0.5975368616077403,0.16353532178382027,0.4545951107433999,0.749160176409871
1.0,0.17750390876483027,0.8424191958109266,0.8240990858747451,0.4736826658525464,0.36411564295389376,0.09565977916256696,0.4855927815989942,0.5944928160487617,0.1391766879082536,0.44483597019264093,0.6173594820305899
1.0,0.15202795916490405,0.8435108643831588,0.8167331150957998,0.4709817026949528,0.3218192994948474,0.06482999890674546,0.3702906589749277,0.5936033513222354,0.1428485156942838,0.4445954196707744,0.5833911982734351
1.0,0.15791409914467028,0.8466116605793279,0.8209932365664441,0.4678446633684963,1.0,0.06843773914944781,0.3334368759707121,0.5971903389877982,0.1855177773398051,0.4247663594191852,0.4812799099183637
1.0,0.09629357123149096,0.8498019069533695,0.8255873835717356,0.4648006125308382,0.3888781337253837,0.002077183776101429,0.09010428222764556,0.5991816563492591,0.18823969347952152,0.3530415974934084,0.14768271219933976
0.0,0.2394923204267449,0.8541795345698862,0.8418544086564897,0.4787610848062994,0.4187752803750667,0.1304097605893184,0.2834109903113675,0.6071203277230974,0.2265357764330248,0.3919198943865884,0.401064709380757
0.0,0.2263404764094546,0.8574879625024969,0.854883352636042,0.4812434579525461,0.3908605938593577,0.1283379373848988,0.3134235633459063,0.6067192613698198,0.2293892681090463,0.4086907176547804,0.3682530933143797
0.0,0.20509518991998524,0.8596944489631266,0.8595644389242847,0.4828427948907197,0.3871856544113996,0.11095764272559837,0.267176983950891,0.6065614444501006,0.24945968211772346,0.4359746232685392,0.3365729122847736
0.0,0.22615653453508705,0.8630982891286121,0.8660311652268442,0.4848483757101654,0.3794158301919678,0.11003683241252306,0.3460468900229274,0.6086492484621975,0.2633254843543303,0.4306056966362977,0.3370515963387923
0.0,0.20252000367883746,0.866602257943283,0.8710005920328139,0.4827923949485726,1.0,0.12177716390423556,0.31884476000295825,0.6086633298410613,0.2319569387681427,0.4650454058630686,0.2864561423867476
1.0,0.09804101903798408,0.8715559354314648,0.8843491042249619,0.4750058835476104,0.5267702815002068,0.002762430939226625,0.23359218992678046,0.6121933629080699,0.23141064220387844,0.4021409561916625,0.002117313785903468
1.0,0.12581624206750658,0.8756801583390275,0.8915475293769709,0.4780047271103319,0.3580528452073868,0.013120229007633521,0.28338140670068784,0.6220990870305123,0.230466103257186,0.4243841225639508,0.02091396975117926
0.0,0.18201048468683897,0.8782611674091194,0.8950283710287822,0.479998401010514,0.38191068166655867,0.07917818094437107,0.3807410694475261,0.6319376923965894,0.25702330183140554,0.4294914113646137,0.08375625572707363
0.0,0.2360893957509427,0.8785807889151493,0.8864686984381368,0.4816729016721243,0.4393023926488556,0.1279586687492488,0.3949633902817839,0.6416987176336735,0.2747716734936171,0.4372514644957389,0.046088991084755136
0.0,0.31279315736227353,0.8786798058074501,0.87995911046484,0.4855369198318579,0.4278195964699921,0.19019584284512775,0.3688558538569631,0.6517141989117088,0.327495680114992,0.4269861141844147,0.12978102189780946
0.0,0.29163984180998803,0.8796312002754647,0.8810928800912591,0.4871183285336178,0.43686525866730586,0.164604109095278,0.3349530360180457,0.6566438094747775,0.3370472867308489,0.4560946712659299,0.0581995133819942
0.0,0.2970661271038352,0.8812731422106823,0.8883521160316038,0.4876946846419054,0.4707278315021262,0.1831070527454041,0.4831373419125807,0.6608862865866267,0.3300213485399396,0.4905655001739478,0.25577517288734153
0.0,0.36595235905453855,0.8837710223168094,0.8979666876573756,0.4907687297540512,0.4547468498451941,0.2488285473987743,0.539997041638932,0.6613114919002092,0.32017349182169696,0.5226190050732307,0.4588013144342538
0.0,0.3281523038719764,0.8866154343466635,0.9072516193486516,0.4907572233565949,0.4382900267100579,0.22660098522167474,0.569255232601139,0.6630380124654864,0.3425288043185037,0.4888779390122708,0.4823924665260678
0.0,0.2996413133449829,0.8908633101739687,0.9222696458961288,0.4917072691661638,0.4352999779848297,0.220953982938844,0.4277864063308928,0.6654700038201964,0.3883621069149139,0.4624812165557535,0.3547746333807445
0.0,0.302124528648947,0.8947103106208498,0.9356529457507282,0.4919712230690569,0.467528652423639,0.23260843445872864,0.3530064344353228,0.67110889989593,0.43159646236747257,0.4772682396788946,0.3103143852077098
0.0,0.28078727122229385,0.8974778744849117,0.946784996756598,0.4936161855564429,0.4946623724937659,0.2192718971524691,0.3130315805044004,0.6746222955638121,0.436514948647556,0.504931092296189,0.20388444749619852
0.0,0.33477421134921354,0.8993892983654874,0.9540162603699937,0.4988354147288193,0.5196713140508392,0.29412471464616113,0.4712817099326974,0.6779826890573066,0.4167120884964091,0.5348319248785527,0.5418117612438078
0.0,0.3660443299917226,0.9000521921958669,0.9593186906914994,0.4981306784872159,0.5166977868328052,0.3177940646401537,0.5070408993417647,0.6764591599476497,0.3672679921608518,0.553765614095265,0.5305802148217177
0.0,0.4459670744044881,0.8996090568534318,0.9599962738707766,0.5019531906264424,0.5220550019126898,0.4154751892346508,0.6209082168478667,0.6767320548084619,0.3474003537593604,0.6163593494635969,0.9431065770758748
0.0,0.4046721236089397,0.8972232884488225,0.958503233443908,0.4981278611010221,0.5200139356917629,0.3405022227562178,0.5309740403816287,0.6699100889604503,0.2785585727787563,0.6161541998903295,0.8336486523539258
0.0,0.4539685459394831,0.8949914253849995,0.9552248717318388,0.49931350095913796,0.5209093043564055,0.3521566742761024,0.5677316766511352,0.6641091528804881,0.21580529297304074,0.636159786685982,0.6603602862548338
0.0,0.477972960544468,0.8944163058818633,0.9594484714759304,0.4979627651359388,0.4919954971339209,0.36885738315511213,0.6595222246875232,0.6578827351003679,0.14419606073331115,0.6363497960098807,0.7719283814537592
1.0,0.3965786811367609,0.8946694853176909,0.9636873476130459,0.4936839103915402,0.4926802454144587,0.2883575633785895,0.6368685748095555,0.6521540232102141,0.0967627269950655,0.6272346175281759,0.4805077311108677
1.0,0.4214108341764003,0.894341805372822,0.9653214675631324,0.4924761435710854,0.4925919330058421,0.29292322479875044,0.5993861400783964,0.6524884324603881,0.0877539611519384,0.6034555589794611,0.5586429193233423
1.0,0.433734939759036,0.8904468667699841,0.9510743006766014,0.4938610428586464,0.524333678690686,0.2649285113540789,0.4684342874047779,0.6522092833787636,0.07750306870218943,0.5826656712083741,0.3793614568383416
1.0,0.5269014991262762,0.8872963413851156,0.9407544149112624,0.49975420328457304,0.5232493869416656,0.31887540550282345,0.5679535537312329,0.6577297671660916,0.10495978766129266,0.584011860980483,0.4123473637155032
1.0,0.5379380115883381,0.8857386573074788,0.9332479606913344,0.4971736968282317,0.5334006130400442,0.3212783851976449,0.3734708971229935,0.6607320120240441,0.10412336289834184,0.5464276266869319,0.29576735759828743
0.0,0.6132622091419113,0.8862962793182887,0.9362358536790618,0.5044664556684237,0.5801561748201706,0.4279706836477233,0.3964055913024183,0.6683663353416059,0.1347987441294703,0.5050873379371815,0.3611509775780535
0.0,0.6923572151200221,0.8866955847424183,0.9387119807093428,0.5084789871114582,0.5522195397151386,0.5201249549441307,0.5242807484653502,0.6725011287138489,0.1362694312692771,0.5129859314336837,0.7154083241182984
0.0,0.672123608939575,0.8860823098568846,0.9417876737834144,0.5104599241324961,0.5587049499344081,0.4946533701790219,0.515723689076252,0.6729056280213173,0.1385946334173953,0.5087659398299347,0.7540408912312082
0.0,0.6322082222017844,0.8877590818666337,0.9485233474328572,0.5069876418774893,0.5894855398996487,0.4392646882133847,0.3602026477331555,0.6731176964178556,0.13928591175342284,0.4820840402208539,0.4793308707620642
0.0,0.6473834268371195,0.8900625712174421,0.9584871498395936,0.5077926083825172,0.5918534206137575,0.5045055869277902,0.3624731898528216,0.6755633605875444,0.1490153282671242,0.4831373803774273,0.4774311090867688
0.0,0.6586958521107329,0.891857233295922,0.9669284693899268,0.5087729653880725,0.584417133525886,0.5278144899675595,0.4305672657347829,0.6772902507835981,0.13476436148106047,0.5188992294050627,0.409246185379185
0.0,0.7588522027039456,0.8904955284841725,0.9669362157560843,0.5146539976601361,0.5858994748360837,0.651567944250871,0.5023223134383551,0.6784221070993364,0.11108832905872773,0.5519389104124685,0.7263493509451144
0.0,0.8224041202979858,0.8875892255895441,0.9583847077329504,0.5172549605618691,0.5858272144734052,0.6998678361167849,0.6270468160639004,0.6774364337762253,0.09137381834122517,0.5630699853285388,0.9153268048280568
0.0,0.844936999908029,0.884863288277463,0.9500218808045934,0.5157652520645793,0.5880025268274964,0.7174095878889821,0.6114488573330377,0.6747298351534898,0.07386872241973974,0.5543604067316535,0.9395809610567064
0.0,0.7830405591832981,0.8830232681296509,0.9517964219725192,0.5142645626532254,0.5905670168963835,0.6431575153189957,0.4367206567561568,0.6729348043928223,0.06503604856889439,0.5234290990187134,0.7661125028467315
0.0,0.768969005794169,0.8820607553015682,0.9649334610816744,0.5132493551186996,0.5917052528112486,0.6169650366454403,0.3859034095111308,0.6745607266558578,0.06895431501044152,0.5498057387515051,0.6126564222265446
0.0,0.8236917134185596,0.8807543235576696,0.98198730264025,0.5149087913938776,0.5645879248057465,0.6877327886579357,0.3576288736040233,0.6764620391574674,0.06804198004250689,0.5388785840046598,0.5945325292543635
0.0,0.9642233054354824,0.8793373356043286,0.996978235232376,0.5246232254928157,0.5930076114210783,0.8648323921662862,0.3421492493158791,0.6792108628774765,0.0695620352553436,0.5336975679219442,0.5822934928328343
0.0,0.9324933321070544,0.8759691234919441,0.9960009999200324,0.5258888901080757,0.5890254342428135,0.8244623332932838,0.1942755713334809,0.6795819826548826,0.04404451510131169,0.5153297546706406,0.35770954409412725
0.0,0.8989239400349491,0.8735324202998338,0.98894880778455,0.5237833722452201,0.5856784166906918,0.7576594977772441,0.14586938835884894,0.6836360316441865,0.030404343469022318,0.4796945850023571,0.2106329188781623
0.0,0.8799779269750759,0.8711318504170744,0.9783846894833514,0.5254469307495429,0.5913467737901233,0.7449237053946896,0.07951334960431877,0.6896142810268633,0.02769496526390114,0.4851058356052829,0.09836669170385423
0.0,0.9234801802630369,0.8698127554201318,0.975821990661397,0.5261513237436649,0.5748248992536322,0.7937041931995676,0.1177723541158201,0.6990530845236662,0.04412824712316349,0.5000298656309519,0.10256126482213493
1.0,0.9528189092246852,0.8673392264347735,0.9760921078658668,0.5289706345340146,0.5953819746421026,0.8357563378589452,0.20804674210487376,0.7070320535490724,0.058842388134596864,0.4865803075399328,0.2091458972230224
1.0,0.9172261565345352,0.8653266359836116,0.9785858896177476,0.5264096588539638,0.5738985127941164,0.7791661660458971,0.1326529102877001,0.7123609279533556,0.06260305017628638,0.4070222563412821,0.004913505362498248
0.0,0.9787547135105308,0.8630068702593932,0.9795136484079522,0.5322096929284252,0.5748152348790585,0.8709599903880811,0.2762443606242145,0.7233778029388434,0.10807448034652156,0.4778783118057048,0.2316228601960505
0.0,0.9696495907293295,0.8593207092598631,0.9732249517711044,0.5318477658398033,0.5769552772468791,0.8459690015619369,0.2562162561940682,0.7278127812147093,0.13237383638474026,0.5229170226109794,0.19765116378026487
0.0,0.9811459578773108,0.8559370158461861,0.9665318707127876,0.5335815154362963,0.5919386665590985,0.8298690376066322,0.24794024110642696,0.7328316256930241,0.15962395044063155,0.5120366383760219,0.1501425471256546
1.0,0.9385634139611884,0.8537821617826717,0.9630810778922668,0.5330891305001554,0.575789634452406,0.7930257383465782,0.2575918940906732,0.7378498851603803,0.17951635966517626,0.5179455333924333,0.20969320454448734
0.0,0.9723167479076612,0.8542547562116659,0.9698102939665304,0.535915321832929,0.5760153848758985,0.8543470525441822,0.3676059463057468,0.7427148199074136,0.1972747064545175,0.5455509299659576,0.4086634611293145
1.0,0.9564977467120391,0.8549392238085953,0.9768865479461156,0.533243071215456,0.582394734043811,0.8657336021824221,0.3688188743436137,0.7436480395288441,0.19272739031889652,0.546367061078349,0.41470575720182135
1.0,0.8879793985100709,0.854855103279208,0.9828645337833546,0.5300269075348081,0.5793621533583182,0.8089194638832881,0.3031210709267064,0.7465785661720616,0.2036353209091082,0.4638705909103169,0.15512105867835474
0.0,0.9322174192955028,0.8544714095904167,0.9863652572284044,0.5307729708388007,0.5902355457868516,0.8652591626141622,0.2888469787737593,0.7539551969366722,0.23071288730011086,0.4565867321631771,0.24494702353091385
1.0,0.8506391980134278,0.8517888930423614,0.9837177909201592,0.5271600063040163,0.5757783470430426,0.7744039852923733,0.23263072257969056,0.7604614165653432,0.24653115843257886,0.35858006335178344,0.06269945959746448
1.0,0.8829209969649592,0.8503188502407539,0.9837860715218016,0.5269143947104036,0.5709438302493532,0.7970584746767883,0.2973300791361587,0.7702871192963292,0.2781124714429196,0.3915987541857184,0.0010019060651968491
0.0,0.9669824335509978,0.8486759421976235,0.9846867153278668,0.5348937873362406,0.5800783161863008,0.9217174712371012,0.3935581687744992,0.7800570717879289,0.3065640262064282,0.4661115786159439,0.08976798653297308
0.0,0.9273429596247588,0.8472612033615681,0.9873144795485712,0.5347465189263881,0.5808571652651094,0.8849484046969519,0.3980400857924709,0.7857062505732109,0.3199551031093827,0.4704673719159299,0.14751518700139055
0.0,0.9262393083785524,0.8441494387124548,0.9855537721245256,0.5343961082010653,0.5508821819514533,0.8911161190843315,0.4495969233044893,0.7911544321218527,0.3256333264497091,0.4763968707627438,0.16492364645996996
0.0,0.986664214108342,0.8416283729095699,0.9868502851456492,0.5370990187831619,0.0,0.935001779148381,0.4836032837807851,0.7959143894084619,0.3329209648503891,0.5152819365741238,0.3238399634724033
0.0,1.0,0.8387867516205729,0.9875587719962318,0.5373735993238214,0.5518444536870419,0.9833946151109002,0.504171289105836,0.8000429777897291,0.3529764154282741,0.5415338597789385,0.8206152616859803
0.0,0.9683619976087556,0.8370208011087801,0.9893426183251386,0.5382491096658558,0.5252930555917539,0.9910935180603662,0.4484579542933215,0.8016037042470456,0.3731569676592758,0.5229035089995381,0.639603457041182
0.0,0.9482203623654925,0.8351460697588318,0.9906786383576858,0.5402816494109481,0.6080005002920149,0.9700658303316358,0.4399822498335921,0.8029643286162005,0.39032412377132375,0.5142162597276443,0.6527116587323821
0.0,0.9161225052883288,0.8330835774279379,0.9926863665910324,0.5403147424212347,0.6013585782456801,0.9511861880511742,0.4471858590340949,0.8036361725132659,0.40826230418491705,0.4732167932418301,0.5805652981225484
1.0,0.9093166559367238,0.8307608412868874,0.9976990604921624,0.5397874278289835,0.6055895787160446,0.9413737423922496,0.40378670216699897,0.8035642111333974,0.4150055442827158,0.4733887483111862,0.4633578906552918
1.0,0.8736319323093902,0.8273841559602675,0.9980177086075472,0.5370430954216974,0.6089140019731688,0.8851074400695567,0.40137563789660535,0.8043944744765399,0.4286945768442677,0.4688739686703083,0.3711059619699159
1.0,0.8939575094270211,0.8236884198522139,0.9972668847825054,0.535486669977169,0.5974095321514618,0.9070922866724632,0.4241624140226312,0.8046693482899205,0.4180565040748844,0.4450857736165639,0.441943433005994
1.0,0.8943253931757564,0.8194027144434064,0.9890745437086572,0.5359150115409597,0.6011305997859006,0.8897031424667745,0.4717920272169219,0.8035573844149557,0.3914242158695857,0.4550797347940324,0.5296995108315873
1.0,0.8803458107238111,0.8151188963891938,0.9837795546350196,0.5351984069543547,0.616564047921057,0.8508259843497703,0.5101397825604612,0.8015502136140908,0.35690453632757124,0.5004929661995705,0.4887270587369891
1.0,0.9075692081302308,0.8120058699719095,0.9800171041845204,0.5344230010433371,0.6077485696402432,0.8802633213265435,0.5242437689520008,0.7999671354831479,0.34123017973106234,0.4659582807898837,0.5436757512229227
1.0,0.8857720960176585,0.8093301622105495,0.9834189602498662,0.5359101605506674,0.6103341321750784,0.8596447646255126,0.4966940315065456,0.7981636951817346,0.330255273536477,0.4344580585958861,0.34054213100886405
1.0,0.8864158925779455,0.8058696282927438,0.9912757627370771,0.5360196722550433,0.6128982277001919,0.8580300583778415,0.5265069151689962,0.7982626744678525,0.327896653067966,0.4180285306195371,0.3449556806061269
1.0,0.906741469695576,0.8022078727533626,0.9974744135660716,0.5384592325276953,0.6302293284415632,0.8535585641535214,0.5035500332815626,0.7985693172610533,0.31629749371515625,0.3927648396001675,0.22292103424179086
0.0,0.9588889910788192,0.7987816194953776,1.0,0.5438516858909578,0.6027013903370196,0.9275866352005964,0.5465572073071521,0.8005561291185004,0.31354306434426144,0.446397826739767,0.44918901026150265
0.0,0.9792145681964496,0.7974565472227562,0.9992393586635796,0.5458522711304268,0.6348168090413975,0.9595081356353248,0.5513497522372605,0.8013824621988709,0.311485648706106,0.4521452329209159,0.4136967155835093
0.0,0.9016830681504644,0.796083897988284,0.9989112306250424,0.5413197105804158,0.6243019544609268,0.8931809713079121,0.4711411877819681,0.8023875939312384,0.3167689551781479,0.4000426217168635,0.2086873367906128
0.0,0.9212728777706244,0.7941617550154543,0.9981842131472844,0.543156282294738,0.6039940544726262,0.927710843373494,0.496339028178389,0.8062041575408878,0.34146150897400834,0.3817656217217463,0.2592503700147988
0.0,0.8865998344523132,0.7895464499069891,0.9890178735450214,0.5407414306700304,0.6240724339284589,0.8591479319339216,0.4954958952740184,0.8093195115488994,0.3603922022179286,0.3807719150344308,0.2981319252770103
1.0,0.9357123149084892,0.7840307414656993,0.9783996800753292,0.5425391038525212,0.6302657651324896,0.8960377592845612,0.4377856667406255,0.8130807897864307,0.3942148647326886,0.3623563449228701,0.22924916996679684
1.0,0.9721328060332934,0.7816398580561177,0.979955570296583,0.5429531170660228,0.6122428179455914,0.9183952304061608,0.41831225501072383,0.8177727833121868,0.42672614179965707,0.3449493497982661,0.29329173166926586
0.0,0.9540145314080749,0.7797001946977864,0.9867756410989584,0.5387304736012246,0.549480977824996,0.9652217115886228,0.4642556023962722,0.8212837960370023,0.4561993221669629,0.34380527140619177,0.5302212088483514
0.0,0.976731352892486,0.7779169108378405,0.9920022445670408,0.537475037620658,0.5509634091986625,0.9897525618595352,0.5141705495155686,0.8218279672484661,0.4571392692755509,0.3548517896149413,0.7596703868154726
0.0,0.9816977835004136,0.7722941294326346,0.9836739927862452,0.5382667253400141,0.6603561550004915,0.9844436080792872,0.5518674654241554,0.8201451564266597,0.4623768642326964,0.3520952432004719,0.8616744669786793
0.0,0.9800423066311048,0.7667593149867855,0.9728125471345898,0.5389126236071581,0.6846633694873361,0.9591656131479142,0.5553657273870277,0.8168237758929053,0.4665618538087319,0.35628067207359576,0.8261130445217798
1.0,0.9687298813574908,0.7626535173234179,0.9692893382415848,0.5382662979391687,0.5447871911777127,0.993138705771559,0.6124916796094964,0.8140710806318958,0.4642222065052735,0.3756436044857636,0.9760390415616632
1.0,0.9241239768233238,0.7565536883784254,0.9578754303180138,0.5372988750069267,0.497683578913905,0.9882319977584756,0.5955106870793581,0.809379662911063,0.4504210013129185,0.4131256760448577,0.9684469103384024
1.0,0.9731444863423158,0.7504640646567649,0.9464977622608041,0.5437383844483584,0.5517965619603017,0.9822907740645528,0.6033799275201539,0.8066195166905656,0.4434641390284444,0.4221869298314393,0.9542457805907181
1.0,0.9689138232318588,0.7440497958648258,0.9308504498800898,0.543842179209456,0.5452830409234267,0.9573265507983606,0.5223060424524816,0.8045225682166066,0.4551991194161914,0.3647479549838247,0.8311132031066125
1.0,0.9556700082773844,0.7414219292478015,0.9291986074490656,0.5459126351015103,0.5419668767122974,0.9480647431386348,0.4361733599585832,0.8041030566540182,0.4591830713819946,0.30778252103981546,0.4880333433592581
1.0,0.9418743676998068,0.7407406552405542,0.9360122111900752,0.5477455105340447,0.5850614652928933,0.941871921182266,0.4394645366466978,0.8040980660342558,0.4586174529046753,0.3123352268650258,0.4702874575688567
1.0,0.9151108249793064,0.7394075071610309,0.9432649955569314,0.5473696808762929,0.0,0.942404006677796,0.4662007247984615,0.8037635221801421,0.43160647482990655,0.3480996855989113,0.3930305504232352
1.0,0.9255955118182656,0.7373095730180206,0.949830216581094,0.5448568918694989,0.5854134444271291,0.9482470784641068,0.4189187190296578,0.8039510722011819,0.4146562299506157,0.3353653340461253,0.22498173849525105
0.0,0.951071461418192,0.733015885435226,0.9437337941215994,0.54394096706296,0.5774081570339205,0.9947629157820244,0.4190962206937351,0.8069160170824401,0.4051446529362667,0.33556114245260377,0.2157865337515552
1.0,0.9286305527453322,0.7288938737476329,0.9326054986453444,0.5426674129652819,0.5475700371459795,0.9926013462212141,0.4089712299386137,0.8102691111975981,0.41522808501241787,0.32656491296045315,0.2194675613263032
1.0,0.8996597075324198,0.7256507054000941,0.92250267519543,0.5438749188500186,0.5468364946417867,0.9888141770879156,0.3752089342504252,0.8136144273625279,0.42374598181657774,0.333613270703019,0.14918739924186594
1.0,0.8888991078819093,0.7230158100726645,0.9159804050124446,0.546218530876613,0.4650202563530263,0.9811160686231384,0.4274831743214261,0.817113532788903,0.4345018228395969,0.34460601678721986,0.1728459530026113
1.0,0.8894509335050123,0.7201383318134749,0.9145520604446252,0.5465547834401521,0.5118998437313247,0.967290894237416,0.45362769025959604,0.8186720705724595,0.4309775681242387,0.3817924520252608,0.14905715114592213
1.0,0.8819093166559366,0.7167550876867594,0.9097522046239428,0.5460658600364731,0.0,0.96398847631242,0.4542933214998886,0.8208956648699497,0.44176834746842697,0.3826158143710866,0.21206846533216936
1.0,0.8991078819093168,0.7132986981920162,0.9013237181719388,0.5443341445090555,0.5304380705015158,0.985595390524968,0.4907773093706089,0.8221380357599499,0.4454895353253029,0.4239514924529144,0.5648970118944008
1.0,0.8957969281706979,0.7090349569227243,0.8893480655587966,0.5444537343355239,0.5161685635166315,0.9638263665594856,0.5928629539235264,0.8221063027998896,0.4525274632324541,0.501419316236916,0.8105599071656528
1.0,0.9131794352984456,0.7050014599858954,0.8778489853040025,0.5466153473986455,0.0,0.9626912269747114,0.5521780933362915,0.8196633995315259,0.4408607903388944,0.4974744025887039,0.7937917029300837
0.0,0.9331371286673412,0.7013018384162635,0.8716680335241114,0.5451833011057172,0.5166385053592656,0.9972062703709452,0.5553731232896971,0.8184487143059436,0.4411588836107944,0.500836346638715,0.7350159559036831
0.0,0.9275269014991264,0.6979560184890568,0.8638599621582946,0.5448662584242563,0.5853753925291916,0.9883467992541952,0.5597662894756306,0.8157602221952359,0.4155923287077376,0.5055602558838033,0.5872352770525062
1.0,0.930102087740274,0.6941051352225505,0.8531464439741294,0.5453873143716913,0.723144568187952,0.9847715736040608,0.5875231121958433,0.8127894174190728,0.3857551160769634,0.5323974412425987,0.561895901173308
1.0,0.8892669916306448,0.6910992287016833,0.8465805884222319,0.542274279446338,0.4566868250924333,0.9955827387020048,0.6130167886990607,0.8113247407327995,0.3706127415240131,0.5555725382932883,0.4763446738719057
1.0,0.7736595235905452,0.6886302498607535,0.8436482774080295,0.5340426643971612,0.4382466107667285,0.8941176470588232,0.5809185711116045,0.8111684917471462,0.3739038591770113,0.5177891666441906,0.5568948525509826
1.0,0.7755909132714063,0.687886866978896,0.8478361482313684,0.5344042349849848,0.4508653085302584,0.8870214752567692,0.5913541897788626,0.8119659644722035,0.3959203718070109,0.5267296669046139,0.5385508592661399
1.0,0.7806493148165178,0.6863865387891428,0.8491068619411749,0.5348357397961088,0.4340259505772671,0.9070028011204478,0.6555062495377559,0.8121026546529873,0.4027333584612624,0.5468294496018218,0.7677327317364468
1.0,0.8134829393911525,0.6860420660241704,0.8554553137648505,0.535162790391382,0.4342890428451209,0.9673202614379084,0.7221359366910732,0.8116835291506219,0.41638731045686944,0.5728746847658671,0.9625354717342092
1.0,0.7993194150648393,0.6842569169767716,0.8548476023947031,0.5326207981663279,0.4456641045547509,0.999429332318813,0.6527253901338657,0.8089322623812851,0.4019055866093637,0.5299784536422018,0.936342740390756
0.0,0.8018946013059873,0.6835355588454646,0.8547659208551159,0.5335049492635008,0.4410721524422513,0.9768875192604008,0.6289919384660894,0.8088763718255416,0.4154565951717813,0.5132372201411136,0.7635359468777942
0.0,0.7698887151660077,0.6821512630360616,0.8507223985875938,0.5328744532609937,0.4415340825412977,0.9501155624036984,0.5679905332445825,0.8095884817363264,0.4234362127203923,0.448882628717924,0.8468003207698469
0.0,0.7640945461234251,0.6815362648404266,0.8505760444244499,0.5357543623972721,0.4595924964208904,0.9468412942989216,0.5422453960505883,0.8107845673349738,0.44730108117252615,0.4774384735701002,0.8391659983961526
1.0,0.7741193782764646,0.6800902635759234,0.8510267956429481,0.5333026981305263,0.4381736648667365,0.955315870570108,0.5250942977590414,0.8101363831165305,0.4541613958460722,0.463470463451444,0.8938893344025663
1.0,0.7583003770808425,0.6779964877662501,0.8529011565561471,0.5353260305074976,0.4435183936325272,0.9268104776579356,0.5570667850011096,0.8089480071570665,0.4625132203178896,0.4377837745400008,0.9885805934242198
1.0,0.7758668260829578,0.6769004526162492,0.8610353331591839,0.5338144920069706,0.4357685078447244,0.9470338983050848,0.5171067228755267,0.8059459770400849,0.44988185644472706,0.4573438754933868,0.9879829787234052
1.0,0.7586682608295778,0.6737560393883817,0.86229851207669,0.5350857429108997,0.4594534038542571,0.9366332819722653,0.4777531247688784,0.8038036435715796,0.4390440849504645,0.4764733441695743,0.8688286040952096
1.0,0.7999632116251265,0.6719576432553951,0.8674515963818411,0.5367000813587925,0.44412245453853694,0.9447226502311252,0.4771392648472751,0.8018158843896468,0.4265008182352218,0.4760745349662101,0.8746393827574644
1.0,0.7786259541984734,0.6698676685484621,0.8684457065589914,0.5371603242574029,0.4803434238918677,0.939038461538462,0.5079358035648252,0.7992134084993321,0.41186847672958377,0.4503510058847551,0.8496207746808571
1.0,0.7416536374505656,0.6702983553518118,0.8787911160801649,0.5367642524408084,0.453150110433336,0.8784615384615386,0.4316248798165821,0.7952650974352424,0.3949723100835635,0.4333092114604871,0.5509535253909306
1.0,0.7512186149176859,0.6695175923679857,0.8816642765762717,0.537443361633465,0.4510844451044187,0.9259615384615388,0.486184453812588,0.7949393120990325,0.3808819569854848,0.4301600357592675,0.7136302631168266
1.0,0.7640945461234252,0.6697749692208557,0.8952878763981168,0.5353592826129379,0.4650871735108024,0.9303846153846158,0.4802159603579621,0.7925409415950115,0.3707135384536818,0.4245197978619861,0.6685289803052538
1.0,0.7073484778809898,0.6720654724337498,0.9151629004652156,0.5317001823055381,0.4670456459012701,0.8801923076923078,0.4528880999926039,0.7916518424649809,0.3755388206725044,0.4470186759256587,0.5704922126158729
1.0,0.6284374137772464,0.6752769559025407,0.9351926115439976,0.5251039646498967,0.4689932448327294,0.830769230769231,0.3742030914873162,0.79151985344924,0.3955684713017456,0.42055669003689616,0.4108430350510315
1.0,0.6113308194610502,0.6767034525160821,0.9407313222138064,0.5269275972383555,0.4612870385267873,0.8023076923076923,0.3357296057983876,0.7930255692102439,0.4188558947793716,0.36491144540097337,0.17915665282936571
1.0,0.6497746712038998,0.6752807268199059,0.9359681339905466,0.5277730585786771,0.471260101141444,0.8650000000000003,0.3907107462465794,0.7959520234538578,0.44645191603269707,0.3714298535283893,0.3384000749087049
1.0,0.6355191759404029,0.6741145055158113,0.9365029575779978,0.5264195573898524,0.4729221490793039,0.8251923076923081,0.3865542489460833,0.7963787981600698,0.458311061512099,0.36428589619359053,0.2251006585723644
1.0,0.6251264600386279,0.672477466243123,0.9356561887873508,0.5248609528565032,0.4707520194377947,0.8326923076923081,0.4330670808372159,0.7989088496502197,0.4761928504515405,0.423119805261216,0.1699803364649333
1.0,0.6336797571967258,0.6708640443623444,0.9322527010823014,0.5261696586869314,0.4759731999982623,0.8069230769230771,0.393358479402411,0.8022122591186684,0.4935205871539475,0.4269099103573339,0.003162992982109439
0.0,0.6400257518624116,0.6690435061802877,0.9260539470271008,0.5232299480266246,0.4764469764216003,0.8121153846153849,0.4745285112047925,0.8091351436179293,0.5301363455361616,0.4597358682252621,0.2255489021956108
1.0,0.6108709647751311,0.6681913492949979,0.9271285429302168,0.5235918922509579,0.4724840879792395,0.7686538461538461,0.4394571407440284,0.8130933388583157,0.5550162059235522,0.4692981567631591,0.1469917308240684
1.0,0.6367147981237926,0.6678169780869403,0.931165424880676,0.5229663054089483,0.4632957852416794,0.8215384615384616,0.5238074106944753,0.8188306172027155,0.5973733045683387,0.5181520429269354,0.31074449201211
1.0,0.6392899843649407,0.6665785498171077,0.9321778518854952,0.5232160155574003,0.4646507142169895,0.8319230769230773,0.5468826270246283,0.8203688314865631,0.620486476736959,0.5524997883970199,0.4800563850892756
0.0,0.6537294215028051,0.6655297325826275,0.9262012420489032,0.5212453148864996,0.4734994967732043,0.8519230769230771,0.5931218105169739,0.8209299664414895,0.6383130855070827,0.575322665343606,0.7239486416077403
0.0,0.642049112480456,0.6643578602074391,0.9088243852814994,0.5235873076640921,0.491390024798275,0.8363461538461541,0.5874491531691446,0.8197008169955609,0.6292743605525243,0.5687548346271672,0.6601693338295489
0.0,0.6683528005150372,0.6630608891953941,0.8914393628231547,0.5266631929514447,0.4682948161748845,0.8950000000000002,0.6267287922490941,0.8199857129247663,0.6259101496661064,0.5907244695526984,0.8279214737625615
0.0,0.6778258070449739,0.6610860326340005,0.8759179946714286,0.5241166913474734,0.4599178726312326,0.8969230769230773,0.6026033577398122,0.8193218187551652,0.6107163673461647,0.536513395510418,0.8919333829549662
0.0,0.7006345994665688,0.6579613659722987,0.8667912771558662,0.5231319824701322,0.4589636058445807,0.9346153846153852,0.5925375342060495,0.8178280612426712,0.5917454876418893,0.5166899862023207,0.942128768142908
0.0,0.7207762347098317,0.6574582541366754,0.8671888236785227,0.5256675484023371,0.4721578571413966,0.9326923076923076,0.601124177205828,0.8156396155150261,0.5862956126600134,0.5272292024424724,0.8085944830174507
0.0,0.6872988135749103,0.6572671032136186,0.8701884237098646,0.5204153337656391,0.4675910251149305,0.9630769230769232,0.5821980622735005,0.8133796296083801,0.5943602498082637,0.4940239356554943,0.8437324075811578
0.0,0.6755265336153775,0.6582163006657185,0.8772693957897298,0.5228871221976263,0.4715842938567151,0.9428846153846154,0.5818948302640338,0.8124083682159307,0.6170488056585304,0.4940705225738165,0.7421655094764492
0.0,0.6761703301756645,0.6558976484846659,0.8697055554564561,0.5228644588716681,0.0,0.951923076923077,0.5340285481843058,0.8104052160328845,0.624700221691714,0.4784094460026543,0.7122349408894718
0.0,0.7121309666145501,0.6531194310851078,0.8562148952563837,0.5234087198066053,0.4562114612009177,0.9857692307692312,0.5839878707196213,0.808280662070666,0.6255466135586611,0.4800969570294613,0.7382248076562196
0.0,0.7232594500137957,0.6503251359939031,0.8439747230176629,0.5210084362770913,0.4538161520487797,0.9980724749421738,0.6629761112343757,0.8042226220984721,0.631668914171541,0.5187502614467978,0.9973728654531788
0.0,0.7103835188080566,0.6480009837488063,0.8404173277361441,0.5231608670260769,0.4863268172987232,0.98782373405489,0.6633311145625329,0.7981493896884313,0.6248086735282217,0.5196848339861626,0.9555119118777252
0.0,0.7057849719488644,0.6441992348983678,0.8374882091093759,0.5229375513184091,0.50895709097089,0.9689574385005862,0.6690333555210413,0.7919559153499709,0.6026144401310909,0.5251271550093154,0.9917447676394899
1.0,0.7284098224960913,0.6390538980327425,0.829806036854205,0.5261267821563475,0.4483501219463048,0.9973012248287316,0.7015753272686938,0.7861459925142076,0.563729987534229,0.5519214222644839,0.9991421021927868
1.0,0.7197645544008093,0.6346566042228396,0.8222457900074553,0.5258826713417427,0.4471612594431369,0.9273406684658504,0.653583314843577,0.7816091226263129,0.5348518773381196,0.5151744054972408,0.774492700394823
1.0,0.7206842637726478,0.6325103340546723,0.8161890817118459,0.5258324758994847,0.4612657312226786,0.940419348141997,0.6463649138377341,0.7800806272921743,0.544198428775764,0.5021805180301468,0.8267376733082369
1.0,0.7202244090867287,0.6309902820245619,0.8139887381909277,0.5256428981432311,0.5118574507625436,0.9487232717459001,0.6615560979217519,0.7786392457068751,0.5443013369943439,0.515940578837562,0.751813423928016
1.0,0.7350317299733284,0.6278673694980712,0.8032548568191101,0.5237333808099802,0.4603809603875454,0.9628399418725351,0.6597441017676203,0.7775345138432956,0.5471994516200823,0.5115788146581466,0.8294922413001558
1.0,0.7580244642692909,0.6245322825592032,0.7979685714102283,0.5267524535371509,0.4523068492983788,0.9539132239983392,0.6431994674950074,0.7748588271086105,0.5222946632405123,0.5429831856300429,0.8088329813607562
0.0,0.7586682608295781,0.6215585704241866,0.7937345650308976,0.5267815712831851,0.4732809131566338,0.9582727838903884,0.7079505953701651,0.7720073667636127,0.4939785747478895,0.5403941381494961,0.8125975576163816
1.0,0.7486434286765381,0.6202691910522382,0.7972588582993614,0.525844526925851,0.4912897540042286,0.9333610130786796,0.6846165224465643,0.7688756121960338,0.4744457801041313,0.5719054330938398,0.7846661680893311
1.0,0.7451485330635519,0.618589464952852,0.8004599617815423,0.5251492614729851,0.4541714673743066,0.9431181233132654,0.650166407810073,0.7682270619337785,0.4599500212210966,0.5795795840091579,0.769089924439745
1.0,0.7411937827646465,0.6163009630602578,0.8039874300465953,0.5250013726354891,0.4761678866587186,0.9157151754203862,0.6138081502847428,0.7684281934175667,0.4591609374960735,0.5926655205678429,0.7251205611573888
1.0,0.7600478248873356,0.6137818895836444,0.8066624648392962,0.5236262985711679,0.4763521204198588,0.929831845547021,0.6119961541306116,0.7702181002557584,0.44563284038727735,0.5896438107685893,0.8447275446785463
1.0,0.7694288604800884,0.6107927750073359,0.8036817824535852,0.5246870133991205,0.4751842724555838,0.9548639736191262,0.5545151985799871,0.7702244794764288,0.4432828527037286,0.5363519302354607,0.9076514428656174
1.0,0.7696128023544558,0.6085598086952761,0.798453569758368,0.5252119580862409,0.5127258838103734,0.920138183296078,0.5087567487611862,0.7674430642740147,0.424969761446636,0.5506805776844798,0.7999329499445547
0.0,0.7805573438793343,0.6066340841483404,0.7963837441285063,0.5263341790728094,0.5131029916329681,0.955528846153846,0.595421936247319,0.7639328345115974,0.3950669263677074,0.5666492445350451,0.8852412512571884
0.0,0.7788098960728409,0.6050173558979459,0.7965173485415268,0.5258958219867805,0.0,0.9643429487179486,0.5984394645366466,0.7586786331415865,0.3516003539352488,0.5689418549774802,0.8409191800496145
0.0,0.7993194150648393,0.6034650034845559,0.7982190521457309,0.5246719010273649,0.5223085845382492,0.9933894230769228,0.6209082168478663,0.7540547630238326,0.32386138183245183,0.5877780516083727,0.9932628280454371
1.0,0.7677733836107791,0.6014209441097866,0.7965884927834921,0.5249306115485752,0.5587018833350076,0.9934349851757736,0.6192367428444641,0.7475502887566474,0.2800509095318641,0.5876982030686534,0.9773438939031126
1.0,0.7572886967718202,0.60061995564581,0.8017470046444191,0.5239591925855179,0.0,0.9656925031766206,0.5749204940462989,0.7402361302295517,0.2237787080246418,0.6045581791112958,0.8190581445324503
1.0,0.7349397590361446,0.5996393616085571,0.8093971504757039,0.5246496341030835,0.6219413321165792,0.9472799831968076,0.6383477553435397,0.7348614831101359,0.18899966252144376,0.647008228949677,0.7494013630502849
1.0,0.7211441184585672,0.5989500230511648,0.8188184951100209,0.5269106784133897,0.5368675742386276,0.9904955872369318,0.6368389911988759,0.7310145840985347,0.17669827472078048,0.6466609026634993,0.6541413397187942
1.0,0.6543732180630919,0.5978155594318568,0.8259007652259468,0.5234889803498312,0.5296183724307102,0.8478360957642722,0.5017972043487907,0.7298357956202175,0.1869421133613287,0.5967685373727271,0.4248787376435185
1.0,0.6481191943345901,0.5974532736500642,0.8315012988014685,0.5263757974509742,0.5366826547918476,0.8404696132596683,0.4763700909696026,0.731206350993385,0.2031656327431723,0.6297178755213705,0.3768035856818317
1.0,0.5725190839694655,0.5964818347197378,0.8344828887830642,0.5212745041514395,0.5525578014839942,0.6685082872928176,0.5397529768508244,0.7307557988974476,0.2052342061439765,0.6227432394637058,0.4591698900963953
1.0,0.5470431343695392,0.5958868144863179,0.8345315066495679,0.5184420704819765,0.558267035260254,0.5801104972375688,0.5444123955328746,0.7307208580725082,0.2194324441766018,0.625971365637612,0.3209615030392331
1.0,0.5203715625862227,0.5953469782871033,0.8322106474931703,0.5152024251855105,0.5519033700042507,0.5124309392265192,0.4765623844390208,0.731876879470041,0.2218800005198737,0.5824836307577068,0.4063977405292571
1.0,0.5353628253471903,0.5955951845903629,0.8349140156026102,0.5171947662170494,0.5508984909450995,0.5561694290976058,0.5410842393314106,0.7344189915398884,0.23095301149988,0.5721399348394468,0.4543500951679256
1.0,0.5283730341212177,0.5955780744791277,0.839603717403726,0.5199996619483046,0.5524653644115294,0.5430478821362801,0.4363508616226608,0.7364486864329742,0.2210364564603394,0.557571644306621,0.189353472094308
1.0,0.5247861675710475,0.594160921184786,0.8412662443117312,0.5196086927876372,0.5535724691430844,0.5267034990791896,0.3393683899119887,0.7407042894275968,0.23324867395015175,0.5090941907280292,0.16991044020380394
1.0,0.5727949967810173,0.5925986000119539,0.8463144908608979,0.5225537132166126,0.54266013342079,0.5796500920810315,0.4810073219436434,0.7469678093725678,0.27947238263683044,0.5395713343680885,0.2982056394189688
0.0,0.5794169042582545,0.5911068935187445,0.8503005753317903,0.5197520509128507,0.5125801684248078,0.6038324420677361,0.4044301456992821,0.7510926752079337,0.3169325502449177,0.5051718978360406,0.3998227792018722
0.0,0.6419571415432725,0.5911235467301348,0.8600601848482525,0.5280263739397397,0.552266176423561,0.7615864527629236,0.3520227793802229,0.7573702087551364,0.3673134241378492,0.4851026339065171,0.4811569521507434
0.0,0.6837119470247404,0.5900066495602672,0.8610376447188849,0.5334294779694011,0.5568071771975006,0.8738859180035651,0.4271651505066193,0.7602583353787521,0.38719647437462507,0.5164352865591826,0.6269274248247788
0.0,0.7019221925871425,0.589119730915389,0.8664313510670179,0.5322432608814778,0.5419753663560891,0.8827985739750449,0.4540936321278011,0.7589543419859701,0.3854281126865379,0.4788730992536255,0.6723716934207553
0.0,0.664765933964867,0.587286931916223,0.8642811300146059,0.5309664358170227,0.533636019390991,0.8288770053475935,0.3284224539605056,0.7564850610115026,0.3932267906137277,0.4692324317700433,0.4822292561609759
0.0,0.6682608295778532,0.586674196255736,0.8667876289085575,0.5317343504468992,0.5217346922130447,0.8045900178253117,0.3132164780711487,0.7573840243769911,0.4251945927264403,0.4601716097190068,0.3864197023271108
0.0,0.6563965786811367,0.585283154171329,0.8633446444921573,0.533745331338389,0.5213229647098798,0.7914438502673794,0.3372457658457215,0.7578007905469528,0.4525439007714184,0.4212379934966111,0.4438985280815719
1.0,0.6428768509151107,0.5839362155725618,0.8605874659919736,0.5322591427054993,0.5235883115315518,0.7535650623885918,0.2931661859329928,0.7582259227406938,0.4859894492534678,0.3941661094194242,0.3210673464353257
1.0,0.6638462245930286,0.5824853363857934,0.8583088667555395,0.531482976823214,0.5310983944959196,0.7716131907308378,0.2558686487685817,0.7603818920043572,0.5258578757086907,0.3804891836147216,0.29444712871995765
1.0,0.6324841350133361,0.5810303649540702,0.8610541541651395,0.5314492682005126,0.5377937339294729,0.7003119429590021,0.19946749500776567,0.7613121684785957,0.5315938537566117,0.339850162955471,0.10037400905495553
1.0,0.6176768141267359,0.5802670099989609,0.8697270837231911,0.5297116125497837,0.5227953853617113,0.6631016042780747,0.24305894534427894,0.76508491570936,0.5263510840038603,0.3670758796757832,0.04849591095363345
1.0,0.6625586314724548,0.5796727866740903,0.8753408727407588,0.5322553945723983,0.5388010928805256,0.7615864527629236,0.3362029435692627,0.7700029054918229,0.5253343518812661,0.3617693110127056,0.2416026914335817
1.0,0.6486710199576935,0.5790029706805719,0.8755070312620461,0.5341731858679867,0.5475462894217054,0.7440258342303554,0.3793210561349015,0.7721798560284174,0.5150530976189887,0.338198187834287,0.27510244984878585
1.0,0.6142738894509333,0.5785456353927392,0.8757847719587263,0.5335014340192227,0.5506786877936133,0.6747039827771794,0.3732712077509061,0.7733414573988411,0.4947514421112375,0.33370138398370386,0.16483654953917082
1.0,0.6002023360618045,0.5783824531447794,0.8794154748613566,0.5318202690972993,0.5408082391138581,0.6378902045209903,0.3734782930256639,0.7764144517115876,0.4585491315244917,0.33281345546373403,0.0724546370967742
1.0,0.6062724179159386,0.5777346579547413,0.8777686744447988,0.5325774065223783,0.551741576525282,0.6615715823466091,0.5087715405665263,0.7834600455541596,0.4737704500112601,0.3534366132440808,0.18067748881895024
1.0,0.6018578129311136,0.5774634687801248,0.878208673734629,0.5322182521546445,0.5422036059803795,0.6335844994617865,0.4127801198136231,0.7878184483281898,0.4893502888809826,0.3498113554325332,0.03238363425542461
1.0,0.6113308194610505,0.5758109333041129,0.8746873731498296,0.5333578915314711,0.5404025445927448,0.6736275565123789,0.4345684490792103,0.7971802762287123,0.538732991164935,0.3610796937721281,0.06986771411802044
0.0,0.6778258070449739,0.5743691231386812,0.8733350960465494,0.5392663128748136,0.5504599647170246,0.7689989235737353,0.5092522742400708,0.8035360936354248,0.5768117432989791,0.4032413478644423,0.3868346200731419
1.0,0.6063643888531223,0.5720667911398618,0.8673869010695748,0.5303898598604896,0.5433486861518838,0.6034188034188035,0.44144663856223615,0.8037722192737099,0.5832293130231085,0.3553364532312429,0.04602916610230779
0.0,0.6448082405959716,0.5715498978278775,0.8694817750418226,0.5324190712542569,0.5376894210248053,0.6897501058873359,0.6050883810369061,0.8090568648922609,0.6082867868166315,0.4219828874436368,0.35225066594428805
0.0,0.6682608295778535,0.5710259832154272,0.8766129022312015,0.5322193546695012,0.5562182352254992,0.7463708004977191,0.6856519488203536,0.8110828968470631,0.6149351816244715,0.5028303301021824,0.6224434511716108
0.0,0.6994389772831785,0.5702523572888056,0.8734623173175329,0.5366197879358702,0.5513369494744468,0.828701783492327,0.6636417424746689,0.8097221275628972,0.6182986292318343,0.4764983946829152,0.6236173190663229
0.0,0.7037616113308196,0.5687978078329021,0.8636599889217913,0.5335699862931265,0.5573561366714073,0.8299460804645378,0.6817617040159751,0.8082510082501988,0.6332196931501942,0.4888899719988621,0.5867985010609965
0.0,0.7377908580888441,0.5668942944210806,0.8474842200289717,0.5349479812068227,0.5699346607119411,0.8863542098714228,0.7418977886251019,0.8053453082129214,0.6302504051828204,0.5622121313563985,0.780531852453835
0.0,0.7470339372758209,0.5650300260250645,0.8520115280445809,0.5326253752777496,0.5605798573575139,0.8997933884297522,0.7947563050070259,0.7984455055537156,0.6143051403358295,0.5940853694344511,0.796060393960603
0.0,0.7435850271314266,0.563326906102275,0.8554313177563542,0.5358162822627621,0.5671532729396022,0.8960135798866424,0.854944160934842,0.7906312870664622,0.5865822367884984,0.6257814786343822,0.8190052169184493
0.0,0.7621631564425642,0.5610174994314612,0.8602668213277959,0.5348855843445385,0.5669840962189617,0.9277823240589198,0.8629613194290366,0.7820710501855572,0.5581509089499573,0.6296278188954173,0.8252735731603437
0.0,0.7941690425825441,0.5579744955958479,0.8529071010914456,0.5360088148778579,0.559110130582397,0.9863654863654864,0.9604984838399528,0.7728491014546066,0.5151336710256856,0.6661590631596839,0.9682920024289776
0.0,0.7889266991630643,0.5551298376816569,0.8433004350375748,0.5358564589758799,0.5561602799805488,0.986733521362164,1.0,0.7631853556010022,0.4793014570015214,0.6834386093236637,1.0
1.0,0.7582084061436587,0.5530018182780392,0.8396334806846979,0.5357614801960913,0.5494385904588267,0.9243282199114584,0.8129576214777016,0.7555333827801156,0.4525623251943265,0.5452587797661113,0.9852430016758746
1.0,0.7441368527545297,0.5513907285385821,0.8338606532702721,0.5342288702765661,0.5674950434493454,0.8871603192241639,0.7476739886103098,0.7505715039679395,0.4391791404731476,0.5446297798613264,0.9911473144711682
1.0,0.7639106042490571,0.5492112461484115,0.8322951649270063,0.5335765168566532,0.5567014197882704,0.920294979290837,0.7976776865616448,0.7457870943503053,0.4338203773157588,0.5685608483593668,0.9875301483039975
1.0,0.7766945645176124,0.5465195544811898,0.8280170749608677,0.5318780420181413,0.5432911244249279,0.9243496461676464,0.643169883884328,0.7418327816878048,0.4381753692376968,0.5220972636987421,0.931280836089056
1.0,0.7822128207486434,0.5437759976310363,0.8289159178603454,0.5329960336983711,0.5605709574222965,0.9148216184859324,0.524842837068264,0.7420160272735923,0.4774239023035446,0.5121039334089289,0.8400325381527523
1.0,0.7761427388945094,0.5417162653665588,0.8225952714298296,0.5324983979799027,0.5830460975275649,0.892955866933562,0.4571925153464983,0.7412462475853743,0.5075035988544812,0.529001769090226,0.7279881165007341
0.0,0.8028143106778258,0.536929344188382,0.7995844904721261,0.536508695014521,0.5537725242600845,0.9527775149048924,0.5200798757488353,0.7418829473325261,0.5331189454716116,0.510050897057233,0.8308546570231132
0.0,0.8733560194978387,0.5322779994167417,0.7720424767503957,0.5444202032658371,0.5819686911708258,0.9609126613054048,0.4972487242067896,0.7402013513902552,0.5419385767617396,0.4987618845314497,0.8765318573272741
0.0,0.8761151476133542,0.527565704651004,0.7517655943128697,0.5446600018343224,0.5281482080892821,0.9810020174848688,0.5054507802677319,0.736501912589212,0.5273840595487312,0.5027785881427189,0.9882357286645614
1.0,0.841258162420675,0.5261457411138648,0.7439859330182699,0.5441181412721271,0.5163470089722727,0.9226630800269,0.5313216478071149,0.7307846016993849,0.503047491442891,0.5154029937155833,0.8745864274685693
1.0,0.8137588522027039,0.52482143066236,0.7382028432463351,0.5409344148763215,0.5292991357341499,0.8722259583053128,0.4411434065527695,0.7267611727951435,0.485190284366609,0.5203117381881213,0.717226674509227
1.0,0.8011588338085165,0.5227007678255473,0.7320957013214999,0.5394727055929336,0.5237362173744861,0.8481842636180228,0.4039272243177279,0.7266456180826533,0.4848518729257934,0.5037168167723023,0.7323336560062828
1.0,0.825899015910972,0.5207313876017903,0.7278161557228322,0.5398650784377426,0.5121287321336119,0.8620862587763289,0.4504030766955107,0.7252884241262822,0.4792324644813454,0.4761832689736281,0.7857012717268521
1.0,0.8302216499586131,0.5186671016846893,0.7247863690440061,0.5404936103140965,0.5292560885640205,0.8734323432343235,0.4412765328008283,0.7213118288292379,0.4535925347955001,0.4711787036025809,0.7113471559231871
1.0,0.8361077899383795,0.5173165796305921,0.723619070480721,0.5377260260885628,0.546198098434484,0.8826732673267329,0.454907181421492,0.7187990943346934,0.445341510835696,0.4283211980891188,0.7195641875888201
1.0,0.7864434838591006,0.5159593355894845,0.7244241073342926,0.5318041241512009,0.5432564786168769,0.7899339933993401,0.4046076473633607,0.7149657788920076,0.4325348821397901,0.4010593534236885,0.5806763108989547
1.0,0.7566449002115332,0.5150500659039814,0.7294208789621603,0.531575627198927,0.5546965516756238,0.7404906965256053,0.40423785222986464,0.7141739254206609,0.4380713378013825,0.3995506603988375,0.4241518784389468
1.0,0.7415616665133818,0.5140272462903783,0.7261092655233601,0.5333539630994298,0.5655108175728046,0.7136505845545861,0.38407662155166056,0.7158277421768746,0.4477646673471671,0.4380472154112123,0.4041285573734651
1.0,0.6924491860572058,0.5131210098860131,0.7191551251419083,0.5270510688169786,0.5696057007993384,0.6171622495151907,0.352814140965905,0.7193937371516991,0.4628177783957765,0.4171456592693963,0.27096162955945113
1.0,0.67892945829118,0.512892596336523,0.7130689620665903,0.5287076971787648,0.5633288570856307,0.5968002585649645,0.3022483544116558,0.7260645036078865,0.4980042762611978,0.3797544090697534,0.000246984728110754
1.0,0.7147061528556975,0.5129042819486931,0.7093359149883579,0.534795302342266,0.568544961654254,0.6677977056067216,0.4066415205975889,0.7373230238171942,0.5581025424342951,0.4342462282585805,0.2495730494794721
1.0,0.7526901499126276,0.5124440092854659,0.7073131158753261,0.5378545023546598,0.5681252372791622,0.7241880756180321,0.446128244952296,0.7435785384388847,0.6053352013745908,0.4587350781280064,0.4138963621476199
1.0,0.6936448082405962,0.5109992244195058,0.6953945874523311,0.5296284639582911,0.5546572857973834,0.6185167232186141,0.3865616448487537,0.7470769309071372,0.6370624556056129,0.4065163738068646,0.0005308597133359074
0.0,0.7404580152671756,0.5097378217475586,0.6876223049427118,0.534615796222614,0.5459437032571887,0.6846846846846847,0.5265734782930256,0.7541590049487976,0.6841953990088396,0.4663980284879597,0.12230532336119762
0.0,0.8193690793709187,0.5079526725221937,0.6750859023514308,0.5454673322917734,0.5518303137613845,0.8063806380638064,0.6266696250277347,0.7557590726337273,0.6911996315213185,0.5176617130677823,0.6255856003945106
0.0,0.8215763818633313,0.5061557198820572,0.6686228014942367,0.5460683573327443,0.5533534102836932,0.8029242494944782,0.6832334886472892,0.7528531994162582,0.6684428910553709,0.5201417514807789,0.7823232672241031
0.0,0.816150096569484,0.5048105325659709,0.6615547930574885,0.5489046463139076,0.5471679034376836,0.7959595959595959,0.7188373641002884,0.7495574553445392,0.6490963808073549,0.546516163527969,0.7509078309078315
0.0,0.8282902602777524,0.5041725730355664,0.6682220047489151,0.5474779232727633,0.5394171688468823,0.8142026323844508,0.7364322165520302,0.7474677000036878,0.6256285125073107,0.5693117601933322,0.9102425292334346
0.0,0.8525705876942884,0.5034050333943645,0.6727617925731204,0.5512713849778853,0.5423569496180728,0.8685338230792774,0.7567487611863031,0.7443038561916373,0.6088277248180959,0.6014177295248768,0.9869532265049812
0.0,0.8486158373953832,0.5027497761943995,0.6777862905125243,0.5544331715965959,0.5280827806669229,0.8624119987756355,0.6951852673618819,0.7396072930415805,0.5717363706488352,0.5602817264560079,0.7317832394976197
0.0,0.8726202520003679,0.5013681069035671,0.6717333199652177,0.5584781063267645,0.5816019894872673,0.9100091827364556,0.7030619037053473,0.7379451689978886,0.5737884922848965,0.5721079925789269,0.8300941966219153
0.0,0.9053619056378184,0.4996322329523086,0.6674742389481044,0.5608694010396206,0.5803986475797072,0.9531680440771351,0.7423045632719474,0.7353660590084543,0.5706526628099853,0.6512250214566662,0.9954255088783036
0.0,0.9071093534443117,0.4977894038109538,0.6646549236150211,0.5612168252988827,0.5760146540032883,0.9525558616467708,0.7024110642703938,0.7297560549219901,0.5619289760918302,0.6465379877985588,1.0
0.0,0.9134553481099974,0.4962193642009709,0.6630871202062923,0.5617068891934449,0.576029581325444,0.9749005203550659,0.6829746320538423,0.7249413631446733,0.5550958327060183,0.6316988813012521,0.9934572779685186
0.0,0.9218247033937276,0.4944988531544221,0.6622719283556412,0.5595657357445366,0.5766489642541887,0.9871441689623508,0.6613194290363142,0.7195350263958613,0.5412679694689697,0.6473898792465042,0.9618606484675284
0.0,0.9232042674514852,0.4920517976622278,0.6565179596897979,0.5599151170411983,0.5811559177505676,0.9955129196967354,0.6893942755713336,0.7134843860962838,0.5270293837895003,0.6704190306411408,0.9819536937993842
1.0,0.9026027775223028,0.4895809176151029,0.6530538925487614,0.5577800024951598,0.5663928890772131,0.9504873897570788,0.6615708897270913,0.7068416515370772,0.5021758904312382,0.6503092812171336,0.7568491877625371
0.0,0.9122597259266072,0.4871609476266112,0.649983124729802,0.5559012030202194,0.5372710341375287,0.9956869009584662,0.6696989867613339,0.7031321476057968,0.4933843860399015,0.6653570349270143,0.9673544810594392
1.0,0.9014071553389128,0.4849624723722166,0.6567852636391345,0.5549288779928969,0.4929815982513406,0.9692504804612428,0.6551512462095997,0.6995859726068225,0.4791957933922689,0.6535530011003621,0.8551203184367657
1.0,0.8923020325577118,0.4820913671515059,0.6590883081624003,0.5554497873237371,0.5039066864520347,0.9533952594490712,0.6292286073515273,0.6962636096235757,0.4678745493762009,0.6617070865201555,0.7902133639964233
1.0,0.9100524234341948,0.4798606133478198,0.6643714497602801,0.5551306330320187,0.5041701986359673,0.954767533490938,0.6648546705125362,0.6934732093167799,0.4512281682996856,0.666420057078287,0.8916570844512599
1.0,0.9042582543916122,0.47676707198240603,0.6543612157233488,0.5533996109346284,0.5020689891559962,0.9559573481687528,0.6797943939057766,0.6885902620248228,0.4229914978217226,0.6494574468151346,0.975978534009117
1.0,0.927067046813207,0.474028034670148,0.6459215193573198,0.5540366200963017,0.5204227350930543,0.96609647095084,0.6846461060572443,0.6827558159478886,0.3859095032872221,0.6547074646233662,0.9757435501842808
1.0,0.918973604341028,0.47042626008606,0.6299466576094889,0.5537285098373689,0.5191230589549517,0.9373873873873876,0.6748835145329488,0.677223545124882,0.3614335662285616,0.6471346057141054,0.9665410528719882
1.0,0.9215487905821759,0.4673952255099607,0.6151538458279981,0.5547442146658886,0.5348788837394728,0.9269547325102879,0.6572738702758674,0.6739086564756394,0.3551819812661463,0.6313267010405658,0.9907892439322502
1.0,0.9295502621171708,0.4652515019971406,0.6034589532602115,0.5525559945332099,0.5415140975399033,0.927395649617872,0.5693661711411878,0.6718446276770311,0.3588342530635526,0.5346188434157866,0.8577878103837466
1.0,0.8944173641129403,0.4633881853397346,0.594159503206129,0.5505700440475176,0.5338213310362795,0.8844089920232052,0.49457140744027794,0.6712272794267502,0.3610811072667118,0.4744123287143632,0.4975745641419715
1.0,0.9152027959164906,0.4625929891265097,0.593191181485403,0.5509103405323093,0.5434751007235075,0.9112400290065268,0.5364839878707196,0.6745604420234068,0.3863150600336414,0.4918942966633243,0.6556361365928616
1.0,0.9013151844017292,0.4617128822601533,0.5920434678673142,0.551214265139881,0.5419839053218357,0.9042784626540972,0.42792692848162095,0.6760355666949598,0.39885022291598,0.3567312235141962,0.610849266340594
1.0,0.8923940034948956,0.4611025550401309,0.5940052064321408,0.5523349553908674,0.5077499474738574,0.9038433647570704,0.42927298276754666,0.6791743974157469,0.4375856036162529,0.3582174845315946,0.49209378407851706
0.0,0.9322174192955026,0.4601257893544914,0.5993295474841435,0.5598726865399192,0.5428193542483433,0.9682378535170416,0.4198653945714075,0.6799759040064846,0.4497697083954453,0.3504662925643484,0.5920704159526411
0.0,0.9301940586774576,0.4581284354706587,0.6006502163559669,0.5613183555425401,0.5165275361078265,0.9682378535170416,0.4435100954071444,0.6804075693073162,0.4597980731677137,0.33155281346346416,0.5763053655023409
0.0,0.9292743493056193,0.4563274355142328,0.6025465730287046,0.5615637839856558,0.5190202757090886,0.9586656997824512,0.4544634272612975,0.6793053829701967,0.4531470212212033,0.3415452486171422,0.6532949225783227
0.0,0.9257794536926331,0.45442459075106206,0.6091996264385343,0.5603142995129939,0.0,0.9614213197969544,0.4769617631831965,0.6775935795096135,0.4437631741926722,0.36713222548267216,0.6454087144400437
0.0,0.9437137864434836,0.4519969636314936,0.6144430932132401,0.5600635165345383,0.5190874097745494,0.9886874546773023,0.4975075808002365,0.6755966783524411,0.4404486151852151,0.33903683882328084,0.7007202016564632
1.0,0.9365400533431436,0.4491064842575956,0.6095845081875343,0.5602776362213228,0.5499375366316894,0.9666127371672304,0.4625471488795209,0.6721753119098679,0.4266665196411865,0.3478553948380029,0.5344256391789699
1.0,0.9214568196449922,0.4464164370460513,0.6031852013639147,0.5584726303565759,0.5477664361083618,0.9408736578908662,0.4818800384586939,0.670828039713401,0.426423954215988,0.3705675207414989,0.3623334533669426
1.0,0.9215487905821762,0.4432940026246568,0.5990949437607176,0.5584494700198229,0.5412007767752877,0.9416090601559052,0.4682419939353598,0.6708059380131204,0.4253060864772353,0.35728298591940444,0.3813467770975879
1.0,0.9427940770716452,0.4395710638805544,0.599343450696667,0.5630636118810134,0.5376830265676318,0.9348075818495116,0.4599881665557282,0.6718744770274163,0.4353912238595539,0.3954056048536481,0.3411955347497301
1.0,0.9645911891842178,0.4370612036754076,0.6015282201943742,0.5636792692636626,0.5584014400303808,0.9490587280092804,0.4772280156793134,0.6729113051325948,0.4456775350194714,0.3653214486445578,0.4053655023406546
1.0,0.9092246849995402,0.4354653249227762,0.6055395663102269,0.5557874945955441,0.5539816991584385,0.9047949002217296,0.466252496117151,0.6743017177492001,0.4632138163080058,0.3518492749665627,0.317680950666186
1.0,0.9146509702933872,0.4361612316075001,0.6164699973815049,0.5568870823888411,0.5552383698743817,0.9041019955654102,0.4214555136454405,0.6763319475730272,0.4827811661373128,0.3573443439226877,0.3056175729204175
1.0,0.8833808516508783,0.43569250644926094,0.622320352746256,0.5518035157473118,0.550335110549146,0.8998059866962304,0.4145403446490643,0.6792353878083377,0.5069211258816093,0.34761169550437626,0.18602808786460165
1.0,0.8875195438241514,0.4352612411593797,0.6243614548019559,0.5524285282931856,0.5488650565405225,0.9085365853658532,0.3949042230604246,0.6821202999752289,0.5267603962294606,0.3699569948092287,0.11776194437411833
1.0,0.8949691897360434,0.4326635239874273,0.6200359854203072,0.5501321225537353,0.5529303941429987,0.9107538802660754,0.41393388063013065,0.6858501459752588,0.5524226076556883,0.3958819549417572,0.047679617637989086
0.0,0.9209049940218892,0.4304014889361374,0.6132610356651675,0.5513856671609567,0.5409323079925614,0.9280764966740576,0.4948672435470749,0.6898859389237941,0.5808874283849392,0.434346112099336,0.31273109407231525
0.0,0.9191575462153958,0.429108510151315,0.6176101461011757,0.5500720255405789,0.5415420777582232,0.939162971175166,0.5151172250573183,0.6925420353471201,0.6066416331360786,0.40758275898659735,0.2552348893619128
0.0,0.8811735491584658,0.4284176263936728,0.6218415772927984,0.5464030112930831,0.5151009542449464,0.9063192904656316,0.4774277050514015,0.6946518827161037,0.630120405964569,0.413257828654886,0.13761694965595644
0.0,0.9151108249793064,0.4283870425952203,0.6283036445581042,0.5490430112696489,0.5150303810104525,0.9560698447893567,0.6094667554174986,0.6980289953557257,0.6604631591304728,0.5491565590151701,0.8622478087236142
0.0,0.90563781844937,0.42735977301819306,0.6278748351327864,0.5453768609633207,0.5247561987541222,0.9702050997782704,0.5999852081946603,0.6950303756642873,0.6618556154526565,0.5383132383153408,0.7956018878688872
0.0,0.9120757840522395,0.4266515634289332,0.6317102440725941,0.5464079222315648,0.5120304011593348,0.98240022172949,0.6598180607943198,0.6926659265001303,0.6688401317359761,0.5859398081909447,0.9950547852225348
0.0,0.9049940218890832,0.4254387255373136,0.6360728137773107,0.5481527961064215,0.5727866856562304,0.9822616407982262,0.6485984764440501,0.6889187328670137,0.6782276960114791,0.574883299848958,0.9310361469041072
0.0,0.8780465372942148,0.4253409086481788,0.6425543916807526,0.5469938805330714,0.5556938078174146,0.9570399113082037,0.6340285481843059,0.6861254804693937,0.6889201927417692,0.5373593870965082,0.9665061390949704
0.0,0.7012089810017272,0.7489702968204546,0.0902135701123287,0.5108449018485746,0.4721076686625116,0.9636207967498784,0.4678574069965236,0.9659562272182702,0.5377748420304204,0.4763144021271154,0.743230347131098
1.0,0.6920552677029361,0.7466122398137198,0.08133735359025282,0.5099700021015035,0.466266020418111,0.9325633320462672,0.38613268249389865,0.9642331834655355,0.5297164572990556,0.4679265584766255,0.4611734889340781
1.0,0.6977547495682213,0.7449378525173241,0.08034279867084111,0.5108998717790804,0.4741450519304946,0.9254285090738162,0.3628060054729676,0.9644842521509064,0.5302891310432448,0.447770734113793,0.3181794026995425
1.0,0.657685664939551,0.7441403056311007,0.07751684617653443,0.5093874751124151,0.4763068950928189,0.8612151023217556,0.3565268841062049,0.9659746458570416,0.5249281444849738,0.4402084269306477,0.1321872675098308
1.0,0.6735751295336788,0.7447328216036335,0.08612649917286379,0.5111390058853992,0.4623163400874716,0.9174542951634296,0.4434657199911249,0.9700291152895296,0.5456550005470402,0.4974789495067221,0.4573280901264736
1.0,0.6732297063903283,0.7445146689452902,0.09471149194673413,0.5109446861397958,0.4775205528466258,0.9271072909496872,0.4626506915169,0.9710197879650908,0.5591668851349085,0.4623678411102949,0.5150653629503669
1.0,0.644559585492228,0.7467298719034492,0.10297275361577278,0.5110642146422752,0.4811247487696448,0.8750650527976902,0.4097330079136154,0.9692947052329804,0.5627074829108304,0.4091881204449082,0.31594749707726555
1.0,0.6029360967184803,0.7490470995660519,0.1080983187227916,0.5086921381082575,0.457757708048969,0.8675105343562712,0.4508468308557063,0.9689668322638608,0.5887988901685037,0.45033694049727613,0.08261363636363615
0.0,0.6105354058721937,0.7514349613351792,0.10896730743632836,0.5095972274318481,0.4820245549952828,0.8910134806184634,0.5735892315657123,0.971742937248634,0.5841647919937369,0.5063967400093614,0.09259326660600399
1.0,0.6015544041450778,0.750785697171374,0.11279768808145207,0.5120617104455022,0.4772802040866445,0.8859771349908506,0.5699504474521119,0.9735570925936892,0.5651596984925521,0.5023443119577018,0.4446663104311396
1.0,0.591364421416235,0.74994438447943,0.11686833774601656,0.5145292147999183,0.3744640129685037,0.8662514479493679,0.5518009023001261,0.9740261188170138,0.5219906760836556,0.488313960957441,0.3324239952751934
0.0,0.6390328151986184,0.7490645762466352,0.12085220849466875,0.5165938364582079,0.4627612751931952,0.980408615508587,0.6965017380371276,0.9750517675573388,0.4837327955346808,0.5699328416400281,0.6260370672441431
0.0,0.6300518134715027,0.7478727348827545,0.11504837711820848,0.51911731968653,0.5045351760790894,0.9711753151912972,0.6901264699356552,0.9725084252467744,0.4419990758963581,0.5660015974645474,0.6763270084601607
0.0,0.6107081174438688,0.7453763815267991,0.10419878271341504,0.5204516083554525,0.4932359328926475,0.9388587640807828,0.6240736631905931,0.9709501354078494,0.4091012019727495,0.5637483105514669,0.5099953612688036
0.0,0.6386873920552678,0.7427203748110609,0.08905123685627607,0.5203796349891138,0.4624917096684506,0.9640404922188459,0.7231121958435025,0.974774305433501,0.4329067800699423,0.6268026954506941,0.6929380839831234
0.0,0.6238341968911918,0.739677077944918,0.07525933319600395,0.522376216986365,0.0,0.9304648547014288,0.595688188743436,0.9752932321397648,0.4320019588883568,0.5229377710834663,0.6651940535883886
1.0,0.6328151986183075,0.7392652983709915,0.0639567513481002,0.523396191848774,0.5112710220862539,0.9606829284671043,0.6381184823607725,0.9770926377369497,0.4553875303831586,0.5653036582118603,0.798502352499392
0.0,0.6265975820379968,0.7382837213948508,0.05900364437406525,0.522327367077475,0.4879495281484653,0.9860347016504444,0.6818208712373344,0.9746702867213192,0.4533688080306956,0.5501328792321709,0.8364957699189317
0.0,0.6151986183074267,0.7372729668076003,0.05564546025013384,0.5211286275585051,0.4616129600795334,0.948370715192552,0.6590193033059684,0.9698930716661368,0.4547200793795288,0.5240053390173258,0.8448013076804131
1.0,0.6062176165803109,0.7404182310652501,0.06921439401403426,0.5236776385171161,0.5088726502160733,0.9365213711383834,0.7017898084461207,0.9640068289125427,0.43224539568866177,0.5514084302209274,0.8038479379735367
0.0,0.5504317789291884,0.7440467700563047,0.07824451266566351,0.516259063908675,0.5042641200485777,0.9547185780787134,0.7849641298720516,0.9576826259678296,0.4062108035189416,0.553262683086693,0.8511850853747434
1.0,0.5473229706390329,0.7485432831034757,0.09163320063111112,0.5195847509388054,0.5011456265782992,0.950486669487939,0.788610309888322,0.9532202726528952,0.3905163733475968,0.5564354630451874,0.8951662333819449
1.0,0.537651122625216,0.7478360380981355,0.09253345565393216,0.5183167895900007,0.5063685531066199,0.9636055861193398,0.6771762443606243,0.9470069114653774,0.3608426420243551,0.5053134967837652,0.9997849051192575
1.0,0.5162348877374785,0.7467963371003818,0.09615050429901753,0.5158522871189298,0.4746779157279635,0.90562843842573,0.7257673249020042,0.941890162284852,0.3342199602144321,0.5308940457618934,0.906416704770614
1.0,0.5264248704663212,0.7462694377660506,0.10065806431074656,0.5133853830823135,0.5156888136392918,0.9255184088023696,0.6787885511426666,0.9364683851123228,0.3033343299950567,0.496055575849937,0.9186607732561082
1.0,0.4989637305699484,0.7472028039184413,0.11049552497353213,0.5137450816567044,0.5349203704017661,0.9018197206940329,0.6270763996745798,0.930308242831012,0.2769352036912404,0.5147808742570552,0.9330670634609852
1.0,0.48566493955095,0.7476902849759643,0.11714404982474537,0.5121339587398562,0.5203378803279197,0.912399492170969,0.7335626063161008,0.9226253177154032,0.2451889911294294,0.5609361254855841,0.9258126095028898
1.0,0.4806563039723661,0.7465169359695519,0.118624060810179,0.5115384314576671,0.5070885591757394,0.8768514600084637,0.6578951261001401,0.9116645088252592,0.18090980133207674,0.5306990997734774,0.9835085313833032
1.0,0.4504317789291884,0.7432209981588376,0.11527084206473726,0.5077729636361233,0.5000669119061889,0.7964451967837494,0.635330227054212,0.9096107307582316,0.1754269054147909,0.5213566452659361,0.640760197775031
1.0,0.4685664939550951,0.7400928723326095,0.11431956548074472,0.5063093636577293,0.5045445401443908,0.8137960220059247,0.540056208860291,0.9122802984896624,0.1908920018645288,0.4692378292372749,0.8772613320685668
1.0,0.4689119170984457,0.7368581739591968,0.11929759395703388,0.5063263706288204,0.4805142053869442,0.7837494710114262,0.44936765032172143,0.9154264435545432,0.2173346716193912,0.478635112835455,0.8251914086320201
1.0,0.4469775474956823,0.7355423296142702,0.12484018599941975,0.5034645582765974,0.4844118226078852,0.7240795598815065,0.3457288662081209,0.9184932588670572,0.24095082205778875,0.4801856930661413,0.3105859805080943
1.0,0.42884283246977545,0.7345480851752813,0.13262381245371424,0.5048585025270421,0.4862636192770337,0.7075751163774862,0.24896087567487615,0.9235832023811871,0.2852729479779078,0.4962846234615496,0.3005138033682672
1.0,0.4430051813471504,0.7343864956972441,0.13589832712671046,0.5029405829483342,0.4852402777340816,0.7118070249682605,0.2479550329117665,0.9292281038998867,0.3332730262810032,0.4962180052735194,0.3113365868713946
1.0,0.42780656303972375,0.7317124548561025,0.1316678377798357,0.5046779848045826,0.4957882287913285,0.6910706728734658,0.19626506915169,0.932594243552734,0.3739224583445876,0.5233123846025852,0.2070654928387748
1.0,0.4803108808290156,0.7284823101382099,0.1164914777640576,0.5077118976569058,0.5060239345787689,0.7719001269572577,0.3220915612750538,0.9390563659002706,0.4309957507983508,0.5183415819295429,0.4772711205372921
0.0,0.4977547495682211,0.7241747979772224,0.10316032622921996,0.5099664295627879,0.5043986353777362,0.7634363097757089,0.2760076917387766,0.9385624086446036,0.4351827704724064,0.5013401425946644,0.4825379992930354
0.0,0.4968911917098446,0.7221383834601567,0.09135449246681172,0.5098594825345972,0.5102836722787388,0.7592044011849343,0.3027364839878708,0.9377682404096196,0.4316417583385007,0.5144667105153115,0.3861240582034449
0.0,0.4943005181347152,0.7222346319915179,0.08719722546367135,0.5095056361532087,0.5041943320617319,0.7748624629707999,0.3594778492715039,0.9359953556388094,0.3950370120240753,0.4889408271962859,0.4439098548255069
0.0,0.48048359240069105,0.7222004185957311,0.08253875456492064,0.5114346392204581,0.5060134015266811,0.75497249259416,0.35488499371348303,0.9346121034885844,0.3877024574037666,0.4853612385664646,0.3163267010808739
0.0,0.4911917098445596,0.7237747688111159,0.08646664730396943,0.5091170212243386,0.5095628653753036,0.7774016081252643,0.2635973670586496,0.9355953591689988,0.3932558934729576,0.4885765986730897,0.16425266041864994
1.0,0.4556131260794474,0.7234163359377439,0.08941273276424766,0.5083258364996462,0.5117725752878459,0.7583580194667795,0.30902300125730353,0.9415157353826179,0.45030684243707103,0.4615479050614511,0.1857030688785309
0.0,0.495854922279793,0.7219627540951286,0.082552238708423,0.5096903475742517,0.5123842389640767,0.8154887854422345,0.41487316026921095,0.9477037459044066,0.5011582068114853,0.5067313703978429,0.4287241684625538
1.0,0.4853195164075994,0.7177027090653938,0.07387985176857023,0.5083588427196106,0.5161053830742207,0.7477782479898434,0.28093336291694376,0.9499691887460632,0.5275540350080806,0.4798757617956039,0.21620808900917166
0.0,0.5003454231433506,0.7144947594383619,0.06643172362690508,0.5066062358243115,0.5203305895577931,0.7769784172661871,0.32906589749278936,0.9564414984173392,0.556197954874171,0.5021940222247199,0.3303763845035837
0.0,0.5203799654576857,0.711819300388947,0.06119718220480616,0.5054892017755751,0.5137855493158917,0.8070249682606856,0.4188299681976189,0.9600342756672562,0.5601424667575234,0.5022804845766878,0.4401510215673503
1.0,0.5082901554404146,0.7113272489389204,0.05438597601967923,0.5039943170488542,0.5151492504236455,0.7570884468895471,0.3184453812587826,0.960632915223653,0.557105748742888,0.4257437706394667,0.19395579612088465
1.0,0.4756476683937824,0.7113946634187112,0.05093479038732815,0.5034216068418155,0.5038184258001526,0.7422767668218365,0.3377338954219361,0.9672474372053608,0.5928919954838897,0.44085300522586623,0.16263218563624576
1.0,0.4644214162348878,0.7117044699331225,0.049661736478853115,0.5019388131027603,0.5167580721577094,0.7054591620820991,0.3164854670512538,0.975732645387038,0.6584844941934114,0.4210638413527434,0.059322741776508474
0.0,0.5072538860103627,0.7091290680990134,0.03286210890020855,0.5037897619553788,0.5070457313067737,0.7939060516292846,0.4365357591894091,0.9882129146598242,0.7571057542838184,0.4942262067081685,0.06515601783061017
0.0,0.5350604490500864,0.7054839277955776,0.012360397676547702,0.5036920343839935,0.5068428950722572,0.8328396106644095,0.5078692404407964,0.9954380491114628,0.8269286771774136,0.5495213147702578,0.1865141481035523
0.0,0.561658031088083,0.7033470204361543,0.0005656989741182061,0.5034269190793769,0.4765317748802824,0.8709267879813793,0.5591968049700463,0.9993991663093679,0.8981530245380854,0.5455851409179302,0.3336544250451514
0.0,0.5699481865284974,0.7026263147910352,0.002989656815774372,0.5042529809569761,0.4762156609856377,0.9284807448159118,0.6387397381850454,1.0,0.930516273621946,0.6327820264204569,0.7126429861529197
0.0,0.5601036269430053,0.7012533867060677,0.0030630041580202443,0.5066303934350753,0.5017337495251412,0.9259415996614472,0.7282005768804082,0.9961854005565632,0.9358755720022154,0.6553076933757574,0.7589102950030095
0.0,0.5768566493955096,0.6986285490956994,0.0,0.5050874293504516,0.5643994860938839,0.9289039356749896,0.7610531765401967,0.9899797813143864,0.9038031098608592,0.6392159289748066,0.8457104017722284
0.0,0.5789291882556132,0.6971972858640225,0.0013990503359566366,0.5016408964140073,0.0,0.9322894625476088,0.7900673027142959,0.98295041460211,0.8741178295681926,0.6560619140187768,0.8321155917755598
0.0,0.5772020725388602,0.6970245695381361,0.007992687828502376,0.5010830229106061,0.5633811553170583,0.9881506559458316,0.8999926040973298,0.9772513799062932,0.8652102176390277,0.7178663349292791,0.9860246751828792
0.0,0.5573402417962005,0.6983553448063453,0.016398228202208737,0.5024946403114336,0.5311326879091762,0.9871282734132268,0.7834775534353966,0.9690057541740388,0.8405178963172133,0.6389752386954207,0.9992632448482957
0.0,0.5305699481865285,0.6993845992395751,0.025020938140547986,0.5027733809320055,0.5276818433959923,0.9968196274420716,0.7515864211226979,0.9648775389071332,0.8352981774489907,0.6682315969669332,0.9735161352285808
1.0,0.4623488773747842,0.6998849582480179,0.032332967986859466,0.4979161090546932,0.5115381330276785,0.8805555555555558,0.6826640041417056,0.9595069499448194,0.8104114048638955,0.6610562481027852,0.8525478030919451
1.0,0.4756476683937825,0.6993024197166031,0.034343295967171734,0.4958917629724704,0.5256311137810511,0.8972222222222223,0.7504696398195396,0.9558758349414151,0.8034206338065615,0.6732771537196911,0.948975378103545
1.0,0.4424870466321245,0.6968814865297628,0.030111747741657337,0.4915227291110068,0.5176918302017245,0.8069444444444442,0.7357961689224166,0.948230423414357,0.7579873497641254,0.6660294058782708,0.8235946936457946
1.0,0.44283246977547497,0.6968171688273093,0.03294001803585539,0.491543474832149,0.5314741151043291,0.7972222222222222,0.8249833592189929,0.9428734556706851,0.7246886815366796,0.6708379634753469,0.8505908452936114
1.0,0.4303972366148533,0.6973496437902649,0.03915780993851106,0.4900223324349858,0.5306484966033316,0.8097222222222222,0.8578433547814517,0.9380143071680124,0.6852793304497611,0.7172561088782302,0.9754141627415956
1.0,0.42780656303972375,0.6999351351999696,0.05509346642251309,0.4897347971256037,0.5349789632397137,0.8203703703703702,0.8110568744915314,0.9323978495691684,0.6747844083878811,0.6460043760950248,0.997576621525302
1.0,0.3842832469775476,0.7009447425006108,0.05510605869948279,0.4878661293498346,0.5395841848691721,0.7411235955056179,0.7811404481917017,0.9270609228900372,0.6934228214586755,0.6320519520935812,0.9417225150194116
1.0,0.3766839378238343,0.7004068981217138,0.05265437190835615,0.4867743216310952,0.53701702142796,0.6986842105263158,0.7301235115745879,0.9218874842447646,0.6776321097256499,0.6232145252307764,0.9164768907107396
1.0,0.3804835924006909,0.6999450461033117,0.04908781945428901,0.4870310348353724,0.5448542584844134,0.6657894736842104,0.6981732120405298,0.915791474032268,0.6475725670804928,0.6058514823166734,0.8623578832016805
1.0,0.3497409326424872,0.6999210676913428,0.05540703160861221,0.4868645316364202,0.5349779145323702,0.6429824561403508,0.7329117668811477,0.90888145549624,0.5835942015669809,0.6268816111946875,0.7867677275010263
1.0,0.3571675302245251,0.7031455941773077,0.07025783995423121,0.4879182167375941,0.5500964591686994,0.6662280701754384,0.7947563050070265,0.9016002129805992,0.5376769947051877,0.6213766628437476,0.8398931555636728
1.0,0.3469775474956823,0.7050390493940331,0.08131025497745024,0.4869873304312884,0.5528179246590298,0.6895353886235346,0.8369425338362545,0.8938390085606294,0.4745837397075599,0.597019997389189,0.8827748360072696
1.0,0.34024179620034545,0.7058206356392884,0.09156619889889607,0.4899178713389139,0.5600947926831145,0.6574150787075392,0.8278529694549224,0.8833824330015678,0.3850362290046143,0.5932183241050552,0.8544582968795561
0.0,0.3685664939550951,0.7047812017947861,0.09318705032310752,0.4898248601949677,0.5533043414409551,0.6910801963993454,0.9530729975593524,0.8746893230241715,0.31506224766218105,0.6067634599709493,0.90215108508878
0.0,0.3561312607944732,0.7009547554581486,0.08484341718247962,0.4880771157858941,0.5521437899682944,0.6595744680851063,0.8252348199097705,0.865041096755385,0.2586108732947794,0.5667346229152864,0.9713827881987004
0.0,0.3775474956822107,0.6992624686507456,0.0806143530435717,0.4906456056484424,0.5529676832250191,0.6505728314238952,0.7544190518452782,0.8606649628885201,0.2377725153455347,0.5582141075024853,0.9754761335564596
1.0,0.3443868739205527,0.6982303393220173,0.07870371175329406,0.4899605352004898,0.5454618779660749,0.6051554828150573,0.7356112713556692,0.8562574872527657,0.21275711436046288,0.5500945643765001,0.890476383211236
1.0,0.30932642487046624,0.6978684315810373,0.07756148481972283,0.4886362446923384,0.5464343203681219,0.5396890343698854,0.6560757340433402,0.8521796049752639,0.1808000604998881,0.5533218393064963,0.7218197272028172
1.0,0.3355785837651123,0.6966545074005202,0.07746279776169421,0.4883177376541156,0.5560074468215614,0.5540098199672668,0.7007100066563129,0.8514036892617283,0.1723124491739088,0.5912307212411785,0.8827255433682767
1.0,0.3478411053540588,0.6941412740632473,0.07161007946834871,0.4863200391586212,0.5573677975461098,0.5797872340425533,0.693669107314548,0.8484702999452769,0.1487389808408771,0.5843936395829128,0.8847290241631928
1.0,0.3595854922279793,0.6929673248671302,0.07217971012839072,0.4841553786597175,0.5489716701346705,0.5900163666121114,0.6523851786110492,0.8454462041995818,0.12641718800135465,0.5475174605900363,0.931335249119682
1.0,0.34939550949913656,0.6914869658144289,0.06736790397185302,0.4826089133630209,0.5471756577172214,0.5621931260229134,0.5765032172176615,0.8399989993318668,0.09430049317434892,0.5475044127153441,0.9215298687567512
0.0,0.3499136442141625,0.6900723697665478,0.06672386629473097,0.482587093342012,0.5454524578388011,0.5531914893617023,0.6138451297980918,0.8371562607982048,0.08198909451940589,0.5699026929339495,0.8554715333164777
1.0,0.3271157167530225,0.6949451518092715,0.0839391242948944,0.4787573343752898,0.5457380927195922,0.4791325695581016,0.4292212114488571,0.8350217057710052,0.0704896720786401,0.5021915594353031,0.5836991748454259
1.0,0.26286701208981,0.7022206603234893,0.1073190756220514,0.4720582367629891,0.5574820200399262,0.5090016366612111,0.3809703424302936,0.8385700291026337,0.08486280859679074,0.476582722861989,0.5874704491725764
1.0,0.24922279792746116,0.708656535104708,0.12971011576091548,0.4708528926807285,0.5612791707603989,0.4910271095838106,0.4386435914503368,0.8392658506746571,0.08202002779702383,0.4592191909199774,0.6950723660648456
1.0,0.26528497409326424,0.7105219062483201,0.1414227682747239,0.4726570155456765,0.5682533677926304,0.4765654293213348,0.4665113527105982,0.8349270532899362,0.042016122367831865,0.4771991427285857,0.6630290517622774
0.0,0.28393782383419697,0.7101457854923969,0.14726888862772744,0.475748511628605,0.5718315004895195,0.5609298837645295,0.5732564159455661,0.8339710482938059,0.03675345886348708,0.4908034966691314,0.7838287652474358
0.0,0.2806563039723662,0.7117314569749467,0.15890062101946775,0.475034442150404,0.56069344719994,0.5097690941385435,0.4273056726573482,0.8311139455407304,0.013448029185500364,0.4636253599953506,0.7803948005983109
0.0,0.240587219343696,0.7099032343206264,0.15501137551387198,0.47308509236590995,0.5581181967745047,0.4518650088809947,0.3673249020042897,0.8306379964024624,0.01970395269747266,0.47839828701739295,0.5742227671861407
1.0,0.2625215889464595,0.7081060536628181,0.14891605278703413,0.4756228514883569,0.5627154320681675,0.4472468916518652,0.30201908142888834,0.8299561332870204,0.0,0.489900365185132,0.4548690768135429
1.0,0.26062176165803114,0.7041633961494307,0.13216413774023428,0.4748725505319418,0.5588958270873836,0.4191829484902311,0.2515124620959988,0.8333949697766576,0.010952593130705124,0.5098384693197302,0.3312960859610222
1.0,0.2725388601036269,0.7022649588293461,0.12163351561993385,0.47622307256922497,0.5495209745980033,0.4131438721136769,0.1561570889727088,0.8392476771894204,0.0351752625898471,0.5275275249401644,0.29006031562422474
1.0,0.2447322970639033,0.6987706706614751,0.1095366568951205,0.4715554141510654,0.5481954630816008,0.35488454706927186,0.0,0.8454555801739461,0.06043861289644802,0.4532209385115417,0.03703982874544067
1.0,0.2751295336787565,0.6965851481220704,0.10397022773311504,0.4753829973365234,0.5593576687608475,0.3516873889875666,0.07221359366910696,0.8559028663829801,0.10755230595308383,0.4363354551575525,0.0009082217973226717
1.0,0.29654576856649395,0.6949322550447892,0.09775020231122436,0.4748272478753718,0.5493307232598547,0.3893428063943162,0.1309814362842982,0.8645243302884129,0.14250466704533832,0.4094945963180941,0.0862495860209112
1.0,0.28341968911917104,0.6938774127805392,0.09263302304132663,0.4766772273905126,0.5512606530441273,0.3758436944937832,0.07996449966718439,0.8714924588387303,0.1910563831390304,0.4308184462664726,0.045740260129914605
1.0,0.2986183074265976,0.6927993674320899,0.08647903185313707,0.4784272453762888,0.5563150403765125,0.3630550621669627,0.11587900303231975,0.8804721087532108,0.2503516402644739,0.4023566134467396,0.01328732221756342
0.0,0.31174438687392064,0.6927454355146563,0.08556901731149802,0.4766186232307091,0.555097362122082,0.38046181172291293,0.12881443680201116,0.8886889897829133,0.3047879842281779,0.4078952861010608,0.04418357145160709
0.0,0.30051813471502586,0.6924246229688753,0.08370411844597836,0.4755250038119381,0.5598242521034684,0.39609236234458256,0.13382885881221795,0.8979944140117571,0.34813892122925083,0.410182159107548,0.06113135743541754
0.0,0.3333333333333334,0.691834110403774,0.08144664225429278,0.47625247065412296,0.5580002743652905,0.41563055062166976,0.1684860587234676,0.907676921446104,0.3893197828435302,0.4265211788022129,0.10060926584359263
0.0,0.3540587219343697,0.6915891281251929,0.08014728550971609,0.4754639373361823,0.5591164407620208,0.44333925399644775,0.2071592337844831,0.91460482992724,0.4100124390849291,0.3964688224632563,0.1780092551233719
0.0,0.31295336787564776,0.6942655420160901,0.08686913036250787,0.4736438461551682,0.575175761216776,0.4106571936056839,0.19076991346793928,0.920137918157129,0.4138841267096592,0.3733479584156051,0.036448748414301714
0.0,0.3378238341968912,0.6979108970823908,0.09631108467025568,0.4775210167212815,0.5612299075617342,0.494138543516874,0.2889505214111381,0.929280400833388,0.4502574690089365,0.3759303420394178,0.17973777348777348
0.0,0.31813471502590673,0.7039152088608647,0.1134567274218466,0.478254689945684,0.5610022824838751,0.4571936056838366,0.33863619554766605,0.9353244032554956,0.4756162816417734,0.4060632860863012,0.3299549549549543
0.0,0.254231433506045,0.7132113317292219,0.1409667999860166,0.4748271537049581,0.5645297300282656,0.4515097690941386,0.3381480659714513,0.9383504048901591,0.5108852909125837,0.4050355454066487,0.3069095881595875
1.0,0.17443868739205526,0.7211523706234282,0.16025734445293885,0.4688845630889054,0.5595628865139876,0.39857904085257545,0.3433325937430667,0.9423097861275632,0.5318405175834011,0.4086371047375167,0.2005509974259981
1.0,0.17564766839378249,0.7235563436289074,0.16440218113720567,0.4681913521753756,0.5649109820720768,0.3478554542384331,0.2669846904814732,0.9478640005749116,0.5713986829908555,0.35935914387148205,0.025619369369370724
1.0,0.21899827288428325,0.7223311330587083,0.15788260452956104,0.4703296017970685,0.5657497933563792,0.4056062141168524,0.446490644183122,0.9584673569295374,0.6354690214293552,0.4751096556358057,0.2700783421784172
1.0,0.2151986183074266,0.7200248261011932,0.1532232734126661,0.47002939627521095,0.5641813135975698,0.4103343465045592,0.4447008357370017,0.9619795705381846,0.6693595860920043,0.4733131311011958,0.2508264570372482
0.0,0.25181347150259065,0.7185947342687817,0.15250310277176266,0.4709181180527313,0.5650812859258473,0.4319486659912192,0.4887064566230309,0.9671294106476818,0.7111562743743107,0.4756605572517622,0.07945729568882845
0.0,0.2625215889464595,0.7140317262705811,0.14155401888382288,0.468673546534279,0.5703878905133523,0.44782168186423493,0.4855705938909846,0.9713214118514396,0.7628789460077359,0.4723610716342165,0.15756845796875402
0.0,0.3115716753022453,0.7104593103852916,0.13433036398119974,0.4712155214152197,0.5705079495427493,0.4836203985140156,0.5866577915834625,0.9752402612925511,0.8135532733047379,0.5566430795231213,0.5391184573002739
0.0,0.3379965457685665,0.7094816749655892,0.13514234162472627,0.4709487453148175,0.5776859705434678,0.5123269165822358,0.6574735596479548,0.9750037360267972,0.8394348380337244,0.6231579688263259,0.7759543486816206
0.0,0.29982728842832485,0.7124852444965972,0.14892667254549985,0.4702745121654993,0.5712353856862084,0.5035460992907803,0.618038606611937,0.9713988690818188,0.8250225646647342,0.6113639347127645,0.6941106400868854
0.0,0.2723661485319517,0.7143655455089997,0.15908823909758815,0.47082221395595697,0.5758144082352993,0.4927389395474503,0.6686709562902153,0.969118865965172,0.8176933839555965,0.6602203586592442,0.6614231160004196
0.0,0.3115716753022454,0.7121714631041192,0.1551544260288882,0.4719136681789309,0.5794932532806902,0.5160418777440055,0.713578877301975,0.9646939848200328,0.7929329454279495,0.6961903104313172,0.8513124721933852
0.0,0.3333333333333334,0.7117656592970121,0.15574005275931008,0.4708308765577309,0.5773009750688022,0.5217831813576496,0.7708453516751724,0.95858638457363,0.7724165449227303,0.7357706982580559,0.8047802500196558
0.0,0.2936096718480138,0.7113255993421457,0.15691360885184882,0.4668088275337641,0.5820811987718512,0.5359675785207699,0.8204200872716518,0.9527090715633622,0.7515679650025702,0.7237981299003231,0.8399103040429139
0.0,0.3167530224525044,0.7142684789285936,0.16597713221733842,0.4693602071941262,0.5811775893560417,0.5288753799392099,0.8268619184971522,0.948652425308146,0.7474753709964279,0.6852986038760843,0.867078379314325
0.0,0.2930915371329881,0.7176337728063213,0.1786849193577785,0.4668819939691939,0.5786223080349764,0.5292131036811889,0.8073663190592409,0.9445955063348932,0.7393558643255029,0.628954903970663,0.9296988990582298
1.0,0.2298791018998273,0.7189158261554209,0.18317870082007187,0.4639212655701354,0.5904724445943068,0.4942490962865593,0.8225057318245693,0.9396890701685016,0.7347119258130155,0.6383583639466672,0.9797005939305192
1.0,0.2825561312607945,0.723457050335492,0.1986463805501496,0.4697047733547418,0.5844218149086686,0.4929346040092015,0.7601360846091261,0.935454382072444,0.7502002745064351,0.6232223505963187,0.8838075810245403
1.0,0.22348877374784115,0.7262452606036292,0.20721555867875974,0.4641785543892799,0.5828924384540466,0.4981925731186331,0.6648546705125362,0.9312307901631836,0.7570928333860463,0.5337027713136232,0.8809766657646587
1.0,0.19101899827288432,0.7312232486551264,0.22150264401980474,0.4648748471883073,0.5958479666611781,0.4743952246308515,0.7661637452851127,0.9271285400807516,0.7668124868874411,0.5457876060810919,0.8966299619075376
1.0,0.21485319516407608,0.7303376301081892,0.2183826370241584,0.4671858046899587,0.5910465586069066,0.4554606467358145,0.7417942459877228,0.9190532726794192,0.7337204207802088,0.5753120792485822,0.9984071133089248
1.0,0.2100172711571676,0.72823020645768,0.2147349168879776,0.466029836089038,0.596411006189845,0.4246491763270287,0.7234524073663189,0.9130318330052992,0.7265570214615833,0.566523466788941,0.951028817454238
1.0,0.1986183074265977,0.729616189775923,0.2239365690006926,0.4651512547268986,0.5891906846608762,0.4331909701037219,0.7308039346202206,0.9070424114215332,0.7104099089981188,0.5740219342627292,1.0
1.0,0.17512953367875644,0.7319027870183619,0.23488411119722724,0.4662551740232652,0.5868729545087061,0.4173276388041489,0.7444937504622443,0.9006595985613328,0.6949860362815032,0.5830675169226079,0.9333352229245216
1.0,0.17081174438687402,0.7322958702409674,0.2377866736063689,0.4655992156357498,0.5917099484442327,0.4081757169005492,0.7426891502107833,0.8947728562089696,0.6888081236410104,0.5807904778551318,0.9813017960893028
1.0,0.17737478411053542,0.7333612740938811,0.2396774889564298,0.4661461192632476,0.5907850800327561,0.4032946918852959,0.7303601804600252,0.8890208702303108,0.6853363033573627,0.5746729632740272,0.9100743337160808
0.0,0.17098445595854928,0.7353967141444153,0.2460316588355036,0.4661656616399222,0.596022850321178,0.4224215246636771,0.7643221655203019,0.8822572588595003,0.6735033990550527,0.5524728126281357,0.9902909904868488
0.0,0.16200345423143353,0.7349268241402904,0.2442032284115389,0.4654537356352835,0.5935376225795522,0.4239809580482,0.8203757118556321,0.8741773368154366,0.6324712416038769,0.5829905688356279,0.9531652580124736
0.0,0.19343696027633853,0.7327566238354462,0.2377578735449987,0.4683448594416097,0.5949967734452835,0.4114846771794108,0.7930404555876052,0.8665053140425802,0.6031238902059971,0.6206796875431759,0.8918802075145426
0.0,0.18929188255613127,0.7305163241983677,0.2306642442230585,0.4714942947044085,0.5959402968855231,0.4058315977387682,0.7806301309074775,0.8616540041520422,0.595967828955443,0.604200032592397,0.9369595975475556
1.0,0.15457685664939552,0.7281554423779819,0.224914847985084,0.4706377068468921,0.5982735287924177,0.3629872061886344,0.6876266548332226,0.8555755407754102,0.6021609191287939,0.5859200167891484,0.9704022569191108
1.0,0.1977547495682211,0.7266204895028583,0.2212807853554,0.471525169480825,0.5938081850197817,0.3671526331448975,0.6708897270911915,0.8514465848677804,0.6144179052108758,0.622570703738807,0.9316357799503854
1.0,0.1654576856649395,0.7228788327882456,0.21266129697726133,0.4707198320952842,0.5805586071319437,0.3234156501041356,0.5838769321795722,0.8461853456884032,0.6188271144012567,0.6123009738423506,0.6840799649788403
1.0,0.16217616580310878,0.723447857331893,0.21402398239359155,0.4693500366437056,0.5935655616632151,0.2891996429634037,0.5562088602913983,0.8442159964577078,0.6497263651555003,0.5921101929412425,0.5251228172576485
1.0,0.16044905008635574,0.7237712525780966,0.2178831328069731,0.4695139587858506,0.5971450855601479,0.30169592383219285,0.5484283706826418,0.8446077320928074,0.679297805871445,0.6341072507452844,0.5130113332360532
1.0,0.17167530224525052,0.7269526985469272,0.2281739229171859,0.4710847428799411,0.5959774787858804,0.322523058613508,0.5671178167295315,0.8459205816643038,0.7065752197495309,0.6502409881771394,0.65491998638066
1.0,0.14749568221070808,0.7267903864268455,0.2268652287428348,0.4723006867964761,0.5984560652893751,0.3156798571853615,0.5340803195029956,0.8447595283257596,0.7173942151001944,0.6717813023515972,0.5833211732088142
0.0,0.18652849740932648,0.7253586011026691,0.22297032130949807,0.472999199152197,0.5993228161372423,0.32936626004165426,0.5745506989128029,0.8431337143024984,0.7434268879578344,0.6573904725117052,0.6496181720900832
0.0,0.22815198618307425,0.7222452692100623,0.21305944469001525,0.4743991383706626,0.6012463530037199,0.3731032430824159,0.7131499149471191,0.8405364801847419,0.774798004167746,0.7426625532006522,0.959628386594678
0.0,0.19671848013816925,0.7219801327521571,0.2159844659074699,0.4733422825004643,0.6000336038198281,0.3207378756322524,0.5955180829820281,0.8328772745362567,0.7568378501405033,0.6925557354826936,0.8860370296103192
0.0,0.20138169257340244,0.7211681325793009,0.21373378431123127,0.4743363862283163,0.6001373364616596,0.3445403153823266,0.6255380519192371,0.8304208940963862,0.7626891938005433,0.6811072320139945,0.9600628300247316
0.0,0.22314335060449053,0.7186819366988324,0.2083740203644177,0.4764770365161998,0.6032970907644092,0.3335316869979173,0.5983433178019376,0.8260905752781096,0.7592585837042689,0.7017671872999766,0.8817749492971524
0.0,0.24784110535405876,0.7127103922029816,0.19185925943359464,0.4757109117179778,0.6044066856981167,0.3451353763760786,0.6128097034243032,0.822833058849679,0.7759377750307401,0.6728157387538778,0.9362141408287464
1.0,0.25768566493955103,0.7055488620834958,0.17123318367790036,0.4758733477554142,0.5968484624120356,0.30169592383219285,0.5701575327268694,0.8190197301552955,0.7847695360901157,0.6312405310887711,0.7672060753051562
1.0,0.2936096718480139,0.7000212276574511,0.15664234546374342,0.4799994203945108,0.5958140868665519,0.2918774174352872,0.5707196213297836,0.8161105788631888,0.7804093036528299,0.6320004920234938,0.7905848674008985
1.0,0.29637305699481875,0.6953386827990301,0.14207758326551986,0.4766772225570055,0.5917917747883222,0.2951502529009224,0.6213297833000516,0.8129332774717672,0.7790900962639051,0.6822286083862201,0.7314222098524905
1.0,0.3174438687392056,0.6907446198981144,0.12944925426767548,0.4791485540341566,0.587160194107232,0.2891996429634037,0.6085644552917681,0.8094334309754299,0.7703770670617154,0.6713719465247588,0.6533736233151753
1.0,0.3443868739205528,0.6902713865224424,0.12626415160127188,0.4822151130657192,0.5901312261406315,0.26628979470395725,0.5488869166481769,0.8089868413648118,0.8059440346547709,0.6071071068235205,0.3633258618849397
1.0,0.2906735751295337,0.6940066100196591,0.13801061939858175,0.4797440505713503,0.5891512679054983,0.2612317762570664,0.4929738924635749,0.8108468727976899,0.8513247668957573,0.52829349904442,0.3682712491550128
1.0,0.2723661485319517,0.6984128452998095,0.1510849337145938,0.478073458174676,0.6006136692606165,0.2761083011008629,0.5655129058501587,0.8130328089626107,0.9062476357432052,0.569397939384487,0.5095883587718352
0.0,0.3207253886010363,0.7019757977097894,0.16544864717121455,0.4804216266154942,0.6070263363260726,0.30169592383219285,0.6181051697359664,0.8117741825237106,0.9504725168740636,0.5930165694712118,0.6802220087522673
0.0,0.2823834196891192,0.7067213736793759,0.18189003150868105,0.4764305799114033,0.5962480718659007,0.3061588812853317,0.6554322905110566,0.8088814027625209,0.9609695721602602,0.5826900991314816,0.7125630571487787
0.0,0.2284974093264249,0.7146610683294086,0.2055484546859927,0.474337570260334,0.5900889500916324,0.2906872954477835,0.7017528289327717,0.8051359488162293,0.9653627082654632,0.5819447703814165,0.7861860908224834
0.0,0.2186528497409327,0.7191978932581957,0.2176754566341901,0.4768742177245914,0.5975228453023851,0.2841416245165131,0.7108128097034248,0.7992627639742649,0.9304957851268424,0.5901282507606921,0.7383639509020521
0.0,0.2305699481865285,0.7229070413594638,0.2263234347978913,0.4746700312184467,0.6050039370066139,0.29723296637905394,0.7999186450706313,0.7954739546740901,0.9389621822957824,0.6028244236154822,0.7998795798675384
0.0,0.21070811744386875,0.7284968195533177,0.2394754729998004,0.4733106808777084,0.6067605824281662,0.32103540612912823,0.7876636343465724,0.7921003899311554,0.9563260911480138,0.5733965259571362,0.8835617845913568
0.0,0.18117443868739208,0.7324434762942339,0.24610407209922644,0.4706813061645168,0.6074939132151268,0.3234156501041356,0.7625101693661709,0.7877437891863956,0.9969462185040529,0.5272149503642243,0.9148599494461678
0.0,0.20069084628670125,0.7352898167371003,0.24923045484260786,0.4725086836530743,0.6013708139263308,0.3165724486759893,0.81213667628134,0.7799557882082382,1.0,0.5581244195644273,1.0
0.0,0.17098445595854914,0.7369409740367001,0.2520802838790972,0.4729297369289462,0.6013583918002556,0.2987206188634335,0.8544782190666376,0.7714321997123585,0.981718252016592,0.583751933567645,0.8772865527138758
0.0,0.15820379965457687,0.7401853137108679,0.2597372586803894,0.4719229342343813,0.6051158058235879,0.30377863731032434,0.8740551734339176,0.7670314138677989,0.9575960168657374,0.613947009105651,0.9504410212370052
1.0,0.16908462867012086,0.7418020411811022,0.26620452111288484,0.4694722326725409,0.6066059609758756,0.3127045522166021,0.7888617705790995,0.7616542934730803,0.9250367284863056,0.5573360206626112,0.9559843400447432
1.0,0.16666666666666674,0.742095115303963,0.26721480400845743,0.4690712991156186,0.6039083172829289,0.3067539422790837,0.8516012129280381,0.756325821948107,0.9077656822167957,0.5330125410979605,0.95909768829232
0.0,0.1944732297063904,0.7428094030396104,0.27046149540228426,0.4707270499604025,0.6032193077305285,0.3546563522761084,0.8640115376081652,0.7486278126108361,0.8637121442328562,0.5393669653842977,0.9592917362975756
0.0,0.19792746113989634,0.7393397322702895,0.26041367167581336,0.4674335862612586,0.6057350846259757,0.35882177923237146,0.8499223430219658,0.7412936716016005,0.8288301003609693,0.5829639819407041,0.9445706667668092
0.0,0.24421416234887736,0.7343955086765759,0.2442101771498044,0.4721375283793526,0.6078339972625092,0.3540612912823564,0.8843354781451074,0.7349592284097948,0.7969430607377048,0.5448887782496776,0.9847683274228232
0.0,0.2487046632124352,0.7291426107604566,0.2300004992531152,0.4721225306981359,0.6098020679494941,0.33055638202915805,0.7832260927446199,0.7272739503101866,0.7740954592870397,0.5310378322515632,0.8373561792821846
0.0,0.2509499136442141,0.7280854819268383,0.2281032989293936,0.4722853280005537,0.6085655840589133,0.3269860160666469,0.7847348568892836,0.7223695172356823,0.7802109998505571,0.5318526072391608,0.8328340552195239
1.0,0.2516407599309155,0.7306437544025719,0.2387113643652669,0.472431888213976,0.6075724083145202,0.33115144302290994,0.7957547518674658,0.7150142981080749,0.7745053560174604,0.5375803261028925,0.8116926482092777
1.0,0.2309153713298792,0.7349805425151816,0.24945391793111865,0.4706855282970865,0.6046952135662158,0.3418625409104434,0.9046372309740408,0.7071164467757621,0.7370156060807775,0.5643058236249588,0.9585948978228932
1.0,0.19257340241796195,0.7373340179440493,0.2528576749150594,0.4698218478633751,0.6055756954573858,0.30734900327283543,0.8748613268249394,0.6949194804357028,0.6741932421714039,0.5530704776593676,0.9824309721652952
1.0,0.21157167530224524,0.7374141201349278,0.25009266940107666,0.4716267869281867,0.6107635426839371,0.30080333234156503,0.8979809185711116,0.6823138580319159,0.5671689739667771,0.5646605876845664,0.993641640571298
1.0,0.22400690846286708,0.7356248657756697,0.2468146627498968,0.4694013371126812,0.6093068670071821,0.31300208271347824,0.9845203757118558,0.6725138654778648,0.5167147170918793,0.6036185309034658,0.9712132279699844
1.0,0.2253886010362695,0.7342625503272375,0.24659831698366602,0.4693875347909462,0.6106131706091794,0.3061588812853317,0.8161896309444565,0.6630622474172148,0.4696198548321775,0.5124633293131329,0.962203860305984
1.0,0.25060449050086364,0.7307333018082374,0.23977428380908886,0.4685635525878615,0.6031377483079489,0.3216304671228801,0.8031876340507358,0.6574659664555011,0.4727883923082806,0.5082963553221135,0.9848906208484638
1.0,0.25958549222797944,0.7283156532453974,0.23798249211864506,0.468651012071324,0.6012842393227613,0.27997619756025005,0.7343317801937725,0.6495661192653437,0.4553438322773919,0.4808275601150728,0.8
1.0,0.25785837651122634,0.7274001539576709,0.2314986525516186,0.468768872446833,0.6050248008829047,0.2948527224040465,0.7708083721618224,0.6448676195969316,0.4396736675124479,0.5089784232221323,0.8900516913031652
1.0,0.2670120898100173,0.7281718638143924,0.22981473641731764,0.4662578873739858,0.6007952540677416,0.3094317167509669,0.8330227054211969,0.6352369636452586,0.4073283242858366,0.4950439065982821,0.9793597533327294
1.0,0.254231433506045,0.7294018465450938,0.22551418529024705,0.4639537323046941,0.5951966252137769,0.2686700386789646,0.9046963981954,0.6242545259812617,0.3546704965599685,0.5306200806673516,0.983891658114646
1.0,0.1761658031088083,0.730749975256312,0.22913966859303206,0.4558167583227734,0.5959386416932779,0.1642368342755133,0.7578729383921305,0.6167622577097298,0.3296019351605704,0.4971696802356238,0.7811755509231684
1.0,0.18134715025906734,0.7357263484552783,0.2417734171423188,0.4527916799781941,0.5959256389211021,0.1681047307349003,0.6994674950077657,0.6170666911629206,0.3425946631016312,0.4532293035576046,0.786982578916021
1.0,0.17910189982728847,0.7388382213683014,0.2487252065596811,0.4536186880113049,0.5915342668021598,0.20589110383814346,0.7362473189852822,0.6178857213472506,0.3424877869187598,0.4754140561893678,0.9670562835020842
1.0,0.16459412780656302,0.7425583506292406,0.25920233513387625,0.4508282303034958,0.5758935144612028,0.17108003570365962,0.5894904223060425,0.6132602937095553,0.2987735330689682,0.4468572987343766,0.9601777699551176
1.0,0.1414507772020726,0.7434360726380969,0.2636293864487543,0.4510507721526651,0.5850540276080851,0.144302290984826,0.5890318763405075,0.6121686292351649,0.2928050813576341,0.4469243428916176,0.9050779510022272
1.0,0.15820379965457687,0.7433071788856165,0.26414002712339546,0.4493295381947451,0.5817268316919461,0.1475751264504612,0.5354929369129501,0.6111303390701976,0.3036599262867288,0.4185667279781891,0.9300445434298444
1.0,0.18134715025906734,0.7417805942197311,0.26226213380188923,0.4483633539765461,0.5846727051359479,0.15084796191609642,0.4436358257525331,0.6103766447847874,0.3287090374246249,0.4258950706479193,0.8232770883942837
1.0,0.2067357512953369,0.7409913085725792,0.2617192365775717,0.448131222145478,0.5832399436116334,0.178220767628682,0.4760150876414465,0.6090479232256021,0.3047205125114624,0.4406289133486939,0.8384339136544614
0.0,0.21139896373057002,0.7432667617732085,0.2725554058204607,0.4486495908669033,0.5824827385322883,0.17762570663493005,0.5112417720582796,0.6039779595566563,0.24493082083815004,0.457308940901581,0.7979168621563288
0.0,0.1835924006908463,0.7460469677498898,0.2827187589814277,0.44899625140425575,0.5864189221391647,0.16393930377863725,0.5054359884623918,0.5975368616077403,0.16353532178382027,0.4545951107433999,0.749160176409871
1.0,0.16286701208980994,0.7505768050552997,0.2986074351484561,0.4450867527313212,0.5837753018131155,0.122582564712883,0.4855927815989942,0.5944928160487617,0.1391766879082536,0.44483597019264093,0.6173594820305899
0.0,0.17184801381692574,0.7520734860074278,0.2993312072434092,0.4472213120548963,0.5870717228185227,0.16393930377863725,0.3702906589749277,0.5936033513222354,0.1428485156942838,0.4445954196707744,0.5833911982734351
1.0,0.18376511226252168,0.7522807386855871,0.2947190252866759,0.44798559101069735,0.5729656965929933,0.14608747396608165,0.3334368759707121,0.5971903389877982,0.1855177773398051,0.4247663594191852,0.4812799099183637
1.0,0.16252158894645946,0.7509761063999787,0.2837858898673673,0.4428486374121835,0.58822415343966,0.08182088664088068,0.09010428222764556,0.5991816563492591,0.18823969347952152,0.3530415974934084,0.14768271219933976
1.0,0.20138169257340235,0.7548687651857344,0.2948936174954817,0.44506715696399823,0.5814819804816921,0.139541803034811,0.2834109903113675,0.6071203277230974,0.2265357764330248,0.3919198943865884,0.401064709380757
1.0,0.15164075993091547,0.7607947711281529,0.3136672371902445,0.4426446920231148,0.5774903806588149,0.11752454626599235,0.3134235633459063,0.6067192613698198,0.2293892681090463,0.4086907176547804,0.3682530933143797
1.0,0.1305699481865285,0.7675900346361861,0.33275468216316795,0.4436883703832932,0.5810072066238854,0.1068134483784589,0.267176983950891,0.6065614444501006,0.24945968211772346,0.4359746232685392,0.3365729122847736
1.0,0.11381692573402424,0.7776490872351269,0.3554248132203913,0.4443436267982847,0.6400155455464827,0.08211841713775665,0.3460468900229274,0.6086492484621975,0.2633254843543303,0.4306056966362977,0.3370515963387923
1.0,0.02176165803108809,0.7861999693267899,0.3730223723519367,0.4380346737802078,1.0,0.055043141922047054,0.31884476000295825,0.6086633298410613,0.2319569387681427,0.4650454058630686,0.2864561423867476
1.0,0.0,0.7962559074529291,0.3974521453278482,0.4326051518286351,0.6724382806269447,0.0008971291866027986,0.23359218992678046,0.6121933629080699,0.23141064220387844,0.4021409561916625,0.002117313785903468
1.0,0.006044905008635582,0.8002991406389799,0.4047213567493253,0.4349397376578388,0.45178210311092293,0.0018662519440124019,0.28338140670068784,0.6220990870305123,0.230466103257186,0.4243841225639508,0.02091396975117926
1.0,0.02020725388601036,0.8061770731302251,0.4183559641881902,0.43339876582262005,0.5690408844376007,0.01160966426106048,0.3807410694475261,0.6319376923965894,0.25702330183140554,0.4294914113646137,0.08375625572707363
1.0,0.011744386873920598,0.8089803463447747,0.42176711004259604,0.4334810182929921,0.576528643906084,0.03137747097583935,0.3949633902817839,0.6416987176336735,0.2747716734936171,0.4372514644957389,0.046088991084755136
0.0,0.06234887737478417,0.8104604988533628,0.42126651773717416,0.4367373675403629,0.6023857607097057,0.0862880451835582,0.3688558538569631,0.6517141989117088,0.327495680114992,0.4269861141844147,0.12978102189780946
0.0,0.0713298791018998,0.8118472220684978,0.4238173192685016,0.4368819155600082,0.5896016858955645,0.06714778788829623,0.3349530360180457,0.6566438094747775,0.3370472867308489,0.4560946712659299,0.0581995133819942
0.0,0.04766839378238336,0.8121330674417502,0.4232630608319655,0.4383858168133532,0.5798622075994491,0.06652023846877934,0.4831373419125807,0.6608862865866267,0.3300213485399396,0.4905655001739478,0.25577517288734153
0.0,0.10172711571675297,0.8149352713968654,0.4312170838402432,0.4415467594328857,0.5868717762637408,0.09978035770316912,0.539997041638932,0.6613114919002092,0.32017349182169696,0.5226190050732307,0.4588013144342538
0.0,0.09896373056994824,0.8164368341272281,0.434177906430975,0.4418008467468143,0.5741007593689303,0.11515531848133047,0.569255232601139,0.6630380124654864,0.3425288043185037,0.4888779390122708,0.4823924665260678
0.0,0.08531951640759933,0.8197931157986627,0.4432064197538879,0.4439383625605577,0.5763471226245114,0.1095073737056794,0.4277864063308928,0.6654700038201964,0.3883621069149139,0.4624812165557535,0.3547746333807445
0.0,0.09948186528497416,0.8211225307695205,0.4451496661770516,0.4419353672423585,0.5808869262784444,0.11421399435205525,0.3530064344353228,0.67110889989593,0.43159646236747257,0.4772682396788946,0.3103143852077098
0.0,0.10552677029360974,0.8235589710461308,0.44992625949893017,0.44194673622340747,0.5743720915754271,0.09758393473486036,0.3130315805044004,0.6746222955638121,0.436514948647556,0.504931092296189,0.20388444749619852
0.0,0.0987910189982728,0.8264105670763977,0.4517880441924163,0.4423963111680723,0.5801425142079377,0.1305302792594916,0.4712817099326974,0.6779826890573066,0.4167120884964091,0.5348319248785527,0.5418117612438078
0.0,0.1193436960276339,0.8301065717683369,0.4574304381117209,0.4414712747933762,0.5830427975030061,0.15374960778161276,0.5070408993417647,0.6764591599476497,0.3672679921608518,0.553765614095265,0.5305802148217177
0.0,0.17202072538860114,0.8319609666369139,0.4543436454442288,0.4450872664309899,0.5869766004413706,0.2450580483213054,0.6209082168478667,0.6767320548084619,0.3474003537593604,0.6163593494635969,0.9431065770758748
0.0,0.14991364421416242,0.8333888488843726,0.4525713271361204,0.4453577058624406,0.5848138587201099,0.2117979290869156,0.5309740403816287,0.6699100889604503,0.2785585727787563,0.6161541998903295,0.8336486523539258
0.0,0.1421416234887738,0.8345124705284068,0.4490132829406319,0.4437264294803237,0.5805022159350167,0.1885786005647944,0.5677316766511352,0.6641091528804881,0.21580529297304074,0.636159786685982,0.6603602862548338
0.0,0.1614853195164076,0.8364977276010908,0.4503270875766329,0.4425617973198415,0.5792414722714152,0.20646375902102287,0.6595222246875232,0.6578827351003679,0.14419606073331115,0.6363497960098807,0.7719283814537592
0.0,0.12987910189982732,0.8380225751175538,0.4532345903136078,0.4416894491393186,0.5781165309516465,0.1716347662378412,0.6368685748095555,0.6521540232102141,0.0967627269950655,0.6272346175281759,0.4805077311108677
1.0,0.13920552677029366,0.8416801584400149,0.4611573540526559,0.4390767722364161,0.5781618686348909,0.17194854094759954,0.5993861400783964,0.6524884324603881,0.0877539611519384,0.6034555589794611,0.5586429193233423
1.0,0.10898100172711572,0.8432998480219749,0.462612299056186,0.4384492483970052,0.5766593495990471,0.14182616881079374,0.4684342874047779,0.6522092833787636,0.07750306870218943,0.5826656712083741,0.3793614568383416
1.0,0.12452504317789292,0.8450410555122301,0.4650174802680668,0.4366424832522921,0.5776603894030431,0.14621901474741125,0.5679535537312329,0.6577297671660916,0.10495978766129266,0.584011860980483,0.4123473637155032
1.0,0.14542314335060466,0.8471453200152335,0.4690614684908853,0.4357325533858212,0.5727516231843871,0.16441794791339825,0.3734708971229935,0.6607320120240441,0.10412336289834184,0.5464276266869319,0.29576735759828743
1.0,0.10345423143350603,0.8501495516908144,0.477143542962407,0.4333131859849149,0.5821741969643032,0.12205836209601507,0.3964055913024183,0.6683663353416059,0.1347987441294703,0.5050873379371815,0.3611509775780535
1.0,0.120552677029361,0.8539925407321474,0.4860617057718861,0.4322592482601103,0.5747517625013974,0.15280828365233756,0.5242807484653502,0.6725011287138489,0.1362694312692771,0.5129859314336837,0.7154083241182984
1.0,0.11882556131260795,0.85510156238756,0.4869556527918615,0.4316122153211791,0.5700619934612555,0.14088484468151874,0.515723689076252,0.6729056280213173,0.1385946334173953,0.5087659398299347,0.7540408912312082
1.0,0.10708117443868742,0.8563346781321408,0.4852359454544429,0.4283713440113488,0.5949680119427762,0.09570128647630992,0.3602026477331555,0.6731176964178556,0.13928591175342284,0.4820840402208539,0.4793308707620642
1.0,0.10535405872193436,0.8579870707544381,0.4819964848584706,0.4317080020562911,0.591573740452068,0.09287731408848447,0.3624731898528216,0.6755633605875444,0.1490153282671242,0.4831373803774273,0.4774311090867688
1.0,0.09395509499136434,0.8606042293720437,0.4833336296665395,0.42913186103653067,0.5680802966323951,0.06557891433950412,0.4305672657347829,0.6772902507835981,0.13476436148106047,0.5188992294050627,0.409246185379185
1.0,0.12417962003454235,0.8619072785204109,0.4834512735070766,0.4302461050644628,0.5777774244972376,0.11766551615939755,0.5023223134383551,0.6784221070993364,0.11108832905872773,0.5519389104124685,0.7263493509451144
1.0,0.15457685664939552,0.8622771748826579,0.4835183668198132,0.4306972353562716,0.5714622100436846,0.13837464700345142,0.6270468160639004,0.6774364337762253,0.09137381834122517,0.5630699853285388,0.9153268048280568
0.0,0.1708117443868739,0.8624987600879384,0.4822777990355819,0.4292055730412301,0.5750854663232816,0.1481016630059617,0.6114488573330377,0.6747298351534898,0.07386872241973974,0.5543604067316535,0.9395809610567064
0.0,0.16563039723661488,0.8632838445461941,0.485190488434449,0.4281565437398645,0.5668254294324421,0.13617822403514265,0.4367206567561568,0.6729348043928223,0.06503604856889439,0.5234290990187134,0.7661125028467315
0.0,0.16718480138169256,0.8651768047561013,0.4903264802377558,0.4277248561448211,0.563769366577241,0.11892061499843112,0.3859034095111308,0.6745607266558578,0.06895431501044152,0.5498057387515051,0.6126564222265446
0.0,0.18186528497409335,0.8669063059131656,0.4944146557083205,0.4301537803357639,0.5676803619208399,0.14872921242547854,0.3576288736040233,0.6764620391574674,0.06804198004250689,0.5388785840046598,0.5945325292543635
0.0,0.18825561312607952,0.8679906873549343,0.4970094759166949,0.4273319044698645,0.5930529328140415,0.15123941010354566,0.3421492493158791,0.6792108628774765,0.0695620352553436,0.5336975679219442,0.5822934928328343
1.0,0.1623488773747842,0.8691642771853091,0.4960422665495293,0.4209762720037731,0.5906936399530501,0.07373705679322251,0.1942755713334809,0.6795819826548826,0.04404451510131169,0.5153297546706406,0.35770954409412725
1.0,0.1514680483592401,0.8716174361490361,0.4982814338174562,0.42267620173915627,1.0,0.059303420144336386,0.14586938835884894,0.6836360316441865,0.030404343469022318,0.4796945850023571,0.2106329188781623
1.0,0.12487046632124348,0.8758691019188631,0.5022968613167372,0.4210163202942258,0.5907395089613322,0.01851270787574521,0.07951334960431877,0.6896142810268633,0.02769496526390114,0.4851058356052829,0.09836669170385423
1.0,0.1421416234887738,0.8802277542479562,0.5096501033703412,0.4243051414402789,0.5890295550351028,0.02562439182614334,0.1177723541158201,0.6990530845236662,0.04412824712316349,0.5000298656309519,0.10256126482213493
1.0,0.1468048359240069,0.8819869345728182,0.5094316915449267,0.4251313243275508,1.0,0.028086218158066608,0.20804674210487376,0.7070320535490724,0.058842388134596864,0.4865803075399328,0.2091458972230224
1.0,0.1578583765112263,0.8809288980949674,0.503331954647667,0.4254777514327217,0.5799081859089542,0.0009797517962115477,0.1326529102877001,0.7123609279533556,0.06260305017628638,0.4070222563412821,0.004913505362498248
0.0,0.2181347150259068,0.8760074866543781,0.4855640619579179,0.43116910608647774,0.5013855445792743,0.04655001650709818,0.2762443606242145,0.7233778029388434,0.10807448034652156,0.4778783118057048,0.2316228601960505
0.0,0.26873920552677033,0.8732571080805773,0.475320522548034,0.4347923937526045,0.534463599979056,0.025320729237002033,0.2562162561940682,0.7278127812147093,0.13237383638474026,0.5229170226109794,0.19765116378026487
0.0,0.274784110535406,0.8748691033116887,0.4759801612799466,0.4361460401279729,0.4979409264529823,0.05097906819716402,0.24794024110642696,0.7328316256930241,0.15962395044063155,0.5120366383760219,0.1501425471256546
0.0,0.24352331606217614,0.8795091281005479,0.4872816396663098,0.4355351192479786,0.5186877967004682,0.0384875084402431,0.2575918940906732,0.7378498851603803,0.17951635966517626,0.5179455333924333,0.20969320454448734
0.0,0.2721934369602764,0.8839138868834526,0.4978284590262124,0.4363582571069014,0.4974252375874708,0.07359891964888589,0.3676059463057468,0.7427148199074136,0.1972747064545175,0.5455509299659576,0.4086634611293145
0.0,0.2664939550949913,0.8874538122646565,0.5049730005025913,0.4391085294945665,1.0,0.06684672518568525,0.3688188743436137,0.7436480395288441,0.19272739031889652,0.546367061078349,0.41470575720182135
1.0,0.22659758203799665,0.8916285643247941,0.5157108320754138,0.4361853908324146,0.4809809769834568,0.02194463200540171,0.3031210709267064,0.7465785661720616,0.2036353209091082,0.4638705909103169,0.15512105867835474
1.0,0.2347150259067358,0.894725781403612,0.521230800176217,0.4337964957426147,1.0,0.030722484807562345,0.2888469787737593,0.7539551969366722,0.23071288730011086,0.4565867321631771,0.24494702353091385
1.0,0.2348877374784111,0.8963096942872409,0.5311851551392673,0.432861270100082,0.37907702373472296,0.00033760972315995987,0.23263072257969056,0.7604614165653432,0.24653115843257886,0.35858006335178344,0.06269945959746448
1.0,0.2647668393782384,0.8971031993164194,0.5369784903531992,0.43427681025526,0.4373963738220009,0.012009890498057094,0.2973300791361587,0.7702871192963292,0.2781124714429196,0.3915987541857184,0.0010019060651968491
0.0,0.3031088082901555,0.8981531083890062,0.5462793495563749,0.43666636641539386,0.5734767759877883,0.0011231748408836069,0.3935581687744992,0.7800570717879289,0.3065640262064282,0.4661115786159439,0.08976798653297308
0.0,0.3262521588946461,0.8989324874822904,0.5466152081422869,0.4366597027246199,0.6319339385095124,0.010732081257186709,0.3980400857924709,0.7857062505732109,0.3199551031093827,0.4704673719159299,0.14751518700139055
0.0,0.3386873920552678,0.8991081598870665,0.5451224791253864,0.43500042229808794,0.6384096001826568,0.010228166797797209,0.4495969233044893,0.7911544321218527,0.3256333264497091,0.4763968707627438,0.16492364645996996
0.0,0.3711571675302245,0.9009975684495208,0.5498054712376279,0.43626867835065575,0.5948646270835201,0.019992003198720517,0.4836032837807851,0.7959143894084619,0.3329209648503891,0.5152819365741238,0.3238399634724033
0.0,0.3739205526770295,0.902142326936707,0.5551646695736349,0.4370477459732636,0.6042555518213087,0.061175529788084826,0.504171289105836,0.8000429777897291,0.3529764154282741,0.5415338597789385,0.8206152616859803
0.0,0.38203799654576864,0.9044459141631139,0.5615336180581657,0.43821523409367374,0.5941098052014033,0.06037584966013587,0.4484579542933215,0.8016037042470456,0.3731569676592758,0.5229035089995381,0.639603457041182
0.0,0.3766839378238344,0.9064107871328207,0.5653881586636819,0.4372107202207344,0.5978206202132429,0.037984806077569086,0.4399822498335921,0.8029643286162005,0.39032412377132375,0.5142162597276443,0.6527116587323821
0.0,0.3713298791018999,0.9092126009670872,0.5698913085542515,0.436592974588177,0.5817364519551497,0.05037984806077561,0.4471858590340949,0.8036361725132659,0.40826230418491705,0.4732167932418301,0.5805652981225484
0.0,0.3658031088082903,0.9128055999549598,0.5799246434412985,0.4393676000192274,0.5817461316271103,0.03838464614154342,0.40378670216699897,0.8035642111333974,0.4150055442827158,0.4733887483111862,0.4633578906552918
1.0,0.3582037996545769,0.9136354490486941,0.5828448340919126,0.4419730218915153,0.5461272340840047,0.03478608556577359,0.40137563789660535,0.8043944744765399,0.4286945768442677,0.4688739686703083,0.3711059619699159
1.0,0.38877374784110535,0.9139494974107758,0.5851054708965624,0.442852561484954,0.5849755806901028,0.04758096761295473,0.4241624140226312,0.8046693482899205,0.4180565040748844,0.4450857736165639,0.441943433005994
0.0,0.4044905008635579,0.913242107441932,0.5816890662844196,0.4415766672198299,0.5828320143362229,0.06837265093962419,0.4717920272169219,0.8035573844149557,0.3914242158695857,0.4550797347940324,0.5296995108315873
0.0,0.4191709844559586,0.914981075516613,0.5846341894352062,0.4401373869089624,0.58061343138573,0.08956417433026796,0.5101397825604612,0.8015502136140908,0.35690453632757124,0.5004929661995705,0.4887270587369891
0.0,0.407944732297064,0.9175554845741816,0.587914014291032,0.44215449451877015,0.5431461732406121,0.07996801279488205,0.5242437689520008,0.7999671354831479,0.34123017973106234,0.4659582807898837,0.5436757512229227
0.0,0.3967184801381693,0.9212440809121479,0.5943457950482417,0.4441290483754773,0.5644230702768622,0.06597361055577762,0.4966940315065456,0.7981636951817346,0.330255273536477,0.4344580585958861,0.34054213100886405
0.0,0.3918825561312608,0.9229041731769464,0.5953258819175042,0.4434949234908093,0.494713724864463,0.07197121151539372,0.5265069151689962,0.7982626744678525,0.327896653067966,0.4180285306195371,0.3449556806061269
1.0,0.4031088082901555,0.9255094439743488,0.601548577342845,0.4450086866496848,0.5429229840668414,0.05237904838064784,0.5035500332815626,0.7985693172610533,0.31629749371515625,0.3927648396001675,0.22292103424179086
1.0,0.3929188255613128,0.9259919463872086,0.6031562121208258,0.4436991951413959,0.4947951081684636,0.06837265093962419,0.5465572073071521,0.8005561291185004,0.31354306434426144,0.446397826739767,0.44918901026150265
1.0,0.40967184801381706,0.9298438715040958,0.6146422594145745,0.4461147137979815,1.0,0.05997600959616154,0.5513497522372605,0.8013824621988709,0.311485648706106,0.4521452329209159,0.4136967155835093
1.0,0.37789291882556136,0.931563709218686,0.6171326189991476,0.4451639301043975,0.4954131192319698,0.039984006397441034,0.4711411877819681,0.8023875939312384,0.3167689551781479,0.4000426217168635,0.2086873367906128
1.0,0.40155440414507776,0.9349412664694114,0.624705599958555,0.4450624242410044,0.5193173387583482,0.028045207199665204,0.496339028178389,0.8062041575408878,0.34146150897400834,0.3817656217217463,0.2592503700147988
0.0,0.4105354058721935,0.9353331147552206,0.6226811401439953,0.4427417953309215,0.5099686811565168,0.008695652173913167,0.4954958952740184,0.8093195115488994,0.3603922022179286,0.3807719150344308,0.2981319252770103
0.0,0.4269430051813473,0.9349969396957416,0.6213849172223613,0.4414721032468968,0.5742769688070201,0.00966183574879222,0.4377856667406255,0.8130807897864307,0.3942148647326886,0.3623563449228701,0.22924916996679684
0.0,0.4523316062176167,0.9371859499802012,0.6272317127262452,0.4415738207681042,0.4096636848515512,0.0013537906137184627,0.41831225501072383,0.8177727833121868,0.42672614179965707,0.3449493497982661,0.29329173166926586
0.0,0.4601036269430052,0.9403505157351544,0.6375431783147316,0.4428618310671663,0.5367836204071397,0.02832031249999992,0.4642556023962722,0.8212837960370023,0.4561993221669629,0.34380527140619177,0.5302212088483514
0.0,0.4606217616580312,0.9446065102983651,0.6526039533426831,0.44294535642505295,0.582008527362388,0.03323558162267838,0.5141705495155686,0.8218279672484661,0.4571392692755509,0.3548517896149413,0.7596703868154726
0.0,0.4664939550949915,0.9448319379598932,0.6563655825325716,0.44381285445434704,0.5855826013198215,0.05278592375366595,0.5518674654241554,0.8201451564266597,0.4623768642326964,0.3520952432004719,0.8616744669786793
0.0,0.4882556131260795,0.9446913297041633,0.6593547822875225,0.4432280111260248,0.6067685094357853,0.05865102639296201,0.5553657273870277,0.8168237758929053,0.4665618538087319,0.35628067207359576,0.8261130445217798
0.0,0.4896373056994819,0.9444584683130326,0.6626766320011102,0.4434275391105809,0.597292189587262,0.056695992179863326,0.6124916796094964,0.8140710806318958,0.4642222065052735,0.3756436044857636,0.9760390415616632
0.0,0.4943005181347152,0.947695687299871,0.6759440276890063,0.44410974973398104,0.5877196383091757,0.07135874877810365,0.5955106870793581,0.809379662911063,0.4504210013129185,0.4131256760448577,0.9684469103384024
0.0,0.4766839378238343,0.951330854278048,0.6902276929632641,0.4415864862178438,0.5813489112810813,0.0884652981427176,0.6033799275201539,0.8066195166905656,0.4434641390284444,0.4221869298314393,0.9542457805907181
1.0,0.455440414507772,0.9561914382699204,0.7054171734875675,0.44225748283921457,0.6142341299382228,0.03861192570869986,0.5223060424524816,0.8045225682166066,0.4551991194161914,0.3647479549838247,0.8311132031066125
1.0,0.4402417962003455,0.9605020499154396,0.7172846918852017,0.4401641011634412,0.6086051654963712,0.04154447702834806,0.4361733599585832,0.8041030566540182,0.4591830713819946,0.30778252103981546,0.4880333433592581
1.0,0.4300518134715027,0.9664913444411999,0.7348993295963369,0.43882303987768856,0.5813179363160039,0.05131964809384185,0.4394645366466978,0.8040980660342558,0.4586174529046753,0.3123352268650258,0.4702874575688567
0.0,0.4189982728842833,0.9697336307761508,0.7474012422360932,0.43753127385769175,0.5799645225371726,0.08895405669599217,0.4662007247984615,0.8037635221801421,0.43160647482990655,0.3480996855989113,0.3930305504232352
1.0,0.43316062176165815,0.9722927341027754,0.7610770217379383,0.4393770308714629,0.605984388828439,0.07771260997067465,0.4189187190296578,0.8039510722011819,0.4146562299506157,0.3353653340461253,0.22498173849525105
0.0,0.4307426597582039,0.9729843043200396,0.7641492891553031,0.43909640173329817,0.5836188803818626,0.08944281524926713,0.4190962206937351,0.8069160170824401,0.4051446529362667,0.33556114245260377,0.2157865337515552
0.0,0.4934369602763386,0.9756950850070378,0.7656002779474254,0.4473793749397889,0.5979893278559036,0.2683284457478007,0.4089712299386137,0.8102691111975981,0.41522808501241787,0.32656491296045315,0.2194675613263032
0.0,0.4872193436960277,0.9769689860367728,0.7637224216387404,0.4465397041978892,0.5952384572735381,0.272238514173998,0.3752089342504252,0.8136144273625279,0.42374598181657774,0.333613270703019,0.14918739924186594
0.0,0.5034542314335062,0.9774317689870772,0.7637309612923091,0.4449470620938554,0.6025805378737743,0.3147605083088956,0.4274831743214261,0.817113532788903,0.4345018228395969,0.34460601678721986,0.1728459530026113
0.0,0.5108808290155442,0.9764482936108536,0.7657579537465735,0.4459355015959383,0.6034061374359021,0.30840664711632465,0.45362769025959604,0.8186720705724595,0.4309775681242387,0.3817924520252608,0.14905715114592213
0.0,0.5169257340241797,0.9755360960567192,0.7665915293453688,0.44674872144567,0.5955817494641211,0.3025415444770286,0.4542933214998886,0.8208956648699497,0.44176834746842697,0.3826158143710866,0.21206846533216936
0.0,0.5352331606217617,0.9742829819605474,0.7648743713595638,0.4454070731914822,0.5690967426690056,0.3528836754643205,0.4907773093706089,0.8221380357599499,0.4454895353253029,0.4239514924529144,0.5648970118944008
0.0,0.5670120898100174,0.9734187572782708,0.7637841764255385,0.44584330982405374,0.5687334224200894,0.4027370478983383,0.5928629539235264,0.8221063027998896,0.4525274632324541,0.501419316236916,0.8105599071656528
0.0,0.5578583765112264,0.9725069211412578,0.7619451398308729,0.44472700365252577,0.5826463729552356,0.3758553274682309,0.5521780933362915,0.8196633995315259,0.4408607903388944,0.4974744025887039,0.7937917029300837
0.0,0.5531951640759931,0.9712106595915496,0.7590811170681407,0.44785925946685134,0.5997288986483842,0.3685239491691104,0.5553731232896971,0.8184487143059436,0.4411588836107944,0.500836346638715,0.7350159559036831
0.0,0.5626943005181348,0.9690591925997996,0.7532825256984085,0.4493113664882533,0.6064461358567156,0.33724340175953105,0.5597662894756306,0.8157602221952359,0.4155923287077376,0.5055602558838033,0.5872352770525062
1.0,0.561658031088083,0.96488530270615,0.7403366476019783,0.4493338651103416,0.6067642284466288,0.30156402737047905,0.5875231121958433,0.8127894174190728,0.3857551160769634,0.5323974412425987,0.561895901173308
1.0,0.583937823834197,0.9625102688106182,0.7337748960697893,0.4525690388303951,0.5984706988405835,0.29472140762463345,0.6130167886990607,0.8113247407327995,0.3706127415240131,0.5555725382932883,0.4763446738719057
1.0,0.5951640759930917,0.959521365502926,0.7261592025957753,0.4540806025361409,0.6077247110760815,0.3392514395393475,0.5809185711116045,0.8111684917471462,0.3739038591770113,0.5177891666441906,0.5568948525509826
1.0,0.6018998272884284,0.9587672850892809,0.7264657096881074,0.4553258000684957,0.5997795280978729,0.31489361702127644,0.5913541897788626,0.8119659644722035,0.3959203718070109,0.5267296669046139,0.5385508592661399
1.0,0.6034542314335061,0.9583101256665344,0.7257920117207277,0.4554182569082528,0.6152017830477422,0.3417366946778712,0.6555062495377559,0.8121026546529873,0.4027333584612624,0.5468294496018218,0.7677327317364468
1.0,0.5816925734024181,0.9610247191433988,0.7334950450072947,0.4563320219505878,0.6113273463821632,0.28898225957049506,0.7221359366910732,0.8116835291506219,0.41638731045686944,0.5728746847658671,0.9625354717342092
1.0,0.5392055267702938,0.9624889336225853,0.7378338727949108,0.4540140942264807,0.6145264070593681,0.23924109208699684,0.6527253901338657,0.8089322623812851,0.4019055866093637,0.5299784536422018,0.936342740390756
1.0,0.5521588946459413,0.9659633984036646,0.7481811033637924,0.4559048067027453,0.6121852672449789,0.2369273484497917,0.6289919384660894,0.8088763718255416,0.4154565951717813,0.5132372201411136,0.7635359468777942
1.0,0.537651122625216,0.968867790742082,0.7573341633471468,0.4536448335962346,0.6141968154690826,0.2609902822767238,0.5679905332445825,0.8095884817363264,0.4234362127203923,0.448882628717924,0.8468003207698469
1.0,0.5288428324697755,0.97177206715387,0.7688768246545097,0.4523164267308797,0.6093565869332641,0.2762609902822767,0.5422453960505883,0.8107845673349738,0.44730108117252615,0.4774384735701002,0.8391659983961526
1.0,0.5402417962003455,0.9731479293024444,0.7766251574637674,0.4539183853208073,0.6018649170607238,0.2720962517353078,0.5250942977590414,0.8101363831165305,0.4541613958460722,0.463470463451444,0.8938893344025663
0.0,0.5632124352331608,0.9730139925449508,0.7808412384824525,0.4569133752179778,0.6082112284301147,0.3465987968533087,0.5570667850011096,0.8089480071570665,0.4625132203178896,0.4377837745400008,0.9885805934242198
0.0,0.5507772020725389,0.974841726476966,0.7906709723854198,0.4553780714280552,0.6136631336513123,0.3012494215640906,0.5171067228755267,0.8059459770400849,0.44988185644472706,0.4573438754933868,0.9879829787234052
1.0,0.5176165803108811,0.974878596530062,0.7957870731764172,0.4545347506949865,0.6114209712814754,0.2554372975474319,0.4777531247688784,0.8038036435715796,0.4390440849504645,0.4764733441695743,0.8688286040952096
1.0,0.5348877374784112,0.9756005921456156,0.8126171223520839,0.456999547230473,0.6102768966617983,0.2471078204534939,0.4771392648472751,0.8018158843896468,0.4265008182352218,0.4760745349662101,0.8746393827574644
1.0,0.526252158894646,0.9761832435410832,0.8266684538083146,0.4595766576967834,0.6120725313331529,0.2262841277186488,0.5079358035648252,0.7992134084993321,0.41186847672958377,0.4503510058847551,0.8496207746808571
1.0,0.5037996545768568,0.9796978525886296,0.8491620725811051,0.4601320083210103,0.6114834757022376,0.20407218880148095,0.4316248798165821,0.7952650974352424,0.3949723100835635,0.4333092114604871,0.5509535253909306
1.0,0.5153713298791021,0.982584239256994,0.8581818853174816,0.4616280640584264,0.6143573743065527,0.2753354928273949,0.486184453812588,0.7949393120990325,0.3808819569854848,0.4301600357592675,0.7136302631168266
0.0,0.5203799654576857,0.984579528957128,0.8661597333889438,0.4623424312449684,0.6127570932686046,0.2651550208236929,0.4802159603579621,0.7925409415950115,0.3707135384536818,0.4245197978619861,0.6685289803052538
0.0,0.5067357512953369,0.9891204961700693,0.8801060096521527,0.4641934985997028,0.6055193638383201,0.2471078204534939,0.4528880999926039,0.7916518424649809,0.3755388206725044,0.4470186759256587,0.5704922126158729
1.0,0.4483592400690847,0.9942374049624954,0.8949106522126518,0.4601282409544621,0.6003504353709428,0.21517815826006476,0.3742030914873162,0.79151985344924,0.3955684713017456,0.42055669003689616,0.4108430350510315
1.0,0.4402417962003455,0.998101655202606,0.9051280093394628,0.4589893574030493,0.6110128935876947,0.1855622397038407,0.3357296057983876,0.7930255692102439,0.4188558947793716,0.36491144540097337,0.17915665282936571
1.0,0.467357512953368,0.9986207200640462,0.9060758063010016,0.4589244104249033,0.6121873595513724,0.2262841277186488,0.3907107462465794,0.7959520234538578,0.44645191603269707,0.3714298535283893,0.3384000749087049
1.0,0.4735751295336788,0.9992741647203768,0.9092494994160502,0.4597750665933419,0.6020549345806651,0.2498843128181397,0.3865542489460833,0.7963787981600698,0.458311061512099,0.36428589619359053,0.2251006585723644
1.0,0.4566493955094992,0.999674752225204,0.9118380296770676,0.4611945256694411,0.6090484621876808,0.20823692734844976,0.4330670808372159,0.7989088496502197,0.4761928504515405,0.423119805261216,0.1699803364649333
1.0,0.4697754749568222,0.9999191857336956,0.9133488426755544,0.4629564251577837,0.6135232918774136,0.20638593243868586,0.393358479402411,0.8022122591186684,0.4935205871539475,0.4269099103573339,0.003162992982109439
0.0,0.4963730569948187,0.9996081355365072,0.9122232404323878,0.46284219004474697,0.6175448733221814,0.2720962517353078,0.4745285112047925,0.8091351436179293,0.5301363455361616,0.4597358682252621,0.2255489021956108
0.0,0.5025906735751295,1.0000000000000002,0.9126505250552636,0.4599513845261302,0.6144758203802131,0.2739472466450718,0.4394571407440284,0.8130933388583157,0.5550162059235522,0.4692981567631591,0.1469917308240684
0.0,0.5252158894645942,0.9998856289043774,0.911025479435594,0.4592475919311364,0.6062874438866139,0.33179083757519673,0.5238074106944753,0.8188306172027155,0.5973733045683387,0.5181520429269354,0.31074449201211
0.0,0.5512953367875648,0.9993975569710876,0.9083864694239212,0.4589894847481508,0.6132207572752271,0.3794539565016198,0.5468826270246283,0.8203688314865631,0.620486476736959,0.5524997883970199,0.4800563850892756
0.0,0.5509499136442142,0.9991348975657991,0.9051555072641132,0.4590209433845627,0.6182126573050157,0.3604812586765387,0.5931218105169739,0.8209299664414895,0.6383130855070827,0.575322665343606,0.7239486416077403
0.0,0.5455958549222799,0.9993701441155436,0.9044048446720978,0.4619953827631557,0.6156149485853537,0.35909301249421555,0.5874491531691446,0.8197008169955609,0.6292743605525243,0.5687548346271672,0.6601693338295489
0.0,0.5447322970639035,0.99926773583757,0.9052801270381229,0.4619178239139095,0.6092835369213255,0.3484497917630727,0.6267287922490941,0.8199857129247663,0.6259101496661064,0.5907244695526984,0.8279214737625615
0.0,0.5730569948186529,0.9985976154958563,0.9062403128673774,0.4619915097543722,0.57738050095617,0.3942619157797317,0.6026033577398122,0.8193218187551652,0.6107163673461647,0.536513395510418,0.8919333829549662
0.0,0.5825561312607946,0.9963535227114536,0.90309760781973,0.4595174721773093,0.5613699746936469,0.4118463674224895,0.5925375342060495,0.8178280612426712,0.5917454876418893,0.5166899862023207,0.942128768142908
0.0,0.6246977547495683,0.9980945562612492,0.9093226982039084,0.4614543683418508,0.563785633438952,0.4715409532623784,0.601124177205828,0.8156396155150261,0.5862956126600134,0.5272292024424724,0.8085944830174507
0.0,0.5827288428324698,0.9987124548579808,0.9131832170216536,0.4591352946350714,0.5738806466721247,0.4659879685330866,0.5821980622735005,0.8133796296083801,0.5943602498082637,0.4940239356554943,0.8437324075811578
0.0,0.5789291882556132,0.9998003949028236,0.9163298740848244,0.4588744650171981,0.5603373589922956,0.4211013419713097,0.5818948302640338,0.8124083682159307,0.6170488056585304,0.4940705225738165,0.7421655094764492
0.0,0.6158894645941279,0.9979628403631542,0.9119931941503896,0.459994232158305,0.5594254598740941,0.4794076816288755,0.5340285481843058,0.8104052160328845,0.624700221691714,0.4784094460026543,0.7122349408894718
0.0,0.6169257340241798,0.9960077728347928,0.9079149813933104,0.4601114768324984,0.5572850290756025,0.4840351689032856,0.5839878707196213,0.808280662070666,0.6255466135586611,0.4800969570294613,0.7382248076562196
0.0,0.6495682210708119,0.9941003544855422,0.9060838947441204,0.4605941218294738,0.5585557610046914,0.5432670060157335,0.6629761112343757,0.8042226220984721,0.631668914171541,0.5187502614467978,0.9973728654531788
0.0,0.6704663212435233,0.991141009475611,0.9028224839314378,0.4596602537616362,0.5559224722695196,0.5608514576584913,0.6633311145625329,0.7981493896884313,0.6248086735282217,0.5196848339861626,0.9555119118777252
0.0,0.6683937823834198,0.9893062839982718,0.9028884023584408,0.4596784460241722,0.5624018383522416,0.5321610365571495,0.6690333555210413,0.7919559153499709,0.6026144401310909,0.5251271550093154,0.9917447676394899
0.0,0.6625215889464596,0.9884469595745282,0.9054697225863036,0.4625527701045528,0.5663961741929942,0.5298472929199446,0.7015753272686938,0.7861459925142076,0.563729987534229,0.5519214222644839,0.9991421021927868
1.0,0.6409326424870468,0.9881974767643568,0.9082530504903096,0.4601382435885825,0.5640139875410506,0.4622859787135586,0.653583314843577,0.7816091226263129,0.5348518773381196,0.5151744054972408,0.774492700394823
1.0,0.6561312607944735,0.9880918179655518,0.910018416255546,0.4583544394038274,0.5651937953186986,0.4997686256362798,0.6463649138377341,0.7800806272921743,0.544198428775764,0.5021805180301468,0.8267376733082369
1.0,0.6607944732297065,0.9880759607756262,0.9121510392033374,0.4588679758897725,0.5679792455966384,0.5196668209162427,0.6615560979217519,0.7786392457068751,0.5443013369943439,0.515940578837562,0.751813423928016
1.0,0.6407599309153714,0.9865630067960272,0.909359456301768,0.4565309755114678,0.5704645946139576,0.4655252198056457,0.6597441017676203,0.7775345138432956,0.5471994516200823,0.5115788146581466,0.8294922413001558
1.0,0.6582037996545771,0.9860840338826716,0.9091773130089912,0.4591229322072298,0.5773947829013122,0.4618232299861178,0.6431994674950074,0.7748588271086105,0.5222946632405123,0.5429831856300429,0.8088329813607562
1.0,0.6383419689119173,0.984750696800618,0.9070554052340009,0.4600035278445138,0.5718974604468782,0.4472960586617784,0.7079505953701651,0.7720073667636127,0.4939785747478895,0.5403941381494961,0.8125975576163816
1.0,0.6474956822107082,0.9851471491223588,0.9110997232433558,0.4613773618125049,0.5820677044923344,0.4431714023831348,0.6846165224465643,0.7688756121960338,0.4744457801041313,0.5719054330938398,0.7846661680893311
1.0,0.6417962003454233,0.9840737354468264,0.9136988761051243,0.4644052256981695,0.5995032203416985,0.43572241183162697,0.650166407810073,0.7682270619337785,0.4599500212210966,0.5795795840091579,0.769089924439745
1.0,0.639378238341969,0.9830193177966308,0.9168715740886888,0.4642781537584785,0.5609818354828114,0.41726943942133793,0.6138081502847428,0.7684281934175667,0.4591609374960735,0.5926655205678429,0.7251205611573888
0.0,0.7274611398963733,0.9820943774354822,0.9199312903202902,0.4718725115341851,0.5603306627098256,0.6216943074854325,0.6119961541306116,0.7702181002557584,0.44563284038727735,0.5896438107685893,0.8447275446785463
0.0,0.7466321243523317,0.9797435615629856,0.918141234341994,0.4742153313855305,0.5671343453701391,0.6846925425207153,0.5545151985799871,0.7702244794764288,0.4432828527037286,0.5363519302354607,0.9076514428656174
0.0,0.7390328151986185,0.9763592802265486,0.9103560569993436,0.473842057744472,0.5617741624710894,0.6425806451612905,0.5087567487611862,0.7674430642740147,0.424969761446636,0.5506805776844798,0.7999329499445547
0.0,0.7799654576856652,0.9730140424886662,0.902344574495946,0.4758362388487366,0.5642056313835273,0.6929032258064516,0.595421936247319,0.7639328345115974,0.3950669263677074,0.5666492445350451,0.8852412512571884
0.0,0.7732297063903283,0.9695535362650578,0.8958165971843749,0.4751430575628986,0.5655661279339939,0.6951612903225808,0.5984394645366466,0.7586786331415865,0.3516003539352488,0.5689418549774802,0.8409191800496145
0.0,0.7937823834196892,0.9681745766566008,0.8978383545729258,0.4742205160610871,0.5721665757683879,0.7233185662505035,0.6209082168478663,0.7540547630238326,0.32386138183245183,0.5877780516083727,0.9932628280454371
1.0,0.7652849740932643,0.9672493738293764,0.9020943061823941,0.4745853599329314,0.5789854445740257,0.6690663027863261,0.6192367428444641,0.7475502887566474,0.2800509095318641,0.5876982030686534,0.9773438939031126
1.0,0.7461139896373059,0.9682368237814358,0.9109950344650068,0.4756948839202525,0.5844672568406445,0.6418553095450563,0.5749204940462989,0.7402361302295517,0.2237787080246418,0.6045581791112958,0.8190581445324503
1.0,0.71986183074266,0.969137634067564,0.918598389324818,0.4757296150453708,0.5887334798263271,0.6074414063281568,0.6383477553435397,0.7348614831101359,0.18899966252144376,0.647008228949677,0.7494013630502849
1.0,0.718134715025907,0.9691752641266784,0.9221155293375756,0.4792232370733324,0.5927434992183543,0.6062409213322183,0.6368389911988759,0.7310145840985347,0.17669827472078048,0.6466609026634993,0.6541413397187942
1.0,0.6922279792746115,0.968034851166958,0.9235250827852758,0.4763881502555954,0.5931694683779797,0.5322110132493528,0.5017972043487907,0.7298357956202175,0.1869421133613287,0.5967685373727271,0.4248787376435185
1.0,0.6925734024179622,0.96805650324668,0.9292400088472604,0.4765595635410188,0.5998392590643249,0.5250081032737227,0.4763700909696026,0.731206350993385,0.2031656327431723,0.6297178755213705,0.3768035856818317
1.0,0.6884283246977548,0.9684425311869234,0.9379683570847006,0.4755406333830689,0.6091271794526617,0.5402142465556083,0.5397529768508244,0.7307557988974476,0.2052342061439765,0.6227432394637058,0.4591698900963953
1.0,0.6689119170984458,0.9690500739923362,0.9430870821143704,0.4732303732057429,0.6096508250478961,0.4905942000568231,0.5444123955328746,0.7307208580725082,0.2194324441766018,0.625971365637612,0.3209615030392331
1.0,0.6640759930915372,0.9690677550818037,0.9447994762718196,0.4763868778249761,0.6033657258467333,0.4797898350933776,0.4765623844390208,0.731876879470041,0.2218800005198737,0.5824836307577068,0.4063977405292571
1.0,0.6830742659758205,0.9692720755745136,0.9451801627358116,0.4752681552999669,0.6229105051550927,0.5234074566124716,0.5410842393314106,0.7344189915398884,0.23095301149988,0.5721399348394468,0.4543500951679256
1.0,0.6601036269430054,0.9691480519059409,0.9474087219364924,0.4724195054559417,0.6156296424207379,0.4693856317952453,0.4363508616226608,0.7364486864329742,0.2210364564603394,0.557571644306621,0.189353472094308
1.0,0.653713298791019,0.9693982763067348,0.9505454568173493,0.4716393014702844,0.6020018821144043,0.4525788418521082,0.3393683899119887,0.7407042894275968,0.23324867395015175,0.5090941907280292,0.16991044020380394
0.0,0.6782383419689121,0.9699232685566304,0.9565167103684146,0.4750804010299284,0.600986960561244,0.511002444987775,0.4810073219436434,0.7469678093725678,0.27947238263683044,0.5395713343680885,0.2982056394189688
0.0,0.6920552677029363,0.9700249358171678,0.9614191571989648,0.4769388210956114,0.6010518342921272,0.5474171565312388,0.4044301456992821,0.7510926752079337,0.3169325502449177,0.5051718978360406,0.3998227792018722
0.0,0.6958549222797928,0.9698277287658484,0.9657592827671672,0.4737425544337304,0.5764324326081964,0.5514187731843664,0.3520227793802229,0.7573702087551364,0.3673134241378492,0.4851026339065171,0.4811569521507434
0.0,0.7575129533678757,0.969121491770566,0.9675248180908512,0.4782385843688062,0.610312385778077,0.6930760027050927,0.4271651505066193,0.7602583353787521,0.38719647437462507,0.5164352865591826,0.6269274248247788
0.0,0.8157167530224527,0.9691376382923056,0.9736977264524892,0.4821812965311314,0.603834660503635,0.8183266039479951,0.4540936321278011,0.7589543419859701,0.3854281126865379,0.4788730992536255,0.6723716934207553
0.0,0.7815198618307427,0.968071557537989,0.9770912388479586,0.4808175430449038,0.5934085315115151,0.7787105990820291,0.3284224539605056,0.7564850610115026,0.3932267906137277,0.4692324317700433,0.4822292561609759
0.0,0.7727115716753024,0.9672615102060148,0.9809590236681784,0.4800792494952794,0.5936638214319969,0.7466976658570063,0.3132164780711487,0.7573840243769911,0.4251945927264403,0.4601716097190068,0.3864197023271108
0.0,0.7829015544041453,0.9650720061151904,0.9846924349190904,0.477759956015736,0.5838445320616604,0.7611034858082665,0.3372457658457215,0.7578007905469528,0.4525439007714184,0.4212379934966111,0.4438985280815719
0.0,0.7595854922279794,0.9622887988327457,0.9873144431016792,0.4752214977071159,0.5891258479707744,0.7018795593419743,0.2931661859329928,0.7582259227406938,0.4859894492534678,0.3941661094194242,0.3210673464353257
1.0,0.7682210708117445,0.9603773007035504,0.9928213528184476,0.47675734115683005,0.5999847168401703,0.6958771343622823,0.2558686487685817,0.7603818920043572,0.5258578757086907,0.3804891836147216,0.29444712871995765
1.0,0.7345423143350607,0.9582104537363344,0.9954297473185972,0.4763282312718545,0.6058543132989823,0.6246483579366066,0.19946749500776567,0.7613121684785957,0.5315938537566117,0.339850162955471,0.10037400905495553
1.0,0.7283246977547498,0.9563207386551318,0.9998079279055888,0.4758263927797909,0.5905448940278082,0.597437364695337,0.24305894534427894,0.76508491570936,0.5263510840038603,0.3670758796757832,0.04849591095363345
1.0,0.7747841105354059,0.9540751020352248,1.0,0.4789402665672423,0.5928234210894574,0.6754688894313303,0.3362029435692627,0.7700029054918229,0.5253343518812661,0.3617693110127056,0.2416026914335817
0.0,0.8000000000000003,0.9514982117378225,0.9969083243827626,0.4787667765146517,0.5993828369825136,0.7304964539007092,0.3793210561349015,0.7721798560284174,0.5150530976189887,0.338198187834287,0.27510244984878585
1.0,0.7765112262521591,0.949486975229525,0.9938392408797648,0.4762327759353139,0.6016749012805144,0.6690251572327043,0.3732712077509061,0.7733414573988411,0.4947514421112375,0.33370138398370386,0.16483654953917082
1.0,0.7595854922279794,0.948092884571677,0.9909723495683292,0.4743011923905318,0.5900978083306072,0.6292397660818714,0.3734782930256639,0.7764144517115876,0.4585491315244917,0.33281345546373403,0.0724546370967742
0.0,0.8063903281519864,0.9467153606231368,0.9852412257670968,0.4809568550269761,0.597695445954839,0.7377365778292777,0.5087715405665263,0.7834600455541596,0.4737704500112601,0.3534366132440808,0.18067748881895024
1.0,0.786183074265976,0.9453626836764322,0.9819223695708524,0.4789382453285013,0.6107721297088666,0.6789838337182449,0.4127801198136231,0.7878184483281898,0.4893502888809826,0.3498113554325332,0.03238363425542461
1.0,0.8037996545768568,0.9434592502932442,0.9798835083460128,0.4810450746996925,0.6060176247325318,0.7330264672036823,0.4345684490792103,0.7971802762287123,0.538732991164935,0.3610796937721281,0.06986771411802044
0.0,0.8670120898100174,0.9420582551793736,0.9804024282095674,0.4865248056877673,0.6084970326874654,0.8492520138089759,0.5092522742400708,0.8035360936354248,0.5768117432989791,0.4032413478644423,0.3868346200731419
0.0,0.8100172711571677,0.9392666979743568,0.9768499677897348,0.4832743028922407,0.6307535084456203,0.7330504124028887,0.44144663856223615,0.8037722192737099,0.5832293130231085,0.3553364532312429,0.04602916610230779
0.0,0.8740932642487049,0.9378414887887748,0.97902015610882,0.4887547793817512,0.6545608999874492,0.8692015209125477,0.6050883810369061,0.8090568648922609,0.6082867868166315,0.4219828874436368,0.35225066594428805
0.0,0.9079447322970642,0.9357830500244984,0.981302720889,0.4898750368447019,0.6463045705841509,0.9396648044692738,0.6856519488203536,0.8110828968470631,0.6149351816244715,0.5028303301021824,0.6224434511716108
0.0,0.8751295336787566,0.9335666434484572,0.9827716690241146,0.4892765019346834,0.6261369146820577,0.8819366852886406,0.6636417424746689,0.8097221275628972,0.6182986292318343,0.4764983946829152,0.6236173190663229
0.0,0.8613126079447324,0.930633612905239,0.9796527352024472,0.4913698257380187,0.6273847886027794,0.8547486033519553,0.6817617040159751,0.8082510082501988,0.6332196931501942,0.4888899719988621,0.5867985010609965
0.0,0.8932642487046634,0.9266956256995699,0.9745160181076551,0.4928640581691793,0.6531361037204461,0.8899014320252929,0.7418977886251019,0.8053453082129214,0.6302504051828204,0.5622121313563985,0.780531852453835
0.0,0.9162348877374786,0.9228311035219028,0.9718795019082194,0.492748462485498,0.6376872316824227,0.9234104046242776,0.7947563050070259,0.7984455055537156,0.6143051403358295,0.5940853694344511,0.796060393960603
1.0,0.9100172711571676,0.9196378797030972,0.9714316417181476,0.495137324135489,0.6576478756066619,0.921998562185478,0.854944160934842,0.7906312870664622,0.5865822367884984,0.6257814786343822,0.8190052169184493
0.0,0.9051813471502592,0.9174370127216904,0.9740482963230774,0.4949493699864895,0.0,0.902588066139468,0.8629613194290366,0.7820710501855572,0.5581509089499573,0.6296278188954173,0.8252735731603437
0.0,0.9233160621761659,0.9147121892059188,0.9755571848101072,0.4971736216567767,0.6495158677130249,0.9485981308411214,0.9604984838399528,0.7728491014546066,0.5151336710256856,0.6661590631596839,0.9682920024289776
0.0,0.9367875647668396,0.9121672274621712,0.973444288114688,0.4954058205520607,0.62618955150078,0.9944812362030906,1.0,0.7631853556010022,0.4793014570015214,0.6834386093236637,1.0
1.0,0.8965457685664942,0.9093970199665702,0.9736302587196424,0.4945461559511443,0.6716717895420485,0.9422272900038008,0.8129576214777016,0.7555333827801156,0.4525623251943265,0.5452587797661113,0.9852430016758746
1.0,0.8941278065630399,0.9072256340793764,0.9712018186657873,0.4938514901277984,0.7307951249710709,0.9441277080957812,0.7476739886103098,0.7505715039679395,0.4391791404731476,0.5446297798613264,0.9911473144711682
0.0,0.905008635578584,0.9044111311619408,0.9701364516955516,0.4916962769730251,0.6214615096877703,0.9657924743443558,0.7976776865616448,0.7457870943503053,0.4338203773157588,0.5685608483593668,0.9875301483039975
1.0,0.8704663212435235,0.9013643829725684,0.9657881492277685,0.4881560865453741,0.5987636378191827,0.8760927404028888,0.643169883884328,0.7418327816878048,0.4381753692376968,0.5220972636987421,0.931280836089056
1.0,0.8751295336787566,0.8983955502989256,0.9614380996575486,0.4886548322443998,0.5926906570849342,0.8912960851387307,0.524842837068264,0.7420160272735923,0.4774239023035446,0.5121039334089289,0.8400325381527523
1.0,0.8649395509499138,0.8959432719195153,0.956396470189122,0.4879305571840115,0.5696862261646589,0.8548080577727101,0.4571925153464983,0.7412462475853743,0.5075035988544812,0.529001769090226,0.7279881165007341
1.0,0.8723661485319518,0.8924284673058558,0.9455054977470908,0.4889369007786874,0.5705624520702467,0.8745724059293045,0.5200798757488353,0.7418829473325261,0.5331189454716116,0.510050897057233,0.8308546570231132
1.0,0.8867012089810019,0.8894161819001631,0.9379195875524966,0.4878816219074612,0.5360752503291394,0.8768472906403941,0.4972487242067896,0.7402013513902552,0.5419385767617396,0.4987618845314497,0.8765318573272741
0.0,0.9053540587219344,0.88719173876926,0.9338188007753684,0.49059423246244,0.5833598935662776,0.9228486646884274,0.5054507802677319,0.736501912589212,0.5273840595487312,0.5027785881427189,0.9882357286645614
1.0,0.862176165803109,0.8843027860354487,0.9300655564317604,0.4876241884887002,0.570116052686474,0.8569321533923303,0.5313216478071149,0.7307846016993849,0.503047491442891,0.5154029937155833,0.8745864274685693
1.0,0.8642487046632127,0.8823064306214661,0.9270311584696131,0.4893049737030213,0.5830863536179199,0.8222713864306784,0.4411434065527695,0.7267611727951435,0.485190284366609,0.5203117381881213,0.717226674509227
1.0,0.8576856649395511,0.8789751866228221,0.9217148229355308,0.487485207912709,0.5731884422754674,0.8244837758112095,0.4039272243177279,0.7266456180826533,0.4848518729257934,0.5037168167723023,0.7323336560062828
1.0,0.8735751295336789,0.8767027099832116,0.920126926907012,0.4864368639224009,0.5713685584474155,0.8440265486725661,0.4504030766955107,0.7252884241262822,0.4792324644813454,0.4761832689736281,0.7857012717268521
1.0,0.8502590673575131,0.8738019119426061,0.9182077692044484,0.4839631838580666,0.5789833808345334,0.7839233038348082,0.4412765328008283,0.7213118288292379,0.4535925347955001,0.4711787036025809,0.7113471559231871
1.0,0.8307426597582039,0.8716593607974528,0.9182230817373532,0.485119794866133,0.5856848710516378,0.7475301866081229,0.454907181421492,0.7187990943346934,0.445341510835696,0.4283211980891188,0.7195641875888201
1.0,0.7972366148531953,0.8700450934219031,0.9207670249910718,0.4808016373233042,0.6041989975762696,0.6732528357116722,0.4046076473633607,0.7149657788920076,0.4325348821397901,0.4010593534236885,0.5806763108989547
1.0,0.7566493955094993,0.8682165603291154,0.9236448604869234,0.4751354795415928,0.6008184539672934,0.5850713501646541,0.40423785222986464,0.7141739254206609,0.4380713378013825,0.3995506603988375,0.4241518784389468
1.0,0.7625215889464596,0.8677227730140316,0.9284075214581968,0.4764404419576557,0.6074619249750199,0.5836988304093567,0.38407662155166056,0.7158277421768746,0.4477646673471671,0.4380472154112123,0.4041285573734651
1.0,0.7295336787564768,0.8666463413624768,0.9289020787412628,0.4743934761108647,0.6077203861583133,0.5392086330935251,0.352814140965905,0.7193937371516991,0.4628177783957765,0.4171456592693963,0.27096162955945113
1.0,0.6975820379965458,0.8666596898889398,0.9305621954255459,0.4698493696575746,0.6057159072100192,0.4553956834532373,0.3022483544116558,0.7260645036078865,0.4980042762611978,0.3797544090697534,0.000246984728110754
1.0,0.7455958549222799,0.8660429762888484,0.9311244612596258,0.4785455217804281,0.6104087352533232,0.5687522092612229,0.4066415205975889,0.7373230238171942,0.5581025424342951,0.4342462282585805,0.2495730494794721
0.0,0.7784110535405873,0.864945467475573,0.931940283947076,0.4810153641149277,0.6072116188713341,0.6238953693884765,0.446128244952296,0.7435785384388847,0.6053352013745908,0.4587350781280064,0.4138963621476199
1.0,0.7509499136442144,0.8622425677194476,0.9269042755726432,0.4772999100124676,0.5938007957635818,0.5553199010250972,0.3865616448487537,0.7470769309071372,0.6370624556056129,0.4065163738068646,0.0005308597133359074
0.0,0.8046632124352333,0.8605138413679758,0.9213182643664596,0.484113101619698,0.5858798537765263,0.6440027894002789,0.5265734782930256,0.7541590049487976,0.6841953990088396,0.4663980284879597,0.12230532336119762
0.0,0.8485319516407601,0.8588968551065339,0.9181667603320048,0.4921162275431133,0.5864990892352181,0.7378573889080262,0.6266696250277347,0.7557590726337273,0.6911996315213185,0.5176617130677823,0.6255856003945106
0.0,0.8521588946459415,0.8572910175355604,0.9177157079580092,0.4924950830838226,0.5843593740411436,0.7499138821908372,0.6832334886472892,0.7528531994162582,0.6684428910553709,0.5201417514807789,0.7823232672241031
0.0,0.8530224525043181,0.8559707133235859,0.918830928604722,0.4930863011563213,0.570583216026732,0.7413021012745437,0.7188373641002884,0.7495574553445392,0.6490963808073549,0.546516163527969,0.7509078309078315
0.0,0.8810017271157169,0.855030350800408,0.9217032489591868,0.4974685006868938,0.6005725844942728,0.8097844680123161,0.7364322165520302,0.7474677000036878,0.6256285125073107,0.5693117601933322,0.9102425292334346
0.0,0.9051813471502592,0.8543896484720115,0.9244640157423468,0.5009201296880544,0.5969668586584922,0.871022921655833,0.7567487611863031,0.7443038561916373,0.6088277248180959,0.6014177295248768,0.9869532265049812
0.0,0.8775474956822109,0.8534779834125299,0.9273358943766096,0.5003679002675547,0.6102932442029383,0.8244953814574066,0.6951852673618819,0.7396072930415805,0.5717363706488352,0.5602817264560079,0.7317832394976197
0.0,0.8894645941278068,0.8517361476406595,0.9279713548448244,0.5015810651891276,0.6146097207383758,0.8628121792678756,0.7030619037053473,0.7379451689978886,0.5737884922848965,0.5721079925789269,0.8300941966219153
0.0,0.9126079447322972,0.8495592168464317,0.9297793923515328,0.5022422940939295,0.6263728368681446,0.8939445774888813,0.7423045632719474,0.7353660590084543,0.5706526628099853,0.6512250214566662,0.9954255088783036
0.0,0.905008635578584,0.8459620132666061,0.9287524934067009,0.5047431765261376,0.6198740515743139,0.8826548067054396,0.7024110642703938,0.7297560549219901,0.5619289760918302,0.6465379877985588,1.0
0.0,0.9113989637305702,0.8430569284977323,0.9282852213538108,0.5062757040095941,0.6177541377336334,0.8806021211084502,0.6829746320538423,0.7249413631446733,0.5550958327060183,0.6316988813012521,0.9934572779685186
0.0,0.910880829015544,0.8397483322933796,0.9270757440818302,0.5083312889341546,0.6168945290151546,0.8806021211084502,0.6613194290363142,0.7195350263958613,0.5412679694689697,0.6473898792465042,0.9618606484675284
0.0,0.9127806563039726,0.8371099049594812,0.9269337427116152,0.5088579070161361,0.570061862430147,0.8785494355114609,0.6893942755713336,0.7134843860962838,0.5270293837895003,0.6704190306411408,0.9819536937993842
1.0,0.8625215889464597,0.8351765032948351,0.9284535717065512,0.5056449558703963,0.5802366179022137,0.7813889839206296,0.6615708897270913,0.7068416515370772,0.5021758904312382,0.6503092812171336,0.7568491877625371
1.0,0.8348877374784112,0.8328383260894943,0.9272348104349108,0.5039102223457861,0.5836531671224754,0.7454669859733152,0.6696989867613339,0.7031321476057968,0.4933843860399015,0.6653570349270143,0.9673544810594392
1.0,0.8464594127806565,0.8304931564126816,0.927101916409158,0.507004634911546,0.5805554083578888,0.7369141293191926,0.6551512462095997,0.6995859726068225,0.4791957933922689,0.6535530011003621,0.8551203184367657
1.0,0.8500863557858378,0.8273658231689687,0.9250647573169938,0.5039895083545641,0.5641230275954623,0.7403352719808415,0.6292286073515273,0.6962636096235757,0.4678745493762009,0.6617070865201555,0.7902133639964233
1.0,0.8775474956822109,0.8259475881822604,0.9296118511326866,0.5054355942653935,0.5570344794242691,0.7937050975025657,0.6648546705125362,0.6934732093167799,0.4512281682996856,0.666420057078287,0.8916570844512599
0.0,0.8898100172711574,0.8248086848670868,0.9370132369963444,0.5069216467998652,0.5641654495270088,0.8299692097160452,0.6797943939057766,0.6885902620248228,0.4229914978217226,0.6494574468151346,0.975978534009117
0.0,0.8607944732297066,0.8231907784322285,0.9421335062625436,0.5055933339272427,0.5633296302070344,0.7848101265822786,0.6846461060572443,0.6827558159478886,0.3859095032872221,0.6547074646233662,0.9757435501842808
0.0,0.8588946459412783,0.8201459952392134,0.9410074218025384,0.5056507095403047,0.5764659271185073,0.7742045843311665,0.6748835145329488,0.677223545124882,0.3614335662285616,0.6471346057141054,0.9665410528719882
0.0,0.8690846286701209,0.8165448569497054,0.9352514638103484,0.5085841211198894,0.580989784614975,0.7665540540540541,0.6572738702758674,0.6739086564756394,0.3551819812661463,0.6313267010405658,0.9907892439322502
1.0,0.854231433506045,0.8131230615086664,0.930004135643373,0.5066282004525212,0.5919249075595154,0.7355121293800537,0.5693661711411878,0.6718446276770311,0.3588342530635526,0.5346188434157866,0.8577878103837466
1.0,0.8226252158894647,0.8092920436266655,0.9241326525431052,0.5021002279307356,0.5893715313440149,0.6708221024258759,0.49457140744027794,0.6712272794267502,0.3610811072667118,0.4744123287143632,0.4975745641419715
1.0,0.8561312607944733,0.8088804106443839,0.9273047910705888,0.5062127163210856,0.5941984306048815,0.7025624391826143,0.5364839878707196,0.6745604420234068,0.3863150600336414,0.4918942966633243,0.6556361365928616
1.0,0.8191709844559587,0.8083504638254277,0.9307904100018594,0.4982366556661024,0.5919823857349751,0.7032860824742267,0.42792692848162095,0.6760355666949598,0.39885022291598,0.3567312235141962,0.610849266340594
1.0,0.808981001727116,0.8092862880984144,0.9379250665985448,0.4968039910147316,0.5885473006033668,0.6829896907216494,0.42927298276754666,0.6791743974157469,0.4375856036162529,0.3582174845315946,0.49209378407851706
1.0,0.8319516407599311,0.8075182923640305,0.9379097896419472,0.4977187340175047,0.5794303612946963,0.7155283505154639,0.4198653945714075,0.6799759040064846,0.4497697083954453,0.3504662925643484,0.5920704159526411
0.0,0.8283246977547498,0.8055565892701453,0.9383152917221578,0.5008740717273548,0.5782731571937795,0.7100515463917526,0.4435100954071444,0.6804075693073162,0.4597980731677137,0.33155281346346416,0.5763053655023409
0.0,0.852504317789292,0.8037743107748334,0.9395492286773586,0.5033699460423257,0.5828661661247769,0.7551546391752578,0.4544634272612975,0.6793053829701967,0.4531470212212033,0.3415452486171422,0.6532949225783227
0.0,0.8504317789291884,0.8011676455784928,0.9395005567103234,0.503421517509295,0.5797884434296631,0.7445231958762887,0.4769617631831965,0.6775935795096135,0.4437631741926722,0.36713222548267216,0.6454087144400437
0.0,0.8635578583765113,0.7977760376784417,0.9367994611246256,0.5024071676286253,0.5821186553622671,0.7586984536082474,0.4975075808002365,0.6755966783524411,0.4404486151852151,0.33903683882328084,0.7007202016564632
0.0,0.8592400690846289,0.7945364744427215,0.93349297570257,0.5028527239326647,0.5982417413992127,0.7309922680412371,0.4625471488795209,0.6721753119098679,0.4266665196411865,0.3478553948380029,0.5344256391789699
1.0,0.8381692573402422,0.7909221053480517,0.9287103311898268,0.4998052942041811,0.5956583107488994,0.6913659793814433,0.4818800384586939,0.670828039713401,0.426423954215988,0.3705675207414989,0.3623334533669426
1.0,0.8409326424870467,0.7878483192901167,0.9258595346440394,0.5014615174993423,0.5961518196036887,0.6736469072164948,0.4682419939353598,0.6708059380131204,0.4253060864772353,0.35728298591940444,0.3813467770975879
1.0,0.8430051813471504,0.7840268032537874,0.9207024396316896,0.502502763735256,0.5995510295070282,0.6676236044657097,0.4599881665557282,0.6718744770274163,0.4353912238595539,0.3954056048536481,0.3411955347497301
1.0,0.8735751295336789,0.7809909177747474,0.9183065010416654,0.5054807452257393,0.5812568657755497,0.7083988675684176,0.4772280156793134,0.6729113051325948,0.4456775350194714,0.3653214486445578,0.4053655023406546
1.0,0.8732297063903283,0.7773484147482329,0.913928986251006,0.5057602412495422,0.5887043918642243,0.7040050062578223,0.466252496117151,0.6743017177492001,0.4632138163080058,0.3518492749665627,0.317680950666186
0.0,0.8993091537132989,0.7758917016103435,0.9166166163487842,0.5078719638032283,0.6026224603722568,0.7369065849923429,0.4214555136454405,0.6763319475730272,0.4827811661373128,0.3573443439226877,0.3056175729204175
0.0,0.8606217616580312,0.7749625943411174,0.9206863513111646,0.5025011948880908,0.6098640614657336,0.6986886245806647,0.4145403446490643,0.6792353878083377,0.5069211258816093,0.34761169550437626,0.18602808786460165
1.0,0.8379965457685665,0.7749742088153426,0.9282997413159644,0.5016243492194252,0.6012053292959989,0.670326318999695,0.3949042230604246,0.6821202999752289,0.5267603962294606,0.3699569948092287,0.11776194437411833
1.0,0.8357512953367878,0.7723620951036079,0.9259875883424136,0.5016126151704517,0.5908135820062984,0.6608722171393718,0.41393388063013065,0.6858501459752588,0.5524226076556883,0.3958819549417572,0.047679617637989086
0.0,0.8918825561312609,0.7693505597155061,0.9211875472776356,0.5103359700718464,0.5903150475850694,0.7261360170783775,0.4948672435470749,0.6898859389237941,0.5808874283849392,0.434346112099336,0.31273109407231525
0.0,0.9058721934369603,0.7664979407444892,0.9162733398776852,0.5130560329128889,0.5769053272852078,0.7529662306054152,0.5151172250573183,0.6925420353471201,0.6066416331360786,0.40758275898659735,0.2552348893619128
0.0,0.9027633851468048,0.7653921451958512,0.9194877542215949,0.5114523910018165,0.6498820314860331,0.7572254335260113,0.4774277050514015,0.6946518827161037,0.630120405964569,0.413257828654886,0.13761694965595644
0.0,0.9737478411053542,0.7644281264957025,0.9239483427913469,0.5241756184820823,0.6387294477789329,0.8916945543048371,0.6094667554174986,0.6980289953557257,0.6604631591304728,0.5491565590151701,0.8622478087236142
0.0,0.9639032815198622,0.7614375010816816,0.9247405104811892,0.5259230396664695,0.5647465041153459,0.879829631883176,0.5999852081946603,0.6950303756642873,0.6618556154526565,0.5383132383153408,0.7956018878688872
0.0,0.987910189982729,0.7583665328632814,0.9247446518285244,0.5272341440845935,0.586065364104933,0.9093398235473074,0.6598180607943198,0.6926659265001303,0.6688401317359761,0.5859398081909447,0.9950547852225348
0.0,0.9804835924006909,0.7547788201869639,0.9240953798745144,0.5291856747122419,0.0,0.902342561606328,0.6485984764440501,0.6889187328670137,0.6782276960114791,0.574883299848958,0.9310361469041072
0.0,1.0,0.7518167794433694,0.9245554455009616,0.5291899892058629,0.7285563497388913,0.936416184971098,0.6340285481843059,0.6861254804693937,0.6889201927417692,0.5373593870965082,0.9665061390949704
0.0,0.8528128927330527,0.9740068043355296,0.4223007801407783,0.504130614100523,0.6486078395300177,0.9791454730417092,0.4678574069965236,0.9659562272182702,0.5377748420304204,0.4763144021271154,0.743230347131098
1.0,0.8072743402084722,0.9672604021604688,0.40093426134348337,0.5018142762160166,0.5230165520129217,0.9749407690905776,0.38613268249389865,0.9642331834655355,0.5297164572990556,0.4679265584766255,0.4611734889340781
1.0,0.8176979374584168,0.9637178398647028,0.3942570807359482,0.5036545607919777,0.5005785927669771,0.9457071012130552,0.3628060054729676,0.9644842521509064,0.5302891310432448,0.447770734113793,0.3181794026995425
1.0,0.7275818732904564,0.9622935238955326,0.39250609404701,0.4996938203496932,0.5093983524393801,0.9067711401824696,0.3565268841062049,0.9659746458570416,0.5249281444849738,0.4402084269306477,0.1321872675098308
1.0,0.7500554446662233,0.9619256606993224,0.4015180117684889,0.5008996358907445,0.5021998083179393,0.9563935821641704,0.4434657199911249,0.9700291152895296,0.5456550005470402,0.4974789495067221,0.4573280901264736
1.0,0.7753382124639611,0.9594424427098384,0.4025120114985103,0.5032170990126876,0.5038015795748325,0.943569805022832,0.4626506915169,0.9710197879650908,0.5591668851349085,0.4623678411102949,0.5150653629503669
1.0,0.7363790936645229,0.9603284780550196,0.411653647510089,0.5036414391623287,0.5018148145564953,0.927865324320758,0.4097330079136154,0.9692947052329804,0.5627074829108304,0.4091881204449082,0.31594749707726555
1.0,0.6274857692023361,0.9649945326204864,0.4340905475910091,0.4984723023738472,0.5032500840352454,0.890137400267255,0.4508468308557063,0.9689668322638608,0.5887988901685037,0.45033694049727613,0.08261363636363615
0.0,0.6329563096030164,0.9707970879651296,0.4568299014499557,0.4983365069841695,0.4841012426262132,0.9375296201374188,0.5735892315657123,0.971742937248634,0.5841647919937369,0.5063967400093614,0.09259326660600399
0.0,0.6141790493087897,0.97208323252527,0.4700165064090209,0.4964510377823521,0.5003839966697605,0.965686174295575,0.5699504474521119,0.9735570925936892,0.5651596984925521,0.5023443119577018,0.4446663104311396
1.0,0.5782509055962153,0.9721048679975453,0.4791100855462703,0.4979157190457541,0.5088813664891857,0.9219180653566592,0.5518009023001261,0.9740261188170138,0.5219906760836556,0.488313960957441,0.3324239952751934
0.0,0.5982849116581653,0.9701397454078496,0.4836126427342448,0.4991260416821386,0.5049309881018782,0.9621549892856414,0.6965017380371276,0.9750517675573388,0.4837327955346808,0.5699328416400281,0.6260370672441431
0.0,0.5954757152361945,0.9685834790684278,0.4881542875954119,0.4989651674572495,0.4953641032812184,0.957415767298625,0.6901264699356552,0.9725084252467744,0.4419990758963581,0.5660015974645474,0.6763270084601607
0.0,0.5730021438604274,0.9641504402940976,0.4809408676212118,0.5010139435055462,0.4802148001464048,0.9468222122688236,0.6240736631905931,0.9709501354078494,0.4091012019727495,0.5637483105514669,0.5099953612688036
0.0,0.6299253345161531,0.9584658477167892,0.4633009409314408,0.5014510199416071,0.4962268413403949,0.9662437298234594,0.7231121958435025,0.974774305433501,0.4329067800699423,0.6268026954506941,0.6929380839831234
0.0,0.6354698011384641,0.952321063032146,0.442852780171937,0.5021505453761766,0.0,0.9412466569899808,0.595688188743436,0.9752932321397648,0.4320019588883568,0.5229377710834663,0.6651940535883886
0.0,0.6541731352110596,0.9484128580849179,0.4279562227152143,0.5032747146847497,0.5312092937151939,0.9765585070893188,0.6381184823607725,0.9770926377369497,0.4553875303831586,0.5653036582118603,0.798502352499392
0.0,0.6580172987358617,0.9452186700952748,0.42277199130728615,0.4998347235684328,0.5501431882703751,0.9865080108685468,0.6818208712373344,0.9746702867213192,0.4533688080306956,0.5501328792321709,0.8364957699189317
0.0,0.6529163894433356,0.9406309542876292,0.41159659319927605,0.4996351626231053,0.5819824953557037,0.9706736625128829,0.6590193033059684,0.9698930716661368,0.4547200793795288,0.5240053390173258,0.8448013076804131
1.0,0.6546166925408444,0.9364451789423232,0.4030375361109461,0.4999750525259162,0.0,0.9529654267778508,0.7017898084461207,0.9640068289125427,0.43224539568866177,0.5514084302209274,0.8038479379735367
0.0,0.6715457972943004,0.9324534412196176,0.39290016492598656,0.5010778259103329,0.6109115171999978,0.9790124613510729,0.7849641298720516,0.9576826259678296,0.4062108035189416,0.553262683086693,0.8511850853747434
1.0,0.6609004213794637,0.9324898564295928,0.4058544234002494,0.5005121298130458,0.5789739904732378,0.9866936650274806,0.788610309888322,0.9532202726528952,0.3905163733475968,0.5564354630451874,0.8951662333819449
1.0,0.5865306424188661,0.93207870215148,0.4293885317432429,0.49832354220364206,0.5182038849115057,1.0,0.6771762443606243,0.9470069114653774,0.3608426420243551,0.5053134967837652,0.9997849051192575
1.0,0.56686626746507,0.9317883479202348,0.45734989848357105,0.4971705697427476,0.0,0.9933551420977306,0.7257673249020042,0.941890162284852,0.3342199602144321,0.5308940457618934,0.906416704770614
1.0,0.5703407998817185,0.9304286404027776,0.4761522880062976,0.4974573198847046,0.4650124657709731,0.9898793702719282,0.6787885511426666,0.9364683851123228,0.3033343299950567,0.496055575849937,0.9186607732561082
1.0,0.5108301914689143,0.9309564978346444,0.4956520743944864,0.4967458326980781,0.5978523749117337,0.983788306662483,0.6270763996745798,0.930308242831012,0.2769352036912404,0.5147808742570552,0.9330670634609852
1.0,0.4716492940045836,0.9322401572625733,0.512711313845287,0.4975577467505665,0.4977916594456221,0.9900026730820636,0.7335626063161008,0.9226253177154032,0.2451889911294294,0.5609361254855841,0.9258126095028898
1.0,0.3949138759518003,0.9315307713503134,0.5231877867323279,0.4960313472132022,0.4976925142473968,0.9196666666666666,0.6578951261001401,0.9116645088252592,0.18090980133207674,0.5306990997734774,0.9835085313833032
1.0,0.3412434390478305,0.9304080373351244,0.5274820006869759,0.4959178233699365,0.5282286270624945,0.8391111111111113,0.635330227054212,0.9096107307582316,0.1754269054147909,0.5213566452659361,0.640760197775031
1.0,0.3514452576328826,0.9299406861244834,0.5368331878264985,0.4966498084377993,0.5169233717632773,0.8678888888888892,0.540056208860291,0.9122802984896624,0.1908920018645288,0.4692378292372749,0.8772613320685668
1.0,0.3225401049752349,0.9285366271133001,0.5435449845814004,0.4982393227334272,0.4871858622271661,0.8360000000000001,0.44936765032172143,0.9154264435545432,0.2173346716193912,0.478635112835455,0.8251914086320201
1.0,0.3071634508760259,0.9268719878870773,0.5468778880274753,0.49711392781212,0.4808274316470087,0.7916666666666665,0.3457288662081209,0.9184932588670572,0.24095082205778875,0.4801856930661413,0.3105859805080943
1.0,0.294078509647372,0.9252272430257776,0.5496402528277372,0.4998404170361762,0.4686042691981572,0.773,0.24896087567487615,0.9235832023811871,0.2852729479779078,0.4962846234615496,0.3005138033682672
1.0,0.28979078879278497,0.9239691376068347,0.5500606569952977,0.5032164229671353,0.4742992176698512,0.7721111111111112,0.2479550329117665,0.9292281038998867,0.3332730262810032,0.4962180052735194,0.3113365868713946
1.0,0.2728616840393288,0.9240152019384412,0.5572504323660864,0.5019162856888133,0.5175319509371227,0.7333333333333333,0.19626506915169,0.932594243552734,0.3739224583445876,0.5233123846025852,0.2070654928387748
1.0,0.2832852812892733,0.924999654134794,0.5562767598260899,0.5027269735094005,0.5481964350843247,0.7862222222222222,0.3220915612750538,0.9390563659002706,0.4309957507983508,0.5183415819295429,0.4772711205372921
0.0,0.27921933909957874,0.9240691802566396,0.5535116403632796,0.502429277570343,0.52970125922153,0.8058888888888889,0.2760076917387766,0.9385624086446036,0.4351827704724064,0.5013401425946644,0.4825379992930354
0.0,0.3008797220374069,0.9245244624602136,0.5530438337750762,0.5040615490347067,0.5679474853505757,0.7798888888888889,0.3027364839878708,0.9377682404096196,0.4316417583385007,0.5144667105153115,0.3861240582034449
0.0,0.2559325792858728,0.923763973578696,0.5546947490663047,0.5007381862501454,0.5189866910041872,0.7909999999999999,0.3594778492715039,0.9359953556388094,0.3950370120240753,0.4889408271962859,0.4439098548255069
0.0,0.24210837584091086,0.9232801390701416,0.5607473233589909,0.4996801611927086,0.5251184825891171,0.7594444444444445,0.35488499371348303,0.9346121034885844,0.3877024574037666,0.4853612385664646,0.3163267010808739
1.0,0.2536408664153178,0.921193107898418,0.561637510086903,0.5004968545441842,0.5310792318772762,0.7262222222222223,0.2635973670586496,0.9355953591689988,0.3932558934729576,0.4885765986730897,0.16425266041864994
1.0,0.2256967546388705,0.9142271458352778,0.5472642332186979,0.5020994881915578,0.5789572576736384,0.7135555555555555,0.30902300125730353,0.9415157353826179,0.45030684243707103,0.4615479050614511,0.1857030688785309
0.0,0.4034153914393436,0.9074697069765532,0.5215280361462576,0.5119329377089595,0.6022278258546535,0.8299999999999998,0.41487316026921095,0.9477037459044066,0.5011582068114853,0.5067313703978429,0.4287241684625538
1.0,0.3997930065794337,0.8984866480865326,0.4918955549767622,0.5118342550978898,0.6134359258611402,0.7772222222222221,0.28093336291694376,0.9499691887460632,0.5275540350080806,0.4798757617956039,0.21620808900917166
0.0,0.4177570784357214,0.8952386350793531,0.48460984500277104,0.5095194084162887,0.527331016436007,0.7943333333333336,0.32906589749278936,0.9564414984173392,0.556197954874171,0.5021940222247199,0.3303763845035837
0.0,0.4465883048717381,0.8912809645103368,0.4753685846945416,0.511697890711764,0.6041821348495944,0.8392222222222222,0.4188299681976189,0.9600342756672562,0.5601424667575234,0.5022804845766878,0.4401510215673503
0.0,0.4570119021216826,0.8897363147992114,0.4705900837887613,0.5127945334897668,0.598918633898889,0.7911111111111109,0.3184453812587826,0.960632915223653,0.557105748742888,0.4257437706394667,0.19395579612088465
1.0,0.4078509647371923,0.88822963520144,0.4666414622951892,0.5124636786215836,0.5691572852646125,0.7821111111111109,0.3377338954219361,0.9672474372053608,0.5928919954838897,0.44085300522586623,0.16263218563624576
1.0,0.3898129666592741,0.8883953153459445,0.4718037239004292,0.5111548741180649,0.5115157709467506,0.7514444444444444,0.3164854670512538,0.975732645387038,0.6584844941934114,0.4210638413527434,0.059322741776508474
0.0,0.4605603607599618,0.8858663900070407,0.4608590934792996,0.5128525331175956,0.5077953916127447,0.8378888888888889,0.4365357591894091,0.9882129146598242,0.7571057542838184,0.4942262067081685,0.06515601783061017
0.0,0.48170326014637393,0.8811234089200892,0.439208038975381,0.5107861154701748,0.5162412658366342,0.8548888888888888,0.5078692404407964,0.9954380491114628,0.8269286771774136,0.5495213147702578,0.1865141481035523
0.0,0.5252458046869226,0.8784798617438191,0.429732119221589,0.5105321607090887,0.4547096332977674,0.8701111111111112,0.5591968049700463,0.9993991663093679,0.8981530245380854,0.5455851409179302,0.3336544250451514
0.0,0.5381828934723148,0.8773098688321337,0.4333960127809242,0.5111406497123281,0.4541180563157978,0.9315555555555556,0.6387397381850454,1.0,0.930516273621946,0.6327820264204569,0.7126429861529197
0.0,0.5375175574776375,0.8758468851642134,0.43259138774216577,0.5108458105982286,0.5349087631201881,0.9607777777777776,0.7282005768804082,0.9961854005565632,0.9358755720022154,0.6553076933757574,0.7589102950030095
0.0,0.5690840541139943,0.8728360034542633,0.4252197092151948,0.5133375163163542,0.4630697189148487,0.9594444444444444,0.7610531765401967,0.9899797813143864,0.9038031098608592,0.6392159289748066,0.8457104017722284
0.0,0.5608043172913435,0.8703147051789333,0.4235296001728161,0.5164446101945737,0.0,0.9505555555555556,0.7900673027142959,0.98295041460211,0.8741178295681926,0.6560619140187768,0.8321155917755598
0.0,0.5603607599615585,0.8690562801997841,0.4269921166946339,0.5160164456426884,0.5343781914853077,0.9951111111111112,0.8999926040973298,0.9772513799062932,0.8652102176390277,0.7178663349292791,0.9860246751828792
0.0,0.5416574258889629,0.8713058969983354,0.4423274854599703,0.5148923866921311,0.5449789053564703,0.9871012322929864,0.7834775534353966,0.9690057541740388,0.8405178963172133,0.6389752386954207,0.9992632448482957
1.0,0.4515413617210026,0.8713006920650728,0.4441952253779669,0.5115563976099948,0.6431328252824652,0.9954663468035414,0.7515864211226979,0.9648775389071332,0.8352981774489907,0.6682315969669332,0.9735161352285808
1.0,0.4368300436164709,0.8725564138157382,0.4552519657212672,0.5106502145295658,0.7127271814356411,0.959146563219784,0.6826640041417056,0.9595069499448194,0.8104114048638955,0.6610562481027852,0.8525478030919451
1.0,0.4499149848451248,0.8704369792687561,0.4529346759840327,0.5115351048533673,0.6909779742363059,0.9958782882773668,0.7504696398195396,0.9558758349414151,0.8034206338065615,0.6732771537196911,0.948975378103545
1.0,0.3785022547497597,0.8709297876662545,0.4620769196418,0.5101049360659052,0.5077140621639833,0.9482892690513218,0.7357961689224166,0.948230423414357,0.7579873497641254,0.6660294058782708,0.8235946936457946
1.0,0.2484660309011608,0.8729855300369502,0.4730381879331373,0.5037149151696181,0.5317636454157821,0.7840850181441161,0.8249833592189929,0.9428734556706851,0.7246886815366796,0.6708379634753469,0.8505908452936114
1.0,0.2339764914615215,0.8760624572356766,0.4884393496945775,0.5026521490820229,0.5595800532837168,0.8068947641264903,0.8578433547814517,0.9380143071680124,0.6852793304497611,0.7172561088782302,0.9754141627415956
1.0,0.2365639092186001,0.8762310648445624,0.4948641192015861,0.5028768673927091,0.5726830007389345,0.8252980819077245,0.8110568744915314,0.9323978495691684,0.6747844083878811,0.6460043760950248,0.997576621525302
1.0,0.2565239890589194,0.8730621259348386,0.4821614303898632,0.5006871779501744,0.5567899864017677,0.8325557283566616,0.7811404481917017,0.9270609228900372,0.6934228214586755,0.6320519520935812,0.9417225150194116
1.0,0.2845420270569973,0.8696103123078254,0.4695060670917551,0.502823458168101,0.5300124332284151,0.8245204769310525,0.7301235115745879,0.9218874842447646,0.6776321097256499,0.6232145252307764,0.9164768907107396
0.0,0.26953500406594233,0.8660444319797379,0.4548363239089309,0.5053670881627499,0.5582270977334375,0.8049507516848109,0.6981732120405298,0.915791474032268,0.6475725670804928,0.6058514823166734,0.8623578832016805
0.0,0.2978487469505436,0.8643799892985751,0.45668706775243,0.5038551049952882,0.5716700274847613,0.8233540694660446,0.7329117668811477,0.90888145549624,0.5835942015669809,0.6268816111946875,0.7867677275010263
0.0,0.30975086863310425,0.8648021130070918,0.4652031416767752,0.5047846637833527,0.6095846634273828,0.8456454121306378,0.7947563050070265,0.9016002129805992,0.5376769947051877,0.6213766628437476,0.8398931555636728
0.0,0.2951874029718342,0.8643531607353732,0.4681925693838502,0.5036650419527695,0.6316257305118367,0.8985225505443237,0.8369425338362545,0.8938390085606294,0.4745837397075599,0.597019997389189,0.8827748360072696
0.0,0.3312633991276707,0.8614800446481132,0.4627395481661494,0.5026877536537202,0.6681137747457648,0.9061689994815966,0.8278529694549224,0.8833824330015678,0.3850362290046143,0.5932183241050552,0.8544582968795561
0.0,0.3752495009980042,0.8554001332392764,0.4399381922983213,0.5023523240445349,0.5614347389745377,0.9132970451010888,0.9530729975593524,0.8746893230241715,0.31506224766218105,0.6067634599709493,0.90215108508878
1.0,0.3362164559769352,0.8487374616355385,0.4180203065194762,0.4994471664858812,0.5058796214324871,0.8220580611715917,0.8252348199097705,0.865041096755385,0.2586108732947794,0.5667346229152864,0.9713827881987004
1.0,0.355215494936054,0.8448469939624721,0.40491661212674135,0.5010311546837631,0.5062203750012012,0.7839554173146708,0.7544190518452782,0.8606649628885201,0.2377725153455347,0.5582141075024853,0.9754761335564596
1.0,0.3474532416648186,0.8411961297759292,0.3951921029492271,0.5041203796068492,0.47957080297215504,0.7761793675479521,0.7356112713556692,0.8562574872527657,0.21275711436046288,0.5500945643765001,0.890476383211236
1.0,0.3189916463369558,0.8419783234238047,0.4052088338141939,0.5018897651709894,0.5056701087847995,0.7068429237947123,0.6560757340433402,0.8521796049752639,0.1808000604998881,0.5533218393064963,0.7218197272028172
1.0,0.3061284837731946,0.8428043570829975,0.4148894022912866,0.5008256146371284,0.4922244428700659,0.7555728356661484,0.7007100066563129,0.8514036892617283,0.1723124491739088,0.5912307212411785,0.8827255433682767
1.0,0.3042064020107933,0.8437744183309475,0.4252375094611928,0.5006767574144391,0.4976646564786171,0.7487039917055472,0.693669107314548,0.8484702999452769,0.1487389808408771,0.5843936395829128,0.8847290241631928
1.0,0.30435425445405506,0.8435084601341339,0.4280193639445929,0.5006909907793073,0.4768109277503382,0.7407983411093829,0.6523851786110492,0.8454462041995818,0.12641718800135465,0.5475174605900363,0.931335249119682
1.0,0.2512752273231316,0.8433666411514986,0.4267727561705372,0.500119920868088,0.473432129479506,0.6780715396578537,0.5765032172176615,0.8399989993318668,0.09430049317434892,0.5475044127153441,0.9215298687567512
1.0,0.2359724994455535,0.8417450072966286,0.42201198970874493,0.4988610306662247,0.4636787315154698,0.6508553654743391,0.6138451297980918,0.8371562607982048,0.08198909451940589,0.5699026929339495,0.8554715333164777
1.0,0.23663783544023065,0.8413361090646343,0.4264552115891749,0.4987911155702324,0.4684395252889679,0.5850181441161222,0.4292212114488571,0.8350217057710052,0.0704896720786401,0.5021915594353031,0.5836991748454259
1.0,0.2169734604864348,0.8414246487711918,0.4350340079269657,0.4972960641763206,0.4811126905818678,0.6158631415241059,0.3809703424302936,0.8385700291026337,0.08486280859679074,0.476582722861989,0.5874704491725764
1.0,0.2569675463887043,0.8422876176661196,0.4508564642661898,0.5005819330028778,0.481365282407128,0.6924572317262832,0.4386435914503368,0.8392658506746571,0.08202002779702383,0.4592191909199774,0.6950723660648456
0.0,0.2705699711687736,0.8415546135664576,0.4496761657115898,0.5016614808134088,0.4863603034148116,0.6780715396578537,0.4665113527105982,0.8349270532899362,0.042016122367831865,0.4771991427285857,0.6630290517622774
0.0,0.27995860131588685,0.8394104930182338,0.4435948852462103,0.5024400380567529,0.4787552291564287,0.7205806117159149,0.5732564159455661,0.8339710482938059,0.03675345886348708,0.4908034966691314,0.7838287652474358
0.0,0.2895690101278923,0.8391493350305368,0.44320269725308586,0.503208627598505,0.4768950831538928,0.696734059097978,0.4273056726573482,0.8311139455407304,0.013448029185500364,0.4636253599953506,0.7803948005983109
0.0,0.2606638574702449,0.8369271534888941,0.4397598144306153,0.50456409050338,0.4693914768919829,0.6754795230689478,0.3673249020042897,0.8306379964024624,0.01970395269747266,0.47839828701739295,0.5742227671861407
1.0,0.2551933170695647,0.8344530495300972,0.4331069965675595,0.5040593612600779,0.4606513745694973,0.6254536029030585,0.30201908142888834,0.8299561332870204,0.0,0.489900365185132,0.4548690768135429
1.0,0.2605160050269832,0.831698252013596,0.4218262679553058,0.5044506994461496,0.4572565735001716,0.581907724209435,0.2515124620959988,0.8333949697766576,0.010952593130705124,0.5098384693197302,0.3312960859610222
1.0,0.2608856361351373,0.8306238663284755,0.4157710842727209,0.5044968103956557,0.4573260995656626,0.5956454121306378,0.1561570889727088,0.8392476771894204,0.0351752625898471,0.5275275249401644,0.29006031562422474
1.0,0.2305019590448733,0.8300151491544234,0.4133021402257746,0.5056004549672983,0.4562989066335902,0.5505443234836702,0.0,0.8454555801739461,0.06043861289644802,0.4532209385115417,0.03703982874544067
1.0,0.25881570192947456,0.8282740169805034,0.40593451608576864,0.5042858425067639,0.4572825953561338,0.5644116122343185,0.07221359366910696,0.8559028663829801,0.10755230595308383,0.4363354551575525,0.0009082217973226717
1.0,0.29023434612256965,0.8266261131567816,0.3983869402124502,0.5032504955046767,0.4574084093734103,0.5882581648522549,0.1309814362842982,0.8645243302884129,0.14250466704533832,0.4094945963180941,0.0862495860209112
1.0,0.2722702742662824,0.8247435998687291,0.3907230730067071,0.505425989722504,0.4672057176755777,0.5710212545360289,0.07996449966718439,0.8714924588387303,0.1910563831390304,0.4308184462664726,0.045740260129914605
0.0,0.31233828639018285,0.8252376867957831,0.3914150140052237,0.5051339238881621,0.4669734529662316,0.6025142560912391,0.11587900303231975,0.8804721087532108,0.2503516402644739,0.4023566134467396,0.01328732221756342
0.0,0.27914541287794803,0.8266749302854244,0.39918301172993065,0.5060165600851783,0.46148111591049396,0.5870917573872475,0.12881443680201116,0.8886889897829133,0.3047879842281779,0.4078952861010608,0.04418357145160709
0.0,0.25615435795076524,0.8278066309981702,0.4042398820249154,0.5041207948845614,0.4669724197818026,0.5977190254017627,0.13382885881221795,0.8979944140117571,0.34813892122925083,0.410182159107548,0.06113135743541754
0.0,0.29259998521475583,0.8285548082101761,0.4074734666002949,0.5034434186454164,0.4642291564639354,0.6095127008812857,0.1684860587234676,0.907676921446104,0.3893197828435302,0.4265211788022129,0.10060926584359263
0.0,0.2913432394470319,0.8265461093755737,0.40131711101580814,0.5033404835181622,0.4707112833922165,0.6382840850181442,0.2071592337844831,0.91460482992724,0.4100124390849291,0.3964688224632563,0.1780092551233719
1.0,0.2873512234789681,0.8266950617752968,0.4052072382725384,0.5030024590698549,0.4898080192612706,0.5959046137895282,0.19076991346793928,0.920137918157129,0.4138841267096592,0.3733479584156051,0.036448748414301714
0.0,0.3540326753899608,0.8269081985008593,0.4151526346671947,0.5083918419950956,0.4884423976609074,0.7348367029548988,0.2889505214111381,0.929280400833388,0.4502574690089365,0.3759303420394178,0.17973777348777348
0.0,0.3456050861240483,0.8320007241837921,0.4446804123124698,0.5076566736368194,0.4644069500978776,0.7470191809227578,0.33863619554766605,0.9353244032554956,0.4756162816417734,0.4060632860863012,0.3299549549549543
0.0,0.2514970059880241,0.8389123441018673,0.4850391365893746,0.5039245445545157,0.4756108084193539,0.7274494556765163,0.3381480659714513,0.9383504048901591,0.5108852909125837,0.4050355454066487,0.3069095881595875
0.0,0.1851851851851853,0.842789233605225,0.5052384796528797,0.5025476332217511,0.4818108376403567,0.6938828408501814,0.3433325937430667,0.9423097861275632,0.5318405175834011,0.4086371047375167,0.2005509974259981
1.0,0.17335698972425534,0.8419873767535164,0.5066455793389014,0.5012619983674758,0.4726873005192369,0.5953862104717471,0.2669846904814732,0.9478640005749116,0.5713986829908555,0.35935914387148205,0.025619369369370724
1.0,0.24247800694906496,0.8393159248114714,0.4981790317614788,0.5031106227377389,0.4741772342945748,0.7029548989113532,0.446490644183122,0.9584673569295374,0.6354690214293552,0.4751096556358057,0.2700783421784172
1.0,0.2399645154136173,0.8382088320946013,0.5003289189004864,0.5029187131451052,0.49165622205912,0.7061949196474859,0.4447008357370017,0.9619795705381846,0.6693595860920043,0.4733131311011958,0.2508264570372482
0.0,0.2631034227840616,0.8375050762757534,0.5068768944640879,0.5010640344508837,0.4886945268350714,0.7378175220321411,0.4887064566230309,0.9671294106476818,0.7111562743743107,0.4756605572517622,0.07945729568882845
0.0,0.2576328823833814,0.8335903149048243,0.4979404914041989,0.5024735727142272,0.509793988017261,0.7282270606531882,0.4855705938909846,0.9713214118514396,0.7628789460077359,0.4723610716342165,0.15756845796875402
0.0,0.3426480372588157,0.8284360280030459,0.4825448621689749,0.5055408301439985,0.5523958170723902,0.7862882322446861,0.5866577915834625,0.9752402612925511,0.8135532733047379,0.5566430795231213,0.5391184573002739
0.0,0.397427367487248,0.8245359249248998,0.475391025203296,0.5061940789490638,0.5234840337427353,0.8317781233799899,0.6574735596479548,0.9750037360267972,0.8394348380337244,0.6231579688263259,0.7759543486816206
0.0,0.3471575367782954,0.8229973766284406,0.4792092606895594,0.5058837762343206,0.556501184313009,0.7961378952825301,0.618038606611937,0.9713988690818188,0.8250225646647342,0.6113639347127645,0.6941106400868854
0.0,0.35366304428180684,0.8236901622994439,0.4941440348406184,0.5026816950017662,0.5629057859772736,0.8020995334370139,0.6686709562902153,0.969118865965172,0.8176933839555965,0.6602203586592442,0.6614231160004196
0.0,0.3629777482072892,0.8201742485155392,0.4838747157185962,0.5033835337917671,0.5386545063431981,0.8335925349922239,0.713578877301975,0.9646939848200328,0.7929329454279495,0.6961903104313172,0.8513124721933852
0.0,0.3923264581947217,0.8188677307255396,0.479758155712173,0.5058458017142198,0.5369429637508034,0.8023587350959046,0.7708453516751724,0.95858638457363,0.7724165449227303,0.7357706982580559,0.8047802500196558
1.0,0.3574332815849782,0.8155756115838066,0.4684290314479818,0.5029471520741311,0.5347695029210506,0.8125972006220838,0.8204200872716518,0.9527090715633622,0.7515679650025702,0.7237981299003231,0.8399103040429139
0.0,0.3799068529607453,0.8171191728623017,0.4759972431264213,0.5047651619483889,0.5433076432318891,0.7997667185069985,0.8268619184971522,0.948652425308146,0.7474753709964279,0.6852986038760843,0.867078379314325
1.0,0.3314112515709324,0.8193409613453375,0.4912002677444004,0.50460092395261,0.5276562745529979,0.7893986521513737,0.8073663190592409,0.9445955063348932,0.7393558643255029,0.628954903970663,0.9296988990582298
1.0,0.2775929622237009,0.8199354952451292,0.4956390477077064,0.5041863065802226,0.5271122079507061,0.78784344219803,0.8225057318245693,0.9396890701685016,0.7347119258130155,0.6383583639466672,0.9797005939305192
1.0,0.3408738079396761,0.8205326235419341,0.5037280979908464,0.5053258120819966,0.538045254595215,0.7906946604458268,0.7601360846091261,0.935454382072444,0.7502002745064351,0.6232223505963187,0.8838075810245403
1.0,0.302358246470023,0.8217711221215909,0.5095762528939045,0.5023671496430611,0.5247321438579372,0.7958786936236392,0.6648546705125362,0.9312307901631836,0.7570928333860463,0.5337027713136232,0.8809766657646587
1.0,0.216899534264804,0.8259033863128529,0.5288611821995138,0.4998542381509146,0.5226899497515219,0.7628304821150858,0.7661637452851127,0.9271285400807516,0.7668124868874411,0.5457876060810919,0.8966299619075376
1.0,0.2271752790714868,0.8280937924167829,0.5335119080665577,0.496878806378581,0.4877877478240583,0.7662001036806636,0.7417942459877228,0.9190532726794192,0.7337204207802088,0.5753120792485822,0.9984071133089248
1.0,0.1981222739705775,0.8271742013217016,0.5289474776427906,0.4983837236429268,0.5046561512084545,0.7172109901503371,0.7234524073663189,0.9130318330052992,0.7265570214615833,0.566523466788941,0.951028817454238
1.0,0.2104679529829231,0.827100013371775,0.5266616681402453,0.4993573602302216,0.4866010004325589,0.7558320373250388,0.7308039346202206,0.9070424114215332,0.7104099089981188,0.5740219342627292,1.0
1.0,0.17136098174022335,0.8256132095236433,0.5251614447701961,0.5000479979182854,0.4889325813392172,0.6921980300673924,0.7444937504622443,0.9006595985613328,0.6949860362815032,0.5830675169226079,0.9333352229245216
1.0,0.20677164190138247,0.8225205222059577,0.5171117081314576,0.4989732919139462,0.5049864254757608,0.7165629860031103,0.7426891502107833,0.8947728562089696,0.6888081236410104,0.5807904778551318,0.9813017960893028
1.0,0.2458786131440822,0.8204313186261379,0.5135368177087539,0.4981790097913552,0.515912606512823,0.7396319336443753,0.7303601804600252,0.8890208702303108,0.6853363033573627,0.5746729632740272,0.9100743337160808
0.0,0.23634213055370745,0.8185948436111579,0.5138386354756899,0.4975209940320806,0.5031408372323197,0.7654224987039917,0.7643221655203019,0.8822572588595003,0.6735033990550527,0.5524728126281357,0.9902909904868488
1.0,0.2342721963480447,0.8162977811586707,0.5114959825540193,0.497323301053964,0.4845651014976142,0.7372991187143596,0.8203757118556321,0.8741773368154366,0.6324712416038769,0.5829905688356279,0.9531652580124736
0.0,0.2444740149330968,0.8132199350976006,0.50688702722489,0.4980275651579715,0.4917996048037762,0.6982892690513219,0.7930404555876052,0.8665053140425802,0.6031238902059971,0.6206796875431759,0.8918802075145426
1.0,0.2321283359207512,0.8097666302348789,0.4991064748250391,0.5008092226512084,0.506840217802267,0.6899948159668223,0.7806301309074775,0.8616540041520422,0.595967828955443,0.604200032592397,0.9369595975475556
1.0,0.22702742662822514,0.8063185234327876,0.4923960753026189,0.5003240105919771,0.507483794396789,0.639450492483152,0.6876266548332226,0.8555755407754102,0.6021609191287939,0.5859200167891484,0.9704022569191108
1.0,0.2501663339986694,0.8007722814563261,0.474928129669325,0.5020788662841823,0.4914153805471714,0.6218247796785898,0.6708897270911915,0.8514465848677804,0.6144179052108758,0.622570703738807,0.9316357799503854
1.0,0.25275375175574805,0.7958984172309482,0.4590973671547416,0.5022064494680454,0.483539359102225,0.5644116122343185,0.5838769321795722,0.8461853456884032,0.6188271144012567,0.6123009738423506,0.6840799649788403
1.0,0.2364160567753382,0.7944448344226938,0.4569334514467814,0.5008156126691752,0.4951651788598282,0.5145152928978745,0.5562088602913983,0.8442159964577078,0.6497263651555003,0.5921101929412425,0.5251228172576485
1.0,0.20980261698824595,0.7959558396050164,0.4671758397241596,0.5024350313671029,0.4871065748858893,0.5127008812856403,0.5484283706826418,0.8446077320928074,0.679297805871445,0.6341072507452844,0.5130113332360532
1.0,0.21852591114068165,0.7995195213067381,0.4846797295596924,0.5032129383890502,0.4903009859850943,0.5545619491964747,0.5671178167295315,0.8459205816643038,0.7065752197495309,0.6502409881771394,0.65491998638066
1.0,0.18629407850964755,0.7999014989549507,0.4875777368500498,0.5044336020706549,0.4927201442472816,0.5421202695697255,0.5340803195029956,0.8447595283257596,0.7173942151001944,0.6717813023515972,0.5833211732088142
1.0,0.2265099430768095,0.7981469854205672,0.4830090898531816,0.5038704702892766,0.5068959824818063,0.5605235873509591,0.5745506989128029,0.8431337143024984,0.7434268879578344,0.6573904725117052,0.6496181720900832
0.0,0.30147113181045343,0.7953518735947047,0.4723603113647539,0.5060668540327184,0.501533114103529,0.6461897356143083,0.7131499149471191,0.8405364801847419,0.774798004167746,0.7426625532006522,0.959628386594678
0.0,0.2693871516226806,0.7941373731992807,0.46934761072256603,0.5072427258826232,0.5066221315617347,0.6044582685329185,0.5955180829820281,0.8328772745362567,0.7568378501405033,0.6925557354826936,0.8860370296103192
0.0,0.2587417757078436,0.7932354851928436,0.4667270139281549,0.5101164106381763,0.4973564050936206,0.6001814411612235,0.6255380519192371,0.8304208940963862,0.7626891938005433,0.6811072320139945,0.9600628300247316
0.0,0.2818067568566571,0.7929806946520344,0.4694664852850528,0.5119284605832017,0.5052990039369731,0.5979782270606531,0.5983433178019376,0.8260905752781096,0.7592585837042689,0.7017671872999766,0.8817749492971524
0.0,0.2781104457751165,0.7908393127989746,0.4646272290260806,0.5116495548201685,0.4831862790541279,0.6261016070502852,0.6128097034243032,0.822833058849679,0.7759377750307401,0.6728157387538778,0.9362141408287464
1.0,0.23405041768315224,0.7874530997981255,0.4527599584802662,0.5079115989497772,0.4752181760018063,0.5027216174183514,0.5701575327268694,0.8190197301552955,0.7847695360901157,0.6312405310887711,0.7672060753051562
1.0,0.2735270200340061,0.7840303625544802,0.4505490228456914,0.5111407457633127,0.4739951965288464,0.4928719543805081,0.5707196213297836,0.8161105788631888,0.7804093036528299,0.6320004920234938,0.7905848674008985
1.0,0.2652472832113551,0.7809587334706278,0.4502903963310409,0.5141723220812748,0.4675226226196545,0.4926127527216173,0.6213297833000516,0.8129332774717672,0.7790900962639051,0.6822286083862201,0.7314222098524905
1.0,0.27448806091520683,0.778828722870059,0.4565148475792093,0.5149176495244387,0.4587996305241529,0.4742094349403837,0.6085644552917681,0.8094334309754299,0.7703770670617154,0.6713719465247588,0.6533736233151753
1.0,0.2857248466030902,0.7792246297980472,0.4634520689035479,0.5158467177920744,0.4632699548329953,0.4450492483151893,0.5488869166481769,0.8089868413648118,0.8059440346547709,0.6071071068235205,0.3633258618849397
1.0,0.222370074665484,0.7835816640942472,0.4862263556351124,0.514372689365634,0.4676055689876804,0.42794193882840864,0.4929738924635749,0.8108468727976899,0.8513247668957573,0.52829349904442,0.3682712491550128
1.0,0.1978265690840541,0.7866298179491367,0.5030574312231599,0.5126177223429972,0.4812063724534506,0.4751166407465007,0.5655129058501587,0.8130328089626107,0.9062476357432052,0.569397939384487,0.5095883587718352
0.0,0.2776668884453317,0.7897585105285978,0.5208308815105374,0.5153191944661146,0.4897229810450151,0.5187921202695698,0.6181051697359664,0.8117741825237106,0.9504725168740636,0.5930165694712118,0.6802220087522673
0.0,0.2276927626229025,0.7925564855628464,0.5362270622461914,0.5114937499591234,0.4829117927931671,0.5334370139968896,0.6554322905110566,0.8088814027625209,0.9609695721602602,0.5826900991314816,0.7125630571487787
0.0,0.17298735861610146,0.7989319378074256,0.5678863154621253,0.5111674417690539,0.4719486003311663,0.5263089683773978,0.7017528289327717,0.8051359488162293,0.9653627082654632,0.5819447703814165,0.7861860908224834
0.0,0.14504324683965408,0.8011622138131391,0.5799600940054611,0.5127209062871778,0.4786155547988221,0.4972783825816486,0.7108128097034248,0.7992627639742649,0.9304957851268424,0.5901282507606921,0.7383639509020521
0.0,0.17446588304871755,0.8023313133339125,0.5849572125692724,0.5112321910809026,0.4838023462534726,0.5134784862623122,0.7999186450706313,0.7954739546740901,0.9389621822957824,0.6028244236154822,0.7998795798675384
0.0,0.15561469653286036,0.8037742004709929,0.5907599883386253,0.5099455896655585,0.4731477154019491,0.5295489891135305,0.7876636343465724,0.7921003899311554,0.9563260911480138,0.5733965259571362,0.8835617845913568
0.0,0.14925704147261054,0.8039912313491449,0.5932687766288541,0.5095851915844753,0.4804613996186095,0.5506739243131158,0.7625101693661709,0.7877437891863956,0.9969462185040529,0.5272149503642243,0.9148599494461678
1.0,0.1757226288164411,0.8031764424094394,0.5935316546638231,0.5114280924029028,0.4748660300839405,0.5234577501296007,0.81213667628134,0.7799557882082382,1.0,0.5581244195644273,1.0
1.0,0.1477785170399942,0.8027240578211912,0.5945647757200012,0.5129845932937891,0.4759591304273307,0.4928719543805081,0.8544782190666376,0.7714321997123585,0.981718252016592,0.583751933567645,0.8772865527138758
1.0,0.13402823981666298,0.8047519447477653,0.6057448577737962,0.5120942841549133,0.4752089244479598,0.5099792638672886,0.8740551734339176,0.7670314138677989,0.9575960168657374,0.613947009105651,0.9504410212370052
1.0,0.1229393065720413,0.8061472505331544,0.6156494716993348,0.5149246096847113,0.4773128563779188,0.491964748574391,0.7888617705790995,0.7616542934730803,0.9250367284863056,0.5573360206626112,0.9559843400447432
1.0,0.13720706734678795,0.8055029839311065,0.6165754996684665,0.5123267461659496,0.475934520559433,0.5167185069984449,0.8516012129280381,0.756325821948107,0.9077656822167957,0.5330125410979605,0.95909768829232
1.0,0.15287942633252025,0.8030208142915816,0.6084384956133116,0.5134627951818816,0.4725332230560207,0.5162001036806637,0.8640115376081652,0.7486278126108361,0.8637121442328562,0.5393669653842977,0.9592917362975756
1.0,0.16884749020477569,0.7954183369199577,0.5863678940227209,0.5145395019371133,0.4798411571458241,0.4900207361327113,0.8499223430219658,0.7412936716016005,0.8288301003609693,0.5829639819407041,0.9445706667668092
1.0,0.26702151253049466,0.786573960662978,0.5604719163687938,0.5184426079250151,0.4811615419225991,0.496241575946086,0.8843354781451074,0.7349592284097948,0.7969430607377048,0.5448887782496776,0.9847683274228232
1.0,0.27618836401271546,0.7783278429526723,0.5401336417123055,0.5191305305559006,0.4864535133481324,0.4409020217729395,0.7832260927446199,0.7272739503101866,0.7740954592870397,0.5310378322515632,0.8373561792821846
1.0,0.31219043394692103,0.7762884448742049,0.5360381317461614,0.5182960140293758,0.4858713520909981,0.473950233281493,0.7847348568892836,0.7223695172356823,0.7802109998505571,0.5318526072391608,0.8328340552195239
1.0,0.29644414873955793,0.7771134978314846,0.5445503127337116,0.517023412212657,0.4801756101685914,0.4743390357698288,0.7957547518674658,0.7150142981080749,0.7745053560174604,0.5375803261028925,0.8116926482092777
0.0,0.32327936719154304,0.7792780638566448,0.5565430414602329,0.5190969094335982,0.4889250487245973,0.5489891135303268,0.9046372309740408,0.7071164467757621,0.7370156060807775,0.5643058236249588,0.9585948978228932
1.0,0.27714940489391604,0.7798367958578794,0.5638250081604452,0.5191908204300585,0.4813337509198934,0.4809486780715398,0.8748613268249394,0.6949194804357028,0.6741932421714039,0.5530704776593676,0.9824309721652952
0.0,0.2690914467361574,0.7790502793184835,0.5616144270873958,0.5185382961334342,0.4786259947402692,0.4543805080352515,0.8979809185711116,0.6823138580319159,0.5671689739667771,0.5646605876845664,0.993641640571298
1.0,0.27626229023434623,0.7773281461074573,0.5563648298085669,0.5190973873453905,0.4821860582282362,0.4394764126490409,0.9845203757118558,0.6725138654778648,0.5167147170918793,0.6036185309034658,0.9712132279699844
1.0,0.26362090633547725,0.7755083657110435,0.5509561841770846,0.5180395560749438,0.4858551332670363,0.3956713322965267,0.8161896309444565,0.6630622474172148,0.4696198548321775,0.5124633293131329,0.962203860305984
1.0,0.2895690101278925,0.7731830280618571,0.5488049433158998,0.5164540857528466,0.4984858653806809,0.4236651114567133,0.8031876340507358,0.6574659664555011,0.4727883923082806,0.5082963553221135,0.9848906208484638
1.0,0.2994011976047907,0.7715255117137574,0.5479255182007998,0.5172697429580101,0.5061044218689633,0.390228097459824,0.7343317801937725,0.6495661192653437,0.4553438322773919,0.4808275601150728,0.8
1.0,0.29319139498780245,0.7704804239137708,0.5445493486024517,0.5204676094659579,0.4848303128460018,0.3842664593053397,0.7708083721618224,0.6448676195969316,0.4396736675124479,0.5089784232221323,0.8900516913031652
1.0,0.31292969616322924,0.7706543641876673,0.5399247664155947,0.5184012696535781,0.5378864726857207,0.4167962674961119,0.8330227054211969,0.6352369636452586,0.4073283242858366,0.4950439065982821,0.9793597533327294
1.0,0.26258593923264595,0.7713640446685142,0.5382973533904696,0.5140928001321573,0.5333245952477218,0.3162260238465527,0.9046963981954,0.6242545259812617,0.3546704965599685,0.5306200806673516,0.983891658114646
1.0,0.1967176757595921,0.7723706226898079,0.5410111770672907,0.5119463625986382,0.572699680869177,0.2283566614826336,0.7578729383921305,0.6167622577097298,0.3296019351605704,0.4971696802356238,0.7811755509231684
1.0,0.18237598876321448,0.7744794864445652,0.5467530140790543,0.5105711290472326,0.5363815321494547,0.19440124416796267,0.6994674950077657,0.6170666911629206,0.3425946631016312,0.4532293035576046,0.786982578916021
1.0,0.20137502772233326,0.7766564201100759,0.5518079864956444,0.5123288289624172,0.5524815901321479,0.23587350959046124,0.7362473189852822,0.6178857213472506,0.3424877869187598,0.4754140561893678,0.9670562835020842
1.0,0.1494788201375028,0.7786471283322669,0.5576961006072089,0.5112663352446982,0.5509386993123339,0.16899948159668213,0.5894904223060425,0.6132602937095553,0.2987735330689682,0.4468572987343766,0.9601777699551176
1.0,0.15243586900273534,0.7797253939387372,0.5615927921308114,0.5114994964200059,0.5640354520736127,0.16562986003110422,0.5890318763405075,0.6121686292351649,0.2928050813576341,0.4469243428916176,0.9050779510022272
1.0,0.18585052117986245,0.7793292886370757,0.5631634052050435,0.5107663644098865,0.5518415509795465,0.1909020217729392,0.5354929369129501,0.6111303390701976,0.3036599262867288,0.4185667279781891,0.9300445434298444
1.0,0.19583056110002228,0.7796368918000771,0.5703854310600251,0.5116062936007696,0.5284419093393046,0.18390357698289267,0.4436358257525331,0.6103766447847874,0.3287090374246249,0.4258950706479193,0.8232770883942837
1.0,0.20972869076661496,0.7805215845080582,0.580152282514772,0.5129485749383442,0.5235658030234609,0.22706065318818056,0.4760150876414465,0.6090479232256021,0.3047205125114624,0.4406289133486939,0.8384339136544614
0.0,0.2229614844385306,0.7831524554245854,0.5954105270519809,0.5104009558497844,0.518824455936113,0.23470710212545376,0.5112417720582796,0.6039779595566563,0.24493082083815004,0.457308940901581,0.7979168621563288
0.0,0.20329710948473428,0.7839066322604045,0.5986600254297759,0.5087409368937831,0.5453251777451174,0.238724727838258,0.5054359884623918,0.5975368616077403,0.16353532178382027,0.4545951107433999,0.749160176409871
1.0,0.1786057514600431,0.7852317100881219,0.6013260721488543,0.5061754163583307,0.5552673662570671,0.15461378952825308,0.4855927815989942,0.5944928160487617,0.1391766879082536,0.44483597019264093,0.6173594820305899
1.0,0.1857765949582319,0.7851804983440496,0.5927331500585572,0.5068641192079381,0.5747227318556996,0.1696474857439088,0.3702906589749277,0.5936033513222354,0.1428485156942838,0.4445954196707744,0.5833911982734351
1.0,0.17084349818880773,0.786257651145114,0.5886149866123211,0.5052946396721556,0.7962411761292479,0.1240279937791601,0.3334368759707121,0.5971903389877982,0.1855177773398051,0.4247663594191852,0.4812799099183637
1.0,0.12486138833444238,0.7870223821397526,0.5846720816035057,0.5005144289572301,0.5277691000316519,0.04121306376360818,0.09010428222764556,0.5991816563492591,0.18823969347952152,0.3530415974934084,0.14768271219933976
1.0,0.1972351593110077,0.7900574985813025,0.596105490855564,0.503738300212732,0.4945975378129381,0.15292897874546413,0.2834109903113675,0.6071203277230974,0.2265357764330248,0.3919198943865884,0.401064709380757
1.0,0.1692910475345606,0.7938341236892426,0.6145501061237068,0.5049356834792563,0.5270407233651679,0.14411612234318305,0.3134235633459063,0.6067192613698198,0.2293892681090463,0.4086907176547804,0.3682530933143797
1.0,0.14252975530420645,0.7969334732391113,0.6265805675161995,0.5062995730254121,0.5745647386289,0.1372472783825817,0.267176983950891,0.6065614444501006,0.24945968211772346,0.4359746232685392,0.3365729122847736
0.0,0.16012419605233974,0.8036036557730379,0.6493838813503416,0.5078169037492312,0.5397679370306451,0.12817522032140988,0.3460468900229274,0.6086492484621975,0.2633254843543303,0.4306056966362977,0.3370515963387923
0.0,0.06165446884009763,0.8092444911969912,0.6640743044293516,0.5033950326036033,1.0,0.10912389839294956,0.31884476000295825,0.6086633298410613,0.2319569387681427,0.4650454058630686,0.2864561423867476
1.0,0.0,0.8169913575956387,0.6907746625795065,0.5005675865352059,0.798728872499963,0.002602472348731147,0.23359218992678046,0.6121933629080699,0.23141064220387844,0.4021409561916625,0.002117313785903468
1.0,0.013232793671915377,0.8192003274071278,0.6963874361477472,0.5021187779496753,0.40804118617964574,0.006109150149334627,0.28338140670068784,0.6220990870305123,0.230466103257186,0.4243841225639508,0.02091396975117926
1.0,0.06941672211133301,0.8219926213422135,0.7078319197754404,0.5035691380873206,0.3074881571272053,0.014148920966128471,0.3807410694475261,0.6319376923965894,0.25702330183140554,0.4294914113646137,0.08375625572707363
1.0,0.06076735418052784,0.8223026715166939,0.7086138523454224,0.5030212479294598,0.4593606892253248,0.007903981264636886,0.3949633902817839,0.6416987176336735,0.2747716734936171,0.4372514644957389,0.046088991084755136
0.0,0.15347083610556686,0.8234381863191498,0.7094169126391444,0.5076834254694906,0.4173069826359414,0.0921942224953903,0.3688558538569631,0.6517141989117088,0.327495680114992,0.4269861141844147,0.12978102189780946
0.0,0.14770459081836326,0.8236197580596736,0.7072556606228891,0.5070312431357232,0.4476597946153056,0.06177012907191123,0.3349530360180457,0.6566438094747775,0.3370472867308489,0.4560946712659299,0.0581995133819942
0.0,0.14009018999038975,0.8239169760830041,0.7090479109432638,0.5064295652413798,0.4623224102462077,0.06837738168408097,0.4831373419125807,0.6608862865866267,0.3300213485399396,0.4905655001739478,0.25577517288734153
0.0,0.1913949878021736,0.825661619377053,0.7170201993607133,0.5073075968247065,0.4779842974164319,0.11539643515673008,0.539997041638932,0.6613114919002092,0.32017349182169696,0.5226190050732307,0.4588013144342538
0.0,0.18178457899016787,0.8260050364962024,0.7226078493590817,0.5065586593658012,0.4179132071374249,0.13275968039336186,0.569255232601139,0.6630380124654864,0.3425288043185037,0.4888779390122708,0.4823924665260678
1.0,0.16507725290160433,0.8281561516553622,0.7347171017204839,0.5048557736486058,0.3522706813916291,0.07513829133374289,0.4277864063308928,0.6654700038201964,0.3883621069149139,0.4624812165557535,0.3547746333807445
0.0,0.1590892289495085,0.8289462835473096,0.7418232135771969,0.5080616129315033,0.4081094615993546,0.07421634910878895,0.3530064344353228,0.67110889989593,0.43159646236747257,0.4772682396788946,0.3103143852077098
1.0,0.156945368522215,0.8317527662564888,0.7553277240928208,0.5077341078760079,0.4591346518155817,0.0453288260602334,0.3130315805044004,0.6746222955638121,0.436514948647556,0.504931092296189,0.20388444749619852
0.0,0.18148887410364467,0.8351850250997683,0.7657337661381701,0.5101886097925428,0.4409591122667466,0.1501229256299936,0.4712817099326974,0.6779826890573066,0.4167120884964091,0.5348319248785527,0.5418117612438078
0.0,0.1909514304723885,0.8394075817786522,0.7799161857008554,0.5111491855167982,0.4612323709964564,0.20067609096496586,0.5070408993417647,0.6764591599476497,0.3672679921608518,0.553765614095265,0.5305802148217177
0.0,0.23989058919198655,0.8419087244883148,0.7796735271899489,0.5154687655532552,0.4349494591115256,0.3239090350338044,0.6209082168478667,0.6767320548084619,0.3474003537593604,0.6163593494635969,0.9431065770758748
0.0,0.19575663487839132,0.8421705845994081,0.7760163830621448,0.511418920295436,0.4473438972839957,0.2269514443761522,0.5309740403816287,0.6699100889604503,0.2785585727787563,0.6161541998903295,0.8336486523539258
0.0,0.21423819028609464,0.8419518675945763,0.7660055305414969,0.5093042694492715,0.456497796884333,0.2295636140135219,0.5677316766511352,0.6641091528804881,0.21580529297304074,0.636159786685982,0.6603602862548338
0.0,0.2411473349597103,0.8415862214964664,0.7621371316127645,0.5079951026193695,0.485359436319983,0.27243392747387823,0.6595222246875232,0.6578827351003679,0.14419606073331115,0.6363497960098807,0.7719283814537592
1.0,0.19494344644045253,0.8408423111185691,0.7558797815113892,0.5035990621604247,0.4643080091107837,0.16641057160417927,0.6368685748095555,0.6521540232102141,0.0967627269950655,0.6272346175281759,0.4805077311108677
1.0,0.21593849338360327,0.8412929519815182,0.7572760288405483,0.5017570964689684,0.4120516407395709,0.1667178856791641,0.5993861400783964,0.6524884324603881,0.0877539611519384,0.6034555589794611,0.5586429193233423
1.0,0.18067568566570566,0.8415441234455303,0.7569559072824048,0.5021113839126744,0.4578580947249962,0.10878918254456033,0.4684342874047779,0.6522092833787636,0.07750306870218943,0.5826656712083741,0.3793614568383416
1.0,0.19072965180749624,0.8430054731151175,0.7625496084543737,0.4993091253383417,1.0,0.11263060848186825,0.5679535537312329,0.6577297671660916,0.10495978766129266,0.584011860980483,0.4123473637155032
1.0,0.17505729282176394,0.8444809932459745,0.7663746728897581,0.49772368867144,0.41111398150424416,0.07298709280885066,0.3734708971229935,0.6607320120240441,0.10412336289834184,0.5464276266869319,0.29576735759828743
1.0,0.18385451319583065,0.8464342341579301,0.7731916247392823,0.49863820519394003,0.3890584730275089,0.08852613404489114,0.3964055913024183,0.6683663353416059,0.1347987441294703,0.5050873379371815,0.3611509775780535
0.0,0.2264360168551788,0.8473074968696106,0.7759821033254364,0.4989335862384636,0.4596260269266593,0.17328519855595698,0.5242807484653502,0.6725011287138489,0.1362694312692771,0.5129859314336837,0.7154083241182984
0.0,0.3051674428919939,0.8477271177313044,0.7797892559982322,0.5024422481922154,0.4656486683978893,0.2957149584052739,0.515723689076252,0.6729056280213173,0.1385946334173953,0.5087659398299347,0.7540408912312082
0.0,0.2692392991794189,0.8460486211997025,0.7755492160528149,0.5028266474303463,0.4448170487581435,0.2319886987913985,0.3602026477331555,0.6731176964178556,0.13928591175342284,0.4820840402208539,0.4793308707620642
0.0,0.2873512234789681,0.8476302480185591,0.7857176936920106,0.5045123380148167,0.4748789654230705,0.2031078323654057,0.3624731898528216,0.6755633605875444,0.1490153282671242,0.4831373803774273,0.4774311090867688
0.0,0.23929917941894,0.8490835466991549,0.7977243146964624,0.5037545189362526,0.4718965408989636,0.17344215978653288,0.4305672657347829,0.6772902507835981,0.13476436148106047,0.5188992294050627,0.409246185379185
0.0,0.2855030679381978,0.8523089683659912,0.8193734274719247,0.5080558067855092,0.4674641654149557,0.2754669596609639,0.5023223134383551,0.6784221070993364,0.11108832905872773,0.5519389104124685,0.7263493509451144
1.0,0.2838766910623199,0.8522036688980561,0.8271537081451263,0.5079049412692123,0.4740719828493997,0.2674619369015856,0.6270468160639004,0.6774364337762253,0.09137381834122517,0.5630699853285388,0.9153268048280568
0.0,0.3217269165372957,0.8517532709449909,0.8283264769232835,0.5076970552736086,0.478393950519408,0.3056035159315649,0.6114488573330377,0.6747298351534898,0.07386872241973974,0.5543604067316535,0.9395809610567064
0.0,0.32704960449471443,0.8505554472351415,0.8270566095707349,0.504470981533071,0.4920796548900291,0.3057604771621412,0.4367206567561568,0.6729348043928223,0.06503604856889439,0.5234290990187134,0.7661125028467315
0.0,0.3059806313299329,0.8500159219016539,0.8269570470010249,0.5025328187032463,0.4742832977907882,0.2340291947888875,0.3859034095111308,0.6745607266558578,0.06895431501044152,0.5498057387515051,0.6126564222265446
1.0,0.3294152435869005,0.8497721754062959,0.827535070589881,0.5010363697078245,0.4718646904841365,0.2674619369015856,0.3576288736040233,0.6764620391574674,0.06804198004250689,0.5388785840046598,0.5945325292543635
0.0,0.3399866932801066,0.8497069289661436,0.8287435095061387,0.4983186584690994,0.5100911417818188,0.2789201067336369,0.3421492493158791,0.6792108628774765,0.0695620352553436,0.5336975679219442,0.5822934928328343
1.0,0.3219486952021884,0.8510765241676559,0.8315885301047391,0.4966550252759546,0.4806445279222695,0.22618113326008515,0.1942755713334809,0.6795819826548826,0.04404451510131169,0.5153297546706406,0.35770954409412725
1.0,0.27544910179640736,0.8526541751600858,0.8335005362319043,0.4958890322732399,0.3593700179652615,0.16936116779155574,0.14586938835884894,0.6836360316441865,0.030404343469022318,0.4796945850023571,0.2106329188781623
1.0,0.2411473349597103,0.8549658796653095,0.8330048815583084,0.4924305750346031,0.4461774369964278,0.0850729869722181,0.07951334960431877,0.6896142810268633,0.02769496526390114,0.4851058356052829,0.09836669170385423
1.0,0.2603681525837217,0.8567686053006873,0.8336208974570468,0.494361380359821,0.4331442974977289,0.1296499764558157,0.1177723541158201,0.6990530845236662,0.04412824712316349,0.5000298656309519,0.10256126482213493
1.0,0.2775929622237009,0.8584078905548707,0.8380923540739998,0.4960757828943539,1.0,0.17407000470883693,0.20804674210487376,0.7070320535490724,0.058842388134596864,0.4865803075399328,0.2091458972230224
1.0,0.2024099948251645,0.8583637815898346,0.8402716668168905,0.4880775016841563,0.5236086261569174,0.0032961858420971265,0.1326529102877001,0.7123609279533556,0.06260305017628638,0.4070222563412821,0.004913505362498248
0.0,0.33799068529607457,0.8572111679456456,0.8349699919274618,0.4978951853802491,0.4797791781475668,0.10459558823529408,0.2762443606242145,0.7233778029388434,0.10807448034652156,0.4778783118057048,0.2316228601960505
0.0,0.3931396466326608,0.8550136780548439,0.8275665202043486,0.4997779888056712,0.483400365104899,0.2263184843830008,0.2562162561940682,0.7278127812147093,0.13237383638474026,0.5229170226109794,0.19765116378026487
0.0,0.39520958083832347,0.8555615818704225,0.8312477362047397,0.5000241659147157,0.4990288832483876,0.2439466315269313,0.24794024110642696,0.7328316256930241,0.15962395044063155,0.5120366383760219,0.1501425471256546
0.0,0.3710357063650477,0.8577000212935173,0.8424848670951305,0.4974182661502454,0.5160595327537933,0.2551474221709769,0.2575918940906732,0.7378498851603803,0.17951635966517626,0.5179455333924333,0.20969320454448734
0.0,0.43579507651363936,0.8599439798817967,0.8532151594787067,0.499930188143579,0.5171669633421762,0.3963103277878438,0.3676059463057468,0.7427148199074136,0.1972747064545175,0.5455509299659576,0.4086634611293145
0.0,0.41576107045168936,0.8612899007000443,0.8573916306465611,0.4981324921227989,0.4926698234070544,0.3421182671718005,0.3688188743436137,0.7436480395288441,0.19272739031889652,0.546367061078349,0.41470575720182135
1.0,0.3309676942411475,0.8624069866914041,0.8626004753030425,0.4933727281836068,0.4968101979895318,0.2042497117443585,0.3031210709267064,0.7465785661720616,0.2036353209091082,0.4638705909103169,0.15512105867835474
1.0,0.3474532416648186,0.8625097792006549,0.8636699313106503,0.4913393260801446,0.4934314360865168,0.21956844012518548,0.2888469787737593,0.7539551969366722,0.23071288730011086,0.4565867321631771,0.24494702353091385
1.0,0.3628298957640277,0.8609193067631074,0.8621376443628996,0.4930546009695875,0.4950111625862535,0.17838906275737132,0.23263072257969056,0.7604614165653432,0.24653115843257886,0.35858006335178344,0.06269945959746448
1.0,0.3711096325866785,0.8594371761582313,0.8595283349502671,0.4901976845282659,0.5131999370796844,0.18069510788996865,0.2973300791361587,0.7702871192963292,0.2781124714429196,0.3915987541857184,0.0010019060651968491
0.0,0.4627042211872552,0.8602870200515957,0.8615760726330228,0.4956347366122451,0.5181976714157901,0.3692357829558415,0.3935581687744992,0.7800570717879289,0.3065640262064282,0.4661115786159439,0.08976798653297308
0.0,0.4438530346713982,0.8613706945618265,0.8603181941626958,0.4974093953697578,0.5188487210585362,0.3516055789815116,0.3980400857924709,0.7857062505732109,0.3199551031093827,0.4704673719159299,0.14751518700139055
0.0,0.4488800177422933,0.861874463049229,0.8565176433901959,0.4977764694719107,0.5187261366854188,0.3858254946480699,0.4495969233044893,0.7911544321218527,0.3256333264497091,0.4763968707627438,0.16492364645996996
0.0,0.4986323648998302,0.8622009531047359,0.8555498473261512,0.4991111271209048,0.5333527980439116,0.4453454427505678,0.4836032837807851,0.7959143894084619,0.3329209648503891,0.5152819365741238,0.3238399634724033
0.0,0.5223626820433208,0.8599420713202952,0.8512748969712522,0.5012681223604017,0.5224867476696529,0.5229343135688029,0.504171289105836,0.8000429777897291,0.3529764154282741,0.5415338597789385,0.8206152616859803
0.0,0.5425445405485327,0.8579640680232277,0.8471627882634991,0.503644601877798,0.5279205345569559,0.5026839280075782,0.4484579542933215,0.8016037042470456,0.3731569676592758,0.5229035089995381,0.639603457041182
0.0,0.5542988097878321,0.8565867103788871,0.8469437214830887,0.5049108371686502,0.5219068235126921,0.519914867740955,0.4399822498335921,0.8029643286162005,0.39032412377132375,0.5142162597276443,0.6527116587323821
0.0,0.5208102313890739,0.8565620318031058,0.849638239105181,0.5051273184616556,0.5245137699782128,0.5067087029840899,0.4471858590340949,0.8036361725132659,0.40826230418491705,0.4732167932418301,0.5805652981225484
0.0,0.5333037628446813,0.8567631700576339,0.8528414874356097,0.502684918301393,0.5254914487653801,0.5172666617787229,0.40378670216699897,0.8035642111333974,0.4150055442827158,0.4733887483111862,0.4633578906552918
1.0,0.5448362534190879,0.8560590814393125,0.8541293717622432,0.5001786799724325,0.526592383504624,0.5181464916782758,0.40137563789660535,0.8043944744765399,0.4286945768442677,0.4688739686703083,0.3711059619699159
0.0,0.5527463591335848,0.8553148080101529,0.8543449190083398,0.5009005529356091,0.5290006667278325,0.5391266119577962,0.4241624140226312,0.8046693482899205,0.4180565040748844,0.4450857736165639,0.441943433005994
0.0,0.5696754638870409,0.8551207358624399,0.8572445806338176,0.4988901564103938,0.5274474645862373,0.5575908558030481,0.4717920272169219,0.8035573844149557,0.3914242158695857,0.4550797347940324,0.5296995108315873
0.0,0.5464626302949658,0.8543915429362012,0.8556939868543986,0.5005718787336845,0.5330265333533124,0.5132561886626632,0.5101397825604612,0.8015502136140908,0.35690453632757124,0.5004929661995705,0.4887270587369891
0.0,0.5747763731795671,0.8542543680316259,0.8568557290566462,0.4996793429020539,0.5319896143246701,0.5580782188369711,0.5242437689520008,0.7999671354831479,0.34123017973106234,0.4659582807898837,0.5436757512229227
0.0,0.5571080062098028,0.8542574953826882,0.8603232603099031,0.49814209944379606,0.5409832511775609,0.5270485859318348,0.4966940315065456,0.7981636951817346,0.330255273536477,0.4344580585958861,0.34054213100886405
1.0,0.5316034597471724,0.853617602999438,0.8620448484864033,0.4993626079630604,0.5360970280150331,0.4910804931109498,0.5265069151689962,0.7982626744678525,0.327896653067966,0.4180285306195371,0.3449556806061269
1.0,0.5264286242330156,0.8534379166256805,0.8696656111537621,0.4992801691779784,0.5382453401734568,0.4473420260782348,0.5035500332815626,0.7985693172610533,0.31629749371515625,0.3927648396001675,0.22292103424179086
1.0,0.5307902713092336,0.8524341702029972,0.8740995814987713,0.4996203981462598,0.5385068857261291,0.4724264705882353,0.5465572073071521,0.8005561291185004,0.31354306434426144,0.446397826739767,0.44918901026150265
1.0,0.5253197309085533,0.8536734658162668,0.8866575718897999,0.499345646676348,0.549166608591849,0.4391968325791856,0.5513497522372605,0.8013824621988709,0.311485648706106,0.4521452329209159,0.4136967155835093
1.0,0.4539809270348195,0.8543053006118284,0.8886135472990521,0.4956280023068789,0.5412391767022823,0.3485786659161273,0.4711411877819681,0.8023875939312384,0.3167689551781479,0.4000426217168635,0.2086873367906128
1.0,0.5220669771567976,0.8561074696442768,0.8970420931998883,0.4990034762262222,0.5550249147527334,0.4611595834506053,0.496339028178389,0.8062041575408878,0.34146150897400834,0.3817656217217463,0.2592503700147988
0.0,0.5379611148074221,0.8556065829462394,0.9010427812037672,0.5006253596650735,0.5490748870359642,0.4935265972417674,0.4954958952740184,0.8093195115488994,0.3603922022179286,0.3807719150344308,0.2981319252770103
1.0,0.5129740518962078,0.8550391546871383,0.9118092113936584,0.4984659394058339,0.5574716550525279,0.4259780467210809,0.4377856667406255,0.8130807897864307,0.3942148647326886,0.3623563449228701,0.22924916996679684
0.0,0.5469061876247505,0.8560675931450252,0.92217011685502,0.4983655765705738,0.5299387121029678,0.4882409572273414,0.41831225501072383,0.8177727833121868,0.42672614179965707,0.3449493497982661,0.29329173166926586
0.0,0.6007984031936129,0.8572516010050046,0.932635410771166,0.5031244117741752,0.5159848329650333,0.6349883097235595,0.4642556023962722,0.8212837960370023,0.4561993221669629,0.34380527140619177,0.5302212088483514
0.0,0.6362090633547721,0.8586850049276535,0.9434232229740996,0.5029747757501931,0.5247587227947029,0.6949525512309173,0.5141705495155686,0.8218279672484661,0.4571392692755509,0.3548517896149413,0.7596703868154726
0.0,0.66784948621276,0.8578846467055523,0.9498799271512768,0.5057923556523549,0.5331755070094881,0.7715582450832075,0.5518674654241554,0.8201451564266597,0.4623768642326964,0.3520952432004719,0.8616744669786793
0.0,0.6798994603385822,0.8565892414617613,0.9561964024241626,0.5033753705208333,0.5403866756358299,0.7736212350433227,0.5553657273870277,0.8168237758929053,0.4665618538087319,0.35628067207359576,0.8261130445217798
0.0,0.6975678273083465,0.8542895005287023,0.9623578135968236,0.5014445096334569,0.5333141549773667,0.7959015266125704,0.6124916796094964,0.8140710806318958,0.4642222065052735,0.3756436044857636,0.9760390415616632
0.0,0.7051083019146893,0.8524204134306271,0.9682844184777664,0.5023158870245955,0.5436533900247436,0.7941136019804705,0.5955106870793581,0.809379662911063,0.4504210013129185,0.4131256760448577,0.9684469103384024
0.0,0.719893546240852,0.8506136297723434,0.9697558903853158,0.5000290131836348,0.546627865458562,0.8202448081419338,0.6033799275201539,0.8066195166905656,0.4434641390284444,0.4221869298314393,0.9542457805907181
1.0,0.6827825829821839,0.8500108574280605,0.9672071234400292,0.4970597010824301,0.5345813568507382,0.7430889836336128,0.5223060424524816,0.8045225682166066,0.4551991194161914,0.3647479549838247,0.8311132031066125
1.0,0.6410881939824057,0.8500866363865194,0.96586079239463,0.49644454446468206,0.5423198709945182,0.6957777472149635,0.4361733599585832,0.8041030566540182,0.4591830713819946,0.30778252103981546,0.4880333433592581
1.0,0.6452280623937312,0.8511529637685098,0.9736152837588459,0.4966999295477337,0.546191748300073,0.7132443955439417,0.4394645366466978,0.8040980660342558,0.4586174529046753,0.3123352268650258,0.4702874575688567
1.0,0.6333259407111704,0.8505399397542752,0.9825018217920289,0.4989861240373428,0.5319384634379971,0.7088433502956955,0.4662007247984615,0.8037635221801421,0.43160647482990655,0.3480996855989113,0.3930305504232352
1.0,0.6392400384416356,0.8500741344886704,0.99625002972853,0.499845936648308,0.5487048108846304,0.6950900838949252,0.4189187190296578,0.8039510722011819,0.4146562299506157,0.3353653340461253,0.22498173849525105
1.0,0.616101131071191,0.8493576260231861,1.0,0.5012377323140444,0.5443259033058417,0.6659331591252924,0.4190962206937351,0.8069160170824401,0.4051446529362667,0.33556114245260377,0.2157865337515552
1.0,0.6156575737414064,0.8493162276133117,0.9933509488024072,0.5010748273878756,0.5446881857528926,0.6726722596616699,0.4089712299386137,0.8102691111975981,0.41522808501241787,0.32656491296045315,0.2194675613263032
1.0,0.613809418200636,0.8475665171543585,0.9811154477457558,0.5009987787271876,0.547781787866546,0.662769907853115,0.3752089342504252,0.8136144273625279,0.42374598181657774,0.333613270703019,0.14918739924186594
0.0,0.7000073926221634,0.8426891224000532,0.9606444373020596,0.5061830119524826,0.5351979930735157,0.7792600742676388,0.4274831743214261,0.817113532788903,0.4345018228395969,0.34460601678721986,0.1728459530026113
0.0,0.7478376580172988,0.8361998787368738,0.9476778993359686,0.5120477500408642,0.5374230710593251,0.7698775710686173,0.45362769025959604,0.8186720705724595,0.4309775681242387,0.3817924520252608,0.14905715114592213
0.0,0.7642492792193392,0.8308511490928401,0.9384580804872606,0.5142093039973167,0.5604102813892178,0.7793368930833229,0.4542933214998886,0.8208956648699497,0.44176834746842697,0.3826158143710866,0.21206846533216936
0.0,0.8055001108893326,0.827242125349557,0.93423074013901,0.5146267395936848,0.5811581357013453,0.8487160852713177,0.4907773093706089,0.8221380357599499,0.4454895353253029,0.4239514924529144,0.5648970118944008
0.0,0.8565092038145933,0.8245610679076805,0.934049311568622,0.5164124551261016,0.5913659645887168,0.8966217022800526,0.5928629539235264,0.8221063027998896,0.4525274632324541,0.501419316236916,0.8105599071656528
0.0,0.8592444740149334,0.8212226330175738,0.9275940043512504,0.5166070934290417,0.5754454109275716,0.9050298979950756,0.5521780933362915,0.8196633995315259,0.4408607903388944,0.4974744025887039,0.7937917029300837
0.0,0.8683373992755232,0.818659114202217,0.9230583490478462,0.5139403461334375,0.6069429465869122,0.9052526790419864,0.5553731232896971,0.8184487143059436,0.4411588836107944,0.500836346638715,0.7350159559036831
0.0,0.8847490204775637,0.8152283665262654,0.9112113770895144,0.5119661705066383,0.6497362286207895,0.9218092965109672,0.5597662894756306,0.8157602221952359,0.4155923287077376,0.5055602558838033,0.5872352770525062
0.0,0.906631182080284,0.8115160675278255,0.8940252731171286,0.5106837365587981,0.6069677002456205,0.933749290981282,0.5875231121958433,0.8127894174190728,0.3857551160769634,0.5323974412425987,0.561895901173308
0.0,0.9048569527611446,0.8082114844543533,0.8804814115582216,0.51113464952514,0.6548699052250921,0.9137259267505288,0.6130167886990607,0.8113247407327995,0.3706127415240131,0.5555725382932883,0.4763446738719057
0.0,0.9036002069934208,0.8050469990549525,0.8687421345188228,0.5108876663063863,0.6688417553677851,0.916339012669288,0.5809185711116045,0.8111684917471462,0.3739038591770113,0.5177891666441906,0.5568948525509826
0.0,0.9206771641901386,0.8027875167488531,0.8674525352005571,0.5091317328549744,0.6457533711257523,0.9223595749295164,0.5913541897788626,0.8119659644722035,0.3959203718070109,0.5267296669046139,0.5385508592661399
1.0,0.9070747394100691,0.8000774991153237,0.8640935674371683,0.5114653595627744,0.7325602596500356,0.9094552149897108,0.6555062495377559,0.8121026546529873,0.4027333584612624,0.5468294496018218,0.7677327317364468
0.0,0.9370887853921788,0.8003131708403909,0.8736201694917987,0.5107956074932434,0.6051609697994688,0.9457381132892884,0.7221359366910732,0.8116835291506219,0.41638731045686944,0.5728746847658671,0.9625354717342092
0.0,0.9143934353515192,0.7990059707643431,0.8761360952044194,0.506148771704962,0.6861690758956839,0.9711729089642608,0.6527253901338657,0.8089322623812851,0.4019055866093637,0.5299784536422018,0.936342740390756
1.0,0.8948029866193541,0.7984249332240028,0.8829189529758845,0.505574242970096,0.0,0.9146975298719392,0.6289919384660894,0.8088763718255416,0.4154565951717813,0.5132372201411136,0.7635359468777942
0.0,0.9367191542840247,0.7963415051540681,0.8817788083542554,0.5089764163731243,0.5534189433065025,0.9905695761667472,0.5679905332445825,0.8095884817363264,0.4234362127203923,0.448882628717924,0.8468003207698469
0.0,0.9231906557255862,0.7929913861600617,0.8771505440504384,0.5112168097607193,0.7173743170573701,0.9822799763733018,0.5422453960505883,0.8107845673349738,0.44730108117252615,0.4774384735701002,0.8391659983961526
1.0,0.9237081392770016,0.7892954632505547,0.8720325807785572,0.5129148791177456,0.0,0.964275808509458,0.5250942977590414,0.8101363831165305,0.4541613958460722,0.463470463451444,0.8938893344025663
1.0,0.9401936867006728,0.7847220754760247,0.8652528093877896,0.514339989863468,0.5563133292714886,0.99356520774394,0.5570667850011096,0.8089480071570665,0.4625132203178896,0.4377837745400008,0.9885805934242198
1.0,0.8542914171656688,0.7829901561653712,0.8719923269564557,0.5082396429602555,0.5269653437430059,0.8581672406978713,0.5171067228755267,0.8059459770400849,0.44988185644472706,0.4573438754933868,0.9879829787234052
1.0,0.8009166851482225,0.7812257756118062,0.8764538313620162,0.5058673569930807,0.522201836250032,0.8100615436734234,0.4777531247688784,0.8038036435715796,0.4390440849504645,0.4764733441695743,0.8688286040952096
1.0,0.8077918237598879,0.7797134977648812,0.8826403541449629,0.5070301348243086,0.5314860174310623,0.8000112924171419,0.4771392648472751,0.8018158843896468,0.4265008182352218,0.4760745349662101,0.8746393827574644
1.0,0.8239816662970358,0.7780792887827837,0.8834327605248609,0.5053101523533075,0.54433675371892,0.8015922308170065,0.5079358035648252,0.7992134084993321,0.41186847672958377,0.4503510058847551,0.8496207746808571
1.0,0.7625489761218306,0.7778470956107515,0.889882476167057,0.5024037248105215,0.5208065403903994,0.7407119021134594,0.4316248798165821,0.7952650974352424,0.3949723100835635,0.4333092114604871,0.5509535253909306
1.0,0.7925630221039405,0.7776875616465175,0.8899879818345215,0.5048680017325886,0.5180358447984518,0.8056729699666296,0.486184453812588,0.7949393120990325,0.3808819569854848,0.4301600357592675,0.7136302631168266
1.0,0.8112663561765361,0.7765068309019005,0.8959387458363508,0.5073532507775865,0.5420142127164076,0.8021134593993327,0.4802159603579621,0.7925409415950115,0.3707135384536818,0.4245197978619861,0.6685289803052538
1.0,0.7910105714496933,0.7765913823740336,0.9061619988093929,0.5088755897583686,0.5362878937291501,0.7845273467591063,0.4528880999926039,0.7916518424649809,0.3755388206725044,0.4470186759256587,0.5704922126158729
1.0,0.7443631256006509,0.7775245770777199,0.9203926385833642,0.5061164092365812,0.5535548850931626,0.7698910531528557,0.3742030914873162,0.79151985344924,0.3955684713017456,0.42055669003689616,0.4108430350510315
1.0,0.7184889480298663,0.777655467464782,0.9228463473318992,0.5041617473905656,0.5536652963619936,0.7201496643556728,0.3357296057983876,0.7930255692102439,0.4188558947793716,0.36491144540097337,0.17915665282936571
1.0,0.7565609521697347,0.7762948116741171,0.9197107876407358,0.5046397622233935,0.5309681860915625,0.7617475514471223,0.3907107462465794,0.7959520234538578,0.44645191603269707,0.3714298535283893,0.3384000749087049
1.0,0.7726768684852519,0.7756909382464288,0.9228035549528334,0.5061395668722583,0.5549358020129914,0.7916804225817101,0.3865542489460833,0.7963787981600698,0.458311061512099,0.36428589619359053,0.2251006585723644
1.0,0.7288386190581804,0.775097940953209,0.9266385013692784,0.5053439763100637,0.5453435743849746,0.7433696489490482,0.4330670808372159,0.7989088496502197,0.4761928504515405,0.423119805261216,0.1699803364649333
1.0,0.7377836918755085,0.7738571395227303,0.9253817439261826,0.5026604034938434,0.5355828033757719,0.7468911632001762,0.393358479402411,0.8022122591186684,0.4935205871539475,0.4269099103573339,0.003162992982109439
0.0,0.7813262364160569,0.772533668999313,0.9217794144998522,0.5037819140823906,0.5372228471509861,0.7916804225817101,0.4745285112047925,0.8091351436179293,0.5301363455361616,0.4597358682252621,0.2255489021956108
0.0,0.7610704516892144,0.7715910388038005,0.9163015336604449,0.5050651908679864,0.5069105519499317,0.7771541762958072,0.4394571407440284,0.8130933388583157,0.5550162059235522,0.4692981567631591,0.1469917308240684
0.0,0.82708656760553,0.7717422333946582,0.9177800705699408,0.5115499426848875,0.5179143357871564,0.8841201716738197,0.5238074106944753,0.8188306172027155,0.5973733045683387,0.5181520429269354,0.31074449201211
0.0,0.806239373105641,0.7701269079680713,0.9122402613608795,0.5132107545524699,0.5148784127918794,0.8606800924397491,0.5468826270246283,0.8203688314865631,0.620486476736959,0.5524997883970199,0.4800563850892756
0.0,0.8259037480594368,0.7684979142784851,0.9092845739732228,0.5117191302073272,0.5197844370916856,0.8745460548035655,0.5931218105169739,0.8209299664414895,0.6383130855070827,0.575322665343606,0.7239486416077403
0.0,0.8278258298218379,0.7666065009912402,0.9085794571285336,0.5117449101365458,0.5176878290197614,0.8820292725872124,0.5874491531691446,0.8197008169955609,0.6292743605525243,0.5687548346271672,0.6601693338295489
0.0,0.8619797442152732,0.7654767693091169,0.9136840111841752,0.5151276384338952,0.4935465864427392,0.9361725541983053,0.6267287922490941,0.8199857129247663,0.6259101496661064,0.5907244695526984,0.8279214737625615
0.0,0.8847490204775637,0.7635062013880061,0.9185283414538764,0.5171671150228326,0.0,0.977110157367668,0.6026033577398122,0.8193218187551652,0.6107163673461647,0.536513395510418,0.8919333829549662
0.0,0.8989428550306795,0.7606864695878821,0.9160919467597995,0.5149911773908415,0.4612187993793773,0.9888852206448772,0.5925375342060495,0.8178280612426712,0.5917454876418893,0.5166899862023207,0.942128768142908
0.0,0.8919198639757524,0.7592935806468799,0.918093668919724,0.5148627254645092,0.5030145385707495,0.9749916638879628,0.601124177205828,0.8156396155150261,0.5862956126600134,0.5272292024424724,0.8085944830174507
0.0,0.8264212316108527,0.7577458541257964,0.9135388224607364,0.5107914687163055,0.511523473739637,0.9259753251083694,0.5821980622735005,0.8133796296083801,0.5943602498082637,0.4940239356554943,0.8437324075811578
1.0,0.8415021808235383,0.7568668297870398,0.9118341982608836,0.5088051215329576,0.5100397807989425,0.9317550294542628,0.5818948302640338,0.8124083682159307,0.6170488056585304,0.4940705225738165,0.7421655094764492
1.0,0.8259037480594368,0.7536372203776829,0.901270493136374,0.507647303199845,0.506604352733393,0.904968322774258,0.5340285481843058,0.8104052160328845,0.624700221691714,0.4784094460026543,0.7122349408894718
1.0,0.8361794928661199,0.7510120525873363,0.8968078785290942,0.5051370817162971,0.5126184760030054,0.9061909525397354,0.5839878707196213,0.808280662070666,0.6255466135586611,0.4800969570294613,0.7382248076562196
1.0,0.8835662009314706,0.7489375852216045,0.8910745021977454,0.5062774940630566,0.5169985360823791,0.9734355896409916,0.6629761112343757,0.8042226220984721,0.631668914171541,0.5187502614467978,0.9973728654531788
1.0,0.8432764101426777,0.7462839313630436,0.8862546724461084,0.5061262243318917,0.573560265373662,0.9257530287873734,0.6633311145625329,0.7981493896884313,0.6248086735282217,0.5196848339861626,0.9555119118777252
1.0,0.8158497819176462,0.7450761035640292,0.8888853706957969,0.50440978871773,0.5590265460304369,0.8657330221184839,0.6690333555210413,0.7919559153499709,0.6026144401310909,0.5251271550093154,0.9917447676394899
1.0,0.7838397279515046,0.7434188262854065,0.8911039560501216,0.5040346156223662,0.5633606826860398,0.8461709458708458,0.7015753272686938,0.7861459925142076,0.563729987534229,0.5519214222644839,0.9991421021927868
1.0,0.7488726251201303,0.7422071815288924,0.8938838393894822,0.501230357994934,0.5699896638183496,0.7849283094364788,0.653583314843577,0.7816091226263129,0.5348518773381196,0.5151744054972408,0.774492700394823
1.0,0.7587787388186592,0.7406406740927496,0.8919880245047621,0.4986660128397156,0.5643178399010644,0.7899299766588862,0.6463649138377341,0.7800806272921743,0.544198428775764,0.5021805180301468,0.8267376733082369
1.0,0.7416278554003106,0.738488326143576,0.8909978267598679,0.5004909170453896,0.5582593754932919,0.7732577525841947,0.6615560979217519,0.7786392457068751,0.5443013369943439,0.515940578837562,0.751813423928016
1.0,0.7980335625046204,0.7363846225599728,0.8857642122739969,0.5031658274107179,0.5498202106835008,0.8343892408580638,0.6597441017676203,0.7775345138432956,0.5471994516200823,0.5115788146581466,0.8294922413001558
1.0,0.8035041029053008,0.7340029894423741,0.8834828672874635,0.5039592061828327,0.5541970434341694,0.8313882405246195,0.6431994674950074,0.7748588271086105,0.5222946632405123,0.5429831856300429,0.8088329813607562
0.0,0.7907148665631701,0.7322734717499029,0.8815225293345337,0.5059893179156633,0.5747959419909301,0.8243859064132486,0.7079505953701651,0.7720073667636127,0.4939785747478895,0.5403941381494961,0.8125975576163816
0.0,0.81163598728469,0.731697832745869,0.8862608770999931,0.504563773901626,0.5578058903466835,0.8503945759697676,0.6846165224465643,0.7688756121960338,0.4744457801041313,0.5719054330938398,0.7846661680893311
0.0,0.7982553411695129,0.7302015821795289,0.8877626771389117,0.5061583646145276,0.5592622193210706,0.8500611314882738,0.650166407810073,0.7682270619337785,0.4599500212210966,0.5795795840091579,0.769089924439745
1.0,0.7658017298735863,0.7275363345538968,0.8884020632209778,0.5035931059947859,0.5807768780407374,0.792597532510837,0.6138081502847428,0.7684281934175667,0.4591609374960735,0.5926655205678429,0.7251205611573888
0.0,0.8284172395948844,0.7244889309680402,0.8889552590895828,0.5072091982102331,0.5668016536341961,0.8486162054018006,0.6119961541306116,0.7702181002557584,0.44563284038727735,0.5896438107685893,0.8447275446785463
0.0,0.8319656982331634,0.7201184706798314,0.8819483227447369,0.5075899044940586,0.5678902384968179,0.8541736134266977,0.5545151985799871,0.7702244794764288,0.4432828527037286,0.5363519302354607,0.9076514428656174
1.0,0.8335181488874106,0.7185738636028627,0.8813768674449353,0.5088551145292914,0.5718451557900317,0.8213849060798044,0.5087567487611862,0.7674430642740147,0.424969761446636,0.5506805776844798,0.7999329499445547
1.0,0.8205810601020184,0.7169822695657886,0.8800533233130332,0.5057702039869428,0.566202325028815,0.8437256863398911,0.595421936247319,0.7639328345115974,0.3950669263677074,0.5666492445350451,0.8852412512571884
0.0,0.8009166851482225,0.7158268311326155,0.8817287203296579,0.5042597672592486,0.5745129578308482,0.8088251639435369,0.5984394645366466,0.7586786331415865,0.3516003539352488,0.5689418549774802,0.8409191800496145
1.0,0.8309307311303321,0.7136107159527778,0.8799962711440267,0.5040665835973729,0.591278705558404,0.8340557963765698,0.6209082168478663,0.7540547630238326,0.32386138183245183,0.5877780516083727,0.9932628280454371
1.0,0.8032083980187774,0.7117288399923285,0.8800070443123299,0.5050777384763684,0.600654291234635,0.7993775703012114,0.6192367428444641,0.7475502887566474,0.2800509095318641,0.5876982030686534,0.9773438939031126
1.0,0.7671324018629411,0.7107998597560807,0.8847824755775289,0.5051924295665753,0.6013291940504849,0.7540291208180505,0.5749204940462989,0.7402361302295517,0.2237787080246418,0.6045581791112958,0.8190581445324503
1.0,0.7738596880313449,0.7103907228179613,0.8901396919169301,0.5059123318088214,0.6012268757665364,0.7652550850283427,0.6383477553435397,0.7348614831101359,0.18899966252144376,0.647008228949677,0.7494013630502849
1.0,0.7691284098469728,0.7095071250276124,0.8918028329468417,0.5048593330880837,0.6039817737648816,0.7722574191397132,0.6368389911988759,0.7310145840985347,0.17669827472078048,0.6466609026634993,0.6541413397187942
1.0,0.750203297109485,0.7085633587681355,0.8951042309512355,0.5032347731928941,0.6151060037135426,0.7415805268422807,0.5017972043487907,0.7298357956202175,0.1869421133613287,0.5967685373727271,0.4248787376435185
1.0,0.7320174465883051,0.7079648709239996,0.9029729805774014,0.5053182981186082,0.6119590422447228,0.7147938201622763,0.4763700909696026,0.731206350993385,0.2031656327431723,0.6297178755213705,0.3768035856818317
1.0,0.7275079470688255,0.7073726034878787,0.912321310609922,0.5041602577182649,0.6116743894211184,0.7270201178170501,0.5397529768508244,0.7307557988974476,0.2052342061439765,0.6227432394637058,0.4591698900963953
1.0,0.7095438752125379,0.7069428451401516,0.916058623844137,0.5026644013369198,0.6091050951456357,0.6937868178281648,0.5444123955328746,0.7307208580725082,0.2194324441766018,0.625971365637612,0.3209615030392331
1.0,0.7293561026095957,0.7059456179837504,0.915360478044309,0.5047031512661055,0.6097726563270393,0.7304657107924863,0.4765623844390208,0.731876879470041,0.2218800005198737,0.5824836307577068,0.4063977405292571
0.0,0.759665853478229,0.7050650904735338,0.9160625685757936,0.5044042975248064,0.6071683649445245,0.7741469378681783,0.5410842393314106,0.7344189915398884,0.23095301149988,0.5721399348394468,0.4543500951679256
0.0,0.7278775781769795,0.7040194867074479,0.9223934527950493,0.5051013119951162,0.6091824879219698,0.7294653773480049,0.4363508616226608,0.7364486864329742,0.2210364564603394,0.557571644306621,0.189353472094308
0.0,0.7390404376432325,0.7028628416477405,0.9259789733383867,0.5060509329074999,0.6126816824365499,0.7560297877070136,0.3393683899119887,0.7407042894275968,0.23324867395015175,0.5090941907280292,0.16991044020380394
0.0,0.7269165372957791,0.7012523652671374,0.9314860035776564,0.5052605362739433,0.6101689245008657,0.7256863398910747,0.4810073219436434,0.7469678093725678,0.27947238263683044,0.5395713343680885,0.2982056394189688
0.0,0.7428846011680346,0.6982442953116834,0.9292436886657888,0.503415374090596,0.5976515288177471,0.7445815271757253,0.4044301456992821,0.7510926752079337,0.3169325502449177,0.5051718978360406,0.3998227792018722
1.0,0.7805869741997489,0.6954269459864937,0.9301991365436824,0.5044607124536706,0.5354976677919356,0.7677003445592975,0.3520227793802229,0.7573702087551364,0.3673134241378492,0.4851026339065171,0.4811569521507434
0.0,0.8657499815184448,0.6915813758594791,0.9240850015635756,0.5102871568282719,0.5227658316213724,0.8924085806379903,0.4271651505066193,0.7602583353787521,0.38719647437462507,0.5164352865591826,0.6269274248247788
0.0,0.9321357285429144,0.6889685171085984,0.9250674878923856,0.514421152446982,0.5350878211091207,0.9633211070356784,0.4540936321278011,0.7589543419859701,0.3854281126865379,0.4788730992536255,0.6723716934207553
0.0,0.8733643823464183,0.6858679789822364,0.9246031403050712,0.5117889104322062,0.5295573618519567,0.8966322107369122,0.3284224539605056,0.7564850610115026,0.3932267906137277,0.4692324317700433,0.4822292561609759
0.0,0.8683373992755232,0.6835151828111825,0.92510217762494,0.5115026636064812,0.5224381393634107,0.8849616538846283,0.3132164780711487,0.7573840243769911,0.4251945927264403,0.4601716097190068,0.3864197023271108
0.0,0.8853404302506102,0.6803843734668618,0.9247293222721024,0.5099712629879227,0.5270713103879169,0.891519395354007,0.3372457658457215,0.7578007905469528,0.4525439007714184,0.4212379934966111,0.4438985280815719
1.0,0.8811266356176539,0.6764998034541099,0.9198394841542304,0.5096619162268975,0.5359247159857041,0.8854041013269,0.2931661859329928,0.7582259227406938,0.4859894492534678,0.3941661094194242,0.3210673464353257
1.0,0.8965032897168629,0.6734051353916095,0.9218693979162196,0.5101837158631015,0.5840610917947804,0.8856924086633122,0.2558686487685817,0.7603818920043572,0.5258578757086907,0.3804891836147216,0.29444712871995765
1.0,0.8431285576994162,0.6706462956616548,0.9250206618447916,0.50911956291841,0.6018537827775172,0.8103972216192752,0.19946749500776567,0.7613121684785957,0.5315938537566117,0.339850162955471,0.10037400905495553
1.0,0.8083093073113035,0.6676670143156505,0.9273847514774584,0.5091280359228695,0.5866404301217965,0.7691476720319756,0.24305894534427894,0.76508491570936,0.5263510840038603,0.3670758796757832,0.04849591095363345
1.0,0.8659717601833373,0.6646580777564459,0.9256365747300884,0.5129930403237439,0.5984084678144361,0.8128983471967159,0.3362029435692627,0.7700029054918229,0.5253343518812661,0.3617693110127056,0.2416026914335817
1.0,0.8665631699563837,0.660705965681406,0.9124739161969536,0.5132541503208545,0.589461497803133,0.8139290958674218,0.3793210561349015,0.7721798560284174,0.5150530976189887,0.338198187834287,0.27510244984878585
1.0,0.8809048569527614,0.6589072610785864,0.9052803637508612,0.5113549051640569,0.609719140343066,0.8267823541710224,0.3732712077509061,0.7733414573988411,0.4947514421112375,0.33370138398370386,0.16483654953917082
1.0,0.8217638796481115,0.6577611130175072,0.8975160799048408,0.5084696019595587,0.6073779920540118,0.7613600915046274,0.3734782930256639,0.7764144517115876,0.4585491315244917,0.33281345546373403,0.0724546370967742
0.0,0.8522954091816369,0.6567786027088192,0.8897622305188214,0.511413268595479,0.6029381336262839,0.8186544660497037,0.5087715405665263,0.7834600455541596,0.4737704500112601,0.3534366132440808,0.18067748881895024
1.0,0.8329267391143641,0.6555454980590327,0.8847087147291824,0.5102170647575739,0.5936037374316752,0.7767495060829781,0.4127801198136231,0.7878184483281898,0.4893502888809826,0.3498113554325332,0.03238363425542461
0.0,0.8614622606638577,0.6532883278529709,0.8821297291154726,0.5126235400480876,0.5321474053520275,0.8366434439014244,0.4345684490792103,0.7971802762287123,0.538732991164935,0.3610796937721281,0.06986771411802044
0.0,0.9275523028018041,0.6517023734037282,0.8820232796493266,0.5170869065002072,0.5988766991703028,0.9110949360507432,0.5092522742400708,0.8035360936354248,0.5768117432989791,0.4032413478644423,0.3868346200731419
0.0,0.8569527611443782,0.6487069213561579,0.8771709917890026,0.5135150036467369,0.5322469659759268,0.824373505251118,0.44144663856223615,0.8037722192737099,0.5832293130231085,0.3553364532312429,0.04602916610230779
0.0,0.9011606416796041,0.6474618726754096,0.8774612122229258,0.5152423123455977,0.5123050392353946,0.8827077051055423,0.6050883810369061,0.8090568648922609,0.6082867868166315,0.4219828874436368,0.35225066594428805
0.0,0.9585273896651144,0.6453655080844616,0.8812191937629922,0.521336121979046,0.4987078066104224,0.9763959654777996,0.6856519488203536,0.8110828968470631,0.6149351816244715,0.5028303301021824,0.6224434511716108
0.0,0.9498040955126784,0.6443183152714826,0.8889983245250054,0.5243173854149252,0.5367391877786089,0.969890224777836,0.6636417424746689,0.8097221275628972,0.6182986292318343,0.4764983946829152,0.6236173190663229
0.0,0.9231167295039552,0.6425403447945441,0.8912774113595506,0.5188472994816544,0.5122638615482538,0.9714584422373236,0.6817617040159751,0.8082510082501988,0.6332196931501942,0.4888899719988621,0.5867985010609965
0.0,0.9380498262733794,0.6408993619387944,0.8929706868948374,0.5169777740402004,0.510313985713392,0.9851542080501832,0.7418977886251019,0.8053453082129214,0.6302504051828204,0.5622121313563985,0.780531852453835
0.0,0.9379759000517486,0.6376377314958288,0.8939593393150779,0.5167335065464956,0.5245461486307005,0.9891270256142186,0.7947563050070259,0.7984455055537156,0.6143051403358295,0.5940853694344511,0.796060393960603
1.0,0.9165372957788128,0.6342114768309068,0.8969574404111587,0.5149061269035135,0.5283008264496548,0.977924709395329,0.854944160934842,0.7906312870664622,0.5865822367884984,0.6257814786343822,0.8190052169184493
1.0,0.8980557403711099,0.6308971631766243,0.9089795901011096,0.5137132647557308,0.0,0.9404926948917566,0.8629613194290366,0.7820710501855572,0.5581509089499573,0.6296278188954173,0.8252735731603437
1.0,0.920455385525246,0.6271275483484817,0.9185635772543004,0.5162863929489002,0.5369751272558297,0.9843951786482996,0.9604984838399528,0.7728491014546066,0.5151336710256856,0.6661590631596839,0.9682920024289776
1.0,0.9186811562061066,0.6233949692133403,0.9168737983628051,0.516850281396739,0.5526386025643977,0.9946702198534312,1.0,0.7631853556010022,0.4793014570015214,0.6834386093236637,1.0
1.0,0.8886671102239968,0.6194779027894199,0.9110290697046176,0.5143152639785956,0.4996895873289988,0.959887323943662,0.8129576214777016,0.7555333827801156,0.4525623251943265,0.5452587797661113,0.9852430016758746
1.0,0.8994603385820954,0.6161523910958362,0.8981757386502368,0.5119619386193146,0.6477449780794092,0.9714929577464788,0.7476739886103098,0.7505715039679395,0.4391791404731476,0.5446297798613264,0.9911473144711682
1.0,0.881865897833962,0.6124556778346442,0.8932352242847438,0.5107260132396125,0.6451297671505699,0.9353239436619716,0.7976776865616448,0.7457870943503053,0.4338203773157588,0.5685608483593668,0.9875301483039975
1.0,0.8562874251497008,0.6094254349665726,0.8891466851376166,0.5087816836312741,0.6110745305228541,0.8847323943661969,0.643169883884328,0.7418327816878048,0.4381753692376968,0.5220972636987421,0.931280836089056
1.0,0.8151844459229691,0.6068858977693965,0.8871449780065911,0.5079345799010749,0.6115564833317987,0.8308732394366196,0.524842837068264,0.7420160272735923,0.4774239023035446,0.5121039334089289,0.8400325381527523
1.0,0.8050565535595479,0.6044908556847717,0.8812478065467659,0.5070493208022225,0.6489983321212727,0.8123943661971831,0.4571925153464983,0.7412462475853743,0.5075035988544812,0.529001769090226,0.7279881165007341
1.0,0.8412064759370149,0.6019107091395881,0.8682829489412953,0.5083125431662531,0.6267716497692225,0.8513802816901407,0.5200798757488353,0.7418829473325261,0.5331189454716116,0.510050897057233,0.8308546570231132
1.0,0.8556960153766543,0.5993073139335611,0.8577809663217134,0.5101847363267116,0.6312221020337101,0.8744788732394365,0.4972487242067896,0.7402013513902552,0.5419385767617396,0.4987618845314497,0.8765318573272741
0.0,0.8785392178605754,0.5971485665208816,0.8503460058422364,0.5130031717226764,0.6501465970190884,0.912788732394366,0.5054507802677319,0.736501912589212,0.5273840595487312,0.5027785881427189,0.9882357286645614
0.0,0.8483773194352039,0.5944598133099035,0.8400511164708271,0.513835190418764,0.6275143049057041,0.8674929577464787,0.5313216478071149,0.7307846016993849,0.503047491442891,0.5154029937155833,0.8745864274685693
0.0,0.8270126413838991,0.592552191921307,0.8328211735457217,0.5120064533801533,0.6516529410332049,0.8277183098591547,0.4411434065527695,0.7267611727951435,0.485190284366609,0.5203117381881213,0.717226674509227
1.0,0.8230945516374659,0.5907380454672493,0.8283780786827707,0.5104984320651098,0.6447369456139591,0.840338028169014,0.4039272243177279,0.7266456180826533,0.4848518729257934,0.5037168167723023,0.7323336560062828
1.0,0.8330006653359949,0.5889529105900693,0.8285056358464437,0.5080968461230413,0.638738772484828,0.8528450704225352,0.4504030766955107,0.7252884241262822,0.4792324644813454,0.4761832689736281,0.7857012717268521
1.0,0.8114881348414283,0.5863693919286859,0.8267469081939205,0.5061096996104819,0.6527491832498253,0.8157746478873237,0.4412765328008283,0.7213118288292379,0.4535925347955001,0.4711787036025809,0.7113471559231871
1.0,0.8321135506764252,0.5839979830609372,0.8263387733509571,0.5051694106596392,0.6662800672015123,0.8458591549295774,0.454907181421492,0.7187990943346934,0.445341510835696,0.4283211980891188,0.7195641875888201
1.0,0.8072004139868414,0.5820292557386324,0.8295645773703444,0.5027301501287971,0.6587455594443113,0.8057464788732394,0.4046076473633607,0.7149657788920076,0.4325348821397901,0.4010593534236885,0.5806763108989547
1.0,0.7538996081910256,0.5775044295084261,0.8248816365229067,0.4999509902526239,0.6602690396884437,0.7370140845070423,0.40423785222986464,0.7141739254206609,0.4380713378013825,0.3995506603988375,0.4241518784389468
1.0,0.8142234050417686,0.5732078652957011,0.8180835275459138,0.5061007404162031,0.6124808553892788,0.7494084507042252,0.38407662155166056,0.7158277421768746,0.4477646673471671,0.4380472154112123,0.4041285573734651
1.0,0.7989946033858211,0.5681085475875995,0.8041565200679877,0.5047888471823181,0.6074095863727546,0.7341231721635179,0.352814140965905,0.7193937371516991,0.4628177783957765,0.4171456592693963,0.27096162955945113
1.0,0.7750425075774381,0.5654704278716279,0.7976414488939606,0.5024536462962614,0.6683787438136056,0.6943408291591175,0.3022483544116558,0.7260645036078865,0.4980042762611978,0.3797544090697534,0.000246984728110754
1.0,0.8381755008501518,0.5629754792694721,0.7957953610347844,0.5080885585836644,0.6564318021721628,0.7757899142079933,0.4066415205975889,0.7373230238171942,0.5581025424342951,0.4342462282585805,0.2495730494794721
0.0,0.8957640275005547,0.5601289080151572,0.7944979296353236,0.512777382378689,0.6757051696476121,0.849880693017948,0.446128244952296,0.7435785384388847,0.6053352013745908,0.4587350781280064,0.4138963621476199
0.0,0.8420196643749541,0.5567704649277423,0.7883408597110863,0.5072665994348176,0.6629883613360991,0.7727980080921257,0.3865616448487537,0.7470769309071372,0.6370624556056129,0.4065163738068646,0.0005308597133359074
0.0,0.9104753456050864,0.5542611200242182,0.7796779841484559,0.5139321267153332,0.656260788266369,0.8564107820026645,0.5265734782930256,0.7541590049487976,0.6841953990088396,0.4663980284879597,0.12230532336119762
0.0,0.9602276927626232,0.5507424657461306,0.7682915847785777,0.5212208912606163,0.6838590691761459,0.9271469271469268,0.6266696250277347,0.7557590726337273,0.6911996315213185,0.5176617130677823,0.6255856003945106
0.0,0.9813705921490355,0.5475142878987735,0.7606741232659313,0.5208297861926239,0.6577987153749291,0.942816442816443,0.6832334886472892,0.7528531994162582,0.6684428910553709,0.5201417514807789,0.7823232672241031
0.0,0.9572706438973906,0.5448019669836952,0.7553956072771059,0.5216136605488628,0.6942411274507666,0.915622473726758,0.7188373641002884,0.7495574553445392,0.6490963808073549,0.546516163527969,0.7509078309078315
0.0,0.9723515931100764,0.5423628772876465,0.7535372377181807,0.5222849953959018,0.0,0.9539207760711398,0.7364322165520302,0.7474677000036878,0.6256285125073107,0.5693117601933322,0.9102425292334346
0.0,0.9984475493457532,0.5393046487179334,0.7488554786985754,0.5225421747147279,0.6961942341806031,0.9790824575586092,0.7567487611863031,0.7443038561916373,0.6088277248180959,0.6014177295248768,0.9869532265049812
1.0,0.9592666518814228,0.5356421649366587,0.7417645646715224,0.5189545517710353,0.7048053342639301,0.9216855295068714,0.6951852673618819,0.7396072930415805,0.5717363706488352,0.5602817264560079,0.7317832394976197
1.0,0.9643675611739486,0.5324288334491643,0.7349191876271312,0.5190628698730242,0.4616410658325818,0.9607924489160876,0.7030619037053473,0.7379451689978886,0.5737884922848965,0.5721079925789269,0.8300941966219153
0.0,0.9936423449397505,0.5289581489562754,0.7297629497798104,0.5198096205021817,0.5647528539359067,0.99377657919303,0.7423045632719474,0.7353660590084543,0.5706526628099853,0.6512250214566662,0.9954255088783036
0.0,1.0,0.5249841741143824,0.7269404378055112,0.517072601259272,0.0,0.9949175396743076,0.7024110642703938,0.7297560549219901,0.5619289760918302,0.6465379877985588,1.0
1.0,0.999334664005323,0.5211467955817448,0.7249056705275175,0.5207578409259377,0.6391920437549743,0.9947100923140754,0.6829746320538423,0.7249413631446733,0.5550958327060183,0.6316988813012521,0.9934572779685186
0.0,0.9858800916685152,0.5177890792311162,0.7245691801059533,0.5196703116601185,0.8517661521928633,0.9768653605669028,0.6613194290363142,0.7195350263958613,0.5412679694689697,0.6473898792465042,0.9618606484675284
1.0,0.951208693723664,0.5129273304965429,0.7137340090501694,0.5193764623712791,0.8050288015844518,0.9780649364751874,0.6893942755713336,0.7134843860962838,0.5270293837895003,0.6704190306411408,0.9819536937993842
1.0,0.8860057662452874,0.5079729706545129,0.6980766481501655,0.5147534826783774,0.5357781357643061,0.9735462939855252,0.6615708897270913,0.7068416515370772,0.5021758904312382,0.6503092812171336,0.7568491877625371
1.0,0.8542174909440381,0.5030399380770763,0.6809535352109038,0.5119042907265484,0.5072939231902772,0.9316005471956224,0.6696989867613339,0.7031321476057968,0.4933843860399015,0.6653570349270143,0.9673544810594392
1.0,0.8474162785540035,0.5004346340195873,0.6760887080198764,0.5119823497750974,0.5246603253300383,0.9046922608165754,0.6551512462095997,0.6995859726068225,0.4791957933922689,0.6535530011003621,0.8551203184367657
1.0,0.8559177940415468,0.4977432767723953,0.6730361458998476,0.5125138802778203,0.4779027696261721,0.9316755190729116,0.6292286073515273,0.6962636096235757,0.4678745493762009,0.6617070865201555,0.7902133639964233
1.0,0.8845272418126712,0.4953683378183993,0.6727769220857943,0.5139285148984952,0.4786767506652675,0.9573877353935296,0.6648546705125362,0.6934732093167799,0.4512281682996856,0.666420057078287,0.8916570844512599
1.0,0.8936201670732612,0.4925992616239932,0.6672079025008243,0.5116908055164974,0.47904360686716496,0.9697474988089568,0.6797943939057766,0.6885902620248228,0.4229914978217226,0.6494574468151346,0.975978534009117
0.0,0.8831965698233166,0.4906174946532806,0.6635596941901601,0.5137311070494252,0.5221356845825114,0.9584717607973424,0.6846461060572443,0.6827558159478886,0.3859095032872221,0.6547074646233662,0.9757435501842808
0.0,0.8642714570858285,0.4884466322566998,0.6583033189566416,0.514811758044155,0.5133270153710898,0.9333175130517324,0.6748835145329488,0.677223545124882,0.3614335662285616,0.6471346057141054,0.9665410528719882
1.0,0.8581355806904712,0.4863070949465631,0.6515791602599917,0.5146385023477367,0.512274471776614,0.9137686302342086,0.6572738702758674,0.6739086564756394,0.3551819812661463,0.6313267010405658,0.9907892439322502
1.0,0.8466030901160643,0.4828248619974242,0.6402300479660814,0.5168394202790618,0.5403158834026034,0.8978481910617165,0.5693661711411878,0.6718446276770311,0.3588342530635526,0.5346188434157866,0.8577878103837466
1.0,0.8409107710504917,0.4798380196510026,0.6317575456414012,0.5181975078213332,0.5497494378643926,0.8518037432839346,0.49457140744027794,0.6712272794267502,0.3610811072667118,0.4744123287143632,0.4975745641419715
1.0,0.8421675168182156,0.4782366418478565,0.6312252735452926,0.5182163837288098,0.5451491166466202,0.8609619559008338,0.5364839878707196,0.6745604420234068,0.3863150600336414,0.4918942966633243,0.6556361365928616
1.0,0.8177718636800475,0.4781172518128118,0.6383830723624323,0.5149109157822932,0.5644440977822228,0.8591340111961611,0.42792692848162095,0.6760355666949598,0.39885022291598,0.3567312235141962,0.610849266340594
1.0,0.8058697419974867,0.477875798231695,0.6448580895976712,0.5164523305755947,0.5467283183600763,0.8482805895121672,0.42927298276754666,0.6791743974157469,0.4375856036162529,0.3582174845315946,0.49209378407851706
1.0,0.8227988467509428,0.4766397724941227,0.6499500875993556,0.5156290480617205,0.5503181057273694,0.8726151033931224,0.4198653945714075,0.6799759040064846,0.4497697083954453,0.3504662925643484,0.5920704159526411
0.0,0.8140016263768759,0.4753697431909341,0.6556529169352939,0.5177330858908691,0.5191526957645671,0.8648463383982633,0.4435100954071444,0.6804075693073162,0.4597980731677137,0.33155281346346416,0.5763053655023409
0.0,0.8115620610630592,0.4742874507016912,0.6584348742614107,0.5164830129389307,0.5088772474696522,0.8720438706729119,0.4544634272612975,0.6793053829701967,0.4531470212212033,0.3415452486171422,0.6532949225783227
0.0,0.8236859614105125,0.4728636317605719,0.6607216590387068,0.5183856524088111,0.5110737062408548,0.893293727864732,0.4769617631831965,0.6775935795096135,0.4437631741926722,0.36713222548267216,0.6454087144400437
0.0,0.8205071338803875,0.4707228325968298,0.6580605351289921,0.5181498697159932,0.5666732775114275,0.8857534559579573,0.4975075808002365,0.6755966783524411,0.4404486151852151,0.33903683882328084,0.7007202016564632
1.0,0.8052044060028095,0.4677104115464774,0.6517872658991152,0.5166256075924655,0.5805130708191537,0.8563920941391524,0.4625471488795209,0.6721753119098679,0.4266665196411865,0.3478553948380029,0.5344256391789699
1.0,0.8062393731056408,0.4641975056605847,0.6424485887832633,0.5179664648770325,0.5672009852267128,0.8347994973152061,0.4818800384586939,0.670828039713401,0.426423954215988,0.3705675207414989,0.3623334533669426
1.0,0.8307089524654397,0.46070595131058395,0.6377942112471525,0.518857788964202,0.5664086732011441,0.8513652462013025,0.4682419939353598,0.6708059380131204,0.4253060864772353,0.35728298591940444,0.3813467770975879
1.0,0.8268647889406374,0.4575732487249205,0.6385218669338286,0.5188320012101936,0.5574786823791492,0.8376556609162571,0.4599881665557282,0.6718744770274163,0.4353912238595539,0.3954056048536481,0.3411955347497301
1.0,0.8548828269387153,0.4556623707038965,0.6423016065974131,0.5201637445391516,0.5687656628766242,0.8717187856653729,0.4772280156793134,0.6729113051325948,0.4456775350194714,0.3653214486445578,0.4053655023406546
1.0,0.8238338138537741,0.4542666933397328,0.6450937206049778,0.5188039822842326,0.5798843755625004,0.8358430298882042,0.466252496117151,0.6743017177492001,0.4632138163080058,0.3518492749665627,0.317680950666186
0.0,0.8167368965772159,0.45430733695252096,0.6518828395149434,0.5164605036457144,0.5847483863876931,0.8380104950946838,0.4214555136454405,0.6763319475730272,0.4827811661373128,0.3573443439226877,0.3056175729204175
1.0,0.7888667110223997,0.4543686920197558,0.6603768602672736,0.5139923876789484,0.591968332929796,0.8208989276751082,0.4145403446490643,0.6792353878083377,0.5069211258816093,0.34761169550437626,0.18602808786460165
1.0,0.7791823759887634,0.4540526652253871,0.6669267518901348,0.5152187715264179,0.5856831675899358,0.8189596167008898,0.3949042230604246,0.6821202999752289,0.5267603962294606,0.3699569948092287,0.11776194437411833
1.0,0.7709765653877434,0.4519364764441334,0.6620398391027128,0.5142526455967991,0.5657199508078699,0.805612594113621,0.41393388063013065,0.6858501459752588,0.5524226076556883,0.3958819549417572,0.047679617637989086
0.0,0.8106010201818588,0.4491456764296571,0.650774290096374,0.5178119160307686,0.5525739503201518,0.8409765001140772,0.4948672435470749,0.6898859389237941,0.5808874283849392,0.434346112099336,0.31273109407231525
0.0,0.8386929844015675,0.4470395185329099,0.6418675621215072,0.5190451088960123,0.5487288972280151,0.8762263289984029,0.5151172250573183,0.6925420353471201,0.6066416331360786,0.40758275898659735,0.2552348893619128
0.0,0.7993272713831597,0.445558825359339,0.6420107305341634,0.5152736978265907,0.4958253147170983,0.8410905772302075,0.4774277050514015,0.6946518827161037,0.630120405964569,0.413257828654886,0.13761694965595644
0.0,0.8879278480076885,0.44526019961455204,0.6480922271940488,0.5264953282586189,0.4816303028988824,0.9762719598448548,0.6094667554174986,0.6980289953557257,0.6604631591304728,0.5491565590151701,0.8622478087236142
0.0,0.8783174391956828,0.4432062179457237,0.6506417364162868,0.523181300129011,0.0,0.9811772758384668,0.5999852081946603,0.6950303756642873,0.6618556154526565,0.5383132383153408,0.7956018878688872
0.0,0.89169808531086,0.4406105961066704,0.6505793034488605,0.521683019115619,0.4633541546311009,1.0,0.6598180607943198,0.6926659265001303,0.6688401317359761,0.5859398081909447,0.9950547852225348
0.0,0.8772085458712208,0.4371143549024119,0.6510508587487999,0.5209458961901542,0.0,0.9717546691261242,0.6485984764440501,0.6889187328670137,0.6782276960114791,0.574883299848958,0.9310361469041072
0.0,0.8962075848303396,0.4341461172536147,0.6489855759747413,0.5204560192297305,0.5082415983943975,0.9990777034816696,0.6340285481843059,0.6861254804693937,0.6889201927417692,0.5373593870965082,0.9665061390949704
0.0,0.18189028420356895,0.9838996133914614,0.5711063751891439,0.495989457482505,0.4693876352841809,0.5324187489792586,0.4678574069965236,0.9659562272182702,0.5377748420304204,0.4763144021271154,0.743230347131098
0.0,0.10760079312623916,0.9859846473141471,0.5841743061682725,0.4954978969675299,0.4831814962743502,0.4411236322064347,0.38613268249389865,0.9642331834655355,0.5297164572990556,0.4679265584766255,0.4611734889340781
0.0,0.16364838070059484,0.9864640319801616,0.5844958583748299,0.4949463130760885,0.4739192148177836,0.5005716152212969,0.3628060054729676,0.9644842521509064,0.5302891310432448,0.447770734113793,0.3181794026995425
1.0,0.12650363516192992,0.9866093786985916,0.5841184213819917,0.4965444471113342,0.4800310818608281,0.4561489465948066,0.3565268841062049,0.9659746458570416,0.5249281444849738,0.4402084269306477,0.1321872675098308
1.0,0.1533377395902181,0.9865225049810369,0.5914324944225733,0.4943736658756746,0.4718454732218678,0.4873428058141435,0.4434657199911249,0.9700291152895296,0.5456550005470402,0.4974789495067221,0.4573280901264736
1.0,0.16536682088565755,0.9860948212461624,0.60361112623325,0.4950340430717393,0.4703518067197122,0.4764004572921769,0.4626506915169,0.9710197879650908,0.5591668851349085,0.4623678411102949,0.5150653629503669
0.0,0.14223397224058154,0.9859930455077048,0.6083035037011255,0.4937010111908275,0.4750408760807887,0.4417769067450599,0.4097330079136154,0.9692947052329804,0.5627074829108304,0.4091881204449082,0.31594749707726555
1.0,0.10971579643093178,0.9886419155449953,0.624898845113494,0.4955181645046998,0.471693585404134,0.4102564102564104,0.4508468308557063,0.9689668322638608,0.5887988901685037,0.45033694049727613,0.08261363636363615
0.0,0.09134170522141444,0.9919446156881294,0.6325168620115866,0.4946201272964616,0.4720687637450895,0.4571288584027439,0.5735892315657123,0.971742937248634,0.5841647919937369,0.5063967400093614,0.09259326660600399
0.0,0.10760079312623916,0.994632309297508,0.6477960905030575,0.4955752271884004,0.4695302271776836,0.4896292666993303,0.5699504474521119,0.9735570925936892,0.5651596984925521,0.5023443119577018,0.4446663104311396
1.0,0.08089887640449414,0.99609810511029,0.6597481518947432,0.4940105467264342,0.4692029865589406,0.4486362894006206,0.5518009023001261,0.9740261188170138,0.5219906760836556,0.488313960957441,0.3324239952751934
0.0,0.10826173165895576,0.997915757471342,0.6739996793042917,0.4956276281403703,0.4704389196156156,0.5120039196472317,0.6965017380371276,0.9750517675573388,0.4837327955346808,0.5699328416400281,0.6260370672441431
0.0,0.07151354923992073,0.9987215902754064,0.6725213892429975,0.4972727343343306,0.4641833846457494,0.4852196635636129,0.6901264699356552,0.9725084252467744,0.4419990758963581,0.5660015974645474,0.6763270084601607
0.0,0.12280237937871775,1.0,0.6738283529143905,0.4964241038862302,0.4622661287991134,0.512983831455169,0.6240736631905931,0.9709501354078494,0.4091012019727495,0.5637483105514669,0.5099953612688036
0.0,0.1316589557171185,0.9913473024922812,0.6145396957714826,0.4969795335632031,0.4649684897142323,0.5658990690837826,0.7231121958435025,0.974774305433501,0.4329067800699423,0.6268026954506941,0.6929380839831234
0.0,0.4206212822207535,0.9837348603497768,0.568789006099256,0.5104699203369775,0.4700381468318746,0.5817409766454354,0.595688188743436,0.9752932321397648,0.4320019588883568,0.5229377710834663,0.6651940535883886
0.0,0.4128222075346992,0.9740731402112872,0.5015666106544374,0.5099782529274743,0.4717628242625462,0.5823942511840602,0.6381184823607725,0.9770926377369497,0.4553875303831586,0.5653036582118603,0.798502352499392
0.0,0.4015862524785195,0.9728975294078088,0.4947764935681892,0.5095050975310944,0.4710979832537893,0.5453209211170998,0.6818208712373344,0.9746702867213192,0.4533688080306956,0.5501328792321709,0.8364957699189317
0.0,0.4592200925313944,0.970985172758934,0.4868702698104172,0.5090920688939543,0.4700392675848221,0.5871304915890903,0.6590193033059684,0.9698930716661368,0.4547200793795288,0.5240053390173258,0.8448013076804131
0.0,0.4799735624586914,0.9701126656270836,0.4962658785338784,0.5066041500420789,0.4708195636909641,0.5903968642822148,0.7017898084461207,0.9640068289125427,0.43224539568866177,0.5514084302209274,0.8038479379735367
0.0,0.4565763384005287,0.9688203143516086,0.4975925559693735,0.5088737021846486,0.4597885183183834,0.5840274375306221,0.7849641298720516,0.9576826259678296,0.4062108035189416,0.553262683086693,0.8511850853747434
0.0,0.521216126900198,0.969489089959058,0.5062012418564457,0.5088885591396483,0.472302869364828,0.6201208557896457,0.788610309888322,0.9532202726528952,0.3905163733475968,0.5564354630451874,0.8951662333819449
0.0,0.4687376074025114,0.9690846738717874,0.5127391268305179,0.5094144253825966,0.4779908229759034,0.6034623550547117,0.6771762443606243,0.9470069114653774,0.3608426420243551,0.5053134967837652,0.9997849051192575
1.0,0.3892927957699937,0.970622003042138,0.5338208897929586,0.5052559861479426,0.4780375164650276,0.4953454189122982,0.7257673249020042,0.941890162284852,0.3342199602144321,0.5308940457618934,0.906416704770614
1.0,0.40925313945803055,0.9714416437357044,0.5448823982711395,0.5062586635770203,0.4732162541767119,0.5438510534051938,0.6787885511426666,0.9364683851123228,0.3033343299950567,0.496055575849937,0.9186607732561082
1.0,0.396959682749504,0.971900692865738,0.5519312045785274,0.5092794374014359,0.4820552730253045,0.5329087048832272,0.6270763996745798,0.930308242831012,0.2769352036912404,0.5147808742570552,0.9330670634609852
1.0,0.3816259087904826,0.9722301322400368,0.5569306649372479,0.5085312233746778,0.4825618513682974,0.4981218357014536,0.7335626063161008,0.9226253177154032,0.2451889911294294,0.5609361254855841,0.9258126095028898
1.0,0.3164573694646398,0.9722184743025544,0.5710332186044279,0.5085172830042353,0.4946073919975662,0.43475420545484256,0.6578951261001401,0.9116645088252592,0.18090980133207674,0.5306990997734774,0.9835085313833032
1.0,0.2853932584269664,0.9719128000143652,0.57931395849112,0.5067756429204481,0.4931309423625428,0.3826555609995102,0.635330227054212,0.9096107307582316,0.1754269054147909,0.5213566452659361,0.640760197775031
1.0,0.3378717779246527,0.9709749855345434,0.5830490594971116,0.5062532721822871,0.4966815810503356,0.4099297729870978,0.540056208860291,0.9122802984896624,0.1908920018645288,0.4692378292372749,0.8772613320685668
1.0,0.34712491738268336,0.9685030910198652,0.5744417748350568,0.5068313557304651,0.499155470217699,0.40682671892862976,0.44936765032172143,0.9154264435545432,0.2173346716193912,0.478635112835455,0.8251914086320201
1.0,0.3660277594183741,0.967623553748277,0.5727155936985546,0.5082134568287817,0.4885713882310858,0.3651804670912954,0.3457288662081209,0.9184932588670572,0.24095082205778875,0.4801856930661413,0.3105859805080943
0.0,0.4832782551222738,0.9666523096514014,0.5777463311741267,0.5148542968094421,0.5075115784054325,0.5306222439980404,0.24896087567487615,0.9235832023811871,0.2852729479779078,0.4962846234615496,0.3005138033682672
0.0,0.4704560475875744,0.9685753401574732,0.5956559625114668,0.5143310741421223,0.5090616220834822,0.4912624530458928,0.2479550329117665,0.9292281038998867,0.3332730262810032,0.4962180052735194,0.3113365868713946
0.0,0.3651024454725712,0.9723148015655664,0.6244842087012084,0.5115510238538079,0.5078514121291525,0.4290380532418752,0.19626506915169,0.932594243552734,0.3739224583445876,0.5233123846025852,0.2070654928387748
0.0,0.3153998678122937,0.9768879184324064,0.6405155590360068,0.5083288160411148,0.5072323887855481,0.4489629266699333,0.3220915612750538,0.9390563659002706,0.4309957507983508,0.5183415819295429,0.4772711205372921
0.0,0.3290152015862524,0.9780041663833208,0.6429599432657243,0.5054290655109394,0.5077700441329851,0.4610485056344927,0.2760076917387766,0.9385624086446036,0.4351827704724064,0.5013401425946644,0.4825379992930354
1.0,0.3838730998017184,0.9778280547026248,0.6300183420946799,0.5050342813999631,0.5070521676240088,0.4710109423485221,0.3027364839878708,0.9377682404096196,0.4316417583385007,0.5144667105153115,0.3861240582034449
1.0,0.34990085922009256,0.9776251704927024,0.6206157599704352,0.506614439874974,0.5134995090400036,0.464804834231586,0.3594778492715039,0.9359953556388094,0.3950370120240753,0.4889408271962859,0.4439098548255069
0.0,0.32518175809649696,0.9791284215827428,0.6206680005390477,0.5052511960341523,0.5148056808915973,0.4313245141270619,0.35488499371348303,0.9346121034885844,0.3877024574037666,0.4853612385664646,0.3163267010808739
1.0,0.3068076668869793,0.9811128002417931,0.6352121000093991,0.5079040838468979,0.5102170589809141,0.41156295933365983,0.2635973670586496,0.9355953591689988,0.3932558934729576,0.4885765986730897,0.16425266041864994
0.0,0.3209517514871114,0.9828860397047766,0.654860636568039,0.5085735057047964,0.5102812651787049,0.4768904131961456,0.30902300125730353,0.9415157353826179,0.45030684243707103,0.4615479050614511,0.1857030688785309
0.0,0.3970918704560476,0.984178967600162,0.6662994801903035,0.5092299724903847,0.513037733289048,0.5567532255430346,0.41487316026921095,0.9477037459044066,0.5011582068114853,0.5067313703978429,0.4287241684625538
0.0,0.3624586913417051,0.984238040599916,0.6716657678106874,0.5073754949854878,0.5117866249076239,0.5087375469541077,0.28093336291694376,0.9499691887460632,0.5275540350080806,0.4798757617956039,0.21620808900917166
0.0,0.3822868473231989,0.9850081202982848,0.676719577542938,0.5084434442995712,0.5118499810815657,0.5490772497141926,0.32906589749278936,0.9564414984173392,0.556197954874171,0.5021940222247199,0.3303763845035837
0.0,0.3888962326503634,0.9834233740688078,0.6692891149400182,0.5088037606475462,0.5206970396087379,0.5613261473134086,0.4188299681976189,0.9600342756672562,0.5601424667575234,0.5022804845766878,0.4401510215673503
1.0,0.3534699272967612,0.982312031601022,0.6576481928149056,0.5071611598983905,0.5194614408746239,0.4319777886656866,0.3184453812587826,0.960632915223653,0.557105748742888,0.4257437706394667,0.19395579612088465
1.0,0.3184401850627889,0.9818854454438308,0.6507458957273387,0.508643347590785,0.5211993134053624,0.4238118569328759,0.3377338954219361,0.9672474372053608,0.5928919954838897,0.44085300522586623,0.16263218563624576
1.0,0.3091870456047586,0.9839125474407469,0.6650091635952762,0.5117602512000738,0.5144124478619928,0.42217867058631386,0.3164854670512538,0.975732645387038,0.6584844941934114,0.4210638413527434,0.059322741776508474
1.0,0.3627230667547913,0.983976558352494,0.6562443456830498,0.5149140023794628,0.5085681875272574,0.4906091785072677,0.4365357591894091,0.9882129146598242,0.7571057542838184,0.4942262067081685,0.06515601783061017
0.0,0.4687376074025114,0.9829408893978476,0.6411317167080589,0.5174401586698929,0.4939761204730864,0.5838641188959661,0.5078692404407964,0.9954380491114628,0.8269286771774136,0.5495213147702578,0.1865141481035523
0.0,0.520290812954395,0.9815386695350636,0.6199283898246175,0.5167642804131192,0.4965676918975726,0.6279601502531438,0.5591968049700463,0.9993991663093679,0.8981530245380854,0.5455851409179302,0.3336544250451514
0.0,0.5707865168539323,0.9805935468506992,0.618262812027176,0.5195707186502537,0.4782516376708551,0.6952474277315042,0.6387397381850454,1.0,0.930516273621946,0.6327820264204569,0.7126429861529197
0.0,0.6142762723066755,0.9795038095077304,0.6111084268728124,0.5183691558883707,0.4516379600942944,0.7357504491262457,0.7282005768804082,0.9961854005565632,0.9358755720022154,0.6553076933757574,0.7589102950030095
0.0,0.6945142101784533,0.9769232480337234,0.5956336894085283,0.5191583034427442,0.4424774490550306,0.8210027764167894,0.7610531765401967,0.9899797813143864,0.9038031098608592,0.6392159289748066,0.8457104017722284
0.0,0.7546596166556507,0.9754399937167668,0.5901398659710941,0.5190228639353499,0.4278172980569198,0.8525232729054385,0.7900673027142959,0.98295041460211,0.8741178295681926,0.6560619140187768,0.8321155917755598
0.0,0.7684071381361534,0.9739725122933603,0.5869961704170947,0.5191592665444208,0.4416822501444281,0.9111546627470194,0.8999926040973298,0.9772513799062932,0.8652102176390277,0.7178663349292791,0.9860246751828792
0.0,0.7241242564441508,0.9764262695712909,0.6100901363954347,0.5171580422300298,0.4253010192082504,0.8495835374816271,0.7834775534353966,0.9690057541740388,0.8405178963172133,0.6389752386954207,0.9992632448482957
0.0,0.6429610046265699,0.9785542760117951,0.6243332078262507,0.5115309901322646,0.4256904526795633,0.8597092928303123,0.7515864211226979,0.9648775389071332,0.8352981774489907,0.6682315969669332,0.9735161352285808
0.0,0.6128222075346991,0.9823033038560924,0.6567598685047631,0.5134996300700347,0.42913454112838345,0.8425608361914096,0.6826640041417056,0.9595069499448194,0.8104114048638955,0.6610562481027852,0.8525478030919451
0.0,0.6111037673496363,0.9831728297940876,0.6691109956225025,0.512909150048057,0.4294898519977728,0.8926996570308673,0.7504696398195396,0.9558758349414151,0.8034206338065615,0.6732771537196911,0.948975378103545
1.0,0.5997356245869135,0.9833919184724425,0.6794603687544349,0.516057603739966,0.4280657779094145,0.8802874407969952,0.7357961689224166,0.948230423414357,0.7579873497641254,0.6660294058782708,0.8235946936457946
0.0,0.5887640449438202,0.98078259196218,0.6775660585542231,0.5191920224480874,0.4407240057101018,0.8703250040829659,0.8249833592189929,0.9428734556706851,0.7246886815366796,0.6708379634753469,0.8505908452936114
0.0,0.6676801057501651,0.9783526652921404,0.7173750613552901,0.5198790979033787,0.4318236838469399,0.9144210354401441,0.8578433547814517,0.9380143071680124,0.6852793304497611,0.7172561088782302,0.9754141627415956
0.0,0.6684732319894249,0.9750299861912068,0.7586116223069899,0.519845317024738,0.44014239869550736,0.9222603299036422,0.8110568744915314,0.9323978495691684,0.6747844083878811,0.6460043760950248,0.997576621525302
0.0,0.6736285525446135,0.9732071175679456,0.7888752467959439,0.5202827137470512,0.43882386190757217,0.908214927323208,0.7811404481917017,0.9270609228900372,0.6934228214586755,0.6320519520935812,0.9417225150194116
0.0,0.6631857237276931,0.9706190649105244,0.7787995937364081,0.5234459084215687,0.4484358915998417,0.8985791278784913,0.7301235115745879,0.9218874842447646,0.6776321097256499,0.6232145252307764,0.9164768907107396
0.0,0.6631857237276931,0.9682472155038309,0.7681205769679429,0.5236681730178546,0.4557218755358834,0.8758778376612772,0.6981732120405298,0.915791474032268,0.6475725670804928,0.6058514823166734,0.8623578832016805
1.0,0.6547257105089227,0.9654236629402424,0.7656421496974792,0.5234052914312464,0.4357774854074944,0.8517066797321575,0.7329117668811477,0.90888145549624,0.5835942015669809,0.6268816111946875,0.7867677275010263
1.0,0.6990085922009253,0.9649916527436798,0.7727298562484577,0.5221466897664877,0.4384930375346246,0.890249877511024,0.7947563050070265,0.9016002129805992,0.5376769947051877,0.6213766628437476,0.8398931555636728
1.0,0.6458691341705219,0.9642384342965876,0.7780612062942511,0.5223802252315031,0.4590944952118376,0.8864935489139313,0.8369425338362545,0.8938390085606294,0.4745837397075599,0.597019997389189,0.8827748360072696
1.0,0.6356906807666883,0.9634218593104144,0.7867847747177024,0.5220741716893462,0.4726195401421237,0.8554630083292506,0.8278529694549224,0.8833824330015678,0.3850362290046143,0.5932183241050552,0.8544582968795561
1.0,0.6412425644415068,0.960127326369279,0.7812642161524295,0.5225250806960886,0.4913126382231522,0.842234198922097,0.9530729975593524,0.8746893230241715,0.31506224766218105,0.6067634599709493,0.90215108508878
1.0,0.5838730998017183,0.9554080266806568,0.7634875747428045,0.5200038824592593,0.4901583536147558,0.7378735913767762,0.8252348199097705,0.865041096755385,0.2586108732947794,0.5667346229152864,0.9713827881987004
1.0,0.6733641771315267,0.9517933032894776,0.7471692284688447,0.5216278434262182,0.4912984926551087,0.7762534705209866,0.7544190518452782,0.8606649628885201,0.2377725153455347,0.5582141075024853,0.9754761335564596
1.0,0.6331791143423658,0.9489783188262068,0.7357429183084785,0.5232844972227689,0.4841257469455935,0.731014208721215,0.7356112713556692,0.8562574872527657,0.21275711436046288,0.5500945643765001,0.890476383211236
1.0,0.6388631857237275,0.9497158198777451,0.7501687794651851,0.5235552877399595,0.4656689372548356,0.7421198758778378,0.6560757340433402,0.8521796049752639,0.1808000604998881,0.5533218393064963,0.7218197272028172
1.0,0.6680766688697951,0.9530211974853149,0.7865282247511018,0.5245388880694408,0.4440982372554155,0.8293320267842561,0.7007100066563129,0.8514036892617283,0.1723124491739088,0.5912307212411785,0.8827255433682767
0.0,0.6181097157964308,0.956021743362472,0.8209829176896473,0.5208688552342381,0.4651245758560893,0.8683651804670912,0.693669107314548,0.8484702999452769,0.1487389808408771,0.5843936395829128,0.8847290241631928
0.0,0.5939193654990084,0.9563524662351324,0.8363024752516428,0.5233346508927301,0.4705914879004876,0.8448472970765963,0.6523851786110492,0.8454462041995818,0.12641718800135465,0.5475174605900363,0.931335249119682
0.0,0.5777924653007268,0.9544667310474644,0.8317845087440052,0.5229066430726889,0.5035602265317662,0.7824595786379227,0.5765032172176615,0.8399989993318668,0.09430049317434892,0.5475044127153441,0.9215298687567512
1.0,0.5157964309319235,0.9531761551827022,0.8322395780232736,0.5233187483143218,0.4908777684516602,0.7215417279111549,0.6138451297980918,0.8371562607982048,0.08198909451940589,0.5699026929339495,0.8554715333164777
1.0,0.4404494382022471,0.9522801755634248,0.8375824767583677,0.5229133864661218,0.4916966080188474,0.6477217050465459,0.4292212114488571,0.8350217057710052,0.0704896720786401,0.5021915594353031,0.5836991748454259
1.0,0.4815598149372106,0.9510321210862136,0.8404290822977318,0.521644521521583,0.4661400086977377,0.6604605585497306,0.3809703424302936,0.8385700291026337,0.08486280859679074,0.476582722861989,0.5874704491725764
1.0,0.5443489755452741,0.9492781662243254,0.8411810899119452,0.5214818174763461,0.4690505048108447,0.7284011105667156,0.4386435914503368,0.8392658506746571,0.08202002779702383,0.4592191909199774,0.6950723660648456
1.0,0.5604758757435561,0.9473339642296404,0.8416073354303001,0.5223463502116903,0.466126527467621,0.7520823125918671,0.4665113527105982,0.8349270532899362,0.042016122367831865,0.4771991427285857,0.6630290517622774
0.0,0.5800396563119625,0.94647470649284,0.8499247623662058,0.5236083978815895,0.4601216020589986,0.7427731504164625,0.5732564159455661,0.8339710482938059,0.03675345886348708,0.4908034966691314,0.7838287652474358
0.0,0.5776602775941836,0.945642893050867,0.860032903457298,0.5231508880238875,0.4663719933245922,0.7741303282704559,0.4273056726573482,0.8311139455407304,0.013448029185500364,0.4636253599953506,0.7803948005983109
0.0,0.5766027759418375,0.9450840005438258,0.8661071284048609,0.5230524449126869,0.504194445535078,0.7770700636942679,0.3673249020042897,0.8306379964024624,0.01970395269747266,0.47839828701739295,0.5742227671861407
1.0,0.5370786516853933,0.9424355904090576,0.8569415174793042,0.5212104190600165,0.5079465977917337,0.7094561489465948,0.30201908142888834,0.8299561332870204,0.0,0.489900365185132,0.4548690768135429
1.0,0.5729015201586253,0.9394263593109188,0.8424670249976356,0.5196897493353657,0.5006236846106629,0.7119059284664382,0.2515124620959988,0.8333949697766576,0.010952593130705124,0.5098384693197302,0.3312960859610222
1.0,0.5701255783212161,0.9359479902552722,0.8295042676719824,0.5197206596716373,0.5095321290107996,0.6890413196145679,0.1561570889727088,0.8392476771894204,0.0351752625898471,0.5275275249401644,0.29006031562422474
1.0,0.530733641771315,0.932864916717818,0.8217843391485771,0.5179452964571761,0.5063875242800732,0.6059121345745551,0.0,0.8454555801739461,0.06043861289644802,0.4532209385115417,0.03703982874544067
1.0,0.6358228684732319,0.9296168116045336,0.8124665538996021,0.5204171702224238,0.4723446836727188,0.7053731830801895,0.07221359366910696,0.8559028663829801,0.10755230595308383,0.4363354551575525,0.0009082217973226717
0.0,0.689358889623265,0.9276384325881892,0.8062024772867049,0.5199983478780966,0.5078292050096349,0.7333006696064023,0.1309814362842982,0.8645243302884129,0.14250466704533832,0.4094945963180941,0.0862495860209112
0.0,0.6510244547257106,0.9258159021031276,0.7981116540108637,0.521232921076079,0.4834627576703183,0.7153356197942188,0.07996449966718439,0.8714924588387303,0.1910563831390304,0.4308184462664726,0.045740260129914605
0.0,0.6606741573033706,0.9254524962617556,0.794425443431557,0.5219270527460201,0.500743223688993,0.7083129185040015,0.11587900303231975,0.8804721087532108,0.2503516402644739,0.4023566134467396,0.01328732221756342
0.0,0.6526107072042299,0.9244530455246768,0.7910113393577183,0.5213098025159334,0.4459300978996266,0.7104360607545323,0.12881443680201116,0.8886889897829133,0.3047879842281779,0.4078952861010608,0.04418357145160709
0.0,0.7580964970257764,0.9226221595151286,0.7833973589740901,0.5270512021473364,0.44524340044621774,0.8463171647885024,0.13382885881221795,0.8979944140117571,0.34813892122925083,0.410182159107548,0.06113135743541754
0.0,0.8572372769332451,0.9197203686341268,0.7766074718987455,0.5291584658665723,0.4452181171193842,0.9196472317491426,0.1684860587234676,0.907676921446104,0.3893197828435302,0.4265211788022129,0.10060926584359263
0.0,0.8637144745538662,0.9187410540425756,0.7826289420777996,0.5258507649586943,0.4475689412190191,0.9229136044422668,0.2071592337844831,0.91460482992724,0.4100124390849291,0.3964688224632563,0.1780092551233719
0.0,0.7431592861863847,0.91947159376884,0.7968282913726816,0.521975405836985,0.4252528125194589,0.8637922586967177,0.19076991346793928,0.920137918157129,0.4138841267096592,0.3733479584156051,0.036448748414301714
0.0,0.7803040317250496,0.9216312332102812,0.8188259474772808,0.5237638560389872,0.4191035822035449,0.9245467907888296,0.2889505214111381,0.929280400833388,0.4502574690089365,0.3759303420394178,0.17973777348777348
0.0,0.7817580964970257,0.9217552252284748,0.8318439101759365,0.5233105278157401,0.4429528084104862,0.9629266699330395,0.33863619554766605,0.9353244032554956,0.4756162816417734,0.4060632860863012,0.3299549549549543
1.0,0.7169861202908128,0.9207371255724296,0.8438704833583552,0.5235211969153645,0.4530615379562114,0.9080516086885514,0.3381480659714513,0.9383504048901591,0.5108852909125837,0.4050355454066487,0.3069095881595875
1.0,0.6896232650363515,0.9176982916353594,0.8328016261825395,0.5224494634720914,0.454445973511822,0.8531765474440637,0.3433325937430667,0.9423097861275632,0.5318405175834011,0.4086371047375167,0.2005509974259981
1.0,0.6609385327164574,0.9139500495206304,0.8138018604454558,0.5215436252454883,0.4411138913308309,0.7710272742119878,0.2669846904814732,0.9478640005749116,0.5713986829908555,0.35935914387148205,0.025619369369370724
1.0,0.7850627891606082,0.9124358491382564,0.8035342129017535,0.5246993689381444,0.4460282079281053,0.9154009472480812,0.446490644183122,0.9584673569295374,0.6354690214293552,0.4751096556358057,0.2700783421784172
1.0,0.7143423661599471,0.9109831927169296,0.7985383691198347,0.5240504918864854,0.44515995550762105,0.8770210681038706,0.4447008357370017,0.9619795705381846,0.6693595860920043,0.4733131311011958,0.2508264570372482
1.0,0.7317911434236615,0.9103130030592816,0.8046187917030669,0.5214271562384877,0.4424887640930493,0.8784909358157766,0.4887064566230309,0.9671294106476818,0.7111562743743107,0.4756605572517622,0.07945729568882845
0.0,0.7109054857898216,0.9064289091242428,0.7897451440679675,0.5238755142017401,0.4473094581916695,0.8655887636779357,0.4855705938909846,0.9713214118514396,0.7628789460077359,0.4723610716342165,0.15756845796875402
0.0,0.8261731658955718,0.9023346453267724,0.7797385507054542,0.5269473771035433,0.4270953404036236,0.9400620610811696,0.5866577915834625,0.9752402612925511,0.8135532733047379,0.5566430795231213,0.5391184573002739
0.0,0.8690019828155979,0.8985095571399454,0.7707783055288939,0.5258018676293336,0.4471086022213717,0.963253307202352,0.6574735596479548,0.9750037360267972,0.8394348380337244,0.6231579688263259,0.7759543486816206
0.0,0.7948446794448116,0.8961637527567975,0.7758577369945009,0.5252084461406783,0.43130543506458735,0.9087048832271766,0.618038606611937,0.9713988690818188,0.8250225646647342,0.6113639347127645,0.6941106400868854
0.0,0.8097818902842034,0.8936945825339958,0.7817833995262407,0.5223845306520511,0.0,0.9186673199412054,0.6686709562902153,0.969118865965172,0.8176933839555965,0.6602203586592442,0.6614231160004196
0.0,0.9009914077990746,0.8892227834104524,0.7676399516344459,0.5239681509173438,0.4183582500418852,0.9943289224952742,0.713578877301975,0.9646939848200328,0.7929329454279495,0.6961903104313172,0.8513124721933852
0.0,0.9083939193654991,0.8858868904616316,0.7528656357720322,0.5248463420460042,0.42738188442182057,0.9691789266047506,0.7708453516751724,0.95858638457363,0.7724165449227303,0.7357706982580559,0.8047802500196558
0.0,0.8750826173165897,0.8833481986643558,0.7332966210217506,0.5221915417592399,0.44667363888175415,0.9918835243912646,0.8204200872716518,0.9527090715633622,0.7515679650025702,0.7237981299003231,0.8399103040429139
0.0,0.8666226040978188,0.8833964937260484,0.7279612689615356,0.5220598853294276,0.0,0.9639360722952054,0.8268619184971522,0.948652425308146,0.7474753709964279,0.6852986038760843,0.867078379314325
0.0,0.8300066093853271,0.8849075327250783,0.7454116312346664,0.519066517751928,0.4231743536806259,0.9822296730930428,0.8073663190592409,0.9445955063348932,0.7393558643255029,0.628954903970663,0.9296988990582298
1.0,0.7382683410442828,0.8840686360048976,0.7498709975474438,0.5166839999144957,0.4752951467862239,0.9841839787979824,0.8225057318245693,0.9396890701685016,0.7347119258130155,0.6383583639466672,0.9797005939305192
1.0,0.7788499669530732,0.8831816336427022,0.7589417637635911,0.5198460659458309,0.4705663040897306,0.96030345800988,0.7601360846091261,0.935454382072444,0.7502002745064351,0.6232223505963187,0.8838075810245403
1.0,0.6950429610046264,0.8816546006412366,0.7571754567352846,0.5185822332103044,0.4561840320033514,0.9082568807339446,0.6648546705125362,0.9312307901631836,0.7570928333860463,0.5337027713136232,0.8809766657646587
1.0,0.6249834765366821,0.8826988851250032,0.7769725299842263,0.5178838697340888,0.0,0.8876146788990824,0.7661637452851127,0.9271285400807516,0.7668124868874411,0.5457876060810919,0.8966299619075376
1.0,0.6987442167878386,0.8822205401333324,0.7842963446801521,0.518147953174714,0.4814718804951788,0.9694777699364852,0.7417942459877228,0.9190532726794192,0.7337204207802088,0.5753120792485822,0.9984071133089248
1.0,0.7038995373430271,0.8801845648474594,0.7837891751732204,0.5147381492942912,0.3754194969016953,0.9879755922469492,0.7234524073663189,0.9130318330052992,0.7265570214615833,0.566523466788941,0.951028817454238
1.0,0.6729676140118969,0.8789713047453557,0.7899996925085602,0.5166132518920125,0.4611900453480922,0.9718234027279254,0.7308039346202206,0.9070424114215332,0.7104099089981188,0.5740219342627292,1.0
0.0,0.6602775941837408,0.8777155581389954,0.8001280029134443,0.5157659233409421,0.4928331418478306,0.9957712814855668,0.7444937504622443,0.9006595985613328,0.6949860362815032,0.5830675169226079,0.9333352229245216
0.0,0.648512888301388,0.8757288245021518,0.8031426284404677,0.5153002576688149,0.5615213204728801,0.9915397631133672,0.7426891502107833,0.8947728562089696,0.6888081236410104,0.5807904778551318,0.9813017960893028
1.0,0.6060806345009914,0.8744473546269435,0.8075335280729239,0.5133016060802055,0.5027457707908944,0.9612312487823884,0.7303601804600252,0.8890208702303108,0.6853363033573627,0.5746729632740272,0.9100743337160808
1.0,0.5705221414408461,0.8740734718231448,0.8176344786777743,0.5147521623526726,0.6110826820966349,0.9549970777323202,0.7643221655203019,0.8822572588595003,0.6735033990550527,0.5524728126281357,0.9902909904868488
1.0,0.5520158625247851,0.8728978490973168,0.8213515743998956,0.5173477184456157,0.5366301564268742,0.9470095460744204,0.8203757118556321,0.8741773368154366,0.6324712416038769,0.5829905688356279,0.9531652580124736
1.0,0.5624586913417053,0.8708781007373162,0.8216625455906335,0.5181227990511224,0.0,0.9220728618741476,0.7930404555876052,0.8665053140425802,0.6031238902059971,0.6206796875431759,0.8918802075145426
1.0,0.578189028420357,0.8605557550342519,0.7621819976549313,0.5189108346415683,0.5593584486951786,0.9532437171244884,0.7806301309074775,0.8616540041520422,0.595967828955443,0.604200032592397,0.9369595975475556
1.0,0.7834765366820884,0.8505834133220412,0.7118408382434502,0.5327404163499739,0.5536632842627065,0.9084356127021233,0.6876266548332226,0.8555755407754102,0.6021609191287939,0.5859200167891484,0.9704022569191108
1.0,0.789689358889623,0.8392564020058727,0.6453459807099093,0.5332559255749356,0.5173722350092309,0.8981102669004477,0.6708897270911915,0.8514465848677804,0.6144179052108758,0.622570703738807,0.9316357799503854
1.0,0.7181758096497024,0.8351836166085999,0.6334115730252743,0.5303468168843812,0.5253099315031026,0.7549999999999997,0.5838769321795722,0.8461853456884032,0.6188271144012567,0.6123009738423506,0.6840799649788403
1.0,0.7016523463317912,0.8333152265880232,0.6329210414386646,0.5298619184664499,0.5252628990163778,0.7237931034482757,0.5562088602913983,0.8442159964577078,0.6497263651555003,0.5921101929412425,0.5251228172576485
1.0,0.6664904163912755,0.8321776577051522,0.6407347052716812,0.5271667769858918,0.5297363937495387,0.7249999999999998,0.5484283706826418,0.8446077320928074,0.679297805871445,0.6341072507452844,0.5130113332360532
1.0,0.7214805023132846,0.8320939147236736,0.6511524684221235,0.5267729965061757,0.5256542193669492,0.7734482758620688,0.5671178167295315,0.8459205816643038,0.7065752197495309,0.6502409881771394,0.65491998638066
1.0,0.6947785855915398,0.8297301836930543,0.6420949689127944,0.5288631680628898,0.5134107665045787,0.7524137931034481,0.5340803195029956,0.8447595283257596,0.7173942151001944,0.6717813023515972,0.5833211732088142
1.0,0.7135492399206873,0.8268809834742826,0.6302402662550959,0.5302081026677365,0.5190407535218007,0.7443103448275861,0.5745506989128029,0.8431337143024984,0.7434268879578344,0.6573904725117052,0.6496181720900832
0.0,0.8092531394580302,0.8236742294564966,0.6127125933026847,0.5323060515628321,0.5300600288364692,0.8236206896551721,0.7131499149471191,0.8405364801847419,0.774798004167746,0.7426625532006522,0.959628386594678
0.0,0.7499008592200924,0.8217797632782672,0.6080120571022889,0.5294059708075115,0.54932550324405,0.7458620689655171,0.5955180829820281,0.8328772745362567,0.7568378501405033,0.6925557354826936,0.8860370296103192
1.0,0.7352280237937869,0.8207903940721636,0.6089125714043601,0.5280265705080764,0.5297141461851718,0.7594827586206894,0.6255380519192371,0.8304208940963862,0.7626891938005433,0.6811072320139945,0.9600628300247316
1.0,0.7361533377395899,0.8200149705172438,0.6138433666614103,0.5283842073828167,0.5303282226466173,0.7379310344827584,0.5983433178019376,0.8260905752781096,0.7592585837042689,0.7017671872999766,0.8817749492971524
1.0,0.7210839391936551,0.8168644176609062,0.6065018956334682,0.531106038383073,0.5342872098501357,0.7281034482758619,0.6128097034243032,0.822833058849679,0.7759377750307401,0.6728157387538778,0.9362141408287464
1.0,0.7669530733641771,0.8142810064909732,0.6020851895858272,0.5342878717889031,0.5412384904744512,0.7306910569105691,0.5701575327268694,0.8190197301552955,0.7847695360901157,0.6312405310887711,0.7672060753051562
1.0,0.7717118307997354,0.8107828169342183,0.5953735122528849,0.5308930497688622,0.5373126423870309,0.7457819597663853,0.5707196213297836,0.8161105788631888,0.7804093036528299,0.6320004920234938,0.7905848674008985
1.0,0.8092531394580305,0.8077729350159056,0.5795545377748099,0.5295868009260435,0.5321097055016568,0.7733202376953799,0.6213297833000516,0.8129332774717672,0.7790900962639051,0.6822286083862201,0.7314222098524905
0.0,0.8313284864507601,0.8041907498757012,0.5616431416751011,0.5313585804239497,0.5423534580071084,0.7665992847146632,0.6085644552917681,0.8094334309754299,0.7703770670617154,0.6713719465247588,0.6533736233151753
1.0,0.8241903502974223,0.8038033870589351,0.5599218887956071,0.5313410836793204,0.5307736376042245,0.7528888888888887,0.5488869166481769,0.8089868413648118,0.8059440346547709,0.6071071068235205,0.3633258618849397
1.0,0.753734302709848,0.8055256621846529,0.5811540462764966,0.5255230660331317,0.5355725384532936,0.7588148148148148,0.4929738924635749,0.8108468727976899,0.8513247668957573,0.52829349904442,0.3682712491550128
0.0,0.7360211500330467,0.8062396787034684,0.5953756074455311,0.5239321710240474,0.5243032351386966,0.7697777777777776,0.5655129058501587,0.8130328089626107,0.9062476357432052,0.569397939384487,0.5095883587718352
1.0,0.7973562458691341,0.8054578999822272,0.6018416460516796,0.5242040963822443,0.5006913937203001,0.7875555555555556,0.6181051697359664,0.8117741825237106,0.9504725168740636,0.5930165694712118,0.6802220087522673
0.0,0.805551883674818,0.8053667756872271,0.6170974662743822,0.5239108953974011,0.5136389098343629,0.8331851851851849,0.6554322905110566,0.8088814027625209,0.9609695721602602,0.5826900991314816,0.7125630571487787
0.0,0.7797752808988766,0.806614884712702,0.6387783532839353,0.5214052338732565,0.5350308768383782,0.8625185185185186,0.7017528289327717,0.8051359488162293,0.9653627082654632,0.5819447703814165,0.7861860908224834
0.0,0.8219431592861861,0.8063851694103191,0.6546608427651381,0.5236583540073687,0.5289107281782688,0.9493358047574916,0.7108128097034248,0.7992627639742649,0.9304957851268424,0.5901282507606921,0.7383639509020521
0.0,0.8466622604097819,0.8047637562004507,0.6619940713588249,0.5213599123497503,0.5369071172703532,0.9689527340129752,0.7999186450706313,0.7954739546740901,0.9389621822957824,0.6028244236154822,0.7998795798675384
0.0,0.8158625247851949,0.8036285506948796,0.6716904762060409,0.5231284003296518,0.0,0.9539697250540624,0.7876636343465724,0.7921003899311554,0.9563260911480138,0.5733965259571362,0.8835617845913568
0.0,0.8056840713813614,0.8024245347658504,0.6769800816950864,0.5221955696523615,0.5373058839139652,0.9637009576768614,0.7625101693661709,0.7877437891863956,0.9969462185040529,0.5272149503642243,0.9148599494461678
0.0,0.7855915399867809,0.8005821807079753,0.6696636677628043,0.5214910698643834,0.4608515535154016,0.9955171841275109,0.81213667628134,0.7799557882082382,1.0,0.5581244195644273,1.0
1.0,0.7629874421678784,0.7990844378611789,0.6666440258116304,0.5241400358704738,0.5055205903848115,0.9719813208805874,0.8544782190666376,0.7714321997123585,0.981718252016592,0.583751933567645,0.8772865527138758
1.0,0.7384005287508262,0.7975224537785052,0.6669174263423245,0.5260434845781614,0.4933647226658838,0.9714809873248836,0.8740551734339176,0.7670314138677989,0.9575960168657374,0.613947009105651,0.9504410212370052
1.0,0.7672174487772636,0.7950030611878948,0.6609462316445214,0.5240522689445619,0.0,0.9861574382921952,0.7888617705790995,0.7616542934730803,0.9250367284863056,0.5573360206626112,0.9559843400447432
1.0,0.7911434236615993,0.7903621562958622,0.6409122661443529,0.5256499839088434,0.506952626891773,0.9806537691794529,0.8516012129280381,0.756325821948107,0.9077656822167957,0.5330125410979605,0.95909768829232
1.0,0.8219431592861863,0.7864877675761387,0.6225216601419661,0.5277422461789111,0.0,0.9805205709487826,0.8640115376081652,0.7486278126108361,0.8637121442328562,0.5393669653842977,0.9592917362975756
0.0,0.8171844018506278,0.783099771993078,0.6078706206722271,0.5273489398904806,0.5203766705800263,0.9820319059613772,0.8499223430219658,0.7412936716016005,0.8288301003609693,0.5829639819407041,0.9445706667668092
1.0,0.8241903502974219,0.7826593316275176,0.6060580744744957,0.5279256708955187,0.5759248683101486,0.9931495119027228,0.8843354781451074,0.7349592284097948,0.7969430607377048,0.5448887782496776,0.9847683274228232
1.0,0.7065432914738928,0.7808527489633393,0.6005267664435965,0.5246682318984288,0.5469497317722319,0.9080321972940572,0.7832260927446199,0.7272739503101866,0.7740954592870397,0.5310378322515632,0.8373561792821846
1.0,0.7381361533377395,0.7790926559743688,0.5883486839348402,0.5267578439973839,0.5424182617614552,0.9035793800308272,0.7847348568892836,0.7223695172356823,0.7802109998505571,0.5318526072391608,0.8328340552195239
1.0,0.7122273628552545,0.7758519644250482,0.5773448201413514,0.5259084520341506,0.5606089362810086,0.8393560541188559,0.7957547518674658,0.7150142981080749,0.7745053560174604,0.5375803261028925,0.8116926482092777
1.0,0.7265036351619298,0.7737275962860096,0.5589452203533622,0.5265415005766291,0.5523624521590902,0.8688131529371468,0.9046372309740408,0.7071164467757621,0.7370156060807775,0.5643058236249588,0.9585948978228932
1.0,0.7374752148050229,0.7720115733171348,0.5497474099589286,0.5235421357224609,0.5612410111881451,0.8712108237711935,0.8748613268249394,0.6949194804357028,0.6741932421714039,0.5530704776593676,0.9824309721652952
1.0,0.7341705221414407,0.7705299585803581,0.5422768251790322,0.5235188575947922,0.5365919525944365,0.8569960609693442,0.8979809185711116,0.6823138580319159,0.5671689739667771,0.5646605876845664,0.993641640571298
1.0,0.6846001321877064,0.7682037612749156,0.5481976573102716,0.5243470944143656,0.5403474685717223,0.8138379859564994,0.9845203757118558,0.6725138654778648,0.5167147170918793,0.6036185309034658,0.9712132279699844
1.0,0.6954395241242562,0.7653172196138581,0.5662053260885511,0.525492831474669,0.5458231680410869,0.7818119541017297,0.8161896309444565,0.6630622474172148,0.4696198548321775,0.5124633293131329,0.962203860305984
1.0,0.7094514210178452,0.7609676213123667,0.5725289786739027,0.5267276924781036,0.5478334409864903,0.761260489809899,0.8031876340507358,0.6574659664555011,0.4727883923082806,0.5082963553221135,0.9848906208484638
1.0,0.6625247851949767,0.7579770898886059,0.5798453702535984,0.5248244180745689,0.5457164536646356,0.6612433635896557,0.7343317801937725,0.6495661192653437,0.4553438322773919,0.4808275601150728,0.8
1.0,0.6674157303370788,0.7561701079813467,0.5694741565873753,0.525056031607957,0.5518077711068713,0.6716903579380031,0.7708083721618224,0.6448676195969316,0.4396736675124479,0.5089784232221323,0.8900516913031652
1.0,0.6912095175148713,0.7549867837174006,0.5541174062888208,0.5228531065142781,0.5473899624354646,0.6941257064565853,0.8330227054211969,0.6352369636452586,0.4073283242858366,0.4950439065982821,0.9793597533327294
1.0,0.6218109715796432,0.7536306109127121,0.534341206917212,0.5192832316521842,0.5578461210699521,0.5908545983901355,0.9046963981954,0.6242545259812617,0.3546704965599685,0.5306200806673516,0.983891658114646
1.0,0.6396563119629874,0.7531598466331467,0.5263371287493588,0.5203776018708585,0.5589327612614045,0.6155163555403325,0.7578729383921305,0.6167622577097298,0.3296019351605704,0.4971696802356238,0.7811755509231684
1.0,0.6532716457369463,0.7531947363901078,0.5311619642606946,0.5210770534002738,0.5581444986862172,0.6424045213221443,0.6994674950077657,0.6170666911629206,0.3425946631016312,0.4532293035576046,0.786982578916021
0.0,0.6806345009914075,0.7532361702392495,0.5359933302743567,0.5225837812026564,0.5504997560367789,0.6881315293714675,0.7362473189852822,0.6178857213472506,0.3424877869187598,0.4754140561893678,0.9670562835020842
1.0,0.6067415730337078,0.7537721299908257,0.545535113393397,0.5221209453199891,0.5420626373087499,0.5985613974995719,0.5894904223060425,0.6132602937095553,0.2987735330689682,0.4468572987343766,0.9601777699551176
1.0,0.563251817580965,0.754830797892415,0.5514244046408658,0.5227135944022365,0.5610404303208371,0.5780099332077413,0.5890318763405075,0.6121686292351649,0.2928050813576341,0.4469243428916176,0.9050779510022272
1.0,0.5587574355584929,0.7548794377181439,0.5465041066294767,0.5222334631982236,0.559002525691894,0.5879431409487925,0.5354929369129501,0.6111303390701976,0.3036599262867288,0.4185667279781891,0.9300445434298444
1.0,0.5722405816259087,0.7538613028388278,0.5383345386483942,0.5234096133157611,0.5522740984624447,0.5685905120739854,0.4436358257525331,0.6103766447847874,0.3287090374246249,0.4258950706479193,0.8232770883942837
1.0,0.6015862524785196,0.7526308056937069,0.5391516610674065,0.5215858970904059,0.544133660349313,0.6026716903579382,0.4760150876414465,0.6090479232256021,0.3047205125114624,0.4406289133486939,0.8384339136544614
0.0,0.5970918704560476,0.7524275533413131,0.5557521848620488,0.5249289282814468,0.5454132255900044,0.6021579037506424,0.5112417720582796,0.6039779595566563,0.24493082083815004,0.457308940901581,0.7979168621563288
0.0,0.5912756113681429,0.7524749898581965,0.5707999446165464,0.5244447420536668,0.5522395619201002,0.603185476965234,0.5054359884623918,0.5975368616077403,0.16353532178382027,0.4545951107433999,0.749160176409871
1.0,0.5485789821546596,0.7534705235124882,0.5860207673456501,0.5256376862470649,0.5355053233542639,0.5535194382599762,0.4855927815989942,0.5944928160487617,0.1391766879082536,0.44483597019264093,0.6173594820305899
1.0,0.5009914077990746,0.7532607461779249,0.5909391170210511,0.5259342404214876,0.5272437748253057,0.5338242849803049,0.3702906589749277,0.5936033513222354,0.1428485156942838,0.4445954196707744,0.5833911982734351
1.0,0.4778585591539986,0.7528643352407691,0.5950022445869698,0.5249862009582583,0.5444642288928631,0.45778386710053104,0.3334368759707121,0.5971903389877982,0.1855177773398051,0.4247663594191852,0.4812799099183637
1.0,0.3972240581625907,0.7522810120325308,0.5979432396632607,0.5199413335804642,0.5362252086643648,0.3476622709368042,0.09010428222764556,0.5991816563492591,0.18823969347952152,0.3530415974934084,0.14768271219933976
1.0,0.4732319894249834,0.7529663486489216,0.6121380705758745,0.5247850355131313,0.5334057597733488,0.4694296968659019,0.2834109903113675,0.6071203277230974,0.2265357764330248,0.3919198943865884,0.401064709380757
1.0,0.4803701255783213,0.7544688523557487,0.6384082332499232,0.5253577688618506,0.5324068108198512,0.4634355197807847,0.3134235633459063,0.6067192613698198,0.2293892681090463,0.4086907176547804,0.3682530933143797
1.0,0.42723066754791794,0.7552247496243317,0.6550774829388404,0.5251894325199391,0.5340590063206465,0.4398013358451791,0.267176983950891,0.6065614444501006,0.24945968211772346,0.4359746232685392,0.3365729122847736
1.0,0.4343688037012556,0.7656628395472046,0.7212435824393282,0.5219928253502676,0.5291604197192128,0.4428840554889536,0.3460468900229274,0.6086492484621975,0.2633254843543303,0.4306056966362977,0.3370515963387923
0.0,0.14236615994712512,0.7750418930206678,0.7695674700090862,0.5070374568283571,0.5148054635777829,0.41753724952902893,0.31884476000295825,0.6086633298410613,0.2319569387681427,0.4650454058630686,0.2864561423867476
1.0,0.03793787177792443,0.7845666273509874,0.8225941245836235,0.5037654999005564,0.5112684428322491,0.2872067134783353,0.23359218992678046,0.6121933629080699,0.23141064220387844,0.4021409561916625,0.002117313785903468
1.0,0.07389292795769987,0.7847285860510426,0.8224970950940349,0.5024226299938136,0.5022685824005465,0.3211166295598561,0.28338140670068784,0.6220990870305123,0.230466103257186,0.4243841225639508,0.02091396975117926
1.0,0.1579643093192334,0.7845910767371346,0.8268526189360597,0.5041459831102578,0.5046285010423837,0.4004110292858368,0.3807410694475261,0.6319376923965894,0.25702330183140554,0.4294914113646137,0.08375625572707363
0.0,0.20105750165234632,0.7837980510984482,0.8250649175886036,0.5032211524924627,0.5030617430552219,0.4552149340640521,0.3949633902817839,0.6416987176336735,0.2747716734936171,0.4372514644957389,0.046088991084755136
0.0,0.2523463317911435,0.7840812564149308,0.8248041927742864,0.5027766568101372,0.505146655013497,0.4971741736598736,0.3688558538569631,0.6517141989117088,0.327495680114992,0.4269861141844147,0.12978102189780946
0.0,0.1925974884335757,0.7839828075735146,0.8258235412131112,0.5026908159354431,0.5244600280932966,0.4404863846549065,0.3349530360180457,0.6566438094747775,0.3370472867308489,0.4560946712659299,0.0581995133819942
0.0,0.2549900859220092,0.7834516110413251,0.8254417851265063,0.5029695579998353,0.5336647539328729,0.5129302962836102,0.4831373419125807,0.6608862865866267,0.3300213485399396,0.4905655001739478,0.25577517288734153
0.0,0.3481824190350297,0.7820049374583528,0.8236980048984053,0.5051762255408616,0.5480541842449479,0.5826340126734029,0.539997041638932,0.6613114919002092,0.32017349182169696,0.5226190050732307,0.4588013144342538
0.0,0.3795109054857896,0.780791758165066,0.8232816611749483,0.5034301557885331,0.5378588015105695,0.6206542216132899,0.569255232601139,0.6630380124654864,0.3425288043185037,0.4888779390122708,0.4823924665260678
0.0,0.3175148711169861,0.7800576161482299,0.8298494834366164,0.5033483123735428,0.5333267703741249,0.5535194382599762,0.4277864063308928,0.6654700038201964,0.3883621069149139,0.4624812165557535,0.3547746333807445
0.0,0.3529411764705883,0.779366900015226,0.8331459510111607,0.5019269963588052,0.5442755067909428,0.5732145915396474,0.3530064344353228,0.67110889989593,0.43159646236747257,0.4772682396788946,0.3103143852077098
0.0,0.3299405155320553,0.7788742440249922,0.8366653255520804,0.500586476197934,0.5543560417288704,0.5312553519438259,0.3130315805044004,0.6746222955638121,0.436514948647556,0.504931092296189,0.20388444749619852
0.0,0.41097157964309294,0.7790373257775726,0.8372599859334158,0.5054843401339508,0.546264796027586,0.6609008391847917,0.4712817099326974,0.6779826890573066,0.4167120884964091,0.5348319248785527,0.5418117612438078
0.0,0.4128222075346992,0.7791626609497814,0.8415267122240506,0.5056348351414156,0.5319115145443766,0.6557629731118343,0.5070408993417647,0.6764591599476497,0.3672679921608518,0.553765614095265,0.5305802148217177
0.0,0.5153998678122936,0.7791196555363443,0.8384806599176964,0.5117601202877898,0.541868354336503,0.7958554547011477,0.6209082168478667,0.6767320548084619,0.3474003537593604,0.6163593494635969,0.9431065770758748
0.0,0.4552544613350958,0.7786158251796923,0.8379060728788159,0.5118892049255571,0.5352884505367893,0.7355711594451105,0.5309740403816287,0.6699100889604503,0.2785585727787563,0.6161541998903295,0.8336486523539258
0.0,0.4708526107072043,0.7782119211021435,0.8343768725452518,0.5091549037828155,0.5405633102221558,0.7535536907004626,0.5677316766511352,0.6641091528804881,0.21580529297304074,0.636159786685982,0.6603602862548338
0.0,0.4384666226040977,0.7773459405643054,0.8328514323683679,0.5110118501402038,0.5421672322966019,0.7126220243192327,0.6595222246875232,0.6578827351003679,0.14419606073331115,0.6363497960098807,0.7719283814537592
0.0,0.3964309319233311,0.7762399718714729,0.8337092030370998,0.5122279875968468,0.547728052020352,0.6612433635896557,0.6368685748095555,0.6521540232102141,0.0967627269950655,0.6272346175281759,0.4805077311108677
1.0,0.3923331130204892,0.7751766502319452,0.8371178654998359,0.5120839790286069,0.528641072712844,0.6379517040589144,0.5993861400783964,0.6524884324603881,0.0877539611519384,0.6034555589794611,0.5586429193233423
1.0,0.3159286186384665,0.7731276548718734,0.8319428484950079,0.5073198632614657,0.5280859054296312,0.5333104983730089,0.4684342874047779,0.6522092833787636,0.07750306870218943,0.5826656712083741,0.3793614568383416
1.0,0.376470588235294,0.771359591852193,0.8242237649124862,0.5077305315175833,0.5018402221375308,0.573557115944511,0.5679535537312329,0.6577297671660916,0.10495978766129266,0.584011860980483,0.4123473637155032
1.0,0.2366159947124917,0.7692550899420098,0.8112767951244964,0.4981209688294274,0.5167388372580775,0.36821373522863504,0.3734708971229935,0.6607320120240441,0.10412336289834184,0.5464276266869319,0.29576735759828743
1.0,0.2807666886979509,0.7688708929485425,0.8117360926408306,0.4976248683756608,0.5395233976980397,0.4142832676828224,0.3964055913024183,0.6683663353416059,0.1347987441294703,0.5050873379371815,0.3611509775780535
1.0,0.3944481163251816,0.7697234956452731,0.8207850905515861,0.50185223515263,0.5285980539877932,0.5564308957013187,0.5242807484653502,0.6725011287138489,0.1362694312692771,0.5129859314336837,0.7154083241182984
0.0,0.3736946463978848,0.7695821146237526,0.8268373518466767,0.5002013428361969,0.5186740795845964,0.5607124507621167,0.515723689076252,0.6729056280213173,0.1385946334173953,0.5087659398299347,0.7540408912312082
1.0,0.3295439524124256,0.7692394460645885,0.8277281567551507,0.4973590725488912,0.5249994662278936,0.4774790203802022,0.3602026477331555,0.6731176964178556,0.13928591175342284,0.4820840402208539,0.4793308707620642
0.0,0.3591539986781226,0.7685078219092739,0.8246078489679947,0.4957972037786991,0.5224411238154582,0.5029970885425585,0.3624731898528216,0.6755633605875444,0.1490153282671242,0.4831373803774273,0.4774311090867688
0.0,0.3460674157303372,0.7685498428672959,0.8364330885420839,0.4986031779817248,0.5439005248871241,0.4891248501455732,0.4305672657347829,0.6772902507835981,0.13476436148106047,0.5188992294050627,0.409246185379185
0.0,0.4116325181758097,0.7691779355657059,0.8555332365201476,0.5031664577620308,0.5478179396885406,0.5822914882685394,0.5023223134383551,0.6784221070993364,0.11108832905872773,0.5519389104124685,0.7263493509451144
0.0,0.4728354263053538,0.7690490581609342,0.8708643034937689,0.5073319712839194,0.5559737054704115,0.6689501626990926,0.6270468160639004,0.6774364337762253,0.09137381834122517,0.5630699853285388,0.9153268048280568
0.0,0.4589557171183079,0.7681520770774398,0.8750531063361604,0.5065489105983378,0.5422944130045635,0.6400068504880971,0.6114488573330377,0.6747298351534898,0.07386872241973974,0.5543604067316535,0.9395809610567064
0.0,0.395505617977528,0.7665014177076878,0.8775621994631055,0.5024118898427116,0.5361208607577792,0.5506079808186332,0.4367206567561568,0.6729348043928223,0.06503604856889439,0.5234290990187134,0.7661125028467315
0.0,0.41295439524124256,0.7655495376367999,0.8810570494207373,0.5037581822653511,0.5479693099163565,0.5471827367699951,0.3859034095111308,0.6745607266558578,0.06895431501044152,0.5498057387515051,0.6126564222265446
1.0,0.42009253139458014,0.7647029230271049,0.8802700921304658,0.5042681760877498,0.5402397702054232,0.5579722555232061,0.3576288736040233,0.6764620391574674,0.06804198004250689,0.5388785840046598,0.5945325292543635
1.0,0.4370125578321215,0.7642988910308327,0.8785910811975826,0.5017951009074999,0.5316160006549118,0.5768110977907175,0.3421492493158791,0.6792108628774765,0.0695620352553436,0.5336975679219442,0.5822934928328343
1.0,0.3635161929940514,0.7626647227193092,0.8646510969740839,0.4967618282122792,0.5371342181189074,0.4743963007364275,0.1942755713334809,0.6795819826548826,0.04404451510131169,0.5153297546706406,0.35770954409412725
1.0,0.3529411764705881,0.7613557642593903,0.8563874614022953,0.4962504452099102,0.5367944382089874,0.4180510361363247,0.14586938835884894,0.6836360316441865,0.030404343469022318,0.4796945850023571,0.2106329188781623
1.0,0.33430270984798405,0.7599355153335379,0.847737225103756,0.49492791302420897,0.5376691033949678,0.3867100530912827,0.07951334960431877,0.6896142810268633,0.02769496526390114,0.4851058356052829,0.09836669170385423
1.0,0.35730337078651675,0.7596611769872851,0.8504956198679621,0.4930558412289425,0.5403126680598364,0.3966432608323343,0.1177723541158201,0.6990530845236662,0.04412824712316349,0.5000298656309519,0.10256126482213493
1.0,0.4301387970918702,0.7591634336358529,0.8532207157244633,0.4949514153112162,0.5428221753580976,0.4874122281212535,0.20804674210487376,0.7070320535490724,0.058842388134596864,0.4865803075399328,0.2091458972230224
1.0,0.3735624586913416,0.7590210460065241,0.8567706416907068,0.4909242191118839,0.5483168900958437,0.4002397670834048,0.1326529102877001,0.7123609279533556,0.06260305017628638,0.4070222563412821,0.004913505362498248
0.0,0.4884335756774621,0.7587374564323809,0.8574308162199837,0.4996339099220674,0.5568728340256793,0.5578009933207743,0.2762443606242145,0.7233778029388434,0.10807448034652156,0.4778783118057048,0.2316228601960505
0.0,0.5263714474553864,0.7577973639287362,0.8534883298325393,0.4989437159646485,0.5457299234752944,0.5838328480904262,0.2562162561940682,0.7278127812147093,0.13237383638474026,0.5229170226109794,0.19765116378026487
0.0,0.504296100462657,0.7573752998691546,0.8516965363125573,0.4975801836708733,0.5627474420992851,0.5417023462921735,0.24794024110642696,0.7328316256930241,0.15962395044063155,0.5120366383760219,0.1501425471256546
0.0,0.5327164573694645,0.757949553471933,0.8718141154094428,0.4993135479939743,0.5557221506426531,0.6120911114916937,0.2575918940906732,0.7378498851603803,0.17951635966517626,0.5179455333924333,0.20969320454448734
0.0,0.5851949768671513,0.7587875189907473,0.8968237248233819,0.5031375811462739,0.5580312787585414,0.6888165781811957,0.3676059463057468,0.7427148199074136,0.1972747064545175,0.5455509299659576,0.4086634611293145
0.0,0.574752148050231,0.7585836160604721,0.9172201447267414,0.5060040215106215,0.5487537308218141,0.6828224010960781,0.3688188743436137,0.7436480395288441,0.19272739031889652,0.546367061078349,0.41470575720182135
1.0,0.4799735624586913,0.7585149886549706,0.9244600946220112,0.5030560710195183,0.567712424742576,0.5660215790375064,0.3031210709267064,0.7465785661720616,0.2036353209091082,0.4638705909103169,0.15512105867835474
0.0,0.5172504957038995,0.7588770258015126,0.9301179083080562,0.5057988575955267,0.5441594546441104,0.6273334475081351,0.2888469787737593,0.7539551969366722,0.23071288730011086,0.4565867321631771,0.24494702353091385
1.0,0.4170522141440845,0.7594223957698932,0.9392550601056706,0.5021212367280978,0.5528831432098151,0.5024833019352627,0.23263072257969056,0.7604614165653432,0.24653115843257886,0.35858006335178344,0.06269945959746448
1.0,0.43384005287508254,0.7604784840598523,0.9514437843226332,0.5032616606269467,0.5570500727964149,0.5471827367699951,0.2973300791361587,0.7702871192963292,0.2781124714429196,0.3915987541857184,0.0010019060651968491
0.0,0.5481824190350297,0.7612190696910542,0.963919876928604,0.511955112479615,0.5551323452098255,0.7074841582462753,0.3935581687744992,0.7800570717879289,0.3065640262064282,0.4661115786159439,0.08976798653297308
0.0,0.5927296761401191,0.7608267295428478,0.9698722382867736,0.5116983690017366,0.5834861668899944,0.7648569960609696,0.3980400857924709,0.7857062505732109,0.3199551031093827,0.4704673719159299,0.14751518700139055
0.0,0.6650363516192993,0.7589605761584867,0.9685888199921184,0.5170890869616723,0.5742010363984127,0.8640178112690529,0.4495969233044893,0.7911544321218527,0.3256333264497091,0.4763968707627438,0.16492364645996996
0.0,0.6933245208195636,0.7565010048936046,0.9648680552826554,0.5157445979850452,0.6148968898246502,0.8657304332933721,0.4836032837807851,0.7959143894084619,0.3329209648503891,0.5152819365741238,0.3238399634724033
0.0,0.7350958360872439,0.7537448406700203,0.9642359894816892,0.5152326149088008,0.5897468176165472,0.913170063367015,0.504171289105836,0.8000429777897291,0.3529764154282741,0.5415338597789385,0.8206152616859803
0.0,0.7259748843357564,0.7516679626435098,0.9652242700045776,0.5147404429183361,0.5439727323885419,0.8969001541359821,0.4484579542933215,0.8016037042470456,0.3731569676592758,0.5229035089995381,0.639603457041182
0.0,0.7471249173826834,0.7497914973848222,0.9697090732976787,0.5126291256349131,0.6134674317071601,0.923959582120226,0.4399822498335921,0.8029643286162005,0.39032412377132375,0.5142162597276443,0.6527116587323821
0.0,0.7559814937210841,0.7482351025438955,0.9727768515723842,0.509581342318501,0.5713199824058185,0.9344065764685736,0.4471858590340949,0.8036361725132659,0.40826230418491705,0.4732167932418301,0.5805652981225484
0.0,0.7446133509583609,0.7461086284613333,0.9755975663852816,0.5121917298460263,0.5726787277986384,0.9325226922418224,0.40378670216699897,0.8035642111333974,0.4150055442827158,0.4733887483111862,0.4633578906552918
1.0,0.7444811632518173,0.7431124569171396,0.9710938604456558,0.5125345187785381,0.6821998541308568,0.9123137523548552,0.40137563789660535,0.8043944744765399,0.4286945768442677,0.4688739686703083,0.3711059619699159
0.0,0.7788499669530734,0.7399369353476962,0.9653753570850933,0.5116794960764911,0.6215300428690937,0.922246960095907,0.4241624140226312,0.8046693482899205,0.4180565040748844,0.4450857736165639,0.441943433005994
1.0,0.7421017845340384,0.7387559089492454,0.9641344715022412,0.5129937294258929,0.6528554598100442,0.8782325740709028,0.4717920272169219,0.8035573844149557,0.3914242158695857,0.4550797347940324,0.5296995108315873
1.0,0.6902842035690681,0.7367110307758423,0.9568855855833879,0.5116420961490445,0.6312329403539862,0.8708682993663301,0.5101397825604612,0.8015502136140908,0.35690453632757124,0.5004929661995705,0.4887270587369891
1.0,0.7588896232650362,0.7346436705483242,0.9491512923889768,0.5136984118709111,0.5607438948515712,0.8850830621681793,0.5242437689520008,0.7999671354831479,0.34123017973106234,0.4659582807898837,0.5436757512229227
1.0,0.6945142101784533,0.7310688054636633,0.936924873334006,0.5132906638104795,0.5652712343951338,0.8023634183935607,0.4966940315065456,0.7981636951817346,0.330255273536477,0.4344580585958861,0.34054213100886405
1.0,0.6949107732980829,0.7292121233718659,0.936046657151144,0.5131946472033109,0.5596850331939762,0.8090426442884054,0.5265069151689962,0.7982626744678525,0.327896653067966,0.4180285306195371,0.3449556806061269
1.0,0.6842035690680766,0.7267729099986026,0.9331041239276704,0.5128626577705533,0.6185367269288432,0.7735913683849973,0.5035500332815626,0.7985693172610533,0.31629749371515625,0.3927648396001675,0.22292103424179086
1.0,0.7611368142762721,0.7240038801016268,0.9265834748624986,0.5152887579039112,0.6508858828888517,0.8528857681109778,0.5465572073071521,0.8005561291185004,0.31354306434426144,0.446397826739767,0.44918901026150265
1.0,0.7703899537343025,0.7225889484469353,0.9306089398921348,0.5123714569596622,0.5962458504459176,0.8533995547182737,0.5513497522372605,0.8013824621988709,0.311485648706106,0.4521452329209159,0.4136967155835093
0.0,0.7280898876404495,0.7213743985339384,0.932511342512132,0.5119241554729794,0.6511683765048281,0.8431238225723583,0.4711411877819681,0.8023875939312384,0.3167689551781479,0.4000426217168635,0.2086873367906128
0.0,0.7384005287508262,0.7201142296834634,0.9377217576289624,0.5090756745836379,0.6206637800708313,0.8446651823942457,0.496339028178389,0.8062041575408878,0.34146150897400834,0.3817656217217463,0.2592503700147988
0.0,0.7487111698612028,0.7172770769876143,0.928332730170327,0.5100091554552431,0.6243898573005352,0.8426100359650626,0.4954958952740184,0.8093195115488994,0.3603922022179286,0.3807719150344308,0.2981319252770103
1.0,0.7395902181097155,0.7133870688111575,0.91436797140637,0.5097155665527537,0.6250541023524611,0.8155506079808184,0.4377856667406255,0.8130807897864307,0.3942148647326886,0.3623563449228701,0.22924916996679684
1.0,0.7747521480502314,0.7110884807291596,0.9074670840080012,0.5129880004348277,0.6384820384020764,0.8092139064908378,0.41831225501072383,0.8177727833121868,0.42672614179965707,0.3449493497982661,0.29329173166926586
1.0,0.7491077329808329,0.7095700795354881,0.9103935977610264,0.5099899186744619,0.6521904707575612,0.8182908032197297,0.4642556023962722,0.8212837960370023,0.4561993221669629,0.34380527140619177,0.5302212088483514
0.0,0.7935228023793788,0.7100245911414168,0.9243646097308598,0.5129866843131442,0.6916857223827952,0.891248501455729,0.5141705495155686,0.8218279672484661,0.4571392692755509,0.3548517896149413,0.7596703868154726
0.0,0.7841374752148049,0.7084303800741937,0.932293143188882,0.5116772744693605,0.7163153410385052,0.9042644288405548,0.5518674654241554,0.8201451564266597,0.4623768642326964,0.3520952432004719,0.8616744669786793
0.0,0.7965631196298745,0.7061535596930145,0.9335024383782706,0.5129077604359772,0.5790682446224192,0.895872580921391,0.5553657273870277,0.8168237758929053,0.4665618538087319,0.35628067207359576,0.8261130445217798
0.0,0.8272306675479179,0.7037853159372295,0.9400449914955572,0.5115544181823728,0.0,0.9268710395615686,0.6124916796094964,0.8140710806318958,0.4642222065052735,0.3756436044857636,0.9760390415616632
0.0,0.8257766027759419,0.7028994060500436,0.9526849590779958,0.5109047155706443,0.5739274722341997,0.946394930638808,0.5955106870793581,0.809379662911063,0.4504210013129185,0.4131256760448577,0.9684469103384024
0.0,0.7672174487772636,0.7018903797620722,0.9643735681398908,0.5097941759186648,0.6722814505486895,0.9090597705086488,0.6033799275201539,0.8066195166905656,0.4434641390284444,0.4221869298314393,0.9542457805907181
0.0,0.8089887640449435,0.7008062375408609,0.966350070062246,0.5092320018918156,0.5923622055557489,0.9896852214120574,0.5223060424524816,0.8045225682166066,0.4551991194161914,0.3647479549838247,0.8311132031066125
1.0,0.5234633179114342,0.6985211930438174,0.9603802648522228,0.4923933686833692,0.5391779691089831,0.8398975498961001,0.4361733599585832,0.8041030566540182,0.4591830713819946,0.30778252103981546,0.4880333433592581
1.0,0.5315267680105751,0.6991554343268279,0.9700805807840625,0.49307577780673295,0.5270170807082697,0.8551200889189581,0.4394645366466978,0.8040980660342558,0.4586174529046753,0.3123352268650258,0.4702874575688567
1.0,0.4789160608063451,0.6986133266799502,0.9817250746508671,0.4919642136435689,0.5366438496592449,0.8208089692166435,0.4662007247984615,0.8037635221801421,0.43160647482990655,0.3480996855989113,0.3930305504232352
1.0,0.4791804362194314,0.6975408267120772,0.9918310622239112,0.4923318004338619,0.5323611850589639,0.7773160005799062,0.4189187190296578,0.8039510722011819,0.4146562299506157,0.3353653340461253,0.22498173849525105
1.0,0.4802379378717777,0.6949678723263452,0.9798233915690232,0.492696552001493,0.5374499293186277,0.7442130188952784,0.4190962206937351,0.8069160170824401,0.4051446529362667,0.33556114245260377,0.2157865337515552
1.0,0.5124917382683408,0.6933559082434754,0.9547114425291738,0.4918289221154967,0.5305204477252992,0.7775576281834433,0.4089712299386137,0.8102691111975981,0.41522808501241787,0.32656491296045315,0.2194675613263032
1.0,0.4749504296100464,0.6924235691154416,0.9361702139739676,0.4926085750827257,0.548817576675101,0.7128014304354131,0.3752089342504252,0.8136144273625279,0.42374598181657774,0.333613270703019,0.14918739924186594
1.0,0.5094514210178452,0.6910219019322256,0.9217802185937344,0.4955273590451285,0.5547329016750815,0.7840815734789541,0.4274831743214261,0.817113532788903,0.4345018228395969,0.34460601678721986,0.1728459530026113
1.0,0.5350958360872435,0.6889950853165837,0.9196592895293054,0.4980762586068258,0.5557322671600543,0.7693422896631706,0.45362769025959604,0.8186720705724595,0.4309775681242387,0.3817924520252608,0.14905715114592213
0.0,0.5644415069398545,0.6876311909750602,0.9193331678961684,0.4969721252078502,0.5304303675372709,0.8046199197796353,0.4542933214998886,0.8208956648699497,0.44176834746842697,0.3826158143710866,0.21206846533216936
0.0,0.5440846001321878,0.6865387295274415,0.9227640999676454,0.4946982893227465,0.5573569247181769,0.8109022374716089,0.4907773093706089,0.8221380357599499,0.4454895353253029,0.4239514924529144,0.5648970118944008
0.0,0.5533377395902179,0.6856034425866536,0.9263172119864316,0.4958021734858453,0.5305617791479672,0.7874643599284777,0.5928629539235264,0.8221063027998896,0.4525274632324541,0.501419316236916,0.8105599071656528
0.0,0.5723727693324518,0.6828590874405386,0.918353324331218,0.4937522911014584,0.5556525151945989,0.8128352582999079,0.5521780933362915,0.8196633995315259,0.4408607903388944,0.4974744025887039,0.7937917029300837
0.0,0.5927296761401188,0.6805214814717361,0.9129656168156876,0.4959197386732124,0.5433813761149014,0.7925385396027641,0.5553731232896971,0.8184487143059436,0.4411588836107944,0.500836346638715,0.7350159559036831
1.0,0.5697290152015864,0.6782020965532128,0.9062957901876728,0.4943490354493658,0.5473563314023998,0.7369641907891559,0.5597662894756306,0.8157602221952359,0.4155923287077376,0.5055602558838033,0.5872352770525062
1.0,0.5635161929940515,0.6765327140625079,0.8961913277154752,0.4939921547028789,0.5463967639664367,0.7154593340743244,0.5875231121958433,0.8127894174190728,0.3857551160769634,0.5323974412425987,0.561895901173308
1.0,0.5276933245208196,0.6754126217194409,0.8877850258431641,0.4915056131055382,0.5477847463993615,0.6192915478664284,0.6130167886990607,0.8113247407327995,0.3706127415240131,0.5555725382932883,0.4763446738719057
1.0,0.5370786516853933,0.6733137466974547,0.8726746341852878,0.4921982185759191,0.5481396691866083,0.6560201224431682,0.5809185711116045,0.8111684917471462,0.3739038591770113,0.5177891666441906,0.5568948525509826
1.0,0.5608724388631856,0.6723386485734738,0.869439341826538,0.49500244294830104,0.5558438872228407,0.6354652758715343,0.5913541897788626,0.8119659644722035,0.3959203718070109,0.5267296669046139,0.5385508592661399
1.0,0.5965631196298744,0.6714426007606312,0.8695139810983232,0.4977042337867321,0.5358804781596416,0.7306249428127,0.6555062495377559,0.8121026546529873,0.4027333584612624,0.5468294496018218,0.7677327317364468
0.0,0.6548578982154657,0.6729776710717635,0.8849522997815921,0.5026318790970735,0.5685882243752335,0.8445420441028452,0.7221359366910732,0.8116835291506219,0.41638731045686944,0.5728746847658671,0.9625354717342092
0.0,0.6128222075346991,0.6728957045871412,0.8926608750776541,0.5016717623365955,0.5578547888437901,0.8379083173208891,0.6527253901338657,0.8089322623812851,0.4019055866093637,0.5299784536422018,0.936342740390756
0.0,0.5840052875082616,0.6740247640691276,0.906950045522317,0.4998878555813999,0.5655194241505117,0.7569311007411472,0.6289919384660894,0.8088763718255416,0.4154565951717813,0.5132372201411136,0.7635359468777942
0.0,0.5706543291473891,0.6748324682568684,0.916770401258125,0.497706509592653,0.5627699532827697,0.8070271754048861,0.5679905332445825,0.8095884817363264,0.4234362127203923,0.448882628717924,0.8468003207698469
0.0,0.5467283542630533,0.6756793433141518,0.9295156982152556,0.4989027460918353,0.5327857901275547,0.8029096898160852,0.5422453960505883,0.8107845673349738,0.44730108117252615,0.4774384735701002,0.8391659983961526
1.0,0.5619299405155319,0.6746427582737101,0.9280533689838072,0.4965786410105022,0.5624610840107171,0.8070271754048861,0.5250942977590414,0.8101363831165305,0.4541613958460722,0.463470463451444,0.8938893344025663
0.0,0.6150693985459352,0.672515048361182,0.9240829465883144,0.4975286152251927,0.5407217205782615,0.8740506908225821,0.5570667850011096,0.8089480071570665,0.4625132203178896,0.4377837745400008,0.9885805934242198
0.0,0.6136153337739588,0.6711330569074313,0.9262286944140672,0.4976427965894137,0.5436071398685837,0.8541495104767133,0.5171067228755267,0.8059459770400849,0.44988185644472706,0.4573438754933868,0.9879829787234052
0.0,0.5931262392597489,0.6697145928581237,0.9323732600090148,0.4992548898982019,0.55604201054258,0.8468295360966238,0.4777531247688784,0.8038036435715796,0.4390440849504645,0.4764733441695743,0.8688286040952096
0.0,0.6228684732319895,0.6689726645903026,0.9377991928812984,0.4982200540265652,0.5465393257616675,0.8690182084362705,0.4771392648472751,0.8018158843896468,0.4265008182352218,0.4760745349662101,0.8746393827574644
0.0,0.6169200264375414,0.6678682801084136,0.9363605222707009,0.4974664939367941,0.575302862232546,0.8747369384207155,0.5079358035648252,0.7992134084993321,0.41186847672958377,0.4503510058847551,0.8496207746808571
1.0,0.5394580304031724,0.6679128711425802,0.9394239357968744,0.4950759506523506,0.587492100208183,0.7548723579467471,0.4316248798165821,0.7952650974352424,0.3949723100835635,0.4333092114604871,0.5509535253909306
1.0,0.5500330469266358,0.6679789450846302,0.9420823127360414,0.4956137953044327,0.5846914110286522,0.8040534358129746,0.486184453812588,0.7949393120990325,0.3808819569854848,0.4301600357592675,0.7136302631168266
1.0,0.5594183740912094,0.6669576661155628,0.9424674308228322,0.4927096995727325,0.5895732124829887,0.8177783877756426,0.4802159603579621,0.7925409415950115,0.3707135384536818,0.4245197978619861,0.6685289803052538
1.0,0.5809649702577661,0.6675820759762604,0.9534116949093772,0.4909934032281363,0.5796035725754557,0.8209808765669322,0.4528880999926039,0.7916518424649809,0.3755388206725044,0.4470186759256587,0.5704922126158729
1.0,0.48208856576338394,0.6682454109926227,0.9650604712737794,0.4852466205165801,0.5711405813658385,0.7681398115106599,0.3742030914873162,0.79151985344924,0.3955684713017456,0.42055669003689616,0.4108430350510315
1.0,0.4655651024454725,0.6699083095718029,0.9775948124624972,0.4876951315409014,0.5642700307473458,0.7406899075853233,0.3357296057983876,0.7930255692102439,0.4188558947793716,0.36491144540097337,0.17915665282936571
1.0,0.4658294778585591,0.6691031042978849,0.9770430176285004,0.4876589472409962,0.5726489025461172,0.7475523835666575,0.3907107462465794,0.7959520234538578,0.44645191603269707,0.3714298535283893,0.3384000749087049
1.0,0.4626569729015202,0.6691533594983757,0.9850181455956896,0.4875200878548616,0.5704809206604822,0.7290236984170555,0.3865542489460833,0.7963787981600698,0.458311061512099,0.36428589619359053,0.2251006585723644
1.0,0.4245869134170524,0.6691808136673928,0.9947798219888212,0.4876543169173492,0.5668061555026136,0.7095800164699425,0.4330670808372159,0.7989088496502197,0.4761928504515405,0.423119805261216,0.1699803364649333
1.0,0.3883674818241904,0.6689790100119334,1.0,0.4884472679482673,0.5655034632958087,0.6496477262329582,0.393358479402411,0.8022122591186684,0.4935205871539475,0.4269099103573339,0.003162992982109439
1.0,0.4387309980171842,0.6686814419844894,0.9991852381591692,0.4892118565598971,0.5674871895762321,0.7079787720742974,0.4745285112047925,0.8091351436179293,0.5301363455361616,0.4597358682252621,0.2255489021956108
1.0,0.4148050231328486,0.6680704983131932,0.9935634032094118,0.4906370846369363,0.5514794790846296,0.6983713057004298,0.4394571407440284,0.8130933388583157,0.5550162059235522,0.4692981567631591,0.1469917308240684
0.0,0.5058823529411762,0.6684416112416095,0.9990761450101208,0.4946626485734984,0.5830350429902375,0.8530057644798241,0.5238074106944753,0.8188306172027155,0.5973733045683387,0.5181520429269354,0.31074449201211
0.0,0.5107732980832783,0.6670678701433191,0.9952762649404872,0.4948774831101166,0.0,0.8811419160032941,0.5468826270246283,0.8203688314865631,0.620486476736959,0.5524997883970199,0.4800563850892756
0.0,0.5717118307997354,0.6658801120774355,0.9958544982414509,0.4964001778632525,0.5555599415623927,0.9543416598041904,0.5931218105169739,0.8209299664414895,0.6383130855070827,0.575322665343606,0.7239486416077403
0.0,0.5665565102445471,0.6642265315740742,0.9909806303889992,0.4958270551870262,0.5969563188778295,0.9667128987517336,0.5874491531691446,0.8197008169955609,0.6292743605525243,0.5687548346271672,0.6601693338295489
0.0,0.5643093192333111,0.661653428276945,0.9876169020750051,0.4955301562479516,0.5731678760113151,0.9717984281091075,0.6267287922490941,0.8199857129247663,0.6259101496661064,0.5907244695526984,0.8279214737625615
0.0,0.5666886979510907,0.6525829841132239,0.9447896305536716,0.4965605657891186,0.6199097336735767,0.9222169362511896,0.6026033577398122,0.8193218187551652,0.6107163673461647,0.536513395510418,0.8919333829549662
0.0,0.7583608724388631,0.6427071927190297,0.8936434761592191,0.512210469265816,0.5891414317091113,0.9322074215033302,0.5925375342060495,0.8178280612426712,0.5917454876418893,0.5166899862023207,0.942128768142908
1.0,0.7664243225380039,0.6359889323645115,0.861538067930729,0.5135299319417166,0.5652455394844169,0.9149201079062048,0.601124177205828,0.8156396155150261,0.5862956126600134,0.5272292024424724,0.8085944830174507
1.0,0.7153998678122936,0.6349676806888745,0.8644426771386071,0.5073014666561698,0.542415951411337,0.9190703465449268,0.5821980622735005,0.8133796296083801,0.5943602498082637,0.4940239356554943,0.8437324075811578
1.0,0.7155320555188367,0.6342372950806684,0.8707258033666139,0.5078267193564612,0.6015745525934539,0.8902261880058105,0.5818948302640338,0.8124083682159307,0.6170488056585304,0.4940705225738165,0.7421655094764492
1.0,0.7208195637805682,0.6317894618710543,0.8660436914135268,0.5086596949503138,0.5922983772396367,0.8727951857231792,0.5340285481843058,0.8104052160328845,0.624700221691714,0.4784094460026543,0.7122349408894718
1.0,0.7074686054196958,0.6302078407518769,0.866866677093364,0.5114553157215055,0.5842146546023359,0.8522515044615065,0.5839878707196213,0.808280662070666,0.6255466135586611,0.4800969570294613,0.7382248076562196
0.0,0.7514871116986119,0.6287385555628761,0.8692813322419146,0.5149699030717639,0.562331859089094,0.9308985266652836,0.6629761112343757,0.8042226220984721,0.631668914171541,0.5187502614467978,0.9973728654531788
1.0,0.7514871116986122,0.6263786964294954,0.8699963813129805,0.5154204224587072,0.613368631302728,0.9074496783565059,0.6633311145625329,0.7981493896884313,0.6248086735282217,0.5196848339861626,0.9555119118777252
1.0,0.7530733641771313,0.623808459349788,0.8655690246245806,0.5160801894413648,0.5976987290604253,0.8819257107283669,0.6690333555210413,0.7919559153499709,0.6026144401310909,0.5251271550093154,0.9917447676394899
1.0,0.7279576999339062,0.6218110842472696,0.8638205789328883,0.5143918967634851,0.5784844224038326,0.8393857646814695,0.7015753272686938,0.7861459925142076,0.563729987534229,0.5519214222644839,0.9991421021927868
1.0,0.6693985459352279,0.6205967671772082,0.8625576498312002,0.5138467284628468,0.5812394514583589,0.7522412387938059,0.653583314843577,0.7816091226263129,0.5348518773381196,0.5151744054972408,0.774492700394823
1.0,0.671645736946464,0.6198084564488272,0.8617599498984163,0.5140052847797233,0.583808551361602,0.7577424612876937,0.6463649138377341,0.7800806272921743,0.544198428775764,0.5021805180301468,0.8267376733082369
1.0,0.6736285525446133,0.6183371419128231,0.8583314218058067,0.5141393837846286,0.6206531788558586,0.7628361858190711,0.6615560979217519,0.7786392457068751,0.5443013369943439,0.515940578837562,0.751813423928016
1.0,0.7344348975545273,0.6159485844514202,0.8451257639380052,0.5161179705557258,0.5886701268226519,0.829697818691215,0.6597441017676203,0.7775345138432956,0.5471994516200823,0.5115788146581466,0.8294922413001558
0.0,0.8412425644415068,0.6135137100787104,0.8374504857470224,0.5221483149036159,0.6174742918756373,0.9532840886404472,0.6431994674950074,0.7748588271086105,0.5222946632405123,0.5429831856300429,0.8088329813607562
0.0,0.838995373430271,0.6110747155361079,0.8277815381010394,0.521598153344765,0.5678725706935892,0.9625432193622746,0.7079505953701651,0.7720073667636127,0.4939785747478895,0.5403941381494961,0.8125975576163816
0.0,0.8099140779907469,0.6094890943727383,0.8277755234046038,0.5197981012603283,0.5923084297056459,0.9126008451786404,0.6846165224465643,0.7688756121960338,0.4744457801041313,0.5719054330938398,0.7846661680893311
0.0,0.821414408460013,0.6077484790410225,0.8241198400377165,0.5207721765077663,0.6278147763789854,0.9310411064156742,0.650166407810073,0.7682270619337785,0.4599500212210966,0.5795795840091579,0.769089924439745
0.0,0.8393919365499007,0.6054116570778881,0.8216184919020615,0.5186758753727763,0.57085663944786,0.9537072608528622,0.6138081502847428,0.7684281934175667,0.4591609374960735,0.5926655205678429,0.7251205611573888
1.0,0.8292134831460675,0.6028591717079345,0.8161834596534812,0.5187432144671227,0.5670826757636352,0.908951210142144,0.6119961541306116,0.7702181002557584,0.44563284038727735,0.5896438107685893,0.8447275446785463
1.0,0.8236615994712492,0.6003158905725084,0.8114849450134358,0.5184438625377354,0.6405902776554397,0.8997366440933036,0.5545151985799871,0.7702244794764288,0.4432828527037286,0.5363519302354607,0.9076514428656174
1.0,0.8330469266358227,0.5978203019192808,0.8019185826471258,0.5156545148469186,0.5758925385871752,0.9057301293900184,0.5087567487611862,0.7674430642740147,0.424969761446636,0.5506805776844798,0.7999329499445547
1.0,0.8260409781890286,0.5951806336055255,0.791729101702773,0.5159392204781551,0.5896319330449781,0.8691913648005858,0.595421936247319,0.7639328345115974,0.3950669263677074,0.5666492445350451,0.8852412512571884
1.0,0.859352280237938,0.5923977855079959,0.7809612872378497,0.5153411823402296,0.5756064098516339,0.910110359558562,0.5984394645366466,0.7586786331415865,0.3516003539352488,0.5689418549774802,0.8409191800496145
1.0,0.8770654329147388,0.5904372049487928,0.7798920260140882,0.5134633015347814,0.662758584435588,0.914738341046636,0.6209082168478663,0.7540547630238326,0.32386138183245183,0.5877780516083727,0.9932628280454371
1.0,0.8524785194976865,0.5887859626822826,0.7816526889585707,0.5148012653793418,0.6244894280126041,0.8960811756473057,0.6192367428444641,0.7475502887566474,0.2800509095318641,0.5876982030686534,0.9773438939031126
1.0,0.8137475214805022,0.587546980885593,0.7866067442517899,0.5154582732757029,0.6095992201933346,0.8512946116165151,0.5749204940462989,0.7402361302295517,0.2237787080246418,0.6045581791112958,0.8190581445324503
1.0,0.8023793787177791,0.5857853628028055,0.7845651710775285,0.5148130800683312,0.593897212589388,0.8304758572428271,0.6383477553435397,0.7348614831101359,0.18899966252144376,0.647008228949677,0.7494013630502849
1.0,0.7859881031064111,0.5836129095542378,0.7797175344112361,0.5140606398775861,0.5757301740961441,0.7935619314205741,0.6368389911988759,0.7310145840985347,0.17669827472078048,0.6466609026634993,0.6541413397187942
1.0,0.7709187045604758,0.5814876826420993,0.7747270342874184,0.5133090318292379,0.5758873052309901,0.7632992548951656,0.5017972043487907,0.7298357956202175,0.1869421133613287,0.5967685373727271,0.4248787376435185
1.0,0.7469927296761399,0.5804959059785139,0.775458744441567,0.5117595286102745,0.5752304979964099,0.7267759562841531,0.4763700909696026,0.731206350993385,0.2031656327431723,0.6297178755213705,0.3768035856818317
1.0,0.7521480502313284,0.5801778181603424,0.7792077725918751,0.5113584429559925,0.5785486332212211,0.7575136612021859,0.5397529768508244,0.7307557988974476,0.2052342061439765,0.6227432394637058,0.4591698900963953
1.0,0.7309980171844018,0.5804505853383902,0.7815824837704408,0.5130917650800108,0.5825607579589084,0.737704918032787,0.5444123955328746,0.7307208580725082,0.2194324441766018,0.625971365637612,0.3209615030392331
1.0,0.7265036351619298,0.5801118018052579,0.7872970343643317,0.5120024474969938,0.5766204257184964,0.7503415300546449,0.4765623844390208,0.731876879470041,0.2218800005198737,0.5824836307577068,0.4063977405292571
1.0,0.7329808327825513,0.579562508865065,0.7963954318966069,0.5089154003230295,0.5599873743315262,0.7561475409836066,0.5410842393314106,0.7344189915398884,0.23095301149988,0.5721399348394468,0.4543500951679256
1.0,0.692134831460674,0.5780862260847827,0.8045503751235881,0.5094188590861929,0.5913192646360269,0.7047472677595629,0.4363508616226608,0.7364486864329742,0.2210364564603394,0.557571644306621,0.189353472094308
1.0,0.7005948446794449,0.5768768341588554,0.8086784984240011,0.5105097096111088,0.6053888820119323,0.6997950819672133,0.3393683899119887,0.7407042894275968,0.23324867395015175,0.5090941907280292,0.16991044020380394
0.0,0.7736946463978851,0.576099973168568,0.8185949784374686,0.513879799502075,0.6178823410228224,0.7937158469945358,0.4810073219436434,0.7469678093725678,0.27947238263683044,0.5395713343680885,0.2982056394189688
0.0,0.7719762062128221,0.5749761781390239,0.8280955637623013,0.5130340233016749,0.6474383657453289,0.8092554644808745,0.4044301456992821,0.7510926752079337,0.3169325502449177,0.5051718978360406,0.3998227792018722
0.0,0.8120290812954396,0.5733159315343442,0.8392060209956453,0.5133130930732988,0.6691678922753581,0.8475068306010932,0.3520227793802229,0.7573702087551364,0.3673134241378492,0.4851026339065171,0.4811569521507434
0.0,0.8467944481163252,0.5705854957390556,0.8376412517548157,0.5131455987621433,0.6479435111275024,0.8738046448087434,0.4271651505066193,0.7602583353787521,0.38719647437462507,0.5164352865591826,0.6269274248247788
0.0,0.8424322538003967,0.5692625122746465,0.8424033226183472,0.5133657735164721,0.627241837543717,0.8517759562841534,0.4540936321278011,0.7589543419859701,0.3854281126865379,0.4788730992536255,0.6723716934207553
0.0,0.7692002643754131,0.5684524979294198,0.8433460161326456,0.509073698609481,0.6372930786540663,0.8029371584699454,0.3284224539605056,0.7564850610115026,0.3932267906137277,0.4692324317700433,0.4822292561609759
1.0,0.7632518175809647,0.5685203543564609,0.8497249895689518,0.5086787396372136,0.6586389009461293,0.793545081967213,0.3132164780711487,0.7573840243769911,0.4251945927264403,0.4601716097190068,0.3864197023271108
1.0,0.7961665565102443,0.5681689834906488,0.8608098561764117,0.5115133282034152,0.6507103781187097,0.8447745901639343,0.3372457658457215,0.7578007905469528,0.4525439007714184,0.4212379934966111,0.4438985280815719
1.0,0.7578321216126899,0.5665314280265922,0.8694022041623339,0.5108819159590084,0.6473524133627668,0.8237704918032788,0.2931661859329928,0.7582259227406938,0.4859894492534678,0.3941661094194242,0.3210673464353257
1.0,0.8011896893588895,0.5651093360794422,0.8829087356146155,0.5118238543235606,0.6297630832023396,0.8372609289617485,0.2558686487685817,0.7603818920043572,0.5258578757086907,0.3804891836147216,0.29444712871995765
1.0,0.7358889623265035,0.5625988791891058,0.8837021679880357,0.5099150748334705,0.6143041949934344,0.7662226775956285,0.19946749500776567,0.7613121684785957,0.5315938537566117,0.339850162955471,0.10037400905495553
1.0,0.719365499008592,0.5606607554122384,0.8888453366735203,0.5089042628060707,0.643588181445704,0.735143442622951,0.24305894534427894,0.76508491570936,0.5263510840038603,0.3670758796757832,0.04849591095363345
1.0,0.7742233972240583,0.5581481671021006,0.8837297406218547,0.5109932406308164,0.6228900735137486,0.7739071038251368,0.3362029435692627,0.7700029054918229,0.5253343518812661,0.3617693110127056,0.2416026914335817
1.0,0.7776602775941838,0.5550783031971217,0.8788123751559291,0.5116637422401678,0.6125530477743325,0.7655078391274711,0.3793210561349015,0.7721798560284174,0.5150530976189887,0.338198187834287,0.27510244984878585
1.0,0.7608724388631858,0.5532513626242147,0.8747045077712077,0.5111075340566115,0.5792040964942956,0.7237550471063259,0.3732712077509061,0.7733414573988411,0.4947514421112375,0.33370138398370386,0.16483654953917082
1.0,0.7217448777263714,0.5530003749795419,0.8736420810921142,0.5109134463993363,0.6218439960306156,0.6889598386825745,0.3734782930256639,0.7764144517115876,0.4585491315244917,0.33281345546373403,0.0724546370967742
1.0,0.7276933245208196,0.5544094766172575,0.8701903016448003,0.5100155431385928,0.6209824813966851,0.7365148714501766,0.5087715405665263,0.7834600455541596,0.4737704500112601,0.3534366132440808,0.18067748881895024
1.0,0.6876404494382022,0.5559568690053082,0.8703220879288891,0.5088942804041205,0.6559710290966585,0.7192068559905899,0.4127801198136231,0.7878184483281898,0.4893502888809826,0.3498113554325332,0.03238363425542461
0.0,0.7160608063450098,0.5553649462603549,0.8745428783316025,0.5107459329432253,0.6723467621067829,0.7823895143673334,0.4345684490792103,0.7971802762287123,0.538732991164935,0.3610796937721281,0.06986771411802044
0.0,0.8289491077329808,0.5542571216332902,0.8808231621501019,0.5183158466675607,0.6596045267313005,0.8817005545286508,0.5092522742400708,0.8035360936354248,0.5768117432989791,0.4032413478644423,0.3868346200731419
0.0,0.7279576999339062,0.5518809057949997,0.8830901287668462,0.5130428251838949,0.6734991757965961,0.7775163838010422,0.44144663856223615,0.8037722192737099,0.5832293130231085,0.3553364532312429,0.04602916610230779
0.0,0.7752808988764044,0.5509286535873669,0.886942565688611,0.5139789018307163,0.6140632956168518,0.8344815997311376,0.6050883810369061,0.8090568648922609,0.6082867868166315,0.4219828874436368,0.35225066594428805
0.0,0.8358228684732318,0.5487566821771858,0.8854707588713797,0.5161955659775826,0.6956455687642285,0.9038817005545288,0.6856519488203536,0.8110828968470631,0.6149351816244715,0.5028303301021824,0.6224434511716108
0.0,0.8329147389292795,0.5466927171446513,0.8779983048109069,0.5163708239618672,0.6933772353548783,0.8880860359603429,0.6636417424746689,0.8097221275628972,0.6182986292318343,0.4764983946829152,0.6236173190663229
0.0,0.8189028420356905,0.5445431247707752,0.8666978505624747,0.5182929443231729,0.6219154787642974,0.8832129053940517,0.6817617040159751,0.8082510082501988,0.6332196931501942,0.4888899719988621,0.5867985010609965
0.0,0.8478519497686714,0.5421687747045744,0.8543410022526812,0.5175260470334603,0.5865522908179027,0.907410519240464,0.7418977886251019,0.8053453082129214,0.6302504051828204,0.5622121313563985,0.780531852453835
0.0,0.8773298083278254,0.5389792003847671,0.8458719091230422,0.5169253607649233,0.6402415559543425,0.9237103007897832,0.7947563050070259,0.7984455055537156,0.6143051403358295,0.5940853694344511,0.796060393960603
0.0,0.8806345009914077,0.5361048632638302,0.8382708220133641,0.5176107823043026,0.6405925587657183,0.9148042345824232,0.854944160934842,0.7906312870664622,0.5865822367884984,0.6257814786343822,0.8190052169184493
0.0,0.8757435558493059,0.5336907546549531,0.8373423124161348,0.5208106904663254,0.0,0.9116114938665772,0.8629613194290366,0.7820710501855572,0.5581509089499573,0.6296278188954173,0.8252735731603437
0.0,0.9105089226701916,0.531157258284359,0.8273600838733328,0.5204900163199064,0.5615720537220256,0.952557200538358,0.9604984838399528,0.7728491014546066,0.5151336710256856,0.6661590631596839,0.9682920024289776
0.0,0.9374752148050232,0.5286413615436124,0.8090856767565913,0.5196058813512038,0.694663488240034,0.9890128755364808,1.0,0.7631853556010022,0.4793014570015214,0.6834386093236637,1.0
0.0,0.9015201586252476,0.5257194126828658,0.7925763842296654,0.5200603583936916,0.7623904088511957,0.9891362422083704,0.8129576214777016,0.7555333827801156,0.4525623251943265,0.5452587797661113,0.9852430016758746
0.0,0.9194976867151352,0.5241024907252875,0.7778409016650638,0.5182910745098679,0.5225945269387338,0.9964381121994654,0.7476739886103098,0.7505715039679395,0.4391791404731476,0.5446297798613264,0.9911473144711682
1.0,0.66305353602115,0.5213945282248093,0.7642848843413709,0.4990714943258852,0.4609106498231438,0.7724417426545088,0.7976776865616448,0.7457870943503053,0.4338203773157588,0.5685608483593668,0.9875301483039975
1.0,0.6720423000660939,0.5211200229366953,0.7573497512672505,0.5007012444267406,0.47301312317769295,0.7521783181357651,0.643169883884328,0.7418327816878048,0.4381753692376968,0.5220972636987421,0.931280836089056
1.0,0.6167878387309979,0.5194643057175949,0.749892918492389,0.4980874693878254,0.46920615668429705,0.6996960486322189,0.524842837068264,0.7420160272735923,0.4774239023035446,0.5121039334089289,0.8400325381527523
1.0,0.618241903502974,0.5180963462134575,0.7349629042923442,0.4989883292038593,0.4377238890440778,0.6684903748733536,0.4571925153464983,0.7412462475853743,0.5075035988544812,0.529001769090226,0.7279881165007341
1.0,0.6738929279576998,0.51613985178655,0.7131225880449774,0.5018157687566596,0.448190663186528,0.7330591461026243,0.5200798757488353,0.7418829473325261,0.5331189454716116,0.510050897057233,0.8308546570231132
1.0,0.6552544613350958,0.5146175675566454,0.6973417181837704,0.5038511788925818,0.44250528774373016,0.7066196631414025,0.4972487242067896,0.7402013513902552,0.5419385767617396,0.4987618845314497,0.8765318573272741
1.0,0.6682088565763383,0.514113004375181,0.6958565194156219,0.5016115982511207,0.4841180475598798,0.7235867446393763,0.5054507802677319,0.736501912589212,0.5273840595487312,0.5027785881427189,0.9882357286645614
1.0,0.6352941176470587,0.5134627431978781,0.6923494655575221,0.5018011694211025,0.4923265428627981,0.6906641000962465,0.5313216478071149,0.7307846016993849,0.503047491442891,0.5154029937155833,0.8745864274685693
1.0,0.6019828155981493,0.5134798215904787,0.6924657244717329,0.4987304602875364,0.4892941753845618,0.6398460057747835,0.4411434065527695,0.7267611727951435,0.485190284366609,0.5203117381881213,0.717226674509227
1.0,0.5883674818241903,0.513128801655404,0.6923777829761495,0.500303285552611,0.4859435637885874,0.6394610202117422,0.4039272243177279,0.7266456180826533,0.4848518729257934,0.5037168167723023,0.7323336560062828
1.0,0.6220753469927295,0.5126347690183765,0.6951199548311009,0.5005972635587105,0.4926726776525541,0.6760346487006736,0.4504030766955107,0.7252884241262822,0.4792324644813454,0.4761832689736281,0.7857012717268521
1.0,0.6107072042300065,0.5116007546645615,0.6943183902590271,0.4997512902302785,0.4982976912288745,0.6506256015399423,0.4412765328008283,0.7213118288292379,0.4535925347955001,0.4711787036025809,0.7113471559231871
1.0,0.6165234633179113,0.5101922612734294,0.6928204824987514,0.5003614230181742,0.5400479359344407,0.6615976900866216,0.454907181421492,0.7187990943346934,0.445341510835696,0.4283211980891188,0.7195641875888201
1.0,0.5912756113681427,0.5088239426229452,0.6939950785970646,0.498727104449728,0.5336350714250369,0.5923002887391723,0.4046076473633607,0.7149657788920076,0.4325348821397901,0.4010593534236885,0.5806763108989547
1.0,0.5931262392597489,0.5071562723219293,0.6948308189380394,0.4990377773141818,0.5414725973407535,0.5897978825794035,0.40423785222986464,0.7141739254206609,0.4380713378013825,0.3995506603988375,0.4241518784389468
1.0,0.5888962326503633,0.507443903780214,0.7016147270860043,0.4991581491665527,0.5580602748323258,0.5664949437130319,0.38407662155166056,0.7158277421768746,0.4477646673471671,0.4380472154112123,0.4041285573734651
1.0,0.5209517514871117,0.5076439607905839,0.7019311522756133,0.4938008007140113,0.5481108812082269,0.5235750804771823,0.352814140965905,0.7193937371516991,0.4628177783957765,0.4171456592693963,0.27096162955945113
1.0,0.5148711169861202,0.5086299843450787,0.7071633675893232,0.4934475641097604,0.5048860784733593,0.5021776178754024,0.3022483544116558,0.7260645036078865,0.4980042762611978,0.3797544090697534,0.000246984728110754
0.0,0.5877065432914739,0.5080967390940964,0.7069467710094219,0.5021435948231686,0.5379080238018645,0.6106797954932779,0.4066415205975889,0.7373230238171942,0.5581025424342951,0.4342462282585805,0.2495730494794721
0.0,0.6269662921348313,0.5072709073802283,0.7085637957626902,0.5033255999111974,0.5074720977806009,0.6500662753266429,0.446128244952296,0.7435785384388847,0.6053352013745908,0.4587350781280064,0.4138963621476199
0.0,0.5866490416391276,0.5060546536302156,0.699907479954536,0.4995183960415912,0.5030045384189594,0.5849270971406932,0.3865616448487537,0.7470769309071372,0.6370624556056129,0.4065163738068646,0.0005308597133359074
0.0,0.6230006609385327,0.5044249509114033,0.6868633866182601,0.5003416865283087,0.4685627080953612,0.6317183951551855,0.5265734782930256,0.7541590049487976,0.6841953990088396,0.4663980284879597,0.12230532336119762
0.0,0.7062789160608061,0.5030456502435051,0.6749300063397441,0.5073600239995242,0.4664089113036778,0.7135214904999078,0.6266696250277347,0.7557590726337273,0.6911996315213185,0.5176617130677823,0.6255856003945106
0.0,0.6991407799074687,0.5008850311215644,0.6655698685729763,0.505997217594546,0.4688183861929903,0.7173635201752786,0.6832334886472892,0.7528531994162582,0.6684428910553709,0.5201417514807789,0.7823232672241031
0.0,0.708922670191672,0.498809715657966,0.6524823521060139,0.5077400840530281,0.4476934376605466,0.7076895109980004,0.7188373641002884,0.7495574553445392,0.6490963808073549,0.546516163527969,0.7509078309078315
0.0,0.7555849306014538,0.4969281389600867,0.6449439888116457,0.510270203567568,0.44589173247414615,0.7399293286219081,0.7364322165520302,0.7474677000036878,0.6256285125073107,0.5693117601933322,0.9102425292334346
0.0,0.7612690019828154,0.4955330820792078,0.6397715078953907,0.5100697189365191,0.4512200264354617,0.7683478260869566,0.7567487611863031,0.7443038561916373,0.6088277248180959,0.6014177295248768,0.9869532265049812
0.0,0.7487111698612029,0.4954294412455947,0.6469149730646746,0.5126634459080653,0.4466099813619716,0.752521739130435,0.6951852673618819,0.7396072930415805,0.5717363706488352,0.5602817264560079,0.7317832394976197
0.0,0.7364177131526768,0.4949634137393691,0.6526235162791991,0.510313716033329,0.4473755016004734,0.7530434782608698,0.7030619037053473,0.7379451689978886,0.5737884922848965,0.5721079925789269,0.8300941966219153
0.0,0.7603436880370126,0.4938490908690642,0.6558449308445005,0.5131925554521083,0.4431087500349203,0.7848695652173915,0.7423045632719474,0.7353660590084543,0.5706526628099853,0.6512250214566662,0.9954255088783036
0.0,0.7619299405155321,0.492634102953507,0.6597533189072249,0.514294776302386,0.4959531002942082,0.7622608695652177,0.7024110642703938,0.7297560549219901,0.5619289760918302,0.6465379877985588,1.0
1.0,0.7197620621282221,0.4916523455601899,0.6609276363219367,0.5128452703577476,0.505579069579313,0.7250434782608699,0.6829746320538423,0.7249413631446733,0.5550958327060183,0.6316988813012521,0.9934572779685186
1.0,0.6785194976867149,0.4913236413589116,0.6656031184275459,0.5122411275015984,0.5107772338097906,0.6773913043478261,0.6613194290363142,0.7195350263958613,0.5412679694689697,0.6473898792465042,0.9618606484675284
1.0,0.6885657633840051,0.4910732514224109,0.6758285670412054,0.5098128516344209,0.5035594429643634,0.685217391304348,0.6893942755713336,0.7134843860962838,0.5270293837895003,0.6704190306411408,0.9819536937993842
1.0,0.6647719762062128,0.4916975617808429,0.6869937589300119,0.5103627709714619,0.4712811854332056,0.6674782608695654,0.6615708897270913,0.7068416515370772,0.5021758904312382,0.6503092812171336,0.7568491877625371
1.0,0.6844679444811631,0.4916083567005653,0.695677055091471,0.5109238155768591,0.5028618588263083,0.7358260869565217,0.6696989867613339,0.7031321476057968,0.4933843860399015,0.6653570349270143,0.9673544810594392
1.0,0.677065432914739,0.4921665143877031,0.7032609534713743,0.5114627981555686,0.512979161248593,0.6897391304347827,0.6551512462095997,0.6995859726068225,0.4791957933922689,0.6535530011003621,0.8551203184367657
1.0,0.6158625247851949,0.4912297082363967,0.7069298579845393,0.5063191398607656,0.514217168746782,0.658608695652174,0.6292286073515273,0.6962636096235757,0.4678745493762009,0.6617070865201555,0.7902133639964233
1.0,0.6415069398545934,0.4925933002278257,0.7228251188135333,0.5059721323836553,0.5117452775043698,0.6697391304347827,0.6648546705125362,0.6934732093167799,0.4512281682996856,0.666420057078287,0.8916570844512599
1.0,0.5961665565102445,0.492911077528568,0.7286904678143835,0.5027110529933485,0.5124670182110627,0.6577391304347827,0.6797943939057766,0.6885902620248228,0.4229914978217226,0.6494574468151346,0.975978534009117
1.0,0.5801718440185063,0.4932576334329585,0.7326851622089634,0.5043344617028462,0.5131612439679166,0.6476521739130436,0.6846461060572443,0.6827558159478886,0.3859095032872221,0.6547074646233662,0.9757435501842808
1.0,0.6149372108393917,0.4906450461972031,0.7131184330289253,0.5050235885314972,0.5440212395466747,0.6690434782608695,0.6748835145329488,0.677223545124882,0.3614335662285616,0.6471346057141054,0.9665410528719882
1.0,0.6325181758096496,0.4853608930143966,0.6802595233710573,0.5089519186602781,0.5513690424905279,0.6222608695652174,0.6572738702758674,0.6739086564756394,0.3551819812661463,0.6313267010405658,0.9907892439322502
1.0,0.6705882352941175,0.4805805578311811,0.6499306980718436,0.5159448566737442,0.5564750491995958,0.6027828391585226,0.5693661711411878,0.6718446276770311,0.3588342530635526,0.5346188434157866,0.8577878103837466
1.0,0.6483807005948447,0.477097996658351,0.6318066671129345,0.5141579492988942,0.5558970406455331,0.5689909762100082,0.49457140744027794,0.6712272794267502,0.3610811072667118,0.4744123287143632,0.4975745641419715
1.0,0.6693985459352279,0.4775651350725397,0.6542192595245937,0.5134543484421465,0.5591873068000771,0.5870875634517766,0.5364839878707196,0.6745604420234068,0.3863150600336414,0.4918942966633243,0.6556361365928616
1.0,0.6181097157964308,0.4794487068531602,0.6863708749788986,0.5083057619797277,0.5564137874872793,0.5793147208121827,0.42792692848162095,0.6760355666949598,0.39885022291598,0.3567312235141962,0.610849266340594
1.0,0.5727693324520817,0.4819646229994815,0.724390450156313,0.5049744654094394,0.5542031197911264,0.5669416243654822,0.42927298276754666,0.6791743974157469,0.4375856036162529,0.3582174845315946,0.49209378407851706
1.0,0.5750165234633178,0.483345374392763,0.7440436031598712,0.5015191728103789,0.5525419897116897,0.5683692893401016,0.4198653945714075,0.6799759040064846,0.4497697083954453,0.3504662925643484,0.5920704159526411
1.0,0.5735624586913417,0.4832386205849378,0.755054718426279,0.5009409340128709,0.5498867121309275,0.5769352791878174,0.4435100954071444,0.6804075693073162,0.4597980731677137,0.33155281346346416,0.5763053655023409
1.0,0.5904824851288829,0.4831605422216155,0.7623023208428572,0.4993815827581177,0.5439216611950038,0.5864530456852792,0.4544634272612975,0.6793053829701967,0.4531470212212033,0.3415452486171422,0.6532949225783227
0.0,0.5944481163251818,0.4828800162548307,0.7675954512007159,0.4998283509827102,0.5345256649308211,0.5921637055837564,0.4769617631831965,0.6775935795096135,0.4437631741926722,0.36713222548267216,0.6454087144400437
0.0,0.6179775280898877,0.4834880576853437,0.779563947974353,0.5024622952420141,0.537642749920992,0.6253172588832488,0.4975075808002365,0.6755966783524411,0.4404486151852151,0.33903683882328084,0.7007202016564632
0.0,0.6118968935888961,0.484611396896736,0.7999478488525802,0.5008350577393156,0.5465129346944609,0.6399111675126905,0.4625471488795209,0.6721753119098679,0.4266665196411865,0.3478553948380029,0.5344256391789699
0.0,0.5628552544613351,0.4851454070801574,0.8124013449955612,0.4984611293647221,0.5467398572453326,0.6058058375634519,0.4818800384586939,0.670828039713401,0.426423954215988,0.3705675207414989,0.3623334533669426
0.0,0.5715796430931923,0.4841609364787857,0.8175808987818065,0.4997249496872266,0.5472651056906906,0.6021573604060914,0.4682419939353598,0.6708059380131204,0.4253060864772353,0.35728298591940444,0.3813467770975879
0.0,0.6076668869795108,0.4817787459926809,0.8080930544119119,0.5007909983244628,0.5468095666955695,0.6070748730964467,0.4599881665557282,0.6718744770274163,0.4353912238595539,0.3954056048536481,0.3411955347497301
1.0,0.635426305353602,0.4798594004315381,0.8009773106209188,0.5007060280546024,0.5364565311103212,0.6150063451776651,0.4772280156793134,0.6729113051325948,0.4456775350194714,0.3653214486445578,0.4053655023406546
1.0,0.636351619299405,0.4788189042899408,0.7965298594223003,0.5006306972598064,0.5378812756086664,0.620241116751269,0.466252496117151,0.6743017177492001,0.4632138163080058,0.3518492749665627,0.317680950666186
0.0,0.6729676140118969,0.4780833979900979,0.7961740996425304,0.5012652922518346,0.5460106953940506,0.6591053299492386,0.4214555136454405,0.6763319475730272,0.4827811661373128,0.3573443439226877,0.3056175729204175
0.0,0.6487772637144745,0.4770739846175839,0.7981252982429408,0.499509916830717,0.5423895639579679,0.6164340101522844,0.4145403446490643,0.6792353878083377,0.5069211258816093,0.34761169550437626,0.18602808786460165
0.0,0.6436219431592862,0.4760848359894,0.7965010323696475,0.5027246317094687,0.5428654723373767,0.6111992385786803,0.3949042230604246,0.6821202999752289,0.5267603962294606,0.3699569948092287,0.11776194437411833
0.0,0.6707204230006609,0.4743625919860549,0.7920502565462533,0.5024071257997129,0.5396761161415656,0.632772842639594,0.41393388063013065,0.6858501459752588,0.5524226076556883,0.3958819549417572,0.047679617637989086
1.0,0.6927957699933905,0.4716917829372204,0.7796815617650155,0.5061425264674027,0.5460854209590049,0.6186548223350254,0.4948672435470749,0.6898859389237941,0.5808874283849392,0.434346112099336,0.31273109407231525
0.0,0.7518836748182419,0.4698397973867275,0.7861741718396098,0.5100811820806613,0.5227767836340774,0.6653635652853793,0.5151172250573183,0.6925420353471201,0.6066416331360786,0.40758275898659735,0.2552348893619128
0.0,0.7329808327825511,0.4695421131743324,0.80551964737378,0.5106909643643011,0.5910314578560111,0.6597341673182174,0.4774277050514015,0.6946518827161037,0.630120405964569,0.413257828654886,0.13761694965595644
0.0,0.9866490416391274,0.4710589252282035,0.8394701752859879,0.5361050113017505,0.0,0.9820172009382327,0.6094667554174986,0.6980289953557257,0.6604631591304728,0.5491565590151701,0.8622478087236142
0.0,0.9616655651024456,0.4704141187108423,0.854156498482634,0.5307716910013471,0.6000395580484983,0.9893366786890392,0.5999852081946603,0.6950303756642873,0.6618556154526565,0.5383132383153408,0.7956018878688872
0.0,0.95743555849306,0.4685545841967898,0.8582170778215871,0.5307883557641203,0.4014889655079327,0.9993588716140408,0.6598180607943198,0.6926659265001303,0.6688401317359761,0.5859398081909447,0.9950547852225348
0.0,0.951487111698612,0.4657964968573369,0.8558432318415334,0.531374837107789,0.4908801189499794,0.9850503737406564,0.6485984764440501,0.6889187328670137,0.6782276960114791,0.574883299848958,0.9310361469041072
0.0,0.9496364838070058,0.4636349632943944,0.8526512194963838,0.5348516666692464,0.4982719959806766,0.9906756093571076,0.6340285481843059,0.6861254804693937,0.6889201927417692,0.5373593870965082,0.9665061390949704
0.0,0.21142857142857152,0.005521842195889359,0.015898016349714994,0.4729446720418272,0.5609649267736736,0.07965227224538833,0.4678574069965236,0.9659562272182702,0.5377748420304204,0.4763144021271154,0.743230347131098
1.0,0.20000000000000007,0.009067085115518349,0.014402992532350443,0.4746931256009399,0.5516601039684719,0.0739274860414163,0.38613268249389865,0.9642331834655355,0.5297164572990556,0.4679265584766255,0.4611734889340781
1.0,0.19921428571428584,0.010429559560953372,0.008274564332116041,0.4718649939569426,0.5473118516262733,0.046010318750441766,0.3628060054729676,0.9644842521509064,0.5302891310432448,0.447770734113793,0.3181794026995425
1.0,0.2071428571428573,0.009813857077447974,0.0,0.47290850172206894,0.5547831818760612,0.04339529295356562,0.3565268841062049,0.9659746458570416,0.5249281444849738,0.4402084269306477,0.1321872675098308
1.0,0.2230357142857144,0.012081040053778523,0.000905397234266858,0.4724472044611266,0.5639046573454882,0.05710650929394302,0.4434657199911249,0.9700291152895296,0.5456550005470402,0.4974789495067221,0.4573280901264736
1.0,0.22500000000000012,0.014939895476238309,0.0030453929376833555,0.4740831125105477,0.5519004080032054,0.07830942116050603,0.4626506915169,0.9710197879650908,0.5591668851349085,0.4623678411102949,0.5150653629503669
0.0,0.22800000000000006,0.01933008453107288,0.0005247626625248801,0.4744793267255627,0.5365285640056551,0.07724927556717784,0.4097330079136154,0.9692947052329804,0.5627074829108304,0.4091881204449082,0.31594749707726555
0.0,0.2176785714285715,0.025357683317919655,0.0013367777366634082,0.4756055983891042,0.5563891311062388,0.06523429217612554,0.4508468308557063,0.9689668322638608,0.5887988901685037,0.45033694049727613,0.08261363636363615
0.0,0.1942500000000001,0.033995127788923885,0.007560307249043552,0.47606129387884205,0.5503715967754158,0.06085235705703582,0.5735892315657123,0.971742937248634,0.5841647919937369,0.5063967400093614,0.09259326660600399
0.0,0.18160714285714305,0.04118565365573201,0.01829532246848253,0.4749815461017756,0.5486208511172069,0.06622376139656516,0.5699504474521119,0.9735570925936892,0.5651596984925521,0.5023443119577018,0.4446663104311396
1.0,0.1840357142857144,0.046392383365484464,0.02389922488944096,0.4743012310169033,0.5498072006952749,0.055268923598840856,0.5518009023001261,0.9740261188170138,0.5219906760836556,0.488313960957441,0.3324239952751934
0.0,0.1920357142857144,0.04966395854917094,0.028554671595694917,0.4770648792037426,0.5501660751118781,0.08255000353381857,0.6965017380371276,0.9750517675573388,0.4837327955346808,0.5699328416400281,0.6260370672441431
0.0,0.1844642857142858,0.05505104160677754,0.032048487597426845,0.4743326160209975,0.5710239925265131,0.06650646688811927,0.6901264699356552,0.9725084252467744,0.4419990758963581,0.5660015974645474,0.6763270084601607
1.0,0.15560714285714294,0.057922128558679065,0.03278914371252717,0.4699730402361776,0.5260926872107867,0.02982542935896529,0.6240736631905931,0.9709501354078494,0.4091012019727495,0.5637483105514669,0.5099953612688036
1.0,0.18778571428571436,0.058975983981804925,0.030715205827117287,0.4731062730906527,0.5599787095283929,0.06346738285391196,0.7231121958435025,0.974774305433501,0.4329067800699423,0.6268026954506941,0.6929380839831234
0.0,0.2158214285714286,0.060041568290827525,0.048306508851342016,0.474907035306243,0.5593144976700222,0.08318609088981549,0.595688188743436,0.9752932321397648,0.4320019588883568,0.5229377710834663,0.6651940535883886
0.0,0.21182142857142866,0.06287965763706382,0.06840156963348643,0.4756288387330218,0.5545653574524114,0.1016326242137253,0.6381184823607725,0.9770926377369497,0.4553875303831586,0.5653036582118603,0.798502352499392
0.0,0.21371428571428586,0.06818886990564899,0.09131129101794977,0.4761467972931087,0.5520470094813842,0.1060852357057036,0.6818208712373344,0.9746702867213192,0.4533688080306956,0.5501328792321709,0.8364957699189317
0.0,0.21392857142857152,0.07127134396447078,0.09392434778005664,0.4764637849074567,0.5282296108793857,0.1106085235705704,0.6590193033059684,0.9698930716661368,0.4547200793795288,0.5240053390173258,0.8448013076804131
0.0,0.2245714285714288,0.0718076424152938,0.09670282056914048,0.4750363811164652,0.5305085561022164,0.1243197399109478,0.7017898084461207,0.9640068289125427,0.43224539568866177,0.5514084302209274,0.8038479379735367
0.0,0.2421785714285715,0.0701717296458535,0.09401334297087588,0.4776908299824638,0.5297688869289626,0.1212099795038519,0.7849641298720516,0.9576826259678296,0.4062108035189416,0.553262683086693,0.8511850853747434
0.0,0.2592857142857144,0.07028365209637455,0.09595757503940744,0.4770834178547658,0.52905399774613,0.127994911301152,0.788610309888322,0.9532202726528952,0.3905163733475968,0.5564354630451874,0.8951662333819449
0.0,0.2505357142857144,0.07341580229003264,0.09993640300018723,0.476099713265286,0.5496393196207656,0.13004452611491982,0.6771762443606243,0.9470069114653774,0.3608426420243551,0.5053134967837652,0.9997849051192575
0.0,0.2407142857142859,0.07951528453563418,0.10859143998116877,0.4776201404392975,0.5574785484508314,0.12022051028341227,0.7257673249020042,0.941890162284852,0.3342199602144321,0.5308940457618934,0.906416704770614
1.0,0.21260714285714302,0.08439408231054313,0.11445605392530378,0.4736929070849714,0.5400743570734955,0.08247932716093011,0.6787885511426666,0.9364683851123228,0.3033343299950567,0.496055575849937,0.9186607732561082
1.0,0.20453571428571446,0.09007582140518557,0.1215373004854392,0.4706624693608781,0.5524925088831127,0.06502226305745991,0.6270763996745798,0.930308242831012,0.2769352036912404,0.5147808742570552,0.9330670634609852
1.0,0.20246428571428585,0.09695937435755164,0.12961919493323848,0.4711644611774081,0.5472497949901765,0.07583574810940705,0.7335626063161008,0.9226253177154032,0.2451889911294294,0.5609361254855841,0.9258126095028898
1.0,0.18014285714285733,0.10678027066996763,0.14501346768567336,0.4708665178081696,0.5593011059493778,0.06466888119301721,0.6578951261001401,0.9116645088252592,0.18090980133207674,0.5306990997734774,0.9835085313833032
1.0,0.15775000000000006,0.11706574697415005,0.16097087346897954,0.4683058956622772,0.5434652599629639,0.06481023393879427,0.635330227054212,0.9096107307582316,0.1754269054147909,0.5213566452659361,0.640760197775031
1.0,0.15496428571428578,0.12288801399617501,0.17030584328934628,0.4689592697165206,0.542244958928682,0.07780352503335437,0.540056208860291,0.9122802984896624,0.1908920018645288,0.4692378292372749,0.8772613320685668
0.0,0.17478571428571438,0.12461197502778587,0.17048072791183938,0.4685339423298741,0.5300648151850339,0.07938380403858161,0.44936765032172143,0.9154264435545432,0.2173346716193912,0.478635112835455,0.8251914086320201
1.0,0.1788928571428573,0.13387197068217205,0.1808979138538615,0.468338159807585,0.5431218064110468,0.07077926583859552,0.3457288662081209,0.9184932588670572,0.24095082205778875,0.4801856930661413,0.3105859805080943
0.0,0.1115357142857144,0.1475791600373293,0.200768000343911,0.4613009105758675,0.5275554068895772,0.07240351971177167,0.24896087567487615,0.9235832023811871,0.2852729479779078,0.4962846234615496,0.3005138033682672
0.0,0.09632142857142856,0.16430367698421922,0.22703679601037915,0.4634212899116056,0.5719530108667559,0.06404183328206703,0.2479550329117665,0.9292281038998867,0.3332730262810032,0.4962180052735194,0.3113365868713946
1.0,0.07617857142857154,0.17470646813730184,0.2433976245776103,0.4632957913797331,0.5252677855473822,0.051610541727672,0.19626506915169,0.932594243552734,0.3739224583445876,0.5233123846025852,0.2070654928387748
0.0,0.07025000000000002,0.1845608442946327,0.2568902313132257,0.4645748418574538,0.5227160332592995,0.07112107094415288,0.3220915612750538,0.9390563659002706,0.4309957507983508,0.5183415819295429,0.4772711205372921
0.0,0.06985714285714284,0.1895527613137289,0.2632130065162906,0.4657715193839517,0.539527271090115,0.08523146127607535,0.2760076917387766,0.9385624086446036,0.4351827704724064,0.5013401425946644,0.4825379992930354
0.0,0.09575,0.19378839237626533,0.26671407406791864,0.4660439632090144,0.5712528741991894,0.09001233045622686,0.3027364839878708,0.9377682404096196,0.4316417583385007,0.5144667105153115,0.3861240582034449
0.0,0.06575000000000009,0.1965589407431505,0.26669102314868043,0.4626726065179018,0.6131305376960017,0.06284089590344666,0.3594778492715039,0.9359953556388094,0.3950370120240753,0.4889408271962859,0.4439098548255069
1.0,0.04032142857142862,0.20384168840998407,0.2712653231386252,0.4522755179637572,1.0,0.019206220262272262,0.35488499371348303,0.9346121034885844,0.3877024574037666,0.4853612385664646,0.3163267010808739
1.0,0.023214285714285743,0.21315919329769215,0.2804641034265499,0.4516546923016749,0.6209089313326432,0.005570384124405208,0.2635973670586496,0.9355953591689988,0.3932558934729576,0.4885765986730897,0.16425266041864994
1.0,0.0,0.2231811104220436,0.2922945402516762,0.4497674796595105,0.6076910197462272,0.005579021725027757,0.30902300125730353,0.9415157353826179,0.45030684243707103,0.4615479050614511,0.1857030688785309
1.0,0.006892857142857256,0.2307911340347799,0.3016433029724863,0.4519338124143507,1.0,0.019848757856504418,0.41487316026921095,0.9477037459044066,0.5011582068114853,0.5067313703978429,0.4287241684625538
1.0,0.009178571428571591,0.2350715168588073,0.3085072366039129,0.450068969298472,0.6623350237479855,0.001135073779795703,0.28093336291694376,0.9499691887460632,0.5275540350080806,0.4798757617956039,0.21620808900917166
0.0,0.016928571428571626,0.2412274505005396,0.3146390380333813,0.4521851786552108,0.632247673879235,0.004327267516836198,0.32906589749278936,0.9564414984173392,0.556197954874171,0.5021940222247199,0.3303763845035837
0.0,0.010750000000000148,0.2438970489941945,0.31266513083894315,0.4530772988448464,1.0,0.01202973387051015,0.4188299681976189,0.9600342756672562,0.5601424667575234,0.5022804845766878,0.4401510215673503
0.0,0.04467857142857157,0.2464069261884545,0.3073092665805722,0.4575855062235653,0.6061962580622445,0.008057651932134152,0.3184453812587826,0.960632915223653,0.557105748742888,0.4257437706394667,0.19395579612088465
0.0,0.0464285714285716,0.2472682967111097,0.3002816764627108,0.4563938147719101,0.5201021411510612,0.0024035710198008564,0.3377338954219361,0.9672474372053608,0.5928919954838897,0.44085300522586623,0.16263218563624576
0.0,0.045535714285714346,0.24813132353807976,0.2939472869399122,0.4565748548040426,0.5195047470389614,0.00497939560439563,0.3164854670512538,0.975732645387038,0.6584844941934114,0.4210638413527434,0.059322741776508474
0.0,0.10914285714285732,0.24544696033125304,0.2785289708139849,0.4651144009030561,0.5616841178447598,0.005741626794258421,0.4365357591894091,0.9882129146598242,0.7571057542838184,0.4942262067081685,0.06515601783061017
0.0,0.14182142857142865,0.24287479103067056,0.2630481692418816,0.4669364366387819,0.5581913383744399,0.014413875598086106,0.5078692404407964,0.9954380491114628,0.8269286771774136,0.5495213147702578,0.1865141481035523
0.0,0.14228571428571435,0.24477712223631246,0.2575732644944357,0.4681663412507621,0.5763631588456696,0.02930622009569381,0.5591968049700463,0.9993991663093679,0.8981530245380854,0.5455851409179302,0.3336544250451514
0.0,0.14667857142857155,0.24860350312218535,0.2580501949105963,0.4654332771653054,0.573519595844996,0.035586124401913895,0.6387397381850454,1.0,0.930516273621946,0.6327820264204569,0.7126429861529197
0.0,0.16078571428571434,0.25092464287086114,0.2571809125545994,0.4640987558343353,0.5847758362620549,0.039772727272727314,0.7282005768804082,0.9961854005565632,0.9358755720022154,0.6553076933757574,0.7589102950030095
0.0,0.16635714285714293,0.25363894800126885,0.2558549071922948,0.4614697847255815,0.5949072702089296,0.04437799043062203,0.7610531765401967,0.9899797813143864,0.9038031098608592,0.6392159289748066,0.8457104017722284
0.0,0.16442857142857153,0.26140991884382503,0.26548122643081024,0.4613656167389471,0.5954418886762111,0.045873205741626816,0.7900673027142959,0.98295041460211,0.8741178295681926,0.6560619140187768,0.8321155917755598
0.0,0.14350000000000007,0.26939976908304963,0.2726980661720107,0.4599476767285069,0.5865671868620752,0.05729665071770335,0.8999926040973298,0.9772513799062932,0.8652102176390277,0.7178663349292791,0.9860246751828792
0.0,0.140357142857143,0.28095968548921313,0.2855296598419163,0.4587019578927701,0.5625121709640543,0.049880382775119636,0.7834775534353966,0.9690057541740388,0.8405178963172133,0.6389752386954207,0.9992632448482957
1.0,0.09739285714285716,0.2897440739801316,0.2912529100238618,0.4550708686389954,0.5771595430354095,0.02930622009569381,0.7515864211226979,0.9648775389071332,0.8352981774489907,0.6682315969669332,0.9735161352285808
1.0,0.09400000000000007,0.3007222051194225,0.3045995678609808,0.4549888211940826,0.5626429667554923,0.032595693779904324,0.6826640041417056,0.9595069499448194,0.8104114048638955,0.6610562481027852,0.8525478030919451
1.0,0.07964285714285735,0.3068383321208241,0.30901112736559205,0.4568615602491836,0.5774727626199327,0.029844497607655562,0.7504696398195396,0.9558758349414151,0.8034206338065615,0.6732771537196911,0.948975378103545
1.0,0.09299999999999996,0.3155007443010021,0.3191254142999489,0.4556580643776094,0.5821364889411123,0.04055023923444977,0.7357961689224166,0.948230423414357,0.7579873497641254,0.6660294058782708,0.8235946936457946
1.0,0.07110714285714304,0.3242825995539216,0.3308217750484385,0.4537977069907725,0.5912312959627325,0.044437799043062234,0.8249833592189929,0.9428734556706851,0.7246886815366796,0.6708379634753469,0.8505908452936114
0.0,0.06153571428571425,0.3329439239616421,0.3483301846088981,0.4535284514494745,0.584073550528718,0.05281100478468899,0.8578433547814517,0.9380143071680124,0.6852793304497611,0.7172561088782302,0.9754141627415956
0.0,0.06725000000000014,0.33814715081245605,0.35697423417102625,0.4538340888151056,0.577437379054879,0.04844497607655508,0.8110568744915314,0.9323978495691684,0.6747844083878811,0.6460043760950248,0.997576621525302
0.0,0.06900000000000006,0.3403393887662776,0.3543883201618833,0.4539780156363297,0.5829768755936837,0.047547846889952165,0.7811404481917017,0.9270609228900372,0.6934228214586755,0.6320519520935812,0.9417225150194116
0.0,0.07696428571428582,0.3447389673231871,0.3540979791536402,0.4548682107022882,0.5928012773626922,0.04545454545454551,0.7301235115745879,0.9218874842447646,0.6776321097256499,0.6232145252307764,0.9164768907107396
0.0,0.06996428571428592,0.3466097406010817,0.3516929264837717,0.4543696230428017,0.5837947461072349,0.04784688995215311,0.6981732120405298,0.915791474032268,0.6475725670804928,0.6058514823166734,0.8623578832016805
1.0,0.08635714285714302,0.3503031691957119,0.3563417369801801,0.4556276615733733,0.5722488123446527,0.03827751196172252,0.7329117668811477,0.90888145549624,0.5835942015669809,0.6268816111946875,0.7867677275010263
0.0,0.09275000000000022,0.35256132391092554,0.35720270694556844,0.4576877167020443,0.5821358213100407,0.05675837320574169,0.7947563050070265,0.9016002129805992,0.5376769947051877,0.6213766628437476,0.8398931555636728
0.0,0.10425000000000018,0.3556648405683005,0.3607356223146913,0.4562910962080624,0.5839002273668485,0.07033492822966511,0.8369425338362545,0.8938390085606294,0.4745837397075599,0.597019997389189,0.8827748360072696
0.0,0.12121428571428572,0.3584455775276425,0.3680888640759544,0.4552522422048165,0.5826246421748678,0.07505980861244017,0.8278529694549224,0.8833824330015678,0.3850362290046143,0.5932183241050552,0.8544582968795561
0.0,0.11314285714285732,0.3558504400271423,0.3633118321519832,0.4571079390747214,0.5807282239016776,0.0670454545454546,0.9530729975593524,0.8746893230241715,0.31506224766218105,0.6067634599709493,0.90215108508878
0.0,0.15525,0.3525042898317889,0.35776255194573475,0.4630004861987612,0.567959709014064,0.06315789473684212,0.8252348199097705,0.865041096755385,0.2586108732947794,0.5667346229152864,0.9713827881987004
1.0,0.17160714285714296,0.34825955124408137,0.3456371527659353,0.4646900021206777,0.5664675042950168,0.0552631578947369,0.7544190518452782,0.8606649628885201,0.2377725153455347,0.5582141075024853,0.9754761335564596
1.0,0.1739642857142858,0.3500315000103333,0.3432837961704184,0.4648871988845824,0.5893135716816524,0.05364832535885168,0.7356112713556692,0.8562574872527657,0.21275711436046288,0.5500945643765001,0.890476383211236
1.0,0.16350000000000006,0.3553845206055719,0.34489304963512346,0.4655466296121827,0.5685644133251176,0.038636363636363684,0.6560757340433402,0.8521796049752639,0.1808000604998881,0.5533218393064963,0.7218197272028172
1.0,0.16953571428571435,0.3597717796704889,0.34505272938713577,0.4677088569855036,0.5743619740591958,0.05921052631578951,0.7007100066563129,0.8514036892617283,0.1723124491739088,0.5912307212411785,0.8827255433682767
1.0,0.1828571428571429,0.3638091093415337,0.33969337037730224,0.4660777446793822,0.566687274218484,0.0604665071770335,0.693669107314548,0.8484702999452769,0.1487389808408771,0.5843936395829128,0.8847290241631928
0.0,0.1874285714285716,0.3668271774690073,0.3346509580711585,0.4671806669421768,0.5686253954708043,0.0687799043062201,0.6523851786110492,0.8454462041995818,0.12641718800135465,0.5475174605900363,0.931335249119682
0.0,0.1871428571428572,0.3716521565995112,0.3326195418602178,0.4668547986140804,0.5690520332061838,0.06578947368421054,0.5765032172176615,0.8399989993318668,0.09430049317434892,0.5475044127153441,0.9215298687567512
0.0,0.1821785714285716,0.3822711180471285,0.35223371047006435,0.4694100741058917,0.5955755215695189,0.0607057416267943,0.6138451297980918,0.8371562607982048,0.08198909451940589,0.5699026929339495,0.8554715333164777
1.0,0.12817857142857153,0.4055136729641171,0.39421635824494106,0.4653289576653393,0.5893307168602349,0.045035885167464124,0.4292212114488571,0.8350217057710052,0.0704896720786401,0.5021915594353031,0.5836991748454259
1.0,0.02846428571428572,0.4308999739678565,0.4395865139438988,0.4586167489099802,0.5938654827079638,0.0375598086124402,0.3809703424302936,0.8385700291026337,0.08486280859679074,0.476582722861989,0.5874704491725764
1.0,0.016107142857142986,0.4453052125042745,0.4609754610179689,0.4579441381368716,0.5948330828841341,0.040699971775331696,0.4386435914503368,0.8392658506746571,0.08202002779702383,0.4592191909199774,0.6950723660648456
1.0,0.05621428571428577,0.44756048734042253,0.4624930904069618,0.4627710918855164,0.5697374705089956,0.03545259835418784,0.4665113527105982,0.8349270532899362,0.042016122367831865,0.4771991427285857,0.6630290517622774
1.0,0.06314285714285728,0.4466884533514004,0.4599028820618346,0.4644841152941591,0.5982554021709008,0.04830346071468835,0.5732564159455661,0.8339710482938059,0.03675345886348708,0.4908034966691314,0.7838287652474358
1.0,0.058642857142857115,0.4507343446046552,0.4658763732635913,0.4613761129597008,0.5944284399138158,0.027956261977229214,0.4273056726573482,0.8311139455407304,0.013448029185500364,0.4636253599953506,0.7803948005983109
1.0,0.05607142857142866,0.4515002878650825,0.4624601016988803,0.4596242299721211,0.5259372971485959,0.016965392853116924,0.3673249020042897,0.8306379964024624,0.01970395269747266,0.47839828701739295,0.5742227671861407
1.0,0.07917857142857143,0.4543630665661506,0.4620814843389698,0.4622562328256413,0.6087346466876893,0.011779957163792149,0.30201908142888834,0.8299561332870204,0.0,0.489900365185132,0.4548690768135429
1.0,0.07364285714285734,0.4535863157310569,0.4537897506899045,0.4618342330229409,0.5484586771103179,0.01318904294893475,0.2515124620959988,0.8333949697766576,0.010952593130705124,0.5098384693197302,0.3312960859610222
1.0,0.11464285714285727,0.4552661280287951,0.4519708226247816,0.4647498231175908,1.0,0.02609626874084099,0.1561570889727088,0.8392476771894204,0.0351752625898471,0.5275275249401644,0.29006031562422474
1.0,0.10935714285714304,0.4562277335189315,0.4477971799909943,0.4614564333838238,0.5390269798927649,0.005523616277759011,0.0,0.8454555801739461,0.06043861289644802,0.4532209385115417,0.03703982874544067
0.0,0.11467857142857152,0.4605059853446398,0.4504514500565498,0.4630760367604085,0.5503742115579563,0.007123724853251269,0.07221359366910696,0.8559028663829801,0.10755230595308383,0.4363354551575525,0.0009082217973226717
0.0,0.13067857142857148,0.466747939707767,0.4533734886535526,0.4622784325445635,0.5743309604337806,0.004561464287776385,0.1309814362842982,0.8645243302884129,0.14250466704533832,0.4094945963180941,0.0862495860209112
0.0,0.12639285714285725,0.4719632346012737,0.4555334663811112,0.4623506080491072,0.5217670081261927,0.005054025792959245,0.07996449966718439,0.8714924588387303,0.1910563831390304,0.4308184462664726,0.045740260129914605
0.0,0.13503571428571445,0.4788656904740047,0.4622602671133848,0.4602573458006528,0.5113211114630025,0.0049145799204306315,0.11587900303231975,0.8804721087532108,0.2503516402644739,0.4023566134467396,0.01328732221756342
0.0,0.13253571428571434,0.4785142862865022,0.4584481712276151,0.460142959469169,1.0,0.006845307746314074,0.12881443680201116,0.8886889897829133,0.3047879842281779,0.4078952861010608,0.04418357145160709
0.0,0.17621428571428582,0.4753963535932639,0.4510726210031269,0.4661358506240762,0.4652191079626269,0.000936110461034382,0.13382885881221795,0.8979944140117571,0.34813892122925083,0.410182159107548,0.06113135743541754
0.0,0.21985714285714295,0.4717867161017586,0.44147422548641374,0.4703856251090877,0.3330064574896066,0.009675107501194484,0.1684860587234676,0.907676921446104,0.3893197828435302,0.4265211788022129,0.10060926584359263
0.0,0.2273214285714287,0.4738920295624922,0.4426414244961715,0.4703320352649677,1.0,0.01993295821860408,0.2071592337844831,0.91460482992724,0.4100124390849291,0.3964688224632563,0.1780092551233719
0.0,0.2167857142857144,0.4797417790986636,0.4495887854095616,0.4709090688529603,0.24135383479524705,0.002334490602178861,0.19076991346793928,0.920137918157129,0.4138841267096592,0.3733479584156051,0.036448748414301714
0.0,0.2513571428571429,0.4879854606134708,0.4586983746219516,0.4787476478730616,0.32743422226836044,0.008899624944377378,0.2889505214111381,0.929280400833388,0.4502574690089365,0.3759303420394178,0.17973777348777348
0.0,0.32557142857142857,0.4957536465442973,0.4670316772158613,0.4938734965138146,0.5172068572506836,0.02742175856929939,0.33863619554766605,0.9353244032554956,0.4756162816417734,0.4060632860863012,0.3299549549549543
0.0,0.3190000000000001,0.5002115721182739,0.4692722643416105,0.49633485697884905,0.5169219272237328,0.018479880774962664,0.3381480659714513,0.9383504048901591,0.5108852909125837,0.4050355454066487,0.3069095881595875
0.0,0.3260357142857144,0.4999933633797937,0.4606319763839356,0.4973695303667463,1.0,0.017660208643815022,0.3433325937430667,0.9423097861275632,0.5318405175834011,0.4086371047375167,0.2005509974259981
0.0,0.3436071428571429,0.4986901165044382,0.4496480248699861,0.4998404107625935,0.4911974308540383,0.011326378539493157,0.2669846904814732,0.9478640005749116,0.5713986829908555,0.35935914387148205,0.025619369369370724
0.0,0.3683928571428573,0.4998412673474013,0.4443114828541496,0.5006210648824923,0.5514138733345576,0.022769089236430527,0.446490644183122,0.9584673569295374,0.6354690214293552,0.4751096556358057,0.2700783421784172
0.0,0.3640357142857144,0.5024865258567388,0.4492883104568381,0.500467545217219,0.5446970072801738,0.037718491260349485,0.4447008357370017,0.9619795705381846,0.6693595860920043,0.4733131311011958,0.2508264570372482
0.0,0.3732142857142858,0.5066907172516393,0.4568322348473296,0.4982391593210333,0.5454570423611291,0.0444648880711439,0.4887064566230309,0.9671294106476818,0.7111562743743107,0.4756605572517622,0.07945729568882845
0.0,0.3757142857142858,0.5060524012674141,0.4557190704154473,0.4990814592172052,0.5504681340447359,0.06401410610242253,0.4855705938909846,0.9713214118514396,0.7628789460077359,0.4723610716342165,0.15756845796875402
0.0,0.4097857142857143,0.5039552297042096,0.4490192985860208,0.5008816363777999,0.5821824029573621,0.08218337933149338,0.5866577915834625,0.9752402612925511,0.8135532733047379,0.5566430795231213,0.5391184573002739
0.0,0.4349642857142858,0.5034239529218643,0.4453471854253625,0.5013287784581761,0.5733672241697785,0.1016559337626494,0.6574735596479548,0.9750037360267972,0.8394348380337244,0.6231579688263259,0.7759543486816206
0.0,0.4115714285714287,0.5053954400871454,0.446055592956514,0.5016834829443595,0.5781744501186016,0.0955228457528366,0.618038606611937,0.9713988690818188,0.8250225646647342,0.6113639347127645,0.6941106400868854
0.0,0.41317857142857145,0.507608154300422,0.4468115981597264,0.5017696844585179,0.5584363394489297,0.08923643054277816,0.6686709562902153,0.969118865965172,0.8176933839555965,0.6602203586592442,0.6614231160004196
0.0,0.4313571428571429,0.5072475250525403,0.4438639519919769,0.5009264908831436,0.5748105665526256,0.0954461821527138,0.713578877301975,0.9646939848200328,0.7929329454279495,0.6961903104313172,0.8513124721933852
0.0,0.4298571428571429,0.5088304896082909,0.4443723395214582,0.504371937946647,0.5722860771555787,0.09253296534805268,0.7708453516751724,0.95858638457363,0.7724165449227303,0.7357706982580559,0.8047802500196558
1.0,0.4196428571428573,0.5123944964796152,0.4476227729357453,0.5030183459887917,0.5778195528551084,0.09460288255136462,0.8204200872716518,0.9527090715633622,0.7515679650025702,0.7237981299003231,0.8399103040429139
0.0,0.4264285714285716,0.5195995693462641,0.45614566840781,0.50050054682095,0.589858111369903,0.1084789941735664,0.8268619184971522,0.948652425308146,0.7474753709964279,0.6852986038760843,0.867078379314325
0.0,0.4032500000000001,0.5275368380541101,0.4673904539385793,0.4976788064630432,0.5926779684740382,0.11898190739037112,0.8073663190592409,0.9445955063348932,0.7393558643255029,0.628954903970663,0.9296988990582298
0.0,0.3997142857142858,0.5327998006454644,0.4755619553264245,0.497886349995873,0.5793190586724354,0.14957068383931302,0.8225057318245693,0.9396890701685016,0.7347119258130155,0.6383583639466672,0.9797005939305192
0.0,0.4066428571428572,0.5369797719071872,0.4810458467112074,0.4981679864999056,0.5869001521117383,0.11951855259122968,0.7601360846091261,0.935454382072444,0.7502002745064351,0.6232223505963187,0.8838075810245403
0.0,0.3910000000000001,0.5455514864235784,0.4853434868109119,0.4964535829324545,0.5891533362916337,0.13216804661146891,0.6648546705125362,0.9312307901631836,0.7570928333860463,0.5337027713136232,0.8809766657646587
0.0,0.3387500000000001,0.5588204898175895,0.4958258183826581,0.4937826003333381,0.5837355974491479,0.12687825820300527,0.7661637452851127,0.9271285400807516,0.7668124868874411,0.5457876060810919,0.8966299619075376
0.0,0.32282142857142865,0.5687610917353352,0.5024833129081773,0.4956800169480242,0.5833476991962461,0.12649494020239188,0.7417942459877228,0.9190532726794192,0.7337204207802088,0.5753120792485822,0.9984071133089248
1.0,0.32289285714285715,0.5767435165848198,0.5136595200422321,0.4953038451348046,0.5906646121998942,0.11415210058264325,0.7234524073663189,0.9130318330052992,0.7265570214615833,0.566523466788941,0.951028817454238
0.0,0.3045357142857145,0.5829588082581796,0.5229470827604066,0.4941704526898588,0.5900799152451138,0.14803741183685984,0.7308039346202206,0.9070424114215332,0.7104099089981188,0.5740219342627292,1.0
0.0,0.2966428571428573,0.5881544906205658,0.5315321819976453,0.4964489772381073,0.5997815031235667,0.13354799141367665,0.7444937504622443,0.9006595985613328,0.6949860362815032,0.5830675169226079,0.9333352229245216
0.0,0.3295,0.5886340906891641,0.532116659980015,0.4977215241232423,0.6039429598656371,0.17831953388531116,0.7426891502107833,0.8947728562089696,0.6888081236410104,0.5807904778551318,0.9813017960893028
0.0,0.3472142857142857,0.5918862992997491,0.5364707934363125,0.4967559482782598,0.6048194680555684,0.20867831953388527,0.7303601804600252,0.8890208702303108,0.6853363033573627,0.5746729632740272,0.9100743337160808
0.0,0.3345357142857144,0.5954182299203827,0.5407384729766084,0.4959983522245103,0.6047199243148316,0.2375804967801288,0.7643221655203019,0.8822572588595003,0.6735033990550527,0.5524728126281357,0.9902909904868488
0.0,0.3305714285714287,0.5962458264171242,0.5418992873112947,0.494816583732586,0.6015740163950911,0.21289481754063172,0.8203757118556321,0.8741773368154366,0.6324712416038769,0.5829905688356279,0.9531652580124736
0.0,0.344857142857143,0.5939802469459314,0.5387264378979639,0.4962074978998342,0.5995426208225804,0.19434222631094747,0.7930404555876052,0.8665053140425802,0.6031238902059971,0.6206796875431759,0.8918802075145426
1.0,0.32935714285714296,0.5934990866165908,0.540904172331591,0.4969662407511149,0.5888301964474578,0.16199018705918422,0.7806301309074775,0.8616540041520422,0.595967828955443,0.604200032592397,0.9369595975475556
1.0,0.3100714285714285,0.5945457219176191,0.5437386811523087,0.4972843160053928,0.5856687680146108,0.13186139221097812,0.6876266548332226,0.8555755407754102,0.6021609191287939,0.5859200167891484,0.9704022569191108
1.0,0.3217142857142859,0.5938845497760568,0.5454932035101142,0.4987250064450778,0.5626950597930156,0.12741490340386386,0.6708897270911915,0.8514465848677804,0.6144179052108758,0.622570703738807,0.9316357799503854
1.0,0.31721428571428584,0.5921739144777485,0.5441422085079367,0.49667816555157795,0.5562061613353767,0.08486660533578651,0.5838769321795722,0.8461853456884032,0.6188271144012567,0.6123009738423506,0.6840799649788403
1.0,0.31760714285714303,0.5938310286671822,0.547644152825389,0.4965407964376333,0.5626330167078446,0.07919349892670967,0.5562088602913983,0.8442159964577078,0.6497263651555003,0.5921101929412425,0.5251228172576485
1.0,0.30900000000000005,0.596670427858391,0.5500394223751335,0.4955751072450008,0.5827038770995437,0.08057344372891742,0.5484283706826418,0.8446077320928074,0.679297805871445,0.6341072507452844,0.5130113332360532
1.0,0.3261071428571429,0.6026126042267439,0.5566657088068099,0.4945925334076081,0.5646161483656243,0.10288255136461197,0.5671178167295315,0.8459205816643038,0.7065752197495309,0.6502409881771394,0.65491998638066
1.0,0.3042857142857144,0.6045928035915504,0.5574398688970651,0.4957235027269549,0.5797065797853289,0.10042931616068686,0.5340803195029956,0.8447595283257596,0.7173942151001944,0.6717813023515972,0.5833211732088142
0.0,0.32342857142857145,0.6069036860045398,0.559078915580166,0.4983216181593552,0.5816661481908254,0.09927936215884686,0.5745506989128029,0.8431337143024984,0.7434268879578344,0.6573904725117052,0.6496181720900832
0.0,0.3463928571428573,0.6053919141650708,0.5524847172470356,0.4983512897509386,0.5715445452899097,0.13791781662066854,0.7131499149471191,0.8405364801847419,0.774798004167746,0.7426625532006522,0.959628386594678
0.0,0.349357142857143,0.6053603551005637,0.548717929645018,0.4984049628444791,0.5767430510077874,0.1256516406010425,0.5955180829820281,0.8328772745362567,0.7568378501405033,0.6925557354826936,0.8860370296103192
0.0,0.35667857142857146,0.6057578227920564,0.5463088011594367,0.4957485222106882,0.5766351623508665,0.12994480220791155,0.6255380519192371,0.8304208940963862,0.7626891938005433,0.6811072320139945,0.9600628300247316
0.0,0.3607857142857143,0.608847030087099,0.551939019540285,0.4926328942421784,0.5760554855560077,0.13331800061330867,0.5983433178019376,0.8260905752781096,0.7592585837042689,0.7017671872999766,0.8817749492971524
0.0,0.3458928571428572,0.6069142947686665,0.5463367702979733,0.4943939779205073,0.5724100046361983,0.12802821220484506,0.6128097034243032,0.822833058849679,0.7759377750307401,0.6728157387538778,0.9362141408287464
1.0,0.3800714285714287,0.6006616698915472,0.5328065003513437,0.4987293186276237,0.5696547111820226,0.10702238577123584,0.5701575327268694,0.8190197301552955,0.7847695360901157,0.6312405310887711,0.7672060753051562
1.0,0.4183571428571429,0.5910721772320198,0.5109332923137002,0.5006665418692561,0.5782111845822483,0.11031892057651012,0.5707196213297836,0.8161105788631888,0.7804093036528299,0.6320004920234938,0.7905848674008985
1.0,0.4282857142857145,0.5842934088840561,0.4964396900992825,0.5019305104427384,0.5762789222702631,0.10127261576203622,0.6213297833000516,0.8129332774717672,0.7790900962639051,0.6822286083862201,0.7314222098524905
1.0,0.4495000000000002,0.5806740613112034,0.4868097177562991,0.50512026264289,0.5595019360112025,0.10104262496166824,0.6085644552917681,0.8094334309754299,0.7703770670617154,0.6713719465247588,0.6533736233151753
1.0,0.4505357142857144,0.5836643471933756,0.4875438147846677,0.5047453775888079,0.56993551197573,0.07566697332106717,0.5488869166481769,0.8089868413648118,0.8059440346547709,0.6071071068235205,0.3633258618849397
1.0,0.4206785714285715,0.5925447235031099,0.4970556254372947,0.501128382226023,0.571581839865004,0.09153633854645812,0.4929738924635749,0.8108468727976899,0.8513247668957573,0.52829349904442,0.3682712491550128
0.0,0.4144285714285715,0.6014652847508493,0.5101365169334282,0.5010389292236517,0.5747960964138096,0.1261882858019013,0.5655129058501587,0.8130328089626107,0.9062476357432052,0.569397939384487,0.5095883587718352
0.0,0.4178214285714287,0.6089348817741795,0.523008183244097,0.5010859655431297,0.5762880965867959,0.10702238577123584,0.6181051697359664,0.8117741825237106,0.9504725168740636,0.5930165694712118,0.6802220087522673
1.0,0.3654285714285716,0.6170818568195084,0.5368264908675084,0.496399348292248,0.5608845946900862,0.054737810487580384,0.6554322905110566,0.8088814027625209,0.9609695721602602,0.5826900991314816,0.7125630571487787
1.0,0.3433214285714287,0.6303961468706882,0.5610196489139538,0.4940039869917749,0.5509098965508624,0.06370745170193193,0.7017528289327717,0.8051359488162293,0.9653627082654632,0.5819447703814165,0.7861860908224834
1.0,0.32210714285714304,0.6387777365113411,0.5790377687072696,0.4916589587975869,0.5718420394302465,0.06715731370745162,0.7108128097034248,0.7992627639742649,0.9304957851268424,0.5901282507606921,0.7383639509020521
1.0,0.33096428571428577,0.6482785641164561,0.6030407524814921,0.4927621687040478,0.5460926366526866,0.0643207605029131,0.7999186450706313,0.7954739546740901,0.9389621822957824,0.6028244236154822,0.7998795798675384
1.0,0.2957857142857144,0.6578635552611183,0.6211116142397427,0.4925544914488754,0.5852778795617791,0.06286415210058255,0.7876636343465724,0.7921003899311554,0.9563260911480138,0.5733965259571362,0.8835617845913568
0.0,0.2832857142857144,0.666081670919751,0.6346709600402011,0.4918840353750627,0.5695125376641171,0.08601655933762647,0.7625101693661709,0.7877437891863956,0.9969462185040529,0.5272149503642243,0.9148599494461678
0.0,0.3128571428571429,0.671464961104189,0.6410014489782384,0.4922320378502589,0.587632806243737,0.10265256056424396,0.81213667628134,0.7799557882082382,1.0,0.5581244195644273,1.0
0.0,0.31578571428571445,0.6733508925873934,0.6440128738671576,0.4934513260147885,0.599951119125598,0.13822447102115915,0.8544782190666376,0.7714321997123585,0.981718252016592,0.583751933567645,0.8772865527138758
0.0,0.3157142857142858,0.6763792560621602,0.6491192661238385,0.4932994135634043,0.6012115606416534,0.1333946642134315,0.8740551734339176,0.7670314138677989,0.9575960168657374,0.613947009105651,0.9504410212370052
0.0,0.3310000000000001,0.6784638091942936,0.6511144758360177,0.4916651263904482,0.6018971811026279,0.1431309414290094,0.7888617705790995,0.7616542934730803,0.9250367284863056,0.5573360206626112,0.9559843400447432
0.0,0.31660714285714303,0.6802534694655981,0.6506745864364532,0.4931378338075794,0.6062161419783767,0.12480834099969335,0.8516012129280381,0.756325821948107,0.9077656822167957,0.5330125410979605,0.95909768829232
0.0,0.33460714285714305,0.6838993206852231,0.6539587906348314,0.4921852323304405,0.6093266990631487,0.15562710824900344,0.8640115376081652,0.7486278126108361,0.8637121442328562,0.5393669653842977,0.9592917362975756
0.0,0.33178571428571435,0.6875520164518396,0.6573303411197162,0.4955445037318496,0.6013026359814606,0.15363385464581408,0.8499223430219658,0.7412936716016005,0.8288301003609693,0.5829639819407041,0.9445706667668092
1.0,0.31085714285714305,0.6895320179703086,0.6582049965757771,0.495949905402299,0.5941901340317111,0.12626494940202387,0.8843354781451074,0.7349592284097948,0.7969430607377048,0.5448887782496776,0.9847683274228232
1.0,0.3199642857142859,0.6902808558180014,0.6521875276634361,0.4966168206432169,0.5962247129590114,0.10947562097516098,0.7832260927446199,0.7272739503101866,0.7740954592870397,0.5310378322515632,0.8373561792821846
1.0,0.336607142857143,0.6895262976175163,0.6430970040416538,0.4952772082468541,0.6007923492341896,0.12358172339773076,0.7847348568892836,0.7223695172356823,0.7802109998505571,0.5318526072391608,0.8328340552195239
1.0,0.3471428571428573,0.6934883355403052,0.6453030548079548,0.4931193695523343,0.6043866076821057,0.13646120821833801,0.7957547518674658,0.7150142981080749,0.7745053560174604,0.5375803261028925,0.8116926482092777
0.0,0.33460714285714305,0.6968293272549695,0.6478883838189797,0.4921427787703167,0.6064900451585838,0.15386384544618206,0.9046372309740408,0.7071164467757621,0.7370156060807775,0.5643058236249588,0.9585948978228932
0.0,0.35707142857142865,0.6980420292460678,0.6507158108693438,0.4915741296324793,0.6017026457282556,0.17210978227537552,0.8748613268249394,0.6949194804357028,0.6741932421714039,0.5530704776593676,0.9824309721652952
0.0,0.3691785714285716,0.6966570994682497,0.6455316302350205,0.4927228765013015,0.5994671767423413,0.15455381784728606,0.8979809185711116,0.6823138580319159,0.5671689739667771,0.5646605876845664,0.993641640571298
0.0,0.3575357142857145,0.6971322016237869,0.6486301316275828,0.4944258727982674,0.5993980669594887,0.13408463661453546,0.9845203757118558,0.6725138654778648,0.5167147170918793,0.6036185309034658,0.9712132279699844
0.0,0.3630357142857144,0.6990074182797974,0.6521782178419242,0.4915730072798511,0.5946244245346844,0.14451088623121736,0.8161896309444565,0.6630622474172148,0.4696198548321775,0.5124633293131329,0.962203860305984
1.0,0.3625357142857144,0.6967435152458847,0.6520645770471896,0.490829934592763,0.5784705555374792,0.1192885617908617,0.8031876340507358,0.6574659664555011,0.4727883923082806,0.5082963553221135,0.9848906208484638
1.0,0.3772500000000001,0.6950485224628928,0.648265201628828,0.4920234450722934,0.5793120682821432,0.08808647654093843,0.7343317801937725,0.6495661192653437,0.4553438322773919,0.4808275601150728,0.8
1.0,0.3833214285714287,0.6964315308315396,0.6457641141548085,0.4931532283285805,0.5763570288529797,0.1051824593682919,0.7708083721618224,0.6448676195969316,0.4396736675124479,0.5089784232221323,0.8900516913031652
1.0,0.3712857142857143,0.7015164379731287,0.6458898977469357,0.4953405751885509,0.5538206894859683,0.1021159153633854,0.8330227054211969,0.6352369636452586,0.4073283242858366,0.4950439065982821,0.9793597533327294
1.0,0.35514285714285715,0.7070066216724462,0.6495159376410484,0.4958948036180898,0.5803496280937128,0.06838393130941417,0.9046963981954,0.6242545259812617,0.3546704965599685,0.5306200806673516,0.983891658114646
1.0,0.3527857142857143,0.7116900852341144,0.6565670986590999,0.49572434860338,0.5729206240213057,0.07267709291628326,0.7578729383921305,0.6167622577097298,0.3296019351605704,0.4971696802356238,0.7811755509231684
1.0,0.3409642857142857,0.7134888129140848,0.6611027809511434,0.4971859214677349,0.5857297326649079,0.0506746396810793,0.6994674950077657,0.6170666911629206,0.3425946631016312,0.4532293035576046,0.786982578916021
0.0,0.40200000000000014,0.7160152813555754,0.6643061861502022,0.5031083713845198,0.6009477292551519,0.13477460901563945,0.7362473189852822,0.6178857213472506,0.3424877869187598,0.4754140561893678,0.9670562835020842
0.0,0.38235714285714295,0.7199241249389585,0.667596047904643,0.5036007012191204,0.6005519434649278,0.1098589389757744,0.5894904223060425,0.6132602937095553,0.2987735330689682,0.4468572987343766,0.9601777699551176
0.0,0.3692500000000001,0.7235132180124655,0.6705021013205595,0.5023159227343461,0.5978155296026992,0.1224317693958908,0.5890318763405075,0.6121686292351649,0.2928050813576341,0.4469243428916176,0.9050779510022272
0.0,0.3893571428571429,0.7252517230682582,0.6695022713526491,0.5047762090500263,0.5871749649432227,0.1084789941735664,0.5354929369129501,0.6111303390701976,0.3036599262867288,0.4185667279781891,0.9300445434298444
0.0,0.3777857142857144,0.7252805453897513,0.6659786147885502,0.5021017459779119,0.5916469676824282,0.07091383011346211,0.4436358257525331,0.6103766447847874,0.3287090374246249,0.4258950706479193,0.8232770883942837
1.0,0.38371428571428573,0.7288988825713902,0.6691074459342397,0.5033943821395065,0.5882250916222904,0.09452621895124202,0.4760150876414465,0.6090479232256021,0.3047205125114624,0.4406289133486939,0.8384339136544614
0.0,0.3935357142857144,0.7334681048835714,0.677696822313666,0.5012937539639751,0.5897069072269765,0.1116988653787181,0.5112417720582796,0.6039779595566563,0.24493082083815004,0.457308940901581,0.7979168621563288
1.0,0.3845357142857144,0.7377185739580905,0.6853401982047729,0.5034705837614334,0.5802970660313985,0.0985893897577429,0.5054359884623918,0.5975368616077403,0.16353532178382027,0.4545951107433999,0.749160176409871
1.0,0.3692142857142858,0.7416401594259856,0.6900618772430827,0.504404795541809,0.5804285846861805,0.07375038331800063,0.4855927815989942,0.5944928160487617,0.1391766879082536,0.44483597019264093,0.6173594820305899
1.0,0.3720000000000001,0.7446137600157177,0.6865940438497921,0.5046261239066654,0.5858374454327582,0.06761729530818761,0.3702906589749277,0.5936033513222354,0.1428485156942838,0.4445954196707744,0.5833911982734351
1.0,0.37275,0.7474543857255469,0.6819961837362404,0.5043638413389973,1.0,0.054967801287948384,0.3334368759707121,0.5971903389877982,0.1855177773398051,0.4247663594191852,0.4812799099183637
1.0,0.3483214285714287,0.750196716437439,0.6769660233481896,0.5030010119981465,0.5925015281408395,0.0071297148114075936,0.09010428222764556,0.5991816563492591,0.18823969347952152,0.3530415974934084,0.14768271219933976
1.0,0.3827142857142858,0.7568116551158729,0.6854270469547378,0.50523762510019,0.5959713948358168,0.05894606897615914,0.2834109903113675,0.6071203277230974,0.2265357764330248,0.3919198943865884,0.401064709380757
1.0,0.350357142857143,0.7642111945778973,0.6968326961147535,0.503762705542136,0.5876448871746565,0.03078466167733956,0.3134235633459063,0.6067192613698198,0.2293892681090463,0.4086907176547804,0.3682530933143797
1.0,0.3505714285714286,0.771513936414919,0.7081968305445501,0.5045321071856195,0.557505271825447,0.05832883265180135,0.267176983950891,0.6065614444501006,0.24945968211772346,0.4359746232685392,0.3365729122847736
0.0,0.3595000000000001,0.7800615466330525,0.7150778700073462,0.5056863931648855,0.5930147099610779,0.053776714759663585,0.3460468900229274,0.6086492484621975,0.2633254843543303,0.4306056966362977,0.3370515963387923
0.0,0.3342142857142858,0.7884147299096536,0.719571280704222,0.5029532556621825,1.0,0.06504127767919125,0.31884476000295825,0.6086633298410613,0.2319569387681427,0.4650454058630686,0.2864561423867476
1.0,0.30239285714285724,0.7993146619577374,0.7264977474034435,0.5008270338161067,0.558700875405173,0.014499496006823325,0.23359218992678046,0.6121933629080699,0.23141064220387844,0.4021409561916625,0.002117313785903468
1.0,0.29489285714285723,0.8068895708840489,0.7345949332016424,0.5000268155886558,0.4825432479293512,0.009142767836211513,0.28338140670068784,0.6220990870305123,0.230466103257186,0.4243841225639508,0.02091396975117926
1.0,0.3045714285714287,0.8106496473929203,0.740590752403141,0.5018361426581365,0.5210257159981226,0.004252787625915445,0.3807410694475261,0.6319376923965894,0.25702330183140554,0.4294914113646137,0.08375625572707363
0.0,0.33125000000000004,0.8104549361446841,0.7390610430166968,0.5021400021109266,0.5291873269502303,0.019964578972790126,0.3949633902817839,0.6416987176336735,0.2747716734936171,0.4372514644957389,0.046088991084755136
0.0,0.3701428571428573,0.8103106027350271,0.7308344695926611,0.5045576712373184,0.5936380137670931,0.0034185112383557435,0.3688558538569631,0.6517141989117088,0.327495680114992,0.4269861141844147,0.12978102189780946
0.0,0.3755714285714287,0.8122460303770236,0.7279511157799459,0.5056428672428497,0.5224706237849386,0.019967435084411792,0.3349530360180457,0.6566438094747775,0.3370472867308489,0.4560946712659299,0.0581995133819942
0.0,0.4028214285714287,0.8143494790945519,0.7298143716342256,0.5102769907098313,0.5812998368016371,0.029917250159134226,0.4831373419125807,0.6608862865866267,0.3300213485399396,0.4905655001739478,0.25577517288734153
0.0,0.4295000000000001,0.8158898338941194,0.7337519398888905,0.5105852911934906,0.559851648052129,0.051377648449577186,0.539997041638932,0.6613114919002092,0.32017349182169696,0.5226190050732307,0.4588013144342538
0.0,0.4264285714285716,0.818333177340119,0.7365740589947962,0.5139033261647705,0.5416185142264388,0.05001364008365917,0.569255232601139,0.6630380124654864,0.3425288043185037,0.4888779390122708,0.4823924665260678
0.0,0.4073214285714286,0.8231952095434805,0.7426815504933144,0.5145590457917141,0.554572456235107,0.02364281167591156,0.4277864063308928,0.6654700038201964,0.3883621069149139,0.4624812165557535,0.3547746333807445
0.0,0.4156071428571429,0.8292295891413812,0.7511583476338366,0.5159730682077727,0.5779422377853382,0.04501227607529315,0.3530064344353228,0.67110889989593,0.43159646236747257,0.4772682396788946,0.3103143852077098
0.0,0.4073928571428572,0.8344979525742877,0.7587393893032774,0.5149841310721821,0.5105820217144599,0.044724351953267655,0.3130315805044004,0.6746222955638121,0.436514948647556,0.504931092296189,0.20388444749619852
0.0,0.4074642857142857,0.8408366926139429,0.7671446359689083,0.5151652713019129,0.5724618786457925,0.055129609346476725,0.4712817099326974,0.6779826890573066,0.4167120884964091,0.5348319248785527,0.5418117612438078
0.0,0.4062857142857144,0.8463871068567128,0.773245132486365,0.5153094771335415,0.5642567907076299,0.06740128558310378,0.5070408993417647,0.6764591599476497,0.3672679921608518,0.553765614095265,0.5305802148217177
0.0,0.43346428571428586,0.8499386248806928,0.7717242287773216,0.5198109017560588,0.5850220932349842,0.1470156106519744,0.6209082168478667,0.6767320548084619,0.3474003537593604,0.6163593494635969,0.9431065770758748
0.0,0.43325000000000014,0.8520619427250065,0.7702705867358636,0.5193494638720818,0.5702140401614619,0.11900826446280995,0.5309740403816287,0.6699100889604503,0.2785585727787563,0.6161541998903295,0.8336486523539258
0.0,0.41321428571428576,0.8554607876538927,0.7707054663885206,0.5194898327232148,0.5874421513273083,0.07254361799816349,0.5677316766511352,0.6641091528804881,0.21580529297304074,0.636159786685982,0.6603602862548338
0.0,0.4199285714285715,0.8599659491181013,0.7742164975460776,0.5210545438951968,0.5763005711662661,0.12047750229568413,0.6595222246875232,0.6578827351003679,0.14419606073331115,0.6363497960098807,0.7719283814537592
0.0,0.40507142857142864,0.8604042760951587,0.7696848975269787,0.5179968192813856,0.5748213712606421,0.06859504132231402,0.6368685748095555,0.6521540232102141,0.0967627269950655,0.6272346175281759,0.4805077311108677
1.0,0.4405000000000001,0.8611000587991064,0.7670038107892563,0.51960626189902,0.5280236892714587,0.090633608815427,0.5993861400783964,0.6524884324603881,0.0877539611519384,0.6034555589794611,0.5586429193233423
1.0,0.4207500000000001,0.8720692120291829,0.7854903685907164,0.5202512343352965,0.5741433595420941,0.06694214876033075,0.4684342874047779,0.6522092833787636,0.07750306870218943,0.5826656712083741,0.3793614568383416
0.0,0.3496428571428572,0.8878825619083326,0.8120326021309047,0.5121080769051348,1.0,0.07924701561065191,0.5679535537312329,0.6577297671660916,0.10495978766129266,0.584011860980483,0.4123473637155032
1.0,0.31789285714285714,0.9029194587097376,0.8324880236361212,0.5103509737428644,0.5387332731774886,0.019834710743801616,0.3734708971229935,0.6607320120240441,0.10412336289834184,0.5464276266869319,0.29576735759828743
0.0,0.3345000000000001,0.9096662758565794,0.8345217672305976,0.5132717056845487,0.5738286114240435,0.04970870137192249,0.3964055913024183,0.6683663353416059,0.1347987441294703,0.5050873379371815,0.3611509775780535
0.0,0.3406785714285715,0.9143403957558172,0.8349825706145364,0.514650736407693,0.5693785491013846,0.08598007893253126,0.5242807484653502,0.6725011287138489,0.1362694312692771,0.5129859314336837,0.7154083241182984
0.0,0.3502857142857145,0.9181516811561954,0.8362867443534766,0.5123195571626151,0.5376568939950217,0.09969930464198444,0.515723689076252,0.6729056280213173,0.1385946334173953,0.5087659398299347,0.7540408912312082
0.0,0.3396785714285716,0.9229376726184682,0.8388712218394654,0.5102267806702397,0.5270216763102868,0.0682202593497462,0.3602026477331555,0.6731176964178556,0.13928591175342284,0.4820840402208539,0.4793308707620642
0.0,0.3176428571428572,0.929192860692896,0.841705779153185,0.5109936164019685,1.0,0.05205788385641789,0.3624731898528216,0.6755633605875444,0.1490153282671242,0.4831373803774273,0.4774311090867688
1.0,0.3024285714285716,0.9369835741388592,0.8570503397464719,0.5121657610724408,0.5134621000195093,0.024713399736891517,0.4305672657347829,0.6772902507835981,0.13476436148106047,0.5188992294050627,0.409246185379185
1.0,0.30535714285714305,0.9382975041078804,0.8652695787414283,0.5131358230740782,0.5003082118111031,0.0559105431309903,0.5023223134383551,0.6784221070993364,0.11108832905872773,0.5519389104124685,0.7263493509451144
0.0,0.3587142857142858,0.9372439713593316,0.8699355645155071,0.5170444502879726,0.5232047063156658,0.10101484683330199,0.6270468160639004,0.6774364337762253,0.09137381834122517,0.5630699853285388,0.9153268048280568
0.0,0.3951785714285716,0.9350525636430044,0.8640414684807438,0.5187997976679694,0.5171041422737529,0.1654764142078555,0.6114488573330377,0.6747298351534898,0.07386872241973974,0.5543604067316535,0.9395809610567064
0.0,0.3810357142857144,0.93798206282354,0.8695979026448841,0.5202061077288378,0.5016019833740725,0.13756812629205026,0.4367206567561568,0.6729348043928223,0.06503604856889439,0.5234290990187134,0.7661125028467315
0.0,0.36696428571428574,0.938010043587714,0.8703601679016684,0.5218612145733589,0.4875106297927082,0.12018417590678435,0.3859034095111308,0.6745607266558578,0.06895431501044152,0.5498057387515051,0.6126564222265446
0.0,0.4180000000000001,0.9356744174614744,0.8663521733619952,0.5254885686486412,0.4907621346708611,0.15871076865250874,0.3576288736040233,0.6764620391574674,0.06804198004250689,0.5388785840046598,0.5945325292543635
0.0,0.4583928571428573,0.9308635778661428,0.8564967418033266,0.5277884909873012,0.5021341104484253,0.2224205976320239,0.3421492493158791,0.6792108628774765,0.0695620352553436,0.5336975679219442,0.5822934928328343
1.0,0.4262857142857144,0.9296207000897088,0.8486932757852856,0.5215823022262946,1.0,0.1152039090396541,0.1942755713334809,0.6795819826548826,0.04404451510131169,0.5153297546706406,0.35770954409412725
1.0,0.4070357142857144,0.9327342408989864,0.8481533463826076,0.5176452985574398,0.4464971659400358,0.05233978575455734,0.14586938835884894,0.6836360316441865,0.030404343469022318,0.4796945850023571,0.2106329188781623
1.0,0.3904285714285715,0.9382592902315,0.8497393964796318,0.518868748369562,0.4966410531066198,0.03439502450056544,0.07951334960431877,0.6896142810268633,0.02769496526390114,0.4851058356052829,0.09836669170385423
1.0,0.40860714285714295,0.9441162048399668,0.8651031110954439,0.5222006775069589,0.5400631270997294,0.05815784294430225,0.1177723541158201,0.6990530845236662,0.04412824712316349,0.5000298656309519,0.10256126482213493
1.0,0.41896428571428573,0.9451442599561424,0.874851180496454,0.5201119051723423,1.0,0.06397205588822351,0.20804674210487376,0.7070320535490724,0.058842388134596864,0.4865803075399328,0.2091458972230224
1.0,0.4205714285714287,0.9445969838131009,0.8864014758753732,0.5193776092322442,0.5074079967544326,0.0044910179640717425,0.1326529102877001,0.7123609279533556,0.06260305017628638,0.4070222563412821,0.004913505362498248
0.0,0.4577500000000001,0.9432393637975274,0.8836436665780385,0.5218118414509156,0.4885368414205928,0.057553583476049476,0.2762443606242145,0.7233778029388434,0.10807448034652156,0.4778783118057048,0.2316228601960505
0.0,0.480607142857143,0.9433908980628948,0.8845810910634604,0.5216919267717256,0.455045206358177,0.07550934677588737,0.2562162561940682,0.7278127812147093,0.13237383638474026,0.5229170226109794,0.19765116378026487
0.0,0.4714285714285714,0.9468025895946744,0.8870587900296777,0.5197849991909466,1.0,0.0306658265070362,0.24794024110642696,0.7328316256930241,0.15962395044063155,0.5120366383760219,0.1501425471256546
0.0,0.4495714285714287,0.9514596525654458,0.8954175090803558,0.5205180295646984,0.4937097846094756,0.0302457466918714,0.2575918940906732,0.7378498851603803,0.17951635966517626,0.5179455333924333,0.20969320454448734
0.0,0.4870357142857145,0.9565496097160108,0.9041657701431842,0.5228805749064215,0.5422524672805442,0.1230833858433102,0.3676059463057468,0.7427148199074136,0.1972747064545175,0.5455509299659576,0.4086634611293145
0.0,0.4993571428571429,0.958114994755149,0.9056541574698488,0.5211248698561589,0.4536142741741307,0.14923335433732413,0.3688188743436137,0.7436480395288441,0.19272739031889652,0.546367061078349,0.41470575720182135
0.0,0.4887142857142859,0.9608280033525044,0.9085158492614308,0.5192162730167355,0.5163502019463398,0.11678218861583704,0.3031210709267064,0.7465785661720616,0.2036353209091082,0.4638705909103169,0.15512105867835474
0.0,0.4995000000000002,0.9624548308735495,0.9052448084353356,0.5211125436821877,1.0,0.16131064902331452,0.2888469787737593,0.7539551969366722,0.23071288730011086,0.4565867321631771,0.24494702353091385
0.0,0.4905714285714287,0.964823306085774,0.9068291531035464,0.5190948325995401,0.4518905427287141,0.09451795841209827,0.23263072257969056,0.7604614165653432,0.24653115843257886,0.35858006335178344,0.06269945959746448
1.0,0.4696428571428571,0.9666669022556572,0.9094730191037492,0.5192594027063613,0.4550854822557266,0.022386437730928074,0.2973300791361587,0.7702871192963292,0.2781124714429196,0.3915987541857184,0.0010019060651968491
1.0,0.4964642857142858,0.97117351467319,0.9189775669883918,0.5200284807996366,0.5404397507217198,0.030910435061583714,0.3935581687744992,0.7800570717879289,0.3065640262064282,0.4661115786159439,0.08976798653297308
0.0,0.5033928571428572,0.9723199419710516,0.9216970881184507,0.5213040605372636,0.4972957777579704,0.0672934306026325,0.3980400857924709,0.7857062505732109,0.3199551031093827,0.4704673719159299,0.14751518700139055
0.0,0.5238928571428573,0.9717139835539509,0.9234198277434291,0.5208246242836259,0.4766157664050282,0.04158029508596507,0.4495969233044893,0.7911544321218527,0.3256333264497091,0.4763968707627438,0.16492364645996996
0.0,0.5550357142857144,0.9722363691539612,0.927865182766463,0.5221207131508521,0.5289563506307023,0.044581883777863415,0.4836032837807851,0.7959143894084619,0.3329209648503891,0.5152819365741238,0.3238399634724033
0.0,0.5633571428571429,0.9714199327117848,0.9317187659785482,0.5236421925147429,0.5354162385449682,0.11257845188284496,0.504171289105836,0.8000429777897291,0.3529764154282741,0.5415338597789385,0.8206152616859803
0.0,0.5946428571428573,0.971383711205227,0.9334341672634988,0.5248495143319414,0.5279227064602717,0.14592050209205013,0.4484579542933215,0.8016037042470456,0.3731569676592758,0.5229035089995381,0.639603457041182
0.0,0.6309642857142858,0.9726689641481291,0.9366860128646056,0.5268421347360343,0.5363351498155976,0.2570606694560668,0.4399822498335921,0.8029643286162005,0.39032412377132375,0.5142162597276443,0.6527116587323821
0.0,0.6093214285714287,0.9740496519087728,0.9382485627055256,0.5235058147932848,0.5308524535783511,0.27379707112970697,0.4471858590340949,0.8036361725132659,0.40826230418491705,0.4732167932418301,0.5805652981225484
0.0,0.6321071428571429,0.9742598688749852,0.9416455125849376,0.5232813815234896,0.5283823891666463,0.2972018828451881,0.40378670216699897,0.8035642111333974,0.4150055442827158,0.4733887483111862,0.4633578906552918
0.0,0.6396785714285715,0.9694272158020564,0.9374135810691728,0.5244754315270543,0.5390070970057279,0.2703974895397486,0.40137563789660535,0.8043944744765399,0.4286945768442677,0.4688739686703083,0.3711059619699159
0.0,0.6445714285714287,0.9665103137073832,0.9383412543954269,0.5252667519044496,0.5332246479998074,0.2466004184100416,0.4241624140226312,0.8046693482899205,0.4180565040748844,0.4450857736165639,0.441943433005994
1.0,0.6471785714285715,0.9682011633061104,0.9412903409600346,0.5219493528909244,0.5358235001841006,0.2469926778242676,0.4717920272169219,0.8035573844149557,0.3914242158695857,0.4550797347940324,0.5296995108315873
0.0,0.63525,0.9710445432703514,0.9488965187547244,0.5200384058108519,0.5312706835063206,0.2760198744769872,0.5101397825604612,0.8015502136140908,0.35690453632757124,0.5004929661995705,0.4887270587369891
0.0,0.6440357142857144,0.9741664993762412,0.9510993118204326,0.5176675675967346,0.5370970875752696,0.29916317991631786,0.5242437689520008,0.7999671354831479,0.34123017973106234,0.4659582807898837,0.5436757512229227
1.0,0.6285357142857143,0.9751009533089938,0.9517554931124452,0.5190279883123748,0.5295159441054457,0.24411610878661066,0.4966940315065456,0.7981636951817346,0.330255273536477,0.4344580585958861,0.34054213100886405
1.0,0.5905,0.97500387996323,0.9485732074055376,0.516619577738511,0.5348055715000263,0.1195083682008366,0.5265069151689962,0.7982626744678525,0.327896653067966,0.4180285306195371,0.3449556806061269
1.0,0.6062500000000001,0.974764386769266,0.9523629750708617,0.5154058689395282,0.5437684473750471,0.1297071129707111,0.5035500332815626,0.7985693172610533,0.31629749371515625,0.3927648396001675,0.22292103424179086
1.0,0.6211071428571429,0.974089891238446,0.9548566851838411,0.5140743876166247,0.528197224320516,0.1606956066945605,0.5465572073071521,0.8005561291185004,0.31354306434426144,0.446397826739767,0.44918901026150265
1.0,0.6283571428571428,0.9772581470984254,0.962596773599972,0.5152489346801699,0.530846685842015,0.19194560669456034,0.5513497522372605,0.8013824621988709,0.311485648706106,0.4521452329209159,0.4136967155835093
1.0,0.5968571428571429,0.9807119175654382,0.9685607858125578,0.5139443819769093,0.4498958321297084,0.14317468619246845,0.4711411877819681,0.8023875939312384,0.3167689551781479,0.4000426217168635,0.2086873367906128
1.0,0.5905,0.9835877938089824,0.9733482744987596,0.5128826584975684,0.524072923821854,0.10930962343096212,0.496339028178389,0.8062041575408878,0.34146150897400834,0.3817656217217463,0.2592503700147988
1.0,0.5873928571428573,0.9842204855176409,0.9716296510255036,0.5123214985721087,0.5235023785419244,0.07649058577405847,0.4954958952740184,0.8093195115488994,0.3603922022179286,0.3807719150344308,0.2981319252770103
1.0,0.5968571428571429,0.9849904070178676,0.971017400766356,0.510156809674227,0.4568777762752274,0.1085251046025102,0.4377856667406255,0.8130807897864307,0.3942148647326886,0.3623563449228701,0.22924916996679684
1.0,0.5966071428571429,0.9899165631539636,0.9764682775912168,0.5100970708626977,0.4948177371102833,0.0955805439330544,0.41831225501072383,0.8177727833121868,0.42672614179965707,0.3449493497982661,0.29329173166926586
1.0,0.57325,0.9946221982594126,0.9849196180747596,0.5065177499693442,0.5116901806029975,0.1111401673640167,0.4642556023962722,0.8212837960370023,0.4561993221669629,0.34380527140619177,0.5302212088483514
0.0,0.5975000000000001,0.9986983400810234,0.9900464886489212,0.5066664060521666,0.5224872870474764,0.18880753138075307,0.5141705495155686,0.8218279672484661,0.4571392692755509,0.3548517896149413,0.7596703868154726
0.0,0.6210357142857144,0.9982431163247832,0.9877784541486072,0.5066613325086768,0.516758287304418,0.2450313807531378,0.5518674654241554,0.8201451564266597,0.4623768642326964,0.3520952432004719,0.8616744669786793
0.0,0.6170357142857144,0.9984599849998629,0.992177476579688,0.5060249903364173,0.5225022233663806,0.21587343096234293,0.5553657273870277,0.8168237758929053,0.4665618538087319,0.35628067207359576,0.8261130445217798
0.0,0.6180357142857145,0.9973930064333952,0.9919543575571196,0.5061909244048296,0.5235835696060817,0.23705543933054385,0.6124916796094964,0.8140710806318958,0.4642222065052735,0.3756436044857636,0.9760390415616632
0.0,0.6368928571428571,0.9991421105850242,0.9999007758270292,0.5091850563696586,0.5280253208347999,0.235094142259414,0.5955106870793581,0.809379662911063,0.4504210013129185,0.4131256760448577,0.9684469103384024
0.0,0.6286428571428573,0.9998623963265318,1.0,0.5078588748421429,0.5096349901903247,0.2728817991631799,0.6033799275201539,0.8066195166905656,0.4434641390284444,0.4221869298314393,0.9542457805907181
1.0,0.6163571428571429,1.0,0.9995394808057564,0.5059299547275419,0.5153632766388825,0.2173117154811716,0.5223060424524816,0.8045225682166066,0.4551991194161914,0.3647479549838247,0.8311132031066125
1.0,0.6209642857142859,0.9892783838807024,0.9785585400409048,0.5066586670144424,0.5103826417361151,0.15115062761506276,0.4361733599585832,0.8041030566540182,0.4591830713819946,0.30778252103981546,0.4880333433592581
1.0,0.7021428571428572,0.9793396687120036,0.9594107108104536,0.5166969631641443,0.4927301279616715,0.19992154811715465,0.4394645366466978,0.8040980660342558,0.4586174529046753,0.3123352268650258,0.4702874575688567
1.0,0.7018928571428573,0.9699641117655746,0.947334488823152,0.5166453488039,0.4810590554973983,0.2987027895763974,0.4662007247984615,0.8037635221801421,0.43160647482990655,0.3480996855989113,0.3930305504232352
1.0,0.7186785714285715,0.9701106417962312,0.9545033061889562,0.5157484239671727,0.4722992464507644,0.3082199611295301,0.4189187190296578,0.8039510722011819,0.4146562299506157,0.3353653340461253,0.22498173849525105
1.0,0.70925,0.9675735795110708,0.9547544155352928,0.5178746553159617,0.4928479246024689,0.3025495750708213,0.4190962206937351,0.8069160170824401,0.4051446529362667,0.33556114245260377,0.2157865337515552
1.0,0.709607142857143,0.9661850943737922,0.9499221568858518,0.5183027170724922,0.5005408017336369,0.2662280701754385,0.4089712299386137,0.8102691111975981,0.41522808501241787,0.32656491296045315,0.2194675613263032
1.0,0.7025714285714286,0.9642297780617052,0.9423071409400908,0.5173250950241267,0.5083083978737498,0.2446081571642109,0.3752089342504252,0.8136144273625279,0.42374598181657774,0.333613270703019,0.14918739924186594
1.0,0.7138214285714287,0.9644396829940844,0.9394383411982408,0.5155018608673271,0.52934294835783,0.27386290839205635,0.4274831743214261,0.817113532788903,0.4345018228395969,0.34460601678721986,0.1728459530026113
1.0,0.7236785714285715,0.9647188675972088,0.9377389410812264,0.5134680804445454,0.4870200482375162,0.29590111979716865,0.45362769025959604,0.8186720705724595,0.4309775681242387,0.3817924520252608,0.14905715114592213
1.0,0.7372857142857144,0.9652300586618444,0.9382434782988008,0.5120530285488115,0.5053664382452975,0.3425612632010662,0.4542933214998886,0.8208956648699497,0.44176834746842697,0.3826158143710866,0.21206846533216936
0.0,0.7353928571428572,0.9654410116805812,0.9365551287380124,0.5154475118470054,0.5132305853946358,0.34040807956526176,0.4907773093706089,0.8221380357599499,0.4454895353253029,0.4239514924529144,0.5648970118944008
0.0,0.7487500000000001,0.9661992497617228,0.942405378326276,0.5140012726947993,0.509455798631738,0.3620424484773915,0.5928629539235264,0.8221063027998896,0.4525274632324541,0.501419316236916,0.8105599071656528
0.0,0.7659999999999999,0.9655569364922759,0.9430209855466258,0.5131109824834846,0.5139524333903358,0.4131742632813294,0.5521780933362915,0.8196633995315259,0.4408607903388944,0.4974744025887039,0.7937917029300837
0.0,0.7968571428571429,0.9646360821940992,0.9436066120141672,0.5145121539134757,0.5305083133482814,0.4820129345189976,0.5553731232896971,0.8184487143059436,0.4411588836107944,0.500836346638715,0.7350159559036831
0.0,0.8117500000000001,0.962585796596832,0.9384831055272838,0.5132752231365011,0.5315755831013871,0.5256372692645764,0.5597662894756306,0.8157602221952359,0.4155923287077376,0.5055602558838033,0.5872352770525062
0.0,0.7986785714285716,0.9615846611279212,0.931414161738473,0.5116260300131856,0.5127048178377086,0.4761765565624085,0.5875231121958433,0.8127894174190728,0.3857551160769634,0.5323974412425987,0.561895901173308
0.0,0.7887500000000001,0.9625910823738448,0.929864983484676,0.5138368307868876,0.5331256855353407,0.4616490891658676,0.6130167886990607,0.8113247407327995,0.3706127415240131,0.5555725382932883,0.4763446738719057
0.0,0.8497142857142858,0.9627112858024268,0.9254516012339546,0.5230334446270565,0.5331008782772662,0.6448705656759347,0.5809185711116045,0.8111684917471462,0.3739038591770113,0.5177891666441906,0.5568948525509826
0.0,0.8785714285714287,0.9607098515426648,0.919388661362647,0.5242010283780193,0.5282046041721814,0.6853307766059443,0.5913541897788626,0.8119659644722035,0.3959203718070109,0.5267296669046139,0.5385508592661399
0.0,0.8957142857142857,0.9577555992869028,0.9124224049937134,0.523262450668195,0.5225449068734478,0.7214838894731809,0.6555062495377559,0.8121026546529873,0.4027333584612624,0.5468294496018218,0.7677327317364468
0.0,0.9117500000000002,0.9555317879544192,0.9071368267048721,0.5255632824427313,0.524181954421517,0.774619747540126,0.7221359366910732,0.8116835291506219,0.41638731045686944,0.5728746847658671,0.9625354717342092
0.0,0.9267142857142858,0.952309482208152,0.9027806450743538,0.524306910924912,0.5306556065256746,0.8008411214953272,0.6527253901338657,0.8089322623812851,0.4019055866093637,0.5299784536422018,0.936342740390756
0.0,0.9123214285714288,0.9498284015877108,0.8975581419470013,0.5229824457587877,0.5311520699959903,0.7440723313958851,0.6289919384660894,0.8088763718255416,0.4154565951717813,0.5132372201411136,0.7635359468777942
0.0,0.9160357142857144,0.9484031673646528,0.8900891175114594,0.5228294053295783,0.5212284742549028,0.7815249266862168,0.5679905332445825,0.8095884817363264,0.4234362127203923,0.448882628717924,0.8468003207698469
0.0,0.9157500000000002,0.9483581826980632,0.891834552603703,0.5228594272717616,0.5234944907527008,0.7778592375366569,0.5422453960505883,0.8107845673349738,0.44730108117252615,0.4774384735701002,0.8391659983961526
0.0,0.920214285714286,0.9473938155241072,0.8942899305995752,0.5232484133023617,0.5532191912098982,0.8002199413489736,0.5250942977590414,0.8101363831165305,0.4541613958460722,0.463470463451444,0.8938893344025663
0.0,0.942214285714286,0.9453186898586688,0.9008708699451159,0.5263844274923474,0.5402353495693287,0.8643695014662756,0.5570667850011096,0.8089480071570665,0.4625132203178896,0.4377837745400008,0.9885805934242198
0.0,0.9526428571428572,0.9417297084123404,0.9043531948147838,0.5244869116643899,0.5544960664143062,0.8698680351906155,0.5171067228755267,0.8059459770400849,0.44988185644472706,0.4573438754933868,0.9879829787234052
0.0,0.9454285714285716,0.9362551987523262,0.9036414970485808,0.5238138165744679,0.5542676172566898,0.8429252199413486,0.4777531247688784,0.8038036435715796,0.4390440849504645,0.4764733441695743,0.8688286040952096
0.0,0.956714285714286,0.9331801274196132,0.9075463440879424,0.5221560958174023,0.5587742291879035,0.8439332844574777,0.4771392648472751,0.8018158843896468,0.4265008182352218,0.4760745349662101,0.8746393827574644
0.0,0.9631785714285714,0.9313368011315596,0.9079394562770448,0.5224230948434182,0.5372430916185941,0.8844971056439939,0.5079358035648252,0.7992134084993321,0.41186847672958377,0.4503510058847551,0.8496207746808571
1.0,0.9200714285714288,0.9310430269108568,0.9102721872279784,0.5200796598050057,0.529113386895386,0.7925022583559166,0.4316248798165821,0.7952650974352424,0.3949723100835635,0.4333092114604871,0.5509535253909306
1.0,0.9165357142857145,0.9307948126336963,0.9132492295217579,0.5212700939902861,0.5290223771228313,0.7925022583559166,0.486184453812588,0.7949393120990325,0.3808819569854848,0.4301600357592675,0.7136302631168266
1.0,0.916,0.9301447546029592,0.9228423017604929,0.5209637957037198,0.5532731470969179,0.7990063233965672,0.4802159603579621,0.7925409415950115,0.3707135384536818,0.4245197978619861,0.6685289803052538
1.0,0.8759642857142859,0.9311392061930516,0.9354140160091364,0.5190754774717822,0.5433930670971041,0.7068654019873531,0.4528880999926039,0.7916518424649809,0.3755388206725044,0.4470186759256587,0.5704922126158729
1.0,0.8317500000000001,0.9333262123901278,0.9455855036785265,0.5153337246926808,0.5459198966473844,0.6373080397470638,0.3742030914873162,0.79151985344924,0.3955684713017456,0.42055669003689616,0.4108430350510315
1.0,0.8338214285714287,0.934849257611472,0.9450086326285696,0.5153459940272933,0.5574745046101228,0.6586269196025293,0.3357296057983876,0.7930255692102439,0.4188558947793716,0.36491144540097337,0.17915665282936571
1.0,0.8395357142857144,0.9347644803696218,0.9403980448590392,0.5164190673368092,0.5572518226195122,0.6570009033423666,0.3907107462465794,0.7959520234538578,0.44645191603269707,0.3714298535283893,0.3384000749087049
1.0,0.8223571428571429,0.9339805792769424,0.9324034925002826,0.5173195900391364,0.5675618324041669,0.627642276422764,0.3865542489460833,0.7963787981600698,0.458311061512099,0.36428589619359053,0.2251006585723644
1.0,0.8185000000000001,0.9341195892620412,0.9272731650957337,0.5204198878140626,0.5474766825747034,0.6205058717253839,0.4330670808372159,0.7989088496502197,0.4761928504515405,0.423119805261216,0.1699803364649333
1.0,0.8225357142857144,0.9330607449016904,0.9209610991496784,0.5173886936116747,0.5590858347114885,0.627642276422764,0.393358479402411,0.8022122591186684,0.4935205871539475,0.4269099103573339,0.003162992982109439
0.0,0.8544285714285715,0.9335471702348364,0.9232607652223096,0.518921257253784,0.5601993053148661,0.6978319783197829,0.4745285112047925,0.8091351436179293,0.5301363455361616,0.4597358682252621,0.2255489021956108
0.0,0.8396428571428572,0.9338184533696978,0.9230734816788267,0.519570508283399,0.5515001542936585,0.6945799457994578,0.4394571407440284,0.8130933388583157,0.5550162059235522,0.4692981567631591,0.1469917308240684
0.0,0.8685000000000002,0.9354042283552876,0.9145152776059458,0.5240209036418905,0.5403083254100743,0.7721770551038841,0.5238074106944753,0.8188306172027155,0.5973733045683387,0.5181520429269354,0.31074449201211
0.0,0.8682857142857144,0.9339761679239524,0.905560816537324,0.5236723639934941,0.5461673819325377,0.7857271906052392,0.5468826270246283,0.8203688314865631,0.620486476736959,0.5524997883970199,0.4800563850892756
0.0,0.8857142857142859,0.9327417283349844,0.8990078975722569,0.5227824588031744,0.5433803939039454,0.8178861788617884,0.5931218105169739,0.8209299664414895,0.6383130855070827,0.575322665343606,0.7239486416077403
0.0,0.8745714285714287,0.9304368738809172,0.9029840545316332,0.5246974000798129,0.5637594911409385,0.8002710027100269,0.5874491531691446,0.8197008169955609,0.6292743605525243,0.5687548346271672,0.6601693338295489
0.0,0.8991785714285715,0.92753239424481,0.8993380877048318,0.5247994223578998,0.5721709174104327,0.8615176151761514,0.6267287922490941,0.8199857129247663,0.6259101496661064,0.5907244695526984,0.8279214737625615
0.0,0.924214285714286,0.9206296821925152,0.8885980662949042,0.5252051602756725,0.5753753246666569,0.8983739837398375,0.6026033577398122,0.8193218187551652,0.6107163673461647,0.536513395510418,0.8919333829549662
0.0,0.9385,0.9150904744905004,0.8791568179113441,0.5283270948984632,0.5727598653724993,0.8773261065943988,0.5925375342060495,0.8178280612426712,0.5917454876418893,0.5166899862023207,0.942128768142908
0.0,0.9232857142857144,0.9131164920824156,0.8748084041271769,0.5288406403951332,0.5416094314485906,0.8715447154471544,0.601124177205828,0.8156396155150261,0.5862956126600134,0.5272292024424724,0.8085944830174507
0.0,0.8976785714285715,0.9120530276563787,0.8734835283381889,0.5278350027064392,0.5471611128048137,0.8482384823848238,0.5821980622735005,0.8133796296083801,0.5943602498082637,0.4940239356554943,0.8437324075811578
0.0,0.9221785714285716,0.9098588125286948,0.8728834480279624,0.5282845930156567,0.5289103459817445,0.8695573622402886,0.5818948302640338,0.8124083682159307,0.6170488056585304,0.4940705225738165,0.7421655094764492
1.0,0.8976071428571428,0.9051922775317024,0.8686860163572818,0.528663069756249,0.535196167195177,0.8136404697380303,0.5340285481843058,0.8104052160328845,0.624700221691714,0.4784094460026543,0.7122349408894718
1.0,0.9030714285714286,0.9016627024272608,0.8647566008009304,0.5258198531144875,0.5247682520583422,0.8253839205058714,0.5839878707196213,0.808280662070666,0.6255466135586611,0.4800969570294613,0.7382248076562196
1.0,0.9105,0.8974228802045654,0.8598210095698853,0.5273574311728431,0.5308246797675096,0.8168021680216799,0.6629761112343757,0.8042226220984721,0.631668914171541,0.5187502614467978,0.9973728654531788
1.0,0.8984642857142859,0.8907661085777443,0.8561152312651863,0.5259272895841223,0.5408715854174343,0.7810298102981029,0.6633311145625329,0.7981493896884313,0.6248086735282217,0.5196848339861626,0.9555119118777252
1.0,0.9214285714285716,0.8860455706682524,0.8593868952028216,0.5264114325057605,0.5497749477641981,0.789340560072267,0.6690333555210413,0.7919559153499709,0.6026144401310909,0.5251271550093154,0.9917447676394899
1.0,0.8750000000000001,0.8808447982161391,0.8614380705959381,0.5237004789897194,0.5528727364530992,0.6769647696476963,0.7015753272686938,0.7861459925142076,0.563729987534229,0.5519214222644839,0.9991421021927868
1.0,0.8586428571428573,0.8794449437426892,0.8651779654285912,0.5216588986607879,0.5611594498515121,0.6236675700090333,0.653583314843577,0.7816091226263129,0.5348518773381196,0.5151744054972408,0.774492700394823
1.0,0.8528571428571429,0.878784854263952,0.8645358982402243,0.5243338811552068,0.5562609207828884,0.6152664859981931,0.6463649138377341,0.7800806272921743,0.544198428775764,0.5021805180301468,0.8267376733082369
1.0,0.8499285714285716,0.8794617929473953,0.8677084407060752,0.5235648980078639,0.5568647660193266,0.6190605239385726,0.6615560979217519,0.7786392457068751,0.5443013369943439,0.515940578837562,0.751813423928016
1.0,0.851107142857143,0.8798727693235908,0.8651253058759779,0.5234604598117505,0.5602304656639673,0.6348690153568202,0.6597441017676203,0.7775345138432956,0.5471994516200823,0.5115788146581466,0.8294922413001558
1.0,0.8379285714285716,0.8831111200873565,0.8699244184745503,0.5252464880816311,0.5706857433688828,0.6030713640469736,0.6431994674950074,0.7748588271086105,0.5222946632405123,0.5429831856300429,0.8088329813607562
1.0,0.8110714285714286,0.8854056713070761,0.869966984150919,0.5193972213867863,0.5574766837063886,0.6040650406504062,0.7079505953701651,0.7720073667636127,0.4939785747478895,0.5403941381494961,0.8125975576163816
1.0,0.8138214285714287,0.8878341472643583,0.8751669858603413,0.5199644841956307,0.5466297252409597,0.6002710027100269,0.6846165224465643,0.7688756121960338,0.4744457801041313,0.5719054330938398,0.7846661680893311
1.0,0.8146071428571429,0.8835354539258984,0.8698303161097423,0.5200413901081073,0.5403411233895751,0.6051490514905147,0.650166407810073,0.7682270619337785,0.4599500212210966,0.5795795840091579,0.769089924439745
0.0,0.884107142857143,0.8788426942931853,0.8680353545715183,0.5282293878735415,0.0,0.7180668473351397,0.6138081502847428,0.7684281934175667,0.4591609374960735,0.5926655205678429,0.7251205611573888
0.0,0.9863214285714286,0.8732317631709123,0.8649372816166676,0.5403401365598285,0.5936448336472039,0.958988256549232,0.6119961541306116,0.7702181002557584,0.44563284038727735,0.5896438107685893,0.8447275446785463
0.0,1.0,0.8683891475872105,0.8657485176340829,0.5422740908590598,0.6026439407765148,0.9986449864498642,0.5545151985799871,0.7702244794764288,0.4432828527037286,0.5363519302354607,0.9076514428656174
0.0,0.9595714285714289,0.8625473098258105,0.8577605537175147,0.5374648727805877,0.0,0.9350057012542762,0.5087567487611862,0.7674430642740147,0.424969761446636,0.5506805776844798,0.7999329499445547
0.0,0.9727142857142858,0.8567964139720758,0.8499329500954267,0.5362662457904279,0.5962471622573468,0.9382364120106425,0.595421936247319,0.7639328345115974,0.3950669263677074,0.5666492445350451,0.8852412512571884
0.0,0.968464285714286,0.8510208248465885,0.8406041061636437,0.5360237714179502,0.5357928501467615,0.9508260447035956,0.5984394645366466,0.7586786331415865,0.3516003539352488,0.5689418549774802,0.8409191800496145
1.0,0.9665714285714286,0.8473925912079037,0.8420879443162741,0.5359607988313336,0.5365552490747315,0.9388726919339162,0.6209082168478663,0.7540547630238326,0.32386138183245183,0.5877780516083727,0.9932628280454371
1.0,0.936607142857143,0.8440855582150877,0.8433420870674235,0.5353313865137509,0.5481449742404958,0.8670553935860057,0.6192367428444641,0.7475502887566474,0.2800509095318641,0.5876982030686534,0.9773438939031126
1.0,0.9451785714285714,0.8422106414338959,0.8495432576918918,0.5331216697849112,0.5370877868448933,0.8845481049562678,0.5749204940462989,0.7402361302295517,0.2237787080246418,0.6045581791112958,0.8190581445324503
1.0,0.9080357142857144,0.8388884102301359,0.8483545458162784,0.5312803075616908,0.5346766886605954,0.7952380952380951,0.6383477553435397,0.7348614831101359,0.18899966252144376,0.647008228949677,0.7494013630502849
1.0,0.9066428571428572,0.8369694484206711,0.8479478948085579,0.5314918753029191,0.5471491680624176,0.7741496598639452,0.6368389911988759,0.7310145840985347,0.17669827472078048,0.6466609026634993,0.6541413397187942
1.0,0.9058928571428572,0.8344101914854232,0.8495389466394087,0.5310934531891716,0.5471784476523318,0.7831406551059731,0.5017972043487907,0.7298357956202175,0.1869421133613287,0.5967685373727271,0.4248787376435185
1.0,0.8980357142857145,0.8336665043740465,0.8554235142877575,0.5300987530505956,0.5483721901436851,0.7575144508670519,0.4763700909696026,0.731206350993385,0.2031656327431723,0.6297178755213705,0.3768035856818317
1.0,0.8982142857142859,0.832578872210902,0.8643269323927486,0.5295056545428234,0.5477140989446749,0.7799614643545277,0.5397529768508244,0.7307557988974476,0.2052342061439765,0.6227432394637058,0.4591698900963953
1.0,0.8945357142857144,0.8303902441141693,0.8624599693818169,0.5290359974272161,0.5393589546033069,0.7681117533718688,0.5444123955328746,0.7307208580725082,0.2194324441766018,0.625971365637612,0.3209615030392331
0.0,0.9070714285714286,0.8271508582490696,0.8579942184252813,0.5277518246868125,0.5352469201087143,0.7780346820809246,0.4765623844390208,0.731876879470041,0.2218800005198737,0.5824836307577068,0.4063977405292571
1.0,0.8603571428571428,0.8231000256596337,0.8502131706448208,0.520879743448889,0.5336997583162955,0.6504816955684006,0.5410842393314106,0.7344189915398884,0.23095301149988,0.5721399348394468,0.4543500951679256
1.0,0.8404285714285715,0.820784595585327,0.8483592448599583,0.5181157675206752,0.5337125397111564,0.5803468208092484,0.4363508616226608,0.7364486864329742,0.2210364564603394,0.557571644306621,0.189353472094308
1.0,0.8435357142857144,0.8186747733477877,0.844873856784887,0.5170375121158799,0.5346544580513547,0.5876171542175517,0.3393683899119887,0.7407042894275968,0.23324867395015175,0.5090941907280292,0.16991044020380394
1.0,0.8466428571428571,0.8170280224277877,0.8466188522301625,0.5139817005479289,0.5355671996609228,0.5906570166369016,0.4810073219436434,0.7469678093725678,0.27947238263683044,0.5395713343680885,0.2982056394189688
1.0,0.8528928571428572,0.8163934617597244,0.8495005378467866,0.5115044288160709,0.5371390657893143,0.6102597045058271,0.4044301456992821,0.7510926752079337,0.3169325502449177,0.5051718978360406,0.3998227792018722
1.0,0.8645357142857144,0.8160399304316184,0.8680655410241364,0.5133296537657602,0.5399293096696023,0.6525649261264568,0.3520227793802229,0.7573702087551364,0.3673134241378492,0.4851026339065171,0.4811569521507434
0.0,0.8670000000000001,0.8165042546895593,0.8793100863521083,0.5100686375236214,0.5386329089784637,0.6584381022299713,0.4271651505066193,0.7602583353787521,0.38719647437462507,0.5164352865591826,0.6269274248247788
0.0,0.853,0.8184738125637461,0.8950331330334826,0.5109514513542657,0.5395309022325889,0.6393502798935484,0.4540936321278011,0.7589543419859701,0.3854281126865379,0.4788730992536255,0.6723716934207553
1.0,0.8155000000000001,0.8208625064057031,0.8927423465764243,0.5071885779512086,0.5385590828033987,0.5863999265852986,0.3284224539605056,0.7564850610115026,0.3932267906137277,0.4692324317700433,0.4822292561609759
1.0,0.8075714285714286,0.8228595509282002,0.8963957961092415,0.509483566816457,0.5419985695665241,0.5705239974304852,0.3132164780711487,0.7573840243769911,0.4251945927264403,0.4601716097190068,0.3864197023271108
1.0,0.8190714285714287,0.8207116382127704,0.8943333946505188,0.5079442439026081,0.5408211478113956,0.5996145728182067,0.3372457658457215,0.7578007905469528,0.4525439007714184,0.4212379934966111,0.4438985280815719
1.0,0.8292142857142859,0.8184631197576913,0.8962009618655595,0.5104220774332062,0.5422214987856663,0.5841057171698631,0.2931661859329928,0.7582259227406938,0.4859894492534678,0.3941661094194242,0.3210673464353257
1.0,0.8329642857142858,0.8165054417977622,0.8999470963826647,0.5109511094888011,0.5582031540894743,0.6010828668440854,0.2558686487685817,0.7603818920043572,0.5258578757086907,0.3804891836147216,0.29444712871995765
1.0,0.8058928571428573,0.8162695247100333,0.9075894853779708,0.5101109925335764,0.5724215527718488,0.535284940809397,0.19946749500776567,0.7613121684785957,0.5315938537566117,0.339850162955471,0.10037400905495553
1.0,0.791607142857143,0.8164780598835515,0.9270601591243629,0.5077788758017809,0.5572164225022561,0.4938974029549416,0.24305894534427894,0.76508491570936,0.5263510840038603,0.3670758796757832,0.04849591095363345
1.0,0.8100714285714287,0.8170893972273263,0.9401197562148362,0.511285933739319,0.574303568049051,0.5466642195099567,0.3362029435692627,0.7700029054918229,0.5253343518812661,0.3617693110127056,0.2416026914335817
1.0,0.8035714285714287,0.8174468170197811,0.951873493183716,0.5137419827117097,0.5765607193701403,0.5350096356795448,0.3793210561349015,0.7721798560284174,0.5150530976189887,0.338198187834287,0.27510244984878585
1.0,0.7887500000000001,0.8174345263424208,0.9501846727598148,0.5112274426747715,0.5779355275589595,0.49573277048729,0.3732712077509061,0.7733414573988411,0.4947514421112375,0.33370138398370386,0.16483654953917082
1.0,0.7904642857142857,0.8177190986068466,0.9505833741409394,0.5078821846550494,0.5737154599413892,0.4960998439937597,0.3734782930256639,0.7764144517115876,0.4585491315244917,0.33281345546373403,0.0724546370967742
0.0,0.7998928571428572,0.8183773844992452,0.9433230069065835,0.5096722570412247,0.5701516936106034,0.5248233458750113,0.5087715405665263,0.7834600455541596,0.4737704500112601,0.3534366132440808,0.18067748881895024
1.0,0.797107142857143,0.8194007834912593,0.940003254898125,0.5127012543263344,0.5470425227531768,0.5239974304854546,0.4127801198136231,0.7878184483281898,0.4893502888809826,0.3498113554325332,0.03238363425542461
0.0,0.8221428571428572,0.8196578706694431,0.9341332105584323,0.5174099846354503,0.5512330488637908,0.5961273745067449,0.4345684490792103,0.7971802762287123,0.538732991164935,0.3610796937721281,0.06986771411802044
0.0,0.8442142857142858,0.8184710263097221,0.9270577600838624,0.5180844854840134,0.5488355037835795,0.6418280260622189,0.5092522742400708,0.8035360936354248,0.5768117432989791,0.4032413478644423,0.3868346200731419
0.0,0.8274285714285716,0.8175127234479023,0.9193532820439136,0.5155501250140674,0.547887589009439,0.5880517573644122,0.44144663856223615,0.8037722192737099,0.5832293130231085,0.3553364532312429,0.04602916610230779
0.0,0.8411071428571429,0.8219125421906184,0.9269357453503396,0.5177025686693741,0.549602354839528,0.6433880884647151,0.6050883810369061,0.8090568648922609,0.6082867868166315,0.4219828874436368,0.35225066594428805
0.0,0.8570714285714287,0.8270414742279542,0.9401198375391412,0.5184463072095223,0.5508529110217895,0.7713132054693952,0.6856519488203536,0.8110828968470631,0.6149351816244715,0.5028303301021824,0.6224434511716108
0.0,0.8679285714285716,0.8300029382344287,0.9452269131377284,0.5201159509113712,0.5521100636058139,0.8117830595576763,0.6636417424746689,0.8097221275628972,0.6182986292318343,0.4764983946829152,0.6236173190663229
0.0,0.8635000000000002,0.8280449725743242,0.9366851474096703,0.5195255065305707,0.5509036426120656,0.7968248141690373,0.6817617040159751,0.8082510082501988,0.6332196931501942,0.4888899719988621,0.5867985010609965
0.0,0.8992500000000001,0.8254514191806317,0.9250320070770002,0.5223395706380889,0.5531350119634729,0.8845553822152883,0.7418977886251019,0.8053453082129214,0.6302504051828204,0.5622121313563985,0.780531852453835
0.0,0.9012142857142856,0.8216613481092434,0.920274663190232,0.5189984990922603,0.5611720008756402,0.8874919702670455,0.7947563050070259,0.7984455055537156,0.6143051403358295,0.5940853694344511,0.796060393960603
0.0,0.8940714285714286,0.8176570177555598,0.9191703214846262,0.518244183522544,0.5548691645061192,0.8566577957235937,0.854944160934842,0.7906312870664622,0.5865822367884984,0.6257814786343822,0.8190052169184493
0.0,0.8933928571428573,0.8146909083551135,0.9217399018493666,0.5183205869518518,0.5859844272535274,0.8474809580618519,0.8629613194290366,0.7820710501855572,0.5581509089499573,0.6296278188954173,0.8252735731603437
0.0,0.9140357142857144,0.8122532801090996,0.925611666554712,0.5216534514760301,0.5503277207015287,0.9146554097458016,0.9604984838399528,0.7728491014546066,0.5151336710256856,0.6661590631596839,0.9682920024289776
0.0,0.9076428571428572,0.8084782341738337,0.9173590491642298,0.5207991934563779,0.5691280876320642,0.8952922822795263,1.0,0.7631853556010022,0.4793014570015214,0.6834386093236637,1.0
1.0,0.8936071428571428,0.8041252758750649,0.9137813229246512,0.5192581915663304,0.5600974831018527,0.8363769844911441,0.8129576214777016,0.7555333827801156,0.4525623251943265,0.5452587797661113,0.9852430016758746
1.0,0.8940357142857143,0.7988220137349258,0.90089978636534,0.5173181583875469,0.5653125084044057,0.837478205010553,0.7476739886103098,0.7505715039679395,0.4391791404731476,0.5446297798613264,0.9911473144711682
0.0,0.9111785714285716,0.7944744047795722,0.8984206647518117,0.5171274562798387,0.5523786538458125,0.8509681563733138,0.7976776865616448,0.7457870943503053,0.4338203773157588,0.5685608483593668,0.9875301483039975
1.0,0.89875,0.7887409910292984,0.8878692987483077,0.5153462555477784,0.5405522475878608,0.815729099752225,0.643169883884328,0.7418327816878048,0.4381753692376968,0.5220972636987421,0.931280836089056
1.0,0.892857142857143,0.7839962695148985,0.8818814439421596,0.5150653507142624,0.5527758206705052,0.7763604661833531,0.524842837068264,0.7420160272735923,0.4774239023035446,0.5121039334089289,0.8400325381527523
1.0,0.8961428571428571,0.7798925821158673,0.8657089340255548,0.5159974383754143,0.5540376864198511,0.7685601541708725,0.4571925153464983,0.7412462475853743,0.5075035988544812,0.529001769090226,0.7279881165007341
1.0,0.9038928571428572,0.7776160666186014,0.8519945302861963,0.5173794173840609,0.5551478727158318,0.7923281637147838,0.5200798757488353,0.7418829473325261,0.5331189454716116,0.510050897057233,0.8308546570231132
1.0,0.8927142857142858,0.7757862032432183,0.8442264283903023,0.5188363002918102,0.5557239234256031,0.7750757089107093,0.4972487242067896,0.7402013513902552,0.5419385767617396,0.4987618845314497,0.8765318573272741
0.0,0.9146428571428572,0.7736136962546833,0.840718016339657,0.5193697248953733,0.5525182406904909,0.8282095989721939,0.5054507802677319,0.736501912589212,0.5273840595487312,0.5027785881427189,0.9882357286645614
0.0,0.8971785714285716,0.7707946896509781,0.8354495333191818,0.5168323996813871,0.5437893130952576,0.7776452234559971,0.5313216478071149,0.7307846016993849,0.503047491442891,0.5154029937155833,0.8745864274685693
1.0,0.8891785714285716,0.769297146111529,0.8273645605632425,0.5189358462415373,0.5536737417421971,0.7648894191061758,0.4411434065527695,0.7267611727951435,0.485190284366609,0.5203117381881213,0.717226674509227
1.0,0.8745714285714286,0.7679243182075348,0.8248953926469662,0.5196359274361287,0.5459959541796596,0.7425897035881432,0.4039272243177279,0.7266456180826533,0.4848518729257934,0.5037168167723023,0.7323336560062828
1.0,0.8712500000000001,0.7663070207656135,0.8233984262328875,0.5192319620766789,0.547818764197075,0.7289162154721481,0.4504030766955107,0.7252884241262822,0.4792324644813454,0.4761832689736281,0.7857012717268521
1.0,0.8690000000000001,0.7628457883261475,0.8186004847130643,0.5188894440858216,0.5435444139684458,0.7224006607323115,0.4412765328008283,0.7213118288292379,0.4535925347955001,0.4711787036025809,0.7113471559231871
1.0,0.8904642857142857,0.7609062302600438,0.8144856118478304,0.5196771253197497,0.5576512270575237,0.7543360557951728,0.454907181421492,0.7187990943346934,0.445341510835696,0.4283211980891188,0.7195641875888201
1.0,0.8370357142857143,0.7589059151985671,0.8110565950590131,0.513382127063731,0.5735840796467585,0.6413691841791317,0.4046076473633607,0.7149657788920076,0.4325348821397901,0.4010593534236885,0.5806763108989547
1.0,0.7986785714285716,0.7592167004222028,0.8173133420838625,0.5100478648051527,0.581713468401855,0.5469395246398089,0.40423785222986464,0.7141739254206609,0.4380713378013825,0.3995506603988375,0.4241518784389468
1.0,0.7830357142857143,0.7588596875114786,0.8181289345520933,0.5107199292109136,0.59908309916657,0.5105992474993115,0.38407662155166056,0.7158277421768746,0.4477646673471671,0.4380472154112123,0.4041285573734651
1.0,0.7634285714285716,0.7591003192732422,0.8181814521394737,0.5069807577906051,0.5987147311814133,0.4558135266587132,0.352814140965905,0.7193937371516991,0.4628177783957765,0.4171456592693963,0.27096162955945113
1.0,0.7466785714285715,0.7604034732230498,0.815394450136015,0.5070561385203327,0.5782144976954402,0.4227769110764429,0.3022483544116558,0.7260645036078865,0.4980042762611978,0.3797544090697534,0.000246984728110754
1.0,0.7776785714285716,0.7626728610926707,0.8222252670483484,0.5136512078559539,0.5752973155690657,0.5184913278884096,0.4066415205975889,0.7373230238171942,0.5581025424342951,0.4342462282585805,0.2495730494794721
0.0,0.7965357142857143,0.7622104752758956,0.8271060050967394,0.5176266223716474,0.5594861812866327,0.5760301000275304,0.446128244952296,0.7435785384388847,0.6053352013745908,0.4587350781280064,0.4138963621476199
0.0,0.7954642857142857,0.7601097039974674,0.8243876281673734,0.5180024709459843,0.5602247808536022,0.5443700100945212,0.3865616448487537,0.7470769309071372,0.6370624556056129,0.4065163738068646,0.0005308597133359074
0.0,0.8262857142857143,0.7582798963528661,0.817370558981001,0.521178259052981,0.5541772660083197,0.616408185739194,0.5265734782930256,0.7541590049487976,0.6841953990088396,0.4663980284879597,0.12230532336119762
0.0,0.8486785714285715,0.7547498681328344,0.8040641465200722,0.5257998420418358,0.5589377311391989,0.6839497109296135,0.6266696250277347,0.7557590726337273,0.6911996315213185,0.5176617130677823,0.6255856003945106
0.0,0.8911785714285714,0.7493313954690088,0.7902239154212397,0.5318620738546219,0.5568084438763461,0.7425897035881432,0.6832334886472892,0.7528531994162582,0.6684428910553709,0.5201417514807789,0.7823232672241031
0.0,0.8940714285714286,0.7410558163407606,0.7723808856079342,0.5333516125505755,0.5700857268553575,0.7164357162521793,0.7188373641002884,0.7495574553445392,0.6490963808073549,0.546516163527969,0.7509078309078315
0.0,0.9424642857142858,0.7364546955854188,0.7649866449528717,0.5405903583270867,0.5891785707212095,0.8054054054054052,0.7364322165520302,0.7474677000036878,0.6256285125073107,0.5693117601933322,0.9102425292334346
0.0,0.9582857142857144,0.7323099698490436,0.7587408631381178,0.5430976571393329,0.5798188644329543,0.8678754151332914,0.7567487611863031,0.7443038561916373,0.6088277248180959,0.6014177295248768,0.9869532265049812
0.0,0.9398928571428572,0.7291105943452303,0.7521881389702625,0.5404375169426953,0.5911034306820402,0.8130329413876667,0.6951852673618819,0.7396072930415805,0.5717363706488352,0.5602817264560079,0.7317832394976197
0.0,0.9562857142857142,0.7248444837336221,0.7396260879649782,0.5404087706399904,0.5826458014242454,0.8473207072973696,0.7030619037053473,0.7379451689978886,0.5737884922848965,0.5721079925789269,0.8300941966219153
0.0,0.958214285714286,0.7203639729395652,0.7399376627394669,0.5410890956244087,0.5783281235642199,0.8425379803395888,0.7423045632719474,0.7353660590084543,0.5706526628099853,0.6512250214566662,0.9954255088783036
0.0,0.9500714285714288,0.7167255977394436,0.7468643762599323,0.5400142688029957,0.589175658210636,0.8165243685521165,0.7024110642703938,0.7297560549219901,0.5619289760918302,0.6465379877985588,1.0
1.0,0.95225,0.7144446155291706,0.7563280033195905,0.5400394236052534,0.5802284800855698,0.8318723611087745,0.6829746320538423,0.7249413631446733,0.5550958327060183,0.6316988813012521,0.9934572779685186
0.0,0.94375,0.7116293030600721,0.7534139719646454,0.5414962199776882,0.5941497907331864,0.8228418086248859,0.6613194290363142,0.7195350263958613,0.5412679694689697,0.6473898792465042,0.9618606484675284
1.0,0.9513214285714288,0.7089790435689411,0.7482936934843339,0.5396215820069766,0.5771564125587356,0.8275341545233771,0.6893942755713336,0.7134843860962838,0.5270293837895003,0.6704190306411408,0.9819536937993842
0.0,0.9550714285714286,0.7060131993113643,0.7445903826136365,0.5398991224155949,0.5955065086474075,0.8478086301979899,0.6615708897270913,0.7068416515370772,0.5021758904312382,0.6503092812171336,0.7568491877625371
1.0,0.9351071428571428,0.7054680893196288,0.7494016735567899,0.5398264470912988,0.5844083140441068,0.8058431215963889,0.6696989867613339,0.7031321476057968,0.4933843860399015,0.6653570349270143,0.9673544810594392
1.0,0.9105714285714286,0.7054477856329844,0.7605121637305041,0.5370859218501584,0.5825854498118765,0.7808763000232843,0.6551512462095997,0.6995859726068225,0.4791957933922689,0.6535530011003621,0.8551203184367657
1.0,0.9002142857142857,0.7038916405058058,0.7681962028377884,0.5381559223649454,0.5883743980130395,0.7696323768325599,0.6292286073515273,0.6962636096235757,0.4678745493762009,0.6617070865201555,0.7902133639964233
1.0,0.9315,0.7016380143783172,0.7760309396987104,0.5415840698603814,0.582903748869723,0.8208055075745969,0.6648546705125362,0.6934732093167799,0.4512281682996856,0.666420057078287,0.8916570844512599
1.0,0.9091785714285716,0.6967215650889753,0.7699693657437036,0.5402485983504195,0.5703575152621031,0.7861883897196897,0.6797943939057766,0.6885902620248228,0.4229914978217226,0.6494574468151346,0.975978534009117
1.0,0.8998571428571429,0.694210274512109,0.7682985931814091,0.5395223832049119,0.5721911145003254,0.7359006072603868,0.6846461060572443,0.6827558159478886,0.3859095032872221,0.6547074646233662,0.9757435501842808
1.0,0.8963214285714285,0.6890748119906522,0.7598749655775877,0.5381494103522012,0.5571770034094929,0.7411241621285185,0.6748835145329488,0.677223545124882,0.3614335662285616,0.6471346057141054,0.9665410528719882
1.0,0.9105357142857144,0.6849177440385952,0.7589129938550212,0.5417749631938719,0.5820731596524945,0.7395305352195972,0.6572738702758674,0.6739086564756394,0.3551819812661463,0.6313267010405658,0.9907892439322502
1.0,0.9023214285714288,0.6787577941970455,0.7505584492754805,0.5406214064753435,0.5675964171391995,0.7116420643134699,0.5693661711411878,0.6718446276770311,0.3588342530635526,0.5346188434157866,0.8577878103837466
1.0,0.8825357142857144,0.6753832700856779,0.7459656062328613,0.5378583754991321,0.5749820182184916,0.6405986026022212,0.49457140744027794,0.6712272794267502,0.3610811072667118,0.4744123287143632,0.4975745641419715
1.0,0.8793928571428572,0.6747682561196449,0.7439716689423589,0.5365987789019798,0.5724139805788929,0.6476615869679453,0.5364839878707196,0.6745604420234068,0.3863150600336414,0.4918942966633243,0.6556361365928616
1.0,0.8761785714285716,0.6763687452704694,0.7552265852522697,0.5345048397828537,0.5660339136890132,0.673673147661587,0.42792692848162095,0.6760355666949598,0.39885022291598,0.3567312235141962,0.610849266340594
1.0,0.8686428571428573,0.676110173667952,0.7602163699047985,0.5320420076997876,0.5805205032650871,0.674724119810825,0.42927298276754666,0.6791743974157469,0.4375856036162529,0.3582174845315946,0.49209378407851706
1.0,0.8807857142857144,0.6728788940737815,0.7655085925191523,0.5312607288368151,0.5738234184126432,0.6854090033280784,0.4198653945714075,0.6799759040064846,0.4497697083954453,0.3504662925643484,0.5920704159526411
0.0,0.8915000000000002,0.6681121160205129,0.7786500549720851,0.5301988538173364,0.5769372164992937,0.6892625678752846,0.4435100954071444,0.6804075693073162,0.4597980731677137,0.33155281346346416,0.5763053655023409
1.0,0.8725357142857144,0.6646645469858665,0.7934934797951386,0.5270419324927527,0.5775215538757968,0.6356629882641442,0.4544634272612975,0.6793053829701967,0.4531470212212033,0.3415452486171422,0.6532949225783227
1.0,0.8775714285714287,0.6634044230719036,0.804666751681515,0.5279080453645212,0.5795910519043916,0.6553687160623576,0.4769617631831965,0.6775935795096135,0.4437631741926722,0.36713222548267216,0.6454087144400437
0.0,0.8921785714285715,0.6617369018955226,0.806579487333712,0.5307900751394763,0.5794431481983087,0.7018742336661411,0.4975075808002365,0.6755966783524411,0.4404486151852151,0.33903683882328084,0.7007202016564632
1.0,0.8702500000000001,0.6601200462006531,0.8186713756472009,0.5271895224782699,0.5831560488411733,0.6366263794009457,0.4625471488795209,0.6721753119098679,0.4266665196411865,0.3478553948380029,0.5344256391789699
1.0,0.8577857142857144,0.6587202223693316,0.8350602582068891,0.5276626963742381,0.5850969410263438,0.6220879313364861,0.4818800384586939,0.670828039713401,0.426423954215988,0.3705675207414989,0.3623334533669426
1.0,0.8609642857142858,0.6569942071170778,0.847864303434948,0.5282332299151506,0.5824943441858713,0.6345244351024697,0.4682419939353598,0.6708059380131204,0.4253060864772353,0.35728298591940444,0.3813467770975879
1.0,0.8673571428571429,0.6530546377967452,0.8472097194218495,0.5300215303833469,0.5876042753300385,0.6300578034682078,0.4599881665557282,0.6718744770274163,0.4353912238595539,0.3954056048536481,0.3411955347497301
1.0,0.8799285714285715,0.6494351378730574,0.8426670279401455,0.5294963212098728,0.5896017119872377,0.6371518654755647,0.4772280156793134,0.6729113051325948,0.4456775350194714,0.3653214486445578,0.4053655023406546
0.0,0.8793214285714287,0.6470151908199786,0.8400789112188571,0.5289044592241865,0.5858527988508704,0.6469045120671563,0.466252496117151,0.6743017177492001,0.4632138163080058,0.3518492749665627,0.317680950666186
0.0,0.8718214285714286,0.6481636118424121,0.8471991934297831,0.5309896435415867,0.5876569881419063,0.6364896474053537,0.4214555136454405,0.6763319475730272,0.4827811661373128,0.3573443439226877,0.3056175729204175
1.0,0.8466428571428573,0.6499030113119829,0.860628805789033,0.5275453878567791,0.5883972051878564,0.6203759854457246,0.4145403446490643,0.6792353878083377,0.5069211258816093,0.34761169550437626,0.18602808786460165
1.0,0.8407142857142859,0.6518785537458527,0.870236603548717,0.5255191567510753,0.5877217396448704,0.6255739409165727,0.3949042230604246,0.6821202999752289,0.5267603962294606,0.3699569948092287,0.11776194437411833
1.0,0.8309642857142858,0.6496367815834123,0.8739791113765489,0.5271546903955681,0.5905515149249542,0.607467729359785,0.41393388063013065,0.6858501459752588,0.5524226076556883,0.3958819549417572,0.047679617637989086
0.0,0.8640714285714286,0.6469051147701497,0.8724408267261681,0.5312958383206581,0.5847287569887337,0.6543359611885989,0.4948672435470749,0.6898859389237941,0.5808874283849392,0.434346112099336,0.31273109407231525
0.0,0.8735000000000002,0.6435107275169272,0.8736921120413177,0.533139759836762,0.5924516445066412,0.6847440006930607,0.5151172250573183,0.6925420353471201,0.6066416331360786,0.40758275898659735,0.2552348893619128
0.0,0.8617142857142859,0.6438023216710439,0.8768120081011057,0.5346436607290646,0.5807609440085514,0.6579745300181927,0.4774277050514015,0.6946518827161037,0.630120405964569,0.413257828654886,0.13761694965595644
0.0,0.8753928571428572,0.6454688759525196,0.8782444934447502,0.5361661280778026,0.591187342639544,0.7319587628865978,0.6094667554174986,0.6980289953557257,0.6604631591304728,0.5491565590151701,0.8622478087236142
0.0,0.8740357142857144,0.6476819444404498,0.8789415985735513,0.5348172200063626,0.5965568640356338,0.7578619076496578,0.5999852081946603,0.6950303756642873,0.6618556154526565,0.5383132383153408,0.7956018878688872
0.0,0.8728571428571429,0.6454302340325895,0.875772980203968,0.5337393652041308,0.5949293935480697,0.77865372953305,0.6598180607943198,0.6926659265001303,0.6688401317359761,0.5859398081909447,0.9950547852225348
0.0,0.8897142857142859,0.6403908701437491,0.8807531343807564,0.5340365048797139,0.5745120565086286,0.7806462791302087,0.6485984764440501,0.6889187328670137,0.6782276960114791,0.574883299848958,0.9310361469041072
0.0,0.8787500000000001,0.6357862742635105,0.8864768893313175,0.5327415223763194,0.5922554252264437,0.7342978428484795,0.6340285481843059,0.6861254804693937,0.6889201927417692,0.5373593870965082,0.9665061390949704
1.0,0.5775611528215066,0.9863928289421776,0.1646922725874752,0.464915012243281,0.4576994055224762,0.6321649125858922,0.4678574069965236,0.9659562272182702,0.5377748420304204,0.4763144021271154,0.743230347131098
1.0,0.5440179220150158,0.9845660676353708,0.1511580857475633,0.4626670239796564,0.4528283970396146,0.5759763416543446,0.38613268249389865,0.9642331834655355,0.5297164572990556,0.4679265584766255,0.4611734889340781
1.0,0.5696294502300798,0.983365254658683,0.13942546598746625,0.4648768770333431,0.4484680947940236,0.5646690440984604,0.3628060054729676,0.9644842521509064,0.5302891310432448,0.447770734113793,0.3181794026995425
1.0,0.536449503511746,0.9847639405691592,0.14200842564331362,0.4659701035647468,0.4572995173366647,0.5401409063233886,0.3565268841062049,0.9659746458570416,0.5249281444849738,0.4402084269306477,0.1321872675098308
1.0,0.5224630661177039,0.9855955357233638,0.16161038951475545,0.4643673722387498,0.4629500994902152,0.5901539532051839,0.4434657199911249,0.9700291152895296,0.5456550005470402,0.4974789495067221,0.4573280901264736
0.0,0.6034754177767013,0.9806833362217968,0.15676548320915226,0.4669604756812283,0.4481901440409417,0.6366878316082458,0.4626506915169,0.9710197879650908,0.5591668851349085,0.4623678411102949,0.5150653629503669
1.0,0.6616614192298378,0.9747176316545206,0.12964646896103932,0.4726998357278967,0.4426968270849522,0.5758023832304081,0.4097330079136154,0.9692947052329804,0.5627074829108304,0.4091881204449082,0.31594749707726555
1.0,0.6022644708161783,0.9707044757407582,0.09842663934021748,0.4715392096133186,0.4473171893721744,0.5378794468122119,0.4508468308557063,0.9689668322638608,0.5887988901685037,0.45033694049727613,0.08261363636363615
0.0,0.6432550254298863,0.9715772580215783,0.08585820687828141,0.4709979301033713,0.44620857351109694,0.5794555101330785,0.5735892315657123,0.971742937248634,0.5841647919937369,0.5063967400093614,0.09259326660600399
1.0,0.6530636958101235,0.9699668251517392,0.07861013860351926,0.4680088509195406,0.4469359989251398,0.5900669739932156,0.5699504474521119,0.9735570925936892,0.5651596984925521,0.5023443119577018,0.4446663104311396
1.0,0.6557883264713005,0.9683889874275764,0.07333555425107544,0.4684447973732699,0.44705883399060864,0.5732799860833261,0.5518009023001261,0.9740261188170138,0.5219906760836556,0.488313960957441,0.3324239952751934
0.0,0.6826108016468879,0.9668389832064104,0.06494878203029432,0.4668126639979074,0.4466618037763195,0.5973732277985565,0.6965017380371276,0.9750517675573388,0.4837327955346808,0.5699328416400281,0.6260370672441431
0.0,0.6790990554613707,0.9654095066367449,0.06018126272514436,0.4666451810364397,0.4695962965616661,0.5874575976341654,0.6901264699356552,0.9725084252467744,0.4419990758963581,0.5660015974645474,0.6763270084601607
0.0,0.7275369338822959,0.9633653207434376,0.056314124165527474,0.4666118070663034,0.4730760400945958,0.6443420022614597,0.6240736631905931,0.9709501354078494,0.4091012019727495,0.5637483105514669,0.5099953612688036
0.0,0.7706466456769192,0.9601833671040791,0.04623960290917953,0.4663447454672061,0.4749599821553543,0.6717404540314864,0.7231121958435025,0.974774305433501,0.4329067800699423,0.6268026954506941,0.6929380839831234
0.0,0.7840276095907,0.9577999262681915,0.03232756073038354,0.4676866823099554,0.4815250043748274,0.6714478569017887,0.595688188743436,0.9752932321397648,0.4320019588883568,0.5229377710834663,0.6651940535883886
0.0,0.8108500847662872,0.9574347130748674,0.01704963103153223,0.4693265860395424,0.4771222281496969,0.7252784340195747,0.6381184823607725,0.9770926377369497,0.4553875303831586,0.5653036582118603,0.798502352499392
0.0,0.7753087914749335,0.9566656657280708,0.010337356569363744,0.4701672980658394,0.4810807582301626,0.7008099898751268,0.6818208712373344,0.9746702867213192,0.4533688080306956,0.5501328792321709,0.8364957699189317
0.0,0.8048558973116977,0.9562164997807292,0.007753560459688612,0.4688681934561221,0.4802284610975202,0.7100067499156261,0.6590193033059684,0.9698930716661368,0.4547200793795288,0.5240053390173258,0.8448013076804131
0.0,0.7883870186485833,0.9546668994479174,0.008679651182929127,0.4709984169964856,0.4729507364888659,0.7085723928450897,0.7017898084461207,0.9640068289125427,0.43224539568866177,0.5514084302209274,0.8038479379735367
0.0,0.8019496246064421,0.9536155978355836,0.007619382374461803,0.4682629031300144,0.4196274556688171,0.7225784677691529,0.7849641298720516,0.9576826259678296,0.4062108035189416,0.553262683086693,0.8511850853747434
0.0,0.8768466941147977,0.9519500356920376,0.0,0.4700503633468354,0.4376966851609703,0.8091461356733041,0.788610309888322,0.9532202726528952,0.3905163733475968,0.5564354630451874,0.8951662333819449
0.0,0.8569266166141922,0.9510279217943532,0.003276409795105101,0.4724508996542554,0.4493716327313534,0.7908328489579008,0.6771762443606243,0.9470069114653774,0.3608426420243551,0.5053134967837652,0.9997849051192575
0.0,0.8124243158149672,0.9511544270513238,0.015259491641299859,0.4725649201288002,0.4510817612393007,0.7611890724902434,0.7257673249020042,0.941890162284852,0.3342199602144321,0.5308940457618934,0.906416704770614
0.0,0.7943812061031729,0.9525032799349948,0.032998619148337405,0.4749497825728723,0.4519819283402444,0.745993523208503,0.6787885511426666,0.9364683851123228,0.3033343299950567,0.496055575849937,0.9186607732561082
0.0,0.7638047953499638,0.9536781951887422,0.04877780957071862,0.4758450759732314,0.4755969017257266,0.7401810180187663,0.6270763996745798,0.930308242831012,0.2769352036912404,0.5147808742570552,0.9330670634609852
1.0,0.7409784451441026,0.9548188714406513,0.06277495155816842,0.4775800616316304,0.4705462908125358,0.7327908328489579,0.7335626063161008,0.9226253177154032,0.2451889911294294,0.5609361254855841,0.9258126095028898
1.0,0.6873940421409541,0.9538010539062132,0.07559558638407153,0.4777357751276651,0.4568359494980698,0.6663622021091089,0.6578951261001401,0.9116645088252592,0.18090980133207674,0.5306990997734774,0.9835085313833032
1.0,0.6534269798982806,0.9525792185734768,0.08035396191661304,0.4758247983718089,0.4740832534461864,0.5918790998920536,0.635330227054212,0.9096107307582316,0.1754269054147909,0.5213566452659361,0.640760197775031
1.0,0.7002300799224993,0.9510919301805242,0.08459313616363417,0.4792369872794665,0.4762058040675277,0.6632068421489661,0.540056208860291,0.9122802984896624,0.1908920018645288,0.4692378292372749,0.8772613320685668
1.0,0.7134899491402278,0.9502938816521016,0.09216696060212183,0.4765691504325853,0.4569305669189184,0.6692684547039776,0.44936765032172143,0.9154264435545432,0.2173346716193912,0.478635112835455,0.8251914086320201
1.0,0.6665052070719302,0.9506246033462951,0.112642050281606,0.4770967094335132,0.45949550454188504,0.6085692933654405,0.3457288662081209,0.9184932588670572,0.24095082205778875,0.4801856930661413,0.3105859805080943
1.0,0.6334463550496487,0.9526965400057492,0.14121033631305213,0.4777470894938057,0.4577705563383517,0.6045005397326247,0.24896087567487615,0.9235832023811871,0.2852729479779078,0.4962846234615496,0.3005138033682672
0.0,0.6227294744490193,0.9535041590953404,0.15078267391749467,0.4765636472933776,0.4586911984994485,0.6182014448227189,0.2479550329117665,0.9292281038998867,0.3332730262810032,0.4962180052735194,0.3113365868713946
1.0,0.6169774763865341,0.953438495126812,0.14905268192460702,0.4765663989567775,0.4782953463253734,0.5759362285144898,0.19626506915169,0.932594243552734,0.3739224583445876,0.5233123846025852,0.2070654928387748
0.0,0.6978687333494793,0.9534027510028836,0.13308008402757246,0.4822987925243564,0.4745608230842652,0.7045586647845222,0.3220915612750538,0.9390563659002706,0.4309957507983508,0.5183415819295429,0.4772711205372921
0.0,0.6802494550738678,0.9513597010459552,0.12217468601918285,0.484383172754058,0.4603053268870071,0.7035622353234244,0.2760076917387766,0.9385624086446036,0.4351827704724064,0.5013401425946644,0.4825379992930354
0.0,0.6893315572777913,0.9485445379557212,0.09703081945143484,0.48598398618769,0.4562452253080822,0.6443577181765342,0.3027364839878708,0.9377682404096196,0.4316417583385007,0.5144667105153115,0.3861240582034449
0.0,0.6834584645192538,0.9433722803585152,0.0653318890239484,0.4856660461733824,0.4498623489879,0.6311550278169891,0.3594778492715039,0.9359953556388094,0.3950370120240753,0.4889408271962859,0.4439098548255069
0.0,0.6918745458948896,0.9407514801317529,0.04012123682563778,0.4870187004946125,0.45018356332311227,0.5896371336045834,0.35488499371348303,0.9346121034885844,0.3877024574037666,0.4853612385664646,0.3163267010808739
1.0,0.6605110196173407,0.9380433569139996,0.023578135943123246,0.4885934314878769,0.4500850740905403,0.5469567383542305,0.2635973670586496,0.9355953591689988,0.3932558934729576,0.4885765986730897,0.16425266041864994
1.0,0.6878178735771374,0.9372722068538494,0.02868355619595639,0.4871116821391982,0.4571760598147517,0.5712031885742755,0.30902300125730353,0.9415157353826179,0.45030684243707103,0.4615479050614511,0.1857030688785309
0.0,0.7641680794381205,0.9348894895150818,0.021765675648611454,0.4892839172962594,0.4523098019247021,0.6720086357219961,0.41487316026921095,0.9477037459044066,0.5011582068114853,0.5067313703978429,0.4287241684625538
1.0,0.7460038750302735,0.9321569856659704,0.02385117930689165,0.4887975503327438,0.4492938960427971,0.6075583794042413,0.28093336291694376,0.9499691887460632,0.5275540350080806,0.4798757617956039,0.21620808900917166
0.0,0.7513320416565755,0.932056576488854,0.02847905562101971,0.4855272256270885,0.4451532163703966,0.6130268199233718,0.32906589749278936,0.9564414984173392,0.556197954874171,0.5021940222247199,0.3303763845035837
0.0,0.6770404456284816,0.9429850472141816,0.09058542185173253,0.4825613569588546,0.4402113143431828,0.5743050460585312,0.4188299681976189,0.9600342756672562,0.5601424667575234,0.5022804845766878,0.4401510215673503
1.0,0.4688181157665296,0.9564491685933572,0.15445612167572792,0.46850796681354606,0.4231921484603108,0.577313463222295,0.3184453812587826,0.960632915223653,0.557105748742888,0.4257437706394667,0.19395579612088465
1.0,0.4038508113344635,0.9671157377141618,0.2061811644449472,0.467259314377921,0.4262162783908798,0.5486041801034329,0.3377338954219361,0.9672474372053608,0.5928919954838897,0.44085300522586623,0.16263218563624576
1.0,0.4301889077258417,0.9684776024466399,0.2100996310701671,0.4655113743242285,0.4369275585625588,0.5583064863098076,0.3164854670512538,0.975732645387038,0.6584844941934114,0.4210638413527434,0.059322741776508474
0.0,0.4944901913296196,0.9670682124196602,0.18497417752991813,0.4701421903654485,0.44727742009245797,0.6447524440666021,0.4365357591894091,0.9882129146598242,0.7571057542838184,0.4942262067081685,0.06515601783061017
0.0,0.5495277306853958,0.96429309348547,0.15447221654933946,0.4704060022116838,0.41854518001335456,0.6989103992021839,0.5078692404407964,0.9954380491114628,0.8269286771774136,0.5495213147702578,0.1865141481035523
0.0,0.6146766771615404,0.961897900762734,0.1283830584608437,0.4715171838558894,0.3939562746437707,0.7358905007264802,0.5591968049700463,0.9993991663093679,0.8981530245380854,0.5455851409179302,0.3336544250451514
0.0,0.6559094211673528,0.9600608738052062,0.1264376642082496,0.4741103750397362,0.3940058464562179,0.8119979354764827,0.6387397381850454,1.0,0.930516273621946,0.6327820264204569,0.7126429861529197
0.0,0.6655364495035119,0.960180986274681,0.13166820527336764,0.4747195011531196,0.3843487580300381,0.8293348432878731,0.7282005768804082,0.9961854005565632,0.9358755720022154,0.6553076933757574,0.7589102950030095
0.0,0.6468878663114557,0.9600331413021779,0.16597881797959746,0.476989569871349,0.3941429587915847,0.8228136210835886,0.7610531765401967,0.9899797813143864,0.9038031098608592,0.6392159289748066,0.8457104017722284
0.0,0.6302978929522886,0.9610274143689898,0.1962101393850608,0.4794023234550013,0.3868182007413066,0.8185986847808193,0.7900673027142959,0.98295041460211,0.8741178295681926,0.6560619140187768,0.8321155917755598
0.0,0.6239404214095422,0.9616536792099131,0.2278139155928465,0.4785854508895844,0.3923122334048649,0.8454788445984796,0.8999926040973298,0.9772513799062932,0.8652102176390277,0.7178663349292791,0.9860246751828792
0.0,0.6005085977234197,0.9635934824777292,0.2338708868816509,0.4807735910327737,0.4151631503966742,0.8217002416828569,0.7834775534353966,0.9690057541740388,0.8405178963172133,0.6389752386954207,0.9992632448482957
1.0,0.5283361588762412,0.9643806039013852,0.24144931065723346,0.4792496881765236,0.4597526007508692,0.7848791943586655,0.7515864211226979,0.9648775389071332,0.8352981774489907,0.6682315969669332,0.9735161352285808
1.0,0.4914628239283121,0.9656194595466896,0.2533485332100759,0.47687793164769204,0.4602284977577408,0.7359700278265323,0.6826640041417056,0.9595069499448194,0.8104114048638955,0.6610562481027852,0.8525478030919451
1.0,0.4806248486316296,0.9649717367548416,0.26119204541665725,0.4797725859307328,0.4663644949461774,0.7342204316253826,0.7504696398195396,0.9558758349414151,0.8034206338065615,0.6732771537196911,0.948975378103545
1.0,0.4538023734560426,0.9653718633712176,0.27131158558557505,0.4780100229451088,0.4668410571913926,0.6968426946008256,0.7357961689224166,0.948230423414357,0.7579873497641254,0.6660294058782708,0.8235946936457946
1.0,0.42655606684427216,0.9671775044217568,0.2931595390924245,0.4796955166608658,0.4612032105223632,0.689287620095862,0.8249833592189929,0.9428734556706851,0.7246886815366796,0.6708379634753469,0.8505908452936114
1.0,0.41735286994429616,0.9686149467582744,0.3026382812531005,0.4788871300737552,0.4650838411082454,0.7227685292178587,0.8578433547814517,0.9380143071680124,0.6852793304497611,0.7172561088782302,0.9754141627415956
1.0,0.41020828287721,0.9674681793515182,0.31166470666261104,0.4784575862695709,0.4508294920662776,0.6993080347024453,0.8110568744915314,0.9323978495691684,0.6747844083878811,0.6460043760950248,0.997576621525302
1.0,0.3832647130055705,0.9641839556002232,0.28741224122445824,0.4766966522026421,0.4514530057225821,0.6251092503536968,0.7811404481917017,0.9270609228900372,0.6934228214586755,0.6320519520935812,0.9417225150194116
1.0,0.3868370065391136,0.9616390822201154,0.2741491079580606,0.4769902531197416,0.4478522582438532,0.6127030227455459,0.7301235115745879,0.9218874842447646,0.6776321097256499,0.6232145252307764,0.9164768907107396
1.0,0.39670622426737706,0.959730579261306,0.25869201713930384,0.4739953899046774,0.44671850955346654,0.6208943140509273,0.6981732120405298,0.915791474032268,0.6475725670804928,0.6058514823166734,0.8623578832016805
1.0,0.4105715669653666,0.9603072301977036,0.2790494824875374,0.4750325349192496,0.4635041696681486,0.6163612693479492,0.7329117668811477,0.90888145549624,0.5835942015669809,0.6268816111946875,0.7867677275010263
1.0,0.4165657544199565,0.9607293504758158,0.2956379018783361,0.4752638724769141,0.4628786365746798,0.6775971363881815,0.7947563050070265,0.9016002129805992,0.5376769947051877,0.6213766628437476,0.8398931555636728
0.0,0.43709130540082347,0.9604266431267372,0.30907750961192226,0.4730082510088189,0.4133498802575773,0.6953316796998329,0.8369425338362545,0.8938390085606294,0.4745837397075599,0.597019997389189,0.8827748360072696
0.0,0.5260959069992734,0.9578274738221144,0.3081097040865764,0.4755416790907674,0.3802549751031321,0.7783579721543811,0.8278529694549224,0.8833824330015678,0.3850362290046143,0.5932183241050552,0.8544582968795561
0.0,0.5618793896827321,0.954452531029488,0.3025985165181703,0.4743014379905885,0.4599090487790259,0.8182805763806106,0.9530729975593524,0.8746893230241715,0.31506224766218105,0.6067634599709493,0.90215108508878
0.0,0.4985468636473725,0.9508220624496836,0.29670290297563817,0.4702426587558486,0.4590024102428568,0.7189512284153511,0.8252348199097705,0.865041096755385,0.2586108732947794,0.5667346229152864,0.9713827881987004
0.0,0.5113829014289173,0.9472467880748942,0.28196333039915683,0.4713260584445677,0.4485214013231525,0.7018529019041172,0.7544190518452782,0.8606649628885201,0.2377725153455347,0.5582141075024853,0.9754761335564596
1.0,0.5016953257447323,0.944403400002552,0.2722374492769175,0.4708126488798042,0.44310875380418857,0.6678948301818068,0.7356112713556692,0.8562574872527657,0.21275711436046288,0.5500945643765001,0.890476383211236
1.0,0.4700896100750786,0.9430592608055852,0.2717202569856882,0.4723349185188737,0.44179649435825696,0.6286879698560479,0.6560757340433402,0.8521796049752639,0.1808000604998881,0.5533218393064963,0.7218197272028172
1.0,0.4843182368612254,0.9408463149101496,0.2690000100971232,0.4733801058402064,0.43997397114734665,0.650080759770103,0.7007100066563129,0.8514036892617283,0.1723124491739088,0.5912307212411785,0.8827255433682767
1.0,0.4921288447565997,0.9375699661569022,0.2582878181487235,0.474269615469108,0.4451919305507585,0.6086471406428813,0.693669107314548,0.8484702999452769,0.1487389808408771,0.5843936395829128,0.8847290241631928
1.0,0.5407483652216034,0.9338024393409348,0.2400741913895593,0.4742691877086689,0.442807678955822,0.6488878532693194,0.6523851786110492,0.8454462041995818,0.12641718800135465,0.5475174605900363,0.931335249119682
1.0,0.5438362799709373,0.931797320790972,0.2288464596981463,0.4746207055719182,0.4385958176527965,0.6364816256611685,0.5765032172176615,0.8399989993318668,0.09430049317434892,0.5475044127153441,0.9215298687567512
0.0,0.5438362799709373,0.9298215118660914,0.22417516007996705,0.4745787173807456,0.4372052025911353,0.6409351432640945,0.6138451297980918,0.8371562607982048,0.08198909451940589,0.5699026929339495,0.8554715333164777
1.0,0.4892225720513442,0.9294031552384844,0.23132401807899844,0.4708239736826824,0.4398931181101256,0.5448664064009775,0.4292212114488571,0.8350217057710052,0.0704896720786401,0.5021915594353031,0.5836991748454259
1.0,0.4680310002421895,0.9296741522062224,0.2422025291002103,0.4726972274477251,0.4477721233649201,0.5445482980007683,0.3809703424302936,0.8385700291026337,0.08486280859679074,0.476582722861989,0.5874704491725764
0.0,0.5565512230564302,0.9311520086125724,0.26371137202281386,0.4792885091587684,0.4487727994773437,0.6692467908826952,0.4386435914503368,0.8392658506746571,0.08202002779702383,0.4592191909199774,0.6950723660648456
0.0,0.538689755388714,0.9318146186894396,0.27809362784908603,0.4816558581219513,0.4633007643000268,0.6542956960728723,0.4665113527105982,0.8349270532899362,0.042016122367831865,0.4771991427285857,0.6630290517622774
0.0,0.542140954226205,0.931867031062962,0.2886956460977949,0.4816865787826358,0.4504154445522827,0.6841183585924662,0.5732564159455661,0.8339710482938059,0.03675345886348708,0.4908034966691314,0.7838287652474358
0.0,0.5306975054492612,0.9314874049068256,0.2943247051408942,0.4809827866619386,0.43967336711498106,0.6581129968753799,0.4273056726573482,0.8311139455407304,0.013448029185500364,0.4636253599953506,0.7803948005983109
0.0,0.4975781060789538,0.928769695913915,0.2893804640343527,0.4823463608522916,0.4386969481684464,0.6156455254474792,0.3673249020042897,0.8306379964024624,0.01970395269747266,0.47839828701739295,0.5742227671861407
1.0,0.5180431097117947,0.92692415004901,0.27679348482372085,0.4841555211026784,0.4405870833969005,0.5991038886366115,0.30201908142888834,0.8299561332870204,0.0,0.489900365185132,0.4548690768135429
1.0,0.4703923468152097,0.9242750256859984,0.2549799320250934,0.4842899722370856,0.4411132855600532,0.5428782288996712,0.2515124620959988,0.8333949697766576,0.010952593130705124,0.5098384693197302,0.3312960859610222
1.0,0.4877088883506902,0.9219642927620948,0.2303237621083971,0.4857322953116591,0.4550459449752673,0.5427191746995664,0.1561570889727088,0.8392476771894204,0.0351752625898471,0.5275275249401644,0.29006031562422474
1.0,0.4449019132961976,0.9178948780346636,0.2102514866918625,0.4826536691966502,0.4547691541602881,0.4431512454341504,0.0,0.8454555801739461,0.06043861289644802,0.4532209385115417,0.03703982874544067
1.0,0.4674860741099539,0.9162069578544256,0.20274181746941766,0.4847185606622601,0.4543222247388636,0.4309040720261039,0.07221359366910696,0.8559028663829801,0.10755230595308383,0.4363354551575525,0.0009082217973226717
1.0,0.4765076289658513,0.9165934441713832,0.2037704179127908,0.4852580694990196,0.4560930370964186,0.4705085678521242,0.1309814362842982,0.8645243302884129,0.14250466704533832,0.4094945963180941,0.0862495860209112
1.0,0.4514410268830226,0.918005671958078,0.21006263536328665,0.4868781013196568,0.4571701125240936,0.4506267928390619,0.07996449966718439,0.8714924588387303,0.1910563831390304,0.4308184462664726,0.045740260129914605
1.0,0.4594332768224752,0.9195108481966282,0.2156893322894009,0.4838427304953937,0.4412878455556679,0.4534897684409427,0.11587900303231975,0.8804721087532108,0.2503516402644739,0.4023566134467396,0.01328732221756342
0.0,0.4479292806975054,0.9198487814658888,0.21622636706348447,0.4827124172556269,0.4397629136810647,0.4651007250485712,0.12881443680201116,0.8886889897829133,0.3047879842281779,0.4078952861010608,0.04418357145160709
0.0,0.4873456042625333,0.9200097780875126,0.21378036243979687,0.4822795652570655,0.4369099440637093,0.4981044715702545,0.13382885881221795,0.8979944140117571,0.34813892122925083,0.410182159107548,0.06113135743541754
0.0,0.5512230564301286,0.9188236266026174,0.20537968536995085,0.4837452811352627,0.4404937918147512,0.5707127139179585,0.1684860587234676,0.907676921446104,0.3893197828435302,0.4265211788022129,0.10060926584359263
0.0,0.5919108743037055,0.9193246536082069,0.2118399490024117,0.4832899825692496,0.4348813311072615,0.6193037720498825,0.2071592337844831,0.91460482992724,0.4100124390849291,0.3964688224632563,0.1780092551233719
0.0,0.5446839428433033,0.9209895143242748,0.22746251971022116,0.4829382748629325,0.4599027901228146,0.5975133466355661,0.19076991346793928,0.920137918157129,0.4138841267096592,0.3733479584156051,0.036448748414301714
0.0,0.6272099782029545,0.9246316050091292,0.2561595611958823,0.4888729203537507,0.3976670304897158,0.7350952297259574,0.2889505214111381,0.929280400833388,0.4502574690089365,0.3759303420394178,0.17973777348777348
0.0,0.6372608379752968,0.9279547670595496,0.28154219126866536,0.4890437599053133,0.3944516404463364,0.7939452837646221,0.33863619554766605,0.9353244032554956,0.4756162816417734,0.4060632860863012,0.3299549549549543
0.0,0.6393799951562122,0.9305195751558821,0.3058705210504505,0.4885406187249172,0.386519413558214,0.8502504706016147,0.3381480659714513,0.9383504048901591,0.5108852909125837,0.4050355454066487,0.3069095881595875
0.0,0.6120125938483894,0.9304559311799842,0.3055845785523809,0.4901781909432674,0.4276510662173197,0.8314025478892316,0.3433325937430667,0.9423097861275632,0.5318405175834011,0.4086371047375167,0.2005509974259981
0.0,0.5741705013320416,0.9278777731838596,0.2924343210706761,0.4877944519694146,0.38795539341933705,0.7628501876441924,0.2669846904814732,0.9478640005749116,0.5713986829908555,0.35935914387148205,0.025619369369370724
0.0,0.6529426011140711,0.9229089860319968,0.2612268769364457,0.4899959992409294,0.38748911579751744,0.8469898594994723,0.446490644183122,0.9584673569295374,0.6354690214293552,0.4751096556358057,0.2700783421784172
0.0,0.6990191329619763,0.9183486251941564,0.2361443531858463,0.49004091354018,0.3958751430649635,0.8477851304999949,0.4447008357370017,0.9619795705381846,0.6693595860920043,0.4733131311011958,0.2508264570372482
1.0,0.6895737466698959,0.9142541071215076,0.2159454821399589,0.493004841169948,0.3982752032492647,0.8424568147964939,0.4887064566230309,0.9671294106476818,0.7111562743743107,0.4756605572517622,0.07945729568882845
0.0,0.7166384112375879,0.9108984896625684,0.19818968078681026,0.4913020591594981,0.410398654277464,0.8734723838168715,0.4855705938909846,0.9713214118514396,0.7628789460077359,0.4723610716342165,0.15756845796875402
0.0,0.7728868975538871,0.9054021298865664,0.17510645768349647,0.4919802476701649,0.4136071551332421,0.907509982639234,0.5866577915834625,0.9752402612925511,0.8135532733047379,0.5566430795231213,0.5391184573002739
0.0,0.8334947929280696,0.9019512768652316,0.16786906603119425,0.4930529092951608,0.42214970598195256,0.9404342020608653,0.6574735596479548,0.9750037360267972,0.8394348380337244,0.6231579688263259,0.7759543486816206
0.0,0.7891135868248971,0.8998801101462731,0.1755672115156891,0.4887154710471878,0.0,0.94130900016144,0.618038606611937,0.9713988690818188,0.8250225646647342,0.6113639347127645,0.6941106400868854
0.0,0.8036449503511744,0.8994536702885413,0.19269521846849308,0.4896546931308199,0.421533433075469,0.9658033469775328,0.6686709562902153,0.969118865965172,0.8176933839555965,0.6602203586592442,0.6614231160004196
0.0,0.801889077258416,0.8941245234821708,0.17913828282217134,0.4895756901053304,0.41607609567414505,0.9676307774037892,0.713578877301975,0.9646939848200328,0.7929329454279495,0.6961903104313172,0.8513124721933852
0.0,0.8225962702833617,0.8908862460371102,0.1725718890296421,0.4920842373449961,0.41499250506468793,0.9221868146902409,0.7708453516751724,0.95858638457363,0.7724165449227303,0.7357706982580559,0.8047802500196558
1.0,0.7603535965124728,0.8881923933710566,0.16928225771752894,0.4903315037655409,0.4183341112125241,0.9037052030937098,0.8204200872716518,0.9527090715633622,0.7515679650025702,0.7237981299003231,0.8399103040429139
1.0,0.7626543957374666,0.8904519986594944,0.19375730618583095,0.4903546325809351,0.4143590150652727,0.9149861867954884,0.8268619184971522,0.948652425308146,0.7474753709964279,0.6852986038760843,0.867078379314325
1.0,0.7312908694599176,0.8913112553317547,0.2180028030283674,0.4871796820606718,0.4301527507196895,0.9350679379241869,0.8073663190592409,0.9445955063348932,0.7393558643255029,0.628954903970663,0.9296988990582298
1.0,0.7188786631145556,0.8902814534970079,0.22720972652170945,0.4859185808599771,0.4221691241868101,0.945548851859882,0.8225057318245693,0.9396890701685016,0.7347119258130155,0.6383583639466672,0.9797005939305192
0.0,0.7467909905546137,0.8872992087444137,0.22732572218608302,0.4881612237861712,0.38397272328733795,0.9404284053569468,0.7601360846091261,0.935454382072444,0.7502002745064351,0.6232223505963187,0.8838075810245403
0.0,0.7621094696052313,0.8840265630270593,0.21894642292773356,0.4890834036319965,0.0,0.9693909308891732,0.6648546705125362,0.9312307901631836,0.7570928333860463,0.5337027713136232,0.8809766657646587
0.0,0.758961007507871,0.8810307457780705,0.21070139582038871,0.4885581483128725,0.3826977641315898,0.9966797129652348,0.7661637452851127,0.9271285400807516,0.7668124868874411,0.5457876060810919,0.8966299619075376
0.0,0.7687091305400823,0.8783682102784297,0.20220823592736725,0.48954020609072296,0.41721545274739547,0.9876788303538134,0.7417942459877228,0.9190532726794192,0.7337204207802088,0.5753120792485822,0.9984071133089248
0.0,0.7403124243158149,0.8779027249151629,0.209234011091354,0.4911144724937682,0.3524380510299994,0.9906715874043108,0.7234524073663189,0.9130318330052992,0.7265570214615833,0.566523466788941,0.951028817454238
0.0,0.6840639379995155,0.882269290874612,0.2511204389235257,0.4862453245107294,0.4361617371991749,0.9965828577810409,0.7308039346202206,0.9070424114215332,0.7104099089981188,0.5740219342627292,1.0
1.0,0.5598813271978689,0.8838499599604821,0.2793316556210209,0.4809587338999362,0.3502710157969156,0.9930810151037894,0.7444937504622443,0.9006595985613328,0.6949860362815032,0.5830675169226079,0.9333352229245216
1.0,0.5917897796076532,0.8831883325439928,0.2919441533255244,0.4833984937335797,0.36745313256726203,0.9976430765827876,0.7426891502107833,0.8947728562089696,0.6888081236410104,0.5807904778551318,0.9813017960893028
1.0,0.5633930733833856,0.8793214155354453,0.2814981950972439,0.4852912106267538,0.43542123159808827,0.9640723900410484,0.7303601804600252,0.8890208702303108,0.6853363033573627,0.5746729632740272,0.9100743337160808
1.0,0.5598207798498429,0.8750902805491579,0.26706414260477496,0.4849379058397619,0.40600076868096396,0.9734408554227499,0.7643221655203019,0.8822572588595003,0.6735033990550527,0.5524728126281357,0.9902909904868488
1.0,0.6134657302010171,0.8686653455024008,0.24018272953821146,0.4889204603428021,0.4185427760691297,0.9716217359311572,0.8203757118556321,0.8741773368154366,0.6324712416038769,0.5829905688356279,0.9531652580124736
1.0,0.6410147735529185,0.8617388379663159,0.2103552019791366,0.4911779783377802,0.4217625458619903,0.9508837737270032,0.7930404555876052,0.8665053140425802,0.6031238902059971,0.6206796875431759,0.8918802075145426
1.0,0.6537297166384111,0.8585766343233291,0.20026164451479145,0.4920468714229063,0.4214340135490515,0.9708940881345204,0.7806301309074775,0.8616540041520422,0.595967828955443,0.604200032592397,0.9369595975475556
1.0,0.6230927585371762,0.8561106333412739,0.1929228625819428,0.4933691972747852,0.4181131504794579,0.9608711359109244,0.6876266548332226,0.8555755407754102,0.6021609191287939,0.5859200167891484,0.9704022569191108
0.0,0.6637805764107534,0.8547920440923291,0.19469373624346314,0.4925776904200621,0.4593428504068928,0.9912162959669076,0.6708897270911915,0.8514465848677804,0.6144179052108758,0.622570703738807,0.9316357799503854
1.0,0.6094696052312907,0.8500125112691307,0.1798997125498485,0.4924553722987221,0.43211355718069183,0.9755298634868712,0.5838769321795722,0.8461853456884032,0.6188271144012567,0.6123009738423506,0.6840799649788403
1.0,0.6453136352627755,0.8475225846564071,0.17841649734509846,0.495305459171446,0.5187529638100219,0.9600352596716086,0.5562088602913983,0.8442159964577078,0.6497263651555003,0.5921101929412425,0.5251228172576485
1.0,0.6074715427464279,0.8454629359767448,0.18497512792135234,0.4962581194026967,0.6146962995912992,0.9516050975963866,0.5484283706826418,0.8446077320928074,0.679297805871445,0.6341072507452844,0.5130113332360532
1.0,0.5814967304432064,0.8460465972057268,0.19641900984341595,0.4940532019092245,0.524600714568476,0.9618443384242964,0.5671178167295315,0.8459205816643038,0.7065752197495309,0.6502409881771394,0.65491998638066
1.0,0.5451077742794868,0.8459130394797233,0.19981534222270148,0.4953505003732679,0.5499447413658902,0.9148017885828602,0.5340803195029956,0.8447595283257596,0.7173942151001944,0.6717813023515972,0.5833211732088142
1.0,0.5434729958827802,0.8432168617880648,0.1846234328933362,0.4951868518843565,0.6148752217542265,0.9195350225504784,0.5745506989128029,0.8431337143024984,0.7434268879578344,0.6573904725117052,0.6496181720900832
1.0,0.5949987890530396,0.8399515189002716,0.1747740446490802,0.4951587106733962,0.5826378059034085,0.9596226163578634,0.7131499149471191,0.8405364801847419,0.774798004167746,0.7426625532006522,0.959628386594678
1.0,0.5644829256478565,0.836515975139101,0.17575634305878918,0.4932729511601841,0.6155256183623387,0.9038863714738609,0.5955180829820281,0.8328772745362567,0.7568378501405033,0.6925557354826936,0.8860370296103192
0.0,0.6085613950108986,0.8343721604965894,0.19109305134880306,0.4962402214540343,0.6166482208296701,0.983868365865462,0.6255380519192371,0.8304208940963862,0.7626891938005433,0.6811072320139945,0.9600628300247316
0.0,0.5798619520465003,0.832880652726499,0.2083712678524699,0.4944763517472766,0.6384510087086632,0.9440901860297456,0.5983433178019376,0.8260905752781096,0.7592585837042689,0.7017671872999766,0.8817749492971524
1.0,0.5405667231775249,0.8301429077555235,0.21959420113619052,0.4953416008499991,0.4471864377683106,0.9093173554625668,0.6128097034243032,0.822833058849679,0.7759377750307401,0.6728157387538778,0.9362141408287464
1.0,0.4320658755146524,0.827268774357876,0.22004600795953866,0.4877932637042114,0.3745838245006064,0.7933682710111103,0.5701575327268694,0.8190197301552955,0.7847695360901157,0.6312405310887711,0.7672060753051562
1.0,0.4611891499152335,0.8241354053644266,0.2256752854842515,0.486326989767208,0.3994868578491093,0.8271246620155367,0.5707196213297836,0.8161105788631888,0.7804093036528299,0.6320004920234938,0.7905848674008985
1.0,0.4604625817389197,0.8194849093760935,0.2129095127805909,0.4863402626151866,0.3973795233146617,0.8094053604251734,0.6213297833000516,0.8129332774717672,0.7790900962639051,0.6822286083862201,0.7314222098524905
1.0,0.5108985226447081,0.8137071263170966,0.19560122961350607,0.4904627099991893,0.4333680613630652,0.8030129541552323,0.6085644552917681,0.8094334309754299,0.7703770670617154,0.6713719465247588,0.6533736233151753
1.0,0.5173165415354808,0.8105485504221815,0.1823393530554148,0.4913092658644338,0.4110251531516902,0.7483971321646817,0.5488869166481769,0.8089868413648118,0.8059440346547709,0.6071071068235205,0.3633258618849397
1.0,0.4780213126665052,0.8109849888360608,0.1881980659129636,0.4878120979097104,0.3685887852776956,0.7632005993161245,0.4929738924635749,0.8108468727976899,0.8513247668957573,0.52829349904442,0.3682712491550128
0.0,0.4952167595059338,0.8095814951455039,0.1874081822659848,0.48893880334283596,0.33287420217604863,0.8286947267134175,0.5655129058501587,0.8130328089626107,0.9062476357432052,0.569397939384487,0.5095883587718352
0.0,0.6038387018648583,0.8077906928647752,0.18672004412933474,0.4938597979509096,0.3628261268079011,0.8921701994991493,0.6181051697359664,0.8117741825237106,0.9504725168740636,0.5930165694712118,0.6802220087522673
0.0,0.5463187212400097,0.8057335564369211,0.19074725141108906,0.4927947247544367,0.3578563751691061,0.8683949340741046,0.6554322905110566,0.8088814027625209,0.9609695721602602,0.5826900991314816,0.7125630571487787
0.0,0.5133204165657544,0.8099809825423144,0.21867169097050626,0.4939164224710234,0.35885674212397634,0.8443953736922203,0.7017528289327717,0.8051359488162293,0.9653627082654632,0.5819447703814165,0.7861860908224834
0.0,0.4731775248244128,0.8102031490648759,0.22210443768986327,0.490512229478205,0.3688826764863461,0.8736658655598459,0.7108128097034248,0.7992627639742649,0.9304957851268424,0.5901282507606921,0.7383639509020521
0.0,0.4924315814967306,0.8106892815733099,0.2261193641055865,0.4921909960321247,0.35227690610966905,0.8302647914112975,0.7999186450706313,0.7954739546740901,0.9389621822957824,0.6028244236154822,0.7998795798675384
1.0,0.4864979413901671,0.8101788152590795,0.2237808259723136,0.4915190020720036,0.3182609888383409,0.8696285563367251,0.7876636343465724,0.7921003899311554,0.9563260911480138,0.5733965259571362,0.8835617845913568
0.0,0.4760837975296684,0.8105392191593627,0.2281038237295839,0.4905145040673993,0.3277389127721805,0.9100016485679332,0.7625101693661709,0.7877437891863956,0.9969462185040529,0.5272149503642243,0.9148599494461678
0.0,0.4845604262533302,0.8122090602316269,0.2342090893535417,0.4912449206619503,0.31813123527339343,0.8864506780997281,0.81213667628134,0.7799557882082382,1.0,0.5581244195644273,1.0
0.0,0.4534996367159118,0.8141502808356101,0.2468962104499183,0.4886645754968237,0.0,0.936244158518218,0.8544782190666376,0.7714321997123585,0.981718252016592,0.583751933567645,0.8772865527138758
0.0,0.4319447808186004,0.8167084120715865,0.2660299860704887,0.4869686347936104,0.3261093330636983,0.9640567331663832,0.8740551734339176,0.7670314138677989,0.9575960168657374,0.613947009105651,0.9504410212370052
0.0,0.42607168806006296,0.8176589453206514,0.2774965771390768,0.4866087892833773,0.3334847196999358,0.9719507394962452,0.7888617705790995,0.7616542934730803,0.9250367284863056,0.5573360206626112,0.9559843400447432
0.0,0.4017922015015744,0.8179203974269721,0.28483443129767383,0.4848202808683713,0.3328092736520966,0.9750673239966622,0.8516012129280381,0.756325821948107,0.9077656822167957,0.5330125410979605,0.95909768829232
0.0,0.3785420198595301,0.8172663563398005,0.2876768870984607,0.4868760179356588,0.3146571832644021,0.9843060645348684,0.8640115376081652,0.7486278126108361,0.8637121442328562,0.5393669653842977,0.9592917362975756
0.0,0.4016105594574957,0.8146808705892755,0.2858379480784856,0.4884720057641478,0.35421658674346856,0.9900830310035142,0.8499223430219658,0.7412936716016005,0.8288301003609693,0.5829639819407041,0.9445706667668092
1.0,0.4054250423831435,0.811386440846576,0.27739972851519057,0.4887836561196059,0.3978564839463463,0.9879421173400792,0.8843354781451074,0.7349592284097948,0.7969430607377048,0.5448887782496776,0.9847683274228232
1.0,0.376907241462824,0.8090714192622991,0.2752668143234484,0.4905569412907475,0.3869363662356339,0.9481484263410844,0.7832260927446199,0.7272739503101866,0.7740954592870397,0.5310378322515632,0.8373561792821846
1.0,0.3716396221845483,0.8074659591781165,0.27051895188522074,0.4902164091968486,0.41422811396565024,0.9280377692677662,0.7847348568892836,0.7223695172356823,0.7802109998505571,0.5318526072391608,0.8328340552195239
1.0,0.3456042625333009,0.8072501135575457,0.277562040075703,0.4884367232023957,0.0,0.8678269465843984,0.7957547518674658,0.7150142981080749,0.7745053560174604,0.5375803261028925,0.8116926482092777
1.0,0.3543836279970936,0.8085614333230758,0.2870667834133053,0.4889828910780358,0.43215784460316464,0.95408470463381,0.9046372309740408,0.7071164467757621,0.7370156060807775,0.5643058236249588,0.9585948978228932
1.0,0.2939573746669897,0.8095694011443649,0.3116616668618571,0.4884780266375063,0.4150931191257963,0.940005157224066,0.8748613268249394,0.6949194804357028,0.6741932421714039,0.5530704776593676,0.9824309721652952
1.0,0.3107289900702349,0.8087995534372953,0.3272374278130675,0.48595132237988303,0.4544141361445946,0.9773540349742712,0.8979809185711116,0.6823138580319159,0.5671689739667771,0.5646605876845664,0.993641640571298
1.0,0.288265923952531,0.8068098805525149,0.3439646091806095,0.4843643917434989,0.4757082417583318,0.902998959680118,0.9845203757118558,0.6725138654778648,0.5167147170918793,0.6036185309034658,0.9712132279699844
1.0,0.2975296682005328,0.8044003134292576,0.34272105478016923,0.4813228221132,0.41804876286830495,0.9217481540506725,0.8161896309444565,0.6630622474172148,0.4696198548321775,0.5124633293131329,0.962203860305984
1.0,0.3307701622668927,0.7994744929399699,0.3277757347515988,0.4799692399425844,0.4751137735992688,0.9552102578925644,0.8031876340507358,0.6574659664555011,0.4727883923082806,0.5082963553221135,0.9848906208484638
1.0,0.3647372245095666,0.7954347927202835,0.3142833614175468,0.4824999106612935,0.4883793936977582,0.896619025484582,0.7343317801937725,0.6495661192653437,0.4553438322773919,0.4808275601150728,0.8
1.0,0.3512957132477597,0.7919976969401824,0.2937291344206145,0.4814826371047578,0.4760377393817352,0.9135453815135548,0.7708083721618224,0.6448676195969316,0.4396736675124479,0.5089784232221323,0.8900516913031652
0.0,0.361104383627997,0.7911187705040396,0.2765601538606169,0.4784719338734717,0.4877503140341327,0.9177118691514558,0.8330227054211969,0.6352369636452586,0.4073283242858366,0.4950439065982821,0.9793597533327294
1.0,0.3406999273431823,0.7904165886993143,0.2592968232769411,0.4770473635891321,0.4909872038589415,0.8605528668690019,0.9046963981954,0.6242545259812617,0.3546704965599685,0.5306200806673516,0.983891658114646
1.0,0.2784572535722933,0.7900435653560612,0.2518485282847189,0.4762197814612316,0.4886840615851241,0.7820406154423051,0.7578729383921305,0.6167622577097298,0.3296019351605704,0.4971696802356238,0.7811755509231684
1.0,0.2880842819084527,0.7914453172000476,0.2604049726927784,0.4732135729094564,0.4679618063981813,0.7920662263210048,0.6994674950077657,0.6170666911629206,0.3425946631016312,0.4532293035576046,0.786982578916021
1.0,0.2785178009203197,0.7910253162276132,0.2580588721844132,0.47254267216786494,0.4933569815159977,0.825007519208159,0.7362473189852822,0.6178857213472506,0.3424877869187598,0.4754140561893678,0.9670562835020842
1.0,0.2570234923710343,0.7909389306975797,0.2679618968237914,0.4709342663077007,0.4894014635568912,0.7535262156704207,0.5894904223060425,0.6132602937095553,0.2987735330689682,0.4468572987343766,0.9601777699551176
1.0,0.2308670380237345,0.7902987145906434,0.2815420076077181,0.4726875085183746,0.48519139924206706,0.7062626215279812,0.5890318763405075,0.6121686292351649,0.2928050813576341,0.4469243428916176,0.9050779510022272
1.0,0.2517558730927585,0.7885537875991669,0.2904262894473058,0.4742732766675827,0.4625823865726633,0.7686297333578116,0.5354929369129501,0.6111303390701976,0.3036599262867288,0.4185667279781891,0.9300445434298444
1.0,0.2564180188907728,0.7871607737243566,0.29381423983432586,0.4745302306198446,0.4775767959956079,0.6954557942171756,0.4436358257525331,0.6103766447847874,0.3287090374246249,0.4258950706479193,0.8232770883942837
1.0,0.2383143618309519,0.7846483575542329,0.2857741673907078,0.476903496404487,0.4628555759643483,0.6915497120566434,0.4760150876414465,0.6090479232256021,0.3047205125114624,0.4406289133486939,0.8384339136544614
1.0,0.2521191571809156,0.7843537704736613,0.2920613600459502,0.4778971277993382,0.4794964835514981,0.6778784244947809,0.5112417720582796,0.6039779595566563,0.24493082083815004,0.457308940901581,0.7979168621563288
1.0,0.2249333979171713,0.7833014034848759,0.2895639943602324,0.4795336537836898,0.465073470210497,0.6356927371610335,0.5054359884623918,0.5975368616077403,0.16353532178382027,0.4545951107433999,0.749160176409871
1.0,0.1633567449745699,0.7845023533399736,0.2961180533473521,0.4745214123129257,0.459332594086354,0.5027557409642553,0.4855927815989942,0.5944928160487617,0.1391766879082536,0.44483597019264093,0.6173594820305899
1.0,0.15082344393315572,0.7858249684632571,0.2893634999924279,0.4737050026176442,0.4577170831481658,0.5276244640529767,0.3702906589749277,0.5936033513222354,0.1428485156942838,0.4445954196707744,0.5833911982734351
1.0,0.1220634536207314,0.7864535548949129,0.27938158389444223,0.4730768756641717,0.4640099273847879,0.4572059205069314,0.3334368759707121,0.5971903389877982,0.1855177773398051,0.4247663594191852,0.4812799099183637
1.0,0.12188181157665308,0.7867284573104735,0.2674773221766253,0.4729266035646056,0.4815262017554264,0.4281938517419384,0.09010428222764556,0.5991816563492591,0.18823969347952152,0.3530415974934084,0.14768271219933976
0.0,0.2465488011625089,0.7893779463373211,0.2839309439536493,0.4825315283069912,0.4949662812235538,0.7163974423369157,0.2834109903113675,0.6071203277230974,0.2265357764330248,0.3919198943865884,0.401064709380757
0.0,0.20307580527972874,0.7934489898112563,0.31519873966053763,0.4793965481957672,0.4956691681403586,0.7262385405523539,0.3134235633459063,0.6067192613698198,0.2293892681090463,0.4086907176547804,0.3682530933143797
0.0,0.16026883022523614,0.7951220148628054,0.3343192205457739,0.4800804621986379,0.4731364070867138,0.7174198940995588,0.267176983950891,0.6065614444501006,0.24945968211772346,0.4359746232685392,0.3365729122847736
0.0,0.182671348994914,0.7962763855365834,0.34895698974806183,0.4815976968107368,0.4848122476337857,0.6600402996513953,0.3460468900229274,0.6086492484621975,0.2633254843543303,0.4306056966362977,0.3370515963387923
0.0,0.13054008234439335,0.797755971920911,0.36399940299711614,0.4815339699539408,0.4696679271109595,0.6265396691967262,0.31884476000295825,0.6086633298410613,0.2319569387681427,0.4650454058630686,0.2864561423867476
1.0,0.0,0.8006020952599301,0.3869214698968501,0.4749232568110589,0.4841541347043743,0.4156213226170561,0.23359218992678046,0.6121933629080699,0.23141064220387844,0.4021409561916625,0.002117313785903468
1.0,0.08083070961491884,0.8004689783438238,0.3816338897611835,0.4774433445699655,0.4835409629660253,0.5378771821049539,0.28338140670068784,0.6220990870305123,0.230466103257186,0.4243841225639508,0.02091396975117926
1.0,0.10498910147735516,0.7980799494613554,0.3667173283210069,0.4790190984118413,0.47962651338539,0.5036458622608764,0.3807410694475261,0.6319376923965894,0.25702330183140554,0.4294914113646137,0.08375625572707363
1.0,0.10971179462339553,0.7959400704700658,0.3502748568548765,0.4794640495087433,0.4840442964820494,0.5263156105019873,0.3949633902817839,0.6416987176336735,0.2747716734936171,0.4372514644957389,0.046088991084755136
0.0,0.1550617582949866,0.7948573832746143,0.3397708098780641,0.479237574371038,0.4895494782331957,0.5918311829187979,0.3688558538569631,0.6517141989117088,0.327495680114992,0.4269861141844147,0.12978102189780946
0.0,0.2003511746185516,0.7932120379855184,0.3337541623740814,0.4789531203468072,0.4886746211929464,0.6423847214964753,0.3349530360180457,0.6566438094747775,0.3370472867308489,0.4560946712659299,0.0581995133819942
0.0,0.20307580527972874,0.7899579660092408,0.3198301960523063,0.4791722558328832,0.4740950930381204,0.6503191333808644,0.4831373419125807,0.6608862865866267,0.3300213485399396,0.4905655001739478,0.25577517288734153
0.0,0.2635020586098328,0.7868629399441903,0.3137980908866965,0.4799966755415269,0.4913515470935328,0.6896511465791917,0.539997041638932,0.6613114919002092,0.32017349182169696,0.5226190050732307,0.4588013144342538
0.0,0.2575684185032696,0.7839876636835287,0.30331730197860474,0.4795056547164062,0.4750395084924699,0.6520193644989473,0.569255232601139,0.6630380124654864,0.3425288043185037,0.4888779390122708,0.4823924665260678
1.0,0.19768709130540088,0.7830999215245732,0.3090306638123626,0.4784750402829978,0.4500111306158566,0.5597534891576261,0.4277864063308928,0.6654700038201964,0.3883621069149139,0.4624812165557535,0.3547746333807445
1.0,0.15203439089367896,0.7834684622953761,0.3162414702339731,0.4746368298069173,0.4447882590681968,0.4737217945826102,0.3530064344353228,0.67110889989593,0.43159646236747257,0.4772682396788946,0.3103143852077098
1.0,0.08319205618793904,0.7856291658025641,0.3344683932874117,0.4722415267578157,0.4408033327460635,0.35255199023387235,0.3130315805044004,0.6746222955638121,0.436514948647556,0.504931092296189,0.20388444749619852
1.0,0.03426979898280469,0.788004330690646,0.34501966378932225,0.4722607451492765,0.4504669034941378,0.3375899563947392,0.4712817099326974,0.6779826890573066,0.4167120884964091,0.5348319248785527,0.5418117612438078
1.0,0.06987163962218451,0.7920716020545068,0.36534527120248056,0.4715169901102984,0.4707721572157738,0.3919973521734053,0.5070408993417647,0.6764591599476497,0.3672679921608518,0.553765614095265,0.5305802148217177
1.0,0.0930612739162025,0.7928570776053491,0.3611935365453252,0.4738145219220189,0.4523766437920558,0.5056861396025765,0.6209082168478667,0.6767320548084619,0.3474003537593604,0.6163593494635969,0.9431065770758748
1.0,0.0883991281181884,0.7894704990614201,0.3390246569529351,0.473133939267365,0.4553604585870492,0.45286562620078796,0.5309740403816287,0.6699100889604503,0.2785585727787563,0.6161541998903295,0.8336486523539258
0.0,0.16408331315088398,0.7844416831919797,0.3084582011479527,0.4790522655984799,0.4565758553276399,0.4343897813842828,0.5677316766511352,0.6641091528804881,0.21580529297304074,0.636159786685982,0.6603602862548338
0.0,0.16196415596996835,0.7818405499098732,0.2974699626260205,0.4788588239291282,0.4580188590698298,0.4280422518767717,0.6595222246875232,0.6578827351003679,0.14419606073331115,0.6363497960098807,0.7719283814537592
0.0,0.13768466941147967,0.7825482696039482,0.3102612091942788,0.4770598834894698,0.4588412052213551,0.4349565250903106,0.6368685748095555,0.6521540232102141,0.0967627269950655,0.6272346175281759,0.4805077311108677
1.0,0.15076289658512945,0.7809305319104968,0.3089857882236913,0.4780492921397455,0.4494262247188534,0.4290623905476217,0.5993861400783964,0.6524884324603881,0.0877539611519384,0.6034555589794611,0.5586429193233423
1.0,0.16844272220876724,0.7753772527574895,0.2815941496136055,0.4792007239807235,0.4544386025542599,0.3677407215554168,0.4684342874047779,0.6522092833787636,0.07750306870218943,0.5826656712083741,0.3793614568383416
1.0,0.22438847178493587,0.7713867857777567,0.2551739761983633,0.4800752750887718,0.4379736085954813,0.36887420896747225,0.5679535537312329,0.6577297671660916,0.10495978766129266,0.584011860980483,0.4123473637155032
1.0,0.19805037539355785,0.7702574844649369,0.2484695224170921,0.4815774773213421,0.45255330304200503,0.3429173472314002,0.3734708971229935,0.6607320120240441,0.10412336289834184,0.5464276266869319,0.29576735759828743
1.0,0.1953862920804068,0.7708948929762224,0.2545545580744138,0.4814203680686297,0.4508392528271362,0.3590128684825889,0.3964055913024183,0.6683663353416059,0.1347987441294703,0.5050873379371815,0.3611509775780535
0.0,0.2673770888835069,0.7708816179470929,0.2636981384408907,0.4836888550612288,0.45034572011689855,0.4551326010248994,0.5242807484653502,0.6725011287138489,0.1362694312692771,0.5129859314336837,0.7154083241182984
0.0,0.25986921772826344,0.7699302839543639,0.2661950572548446,0.4830590471035209,0.4399049929374385,0.4407373108917938,0.515723689076252,0.6729056280213173,0.1385946334173953,0.5087659398299347,0.7540408912312082
1.0,0.19817147008961006,0.7699333210662629,0.2706173288456154,0.4813103929611344,0.4304310976942489,0.3258016873093613,0.3602026477331555,0.6731176964178556,0.13928591175342284,0.4820840402208539,0.4793308707620642
1.0,0.19163235650278526,0.7700293555937933,0.2662727770021076,0.4807078186854282,0.43074294506674016,0.31027290976420063,0.3624731898528216,0.6755633605875444,0.1490153282671242,0.4831373803774273,0.4774311090867688
1.0,0.19272220876725596,0.7713391067552092,0.2706805506842149,0.4807474070341432,0.4438142616037933,0.2966710608195339,0.4305672657347829,0.6772902507835981,0.13476436148106047,0.5188992294050627,0.409246185379185
0.0,0.2612012593848391,0.7731543325125262,0.2771662805019524,0.4866441848295674,0.4493077570337914,0.4707747273112658,0.5023223134383551,0.6784221070993364,0.11108832905872773,0.5519389104124685,0.7263493509451144
0.0,0.2610196173407604,0.7748940040746733,0.2859678067416292,0.4866494346279012,0.4452570796408187,0.4850566687031656,0.6270468160639004,0.6774364337762253,0.09137381834122517,0.5630699853285388,0.9153268048280568
0.0,0.2208767255994187,0.7758971445431483,0.2861518198879757,0.4868861967352538,0.4287104784327584,0.4187476550979163,0.6114488573330377,0.6747298351534898,0.07386872241973974,0.5543604067316535,0.9395809610567064
0.0,0.1735892467909905,0.7755471613966062,0.28696576060656986,0.4863985459195682,0.4254255627487495,0.34903817925650016,0.4367206567561568,0.6729348043928223,0.06503604856889439,0.5234290990187134,0.7661125028467315
1.0,0.15088399128118182,0.7753996229726173,0.29561827793340983,0.4839687989495534,0.4421812325653913,0.2565456064327677,0.3859034095111308,0.6745607266558578,0.06895431501044152,0.5498057387515051,0.6126564222265446
1.0,0.1523976749818359,0.7749424630367029,0.30508119304555736,0.4841345464047317,0.4317792980132181,0.26425332083474545,0.3576288736040233,0.6764620391574674,0.06804198004250689,0.5388785840046598,0.5945325292543635
1.0,0.21167352869944286,0.7751332633708162,0.31911294609101143,0.4857421615917917,0.4363659238259783,0.3675140240730055,0.3421492493158791,0.6792108628774765,0.0695620352553436,0.5336975679219442,0.5822934928328343
1.0,0.18551707435214349,0.7742936556407268,0.31023296223093233,0.4831702457839607,0.4158382207830988,0.2950841784426563,0.1942755713334809,0.6795819826548826,0.04404451510131169,0.5153297546706406,0.35770954409412725
1.0,0.18061273916202464,0.7732241599727722,0.297384152697416,0.4826139748628576,0.3754831433244413,0.2669736906236785,0.14586938835884894,0.6836360316441865,0.030404343469022318,0.4796945850023571,0.2106329188781623
1.0,0.138169048195689,0.7731379800901316,0.28026646403685435,0.4781251716120413,0.3751417552637853,0.15917903773719627,0.07951334960431877,0.6896142810268633,0.02769496526390114,0.4851058356052829,0.09836669170385423
1.0,0.1422862678614677,0.7745634538880225,0.2787347964369852,0.478594846035646,0.43062440049717454,0.17788158003611282,0.1177723541158201,0.6990530845236662,0.04412824712316349,0.5000298656309519,0.10256126482213493
1.0,0.1847905061758296,0.7767579601492626,0.2761653773236997,0.4827349777534085,0.4274385023940852,0.280915585791962,0.20804674210487376,0.7070320535490724,0.058842388134596864,0.4865803075399328,0.2091458972230224
1.0,0.16099539840155005,0.7775906049767419,0.2718019719154794,0.484110498528448,0.4095586077357584,0.2409034801464012,0.1326529102877001,0.7123609279533556,0.06260305017628638,0.4070222563412821,0.004913505362498248
0.0,0.2378905303947687,0.7770562658008414,0.26175304287075285,0.4875801571658141,0.414361738098364,0.35810607855294463,0.2762443606242145,0.7233778029388434,0.10807448034652156,0.4778783118057048,0.2316228601960505
0.0,0.2553281666263017,0.7754063588975054,0.2525454217919347,0.4891653768042697,0.4117374942315173,0.3532320826811058,0.2562162561940682,0.7278127812147093,0.13237383638474026,0.5229170226109794,0.19765116378026487
0.0,0.263925890046016,0.7755049868736213,0.25204570905851625,0.4899476563059328,0.4166251311693127,0.3493782254801168,0.24794024110642696,0.7328316256930241,0.15962395044063155,0.5120366383760219,0.1501425471256546
0.0,0.2397674981835796,0.7768876914658566,0.2610570334539384,0.4914657324112432,0.4239558279368053,0.3464311582087725,0.2575918940906732,0.7378498851603803,0.17951635966517626,0.5179455333924333,0.20969320454448734
0.0,0.2882659239525308,0.7795399919709852,0.278655807512766,0.4959396059028278,0.4236442590542384,0.45014525641185466,0.3676059463057468,0.7427148199074136,0.1972747064545175,0.5455509299659576,0.4086634611293145
0.0,0.27991038992492123,0.7826656281402756,0.2964654890167683,0.4951949150044255,0.4174374203921525,0.4631803616504935,0.3688188743436137,0.7436480395288441,0.19272739031889652,0.546367061078349,0.41470575720182135
0.0,0.2030152579317026,0.7854443219788657,0.31301495540620977,0.4919816224300165,0.4162441432727996,0.3968713480452442,0.3031210709267064,0.7465785661720616,0.2036353209091082,0.4638705909103169,0.15512105867835474
0.0,0.20555824654880112,0.7880277444912448,0.328138267777544,0.4922203592562984,0.4151574299990919,0.4023120876231106,0.2888469787737593,0.7539551969366722,0.23071288730011086,0.4565867321631771,0.24494702353091385
0.0,0.17661661419229832,0.7875961052115003,0.3317797628566172,0.4932019999107266,0.4169030256524439,0.3564058474348613,0.23263072257969056,0.7604614165653432,0.24653115843257886,0.35858006335178344,0.06269945959746448
1.0,0.21615403245337864,0.7871425280736287,0.3340181443944536,0.4930869386690358,0.4575171545602458,0.3896170286080888,0.2973300791361587,0.7702871192963292,0.2781124714429196,0.3915987541857184,0.0010019060651968491
0.0,0.2983773310728989,0.786580490672761,0.3354895119581956,0.4967866382560192,0.4531836629737795,0.5354968585396372,0.3935581687744992,0.7800570717879289,0.3065640262064282,0.4661115786159439,0.08976798653297308
0.0,0.2727658028578349,0.7866129458299191,0.3354195439147749,0.4981776516980141,0.4676459667479419,0.4977517277181878,0.3980400857924709,0.7857062505732109,0.3199551031093827,0.4704673719159299,0.14751518700139055
0.0,0.28644950351174603,0.7859699716831222,0.3346570070992591,0.4994386075597973,0.4773904922942232,0.5301694677029762,0.4495969233044893,0.7911544321218527,0.3256333264497091,0.4763968707627438,0.16492364645996996
0.0,0.33228384596754645,0.7856369376594531,0.33549721369505425,0.499866273948305,0.4757698196359184,0.5748288717379647,0.4836032837807851,0.7959143894084619,0.3329209648503891,0.5152819365741238,0.3238399634724033
0.0,0.32507871155243384,0.7857325938121439,0.3444431255529869,0.499196534726112,0.4744475579967807,0.588997464388659,0.504171289105836,0.8000429777897291,0.3529764154282741,0.5415338597789385,0.8206152616859803
0.0,0.29995156212157903,0.7867280164603059,0.3547231304192733,0.5006607362523432,0.484378627456517,0.5740354305495259,0.4484579542933215,0.8016037042470456,0.3731569676592758,0.5229035089995381,0.639603457041182
0.0,0.31048680067813017,0.788156241727756,0.3709612195357834,0.497888383152368,0.4694475773795328,0.590017603059509,0.4399822498335921,0.8029643286162005,0.39032412377132375,0.5142162597276443,0.6527116587323821
0.0,0.2713732138532332,0.788512711076193,0.378506169184474,0.4981282206954317,0.4739925728798432,0.5585066530043649,0.4471858590340949,0.8036361725132659,0.40826230418491705,0.4732167932418301,0.5805652981225484
1.0,0.27367401307822714,0.7873812272409174,0.3815166892514105,0.4983259008938282,0.4697402567189271,0.5553328882506093,0.40378670216699897,0.8035642111333974,0.4150055442827158,0.4733887483111862,0.4633578906552918
1.0,0.3041293291353838,0.7839720461069225,0.3722704603535876,0.5010356101225679,0.4788428962439887,0.5437713166476429,0.40137563789660535,0.8043944744765399,0.4286945768442677,0.4688739686703083,0.3711059619699159
1.0,0.3435456527004118,0.7811954087724834,0.3709981801884268,0.5008638062486414,0.4734536190169578,0.568934737195276,0.4241624140226312,0.8046693482899205,0.4180565040748844,0.4450857736165639,0.441943433005994
1.0,0.345240978445144,0.7806897601064667,0.3765223697960505,0.5009954492672453,0.48228557123871507,0.5893375106122757,0.4717920272169219,0.8035573844149557,0.3914242158695857,0.4550797347940324,0.5296995108315873
0.0,0.3228990070234923,0.7840476417854564,0.4010709580631945,0.5027078732318039,0.4595569885996774,0.5740354305495259,0.5101397825604612,0.8015502136140908,0.35690453632757124,0.5004929661995705,0.4887270587369891
1.0,0.24642770646645676,0.7875811788670203,0.4210278263969516,0.4997499381072026,0.4371975287866613,0.5381038795873652,0.5242437689520008,0.7999671354831479,0.34123017973106234,0.4659582807898837,0.5436757512229227
1.0,0.21609348510535226,0.790155369676193,0.4341875066625657,0.5007836993087371,0.41534414835532224,0.5025123748488209,0.4966940315065456,0.7981636951817346,0.330255273536477,0.4344580585958861,0.34054213100886405
1.0,0.21409542262048914,0.7885799154442298,0.4255893726091408,0.5005426520862373,0.41115230126788704,0.4791625341604767,0.5265069151689962,0.7982626744678525,0.327896653067966,0.4180285306195371,0.3449556806061269
1.0,0.21815209493824173,0.7864828495306643,0.4230413592829042,0.5007350791076349,0.4100158728893129,0.4236216509697552,0.5035500332815626,0.7985693172610533,0.31629749371515625,0.3927648396001675,0.22292103424179086
1.0,0.22880842819084524,0.7843843765540285,0.4222901254861001,0.4979972626948783,0.4086596714751881,0.4407373108917938,0.5465572073071521,0.8005561291185004,0.31354306434426144,0.446397826739767,0.44918901026150265
1.0,0.2378905303947687,0.7856664173933993,0.4354646054810067,0.4987783965573195,0.4011309011671295,0.43030922670088256,0.5513497522372605,0.8013824621988709,0.311485648706106,0.4521452329209159,0.4136967155835093
1.0,0.16523371276338095,0.7871269521566754,0.4403334602258968,0.4959256025092171,0.4066326497146807,0.36762737281421104,0.4711411877819681,0.8023875939312384,0.3167689551781479,0.4000426217168635,0.2086873367906128
1.0,0.1797045289416324,0.7887885823565891,0.4487174503298097,0.4972876382419145,0.4107148289971699,0.3977781379748888,0.496339028178389,0.8062041575408878,0.34146150897400834,0.3817656217217463,0.2592503700147988
0.0,0.24533785420198606,0.7865432790058077,0.4346770534611801,0.499500962863905,0.4036523589921439,0.4891372233865658,0.4954958952740184,0.8093195115488994,0.3603922022179286,0.3807719150344308,0.2981319252770103
1.0,0.2375272463066119,0.7828331367736728,0.4191040756660407,0.4985765966209565,0.3951739723895534,0.39811818419850536,0.4377856667406255,0.8130807897864307,0.3942148647326886,0.3623563449228701,0.22924916996679684
1.0,0.15790748365221596,0.7826815301457944,0.41895370136760135,0.4900683527271499,0.4149907478050738,0.2098459250560792,0.41831225501072383,0.8177727833121868,0.42672614179965707,0.3449493497982661,0.29329173166926586
1.0,0.13968273189634292,0.7858551051086141,0.4426750815062567,0.48882043238569395,0.4012923663655981,0.2716209890131063,0.4642556023962722,0.8212837960370023,0.4561993221669629,0.34380527140619177,0.5302212088483514
1.0,0.11437394042140947,0.7901350270186248,0.4694278727715675,0.4901197015251612,0.39781041327889616,0.2490645895132011,0.5141705495155686,0.8218279672484661,0.4571392692755509,0.3548517896149413,0.7596703868154726
1.0,0.10541293291353836,0.791167166012463,0.4797859546417299,0.4930151396212244,0.3788723541519981,0.24453063986497886,0.5518674654241554,0.8201451564266597,0.4623768642326964,0.3520952432004719,0.8616744669786793
1.0,0.1108016468878664,0.7919260474476674,0.4868012484989712,0.4933126593704818,0.3632445232503392,0.21755363945805692,0.5553657273870277,0.8168237758929053,0.4665618538087319,0.35628067207359576,0.8261130445217798
1.0,0.0939694841365949,0.7933548616929625,0.5053951883547639,0.4953624850575365,0.3543533295419192,0.19873774841793496,0.6124916796094964,0.8140710806318958,0.4642222065052735,0.3756436044857636,0.9760390415616632
1.0,0.07199079680309994,0.7943905920797575,0.5203451867668679,0.4971207978194559,0.34015595384839603,0.19239021891042385,0.5955106870793581,0.809379662911063,0.4504210013129185,0.4131256760448577,0.9684469103384024
1.0,0.09324291596028099,0.7946647670381941,0.5275451832877505,0.4989541712410464,0.23644032629207676,0.17584130269441278,0.6033799275201539,0.8066195166905656,0.4434641390284444,0.4221869298314393,0.9542457805907181
1.0,0.0796803100024219,0.7951693871562314,0.5240309705174121,0.4972846884710782,0.19639744218814584,0.13084185243580765,0.5223060424524816,0.8045225682166066,0.4551991194161914,0.3647479549838247,0.8311132031066125
1.0,0.036570598207798455,0.7974516528554468,0.5272163282515517,0.4967379704827177,0.30103550242042176,0.0921899316847136,0.4361733599585832,0.8041030566540182,0.4591830713819946,0.30778252103981546,0.4880333433592581
1.0,0.044865584887381904,0.8021634159738552,0.5438342512706634,0.4976625382352584,0.3019983884420375,0.1142929362197966,0.4394645366466978,0.8040980660342558,0.4586174529046753,0.3123352268650258,0.4702874575688567
1.0,0.02615645434729957,0.8049593135074876,0.5637767231754306,0.49642739922165996,0.1962528853752481,0.14795751235784627,0.4662007247984615,0.8037635221801421,0.43160647482990655,0.3480996855989113,0.3930305504232352
1.0,0.01961734076047461,0.8071357096839237,0.5920786695132995,0.4953417362036647,0.2613469964505339,0.1049983394409412,0.4189187190296578,0.8039510722011819,0.4146562299506157,0.3353653340461253,0.22498173849525105
0.0,0.04274642770646647,0.8077713108976515,0.603171849946335,0.4939218928209101,0.1960003209928073,0.13390226844835773,0.4190962206937351,0.8069160170824401,0.4051446529362667,0.33556114245260377,0.2157865337515552
0.0,0.03875030273674002,0.8091599572241618,0.5953424045871409,0.4972079287563335,0.3010056506614521,0.12732804145843546,0.4089712299386137,0.8102691111975981,0.41522808501241787,0.32656491296045315,0.2194675613263032
1.0,0.02403729716638414,0.8112308355657591,0.5869119579092998,0.4993153030312563,0.20937899342021585,0.1034114570640636,0.3752089342504252,0.8136144273625279,0.42374598181657774,0.333613270703019,0.14918739924186594
1.0,0.02252361346573023,0.8123839193563661,0.5799210065677621,0.4992708692328,0.2362973547960861,0.1115725664308635,0.4274831743214261,0.817113532788903,0.4345018228395969,0.34460601678721986,0.1728459530026113
0.0,0.06672317752482447,0.8128975753870521,0.5832068604560504,0.49989136517391497,0.23721856707148065,0.15441839060656312,0.45362769025959604,0.8186720705724595,0.4309775681242387,0.3817924520252608,0.14905715114592213
0.0,0.08494792928069736,0.8133093502112306,0.582459113648365,0.4979398888905745,0.2831250533545013,0.16745349584520164,0.4542933214998886,0.8208956648699497,0.44176834746842697,0.3826158143710866,0.21206846533216936
0.0,0.10359651247275377,0.8138215208530787,0.5793416296542383,0.4999355728415547,0.3045981166385785,0.21676019826961807,0.4907773093706089,0.8221380357599499,0.4454895353253029,0.4239514924529144,0.5648970118944008
0.0,0.1390772584160814,0.8144257741845317,0.5793738898121865,0.4996631835805922,0.2830870284886895,0.2494046357368178,0.5928629539235264,0.8221063027998896,0.4525274632324541,0.501419316236916,0.8105599071656528
0.0,0.14961249697263265,0.8129355872690444,0.5660678244913266,0.4969681472180273,0.2569154717448545,0.2590392787392899,0.5521780933362915,0.8196633995315259,0.4408607903388944,0.4974744025887039,0.7937917029300837
0.0,0.16275127149430854,0.8125150474928015,0.561135729774576,0.4980073197354061,0.24112339676523106,0.2209541016942234,0.5553731232896971,0.8184487143059436,0.4411588836107944,0.500836346638715,0.7350159559036831
0.0,0.16263017679825614,0.8118653758152722,0.552918102196214,0.4980488883832041,0.22652514445336966,0.2307020934379013,0.5597662894756306,0.8157602221952359,0.4155923287077376,0.5055602558838033,0.5872352770525062
1.0,0.16680794381206096,0.8114626972475724,0.5418979006557837,0.498357513655431,0.24619499757689525,0.21415317722189015,0.5875231121958433,0.8127894174190728,0.3857551160769634,0.5323974412425987,0.561895901173308
1.0,0.19726325986921786,0.8098891829950731,0.5266143530881701,0.4976073223563511,0.2560485198961587,0.21925387057614032,0.6130167886990607,0.8113247407327995,0.3706127415240131,0.5555725382932883,0.4763446738719057
0.0,0.2481230322111891,0.8083610790800629,0.5110613832529084,0.4989544031086065,0.2464548392810272,0.2755881949553009,0.5809185711116045,0.8111684917471462,0.3739038591770113,0.5177891666441906,0.5568948525509826
0.0,0.2800314846209736,0.808841965523193,0.5152187741532468,0.4984121683485601,0.2322328148002353,0.31435346444760043,0.5913541897788626,0.8119659644722035,0.3959203718070109,0.5267296669046139,0.5385508592661399
0.0,0.2350448050375393,0.8104243324457395,0.5254875138499221,0.4976433516992973,0.2381244492114479,0.26742708558850103,0.6555062495377559,0.8121026546529873,0.4027333584612624,0.5468294496018218,0.7677327317364468
0.0,0.2419472027125213,0.8147698106307765,0.5637770757786845,0.4983703035109101,0.229196957869076,0.2915703674652841,0.7221359366910732,0.8116835291506219,0.41638731045686944,0.5728746847658671,0.9625354717342092
0.0,0.21639622184548307,0.816446340915051,0.5850577465655981,0.4960881344664475,0.22260350298678572,0.3231946662616337,0.6527253901338657,0.8089322623812851,0.4019055866093637,0.5299784536422018,0.936342740390756
1.0,0.1987769435698716,0.8198867622054719,0.6165455991576345,0.493971311406687,0.21242256543782204,0.22537470260124015,0.6289919384660894,0.8088763718255416,0.4154565951717813,0.5132372201411136,0.7635359468777942
1.0,0.15009687575684186,0.8224153539953082,0.6318207846269109,0.4931780562478209,0.1984204857690796,0.21834708064649572,0.5679905332445825,0.8095884817363264,0.4234362127203923,0.448882628717924,0.8468003207698469
1.0,0.09620973601356272,0.8263205203875695,0.6546672509722382,0.4912970264280132,0.18045579299285605,0.14591723501614653,0.5422453960505883,0.8107845673349738,0.44730108117252615,0.4774384735701002,0.8391659983961526
1.0,0.10383870186485836,0.8287366322861384,0.6671931292593427,0.4883078634086951,0.1804120001856076,0.14637062998096867,0.5250942977590414,0.8101363831165305,0.4541613958460722,0.463470463451444,0.8938893344025663
1.0,0.0876725599418745,0.8289658147595919,0.6696055616799871,0.4903698085806024,0.1451078802490572,0.12834818012928545,0.5570667850011096,0.8089480071570665,0.4625132203178896,0.4377837745400008,0.9885805934242198
1.0,0.11588762412206338,0.829972233771915,0.680698268347089,0.4930473317435234,1.0,0.12302078929262443,0.5171067228755267,0.8059459770400849,0.44988185644472706,0.4573438754933868,0.9879829787234052
1.0,0.07822717364979409,0.8292674188191443,0.6854956853567414,0.4926360632702416,0.12711483632981968,0.06566632624261377,0.4777531247688784,0.8038036435715796,0.4390440849504645,0.4764733441695743,0.8688286040952096
1.0,0.10311213368854448,0.8307921708694103,0.7045794070489968,0.4950036272768441,1.0,0.056711775687375066,0.4771392648472751,0.8018158843896468,0.4265008182352218,0.4760745349662101,0.8746393827574644
1.0,0.13810850084766274,0.8327369858760997,0.7189431476717077,0.4987995986741358,0.4744321966321173,0.14195002907395188,0.5079358035648252,0.7992134084993321,0.41186847672958377,0.4503510058847551,0.8496207746808571
0.0,0.3252603535965125,0.8364460738395628,0.7459182746882459,0.5164244487933309,0.5272754218566871,0.3368916797488226,0.4316248798165821,0.7952650974352424,0.3949723100835635,0.4333092114604871,0.5509535253909306
0.0,0.35383870186485833,0.8380277013919158,0.7571801386511705,0.5191050219776431,0.5131295994520294,0.4486656200941915,0.486184453812588,0.7949393120990325,0.3808819569854848,0.4301600357592675,0.7136302631168266
0.0,0.33652216032937765,0.8387511242234481,0.7705591121746614,0.5174871763228471,0.5071072593560122,0.3995290423861854,0.4802159603579621,0.7925409415950115,0.3707135384536818,0.4245197978619861,0.6685289803052538
0.0,0.33397917171227903,0.8422603353538599,0.7928382464390774,0.5172337449264927,0.4956064335699747,0.40345368916797497,0.4528880999926039,0.7916518424649809,0.3755388206725044,0.4470186759256587,0.5704922126158729
0.0,0.24987890530394774,0.8456478442932717,0.8124909429188707,0.5131086911031824,0.4835347683412896,0.3676609105180536,0.3742030914873162,0.79151985344924,0.3955684713017456,0.42055669003689616,0.4108430350510315
1.0,0.21694114797771846,0.8489052830984644,0.8259476678582133,0.5098464517444149,0.4836564518120727,0.27174254317111457,0.3357296057983876,0.7930255692102439,0.4188558947793716,0.36491144540097337,0.17915665282936571
1.0,0.2361952046500363,0.8486476820646659,0.824568890871502,0.5079855724467468,0.4956904839015561,0.3150706436420725,0.3907107462465794,0.7959520234538578,0.44645191603269707,0.3714298535283893,0.3384000749087049
1.0,0.24975781060789526,0.8491180592437054,0.8326020219512783,0.5055506432854063,0.5023905810684299,0.32433281004709563,0.3865542489460833,0.7963787981600698,0.458311061512099,0.36428589619359053,0.2251006585723644
1.0,0.24939452651973845,0.8439571962851203,0.8104725464523407,0.5055668362171779,0.5225987526907616,0.3598116169544743,0.4330670808372159,0.7989088496502197,0.4761928504515405,0.423119805261216,0.1699803364649333
0.0,0.38350690239767504,0.8405819057324894,0.7956559403883094,0.5149777412973465,0.5299315235696529,0.3945054945054947,0.393358479402411,0.8022122591186684,0.4935205871539475,0.4269099103573339,0.003162992982109439
0.0,0.3807217243884718,0.8364091338920726,0.7742777614054248,0.5145754284596511,0.5413426386327042,0.4640502354788068,0.4745285112047925,0.8091351436179293,0.5301363455361616,0.4597358682252621,0.2255489021956108
0.0,0.3839912811818842,0.8381733033793225,0.7821386127697789,0.5148717612803945,0.5339698698350175,0.4778649921507063,0.4394571407440284,0.8130933388583157,0.5550162059235522,0.4692981567631591,0.1469917308240684
0.0,0.4197142165173163,0.8383949310110747,0.7815019436143208,0.5180892656489141,0.5351498054289973,0.592307692307692,0.5238074106944753,0.8188306172027155,0.5973733045683387,0.5181520429269354,0.31074449201211
0.0,0.4214700896100749,0.8378210532241012,0.7757467886722893,0.5182554190426291,0.5439789120925274,0.5913657770800624,0.5468826270246283,0.8203688314865631,0.620486476736959,0.5524997883970199,0.4800563850892756
0.0,0.4386049891014776,0.8359682974696242,0.7620837239747471,0.5161301211960017,0.5390283432209888,0.6160125588697022,0.5931218105169739,0.8209299664414895,0.6383130855070827,0.575322665343606,0.7239486416077403
0.0,0.45549769920077504,0.8346572910651554,0.7522043194037794,0.5177382657116734,0.5648577737736845,0.6117739403453687,0.5874491531691446,0.8197008169955609,0.6292743605525243,0.5687548346271672,0.6601693338295489
0.0,0.4658512957132478,0.8324692735376608,0.7435487095842583,0.5185702332927721,0.5448977503670541,0.6675039246467818,0.6267287922490941,0.8199857129247663,0.6259101496661064,0.5907244695526984,0.8279214737625615
0.0,0.5264591910874306,0.8320184983661875,0.7483266646329061,0.5204249516372401,0.5482159414301089,0.7574568288854006,0.6026033577398122,0.8193218187551652,0.6107163673461647,0.536513395510418,0.8919333829549662
0.0,0.4941874545894889,0.8288788075380963,0.7366000125159452,0.5210500881153002,0.5509983951774038,0.7296703296703293,0.5925375342060495,0.8178280612426712,0.5917454876418893,0.5166899862023207,0.942128768142908
0.0,0.5038750302736739,0.8297878076614639,0.7410242486721069,0.5223195092187436,0.5382017435371372,0.6530612244897956,0.601124177205828,0.8156396155150261,0.5862956126600134,0.5272292024424724,0.8085944830174507
0.0,0.4333373698232017,0.8293851270340026,0.7429974452106052,0.5192130205781036,0.5345661589184464,0.6193092621664051,0.5821980622735005,0.8133796296083801,0.5943602498082637,0.4940239356554943,0.8437324075811578
1.0,0.4396948413659481,0.8301163984273258,0.7449095347719662,0.5198276084627953,0.553782735152095,0.6098901098901096,0.5818948302640338,0.8124083682159307,0.6170488056585304,0.4940705225738165,0.7421655094764492
1.0,0.4409663356744976,0.8267412833235911,0.7281810211829893,0.5200840745308346,0.5628422715389402,0.5649921507064368,0.5340285481843058,0.8104052160328845,0.624700221691714,0.4784094460026543,0.7122349408894718
1.0,0.5110801646887866,0.8240188146484474,0.7060520158060392,0.5228232817835586,0.540290875141747,0.6703296703296704,0.5839878707196213,0.808280662070666,0.6255466135586611,0.4800969570294613,0.7382248076562196
1.0,0.5026035359651245,0.8210016844281504,0.6896625291670047,0.5258011280536625,0.5380307293662021,0.6521193092621661,0.6629761112343757,0.8042226220984721,0.631668914171541,0.5187502614467978,0.9973728654531788
1.0,0.4941874545894889,0.8184615849635105,0.6812948093526329,0.5252902362501225,0.5405949612183839,0.5852433281004709,0.6633311145625329,0.7981493896884313,0.6248086735282217,0.5196848339861626,0.9555119118777252
1.0,0.5092637442480019,0.8164222658688564,0.6799696738021155,0.5268150475497673,0.5508034785643562,0.5712715855573001,0.6690333555210413,0.7919559153499709,0.6026144401310909,0.5251271550093154,0.9917447676394899
1.0,0.4886776459191087,0.8143470228105957,0.6786102999990368,0.5286028377042634,0.5292851475711116,0.5394034536891676,0.7015753272686938,0.7861459925142076,0.563729987534229,0.5519214222644839,0.9991421021927868
1.0,0.4812908694599176,0.8137707507886865,0.6806566329495243,0.5281690693587479,0.5380123804058249,0.4723704866562009,0.653583314843577,0.7816091226263129,0.5348518773381196,0.5151744054972408,0.774492700394823
1.0,0.4560426253330104,0.8131377512141232,0.6781626752187965,0.5294948040042334,0.5307504070817799,0.4315261673456596,0.6463649138377341,0.7800806272921743,0.544198428775764,0.5021805180301468,0.8267376733082369
1.0,0.4544683942843304,0.8123283143600893,0.6791305357073111,0.5293108302940263,0.5151132660104887,0.4360701974302724,0.6615560979217519,0.7786392457068751,0.5443013369943439,0.515940578837562,0.751813423928016
1.0,0.4815330588520224,0.8109309031477933,0.6735889417120455,0.5282668394773067,0.5120707795882321,0.4445310065440948,0.6597441017676203,0.7775345138432956,0.5471994516200823,0.5115788146581466,0.8294922413001558
1.0,0.44526519738435455,0.8099852853346655,0.671792526029412,0.5250381743938028,0.4965518566863977,0.3591303025695606,0.6431994674950074,0.7748588271086105,0.5222946632405123,0.5429831856300429,0.8088329813607562
1.0,0.4134778396706224,0.8101212499402436,0.6762256577712066,0.5256267691114097,0.5046032096836653,0.3154301319981792,0.7079505953701651,0.7720073667636127,0.4939785747478895,0.5403941381494961,0.8125975576163816
1.0,0.4094817147008961,0.8109942978094571,0.6819953981909596,0.5253153399307562,0.4988200402313868,0.2840236686390533,0.6846165224465643,0.7688756121960338,0.4744457801041313,0.5719054330938398,0.7846661680893311
1.0,0.4036691692903852,0.8107420515054063,0.6885960573147145,0.5246760116563896,0.5015793455234087,0.29252010317099075,0.650166407810073,0.7682270619337785,0.4599500212210966,0.5795795840091579,0.769089924439745
1.0,0.3970089610075079,0.8098530619094899,0.688285723221214,0.5241233440114018,0.5111855461206553,0.2460931573357609,0.6138081502847428,0.7684281934175667,0.4591609374960735,0.5926655205678429,0.7251205611573888
1.0,0.43963429401792203,0.8088200047444135,0.690779732760478,0.5246936954084096,0.5136920885658232,0.2995454545454543,0.6119961541306116,0.7702181002557584,0.44563284038727735,0.5896438107685893,0.8447275446785463
1.0,0.4427222087672559,0.8068524647351673,0.6843787807098505,0.5249657756080184,0.514340639556439,0.3502514413284386,0.5545151985799871,0.7702244794764288,0.4432828527037286,0.5363519302354607,0.9076514428656174
0.0,0.4769314604020345,0.8057142914199386,0.6782676012352192,0.5247429769571479,0.5232946697897451,0.3828715365239297,0.5087567487611862,0.7674430642740147,0.424969761446636,0.5506805776844798,0.7999329499445547
0.0,0.4993945265197384,0.8045606029676821,0.6749572811192365,0.5232489432205295,0.5243313120511165,0.4349627174813586,0.595421936247319,0.7639328345115974,0.3950669263677074,0.5666492445350451,0.8852412512571884
0.0,0.4863768466941147,0.8038358913120455,0.6749500832437181,0.5256847090192065,0.5228687762853413,0.4254278728606356,0.5984394645366466,0.7586786331415865,0.3516003539352488,0.5689418549774802,0.8409191800496145
0.0,0.5026035359651247,0.8027250353129352,0.6769199718938635,0.5236442894466212,0.5204000138923112,0.4271936973648463,0.6209082168478663,0.7540547630238326,0.32386138183245183,0.5877780516083727,0.9932628280454371
1.0,0.4823807217243886,0.8037647363661234,0.6921561065718119,0.5219560685343435,0.5200782332323811,0.3788471570161713,0.6192367428444641,0.7475502887566474,0.2800509095318641,0.5876982030686534,0.9773438939031126
1.0,0.4366674739646402,0.8059144766030556,0.7123446409634064,0.5169057899218782,0.5415682304988063,0.3937079233557741,0.5749204940462989,0.7402361302295517,0.2237787080246418,0.6045581791112958,0.8190581445324503
1.0,0.41638411237587786,0.8087551853008258,0.7354795737295086,0.5186895793139087,0.626824953072235,0.35642154324184355,0.6383477553435397,0.7348614831101359,0.18899966252144376,0.647008228949677,0.7494013630502849
1.0,0.3819932186970211,0.8091281139289462,0.7393708524785042,0.5190811164553042,0.6253383934754739,0.2858622475401348,0.6368389911988759,0.7310145840985347,0.17669827472078048,0.6466609026634993,0.6541413397187942
1.0,0.35462581738919835,0.8095220857132296,0.7492561304328371,0.5163737423775591,0.6133014983911259,0.2176333505955464,0.5017972043487907,0.7298357956202175,0.1869421133613287,0.5967685373727271,0.4248787376435185
1.0,0.3779970937272949,0.8106237491357432,0.7655797449127432,0.5150763134512012,0.6451922544618395,0.2628171931641637,0.4763700909696026,0.731206350993385,0.2031656327431723,0.6297178755213705,0.3768035856818317
1.0,0.3768466941147977,0.8117339675621874,0.787129671761836,0.5148982186950011,0.6103430935923866,0.28404971517348515,0.5397529768508244,0.7307557988974476,0.2052342061439765,0.6227432394637058,0.4591698900963953
1.0,0.3720029062727051,0.8129358206045337,0.7966191260364908,0.5144267986665224,0.6048169737650773,0.2716209218021749,0.5444123955328746,0.7307208580725082,0.2194324441766018,0.625971365637612,0.3209615030392331
0.0,0.3913780576410753,0.8139720411078456,0.7973868512358041,0.5164035168936413,0.6348410959999882,0.3151216986017608,0.4765623844390208,0.731876879470041,0.2218800005198737,0.5824836307577068,0.4063977405292571
0.0,0.3705497699200775,0.8152658743556912,0.8098136928755482,0.5180041431305403,0.6541927058935425,0.28456758156395634,0.5410842393314106,0.7344189915398884,0.23095301149988,0.5721399348394468,0.4543500951679256
0.0,0.3542625333010414,0.8165333177109787,0.8283211044331468,0.5200370935187885,0.6308676875704008,0.26618332470222683,0.4363508616226608,0.7364486864329742,0.2210364564603394,0.557571644306621,0.189353472094308
1.0,0.3527488496003875,0.8170268804350044,0.8443135630418519,0.5198935438092298,0.5824566777591901,0.25828586224754,0.3393683899119887,0.7407042894275968,0.23324867395015175,0.5090941907280292,0.16991044020380394
0.0,0.3948898038265922,0.8171657383772702,0.8517191230988898,0.5205114442346193,0.5507331613232566,0.3237959606421541,0.4810073219436434,0.7469678093725678,0.27947238263683044,0.5395713343680885,0.2982056394189688
0.0,0.41759505933640106,0.8165577276689014,0.8564914869595806,0.5191144430974369,0.5453773624962097,0.3713102019678923,0.4044301456992821,0.7510926752079337,0.3169325502449177,0.5051718978360406,0.3998227792018722
0.0,0.4651247275369339,0.8164852120662544,0.8679548445328427,0.5202325487813283,0.5483918745947052,0.44562402900051795,0.3520227793802229,0.7573702087551364,0.3673134241378492,0.4851026339065171,0.4811569521507434
0.0,0.5024824412690725,0.8157525400536897,0.8730052020955881,0.5238933818221069,0.5579683601673511,0.5327550491973071,0.4271651505066193,0.7602583353787521,0.38719647437462507,0.5164352865591826,0.6269274248247788
0.0,0.523976749818358,0.8168076014500637,0.8906268366691745,0.5223604460494186,0.5410354815473252,0.5605903676851374,0.4540936321278011,0.7589543419859701,0.3854281126865379,0.4788730992536255,0.6723716934207553
0.0,0.4780213126665052,0.8175729045892154,0.9021833471350575,0.5212149522661059,0.5448852605257443,0.5299067840497153,0.3284224539605056,0.7564850610115026,0.3932267906137277,0.4692324317700433,0.4822292561609759
0.0,0.4636715911843061,0.8192208419517076,0.9180090733055905,0.5199037723098676,0.5604063910457322,0.4984464008285862,0.3132164780711487,0.7573840243769911,0.4251945927264403,0.4601716097190068,0.3864197023271108
1.0,0.4110559457495761,0.8205089410708132,0.930659431772212,0.5184737676196188,0.5570737952114447,0.4012169860176076,0.3372457658457215,0.7578007905469528,0.4525439007714184,0.4212379934966111,0.4438985280815719
1.0,0.39482925647856615,0.8217232528480111,0.9402562237911496,0.5166719410882513,0.5579924682349335,0.4127395132055928,0.2931661859329928,0.7582259227406938,0.4859894492534678,0.3941661094194242,0.3210673464353257
1.0,0.4009445386292081,0.8231843492746908,0.9551589854913838,0.5173235983343422,0.5885426404841683,0.4053599171413775,0.2558686487685817,0.7603818920043572,0.5258578757086907,0.3804891836147216,0.29444712871995765
1.0,0.3578953741826109,0.8236123444001856,0.9689739695887096,0.5166691288299246,0.6228200020345093,0.3404971517348525,0.19946749500776567,0.7613121684785957,0.5315938537566117,0.339850162955471,0.10037400905495553
1.0,0.3229595543715186,0.8235015542718466,0.9931947195877708,0.5130837571300715,0.5591571400228327,0.2645002589331953,0.24305894534427894,0.76508491570936,0.5263510840038603,0.3670758796757832,0.04849591095363345
1.0,0.3942843303463309,0.8223873502092586,1.0,0.5168465011066805,0.5860338815443364,0.3608234075608493,0.3362029435692627,0.7700029054918229,0.5253343518812661,0.3617693110127056,0.2416026914335817
1.0,0.4128118188423348,0.8208198639353587,0.9975295259540702,0.5150951819970937,0.5998892111734261,0.3696271361988608,0.3793210561349015,0.7721798560284174,0.5150530976189887,0.338198187834287,0.27510244984878585
1.0,0.41384112375877935,0.8200771174241971,0.987953914994996,0.5152143190307126,0.625403790769573,0.3669083376488866,0.3732712077509061,0.7733414573988411,0.4947514421112375,0.33370138398370386,0.16483654953917082
1.0,0.3666747396464035,0.8201362217793239,0.9770962741320656,0.5103874669075121,0.5650722361514665,0.24909373381667535,0.3734782930256639,0.7764144517115876,0.4585491315244917,0.33281345546373403,0.0724546370967742
0.0,0.4126301767982563,0.8204337926426023,0.9551242251534492,0.5152704704868638,0.5679131880382681,0.3522786121180736,0.5087715405665263,0.7834600455541596,0.4737704500112601,0.3534366132440808,0.18067748881895024
0.0,0.42510293049164455,0.8201228240348862,0.9414681982143788,0.5129047832778473,0.5563702767045983,0.3656136716727085,0.4127801198136231,0.7878184483281898,0.4893502888809826,0.3498113554325332,0.03238363425542461
0.0,0.4846815209493826,0.8184444504173697,0.9275876955416892,0.5155125480519548,0.5547935433553005,0.4651734852408079,0.4345684490792103,0.7971802762287123,0.538732991164935,0.3610796937721281,0.06986771411802044
0.0,0.5305158634051828,0.8173612147729262,0.9231268919143074,0.5167606751458083,0.5560991178480589,0.5086742620403935,0.5092522742400708,0.8035360936354248,0.5768117432989791,0.4032413478644423,0.3868346200731419
0.0,0.4844998789053039,0.8158749351823639,0.9156777731271716,0.5156718546538118,0.5492527710139523,0.4407042982910408,0.44144663856223615,0.8037722192737099,0.5832293130231085,0.3553364532312429,0.04602916610230779
0.0,0.5087188181157665,0.815917920702162,0.9300189799530624,0.5146235917248952,0.5539910475536408,0.4548161574313826,0.6050883810369061,0.8090568648922609,0.6082867868166315,0.4219828874436368,0.35225066594428805
0.0,0.5221603293775732,0.8162444687697606,0.959200252059086,0.5160291473331029,0.554101875946193,0.5223305645840856,0.6856519488203536,0.8110828968470631,0.6149351816244715,0.5028303301021824,0.6224434511716108
1.0,0.4784451441026884,0.8168881055608567,0.9812434547101224,0.5149745326267621,0.5550703216721076,0.4785120982304081,0.6636417424746689,0.8097221275628972,0.6182986292318343,0.4764983946829152,0.6236173190663229
1.0,0.5026640833131508,0.8169953185130926,0.9885014126627724,0.5138674022796481,0.5781807348315874,0.5096906223666784,0.6817617040159751,0.8082510082501988,0.6332196931501942,0.4888899719988621,0.5867985010609965
0.0,0.5768951319932187,0.8153067591457973,0.9801247877773622,0.5179543229725998,0.5865150147333091,0.6291079812206573,0.7418977886251019,0.8053453082129214,0.6302504051828204,0.5622121313563985,0.780531852453835
0.0,0.6684427222087672,0.8129111385096633,0.9723332713978836,0.5236649381987585,0.5733646356048429,0.7842783194895869,0.7947563050070259,0.7984455055537156,0.6143051403358295,0.5940853694344511,0.796060393960603
0.0,0.6382901428917411,0.810370448103504,0.9666565339185142,0.5212885995406649,0.5934349462086799,0.6979655712050075,0.854944160934842,0.7906312870664622,0.5865822367884984,0.6257814786343822,0.8190052169184493
0.0,0.6461007507871156,0.8091813268370137,0.9732362903953252,0.5184275644137866,0.5715457422872435,0.7055495365354523,0.8629613194290366,0.7820710501855572,0.5581509089499573,0.6296278188954173,0.8252735731603437
0.0,0.6475538871397429,0.8082391810106176,0.9814496742850792,0.5183417125147862,0.5533433214713426,0.7250511616708796,0.9604984838399528,0.7728491014546066,0.5151336710256856,0.6661590631596839,0.9682920024289776
1.0,0.5999031242431581,0.8073609172480037,0.9811423135158244,0.5140790754914237,0.5492212753964629,0.615986517394968,1.0,0.7631853556010022,0.4793014570015214,0.6834386093236637,1.0
1.0,0.559639137805764,0.8069452832970382,0.9792960393655308,0.5101978648101785,0.5542266486827332,0.5337667027807871,0.8129576214777016,0.7555333827801156,0.4525623251943265,0.5452587797661113,0.9852430016758746
1.0,0.5508597723419716,0.8069079208393849,0.9681703984867563,0.5090126811656233,0.5619113383351164,0.5349705068014927,0.7476739886103098,0.7505715039679395,0.4391791404731476,0.5446297798613264,0.9911473144711682
1.0,0.5804674255267621,0.8071125707981831,0.9693980172909896,0.508593697196394,0.5517473615798261,0.582039244011075,0.7976776865616448,0.7457870943503053,0.4338203773157588,0.5685608483593668,0.9875301483039975
1.0,0.5524340033906514,0.8065661362218822,0.9638160671011821,0.5094312493632719,0.5557362961484403,0.5341278439869986,0.643169883884328,0.7418327816878048,0.4381753692376968,0.5220972636987421,0.931280836089056
1.0,0.5784088156938727,0.8058854574042352,0.965965807198664,0.508612489873659,0.5534015104034311,0.5809558203924401,0.524842837068264,0.7420160272735923,0.4774239023035446,0.5121039334089289,0.8400325381527523
1.0,0.5454105110196172,0.8047277986591076,0.956581014026142,0.5055479546915493,0.5513479567135154,0.4899482364271096,0.4571925153464983,0.7412462475853743,0.5075035988544812,0.529001769090226,0.7279881165007341
1.0,0.5666626301767983,0.80282486877948,0.9359183051444162,0.5042633229460124,0.5671951567682251,0.5368445914029287,0.5200798757488353,0.7418829473325261,0.5331189454716116,0.510050897057233,0.8308546570231132
0.0,0.6244248001937516,0.8024421364548434,0.9177535971924052,0.5073023555090593,0.559697530222338,0.6037206037206037,0.4972487242067896,0.7402013513902552,0.5419385767617396,0.4987618845314497,0.8765318573272741
0.0,0.6088035844030031,0.8025957723831082,0.9052277428930048,0.5049118958312186,0.5684503108581991,0.6230131306150655,0.5054507802677319,0.736501912589212,0.5273840595487312,0.5027785881427189,0.9882357286645614
0.0,0.5983288931944781,0.8034758427253473,0.8998142090632566,0.5033461720058955,0.5712193586671748,0.6317668739921677,0.5313216478071149,0.7307846016993849,0.503047491442891,0.5154029937155833,0.8745864274685693
0.0,0.5812545410511021,0.8027816373659423,0.8924529582868883,0.5018825809723024,0.5711961749258724,0.5815480304077401,0.4411434065527695,0.7267611727951435,0.485190284366609,0.5203117381881213,0.717226674509227
0.0,0.5870670864616131,0.8002102469861411,0.8812867116955807,0.5026800562830764,0.5683573891025668,0.5731398295323658,0.4039272243177279,0.7266456180826533,0.4848518729257934,0.5037168167723023,0.7323336560062828
1.0,0.6217607168806006,0.7961668428745875,0.8655711516775227,0.5031249020978046,0.5676902865582452,0.588590986879635,0.4504030766955107,0.7252884241262822,0.4792324644813454,0.4761832689736281,0.7857012717268521
1.0,0.6582102203923468,0.7925513595669028,0.8529244200914304,0.5077837119254663,0.5564783212475871,0.6061027837259099,0.4412765328008283,0.7213118288292379,0.4535925347955001,0.4711787036025809,0.7113471559231871
1.0,0.6755267619278276,0.7886981544178223,0.8386410265049091,0.5097248040661357,0.5559352914786766,0.651963808348756,0.454907181421492,0.7187990943346934,0.445341510835696,0.4283211980891188,0.7195641875888201
1.0,0.6837006539113586,0.7864841025542487,0.8324629461689549,0.5115562295127591,0.5489851990595006,0.6103709776593563,0.4046076473633607,0.7149657788920076,0.4325348821397901,0.4010593534236885,0.5806763108989547
1.0,0.676071688060063,0.7827109114886307,0.8263403125436506,0.5109332157337112,0.5464599179960771,0.6057425742574258,0.40423785222986464,0.7141739254206609,0.4380713378013825,0.3995506603988375,0.4241518784389468
1.0,0.7030152579317026,0.7809833201495907,0.8284189487466713,0.5147323083884711,0.5789594804244669,0.6093868281604845,0.38407662155166056,0.7158277421768746,0.4477646673471671,0.4380472154112123,0.4041285573734651
1.0,0.6410147735529185,0.7789839643282742,0.8247797040638611,0.5118568947354799,0.5795389743344932,0.5358860525342212,0.352814140965905,0.7193937371516991,0.4628177783957765,0.4171456592693963,0.27096162955945113
1.0,0.6147372245095664,0.7792666858107945,0.8246147319425375,0.5094299395549244,0.5539595023968891,0.4810395856455789,0.3022483544116558,0.7260645036078865,0.4980042762611978,0.3797544090697534,0.000246984728110754
1.0,0.6586340518285301,0.779766388519966,0.8264280957379715,0.5146110170922003,0.5708514889802485,0.5620239390642001,0.4066415205975889,0.7373230238171942,0.5581025424342951,0.4342462282585805,0.2495730494794721
1.0,0.6698353112133688,0.7793279290675259,0.8264961652439173,0.5156873618840604,0.5833536504896017,0.589227421109902,0.446128244952296,0.7435785384388847,0.6053352013745908,0.4587350781280064,0.4138963621476199
1.0,0.617280213126665,0.7784863818792341,0.8193494243688243,0.510819912869553,0.5685783354313598,0.4778745012694957,0.3865616448487537,0.7470769309071372,0.6370624556056129,0.4065163738068646,0.0005308597133359074
1.0,0.6642649551949624,0.7772099071326667,0.809696662130305,0.5129951178293429,0.5605942376673486,0.5447950671019223,0.5265734782930256,0.7541590049487976,0.6841953990088396,0.4663980284879597,0.12230532336119762
0.0,0.6982925647856624,0.7774180516801324,0.8086132346183504,0.5137054568139411,0.5632789285918229,0.5827178072439262,0.6266696250277347,0.7557590726337273,0.6911996315213185,0.5176617130677823,0.6255856003945106
0.0,0.7373456042625334,0.7779293770960928,0.8125052883360699,0.5176556241367881,0.5681314370533843,0.6649461600071193,0.6832334886472892,0.7528531994162582,0.6684428910553709,0.5201417514807789,0.7823232672241031
0.0,0.6869702107047709,0.7782341882426816,0.8158004220218473,0.5157890167480285,0.5679078847802448,0.6022069947494881,0.7188373641002884,0.7495574553445392,0.6490963808073549,0.546516163527969,0.7509078309078315
0.0,0.7236619036086218,0.7789660365422176,0.8280990867741771,0.5167533665606698,0.5704675753248879,0.6421642787220789,0.7364322165520302,0.7474677000036878,0.6256285125073107,0.5693117601933322,0.9102425292334346
0.0,0.7371034148704286,0.7792028457435834,0.8594062797500611,0.517497329746404,0.5887210015596589,0.6895078757675535,0.7567487611863031,0.7443038561916373,0.6088277248180959,0.6014177295248768,0.9869532265049812
0.0,0.7139743279244368,0.7802637497589883,0.8928851475872409,0.5188120383274126,0.5892695738855491,0.6583607724481619,0.6951852673618819,0.7396072930415805,0.5717363706488352,0.5602817264560079,0.7317832394976197
0.0,0.7590821022039236,0.7804934023696467,0.9211413139824204,0.5236491000800589,0.589022554083112,0.7435258520957553,0.7030619037053473,0.7379451689978886,0.5737884922848965,0.5721079925789269,0.8300941966219153
0.0,0.7978929522886897,0.7798058833813833,0.9268571008487329,0.5246313673579267,0.5957997951624796,0.7972768532526473,0.7423045632719474,0.7353660590084543,0.5706526628099853,0.6512250214566662,0.9954255088783036
0.0,0.8012230564301285,0.7787013745686681,0.9347605701340984,0.5252824446758048,0.6022705961149655,0.7902465070748421,0.7024110642703938,0.7297560549219901,0.5619289760918302,0.6465379877985588,1.0
0.0,0.8169048195689028,0.7776604536615999,0.9392414830941908,0.5266029893915785,0.6042747986904814,0.8283349648482691,0.6829746320538423,0.7249413631446733,0.5550958327060183,0.6316988813012521,0.9934572779685186
0.0,0.8388835069023978,0.7763427054910853,0.9482730264456728,0.5255187856507559,0.6099855399400395,0.8586811426537334,0.6613194290363142,0.7195350263958613,0.5412679694689697,0.6473898792465042,0.9618606484675284
0.0,0.8244732380721724,0.7737836646345461,0.9454354879035278,0.5246191551585918,0.6104898235666074,0.8231734448696271,0.6893942755713336,0.7134843860962838,0.5270293837895003,0.6704190306411408,0.9819536937993842
0.0,0.8213247759748123,0.7719109370319656,0.9476551959077524,0.5248720101859651,0.6089192116598001,0.8003915635845867,0.6615708897270913,0.7068416515370772,0.5021758904312382,0.6503092812171336,0.7568491877625371
0.0,0.8179946718333739,0.7699129825092056,0.9416875558596742,0.5239097885544928,0.5994376052491099,0.8096467028566344,0.6696989867613339,0.7031321476057968,0.4933843860399015,0.6653570349270143,0.9673544810594392
1.0,0.8276822475175587,0.7689737986091142,0.9506650725647152,0.5254514108102388,0.6034107785184826,0.8026163566788288,0.6551512462095997,0.6995859726068225,0.4791957933922689,0.6535530011003621,0.8551203184367657
1.0,0.8126059578590457,0.7672247610237625,0.9542577042359623,0.526833472105226,0.5769367441395201,0.7966539111862595,0.6292286073515273,0.6962636096235757,0.4678745493762009,0.6617070865201555,0.7902133639964233
0.0,0.8546863647372246,0.7664616961498749,0.9703591426965744,0.5282915655343039,0.5756184881248162,0.8471122185636735,0.6648546705125362,0.6934732093167799,0.4512281682996856,0.666420057078287,0.8916570844512599
0.0,0.8718818115766528,0.7624897272093095,0.9603535668823232,0.530007304547134,0.5613939337948126,0.8806620984248462,0.6797943939057766,0.6885902620248228,0.4229914978217226,0.6494574468151346,0.975978534009117
0.0,0.9186849116008718,0.7580823910256457,0.9475078229461221,0.5367451624028692,0.5804305713388505,0.8748776363798165,0.6846461060572443,0.6827558159478886,0.3859095032872221,0.6547074646233662,0.9757435501842808
0.0,0.9220755630903364,0.7522868192159614,0.9211374139281892,0.5377229697806764,0.6153650938406927,0.8674790555978673,0.6748835145329488,0.677223545124882,0.3614335662285616,0.6471346057141054,0.9665410528719882
0.0,0.9444780818600148,0.7493355064326735,0.9032448427200708,0.5409113927773189,0.6212784443392577,0.8709122203098105,0.6572738702758674,0.6739086564756394,0.3551819812661463,0.6313267010405658,0.9907892439322502
1.0,0.9185032695567934,0.7464236982760378,0.8808364676517584,0.5414714760499579,0.6042485261812347,0.8472551746707027,0.5693661711411878,0.6718446276770311,0.3588342530635526,0.5346188434157866,0.8577878103837466
1.0,0.868854444175345,0.7443227292681728,0.8755318207054491,0.5375425873880116,0.6042342718724396,0.7665476963011031,0.49457140744027794,0.6712272794267502,0.3610811072667118,0.4744123287143632,0.4975745641419715
1.0,0.8988253814482927,0.7444904058053353,0.8867142222958571,0.5377487679550452,0.6006098713920198,0.7980169518631058,0.5364839878707196,0.6745604420234068,0.3863150600336414,0.4918942966633243,0.6556361365928616
1.0,0.8443327682247518,0.7464439997967517,0.916109125550698,0.5319119256949816,0.607742676577682,0.7876219414680954,0.42792692848162095,0.6760355666949598,0.39885022291598,0.3567312235141962,0.610849266340594
1.0,0.8081254541051104,0.7486794403206128,0.9309438710664462,0.5296850486485838,0.6084606613548064,0.7794658563889334,0.42927298276754666,0.6791743974157469,0.4375856036162529,0.3582174845315946,0.49209378407851706
1.0,0.8387018648583193,0.7493807833842362,0.9431845507462688,0.5296861558167356,0.6127905818775927,0.8134495442187751,0.4198653945714075,0.6799759040064846,0.4497697083954453,0.3504662925643484,0.5920704159526411
0.0,0.8210220392346814,0.7485408068373373,0.9492999200251492,0.5307079297030285,0.6351104458584824,0.8068926915080759,0.4435100954071444,0.6804075693073162,0.4597980731677137,0.33155281346346416,0.5763053655023409
0.0,0.8439089367885685,0.7479554160457608,0.9484620482502664,0.5332956324384145,0.6204351766616737,0.8397569166799934,0.4544634272612975,0.6793053829701967,0.4531470212212033,0.3415452486171422,0.6532949225783227
0.0,0.8325260353596511,0.7452937319978857,0.9446486923473316,0.5322898916130343,0.635923880858199,0.8242443627059011,0.4769617631831965,0.6775935795096135,0.4437631741926722,0.36713222548267216,0.6454087144400437
0.0,0.8635868248970694,0.7413507437853583,0.9255983749820168,0.5327300428716688,0.6213966519692552,0.8297617143770988,0.4975075808002365,0.6755966783524411,0.4404486151852151,0.33903683882328084,0.7007202016564632
0.0,0.8984620973601358,0.7370325922218165,0.9063296099022586,0.5336580099974672,0.6238682080763942,0.8404765712458021,0.4625471488795209,0.6721753119098679,0.4266665196411865,0.3478553948380029,0.5344256391789699
1.0,0.8665536449503511,0.7341113126136133,0.8926591679877479,0.5311447326382553,0.6264667064537527,0.7893810970734045,0.4818800384586939,0.670828039713401,0.426423954215988,0.3705675207414989,0.3623334533669426
1.0,0.8780576410753207,0.7323446569801112,0.8951031034442949,0.5322159502642441,0.6273414649685644,0.8108907724292337,0.4682419939353598,0.6708059380131204,0.4253060864772353,0.35728298591940444,0.3813467770975879
1.0,0.8662509082102204,0.7300021314559029,0.9050616907909076,0.53156977081578,0.6303550578017859,0.7842635534943225,0.4599881665557282,0.6718744770274163,0.4353912238595539,0.3954056048536481,0.3411955347497301
1.0,0.8899854686364737,0.7286490525957715,0.9149270251407104,0.5310545618913249,0.6279804766718083,0.7942587557972172,0.4772280156793134,0.6729113051325948,0.4456775350194714,0.3653214486445578,0.4053655023406546
1.0,0.8669774763865344,0.7277206717765142,0.9165279457485472,0.5304576341726547,0.6338912315090476,0.793938909323525,0.466252496117151,0.6743017177492001,0.4632138163080058,0.3518492749665627,0.317680950666186
0.0,0.8886534269798982,0.7291444967067909,0.9286814357217164,0.5328890431818637,0.629611380696542,0.8257636334559408,0.4214555136454405,0.6763319475730272,0.4827811661373128,0.3573443439226877,0.3056175729204175
0.0,0.8554734802615646,0.7303212761744927,0.9453840567787426,0.5289147014150859,0.6162981903519832,0.8257636334559408,0.4145403446490643,0.6792353878083377,0.5069211258816093,0.34761169550437626,0.18602808786460165
0.0,0.8202349237103413,0.7313955475258048,0.971064924742244,0.5276586900776721,0.632936524047968,0.8078522309291539,0.3949042230604246,0.6821202999752289,0.5267603962294606,0.3699569948092287,0.11776194437411833
0.0,0.8323443933155729,0.7296432143661485,0.9759572167362152,0.5253510342785822,0.5847141464529767,0.8235247081400928,0.41393388063013065,0.6858501459752588,0.5524226076556883,0.3958819549417572,0.047679617637989086
0.0,0.9094817147008962,0.7269964509742323,0.9707383282835194,0.5310224353639126,0.5746431905282089,0.8870941947865024,0.4948672435470749,0.6898859389237941,0.5808874283849392,0.434346112099336,0.31273109407231525
0.0,0.9431460402034392,0.7238205149185647,0.9577217972358996,0.5345094685729775,0.5763190811885389,0.9381097073404764,0.5151172250573183,0.6925420353471201,0.6066416331360786,0.40758275898659735,0.2552348893619128
0.0,0.9067570840397192,0.7206294214605492,0.9490568593480876,0.5315541938927046,0.4638782369805064,0.8866144250759634,0.4774277050514015,0.6946518827161037,0.630120405964569,0.413257828654886,0.13761694965595644
0.0,0.9652458222329859,0.7179125067222841,0.9433485501455934,0.5350635332368585,0.0,0.933791779945626,0.6094667554174986,0.6980289953557257,0.6604631591304728,0.5491565590151701,0.8622478087236142
0.0,1.0,0.7147350352976322,0.9292066341645768,0.5383503079504844,0.5468602626524764,0.9915240684471454,0.5999852081946603,0.6950303756642873,0.6618556154526565,0.5383132383153408,0.7956018878688872
0.0,0.9920682974085736,0.7131154712109703,0.9242079440201624,0.5380129601608459,0.6215751912430559,0.9950151180844976,0.6598180607943198,0.6926659265001303,0.6688401317359761,0.5859398081909447,0.9950547852225348
1.0,0.9321264228626788,0.7113700185479589,0.9176886937769984,0.5348794020722996,0.0,0.9469384386862518,0.6485984764440501,0.6889187328670137,0.6782276960114791,0.574883299848958,0.9310361469041072
0.0,0.9349116008718816,0.7104084074148832,0.9164297764594778,0.5348828884319465,0.687979932831264,0.9570061066182536,0.6340285481843059,0.6861254804693937,0.6889201927417692,0.5373593870965082,0.9665061390949704
0.0,0.6250000000000002,0.9963341295170184,0.9010414752875521,0.4980271240571891,0.5770569508025726,0.7057894736842107,0.4678574069965236,0.9659562272182702,0.5377748420304204,0.4763144021271154,0.743230347131098
1.0,0.6145621181262729,0.9960151237430988,0.9020958486922124,0.500962346640796,0.5798062685022042,0.6963157894736844,0.38613268249389865,0.9642331834655355,0.5297164572990556,0.4679265584766255,0.4611734889340781
1.0,0.6081975560081466,0.9954295996228766,0.90334854861936,0.5008376430083497,0.5876328630806674,0.6781578947368421,0.3628060054729676,0.9644842521509064,0.5302891310432448,0.447770734113793,0.3181794026995425
1.0,0.5623727087576376,0.9949292153065974,0.9053781109020728,0.5004434083847084,0.5753101908611759,0.6463157894736843,0.3565268841062049,0.9659746458570416,0.5249281444849738,0.4402084269306477,0.1321872675098308
1.0,0.6115071283095721,0.995077954247928,0.919956790556064,0.5047486802075446,0.5756646919715951,0.6978947368421049,0.4434657199911249,0.9700291152895296,0.5456550005470402,0.4974789495067221,0.4573280901264736
0.0,0.6206720977596741,0.9943411167199874,0.9289817769336292,0.5018367076559861,0.5837551518905435,0.7060526315789474,0.4626506915169,0.9710197879650908,0.5591668851349085,0.4623678411102949,0.5150653629503669
1.0,0.5975050916496945,0.9934980345719052,0.9337622547661512,0.503759171213,0.5908212498183864,0.6847368421052632,0.4097330079136154,0.9692947052329804,0.5627074829108304,0.4091881204449082,0.31594749707726555
1.0,0.570264765784114,0.992969469468366,0.93403161101584,0.5017389571039336,0.5780730367684863,0.6563157894736843,0.4508468308557063,0.9689668322638608,0.5887988901685037,0.45033694049727613,0.08261363636363615
0.0,0.5997963340122201,0.9929541371184538,0.9369714473600006,0.5042950389523286,0.5807813682112336,0.6897368421052633,0.5735892315657123,0.971742937248634,0.5841647919937369,0.5063967400093614,0.09259326660600399
0.0,0.6097250509164971,0.9927426172598096,0.9447073067896914,0.5048143789859904,0.5788660879479476,0.7105263157894737,0.5699504474521119,0.9735570925936892,0.5651596984925521,0.5023443119577018,0.4446663104311396
1.0,0.5868126272912424,0.9924912811544426,0.9541904357227216,0.5068365667474166,0.5844243162859986,0.6873684210526317,0.5518009023001261,0.9740261188170138,0.5219906760836556,0.488313960957441,0.3324239952751934
0.0,0.6168533604887985,0.9915766738398488,0.9591422617567232,0.5093322359414537,0.5817844078439979,0.7236842105263157,0.6965017380371276,0.9750517675573388,0.4837327955346808,0.5699328416400281,0.6260370672441431
0.0,0.6143075356415478,0.990316475123478,0.9554802312880376,0.5094126595823485,0.5836440723469692,0.7118421052631578,0.6901264699356552,0.9725084252467744,0.4419990758963581,0.5660015974645474,0.6763270084601607
1.0,0.5913951120162931,0.9888818569467276,0.9494237561003104,0.5077663990347944,0.5846053728757403,0.6863157894736842,0.6240736631905931,0.9709501354078494,0.4091012019727495,0.5637483105514669,0.5099953612688036
1.0,0.6125254582484725,0.9875034358854003,0.9413717882564072,0.5059581804790106,0.587278117727796,0.7076315789473684,0.7231121958435025,0.974774305433501,0.4329067800699423,0.6268026954506941,0.6929380839831234
0.0,0.6250000000000002,0.9853764857637616,0.9338429383040106,0.5035043007016413,0.5859778111248289,0.7086842105263159,0.595688188743436,0.9752932321397648,0.4320019588883568,0.5229377710834663,0.6651940535883886
0.0,0.6639511201629329,0.982866144454006,0.9238843854235848,0.5035087717298594,0.5878802094922659,0.7326315789473685,0.6381184823607725,0.9770926377369497,0.4553875303831586,0.5653036582118603,0.798502352499392
0.0,0.6950101832993892,0.9803118921380044,0.9184857610984044,0.5026857958202569,0.5889047726273313,0.7555263157894739,0.6818208712373344,0.9746702867213192,0.4533688080306956,0.5501328792321709,0.8364957699189317
0.0,0.6919551934826884,0.9783666832891668,0.9274834173720208,0.502754480926488,0.5936816952075452,0.7439473684210526,0.6590193033059684,0.9698930716661368,0.4547200793795288,0.5240053390173258,0.8448013076804131
1.0,0.6481670061099798,0.977068946711204,0.942179279835586,0.5031515136970506,0.5899970275173969,0.7013157894736843,0.7017898084461207,0.9640068289125427,0.43224539568866177,0.5514084302209274,0.8038479379735367
1.0,0.638492871690428,0.9764776055979314,0.9561422448936744,0.5058908017314101,0.5913448954911091,0.6963157894736844,0.7849641298720516,0.9576826259678296,0.4062108035189416,0.553262683086693,0.8511850853747434
1.0,0.6522403258655807,0.9764170416893658,0.9613551135742964,0.5070855702561553,0.5924193701471435,0.7123684210526318,0.788610309888322,0.9532202726528952,0.3905163733475968,0.5564354630451874,0.8951662333819449
1.0,0.6206720977596741,0.9753407095568688,0.9635062709738688,0.5076533749934692,0.5929678954817446,0.6944736842105264,0.6771762443606243,0.9470069114653774,0.3608426420243551,0.5053134967837652,0.9997849051192575
1.0,0.6446028513238289,0.9741419709379052,0.965942295761133,0.5063592310957994,0.5721433354726502,0.7023684210526315,0.7257673249020042,0.941890162284852,0.3342199602144321,0.5308940457618934,0.906416704770614
0.0,0.715885947046843,0.9724001679259272,0.9666852821910012,0.5091088406090339,0.5924437414696889,0.7718421052631579,0.6787885511426666,0.9364683851123228,0.3033343299950567,0.496055575849937,0.9186607732561082
0.0,0.7530549898167007,0.9705871126245244,0.9669437986815071,0.5122834590382513,0.5849250467241489,0.8136842105263158,0.6270763996745798,0.930308242831012,0.2769352036912404,0.5147808742570552,0.9330670634609852
0.0,0.7752036659877801,0.9687529796957246,0.9654555698846384,0.5106329870984354,0.574871341359416,0.8297368421052631,0.7335626063161008,0.9226253177154032,0.2451889911294294,0.5609361254855841,0.9258126095028898
0.0,0.7191955193482691,0.9665729084329304,0.9662195962874298,0.5102673558058448,0.578006120121603,0.7742105263157896,0.6578951261001401,0.9116645088252592,0.18090980133207674,0.5306990997734774,0.9835085313833032
0.0,0.7118126272912424,0.9646931962965626,0.967484601058618,0.5098037869443671,0.5771171028597823,0.7647368421052633,0.635330227054212,0.9096107307582316,0.1754269054147909,0.5213566452659361,0.640760197775031
0.0,0.7286150712830958,0.962690928784558,0.9712591530916408,0.5077433162806567,0.5784096529382602,0.7736842105263161,0.540056208860291,0.9122802984896624,0.1908920018645288,0.4692378292372749,0.8772613320685668
1.0,0.7441446028513238,0.959913968617673,0.9692893687811346,0.5054506938355912,0.6022973106461739,0.7878947368421052,0.44936765032172143,0.9154264435545432,0.2173346716193912,0.478635112835455,0.8251914086320201
1.0,0.7062118126272909,0.9574829538261922,0.9681850923141144,0.5033628799034275,0.6025699834871914,0.7299999999999999,0.3457288662081209,0.9184932588670572,0.24095082205778875,0.4801856930661413,0.3105859805080943
1.0,0.7110488798370672,0.9552964245429209,0.9672390156890572,0.5036979520377725,0.5876410027320569,0.7376315789473683,0.24896087567487615,0.9235832023811871,0.2852729479779078,0.4962846234615496,0.3005138033682672
1.0,0.7329429735234219,0.955265610617574,0.97426379642544,0.5020861494774735,0.5901374678126623,0.7555263157894739,0.2479550329117665,0.9292281038998867,0.3332730262810032,0.4962180052735194,0.3113365868713946
1.0,0.6741344195519349,0.9560973791968932,0.9872295151301516,0.4992309993087141,0.5923708048543299,0.7297368421052632,0.19626506915169,0.932594243552734,0.3739224583445876,0.5233123846025852,0.2070654928387748
0.0,0.7245417515274951,0.9579071923106603,1.0,0.50262853732002,0.5896164592984394,0.8086842105263159,0.3220915612750538,0.9390563659002706,0.4309957507983508,0.5183415819295429,0.4772711205372921
0.0,0.7077393075356416,0.9563392589257228,0.9992737633774872,0.5042927672600924,0.584268959638,0.8055263157894736,0.2760076917387766,0.9385624086446036,0.4351827704724064,0.5013401425946644,0.4825379992930354
0.0,0.7179226069246438,0.9533045506028608,0.9851596261080986,0.5062317757457658,0.5934714124274723,0.7818421052631581,0.3027364839878708,0.9377682404096196,0.4316417583385007,0.5144667105153115,0.3861240582034449
0.0,0.7474541751527495,0.9497886169404252,0.9722562581814492,0.5053324855708454,0.5865626262185798,0.8031578947368421,0.3594778492715039,0.9359953556388094,0.3950370120240753,0.4889408271962859,0.4439098548255069
0.0,0.740580448065173,0.9476157996553682,0.9651933281766922,0.5048577636615402,0.5940233457210433,0.7957894736842104,0.35488499371348303,0.9346121034885844,0.3877024574037666,0.4853612385664646,0.3163267010808739
1.0,0.7082484725050918,0.946173797089265,0.9665786894380092,0.5061274113941968,0.5920198789793616,0.7647368421052633,0.2635973670586496,0.9355953591689988,0.3932558934729576,0.4885765986730897,0.16425266041864994
1.0,0.6904276985743382,0.9450943083302727,0.9704941394613512,0.5080809127825713,0.5950776406399236,0.7539473684210527,0.30902300125730353,0.9415157353826179,0.45030684243707103,0.4615479050614511,0.1857030688785309
0.0,0.769348268839104,0.9433446349406072,0.9691426692742916,0.5150994782839904,0.5947273497678188,0.8392105263157894,0.41487316026921095,0.9477037459044066,0.5011582068114853,0.5067313703978429,0.4287241684625538
1.0,0.7270875763747454,0.9409308064820084,0.9660169099102528,0.5126141582368487,0.5996975292808515,0.78,0.28093336291694376,0.9499691887460632,0.5275540350080806,0.4798757617956039,0.21620808900917166
0.0,0.760183299389002,0.9390412672710966,0.9638977611912134,0.5154344200290714,0.5925371986020117,0.82,0.32906589749278936,0.9564414984173392,0.556197954874171,0.5021940222247199,0.3303763845035837
0.0,0.7823319755600815,0.9364591081274822,0.958293248091824,0.5171236291334496,0.5992308626533096,0.8502631578947369,0.4188299681976189,0.9600342756672562,0.5601424667575234,0.5022804845766878,0.4401510215673503
0.0,0.7443991853360491,0.9336190928614371,0.9508577594980064,0.5153460377617728,0.5996748932233951,0.7855263157894741,0.3184453812587826,0.960632915223653,0.557105748742888,0.4257437706394667,0.19395579612088465
1.0,0.7454175152749493,0.9309725162384448,0.9442170049996051,0.5152034882942846,0.5997898220677951,0.7913157894736844,0.3377338954219361,0.9672474372053608,0.5928919954838897,0.44085300522586623,0.16263218563624576
1.0,0.7011201629327903,0.9293410047041012,0.9419316036218984,0.5154576688690337,0.596938567517884,0.7478947368421054,0.3164854670512538,0.975732645387038,0.6584844941934114,0.4210638413527434,0.059322741776508474
0.0,0.7968431771894092,0.9273410704414684,0.9321823291196956,0.5245591937589175,0.5578811319480523,0.8471052631578947,0.4365357591894091,0.9882129146598242,0.7571057542838184,0.4942262067081685,0.06515601783061017
0.0,0.8525967413441957,0.923850917805773,0.9148689715344314,0.5263385820420456,0.5677256471614079,0.8936842105263161,0.5078692404407964,0.9954380491114628,0.8269286771774136,0.5495213147702578,0.1865141481035523
0.0,0.8912932790224032,0.91996215627429,0.89892502284544,0.5266126489176446,0.5699980926403003,0.9165789473684209,0.5591968049700463,0.9993991663093679,0.8981530245380854,0.5455851409179302,0.3336544250451514
0.0,0.9338085539714868,0.9158385751719796,0.8861139056971767,0.5269022500872325,0.5992726177758779,0.9594736842105264,0.6387397381850454,1.0,0.930516273621946,0.6327820264204569,0.7126429861529197
0.0,0.966140529531568,0.9118787106223644,0.8762911152586352,0.5264497585097062,0.6183616278808945,0.9807894736842104,0.7282005768804082,0.9961854005565632,0.9358755720022154,0.6553076933757574,0.7589102950030095
0.0,0.960285132382892,0.9075218767096856,0.8668492444109033,0.5263323758359907,0.0,0.9692105263157894,0.7610531765401967,0.9899797813143864,0.9038031098608592,0.6392159289748066,0.8457104017722284
0.0,0.9697046843177192,0.9044406267006676,0.8646854069484404,0.5235939275055912,0.5972624042245155,0.9726315789473686,0.7900673027142959,0.98295041460211,0.8741178295681926,0.6560619140187768,0.8321155917755598
0.0,0.9462830957230144,0.9013273310839462,0.8622058815500868,0.5241103891590911,0.5702376724153967,0.9943120260021672,0.8999926040973298,0.9772513799062932,0.8652102176390277,0.7178663349292791,0.9860246751828792
1.0,0.9124236252545824,0.8990859971858685,0.8630277875122091,0.5220594347947316,0.5851476111927817,0.9637135423798442,0.7834775534353966,0.9690057541740388,0.8405178963172133,0.6389752386954207,0.9992632448482957
1.0,0.8579429735234216,0.8974781534446259,0.8691370932738154,0.5207641535246504,0.5633471104172161,0.9196220731206352,0.7515864211226979,0.9648775389071332,0.8352981774489907,0.6682315969669332,0.9735161352285808
1.0,0.8383401221995929,0.8966803038040672,0.8812116274886734,0.5172734814365101,0.5598718959055842,0.9267424346159112,0.6826640041417056,0.9595069499448194,0.8104114048638955,0.6610562481027852,0.8525478030919451
1.0,0.8765274949083502,0.8949604099826729,0.8895202687201884,0.5204158449969076,0.5575354241715401,0.9760372449678214,0.7504696398195396,0.9558758349414151,0.8034206338065615,0.6732771537196911,0.948975378103545
1.0,0.8742362525458247,0.8920683145268062,0.8938641435149188,0.5205786650965979,0.5504745128823341,0.9659044228399288,0.7357961689224166,0.948230423414357,0.7579873497641254,0.6660294058782708,0.8235946936457946
0.0,0.8762729124236253,0.8887124123190566,0.8969697354961752,0.5203609172487454,0.5771124023345652,0.9752156647952896,0.8249833592189929,0.9428734556706851,0.7246886815366796,0.6708379634753469,0.8505908452936114
0.0,0.8933299389002037,0.8854956275290431,0.9025858887501464,0.5182901137377613,0.5516657498640026,0.9891825277283309,0.8578433547814517,0.9380143071680124,0.6852793304497611,0.7172561088782302,0.9754141627415956
0.0,0.8907841140529532,0.8814864138628273,0.900048065381265,0.5182100300291269,0.0,0.9842530466931396,0.8110568744915314,0.9323978495691684,0.6747844083878811,0.6460043760950248,0.997576621525302
0.0,0.904531568228106,0.8775802341768126,0.8875351295074065,0.5159183440143751,0.5783119277808225,0.9891825277283309,0.7811404481917017,0.9270609228900372,0.6934228214586755,0.6320519520935812,0.9417225150194116
0.0,0.9037678207739308,0.8734127509911425,0.8711256118963981,0.5159494118954738,0.5636924908868826,0.9864439271532244,0.7301235115745879,0.9218874842447646,0.6776321097256499,0.6232145252307764,0.9164768907107396
1.0,0.8948574338085539,0.8694315009245228,0.8579729464482071,0.5156511841571964,0.5744313340471131,0.9852531997774068,0.6981732120405298,0.915791474032268,0.6475725670804928,0.6058514823166734,0.8623578832016805
1.0,0.8963849287169044,0.8656145001709591,0.8505149457026819,0.5159697089161875,0.5341345381425627,0.981914301613801,0.7329117668811477,0.90888145549624,0.5835942015669809,0.6268816111946875,0.7867677275010263
1.0,0.8971486761710794,0.862115452668625,0.8448032564279091,0.5160263609907374,0.0,0.983027267668336,0.7947563050070265,0.9016002129805992,0.5376769947051877,0.6213766628437476,0.8398931555636728
1.0,0.9063136456211814,0.8583130686654197,0.835124396549835,0.5168373407750697,0.5713429255420599,0.9941569282136896,0.8369425338362545,0.8938390085606294,0.4745837397075599,0.597019997389189,0.8827748360072696
1.0,0.8971486761710794,0.8541108385339227,0.8250701981987922,0.5167303091197436,0.5841071383755211,1.0,0.8278529694549224,0.8833824330015678,0.3850362290046143,0.5932183241050552,0.8544582968795561
1.0,0.8869653767820772,0.8497422005957289,0.8118324149028537,0.5163542367909951,0.6519800935662748,0.99477503628447,0.9530729975593524,0.8746893230241715,0.31506224766218105,0.6067634599709493,0.90215108508878
1.0,0.8276476578411406,0.8451034705489764,0.7989650824777244,0.5123182623994357,0.6751242788941141,0.9329608938547486,0.8252348199097705,0.865041096755385,0.2586108732947794,0.5667346229152864,0.9713827881987004
1.0,0.8307026476578412,0.8408680112875857,0.7860837422767508,0.5134681353900263,0.6333793554709927,0.9141428991473096,0.7544190518452782,0.8606649628885201,0.2377725153455347,0.5582141075024853,0.9754761335564596
1.0,0.8296843177189411,0.8367725088999851,0.7749658075281658,0.513749250633648,0.6636294630293527,0.9044398706262864,0.7356112713556692,0.8562574872527657,0.21275711436046288,0.5500945643765001,0.890476383211236
1.0,0.82306517311609,0.8337832371428611,0.7691340781429186,0.5134444695186119,0.6502924373107087,0.8923845927668332,0.6560757340433402,0.8521796049752639,0.1808000604998881,0.5533218393064963,0.7218197272028172
1.0,0.8643075356415479,0.8311472044846697,0.7662021821668117,0.5172253337558804,0.6843131398482875,0.946780358718024,0.7007100066563129,0.8514036892617283,0.1723124491739088,0.5912307212411785,0.8827255433682767
0.0,0.8668533604887986,0.8284369621522163,0.7675825800199638,0.5137115979965055,0.0,0.9494266392237578,0.693669107314548,0.8484702999452769,0.1487389808408771,0.5843936395829128,0.8847290241631928
0.0,0.8974032586558046,0.8251338700937254,0.7668459662352882,0.5166153422761605,0.6856422271723074,0.9876506909732432,0.6523851786110492,0.8454462041995818,0.12641718800135465,0.5475174605900363,0.931335249119682
0.0,0.8732179226069248,0.8215449565601516,0.7630435719200492,0.5152328532300076,0.6052969817159362,0.9947740547187212,0.5765032172176615,0.8399989993318668,0.09430049317434892,0.5475044127153441,0.9215298687567512
1.0,0.8174643584521385,0.8178078679787606,0.7439704834987497,0.5110918803330456,0.5938575246031366,0.95924864692773,0.6138451297980918,0.8371562607982048,0.08198909451940589,0.5699026929339495,0.8554715333164777
1.0,0.7805498981670062,0.8144453788732369,0.7280551832574502,0.5084666309289346,0.5936864185462715,0.90639923591213,0.4292212114488571,0.8350217057710052,0.0704896720786401,0.5021915594353031,0.5836991748454259
1.0,0.7920061099796334,0.8108655331213771,0.7117611528873259,0.5060581204386034,0.5816420087486358,0.9118115249920408,0.3809703424302936,0.8385700291026337,0.08486280859679074,0.476582722861989,0.5874704491725764
1.0,0.8141547861507127,0.8075120917656977,0.7094054215041126,0.5049147010623583,0.5860322130217195,0.9239095829353708,0.4386435914503368,0.8392658506746571,0.08202002779702383,0.4592191909199774,0.6950723660648456
1.0,0.8447046843177191,0.8055689472294991,0.7138528527681307,0.5081185076920781,0.5850820166729287,0.9637058261700094,0.4665113527105982,0.8349270532899362,0.042016122367831865,0.4771991427285857,0.6630290517622774
1.0,0.7871690427698577,0.8039806613146525,0.7256464954281708,0.5046566860183745,0.6190250959960377,0.9270932823941422,0.5732564159455661,0.8339710482938059,0.03675345886348708,0.4908034966691314,0.7838287652474358
1.0,0.759419551934827,0.8025273941057613,0.7373730327884702,0.5061033963748641,0.621957703045495,0.8943011779687999,0.4273056726573482,0.8311139455407304,0.013448029185500364,0.4636253599953506,0.7803948005983109
1.0,0.7191955193482689,0.7995242235462974,0.7362107321303771,0.5028273193600621,0.6154479178895389,0.8433619866284622,0.3673249020042897,0.8306379964024624,0.01970395269747266,0.47839828701739295,0.5742227671861407
1.0,0.7087576374745418,0.7957890899530795,0.7232219475642907,0.5025034237670271,0.6154779169656357,0.8153454313912767,0.30201908142888834,0.8299561332870204,0.0,0.489900365185132,0.4548690768135429
1.0,0.7258146639511203,0.7923894893681662,0.7108998464730523,0.5049862227568503,0.6338456301444118,0.8092964024196118,0.2515124620959988,0.8333949697766576,0.010952593130705124,0.5098384693197302,0.3312960859610222
1.0,0.6889002036659878,0.7892043148870587,0.7019879480849944,0.5052103732413855,0.6302397727337137,0.7685450493473417,0.1561570889727088,0.8392476771894204,0.0351752625898471,0.5275275249401644,0.29006031562422474
1.0,0.6570773930753566,0.7865729951491127,0.6972587248321407,0.5027085261750337,0.6246534264302451,0.7201528175740212,0.0,0.8454555801739461,0.06043861289644802,0.4532209385115417,0.03703982874544067
1.0,0.7186863543788188,0.7837042165780603,0.6915587614452819,0.5063966182790544,0.6189252260954627,0.7796879974530406,0.07221359366910696,0.8559028663829801,0.10755230595308383,0.4363354551575525,0.0009082217973226717
1.0,0.744908350305499,0.7811699426082661,0.6861682485144971,0.5058171728530552,0.6265035279335275,0.8035657433938236,0.1309814362842982,0.8645243302884129,0.14250466704533832,0.4094945963180941,0.0862495860209112
1.0,0.7209775967413442,0.7787727118436527,0.6816834266362557,0.5066053365093393,0.6179816067254378,0.7854186564788286,0.07996449966718439,0.8714924588387303,0.1910563831390304,0.4308184462664726,0.045740260129914605
0.0,0.7324338085539716,0.7766656056784895,0.6749022183163083,0.5042925723097764,0.6235475510084574,0.7908309455587395,0.11587900303231975,0.8804721087532108,0.2503516402644739,0.4023566134467396,0.01328732221756342
0.0,0.7367617107942974,0.7740279497606197,0.6669972354457814,0.5010483956471814,0.6235780587143575,0.7930595351798793,0.12881443680201116,0.8886889897829133,0.3047879842281779,0.4078952861010608,0.04418357145160709
0.0,0.7316700610997964,0.771305076029315,0.6578344186987513,0.500705762590276,0.627825142494559,0.7844635466411972,0.13382885881221795,0.8979944140117571,0.34813892122925083,0.410182159107548,0.06113135743541754
0.0,0.7655295315682281,0.7692966832690942,0.6555030681144784,0.5010369362444453,0.6297470216337302,0.8163005412289082,0.1684860587234676,0.907676921446104,0.3893197828435302,0.4265211788022129,0.10060926584359263
0.0,0.7680753564154784,0.7635238739812487,0.6284712186338521,0.5003407122509033,0.6241784983609118,0.8389219680350987,0.2071592337844831,0.91460482992724,0.4100124390849291,0.3964688224632563,0.1780092551233719
0.0,0.8347759674134421,0.7582960165520791,0.6067426010361939,0.5110872417567996,0.5978905292246967,0.8160451269194613,0.19076991346793928,0.920137918157129,0.4138841267096592,0.3733479584156051,0.036448748414301714
0.0,0.930498981670061,0.7529147116466424,0.5819773689490617,0.5212387814699203,0.6158453803099777,0.9459299748855076,0.2889505214111381,0.929280400833388,0.4502574690089365,0.3759303420394178,0.17973777348777348
0.0,0.9516293279022402,0.7512943583686205,0.5840413364191932,0.5227383367379201,0.5946188638416909,0.9810902644408332,0.33863619554766605,0.9353244032554956,0.4756162816417734,0.4060632860863012,0.3299549549549543
0.0,0.9032586558044804,0.7490661366802827,0.5844091133271403,0.5202402559951803,0.5866151698320644,0.9482936918304036,0.3381480659714513,0.9383504048901591,0.5108852909125837,0.4050355454066487,0.3069095881595875
0.0,0.8884928716904278,0.7460314517854598,0.5773149770452128,0.5192157968530594,0.6263728172605731,0.9290884916531248,0.3433325937430667,0.9423097861275632,0.5318405175834011,0.4086371047375167,0.2005509974259981
0.0,0.8724541751527497,0.7419691461193307,0.5644630491661702,0.5188332333392549,0.5852116251943223,0.8939282020977991,0.2669846904814732,0.9478640005749116,0.5713986829908555,0.35935914387148205,0.025619369369370724
0.0,0.9411914460285132,0.7383436538750794,0.5533767926628068,0.5230745604549701,0.5844276618219866,0.9666124981533464,0.446490644183122,0.9584673569295374,0.6354690214293552,0.4751096556358057,0.2700783421784172
1.0,0.9200610997963342,0.7340222230556435,0.5425474885461581,0.5246655799859262,0.5919530302917029,0.9471118333579556,0.4447008357370017,0.9619795705381846,0.6693595860920043,0.4733131311011958,0.2508264570372482
0.0,0.945773930753564,0.7303948732257142,0.535060717653012,0.5243638490426116,0.5863579565933269,0.9542029841926428,0.4887064566230309,0.9671294106476818,0.7111562743743107,0.4756605572517622,0.07945729568882845
0.0,0.9292260692464358,0.7256714856875299,0.5190875702503828,0.5257953259644432,0.6190454354807173,0.9448014018691588,0.4855705938909846,0.9713214118514396,0.7628789460077359,0.4723610716342165,0.15756845796875402
0.0,0.9842158859470468,0.7214472262770741,0.5074760343346396,0.5288640040304842,0.0,0.9856892523364488,0.5866577915834625,0.9752402612925511,0.8135532733047379,0.5566430795231213,0.5391184573002739
0.0,1.0,0.7177651519715587,0.5012333229403476,0.5271255489208617,0.6205838577528978,0.9936157864190366,0.6574735596479548,0.9750037360267972,0.8394348380337244,0.6231579688263259,0.7759543486816206
0.0,0.9516293279022404,0.7144986253310615,0.4975435742980506,0.5233939319760195,0.630663298807943,0.9842703175065544,0.618038606611937,0.9713988690818188,0.8250225646647342,0.6113639347127645,0.6941106400868854
1.0,0.9360997963340124,0.7113555259240011,0.4930325717790306,0.5227248324036053,0.5443717650922032,0.9577628896009326,0.6686709562902153,0.969118865965172,0.8176933839555965,0.6602203586592442,0.6614231160004196
0.0,0.9669042769857432,0.7066691724189973,0.4790570824830452,0.5227197161985224,0.6097657055367529,0.9909090909090909,0.713578877301975,0.9646939848200328,0.7929329454279495,0.6961903104313172,0.8513124721933852
1.0,0.9480651731160898,0.7031225123226741,0.4726093295280693,0.5220954283343215,0.5476817139790306,0.955718475073314,0.7708453516751724,0.95858638457363,0.7724165449227303,0.7357706982580559,0.8047802500196558
1.0,0.9256619144602852,0.6994700514967782,0.4644010486683451,0.5171314031268764,0.6391362288290872,0.957017543859649,0.8204200872716518,0.9527090715633622,0.7515679650025702,0.7237981299003231,0.8399103040429139
1.0,0.9231160896130344,0.6965887198814202,0.4579788578186134,0.5179976571084279,0.0,0.9356725146198828,0.8268619184971522,0.948652425308146,0.7474753709964279,0.6852986038760843,0.867078379314325
1.0,0.9205702647657844,0.6939489209851184,0.4559913918732426,0.5170381372082034,0.6977084752249033,0.9403508771929828,0.8073663190592409,0.9445955063348932,0.7393558643255029,0.628954903970663,0.9296988990582298
1.0,0.8693991853360491,0.6907729703419503,0.4465501547905776,0.513374609539859,0.6242435632735825,0.9125730994152048,0.8225057318245693,0.9396890701685016,0.7347119258130155,0.6383583639466672,0.9797005939305192
1.0,0.8335030549898166,0.6885815146696319,0.44578371214454254,0.5121736359038034,0.5917470878266498,0.9525704809286896,0.7601360846091261,0.935454382072444,0.7502002745064351,0.6232223505963187,0.8838075810245403
1.0,0.7864052953156823,0.6866766384498121,0.4460697511675858,0.5089768119648089,0.5757307535677161,0.9247097844112768,0.6648546705125362,0.9312307901631836,0.7570928333860463,0.5337027713136232,0.8809766657646587
1.0,0.7772403258655805,0.6856744147528873,0.4551688606003725,0.5059875199635535,0.6046349866059127,0.9446102819237148,0.7661637452851127,0.9271285400807516,0.7668124868874411,0.5457876060810919,0.8966299619075376
1.0,0.8057535641547863,0.6837643543296729,0.4579452640810031,0.5056966742988079,0.6789058313639736,0.9688225538971807,0.7417942459877228,0.9190532726794192,0.7337204207802088,0.5753120792485822,0.9984071133089248
1.0,0.8080448065173118,0.6810417360072096,0.4567299645271286,0.5054040213693313,0.6047666623318078,0.9869826435246994,0.7234524073663189,0.9130318330052992,0.7265570214615833,0.566523466788941,0.951028817454238
0.0,0.7968431771894094,0.6791945726187887,0.4613611690443857,0.5072716349578621,0.6044136095678692,0.9843124165554074,0.7308039346202206,0.9070424114215332,0.7104099089981188,0.5740219342627292,1.0
0.0,0.7739307535641547,0.6767830436184189,0.4630585094192419,0.5078567951534627,0.6778680413941379,0.9706275033377834,0.7444937504622443,0.9006595985613328,0.6949860362815032,0.5830675169226079,0.9333352229245216
0.0,0.7777494908350306,0.6744122646303505,0.462107677191125,0.5085069282849062,0.6154251874429335,0.967289719626168,0.7426891502107833,0.8947728562089696,0.6888081236410104,0.5807904778551318,0.9813017960893028
1.0,0.7650203665987779,0.6720744504096021,0.4622837653794904,0.5103387691246474,0.6302587150932035,0.9619492656875834,0.7303601804600252,0.8890208702303108,0.6853363033573627,0.5746729632740272,0.9100743337160808
1.0,0.7431262729124235,0.6700008553213335,0.4650332101725118,0.510950773625711,0.6385304839576746,0.9509345794392522,0.7643221655203019,0.8822572588595003,0.6735033990550527,0.5524728126281357,0.9902909904868488
1.0,0.7492362525458249,0.6671950836234395,0.4618652871937419,0.5078714990335501,0.6468795384755376,0.9582777036048064,0.8203757118556321,0.8741773368154366,0.6324712416038769,0.5829905688356279,0.9531652580124736
1.0,0.7454175152749493,0.6638280701200809,0.4568495301059064,0.5080508128684189,0.0,0.9405874499332444,0.7930404555876052,0.8665053140425802,0.6031238902059971,0.6206796875431759,0.8918802075145426
0.0,0.7818228105906315,0.6601225783415077,0.4466765722873887,0.5120213613129139,0.650460950165052,0.9906542056074766,0.7806301309074775,0.8616540041520422,0.595967828955443,0.604200032592397,0.9369595975475556
0.0,0.7774949083503057,0.6571056838559837,0.44171646248223867,0.5121995153487806,0.0,0.9788235294117648,0.6876266548332226,0.8555755407754102,0.6021609191287939,0.5859200167891484,0.9704022569191108
0.0,0.7690936863543788,0.6538514857273274,0.43464270282820666,0.5102788842249526,0.6167303492037166,0.9852100840336137,0.6708897270911915,0.8514465848677804,0.6144179052108758,0.622570703738807,0.9316357799503854
1.0,0.7415987780040734,0.649824832154287,0.4252583062685151,0.5082779064525752,0.5670337534031571,0.9982187388671178,0.5838769321795722,0.8461853456884032,0.6188271144012567,0.6123009738423506,0.6840799649788403
1.0,0.7466904276985744,0.6460217805781561,0.4371875272648586,0.510150090793787,0.5611577656373792,0.9787387387387386,0.5562088602913983,0.8442159964577078,0.6497263651555003,0.5921101929412425,0.5251228172576485
1.0,0.7120672097759674,0.6432258073801027,0.4518008677873447,0.509567022236209,0.5661665942321227,0.949189189189189,0.5484283706826418,0.8446077320928074,0.679297805871445,0.6341072507452844,0.5130113332360532
1.0,0.7082484725050916,0.6422619392929709,0.4754886892656451,0.508054647540526,0.5671647616296024,0.966126126126126,0.5671178167295315,0.8459205816643038,0.7065752197495309,0.6502409881771394,0.65491998638066
1.0,0.6906822810590632,0.6404591947218097,0.4730918453082021,0.5091218772654845,0.5781733625530192,0.9592792792792793,0.5340803195029956,0.8447595283257596,0.7173942151001944,0.6717813023515972,0.5833211732088142
1.0,0.6855906313645621,0.6369874502698971,0.4635622463687253,0.5088673856039704,0.0,0.9466666666666664,0.5745506989128029,0.8431337143024984,0.7434268879578344,0.6573904725117052,0.6496181720900832
0.0,0.7431262729124237,0.6335102260900782,0.4524524792973372,0.5121758537700392,0.5793318712042999,0.9962087019317564,0.7131499149471191,0.8405364801847419,0.774798004167746,0.7426625532006522,0.959628386594678
1.0,0.6899185336048882,0.630904213343283,0.4482939755727335,0.5102422095501625,0.6818765712996676,0.9730134932533734,0.5955180829820281,0.8328772745362567,0.7568378501405033,0.6925557354826936,0.8860370296103192
1.0,0.6614052953156824,0.6285021873421026,0.4464993342326958,0.5094225162334005,0.7345118683095291,0.9651424287856072,0.6255380519192371,0.8304208940963862,0.7626891938005433,0.6811072320139945,0.9600628300247316
1.0,0.6825356415478617,0.6255418161672548,0.4414274797362264,0.5124860145974178,0.0,0.9583958020989506,0.5983433178019376,0.8260905752781096,0.7592585837042689,0.7017671872999766,0.8817749492971524
1.0,0.6830448065173117,0.6211028645580972,0.4269270268469105,0.5126400025786659,0.7351035041986499,0.9557721139430284,0.6128097034243032,0.822833058849679,0.7759377750307401,0.6728157387538778,0.9362141408287464
1.0,0.6985743380855396,0.6169577185377355,0.4108899789252805,0.5108897569437723,0.5730621004180919,0.9895913646877408,0.5701575327268694,0.8190197301552955,0.7847695360901157,0.6312405310887711,0.7672060753051562
1.0,0.7044297352342159,0.6136086432364345,0.4023528259775033,0.5123443106064005,0.5820012253204088,0.9703161141094832,0.5707196213297836,0.8161105788631888,0.7804093036528299,0.6320004920234938,0.7905848674008985
1.0,0.6855906313645621,0.6097890678272513,0.3891309580625764,0.5127642327646419,0.5743045845133912,0.9968266560888536,0.6213297833000516,0.8129332774717672,0.7790900962639051,0.6822286083862201,0.7314222098524905
1.0,0.6922097759674135,0.6058317186024491,0.3755586345916511,0.5145232238782155,0.5761055255572789,0.9983680130558956,0.6085644552917681,0.8094334309754299,0.7703770670617154,0.6713719465247588,0.6533736233151753
1.0,0.6937372708757638,0.6030896054382999,0.3672025498921569,0.5158052435365363,0.5687722951466805,0.9995777027027024,0.5488869166481769,0.8089868413648118,0.8059440346547709,0.6071071068235205,0.3633258618849397
1.0,0.639256619144603,0.6025453144824424,0.3758975937095429,0.5107289434918318,0.0,0.9831413223419712,0.4929738924635749,0.8108468727976899,0.8513247668957573,0.52829349904442,0.3682712491550128
1.0,0.6069246435845215,0.6027127312683662,0.3882146149634521,0.5095258534914194,0.558444845995785,0.972161221662894,0.5655129058501587,0.8130328089626107,0.9062476357432052,0.569397939384487,0.5095883587718352
1.0,0.6234725050916498,0.6029975916661781,0.4027565503213365,0.5077791816657989,0.595947379628376,0.9965899403239554,0.6181051697359664,0.8117741825237106,0.9504725168740636,0.5930165694712118,0.6802220087522673
1.0,0.5689918533604887,0.6033229954244097,0.4154645087307924,0.5033903340771405,0.5762766961020339,0.9854638734501924,0.6554322905110566,0.8088814027625209,0.9609695721602602,0.5826900991314816,0.7125630571487787
1.0,0.5300407331975562,0.6069029079047668,0.4481426157235725,0.5018405948627375,0.527514182936939,0.9908136482939632,0.7017528289327717,0.8051359488162293,0.9653627082654632,0.5819447703814165,0.7861860908224834
1.0,0.44042769857433817,0.6076425683354074,0.4643809397016253,0.4941649583716533,0.5872912647126356,0.9634713305291122,0.7108128097034248,0.7992627639742649,0.9304957851268424,0.5901282507606921,0.7383639509020521
1.0,0.4679226069246438,0.6079902454858317,0.4786478711524456,0.4936045194167632,0.5919606295547869,0.9790459206419974,0.7999186450706313,0.7954739546740901,0.9389621822957824,0.6028244236154822,0.7998795798675384
1.0,0.4508655804480651,0.6067553053749799,0.4808437686447296,0.495102361839832,0.0,0.9750334373606776,0.7876636343465724,0.7921003899311554,0.9563260911480138,0.5733965259571362,0.8835617845913568
1.0,0.4170061099796336,0.6054685989830624,0.4820567098234918,0.4944464034683997,0.5935847665087092,0.971020954079358,0.7625101693661709,0.7877437891863956,0.9969462185040529,0.5272149503642243,0.9148599494461678
1.0,0.4231160896130347,0.6041462103533577,0.4789774358969808,0.4955691726279885,0.7062016269451427,0.96875,0.81213667628134,0.7799557882082382,1.0,0.5581244195644273,1.0
1.0,0.3800916496945009,0.6019652119144685,0.4731068368988618,0.4947763598378599,0.0,0.9149816176470588,0.8544782190666376,0.7714321997123585,0.981718252016592,0.583751933567645,0.8772865527138758
1.0,0.3622708757637475,0.6009458957843246,0.474407495565742,0.4964817846031462,0.6935358464378609,0.8998161764705883,0.8740551734339176,0.7670314138677989,0.9575960168657374,0.613947009105651,0.9504410212370052
1.0,0.3019348268839105,0.5993179680237468,0.4733803340661333,0.490470692940431,0.6422904145069288,0.9924768518518516,0.7888617705790995,0.7616542934730803,0.9250367284863056,0.5573360206626112,0.9559843400447432
1.0,0.3026985743380856,0.5969911803062415,0.4650959516844518,0.4905835874778638,0.5352560078989597,0.998831092928112,0.8516012129280381,0.756325821948107,0.9077656822167957,0.5330125410979605,0.95909768829232
1.0,0.2960794297352343,0.5946404735318938,0.4565735288101601,0.4901599233283683,0.524305536053265,0.9579383886255922,0.8640115376081652,0.7486278126108361,0.8637121442328562,0.5393669653842977,0.9592917362975756
1.0,0.29047861507128314,0.5918955949184741,0.4478765962364187,0.4896083034133513,0.0,0.9401658767772512,0.8499223430219658,0.7412936716016005,0.8288301003609693,0.5829639819407041,0.9445706667668092
1.0,0.3248472505091651,0.590767151374193,0.4499056562676052,0.4899067311022156,0.4968392386369429,0.9970041941282206,0.8843354781451074,0.7349592284097948,0.7969430607377048,0.5448887782496776,0.9847683274228232
1.0,0.2718940936863545,0.5893471261053798,0.4482274593604734,0.4875151421070704,0.464579892126605,0.9623824451410664,0.7832260927446199,0.7272739503101866,0.7740954592870397,0.5310378322515632,0.8373561792821846
1.0,0.2787678207739308,0.5887636503916434,0.4488546638126624,0.4846093821104882,0.4269519288686194,0.993812838360402,0.7847348568892836,0.7223695172356823,0.7802109998505571,0.5318526072391608,0.8328340552195239
1.0,0.27113034623217913,0.5875458864224492,0.4454671835647595,0.4838083131018739,0.4440640977723406,0.9725444702242844,0.7957547518674658,0.7150142981080749,0.7745053560174604,0.5375803261028925,0.8116926482092777
1.0,0.2627291242362525,0.5864316886909202,0.4427403719381177,0.4864890387682502,0.4416750336869232,0.9660995101830366,0.9046372309740408,0.7071164467757621,0.7370156060807775,0.5643058236249588,0.9585948978228932
1.0,0.25636456211812625,0.5843550325939549,0.43371450489726265,0.4858504676130759,0.4384244163678839,0.9403196700180456,0.8748613268249394,0.6949194804357028,0.6741932421714039,0.5530704776593676,0.9824309721652952
1.0,0.27011201629327897,0.581642824807777,0.4221994435839673,0.4876724855229696,0.5443233645162512,0.9151843258571796,0.8979809185711116,0.6823138580319159,0.5671689739667771,0.5646605876845664,0.993641640571298
1.0,0.2548370672097761,0.5784268409814786,0.410516405834266,0.4861189449966682,0.4957038255319477,0.9902402402402399,0.9845203757118558,0.6725138654778648,0.5167147170918793,0.6036185309034658,0.9712132279699844
1.0,0.2548370672097761,0.5754281196972864,0.4015646969103586,0.4863397745681095,0.4713106994470047,0.9889589905362776,0.8161896309444565,0.6630622474172148,0.4696198548321775,0.5124633293131329,0.962203860305984
1.0,0.2632382892057027,0.5727187919095824,0.3940031955046576,0.4876194311399361,0.4694432682731094,0.9909090909090904,0.8031876340507358,0.6574659664555011,0.4727883923082806,0.5082963553221135,0.9848906208484638
1.0,0.2390529531568228,0.5712967595671044,0.3924901241832791,0.4848744167082928,0.4625142777991303,0.9076406381192272,0.7343317801937725,0.6495661192653437,0.4553438322773919,0.4808275601150728,0.8
1.0,0.23116089613034635,0.5709870080468382,0.3894685037118188,0.4837207905703298,0.4201626189483008,0.9210747271200674,0.7708083721618224,0.6448676195969316,0.4396736675124479,0.5089784232221323,0.8900516913031652
1.0,0.2354887983706723,0.5706017977845312,0.3826559188341861,0.4805488906502983,0.4660170004632159,0.9319899244332498,0.8330227054211969,0.6352369636452586,0.4073283242858366,0.4950439065982821,0.9793597533327294
1.0,0.22606924643584525,0.5699928319950687,0.3740200316958699,0.4795154998635015,0.5327932267887668,0.8774139378673382,0.9046963981954,0.6242545259812617,0.3546704965599685,0.5306200806673516,0.983891658114646
1.0,0.20697556008146645,0.569771434494089,0.3730784631370233,0.4808024437233728,0.4694858140904997,0.8387909319899243,0.7578729383921305,0.6167622577097298,0.3296019351605704,0.4971696802356238,0.7811755509231684
1.0,0.209012219959267,0.5707325548193651,0.3829544716945005,0.4810081395872318,0.4699942310814355,0.8639798488664989,0.6994674950077657,0.6170666911629206,0.3425946631016312,0.4532293035576046,0.786982578916021
0.0,0.21181262729124234,0.5719247643714249,0.3920804509739231,0.4811764859130041,0.5202051000133237,0.9345088161209066,0.7362473189852822,0.6178857213472506,0.3424877869187598,0.4754140561893678,0.9670562835020842
1.0,0.17540733197556027,0.5725250404003397,0.3990807912389121,0.4803226322076836,0.4926590559478764,0.8606213266162891,0.5894904223060425,0.6132602937095553,0.2987735330689682,0.4468572987343766,0.9601777699551176
1.0,0.17107942973523416,0.5726295140151128,0.4038310950202888,0.4798204118588449,0.4675743554096874,0.8295549958018469,0.5890318763405075,0.6121686292351649,0.2928050813576341,0.4469243428916176,0.9050779510022272
1.0,0.16547861507128325,0.5716630890190157,0.4031811135983174,0.4828135272726501,0.4583336929489256,0.8211586901763226,0.5354929369129501,0.6111303390701976,0.3036599262867288,0.4185667279781891,0.9300445434298444
1.0,0.15529531568228128,0.5707908896271701,0.4078640152001816,0.481580043729372,0.44966084114984173,0.7464315701091523,0.4436358257525331,0.6103766447847874,0.3287090374246249,0.4258950706479193,0.8232770883942837
1.0,0.16038696537678218,0.5701830866465198,0.41334969187483706,0.4785295762446886,0.4442826261968073,0.7523089840470196,0.4760150876414465,0.6090479232256021,0.3047205125114624,0.4406289133486939,0.8384339136544614
1.0,0.15122199592668034,0.570318310753827,0.4235268873064189,0.4810377451122753,0.43989609994629203,0.7413937867338372,0.5112417720582796,0.6039779595566563,0.24493082083815004,0.457308940901581,0.7979168621563288
1.0,0.1339103869653769,0.5706871779720868,0.4321197749991653,0.4825073466050082,0.4446480876202992,0.7019311502938709,0.5054359884623918,0.5975368616077403,0.16353532178382027,0.4545951107433999,0.749160176409871
1.0,0.12780040733197562,0.5708833505963768,0.4399390381618182,0.4854227170889386,0.4600539648251704,0.6868178001679263,0.4855927815989942,0.5944928160487617,0.1391766879082536,0.44483597019264093,0.6173594820305899
1.0,0.12169042769857455,0.5701787441491482,0.4411982785117968,0.4846296121573201,0.4571551721063055,0.6658270361041143,0.3702906589749277,0.5936033513222354,0.1428485156942838,0.4445954196707744,0.5833911982734351
1.0,0.1341649694501019,0.5692033524903999,0.4368762995030195,0.4862700387536964,0.4499024318154655,0.6523929471032744,0.3334368759707121,0.5971903389877982,0.1855177773398051,0.4247663594191852,0.4812799099183637
1.0,0.09597759674134426,0.5679801881395177,0.42783799076845797,0.4810393452071169,0.4636774806667897,0.5071368597816961,0.09010428222764556,0.5991816563492591,0.18823969347952152,0.3530415974934084,0.14768271219933976
1.0,0.14562118126272908,0.5691784241545592,0.4374331531748704,0.4840636405035996,0.4643706941864953,0.649874055415617,0.2834109903113675,0.6071203277230974,0.2265357764330248,0.3919198943865884,0.401064709380757
1.0,0.1188900203665988,0.5705247109537375,0.4524384381038942,0.4804642607338456,0.458154969545069,0.6708648194794287,0.3134235633459063,0.6067192613698198,0.2293892681090463,0.4086907176547804,0.3682530933143797
1.0,0.11048879837067237,0.5713148328610438,0.4643014623428166,0.4830583003721355,0.4580819392625263,0.6591099916036947,0.267176983950891,0.6065614444501006,0.24945968211772346,0.4359746232685392,0.3365729122847736
0.0,0.13136456211812636,0.5729271585152533,0.4750965247514219,0.4821059902958562,0.4513563053050904,0.6649874055415614,0.3460468900229274,0.6086492484621975,0.2633254843543303,0.4306056966362977,0.3370515963387923
0.0,0.05880855397148699,0.5742483166681798,0.4804585263564364,0.4764332716805907,0.4589039900451333,0.5961376994122589,0.31884476000295825,0.6086633298410613,0.2319569387681427,0.4650454058630686,0.2864561423867476
1.0,0.0020366598778005372,0.5770791178612966,0.4956837061189226,0.4682374575722411,0.4560462947090845,0.404701931150294,0.23359218992678046,0.6121933629080699,0.23141064220387844,0.4021409561916625,0.002117313785903468
1.0,0.0,0.5774623761592799,0.4975018850980708,0.4681292999056248,0.4498541882988644,0.43660789252728777,0.28338140670068784,0.6220990870305123,0.230466103257186,0.4243841225639508,0.02091396975117926
1.0,0.037423625254582635,0.5782057659290059,0.5034617214008059,0.4694670866929836,0.4576918061572359,0.5096557514693536,0.3807410694475261,0.6319376923965894,0.25702330183140554,0.4294914113646137,0.08375625572707363
1.0,0.04251527494908372,0.5777622551531847,0.5014724008795346,0.4702451585462796,0.4600105330440424,0.554156171284635,0.3949633902817839,0.6416987176336735,0.2747716734936171,0.4372514644957389,0.046088991084755136
0.0,0.079684317718941,0.5775929667611688,0.4997161559030597,0.47149356845053003,0.4523163971729565,0.6364399664147775,0.3688558538569631,0.6517141989117088,0.327495680114992,0.4269861141844147,0.12978102189780946
0.0,0.06720977596741362,0.5771845162529927,0.4983013638394002,0.4697245958453118,0.4554155594250575,0.5726280436607895,0.3349530360180457,0.6566438094747775,0.3370472867308489,0.4560946712659299,0.0581995133819942
0.0,0.08324847250509172,0.5768411424807314,0.4959998276981559,0.4719375510531419,0.4406153455651218,0.6490344248530646,0.4831373419125807,0.6608862865866267,0.3300213485399396,0.4905655001739478,0.25577517288734153
0.0,0.119653767820774,0.5771252141371981,0.4974990430835367,0.4730885678276242,0.4424763691176956,0.7237615449202349,0.539997041638932,0.6613114919002092,0.32017349182169696,0.5226190050732307,0.4588013144342538
0.0,0.11532586558044808,0.5768249026989305,0.4950601243002215,0.4725203023642254,0.4390890909747302,0.7472712006717045,0.569255232601139,0.6630380124654864,0.3425288043185037,0.4888779390122708,0.4823924665260678
0.0,0.10361507128309573,0.5763869591825811,0.4945698322867158,0.4709550922068317,0.4551712028728093,0.7002518891687657,0.4277864063308928,0.6654700038201964,0.3883621069149139,0.4624812165557535,0.3547746333807445
0.0,0.10819755600814683,0.5750251446043255,0.4899993383859606,0.4715401581459045,0.4606732989136858,0.6624685138539044,0.3530064344353228,0.67110889989593,0.43159646236747257,0.4772682396788946,0.3103143852077098
1.0,0.10259674134419572,0.5744015344268054,0.4908416314175829,0.4707380782913344,0.4361320299895561,0.6028547439126786,0.3130315805044004,0.6746222955638121,0.436514948647556,0.504931092296189,0.20388444749619852
1.0,0.12321792260692473,0.5748271279169603,0.4969062999666039,0.4735475028172233,0.4669413930992457,0.7145256087321579,0.4712817099326974,0.6779826890573066,0.4167120884964091,0.5348319248785527,0.5418117612438078
0.0,0.13594704684317727,0.5755495604413408,0.5063787981724324,0.4752603645337801,0.4562923363135975,0.7758186397984885,0.5070408993417647,0.6764591599476497,0.3672679921608518,0.553765614095265,0.5305802148217177
0.0,0.1741344195519349,0.5751582267972808,0.5051119923340806,0.4766114694035314,0.4418835818187537,0.9009235936188076,0.6209082168478667,0.6767320548084619,0.3474003537593604,0.6163593494635969,0.9431065770758748
0.0,0.1540224032586559,0.5741292892281269,0.5044291265142893,0.4740142264593038,0.4386771079882266,0.8018471872376154,0.5309740403816287,0.6699100889604503,0.2785585727787563,0.6161541998903295,0.8336486523539258
0.0,0.13340122199592672,0.5724624625171877,0.498855328842721,0.4712349563944154,0.4405020255872412,0.7246011754827874,0.5677316766511352,0.6641091528804881,0.21580529297304074,0.636159786685982,0.6603602862548338
0.0,0.16980651731160915,0.5715418951179959,0.5014348012770182,0.4725658312904699,0.4565099837994998,0.7791771620486989,0.6595222246875232,0.6578827351003679,0.14419606073331115,0.6363497960098807,0.7719283814537592
1.0,0.12296334012219973,0.5703223715577073,0.4985874911092618,0.4697461176193302,0.4551867523136455,0.6372795969773298,0.6368685748095555,0.6521540232102141,0.0967627269950655,0.6272346175281759,0.4805077311108677
1.0,0.14129327902240335,0.5704494223541767,0.5023820382602264,0.4686475236091046,0.4554361836785257,0.6759026028547439,0.5993861400783964,0.6524884324603881,0.0877539611519384,0.6034555589794611,0.5586429193233423
1.0,0.11303462321792272,0.5699344678704192,0.5016040007161129,0.4683168226072232,0.4567356658643922,0.5978169605373636,0.4684342874047779,0.6522092833787636,0.07750306870218943,0.5826656712083741,0.3793614568383416
1.0,0.1336558044806519,0.569329429997866,0.5010339728475466,0.4675831443241612,0.4564274379217773,0.6356003358522252,0.5679535537312329,0.6577297671660916,0.10495978766129266,0.584011860980483,0.4123473637155032
1.0,0.13671079429735244,0.5685384100739883,0.4993097769318396,0.4680380357476522,0.4393151364270068,0.6036943744752309,0.3734708971229935,0.6607320120240441,0.10412336289834184,0.5464276266869319,0.29576735759828743
1.0,0.13671079429735244,0.5680207831475252,0.5009975555480386,0.4680343709938935,0.4908437779595313,0.6112510495382034,0.3964055913024183,0.6683663353416059,0.1347987441294703,0.5050873379371815,0.3611509775780535
0.0,0.21690427698574344,0.5681740486323199,0.5072232701328685,0.4756049181583637,0.4490743735735662,0.8623005877413938,0.5242807484653502,0.6725011287138489,0.1362694312692771,0.5129859314336837,0.7154083241182984
0.0,0.2079938900203666,0.5671809536829786,0.5085725578731939,0.4780652583511434,0.4394103348124774,0.8438287153652394,0.515723689076252,0.6729056280213173,0.1385946334173953,0.5087659398299347,0.7540408912312082
0.0,0.1914460285132384,0.5663790453015085,0.5080969960493724,0.4758895473506248,0.4418583417997655,0.7497900923593622,0.3602026477331555,0.6731176964178556,0.13928591175342284,0.4820840402208539,0.4793308707620642
0.0,0.19653767820773946,0.5656436901513662,0.5077607869746346,0.4729187120801774,0.4628527923038348,0.7649034424853066,0.3624731898528216,0.6755633605875444,0.1490153282671242,0.4831373803774273,0.4774311090867688
0.0,0.2016293279022404,0.565558031075319,0.5127342011070757,0.4736620063423793,0.4537872512222762,0.7833753148614611,0.4305672657347829,0.6772902507835981,0.13476436148106047,0.5188992294050627,0.409246185379185
0.0,0.2342158859470469,0.5654858481751581,0.520402817564281,0.4782972388368752,0.4427717899495783,0.9042821158690176,0.5023223134383551,0.6784221070993364,0.11108832905872773,0.5519389104124685,0.7263493509451144
0.0,0.2385437881873728,0.5649404461836949,0.5243404489363892,0.4789132580443131,0.45392237443836897,0.9210747271200674,0.6270468160639004,0.6774364337762253,0.09137381834122517,0.5630699853285388,0.9153268048280568
0.0,0.23523421588594706,0.5637152105360717,0.5192343630058041,0.4785355780682637,0.4395953759491596,0.8950461796809404,0.6114488573330377,0.6747298351534898,0.07386872241973974,0.5543604067316535,0.9395809610567064
0.0,0.209266802443992,0.5620914793287737,0.5138101448171957,0.4750589842493709,0.4462487101910691,0.7732997481108316,0.4367206567561568,0.6729348043928223,0.06503604856889439,0.5234290990187134,0.7661125028467315
0.0,0.2253054989816703,0.5609081891945202,0.5076057444462445,0.4737557264652448,0.4653670281459473,0.7942905121746435,0.3859034095111308,0.6745607266558578,0.06895431501044152,0.5498057387515051,0.6126564222265446
1.0,0.2303971486761712,0.5597772798375513,0.501439179180841,0.4724682726278426,0.43550039672247104,0.8110831234256927,0.3576288736040233,0.6764620391574674,0.06804198004250689,0.5388785840046598,0.5945325292543635
1.0,0.2428716904276987,0.5587056263013972,0.4944820025967927,0.4706087238821429,0.4392919233765107,0.8245172124265325,0.3421492493158791,0.6792108628774765,0.0695620352553436,0.5336975679219442,0.5822934928328343
1.0,0.2314154786150713,0.5574423703011326,0.4834958393928712,0.469126716039367,0.4383266697212841,0.762384550797649,0.1942755713334809,0.6795819826548826,0.04404451510131169,0.5153297546706406,0.35770954409412725
1.0,0.23014256619144616,0.5564532769871249,0.4764594232589857,0.4690000497167072,0.4407167576869938,0.7464315701091523,0.14586938835884894,0.6836360316441865,0.030404343469022318,0.4796945850023571,0.2106329188781623
1.0,0.2303971486761712,0.5554164389832559,0.4682640532940786,0.4691058244918464,0.46390198012695,0.7313182199832078,0.07951334960431877,0.6896142810268633,0.02769496526390114,0.4851058356052829,0.09836669170385423
0.0,0.2731670061099797,0.5543073495246102,0.4634951280562138,0.4718523752190616,0.4415542455060729,0.8421494542401347,0.1177723541158201,0.6990530845236662,0.04412824712316349,0.5000298656309519,0.10256126482213493
0.0,0.3047352342158861,0.5526473393931184,0.4605442502535325,0.4728722465468047,0.4657975687690423,0.9269521410579348,0.20804674210487376,0.7070320535490724,0.058842388134596864,0.4865803075399328,0.2091458972230224
0.0,0.2805498981670061,0.5511012566314353,0.4583844554300205,0.4698163999105425,0.49590942277885997,0.8077246011754827,0.1326529102877001,0.7123609279533556,0.06260305017628638,0.4070222563412821,0.004913505362498248
0.0,0.3268839103869654,0.5494018173618631,0.4544968094253578,0.4731322594867309,0.4583830309674629,0.953820319059614,0.2762443606242145,0.7233778029388434,0.10807448034652156,0.4778783118057048,0.2316228601960505
1.0,0.18304480651731173,0.5479936814617707,0.4503732103539913,0.4503232081821817,0.4639045081429418,0.4298908480268681,0.2562162561940682,0.7278127812147093,0.13237383638474026,0.5229170226109794,0.19765116378026487
1.0,0.16802443991853366,0.5482685043887545,0.4526614179486072,0.4514804787862386,0.4620484506006376,0.38790931989924426,0.24794024110642696,0.7328316256930241,0.15962395044063155,0.5120366383760219,0.1501425471256546
1.0,0.1545315682281059,0.5487893664618901,0.4576357069141064,0.4527572008083363,0.4629764758414587,0.3820319059613769,0.2575918940906732,0.7378498851603803,0.17951635966517626,0.5179455333924333,0.20969320454448734
1.0,0.1751527494908351,0.5491632305738559,0.4634675726279754,0.4526712595089224,0.4618665364930024,0.41225860621326593,0.3676059463057468,0.7427148199074136,0.1972747064545175,0.5455509299659576,0.4086634611293145
1.0,0.17540733197556027,0.5494650355753679,0.468872173853723,0.4527294880774509,0.4669544767040851,0.4072208228379515,0.3688188743436137,0.7436480395288441,0.19272739031889652,0.546367061078349,0.41470575720182135
1.0,0.139256619144603,0.5502237966207781,0.4780445476405811,0.450071140516925,0.4676326275362279,0.3266162888329137,0.3031210709267064,0.7465785661720616,0.2036353209091082,0.4638705909103169,0.15512105867835474
1.0,0.15580448065173128,0.5506905529123418,0.4831953952179052,0.4492932540882248,0.460697418172005,0.3778337531486147,0.2888469787737593,0.7539551969366722,0.23071288730011086,0.4565867321631771,0.24494702353091385
1.0,0.14689409368635445,0.5502804421583334,0.4850779390032856,0.4477737868451287,0.4592548840732719,0.3056255247691017,0.23263072257969056,0.7604614165653432,0.24653115843257886,0.35858006335178344,0.06269945959746448
1.0,0.16216904276985736,0.549439808268974,0.4841998117257318,0.4468180075965734,0.4215756212826139,0.33501259445843795,0.2973300791361587,0.7702871192963292,0.2781124714429196,0.3915987541857184,0.0010019060651968491
0.0,0.2232688391038697,0.5491973210221941,0.4877746990292438,0.4540211663733066,0.4208864633758441,0.4886649874055417,0.3935581687744992,0.7800570717879289,0.3065640262064282,0.4661115786159439,0.08976798653297308
0.0,0.2232688391038697,0.548954150710657,0.4883321256168606,0.4539738364731952,0.4317756264018302,0.49706129303106605,0.3980400857924709,0.7857062505732109,0.3199551031093827,0.4704673719159299,0.14751518700139055
0.0,0.259674134419552,0.5499999909639033,0.4948280417226154,0.4603802081770844,0.4007392010482903,0.6221662468513853,0.4495969233044893,0.7911544321218527,0.3256333264497091,0.4763968707627438,0.16492364645996996
0.0,0.25687372708757644,0.5508797598802133,0.5001755045034206,0.4594998491532962,0.3919858971462933,0.6658270361041143,0.4836032837807851,0.7959143894084619,0.3329209648503891,0.5152819365741238,0.3238399634724033
0.0,0.289714867617108,0.5514422856995709,0.5071954907869485,0.465038051594093,0.3889939219553776,0.7900923593618807,0.504171289105836,0.8000429777897291,0.3529764154282741,0.5415338597789385,0.8206152616859803
0.0,0.2833503054989817,0.5510267702907778,0.5091294379289655,0.4641581690798238,0.4117643260610154,0.7556675062972295,0.4484579542933215,0.8016037042470456,0.3731569676592758,0.5229035089995381,0.639603457041182
0.0,0.2986252545824848,0.5509599758219803,0.5131883437568323,0.463064825296979,0.4035003095487595,0.8035264483627206,0.4399822498335921,0.8029643286162005,0.39032412377132375,0.5142162597276443,0.6527116587323821
0.0,0.2937881873727089,0.5516130757717055,0.5212361659711346,0.4618773735443607,0.389547104960751,0.8253568429890847,0.4471858590340949,0.8036361725132659,0.40826230418491705,0.4732167932418301,0.5805652981225484
0.0,0.2706211812627292,0.5512499298877218,0.5252262574193234,0.4613914849006595,0.4115949987831448,0.7993282955499579,0.40378670216699897,0.8035642111333974,0.4150055442827158,0.4733887483111862,0.4633578906552918
0.0,0.2927698574338087,0.5499758866035329,0.5246356260204068,0.4653858563303961,0.4365181487199553,0.7942905121746435,0.40137563789660535,0.8043944744765399,0.4286945768442677,0.4688739686703083,0.3711059619699159
0.0,0.31619144602851346,0.5478833757574326,0.5207842704963189,0.465721466477202,0.42274667647551595,0.8337531486146098,0.4241624140226312,0.8046693482899205,0.4180565040748844,0.4450857736165639,0.441943433005994
0.0,0.3235743380855397,0.5463006281882663,0.5166789422583027,0.4632345957180613,0.4385685957811273,0.8463476070528968,0.4717920272169219,0.8035573844149557,0.3914242158695857,0.4550797347940324,0.5296995108315873
0.0,0.33197556008146656,0.5449333671134162,0.5139389663914469,0.4647725851296384,0.4396024871872584,0.842989084802687,0.5101397825604612,0.8015502136140908,0.35690453632757124,0.5004929661995705,0.4887270587369891
0.0,0.3431771894093687,0.5438857766801068,0.5116054271007926,0.4629539806166738,0.3909361736173296,0.8614609571788414,0.5242437689520008,0.7999671354831479,0.34123017973106234,0.4659582807898837,0.5436757512229227
0.0,0.3207739307535642,0.5433103630578731,0.5124930491221602,0.4631587443594916,0.4174023953788615,0.8010075566750632,0.4966940315065456,0.7981636951817346,0.330255273536477,0.4344580585958861,0.34054213100886405
1.0,0.3228105906313645,0.5426023953705428,0.5110087608072833,0.4634128464137642,0.4391476039819992,0.8169605373635601,0.5265069151689962,0.7982626744678525,0.327896653067966,0.4180285306195371,0.3449556806061269
1.0,0.33834012219959264,0.5416421963371609,0.4954484484141089,0.4624090790323869,0.43703669229882003,0.8295549958018469,0.5035500332815626,0.7985693172610533,0.31629749371515625,0.3927648396001675,0.22292103424179086
0.0,0.3620162932790224,0.5404011423148111,0.4797902762661369,0.4627028774225606,0.4329744129993193,0.9042821158690176,0.5465572073071521,0.8005561291185004,0.31354306434426144,0.446397826739767,0.44918901026150265
0.0,0.3660896130346233,0.5402768110134197,0.4733563054122844,0.4596233053699512,0.4356883980553166,0.9084802686817804,0.5513497522372605,0.8013824621988709,0.311485648706106,0.4521452329209159,0.4136967155835093
0.0,0.3365580448065173,0.5398095961504972,0.4754736451707172,0.4579065972578663,0.4162647745772612,0.8715365239294709,0.4711411877819681,0.8023875939312384,0.3167689551781479,0.4000426217168635,0.2086873367906128
0.0,0.3602342158859472,0.5393243248506752,0.4782692266811184,0.4582250106621137,0.4022542978544237,0.9210747271200674,0.496339028178389,0.8062041575408878,0.34146150897400834,0.3817656217217463,0.2592503700147988
0.0,0.3663441955193485,0.5372109659952451,0.4715230946145126,0.4555023161762816,0.4183624972028824,0.9235936188077248,0.4954958952740184,0.8093195115488994,0.3603922022179286,0.3807719150344308,0.2981319252770103
0.0,0.3821283095723014,0.5352875943376263,0.4683025912293541,0.4584080841287964,0.3927081697167242,0.919395465994962,0.4377856667406255,0.8130807897864307,0.3942148647326886,0.3623563449228701,0.22924916996679684
0.0,0.3884928716904278,0.5339807336714644,0.4664666608216709,0.4557125897193947,0.4386672412108358,0.9277917716204871,0.41831225501072383,0.8177727833121868,0.42672614179965707,0.3449493497982661,0.29329173166926586
0.0,0.3788187372708758,0.533634355844175,0.4704333289988474,0.4574432137859338,0.3811687842052436,0.9269521410579348,0.4642556023962722,0.8212837960370023,0.4561993221669629,0.34380527140619177,0.5302212088483514
0.0,0.3755091649694503,0.5332707233665166,0.4733041211128713,0.4566025466932046,0.42671822173187424,0.936188077246012,0.5141705495155686,0.8218279672484661,0.4571392692755509,0.3548517896149413,0.7596703868154726
0.0,0.390020366598778,0.5320183075062621,0.4731680836052769,0.4552701556965437,0.4238457652062015,0.9697732997481108,0.5518674654241554,0.8201451564266597,0.4623768642326964,0.3520952432004719,0.8616744669786793
0.0,0.4014765784114054,0.5304340478716851,0.4719689113486561,0.4534824924522766,0.4241362949719554,0.9726775956284156,0.5553657273870277,0.8168237758929053,0.4665618538087319,0.35628067207359576,0.8261130445217798
0.0,0.4063136456211812,0.5288396372966095,0.4743285309763142,0.4542861291690424,0.4242215544010235,0.9894913829340058,0.6124916796094964,0.8140710806318958,0.4642222065052735,0.3756436044857636,0.9760390415616632
0.0,0.4014765784114054,0.5283969060008662,0.4834662268098927,0.4537899477164278,0.2851712759549825,0.976903336184773,0.5955106870793581,0.809379662911063,0.4504210013129185,0.4131256760448577,0.9684469103384024
0.0,0.3826374745417517,0.5281900342219168,0.4919869539778176,0.4536879182820322,0.3645735934160899,0.971746575342466,0.6033799275201539,0.8066195166905656,0.4434641390284444,0.4221869298314393,0.9542457805907181
1.0,0.3775458248472506,0.5282979787726019,0.4994405161251347,0.4564605826432343,0.4812551357956738,0.9852173913043476,0.5223060424524816,0.8045225682166066,0.4551991194161914,0.3647479549838247,0.8311132031066125
1.0,0.3632892057026477,0.527646841294447,0.501881085322277,0.4580751450065077,0.4976231164765758,0.9460869565217388,0.4361733599585832,0.8041030566540182,0.4591830713819946,0.30778252103981546,0.4880333433592581
1.0,0.3482688391038698,0.5270936748760657,0.5067480562678768,0.4559541823660945,0.4268455579064688,0.8921739130434779,0.4394645366466978,0.8040980660342558,0.4586174529046753,0.3123352268650258,0.4702874575688567
1.0,0.3342668024439919,0.5259385800188929,0.5098175592370484,0.4573924082572248,0.4054653998811183,0.8617391304347823,0.4662007247984615,0.8037635221801421,0.43160647482990655,0.3480996855989113,0.3930305504232352
1.0,0.339867617107943,0.5231732021690891,0.5059018429010247,0.4586734269922215,0.4021778391737328,0.8339130434782605,0.4189187190296578,0.8039510722011819,0.4146562299506157,0.3353653340461253,0.22498173849525105
1.0,0.3823828920570266,0.5201319839520148,0.4931561667742799,0.4626912373169644,0.4568201232788574,0.8456947996589939,0.4190962206937351,0.8069160170824401,0.4051446529362667,0.33556114245260377,0.2157865337515552
1.0,0.389511201629328,0.5177357776326484,0.4765758289405784,0.4601279062367172,0.4527189160303334,0.8675388389206866,0.4089712299386137,0.8102691111975981,0.41522808501241787,0.32656491296045315,0.2194675613263032
1.0,0.3884928716904276,0.5172525608433146,0.4704038393960785,0.4598095618420456,0.5358933460476392,0.873262469337694,0.3752089342504252,0.8136144273625279,0.42374598181657774,0.333613270703019,0.14918739924186594
0.0,0.3968940936863544,0.5162978263545334,0.465058579810983,0.4609421333605863,0.4366964951097945,0.9191176470588234,0.4274831743214261,0.817113532788903,0.4345018228395969,0.34460601678721986,0.1728459530026113
0.0,0.3935845213849287,0.5150146982862347,0.4633545781530072,0.4610299884426536,0.43690898923969146,0.8668300653594769,0.45362769025959604,0.8186720705724595,0.4309775681242387,0.3817924520252608,0.14905715114592213
0.0,0.3920570264765785,0.5135992569763986,0.4597753348327626,0.4609231196172343,0.4370328783014788,0.8565785572924596,0.4542933214998886,0.8208956648699497,0.44176834746842697,0.3826158143710866,0.21206846533216936
1.0,0.3948574338085541,0.5124540045600594,0.4578375699331965,0.461383169904278,0.4064356526076769,0.8669946397237331,0.4907773093706089,0.8221380357599499,0.4454895353253029,0.4239514924529144,0.5648970118944008
1.0,0.3953665987780041,0.5116929745758887,0.458942981394165,0.4617656812582389,0.4312214402355372,0.8476190476190475,0.5928629539235264,0.8221063027998896,0.4525274632324541,0.501419316236916,0.8105599071656528
1.0,0.3905295315682281,0.510314381264563,0.4544280506119138,0.4605493007747639,0.4092100163152596,0.8553359683794461,0.5521780933362915,0.8196633995315259,0.4408607903388944,0.4974744025887039,0.7937917029300837
1.0,0.4035132382892059,0.5089534702616499,0.4496940336383397,0.4630373377604794,0.41736354589226776,0.8515625000000001,0.5553731232896971,0.8184487143059436,0.4411588836107944,0.500836346638715,0.7350159559036831
1.0,0.4017311608961305,0.5070315935692614,0.4404573775105928,0.4630737641028895,0.42899468005147307,0.8314350797266514,0.5597662894756306,0.8157602221952359,0.4155923287077376,0.5055602558838033,0.5872352770525062
1.0,0.4058044806517313,0.505361502318939,0.4317902371340359,0.4639172933587744,0.4327543380339557,0.8297397769516731,0.5875231121958433,0.8127894174190728,0.3857551160769634,0.5323974412425987,0.561895901173308
1.0,0.3976578411405296,0.503953570661242,0.4258840855140423,0.4632091200668632,0.4346575001589252,0.7835497835497836,0.6130167886990607,0.8113247407327995,0.3706127415240131,0.5555725382932883,0.4763446738719057
1.0,0.4004582484725052,0.502690445872789,0.4213401082338531,0.4598834813163272,0.4331362001370876,0.794908062234795,0.5809185711116045,0.8111684917471462,0.3739038591770113,0.5177891666441906,0.5568948525509826
1.0,0.4009674134419552,0.5022841488400167,0.4230156896891589,0.4601954272580202,0.4978951362716956,0.7821782178217818,0.5913541897788626,0.8119659644722035,0.3959203718070109,0.5267296669046139,0.5385508592661399
0.0,0.4241344195519349,0.5018570714320758,0.4258079895669041,0.4635958005308549,0.0,0.8762376237623762,0.6555062495377559,0.8121026546529873,0.4027333584612624,0.5468294496018218,0.7677327317364468
0.0,0.4513747454175153,0.5021205510782093,0.4332179766654492,0.464515254743952,0.5391548001890634,0.948373408769448,0.7221359366910732,0.8116835291506219,0.41638731045686944,0.5728746847658671,0.9625354717342092
0.0,0.4485743380855396,0.5013036365938569,0.43469402542866703,0.4629621413475373,0.5548921441606813,0.9985683607730849,0.6527253901338657,0.8089322623812851,0.4019055866093637,0.5299784536422018,0.936342740390756
0.0,0.4256619144602852,0.5011147795790183,0.4392524621266555,0.4602772440435558,0.4039044319750028,0.9233576642335768,0.6289919384660894,0.8088763718255416,0.4154565951717813,0.5132372201411136,0.7635359468777942
0.0,0.4012219959266804,0.5003913175326883,0.437878354150057,0.45923218811753297,0.4000657036006141,0.935361216730038,0.5679905332445825,0.8095884817363264,0.4234362127203923,0.448882628717924,0.8468003207698469
1.0,0.4019857433808556,0.5001945566385825,0.4404062034565415,0.4593857336805733,0.4029253708081076,0.934600760456274,0.5422453960505883,0.8107845673349738,0.44730108117252615,0.4774384735701002,0.8391659983961526
1.0,0.4037678207739307,0.4993191829993165,0.4385866658898076,0.4596705597957754,0.4194242726495508,0.9414448669201518,0.5250942977590414,0.8101363831165305,0.4541613958460722,0.463470463451444,0.8938893344025663
1.0,0.4114052953156824,0.4982699068117181,0.43618036864479204,0.4571766587757182,0.3738574857673136,0.9634980988593158,0.5570667850011096,0.8089480071570665,0.4625132203178896,0.4377837745400008,0.9885805934242198
0.0,0.4195519348268838,0.4973249347435053,0.43928634590723903,0.4548118189102962,0.4018561563139321,0.9741444866920148,0.5171067228755267,0.8059459770400849,0.44988185644472706,0.4573438754933868,0.9879829787234052
1.0,0.4002036659877801,0.4962676775823738,0.44072420230259307,0.4555221218233565,0.3832157416751112,0.9292775665399241,0.4777531247688784,0.8038036435715796,0.4390440849504645,0.4764733441695743,0.8688286040952096
0.0,0.4078411405295316,0.4954758611327715,0.4504913289264473,0.4530497119671624,0.3961880930983979,0.9460076045627376,0.4771392648472751,0.8018158843896468,0.4265008182352218,0.4760745349662101,0.8746393827574644
0.0,0.4157331975560081,0.4946580814577685,0.4537383180230832,0.4505968520495831,0.4433911413947509,0.9673003802281368,0.5079358035648252,0.7992134084993321,0.41186847672958377,0.4503510058847551,0.8496207746808571
1.0,0.3862016293279023,0.4939347558207832,0.4612991552387812,0.4497626170048903,0.4324962644434083,0.8935361216730038,0.4316248798165821,0.7952650974352424,0.3949723100835635,0.4333092114604871,0.5509535253909306
1.0,0.38925661914460297,0.4932304517326449,0.4607110604953503,0.4502263032455432,0.4050324756215721,0.9072243346007606,0.486184453812588,0.7949393120990325,0.3808819569854848,0.4301600357592675,0.7136302631168266
1.0,0.3958757637474543,0.4928152517875044,0.464808883669944,0.4476055455291948,0.4310671065990135,0.9140684410646388,0.4802159603579621,0.7925409415950115,0.3707135384536818,0.4245197978619861,0.6685289803052538
1.0,0.38365580448065184,0.4930903140605608,0.4722935771577687,0.4447883771284022,0.451114150587802,0.9148288973384032,0.4528880999926039,0.7916518424649809,0.3755388206725044,0.4470186759256587,0.5704922126158729
1.0,0.35463340122199605,0.4934559687188995,0.4819636757528333,0.4430162887779285,0.4542321476601019,0.8828897338403042,0.3742030914873162,0.79151985344924,0.3955684713017456,0.42055669003689616,0.4108430350510315
1.0,0.3403767820773932,0.4934409979197504,0.4870680577827178,0.44098708186917823,0.4963372671270531,0.8334600760456276,0.3357296057983876,0.7930255692102439,0.4188558947793716,0.36491144540097337,0.17915665282936571
1.0,0.3378309572301428,0.4928721385290158,0.4871246044852569,0.4443227365916328,0.4932304792030617,0.8304182509505705,0.3907107462465794,0.7959520234538578,0.44645191603269707,0.3714298535283893,0.3384000749087049
1.0,0.3233197556008147,0.4921332843007713,0.4888512925505706,0.4457547972612007,0.5078907741003985,0.7954372623574146,0.3865542489460833,0.7963787981600698,0.458311061512099,0.36428589619359053,0.2251006585723644
1.0,0.3243380855397149,0.4910945304450519,0.4907028899604637,0.4461253864948024,0.4951080330650335,0.7794676806083651,0.4330670808372159,0.7989088496502197,0.4761928504515405,0.423119805261216,0.1699803364649333
1.0,0.32561099796334025,0.4901373421010468,0.4922444909917361,0.4465747597642189,0.4676903617458706,0.7612167300380227,0.393358479402411,0.8022122591186684,0.4935205871539475,0.4269099103573339,0.003162992982109439
1.0,0.3385947046843178,0.4892554638232526,0.4909740273042513,0.44872731458287307,0.4985031495159039,0.8121673003802282,0.4745285112047925,0.8091351436179293,0.5301363455361616,0.4597358682252621,0.2255489021956108
1.0,0.33910386965376804,0.4885686347728425,0.4881556706663962,0.4489991008664663,0.4489002309140476,0.7977186311787076,0.4394571407440284,0.8130933388583157,0.5550162059235522,0.4692981567631591,0.1469917308240684
0.0,0.3525967413441955,0.487547698553317,0.4860441820802637,0.4491419328658335,0.4059366424150599,0.8380228136882127,0.5238074106944753,0.8188306172027155,0.5973733045683387,0.5181520429269354,0.31074449201211
0.0,0.38314663951120176,0.486123362916497,0.4821622109513323,0.450781645234622,0.4102755560873417,0.9163498098859314,0.5468826270246283,0.8203688314865631,0.620486476736959,0.5524997883970199,0.4800563850892756
0.0,0.4032586558044807,0.4842338677724911,0.4747243392760852,0.450660128471971,0.4346013934479308,0.9391634980988596,0.5931218105169739,0.8209299664414895,0.6383130855070827,0.575322665343606,0.7239486416077403
0.0,0.4024949083503056,0.4819246543152378,0.4639057806633243,0.4508439079467886,0.4321043072340058,0.91787072243346,0.5874491531691446,0.8197008169955609,0.6292743605525243,0.5687548346271672,0.6601693338295489
0.0,0.4215885947046844,0.4793699421894946,0.4507021563372678,0.4505613896939441,0.4198944528134267,0.9376425855513308,0.6267287922490941,0.8199857129247663,0.6259101496661064,0.5907244695526984,0.8279214737625615
0.0,0.4366089613034624,0.4765218465832605,0.4387988767326039,0.4536958057905706,0.40314170481006706,0.9259259259259259,0.6026033577398122,0.8193218187551652,0.6107163673461647,0.536513395510418,0.8919333829549662
0.0,0.4462830957230143,0.4742848270082087,0.43027001171276696,0.4556965783739326,0.4489239581825569,0.922173274596182,0.5925375342060495,0.8178280612426712,0.5917454876418893,0.5166899862023207,0.942128768142908
1.0,0.4353360488798371,0.4737808642584145,0.43453956896733176,0.4578294960708314,0.4485479880305653,0.8980617372577171,0.601124177205828,0.8156396155150261,0.5862956126600134,0.5272292024424724,0.8085944830174507
1.0,0.4119144602851323,0.4737373138316294,0.4403266929694242,0.4561857354172114,0.4447845535366679,0.8930366116295763,0.5821980622735005,0.8133796296083801,0.5943602498082637,0.4940239356554943,0.8437324075811578
1.0,0.4075865580448066,0.4733615320136033,0.4429492987113283,0.4556760109384709,0.4490369554501749,0.8743718592964824,0.5818948302640338,0.8124083682159307,0.6170488056585304,0.4940705225738165,0.7421655094764492
1.0,0.40962321792260703,0.4722089049355359,0.4413672716737808,0.456292042772434,0.4482055338562167,0.8614501076812635,0.5340285481843058,0.8104052160328845,0.624700221691714,0.4784094460026543,0.7122349408894718
1.0,0.4073319755600814,0.4711082163078295,0.441677212180216,0.4557224347070151,0.4532999917228286,0.8621679827709977,0.5839878707196213,0.808280662070666,0.6255466135586611,0.4800969570294613,0.7382248076562196
1.0,0.409877800407332,0.4703600726736896,0.444173280053316,0.4523368523398735,0.4674102954591951,0.8650394831299352,0.6629761112343757,0.8042226220984721,0.631668914171541,0.5187502614467978,0.9973728654531788
1.0,0.3971486761710794,0.4693036961313969,0.446032617850712,0.4541818406353249,0.5030502047099675,0.8341708542713566,0.6633311145625329,0.7981493896884313,0.6248086735282217,0.5196848339861626,0.9555119118777252
1.0,0.3946028513238291,0.4686125751445139,0.4473211255809872,0.4540135236338614,0.5207432933297504,0.8147882268485285,0.6690333555210413,0.7919559153499709,0.6026144401310909,0.5251271550093154,0.9917447676394899
1.0,0.38391038696537694,0.4675795923618404,0.4452968197569237,0.4557925854849752,0.5170233256672302,0.7997128499641063,0.7015753272686938,0.7861459925142076,0.563729987534229,0.5519214222644839,0.9991421021927868
1.0,0.3716904276985745,0.4667681231113706,0.4435150867056366,0.4542679890335271,0.5185513921947402,0.7451543431442932,0.653583314843577,0.7816091226263129,0.5348518773381196,0.5151744054972408,0.774492700394823
1.0,0.3643075356415479,0.465884964543061,0.4408865440835419,0.4546957789624743,0.5157335858882306,0.7243359655419954,0.6463649138377341,0.7800806272921743,0.544198428775764,0.5021805180301468,0.8267376733082369
1.0,0.35972505091649704,0.4652663193183834,0.4406702838108563,0.4577758523543653,0.5166696542227889,0.7135678391959798,0.6615560979217519,0.7786392457068751,0.5443013369943439,0.515940578837562,0.751813423928016
1.0,0.3676171079429736,0.4645190336886018,0.4379299262029096,0.4554258248492298,0.5155133085987336,0.7300789662598709,0.6597441017676203,0.7775345138432956,0.5471994516200823,0.5115788146581466,0.8294922413001558
1.0,0.3709266802443992,0.4631165697627573,0.4323915711518281,0.4560924933702465,0.5179656271459365,0.7293610911701361,0.6431994674950074,0.7748588271086105,0.5222946632405123,0.5429831856300429,0.8088329813607562
1.0,0.38696537678207743,0.4614801103361266,0.4260950415352624,0.4554052722767076,0.5201184930383456,0.7391613361762615,0.7079505953701651,0.7720073667636127,0.4939785747478895,0.5403941381494961,0.8125975576163816
1.0,0.3872199592668024,0.4601559641893577,0.4234874130313063,0.4558062542866746,0.5143524263280833,0.7212420606916018,0.6846165224465643,0.7688756121960338,0.4744457801041313,0.5719054330938398,0.7846661680893311
0.0,0.3816191446028514,0.4611287271692343,0.4338912434151136,0.4583754338465127,0.5114530284058221,0.7229166666666665,0.650166407810073,0.7682270619337785,0.4599500212210966,0.5795795840091579,0.769089924439745
1.0,0.33681262729124245,0.4617720113850027,0.4460026667405245,0.4522405275777738,0.5154568558404801,0.7158322056833558,0.6138081502847428,0.7684281934175667,0.4591609374960735,0.5926655205678429,0.7251205611573888
1.0,0.34495926680244404,0.4621711889464442,0.4549217328221744,0.4541014109007341,0.5170760043110684,0.6968876860622466,0.6119961541306116,0.7702181002557584,0.44563284038727735,0.5896438107685893,0.8447275446785463
1.0,0.33528513238289204,0.4605716487405645,0.4538136840062428,0.4527138351618308,0.5145411533383215,0.6637347767253046,0.5545151985799871,0.7702244794764288,0.4432828527037286,0.5363519302354607,0.9076514428656174
1.0,0.3447046843177189,0.4593901599690131,0.4505645002861622,0.4506971035397999,0.5184600189346169,0.6671177266576452,0.5087567487611862,0.7674430642740147,0.424969761446636,0.5506805776844798,0.7999329499445547
0.0,0.3803462321792261,0.4574615029992536,0.44300819110314377,0.4534554602845695,0.5208313158868783,0.7422192151556155,0.595421936247319,0.7639328345115974,0.3950669263677074,0.5666492445350451,0.8852412512571884
0.0,0.4017311608961305,0.45537835295784296,0.4327412582403437,0.4538142456696698,0.5136329703071821,0.7466216216216216,0.5984394645366466,0.7586786331415865,0.3516003539352488,0.5689418549774802,0.8409191800496145
0.0,0.4080957230142567,0.4537495227827006,0.4256241630578225,0.4551042199082667,0.5112181904447313,0.7466397849462364,0.6209082168478663,0.7540547630238326,0.32386138183245183,0.5877780516083727,0.9932628280454371
0.0,0.3920570264765785,0.4531877678212562,0.4259938445267785,0.4561905229139325,0.5118632753528843,0.7165775401069517,0.6192367428444641,0.7475502887566474,0.2800509095318641,0.5876982030686534,0.9773438939031126
1.0,0.36481670061099797,0.4528610284896404,0.4315289556570297,0.4553896227106184,0.5147796357269097,0.6618037135278513,0.5749204940462989,0.7402361302295517,0.2237787080246418,0.6045581791112958,0.8190581445324503
1.0,0.3724541751527495,0.4523305913815472,0.43571128532854747,0.4530090505424716,0.5142786377212505,0.673076923076923,0.6383477553435397,0.7348614831101359,0.18899966252144376,0.647008228949677,0.7494013630502849
1.0,0.36990835030549896,0.4515244857670359,0.4378161012130508,0.4528230320364285,0.5237478435411215,0.6551724137931032,0.6368389911988759,0.7310145840985347,0.17669827472078048,0.6466609026634993,0.6541413397187942
1.0,0.3561608961303463,0.450552785101406,0.4383849784596817,0.4506841386455293,0.5244858853145359,0.6187002652519894,0.5017972043487907,0.7298357956202175,0.1869421133613287,0.5967685373727271,0.4248787376435185
1.0,0.3571792260692465,0.4501321245192367,0.4432246468214709,0.4512254989526296,0.5245962989755394,0.6017173051519153,0.4763700909696026,0.731206350993385,0.2031656327431723,0.6297178755213705,0.3768035856818317
1.0,0.3602342158859472,0.4498164892489263,0.4485870290320301,0.4514494241814307,0.5237252685778878,0.6273864384463466,0.5397529768508244,0.7307557988974476,0.2052342061439765,0.6227432394637058,0.4591698900963953
1.0,0.3518329938900205,0.45005742593549,0.45340278005594103,0.453864603776029,0.5253642551182343,0.6089532587228441,0.5444123955328746,0.7307208580725082,0.2194324441766018,0.625971365637612,0.3209615030392331
1.0,0.3429226069246437,0.4500212871894169,0.4546737636175816,0.4557410070169394,0.5250519818928456,0.6023699802501646,0.4765623844390208,0.731876879470041,0.2218800005198737,0.5824836307577068,0.4063977405292571
1.0,0.3424134419551935,0.4501371102173,0.4572685651811555,0.4557151180051964,0.5268927039603867,0.5977616853192891,0.5410842393314106,0.7344189915398884,0.23095301149988,0.5721399348394468,0.4543500951679256
1.0,0.3296843177189411,0.4498386541430777,0.4594280798464931,0.4571440388531225,0.5187259984526275,0.5760368663594472,0.4363508616226608,0.7364486864329742,0.2210364564603394,0.557571644306621,0.189353472094308
1.0,0.3467413441955195,0.4499813501735519,0.4656429013477204,0.45662886345336,0.5996247813736373,0.6109282422646479,0.3393683899119887,0.7407042894275968,0.23324867395015175,0.5090941907280292,0.16991044020380394
1.0,0.2538187372708759,0.4497636085832348,0.471813407947118,0.4433752363067906,0.5916051298110419,0.3903884134298883,0.4810073219436434,0.7469678093725678,0.27947238263683044,0.5395713343680885,0.2982056394189688
1.0,0.2627291242362527,0.4504326067554644,0.4811303256490656,0.4414164166983677,0.5914410775841279,0.4088215931533906,0.4044301456992821,0.7510926752079337,0.3169325502449177,0.5051718978360406,0.3998227792018722
1.0,0.26883910386965393,0.4507804953213274,0.4874873741590525,0.442567136221613,0.5816018981241355,0.4325213956550365,0.3520227793802229,0.7573702087551364,0.3673134241378492,0.4851026339065171,0.4811569521507434
1.0,0.28767820773930763,0.4508514810665286,0.4916249227582297,0.4463717601953616,0.5893481573019356,0.4845292955892036,0.4271651505066193,0.7602583353787521,0.38719647437462507,0.5164352865591826,0.6269274248247788
1.0,0.2927698574338086,0.451109382240157,0.4991950468224737,0.4475250900261861,0.5952716194699975,0.4952076677316295,0.4540936321278011,0.7589543419859701,0.3854281126865379,0.4788730992536255,0.6723716934207553
0.0,0.26782077393075365,0.4512432759270704,0.5048776080297452,0.446162750271334,0.5980070968411696,0.4594249201277954,0.3284224539605056,0.7564850610115026,0.3932267906137277,0.4692324317700433,0.4822292561609759
0.0,0.2634928716904277,0.4515313400354138,0.5111529550845664,0.4454301917461753,0.6028084972373587,0.44408945686900936,0.3132164780711487,0.7573840243769911,0.4251945927264403,0.4601716097190068,0.3864197023271108
0.0,0.27367617107942976,0.4513514967471574,0.5142432815201741,0.443764154383868,0.5973643926277264,0.4549520766773162,0.3372457658457215,0.7578007905469528,0.4525439007714184,0.4212379934966111,0.4438985280815719
1.0,0.25534623217922625,0.4512348724679809,0.5177090043703068,0.4404054769542655,0.6014378101208036,0.4057507987220448,0.2931661859329928,0.7582259227406938,0.4859894492534678,0.3941661094194242,0.3210673464353257
1.0,0.2627291242362525,0.4515818117831402,0.5238672539886275,0.4419496084940777,0.5955167694665184,0.4255591054313097,0.2558686487685817,0.7603818920043572,0.5258578757086907,0.3804891836147216,0.29444712871995765
1.0,0.24159877800407334,0.4516371351869177,0.5294696936136984,0.441643852330005,0.6089180069818346,0.37699680511182093,0.19946749500776567,0.7613121684785957,0.5315938537566117,0.339850162955471,0.10037400905495553
1.0,0.23956211812627295,0.4516257203226618,0.5362697782736734,0.4414402188413329,0.6041505177563012,0.3546325878594247,0.24305894534427894,0.76508491570936,0.5263510840038603,0.3670758796757832,0.04849591095363345
1.0,0.27138492871690423,0.4517058780546942,0.5392969637390135,0.44448956134269385,0.5995804296241856,0.4236421725239615,0.3362029435692627,0.7700029054918229,0.5253343518812661,0.3617693110127056,0.2416026914335817
1.0,0.2612016293279024,0.4517874329140084,0.5448554806666759,0.4462113118476899,0.6100559084453072,0.4044728434504792,0.3793210561349015,0.7721798560284174,0.5150530976189887,0.338198187834287,0.27510244984878585
1.0,0.25407331975560105,0.4518618457537523,0.5507890259564805,0.4449088252547563,0.6102724562045285,0.3808306709265177,0.3732712077509061,0.7733414573988411,0.4947514421112375,0.33370138398370386,0.16483654953917082
1.0,0.2482179226069247,0.451991764181699,0.5561837907076281,0.44394004108434304,0.6052411633935485,0.3514376996805112,0.3734782930256639,0.7764144517115876,0.4585491315244917,0.33281345546373403,0.0724546370967742
0.0,0.269348268839104,0.4522881207786366,0.5556126222690911,0.4485057679390159,0.6036493285440487,0.4102236421725241,0.5087715405665263,0.7834600455541596,0.4737704500112601,0.3534366132440808,0.18067748881895024
1.0,0.2535641547861508,0.4529140491975658,0.5638170631870474,0.44541548826513105,0.6061438207959444,0.3699680511182109,0.4127801198136231,0.7878184483281898,0.4893502888809826,0.3498113554325332,0.03238363425542461
1.0,0.25458248472505096,0.4531118009759172,0.5716936789667706,0.4454397123583324,0.6138525627002596,0.38658146964856216,0.4345684490792103,0.7971802762287123,0.538732991164935,0.3610796937721281,0.06986771411802044
0.0,0.2920061099796335,0.4539772190732507,0.5844705344471957,0.44998119817846405,0.6066823028955303,0.4543130990415335,0.5092522742400708,0.8035360936354248,0.5768117432989791,0.4032413478644423,0.3868346200731419
0.0,0.2482179226069248,0.4541354794367807,0.5856416024804911,0.4441125523366575,0.60844884345751,0.3853035143769968,0.44144663856223615,0.8037722192737099,0.5832293130231085,0.3553364532312429,0.04602916610230779
0.0,0.2802953156822812,0.4543952700048185,0.5906031936400695,0.4474817598668757,0.5496918347840082,0.4498402555910543,0.6050883810369061,0.8090568648922609,0.6082867868166315,0.4219828874436368,0.35225066594428805
0.0,0.3177189409368636,0.4538631008633206,0.5943366809926032,0.4520945705504229,0.5963993047841969,0.5111821086261982,0.6856519488203536,0.8110828968470631,0.6149351816244715,0.5028303301021824,0.6224434511716108
0.0,0.3057535641547863,0.4533437614579052,0.5958089227782073,0.4535043170776498,0.5503210535882287,0.486261980830671,0.6636417424746689,0.8097221275628972,0.6182986292318343,0.4764983946829152,0.6236173190663229
0.0,0.3144093686354379,0.4528094626337803,0.5960726239256473,0.4516270043822133,0.5443848105633853,0.5035143769968049,0.6817617040159751,0.8082510082501988,0.6332196931501942,0.4888899719988621,0.5867985010609965
0.0,0.3385947046843179,0.4521824271428959,0.590597914662145,0.4533707445609039,0.5366429940518304,0.5371642723297941,0.7418977886251019,0.8053453082129214,0.6302504051828204,0.5622121313563985,0.780531852453835
0.0,0.3500509164969451,0.4514010138215753,0.5913715729956559,0.4558829551129362,0.539866214807929,0.5757204169221335,0.7947563050070259,0.7984455055537156,0.6143051403358295,0.5940853694344511,0.796060393960603
0.0,0.3472505091649695,0.4509778264890741,0.5909847623000017,0.45556147476563597,0.5337430191347793,0.5603923973022684,0.854944160934842,0.7906312870664622,0.5865822367884984,0.6257814786343822,0.8190052169184493
0.0,0.36048879837067216,0.45044308725117893,0.5953985278258156,0.4547304114144083,0.5348226144013526,0.5845498783454989,0.8629613194290366,0.7820710501855572,0.5581509089499573,0.6296278188954173,0.8252735731603437
0.0,0.3765274949083505,0.4496796852418071,0.5937081668370516,0.4544930925916979,0.5349492115305603,0.6167883211678834,0.9604984838399528,0.7728491014546066,0.5151336710256856,0.6661590631596839,0.9682920024289776
0.0,0.3834012219959267,0.44903510350272735,0.5912701009635546,0.4561529300799457,0.5353074450076408,0.6169696969696971,1.0,0.7631853556010022,0.4793014570015214,0.6834386093236637,1.0
0.0,0.3732179226069247,0.4481572500557188,0.5909104748503029,0.4581622535762061,0.5385858599788629,0.5954106280193234,0.8129576214777016,0.7555333827801156,0.4525623251943265,0.5452587797661113,0.9852430016758746
0.0,0.3828920570264767,0.447812942311374,0.5913981151404186,0.456571811035088,0.5382757762228301,0.6032315978456013,0.7476739886103098,0.7505715039679395,0.4391791404731476,0.5446297798613264,0.9911473144711682
1.0,0.3693991853360489,0.4474255343384835,0.5933160605261351,0.4575834004589777,0.5366219332337003,0.5868157739846966,0.7976776865616448,0.7457870943503053,0.4338203773157588,0.5685608483593668,0.9875301483039975
1.0,0.3826374745417516,0.4471749515143925,0.5913321087649168,0.458266504878345,0.5409352289169516,0.6174220129487934,0.643169883884328,0.7418327816878048,0.4381753692376968,0.5220972636987421,0.931280836089056
1.0,0.38365580448065184,0.44646115754868987,0.5866107418680662,0.458845082557468,0.5499222461035037,0.6071428571428571,0.524842837068264,0.7420160272735923,0.4774239023035446,0.5121039334089289,0.8400325381527523
1.0,0.3617617107942973,0.4424003195922226,0.5593323161163339,0.4551035490568906,0.5385497531453807,0.5464098073555165,0.4571925153464983,0.7412462475853743,0.5075035988544812,0.529001769090226,0.7279881165007341
1.0,0.454684317718941,0.4390223568560037,0.5331001314487578,0.4754043295762546,0.5394987281752176,0.6359516616314201,0.5200798757488353,0.7418829473325261,0.5331189454716116,0.510050897057233,0.8308546570231132
0.0,0.4651221995926681,0.43578723487711424,0.5114533116668509,0.477223495326346,0.5398926036006662,0.6732575383094415,0.4972487242067896,0.7402013513902552,0.5419385767617396,0.4987618845314497,0.8765318573272741
0.0,0.4755600814663952,0.4359303555526956,0.5118537230665099,0.4793965959109585,0.5401242116449397,0.6988664366683095,0.5054507802677319,0.736501912589212,0.5273840595487312,0.5027785881427189,0.9882357286645614
0.0,0.469195519348269,0.4354736774461374,0.5084199715136384,0.4817835216313146,0.5421364229652933,0.6914736323311977,0.5313216478071149,0.7307846016993849,0.503047491442891,0.5154029937155833,0.8745864274685693
0.0,0.4518839103869653,0.4352714564784272,0.5060524099227102,0.4793859090166362,0.5424198936404678,0.6451453918186297,0.4411434065527695,0.7267611727951435,0.485190284366609,0.5203117381881213,0.717226674509227
0.0,0.4559572301425662,0.4350873682023563,0.5055181899739625,0.47945592587962604,0.5426232736079136,0.6678166584524395,0.4039272243177279,0.7266456180826533,0.4848518729257934,0.5037168167723023,0.7323336560062828
0.0,0.479887983706721,0.4345010302889936,0.5049749585923229,0.4811987705476926,0.5463710879073261,0.7126663380975851,0.4504030766955107,0.7252884241262822,0.4792324644813454,0.4761832689736281,0.7857012717268521
1.0,0.4684317718940936,0.43371652195978216,0.5038688074242228,0.480524281623702,0.5456846875288373,0.6635514018691587,0.4412765328008283,0.7213118288292379,0.4535925347955001,0.4711787036025809,0.7113471559231871
1.0,0.4592668024439919,0.4331610974813923,0.5041479984173898,0.4815327355247789,0.5538987621051089,0.6599607458292444,0.454907181421492,0.7187990943346934,0.445341510835696,0.4283211980891188,0.7195641875888201
1.0,0.44730142566191466,0.43316919705257617,0.510075549892669,0.4832296740723541,0.5536056456391845,0.6383709519136409,0.4046076473633607,0.7149657788920076,0.4325348821397901,0.4010593534236885,0.5806763108989547
1.0,0.4302443991853361,0.4328422759707543,0.5134129027223895,0.4803068500090774,0.5546306533078836,0.6025515210991167,0.40423785222986464,0.7141739254206609,0.4380713378013825,0.3995506603988375,0.4241518784389468
1.0,0.4508655804480653,0.43290383657879294,0.5155746563885122,0.4815515110490889,0.6183369536399144,0.6368989205103043,0.38407662155166056,0.7158277421768746,0.4477646673471671,0.4380472154112123,0.4041285573734651
1.0,0.4205702647657842,0.4327611061376786,0.5123086809200871,0.4786759725318319,0.6181278391371662,0.5917566241413149,0.352814140965905,0.7193937371516991,0.4628177783957765,0.4171456592693963,0.27096162955945113
1.0,0.40198574338085546,0.433092281312698,0.5130069435329571,0.4754293833304916,0.5610964163215825,0.553935860058309,0.3022483544116558,0.7260645036078865,0.4980042762611978,0.3797544090697534,0.000246984728110754
1.0,0.4422097759674135,0.432911821467744,0.5151272759499771,0.4850886771296005,0.5564961732588963,0.6389698736637512,0.4066415205975889,0.7373230238171942,0.5581025424342951,0.4342462282585805,0.2495730494794721
0.0,0.4765784114052953,0.4325102494120778,0.5203812438061126,0.4900650699493667,0.5542085514884908,0.6880466472303206,0.446128244952296,0.7435785384388847,0.6053352013745908,0.4587350781280064,0.4138963621476199
0.0,0.4704684317718941,0.4316578900192506,0.5220893058810057,0.4891021643973283,0.5574659640850225,0.6739552964042761,0.3865616448487537,0.7470769309071372,0.6370624556056129,0.4065163738068646,0.0005308597133359074
0.0,0.5183299389002038,0.4312336301419232,0.5236891092926717,0.497391799340715,0.565073994068761,0.7619047619047621,0.5265734782930256,0.7541590049487976,0.6841953990088396,0.4663980284879597,0.12230532336119762
0.0,0.5468431771894093,0.43043806330879497,0.5207766053033573,0.5046992833827345,0.4819006663533124,0.8168124392614186,0.6266696250277347,0.7557590726337273,0.6911996315213185,0.5176617130677823,0.6255856003945106
0.0,0.6160896130346233,0.429262081978947,0.5161133100622599,0.5184161634408959,0.4949354763927577,0.9446064139941692,0.6832334886472892,0.7528531994162582,0.6684428910553709,0.5201417514807789,0.7823232672241031
0.0,0.5995417515274949,0.4274658663087209,0.5082970195694625,0.5164788399878144,0.4474688255005998,0.9022738268021284,0.7188373641002884,0.7495574553445392,0.6490963808073549,0.546516163527969,0.7509078309078315
0.0,0.6173625254582487,0.4262352292587036,0.5088989956415413,0.5173058143136879,0.4218704685445115,0.9306358381502892,0.7364322165520302,0.7474677000036878,0.6256285125073107,0.5693117601933322,0.9102425292334346
0.0,0.6412932790224033,0.4249977265432096,0.5035684294556522,0.5220285720171912,0.459525823439286,0.9903938520653216,0.7567487611863031,0.7443038561916373,0.6088277248180959,0.6014177295248768,0.9869532265049812
0.0,0.6206720977596741,0.42419832756127385,0.5019051488166792,0.5192067538730686,0.4698736454371483,0.9452449567723342,0.6951852673618819,0.7396072930415805,0.5717363706488352,0.5602817264560079,0.7317832394976197
0.0,0.6214358452138494,0.4230966843790712,0.4947953247920552,0.5168905515545419,0.0,0.9702209414024978,0.7030619037053473,0.7379451689978886,0.5737884922848965,0.5721079925789269,0.8300941966219153
0.0,0.6339103869653768,0.4217842825262743,0.4928619266323255,0.5162536281302127,0.4721816377374923,0.9908477842003854,0.7423045632719474,0.7353660590084543,0.5706526628099853,0.6512250214566662,0.9954255088783036
0.0,0.6384928716904277,0.4201422148026616,0.4913949228576374,0.5176955569289055,0.3663113916678524,0.991779497098646,0.7024110642703938,0.7297560549219901,0.5619289760918302,0.6465379877985588,1.0
1.0,0.629582484725051,0.4187759834253725,0.494180820570404,0.518199813409218,0.4365099492947869,0.9931906614785992,0.6829746320538423,0.7249413631446733,0.5550958327060183,0.6316988813012521,0.9934572779685186
0.0,0.6092158859470468,0.4174315637909653,0.4976286899757738,0.5178796670635454,0.4615331971204444,0.9657869012707719,0.6613194290363142,0.7195350263958613,0.5412679694689697,0.6473898792465042,0.9618606484675284
1.0,0.6130346232179226,0.4157520928262861,0.498396861520099,0.5191653581033213,0.4834785151083814,0.9618768328445746,0.6893942755713336,0.7134843860962838,0.5270293837895003,0.6704190306411408,0.9819536937993842
1.0,0.6020875763747455,0.4139079460136431,0.484771035966565,0.5178696426830329,0.41918885603578904,0.9335288367546432,0.6615708897270913,0.7068416515370772,0.5021758904312382,0.6503092812171336,0.7568491877625371
1.0,0.6224541751527495,0.4125442936011157,0.4751927057758279,0.5193927363132012,0.4185073358038447,0.9721407624633432,0.6696989867613339,0.7031321476057968,0.4933843860399015,0.6653570349270143,0.9673544810594392
1.0,0.6140529531568228,0.4113765882855324,0.4675389257099673,0.5209751895980296,0.4526309194771903,0.9623655913978492,0.6551512462095997,0.6995859726068225,0.4791957933922689,0.6535530011003621,0.8551203184367657
1.0,0.608961303462322,0.4102693744495989,0.4719714192697068,0.5227677529048314,0.4192133032220806,0.9627733829688228,0.6292286073515273,0.6962636096235757,0.4678745493762009,0.6617070865201555,0.7902133639964233
0.0,0.6143075356415478,0.4091282565669245,0.4760963402189938,0.5241030015977092,0.4908411735975549,0.9734760353652858,0.6648546705125362,0.6934732093167799,0.4512281682996856,0.666420057078287,0.8916570844512599
0.0,0.6079429735234217,0.4080007867072112,0.4775515216252189,0.5262424789173694,0.4980481532124628,0.9664960446719404,0.6797943939057766,0.6885902620248228,0.4229914978217226,0.6494574468151346,0.975978534009117
1.0,0.5784114052953158,0.4066307776215993,0.4758324066407233,0.5236229447521493,0.5376928512918782,0.9232201023731972,0.6846461060572443,0.6827558159478886,0.3859095032872221,0.6547074646233662,0.9757435501842808
1.0,0.5735743380855397,0.4049113603675347,0.4687120153361386,0.5234516007982752,0.5897022577270346,0.9041414611447184,0.6748835145329488,0.677223545124882,0.3614335662285616,0.6471346057141054,0.9665410528719882
1.0,0.5664460285132383,0.4029352224835195,0.4620689692027402,0.5233263012086014,0.5746062014580695,0.873894834806887,0.6572738702758674,0.6739086564756394,0.3551819812661463,0.6313267010405658,0.9907892439322502
1.0,0.5455702647657841,0.40106785892076596,0.4557426998255118,0.5198884692799354,0.5768705069384974,0.8329455560725918,0.5693661711411878,0.6718446276770311,0.3588342530635526,0.5346188434157866,0.8577878103837466
1.0,0.5450610997963341,0.3995975458401319,0.4545067932664137,0.5204086938870887,0.5847451868128788,0.8222429036761284,0.49457140744027794,0.6712272794267502,0.3610811072667118,0.4744123287143632,0.4975745641419715
1.0,0.5605906313645621,0.3994152348290019,0.4597519894065778,0.5209285549306059,0.5781571281445765,0.8441135411819451,0.5364839878707196,0.6745604420234068,0.3863150600336414,0.4918942966633243,0.6556361365928616
1.0,0.5315682281059063,0.3997026387551909,0.4702742908990577,0.512066524700372,0.5796242886682572,0.8422522103303862,0.42792692848162095,0.6760355666949598,0.39885022291598,0.3567312235141962,0.610849266340594
1.0,0.5165478615071284,0.4000917333022752,0.479761969974516,0.5113346052452458,0.5847907999622081,0.829222894369474,0.42927298276754666,0.6791743974157469,0.4375856036162529,0.3582174845315946,0.49209378407851706
0.0,0.5257128309572302,0.3995967147726925,0.4839408277941403,0.509911277420985,0.5919188373556615,0.8427175430432758,0.4198653945714075,0.6799759040064846,0.4497697083954453,0.3504662925643484,0.5920704159526411
0.0,0.52520366598778,0.39841077301154304,0.48401988545215,0.5088058162853639,0.5959278091554183,0.8529548627268495,0.4435100954071444,0.6804075693073162,0.4597980731677137,0.33155281346346416,0.5763053655023409
0.0,0.5506619144602852,0.39756329965036064,0.4838575454920728,0.5117360418515073,0.5388034058265283,0.8869241507677991,0.4544634272612975,0.6793053829701967,0.4531470212212033,0.3415452486171422,0.6532949225783227
0.0,0.5575356415478615,0.3964074564216515,0.4863526891011865,0.5123628684639873,0.5150708725174472,0.9125174499767332,0.4769617631831965,0.6775935795096135,0.4437631741926722,0.36713222548267216,0.6454087144400437
0.0,0.5501527494908351,0.39494426156670615,0.4887264626670904,0.5144430201355259,0.5428415558651914,0.9032107957189393,0.4975075808002365,0.6755966783524411,0.4404486151852151,0.33903683882328084,0.7007202016564632
0.0,0.5649185336048881,0.39329172192766026,0.4920620865473125,0.5145421776170027,0.5865385284969691,0.9087947882736156,0.4625471488795209,0.6721753119098679,0.4266665196411865,0.3478553948380029,0.5344256391789699
0.0,0.55040733197556,0.3908148318633895,0.4879424721085148,0.5154856460769178,0.5466843772064647,0.8859934853420194,0.4818800384586939,0.670828039713401,0.426423954215988,0.3705675207414989,0.3623334533669426
1.0,0.5631364562118127,0.3884715974807268,0.4825392075919768,0.5193919711753664,0.537500561237894,0.8799441600744532,0.4682419939353598,0.6708059380131204,0.4253060864772353,0.35728298591940444,0.3813467770975879
1.0,0.5794297352342159,0.3861158396411012,0.4764045001020382,0.5199559308492515,0.5435530279528527,0.8906468124709167,0.4599881665557282,0.6718744770274163,0.4353912238595539,0.3954056048536481,0.3411955347497301
1.0,0.5829938900203666,0.3841879261383077,0.4707527186585711,0.5205773115475023,0.5397678683057497,0.9004187994416007,0.4772280156793134,0.6729113051325948,0.4456775350194714,0.3653214486445578,0.4053655023406546
1.0,0.5891038696537679,0.38212712548763017,0.46269833664097293,0.5183259934602253,0.5414396070639866,0.9032107957189393,0.466252496117151,0.6743017177492001,0.4632138163080058,0.3518492749665627,0.317680950666186
0.0,0.6013238289205702,0.3802036226478173,0.456195938607678,0.5217809286858216,0.5442311983645958,0.9027454630060492,0.4214555136454405,0.6763319475730272,0.4827811661373128,0.3573443439226877,0.3056175729204175
1.0,0.5791751527494908,0.3788891486154555,0.4542110007668843,0.5204222696614268,0.5447564800740023,0.8724988366682177,0.4145403446490643,0.6792353878083377,0.5069211258816093,0.34761169550437626,0.18602808786460165
1.0,0.5631364562118127,0.3781958372011931,0.4546889228709837,0.5187749696189394,0.5465614072408888,0.8617961842717544,0.3949042230604246,0.6821202999752289,0.5267603962294606,0.3699569948092287,0.11776194437411833
1.0,0.5572810590631365,0.3767507273809436,0.4505520994865233,0.5178610324945023,0.5463972736563801,0.8501628664495116,0.41393388063013065,0.6858501459752588,0.5524226076556883,0.3958819549417572,0.047679617637989086
0.0,0.6033604887983707,0.3747538355778324,0.4419906810255256,0.5263699983566504,0.528341938155159,0.9106561191251744,0.4948672435470749,0.6898859389237941,0.5808874283849392,0.434346112099336,0.31273109407231525
0.0,0.6117617107942973,0.3724916516474696,0.4369765438042537,0.524738991989643,0.5223135611842359,0.9194974406700788,0.5151172250573183,0.6925420353471201,0.6066416331360786,0.40758275898659735,0.2552348893619128
0.0,0.5934317718940936,0.3711688406117309,0.43781279274893853,0.5218802793935741,0.4333403456437627,0.8845974872033502,0.4774277050514015,0.6946518827161037,0.630120405964569,0.413257828654886,0.13761694965595644
0.0,0.634928716904277,0.3705758875603457,0.44387068849563704,0.5308094849659707,0.3279869258132241,0.9790600279199626,0.6094667554174986,0.6980289953557257,0.6604631591304728,0.5491565590151701,0.8622478087236142
0.0,0.6229633401221997,0.3694339635439977,0.44532672896500103,0.529452287630267,0.0,0.9767333643555142,0.5999852081946603,0.6950303756642873,0.6618556154526565,0.5383132383153408,0.7956018878688872
0.0,0.6397657841140529,0.3678416201232986,0.447487296588176,0.5300357260431985,0.3280569858912368,0.9981386691484412,0.6598180607943198,0.6926659265001303,0.6688401317359761,0.5859398081909447,0.9950547852225348
0.0,0.6250000000000001,0.3658663461417059,0.4489849037560524,0.5278079675071224,0.40013030381858383,0.9770384254920336,0.6485984764440501,0.6889187328670137,0.6782276960114791,0.574883299848958,0.9310361469041072
0.0,0.6293279022403259,0.3641792077994632,0.4507876034690082,0.5281220423333363,0.5655146894613313,0.9929676511954992,0.6340285481843059,0.6861254804693937,0.6889201927417692,0.5373593870965082,0.9665061390949704
1.0,0.521852576647097,0.9988372912315916,0.7834463173769795,0.4831541491870349,0.5369861935188756,0.6789454676778619,0.4678574069965236,0.9659562272182702,0.5377748420304204,0.4763144021271154,0.743230347131098
1.0,0.5005435964340071,1.0,0.7926172866659219,0.4843338005035846,0.537097019955581,0.6522210184182016,0.38613268249389865,0.9642331834655355,0.5297164572990556,0.4679265584766255,0.4611734889340781
1.0,0.4846705805609912,0.993727793482898,0.7894851651004114,0.4824300018657487,0.5364183977761975,0.6114120621162873,0.3628060054729676,0.9644842521509064,0.5302891310432448,0.447770734113793,0.3181794026995425
1.0,0.4977168949771687,0.9857690978398236,0.7810760520143452,0.4840999785470108,0.5374870628637171,0.5893824485373779,0.3565268841062049,0.9659746458570416,0.5249281444849738,0.4402084269306477,0.1321872675098308
1.0,0.5316373124592302,0.983854874905461,0.7898357833167008,0.4846086265245657,0.53984656424384,0.6330805344889853,0.4434657199911249,0.9700291152895296,0.5456550005470402,0.4974789495067221,0.4573280901264736
1.0,0.520765383779082,0.9887175417797298,0.8092309580803376,0.4831415522863128,0.537732393926716,0.6514987360057779,0.4626506915169,0.9710197879650908,0.5591668851349085,0.4623678411102949,0.5150653629503669
1.0,0.491628614916286,0.994018319363053,0.8210020999058837,0.4832785456727016,0.5399626541071528,0.6269411339833876,0.4097330079136154,0.9692947052329804,0.5627074829108304,0.4091881204449082,0.31594749707726555
0.0,0.5042400521852578,0.9951853662782656,0.8174520926315065,0.4811011104548718,0.5445109076648044,0.6413867822318529,0.4508468308557063,0.9689668322638608,0.5887988901685037,0.45033694049727613,0.08261363636363615
0.0,0.5270711024135679,0.9955358911998964,0.8084196335394012,0.4801758980081245,0.5489985967939982,0.6746117732033224,0.5735892315657123,0.971742937248634,0.5841647919937369,0.5063967400093614,0.09259326660600399
0.0,0.5309849967384213,0.9961491054633314,0.8073888890258923,0.4805901197919745,0.5543518049936931,0.7002527988443482,0.5699504474521119,0.9735570925936892,0.5651596984925521,0.5023443119577018,0.4446663104311396
0.0,0.5344640139160686,0.9993398725486298,0.8115554208321674,0.4810116693135436,0.5501030744981275,0.7074756229685809,0.5518009023001261,0.9740261188170138,0.5219906760836556,0.488313960957441,0.3324239952751934
0.0,0.5209828223526851,0.999413788431034,0.8095305659449892,0.4830402000666776,0.554395618796929,0.7071144817623691,0.6965017380371276,0.9750517675573388,0.4837327955346808,0.5699328416400281,0.6260370672441431
0.0,0.522504892367906,0.999658997060168,0.8015015019841838,0.4832373889865878,0.555159983154907,0.7024196460816181,0.6901264699356552,0.9725084252467744,0.4419990758963581,0.5660015974645474,0.6763270084601607
0.0,0.5231572080887149,0.996619759447836,0.7941910793041956,0.4833093875033356,0.5524427988880827,0.7060310581437341,0.6240736631905931,0.9709501354078494,0.4091012019727495,0.5637483105514669,0.5099953612688036
0.0,0.5331593824744507,0.9937111475403464,0.7887149076012423,0.4807816817852032,0.5561835907935893,0.7150595882990248,0.7231121958435025,0.974774305433501,0.4329067800699423,0.6268026954506941,0.6929380839831234
0.0,0.5333768210480538,0.9912138711455292,0.7949540545039999,0.4808250331341145,0.5548252856988463,0.710003611412062,0.595688188743436,0.9752932321397648,0.4320019588883568,0.5229377710834663,0.6651940535883886
1.0,0.5120678408349643,0.9905752945845876,0.7945632588721201,0.4820211263166913,0.5460078496839438,0.6825568797399785,0.6381184823607725,0.9770926377369497,0.4553875303831586,0.5653036582118603,0.798502352499392
1.0,0.5046749293324633,0.9898828132893208,0.7895625437968502,0.4848439650816133,0.5553239787037345,0.6785843264716501,0.6818208712373344,0.9746702867213192,0.4533688080306956,0.5501328792321709,0.8364957699189317
1.0,0.5233746466623176,0.9878083875510848,0.7747101962802861,0.4833902485364245,0.5509706532743709,0.6991693752257133,0.6590193033059684,0.9698930716661368,0.4547200793795288,0.5240053390173258,0.8448013076804131
1.0,0.5181561208958467,0.9826265236394879,0.7643008144456614,0.4827913736132817,0.5584531014750211,0.6854460093896716,0.7017898084461207,0.9640068289125427,0.43224539568866177,0.5514084302209274,0.8038479379735367
1.0,0.5294629267232005,0.9733559682109068,0.7527682385135256,0.4804363917389143,0.5586068144355939,0.6886962802455758,0.7849641298720516,0.9576826259678296,0.4062108035189416,0.553262683086693,0.8511850853747434
0.0,0.5622961513372473,0.9678456307258854,0.7473747652023672,0.4807557359374172,0.5549381295064066,0.6944745395449623,0.788610309888322,0.9532202726528952,0.3905163733475968,0.5564354630451874,0.8951662333819449
0.0,0.5516416612307024,0.9636825287959104,0.7383174264095129,0.4793161975101845,0.5545239859348594,0.7060310581437341,0.6771762443606243,0.9470069114653774,0.3608426420243551,0.5053134967837652,0.9997849051192575
1.0,0.5312024353120239,0.9685317363902106,0.7428534174416404,0.47694137286399,0.5558641627806925,0.6706392199349945,0.7257673249020042,0.941890162284852,0.3342199602144321,0.5308940457618934,0.906416704770614
1.0,0.4931506849315066,0.9752430898388821,0.7527167183456572,0.4759929589761303,0.557447635382736,0.6399422174070062,0.6787885511426666,0.9364683851123228,0.3033343299950567,0.496055575849937,0.9186607732561082
1.0,0.4877147205914326,0.9830861191811991,0.7710928944003699,0.4752799620778017,0.5573471420221218,0.6710003611412063,0.6270763996745798,0.930308242831012,0.2769352036912404,0.5147808742570552,0.9330670634609852
1.0,0.4966297021091538,0.9850695982494201,0.7786925953276476,0.4763593169531747,0.5581920280933282,0.6886962802455758,0.7335626063161008,0.9226253177154032,0.2451889911294294,0.5609361254855841,0.9258126095028898
1.0,0.4933681235051096,0.9868042275617156,0.7862133542334291,0.4759956148817659,0.5578521454519233,0.6681112314915132,0.6578951261001401,0.9116645088252592,0.18090980133207674,0.5306990997734774,0.9835085313833032
0.0,0.4711893889976081,0.9876093979796892,0.7881754734925194,0.4732759648657872,0.5592327878584985,0.6720837847598411,0.635330227054212,0.9096107307582316,0.1754269054147909,0.5213566452659361,0.640760197775031
0.0,0.5092411393781255,0.9743380941036808,0.7698793532629502,0.4740826217384389,0.5596246454441234,0.7269772481040085,0.540056208860291,0.9122802984896624,0.1908920018645288,0.4692378292372749,0.8772613320685668
0.0,0.5955642530984996,0.9511350682535696,0.7394785876567183,0.48098927990823603,0.5593864961524658,0.7302275189599133,0.44936765032172143,0.9154264435545432,0.2173346716193912,0.478635112835455,0.8251914086320201
0.0,0.6092628832354858,0.9290917465492791,0.7016351516123682,0.482778007023508,0.5596011863457833,0.7150595882990248,0.3457288662081209,0.9184932588670572,0.24095082205778875,0.4801856930661413,0.3105859805080943
0.0,0.5973037616873231,0.9184196897978979,0.6894627739580179,0.4851192355690791,0.5608027392667622,0.7009750812567713,0.24896087567487615,0.9235832023811871,0.2852729479779078,0.4962846234615496,0.3005138033682672
0.0,0.6290497934333548,0.9130171646747244,0.6746627631520242,0.4852848191057146,0.5603188566957482,0.7128927410617549,0.2479550329117665,0.9292281038998867,0.3332730262810032,0.4962180052735194,0.3113365868713946
1.0,0.6123070232659273,0.9072741250182216,0.6710286522802178,0.4870808729732082,0.545150461972427,0.6915854098952693,0.19626506915169,0.932594243552734,0.3739224583445876,0.5233123846025852,0.2070654928387748
0.0,0.6903674711893891,0.9055508900606064,0.6603123126696072,0.4962500371112843,0.5480558856426775,0.8270133622246302,0.3220915612750538,0.9390563659002706,0.4309957507983508,0.5183415819295429,0.4772711205372921
0.0,0.6977603826918894,0.8984563516677486,0.6542817000700575,0.4934029650705562,0.5480601050547459,0.8306247742867463,0.2760076917387766,0.9385624086446036,0.4351827704724064,0.5013401425946644,0.4825379992930354
0.0,0.7003696455751248,0.8916864449930104,0.6408071986350765,0.4938918875673377,0.5503365502990039,0.8161791260382807,0.3027364839878708,0.9377682404096196,0.4316417583385007,0.5144667105153115,0.3861240582034449
0.0,0.7042835398999782,0.8846542231031229,0.6268732250115736,0.4942352623659682,0.5590381874504918,0.8324304803178042,0.3594778492715039,0.9359953556388094,0.3950370120240753,0.4889408271962859,0.4439098548255069
0.0,0.6862361382909328,0.8806918502288799,0.6186945504810336,0.4924444839778293,0.5650338575260885,0.7898158179848322,0.35488499371348303,0.9346121034885844,0.3877024574037666,0.4853612385664646,0.3163267010808739
1.0,0.649054142204827,0.8759868801099637,0.6157865224520348,0.4918869952853892,0.5655033833993748,0.739256049115204,0.2635973670586496,0.9355953591689988,0.3932558934729576,0.4885765986730897,0.16425266041864994
1.0,0.6547075451185039,0.8749080878574027,0.6255615011797229,0.4888413063562501,0.5544678373073634,0.7453954496208018,0.30902300125730353,0.9415157353826179,0.45030684243707103,0.4615479050614511,0.1857030688785309
1.0,0.679712981082844,0.8726235966029838,0.6247658932021871,0.4917746056091293,0.5537084519584436,0.7981220657276994,0.41487316026921095,0.9477037459044066,0.5011582068114853,0.5067313703978429,0.4287241684625538
1.0,0.6647097195042397,0.871521076378496,0.6331915000408647,0.4938484374400961,0.5547206050166466,0.7750090285301551,0.28093336291694376,0.9499691887460632,0.5275540350080806,0.4798757617956039,0.21620808900917166
0.0,0.6805827353772558,0.8676017971370102,0.6359494172107162,0.4956086651240754,0.5545936178367782,0.8172625496569158,0.32906589749278936,0.9564414984173392,0.556197954874171,0.5021940222247199,0.3303763845035837
0.0,0.6927592954990213,0.8596480624301481,0.6362424187351852,0.4933860711824717,0.5729661892043494,0.8201516793066087,0.4188299681976189,0.9600342756672562,0.5601424667575234,0.5022804845766878,0.4401510215673503
0.0,0.6786257882148292,0.8518877204100148,0.6258792546478232,0.4921272113269637,0.57306814235897,0.7695919104369809,0.3184453812587826,0.960632915223653,0.557105748742888,0.4257437706394667,0.19395579612088465
1.0,0.6762339639051967,0.85893762695805,0.6402572361970971,0.4916022912261654,0.5729122156138907,0.7843986998916577,0.3377338954219361,0.9672474372053608,0.5928919954838897,0.44085300522586623,0.16263218563624576
1.0,0.5940421830832788,0.8657295032411658,0.6515908852768661,0.4846521346515129,0.5590184588603601,0.7544239797760927,0.3164854670512538,0.975732645387038,0.6584844941934114,0.4210638413527434,0.059322741776508474
1.0,0.638617090671885,0.8701370148446257,0.6511106787481377,0.4863091880534566,0.5433328842758489,0.8013723365836042,0.4365357591894091,0.9882129146598242,0.7571057542838184,0.4942262067081685,0.06515601783061017
0.0,0.6651445966514461,0.856384306684923,0.6198307112406719,0.4857567261499306,0.5428033793722106,0.8360418923799208,0.5078692404407964,0.9954380491114628,0.8269286771774136,0.5495213147702578,0.1865141481035523
0.0,0.6866710154381388,0.8438857798775681,0.5933791286998799,0.4885442483299323,0.5034535391264595,0.8259299386059952,0.5591968049700463,0.9993991663093679,0.8981530245380854,0.5455851409179302,0.3336544250451514
0.0,0.7347249402043923,0.8268990900014597,0.5731375124382171,0.4905446667072335,0.501910213258807,0.8959913326110511,0.6387397381850454,1.0,0.930516273621946,0.6327820264204569,0.7126429861529197
0.0,0.766253533376821,0.8135990541125508,0.5626670097089058,0.4907362243030733,0.504352600288024,0.898880462260744,0.7282005768804082,0.9961854005565632,0.9358755720022154,0.6553076933757574,0.7589102950030095
0.0,0.7547292889758642,0.797505754873856,0.5528461930710117,0.4895707923786508,0.5413672029535236,0.8786565547128927,0.7610531765401967,0.9899797813143864,0.9038031098608592,0.6392159289748066,0.8457104017722284
0.0,0.7701674277016742,0.7905767998738149,0.5626252115530854,0.4916325485554723,0.5588988371692505,0.8717948717948719,0.7900673027142959,0.98295041460211,0.8741178295681926,0.6560619140187768,0.8321155917755598
0.0,0.7373342030876275,0.7818534112876031,0.5662659336519001,0.4912286230472589,0.5541234290285141,0.8461538461538459,0.8999926040973298,0.9772513799062932,0.8652102176390277,0.7178663349292791,0.9860246751828792
1.0,0.7447271145901282,0.779824673111758,0.5781451334675005,0.4922264523700484,0.5390828945066304,0.8414590104730949,0.7834775534353966,0.9690057541740388,0.8405178963172133,0.6389752386954207,0.9992632448482957
1.0,0.7295064144379211,0.7750261974923802,0.5767907094963858,0.4938361314079179,0.5086510992323958,0.8385698808234019,0.7515864211226979,0.9648775389071332,0.8352981774489907,0.6682315969669332,0.9735161352285808
1.0,0.7449445531637311,0.7768126539172426,0.5901745372544379,0.4956238912382992,0.4940777343300982,0.8685446009389672,0.6826640041417056,0.9595069499448194,0.8104114048638955,0.6610562481027852,0.8525478030919451
0.0,0.7458143074581429,0.7767463187271071,0.5964508261844782,0.4951095804324953,0.5006851725743356,0.9107981220657276,0.7504696398195396,0.9558758349414151,0.8034206338065615,0.6732771537196911,0.948975378103545
0.0,0.7484235703413786,0.7754603847822397,0.6030173465126807,0.4952479780694033,0.4467033906607394,0.926327193932828,0.7357961689224166,0.948230423414357,0.7579873497641254,0.6660294058782708,0.8235946936457946
0.0,0.7495107632093934,0.7712939553582618,0.6039499518285685,0.4933186776973717,0.4416847443444412,0.928132899963886,0.8249833592189929,0.9428734556706851,0.7246886815366796,0.6708379634753469,0.8505908452936114
0.0,0.7679930419656447,0.7625568141468131,0.6017183372329674,0.49518042216822294,0.4430299169554384,0.9768869628024556,0.8578433547814517,0.9380143071680124,0.6852793304497611,0.7172561088782302,0.9754141627415956
0.0,0.791476407914764,0.749561585921418,0.5943153774995438,0.4942249089507642,0.442364291272314,0.9873600577825932,0.8110568744915314,0.9323978495691684,0.6747844083878811,0.6460043760950248,0.997576621525302
0.0,0.8099586866710156,0.7358294213201164,0.5760291171822599,0.4926964920051872,0.4629103310070449,0.9981765134938,0.7811404481917017,0.9270609228900372,0.6934228214586755,0.6320519520935812,0.9417225150194116
0.0,0.7910415307675582,0.7253594813738227,0.5642058519863106,0.4942209944590552,0.4693456833550974,0.9882439382806762,0.7301235115745879,0.9218874842447646,0.6776321097256499,0.6232145252307764,0.9164768907107396
0.0,0.7749510763209391,0.718434215585984,0.5559641208153584,0.4963645573261999,0.5110141654059828,0.9628949301983832,0.6981732120405298,0.915791474032268,0.6475725670804928,0.6058514823166734,0.8623578832016805
1.0,0.7660360948032181,0.708489970763468,0.5476746828260943,0.4954861799076046,0.5148426205605721,0.947097722263042,0.7329117668811477,0.90888145549624,0.5835942015669809,0.6268816111946875,0.7867677275010263
1.0,0.7742987606001304,0.7028860765488245,0.5424859804427005,0.4965354161936141,0.0,0.9448934606906686,0.7947563050070265,0.9016002129805992,0.5376769947051877,0.6213766628437476,0.8398931555636728
1.0,0.7519025875190257,0.693555863404212,0.5314304805601469,0.4933181278156187,0.4605444983731074,0.9459955914768552,0.8369425338362545,0.8938390085606294,0.4745837397075599,0.597019997389189,0.8827748360072696
1.0,0.7810393563818221,0.68342670972077,0.5230360564482514,0.4930432487427431,0.5855185794963762,0.9952462445331812,0.8278529694549224,0.8833824330015678,0.3850362290046143,0.5932183241050552,0.8544582968795561
1.0,0.78016960208741,0.6684716246499622,0.5058883544746247,0.4932913189296315,0.5791614446463886,0.9941497659906396,0.9530729975593524,0.8746893230241715,0.31506224766218105,0.6067634599709493,0.90215108508878
1.0,0.7595129375951293,0.6573962158052149,0.4995795032769017,0.4912269312005197,0.5848239604330655,0.9977619532044758,0.8252348199097705,0.865041096755385,0.2586108732947794,0.5667346229152864,0.9713827881987004
1.0,0.7277669058490976,0.6515133398814834,0.4980778824370931,0.4879606074132836,0.5533829506914032,0.9407195421095672,0.7544190518452782,0.8606649628885201,0.2377725153455347,0.5582141075024853,0.9754761335564596
1.0,0.700804522722331,0.6438129387653424,0.4888460879363903,0.4884725745458665,0.5398740517049978,0.9100572363041706,0.7356112713556692,0.8562574872527657,0.21275711436046288,0.5500945643765001,0.890476383211236
1.0,0.7205914329201999,0.6387298877825893,0.4785364967061843,0.487172603284629,0.4953108583223426,0.9186426819296812,0.6560757340433402,0.8521796049752639,0.1808000604998881,0.5533218393064963,0.7218197272028172
1.0,0.7408132202652751,0.6293630834340318,0.4660338641082793,0.4893453088640775,0.5280399262313474,0.9758789860997552,0.7007100066563129,0.8514036892617283,0.1723124491739088,0.5912307212411785,0.8827255433682767
1.0,0.7395085888236573,0.6220255546492366,0.4916581082508122,0.4894500061607234,0.55134421519239,0.9529844644317256,0.693669107314548,0.8484702999452769,0.1487389808408771,0.5843936395829128,0.8847290241631928
1.0,0.7314633616003479,0.6140677398292498,0.5192807348174352,0.4923618498348767,0.5639731031777339,0.939084219133279,0.6523851786110492,0.8454462041995818,0.12641718800135465,0.5475174605900363,0.931335249119682
1.0,0.7097195042400521,0.6125219856101847,0.553922682741182,0.4936097050603753,0.5489596173356747,0.9084219133278824,0.5765032172176615,0.8399989993318668,0.09430049317434892,0.5475044127153441,0.9215298687567512
1.0,0.6801478582300501,0.6137329416527146,0.5649472328363885,0.4934055498992215,0.541987746964859,0.8949304987735079,0.6138451297980918,0.8371562607982048,0.08198909451940589,0.5699026929339495,0.8554715333164777
1.0,0.6849315068493149,0.6112594680285408,0.5690926059752829,0.4937276814718263,0.4966318592362111,0.9280457890433366,0.4292212114488571,0.8350217057710052,0.0704896720786401,0.5021915594353031,0.5836991748454259
0.0,0.7168949771689498,0.601405394343347,0.5599339206621493,0.4938681184942088,0.4912192469484669,0.9587080948487328,0.3809703424302936,0.8385700291026337,0.08486280859679074,0.476582722861989,0.5874704491725764
0.0,0.7364644487932159,0.5817249410486767,0.5397494104879389,0.4925137416556346,0.5020128241789754,0.968928863450532,0.4386435914503368,0.8392658506746571,0.08202002779702383,0.4592191909199774,0.6950723660648456
0.0,0.7679930419656448,0.5677523916513421,0.5283956254659967,0.4966360165556815,0.5295002126031954,0.9599345870809488,0.4665113527105982,0.8349270532899362,0.042016122367831865,0.4771991427285857,0.6630290517622774
0.0,0.7388562731028485,0.5636197962909018,0.5310565886168787,0.4966900217784269,0.507172341448394,0.9358135731807036,0.5732564159455661,0.8339710482938059,0.03675345886348708,0.4908034966691314,0.7838287652474358
0.0,0.7225483800826267,0.5644171215607257,0.5377006816243595,0.4938636769659798,0.0,0.9779231398201148,0.4273056726573482,0.8311139455407304,0.013448029185500364,0.4636253599953506,0.7803948005983109
0.0,0.7355946944988039,0.5578269095733397,0.5307371368765038,0.4916781965346933,0.5077048427518072,0.9795584627964022,0.3673249020042897,0.8306379964024624,0.01970395269747266,0.47839828701739295,0.5742227671861407
1.0,0.7449445531637311,0.5414449998292552,0.5068762935351548,0.4930657390151576,0.5843690335457358,0.9894603709949412,0.30201908142888834,0.8299561332870204,0.0,0.489900365185132,0.4548690768135429
1.0,0.7416829745596869,0.5246790282274008,0.4836026316044056,0.4930169561434336,0.6347184575016598,0.987831377661886,0.2515124620959988,0.8333949697766576,0.010952593130705124,0.5098384693197302,0.3312960859610222
1.0,0.7432050445749073,0.5087060482364265,0.4598900646614889,0.4935193561358812,0.6230101773113561,0.9945994599459944,0.1561570889727088,0.8392476771894204,0.0351752625898471,0.5275275249401644,0.29006031562422474
1.0,0.7218960643618175,0.4866818886643864,0.4328549743162544,0.4916541049401518,0.6257730113800043,0.9135913591359136,0.0,0.8454555801739461,0.06043861289644802,0.4532209385115417,0.03703982874544067
1.0,0.7879973907371165,0.4802027260066764,0.4281683207860385,0.4964065821853858,0.6624248676814843,0.9536453645364537,0.07221359366910696,0.8559028663829801,0.10755230595308383,0.4363354551575525,0.0009082217973226717
1.0,0.7336377473363773,0.4797714314293202,0.4345534692788733,0.4882291022555558,0.6246573285734901,0.9693969396939692,0.1309814362842982,0.8645243302884129,0.14250466704533832,0.4094945963180941,0.0862495860209112
1.0,0.6953685583822571,0.4857913302183512,0.4509730436083525,0.4873280751972523,0.6255560170615853,0.9293429342934296,0.07996449966718439,0.8714924588387303,0.1910563831390304,0.4308184462664726,0.045740260129914605
1.0,0.7234181343770383,0.4856330250265711,0.4560993145322518,0.4869327120512433,0.0,0.962196219621962,0.11587900303231975,0.8804721087532108,0.2503516402644739,0.4023566134467396,0.01328732221756342
0.0,0.7071102413568167,0.4795501294203479,0.4514311596427384,0.4844498886640515,0.6199220985079418,0.9859855334538878,0.12881443680201116,0.8886889897829133,0.3047879842281779,0.4078952861010608,0.04418357145160709
1.0,0.7025440313111544,0.4728683713760171,0.4453893128050777,0.4841636678660197,0.6612056216028946,0.9626933575978158,0.13382885881221795,0.8979944140117571,0.34813892122925083,0.410182159107548,0.06113135743541754
1.0,0.7208088714938028,0.4600934451361614,0.4283454250542242,0.4826003121886139,0.0,0.971337579617834,0.1684860587234676,0.907676921446104,0.3893197828435302,0.4265211788022129,0.10060926584359263
0.0,0.7299412915851273,0.4514006785186186,0.4192256865922687,0.4799310533435298,0.6181411048795017,0.9722474977252048,0.2071592337844831,0.91460482992724,0.4100124390849291,0.3964688224632563,0.1780092551233719
1.0,0.7034137856055662,0.4439102728561126,0.4209176579362778,0.4804881844325277,0.5912848849081679,0.9909351145038168,0.19076991346793928,0.920137918157129,0.4138841267096592,0.3733479584156051,0.036448748414301714
1.0,0.6873233311589476,0.441267622494375,0.43774290940158794,0.4789392306666326,0.0,0.9439386679444176,0.2889505214111381,0.929280400833388,0.4502574690089365,0.3759303420394178,0.17973777348777348
1.0,0.6816699282452705,0.4382455851987483,0.4545584469865364,0.4779655003722707,0.5399827294104459,0.9645424053665544,0.33863619554766605,0.9353244032554956,0.4756162816417734,0.4060632860863012,0.3299549549549543
1.0,0.6675364209610783,0.435278868666515,0.4600984540590786,0.4800022384069767,0.5421518029939353,0.9654669260700384,0.3381480659714513,0.9383504048901591,0.5108852909125837,0.4050355454066487,0.3069095881595875
1.0,0.6555772994129156,0.4251943721439835,0.4489143129636881,0.4788168792258706,0.5468752702826991,0.9265564202334629,0.3433325937430667,0.9423097861275632,0.5318405175834011,0.4086371047375167,0.2005509974259981
1.0,0.6649271580778429,0.4098751653705293,0.4285234630658907,0.4802288558448177,0.5358163113272157,0.8939688715953306,0.2669846904814732,0.9478640005749116,0.5713986829908555,0.35935914387148205,0.025619369369370724
0.0,0.7260273972602739,0.3969419302773307,0.4154207046440572,0.4838717771558549,0.5382651879571522,0.9805447470817118,0.446490644183122,0.9584673569295374,0.6354690214293552,0.4751096556358057,0.2700783421784172
1.0,0.7127636442704935,0.3859804481458502,0.40855732154335467,0.4860461666684525,0.5347100177357329,0.9635214007782102,0.4447008357370017,0.9619795705381846,0.6693595860920043,0.4733131311011958,0.2508264570372482
1.0,0.7066753642096105,0.37885426474734896,0.4112350582554079,0.4855364965374948,0.5177134019438565,0.9357976653696496,0.4887064566230309,0.9671294106476818,0.7111562743743107,0.4756605572517622,0.07945729568882845
1.0,0.7038486627527722,0.3702847318239808,0.4076155180976097,0.4853004039310293,0.5368545849074671,0.9226653696498052,0.4855705938909846,0.9713214118514396,0.7628789460077359,0.4723610716342165,0.15756845796875402
0.0,0.7271145901282887,0.36240862619251946,0.4025282474985672,0.4843515417900188,0.0,0.9664396887159534,0.5866577915834625,0.9752402612925511,0.8135532733047379,0.5566430795231213,0.5391184573002739
1.0,0.7264622744074798,0.3613646487144182,0.4071082493582776,0.4843561610736756,0.5370997451566084,0.9576848249027236,0.6574735596479548,0.9750037360267972,0.8394348380337244,0.6231579688263259,0.7759543486816206
1.0,0.6794955425092412,0.3594005337992101,0.4150414457750937,0.4818359470653639,0.5940098070852879,0.9917483238782878,0.618038606611937,0.9713988690818188,0.8250225646647342,0.6113639347127645,0.6941106400868854
1.0,0.6599260708849749,0.3541023843159285,0.4127663415299325,0.4798741420197656,0.5557616146423413,0.953698775944652,0.6686709562902153,0.969118865965172,0.8176933839555965,0.6602203586592442,0.6614231160004196
1.0,0.6777560339204174,0.3445485498160634,0.4000591041373515,0.4822399498559855,0.5603863144243549,0.9403938265034598,0.713578877301975,0.9646939848200328,0.7929329454279495,0.6961903104313172,0.8513124721933852
1.0,0.6553598608393126,0.34036242260004723,0.3887563199832675,0.4832392495275553,0.4518179160103298,0.9100585417775412,0.7708453516751724,0.95858638457363,0.7724165449227303,0.7357706982580559,0.8047802500196558
1.0,0.61839530332681,0.34352782331223697,0.3927397740155909,0.4823535840024632,0.4570941059551663,0.8674827035657267,0.8204200872716518,0.9527090715633622,0.7515679650025702,0.7237981299003231,0.8399103040429139
1.0,0.5940421830832787,0.3413675528161928,0.3897790624823943,0.4830459080078535,0.4596978449317517,0.8419372006386375,0.8268619184971522,0.948652425308146,0.7474753709964279,0.6852986038760843,0.867078379314325
1.0,0.6057838660578387,0.3363771526230161,0.38886977781590704,0.4846507700686707,0.4920399689536238,0.8179882916444925,0.8073663190592409,0.9445955063348932,0.7393558643255029,0.628954903970663,0.9296988990582298
1.0,0.5962165688193083,0.3238278299461772,0.3736335305257422,0.487263276321716,0.5078385240434514,0.800957956359766,0.8225057318245693,0.9396890701685016,0.7347119258130155,0.6383583639466672,0.9797005939305192
1.0,0.5983909545553381,0.3194202017196517,0.3680581368362241,0.4878611540547926,0.5069158320318027,0.7392229909526349,0.7601360846091261,0.935454382072444,0.7502002745064351,0.6232223505963187,0.8838075810245403
1.0,0.578386605783866,0.3248981164268301,0.375413585951952,0.4850938829886418,0.4993728166856413,0.7413517828632255,0.6648546705125362,0.9312307901631836,0.7570928333860463,0.5337027713136232,0.8809766657646587
1.0,0.5196781909110675,0.3338361614510621,0.3899065009592532,0.4813236032118661,0.4899341094092351,0.7248536455561471,0.7661637452851127,0.9271285400807516,0.7668124868874411,0.5457876060810919,0.8966299619075376
1.0,0.5429441182865841,0.3431365137390836,0.40697935407710256,0.4804043560955284,0.4897684835798847,0.7594465141032465,0.7417942459877228,0.9190532726794192,0.7337204207802088,0.5753120792485822,0.9984071133089248
1.0,0.5312024353120243,0.3457501415673789,0.4078073855027651,0.47885433190648,0.501084726254145,0.7812666311868018,0.7234524073663189,0.9130318330052992,0.7265570214615833,0.566523466788941,0.951028817454238
0.0,0.4979343335507718,0.3519815681634286,0.4173646251729271,0.4785958116311628,0.4957120426706605,0.7461415646620544,0.7308039346202206,0.9070424114215332,0.7104099089981188,0.5740219342627292,1.0
1.0,0.4735812133072406,0.3558994814381835,0.42576799524974895,0.4794301715382756,0.4883504103150749,0.7142096860031936,0.7444937504622443,0.9006595985613328,0.6949860362815032,0.5830675169226079,0.9333352229245216
0.0,0.5007610350076103,0.3608170759850484,0.4438626260401117,0.4826552957639122,0.4488932726694337,0.7945715806279939,0.7426891502107833,0.8947728562089696,0.6888081236410104,0.5807904778551318,0.9813017960893028
1.0,0.4627092846270928,0.369086097931822,0.4767310637582341,0.4818745210367508,0.4753356946473963,0.7551889302820652,0.7303601804600252,0.8890208702303108,0.6853363033573627,0.5746729632740272,0.9100743337160808
1.0,0.30028267014568377,0.3779593882114156,0.5130724932084646,0.4645211203669168,0.4753352709244043,0.4422565194252265,0.7643221655203019,0.8822572588595003,0.6735033990550527,0.5524728126281357,0.9902909904868488
1.0,0.29941291585127194,0.3816968205856329,0.5214766524705474,0.4644973874156298,0.4702024480230117,0.4544970729111231,0.8203757118556321,0.8741773368154366,0.6324712416038769,0.5829905688356279,0.9531652580124736
1.0,0.3207218960643617,0.3844580750509312,0.5220808887717432,0.4670387007316492,0.4742397437505525,0.4401277275146354,0.7930404555876052,0.8665053140425802,0.6031238902059971,0.6206796875431759,0.8918802075145426
1.0,0.2922374429223741,0.3859509625961968,0.5102865903245452,0.4638320382700663,0.4696301341771395,0.4438531133581693,0.7806301309074775,0.8616540041520422,0.595967828955443,0.604200032592397,0.9369595975475556
1.0,0.2894107414655357,0.3899757546236682,0.5140126620668521,0.4634223844070279,0.4716534031891944,0.4337413517828633,0.6876266548332226,0.8555755407754102,0.6021609191287939,0.5859200167891484,0.9704022569191108
0.0,0.3163731245923026,0.38284675959793896,0.4976564866720065,0.4630387301117232,0.4689501752928403,0.465141032464077,0.6708897270911915,0.8514465848677804,0.6144179052108758,0.622570703738807,0.9316357799503854
1.0,0.339856490541422,0.37319528592131945,0.4821078013890603,0.465834646282364,0.4508947955560277,0.44864289515699857,0.5838769321795722,0.8461853456884032,0.6188271144012567,0.6123009738423506,0.6840799649788403
1.0,0.3376821048053924,0.373574016681955,0.4825816706037479,0.4653818245818186,0.4525819369665354,0.4129856306546036,0.5562088602913983,0.8442159964577078,0.6497263651555003,0.5921101929412425,0.5251228172576485
1.0,0.3005001087192867,0.3791663683729274,0.4890063967916558,0.4611714095278126,0.4696117723760573,0.41724321447578494,0.5484283706826418,0.8446077320928074,0.679297805871445,0.6341072507452844,0.5130113332360532
1.0,0.3070232659273753,0.3884232086167092,0.5053007548549378,0.4582375808139453,0.4585675426926798,0.4220329962746143,0.5671178167295315,0.8459205816643038,0.7065752197495309,0.6502409881771394,0.65491998638066
1.0,0.30006523157208065,0.3914603598824238,0.5133815380229773,0.4611752365655144,0.4689119225805377,0.4209686003193188,0.5340803195029956,0.8447595283257596,0.7173942151001944,0.6717813023515972,0.5833211732088142
1.0,0.2998477929984777,0.3888049486978549,0.5157111416360985,0.4612383071191317,0.4688874983850996,0.4353379457158065,0.5745506989128029,0.8431337143024984,0.7434268879578344,0.6573904725117052,0.6496181720900832
0.0,0.3637747336377473,0.3866573150344159,0.5152295600109084,0.4653499947105436,0.470633515534217,0.5055880787653009,0.7131499149471191,0.8405364801847419,0.774798004167746,0.7426625532006522,0.959628386594678
0.0,0.3389867362470101,0.3808385642945949,0.5168233827992162,0.4659869796987493,0.4720083411844593,0.4693986162852583,0.5955180829820281,0.8328772745362567,0.7568378501405033,0.6925557354826936,0.8860370296103192
0.0,0.34659708632311353,0.38709204709724704,0.5350352396290847,0.466898954280701,0.4711237129902069,0.4683342203299628,0.6255380519192371,0.8304208940963862,0.7626891938005433,0.6811072320139945,0.9600628300247316
0.0,0.3220265275059795,0.39219137134587534,0.5440941258006502,0.4641416656946968,0.4689262931135905,0.4731240021287921,0.5983433178019376,0.8260905752781096,0.7592585837042689,0.7017671872999766,0.8817749492971524
0.0,0.3233311589475969,0.3899735327228653,0.5374066947984785,0.4643538753839232,0.4674907493507972,0.4858967535923363,0.6128097034243032,0.822833058849679,0.7759377750307401,0.6728157387538778,0.9362141408287464
1.0,0.3539899978256141,0.38374753975869424,0.5182847540316287,0.4678804725271497,0.4650498614905645,0.4449175093134648,0.5701575327268694,0.8190197301552955,0.7847695360901157,0.6312405310887711,0.7672060753051562
1.0,0.3572515764296585,0.3771132396464925,0.5032047419757247,0.4683496495710739,0.4588390849164822,0.4672698243746677,0.5707196213297836,0.8161105788631888,0.7804093036528299,0.6320004920234938,0.7905848674008985
1.0,0.3426831919982603,0.3743041880675815,0.4997664861427036,0.4682133704330573,0.4691090655441295,0.4316125598722727,0.6213297833000516,0.8129332774717672,0.7790900962639051,0.6822286083862201,0.7314222098524905
1.0,0.3546423135464229,0.3704849964064039,0.498647217733986,0.4695281023222181,0.4725930310207656,0.3980840872804684,0.6085644552917681,0.8094334309754299,0.7703770670617154,0.6713719465247588,0.6533736233151753
1.0,0.3389867362470101,0.3761993825932226,0.5177859929363251,0.4673786686859669,0.4734569047640302,0.3549760510910061,0.5488869166481769,0.8089868413648118,0.8059440346547709,0.6071071068235205,0.3633258618849397
1.0,0.288758425744727,0.3893473932081841,0.5478524867777271,0.4654262469730429,0.4724489847368709,0.35231506120276745,0.4929738924635749,0.8108468727976899,0.8513247668957573,0.52829349904442,0.3682712491550128
1.0,0.2785388127853879,0.4007545677802842,0.5828543134904025,0.4643111546098904,0.4727170625573174,0.3544438531133581,0.5655129058501587,0.8130328089626107,0.9062476357432052,0.569397939384487,0.5095883587718352
1.0,0.2974559686888453,0.4151331292611067,0.6201849983594449,0.4628623516840309,0.4768515140932463,0.36987759446514096,0.6181051697359664,0.8117741825237106,0.9504725168740636,0.5930165694712118,0.6802220087522673
1.0,0.22483148510545747,0.4349461528041845,0.6577018773774987,0.4587331893044761,0.4743790665766917,0.3507184672698243,0.6554322905110566,0.8088814027625209,0.9609695721602602,0.5826900991314816,0.7125630571487787
0.0,0.19612959338986716,0.4610741408989565,0.6950024974988447,0.456137522509104,0.4748706484749526,0.3729518855656699,0.7017528289327717,0.8051359488162293,0.9653627082654632,0.5819447703814165,0.7861860908224834
0.0,0.17786475320721895,0.4758022624804639,0.7041123494329314,0.4562779710086266,0.4769157910846213,0.35355029585798825,0.7108128097034248,0.7992627639742649,0.9304957851268424,0.5901282507606921,0.7383639509020521
0.0,0.1954772776690584,0.4803185195495656,0.7109214689760078,0.4584806780836281,0.4781065941290532,0.39095238095238105,0.7999186450706313,0.7954739546740901,0.9389621822957824,0.6028244236154822,0.7998795798675384
0.0,0.20939334637964752,0.4802256079682818,0.7096704767975651,0.4562783087417902,0.4799343011060307,0.3892045454545453,0.7876636343465724,0.7921003899311554,0.9563260911480138,0.5733965259571362,0.8835617845913568
0.0,0.2120026092628832,0.4769062152410637,0.7153772848011571,0.4565576687700744,0.4774048639886541,0.38873106060606055,0.7625101693661709,0.7877437891863956,0.9969462185040529,0.5272149503642243,0.9148599494461678
0.0,0.2400521852576645,0.4747375031186456,0.7055747172892757,0.4560482172948804,0.4783832683868448,0.4237689393939391,0.81213667628134,0.7799557882082382,1.0,0.5581244195644273,1.0
0.0,0.2367906066536201,0.4786371994741137,0.7099484695717895,0.4554715954058903,0.4776488867590384,0.4000946969696967,0.8544782190666376,0.7714321997123585,0.981718252016592,0.583751933567645,0.8772865527138758
0.0,0.21613394216133935,0.4848483130186532,0.7161164894442384,0.4536601714539546,0.4800561771547566,0.4256628787878787,0.8740551734339176,0.7670314138677989,0.9575960168657374,0.613947009105651,0.9504410212370052
0.0,0.21243748641008908,0.4913753399498608,0.7235180385625293,0.4531536110634831,0.4788083003022983,0.4147727272727271,0.7888617705790995,0.7616542934730803,0.9250367284863056,0.5573360206626112,0.9559843400447432
0.0,0.2252663622526635,0.4943557051366527,0.7243455396846546,0.4508961223908463,0.4735042825520547,0.4322916666666664,0.8516012129280381,0.756325821948107,0.9077656822167957,0.5330125410979605,0.95909768829232
1.0,0.1885192433137637,0.5005437742363501,0.7275257482584795,0.4502024064930146,0.48157757376992705,0.3797348484848482,0.8640115376081652,0.7486278126108361,0.8637121442328562,0.5393669653842977,0.9592917362975756
1.0,0.1741682974559685,0.509822623031698,0.7377639191192464,0.448883587435534,0.4586133474840267,0.3752993184748569,0.8499223430219658,0.7412936716016005,0.8288301003609693,0.5829639819407041,0.9445706667668092
0.0,0.2078712763644268,0.5260293059992511,0.7566978472140582,0.4529300344878506,0.4848128972669721,0.4468179795282599,0.8843354781451074,0.7349592284097948,0.7969430607377048,0.5448887782496776,0.9847683274228232
1.0,0.1295933898673622,0.5367370720600437,0.7764328211470071,0.4482347645562458,0.480133704869225,0.3691786621507196,0.7832260927446199,0.7272739503101866,0.7740954592870397,0.5310378322515632,0.8373561792821846
1.0,0.10284844531419852,0.5459797639294441,0.7935020737874174,0.4443868409346012,0.4802937493222722,0.29655455291222305,0.7847348568892836,0.7223695172356823,0.7802109998505571,0.5318526072391608,0.8328340552195239
1.0,0.10023918243096323,0.5442782342494663,0.7909414998217074,0.4438198016042407,0.4856027529830953,0.2766734279918864,0.7957547518674658,0.7150142981080749,0.7745053560174604,0.5375803261028925,0.8116926482092777
1.0,0.12894107414655342,0.5393862843937836,0.779492981833096,0.44338463779827403,0.4794268163216922,0.3038539553752536,0.9046372309740408,0.7071164467757621,0.7370156060807775,0.5643058236249588,0.9585948978228932
1.0,0.1343770384866272,0.5349481659789772,0.7721426086793983,0.44341881060005744,0.4793666490986394,0.2689655172413791,0.8748613268249394,0.6949194804357028,0.6741932421714039,0.5530704776593676,0.9824309721652952
1.0,0.13959556425309838,0.5274642277109374,0.7644668550358648,0.4403328881220929,0.4762026025076632,0.27626774847870184,0.8979809185711116,0.6823138580319159,0.5671689739667771,0.5646605876845664,0.993641640571298
1.0,0.15677321156773186,0.5246466302241073,0.7635779448015712,0.4417870397525963,0.4773087107718586,0.2466531440162271,0.9845203757118558,0.6725138654778648,0.5167147170918793,0.6036185309034658,0.9712132279699844
1.0,0.15655577299412904,0.5204135304008064,0.7534521882122119,0.4417932121536065,0.4805399002532664,0.24868154158214986,0.8161896309444565,0.6630622474172148,0.4696198548321775,0.5124633293131329,0.962203860305984
1.0,0.15829528158295286,0.5175654367178435,0.7479681317396609,0.4417240019089829,0.4744156526495724,0.23164300202839755,0.8031876340507358,0.6574659664555011,0.4727883923082806,0.5082963553221135,0.9848906208484638
1.0,0.18417047184170451,0.5169374431480707,0.7420011821701971,0.4409397249083622,0.480174272943226,0.2320486815415821,0.7343317801937725,0.6495661192653437,0.4553438322773919,0.4808275601150728,0.8
1.0,0.18221352467927787,0.5169587228248673,0.7309811655553944,0.4409750610885522,0.4778151461321376,0.25030425963488845,0.7708083721618224,0.6448676195969316,0.4396736675124479,0.5089784232221323,0.8900516913031652
0.0,0.18808436616655774,0.5218489006174005,0.7244301075375608,0.441602673737923,0.4982362736856189,0.2482758620689653,0.8330227054211969,0.6352369636452586,0.4073283242858366,0.4950439065982821,0.9793597533327294
1.0,0.17699499891280684,0.5233488150265417,0.7068289097696026,0.4438303435013725,0.5025009264205965,0.23042596348884375,0.9046963981954,0.6242545259812617,0.3546704965599685,0.5306200806673516,0.983891658114646
1.0,0.17525549032398335,0.5285599443413069,0.7076889702708719,0.4434050818549519,0.5067606117615724,0.21501014198782945,0.7578729383921305,0.6167622577097298,0.3296019351605704,0.4971696802356238,0.7811755509231684
1.0,0.14024787997390714,0.5363107917405303,0.7118640096771419,0.44255148314273546,0.5139242883861076,0.17038539553752513,0.6994674950077657,0.6170666911629206,0.3425946631016312,0.4532293035576046,0.786982578916021
1.0,0.15003261578604046,0.5465492217288501,0.7285701560676654,0.44413871376579217,0.5068352691757009,0.21419878296146044,0.7362473189852822,0.6178857213472506,0.3424877869187598,0.4754140561893678,0.9670562835020842
1.0,0.13328984561861262,0.5555060867183457,0.7388793184392164,0.4455269801515536,0.5316716008734894,0.18742393509127772,0.5894904223060425,0.6132602937095553,0.2987735330689682,0.4468572987343766,0.9601777699551176
1.0,0.13089802130897998,0.5641756036429957,0.7544996743783523,0.4454384457950173,0.5276917874091951,0.19716024340770788,0.5890318763405075,0.6121686292351649,0.2928050813576341,0.4469243428916176,0.9050779510022272
0.0,0.1389432485322895,0.5688417300368833,0.7611727299648923,0.4467022968419115,0.5250552794861438,0.2300202839756592,0.5354929369129501,0.6111303390701976,0.3036599262867288,0.4185667279781891,0.9300445434298444
0.0,0.14851054577081968,0.5760553612220978,0.7787948653597566,0.447515395017871,0.5196556910304126,0.21338742393509114,0.4436358257525331,0.6103766447847874,0.3287090374246249,0.4258950706479193,0.8232770883942837
1.0,0.12133072407045005,0.5845593847237076,0.7905565036996127,0.4484101687143731,0.5203207636286841,0.20689655172413796,0.4760150876414465,0.6090479232256021,0.3047205125114624,0.4406289133486939,0.8384339136544614
0.0,0.11024135681669912,0.5958306579849584,0.8098858020621321,0.4474651160742674,0.5089754743784224,0.21460446247464496,0.5112417720582796,0.6039779595566563,0.24493082083815004,0.457308940901581,0.7979168621563288
1.0,0.10132637529897798,0.6038151450683182,0.8216822706495052,0.4459896751766576,0.5052647376118418,0.18864097363083154,0.5054359884623918,0.5975368616077403,0.16353532178382027,0.4545951107433999,0.749160176409871
1.0,0.0884974994564034,0.6074372617853516,0.8223579082269089,0.44813103294574463,0.4861860758625349,0.17647058823529413,0.4855927815989942,0.5944928160487617,0.1391766879082536,0.44483597019264093,0.6173594820305899
1.0,0.07284192215699054,0.6107971829668815,0.8112518821283118,0.4453408872690363,0.4734048535674815,0.12778904665314392,0.3702906589749277,0.5936033513222354,0.1428485156942838,0.4445954196707744,0.5833911982734351
1.0,0.0871928680147856,0.6158572293956279,0.7895381552010683,0.4433697653292684,0.4309427273007336,0.13995943204868133,0.3334368759707121,0.5971903389877982,0.1855177773398051,0.4247663594191852,0.4812799099183637
1.0,0.042835398999782386,0.6214640903574358,0.7746659747868344,0.4407675664811673,0.453912662601895,0.07789046653144023,0.09010428222764556,0.5991816563492591,0.18823969347952152,0.3530415974934084,0.14768271219933976
1.0,0.07479886931941687,0.6312058068321179,0.7751271644737915,0.4411308140923468,0.4882207948301349,0.12535496957403633,0.2834109903113675,0.6071203277230974,0.2265357764330248,0.3919198943865884,0.401064709380757
1.0,0.07893020221787317,0.640229925676711,0.7833102730397792,0.4419374038166536,0.439237024683783,0.14847870182555764,0.3134235633459063,0.6067192613698198,0.2293892681090463,0.4086907176547804,0.3682530933143797
0.0,0.05827353772559235,0.646428744258098,0.7855348630322103,0.4430982849747225,0.4310384418553599,0.13103448275862056,0.267176983950891,0.6065614444501006,0.24945968211772346,0.4359746232685392,0.3365729122847736
1.0,0.0780604479234615,0.6513805671093689,0.7583186766510888,0.4453760003135955,0.4194525427989905,0.13062880324543602,0.3460468900229274,0.6086492484621975,0.2633254843543303,0.4306056966362977,0.3370515963387923
0.0,0.0689280278321373,0.6532493862531457,0.7219491715476211,0.4439325357375389,1.0,0.11277890466531446,0.31884476000295825,0.6086633298410613,0.2319569387681427,0.4650454058630686,0.2864561423867476
1.0,0.016090454446618718,0.6634873576616966,0.7006269278393158,0.4348204213243172,0.6143608171851738,0.004868154158214904,0.23359218992678046,0.6121933629080699,0.23141064220387844,0.4021409561916625,0.002117313785903468
1.0,0.0,0.6734238707919928,0.7066363430783621,0.4335630836742368,0.3658905906123662,0.0012371134020619024,0.28338140670068784,0.6220990870305123,0.230466103257186,0.4243841225639508,0.02091396975117926
1.0,0.043705153294194166,0.6706015218585293,0.6984499267957373,0.4355501979042979,0.4287733235337241,0.032738095238095365,0.3807410694475261,0.6319376923965894,0.25702330183140554,0.4294914113646137,0.08375625572707363
0.0,0.1467710371819958,0.658659657307707,0.672402977582015,0.444785935409834,0.5131750362895712,0.051374973353229436,0.3949633902817839,0.6416987176336735,0.2747716734936171,0.4372514644957389,0.046088991084755136
0.0,0.18982387475538134,0.6463934092639878,0.6400445186004509,0.446557356898708,0.3802847793501973,0.09711859589284436,0.3688558538569631,0.6517141989117088,0.327495680114992,0.4269861141844147,0.12978102189780946
0.0,0.2230919765166337,0.6476172261896735,0.6363182461658022,0.4471419470156499,0.40809035017246703,0.15041213671569642,0.3349530360180457,0.6566438094747775,0.3370472867308489,0.4560946712659299,0.0581995133819942
0.0,0.25505544683626835,0.6488230056488078,0.6217505947489359,0.4513433551832446,0.413696685978406,0.22191430398635653,0.4831373419125807,0.6608862865866267,0.3300213485399396,0.4905655001739478,0.25577517288734153
0.0,0.2902804957599477,0.6515241690462901,0.6148428538178002,0.4520607889577606,0.3841568898269712,0.2601080082427343,0.539997041638932,0.6613114919002092,0.32017349182169696,0.5226190050732307,0.4588013144342538
0.0,0.2704935855620787,0.6546681651767471,0.6006762305381981,0.4531699138394015,0.3510929740749319,0.2325730121509271,0.569255232601139,0.6630380124654864,0.3425288043185037,0.4888779390122708,0.4823924665260678
0.0,0.2361382909328113,0.6607248522597802,0.6078284796674385,0.4521772566387409,0.4827808189736369,0.1801676970084557,0.4277864063308928,0.6654700038201964,0.3883621069149139,0.4624812165557535,0.3547746333807445
0.0,0.2280930637095018,0.6671503105942929,0.6121774387653202,0.4508963914333874,0.4821701116960805,0.15662971647836255,0.3530064344353228,0.67110889989593,0.43159646236747257,0.4772682396788946,0.3103143852077098
1.0,0.2089584692324415,0.6755821497413352,0.6202767245940317,0.4518599078978295,0.307546749131769,0.1250977048248416,0.3130315805044004,0.6746222955638121,0.436514948647556,0.504931092296189,0.20388444749619852
1.0,0.21635138073494212,0.6837295034495581,0.6270950569619858,0.4532511671261441,0.3952388975707016,0.17572656860655125,0.4712817099326974,0.6779826890573066,0.4167120884964091,0.5348319248785527,0.5418117612438078
1.0,0.25135899108501825,0.6896779664978769,0.6336599349671761,0.454097881831742,0.4547570872119857,0.2312406736303557,0.5070408993417647,0.6764591599476497,0.3672679921608518,0.553765614095265,0.5305802148217177
0.0,0.29919547727766904,0.6903914808021181,0.6285459537508109,0.4565760767336691,0.4623178609627293,0.31961912882825244,0.6209082168478667,0.6767320548084619,0.3474003537593604,0.6163593494635969,0.9431065770758748
0.0,0.3009349858664924,0.6914103956634277,0.6274227503164821,0.4567223323361086,0.4646198874323197,0.3107368720244436,0.5309740403816287,0.6699100889604503,0.2785585727787563,0.6161541998903295,0.8336486523539258
0.0,0.2878886714503152,0.693496435834974,0.6275841260608506,0.4586136330746596,0.45801742140924795,0.28586655297377944,0.5677316766511352,0.6641091528804881,0.21580529297304074,0.636159786685982,0.6603602862548338
0.0,0.3102848445314198,0.7053957261126733,0.6461173097232681,0.4615775320846614,0.4609300901838653,0.33249840119377505,0.6595222246875232,0.6578827351003679,0.14419606073331115,0.6363497960098807,0.7719283814537592
0.0,0.2563600782778865,0.7121353142627873,0.6555297142959498,0.4588953335410313,0.4612617722171037,0.31251332338520565,0.6368685748095555,0.6521540232102141,0.0967627269950655,0.6272346175281759,0.4805077311108677
1.0,0.278973689932594,0.7146148458548449,0.6537076737809113,0.4616810456915895,0.3924947849925382,0.3116250977048246,0.5993861400783964,0.6524884324603881,0.0877539611519384,0.6034555589794611,0.5586429193233423
1.0,0.2818003913894322,0.7332506997399468,0.6762288843017311,0.4616251466366394,0.3164574966673689,0.2663255880054001,0.4684342874047779,0.6522092833787636,0.07750306870218943,0.5826656712083741,0.3793614568383416
1.0,0.14416177429876065,0.758764683201,0.7077434447260402,0.450805272888102,0.31939610821964903,0.25211397711930644,0.5679535537312329,0.6577297671660916,0.10495978766129266,0.584011860980483,0.4123473637155032
1.0,0.12720156555772982,0.7921160078830596,0.7481580416121215,0.4525286127275024,0.3599897214485823,0.2387905919135932,0.3734708971229935,0.6607320120240441,0.10412336289834184,0.5464276266869319,0.29576735759828743
1.0,0.11372037399434655,0.8015454297793667,0.7567365353292926,0.4548734007955763,0.4420820167814511,0.2370141405528315,0.3964055913024183,0.6683663353416059,0.1347987441294703,0.5050873379371815,0.3611509775780535
1.0,0.14785823005001064,0.8114162323224381,0.7658166474865368,0.4591499924804312,0.3395786570609299,0.3098486463440629,0.5242807484653502,0.6725011287138489,0.1362694312692771,0.5129859314336837,0.7154083241182984
0.0,0.1222004783648617,0.8170102798528456,0.7700394415887843,0.4597187134205176,0.2765429222583633,0.2819380133766212,0.515723689076252,0.6729056280213173,0.1385946334173953,0.5087659398299347,0.7540408912312082
1.0,0.1100239182430962,0.8223670484881085,0.7704030292561689,0.4577731548439815,0.31138746346938645,0.24778682562492235,0.3602026477331555,0.6731176964178556,0.13928591175342284,0.4820840402208539,0.4793308707620642
0.0,0.11045879539030208,0.8252394213536434,0.7690512551370239,0.4577582178744701,0.3931753016167675,0.24379512835524314,0.3624731898528216,0.6755633605875444,0.1490153282671242,0.4831373803774273,0.4774311090867688
0.0,0.12198303979125864,0.8273024082455747,0.7728963380126366,0.4554599747108372,0.4173909849402264,0.2593183955151062,0.4305672657347829,0.6772902507835981,0.13476436148106047,0.5188992294050627,0.409246185379185
1.0,0.14894542291802554,0.8356698933267346,0.7915007114654075,0.4550462184126314,0.4113755557319256,0.29524367094221793,0.5023223134383551,0.6784221070993364,0.11108832905872773,0.5519389104124685,0.7263493509451144
0.0,0.12698412698412692,0.8368082623324247,0.7928335612779672,0.4531510464001222,0.4224496222797057,0.3149959394089191,0.6270468160639004,0.6774364337762253,0.09137381834122517,0.5630699853285388,0.9153268048280568
0.0,0.1772124374864099,0.8386060487019318,0.7893102856945542,0.45529043201115793,0.3988491204684187,0.3323687834469293,0.6114488573330377,0.6747298351534898,0.07386872241973974,0.5543604067316535,0.9395809610567064
0.0,0.16177429876060007,0.8334210204620005,0.7753213427494409,0.4529584649141272,0.3179171981703445,0.29140446598218483,0.4367206567561568,0.6729348043928223,0.06503604856889439,0.5234290990187134,0.7661125028467315
1.0,0.1435094585779516,0.836410441210619,0.7777144248160186,0.4502229894368297,0.3636595071984357,0.2500043579061131,0.3859034095111308,0.6745607266558578,0.06895431501044152,0.5498057387515051,0.6126564222265446
1.0,0.14437921287236344,0.8413223938868724,0.7817922212648069,0.4503517866903696,0.3920530381117198,0.2530548921854026,0.3576288736040233,0.6764620391574674,0.06804198004250689,0.5388785840046598,0.5945325292543635
1.0,0.1582952815829527,0.8468377197173238,0.7868665074062908,0.45216550100564795,0.38545158486981945,0.2844318162009516,0.3421492493158791,0.6792108628774765,0.0695620352553436,0.5336975679219442,0.5822934928328343
1.0,0.1539465101108935,0.8527281513451364,0.7796658835654069,0.4552874440825903,0.3860209761899822,0.27745916641971863,0.1942755713334809,0.6795819826548826,0.04404451510131169,0.5153297546706406,0.35770954409412725
1.0,0.1526418786692757,0.8594962048770256,0.7737784582703051,0.455248384564819,0.39442598536970985,0.28486760681227885,0.14586938835884894,0.6836360316441865,0.030404343469022318,0.4796945850023571,0.2106329188781623
0.0,0.16764514024787985,0.8671830820861359,0.7658745098459132,0.4572778468225575,0.2833657526014449,0.3262677148883503,0.07951334960431877,0.6896142810268633,0.02769496526390114,0.4851058356052829,0.09836669170385423
1.0,0.0995868667101542,0.8692374924167368,0.7627737791069108,0.4508986581326186,0.484215392927069,0.20206739066013535,0.1177723541158201,0.6990530845236662,0.04412824712316349,0.5000298656309519,0.10256126482213493
0.0,0.26875407697325504,0.8700012208410373,0.760082955696602,0.4679376176625437,0.4890051548007424,0.4708849151765246,0.20804674210487376,0.7070320535490724,0.058842388134596864,0.4865803075399328,0.2091458972230224
0.0,0.2696238312676667,0.8662121202899931,0.7566012290765992,0.4678518120955802,0.4752890703565913,0.4479596515359928,0.1326529102877001,0.7123609279533556,0.06260305017628638,0.4070222563412821,0.004913505362498248
0.0,0.3000652315720809,0.8619455855284333,0.7497262261249111,0.4717898432785382,0.4867031079967533,0.5254470426409904,0.2762443606242145,0.7233778029388434,0.10807448034652156,0.4778783118057048,0.2316228601960505
0.0,0.3146336160034787,0.8568272524248304,0.7423963224059422,0.4734250618154697,0.4874820192872859,0.5011462631820265,0.2562162561940682,0.7278127812147093,0.13237383638474026,0.5229170226109794,0.19765116378026487
0.0,0.3250706675364207,0.8517560961370396,0.7341943988848171,0.4728960858121768,0.4867983495021248,0.5011462631820265,0.24794024110642696,0.7328316256930241,0.15962395044063155,0.5120366383760219,0.1501425471256546
0.0,0.314633616003479,0.8509251502806077,0.7345654267516486,0.475303497062378,0.4823085972216595,0.4901421366345715,0.2575918940906732,0.7378498851603803,0.17951635966517626,0.5179455333924333,0.20969320454448734
0.0,0.35029354207436386,0.8531347485190208,0.7406833419456893,0.4760953139487454,0.4825316628969714,0.5584594222833565,0.3676059463057468,0.7427148199074136,0.1972747064545175,0.5455509299659576,0.4086634611293145
0.0,0.3485540334855402,0.8531964674806893,0.7415843105572056,0.475919772201836,0.4944665569589194,0.5648784961027055,0.3688188743436137,0.7436480395288441,0.19272739031889652,0.546367061078349,0.41470575720182135
1.0,0.3072407045009784,0.8523281385672421,0.7400260199176913,0.4702010606149045,0.4994223113072746,0.4759284731774416,0.3031210709267064,0.7465785661720616,0.2036353209091082,0.4638705909103169,0.15512105867835474
1.0,0.30832789736899313,0.8607432869797842,0.7509125257702467,0.4702398120895237,0.4936882744814272,0.4617148097203118,0.2888469787737593,0.7539551969366722,0.23071288730011086,0.4565867321631771,0.24494702353091385
1.0,0.24961948249619464,0.8713796294821945,0.7628828474763946,0.46696942398326,0.4774048524424122,0.4378725355341588,0.23263072257969056,0.7604614165653432,0.24653115843257886,0.35858006335178344,0.06269945959746448
1.0,0.26918895412046084,0.8782138669072133,0.7677955751724594,0.469639843675785,0.4875756384572487,0.5002292526364054,0.2973300791361587,0.7702871192963292,0.2781124714429196,0.3915987541857184,0.0010019060651968491
1.0,0.313546423135464,0.8772239610724277,0.7585366927191742,0.4714586443082612,0.4884963113198561,0.5281980742778543,0.3935581687744992,0.7800570717879289,0.3065640262064282,0.4661115786159439,0.08976798653297308
0.0,0.30658838878016936,0.8718317925357999,0.7418848718826926,0.47070068090562395,0.489029944761869,0.5350756533700137,0.3980400857924709,0.7857062505732109,0.3199551031093827,0.4704673719159299,0.14751518700139055
0.0,0.3337682104805393,0.8675669639472039,0.7291766445002562,0.4703791790686905,0.4956387741118909,0.5699220541036224,0.4495969233044893,0.7911544321218527,0.3256333264497091,0.4763968707627438,0.16492364645996996
0.0,0.3594259621656881,0.8594098622871078,0.7110890681547875,0.4698182630094342,0.4962550865306834,0.5717560751948646,0.4836032837807851,0.7959143894084619,0.3329209648503891,0.5152819365741238,0.3238399634724033
0.0,0.37138508371385065,0.8475363344856213,0.6920536249774887,0.4675800700075308,0.4892888133179846,0.5809261806510775,0.504171289105836,0.8000429777897291,0.3529764154282741,0.5415338597789385,0.8206152616859803
0.0,0.39095455533811696,0.8398137149874394,0.6784527084171863,0.4699476557408642,0.4859233209210652,0.5593764328289776,0.4484579542933215,0.8016037042470456,0.3731569676592758,0.5229035089995381,0.639603457041182
0.0,0.38834529245488136,0.8366794420003112,0.6725864114746954,0.4695944198097544,0.4893288597364911,0.5502063273727648,0.4399822498335921,0.8029643286162005,0.39032412377132375,0.5142162597276443,0.6527116587323821
1.0,0.38030006523157184,0.8372152597478317,0.6741263547724002,0.4686816188963286,0.4909191535050907,0.5667125171939477,0.4471858590340949,0.8036361725132659,0.40826230418491705,0.4732167932418301,0.5805652981225484
1.0,0.3868232224396605,0.8311786219278163,0.6693296371500544,0.469457557102886,0.4914970711880409,0.5575424117377348,0.40378670216699897,0.8035642111333974,0.4150055442827158,0.4733887483111862,0.4633578906552918
1.0,0.4222657099369427,0.8187509908636148,0.6575213018939428,0.4738992948684054,0.4919668507094862,0.5566254011921137,0.40137563789660535,0.8043944744765399,0.4286945768442677,0.4688739686703083,0.3711059619699159
1.0,0.436181778647532,0.8056152366750764,0.6682116809358517,0.4756341413629706,0.4916789434102614,0.5465382851902797,0.4241624140226312,0.8046693482899205,0.4180565040748844,0.4450857736165639,0.441943433005994
1.0,0.4459665144596651,0.8017952542426999,0.6875401321368902,0.4768607761488452,0.4867703223768815,0.5378266850068777,0.4717920272169219,0.8035573844149557,0.3914242158695857,0.4550797347940324,0.5296995108315873
1.0,0.4333550771906935,0.8007319236208508,0.7101311226118383,0.4752784625811497,0.4877470852365315,0.5396607060981202,0.5101397825604612,0.8015502136140908,0.35690453632757124,0.5004929661995705,0.4887270587369891
0.0,0.4483583387692977,0.8011635476123969,0.7095503522809536,0.4734451555565297,0.4863619516214787,0.5621274644658415,0.5242437689520008,0.7999671354831479,0.34123017973106234,0.4659582807898837,0.5436757512229227
1.0,0.4474885844748858,0.8011654545215299,0.7119519593289474,0.4733256673591187,0.4904787447163796,0.5474552957359011,0.4966940315065456,0.7981636951817346,0.330255273536477,0.4344580585958861,0.34054213100886405
0.0,0.4429223744292234,0.8003753612179718,0.7122460278631267,0.4727689828275123,0.4869558848970537,0.5653370013755157,0.5265069151689962,0.7982626744678525,0.327896653067966,0.4180285306195371,0.3449556806061269
0.0,0.4485757773429004,0.7977459934956992,0.7102077619776852,0.4734684924049972,0.4869767486613356,0.5570839064649246,0.5035500332815626,0.7985693172610533,0.31629749371515625,0.3927648396001675,0.22292103424179086
0.0,0.4794520547945204,0.7891231462774444,0.6981406833934392,0.4736256624661235,0.49068255625098295,0.5910132966529115,0.5465572073071521,0.8005561291185004,0.31354306434426144,0.446397826739767,0.44918901026150265
0.0,0.5040226136116548,0.7841755550578959,0.6934825468340617,0.4729881676959679,0.4881687216589994,0.6020174232003672,0.5513497522372605,0.8013824621988709,0.311485648706106,0.4521452329209159,0.4136967155835093
0.0,0.4822787562513589,0.7796304001060026,0.6881625653076306,0.4739741207032177,0.487602694836703,0.5836772122879414,0.4711411877819681,0.8023875939312384,0.3167689551781479,0.4000426217168635,0.2086873367906128
1.0,0.4672754946727549,0.7768658193666171,0.6930875350271524,0.4720859882980422,0.4852866722779922,0.5281980742778543,0.496339028178389,0.8062041575408878,0.34146150897400834,0.3817656217217463,0.2592503700147988
1.0,0.4711893889976081,0.7691556687701624,0.688741857714164,0.4725905584893749,0.4796347498387783,0.5121503897294819,0.4954958952740184,0.8093195115488994,0.3603922022179286,0.3807719150344308,0.2981319252770103
1.0,0.5105457708197434,0.7616718303214203,0.6868311451314775,0.47391860344645703,0.4888183607856082,0.5584594222833565,0.4377856667406255,0.8130807897864307,0.3942148647326886,0.3623563449228701,0.22924916996679684
1.0,0.5359860839312892,0.759222559106715,0.6830226373582723,0.4734503351023168,0.4917421576860824,0.5887207702888584,0.41831225501072383,0.8177727833121868,0.42672614179965707,0.3449493497982661,0.29329173166926586
1.0,0.5127201565557726,0.7622673556015718,0.6919519448727481,0.4741321504676968,0.4865850592270109,0.5804676753782666,0.4642556023962722,0.8212837960370023,0.4561993221669629,0.34380527140619177,0.5302212088483514
0.0,0.4953250706675363,0.7684788979460606,0.7013090066576259,0.4756183273349462,0.4942671903536472,0.5745071068317286,0.5141705495155686,0.8218279672484661,0.4571392692755509,0.3548517896149413,0.7596703868154726
0.0,0.5020656664492279,0.7699825797673112,0.7088483632943141,0.4764561993420257,0.5061104913432445,0.5988078862906924,0.5518674654241554,0.8201451564266597,0.4623768642326964,0.3520952432004719,0.8616744669786793
0.0,0.5094585779517287,0.7704510613967788,0.7092891365992929,0.4736453452817321,0.5215068563138432,0.6006419073819352,0.5553657273870277,0.8168237758929053,0.4665618538087319,0.35628067207359576,0.8261130445217798
0.0,0.5118504022613611,0.7719969592282601,0.7198008499427753,0.4738992983440004,0.518461472729956,0.6286107290233841,0.6124916796094964,0.8140710806318958,0.4642222065052735,0.3756436044857636,0.9760390415616632
0.0,0.4966297021091541,0.777365409719402,0.7373470700850159,0.4757141845269101,0.5230252089733156,0.6194406235671712,0.5955106870793581,0.809379662911063,0.4504210013129185,0.4131256760448577,0.9684469103384024
0.0,0.4822787562513587,0.7790713520373185,0.7557812690588503,0.473895861013441,0.5143813223843654,0.6226501604768453,0.6033799275201539,0.8066195166905656,0.4434641390284444,0.4221869298314393,0.9542457805907181
0.0,0.4872798434442268,0.7796853471611476,0.7626544146975517,0.4745200852289651,0.5033000433135898,0.6130215497478222,0.5223060424524816,0.8045225682166066,0.4551991194161914,0.3647479549838247,0.8311132031066125
0.0,0.4790171776473146,0.7730148730675097,0.755571469953553,0.4772302498409904,0.5121404318279209,0.6061439706556624,0.4361733599585832,0.8041030566540182,0.4591830713819946,0.30778252103981546,0.4880333433592581
1.0,0.5072841922156988,0.772729778023673,0.7614195494355954,0.47700100403337203,0.5199849348037392,0.6162310866574964,0.4394645366466978,0.8040980660342558,0.4586174529046753,0.3123352268650258,0.4702874575688567
0.0,0.4883670363122416,0.7750410627052391,0.789697568400135,0.4746097738507549,0.5125270387279501,0.6267767079321412,0.4662007247984615,0.8037635221801421,0.43160647482990655,0.3480996855989113,0.3930305504232352
1.0,0.4618395303326811,0.7824605147440459,0.8321611261485211,0.4751070547638454,0.497643663239046,0.6134800550206331,0.4189187190296578,0.8039510722011819,0.4146562299506157,0.3353653340461253,0.22498173849525105
1.0,0.4546640574037835,0.7841987882194488,0.8508607953150475,0.4779721677108574,0.5038985948016055,0.6070609812012842,0.4190962206937351,0.8069160170824401,0.4051446529362667,0.33556114245260377,0.2157865337515552
1.0,0.4531419873885627,0.7825751644288248,0.8394489516432043,0.4777798532408912,0.4987718972905851,0.5873452544704264,0.4089712299386137,0.8102691111975981,0.41522808501241787,0.32656491296045315,0.2194675613263032
1.0,0.4220482713633398,0.7808722816615115,0.8290683550528457,0.4776330574012483,0.5004763991519784,0.5254470426409904,0.3752089342504252,0.8136144273625279,0.42374598181657774,0.333613270703019,0.14918739924186594
1.0,0.4372689715155467,0.7839461526864301,0.8364200166016126,0.4795377641082249,0.50162022133894,0.5625859697386517,0.4274831743214261,0.817113532788903,0.4345018228395969,0.34460601678721986,0.1728459530026113
1.0,0.4235703413785605,0.7864446037684356,0.8604823445391756,0.4816038768417358,0.5109180496725941,0.5607519486474095,0.45362769025959604,0.8186720705724595,0.4309775681242387,0.3817924520252608,0.14905715114592213
1.0,0.4416177429876059,0.7869409374352019,0.8712513717092693,0.483834808466525,0.5233196513523439,0.6020174232003672,0.4542933214998886,0.8208956648699497,0.44176834746842697,0.3826158143710866,0.21206846533216936
0.0,0.4744509676016526,0.7819460677274916,0.8684702391566078,0.4841169731446389,0.5261343027760438,0.6529115084823479,0.4907773093706089,0.8221380357599499,0.4454895353253029,0.4239514924529144,0.5648970118944008
0.0,0.4894542291802566,0.7778720057991837,0.8602920913869241,0.4822109454363169,0.5290071720274112,0.6565795506648329,0.5928629539235264,0.8221063027998896,0.4525274632324541,0.501419316236916,0.8105599071656528
0.0,0.4696673189823876,0.773674253012218,0.8465638829891279,0.4835241322458349,0.5248629018452604,0.6373223292067861,0.5521780933362915,0.8196633995315259,0.4408607903388944,0.4974744025887039,0.7937917029300837
0.0,0.5029354207436397,0.7723950834042927,0.8387104838773984,0.4838457608018919,0.5277474557015084,0.6891334250343878,0.5553731232896971,0.8184487143059436,0.4411588836107944,0.500836346638715,0.7350159559036831
0.0,0.4972820178299627,0.7699409649433768,0.8311892134286076,0.4869071316731819,0.4962336872762211,0.6785878037597429,0.5597662894756306,0.8157602221952359,0.4155923287077376,0.5055602558838033,0.5872352770525062
1.0,0.4042183083278973,0.766361855465628,0.8197029187799098,0.4786854431636871,0.4979912888796846,0.5006877579092159,0.5875231121958433,0.8127894174190728,0.3857551160769634,0.5323974412425987,0.561895901173308
1.0,0.3968253968253967,0.7715991089368472,0.8199319638579057,0.4775951651590058,0.5027160104193336,0.4525447042640993,0.6130167886990607,0.8113247407327995,0.3706127415240131,0.5555725382932883,0.4763446738719057
1.0,0.3666014350945857,0.7714484534843341,0.8116154880385844,0.4739339611249274,0.4917283210346045,0.4598807886290692,0.5809185711116045,0.8111684917471462,0.3739038591770113,0.5177891666441906,0.5568948525509826
1.0,0.3655142422265709,0.7781820287702654,0.8324506363397872,0.4735628797446903,0.4944594668949949,0.4080696928014674,0.5913541897788626,0.8119659644722035,0.3959203718070109,0.5267296669046139,0.5385508592661399
1.0,0.3483365949119373,0.7778824333224934,0.8429604569001609,0.4715276404677817,0.4965098740112036,0.4163227877120589,0.6555062495377559,0.8121026546529873,0.4027333584612624,0.5468294496018218,0.7677327317364468
1.0,0.3592085235920852,0.786117351317861,0.8632593276153238,0.4691859326381104,0.4849571164484772,0.42365887207702896,0.7221359366910732,0.8116835291506219,0.41638731045686944,0.5728746847658671,0.9625354717342092
1.0,0.3318112633181123,0.7869730969120792,0.8619229528303998,0.4695681041786349,0.4792395744272017,0.4126547455295736,0.6527253901338657,0.8089322623812851,0.4019055866093637,0.5299784536422018,0.936342740390756
1.0,0.3381169819525982,0.7934301977728744,0.8689345508831194,0.4702212966517226,0.4803560308464317,0.3888124713434206,0.6289919384660894,0.8088763718255416,0.4154565951717813,0.5132372201411136,0.7635359468777942
1.0,0.3228962818003911,0.8001343834193939,0.8804060072169543,0.468508674523359,0.4670268335338664,0.4011921137093076,0.5679905332445825,0.8095884817363264,0.4234362127203923,0.448882628717924,0.8468003207698469
1.0,0.29332463579038925,0.8060672065418277,0.8927402680636836,0.4686665643770877,0.4721563800540037,0.3851444291609356,0.5422453960505883,0.8107845673349738,0.44730108117252615,0.4774384735701002,0.8391659983961526
1.0,0.32137421178517045,0.8076145738045097,0.8963576768545893,0.4684312415925229,0.4771296184246763,0.3993580926180651,0.5250942977590414,0.8101363831165305,0.4541613958460722,0.463470463451444,0.8938893344025663
1.0,0.3235485975212,0.8035438685447502,0.8914475970363106,0.4686721432705137,0.4796460326046048,0.3952315451627696,0.5570667850011096,0.8089480071570665,0.4625132203178896,0.4377837745400008,0.9885805934242198
0.0,0.3368123505109806,0.8055196734456125,0.8990701216904069,0.4666170482523221,0.4746751929412331,0.4094452086198991,0.5171067228755267,0.8059459770400849,0.44988185644472706,0.4573438754933868,0.9879829787234052
0.0,0.32724505327245035,0.8027523800146295,0.8992806067268422,0.4655185124082918,0.4782490502982684,0.4117377349839525,0.4777531247688784,0.8038036435715796,0.4390440849504645,0.4764733441695743,0.8688286040952096
0.0,0.3650793650793648,0.8007831885644023,0.904811053825328,0.4664968145623147,0.4725236125843608,0.4319119669876204,0.4771392648472751,0.8018158843896468,0.4265008182352218,0.4760745349662101,0.8746393827574644
0.0,0.3570341378560554,0.7964987595138631,0.9029843316116865,0.4654047260228195,0.4603507275696968,0.40990371389271,0.5079358035648252,0.7992134084993321,0.41186847672958377,0.4503510058847551,0.8496207746808571
1.0,0.3402913676886278,0.7999519477961474,0.9162136727585836,0.4668688991269629,0.4708983941519104,0.3755158184319122,0.4316248798165821,0.7952650974352424,0.3949723100835635,0.4333092114604871,0.5509535253909306
1.0,0.3402913676886278,0.8016009180646622,0.9131053265711536,0.4669943435272596,0.4645703465632426,0.3993580926180651,0.486184453812588,0.7949393120990325,0.3808819569854848,0.4301600357592675,0.7136302631168266
0.0,0.4192215699065012,0.8048793488464598,0.9157084964238416,0.4731403455145963,0.46585524648735704,0.5346171480972032,0.4802159603579621,0.7925409415950115,0.3707135384536818,0.4245197978619861,0.6685289803052538
0.0,0.3922591867797346,0.8114666977338825,0.9190411480775632,0.4734498956051233,0.4669796482599937,0.5002292526364054,0.4528880999926039,0.7916518424649809,0.3755388206725044,0.4470186759256587,0.5704922126158729
0.0,0.3468145248967166,0.8216163964472171,0.9356839078268412,0.4717610483576554,0.4712285446420277,0.488308115543329,0.3742030914873162,0.79151985344924,0.3955684713017456,0.42055669003689616,0.4108430350510315
0.0,0.3178951946075232,0.8303584418286274,0.9402682994355454,0.4716037481119675,0.4682898262230282,0.4300779458963779,0.3357296057983876,0.7930255692102439,0.4188558947793716,0.36491144540097337,0.17915665282936571
0.0,0.3107197216786255,0.8312051120511397,0.9357193973996312,0.4743714746562791,0.4582584880010369,0.4176983035304905,0.3907107462465794,0.7959520234538578,0.44645191603269707,0.3714298535283893,0.3384000749087049
1.0,0.2878886714503152,0.8300100760496942,0.9381035484689102,0.4710297746402439,0.43939684722238587,0.3548830811554333,0.3865542489460833,0.7963787981600698,0.458311061512099,0.36428589619359053,0.2251006585723644
1.0,0.2978908458360511,0.826541845672172,0.9307967040424896,0.4722769079759641,0.4328952271469717,0.35350756533700145,0.4330670808372159,0.7989088496502197,0.4761928504515405,0.423119805261216,0.1699803364649333
1.0,0.29397695151119785,0.8188733610422769,0.9169365769692591,0.4714488444383422,0.4462979600981647,0.3122420907840441,0.393358479402411,0.8022122591186684,0.4935205871539475,0.4269099103573339,0.003162992982109439
1.0,0.3407262448358338,0.8140866087448764,0.8886409620645788,0.4738278681600543,0.4278379667841245,0.3489225126088949,0.4745285112047925,0.8091351436179293,0.5301363455361616,0.4597358682252621,0.2255489021956108
1.0,0.3287671232876709,0.8096424897500416,0.8720520123155833,0.4758919221016673,0.4497643776479059,0.32737276478679506,0.4394571407440284,0.8130933388583157,0.5550162059235522,0.4692981567631591,0.1469917308240684
0.0,0.3526853663839964,0.8116525117748665,0.8712529825086384,0.4753220570454768,0.4460109051442852,0.35580009170105475,0.5238074106944753,0.8188306172027155,0.5973733045683387,0.5181520429269354,0.31074449201211
0.0,0.35203305066318763,0.8098842649357579,0.8632736997730529,0.4752692627932448,0.4665178588832957,0.3613021549747824,0.5468826270246283,0.8203688314865631,0.620486476736959,0.5524997883970199,0.4800563850892756
0.0,0.39269406392694056,0.8112869575897097,0.8593859403490468,0.4768840158489544,0.4613325419260921,0.4131132508023844,0.5931218105169739,0.8209299664414895,0.6383130855070827,0.575322665343606,0.7239486416077403
0.0,0.3926940639269404,0.8109047295703533,0.8462325756400187,0.47692971090740205,0.4605036043744728,0.427326914259514,0.5874491531691446,0.8197008169955609,0.6292743605525243,0.5687548346271672,0.6601693338295489
0.0,0.3946510110893671,0.8114147158269844,0.8411960774764975,0.4753929896339945,0.4608635171648479,0.427326914259514,0.6267287922490941,0.8199857129247663,0.6259101496661064,0.5907244695526984,0.8279214737625615
0.0,0.415959991302457,0.8095244105306811,0.8339032809368128,0.4744596235056386,0.4631035246961742,0.45025217790004585,0.6026033577398122,0.8193218187551652,0.6107163673461647,0.536513395510418,0.8919333829549662
0.0,0.4048706240487061,0.8069812434346817,0.8282802234379387,0.4729234469394886,0.4573841234738499,0.4140302613480056,0.5925375342060495,0.8178280612426712,0.5917454876418893,0.5166899862023207,0.942128768142908
1.0,0.3905196781909109,0.8116744990920504,0.8360906349983008,0.4709158692728325,0.4616538779949145,0.3764328289775332,0.601124177205828,0.8156396155150261,0.5862956126600134,0.5272292024424724,0.8085944830174507
1.0,0.3737769080234832,0.8158573187358913,0.8443095553585862,0.468884942826093,0.4625167171900954,0.39477303988995865,0.5821980622735005,0.8133796296083801,0.5943602498082637,0.4940239356554943,0.8437324075811578
1.0,0.3866057838660576,0.8208317974412269,0.8533617227743903,0.4668380943347421,0.4545493268222984,0.3970655662540121,0.5818948302640338,0.8124083682159307,0.6170488056585304,0.4940705225738165,0.7421655094764492
1.0,0.38464883670363104,0.8225615316458903,0.8634470814086043,0.4702994110997636,0.4597181018745846,0.3961485557083905,0.5340285481843058,0.8104052160328845,0.624700221691714,0.4784094460026543,0.7122349408894718
1.0,0.3666014350945857,0.826444926584073,0.8782856875614858,0.47162793365252503,0.4577900561420614,0.37597432370472267,0.5839878707196213,0.808280662070666,0.6255466135586611,0.4800969570294613,0.7382248076562196
0.0,0.39008480104370497,0.8308784696116263,0.8972373429995999,0.4710309133939406,0.45505245437572206,0.4245758826226504,0.6629761112343757,0.8042226220984721,0.631668914171541,0.5187502614467978,0.9973728654531788
1.0,0.3674711893889976,0.8320497955401471,0.9079812507880848,0.4716335314089822,0.44513333060611615,0.3823933975240717,0.6633311145625329,0.7981493896884313,0.6248086735282217,0.5196848339861626,0.9555119118777252
1.0,0.3587736464448792,0.8350850010181308,0.9199198457148692,0.4703460233998054,0.4496079311664255,0.3530490600641908,0.6690333555210413,0.7919559153499709,0.6026144401310909,0.5251271550093154,0.9917447676394899
1.0,0.3522504892367904,0.8349198237991242,0.9155097555261158,0.473228815162401,0.4501140556608857,0.3521320495185695,0.7015753272686938,0.7861459925142076,0.563729987534229,0.5519214222644839,0.9991421021927868
1.0,0.3679060665362033,0.8364440873671652,0.9139825379676312,0.4752832720868643,0.4488142767715883,0.3498395231545164,0.653583314843577,0.7816091226263129,0.5348518773381196,0.5151744054972408,0.774492700394823
1.0,0.375081539465101,0.8408867076206015,0.9188444570434336,0.4762886288068093,0.4444619401839796,0.3723062815222377,0.6463649138377341,0.7800806272921743,0.544198428775764,0.5021805180301468,0.8267376733082369
1.0,0.3381169819525982,0.8481324533698826,0.9434951181012459,0.4751205064434451,0.4495505813400632,0.3402109124254929,0.6615560979217519,0.7786392457068751,0.5443013369943439,0.515940578837562,0.751813423928016
0.0,0.3485540334855402,0.8531876890804249,0.9583066552433984,0.4728232918164594,0.4315936608413814,0.3617606602475929,0.6597441017676203,0.7775345138432956,0.5471994516200823,0.5115788146581466,0.8294922413001558
1.0,0.3489889106327461,0.8347675469522065,0.9372006539750796,0.4727529290568428,0.44332146689487945,0.33883539660706097,0.6431994674950074,0.7748588271086105,0.5222946632405123,0.5429831856300429,0.8088329813607562
1.0,0.4516199173733418,0.8145384740642791,0.9126367885640678,0.4831639994331644,0.4435368338941554,0.3402109124254929,0.7079505953701651,0.7720073667636127,0.4939785747478895,0.5403941381494961,0.8125975576163816
1.0,0.4685801261143725,0.7956791764072024,0.8950492419837857,0.4817402526593476,0.4344076312375741,0.3516735442457588,0.6846165224465643,0.7688756121960338,0.4744457801041313,0.5719054330938398,0.7846661680893311
0.0,0.4927158077843008,0.7950803157972475,0.9030634707297512,0.4812874965700704,0.42982001944510456,0.39889958734525455,0.650166407810073,0.7682270619337785,0.4599500212210966,0.5795795840091579,0.769089924439745
0.0,0.5090237008045226,0.7946570130761392,0.9105940594637972,0.4797691848400647,0.4348130299428661,0.4259513984410823,0.6138081502847428,0.7684281934175667,0.4591609374960735,0.5926655205678429,0.7251205611573888
0.0,0.5003261578604042,0.7957109456248341,0.9198395291368124,0.4786489780595539,0.4422866184715746,0.3929390187987162,0.6119961541306116,0.7702181002557584,0.44563284038727735,0.5896438107685893,0.8447275446785463
0.0,0.4779299847792997,0.7951115447280284,0.9176283550773341,0.4793211698519903,0.4223713841012608,0.3631361760660248,0.5545151985799871,0.7702244794764288,0.4432828527037286,0.5363519302354607,0.9076514428656174
1.0,0.4564035659926069,0.7948344957655031,0.8985890641866254,0.4763129455402664,0.4475330630229124,0.2865657955066483,0.5087567487611862,0.7674430642740147,0.424969761446636,0.5506805776844798,0.7999329499445547
1.0,0.4805392476625351,0.7960016387942037,0.8887001332165875,0.4759855932530438,0.44129681330641934,0.320953690967446,0.595421936247319,0.7639328345115974,0.3950669263677074,0.5666492445350451,0.8852412512571884
1.0,0.5090237008045225,0.7987362430006062,0.8865767185487596,0.4798893857822947,0.44506759151802905,0.4025676295277396,0.5984394645366466,0.7586786331415865,0.3516003539352488,0.5689418549774802,0.8409191800496145
1.0,0.5005435964340074,0.8024590546013943,0.9055183045138148,0.4787573747390605,0.4505477754411486,0.37689133425034416,0.6209082168478663,0.7540547630238326,0.32386138183245183,0.5877780516083727,0.9932628280454371
1.0,0.4770602304848878,0.8081858741425387,0.9164298079919376,0.4792111485811057,0.4268952962688154,0.3347088491517654,0.6192367428444641,0.7475502887566474,0.2800509095318641,0.5876982030686534,0.9773438939031126
0.0,0.4453141987388561,0.8136244584543988,0.932035441428142,0.4784438063919349,0.4251486811238085,0.30765703805593764,0.5749204940462989,0.7402361302295517,0.2237787080246418,0.6045581791112958,0.8190581445324503
1.0,0.4387910415307674,0.8203744709204379,0.9347559811188758,0.4774830934849673,0.28048436250574965,0.2755616689591933,0.6383477553435397,0.7348614831101359,0.18899966252144376,0.647008228949677,0.7494013630502849
1.0,0.4131332898456185,0.8235904954591451,0.9297410407725106,0.4774865157244595,1.0,0.23796423658872096,0.6368389911988759,0.7310145840985347,0.17669827472078048,0.6466609026634993,0.6541413397187942
1.0,0.3687758208306152,0.8272960789823856,0.9251987380864009,0.4705792980046198,0.4235046341306298,0.13938560293443406,0.5017972043487907,0.7298357956202175,0.1869421133613287,0.5967685373727271,0.4248787376435185
1.0,0.44009567297238505,0.8313683218119516,0.9266057718650624,0.4773352906053879,0.4469732734925217,0.1427032848680667,0.4763700909696026,0.731206350993385,0.2031656327431723,0.6297178755213705,0.3768035856818317
0.0,0.4570558817134159,0.8333687035113435,0.9352121695252518,0.4798516651918671,0.4547213998259394,0.18955304254173413,0.5397529768508244,0.7307557988974476,0.2052342061439765,0.6227432394637058,0.4591698900963953
0.0,0.4481409001956946,0.8359635668356349,0.9425177155438728,0.4785219756432094,0.4745340910430487,0.1593968766828218,0.5444123955328746,0.7307208580725082,0.2194324441766018,0.625971365637612,0.3209615030392331
0.0,0.4770602304848878,0.8398835499685102,0.9582680840416108,0.4790939380496151,0.4576224371451207,0.222940226171244,0.4765623844390208,0.731876879470041,0.2218800005198737,0.5824836307577068,0.4063977405292571
0.0,0.4605348988910632,0.8435149961325417,0.9795645443770716,0.4803632435056327,0.4406320313192942,0.19924609585352732,0.5410842393314106,0.7344189915398884,0.23095301149988,0.5721399348394468,0.4543500951679256
0.0,0.4470537073276799,0.8485937682730844,0.9939033934068175,0.4783425673607734,0.4460630871004935,0.16424340333871862,0.4363508616226608,0.7364486864329742,0.2210364564603394,0.557571644306621,0.189353472094308
1.0,0.435746901500326,0.8529500995051391,1.0,0.4803505615666278,0.4413171100048969,0.1427032848680667,0.3393683899119887,0.7407042894275968,0.23324867395015175,0.5090941907280292,0.16991044020380394
0.0,0.44857577734290055,0.8515441188044583,0.9898775854572336,0.4822985293383466,0.44175768760790257,0.1760904684975769,0.4810073219436434,0.7469678093725678,0.27947238263683044,0.5395713343680885,0.2982056394189688
1.0,0.4744509676016523,0.8442146737130853,0.973371067206322,0.4862297398682809,0.4339855914570388,0.15831987075928905,0.4044301456992821,0.7510926752079337,0.3169325502449177,0.5051718978360406,0.3998227792018722
1.0,0.5164166123070232,0.8363450177728371,0.9609403967612788,0.4889028888077102,0.4546846701276447,0.1954765751211633,0.3520227793802229,0.7573702087551364,0.3673134241378492,0.4851026339065171,0.4811569521507434
0.0,0.527288540987171,0.8357916002623327,0.9545015351832432,0.4868313260161927,0.44577329769630336,0.2154011847065159,0.4271651505066193,0.7602583353787521,0.38719647437462507,0.5164352865591826,0.6269274248247788
0.0,0.5129375951293758,0.8390770897504662,0.9666194393686588,0.4883526041526269,0.44671027593883295,0.2019386106623586,0.4540936321278011,0.7589543419859701,0.3854281126865379,0.4788730992536255,0.6723716934207553
1.0,0.4942378777995214,0.8432835388259576,0.9650735370226436,0.48559264671027896,0.42538531052654266,0.1427032848680667,0.3284224539605056,0.7564850610115026,0.3932267906137277,0.4692324317700433,0.4822292561609759
1.0,0.470971950424005,0.8455020055743859,0.968748955284771,0.4857462266939367,0.4514577378223652,0.08723747980613879,0.3132164780711487,0.7573840243769911,0.4251945927264403,0.4601716097190068,0.3864197023271108
1.0,0.4822787562513589,0.8468164808983847,0.9593782938139884,0.4837947208351803,0.39909564665528335,0.1012385568120626,0.3372457658457215,0.7578007905469528,0.4525439007714184,0.4212379934966111,0.4438985280815719
1.0,0.4898891063274624,0.8452795925133172,0.9529175528813921,0.4850065940423236,0.4215983661256989,0.08562197092084026,0.2931661859329928,0.7582259227406938,0.4859894492534678,0.3941661094194242,0.3210673464353257
1.0,0.5003261578604042,0.8465621233691616,0.9283739621593894,0.486663884633305,0.42275984021493607,0.08547008547008557,0.2558686487685817,0.7603818920043572,0.5258578757086907,0.3804891836147216,0.29444712871995765
1.0,0.4881495977386388,0.8495478903491138,0.9137932704744962,0.4884443353350429,0.4299242823837898,0.1073825503355704,0.19946749500776567,0.7613121684785957,0.5315938537566117,0.339850162955471,0.10037400905495553
1.0,0.4901065449010653,0.8533308169849478,0.9098581712945196,0.4887618928556187,0.4320251617531664,0.0996386164171399,0.24305894534427894,0.76508491570936,0.5263510840038603,0.3670758796757832,0.04849591095363345
0.0,0.5372907153729071,0.8540118540906878,0.9136677603116132,0.4924281723350538,0.4437328024469969,0.1874032008260194,0.3362029435692627,0.7700029054918229,0.5253343518812661,0.3617693110127056,0.2416026914335817
0.0,0.5370732767993042,0.8569696783910379,0.9234483929683196,0.4924754051260248,0.5253544820361035,0.1835187057633975,0.3793210561349015,0.7721798560284174,0.5150530976189887,0.338198187834287,0.27510244984878585
1.0,0.5007610350076103,0.8625596690024571,0.9276335407285632,0.4904683643556378,0.4523921348012793,0.132493702770781,0.3732712077509061,0.7733414573988411,0.4947514421112375,0.33370138398370386,0.16483654953917082
0.0,0.5083713850837138,0.8732734976601728,0.9363998766714171,0.4916719789923769,0.4602399921327278,0.1556675062972294,0.3734782930256639,0.7764144517115876,0.4585491315244917,0.33281345546373403,0.0724546370967742
0.0,0.5135899108501847,0.8805894608870748,0.915998424894812,0.4924052132106014,0.4667196513502079,0.20100755667506304,0.5087715405665263,0.7834600455541596,0.4737704500112601,0.3534366132440808,0.18067748881895024
0.0,0.5312024353120243,0.8864602189966284,0.9050683657621759,0.4914503631074125,0.4792245356991118,0.23324937027707826,0.4127801198136231,0.7878184483281898,0.4893502888809826,0.3498113554325332,0.03238363425542461
1.0,0.5122852794085668,0.8875588223101492,0.8967667130203627,0.4885938210436063,0.4888914565762503,0.18337531486146094,0.4345684490792103,0.7971802762287123,0.538732991164935,0.3610796937721281,0.06986771411802044
0.0,0.5238095238095237,0.8912962783396372,0.905269521329554,0.4867088039076897,0.4915572433923174,0.18942065491183904,0.5092522742400708,0.8035360936354248,0.5768117432989791,0.4032413478644423,0.3868346200731419
1.0,0.4896716677538594,0.8964985473745406,0.9059384899194776,0.4850276006181196,0.4864051094527332,0.12594458438287154,0.44144663856223615,0.8037722192737099,0.5832293130231085,0.3553364532312429,0.04602916610230779
1.0,0.5048923679060664,0.9033829860942496,0.9173513613381548,0.4874549257770938,0.4840186865270577,0.17430730478589426,0.6050883810369061,0.8090568648922609,0.6082867868166315,0.4219828874436368,0.35225066594428805
0.0,0.5616438356164382,0.9083425250829203,0.9302175869969544,0.4927297812779448,0.4917416716579698,0.29471032745591946,0.6856519488203536,0.8110828968470631,0.6149351816244715,0.5028303301021824,0.6224434511716108
0.0,0.55294629267232,0.9102467832309652,0.9408949907181242,0.4914320173820782,0.4880889307642184,0.27355163727959697,0.6636417424746689,0.8097221275628972,0.6182986292318343,0.4764983946829152,0.6236173190663229
0.0,0.5757773429006304,0.9169373280771752,0.9481002473523876,0.4913734668336288,0.4869593315862595,0.3214105793450883,0.6817617040159751,0.8082510082501988,0.6332196931501942,0.4888899719988621,0.5867985010609965
0.0,0.5755599043270274,0.9208890133631707,0.9464937801788036,0.4910612245146532,0.4842228062140368,0.36523929471032746,0.7418977886251019,0.8053453082129214,0.6302504051828204,0.5622121313563985,0.780531852453835
0.0,0.5986083931289411,0.9225659392568684,0.9526653577700775,0.4909952900988415,0.4886961788090432,0.3914357682619649,0.7947563050070259,0.7984455055537156,0.6143051403358295,0.5940853694344511,0.796060393960603
0.0,0.6160034790171776,0.918159262624168,0.9467199250870462,0.4900345022819448,0.4802451252296317,0.4045340050377834,0.854944160934842,0.7906312870664622,0.5865822367884984,0.6257814786343822,0.8190052169184493
0.0,0.6492715807784301,0.9074740673721652,0.9367683939884274,0.4915660044753482,0.4645970284555359,0.4554156171284634,0.8629613194290366,0.7820710501855572,0.5581509089499573,0.6296278188954173,0.8252735731603437
0.0,0.7279843444227004,0.8941219590451253,0.9116785509885496,0.5004491798196319,0.4779075904294154,0.5659133709981169,0.9604984838399528,0.7728491014546066,0.5151336710256856,0.6661590631596839,0.9682920024289776
0.0,0.7560339204174821,0.8913417784768356,0.8956691822339079,0.5012443817165668,0.4747105207323917,0.6039525097020572,1.0,0.7631853556010022,0.4793014570015214,0.6834386093236637,1.0
0.0,0.6771037181996084,0.8926873708348131,0.8872257063867135,0.4917406510156408,0.45909181863804,0.5486386144090484,0.8129576214777016,0.7555333827801156,0.4525623251943265,0.5452587797661113,0.9852430016758746
0.0,0.7277669058490976,0.9019715870885284,0.8871299731534539,0.4958677869059781,0.4581174835684641,0.6097051548125305,0.7476739886103098,0.7505715039679395,0.4391791404731476,0.5446297798613264,0.9911473144711682
0.0,0.7118938899760817,0.9023850286348879,0.8946223021662925,0.4967340442564685,0.4737150471243144,0.6070500878384659,0.7976776865616448,0.7457870943503053,0.4338203773157588,0.5685608483593668,0.9875301483039975
1.0,0.6879756468797564,0.905179123603954,0.8974646081954434,0.4968426471202965,0.4724349570626085,0.5782868622861012,0.643169883884328,0.7418327816878048,0.4381753692376968,0.5220972636987421,0.931280836089056
1.0,0.6662317895194607,0.9055565519960148,0.9080172945727342,0.4941134284754519,0.4709545677184914,0.5167778107202754,0.524842837068264,0.7420160272735923,0.4774239023035446,0.5121039334089289,0.8400325381527523
1.0,0.6547075451185039,0.9059785174740459,0.906663407016823,0.4925542512411592,0.4762870402168378,0.4915546744666634,0.4571925153464983,0.7412462475853743,0.5075035988544812,0.529001769090226,0.7279881165007341
1.0,0.6884105240269622,0.9077662946096128,0.9132927704066957,0.4976393558096733,0.4764657155431145,0.5707641725262519,0.5200798757488353,0.7418829473325261,0.5331189454716116,0.510050897057233,0.8308546570231132
1.0,0.6871058925853446,0.9054115365300914,0.9077149917252648,0.4975478189701302,0.4752119850269021,0.5614714381170267,0.4972487242067896,0.7402013513902552,0.5419385767617396,0.4987618845314497,0.8765318573272741
1.0,0.710371819960861,0.9025353766742256,0.8887761822068483,0.4975232159260453,0.4713413543279417,0.5747467729873487,0.5054507802677319,0.736501912589212,0.5273840595487312,0.5027785881427189,0.9882357286645614
0.0,0.7147205914329201,0.8975992097576011,0.8669268947769002,0.4981467914802162,0.4645056530524848,0.5871370855329827,0.5313216478071149,0.7307846016993849,0.503047491442891,0.5154029937155833,0.8745864274685693
0.0,0.6923244183518155,0.8949696351112362,0.8416152387653837,0.4954583222887794,0.4716883922377708,0.5154502772332431,0.4411434065527695,0.7267611727951435,0.485190284366609,0.5203117381881213,0.717226674509227
1.0,0.7058056099151987,0.8887711401749767,0.8297636438122135,0.4938825589322706,0.4700441327881442,0.5358057907010704,0.4039272243177279,0.7266456180826533,0.4848518729257934,0.5037168167723023,0.7323336560062828
1.0,0.7205914329201999,0.8829095352327991,0.8209169122816556,0.4965885068163324,0.47115750917994104,0.5194328776943399,0.4504030766955107,0.7252884241262822,0.4792324644813454,0.4761832689736281,0.7857012717268521
1.0,0.7564687975646879,0.8822590709175415,0.8267166849894898,0.4986373034291273,0.4726511967466943,0.5903102422439439,0.4412765328008283,0.7213118288292379,0.4535925347955001,0.4711787036025809,0.7113471559231871
1.0,0.736899325940422,0.8840984496885573,0.8313118125441847,0.4945992400918007,0.4769434822090901,0.5979600509987253,0.454907181421492,0.7187990943346934,0.445341510835696,0.4283211980891188,0.7195641875888201
1.0,0.6944988040878449,0.8903161995821165,0.8474504728973357,0.4889443137320698,0.4781809915210293,0.5053123671908202,0.4046076473633607,0.7149657788920076,0.4325348821397901,0.4010593534236885,0.5806763108989547
1.0,0.6862361382909328,0.8945960822169639,0.8640069507898189,0.4871495901805254,0.4783331311711455,0.516787080322992,0.40423785222986464,0.7141739254206609,0.4380713378013825,0.3995506603988375,0.4241518784389468
1.0,0.6808001739508588,0.8948540225327859,0.8646210688338684,0.4881760371051479,0.476398481812002,0.516787080322992,0.38407662155166056,0.7158277421768746,0.4477646673471671,0.4380472154112123,0.4041285573734651
1.0,0.6810176125244618,0.8923341830020891,0.8519366777438193,0.4889093328878246,0.4742629251462637,0.4666383340416491,0.352814140965905,0.7193937371516991,0.4628177783957765,0.4171456592693963,0.27096162955945113
1.0,0.6799304196564468,0.8862315887864396,0.8337104555152348,0.4887805683736234,0.4757525679581064,0.4628134296642584,0.3022483544116558,0.7260645036078865,0.4980042762611978,0.3797544090697534,0.000246984728110754
0.0,0.7464666231789518,0.8799982020710599,0.8263155740557395,0.4959171454182911,0.4819164573968897,0.5625790139064474,0.4066415205975889,0.7373230238171942,0.5581025424342951,0.4342462282585805,0.2495730494794721
0.0,0.7845183735594693,0.8671392138734166,0.8145817047397895,0.4985771750911392,0.4736877981207512,0.5986173241154942,0.446128244952296,0.7435785384388847,0.6053352013745908,0.4587350781280064,0.4138963621476199
0.0,0.7997390737116763,0.8552967606049684,0.7995346497392671,0.501730515663077,0.5125451411254831,0.5911580594679186,0.3865616448487537,0.7470769309071372,0.6370624556056129,0.4065163738068646,0.0005308597133359074
0.0,0.8741030658838878,0.8491884960390177,0.7904700139073344,0.5100891606684828,0.5293701927607629,0.7202247191011236,0.5265734782930256,0.7541590049487976,0.6841953990088396,0.4663980284879597,0.12230532336119762
0.0,0.9132420091324202,0.8473986447975133,0.7880806383425062,0.5162892928132519,0.5095920495110814,0.7919312663429214,0.6266696250277347,0.7557590726337273,0.6911996315213185,0.5176617130677823,0.6255856003945106
0.0,0.9254185692541856,0.8521123039924596,0.7987805701857043,0.5178330538625278,0.5282048254945108,0.8233096750093387,0.6832334886472892,0.7528531994162582,0.6684428910553709,0.5201417514807789,0.7823232672241031
0.0,0.8984561861274191,0.8475883148045655,0.7944894818905366,0.5114242790289592,0.5278242716090837,0.8319013821441912,0.7188373641002884,0.7495574553445392,0.6490963808073549,0.546516163527969,0.7509078309078315
0.0,0.9288975864318332,0.8441183511601479,0.7989226234633005,0.5173326237899396,0.5277908226176238,0.8083675756443782,0.7364322165520302,0.7474677000036878,0.6256285125073107,0.5693117601933322,0.9102425292334346
0.0,0.9141117634268316,0.8330389786152352,0.7832864055566912,0.5180287787950248,0.5304151718886085,0.8035113933507657,0.7567487611863031,0.7443038561916373,0.6088277248180959,0.6014177295248768,0.9869532265049812
1.0,0.9119373776908022,0.8336437071184299,0.7870523695012374,0.5182710676199973,0.5306232199158321,0.7829660067239446,0.6951852673618819,0.7396072930415805,0.5717363706488352,0.5602817264560079,0.7317832394976197
1.0,0.8867145031528593,0.8313351671998142,0.7841030836842507,0.5171836376031687,0.5300179818624339,0.7698916697796041,0.7030619037053473,0.7379451689978886,0.5737884922848965,0.5721079925789269,0.8300941966219153
1.0,0.9243313763861708,0.8302107804752312,0.7893488753069929,0.5193689727561741,0.5329556553499036,0.8255509899140828,0.7423045632719474,0.7353660590084543,0.5706526628099853,0.6512250214566662,0.9954255088783036
0.0,0.9280278321374208,0.8277194798369072,0.7929311234609882,0.5200512594222589,0.529975260780241,0.8233096750093387,0.7024110642703938,0.7297560549219901,0.5619289760918302,0.6465379877985588,1.0
0.0,0.90737116764514,0.8260360093587753,0.7963034899166199,0.5196982996109419,0.5221959989726751,0.8150915203586102,0.6829746320538423,0.7249413631446733,0.5550958327060183,0.6316988813012521,0.9934572779685186
0.0,0.9208523592085234,0.8262513184516607,0.8041567293240116,0.5180563926209288,0.5230905408458133,0.8367575644378032,0.6613194290363142,0.7195350263958613,0.5412679694689697,0.6473898792465042,0.9618606484675284
0.0,0.9338986736247009,0.8240113750484044,0.8089913504935845,0.5197952597160406,0.5293760243317336,0.8662682106836009,0.6893942755713336,0.7134843860962838,0.5270293837895003,0.6704190306411408,0.9819536937993842
0.0,0.9362904979343336,0.8223300971032916,0.8182239975392654,0.5198221137269282,0.5124516762501168,0.8789689951438179,0.6615708897270913,0.7068416515370772,0.5021758904312382,0.6503092812171336,0.7568491877625371
0.0,0.98086540552294,0.814990535257027,0.8150213779727271,0.5262237836754052,0.5321906107645062,0.9641389615240944,0.6696989867613339,0.7031321476057968,0.4933843860399015,0.6653570349270143,0.9673544810594392
0.0,1.0,0.8059846973640621,0.8154500150782947,0.5296847161128214,0.5260558629365998,0.9544265969368698,0.6551512462095997,0.6995859726068225,0.4791957933922689,0.6535530011003621,0.8551203184367657
0.0,0.9893455098934548,0.7988377888980951,0.8139046417082191,0.5317323271063369,0.5361263487032619,0.9435935748972728,0.6292286073515273,0.6962636096235757,0.4678745493762009,0.6617070865201555,0.7902133639964233
0.0,0.9604261796042616,0.794506756750768,0.8233705671150392,0.5305627801385951,0.5296099623695126,0.9195530726256984,0.6648546705125362,0.6934732093167799,0.4512281682996856,0.666420057078287,0.8916570844512599
1.0,0.9469449880408785,0.7885113820867442,0.817311220858491,0.5295982144586932,0.5144881906477051,0.8782122905027934,0.6797943939057766,0.6885902620248228,0.4229914978217226,0.6494574468151346,0.975978534009117
1.0,0.9525983909545552,0.7800797920634581,0.8016490877402888,0.5305978791274781,0.5309806079185245,0.875977653631285,0.6846461060572443,0.6827558159478886,0.3859095032872221,0.6547074646233662,0.9757435501842808
1.0,0.9212872363557296,0.7717866503426958,0.7770322578249629,0.5270729857486514,0.5354758404427067,0.8193668528864062,0.6748835145329488,0.677223545124882,0.3614335662285616,0.6471346057141054,0.9665410528719882
1.0,0.9323766036094802,0.7690340892006002,0.7663120001600028,0.5251900625493029,0.5368979937043593,0.8216014897579141,0.6572738702758674,0.6739086564756394,0.3551819812661463,0.6313267010405658,0.9907892439322502
1.0,0.9041095890410956,0.7644605360969399,0.7530611770891089,0.5237253015447648,0.5263723692197796,0.8029795158286777,0.5693661711411878,0.6718446276770311,0.3588342530635526,0.5346188434157866,0.8577878103837466
1.0,0.8893237660360946,0.7626290017039272,0.7416432747956114,0.5224915048603471,0.5321920073410651,0.7590316573556798,0.49457140744027794,0.6712272794267502,0.3610811072667118,0.4744123287143632,0.4975745641419715
1.0,0.8982387475538162,0.765591940704101,0.7350800614336098,0.5237313597555835,0.536403968681046,0.7791433891992554,0.5364839878707196,0.6745604420234068,0.3863150600336414,0.4918942966633243,0.6556361365928616
1.0,0.8521417699499889,0.7701791652785186,0.7089414631324723,0.5181989289875942,0.5284740382351747,0.7672253258845437,0.42792692848162095,0.6760355666949598,0.39885022291598,0.3567312235141962,0.610849266340594
1.0,0.8538812785388128,0.7790727622253693,0.6953094399254381,0.5147347632452238,0.5291463606776757,0.7698324022346371,0.42927298276754666,0.6791743974157469,0.4375856036162529,0.3582174845315946,0.49209378407851706
1.0,0.8234398782343986,0.7790152629660358,0.669468663963521,0.5127667280912839,0.5324355113563854,0.7586592178770948,0.4198653945714075,0.6799759040064846,0.4497697083954453,0.3504662925643484,0.5920704159526411
0.0,0.8427919112850619,0.7793594619943214,0.6648174852372829,0.5120522224916533,0.5345203332911599,0.7776536312849163,0.4435100954071444,0.6804075693073162,0.4597980731677137,0.33155281346346416,0.5763053655023409
0.0,0.8560556642748423,0.7729917998909634,0.6499754981187394,0.514056860780991,0.5338621597219,0.8011173184357542,0.4544634272612975,0.6793053829701967,0.4531470212212033,0.3415452486171422,0.6532949225783227
0.0,0.8682322243966076,0.7695617035255342,0.6465179645564642,0.5122530343652898,0.5151051799705546,0.8052141527001859,0.4769617631831965,0.6775935795096135,0.4437631741926722,0.36713222548267216,0.6454087144400437
0.0,0.8660578386605784,0.7619165381909951,0.652096554342589,0.5113758503828623,0.5307887831815132,0.818249534450652,0.4975075808002365,0.6755966783524411,0.4404486151852151,0.33903683882328084,0.7007202016564632
0.0,0.8969341161121982,0.7561279358008095,0.6637650631874039,0.5125056502813277,0.5321997511367559,0.8346368715083801,0.4625471488795209,0.6721753119098679,0.4266665196411865,0.3478553948380029,0.5344256391789699
0.0,0.8771472059143288,0.7454036568002076,0.6713417295014307,0.5138357262309998,0.5216704997010583,0.8029795158286777,0.4818800384586939,0.670828039713401,0.426423954215988,0.3705675207414989,0.3623334533669426
0.0,0.9151989562948466,0.7403164714773638,0.6625319541782436,0.5160304974680995,0.5153863473602751,0.8435754189944134,0.4682419939353598,0.6708059380131204,0.4253060864772353,0.35728298591940444,0.3813467770975879
0.0,0.9245488149597736,0.7320465280694579,0.6475350511222099,0.5170703481140073,0.522552855786273,0.8696461824953445,0.4599881665557282,0.6718744770274163,0.4353912238595539,0.3954056048536481,0.3411955347497301
0.0,0.9308545335942596,0.7251305535106827,0.6273619446602038,0.5183395856541397,0.5145211392703829,0.8610800744878957,0.4772280156793134,0.6729113051325948,0.4456775350194714,0.3653214486445578,0.4053655023406546
0.0,0.9417264622744076,0.7212177062831948,0.6280522409997829,0.5162878312928542,0.5237166800792585,0.8718808193668531,0.466252496117151,0.6743017177492001,0.4632138163080058,0.3518492749665627,0.317680950666186
0.0,0.9097629919547726,0.7246320973552063,0.6442654317247698,0.5142200769211601,0.527044282072508,0.8540037243947858,0.4214555136454405,0.6763319475730272,0.4827811661373128,0.3573443439226877,0.3056175729204175
1.0,0.8727984344422699,0.7368127938066431,0.6715836716818322,0.5110810765114424,0.5164838866983473,0.8405959031657355,0.4145403446490643,0.6792353878083377,0.5069211258816093,0.34761169550437626,0.18602808786460165
1.0,0.8436616655794738,0.7452874781519219,0.6888737793451455,0.5048927650183116,0.5119026151510561,0.859590316573557,0.3949042230604246,0.6821202999752289,0.5267603962294606,0.3699569948092287,0.11776194437411833
1.0,0.8371385083713851,0.7467502824641999,0.6907026452889815,0.5058237946574906,0.5143986731573063,0.8484171322160151,0.41393388063013065,0.6858501459752588,0.5524226076556883,0.3958819549417572,0.047679617637989086
1.0,0.8525766470971949,0.7428384469014153,0.6913375222335377,0.5043375246225793,0.5102846673106589,0.8625698324022347,0.4948672435470749,0.6898859389237941,0.5808874283849392,0.434346112099336,0.31273109407231525
0.0,0.8532289628180036,0.7399927578796791,0.7010040157724834,0.5039140224734278,0.5124676954020277,0.8819366852886406,0.5151172250573183,0.6925420353471201,0.6066416331360786,0.40758275898659735,0.2552348893619128
0.0,0.8258317025440312,0.7552215252328667,0.7419530073434186,0.5039969601461611,0.5135709054864022,0.8476722532588454,0.4774277050514015,0.6946518827161037,0.630120405964569,0.413257828654886,0.13761694965595644
1.0,0.7342900630571861,0.7741157685688842,0.7895767562373958,0.4922024202741146,0.5176518086784075,0.8469273743016759,0.6094667554174986,0.6980289953557257,0.6604631591304728,0.5491565590151701,0.8622478087236142
1.0,0.7023265927375515,0.7912513151827811,0.8267719646609549,0.491063371571847,0.5050594401716132,0.8383612662942271,0.5999852081946603,0.6950303756642873,0.6618556154526565,0.5383132383153408,0.7956018878688872
0.0,0.7290715372907152,0.7889439533339777,0.8364980802403531,0.4908731344925717,0.503445818471995,0.8774674115456236,0.6598180607943198,0.6926659265001303,0.6688401317359761,0.5859398081909447,0.9950547852225348
1.0,0.7312459230267451,0.7827889049328824,0.8397985506473007,0.4914570159119392,0.4942545246694201,0.8573556797020485,0.6485984764440501,0.6889187328670137,0.6782276960114791,0.574883299848958,0.9310361469041072
1.0,0.6479669493368123,0.7803251654401615,0.8533955207721864,0.4846787306068849,0.4545679689847856,0.7325884543761642,0.6340285481843059,0.6861254804693937,0.6889201927417692,0.5373593870965082,0.9665061390949704
0.0,0.1093671731507764,0.9770294499985664,0.3302542691521065,0.4838073290976467,0.5217422188645787,0.37121544537077694,0.4678574069965236,0.9659562272182702,0.5377748420304204,0.4763144021271154,0.743230347131098
0.0,0.09100016697278353,0.9754951885834204,0.3157963630473555,0.4817256508450225,0.5149116303144828,0.3191458241918973,0.38613268249389865,0.9642331834655355,0.5297164572990556,0.4679265584766255,0.4611734889340781
0.0,0.13391217231591224,0.9726760427816687,0.3003625363714858,0.4822911005247098,0.5200538420041003,0.3390375895860758,0.3628060054729676,0.9644842521509064,0.5302891310432448,0.447770734113793,0.3181794026995425
0.0,0.12873601602938714,0.9704522658112884,0.28244451929467274,0.4816812833330559,0.5076743372394771,0.3165130905367853,0.3565268841062049,0.9659746458570416,0.5249281444849738,0.4402084269306477,0.1321872675098308
0.0,0.1551177158123225,0.9682555819085691,0.2882315090351353,0.4806372942910373,0.5197622342023765,0.36097703671200826,0.4434657199911249,0.9700291152895296,0.5456550005470402,0.4974789495067221,0.4573280901264736
1.0,0.18984805476707284,0.9664803048736864,0.29550546244580506,0.4803948353014054,0.5413747795935383,0.3636097703671203,0.4626506915169,0.9710197879650908,0.5591668851349085,0.4623678411102949,0.5150653629503669
1.0,0.1360828185005843,0.964748791226528,0.292577184649884,0.4783394748533577,0.5470315821662916,0.2729267222465997,0.4097330079136154,0.9692947052329804,0.5627074829108304,0.4091881204449082,0.31594749707726555
1.0,0.13641676406745706,0.9674943872952028,0.3002889308657818,0.4783782508228686,0.5366061199234295,0.27438935205499515,0.4508468308557063,0.9689668322638608,0.5887988901685037,0.45033694049727613,0.08261363636363615
1.0,0.11036900985139424,0.9695580864861456,0.2977344010317372,0.4794698209396021,0.5263130743726103,0.2591780020476821,0.5735892315657123,0.971742937248634,0.5841647919937369,0.5063967400093614,0.09259326660600399
1.0,0.15194523292703285,0.9722354950701536,0.3146499534725742,0.4800460764143275,0.5313859609212327,0.3197308761152554,0.5699504474521119,0.9735570925936892,0.5651596984925521,0.5023443119577018,0.4446663104311396
1.0,0.12305894139255287,0.9745439084551846,0.32591328203768205,0.4806914978524511,0.5385197017060822,0.2808249232119353,0.5518009023001261,0.9740261188170138,0.5219906760836556,0.488313960957441,0.3324239952751934
0.0,0.12072132242444468,0.9752540853763908,0.3358229158512172,0.4805849703302291,0.5471201969008366,0.3086148895714498,0.6965017380371276,0.9750517675573388,0.4837327955346808,0.5699328416400281,0.6260370672441431
1.0,0.12990482551344112,0.974822126023526,0.3284753607595015,0.4813553153167706,0.5479520113754863,0.2685388328214131,0.6901264699356552,0.9725084252467744,0.4419990758963581,0.5660015974645474,0.6763270084601607
1.0,0.10986809150108533,0.973707849242678,0.32404032608480143,0.4790425948837059,0.5320238203750979,0.22231973087611545,0.6240736631905931,0.9709501354078494,0.4091012019727495,0.5637483105514669,0.5099953612688036
1.0,0.14175989313741855,0.9749409917792828,0.3204252560724623,0.4824778078958413,0.5392247098446197,0.2887231241772709,0.7231121958435025,0.974774305433501,0.4329067800699423,0.6268026954506941,0.6929380839831234
0.0,0.15478377024544998,0.9760778230857912,0.32728629948026144,0.4801123921221733,0.5333731220590584,0.3021793184145096,0.595688188743436,0.9752932321397648,0.4320019588883568,0.5229377710834663,0.6651940535883886
1.0,0.14443145767239954,0.9753897593168349,0.3134533728427296,0.4789518173102029,0.5082822731904241,0.2811174491736145,0.6381184823607725,0.9770926377369497,0.4553875303831586,0.5653036582118603,0.798502352499392
0.0,0.2098847887794289,0.9758919644346014,0.3155575037881016,0.4821316529244348,0.5097720506784869,0.36624250402223213,0.6818208712373344,0.9746702867213192,0.4533688080306956,0.5501328792321709,0.8364957699189317
0.0,0.1948572382701618,0.9760601410494654,0.3144522864716058,0.4842890991005169,0.5037212345032117,0.3545414655550681,0.6590193033059684,0.9698930716661368,0.4547200793795288,0.5240053390173258,0.8448013076804131
0.0,0.1980297211554517,0.9768100559527584,0.3239269409143373,0.4846364928005905,0.5025082419439759,0.3639022963287995,0.7017898084461207,0.9640068289125427,0.43224539568866177,0.5514084302209274,0.8038479379735367
0.0,0.22307563867089644,0.9762783072240971,0.31572682856196943,0.4835408792392911,0.5027164321633285,0.3893520549948809,0.7849641298720516,0.9576826259678296,0.4062108035189416,0.553262683086693,0.8511850853747434
0.0,0.22157288361996968,0.9759064032356212,0.2655261663550245,0.4833610033676831,0.5037814670098386,0.3729706011408512,0.788610309888322,0.9532202726528952,0.3905163733475968,0.5564354630451874,0.8951662333819449
0.0,0.23626648856236426,0.9752249474771736,0.2176008183434217,0.4849369227555531,0.5092805063540546,0.4107064501974552,0.6771762443606243,0.9470069114653774,0.3608426420243551,0.5053134967837652,0.9997849051192575
0.0,0.2300884955752211,0.9753766746100992,0.1807026955800216,0.4842419806167403,0.5270654699795817,0.3718004972941351,0.7257673249020042,0.941890162284852,0.3342199602144321,0.5308940457618934,0.906416704770614
1.0,0.20036734012355967,0.9754272647278416,0.18942597398624272,0.4847547679290913,0.5433393333895675,0.3311393886207403,0.6787885511426666,0.9364683851123228,0.3033343299950567,0.496055575849937,0.9186607732561082
1.0,0.1572883619969943,0.9764135950219002,0.19613531360725853,0.4836171895467986,0.5411707886547972,0.2594705280093609,0.6270763996745798,0.930308242831012,0.2769352036912404,0.5147808742570552,0.9330670634609852
1.0,0.17431958590749708,0.9771374588152709,0.19621052789116566,0.4817487412960009,0.5433895023371174,0.2758519818633905,0.7335626063161008,0.9226253177154032,0.2451889911294294,0.5609361254855841,0.9258126095028898
1.0,0.14910669560861572,0.9789289791240052,0.20778997746112432,0.4787894199010825,0.5464772336474005,0.22495246453122747,0.6578951261001401,0.9116645088252592,0.18090980133207674,0.5306990997734774,0.9835085313833032
1.0,0.13574887293371174,0.9803158044480438,0.2228547816251216,0.4774200466576235,0.5428580928012094,0.23285066549656305,0.635330227054212,0.9096107307582316,0.1754269054147909,0.5213566452659361,0.640760197775031
1.0,0.17315077642344284,0.9819667389867006,0.2441089370416063,0.4778132746875264,0.5401885910181267,0.26707620301301765,0.540056208860291,0.9122802984896624,0.1908920018645288,0.4692378292372749,0.8772613320685668
0.0,0.1693104024044079,0.9805670728106768,0.2534341281549026,0.4773713189918181,0.5507768168443675,0.26005557993271905,0.44936765032172143,0.9154264435545432,0.2173346716193912,0.478635112835455,0.8251914086320201
1.0,0.16029387209884782,0.9814615661163856,0.26352820444063635,0.4761930872412436,0.5409445573803697,0.21091121837063065,0.3457288662081209,0.9184932588670572,0.24095082205778875,0.4801856930661413,0.3105859805080943
0.0,0.16430121890131896,0.9837950559811,0.2891415940507965,0.4767164929802464,0.5424659924389382,0.23840865876846584,0.24896087567487615,0.9235832023811871,0.2852729479779078,0.4962846234615496,0.3005138033682672
1.0,0.14643513107363473,0.9874554139480732,0.3069160347901981,0.4785258112791482,0.5377910530922501,0.2325581395348838,0.2479550329117665,0.9292281038998867,0.3332730262810032,0.4962180052735194,0.3113365868713946
1.0,0.1504424778761061,0.9942106257650232,0.3379253875260189,0.4789817886954452,0.5294689992424816,0.2407488664618985,0.19626506915169,0.932594243552734,0.3739224583445876,0.5233123846025852,0.2070654928387748
0.0,0.13524795458340286,1.0,0.3373055359906157,0.4776819225538743,0.5244946595820849,0.3045195261079424,0.3220915612750538,0.9390563659002706,0.4309957507983508,0.5183415819295429,0.4772711205372921
0.0,0.13675070963432934,0.9980766205431696,0.3160972831258861,0.4778635042547403,0.5268465853872994,0.3112476232265613,0.2760076917387766,0.9385624086446036,0.4351827704724064,0.5013401425946644,0.4825379992930354
0.0,0.22107196526966105,0.9908304568490442,0.267261242845327,0.4871046633970288,0.5354138890850046,0.2896007020623082,0.3027364839878708,0.9377682404096196,0.4316417583385007,0.5144667105153115,0.3861240582034449
0.0,0.24444815495074285,0.9854779908436764,0.2341274455963261,0.4859079329743857,0.530289245520069,0.29837648091268104,0.3594778492715039,0.9359953556388094,0.3950370120240753,0.4889408271962859,0.4439098548255069
0.0,0.2062113875438303,0.9869458358764732,0.22645164488922725,0.4855214461355489,0.5450952242853466,0.27936229340353985,0.35488499371348303,0.9346121034885844,0.3877024574037666,0.4853612385664646,0.3163267010808739
1.0,0.2035398230088496,0.989272882180499,0.2345825029744377,0.4852053886180477,0.5451043782488122,0.26532104724294303,0.2635973670586496,0.9355953591689988,0.3932558934729576,0.4885765986730897,0.16425266041864994
1.0,0.21088662548004672,0.9889242031776077,0.24611478729114594,0.4859917461163703,0.5009048759687347,0.26151820974111484,0.30902300125730353,0.9415157353826179,0.45030684243707103,0.4615479050614511,0.1857030688785309
0.0,0.2721656370011688,0.9875625341681942,0.24759792832498456,0.4889014717632332,0.5179318736972385,0.35249378382331464,0.41487316026921095,0.9477037459044066,0.5011582068114853,0.5067313703978429,0.4287241684625538
0.0,0.2713307730839874,0.9866979140739484,0.2572204523802385,0.4888195039026598,0.4973360120278924,0.3176831943835019,0.28093336291694376,0.9499691887460632,0.5275540350080806,0.4798757617956039,0.21620808900917166
0.0,0.2925363165803974,0.9874939894495044,0.2648307066248559,0.4911434896672665,0.494024463033455,0.3647798742138369,0.32906589749278936,0.9564414984173392,0.556197954874171,0.5021940222247199,0.3303763845035837
0.0,0.2938720988478878,0.9874930627134749,0.2681355142892703,0.491272830485881,0.5315941037636311,0.3840865876846573,0.4188299681976189,0.9600342756672562,0.5601424667575234,0.5022804845766878,0.4401510215673503
0.0,0.27951243947236576,0.9819241020958344,0.2382050902391805,0.4897302538387375,0.5316206206331728,0.31446540880503143,0.3184453812587826,0.960632915223653,0.557105748742888,0.4257437706394667,0.19395579612088465
1.0,0.3276006011020203,0.973063494671652,0.2015515779975257,0.4952558687812124,0.5202272321312775,0.2822875530203307,0.3377338954219361,0.9672474372053608,0.5928919954838897,0.44085300522586623,0.16263218563624576
1.0,0.36533645015862415,0.9672687495492136,0.17638446222648188,0.4995638932175672,0.4847498490593713,0.27848471551850257,0.3164854670512538,0.975732645387038,0.6584844941934114,0.4210638413527434,0.059322741776508474
0.0,0.4127567206545332,0.9628817594565926,0.1317046670833031,0.5047023578714743,0.4849124558228838,0.38525669153137343,0.4365357591894091,0.9882129146598242,0.7571057542838184,0.4942262067081685,0.06515601783061017
1.0,0.4443145767239941,0.9600517137589316,0.09051157020793077,0.5084839961275409,0.4723929554337131,0.3574667251718593,0.5078692404407964,0.9954380491114628,0.8269286771774136,0.5495213147702578,0.1865141481035523
0.0,0.4733678410419102,0.9562573015483662,0.05741424525746248,0.5080154226265218,0.4812465697237226,0.3913997367266348,0.5591968049700463,0.9993991663093679,0.8981530245380854,0.5455851409179302,0.3336544250451514
0.0,0.4655201202204041,0.9536989940391479,0.05695601739410491,0.50722987098458,0.4730243907654728,0.3761883867193216,0.6387397381850454,1.0,0.930516273621946,0.6327820264204569,0.7126429861529197
0.0,0.5007513775254632,0.9531810826506716,0.0656376607365184,0.5075200998811339,0.4709925936414351,0.41892832289492,0.7282005768804082,0.9961854005565632,0.9358755720022154,0.6553076933757574,0.7589102950030095
0.0,0.4950743028886291,0.9506580558422152,0.06604111297507932,0.5066294429015707,0.4833592703239133,0.4359081419624216,0.7610531765401967,0.9899797813143864,0.9038031098608592,0.6392159289748066,0.8457104017722284
0.0,0.5404908999833029,0.9504100700400366,0.07276116119577614,0.5080183268754246,0.4782749341008386,0.4768956533662417,0.7900673027142959,0.98295041460211,0.8741178295681926,0.6560619140187768,0.8321155917755598
0.0,0.5296376690599434,0.9477020150132018,0.06958056133099375,0.5105903656399176,0.4885213368546754,0.4651035239270533,0.8999926040973298,0.9772513799062932,0.8652102176390277,0.7178663349292791,0.9860246751828792
0.0,0.5835698781098679,0.9481939937008153,0.07422053767873274,0.5128685197583408,0.4902331350408594,0.5325654737419442,0.7834775534353966,0.9690057541740388,0.8405178963172133,0.6389752386954207,0.9992632448482957
0.0,0.5606946067790949,0.94894782464202,0.08260459626689481,0.5138620573241629,0.496136592866878,0.5285155723338276,0.7515864211226979,0.9648775389071332,0.8352981774489907,0.6682315969669332,0.9735161352285808
0.0,0.5600267156453498,0.9522767792966668,0.10639515494688924,0.513504503697612,0.4911279801026877,0.5503572873129298,0.6826640041417056,0.9595069499448194,0.8104114048638955,0.6610562481027852,0.8525478030919451
0.0,0.5536817498747703,0.9543852683918009,0.12592753963204756,0.5124317828310132,0.4914630968406437,0.5719293514898206,0.7504696398195396,0.9558758349414151,0.8034206338065615,0.6732771537196911,0.948975378103545
0.0,0.5374853898814491,0.9563816762699692,0.14673688472642812,0.5145925435809225,0.4937934007710736,0.5479304300930294,0.7357961689224166,0.948230423414357,0.7579873497641254,0.6660294058782708,0.8235946936457946
0.0,0.5273000500918351,0.9564524664245204,0.1571734351522161,0.5132258734480063,0.4979412529524096,0.5549413509505191,0.8249833592189929,0.9428734556706851,0.7246886815366796,0.6708379634753469,0.8505908452936114
0.0,0.558523960594423,0.9563510307447358,0.16377800029377124,0.5128841795699929,0.4946689994229026,0.5921531616556559,0.8578433547814517,0.9380143071680124,0.6852793304497611,0.7172561088782302,0.9754141627415956
0.0,0.5785606946067791,0.9550106592473488,0.16714575673843285,0.51130616588069,0.4927009773674295,0.6237023055143589,0.8110568744915314,0.9323978495691684,0.6747844083878811,0.6460043760950248,0.997576621525302
0.0,0.5835698781098683,0.9550606017844424,0.15943384773284205,0.5118054984829715,0.4999711636757715,0.6352972900094379,0.7811404481917017,0.9270609228900372,0.6934228214586755,0.6320519520935812,0.9417225150194116
0.0,0.5785606946067791,0.9530980456701764,0.14527338990553296,0.5109901262843564,0.4966047183106119,0.6490494809222056,0.7301235115745879,0.9218874842447646,0.6776321097256499,0.6232145252307764,0.9164768907107396
0.0,0.6122891968609117,0.9505889422133756,0.14221795328510625,0.5109437790206086,0.4994371767646152,0.6617230686261292,0.6981732120405298,0.915791474032268,0.6475725670804928,0.6058514823166734,0.8623578832016805
0.0,0.6171314075805644,0.9455433253962368,0.15007518156832708,0.5077141694993582,0.4987515682467197,0.6633409734393959,0.7329117668811477,0.90888145549624,0.5835942015669809,0.6268816111946875,0.7867677275010263
0.0,0.6233094005677076,0.9434468608827412,0.16847470118381996,0.5086384003087455,0.5004761580154726,0.6441957664824054,0.7947563050070265,0.9016002129805992,0.5376769947051877,0.6213766628437476,0.8398931555636728
0.0,0.6082818500584405,0.9411664898189268,0.17090610074432128,0.5104922089648016,0.5000250312804024,0.6417689092625051,0.8369425338362545,0.8938390085606294,0.4745837397075599,0.597019997389189,0.8827748360072696
1.0,0.6122891968609117,0.9406341285235896,0.16906756642278714,0.5110060627797579,0.5043464830098375,0.6358365916138601,0.8278529694549224,0.8833824330015678,0.3850362290046143,0.5932183241050552,0.8544582968795561
1.0,0.5830689597595591,0.939594589913454,0.1684972106958776,0.5118798688125198,0.4974645864678397,0.5961979236888231,0.9530729975593524,0.8746893230241715,0.31506224766218105,0.6067634599709493,0.90215108508878
1.0,0.5403239271998663,0.9373191539248468,0.16051239469675946,0.5113318869979038,0.5048452524220228,0.5376836996090064,0.8252348199097705,0.865041096755385,0.2586108732947794,0.5667346229152864,0.9713827881987004
1.0,0.5620303890465854,0.9346277602493572,0.16150508813231038,0.513907366691289,0.5023996780697313,0.5274369691249833,0.7544190518452782,0.8606649628885201,0.2377725153455347,0.5582141075024853,0.9754761335564596
1.0,0.5475037568876273,0.9308911955396368,0.15573721600406729,0.5126183948985318,0.499652835119132,0.4929216664419578,0.7356112713556692,0.8562574872527657,0.21275711436046288,0.5500945643765001,0.890476383211236
1.0,0.557355151110369,0.9302454531885616,0.1676542982581233,0.5099868461510965,0.4970014216075185,0.4964271268707025,0.6560757340433402,0.8521796049752639,0.1808000604998881,0.5533218393064963,0.7218197272028172
1.0,0.5446652195692101,0.9292548040538926,0.16686285592108158,0.5121790108192396,0.5000270743062539,0.4913037616286909,0.7007100066563129,0.8514036892617283,0.1723124491739088,0.5912307212411785,0.8827255433682767
1.0,0.5603606612122225,0.9291631010120917,0.16816702957000226,0.5102053852883943,0.5016520810289671,0.4991236348928139,0.693669107314548,0.8484702999452769,0.1487389808408771,0.5843936395829128,0.8847290241631928
1.0,0.5675404908999829,0.9279180019622356,0.16210855748112926,0.5109327220161256,0.4959219435592624,0.5202621372208103,0.6523851786110492,0.8454462041995818,0.12641718800135465,0.5475174605900363,0.931335249119682
0.0,0.562364334613458,0.9281587890397094,0.1576122142082382,0.5105185449924974,0.4962527537335392,0.5044804065801793,0.5765032172176615,0.8399989993318668,0.09430049317434892,0.5475044127153441,0.9215298687567512
1.0,0.5269661045249623,0.9266176692103779,0.15258656441471413,0.5104473270958251,0.4928117349989596,0.4646248495385849,0.6138451297980918,0.8371562607982048,0.08198909451940589,0.5699026929339495,0.8554715333164777
1.0,0.5586909333778591,0.9261084386520686,0.15564368522682315,0.5103286054906385,0.4918177743551555,0.4809415540992375,0.4292212114488571,0.8350217057710052,0.0704896720786401,0.5021915594353031,0.5836991748454259
1.0,0.5535147770913341,0.925195957014684,0.16770348881192665,0.5134099911008477,0.4958603697972678,0.4801390932192053,0.3809703424302936,0.8385700291026337,0.08486280859679074,0.476582722861989,0.5874704491725764
1.0,0.5408248455501752,0.9264923857666862,0.1830281781152237,0.5156676265279464,0.4925876091490024,0.4763419483101392,0.4386435914503368,0.8392658506746571,0.08202002779702383,0.4592191909199774,0.6950723660648456
1.0,0.5369844715311405,0.9301636271730378,0.20513448916049248,0.5150937645995763,0.4942047787808517,0.4821736249171637,0.4665113527105982,0.8349270532899362,0.042016122367831865,0.4771991427285857,0.6630290517622774
0.0,0.5029220237101352,0.9348612529027897,0.22413505563559197,0.5107428324612164,0.4959822989628842,0.4837640821736249,0.5732564159455661,0.8339710482938059,0.03675345886348708,0.4908034966691314,0.7838287652474358
0.0,0.4932376022708298,0.9390112706418624,0.2394620062423272,0.5093644855426961,0.4949925022806771,0.5023194168323395,0.4273056726573482,0.8311139455407304,0.013448029185500364,0.4636253599953506,0.7803948005983109
1.0,0.4603439639338788,0.9398829162128202,0.23644820310739456,0.5061114584681422,0.4948147338984331,0.4495692511597083,0.3673249020042897,0.8306379964024624,0.01970395269747266,0.47839828701739295,0.5742227671861407
1.0,0.4666889297044581,0.939714949624994,0.2349543653319571,0.5068261545439403,0.4970471552628711,0.4487740225314777,0.30201908142888834,0.8299561332870204,0.0,0.489900365185132,0.4548690768135429
1.0,0.4708632492903656,0.9389878811019874,0.2336773171801141,0.5072582492043259,0.5037175733972886,0.4588469184890657,0.2515124620959988,0.8333949697766576,0.010952593130705124,0.5098384693197302,0.3312960859610222
1.0,0.474369677742528,0.9376820824877751,0.2334371442462865,0.5077027596340943,0.5186432336945573,0.4522200132538106,0.1561570889727088,0.8392476771894204,0.0351752625898471,0.5275275249401644,0.29006031562422474
1.0,0.4429787944565037,0.9349269378789788,0.2263988031359408,0.5046457020284173,0.5059183067839914,0.38091451292246536,0.0,0.8454555801739461,0.06043861289644802,0.4532209385115417,0.03703982874544067
1.0,0.4752045416597095,0.932444806938964,0.2175464016057711,0.5045687451259819,0.4923736678007393,0.40424121935056334,0.07221359366910696,0.8559028663829801,0.10755230595308383,0.4363354551575525,0.0009082217973226717
0.0,0.5246284855568542,0.9327215015331852,0.2206491247856976,0.5063892234591133,0.4905944217215642,0.4649436713055002,0.1309814362842982,0.8645243302884129,0.14250466704533832,0.4094945963180941,0.0862495860209112
0.0,0.5084321255635331,0.9313454782681148,0.21234127837994288,0.5041439714407983,0.4964387779499667,0.4800530152418821,0.07996449966718439,0.8714924588387303,0.1910563831390304,0.4308184462664726,0.045740260129914605
0.0,0.5429954917348471,0.9297554861122252,0.20784115648590684,0.5043268004762692,0.4948431013524192,0.482703777335984,0.11587900303231975,0.8804721087532108,0.2503516402644739,0.4023566134467396,0.01328732221756342
0.0,0.5675404908999834,0.928353824561678,0.2012905775802583,0.5033293248019439,0.4935608769587285,0.5009940357852884,0.12881443680201116,0.8886889897829133,0.3047879842281779,0.4078952861010608,0.04418357145160709
0.0,0.529470696276507,0.9278206294595854,0.19943582291117795,0.5024622756075797,0.5093524898824547,0.4869449966865476,0.13382885881221795,0.8979944140117571,0.34813892122925083,0.410182159107548,0.06113135743541754
0.0,0.6294873935548505,0.9367344474265646,0.23309157236848144,0.5095667811021213,0.493789220284627,0.6152418820410868,0.1684860587234676,0.907676921446104,0.3893197828435302,0.4265211788022129,0.10060926584359263
0.0,0.5151110369009851,0.942260249157716,0.25721959527908955,0.4994521193576166,0.4955528522123165,0.6208566050702896,0.2071592337844831,0.91460482992724,0.4100124390849291,0.3964688224632563,0.1780092551233719
0.0,0.5169477375187845,0.9487506985421049,0.2888143867483537,0.4978911975724869,0.4872975101510065,0.6208566050702896,0.19076991346793928,0.920137918157129,0.4138841267096592,0.3733479584156051,0.036448748414301714
0.0,0.5341459342127234,0.9480237975301504,0.29117605843449057,0.4959442852366389,0.4853482000995669,0.6326527472189315,0.2889505214111381,0.929280400833388,0.4502574690089365,0.3759303420394178,0.17973777348777348
0.0,0.5311404241108701,0.9485663856673584,0.30187238573768144,0.4954007303045039,0.4934099241600112,0.6503469604418939,0.33863619554766605,0.9353244032554956,0.4756162816417734,0.4060632860863012,0.3299549549549543
1.0,0.476039405576891,0.9504333828818208,0.3262362696562716,0.4936216349219085,0.4926310719063457,0.5911098118258891,0.3381480659714513,0.9383504048901591,0.5108852909125837,0.4050355454066487,0.3069095881595875
1.0,0.4583402905326432,0.9495180654021721,0.3345505970641072,0.4954874265971824,0.4938977274061785,0.5788007939316542,0.3433325937430667,0.9423097861275632,0.5318405175834011,0.4086371047375167,0.2005509974259981
1.0,0.4725329771247288,0.9469717944851994,0.33414457082193244,0.4971636962244674,0.5003938811231721,0.5562342611255572,0.2669846904814732,0.9478640005749116,0.5713986829908555,0.35935914387148205,0.025619369369370724
0.0,0.5321422608114876,0.9439874142586976,0.3192769448661789,0.499602144697959,0.4964721880763022,0.6377815046748623,0.446490644183122,0.9584673569295374,0.6354690214293552,0.4751096556358057,0.2700783421784172
1.0,0.5157789280347302,0.9413493950717357,0.31699993776614904,0.5017735836902899,0.4971762138996781,0.6159842854871551,0.4447008357370017,0.9619795705381846,0.6693595860920043,0.4733131311011958,0.2508264570372482
0.0,0.5189514109200201,0.9403222224154124,0.3262931881064069,0.5022844934833551,0.4999749649535399,0.5972643207730063,0.4887064566230309,0.9671294106476818,0.7111562743743107,0.4756605572517622,0.07945729568882845
0.0,0.4959091668058106,0.9362834994502016,0.3203817498689516,0.5035307052059631,0.4869796411134932,0.5811087347868232,0.4855705938909846,0.9713214118514396,0.7628789460077359,0.4723610716342165,0.15756845796875402
0.0,0.5885790616129571,0.9315322753501696,0.3073274813302556,0.5096032514553621,0.4842611682788828,0.6631688540817219,0.5866577915834625,0.9752402612925511,0.8135532733047379,0.5566430795231213,0.5391184573002739
0.0,0.6206378360327266,0.927356595601105,0.29776978615061034,0.5093183658419028,0.4885300705104672,0.6713748660112114,0.6574735596479548,0.9750037360267972,0.8394348380337244,0.6231579688263259,0.7759543486816206
0.0,0.5682083820337287,0.926277127731932,0.30100469730192875,0.5073023612834723,0.4901483662986694,0.6367557531836763,0.618038606611937,0.9713988690818188,0.8250225646647342,0.6113639347127645,0.6941106400868854
0.0,0.5658707630656205,0.925592935896137,0.3089134162573547,0.5069944605882245,0.4905583212029394,0.6382943804204557,0.6686709562902153,0.969118865965172,0.8176933839555965,0.6602203586592442,0.6614231160004196
0.0,0.6268158290198698,0.9221914827009744,0.2974445017917845,0.5096682520570567,0.4904730243854701,0.6924027715805293,0.713578877301975,0.9646939848200328,0.7929329454279495,0.6961903104313172,0.8513124721933852
0.0,0.6331607947904494,0.9189041619008972,0.2907664888984981,0.5065984722748966,0.4850550848040621,0.6931720851989189,0.7708453516751724,0.95858638457363,0.7724165449227303,0.7357706982580559,0.8047802500196558
1.0,0.6027717482050426,0.9171527844015768,0.28566708816736835,0.5072228648271621,0.4928314588377735,0.6639381677001114,0.8204200872716518,0.9527090715633622,0.7515679650025702,0.7237981299003231,0.8399103040429139
0.0,0.5994322925363166,0.916161898959544,0.283933983029661,0.5070152659920858,0.4926185578634129,0.6511162740602836,0.8268619184971522,0.948652425308146,0.7474753709964279,0.6852986038760843,0.867078379314325
1.0,0.5824010686258141,0.9166056348417412,0.2927214038846251,0.5091847720982415,0.5118845486875133,0.6264982382718138,0.8073663190592409,0.9445955063348932,0.7393558643255029,0.628954903970663,0.9296988990582298
1.0,0.5586909333778594,0.9157378803899436,0.2926983972051176,0.5061553034706112,0.4908629815767204,0.6349606880741002,0.8225057318245693,0.9396890701685016,0.7347119258130155,0.6383583639466672,0.9797005939305192
1.0,0.5807313407914511,0.9170880001037882,0.3021119111983131,0.5085700721953564,0.4960626555459866,0.6306012442365587,0.7601360846091261,0.935454382072444,0.7502002745064351,0.6232223505963187,0.8838075810245403
0.0,0.5773918851227249,0.9185228428752614,0.3075070072578837,0.5076388034578116,0.5929891216552214,0.6726570553751939,0.6648546705125362,0.9312307901631836,0.7570928333860463,0.5337027713136232,0.8809766657646587
0.0,0.7061279011521122,0.9217916458290608,0.3191581469838949,0.5194149396760209,0.5523134950536308,0.9172987860231104,0.7661637452851127,0.9271285400807516,0.7668124868874411,0.5457876060810919,0.8966299619075376
0.0,0.7118049757889462,0.9209696470031709,0.31567738416654834,0.5198927434854774,0.0,0.9311464311541242,0.7417942459877228,0.9190532726794192,0.7337204207802088,0.5753120792485822,0.9984071133089248
0.0,0.7345132743362829,0.9179823325016728,0.30449595674347524,0.5220717665195379,0.5547205262995898,0.9810590335436729,0.7234524073663189,0.9130318330052992,0.7265570214615833,0.566523466788941,0.951028817454238
0.0,0.7113040574386376,0.9156439670331924,0.30202069799456605,0.5237526826071012,0.5228352348576587,0.9690564600590312,0.7308039346202206,0.9070424114215332,0.7104099089981188,0.5740219342627292,1.0
0.0,0.6183002170646186,0.9138281528640744,0.3051223182061531,0.5188736636815947,0.4850254155460512,0.9133702092007286,0.7444937504622443,0.9006595985613328,0.6949860362815032,0.5830675169226079,0.9333352229245216
1.0,0.6076139589246952,0.9130674187680996,0.3106606351687869,0.5214464219122226,0.4909486256594252,0.9059608386267588,0.7426891502107833,0.8947728562089696,0.6888081236410104,0.5807904778551318,0.9813017960893028
1.0,0.5827350141926866,0.9125521871438936,0.31619842910201545,0.5228045304733142,0.5038690741345117,0.8720487194612819,0.7303601804600252,0.8890208702303108,0.6853363033573627,0.5746729632740272,0.9100743337160808
1.0,0.5670395725496744,0.911287529582928,0.31580828405175765,0.5208585736166969,0.5022616330197319,0.8777482352874126,0.7643221655203019,0.8822572588595003,0.6735033990550527,0.5524728126281357,0.9902909904868488
1.0,0.5638670896643847,0.9085805387521452,0.31399480468475643,0.5206767950008715,0.4788214913875922,0.8609346636003273,0.8203757118556321,0.8741773368154366,0.6324712416038769,0.5829905688356279,0.9531652580124736
1.0,0.5817331774920688,0.9043626572638984,0.3100914019042126,0.5188109280385217,0.0,0.8680590583829906,0.7930404555876052,0.8665053140425802,0.6031238902059971,0.6206796875431759,0.8918802075145426
0.0,0.6436800801469359,0.8991800771931406,0.2996989384929202,0.521351581388703,0.4981181768947461,0.9700803916707276,0.7806301309074775,0.8616540041520422,0.595967828955443,0.604200032592397,0.9369595975475556
0.0,0.6650525964267824,0.8946433739593007,0.2968850546677415,0.5198573567316729,0.4377587450899096,0.9953475929609078,0.6876266548332226,0.8555755407754102,0.6021609191287939,0.5859200167891484,0.9704022569191108
0.0,0.6401736516947737,0.8896453253062009,0.28490656765757194,0.5212492422187782,0.5017435846067833,0.9607453156076624,0.6708897270911915,0.8514465848677804,0.6144179052108758,0.622570703738807,0.9316357799503854
0.0,0.6420103523125731,0.8846755176580663,0.2817827838828253,0.5215410970508052,0.5002408332146588,0.9528395262992414,0.5838769321795722,0.8461853456884032,0.6188271144012567,0.6123009738423506,0.6840799649788403
0.0,0.6351644681916848,0.8810090987484931,0.2798462649012511,0.5213374818253027,0.48636664425222204,0.9045145964577241,0.5562088602913983,0.8442159964577078,0.6497263651555003,0.5921101929412425,0.5251228172576485
1.0,0.6084488228418771,0.8779066146228921,0.27740084594143666,0.5219061188988552,0.5481906971063273,0.8960722894372182,0.5484283706826418,0.8446077320928074,0.679297805871445,0.6341072507452844,0.5130113332360532
1.0,0.6371681415929205,0.8791584318646422,0.2901407197844055,0.5211439507617601,0.5135383892730561,0.9403216227860774,0.5671178167295315,0.8459205816643038,0.7065752197495309,0.6502409881771394,0.65491998638066
1.0,0.5909166805810655,0.8764952100080339,0.2782989882025077,0.5195826971859698,0.5510620518324405,0.9219814385691162,0.5340803195029956,0.8447595283257596,0.7173942151001944,0.6717813023515972,0.5833211732088142
1.0,0.6162965436633829,0.8720936334671525,0.2705441238172778,0.5204586380501399,0.5285528478179811,0.9219814385691162,0.5745506989128029,0.8431337143024984,0.7434268879578344,0.6573904725117052,0.6496181720900832
0.0,0.6570379028218399,0.8654431677909225,0.25958743831650744,0.5209964811469182,0.547696323118389,0.943232763137976,0.7131499149471191,0.8405364801847419,0.774798004167746,0.7426625532006522,0.959628386594678
0.0,0.6443479712806812,0.8594785004543635,0.2452158571658437,0.5233583185046906,0.0,0.9330437719063308,0.5955180829820281,0.8328772745362567,0.7568378501405033,0.6925557354826936,0.8860370296103192
0.0,0.6638837869427285,0.857082451622809,0.2450718740990613,0.5216759341114553,0.5377165784780614,0.943814991208356,0.6255380519192371,0.8304208940963862,0.7626891938005433,0.6811072320139945,0.9600628300247316
0.0,0.6555351477709133,0.8536034452962342,0.2320295785648103,0.5204178068374019,0.5582258452050349,0.9769031234083884,0.5983433178019376,0.8260905752781096,0.7592585837042689,0.7017671872999766,0.8817749492971524
0.0,0.6428452162297544,0.8488370293989362,0.23399821354049974,0.5194426361934069,0.6253567019674647,0.9987468985739704,0.6128097034243032,0.822833058849679,0.7759377750307401,0.6728157387538778,0.9362141408287464
1.0,0.6410085156119552,0.8424481466724161,0.2591749978661487,0.5198436673176414,0.5017167372782186,0.9976752527332384,0.5701575327268694,0.8190197301552955,0.7847695360901157,0.6312405310887711,0.7672060753051562
1.0,0.6177992987143097,0.8351066222676509,0.27528262409379906,0.5179058040823167,0.4389050750099397,0.9448728400176408,0.5707196213297836,0.8161105788631888,0.7804093036528299,0.6320004920234938,0.7905848674008985
1.0,0.6263149106695609,0.8282121979446361,0.2833228346050414,0.5191043744756225,0.4626725015161128,0.9168081040266216,0.6213297833000516,0.8129332774717672,0.7790900962639051,0.6822286083862201,0.7314222098524905
1.0,0.6341626314910669,0.8223561845356011,0.267059323622902,0.5203641119304434,0.4735163523623313,0.8777179360391303,0.6085644552917681,0.8094334309754299,0.7703770670617154,0.6713719465247588,0.6533736233151753
1.0,0.6099515778928034,0.8194301212803531,0.270990187148352,0.5216522327251942,0.4790239407231779,0.8413006000507838,0.5488869166481769,0.8089868413648118,0.8059440346547709,0.6071071068235205,0.3633258618849397
1.0,0.5880781432626481,0.8218353057608181,0.3008323476830841,0.5228544762104019,0.477128295566645,0.8252636080559155,0.4929738924635749,0.8108468727976899,0.8513247668957573,0.52829349904442,0.3682712491550128
1.0,0.5565202871931876,0.8233380515900688,0.3238486445825672,0.5187804876020747,0.4469561470187197,0.8426370160503563,0.5655129058501587,0.8130328089626107,0.9062476357432052,0.569397939384487,0.5095883587718352
1.0,0.5904157622307562,0.8242173807144915,0.34041251918568943,0.5186146540636887,0.4515494580272156,0.8957595520333568,0.6181051697359664,0.8117741825237106,0.9504725168740636,0.5930165694712118,0.6802220087522673
0.0,0.5937552178994825,0.8237913973347628,0.35377200393046404,0.5188338324128521,0.43900932422575983,0.9151375840271564,0.6554322905110566,0.8088814027625209,0.9609695721602602,0.5826900991314816,0.7125630571487787
0.0,0.5685423276006011,0.8242596537148055,0.3752522999251473,0.5157143051734173,0.4687164918093892,0.9201491440255524,0.7017528289327717,0.8051359488162293,0.9653627082654632,0.5819447703814165,0.7861860908224834
0.0,0.579061612957088,0.8255068671952239,0.4023490030555629,0.5166747850845244,0.4676404753688644,0.9535595440148608,0.7108128097034248,0.7992627639742649,0.9304957851268424,0.5901282507606921,0.7383639509020521
0.0,0.574052429453999,0.8256032836618465,0.4224969677272698,0.5158627929100129,0.43603822904901146,0.993544178207864,0.7999186450706313,0.7954739546740901,0.9389621822957824,0.6028244236154822,0.7998795798675384
0.0,0.5333110702955419,0.8241478011853469,0.42361288663008656,0.5154990394348848,0.3020479331125913,0.9418976038707749,0.7876636343465724,0.7921003899311554,0.9563260911480138,0.5733965259571362,0.8835617845913568
0.0,0.5508432125563534,0.8209804824958882,0.4140787275965063,0.5135925424435808,0.0,0.9520910067004636,0.7625101693661709,0.7877437891863956,0.9969462185040529,0.5272149503642243,0.9148599494461678
0.0,0.5773918851227251,0.8180257704181768,0.3987230391870929,0.5125933027915516,0.3005239007680555,0.9934910999355964,0.81213667628134,0.7799557882082382,1.0,0.5581244195644273,1.0
1.0,0.5314743696777426,0.8160289204660116,0.3990234310658634,0.5116380696140473,0.42429655586698345,0.9842072015161089,0.8544782190666376,0.7714321997123585,0.981718252016592,0.583751933567645,0.8772865527138758
1.0,0.5082651527800967,0.8147125061199212,0.4018946796727101,0.5131530800988662,0.0,0.943187538654048,0.8740551734339176,0.7670314138677989,0.9575960168657374,0.613947009105651,0.9504410212370052
1.0,0.5197862748372015,0.8114967086187049,0.3985448564844707,0.5106278245539255,0.4835520198966738,0.9557725775597972,0.7888617705790995,0.7616542934730803,0.9250367284863056,0.5573360206626112,0.9559843400447432
1.0,0.5244615127734178,0.8063127633564644,0.3777229314670341,0.5111723820819956,0.5090154703396824,0.9737530867848636,0.8516012129280381,0.756325821948107,0.9077656822167957,0.5330125410979605,0.95909768829232
1.0,0.5328101519452327,0.8020418045718207,0.3638783829361379,0.5122412644722194,0.5214392214325898,0.9449184497316158,0.8640115376081652,0.7486278126108361,0.8637121442328562,0.5393669653842977,0.9592917362975756
1.0,0.5052596426782436,0.7971719058524913,0.35310366161136725,0.5132430129944922,0.5117820613897165,0.8976000709775682,0.8499223430219658,0.7412936716016005,0.8288301003609693,0.5829639819407041,0.9445706667668092
1.0,0.5408248455501754,0.7948204969928447,0.3536645068809883,0.5132746753964232,0.48930792310267107,0.9364159285492479,0.8843354781451074,0.7349592284097948,0.7969430607377048,0.5448887782496776,0.9847683274228232
1.0,0.4915678744364669,0.7916619046610989,0.3491324290423634,0.5121335013448279,0.4828799414273511,0.8462152690493443,0.7832260927446199,0.7272739503101866,0.7740954592870397,0.5310378322515632,0.8373561792821846
1.0,0.486057772583069,0.7906232950053562,0.3524071883657882,0.5116211154349838,0.483674570650936,0.8317979505227203,0.7847348568892836,0.7223695172356823,0.7802109998505571,0.5318526072391608,0.8328340552195239
1.0,0.474870596092837,0.7890823162794467,0.3533667888322302,0.5141856303968574,0.4843119557528061,0.8144232333239684,0.7957547518674658,0.7150142981080749,0.7745053560174604,0.5375803261028925,0.8116926482092777
1.0,0.4757054600100184,0.7882120170950646,0.3531828835884383,0.5142617182332675,0.5021928886319124,0.8184896564981443,0.9046372309740408,0.7071164467757621,0.7370156060807775,0.5643058236249588,0.9585948978228932
1.0,0.4601769911504426,0.786828225199256,0.3524274037234153,0.5163260459053569,0.4855381220229477,0.7988968902952963,0.8748613268249394,0.6949194804357028,0.6741932421714039,0.5530704776593676,0.9824309721652952
1.0,0.4449824678577392,0.7882541330875341,0.3638752842715041,0.5148701398676162,0.4877811473091502,0.7586023333875522,0.8979809185711116,0.6823138580319159,0.5671689739667771,0.5646605876845664,0.993641640571298
1.0,0.3796961095341457,0.7888672346527623,0.3785752184220743,0.5114630979965044,0.4925102150493594,0.695387936770816,0.9845203757118558,0.6725138654778648,0.5167147170918793,0.6036185309034658,0.9712132279699844
1.0,0.3756887627316749,0.7882970804636864,0.38665474294221175,0.5111007380380324,0.4935287960659422,0.6713590725597762,0.8161896309444565,0.6630622474172148,0.4696198548321775,0.5124633293131329,0.962203860305984
1.0,0.3832025379863084,0.7848769154591588,0.3902084761879425,0.5120387976346087,0.5015318848345993,0.6347612639921926,0.8031876340507358,0.6574659664555011,0.4727883923082806,0.5082963553221135,0.9848906208484638
1.0,0.3828685924194356,0.7822087286880048,0.3957360794236953,0.5120223013750875,0.5027268650296769,0.6284767918139205,0.7343317801937725,0.6495661192653437,0.4553438322773919,0.4808275601150728,0.8
1.0,0.3631658039739521,0.7809167539732114,0.39900173856461296,0.5136814551025636,0.5032881331454311,0.5870732104041284,0.7708083721618224,0.6448676195969316,0.4396736675124479,0.5089784232221323,0.8900516913031652
1.0,0.3417932876941057,0.7792735588972937,0.39631859397629104,0.51144267351454,0.5016062334024153,0.5260768627914882,0.8330227054211969,0.6352369636452586,0.4073283242858366,0.4950439065982821,0.9793597533327294
1.0,0.34129236934379675,0.7768993625696887,0.3814061347512429,0.5114384095393048,0.5011051197501527,0.5024176734144643,0.9046963981954,0.6242545259812617,0.3546704965599685,0.5306200806673516,0.983891658114646
1.0,0.3551511103690099,0.7767352405183505,0.3775437310787954,0.5092840213819487,0.5064409579679261,0.5042660475845446,0.7578729383921305,0.6167622577097298,0.3296019351605704,0.4971696802356238,0.7811755509231684
1.0,0.32125563533144097,0.7787725637188774,0.38021448368356425,0.5091474382282016,0.5062358978941247,0.4769101098673604,0.6994674950077657,0.6170666911629206,0.3425946631016312,0.4532293035576046,0.786982578916021
1.0,0.3048923025546835,0.7827035848439095,0.39194593427132396,0.5072605128264579,0.4999008632313041,0.4835642568796486,0.7362473189852822,0.6178857213472506,0.3424877869187598,0.4754140561893678,0.9670562835020842
1.0,0.2805142761729838,0.7857093014714747,0.4023961563466744,0.5082766720891838,0.4966731820422757,0.4506631966522247,0.5894904223060425,0.6132602937095553,0.2987735330689682,0.4468572987343766,0.9601777699551176
1.0,0.2457839372182335,0.7896238962153186,0.41824061292252335,0.5081100805100832,0.5011396939187754,0.3944726218817928,0.5890318763405075,0.6121686292351649,0.2928050813576341,0.4469243428916176,0.9050779510022272
1.0,0.241609617632326,0.7919921437146811,0.4284622714841849,0.5076833371788435,0.4947907101685503,0.4488148224821448,0.5354929369129501,0.6111303390701976,0.3036599262867288,0.4185667279781891,0.9300445434298444
1.0,0.23025546835865746,0.7935651159771568,0.44068473063401264,0.5063716497711949,0.5061380355832565,0.3896668490395845,0.4436358257525331,0.6103766447847874,0.3287090374246249,0.4258950706479193,0.8232770883942837
1.0,0.2462848555685421,0.79201482301912,0.4381420445211599,0.5081780722211143,0.499421466723174,0.42996140594732857,0.4760150876414465,0.6090479232256021,0.3047205125114624,0.4406289133486939,0.8384339136544614
0.0,0.3035565202871929,0.791938055926718,0.4371496219188857,0.5108399545554225,0.4993341730004545,0.5197923906132162,0.5112417720582796,0.6039779595566563,0.24493082083815004,0.457308940901581,0.7979168621563288
0.0,0.29120053431290704,0.7898166475260391,0.4228918567518983,0.5131723284644581,0.5090271448634489,0.5079627959247045,0.5054359884623918,0.5975368616077403,0.16353532178382027,0.4545951107433999,0.749160176409871
0.0,0.310235431624645,0.7874577944512113,0.4010688460356201,0.5115779587572188,0.4940914588985301,0.5105505197628162,0.4855927815989942,0.5944928160487617,0.1391766879082536,0.44483597019264093,0.6173594820305899
0.0,0.2860243780263817,0.7845370474999025,0.3863166332694033,0.5089097827268972,0.4961744372773969,0.4107383145784967,0.3702906589749277,0.5936033513222354,0.1428485156942838,0.4445954196707744,0.5833911982734351
1.0,0.2938720988478875,0.7835564033717901,0.3882288527314994,0.5098114740958742,0.474265480966857,0.4284827066112644,0.3334368759707121,0.5971903389877982,0.1855177773398051,0.4247663594191852,0.4812799099183637
1.0,0.2429453998998161,0.7828713452723948,0.3916019920313588,0.5076116442823304,0.47535029914599897,0.3175802564064645,0.09010428222764556,0.5991816563492591,0.18823969347952152,0.3530415974934084,0.14768271219933976
1.0,0.27784271163800284,0.7848849417440231,0.4113609936481141,0.5079875495524395,0.4745761504222431,0.36009286231830456,0.2834109903113675,0.6071203277230974,0.2265357764330248,0.3919198943865884,0.401064709380757
1.0,0.2360995157789281,0.7865649508013646,0.4216492140376093,0.5068359902587095,0.4761631725801782,0.3286705014269449,0.3134235633459063,0.6067192613698198,0.2293892681090463,0.4086907176547804,0.3682530933143797
1.0,0.2406077809317079,0.7868459233033605,0.4268044550959863,0.5036482087705578,0.4933585905079051,0.3382820471113605,0.267176983950891,0.6065614444501006,0.24945968211772346,0.4359746232685392,0.3365729122847736
1.0,0.28719318751043565,0.7877238733557999,0.4278843943975793,0.5053754997545475,0.4993185421146733,0.3589838378162566,0.3460468900229274,0.6086492484621975,0.2633254843543303,0.4306056966362977,0.3370515963387923
0.0,0.24294539989981634,0.7890735456080975,0.42424577599867613,0.5039788154284748,0.4976283061609129,0.3408697709494728,0.31884476000295825,0.6086633298410613,0.2319569387681427,0.4650454058630686,0.2864561423867476
1.0,0.17815995992653186,0.7925231216443454,0.4516985831230689,0.4999326410406348,0.5068028553928521,0.21591967705206455,0.23359218992678046,0.6121933629080699,0.23141064220387844,0.4021409561916625,0.002117313785903468
1.0,0.19719485723827024,0.7934659351780335,0.4759885116865634,0.4984572403803188,0.4727123532455002,0.23218536974876894,0.28338140670068784,0.6220990870305123,0.230466103257186,0.4243841225639508,0.02091396975117926
0.0,0.2554683586575386,0.7940955768289939,0.5083792822450697,0.5015746175878653,0.4942225018666342,0.3464148934597125,0.3807410694475261,0.6319376923965894,0.25702330183140554,0.4294914113646137,0.08375625572707363
0.0,0.2704959091668057,0.7937422693046026,0.5203140608833859,0.5033422864195484,0.4933800738154685,0.3918848980436805,0.3949633902817839,0.6416987176336735,0.2747716734936171,0.4372514644957389,0.046088991084755136
0.0,0.2898647520454164,0.7926067679997111,0.5196820103795774,0.5018925235317657,0.4972329314302682,0.3989087198899845,0.3688558538569631,0.6517141989117088,0.327495680114992,0.4269861141844147,0.12978102189780946
0.0,0.296877608949741,0.7920787499123536,0.5245589429207287,0.5027297538391705,0.4990776008420996,0.3837520516953286,0.3349530360180457,0.6566438094747775,0.3370472867308489,0.4560946712659299,0.0581995133819942
0.0,0.33728502254132564,0.7928923696429404,0.5363629613923944,0.5073487785871746,0.5001477005487788,0.5050053972525765,0.4831373419125807,0.6608862865866267,0.3300213485399396,0.4905655001739478,0.25577517288734153
0.0,0.35364835531808314,0.7932804614512281,0.5466463882218533,0.5092506607530737,0.5009831762255262,0.5427122303222084,0.539997041638932,0.6613114919002092,0.32017349182169696,0.5226190050732307,0.4588013144342538
0.0,0.3695107697445314,0.7928774212145773,0.5498726500283235,0.5073813652398919,0.4989201832606403,0.5538024753426882,0.569255232601139,0.6630380124654864,0.3425288043185037,0.4888779390122708,0.4823924665260678
0.0,0.3645015862414427,0.791976122786699,0.5535935840884367,0.5067513963500145,0.4991284914857044,0.5574992236828485,0.4277864063308928,0.6654700038201964,0.3883621069149139,0.4624812165557535,0.3547746333807445
0.0,0.37418600768074783,0.7932977371702403,0.5675621399643209,0.5041567353498254,0.4988443959737973,0.5682197938693122,0.3530064344353228,0.67110889989593,0.43159646236747257,0.4772682396788946,0.3103143852077098
1.0,0.30789781265653704,0.7962278641435852,0.5879690303757945,0.5002232814806269,0.4981359941342507,0.4628624661747526,0.3130315805044004,0.6746222955638121,0.436514948647556,0.504931092296189,0.20388444749619852
0.0,0.3409584237769242,0.7996791840309485,0.6014603506386715,0.5038898757600623,0.4890942714622302,0.6000118295946881,0.4712817099326974,0.6779826890573066,0.4167120884964091,0.5348319248785527,0.5418117612438078
0.0,0.35080981799966604,0.8012738403735566,0.6091939622700742,0.5013092541122275,0.4864401851500192,0.6081446759430401,0.5070408993417647,0.6764591599476497,0.3672679921608518,0.553765614095265,0.5305802148217177
0.0,0.3848722658206712,0.8011811096425552,0.605478429533864,0.5051870614100821,0.4936173573898568,0.6916911884306561,0.6209082168478667,0.6767320548084619,0.3474003537593604,0.6163593494635969,0.9431065770758748
0.0,0.36650525964267816,0.8023123648548163,0.6077541369147035,0.5068094099780673,0.4951259374626686,0.6672926493856004,0.5309740403816287,0.6699100889604503,0.2785585727787563,0.6161541998903295,0.8336486523539258
0.0,0.3264317916179661,0.7987522067339001,0.5903657303790784,0.5059263690638877,0.4983471458437239,0.6144291481213122,0.5677316766511352,0.6641091528804881,0.21580529297304074,0.636159786685982,0.6603602862548338
0.0,0.3995658707630656,0.8135099331097275,0.6515651154452189,0.5107795360573377,0.4954447331291908,0.6428941103405446,0.6595222246875232,0.6578827351003679,0.14419606073331115,0.6363497960098807,0.7719283814537592
1.0,0.09901486057772574,0.8252381835490223,0.7054574764638968,0.4827297218945088,0.4893532407883525,0.5209014151152642,0.6368685748095555,0.6521540232102141,0.0967627269950655,0.6272346175281759,0.4805077311108677
1.0,0.15862414426448493,0.8438926951069772,0.7893643318598679,0.4853291463689904,0.490009352094697,0.6077750011090245,0.5993861400783964,0.6524884324603881,0.0877539611519384,0.6034555589794611,0.5586429193233423
1.0,0.12406077809317073,0.8414276665397522,0.7880398064206766,0.4853753639133877,0.4925412325065892,0.5685894687033284,0.4684342874047779,0.6522092833787636,0.07750306870218943,0.5826656712083741,0.3793614568383416
1.0,0.1319084989146768,0.8403464036535313,0.7942798231923145,0.4860536825829363,0.4922428261625344,0.5260768627914882,0.5679535537312329,0.6577297671660916,0.10495978766129266,0.584011860980483,0.4123473637155032
1.0,0.12272499582568035,0.8403429892360714,0.7995442095395087,0.4849627626964657,0.480559531098038,0.4939151522320966,0.3734708971229935,0.6607320120240441,0.10412336289834184,0.5464276266869319,0.29576735759828743
0.0,0.16597094673568208,0.8428739894295334,0.8197816739744532,0.4897310718388694,0.4793696894730636,0.6528753308589763,0.3964055913024183,0.6683663353416059,0.1347987441294703,0.5050873379371815,0.3611509775780535
0.0,0.2105526799131742,0.8462028999376168,0.8478855717029039,0.4944713003735735,0.475444115848296,0.7608203823916483,0.5242807484653502,0.6725011287138489,0.1362694312692771,0.5129859314336837,0.7154083241182984
0.0,0.1808315244615128,0.8460128973913275,0.859934104986193,0.4950591077565396,0.48139589404208,0.7312463956703684,0.515723689076252,0.6729056280213173,0.1385946334173953,0.5087659398299347,0.7540408912312082
0.0,0.1532810151945232,0.8458328738320322,0.8657203175589829,0.4919295393220696,0.4850329805980205,0.6480695580167687,0.3602026477331555,0.6731176964178556,0.13928591175342284,0.4820840402208539,0.4793308707620642
0.0,0.14543329437301716,0.8435232006351243,0.8548489182161523,0.4947806845293464,0.4868754207083457,0.6347612639921926,0.3624731898528216,0.6755633605875444,0.1490153282671242,0.4831373803774273,0.4774311090867688
1.0,0.16062781766572035,0.8434598652843892,0.8634250837413766,0.4963849296306312,0.4852894131575944,0.6292161414819524,0.4305672657347829,0.6772902507835981,0.13476436148106047,0.5188992294050627,0.409246185379185
1.0,0.1729838036400067,0.8445949120870924,0.8778403967445227,0.4978149987904834,0.4812840389830768,0.6979756606089282,0.5023223134383551,0.6784221070993364,0.11108832905872773,0.5519389104124685,0.7263493509451144
1.0,0.13808649190182,0.8449812084763444,0.8892287955631033,0.4978015021093189,0.4731713216678637,0.6598991527052803,0.6270468160639004,0.6774364337762253,0.09137381834122517,0.5630699853285388,0.9153268048280568
0.0,0.18166638837869398,0.8441301153980203,0.8861545350601943,0.4987404025506016,0.4786189299088918,0.705738832123264,0.6114488573330377,0.6747298351534898,0.07386872241973974,0.5543604067316535,0.9395809610567064
0.0,0.16563700116880956,0.841098877381818,0.8780022699564747,0.4969524545988996,0.4830203622878586,0.6684016738876484,0.4367206567561568,0.6729348043928223,0.06503604856889439,0.5234290990187134,0.7661125028467315
0.0,0.16947737518784428,0.8385236018584137,0.8618175800214616,0.4973430766802114,0.4808973017485215,0.6610081772073283,0.3859034095111308,0.6745607266558578,0.06895431501044152,0.5498057387515051,0.6126564222265446
1.0,0.1783269327099682,0.8368450785734738,0.8484245485246344,0.4982388903805638,0.4826819010967969,0.6373489878303044,0.3576288736040233,0.6764620391574674,0.06804198004250689,0.5388785840046598,0.5945325292543635
1.0,0.1739856403406243,0.8348593795902226,0.8345296488155325,0.4978160257697038,0.487175022474803,0.6513966315229122,0.3421492493158791,0.6792108628774765,0.0695620352553436,0.5336975679219442,0.5822934928328343
1.0,0.18016363332776747,0.8339837396268384,0.8354326672555001,0.4984462583532759,0.4977898816290185,0.6373489878303044,0.1942755713334809,0.6795819826548826,0.04404451510131169,0.5153297546706406,0.35770954409412725
1.0,0.12172315912506253,0.832455979118154,0.8319910181069201,0.4915674982488752,0.4873939900335562,0.4990905999083207,0.14586938835884894,0.6836360316441865,0.030404343469022318,0.4796945850023571,0.2106329188781623
1.0,0.11337451995324753,0.831848125892082,0.8265060002007405,0.4943062289196114,0.4854604786833665,0.4835642568796486,0.07951334960431877,0.6896142810268633,0.02769496526390114,0.4851058356052829,0.09836669170385423
1.0,0.1494406411754885,0.8301337037093437,0.8142629322517634,0.4946494476839445,0.4832156861847535,0.5401245064840966,0.1177723541158201,0.6990530845236662,0.04412824712316349,0.5000298656309519,0.10256126482213493
1.0,0.18367006177992992,0.8259032466107699,0.8026344279927571,0.4947691385262424,0.4794356836583107,0.5719165422094725,0.20804674210487376,0.7070320535490724,0.058842388134596864,0.4865803075399328,0.2091458972230224
1.0,0.19619302053765214,0.8226984475467374,0.7976142611685668,0.4961077779833075,0.4574466335849254,0.5386458071480323,0.1326529102877001,0.7123609279533556,0.06260305017628638,0.4070222563412821,0.004913505362498248
0.0,0.27082985473367843,0.8198990206577629,0.7991914205731818,0.5044487378473625,0.4624098731857245,0.7168290771437443,0.2762443606242145,0.7233778029388434,0.10807448034652156,0.4778783118057048,0.2316228601960505
0.0,0.2755050926698949,0.8172054528340142,0.7967625297055698,0.5049811654911157,0.4709891513233898,0.6909518387626243,0.2562162561940682,0.7278127812147093,0.13237383638474026,0.5229170226109794,0.19765116378026487
0.0,0.2521289029888128,0.8154814126465149,0.7910210812978056,0.5023047276761818,0.468710400654434,0.6103627249471362,0.24794024110642696,0.7328316256930241,0.15962395044063155,0.5120366383760219,0.1501425471256546
0.0,0.24344631825012525,0.8139431261539474,0.788761402974828,0.5013201420869849,0.4593721884459654,0.6292161414819524,0.2575918940906732,0.7378498851603803,0.17951635966517626,0.5179455333924333,0.20969320454448734
0.0,0.2846885957588913,0.8138774419890886,0.7935253040210843,0.502316197837621,0.46100693086908,0.6772738699040322,0.3676059463057468,0.7427148199074136,0.1972747064545175,0.5455509299659576,0.4086634611293145
0.0,0.29754550008348635,0.8143632802404244,0.8066379258254401,0.5037731446740576,0.4685467238491492,0.722374199653984,0.3688188743436137,0.7436480395288441,0.19272739031889652,0.546367061078349,0.41470575720182135
1.0,0.2324261145433293,0.815990732727391,0.8219674976884535,0.500062155362399,0.4686925053572002,0.6414154110044802,0.3031210709267064,0.7465785661720616,0.2036353209091082,0.4638705909103169,0.15512105867835474
0.0,0.2406077809317081,0.8176600012095299,0.8340009084062192,0.4972855248984194,0.4642621123859672,0.6569417540331525,0.2888469787737593,0.7539551969366722,0.23071288730011086,0.4565867321631771,0.24494702353091385
1.0,0.2180664551678075,0.8167748206216694,0.8363489181103209,0.4983889264573758,0.4656263321202826,0.6103627249471362,0.23263072257969056,0.7604614165653432,0.24653115843257886,0.35858006335178344,0.06269945959746448
1.0,0.2205710469193521,0.8169701983386761,0.8444143642862416,0.4986705469433864,0.4688255443138031,0.6070356514409926,0.2973300791361587,0.7702871192963292,0.2781124714429196,0.3915987541857184,0.0010019060651968491
0.0,0.2674903990649522,0.8158117868481392,0.8480850502453651,0.5040466349244871,0.4732993346938925,0.7323554201724158,0.3935581687744992,0.7800570717879289,0.3065640262064282,0.4661115786159439,0.08976798653297308
0.0,0.2968776089497413,0.8147066770047289,0.8521695963765379,0.5036969878059737,0.4789800839653439,0.7608203823916483,0.3980400857924709,0.7857062505732109,0.3199551031093827,0.4704673719159299,0.14751518700139055
0.0,0.31040240440808137,0.8125854340403231,0.8489459082044508,0.5052350899940364,0.4711164802354619,0.8037026631375042,0.4495969233044893,0.7911544321218527,0.3256333264497091,0.4763968707627438,0.16492364645996996
0.0,0.3127400233761896,0.8099459421417272,0.8437424667028974,0.5017840461274162,0.4694650342169908,0.8062903869756158,0.4836032837807851,0.7959143894084619,0.3329209648503891,0.5152819365741238,0.3238399634724033
0.0,0.35164468191684745,0.8063323732778042,0.8386693903174043,0.5025108502264201,0.4730104163838574,0.8476939683854079,0.504171289105836,0.8000429777897291,0.3529764154282741,0.5415338597789385,0.8206152616859803
0.0,0.3411253965603606,0.8012668056982579,0.8234740434202781,0.5013899271471682,0.4831749119408178,0.8096174604817601,0.4484579542933215,0.8016037042470456,0.3731569676592758,0.5229035089995381,0.639603457041182
0.0,0.3923860410753048,0.7990164439538591,0.8209038014161345,0.5035652257836406,0.4882184580714203,0.8861401511230721,0.4399822498335921,0.8029643286162005,0.39032412377132375,0.5142162597276443,0.6527116587323821
0.0,0.3768575722157288,0.7980373876164615,0.8173450661002752,0.5053958797096206,0.4798800117306455,0.8839221021189761,0.4471858590340949,0.8036361725132659,0.40826230418491705,0.4732167932418301,0.5805652981225484
0.0,0.3678410419101685,0.7961965125771897,0.8116904648765871,0.504258591866629,0.5150673255860132,0.9001877948156801,0.40378670216699897,0.8035642111333974,0.4150055442827158,0.4733887483111862,0.4633578906552918
0.0,0.40207046251461,0.7917648303802034,0.7976449801380336,0.5044295144967712,0.4938612754908491,0.9131264140062396,0.40137563789660535,0.8043944744765399,0.4286945768442677,0.4688739686703083,0.3711059619699159
0.0,0.4157622307563866,0.785934600057097,0.7849943079730479,0.5060296651637244,0.48489540123482106,0.90203616898576,0.4241624140226312,0.8046693482899205,0.4180565040748844,0.4450857736165639,0.441943433005994
0.0,0.42143930539322094,0.7818603815662053,0.7742247496506407,0.5029562626884093,0.485890663421765,0.9138657636742722,0.4717920272169219,0.8035573844149557,0.3914242158695857,0.4550797347940324,0.5296995108315873
0.0,0.4145934212723327,0.7796967115349407,0.7660243251445664,0.5022836939094845,0.5413165062076906,0.8868795007911039,0.5101397825604612,0.8015502136140908,0.35690453632757124,0.5004929661995705,0.4887270587369891
0.0,0.42294206044414745,0.7762828848729328,0.7434573716061299,0.5031627021872765,0.5051344095021456,0.9223682848566398,0.5242437689520008,0.7999671354831479,0.34123017973106234,0.4659582807898837,0.5436757512229227
1.0,0.4316246451828352,0.7741427942035153,0.731431948418404,0.5042518391015186,0.4741092916723129,0.9005574696496962,0.4966940315065456,0.7981636951817346,0.330255273536477,0.4344580585958861,0.34054213100886405
0.0,0.4431457672399399,0.7696403617552705,0.6999752546340465,0.5054059381094935,0.3476385865630206,0.9574873940881601,0.5265069151689962,0.7982626744678525,0.327896653067966,0.4180285306195371,0.3449556806061269
0.0,0.4676907664050759,0.7660359667003007,0.6617694254069395,0.5064284818373888,0.0,0.9574873940881601,0.5035500332815626,0.7985693172610533,0.31629749371515625,0.3927648396001675,0.22292103424179086
0.0,0.4842210719652695,0.7607045147296052,0.6274351303749857,0.5045981816271943,0.3492284372177521,0.9970172403507724,0.5465572073071521,0.8005561291185004,0.31354306434426144,0.446397826739767,0.44918901026150265
0.0,0.4807146435131073,0.759642247292442,0.6270619620736195,0.5043386520609312,0.4493864849702419,0.9863743717071392,0.5513497522372605,0.8013824621988709,0.311485648706106,0.4521452329209159,0.4136967155835093
1.0,0.4145934212723327,0.7574497482135403,0.6336406050620764,0.500434152595414,0.43964948374059104,0.9500801861576682,0.4711411877819681,0.8023875939312384,0.3167689551781479,0.4000426217168635,0.2086873367906128
1.0,0.4257805977625646,0.7568996931630796,0.641940179736481,0.5017861304712664,0.4380043381967003,0.931998993742335,0.496339028178389,0.8062041575408878,0.34146150897400834,0.3817656217217463,0.2592503700147988
1.0,0.4165970946735681,0.7508675874754869,0.6200200296194729,0.504370491529385,0.4704289606032659,0.929640577340335,0.4954958952740184,0.8093195115488994,0.3603922022179286,0.3807719150344308,0.2981319252770103
1.0,0.4219402237435298,0.7450717892563209,0.6085581229483434,0.5053055250986996,0.4714000266995518,0.8514197666740039,0.4377856667406255,0.8130807897864307,0.3942148647326886,0.3623563449228701,0.22924916996679684
1.0,0.4398063115712141,0.7420564947888706,0.599579203503229,0.5036734734040336,0.4643811016118357,0.8561365994780039,0.41831225501072383,0.8177727833121868,0.42672614179965707,0.3449493497982661,0.29329173166926586
1.0,0.39973284354650174,0.7406788274366498,0.6006855504468251,0.4986876304824387,0.4529928393352039,0.8573158076790034,0.4642556023962722,0.8212837960370023,0.4561993221669629,0.34380527140619177,0.5302212088483514
1.0,0.433127400233762,0.7410143078943601,0.6073426394113328,0.4987760908202698,0.4593782721083979,0.8981950253136692,0.5141705495155686,0.8218279672484661,0.4571392692755509,0.3548517896149413,0.7596703868154726
1.0,0.41993655034229416,0.7371535877336828,0.5935272487033658,0.5009893149615876,0.4424084459725563,0.8816861104996696,0.5518674654241554,0.8201451564266597,0.4623768642326964,0.3520952432004719,0.8616744669786793
0.0,0.4381365837368509,0.7345225619343188,0.5825991445724585,0.4993498588465672,0.4391464663783891,0.8974088865130028,0.5553657273870277,0.8168237758929053,0.4665618538087319,0.35628067207359576,0.8261130445217798
0.0,0.4571714810485891,0.7303591504822555,0.5696671106434106,0.4977988828004217,0.4685896393696827,0.9402534511493352,0.6124916796094964,0.8140710806318958,0.4642222065052735,0.3756436044857636,0.9760390415616632
0.0,0.437635665386542,0.7289041501329829,0.5757680053595258,0.49588886450784,0.4848431003119063,0.8647841262853369,0.5955106870793581,0.809379662911063,0.4504210013129185,0.4131256760448577,0.9684469103384024
1.0,0.4037401903489731,0.7263192596358934,0.5901869986442074,0.4954998673330671,0.4681418549367478,0.8498474890726704,0.6033799275201539,0.8066195166905656,0.4434641390284444,0.4221869298314393,0.9542457805907181
1.0,0.4302888629153446,0.7258127766790605,0.6070728401419487,0.4948249171163817,0.4661204699346898,0.8639979874846699,0.5223060424524816,0.8045225682166066,0.4551991194161914,0.3647479549838247,0.8311132031066125
1.0,0.41142093838704297,0.7229095137368735,0.6123329559129231,0.4963006428837749,0.4841416368255075,0.8514197666740039,0.4361733599585832,0.8041030566540182,0.4591830713819946,0.30778252103981546,0.4880333433592581
1.0,0.4122558023042242,0.7230834144375176,0.6296779600940958,0.4964099760733148,0.4767974533829924,0.8474890726706703,0.4394645366466978,0.8040980660342558,0.4586174529046753,0.3123352268650258,0.4702874575688567
1.0,0.37618968108198375,0.7206833212453572,0.6384496913210675,0.4959897530744296,0.4918422932962509,0.8077890632370051,0.4662007247984615,0.8037635221801421,0.43160647482990655,0.3480996855989113,0.3930305504232352
1.0,0.40507597261646333,0.7192042328780026,0.6529984805304161,0.4955673030630838,0.4825536820841765,0.8274425332536712,0.4189187190296578,0.8039510722011819,0.4146562299506157,0.3353653340461253,0.22498173849525105
1.0,0.4005677074636834,0.7156792082492576,0.6437970018281011,0.494994527007628,0.4938431004777629,0.8325524354580043,0.4190962206937351,0.8069160170824401,0.4051446529362667,0.33556114245260377,0.2157865337515552
1.0,0.39589246952746704,0.7149632086819597,0.6228508909530903,0.4945473951200699,0.484811642371652,0.8077890632370051,0.4089712299386137,0.8102691111975981,0.41522808501241787,0.32656491296045315,0.2194675613263032
1.0,0.3710135247954584,0.7243370218505878,0.6487909699033108,0.4953583110395951,0.4984758278100506,0.7893148014213389,0.3752089342504252,0.8136144273625279,0.42374598181657774,0.333613270703019,0.14918739924186594
1.0,0.23910502588078136,0.7329139644128038,0.6739257593731494,0.4809922010184317,0.4936930024482374,0.805430646835005,0.4274831743214261,0.817113532788903,0.4345018228395969,0.34460601678721986,0.1728459530026113
1.0,0.2409417264985807,0.7399218571861268,0.7148412837631141,0.4811655196071304,0.4911146737375491,0.7676959844030062,0.45362769025959604,0.8186720705724595,0.4309775681242387,0.3817924520252608,0.14905715114592213
1.0,0.2529637669059945,0.7362948090684109,0.7044483640091752,0.4787430082488048,0.5020064147013097,0.7830256910160059,0.4542933214998886,0.8208956648699497,0.44176834746842697,0.3826158143710866,0.21206846533216936
1.0,0.2591417598931374,0.7338279600002466,0.6992243321810827,0.4756924680801511,0.4926250868068931,0.7881355932203388,0.4907773093706089,0.8221380357599499,0.4454895353253029,0.4239514924529144,0.5648970118944008
1.0,0.2526298213391215,0.7323373549969152,0.6827181742808794,0.4750002323866134,0.4938456449770896,0.7700544008050058,0.5928629539235264,0.8221063027998896,0.4525274632324541,0.501419316236916,0.8105599071656528
1.0,0.2407747537151445,0.7293879138900303,0.6589358714689864,0.47743910932050304,0.4890699263432683,0.7610138045973397,0.5521780933362915,0.8196633995315259,0.4408607903388944,0.4974744025887039,0.7937917029300837
0.0,0.2830188679245282,0.7250867189247998,0.6316972269107777,0.4782458419449868,0.4741643820275723,0.8030722304330049,0.5553731232896971,0.8184487143059436,0.4411588836107944,0.500836346638715,0.7350159559036831
1.0,0.2848555685423277,0.7193867681945689,0.6129774450809915,0.4784635065393745,0.4667321982473922,0.7610138045973397,0.5597662894756306,0.8157602221952359,0.4155923287077376,0.5055602558838033,0.5872352770525062
1.0,0.29153447987977954,0.7137109651965727,0.589815624172735,0.4791786941641234,0.4743587345790772,0.7606207351970062,0.5875231121958433,0.8127894174190728,0.3857551160769634,0.5323974412425987,0.561895901173308
1.0,0.2988812823509767,0.7101084950190848,0.5738788674498194,0.4800128830342337,0.472788598732191,0.7158108235590074,0.6130167886990607,0.8113247407327995,0.3706127415240131,0.5555725382932883,0.4763446738719057
1.0,0.3025546835865753,0.7043762599406604,0.5526791683232362,0.4803970520974625,0.4913677244952867,0.7433256815823401,0.5809185711116045,0.8111684917471462,0.3739038591770113,0.5177891666441906,0.5568948525509826
1.0,0.3544832192352648,0.7017318676514814,0.5465917524520867,0.4823464993464713,0.4946949890872362,0.7775227194113392,0.5913541897788626,0.8119659644722035,0.3959203718070109,0.5267296669046139,0.5385508592661399
0.0,0.3387877775922524,0.6988689541030197,0.5439457060162631,0.4805594797291552,0.476681339136259,0.7790949970126724,0.6555062495377559,0.8121026546529873,0.4027333584612624,0.5468294496018218,0.7677327317364468
0.0,0.3818667557188178,0.7023851544541855,0.5600204624734257,0.4851048584975872,0.4574553138580642,0.9005534417156693,0.7221359366910732,0.8116835291506219,0.41638731045686944,0.5728746847658671,0.9625354717342092
0.0,0.33728502254132564,0.7025323562627115,0.5711530894103933,0.4801534558367033,0.4332753443137369,0.9060564133203358,0.6527253901338657,0.8089322623812851,0.4019055866093637,0.5299784536422018,0.936342740390756
1.0,0.2603105693771914,0.7037708014637989,0.5843152249250763,0.471921656742069,0.4302172854214528,0.6784692305273415,0.6289919384660894,0.8088763718255416,0.4154565951717813,0.5132372201411136,0.7635359468777942
1.0,0.2194022374352981,0.7043568014466386,0.6039778138316276,0.4711526108569226,0.432508627779731,0.6352315964906763,0.5679905332445825,0.8095884817363264,0.4234362127203923,0.448882628717924,0.8468003207698469
1.0,0.22374352980464174,0.7061334738723999,0.610969170607981,0.4716803533243726,0.4263365824266425,0.6996949781453413,0.5422453960505883,0.8107845673349738,0.44730108117252615,0.4774384735701002,0.8391659983961526
1.0,0.2257472032058772,0.7047091232363929,0.6052500832906798,0.4718831213258792,0.4231716567355118,0.6871167573346747,0.5250942977590414,0.8101363831165305,0.4541613958460722,0.463470463451444,0.8938893344025663
1.0,0.2319251961930206,0.6998194575464081,0.5761411494109485,0.4725311448165464,0.4271477801935914,0.6647118015156755,0.5570667850011096,0.8089480071570665,0.4625132203178896,0.4377837745400008,0.9885805934242198
1.0,0.24595091000166966,0.6963243216029897,0.5793463254869446,0.4740452861753716,0.4284483133283832,0.6426999150970093,0.5171067228755267,0.8059459770400849,0.44988185644472706,0.4573438754933868,0.9879829787234052
1.0,0.21689764568375355,0.6918489858017218,0.578461648490437,0.4745444841360575,0.4263307334649295,0.5978900034590106,0.4777531247688784,0.8038036435715796,0.4390440849504645,0.4764733441695743,0.8688286040952096
1.0,0.2521289029888128,0.6896128065641256,0.5935054366665646,0.4747144890977901,0.4211188919494369,0.6112543630703436,0.4771392648472751,0.8018158843896468,0.4265008182352218,0.4760745349662101,0.8746393827574644
1.0,0.25880781432626465,0.6876400128886306,0.5907812020313172,0.4754581583553021,0.42465520472096,0.6340523882896762,0.5079358035648252,0.7992134084993321,0.41186847672958377,0.4503510058847551,0.8496207746808571
1.0,0.2182334279512439,0.6877395669862514,0.6013787366501566,0.4746711498861637,0.4570458543100806,0.5743058394390114,0.4316248798165821,0.7952650974352424,0.3949723100835635,0.4333092114604871,0.5509535253909306
1.0,0.15227917849390538,0.6861774631246802,0.5956436148990191,0.466891676352967,0.4743307130420009,0.4178642181063486,0.486184453812588,0.7949393120990325,0.3808819569854848,0.4301600357592675,0.7136302631168266
1.0,0.13574887293371174,0.685726031449605,0.6006606893361348,0.4646583101947076,0.4697349759615868,0.3239206314266845,0.4802159603579621,0.7925409415950115,0.3707135384536818,0.4245197978619861,0.6685289803052538
1.0,0.1302387710803139,0.6916640576373982,0.6327708613552578,0.4641707736998914,0.4788463540088634,0.3557592528536837,0.4528880999926039,0.7916518424649809,0.3755388206725044,0.4470186759256587,0.5704922126158729
1.0,0.004842210719652572,0.6985791735661331,0.674297719940683,0.4537938993776817,0.4757271602158674,0.2441275431590199,0.3742030914873162,0.79151985344924,0.3955684713017456,0.42055669003689616,0.4108430350510315
1.0,0.003840374019034753,0.7032143025212192,0.6946296471253084,0.4535120875362187,0.4638912652603823,0.2213295179396872,0.3357296057983876,0.7930255692102439,0.4188558947793716,0.36491144540097337,0.17915665282936571
1.0,0.023710135247954626,0.7017652159716277,0.6842133021711885,0.4557385383121844,0.4564123653349703,0.2193641709380207,0.3907107462465794,0.7959520234538578,0.44645191603269707,0.3714298535283893,0.3384000749087049
1.0,0.0,0.7001860180901902,0.6741173726201208,0.4525480539136748,0.4545437739175566,0.15411465048268924,0.3865542489460833,0.7963787981600698,0.458311061512099,0.36428589619359053,0.2251006585723644
1.0,0.02604775421606259,0.6989153937981953,0.6718595114720034,0.4519164680605642,0.4639478899934109,0.19145624351435447,0.4330670808372159,0.7989088496502197,0.4761928504515405,0.423119805261216,0.1699803364649333
1.0,0.021706461846718702,0.6983239562218082,0.6720133147873155,0.4509756745736696,0.4643204833695788,0.13131662526335602,0.393358479402411,0.8022122591186684,0.4935205871539475,0.4269099103573339,0.003162992982109439
1.0,0.01769911504424759,0.6979987294887975,0.6686013374831006,0.4506139442847214,0.3977002605445659,0.13996415207068907,0.4745285112047925,0.8091351436179293,0.5301363455361616,0.4597358682252621,0.2255489021956108
1.0,0.015361496076139403,0.6989897110372225,0.6673075661654029,0.4501137445534719,0.444769394002712,0.10969780824502336,0.4394571407440284,0.8130933388583157,0.5550162059235522,0.4692981567631591,0.1469917308240684
1.0,0.03439639338787784,0.6997932775245586,0.6652847571621163,0.4487189342090251,0.4551829873924961,0.14625326247602266,0.5238074106944753,0.8188306172027155,0.5973733045683387,0.5181520429269354,0.31074449201211
1.0,0.045416597094673335,0.6993745403097362,0.6606494106867711,0.4500919395230827,0.4699271501240475,0.17966416150435496,0.5468826270246283,0.8203688314865631,0.620486476736959,0.5524997883970199,0.4800563850892756
0.0,0.08933043913842037,0.6986435477124613,0.653569337689752,0.4515998254962911,0.464932952457679,0.2260463507436873,0.5931218105169739,0.8209299664414895,0.6383130855070827,0.575322665343606,0.7239486416077403
0.0,0.0961763232593086,0.6973328208435521,0.6431693256826585,0.4487158546147715,0.4680781642960039,0.22919090594635375,0.5874491531691446,0.8197008169955609,0.6292743605525243,0.5687548346271672,0.6601693338295489
0.0,0.11153781933544824,0.6963948704401708,0.6301114745226439,0.4468679800677308,0.4645835842657104,0.2633879437753525,0.6267287922490941,0.8199857129247663,0.6259101496661064,0.5907244695526984,0.8279214737625615
0.0,0.1223910502588076,0.6960265157877563,0.6324714185215028,0.4480552288312051,0.4623868654667337,0.2441275431590199,0.6026033577398122,0.8193218187551652,0.6107163673461647,0.536513395510418,0.8919333829549662
0.0,0.117548839539155,0.6954058173285831,0.6282635382037438,0.4511977598632824,0.4719428723821461,0.2429483349580199,0.5925375342060495,0.8178280612426712,0.5917454876418893,0.5166899862023207,0.942128768142908
0.0,0.12489564201035215,0.698882126662876,0.6345697370410233,0.4483746498522535,0.4738593306237487,0.2480582371623529,0.601124177205828,0.8156396155150261,0.5862956126600134,0.5272292024424724,0.8085944830174507
0.0,0.10352312573050576,0.7018623544528757,0.6156676244622699,0.4461898534977481,0.4580820401991881,0.2798968585893521,0.5821980622735005,0.8133796296083801,0.5943602498082637,0.4940239356554943,0.8437324075811578
1.0,0.07947904491567861,0.7016470251803271,0.5860030104698728,0.4430982646846327,0.44849929343274175,0.21897110153768726,0.5818948302640338,0.8124083682159307,0.6170488056585304,0.4940705225738165,0.7421655094764492
1.0,0.12172315912506253,0.6967458390747061,0.5521388472830433,0.44801943063845817,0.4491565614492757,0.2099305053300206,0.5340285481843058,0.8104052160328845,0.624700221691714,0.4784094460026543,0.7122349408894718
1.0,0.13508098179996647,0.6923782987051093,0.5361757968352401,0.4494301461584939,0.4468230943401821,0.1674790100940218,0.5839878707196213,0.808280662070666,0.6255466135586611,0.4800969570294613,0.7382248076562196
1.0,0.14309567540490892,0.6916615137947768,0.5412321284219748,0.4504488893570109,0.44631142665169465,0.19931763152102108,0.6629761112343757,0.8042226220984721,0.631668914171541,0.5187502614467978,0.9973728654531788
1.0,0.13558190015027538,0.6935211726197745,0.5648056400663297,0.4494937595349983,0.4433655785781787,0.18123643910568848,0.6633311145625329,0.7981493896884313,0.6248086735282217,0.5196848339861626,0.9555119118777252
1.0,0.13558190015027566,0.6946640102752952,0.5880361128269416,0.4495348690978421,0.4455078053342949,0.19224238231502155,0.6690333555210413,0.7919559153499709,0.6026144401310909,0.5251271550093154,0.9917447676394899
1.0,0.1474369677742528,0.6960936205849872,0.6101135025958686,0.4472646885824664,0.4647406885684881,0.20757208892802115,0.7015753272686938,0.7861459925142076,0.563729987534229,0.5519214222644839,0.9991421021927868
1.0,0.1152112205710468,0.6947280274371166,0.6037160561684489,0.4468638431093575,0.4620457599293056,0.14153642967202262,0.653583314843577,0.7816091226263129,0.5348518773381196,0.5151744054972408,0.774492700394823
1.0,0.13958924695274672,0.6942066444669095,0.5933310151319884,0.44973835350414826,0.4084042469877601,0.1254205842583565,0.6463649138377341,0.7800806272921743,0.544198428775764,0.5021805180301468,0.8267376733082369
1.0,0.13090666221405894,0.6926179363784217,0.5876576498678092,0.4523147238126984,0.44761767188495205,0.10733939184302337,0.6615560979217519,0.7786392457068751,0.5443013369943439,0.515940578837562,0.751813423928016
1.0,0.150943396226415,0.6937504423300185,0.5910856338538129,0.4510780585503866,0.30309347578416634,0.12974434766202306,0.6597441017676203,0.7775345138432956,0.5471994516200823,0.5115788146581466,0.8294922413001558
1.0,0.13675070963432934,0.6951624318862826,0.5938297380982094,0.4529692591142488,0.3458381167104848,0.10419483664035684,0.6431994674950074,0.7748588271086105,0.5222946632405123,0.5429831856300429,0.8088329813607562
1.0,0.1339121723159125,0.6973068470169834,0.5872879232726269,0.4526733576952472,0.40916609437833706,0.11244929404735693,0.7079505953701651,0.7720073667636127,0.4939785747478895,0.5403941381494961,0.8125975576163816
1.0,0.13207547169811318,0.7006168354523471,0.5970831283195728,0.4524052496172421,0.3733170592213821,0.10144335083802383,0.6846165224465643,0.7688756121960338,0.4744457801041313,0.5719054330938398,0.7846661680893311
0.0,0.1235598597428618,0.7022756387782034,0.6190310974663873,0.4515354156611378,0.2438413069560077,0.126206723059023,0.650166407810073,0.7682270619337785,0.4599500212210966,0.5795795840091579,0.769089924439745
1.0,0.1183837034563367,0.7028381496197307,0.6441667528882489,0.4506732516989581,0.16804198484132427,0.07550077041602465,0.6138081502847428,0.7684281934175667,0.4591609374960735,0.5926655205678429,0.7251205611573888
1.0,0.13925530138587394,0.701242413029521,0.6550877867397704,0.4495407438423655,0.2959420149901806,0.08650671362535718,0.6119961541306116,0.7702181002557584,0.44563284038727735,0.5896438107685893,0.8447275446785463
1.0,0.15945900818166636,0.7010389296785724,0.6565431011948748,0.4483322221861413,0.3633617079275252,0.10380176724002384,0.5545151985799871,0.7702244794764288,0.4432828527037286,0.5363519302354607,0.9076514428656174
0.0,0.1639672733344464,0.7015179252891949,0.6565247932676852,0.4489172821971388,0.4031026296048539,0.12148989025502295,0.5087567487611862,0.7674430642740147,0.424969761446636,0.5506805776844798,0.7999329499445547
0.0,0.20487560527633994,0.7036878341747932,0.6628382918193365,0.4502608545187183,0.4183845985042873,0.20403446432502104,0.595421936247319,0.7639328345115974,0.3950669263677074,0.5666492445350451,0.8852412512571884
0.0,0.21572883619969951,0.7057383990870703,0.6729981067197734,0.4516369649645287,0.4272459767766969,0.25434734756768645,0.5984394645366466,0.7586786331415865,0.3516003539352488,0.5689418549774802,0.8409191800496145
0.0,0.20821506094506576,0.7085840104527077,0.6904399221675448,0.4544385529707558,0.4033397073477866,0.25356120876701943,0.6209082168478663,0.7540547630238326,0.32386138183245183,0.5877780516083727,0.9932628280454371
0.0,0.19352145600267145,0.7098496975230124,0.6985647824912777,0.45635171762218796,0.4077871550265174,0.2374453633533533,0.6192367428444641,0.7475502887566474,0.2800509095318641,0.5876982030686534,0.9773438939031126
0.0,0.2063783603272667,0.7106024015470647,0.705465088002545,0.4542064411403986,0.38523747154081606,0.2425552655576869,0.5749204940462989,0.7402361302295517,0.2237787080246418,0.6045581791112958,0.8190581445324503
0.0,0.19969944898981465,0.7105478589970171,0.7073934162441311,0.4533668635859673,0.3481951053530481,0.22447407314235374,0.6383477553435397,0.7348614831101359,0.18899966252144376,0.647008228949677,0.7494013630502849
1.0,0.18851227249958247,0.7106957725599905,0.7079504524651691,0.4519381016918806,0.2969140434308015,0.19263545171535448,0.6368389911988759,0.7310145840985347,0.17669827472078048,0.6466609026634993,0.6541413397187942
1.0,0.18033060611120388,0.7114330029236151,0.708629361919076,0.4508281805216469,0.3346611524619496,0.15136316468035568,0.5017972043487907,0.7298357956202175,0.1869421133613287,0.5967685373727271,0.4248787376435185
1.0,0.16463516446819149,0.7124707657890821,0.7044236573000586,0.4525287167877692,0.3140389130210495,0.125027514858023,0.4763700909696026,0.731206350993385,0.2031656327431723,0.6297178755213705,0.3768035856818317
1.0,0.191517782601436,0.7148909324839541,0.713627682393537,0.4522116095587521,0.16637693763509545,0.18556020250935493,0.5397529768508244,0.7307557988974476,0.2052342061439765,0.6227432394637058,0.4591698900963953
1.0,0.1517782601435967,0.7159660357193358,0.7154796731406523,0.450735516819585,0.25110799932491656,0.1081255306436904,0.5444123955328746,0.7307208580725082,0.2194324441766018,0.625971365637612,0.3209615030392331
1.0,0.1479378861245617,0.7181414223112075,0.7208582592253467,0.4501356894124065,0.2693875248462013,0.07746611741769116,0.4765623844390208,0.731876879470041,0.2218800005198737,0.5824836307577068,0.4063977405292571
1.0,0.16947737518784428,0.7203379147260609,0.7176743443891265,0.4529516081795773,1.0,0.14625326247602266,0.5410842393314106,0.7344189915398884,0.23095301149988,0.5721399348394468,0.4543500951679256
1.0,0.14526632158958075,0.7233588918598564,0.7269997105773331,0.4534511561951906,0.4444161315624358,0.1010502814376903,0.4363508616226608,0.7364486864329742,0.2210364564603394,0.557571644306621,0.189353472094308
0.0,0.2489564201035229,0.7259578158741937,0.7352423744496606,0.4664655394546959,0.431740642061294,0.3260239966901115,0.3393683899119887,0.7407042894275968,0.23324867395015175,0.5090941907280292,0.16991044020380394
0.0,0.2484555017532142,0.7264169437846341,0.7506703208057421,0.4664002308638532,0.4333058104793001,0.32147290028961506,0.4810073219436434,0.7469678093725678,0.27947238263683044,0.5395713343680885,0.2982056394189688
0.0,0.2444481549507431,0.7264587225679393,0.7597430454855298,0.4658784353418609,0.458049583065629,0.29788994621431536,0.4044301456992821,0.7510926752079337,0.3169325502449177,0.5051718978360406,0.3998227792018722
0.0,0.25864084154282824,0.7260079022053509,0.7652854369385715,0.4677136518648599,0.4753387305476507,0.33388498138187805,0.3520227793802229,0.7573702087551364,0.3673134241378492,0.4851026339065171,0.4811569521507434
0.0,0.2845216229754549,0.7236143992441186,0.7585017435594137,0.4673283871130686,0.4745450788364552,0.3748448489863467,0.4271651505066193,0.7602583353787521,0.38719647437462507,0.5164352865591826,0.6269274248247788
0.0,0.32309233594924025,0.721709521193659,0.7564559547208258,0.4685708173358508,0.4299794103502023,0.3988415390980554,0.4540936321278011,0.7589543419859701,0.3854281126865379,0.4788730992536255,0.6723716934207553
0.0,0.2845216229754549,0.7200032044598337,0.7590190908081045,0.4673581460349472,0.4103253340223234,0.32726520479933785,0.3284224539605056,0.7564850610115026,0.3932267906137277,0.4692324317700433,0.4822292561609759
0.0,0.2825179495742193,0.7214884401293546,0.7739899038927194,0.4671092024670158,0.4380917644595015,0.31112949937939577,0.3132164780711487,0.7573840243769911,0.4251945927264403,0.4601716097190068,0.3864197023271108
1.0,0.27633995658707633,0.7208165583659776,0.7759206155043998,0.4662905412765258,0.44280868214553903,0.3165080678527102,0.3372457658457215,0.7578007905469528,0.4525439007714184,0.4212379934966111,0.4438985280815719
1.0,0.28084822173985635,0.7189745024967844,0.774977990040848,0.4668950853436854,0.450892233985817,0.2784443525031032,0.2931661859329928,0.7582259227406938,0.4859894492534678,0.3941661094194242,0.3210673464353257
1.0,0.3132409417264985,0.7177486666854875,0.7778799825175897,0.4674190873434454,0.4737237565523117,0.309474555233761,0.2558686487685817,0.7603818920043572,0.5258578757086907,0.3804891836147216,0.29444712871995765
1.0,0.2596426782434461,0.7172346184712244,0.7928105220192396,0.46409702660456603,0.4183522376654514,0.2122465866776994,0.19946749500776567,0.7613121684785957,0.5315938537566117,0.339850162955471,0.10037400905495553
1.0,0.2409417264985807,0.717325777587078,0.8131275793063582,0.4615726930467713,0.4796192835673929,0.14604882085229628,0.24305894534427894,0.76508491570936,0.5263510840038603,0.3670758796757832,0.04849591095363345
1.0,0.2895308064785439,0.7179205954844865,0.8327762537219958,0.4643954103061034,0.4492634410063571,0.220107571369466,0.3362029435692627,0.7700029054918229,0.5253343518812661,0.3617693110127056,0.2416026914335817
1.0,0.2761729838036399,0.7173137616143519,0.8421476335888822,0.4625729732244807,0.4193983145587533,0.2283822920976415,0.3793210561349015,0.7721798560284174,0.5150530976189887,0.338198187834287,0.27510244984878585
1.0,0.2691601268993153,0.7184676754229566,0.8539095008522173,0.4616475711207837,0.3501060528986886,0.16466694249069108,0.3732712077509061,0.7733414573988411,0.4947514421112375,0.33370138398370386,0.16483654953917082
1.0,0.2586408415428285,0.7191601786394228,0.8538241903671804,0.4639352107943915,0.4093178654279639,0.15018618121638375,0.3734782930256639,0.7764144517115876,0.4585491315244917,0.33281345546373403,0.0724546370967742
0.0,0.2633160794790449,0.7211164946066351,0.8464399746403464,0.4645719913450194,0.40624219102793263,0.17832023169218048,0.5087715405665263,0.7834600455541596,0.4737704500112601,0.3534366132440808,0.18067748881895024
1.0,0.2614793788612456,0.7228137188670227,0.8389394723685202,0.4643254397267358,0.5006118026862203,0.16590815059991745,0.4127801198136231,0.7878184483281898,0.4893502888809826,0.3498113554325332,0.03238363425542461
1.0,0.2596426782434461,0.7235294316461442,0.8395014711073892,0.4640754876578166,0.5111087714245758,0.1683905668183696,0.4345684490792103,0.7971802762287123,0.538732991164935,0.3610796937721281,0.06986771411802044
0.0,0.2960427450325596,0.7248780913450292,0.8407492928326963,0.4652768142144154,0.49654473295916496,0.2407943731899045,0.5092522742400708,0.8035360936354248,0.5768117432989791,0.4032413478644423,0.3868346200731419
0.0,0.26598764401402564,0.7259358884473333,0.8519530829803741,0.4649400934937704,0.4744241669814114,0.17914770376499786,0.44144663856223615,0.8037722192737099,0.5832293130231085,0.3553364532312429,0.04602916610230779
0.0,0.2928702621472699,0.7283163402512359,0.8723300932125759,0.4686014643312914,0.4513586974525902,0.2552751344642119,0.6050883810369061,0.8090568648922609,0.6082867868166315,0.4219828874436368,0.35225066594428805
0.0,0.317415261312406,0.7308851173748936,0.9145642490176158,0.4719163477574254,0.4558517592447058,0.33098882912701694,0.6856519488203536,0.8110828968470631,0.6149351816244715,0.5028303301021824,0.6224434511716108
0.0,0.30823175822340954,0.7334937674757063,0.9433672101357338,0.4706178915969032,0.4592290848544831,0.3392635498551925,0.6636417424746689,0.8097221275628972,0.6182986292318343,0.4764983946829152,0.6236173190663229
0.0,0.3013858741025213,0.7357575731094945,0.9634147521276084,0.4696616573504885,0.4789089644404584,0.3450558543649153,0.6817617040159751,0.8082510082501988,0.6332196931501942,0.4888899719988621,0.5867985010609965
0.0,0.303389547503757,0.7367997237471888,0.9693822131776026,0.4699271025158504,0.4771390099971034,0.3541580471659082,0.7418977886251019,0.8053453082129214,0.6302504051828204,0.5622121313563985,0.780531852453835
0.0,0.3232593087326764,0.7369190055107664,0.9906911466577096,0.4688766769569226,0.4522539915430237,0.39470417873396735,0.7947563050070259,0.7984455055537156,0.6143051403358295,0.5940853694344511,0.796060393960603
0.0,0.33210886625480057,0.7368570797745857,0.9986458033734064,0.4663440332260826,0.4529432482067308,0.41042614811750106,0.854944160934842,0.7906312870664622,0.5865822367884984,0.6257814786343822,0.8190052169184493
0.0,0.33511437635665386,0.7369408681679954,1.0,0.4667374478840482,0.4534990431428242,0.4228382292097641,0.8629613194290366,0.7820710501855572,0.5581509089499573,0.6296278188954173,0.8252735731603437
0.0,0.35465019201870096,0.7374716915705326,0.9886112708650638,0.4656311344729155,0.4505102703658709,0.47000413736036406,0.9604984838399528,0.7728491014546066,0.5151336710256856,0.6661590631596839,0.9682920024289776
0.0,0.34379696109534136,0.7366797870331329,0.972553244217942,0.4679217161494604,0.4526781140216651,0.453454695904013,1.0,0.7631853556010022,0.4793014570015214,0.6834386093236637,1.0
0.0,0.34246117882785104,0.7348916345264573,0.9631990783816452,0.4678254060234264,0.4820707721599015,0.419528340918494,0.8129576214777016,0.7555333827801156,0.4525623251943265,0.5452587797661113,0.9852430016758746
0.0,0.3551511103690099,0.7338334965414939,0.9468970409116148,0.4695449452638866,0.4854122880082221,0.41414977244518014,0.7476739886103098,0.7505715039679395,0.4391791404731476,0.5446297798613264,0.9911473144711682
1.0,0.32509600935047595,0.7320586601874313,0.9462415603415856,0.4692358514733042,0.4833597438653758,0.369052544476624,0.7976776865616448,0.7457870943503053,0.4338203773157588,0.5685608483593668,0.9875301483039975
1.0,0.3519786274837202,0.7322100697368086,0.9511375037963484,0.4691541976113335,0.4548676605528192,0.381464625568887,0.643169883884328,0.7418327816878048,0.4381753692376968,0.5220972636987421,0.931280836089056
1.0,0.3376189681081982,0.7301443278844526,0.9521630114490992,0.4709253091467733,0.4408433970743421,0.3640877120397185,0.524842837068264,0.7420160272735923,0.4774239023035446,0.5121039334089289,0.8400325381527523
1.0,0.33294373017198176,0.729177388335807,0.9467112114026366,0.4704052968503166,0.4762103904351593,0.3123707074886221,0.4571925153464983,0.7412462475853743,0.5075035988544812,0.529001769090226,0.7279881165007341
1.0,0.3634997495408249,0.7289759605127104,0.935357216291457,0.4708731615812578,0.477987722231186,0.3665701282581713,0.5200798757488353,0.7418829473325261,0.5331189454716116,0.510050897057233,0.8308546570231132
1.0,0.34580063449657705,0.7293122205004683,0.9290838102116596,0.4720865985874866,0.4490742850720295,0.3582954075299957,0.4972487242067896,0.7402013513902552,0.5419385767617396,0.4987618845314497,0.8765318573272741
0.0,0.3868759392219067,0.7316477704758504,0.9224022391390396,0.4739462135207261,0.475467263691149,0.4468349193214728,0.5054507802677319,0.736501912589212,0.5273840595487312,0.5027785881427189,0.9882357286645614
0.0,0.34463182501252304,0.7307929870791066,0.9046370142796936,0.4719598747703581,0.45571576618275395,0.3839470417873397,0.5313216478071149,0.7307846016993849,0.503047491442891,0.5154029937155833,0.8745864274685693
0.0,0.33795291367507074,0.7287676659772555,0.8761320302405067,0.4712118842586535,0.4607130738904655,0.3131981795614395,0.4411434065527695,0.7267611727951435,0.485190284366609,0.5203117381881213,0.717226674509227
1.0,0.37017866087827694,0.7286409568266009,0.8714646971997722,0.4719710780980635,0.4599677409389606,0.3301613570541996,0.4039272243177279,0.7266456180826533,0.4848518729257934,0.5037168167723023,0.7323336560062828
1.0,0.3190849891467689,0.7286556323583571,0.8725338676894236,0.4684951194349474,0.4516590145123307,0.2970624741414974,0.4504030766955107,0.7252884241262822,0.4792324644813454,0.4761832689736281,0.7857012717268521
1.0,0.35531808315244606,0.7308223812824051,0.8910575144035846,0.4697356258888599,0.4591246154451871,0.34133223003723623,0.4412765328008283,0.7213118288292379,0.4535925347955001,0.4711787036025809,0.7113471559231871
1.0,0.3494740357321756,0.7280580481734251,0.8809849095259092,0.4706694016738902,0.4642018581014812,0.3268514687629295,0.454907181421492,0.7187990943346934,0.445341510835696,0.4283211980891188,0.7195641875888201
1.0,0.3447987977959592,0.7182637355914552,0.8459347214786609,0.4702143570177293,0.4498112161044067,0.2552751344642119,0.4046076473633607,0.7149657788920076,0.4325348821397901,0.4010593534236885,0.5806763108989547
1.0,0.4509934880614459,0.7097769442253408,0.8203209594473411,0.4856666807371889,0.4129636260738692,0.2562753036437246,0.40423785222986464,0.7141739254206609,0.4380713378013825,0.3995506603988375,0.4241518784389468
1.0,0.4154282851895141,0.7034180856979253,0.7942555541114718,0.4844912920314026,0.19964957619257093,0.3489600528227139,0.38407662155166056,0.7158277421768746,0.4477646673471671,0.4380472154112123,0.4041285573734651
1.0,0.38270161963599947,0.7039436223916731,0.7713307819281183,0.4838098401278562,0.3442326033816917,0.29481677121162114,0.352814140965905,0.7193937371516991,0.4628177783957765,0.4171456592693963,0.27096162955945113
1.0,0.41409250292202376,0.7029591296597264,0.7325847983064979,0.4845835654863375,0.4145766423012652,0.3067018818091781,0.3022483544116558,0.7260645036078865,0.4980042762611978,0.3797544090697534,0.000246984728110754
1.0,0.4396393387877777,0.7011101474095254,0.7106878693492598,0.4845081718525894,0.4288814727582935,0.3596825396825396,0.4066415205975889,0.7373230238171942,0.5581025424342951,0.4342462282585805,0.2495730494794721
0.0,0.4845550175321423,0.699722229954443,0.7170627844508644,0.4871690673995532,0.4378225103335018,0.436190476190476,0.446128244952296,0.7435785384388847,0.6053352013745908,0.4587350781280064,0.4138963621476199
0.0,0.4940724661880113,0.6987674667183672,0.7263306678486139,0.4886851831970349,0.4385822214278757,0.4339035769828927,0.3865616448487537,0.7470769309071372,0.6370624556056129,0.4065163738068646,0.0005308597133359074
0.0,0.4997495408248456,0.697501773466696,0.7220245148638957,0.4894910042392886,0.4350846039761198,0.4483826033121807,0.5265734782930256,0.7541590049487976,0.6841953990088396,0.4663980284879597,0.12230532336119762
0.0,0.5371514443145768,0.6952418881918851,0.701203095764767,0.4911150908856998,0.4283670525904485,0.5189044358440014,0.6266696250277347,0.7557590726337273,0.6911996315213185,0.5176617130677823,0.6255856003945106
0.0,0.5723827016196359,0.6921326875611151,0.6810861045351588,0.4924729893086371,0.4636249393724043,0.5436416184971098,0.6832334886472892,0.7528531994162582,0.6684428910553709,0.5201417514807789,0.7823232672241031
0.0,0.5949240273835366,0.6894927025855941,0.6632785232675042,0.4919565828477201,0.4411291271375894,0.5798295454545453,0.7188373641002884,0.7495574553445392,0.6490963808073549,0.546516163527969,0.7509078309078315
0.0,0.6121222240774755,0.689576772704501,0.6770154326541364,0.4906618016564807,0.4679539793949336,0.6059659090909089,0.7364322165520302,0.7474677000036878,0.6256285125073107,0.5693117601933322,0.9102425292334346
0.0,0.5897478710970112,0.6900716209162021,0.679788971267308,0.4912115556975094,0.4666890651058037,0.5846590909090909,0.7567487611863031,0.7443038561916373,0.6088277248180959,0.6014177295248768,0.9869532265049812
0.0,0.5773918851227249,0.6923274216838298,0.6947966331550239,0.4933905431621764,0.4450279519367901,0.5673295454545454,0.6951852673618819,0.7396072930415805,0.5717363706488352,0.5602817264560079,0.7317832394976197
0.0,0.5777258306895976,0.6921507427024123,0.6825861694656183,0.4928369017768114,0.4466037264017508,0.6005681818181818,0.7030619037053473,0.7379451689978886,0.5737884922848965,0.5721079925789269,0.8300941966219153
0.0,0.6051093671731509,0.6916748827860769,0.6865363528481199,0.4930142442548607,0.4722631021778258,0.6062500000000001,0.7423045632719474,0.7353660590084543,0.5706526628099853,0.6512250214566662,0.9954255088783036
1.0,0.5984304558356988,0.6905601310672433,0.6884904734504724,0.495947833285874,0.4692477752979611,0.5965909090909091,0.7024110642703938,0.7297560549219901,0.5619289760918302,0.6465379877985588,1.0
1.0,0.577892803473034,0.6916362870861628,0.7125660089015071,0.4966121819670948,0.4621911781476236,0.5818181818181819,0.6829746320538423,0.7249413631446733,0.5550958327060183,0.6316988813012521,0.9934572779685186
1.0,0.5525129403907163,0.6921070546172552,0.7286097801251012,0.4971229045975552,0.4612235632691608,0.5454545454545455,0.6613194290363142,0.7195350263958613,0.5412679694689697,0.6473898792465042,0.9618606484675284
1.0,0.5673735181165469,0.6914619016537928,0.7360436727854023,0.4955133425061852,0.442567170281945,0.5559659090909088,0.6893942755713336,0.7134843860962838,0.5270293837895003,0.6704190306411408,0.9819536937993842
1.0,0.5558523960594424,0.6904994347223656,0.7384632011825445,0.494287935215772,0.4537811971442114,0.5252840909090907,0.6615708897270913,0.7068416515370772,0.5021758904312382,0.6503092812171336,0.7568491877625371
1.0,0.5633661713140758,0.6902437342683982,0.755771534143231,0.4953542818805634,0.4456947564114374,0.5397727272727272,0.6696989867613339,0.7031321476057968,0.4933843860399015,0.6653570349270143,0.9673544810594392
1.0,0.5645349807981299,0.6899491549443146,0.7671520574403647,0.4955499661291569,0.4536800295769304,0.5380681818181817,0.6551512462095997,0.6995859726068225,0.4791957933922689,0.6535530011003621,0.8551203184367657
1.0,0.5735515111036902,0.6896650547226812,0.7803810786163239,0.4931026917900857,0.44121490471052294,0.54375,0.6292286073515273,0.6962636096235757,0.4678745493762009,0.6617070865201555,0.7902133639964233
1.0,0.5735515111036902,0.6902276719596361,0.7887395415813943,0.4930705474443501,0.4539149695993743,0.5454545454545455,0.6648546705125362,0.6934732093167799,0.4512281682996856,0.666420057078287,0.8916570844512599
0.0,0.5705460010018366,0.6904148275228411,0.7936771010807275,0.4923292013474643,0.4738750122824667,0.5568181818181817,0.6797943939057766,0.6885902620248228,0.4229914978217226,0.6494574468151346,0.975978534009117
0.0,0.5780597762564701,0.6904606670909232,0.7931629766515393,0.493500045481982,0.4542981678945393,0.5517045454545455,0.6846461060572443,0.6827558159478886,0.3859095032872221,0.6547074646233662,0.9757435501842808
0.0,0.6147937886124561,0.6888609256713627,0.7798256893960636,0.4966825385742756,0.4822222695579842,0.6142045454545455,0.6748835145329488,0.677223545124882,0.3614335662285616,0.6471346057141054,0.9665410528719882
0.0,0.620303890465854,0.6869811958228937,0.7787138647132901,0.4976893667493424,0.4757407073852296,0.6124653739612187,0.6572738702758674,0.6739086564756394,0.3551819812661463,0.6313267010405658,0.9907892439322502
0.0,0.6044414760394055,0.6833080618367804,0.7580040351331301,0.4960532275094766,0.4714040053028675,0.5852150537634407,0.5693661711411878,0.6718446276770311,0.3588342530635526,0.5346188434157866,0.8577878103837466
0.0,0.6264818834529973,0.6801206708122924,0.7512841955897263,0.4994173676934843,0.4742449705904284,0.5824175824175825,0.49457140744027794,0.6712272794267502,0.3610811072667118,0.4744123287143632,0.4975745641419715
0.0,0.6371681415929205,0.6788291536496467,0.7374835000078623,0.4972174565861514,0.4684567909413293,0.5960437272254036,0.5364839878707196,0.6745604420234068,0.3863150600336414,0.4918942966633243,0.6556361365928616
1.0,0.6139589246952748,0.6784302930747694,0.7348801463964196,0.4971208895247109,0.4589111315092719,0.5864133263925039,0.42792692848162095,0.6760355666949598,0.39885022291598,0.3567312235141962,0.610849266340594
1.0,0.6161295708799466,0.680055506952888,0.7306583130840798,0.4977520600808499,0.4609575628550034,0.5705361790733993,0.42927298276754666,0.6791743974157469,0.4375856036162529,0.3582174845315946,0.49209378407851706
1.0,0.5874102521289031,0.6813835153553667,0.732646560735968,0.4971147297664815,0.4720379790221445,0.5502342529932327,0.4198653945714075,0.6799759040064846,0.4497697083954453,0.3504662925643484,0.5920704159526411
1.0,0.5972616463516445,0.6835832622523657,0.7426905500648588,0.4981422605878286,0.4787281185587986,0.5838105153565849,0.4435100954071444,0.6804075693073162,0.4597980731677137,0.33155281346346416,0.5763053655023409
0.0,0.6199699448989815,0.685246898314174,0.7501542747587393,0.4976629228517061,0.4558833783594903,0.6140031233732431,0.4544634272612975,0.6793053829701967,0.4531470212212033,0.3415452486171422,0.6532949225783227
0.0,0.6176323259308734,0.6860587525517552,0.7673460556907414,0.4968880729574861,0.4570978002976748,0.6288391462779801,0.4769617631831965,0.6775935795096135,0.4437631741926722,0.36713222548267216,0.6454087144400437
0.0,0.6233094005677076,0.6863294370506229,0.7921603369297117,0.4975714545584434,0.453649165998169,0.6434148880791254,0.4975075808002365,0.6755966783524411,0.4404486151852151,0.33903683882328084,0.7007202016564632
0.0,0.6612122224077476,0.6860843639208816,0.8188258791155001,0.4992308802184458,0.4573157623972749,0.6881832378969286,0.4625471488795209,0.6721753119098679,0.4266665196411865,0.3478553948380029,0.5344256391789699
0.0,0.6393387877775922,0.6843655047285271,0.8215114221085269,0.5000707193645221,0.4580867888099391,0.6642373763664756,0.4818800384586939,0.670828039713401,0.426423954215988,0.3705675207414989,0.3623334533669426
0.0,0.6523626648856237,0.6829700510701358,0.8242510061619284,0.4981754421570427,0.4573950959088986,0.6676210307131705,0.4682419939353598,0.6708059380131204,0.4253060864772353,0.35728298591940444,0.3813467770975879
0.0,0.6431791617966272,0.6827624947868491,0.8229414412462519,0.4973600993402093,0.4571180633924917,0.6415929203539824,0.4599881665557282,0.6718744770274163,0.4353912238595539,0.3954056048536481,0.3411955347497301
0.0,0.6273167473701786,0.6840336596916781,0.8403925959207923,0.4942006733642149,0.4823780704642495,0.6525247267048411,0.4772280156793134,0.6729113051325948,0.4456775350194714,0.3653214486445578,0.4053655023406546
1.0,0.6032726665553516,0.6867175162894825,0.8522528658228932,0.4948048569535808,0.4673770017602114,0.6246746486205101,0.466252496117151,0.6743017177492001,0.4632138163080058,0.3518492749665627,0.317680950666186
1.0,0.5705460010018366,0.6874351187387999,0.867791580003217,0.4940106156211714,0.4774272631436131,0.5921395106715253,0.4214555136454405,0.6763319475730272,0.4827811661373128,0.3573443439226877,0.3056175729204175
1.0,0.5768909667724162,0.686222571708079,0.8768847756042302,0.4911495739414303,0.479122795621846,0.5923997917751173,0.4145403446490643,0.6792353878083377,0.5069211258816093,0.34761169550437626,0.18602808786460165
1.0,0.6007680748038069,0.6850108942514495,0.8851433719963582,0.4908505232065386,0.4728252092074364,0.5937011972930766,0.3949042230604246,0.6821202999752289,0.5267603962294606,0.3699569948092287,0.11776194437411833
1.0,0.5730505927533812,0.6823622052098846,0.87477128597288,0.4906368958021059,0.479865832066837,0.5692347735554399,0.41393388063013065,0.6858501459752588,0.5524226076556883,0.3958819549417572,0.047679617637989086
1.0,0.6251461011855066,0.6818986537498537,0.8706702446017638,0.4944215864597091,0.4781269467445888,0.6121811556480998,0.4948672435470749,0.6898859389237941,0.5808874283849392,0.434346112099336,0.31273109407231525
0.0,0.6219736183002171,0.6807746927458846,0.8658720170680325,0.4976408067442021,0.4668093513901854,0.6119208745445082,0.5151172250573183,0.6925420353471201,0.6066416331360786,0.40758275898659735,0.2552348893619128
1.0,0.5763900484221073,0.6812220602679906,0.8723751468093861,0.4954835704377767,0.4835421293868933,0.553878188443519,0.4774277050514015,0.6946518827161037,0.630120405964569,0.413257828654886,0.13761694965595644
0.0,0.6162965436633829,0.68376211835005,0.8811925776869136,0.4975308013446736,0.4839374914203271,0.6100989068193649,0.6094667554174986,0.6980289953557257,0.6604631591304728,0.5491565590151701,0.8622478087236142
0.0,0.6002671564534979,0.6806992523303212,0.8570827059630877,0.4943450213018831,0.4796725059108649,0.6231129619989588,0.5999852081946603,0.6950303756642873,0.6618556154526565,0.5383132383153408,0.7956018878688872
1.0,0.6483553180831523,0.6754270234846267,0.8353103990171347,0.5018735367380676,0.4744122748973904,0.6048932847475271,0.6598180607943198,0.6926659265001303,0.6688401317359761,0.5859398081909447,0.9950547852225348
1.0,0.6739021539489065,0.6681031869867056,0.8094377004718856,0.5059079993600161,0.4717140778675386,0.6145472538347353,0.6485984764440501,0.6889187328670137,0.6782276960114791,0.574883299848958,0.9310361469041072
0.0,0.6827517114710304,0.6649094966579905,0.8155620105286248,0.5034186905456981,0.4644077012745498,0.6227115289460663,0.6340285481843059,0.6861254804693937,0.6889201927417692,0.5373593870965082,0.9665061390949704
1.0,0.20175246440306696,0.9879291733481771,0.8689948628429454,0.46424475247591207,0.4961164169646608,0.3503609106052196,0.4678574069965236,0.9659562272182702,0.5377748420304204,0.4763144021271154,0.743230347131098
1.0,0.1907995618838991,0.9887651773131091,0.8590622515877643,0.4634397927736091,0.4862074340657444,0.3275957801221543,0.38613268249389865,0.9642331834655355,0.5297164572990556,0.4679265584766255,0.4611734889340781
0.0,0.2363636363636365,0.98944956692953,0.8475666052607964,0.4630011458577417,0.4846559334481373,0.3659078289838981,0.3628060054729676,0.9644842521509064,0.5302891310432448,0.447770734113793,0.3181794026995425
0.0,0.21051478641840085,0.9902910067396062,0.8450561023449215,0.4648590869461628,0.5048519812679655,0.3409217101610217,0.3565268841062049,0.9659746458570416,0.5249281444849738,0.4402084269306477,0.1321872675098308
0.0,0.26922234392113925,0.9919030705973028,0.8601321067947201,0.4690811541542779,0.501829125133731,0.4175458078845089,0.4434657199911249,0.9700291152895296,0.5456550005470402,0.4974789495067221,0.4573280901264736
0.0,0.2591456736035052,0.9932694207278608,0.876969001626109,0.4683689818406259,0.4897573842393921,0.4036646307606887,0.4626506915169,0.9710197879650908,0.5591668851349085,0.4623678411102949,0.5150653629503669
0.0,0.2289156626506025,0.9946251595314122,0.8861491619157833,0.4699088891785476,0.4905715626234959,0.3781232648528597,0.4097330079136154,0.9692947052329804,0.5627074829108304,0.4091881204449082,0.31594749707726555
1.0,0.20744797371303392,0.9970376762523068,0.8962971349091691,0.4683422164100026,0.5036435219642883,0.3503609106052196,0.4508468308557063,0.9689668322638608,0.5887988901685037,0.45033694049727613,0.08261363636363615
0.0,0.23899233296823685,0.9992569553071676,0.8996525112716556,0.4706375327214334,0.5079709601322735,0.4158800666296504,0.5735892315657123,0.971742937248634,0.5841647919937369,0.5063967400093614,0.09259326660600399
0.0,0.3104052573932089,1.0,0.902729901432028,0.4757338689490773,0.5049255225960531,0.5086063298167683,0.5699504474521119,0.9735570925936892,0.5651596984925521,0.5023443119577018,0.4446663104311396
0.0,0.3125958378970429,0.9999937408928375,0.9060262449436622,0.4759548622180152,0.5022512463109698,0.4769572459744589,0.5518009023001261,0.9740261188170138,0.5219906760836556,0.488313960957441,0.3324239952751934
0.0,0.2976998904709749,0.9990743775870414,0.9065448296091384,0.4785665318198309,0.5082774177172192,0.4764019988895058,0.6965017380371276,0.9750517675573388,0.4837327955346808,0.5699328416400281,0.6260370672441431
0.0,0.3548740416210293,0.9986628782622576,0.9079578990978376,0.4789652199118749,0.5091042333769509,0.519433647973348,0.6901264699356552,0.9725084252467744,0.4419990758963581,0.5660015974645474,0.6763270084601607
0.0,0.3493975903614455,0.9968724690164654,0.9032569139005032,0.4786462734682187,0.5052992304008331,0.492504164353137,0.6240736631905931,0.9709501354078494,0.4091012019727495,0.5637483105514669,0.5099953612688036
0.0,0.3743702081051479,0.9956497225731896,0.8998714206678541,0.4767365589595674,0.5079526415960413,0.5091615769017214,0.7231121958435025,0.974774305433501,0.4329067800699423,0.6268026954506941,0.6929380839831234
0.0,0.3953997809419496,0.9949444514446308,0.8997874741080191,0.4745393871998495,0.5096819574651834,0.5191560244308718,0.595688188743436,0.9752932321397648,0.4320019588883568,0.5229377710834663,0.6651940535883886
0.0,0.3787513691128147,0.9942865153256406,0.8975599770208488,0.473404045849064,0.5066689983724065,0.4963908939478066,0.6381184823607725,0.9770926377369497,0.4553875303831586,0.5653036582118603,0.798502352499392
1.0,0.3945235487404163,0.9951408500457934,0.8986399392543318,0.4708273941759222,0.5101989159928706,0.5047196002220989,0.6818208712373344,0.9746702867213192,0.4533688080306956,0.5501328792321709,0.8364957699189317
0.0,0.3783132530120481,0.9953450449782196,0.8995038287146362,0.4695485961274541,0.5136963489478701,0.5086063298167683,0.6590193033059684,0.9698930716661368,0.4547200793795288,0.5240053390173258,0.8448013076804131
0.0,0.4177437020810516,0.9946137454877352,0.8970328298839974,0.4686722151558594,0.5148250284735375,0.5391449194891728,0.7017898084461207,0.9640068289125427,0.43224539568866177,0.5514084302209274,0.8038479379735367
0.0,0.4519167579408545,0.9904460379945056,0.8829894767352263,0.4674491775506456,0.5131859763054212,0.5430316490838424,0.7849641298720516,0.9576826259678296,0.4062108035189416,0.553262683086693,0.8511850853747434
0.0,0.5044906900328587,0.9871457079818504,0.8704130797803581,0.471439517416782,0.5112153797414885,0.5374791782343143,0.788610309888322,0.9532202726528952,0.3905163733475968,0.5564354630451874,0.8951662333819449
0.0,0.5027382256297921,0.9846840596676903,0.8648019906136686,0.471251841817229,0.5064214293113951,0.5430316490838424,0.6771762443606243,0.9470069114653774,0.3608426420243551,0.5053134967837652,0.9997849051192575
1.0,0.4777656078860898,0.98468704946977,0.8708387637781576,0.4696782237489522,0.5092170368887512,0.4975013881177125,0.7257673249020042,0.941890162284852,0.3342199602144321,0.5308940457618934,0.906416704770614
1.0,0.4488499452354873,0.984671661749564,0.8772906461049976,0.4714379448040271,0.5111923786076855,0.4625208217656857,0.6787885511426666,0.9364683851123228,0.3033343299950567,0.496055575849937,0.9186607732561082
1.0,0.4602409638554218,0.9854347177442012,0.8848194413955294,0.4702154805610775,0.5126109594273476,0.4769572459744589,0.6270763996745798,0.930308242831012,0.2769352036912404,0.5147808742570552,0.9330670634609852
1.0,0.43921139101861983,0.9855794576406108,0.8905674925536751,0.4724916125786093,0.5016813773656349,0.4536368684064411,0.7335626063161008,0.9226253177154032,0.2451889911294294,0.5609361254855841,0.9258126095028898
1.0,0.40240963855421696,0.9853362104629716,0.8941744802270615,0.4699553238100854,0.4996030066106954,0.3925596890616325,0.6578951261001401,0.9116645088252592,0.18090980133207674,0.5306990997734774,0.9835085313833032
1.0,0.37875136911281504,0.9844345825500018,0.8936564832214171,0.4683031245221781,0.5021336837151861,0.3470294280955025,0.635330227054212,0.9096107307582316,0.1754269054147909,0.5213566452659361,0.640760197775031
1.0,0.4129244249726179,0.98370662759394,0.8931096919033981,0.46722586748599604,0.5189618541473253,0.3642420877290396,0.540056208860291,0.9122802984896624,0.1908920018645288,0.4692378292372749,0.8772613320685668
1.0,0.4462212486308873,0.9821430058994034,0.8899033595759525,0.4660605197590549,0.5054493804811301,0.3897834536368686,0.44936765032172143,0.9154264435545432,0.2173346716193912,0.478635112835455,0.8251914086320201
1.0,0.4580503833515881,0.9821172539325363,0.88979761758597,0.4671546294693066,0.5069129373166414,0.36757357023875614,0.3457288662081209,0.9184932588670572,0.24095082205778875,0.4801856930661413,0.3105859805080943
1.0,0.4357064622124863,0.9825309683766928,0.8888715994468271,0.46903855614302,0.5057740315899237,0.3631315935591338,0.24896087567487615,0.9235832023811871,0.2852729479779078,0.4962846234615496,0.3005138033682672
0.0,0.4545454545454545,0.9849972601131672,0.8959883049637207,0.466745958058526,0.5065820854079336,0.3803442531926709,0.2479550329117665,0.9292281038998867,0.3332730262810032,0.4962180052735194,0.3113365868713946
1.0,0.4155531215772179,0.9883630017882136,0.9098389112263441,0.4674658198785333,0.5105913444819091,0.35313714602998336,0.19626506915169,0.932594243552734,0.3739224583445876,0.5233123846025852,0.2070654928387748
0.0,0.4422782037239868,0.9914365742308004,0.9181443688108368,0.4691475824974456,0.5138028606694384,0.4403109383675736,0.3220915612750538,0.9390563659002706,0.4309957507983508,0.5183415819295429,0.4772711205372921
0.0,0.4843373493975906,0.9918862032538196,0.9179970459182856,0.4685898533926831,0.5152686831467347,0.4730705163797893,0.2760076917387766,0.9385624086446036,0.4351827704724064,0.5013401425946644,0.4825379992930354
0.0,0.4812705366922234,0.9897308280092538,0.9030743237714566,0.4686833129034327,0.5163965320022299,0.4264297612437534,0.3027364839878708,0.9377682404096196,0.4316417583385007,0.5144667105153115,0.3861240582034449
0.0,0.5207009857612266,0.9884054521505924,0.8984482715439952,0.4679659418023844,0.5085640185259418,0.4580788450860634,0.3594778492715039,0.9359953556388094,0.3950370120240753,0.4889408271962859,0.4439098548255069
0.0,0.4554216867469881,0.989066951282838,0.9026175425347888,0.4633271115426624,0.5106766269369816,0.3725707940033316,0.35488499371348303,0.9346121034885844,0.3877024574037666,0.4853612385664646,0.3163267010808739
1.0,0.4072289156626507,0.9904679331723559,0.9133226542642828,0.4633152057461799,0.5159643601981271,0.33314825097168244,0.2635973670586496,0.9355953591689988,0.3932558934729576,0.4885765986730897,0.16425266041864994
0.0,0.6065717415115005,0.9924492145272009,0.9248418854421022,0.4745612426991078,0.5131254909491192,0.575235980011105,0.30902300125730353,0.9415157353826179,0.45030684243707103,0.4615479050614511,0.1857030688785309
0.0,0.6933187294633075,0.9926579826655364,0.9280439135003344,0.4809871742879938,0.5167291176084862,0.6923931149361466,0.41487316026921095,0.9477037459044066,0.5011582068114853,0.5067313703978429,0.4287241684625538
0.0,0.6346111719605695,0.9912301285157818,0.9282416957064026,0.4806519301343931,0.5147572614371702,0.6268739589117157,0.28093336291694376,0.9499691887460632,0.5275540350080806,0.4798757617956039,0.21620808900917166
0.0,0.7051478641840087,0.9932926034855832,0.944147016902592,0.4824781050877251,0.5140028865022909,0.6762909494725153,0.32906589749278936,0.9564414984173392,0.556197954874171,0.5021940222247199,0.3303763845035837
0.0,0.6582694414019714,0.99285971202826,0.9503073495856156,0.4776211816478688,0.5148766886295075,0.7168239866740699,0.4188299681976189,0.9600342756672562,0.5601424667575234,0.5022804845766878,0.4401510215673503
0.0,0.6665936473165389,0.994162272816939,0.9610214049237754,0.4788275282280973,0.5128331752366664,0.6712937257079403,0.3184453812587826,0.960632915223653,0.557105748742888,0.4257437706394667,0.19395579612088465
1.0,0.6652792990142389,0.991947070483754,0.9584624686852496,0.4785097233892371,0.5176868610827403,0.6857301499167131,0.3377338954219361,0.9672474372053608,0.5928919954838897,0.44085300522586623,0.16263218563624576
1.0,0.6197152245345015,0.9916244499602104,0.9639236361560796,0.4755826020670839,0.5091792781794289,0.6174347584675179,0.3164854670512538,0.975732645387038,0.6584844941934114,0.4210638413527434,0.059322741776508474
0.0,0.700328587075575,0.9908456236807908,0.9652811398305178,0.4816423251289575,0.4810082020806383,0.7218212104386452,0.4365357591894091,0.9882129146598242,0.7571057542838184,0.4942262067081685,0.06515601783061017
0.0,0.80065717415115,0.990048422935924,0.9640217750599576,0.4853877108560553,0.4814595917510844,0.8406440866185454,0.5078692404407964,0.9954380491114628,0.8269286771774136,0.5495213147702578,0.1865141481035523
0.0,0.796276013143483,0.9887662543569684,0.9635053356860618,0.4849476390571562,0.481898392276989,0.8411993337034981,0.5591968049700463,0.9993991663093679,0.8981530245380854,0.5455851409179302,0.3336544250451514
0.0,0.8370208105147863,0.9881669081199812,0.9664996360704492,0.4878400160310721,0.4880419849966047,0.9006107717934482,0.6387397381850454,1.0,0.930516273621946,0.6327820264204569,0.7126429861529197
0.0,0.8475355969331873,0.9868582904039472,0.9651357380588542,0.4883913510664704,0.4824090359432482,0.9261521377012772,0.7282005768804082,0.9961854005565632,0.9358755720022154,0.6553076933757574,0.7589102950030095
0.0,0.8339539978094197,0.9840003384075112,0.957939777070924,0.4876383878098348,0.4812650621208988,0.9039422543031652,0.7610531765401967,0.9899797813143864,0.9038031098608592,0.6392159289748066,0.8457104017722284
0.0,0.8646221248630888,0.9812473995496732,0.9551604767654154,0.4863131154489732,0.4669931812840897,0.90893947806774,0.7900673027142959,0.98295041460211,0.8741178295681926,0.6560619140187768,0.8321155917755598
0.0,0.8817086527929902,0.9781094064318832,0.9513230063268412,0.4873371410297578,0.3768754579699629,0.9428095502498612,0.8999926040973298,0.9772513799062932,0.8652102176390277,0.7178663349292791,0.9860246751828792
0.0,0.9141292442497264,0.9776220044165532,0.9603119044934604,0.4860169725813943,0.3838453214003381,0.9694614103275959,0.7834775534353966,0.9690057541740388,0.8405178963172133,0.6389752386954207,0.9992632448482957
0.0,0.8751369112814894,0.9764735794817264,0.9646476778741024,0.4821504605900765,0.37169320703019865,0.9705719044975012,0.7515864211226979,0.9648775389071332,0.8352981774489907,0.6682315969669332,0.9735161352285808
0.0,0.8606790799561885,0.9769115090562206,0.9771877908334672,0.4813235747214466,0.3883733836777814,0.9500277623542476,0.6826640041417056,0.9595069499448194,0.8104114048638955,0.6610562481027852,0.8525478030919451
0.0,0.8519167579408543,0.9758920845190832,0.9789515107601768,0.4800903671353022,0.3696849461736755,0.9711271515824546,0.7504696398195396,0.9558758349414151,0.8034206338065615,0.6732771537196911,0.948975378103545
1.0,0.8251916757940855,0.9755679807280692,0.9851472669953554,0.4821598870536812,0.3743669373115965,0.9416990560799556,0.7357961689224166,0.948230423414357,0.7579873497641254,0.6660294058782708,0.8235946936457946
1.0,0.8260679079956187,0.9743833311581582,0.9907188759059627,0.4818462346149186,0.0,0.9644641865630204,0.8249833592189929,0.9428734556706851,0.7246886815366796,0.6708379634753469,0.8505908452936114
0.0,0.8431544359255202,0.9737461604597756,1.0,0.4830441397207349,0.3197502959514044,0.9899888765294772,0.8578433547814517,0.9380143071680124,0.6852793304497611,0.7172561088782302,0.9754141627415956
0.0,0.8194961664841185,0.970959347105096,0.9773735530574856,0.4847642574802725,0.6538803825267042,0.9888268156424584,0.8110568744915314,0.9323978495691684,0.6747844083878811,0.6460043760950248,0.997576621525302
1.0,0.8208105147864184,0.9679979916842028,0.94650822620001,0.4853837177630591,0.6161209338009485,0.9525139664804471,0.7811404481917017,0.9270609228900372,0.6934228214586755,0.6320519520935812,0.9417225150194116
1.0,0.8164293537787516,0.9639000499448876,0.9118289285588678,0.4851753595346636,0.5357002301993532,0.9430167597765364,0.7301235115745879,0.9218874842447646,0.6776321097256499,0.6232145252307764,0.9164768907107396
1.0,0.7927710843373497,0.9607143801692212,0.9088552894497108,0.4839209997364051,0.5243384556886166,0.8988826815642461,0.6981732120405298,0.915791474032268,0.6475725670804928,0.6058514823166734,0.8623578832016805
1.0,0.7953997809419496,0.9581945829317102,0.9109944441092004,0.4842480727000401,0.5299510607588055,0.8905027932960893,0.7329117668811477,0.90888145549624,0.5835942015669809,0.6268816111946875,0.7867677275010263
1.0,0.8059145673603506,0.9573065632699156,0.9190758836415855,0.4848629196281424,0.5257640736983538,0.9134078212290504,0.7947563050070265,0.9016002129805992,0.5376769947051877,0.6213766628437476,0.8398931555636728
1.0,0.7739320920043812,0.9555737338399246,0.915509082335468,0.4858060142981573,0.5087441340126904,0.906703910614525,0.8369425338362545,0.8938390085606294,0.4745837397075599,0.597019997389189,0.8827748360072696
1.0,0.7704271631982476,0.9534013973271728,0.9080568451193752,0.4860340259756497,0.5382000236139056,0.8692737430167601,0.8278529694549224,0.8833824330015678,0.3850362290046143,0.5932183241050552,0.8544582968795561
1.0,0.7274917853231108,0.9504042719046528,0.8964464756040937,0.4833736695277323,0.5191249326262874,0.8094972067039108,0.9530729975593524,0.8746893230241715,0.31506224766218105,0.6067634599709493,0.90215108508878
1.0,0.7235487404162103,0.9470458595943958,0.8855908052431878,0.4867910837264972,0.5324487080362656,0.8089385474860334,0.8252348199097705,0.865041096755385,0.2586108732947794,0.5667346229152864,0.9713827881987004
1.0,0.8089813800657173,0.9441125643542092,0.8794437205215598,0.4896763945864936,0.5843583213527404,0.8648044692737429,0.7544190518452782,0.8606649628885201,0.2377725153455347,0.5582141075024853,0.9754761335564596
0.0,0.8409638554216867,0.9408944555721463,0.8736862833453289,0.4919163501370846,0.5538972253665992,0.9134078212290504,0.7356112713556692,0.8562574872527657,0.21275711436046288,0.5500945643765001,0.890476383211236
0.0,0.8129244249726177,0.9397195319141338,0.8784589538817977,0.4937742023253888,0.6555509197202337,0.8843575418994412,0.6560757340433402,0.8521796049752639,0.1808000604998881,0.5533218393064963,0.7218197272028172
0.0,0.8484118291347208,0.9390116286942488,0.8847823203105077,0.4961107722167868,0.0,0.9458100558659218,0.7007100066563129,0.8514036892617283,0.1723124491739088,0.5912307212411785,0.8827255433682767
0.0,0.8282584884994524,0.9379426526324566,0.8929431160057919,0.4981571068369031,0.6809393335609212,0.9374301675977657,0.693669107314548,0.8484702999452769,0.1487389808408771,0.5843936395829128,0.8847290241631928
0.0,0.8400876232201532,0.9363163482862538,0.8991501169626145,0.4989223245850224,0.5020914724091871,0.991334488734835,0.6523851786110492,0.8454462041995818,0.12641718800135465,0.5475174605900363,0.931335249119682
1.0,0.7853231106243156,0.9341670515487142,0.9039751429109624,0.495533627412784,0.5022529709205568,0.9173887926054304,0.5765032172176615,0.8399989993318668,0.09430049317434892,0.5475044127153441,0.9215298687567512
1.0,0.7774370208105147,0.9311766132643636,0.9025566107749932,0.4986560362400035,0.5042573674626627,0.9127671865973422,0.6138451297980918,0.8371562607982048,0.08198909451940589,0.5699026929339495,0.8554715333164777
1.0,0.772617743702081,0.9287231770322936,0.9045198641480712,0.4987740100629838,0.5036663076553638,0.8752166377816288,0.4292212114488571,0.8350217057710052,0.0704896720786401,0.5021915594353031,0.5836991748454259
1.0,0.7331872946330777,0.9294255043307958,0.920638965155328,0.4996282086897248,0.4977480639246793,0.8376660889659155,0.3809703424302936,0.8385700291026337,0.08486280859679074,0.476582722861989,0.5874704491725764
1.0,0.7209200438116103,0.9319332901654156,0.9450026173680044,0.4973418735164469,0.4944690141678366,0.919699595609474,0.4386435914503368,0.8392658506746571,0.08202002779702383,0.4592191909199774,0.6950723660648456
1.0,0.6933187294633079,0.9340050999511846,0.9642727263413768,0.4989447323326596,0.0,0.9017908723281338,0.4665113527105982,0.8349270532899362,0.042016122367831865,0.4771991427285857,0.6630290517622774
0.0,0.7384446878422779,0.933419849248938,0.9717775851572747,0.5020912216179477,0.492646435217209,0.9740034662045061,0.5732564159455661,0.8339710482938059,0.03675345886348708,0.4908034966691314,0.7838287652474358
0.0,0.6981380065717416,0.9325368232409251,0.9789133620505832,0.5030034060258818,0.4912598926896993,0.9360347322720696,0.4273056726573482,0.8311139455407304,0.013448029185500364,0.4636253599953506,0.7803948005983109
0.0,0.6604600219058051,0.9309601461315044,0.9808719927512984,0.5039002737109629,0.4968500515677781,0.9076700434153402,0.3673249020042897,0.8306379964024624,0.01970395269747266,0.47839828701739295,0.5742227671861407
1.0,0.635487404162103,0.9284858360752156,0.9753234471024405,0.5024073870869931,0.5006283506441737,0.8596237337192476,0.30201908142888834,0.8299561332870204,0.0,0.489900365185132,0.4548690768135429
1.0,0.6346111719605695,0.9255864509289001,0.9648452646175758,0.5025388199139348,0.5113478185421964,0.8393632416787266,0.2515124620959988,0.8333949697766576,0.010952593130705124,0.5098384693197302,0.3312960859610222
1.0,0.5671412924424972,0.9224495339457136,0.9551771125356938,0.501624642928418,0.51524675695102,0.7513748191027496,0.1561570889727088,0.8392476771894204,0.0351752625898471,0.5275275249401644,0.29006031562422474
1.0,0.5224534501642937,0.9187775308888296,0.9435447777802544,0.4986100265748534,0.5116825105263088,0.6674384949348771,0.0,0.8454555801739461,0.06043861289644802,0.4532209385115417,0.03703982874544067
1.0,0.5710843373493978,0.9144025082561864,0.9291504775417267,0.4988982023693326,0.5046466930947756,0.6819102749638206,0.07221359366910696,0.8559028663829801,0.10755230595308383,0.4363354551575525,0.0009082217973226717
1.0,0.6639649507119387,0.9125272775254168,0.9224659375690376,0.5026327537869448,0.5103509639660389,0.7710564399421129,0.1309814362842982,0.8645243302884129,0.14250466704533832,0.4094945963180941,0.0862495860209112
1.0,0.6043811610076671,0.91074427039847,0.9168922467200772,0.5011630575423484,0.5006197365917382,0.7484804630969609,0.07996449966718439,0.8714924588387303,0.1910563831390304,0.4308184462664726,0.045740260129914605
0.0,0.6608981380065717,0.9109817462447674,0.9177273279871158,0.5019598564060808,0.5041530657362785,0.7918958031837916,0.11587900303231975,0.8804721087532108,0.2503516402644739,0.4023566134467396,0.01328732221756342
0.0,0.661774370208105,0.9082051174341434,0.9093017720667564,0.5017164309511605,0.5038343156921741,0.8173661360347322,0.12881443680201116,0.8886889897829133,0.3047879842281779,0.4078952861010608,0.04418357145160709
0.0,0.6757940854326395,0.9053731575534868,0.9023984596991018,0.5029905920666393,0.4910046523731982,0.8069464544138928,0.13382885881221795,0.8979944140117571,0.34813892122925083,0.410182159107548,0.06113135743541754
0.0,0.7634173055859802,0.9018331904616184,0.8916364001649728,0.5061373908247522,0.4937963352507541,0.8937771345875543,0.1684860587234676,0.907676921446104,0.3893197828435302,0.4265211788022129,0.10060926584359263
0.0,0.7984665936473166,0.8996866302318596,0.8880994407572089,0.5088227343249574,0.4902766088163602,0.9418234442836472,0.2071592337844831,0.91460482992724,0.4100124390849291,0.3964688224632563,0.1780092551233719
0.0,0.7537787513691128,0.8979049858226777,0.8860554914556515,0.5089212671707828,0.4783752430179731,0.9123010130246021,0.19076991346793928,0.920137918157129,0.4138841267096592,0.3733479584156051,0.036448748414301714
0.0,0.7756845564074479,0.8971065546713102,0.8916358342901544,0.5068995417163005,0.4844907102765002,0.9319826338639656,0.2889505214111381,0.929280400833388,0.4502574690089365,0.3759303420394178,0.17973777348777348
0.0,0.7366922234392113,0.8953560608244091,0.89165020324213,0.5074428547630724,0.5119564027352874,0.9076700434153402,0.33863619554766605,0.9353244032554956,0.4756162816417734,0.4060632860863012,0.3299549549549543
1.0,0.5807228915662649,0.8939608974442548,0.895705910068693,0.5000643242414893,0.5068905343823987,0.7056439942112879,0.3381480659714513,0.9383504048901591,0.5108852909125837,0.4050355454066487,0.3069095881595875
1.0,0.5640744797371303,0.8903346605969515,0.8826091184669259,0.4988678648678828,0.5097569252128232,0.681331403762663,0.3433325937430667,0.9423097861275632,0.5318405175834011,0.4086371047375167,0.2005509974259981
1.0,0.5890470974808324,0.8861345888490026,0.8682577702430372,0.5014872966259414,0.503108576707401,0.6396526772793052,0.2669846904814732,0.9478640005749116,0.5713986829908555,0.35935914387148205,0.025619369369370724
1.0,0.6924424972617743,0.8828050928694191,0.8554887312892099,0.5063451561395079,0.5042208536172086,0.7589001447178003,0.446490644183122,0.9584673569295374,0.6354690214293552,0.4751096556358057,0.2700783421784172
1.0,0.6582694414019714,0.8795314546810151,0.8478056436928321,0.5071893079720659,0.4899617236458398,0.7334298118668597,0.4447008357370017,0.9619795705381846,0.6693595860920043,0.4733131311011958,0.2508264570372482
0.0,0.7222343921139102,0.8771063907229935,0.8443338701118838,0.5089761424303543,0.4865513968569253,0.7652677279305354,0.4887064566230309,0.9671294106476818,0.7111562743743107,0.4756605572517622,0.07945729568882845
0.0,0.7178532311062433,0.8713194033523342,0.8260148896038042,0.512294332669651,0.4853989623441685,0.7641099855282202,0.4855705938909846,0.9713214118514396,0.7628789460077359,0.4723610716342165,0.15756845796875402
0.0,0.8265060240963856,0.8664084116838422,0.8104524182309069,0.5179267480179229,0.4858884951205474,0.8301013024602029,0.5866577915834625,0.9752402612925511,0.8135532733047379,0.5566430795231213,0.5391184573002739
0.0,0.8611171960569551,0.862966740836244,0.8030690507040963,0.5171678181570918,0.4742422076775129,0.8503617945007236,0.6574735596479548,0.9750037360267972,0.8394348380337244,0.6231579688263259,0.7759543486816206
0.0,0.8133625410733843,0.8607298552288205,0.8017349059880877,0.5140245311544064,0.4842690785527229,0.8503617945007236,0.618038606611937,0.9713988690818188,0.8250225646647342,0.6113639347127645,0.6941106400868854
0.0,0.8685651697699889,0.8596813761174582,0.8057326228321462,0.5149299987458864,0.4844154958491857,0.8874095513748191,0.6686709562902153,0.969118865965172,0.8176933839555965,0.6602203586592442,0.6614231160004196
0.0,0.8768893756845565,0.8556613028087723,0.7950324031152786,0.5153783968925589,0.4802605358686786,0.9091433516008078,0.713578877301975,0.9646939848200328,0.7929329454279495,0.6961903104313172,0.8513124721933852
0.0,0.9009857612267254,0.8561933221046147,0.804215132219515,0.5136845340814206,0.4786786427260746,0.9195269685607156,0.7708453516751724,0.95858638457363,0.7724165449227303,0.7357706982580559,0.8047802500196558
0.0,0.8076670317634174,0.8539968518593266,0.8017226699479747,0.5081600027861802,0.4988911934517377,0.9051052783386216,0.8204200872716518,0.9527090715633622,0.7515679650025702,0.7237981299003231,0.8399103040429139
0.0,0.8812705366922235,0.8545362723592747,0.8111209067291473,0.5105397278500291,0.5212819477087829,0.9310643207383904,0.8268619184971522,0.948652425308146,0.7474753709964279,0.6852986038760843,0.867078379314325
0.0,0.8606790799561885,0.8539309280142582,0.8186981266396209,0.5078026282280604,0.519642492463762,0.9627920392269976,0.8073663190592409,0.9445955063348932,0.7393558643255029,0.628954903970663,0.9296988990582298
0.0,0.7918948521358158,0.8524107036305415,0.8226663893165791,0.5051106952610963,0.5095679873002495,0.951831554658206,0.8225057318245693,0.9396890701685016,0.7347119258130155,0.6383583639466672,0.9797005939305192
0.0,0.8484118291347208,0.8502925402889421,0.8237313213794494,0.5100657027055562,0.5105792692463667,0.9316411883472746,0.7601360846091261,0.935454382072444,0.7502002745064351,0.6232223505963187,0.8838075810245403
0.0,0.8225629791894852,0.8479307602597375,0.8236311214285421,0.5074584752126071,0.5197095076297191,0.9351023940005768,0.6648546705125362,0.9312307901631836,0.7570928333860463,0.5337027713136232,0.8809766657646587
1.0,0.7642935377875137,0.8487371259859631,0.8384025595139861,0.5058364963722471,0.0,0.9299105855206232,0.7661637452851127,0.9271285400807516,0.7668124868874411,0.5457876060810919,0.8966299619075376
0.0,0.7897042716319828,0.8481986717305245,0.8471718045416486,0.5076338994048265,0.5196836339256755,0.966830112489184,0.7417942459877228,0.9190532726794192,0.7337204207802088,0.5753120792485822,0.9984071133089248
1.0,0.7769989047097481,0.8465092219677413,0.8520855070000488,0.5069311866472528,0.4179272596440832,0.9969549330085264,0.7234524073663189,0.9130318330052992,0.7265570214615833,0.566523466788941,0.951028817454238
1.0,0.7327491785323111,0.8453999967534862,0.8610522734259025,0.5069574058108728,0.4358896622180932,0.9959789669038046,0.7308039346202206,0.9070424114215332,0.7104099089981188,0.5740219342627292,1.0
1.0,0.6884994523548742,0.8444768521655523,0.8777981686147567,0.5075249993010177,0.41183529386350304,0.9777918781725888,0.7444937504622443,0.9006595985613328,0.6949860362815032,0.5830675169226079,0.9333352229245216
1.0,0.700328587075575,0.8421499224639749,0.8886932402854358,0.5046687436015533,0.4572079540927074,0.9987220447284344,0.7426891502107833,0.8947728562089696,0.6888081236410104,0.5807904778551318,0.9813017960893028
1.0,0.6775465498357066,0.8398646459314029,0.9017614933919736,0.5032943167306596,0.479985194455308,0.960281870595772,0.7303601804600252,0.8890208702303108,0.6853363033573627,0.5746729632740272,0.9100743337160808
1.0,0.6740416210295731,0.8375084365081544,0.9113882583592426,0.5027595148638935,0.5277591647575536,0.9801409352978864,0.7643221655203019,0.8822572588595003,0.6735033990550527,0.5524728126281357,0.9902909904868488
1.0,0.6696604600219059,0.8333516080454784,0.9087418245577096,0.5025892525875366,0.4799114779627059,0.9622037155669444,0.8203757118556321,0.8741773368154366,0.6324712416038769,0.5829905688356279,0.9531652580124736
1.0,0.7117196056955092,0.8282625210135643,0.9007529862928342,0.505953744656981,0.0,0.9577194106342092,0.7930404555876052,0.8665053140425802,0.6031238902059971,0.6206796875431759,0.8918802075145426
1.0,0.7393209200438117,0.8236381254925302,0.8893872339663464,0.5042839384831416,0.5277434599800555,0.9891095451633573,0.7806301309074775,0.8616540041520422,0.595967828955443,0.604200032592397,0.9369595975475556
0.0,0.7204819277108434,0.8211947918839706,0.8896377356979219,0.5067190211751661,0.4763227093426995,0.9921156373193171,0.6876266548332226,0.8555755407754102,0.6021609191287939,0.5859200167891484,0.9704022569191108
1.0,0.6968236582694411,0.8182406902386634,0.8851756641941985,0.5086611724484765,0.5079928768905774,0.9973027646662168,0.6708897270911915,0.8514465848677804,0.6144179052108758,0.622570703738807,0.9316357799503854
1.0,0.6736035049288062,0.8147169384764109,0.8806776390650239,0.5074504258035354,0.5038826256780916,0.9829059829059832,0.5838769321795722,0.8461853456884032,0.6188271144012567,0.6123009738423506,0.6840799649788403
1.0,0.6573932092004382,0.8128630639651762,0.8877294239157035,0.5065464328107919,0.5315301111943458,0.9380341880341884,0.5562088602913983,0.8442159964577078,0.6497263651555003,0.5921101929412425,0.5251228172576485
1.0,0.6048192771084338,0.8125222614617649,0.8996093836390979,0.5057342192080586,0.5476065506264005,0.9223646723646728,0.5484283706826418,0.8446077320928074,0.679297805871445,0.6341072507452844,0.5130113332360532
1.0,0.5973713033953997,0.8133591584206747,0.9146885040265365,0.5050129475851517,0.5415491746580066,0.9287749287749288,0.5671178167295315,0.8459205816643038,0.7065752197495309,0.6502409881771394,0.65491998638066
1.0,0.56144578313253,0.8097857297615498,0.9024692952731272,0.5060274233234034,0.5598140172393075,0.8931623931623932,0.5340803195029956,0.8447595283257596,0.7173942151001944,0.6717813023515972,0.5833211732088142
1.0,0.6214676889375685,0.8038945017052606,0.8832287056839899,0.5070969025858733,0.0,0.8938746438746442,0.5745506989128029,0.8431337143024984,0.7434268879578344,0.6573904725117052,0.6496181720900832
0.0,0.7204819277108434,0.798022392913065,0.8653863317957803,0.5110432580408052,0.5034945024748221,0.9793447293447294,0.7131499149471191,0.8405364801847419,0.774798004167746,0.7426625532006522,0.959628386594678
0.0,0.6744797371303394,0.7956685200276434,0.8667400230528627,0.5113266438064649,0.4922757211017645,0.9464156408399708,0.5955180829820281,0.8328772745362567,0.7568378501405033,0.6925557354826936,0.8860370296103192
0.0,0.6438116100766703,0.7960097510332259,0.8807937870281201,0.5084917903677564,0.0,0.9500362056480812,0.6255380519192371,0.8304208940963862,0.7626891938005433,0.6811072320139945,0.9600628300247316
0.0,0.6407447973713034,0.7951900955443247,0.8907116505710022,0.5080796977762055,0.4933012204033567,0.969079665332848,0.5983433178019376,0.8260905752781096,0.7592585837042689,0.7017671872999766,0.8817749492971524
0.0,0.6381161007667033,0.7891769188098954,0.8771671706306787,0.5080561250615748,0.6135709702794596,0.9687267311988091,0.6128097034243032,0.822833058849679,0.7759377750307401,0.6728157387538778,0.9362141408287464
1.0,0.7051478641840087,0.7811174574336313,0.8507964903433898,0.5138305792913141,0.4890787309517545,0.9827721221613156,0.5701575327268694,0.8190197301552955,0.7847695360901157,0.6312405310887711,0.7672060753051562
1.0,0.7362541073384449,0.7723890455163858,0.8199572042743345,0.516481058345158,0.504512937343011,0.9790761942360844,0.5707196213297836,0.8161105788631888,0.7804093036528299,0.6320004920234938,0.7905848674008985
1.0,0.7445783132530119,0.7653757541094209,0.7951928731158032,0.5175153201226942,0.4769946017318788,0.9896565990897808,0.6213297833000516,0.8129332774717672,0.7790900962639051,0.6822286083862201,0.7314222098524905
1.0,0.7813800657174151,0.7586424055946703,0.7721239604191148,0.5207928418790974,0.5015335134549098,0.9857142857142857,0.6085644552917681,0.8094334309754299,0.7703770670617154,0.6713719465247588,0.6533736233151753
1.0,0.7774370208105147,0.756035501196062,0.7665667990799222,0.5212179490602596,0.5532483155535052,0.9264069264069262,0.5488869166481769,0.8089868413648118,0.8059440346547709,0.6071071068235205,0.3633258618849397
1.0,0.7182913472070097,0.7553270406035586,0.7678667890399419,0.5152368946483018,0.5526599451691732,0.942279942279942,0.4929738924635749,0.8108468727976899,0.8513247668957573,0.52829349904442,0.3682712491550128
1.0,0.7423877327491786,0.7534234117712773,0.7653124462005401,0.5133755156975147,0.5316358457699405,0.9696969696969696,0.5655129058501587,0.8130328089626107,0.9062476357432052,0.569397939384487,0.5095883587718352
1.0,0.7870755750273821,0.7524663545884485,0.7678920178555678,0.5174453298240376,0.5090380241487373,0.9464043419267296,0.6181051697359664,0.8117741825237106,0.9504725168740636,0.5930165694712118,0.6802220087522673
1.0,0.6867469879518071,0.7533087217088921,0.7810076614223819,0.5119312920903333,0.5964411667847628,0.9369063772048842,0.6554322905110566,0.8088814027625209,0.9609695721602602,0.5826900991314816,0.7125630571487787
0.0,0.6639649507119384,0.756570187234648,0.804034663856567,0.5096875672689432,0.0,0.9538670284938936,0.7017528289327717,0.8051359488162293,0.9653627082654632,0.5819447703814165,0.7861860908224834
0.0,0.6867469879518074,0.7570784332457556,0.8112847107958456,0.5076464043556685,0.5963039321653733,0.9869952087611228,0.7108128097034248,0.7992627639742649,0.9304957851268424,0.5901282507606921,0.7383639509020521
1.0,0.6477546549835708,0.7571363571658071,0.8189896555149399,0.5081261341171741,0.4876491776255126,0.995804195804196,0.7999186450706313,0.7954739546740901,0.9389621822957824,0.6028244236154822,0.7998795798675384
1.0,0.6035049288061336,0.7570206277924091,0.8230953313582361,0.5084436898165235,0.4789566236223945,0.9836415362731156,0.7876636343465724,0.7921003899311554,0.9563260911480138,0.5733965259571362,0.8835617845913568
1.0,0.5991237677984664,0.7544781555417983,0.819953862126593,0.5083209287001975,0.5336129560201365,0.9846153846153846,0.7625101693661709,0.7877437891863956,0.9969462185040529,0.5272149503642243,0.9148599494461678
1.0,0.5982475355969332,0.7514124013808021,0.8091590450146388,0.5086305141248785,0.4793607481765566,0.9914529914529916,0.81213667628134,0.7799557882082382,1.0,0.5581244195644273,1.0
1.0,0.5557502738225627,0.7489270513035202,0.8039278241635138,0.5093038398104509,0.0,0.9586645468998408,0.8544782190666376,0.7714321997123585,0.981718252016592,0.583751933567645,0.8772865527138758
1.0,0.5684556407447974,0.7470683367425335,0.801336366756193,0.5065323946791588,0.0,0.976152623211447,0.8740551734339176,0.7670314138677989,0.9575960168657374,0.613947009105651,0.9504410212370052
1.0,0.5886089813800658,0.7439309956277673,0.7956452985416519,0.5043745783445768,0.4593555403345002,0.9777424483306836,0.7888617705790995,0.7616542934730803,0.9250367284863056,0.5573360206626112,0.9559843400447432
1.0,0.5951807228915663,0.7409077144262819,0.7880321972106479,0.5050142245321153,0.5309355901294076,0.9797242497972424,0.8516012129280381,0.756325821948107,0.9077656822167957,0.5330125410979605,0.95909768829232
1.0,0.5496166484118292,0.7385615923981068,0.7811671220779369,0.5056698137142909,0.525636856395277,0.8961881589618815,0.8640115376081652,0.7486278126108361,0.8637121442328562,0.5393669653842977,0.9592917362975756
1.0,0.5145673603504928,0.7359798794166577,0.7735339807278773,0.5032900521013455,0.5137831576992256,0.8374587458745876,0.8499223430219658,0.7412936716016005,0.8288301003609693,0.5829639819407041,0.9445706667668092
1.0,0.5605695509309968,0.7342614412446344,0.7700892622334777,0.5032272236508232,0.5133903099075117,0.8696369636963698,0.8843354781451074,0.7349592284097948,0.7969430607377048,0.5448887782496776,0.9847683274228232
1.0,0.5325301204819277,0.73113489408308,0.7635823001245527,0.5047106532350478,0.4865860765490994,0.844059405940594,0.7832260927446199,0.7272739503101866,0.7740954592870397,0.5310378322515632,0.8373561792821846
1.0,0.5491785323110623,0.7289890936156875,0.7588836639589187,0.5062798493201172,0.4846548392158834,0.8118811881188117,0.7847348568892836,0.7223695172356823,0.7802109998505571,0.5318526072391608,0.8328340552195239
1.0,0.5360350492880616,0.7258952228889866,0.7535435437581345,0.5054587570659067,0.5067549654407282,0.7714521452145218,0.7957547518674658,0.7150142981080749,0.7745053560174604,0.5375803261028925,0.8116926482092777
1.0,0.5798466593647316,0.7248462625568255,0.7567340938839824,0.5051938923515454,0.4916612845143658,0.8358085808580856,0.9046372309740408,0.7071164467757621,0.7370156060807775,0.5643058236249588,0.9585948978228932
1.0,0.5592552026286967,0.7231304319912741,0.7595327855784711,0.5072342354774276,0.4953608744953773,0.8176567656765675,0.8748613268249394,0.6949194804357028,0.6741932421714039,0.5530704776593676,0.9824309721652952
1.0,0.5811610076670318,0.7208867066901117,0.7561759169074732,0.5052995603202111,0.4979590939460797,0.8250825082508253,0.8979809185711116,0.6823138580319159,0.5671689739667771,0.5646605876845664,0.993641640571298
0.0,0.6043811610076671,0.7184602111615497,0.7564526735070268,0.5072363833624707,0.4921070898635954,0.8242574257425745,0.9845203757118558,0.6725138654778648,0.5167147170918793,0.6036185309034658,0.9712132279699844
0.0,0.5943044906900328,0.7161940263741571,0.7548151152884444,0.510066274651622,0.4909086996590678,0.8201320132013201,0.8161896309444565,0.6630622474172148,0.4696198548321775,0.5124633293131329,0.962203860305984
1.0,0.582475355969332,0.713905823174372,0.7555241290034344,0.5094371956567432,0.4891034456792259,0.7722772277227725,0.8031876340507358,0.6574659664555011,0.4727883923082806,0.5082963553221135,0.9848906208484638
1.0,0.5741511500547647,0.7119819138071906,0.7504538657666519,0.5091962950252639,0.4845392067449586,0.7103960396039605,0.7343317801937725,0.6495661192653437,0.4553438322773919,0.4808275601150728,0.8
1.0,0.5522453450164292,0.7107835197683181,0.7467686265182626,0.511050360047205,0.4961365949607052,0.6930693069306932,0.7708083721618224,0.6448676195969316,0.4396736675124479,0.5089784232221323,0.8900516913031652
1.0,0.5702081051478642,0.7105552847753847,0.7448945685373327,0.5087716362602147,0.4873967523166202,0.7244224422442247,0.8330227054211969,0.6352369636452586,0.4073283242858366,0.4950439065982821,0.9793597533327294
1.0,0.5509309967141294,0.7097928216518257,0.7417614801859606,0.5074412564288323,0.4877585796140821,0.6815181518151815,0.9046963981954,0.6242545259812617,0.3546704965599685,0.5306200806673516,0.983891658114646
1.0,0.5412924424972619,0.7092009597295852,0.7407770685120584,0.5103977072021708,0.5033331476472884,0.6691419141914193,0.7578729383921305,0.6167622577097298,0.3296019351605704,0.4971696802356238,0.7811755509231684
1.0,0.5123767798466594,0.7091968545513934,0.7457401604307183,0.5082863630436336,0.5053439196061862,0.6130363036303631,0.6994674950077657,0.6170666911629206,0.3425946631016312,0.4532293035576046,0.786982578916021
1.0,0.5141292442497262,0.7084437790330227,0.7460106288309645,0.5083076280408855,0.5081673891045762,0.6336633663366338,0.7362473189852822,0.6178857213472506,0.3424877869187598,0.4754140561893678,0.9670562835020842
1.0,0.4974808324205916,0.7079944408823629,0.7479869367751038,0.507284831362347,0.518671165215005,0.566006600660066,0.5894904223060425,0.6132602937095553,0.2987735330689682,0.4468572987343766,0.9601777699551176
1.0,0.4786418400876234,0.7068414858756398,0.7417711753916489,0.5094218350562718,0.5106438103247694,0.5453795379537955,0.5890318763405075,0.6121686292351649,0.2928050813576341,0.4469243428916176,0.9050779510022272
1.0,0.4939759036144581,0.7060528463253397,0.7397094854385787,0.5070243413303479,0.5020558648834871,0.5503300330033006,0.5354929369129501,0.6111303390701976,0.3036599262867288,0.4185667279781891,0.9300445434298444
1.0,0.4711938663745894,0.7053642686044992,0.7264686809602192,0.5054101915156981,0.5037577529415698,0.4834983498349835,0.4436358257525331,0.6103766447847874,0.3287090374246249,0.4258950706479193,0.8232770883942837
1.0,0.4725082146768895,0.7050063706719742,0.7141970205889862,0.5053916044981946,0.4999489258381452,0.5066006600660068,0.4760150876414465,0.6090479232256021,0.3047205125114624,0.4406289133486939,0.8384339136544614
1.0,0.4720700985761229,0.7052099126131437,0.7062814084556575,0.5054717462365356,0.5097546997051731,0.4859735973597361,0.5112417720582796,0.6039779595566563,0.24493082083815004,0.457308940901581,0.7979168621563288
1.0,0.4733844468784227,0.7043586555610439,0.7064835580906735,0.5055574813285264,0.513863957933151,0.4925742574257426,0.5054359884623918,0.5975368616077403,0.16353532178382027,0.4545951107433999,0.749160176409871
1.0,0.4992332968236584,0.7035421268475233,0.7111496861819543,0.5040810957395979,0.5050089738549438,0.5123762376237626,0.4855927815989942,0.5944928160487617,0.1391766879082536,0.44483597019264093,0.6173594820305899
0.0,0.4930996714129246,0.7025631746796801,0.7093241836878432,0.5037201431332365,0.4987032360729357,0.4834983498349835,0.3702906589749277,0.5936033513222354,0.1428485156942838,0.4445954196707744,0.5833911982734351
1.0,0.4799561883899235,0.70215148367837,0.7129048969326215,0.5064171814730692,0.5286356375716845,0.4635544635544638,0.3334368759707121,0.5971903389877982,0.1855177773398051,0.4247663594191852,0.4812799099183637
1.0,0.4032858707557502,0.7029907128326325,0.7194206693514192,0.5001571011633187,0.5058705484644904,0.3126022913256956,0.09010428222764556,0.5991816563492591,0.18823969347952152,0.3530415974934084,0.14768271219933976
1.0,0.4676889375684558,0.7041547888859696,0.7356954416441543,0.5055615681316727,0.5108541518927712,0.4699186991869921,0.2834109903113675,0.6071203277230974,0.2265357764330248,0.3919198943865884,0.401064709380757
1.0,0.4895947426067907,0.7043881015335975,0.7448269746897289,0.5037744762149189,0.5083090021449732,0.5008130081300811,0.3134235633459063,0.6067192613698198,0.2293892681090463,0.4086907176547804,0.3682530933143797
1.0,0.4782037239868568,0.7040707956460863,0.7506630954166111,0.503019069898575,0.5175476715985645,0.4740973312401888,0.267176983950891,0.6065614444501006,0.24945968211772346,0.4359746232685392,0.3365729122847736
1.0,0.4764512595837897,0.7046068662763871,0.7528041584780137,0.5027620033335873,0.5197170700791857,0.4850863422291993,0.3460468900229274,0.6086492484621975,0.2633254843543303,0.4306056966362977,0.3370515963387923
0.0,0.4462212486308873,0.7040617428317042,0.749481596311633,0.5038268356982843,0.5382160936550733,0.4505494505494506,0.31884476000295825,0.6086633298410613,0.2319569387681427,0.4650454058630686,0.2864561423867476
1.0,0.3879518072289159,0.7026169415621799,0.7430925136346542,0.49910286811610294,0.5145259532597217,0.27864992150706464,0.23359218992678046,0.6121933629080699,0.23141064220387844,0.4021409561916625,0.002117313785903468
1.0,0.4733844468784227,0.7012720055463453,0.7381793396299828,0.5032835560869889,0.5034273994712404,0.41249036237471104,0.28338140670068784,0.6220990870305123,0.230466103257186,0.4243841225639508,0.02091396975117926
1.0,0.5031763417305586,0.7014180773727329,0.7414866900065026,0.5023028470210726,0.5237956185317537,0.4692015209125477,0.3807410694475261,0.6319376923965894,0.25702330183140554,0.4294914113646137,0.08375625572707363
0.0,0.5228915662650603,0.7017995920654141,0.7473830469739026,0.5039625201298332,0.5270386719856286,0.5186311787072244,0.3949633902817839,0.6416987176336735,0.2747716734936171,0.4372514644957389,0.046088991084755136
0.0,0.5697699890470976,0.7009440079831121,0.7452174167471267,0.5045025283686191,0.5164962696239561,0.5885931558935363,0.3688558538569631,0.6517141989117088,0.327495680114992,0.4269861141844147,0.12978102189780946
0.0,0.6021905805038337,0.6993881682570389,0.7446386722929259,0.5038560779602509,0.5070154211873902,0.6107828655834567,0.3349530360180457,0.6566438094747775,0.3370472867308489,0.4560946712659299,0.0581995133819942
0.0,0.6740416210295728,0.6947323783211345,0.7280407157545805,0.5065108424529973,0.5255927693823679,0.7327964860907761,0.4831373419125807,0.6608862865866267,0.3300213485399396,0.4905655001739478,0.25577517288734153
0.0,0.8238773274917853,0.6905664397553546,0.7142759832012179,0.5168181416460126,0.5239865037857301,0.8535871156661785,0.539997041638932,0.6613114919002092,0.32017349182169696,0.5226190050732307,0.4588013144342538
0.0,0.8247535596933189,0.6856817929324739,0.6949581849396499,0.5169642350788277,0.5057803194730298,0.8695928753180663,0.569255232601139,0.6630380124654864,0.3425288043185037,0.4888779390122708,0.4823924665260678
0.0,0.8142387732749179,0.6841865322866534,0.6931403010978426,0.5163283451222145,0.5018514222012693,0.8486005089058527,0.4277864063308928,0.6654700038201964,0.3883621069149139,0.4624812165557535,0.3547746333807445
0.0,0.8024096385542168,0.6830230432679991,0.6945993632381411,0.5191301703778839,0.4992000010204905,0.833969465648855,0.3530064344353228,0.67110889989593,0.43159646236747257,0.4772682396788946,0.3103143852077098
0.0,0.7813800657174151,0.6829336501064645,0.7017257347001836,0.521208315313632,0.516197846973925,0.8082278481012657,0.3130315805044004,0.6746222955638121,0.436514948647556,0.504931092296189,0.20388444749619852
0.0,0.8470974808324206,0.6827060248924155,0.7045949328603323,0.5262896773022614,0.5094271363537899,0.9316455696202532,0.4712817099326974,0.6779826890573066,0.4167120884964091,0.5348319248785527,0.5418117612438078
1.0,0.8059145673603506,0.6817949509931955,0.6993688940376712,0.5234697875383817,0.4412408245914791,0.8658227848101268,0.5070408993417647,0.6764591599476497,0.3672679921608518,0.553765614095265,0.5305802148217177
0.0,0.8663745892661557,0.6804589507487762,0.687686502549203,0.5288416030260615,0.5044370769635435,0.9537974683544306,0.6209082168478667,0.6767320548084619,0.3474003537593604,0.6163593494635969,0.9431065770758748
0.0,0.8256297918948521,0.6783858962769804,0.6750166537379504,0.5295119477517387,0.504407681064211,0.8987341772151898,0.5309740403816287,0.6699100889604503,0.2785585727787563,0.6161541998903295,0.8336486523539258
0.0,0.8138006571741513,0.6773192084733388,0.6722602422224023,0.5289709599817674,0.4823264072349429,0.8651898734177217,0.5677316766511352,0.6641091528804881,0.21580529297304074,0.636159786685982,0.6603602862548338
1.0,0.7936473165388829,0.6754026591625915,0.6679985620456914,0.5302662081551593,0.4859794330249935,0.8620253164556962,0.6595222246875232,0.6578827351003679,0.14419606073331115,0.6363497960098807,0.7719283814537592
1.0,0.7629791894852136,0.6737894763444008,0.6671747720759484,0.528510844207917,0.4942292932666367,0.7879746835443037,0.6368685748095555,0.6521540232102141,0.0967627269950655,0.6272346175281759,0.4805077311108677
1.0,0.7437020810514787,0.6724704042515144,0.6656823268116143,0.5271653042310611,0.512585371157085,0.7531645569620253,0.5993861400783964,0.6524884324603881,0.0877539611519384,0.6034555589794611,0.5586429193233423
1.0,0.6814895947426067,0.6718891553349688,0.6662838964060911,0.5251787379267735,0.5125964663716909,0.6879746835443038,0.4684342874047779,0.6522092833787636,0.07750306870218943,0.5826656712083741,0.3793614568383416
1.0,0.7038335158817085,0.6718977212982384,0.6696400215631637,0.5236589446805973,0.5140482744600557,0.710126582278481,0.5679535537312329,0.6577297671660916,0.10495978766129266,0.584011860980483,0.4123473637155032
1.0,0.6849945235487406,0.6715823334038473,0.6720924650374721,0.5258183396608564,0.4865397046155582,0.6848101265822786,0.3734708971229935,0.6607320120240441,0.10412336289834184,0.5464276266869319,0.29576735759828743
1.0,0.7279299014238774,0.6712561425199102,0.6763198371586717,0.5295338212260897,0.4795975066723852,0.7645569620253165,0.3964055913024183,0.6683663353416059,0.1347987441294703,0.5050873379371815,0.3611509775780535
0.0,0.7642935377875137,0.6703063556505773,0.6792649782880392,0.5293599702318671,0.4838612376357855,0.8025316455696205,0.5242807484653502,0.6725011287138489,0.1362694312692771,0.5129859314336837,0.7154083241182984
0.0,0.7870755750273825,0.6676962781500055,0.6736579004782158,0.5278445616772254,0.5147638573170576,0.8291139240506331,0.515723689076252,0.6729056280213173,0.1385946334173953,0.5087659398299347,0.7540408912312082
1.0,0.7020810514786417,0.6650007870196357,0.6650933766095426,0.5215530105307556,0.4896154388694202,0.6746835443037973,0.3602026477331555,0.6731176964178556,0.13928591175342284,0.4820840402208539,0.4793308707620642
0.0,0.7454545454545455,0.6633085339088071,0.6584596563911161,0.522225555279924,0.4851103495678029,0.7284644194756553,0.3624731898528216,0.6755633605875444,0.1490153282671242,0.4831373803774273,0.4774311090867688
1.0,0.7651697699890471,0.6621840001610602,0.6595241527360837,0.5241152684586501,0.5056118557675127,0.7598253275109169,0.4305672657347829,0.6772902507835981,0.13476436148106047,0.5188992294050627,0.409246185379185
0.0,0.8330777656078862,0.6611451565695035,0.6648143572896725,0.5270816596780733,0.5219891388281238,0.8527760449157831,0.5023223134383551,0.6784221070993364,0.11108832905872773,0.5519389104124685,0.7263493509451144
0.0,0.8944140197152245,0.6591513155652255,0.6657848136155845,0.5293808598477715,0.511549039706232,0.9357454772301934,0.6270468160639004,0.6774364337762253,0.09137381834122517,0.5630699853285388,0.9153268048280568
0.0,0.8799561883899234,0.6574640086179606,0.6628613759609291,0.5285996714762252,0.4843675244061415,0.9027683160958692,0.6114488573330377,0.6747298351534898,0.07386872241973974,0.5543604067316535,0.9395809610567064
0.0,0.8041621029572835,0.6559773352108462,0.6624943759808751,0.5254782923053105,0.4822796334260198,0.8177914110429448,0.4367206567561568,0.6729348043928223,0.06503604856889439,0.5234290990187134,0.7661125028467315
0.0,0.7901423877327494,0.6557097444670179,0.6646514758454802,0.5244120280155801,0.4844942582759183,0.7957055214723927,0.3859034095111308,0.6745607266558578,0.06895431501044152,0.5498057387515051,0.6126564222265446
1.0,0.7520262869660459,0.6549064346873414,0.6649174014928769,0.524490681607052,0.48347889848660497,0.7552147239263802,0.3576288736040233,0.6764620391574674,0.06804198004250689,0.5388785840046598,0.5945325292543635
1.0,0.7599123767798466,0.6540826922388212,0.6670409646995655,0.5215825201538159,0.4823438029654153,0.7656441717791409,0.3421492493158791,0.6792108628774765,0.0695620352553436,0.5336975679219442,0.5822934928328343
1.0,0.7713033953997808,0.65252590159305,0.6610915817027502,0.5190782511185248,0.5232696627612037,0.7717791411042945,0.1942755713334809,0.6795819826548826,0.04404451510131169,0.5153297546706406,0.35770954409412725
1.0,0.7266155531215772,0.6517102607248992,0.6592039206402236,0.5155091287411692,0.5368130132100464,0.7,0.14586938835884894,0.6836360316441865,0.030404343469022318,0.4796945850023571,0.2106329188781623
1.0,0.6762322015334065,0.6513539316541221,0.6528031103611158,0.5139278071593087,0.5222170512735559,0.6546012269938654,0.07951334960431877,0.6896142810268633,0.02769496526390114,0.4851058356052829,0.09836669170385423
1.0,0.6985761226725082,0.6512941450177885,0.6528928339282442,0.5126049305073789,0.5130408942560701,0.6797546012269939,0.1177723541158201,0.6990530845236662,0.04412824712316349,0.5000298656309519,0.10256126482213493
1.0,0.7572836801752463,0.6498097407683603,0.6516332405062989,0.5151058874308885,0.5179323811345258,0.7546012269938649,0.20804674210487376,0.7070320535490724,0.058842388134596864,0.4865803075399328,0.2091458972230224
1.0,0.7082146768893757,0.6483703692525817,0.6533491419297442,0.5111855564360698,0.5066231017440036,0.6687116564417178,0.1326529102877001,0.7123609279533556,0.06260305017628638,0.4070222563412821,0.004913505362498248
0.0,0.7616648411829137,0.6480924266979096,0.6582459642262327,0.5167511164868138,0.4898061622905501,0.7515337423312884,0.2762443606242145,0.7233778029388434,0.10807448034652156,0.4778783118057048,0.2316228601960505
0.0,0.7642935377875137,0.6478487795111798,0.6617904149986233,0.5165631137205962,0.4888048805207568,0.7723926380368097,0.2562162561940682,0.7278127812147093,0.13237383638474026,0.5229170226109794,0.19765116378026487
0.0,0.7476451259583792,0.6466069787201958,0.6617740803047416,0.5151942785865053,0.4896312051002266,0.7466257668711659,0.24794024110642696,0.7328316256930241,0.15962395044063155,0.5120366383760219,0.1501425471256546
1.0,0.7682365826944142,0.6437079424963001,0.6552426938873014,0.5137963652397616,0.4901261302461794,0.7539877300613498,0.2575918940906732,0.7378498851603803,0.17951635966517626,0.5179455333924333,0.20969320454448734
0.0,0.8186199342825847,0.6406382339525138,0.6503705089295942,0.5157649175769049,0.4891475428586986,0.7902554961378488,0.3676059463057468,0.7427148199074136,0.1972747064545175,0.5455509299659576,0.4086634611293145
0.0,0.8177437020810514,0.6378343335230052,0.6457926710943588,0.5158395570981547,0.5210158746008711,0.7849145550972305,0.3688188743436137,0.7436480395288441,0.19272739031889652,0.546367061078349,0.41470575720182135
1.0,0.7721796276013143,0.6363642984198026,0.6497839791517943,0.5120907256815976,0.5022718592256471,0.7189695550351289,0.3031210709267064,0.7465785661720616,0.2036353209091082,0.4638705909103169,0.15512105867835474
0.0,0.8164293537787513,0.6352732700704853,0.6536985749765237,0.5169430996324068,0.5241160223521585,0.7798594847775177,0.2888469787737593,0.7539551969366722,0.23071288730011086,0.4565867321631771,0.24494702353091385
1.0,0.7502738225629793,0.6335949932500207,0.6553581363794725,0.511206446502113,0.4936650721690651,0.6891342242882046,0.23263072257969056,0.7604614165653432,0.24653115843257886,0.35858006335178344,0.06269945959746448
1.0,0.8273822562979192,0.6323205158083871,0.6527106387230227,0.5163250266792748,0.5302969616118611,0.7786743515850146,0.2973300791361587,0.7702871192963292,0.2781124714429196,0.3915987541857184,0.0010019060651968491
0.0,0.9093099671412924,0.6311452326614637,0.6472239170009393,0.5218363578924845,0.5294885169768382,0.8872437357630981,0.3935581687744992,0.7800570717879289,0.3065640262064282,0.4661115786159439,0.08976798653297308
0.0,0.9005476451259586,0.629443804529727,0.6396871855060872,0.5202906487061095,0.5348041443207382,0.8889521640091118,0.3980400857924709,0.7857062505732109,0.3199551031093827,0.4704673719159299,0.14751518700139055
0.0,0.936911281489595,0.62642043177639,0.6308983408405359,0.5207296032634081,0.4715398140969688,0.9236902050113898,0.4495969233044893,0.7911544321218527,0.3256333264497091,0.4763968707627438,0.16492364645996996
0.0,0.9789704271631984,0.6232805880887801,0.6247707954174196,0.522026283868654,0.0,0.9387640449438204,0.4836032837807851,0.7959143894084619,0.3329209648503891,0.5152819365741238,0.3238399634724033
0.0,1.0,0.6206371275300764,0.6226140862908953,0.5236434235608327,0.4731870967170433,0.9816768461965576,0.504171289105836,0.8000429777897291,0.3529764154282741,0.5415338597789385,0.8206152616859803
0.0,0.9894852135815991,0.6186164233419016,0.6203502917507804,0.5261324347637122,0.43914635032166666,0.9926470588235292,0.4484579542933215,0.8016037042470456,0.3731569676592758,0.5229035089995381,0.639603457041182
0.0,0.9943044906900328,0.6173717908859695,0.6216805664671712,0.5269802390982877,0.467449528376377,0.98472850678733,0.4399822498335921,0.8029643286162005,0.39032412377132375,0.5142162597276443,0.6527116587323821
0.0,0.9548740416210296,0.6157689463498346,0.6201707813373916,0.5249234142810342,0.4711941781188267,0.9767111616018176,0.4471858590340949,0.8036361725132659,0.40826230418491705,0.4732167932418301,0.5805652981225484
1.0,0.9447973713033954,0.6143017969463669,0.6219834373740646,0.524277905194082,0.4882574390451986,0.9585345072422604,0.40378670216699897,0.8035642111333974,0.4150055442827158,0.4733887483111862,0.4633578906552918
1.0,0.9579408543263964,0.610687117937758,0.6150253104714825,0.5220613206685312,0.0,0.9630786708321496,0.40137563789660535,0.8043944744765399,0.4286945768442677,0.4688739686703083,0.3711059619699159
1.0,0.9829134720700984,0.6073037590591639,0.6103513107094353,0.5212889875278284,0.456964332558025,0.97651775486827,0.4241624140226312,0.8046693482899205,0.4180565040748844,0.4450857736165639,0.441943433005994
1.0,0.9789704271631982,0.6040892913133844,0.6035237717932859,0.5245091842743272,0.538832321307429,0.9885953349762164,0.4717920272169219,0.8035573844149557,0.3914242158695857,0.4550797347940324,0.5296995108315873
1.0,0.9886089813800658,0.6014503134938167,0.6003838374853949,0.5218507673990131,0.6778046543918498,0.9954725199151816,0.5101397825604612,0.8015502136140908,0.35690453632757124,0.5004929661995705,0.4887270587369891
1.0,0.9610076670317632,0.5980429296500607,0.5930454741062287,0.520018826363971,0.4976001040934741,0.9804386484884408,0.5242437689520008,0.7999671354831479,0.34123017973106234,0.4659582807898837,0.5436757512229227
1.0,0.9553121577217962,0.5957083350417058,0.5889753318979035,0.5201579573265539,0.5040062609594073,0.9545454545454546,0.4966940315065456,0.7981636951817346,0.330255273536477,0.4344580585958861,0.34054213100886405
1.0,0.9478641840087624,0.5927544944110814,0.5790234671702875,0.5183941100022605,0.4935773814230109,0.9650349650349652,0.5265069151689962,0.7982626744678525,0.327896653067966,0.4180285306195371,0.3449556806061269
1.0,0.9583789704271632,0.5897642933554703,0.5697204572447297,0.5203606244103298,0.4995193583184229,0.9451184286539572,0.5035500332815626,0.7985693172610533,0.31629749371515625,0.3927648396001675,0.22292103424179086
1.0,0.9846659364731652,0.5874415065605265,0.5659952867854225,0.5197190715483379,0.4974105589641964,0.9627118644067796,0.5465572073071521,0.8005561291185004,0.31354306434426144,0.446397826739767,0.44918901026150265
1.0,0.9483023001095292,0.588538324397321,0.5803508094343264,0.5178432714956969,0.4949182303842502,0.9536723163841808,0.5513497522372605,0.8013824621988709,0.311485648706106,0.4521452329209159,0.4136967155835093
1.0,0.876013143483023,0.5898097568920475,0.5942252052276995,0.5111462514827579,0.4977750698328866,0.9338983050847456,0.4711411877819681,0.8023875939312384,0.3167689551781479,0.4000426217168635,0.2086873367906128
1.0,0.8930996714129243,0.5895076458563109,0.6060771113302892,0.5093273435200962,0.5022074612942283,0.9418079096045198,0.496339028178389,0.8062041575408878,0.34146150897400834,0.3817656217217463,0.2592503700147988
1.0,0.9058050383351588,0.5860141268663897,0.6023678125732908,0.507023001673311,0.5023678091649307,0.9440677966101694,0.4954958952740184,0.8093195115488994,0.3603922022179286,0.3807719150344308,0.2981319252770103
1.0,0.9211391018619932,0.5820723671158325,0.5979238526295978,0.5088807483503587,0.5366164694332428,0.9429378531073443,0.4377856667406255,0.8130807897864307,0.3942148647326886,0.3623563449228701,0.22924916996679684
0.0,0.9518072289156628,0.5797348874209203,0.5952733037041948,0.5086491579934433,0.51491251350472,0.9559322033898304,0.41831225501072383,0.8177727833121868,0.42672614179965707,0.3449493497982661,0.29329173166926586
0.0,0.9242059145673605,0.5780783399206428,0.5959442173433632,0.5079915560752175,0.0,0.955367231638418,0.4642556023962722,0.8212837960370023,0.4561993221669629,0.34380527140619177,0.5302212088483514
0.0,0.9421686746987951,0.5776330374992611,0.6026284756848772,0.5098002169203883,0.5032461348233781,0.9813559322033896,0.5141705495155686,0.8218279672484661,0.4571392692755509,0.3548517896149413,0.7596703868154726
0.0,0.9364731653888282,0.5757981790704599,0.6043166919534496,0.5087882638280918,0.5430129480764215,0.9965655409273042,0.5518674654241554,0.8201451564266597,0.4623768642326964,0.3520952432004719,0.8616744669786793
0.0,0.9110624315443592,0.5733993688586554,0.6048590030107309,0.5068573561248934,0.5160128726562566,0.9727694090382388,0.5553657273870277,0.8168237758929053,0.4665618538087319,0.35628067207359576,0.8261130445217798
0.0,0.9360350492880612,0.5707808700197987,0.6072627637483398,0.5058573780665774,0.5162720134200077,0.9918887601390496,0.6124916796094964,0.8140710806318958,0.4642222065052735,0.3756436044857636,0.9760390415616632
1.0,0.9145673603504929,0.5683536385584445,0.6094455698947527,0.5042266699167169,0.5009702720563034,0.9810762862211708,0.5955106870793581,0.809379662911063,0.4504210013129185,0.4131256760448577,0.9684469103384024
1.0,0.8930996714129247,0.5661470412113891,0.6142325401999729,0.5058372205115381,0.4726815649839288,0.9839345256138228,0.6033799275201539,0.8066195166905656,0.4434641390284444,0.4221869298314393,0.9542457805907181
1.0,0.8900328587075576,0.5642478005594995,0.6117018276380407,0.505924228724368,0.4787077669488986,0.9925373134328359,0.5223060424524816,0.8045225682166066,0.4551991194161914,0.3647479549838247,0.8311132031066125
1.0,0.8738225629791897,0.5622596746663955,0.6094074506974801,0.508145957379371,0.4791644442207024,0.9744866210329808,0.4361733599585832,0.8041030566540182,0.4591830713819946,0.30778252103981546,0.4880333433592581
1.0,0.8703176341730559,0.5608958726499493,0.6100898158535359,0.5114670821118894,0.4879524846201071,0.9726197884256379,0.4394645366466978,0.8040980660342558,0.4586174529046753,0.3123352268650258,0.4702874575688567
1.0,0.8571741511500548,0.5602600045037816,0.6221987078458349,0.5138494952622595,0.4886728843506301,0.9595519601742378,0.4662007247984615,0.8037635221801421,0.43160647482990655,0.3480996855989113,0.3930305504232352
1.0,0.8562979189485215,0.5590995878954248,0.6349936793525766,0.5127786979083695,0.5002691324447288,0.990630855715178,0.4189187190296578,0.8039510722011819,0.4146562299506157,0.3353653340461253,0.22498173849525105
1.0,0.8523548740416209,0.5576042300501234,0.6391589702291633,0.5128663328354492,0.5031421611073046,0.9687695190505934,0.4190962206937351,0.8069160170824401,0.4051446529362667,0.33556114245260377,0.2157865337515552
1.0,0.8221248630887183,0.5553691200922629,0.6230919980526675,0.5103603095385203,0.5685077846851612,0.924422236102436,0.4089712299386137,0.8102691111975981,0.41522808501241787,0.32656491296045315,0.2194675613263032
1.0,0.7642935377875137,0.5539003791912687,0.6101948944196,0.5089937392479704,0.5676722748250032,0.8432229856339789,0.3752089342504252,0.8136144273625279,0.42374598181657774,0.333613270703019,0.14918739924186594
1.0,0.7686746987951808,0.5521296144453702,0.5982239693327747,0.5094230440797033,0.5685685783162602,0.8519675202998127,0.4274831743214261,0.817113532788903,0.4345018228395969,0.34460601678721986,0.1728459530026113
1.0,0.7748083242059145,0.5502526469687279,0.598296751771949,0.5105548743725618,0.5648091596308723,0.8363522798251094,0.45362769025959604,0.8186720705724595,0.4309775681242387,0.3817924520252608,0.14905715114592213
1.0,0.7765607886089815,0.5482030349910461,0.5918325811861664,0.5069917761675174,0.5708554710364933,0.8382261086820739,0.4542933214998886,0.8208956648699497,0.44176834746842697,0.3826158143710866,0.21206846533216936
1.0,0.780065717415115,0.5465842134174919,0.5884987356133594,0.5057730599483993,0.5663866732139605,0.8382261086820739,0.4907773093706089,0.8221380357599499,0.4454895353253029,0.4239514924529144,0.5648970118944008
1.0,0.7892661555312159,0.5447662642731623,0.5864018500826592,0.5031222223333873,0.5669539053928643,0.8419737663960027,0.5928629539235264,0.8221063027998896,0.4525274632324541,0.501419316236916,0.8105599071656528
1.0,0.7826944140197152,0.5429334767247593,0.5829312592213308,0.5027110107298217,0.5636645884123463,0.8257339163023112,0.5521780933362915,0.8196633995315259,0.4408607903388944,0.4974744025887039,0.7937917029300837
1.0,0.7734939759036144,0.5412420706586476,0.5803091573877887,0.5019978482941806,0.5654771311103959,0.8082448469706434,0.5553731232896971,0.8184487143059436,0.4411588836107944,0.500836346638715,0.7350159559036831
1.0,0.7577217962760131,0.5396816679151002,0.5745581271097988,0.5007369242651311,0.5781786525280577,0.7788881948782012,0.5597662894756306,0.8157602221952359,0.4155923287077376,0.5055602558838033,0.5872352770525062
1.0,0.7480832420591458,0.5380478144008973,0.5698843150261785,0.499975406872736,0.5811547169945505,0.7601499063085574,0.5875231121958433,0.8127894174190728,0.3857551160769634,0.5323974412425987,0.561895901173308
1.0,0.7266155531215772,0.5374315857498455,0.5686370864053555,0.4982361918721853,0.5760917477528676,0.7183010618363523,0.6130167886990607,0.8113247407327995,0.3706127415240131,0.5555725382932883,0.4763446738719057
1.0,0.728368017524644,0.5375693265323729,0.5726150642556542,0.4977077909176005,0.5774469894125045,0.745159275452842,0.5809185711116045,0.8111684917471462,0.3739038591770113,0.5177891666441906,0.5568948525509826
1.0,0.7134720700985763,0.5378664312447441,0.5783289710615538,0.4994246168158116,0.5704933695805345,0.7376639600249846,0.5913541897788626,0.8119659644722035,0.3959203718070109,0.5267296669046139,0.5385508592661399
1.0,0.7323110624315443,0.5376800031191877,0.5815025995155905,0.4979127117626672,0.5734364770476177,0.7626483447845098,0.6555062495377559,0.8121026546529873,0.4027333584612624,0.5468294496018218,0.7677327317364468
0.0,0.7695509309967142,0.5382053359807435,0.5880658078590938,0.5020910672886458,0.5710855902227295,0.8226108682073706,0.7221359366910732,0.8116835291506219,0.41638731045686944,0.5728746847658671,0.9625354717342092
0.0,0.7239868565169769,0.5378901486754597,0.5932653580311038,0.4996781348561904,0.5769477415709809,0.7995003123048094,0.6527253901338657,0.8089322623812851,0.4019055866093637,0.5299784536422018,0.936342740390756
0.0,0.7042716319824753,0.5384005082638668,0.6009854082567611,0.49827269810394204,0.5859602844343262,0.7514053716427235,0.6289919384660894,0.8088763718255416,0.4154565951717813,0.5132372201411136,0.7635359468777942
1.0,0.6687842278203724,0.5375930419072867,0.6028342882447759,0.4973651488412715,0.5849098648809319,0.7307932542161152,0.5679905332445825,0.8095884817363264,0.4234362127203923,0.448882628717924,0.8468003207698469
1.0,0.6731653888280392,0.537050893089839,0.6042950381007253,0.4979747912168393,0.5712147892281054,0.7276702061211744,0.5422453960505883,0.8107845673349738,0.44730108117252615,0.4774384735701002,0.8391659983961526
1.0,0.7007667031763416,0.53559587008567,0.6026738045181085,0.4975599395953541,0.5799506352049073,0.7520299812617115,0.5250942977590414,0.8101363831165305,0.4541613958460722,0.463470463451444,0.8938893344025663
1.0,0.6928806133625411,0.5343046673702703,0.6048445885103458,0.4968309493262942,0.5782961610233464,0.7401623985009371,0.5570667850011096,0.8089480071570665,0.4625132203178896,0.4377837745400008,0.9885805934242198
1.0,0.6981380065717416,0.5337763211563058,0.6147762278111437,0.4974429602924346,0.5725798787566396,0.7482823235477831,0.5171067228755267,0.8059459770400849,0.44988185644472706,0.4573438754933868,0.9879829787234052
0.0,0.6990142387732751,0.5325476098370381,0.6215573800532922,0.4973070217811293,0.5842441206210016,0.7582760774515929,0.4777531247688784,0.8038036435715796,0.4390440849504645,0.4764733441695743,0.8688286040952096
1.0,0.6832420591456737,0.5311569352011021,0.6273452286063288,0.4962847164921675,0.5708862159822347,0.7133041848844475,0.4771392648472751,0.8018158843896468,0.4265008182352218,0.4760745349662101,0.8746393827574644
0.0,0.7642935377875137,0.5297421569674863,0.6352755302334583,0.5021445327513867,0.5764619394459121,0.8257339163023112,0.5079358035648252,0.7992134084993321,0.41186847672958377,0.4503510058847551,0.8496207746808571
0.0,0.7191675794085433,0.5286257870711184,0.6467586492593261,0.5015817012442091,0.5772523010355003,0.7626483447845098,0.4316248798165821,0.7952650974352424,0.3949723100835635,0.4333092114604871,0.5509535253909306
0.0,0.7274917853231107,0.5270640463465901,0.6494017545622514,0.5024156430319734,0.5775603808080954,0.7807620237351656,0.486184453812588,0.7949393120990325,0.3808819569854848,0.4301600357592675,0.7136302631168266
0.0,0.738882803943045,0.5255971272733366,0.6491879742065568,0.5041782491198166,0.5780452637675071,0.7688944409743912,0.4802159603579621,0.7925409415950115,0.3707135384536818,0.4245197978619861,0.6685289803052538
0.0,0.7353778751369112,0.5244242376060635,0.6483737306582912,0.503511029162471,0.5837554944147914,0.7713928794503437,0.4528880999926039,0.7916518424649809,0.3755388206725044,0.4470186759256587,0.5704922126158729
1.0,0.7182913472070099,0.5240784658240194,0.6539343401580202,0.5049023819526115,0.5777809088947621,0.7620237351655219,0.3742030914873162,0.79151985344924,0.3955684713017456,0.42055669003689616,0.4108430350510315
0.0,0.7231106243154437,0.5234633277481613,0.6515446135830394,0.5033839983959326,0.5789191093612776,0.7688944409743912,0.3357296057983876,0.7930255692102439,0.4188558947793716,0.36491144540097337,0.17915665282936571
1.0,0.7314348302300111,0.5227322178372079,0.6543828098160218,0.5006385297642926,0.5753084939367877,0.7776389756402251,0.3907107462465794,0.7959520234538578,0.44645191603269707,0.3714298535283893,0.3384000749087049
0.0,0.7323110624315443,0.5223599316539078,0.6590391334170886,0.5003658774530045,0.5813517872366271,0.7913803872579641,0.3865542489460833,0.7963787981600698,0.458311061512099,0.36428589619359053,0.2251006585723644
0.0,0.7187294633077764,0.5217144385920027,0.6682467218379808,0.5021951923721523,0.5823562314116759,0.7857589006870705,0.4330670808372159,0.7989088496502197,0.4761928504515405,0.423119805261216,0.1699803364649333
1.0,0.6990142387732748,0.520180712611781,0.6668900592207854,0.5005281936806018,0.5826686141675154,0.7476577139287945,0.393358479402411,0.8022122591186684,0.4935205871539475,0.4269099103573339,0.003162992982109439
1.0,0.7213581599123766,0.518689236311632,0.661910821372288,0.4995694451294275,0.5910815612320293,0.7613991255465333,0.4745285112047925,0.8091351436179293,0.5301363455361616,0.4597358682252621,0.2255489021956108
1.0,0.7033953997809419,0.5170734864349429,0.649384245117533,0.5011708348485036,0.5776067682106422,0.745159275452842,0.4394571407440284,0.8130933388583157,0.5550162059235522,0.4692981567631591,0.1469917308240684
0.0,0.7511500547645128,0.5159669168038017,0.6399336767776701,0.5032718806459328,0.5790669026743348,0.8019987507807623,0.5238074106944753,0.8188306172027155,0.5973733045683387,0.5181520429269354,0.31074449201211
0.0,0.7520262869660458,0.5143781684595561,0.6284517719027158,0.5034457177123788,0.5833491598143019,0.7995003123048094,0.5468826270246283,0.8203688314865631,0.620486476736959,0.5524997883970199,0.4800563850892756
0.0,0.7752464403066814,0.5136319937852787,0.6193572037385583,0.5061822906979976,0.5820724936507922,0.8357276702061215,0.5931218105169739,0.8209299664414895,0.6383130855070827,0.575322665343606,0.7239486416077403
0.0,0.7669222343921139,0.5124940962902673,0.6115109770370784,0.5046135714291555,0.5859722874191554,0.8407245471580264,0.5874491531691446,0.8197008169955609,0.6292743605525243,0.5687548346271672,0.6601693338295489
0.0,0.7914567360350494,0.5105277567490005,0.6058000112620201,0.5038545971869484,0.5805383677973117,0.8650843222985636,0.6267287922490941,0.8199857129247663,0.6259101496661064,0.5907244695526984,0.8279214737625615
0.0,0.8098576122672508,0.5082362493225561,0.605437687422315,0.5024133167721131,0.5578388792363806,0.8675827607745161,0.6026033577398122,0.8193218187551652,0.6107163673461647,0.536513395510418,0.8919333829549662
0.0,0.8216867469879517,0.5107878928298539,0.6249725085479605,0.5034624648844628,0.5796711216396693,0.8950655840099938,0.5925375342060495,0.8178280612426712,0.5917454876418893,0.5166899862023207,0.942128768142908
0.0,0.6849945235487404,0.5148078962054699,0.6479811435945895,0.4879727961139006,0.5806717959908972,0.8525921299188007,0.601124177205828,0.8156396155150261,0.5862956126600134,0.5272292024424724,0.8085944830174507
0.0,0.6608981380065717,0.5186772871666507,0.6700907580298171,0.4883856390598174,0.5775093592657774,0.8482198625858838,0.5821980622735005,0.8133796296083801,0.5943602498082637,0.4940239356554943,0.8437324075811578
1.0,0.6530120481927711,0.5165530646572718,0.6666178188149361,0.4877343981607517,0.5813286387906735,0.8326046221111806,0.5818948302640338,0.8124083682159307,0.6170488056585304,0.4940705225738165,0.7421655094764492
1.0,0.6779846659364729,0.5139310870790086,0.664923740571835,0.4909921379312777,0.5783447610266275,0.8194878201124297,0.5340285481843058,0.8104052160328845,0.624700221691714,0.4784094460026543,0.7122349408894718
1.0,0.6775465498357063,0.5116679042451977,0.6608124306742386,0.4906725065000341,0.580246975467521,0.8301061836352281,0.5839878707196213,0.808280662070666,0.6255466135586611,0.4800969570294613,0.7382248076562196
0.0,0.6994523548740414,0.5111084646312998,0.6636594240077979,0.4929889775776457,0.5819743898286487,0.868207370393504,0.6629761112343757,0.8042226220984721,0.631668914171541,0.5187502614467978,0.9973728654531788
1.0,0.6665936473165389,0.5107479944184177,0.6704147907734228,0.4933472635313878,0.5884838197472397,0.8313554028732045,0.6633311145625329,0.7981493896884313,0.6248086735282217,0.5196848339861626,0.9555119118777252
1.0,0.6455640744797371,0.5105455586860881,0.6806810631369924,0.4942592292769059,0.5865682137884418,0.8257339163023112,0.6690333555210413,0.7919559153499709,0.6026144401310909,0.5251271550093154,0.9917447676394899
0.0,0.6446878422782035,0.5096843634289847,0.6871649962477139,0.4940247747314565,0.5892299480312221,0.8307307932542161,0.7015753272686938,0.7861459925142076,0.563729987534229,0.5519214222644839,0.9991421021927868
1.0,0.6122672508214677,0.5081936817804851,0.6865456537728317,0.4911583487234952,0.5879764388031189,0.7713928794503437,0.653583314843577,0.7816091226263129,0.5348518773381196,0.5151744054972408,0.774492700394823
1.0,0.6153340635268346,0.5067708433089975,0.6819749710921441,0.4914250258170484,0.5911057601345814,0.7801374141161775,0.6463649138377341,0.7800806272921743,0.544198428775764,0.5021805180301468,0.8267376733082369
1.0,0.6210295728368016,0.5051870094875524,0.6810001483874344,0.488317751684807,0.5902338116747711,0.7876327295440351,0.6615560979217519,0.7786392457068751,0.5443013369943439,0.515940578837562,0.751813423928016
1.0,0.6455640744797371,0.5036130290812146,0.6745549428122262,0.4874300828542876,0.594058751664605,0.8057464084946908,0.6597441017676203,0.7775345138432956,0.5471994516200823,0.5115788146581466,0.8294922413001558
1.0,0.6547645125958379,0.5013491764537363,0.66392012807895,0.4883507341554413,0.5918887575772382,0.8251093066833229,0.6431994674950074,0.7748588271086105,0.5222946632405123,0.5429831856300429,0.8088329813607562
0.0,0.6736035049288062,0.4988342188044879,0.6506017140257315,0.486805674431261,0.5884953545613565,0.8319800124921926,0.7079505953701651,0.7720073667636127,0.4939785747478895,0.5403941381494961,0.8125975576163816
0.0,0.6876232201533407,0.4961115455454459,0.6412717460731739,0.4885304998848609,0.5871925698526652,0.8301061836352281,0.6846165224465643,0.7688756121960338,0.4744457801041313,0.5719054330938398,0.7846661680893311
0.0,0.6911281489594742,0.4937090809510267,0.6412481281814985,0.4889039600943748,0.5958534297008709,0.8363522798251094,0.650166407810073,0.7682270619337785,0.4599500212210966,0.5795795840091579,0.769089924439745
1.0,0.6736035049288062,0.4910594904795824,0.6400120572770802,0.4874443062488243,0.5979005930640924,0.8026233603997504,0.6138081502847428,0.7684281934175667,0.4591609374960735,0.5926655205678429,0.7251205611573888
1.0,0.704709748083242,0.4885402268736962,0.6384484125832491,0.4873933939040036,0.5467403578327624,0.8182386008744537,0.6119961541306116,0.7702181002557584,0.44563284038727735,0.5896438107685893,0.8447275446785463
0.0,0.7787513691128148,0.4858393190152581,0.6342927278368625,0.4958498168496403,0.5324130721348801,0.924422236102436,0.5545151985799871,0.7702244794764288,0.4432828527037286,0.5363519302354607,0.9076514428656174
0.0,0.80065717415115,0.4835013529853651,0.6274380369857383,0.4946375409058136,0.5243306435990771,0.9444097439100559,0.5087567487611862,0.7674430642740147,0.424969761446636,0.5506805776844798,0.7999329499445547
0.0,0.8094194961664842,0.4809109425640101,0.6209777205792687,0.4956138564505567,0.5072081471686561,0.9581511555277956,0.595421936247319,0.7639328345115974,0.3950669263677074,0.5666492445350451,0.8852412512571884
0.0,0.8221248630887186,0.4782186208649342,0.6118708118226109,0.49329287473843003,0.0,0.9725171767645224,0.5984394645366466,0.7586786331415865,0.3516003539352488,0.5689418549774802,0.8409191800496145
0.0,0.8466593647316537,0.4757728216005441,0.6091612464537479,0.4923677334326971,0.5151130630520108,0.995627732667083,0.6209082168478663,0.7540547630238326,0.32386138183245183,0.5877780516083727,0.9932628280454371
0.0,0.8265060240963856,0.4738610447067964,0.6110688681031764,0.4937654321773412,0.5222854714559989,0.9924050632911394,0.6192367428444641,0.7475502887566474,0.2800509095318641,0.5876982030686534,0.9773438939031126
0.0,0.7989047097480833,0.4725431160962335,0.6186533403834937,0.4941898286854366,0.5041197427003155,0.9715189873417726,0.5749204940462989,0.7402361302295517,0.2237787080246418,0.6045581791112958,0.8190581445324503
0.0,0.7958378970427163,0.4708537276965934,0.6228127839795011,0.4936586096814429,0.5970707433029138,0.972784810126582,0.6383477553435397,0.7348614831101359,0.18899966252144376,0.647008228949677,0.7494013630502849
1.0,0.7791894852135814,0.4688078729401994,0.6213635707424947,0.4922600653681438,0.5809118860256168,0.9455696202531648,0.6368389911988759,0.7310145840985347,0.17669827472078048,0.6466609026634993,0.6541413397187942
1.0,0.7362541073384447,0.4665570305594922,0.6209275180339516,0.4917949578359664,0.5829867881217833,0.8911392405063292,0.5017972043487907,0.7298357956202175,0.1869421133613287,0.5967685373727271,0.4248787376435185
1.0,0.7143483023001095,0.4654204045193942,0.6233791512870602,0.4898624256670648,0.5862509997778451,0.8544303797468357,0.4763700909696026,0.731206350993385,0.2031656327431723,0.6297178755213705,0.3768035856818317
1.0,0.738882803943045,0.4645381196159208,0.6328431342769169,0.4920352724031597,0.5907323188154447,0.9158227848101268,0.5397529768508244,0.7307557988974476,0.2052342061439765,0.6227432394637058,0.4591698900963953
1.0,0.7077765607886091,0.463921603321721,0.6393195534453092,0.4924504875856165,0.6071456612562693,0.8816455696202533,0.5444123955328746,0.7307208580725082,0.2194324441766018,0.625971365637612,0.3209615030392331
1.0,0.7165388828039432,0.462583648187691,0.6470784836662582,0.4931205589243028,0.6085381178151714,0.908227848101266,0.4765623844390208,0.731876879470041,0.2218800005198737,0.5824836307577068,0.4063977405292571
1.0,0.6972617743702081,0.4607927721043781,0.6476620813077778,0.4913870670108723,0.6113695854810226,0.8765822784810129,0.5410842393314106,0.7344189915398884,0.23095301149988,0.5721399348394468,0.4543500951679256
1.0,0.6753559693318729,0.4592502824316779,0.6496072996636839,0.4909296098920522,0.6138243914870121,0.8449367088607598,0.4363508616226608,0.7364486864329742,0.2210364564603394,0.557571644306621,0.189353472094308
1.0,0.6644030668127053,0.4579035676117413,0.6497984315884225,0.4891814081932596,0.5920964337479807,0.8468354430379751,0.3393683899119887,0.7407042894275968,0.23324867395015175,0.5090941907280292,0.16991044020380394
1.0,0.6880613362541073,0.4567141790362719,0.6569377513913159,0.4882171010731859,0.6144189365195816,0.8791139240506332,0.4810073219436434,0.7469678093725678,0.27947238263683044,0.5395713343680885,0.2982056394189688
1.0,0.67710843373494,0.45460433974645703,0.6585263131933412,0.4907355074262191,0.6096506849241904,0.8689873417721523,0.4044301456992821,0.7510926752079337,0.3169325502449177,0.5051718978360406,0.3998227792018722
0.0,0.7029572836801753,0.4528507964892532,0.6594928322804795,0.4900516449235156,0.6052798478104805,0.8987341772151902,0.3520227793802229,0.7573702087551364,0.3673134241378492,0.4851026339065171,0.4811569521507434
0.0,0.6998904709748084,0.4503527682746362,0.6542008100546056,0.4894558183099277,0.6029278133847193,0.9031645569620256,0.4271651505066193,0.7602583353787521,0.38719647437462507,0.5164352865591826,0.6269274248247788
0.0,0.7077765607886091,0.4487960839941647,0.6569809632746497,0.4904829221684991,0.6268574634788601,0.9006329113924054,0.4540936321278011,0.7589543419859701,0.3854281126865379,0.4788730992536255,0.6723716934207553
1.0,0.6337349397590359,0.4468710536896616,0.6553484314818095,0.4860468181705281,0.6247833280675639,0.8189873417721519,0.3284224539605056,0.7564850610115026,0.3932267906137277,0.4692324317700433,0.4822292561609759
1.0,0.6227820372398687,0.4457559703731631,0.654851662939652,0.4850123078541884,0.6275384154769975,0.8000000000000002,0.3132164780711487,0.7573840243769911,0.4251945927264403,0.4601716097190068,0.3864197023271108
1.0,0.6376779846659367,0.4439884892116619,0.6504371518888438,0.4846757361966632,0.6285626330261435,0.8215189873417725,0.3372457658457215,0.7578007905469528,0.4525439007714184,0.4212379934966111,0.4438985280815719
1.0,0.5973713033953997,0.4419726195170586,0.6492760198467918,0.4843555135700381,0.6360364928721861,0.7639240506329117,0.2931661859329928,0.7582259227406938,0.4859894492534678,0.3941661094194242,0.3210673464353257
1.0,0.6061336254107339,0.4401868911548879,0.65320188358934,0.4816557255263357,0.6421982997528595,0.768987341772152,0.2558686487685817,0.7603818920043572,0.5258578757086907,0.3804891836147216,0.29444712871995765
1.0,0.5483023001095291,0.4386406561043519,0.663541515495797,0.4754977125662958,0.6416242685479163,0.6841772151898737,0.19946749500776567,0.7613121684785957,0.5315938537566117,0.339850162955471,0.10037400905495553
1.0,0.5220153340635267,0.4373640392674052,0.6782044226761936,0.4760996044229851,0.641762339450849,0.6563291139240506,0.24305894534427894,0.76508491570936,0.5263510840038603,0.3670758796757832,0.04849591095363345
1.0,0.5780941949616648,0.4361648505156373,0.7063120419569916,0.4795268288037042,0.6433589337568344,0.7253164556962026,0.3362029435692627,0.7700029054918229,0.5253343518812661,0.3617693110127056,0.2416026914335817
1.0,0.5531215772179627,0.4346512447703996,0.7263348422277512,0.4768530608143442,0.6427698029339638,0.6860759493670889,0.3793210561349015,0.7721798560284174,0.5150530976189887,0.338198187834287,0.27510244984878585
1.0,0.5531215772179627,0.4336530767490565,0.7424174657956741,0.4766354022593944,0.6441943661917022,0.6974683544303801,0.3732712077509061,0.7733414573988411,0.4947514421112375,0.33370138398370386,0.16483654953917082
1.0,0.5373493975903615,0.4328784639345731,0.7413691458851025,0.4749019771252642,0.6353177696794385,0.6740506329113924,0.3734782930256639,0.7764144517115876,0.4585491315244917,0.33281345546373403,0.0724546370967742
0.0,0.6153340635268346,0.4320583356531198,0.7354654836475898,0.484850437417137,0.6420590167874348,0.7930379746835444,0.5087715405665263,0.7834600455541596,0.4737704500112601,0.3534366132440808,0.18067748881895024
1.0,0.5570646221248629,0.4307661935425597,0.7349305863413286,0.4819793082692361,0.6390637680996716,0.7151898734177214,0.4127801198136231,0.7878184483281898,0.4893502888809826,0.3498113554325332,0.03238363425542461
0.0,0.5995618838992334,0.4291708824408964,0.7340737673118239,0.4875979454199426,0.6392499729795983,0.7797468354430381,0.4345684490792103,0.7971802762287123,0.538732991164935,0.3610796937721281,0.06986771411802044
0.0,0.6714129244249727,0.4272153897586444,0.7323483266084281,0.4933970779414695,0.6406811320655053,0.8670886075949371,0.5092522742400708,0.8035360936354248,0.5768117432989791,0.4032413478644423,0.3868346200731419
0.0,0.5960569550930999,0.424829500186394,0.7232321662743834,0.4886175686388175,0.6399180419903131,0.7632911392405066,0.44144663856223615,0.8037722192737099,0.5832293130231085,0.3553364532312429,0.04602916610230779
0.0,0.6219058050383351,0.42289915791543264,0.7185791031753933,0.4921240571024941,0.6229512395389356,0.8044303797468356,0.6050883810369061,0.8090568648922609,0.6082867868166315,0.4219828874436368,0.35225066594428805
0.0,0.6884994523548742,0.42070235872727735,0.7159478581252816,0.4975498494037673,0.6249440537139994,0.8829113924050637,0.6856519488203536,0.8110828968470631,0.6149351816244715,0.5028303301021824,0.6224434511716108
0.0,0.6889375684556405,0.4180601320797759,0.7124112612183529,0.4975186299815103,0.6250400832425891,0.8867088607594937,0.6636417424746689,0.8097221275628972,0.6182986292318343,0.4764983946829152,0.6236173190663229
0.0,0.6828039430449069,0.4151786880781174,0.7066582684248691,0.5005424994742598,0.5663917383534727,0.8803797468354433,0.6817617040159751,0.8082510082501988,0.6332196931501942,0.4888899719988621,0.5867985010609965
0.0,0.7323110624315442,0.4119570238767716,0.7003485462873471,0.5036498908169679,0.5675154809176695,0.9272151898734178,0.7418977886251019,0.8053453082129214,0.6302504051828204,0.5622121313563985,0.780531852453835
0.0,0.7524644030668126,0.4069396154160689,0.6929277214784918,0.502653570902993,0.5682307379225755,0.9474683544303798,0.7947563050070259,0.7984455055537156,0.6143051403358295,0.5940853694344511,0.796060393960603
0.0,0.7844468784227819,0.4015741002090456,0.6794245527072296,0.5072812655670588,0.5195385171745978,0.9443037974683548,0.854944160934842,0.7906312870664622,0.5865822367884984,0.6257814786343822,0.8190052169184493
0.0,0.8015334063526832,0.395797268589684,0.6576349493482757,0.5099227879926761,0.0,0.9367088607594936,0.8629613194290366,0.7820710501855572,0.5581509089499573,0.6296278188954173,0.8252735731603437
0.0,0.8335158817086528,0.390614573293637,0.6364594927398176,0.5106170018052238,0.5457919014653865,0.9781068898905342,0.9604984838399528,0.7728491014546066,0.5151336710256856,0.6661590631596839,0.9682920024289776
0.0,0.8457831325301203,0.3862125803085252,0.6101536276709845,0.5127176164982543,0.6182179641994393,0.966516419832582,1.0,0.7631853556010022,0.4793014570015214,0.6834386093236637,1.0
1.0,0.801095290251917,0.3820312341746821,0.5934623846201134,0.5081677433137112,0.6589979986052975,0.9001931745009659,0.8129576214777016,0.7555333827801156,0.4525623251943265,0.5452587797661113,0.9852430016758746
1.0,0.8050383351588173,0.3793431091490205,0.5744153963676021,0.5090057026760894,0.624366571075712,0.8911783644558919,0.7476739886103098,0.7505715039679395,0.4391791404731476,0.5446297798613264,0.9911473144711682
1.0,0.8010952902519167,0.3764074754990443,0.5637876058966784,0.5079660938061811,0.6254201164613317,0.8969735994848679,0.7976776865616448,0.7457870943503053,0.4338203773157588,0.5685608483593668,0.9875301483039975
1.0,0.8177437020810516,0.3739002867440091,0.55884097985101,0.5065384141578173,0.6788716040542792,0.9117836445589184,0.643169883884328,0.7418327816878048,0.4381753692376968,0.5220972636987421,0.931280836089056
1.0,0.7967141292442499,0.3706978876726654,0.5519340138446059,0.5081110690418381,0.6923774672976651,0.8821635544108178,0.524842837068264,0.7420160272735923,0.4774239023035446,0.5121039334089289,0.8400325381527523
1.0,0.7914567360350492,0.3666265249925804,0.5349515764180615,0.5078207271274946,0.0,0.8654217643271086,0.4571925153464983,0.7412462475853743,0.5075035988544812,0.529001769090226,0.7279881165007341
0.0,0.864184008762322,0.3629845327325374,0.5131134919327942,0.5146792080111221,0.621362117810432,0.9285254346426272,0.5200798757488353,0.7418829473325261,0.5331189454716116,0.510050897057233,0.8308546570231132
0.0,0.8659364731653889,0.3594609763735974,0.4968627421565662,0.5142774760516445,0.6259765201553764,0.962622950819672,0.4972487242067896,0.7402013513902552,0.5419385767617396,0.4987618845314497,0.8765318573272741
0.0,0.8751369112814896,0.35739796166801296,0.4862592143539348,0.5152872470256404,0.7049209394971521,0.99403578528827,0.5054507802677319,0.736501912589212,0.5273840595487312,0.5027785881427189,0.9882357286645614
1.0,0.8089813800657174,0.35435822754007673,0.4706035016059902,0.5115502860045633,0.7021338259095425,0.9234935680433308,0.5313216478071149,0.7307846016993849,0.503047491442891,0.5154029937155833,0.8745864274685693
1.0,0.7730558598028477,0.35144059538541184,0.45347904326018,0.5081126745444408,0.7395208303967222,0.8517264725795528,0.4411434065527695,0.7267611727951435,0.485190284366609,0.5203117381881213,0.717226674509227
1.0,0.7910186199342827,0.34835218739595897,0.4451637572036118,0.5070193919354379,0.7028271581180968,0.8767772511848342,0.4039272243177279,0.7266456180826533,0.4848518729257934,0.5037168167723023,0.7323336560062828
1.0,0.8282584884994524,0.3449619611941068,0.4383474464340536,0.5088532290367546,0.0,0.9275558564658092,0.4504030766955107,0.7252884241262822,0.4792324644813454,0.4761832689736281,0.7857012717268521
1.0,0.8545454545454545,0.3410744104925996,0.4317390921762819,0.5090309085559579,0.7059135402814111,0.9460916442048516,0.4412765328008283,0.7213118288292379,0.4535925347955001,0.4711787036025809,0.7113471559231871
0.0,0.8510405257393208,0.3370318577750311,0.4250625808553032,0.5090261156890846,0.6489689475477772,0.9302093718843468,0.454907181421492,0.7187990943346934,0.445341510835696,0.4283211980891188,0.7195641875888201
1.0,0.7691128148959476,0.33374881551617297,0.4245154522690301,0.5001021526161213,0.604721565092898,0.9314329738058555,0.4046076473633607,0.7149657788920076,0.4325348821397901,0.4010593534236885,0.5806763108989547
1.0,0.7292442497261773,0.33129653411097104,0.42976105558303296,0.4990452653833967,0.6023917901437359,0.8660543436662841,0.40423785222986464,0.7141739254206609,0.4380713378013825,0.3995506603988375,0.4241518784389468
1.0,0.7033953997809421,0.3294690027614116,0.4290722564445576,0.4959958593492788,0.6268051579030763,0.8178339073861465,0.38407662155166056,0.7158277421768746,0.4477646673471671,0.4380472154112123,0.4041285573734651
1.0,0.6530120481927711,0.32766955093561223,0.42151287051443853,0.4931263704387564,0.6035833382918754,0.7374429223744294,0.352814140965905,0.7193937371516991,0.4628177783957765,0.4171456592693963,0.27096162955945113
1.0,0.6210295728368019,0.3264704936274474,0.41610397372189695,0.4889724242619166,0.6039704096424292,0.6796042617960432,0.3022483544116558,0.7260645036078865,0.4980042762611978,0.3797544090697534,0.000246984728110754
1.0,0.6849945235487406,0.3257740288011959,0.4193907881464466,0.4997173912878053,0.6078546213807611,0.7996965098634299,0.4066415205975889,0.7373230238171942,0.5581025424342951,0.4342462282585805,0.2495730494794721
1.0,0.6674698795180724,0.3242704957559359,0.4273922228254505,0.500256781869333,0.594840928655937,0.7867981790591809,0.446128244952296,0.7435785384388847,0.6053352013745908,0.4587350781280064,0.4138963621476199
1.0,0.6153340635268346,0.3227035993886149,0.4264934544407439,0.4935630167464085,0.6005378821571294,0.6813353566009107,0.3865616448487537,0.7470769309071372,0.6370624556056129,0.4065163738068646,0.0005308597133359074
0.0,0.7073384446878422,0.3210016373198743,0.4212971751743887,0.5097667073856025,0.6102927343786829,0.8444613050075874,0.5265734782930256,0.7541590049487976,0.6841953990088396,0.4663980284879597,0.12230532336119762
0.0,0.7437020810514787,0.31887229179976484,0.4091761463172244,0.5125380244960716,0.5942345680569965,0.9028831562974208,0.6266696250277347,0.7557590726337273,0.6911996315213185,0.5176617130677823,0.6255856003945106
0.0,0.7397590361445783,0.3172179505348154,0.4021246469684572,0.5121842497446758,0.597446018658006,0.8907435508345981,0.6832334886472892,0.7528531994162582,0.6684428910553709,0.5201417514807789,0.7823232672241031
0.0,0.7515881708652794,0.31510697385704955,0.3925913206931679,0.512993645985725,0.0,0.9446130500758728,0.7188373641002884,0.7495574553445392,0.6490963808073549,0.546516163527969,0.7509078309078315
0.0,0.7918948521358161,0.31335902266168825,0.3933760875406071,0.5163702592514557,0.5988627282146516,0.990136570561457,0.7364322165520302,0.7474677000036878,0.6256285125073107,0.5693117601933322,0.9102425292334346
0.0,0.7686746987951808,0.3104966627833947,0.3882085872011256,0.5159464620188569,0.6089877856451311,0.9902987970508343,0.7567487611863031,0.7443038561916373,0.6088277248180959,0.6014177295248768,0.9869532265049812
0.0,0.7415115005476451,0.3087992599694456,0.3870598352511795,0.51258735581566,0.0,0.9390764454792392,0.6951852673618819,0.7396072930415805,0.5717363706488352,0.5602817264560079,0.7317832394976197
0.0,0.7419496166484121,0.3065550236301424,0.3811121479333176,0.5118818284424722,0.6011449888596071,0.9600310438494372,0.7030619037053473,0.7379451689978886,0.5737884922848965,0.5721079925789269,0.8300941966219153
1.0,0.7454545454545455,0.3041645952349408,0.3783042585915665,0.5126422532229622,0.5751815623846598,0.9975669099756688,0.7423045632719474,0.7353660590084543,0.5706526628099853,0.6512250214566662,0.9954255088783036
1.0,0.7292442497261773,0.3012098876145908,0.3747173229858651,0.5107043930674721,0.5816135268231633,1.0,0.7024110642703938,0.7297560549219901,0.5619289760918302,0.6465379877985588,1.0
1.0,0.7147864184008761,0.29891214820116185,0.37084922965806266,0.5088975655792347,0.5999991898579506,0.98037542662116,0.6829746320538423,0.7249413631446733,0.5550958327060183,0.6316988813012521,0.9934572779685186
1.0,0.7090909090909091,0.2971957673412129,0.3686484266423976,0.5074259834818444,0.5269185227672178,0.9845890410958904,0.6613194290363142,0.7195350263958613,0.5412679694689697,0.6473898792465042,0.9618606484675284
1.0,0.6963855421686749,0.29524084002164663,0.3634921608500693,0.5086082385543588,0.6001400361353355,0.9895833333333336,0.6893942755713336,0.7134843860962838,0.5270293837895003,0.6704190306411408,0.9819536937993842
1.0,0.6744797371303395,0.2931206854493307,0.3594914049449071,0.5059672343372522,0.6714492452887956,0.9454225352112678,0.6615708897270913,0.7068416515370772,0.5021758904312382,0.6503092812171336,0.7568491877625371
1.0,0.6871851040525738,0.2905070990376639,0.35629158401205746,0.5082475610007094,0.5913448268513677,0.9946091644204851,0.6696989867613339,0.7031321476057968,0.4933843860399015,0.6653570349270143,0.9673544810594392
1.0,0.6608981380065717,0.28832059382814856,0.35919152563139795,0.5049530264027249,0.5563068472532905,0.9865900383141762,0.6551512462095997,0.6995859726068225,0.4791957933922689,0.6535530011003621,0.8551203184367657
1.0,0.6468784227820371,0.2854875468473041,0.3570818042660925,0.5061877051743373,0.5242507941514039,0.9683908045977004,0.6292286073515273,0.6962636096235757,0.4678745493762009,0.6617070865201555,0.7902133639964233
1.0,0.6556407447973711,0.28281610183505457,0.35846514533831675,0.5082286556736265,0.0,0.9734251968503932,0.6648546705125362,0.6934732093167799,0.4512281682996856,0.666420057078287,0.8916570844512599
1.0,0.6714129244249726,0.27973164929633243,0.34124669168942817,0.5073996433979033,0.5052089684911721,0.998031496062992,0.6797943939057766,0.6885902620248228,0.4229914978217226,0.6494574468151346,0.975978534009117
1.0,0.6582694414019716,0.27733727346280523,0.32736303470908384,0.5057747927581767,0.6003871006013113,0.9655172413793102,0.6846461060572443,0.6827558159478886,0.3859095032872221,0.6547074646233662,0.9757435501842808
1.0,0.6346111719605697,0.2740958219103664,0.3028139834595504,0.5040099514291413,0.5575113100215208,0.9439347604485222,0.6748835145329488,0.677223545124882,0.3614335662285616,0.6471346057141054,0.9665410528719882
1.0,0.6696604600219059,0.2715869190760096,0.2934619094878878,0.5068848557807591,0.6386458717253586,0.9884596086302062,0.6572738702758674,0.6739086564756394,0.3551819812661463,0.6313267010405658,0.9907892439322502
1.0,0.6473165388828038,0.2684599719046816,0.2789994600170073,0.5064977709893894,0.4686920744386746,0.9861609431060996,0.5693661711411878,0.6718446276770311,0.3588342530635526,0.5346188434157866,0.8577878103837466
1.0,0.6350492880613361,0.266957600452175,0.2733212639247073,0.5052653132304336,0.4934999222466631,0.9287544848795491,0.49457140744027794,0.6712272794267502,0.3610811072667118,0.4744123287143632,0.4975745641419715
1.0,0.6389923329682368,0.2659214381262192,0.2707545061184345,0.5055103419720006,0.4755406477445448,0.9589873417721524,0.5364839878707196,0.6745604420234068,0.3863150600336414,0.4918942966633243,0.6556361365928616
1.0,0.6214676889375685,0.26533502811777265,0.2715926565357632,0.5049934844661261,0.4805461691329934,0.955949367088608,0.42792692848162095,0.6760355666949598,0.39885022291598,0.3567312235141962,0.610849266340594
1.0,0.6175246440306681,0.26455508023010843,0.2699898568016425,0.5082051026718921,0.4919883892137938,0.9478481012658228,0.42927298276754666,0.6791743974157469,0.4375856036162529,0.3582174845315946,0.49209378407851706
1.0,0.6166484118291345,0.26341369769891343,0.2663328227515557,0.5078084946428486,0.0,0.9549367088607594,0.4198653945714075,0.6799759040064846,0.4497697083954453,0.3504662925643484,0.5920704159526411
0.0,0.6083242059145674,0.26151258670834543,0.2579525694397309,0.5096346979236909,0.4915387713705111,0.9529113924050636,0.4435100954071444,0.6804075693073162,0.4597980731677137,0.33155281346346416,0.5763053655023409
0.0,0.6341730558598029,0.2597806540539436,0.2498299911317265,0.5107251498758273,0.5424877136242072,0.9846468781985672,0.4544634272612975,0.6793053829701967,0.4531470212212033,0.3415452486171422,0.6532949225783227
1.0,0.6070098576122671,0.2579369412443861,0.24468230141038685,0.5097558138774114,0.0,0.9396110542476968,0.4769617631831965,0.6775935795096135,0.4437631741926722,0.36713222548267216,0.6454087144400437
0.0,0.6078860898138004,0.257177431003619,0.2475471996116467,0.5095427335341509,0.5496682961647235,0.9580348004094162,0.4975075808002365,0.6755966783524411,0.4404486151852151,0.33903683882328084,0.7007202016564632
1.0,0.589485213581599,0.2557769252850872,0.2460984023310421,0.5100762701329421,0.6250705692727625,0.9805405405405404,0.4625471488795209,0.6721753119098679,0.4266665196411865,0.3478553948380029,0.5344256391789699
1.0,0.5824753559693318,0.25700307567088965,0.2567866091619269,0.5092535162797934,0.5406203196454478,0.9491891891891894,0.4818800384586939,0.670828039713401,0.426423954215988,0.3705675207414989,0.3623334533669426
1.0,0.5268346111719605,0.2583011960210808,0.2729898154977635,0.49598652718918607,0.5383157081929988,0.9762162162162162,0.4682419939353598,0.6708059380131204,0.4253060864772353,0.35728298591940444,0.3813467770975879
1.0,0.5106243154435924,0.2591999833322538,0.2891315996146168,0.4969524772548203,0.0,0.9788418708240528,0.4599881665557282,0.6718744770274163,0.4353912238595539,0.3954056048536481,0.3411955347497301
1.0,0.5272727272727272,0.2573040176973897,0.2915901773943767,0.4961594233230025,0.6113560254377777,0.9910313901345292,0.4772280156793134,0.6729113051325948,0.4456775350194714,0.3653214486445578,0.4053655023406546
1.0,0.5123767798466594,0.2544509387041922,0.2834180311632337,0.4939310311832438,0.6136681512513961,0.9533969679955082,0.466252496117151,0.6743017177492001,0.4632138163080058,0.3518492749665627,0.317680950666186
1.0,0.5189485213581598,0.25298482305266234,0.2841541671983414,0.495420416818311,0.6219894577761083,0.9298147108366086,0.4214555136454405,0.6763319475730272,0.4827811661373128,0.3573443439226877,0.3056175729204175
1.0,0.5036144578313252,0.2509028558836921,0.2826187366509592,0.4919734885585014,0.6233521960048077,0.9309376754632228,0.4145403446490643,0.6792353878083377,0.5069211258816093,0.34761169550437626,0.18602808786460165
1.0,0.5150054764512597,0.24938363169287325,0.28344138151905285,0.4941751203604688,0.0,0.9197080291970808,0.3949042230604246,0.6821202999752289,0.5267603962294606,0.3699569948092287,0.11776194437411833
1.0,0.5355969331872945,0.2457930408444018,0.2729300153311138,0.4941738473422159,0.6463873416762261,0.9657495788882652,0.41393388063013065,0.6858501459752588,0.5524226076556883,0.3958819549417572,0.047679617637989086
1.0,0.5631982475355969,0.2429798504221854,0.26388524971234223,0.4994219672683288,0.6585580045243489,0.952274003368894,0.4948672435470749,0.6898859389237941,0.5808874283849392,0.434346112099336,0.31273109407231525
1.0,0.5443592552026285,0.2404041265813295,0.25611004052790337,0.4999799535029861,0.0,0.9185850645704658,0.5151172250573183,0.6925420353471201,0.6066416331360786,0.40758275898659735,0.2552348893619128
0.0,0.5491785323110623,0.2394864039411151,0.25987703681407875,0.5007504816441081,0.6806236221155221,0.9387984278495224,0.4774277050514015,0.6946518827161037,0.630120405964569,0.413257828654886,0.13761694965595644
0.0,0.5561883899233295,0.23863620615394845,0.2663301417807921,0.5018873206324075,0.6352780565038794,0.9919354838709676,0.6094667554174986,0.6980289953557257,0.6604631591304728,0.5491565590151701,0.8622478087236142
1.0,0.509748083242059,0.2374020005740212,0.2745126637332145,0.4979811936577957,0.5362870049196496,0.9723964868255952,0.5999852081946603,0.6950303756642873,0.6618556154526565,0.5383132383153408,0.7956018878688872
1.0,0.4970427163198249,0.2358680901854855,0.28694241761711403,0.4961264749691549,0.5765456853177628,0.9388535031847136,0.6598180607943198,0.6926659265001303,0.6688401317359761,0.5859398081909447,0.9950547852225348
1.0,0.5044906900328588,0.23438145669560065,0.2969680609807825,0.4975711430436705,0.0,0.93375796178344,0.6485984764440501,0.6889187328670137,0.6782276960114791,0.574883299848958,0.9310361469041072
1.0,0.5058050383351588,0.2326646390905789,0.2982989059847675,0.4975380298535616,0.5766256714965895,0.9592356687898088,0.6340285481843059,0.6861254804693937,0.6889201927417692,0.5373593870965082,0.9665061390949704
1.0,0.1114928706407835,0.8971411087875776,0.569340039797154,0.4509956781414358,0.5218269968693329,0.35717498875393594,0.4678574069965236,0.9659562272182702,0.5377748420304204,0.4763144021271154,0.743230347131098
1.0,0.09379831644047404,0.8994446874554636,0.5742721264483879,0.4482069554849128,0.5167490319025758,0.2967569968902706,0.38613268249389865,0.9642331834655355,0.5297164572990556,0.4679265584766255,0.4611734889340781
1.0,0.08675485311802111,0.8987927223181131,0.569892104649547,0.4508274273275276,0.5178939148440276,0.27932713590084113,0.3628060054729676,0.9644842521509064,0.5302891310432448,0.447770734113793,0.3181794026995425
1.0,0.08795739563648862,0.8979259542821998,0.5568166280309522,0.4506866380929694,0.5217688745731409,0.24347056219566174,0.3565268841062049,0.9659746458570416,0.5249281444849738,0.4402084269306477,0.1321872675098308
1.0,0.11338258031266095,0.8973850809493022,0.5652960173932365,0.45045966198656395,0.5104984464218932,0.28862328463922066,0.4434657199911249,0.9700291152895296,0.5456550005470402,0.4974789495067221,0.4573280901264736
1.0,0.10548015804844553,0.8995146843775097,0.5784879478575085,0.4530260585486555,0.5130354904632357,0.27578574590526794,0.4626506915169,0.9710197879650908,0.5591668851349085,0.4623678411102949,0.5150653629503669
1.0,0.06854492355265407,0.9024385568745976,0.5912496404858358,0.4518117152545157,0.5106024078392069,0.2394864984506417,0.4097330079136154,0.9692947052329804,0.5627074829108304,0.4091881204449082,0.31594749707726555
1.0,0.058237416251503415,0.9067251216943162,0.5987128081316189,0.45392151281363396,0.5092223836862765,0.21341463414634174,0.4508468308557063,0.9689668322638608,0.5887988901685037,0.45033694049727613,0.08261363636363615
0.0,0.05497337227280541,0.9101754974480252,0.5903336281811311,0.4538498090387603,0.5111256153614765,0.2504355400696865,0.5735892315657123,0.971742937248634,0.5841647919937369,0.5063967400093614,0.09259326660600399
1.0,0.05308366260092773,0.9135076557162688,0.5942774147523735,0.453807984908009,0.4851299409171378,0.26306913996627296,0.5699504474521119,0.9735570925936892,0.5651596984925521,0.5023443119577018,0.4446663104311396
1.0,0.03899673595602143,0.9157761034339348,0.6008397859775982,0.4553335751213968,0.4988197790133071,0.2303206997084548,0.5518009023001261,0.9740261188170138,0.5219906760836556,0.488313960957441,0.3324239952751934
0.0,0.034530149458855915,0.9159798867350272,0.5972535481837287,0.4548336342711722,0.5121319042872949,0.2307053941908715,0.6965017380371276,0.9750517675573388,0.4837327955346808,0.5699328416400281,0.6260370672441431
0.0,0.05566053942621557,0.9156958945045632,0.5857864701420923,0.4539952117679077,0.513789620506206,0.23444581788215896,0.6901264699356552,0.9725084252467744,0.4419990758963581,0.5660015974645474,0.6763270084601607
1.0,0.046383782855179516,0.9148750675640572,0.571383689432557,0.4523938992971858,0.5071070406109187,0.2010712814173876,0.6240736631905931,0.9709501354078494,0.4091012019727495,0.5637483105514669,0.5099953612688036
1.0,0.06648342209242403,0.91433423283365,0.5637772914868676,0.4514538635097382,0.5130712032628589,0.24598269468479605,0.7231121958435025,0.974774305433501,0.4329067800699423,0.6268026954506941,0.6929380839831234
0.0,0.09637519326576187,0.9141678821497252,0.5618964868960351,0.4518357819496687,0.5055192451581579,0.2756489493201483,0.595688188743436,0.9752932321397648,0.4320019588883568,0.5229377710834663,0.6651940535883886
0.0,0.08417797629273327,0.912880004157397,0.5384109200034063,0.453732434968162,0.5030783151006646,0.25422332097239403,0.6381184823607725,0.9770926377369497,0.4553875303831586,0.5653036582118603,0.798502352499392
0.0,0.10255969764645244,0.9128829595586851,0.5243463132160187,0.4525520369147488,0.4824886883896235,0.26534816646065096,0.6818208712373344,0.9746702867213192,0.4533688080306956,0.5501328792321709,0.8364957699189317
0.0,0.08761381205978364,0.9121035869009312,0.5078992767515133,0.4501375178966534,0.4980594540950199,0.22414503502266167,0.6590193033059684,0.9698930716661368,0.4547200793795288,0.5240053390173258,0.8448013076804131
0.0,0.1094313691805532,0.9131947626979278,0.5105509047536464,0.449463564167906,0.495428145872566,0.2620519159456119,0.7017898084461207,0.9640068289125427,0.43224539568866177,0.5514084302209274,0.8038479379735367
1.0,0.08967531352001397,0.9143605279568368,0.5110824332567866,0.4503165498020594,0.5060456046648357,0.2336217552533993,0.7849641298720516,0.9576826259678296,0.4062108035189416,0.553262683086693,0.8511850853747434
0.0,0.09826490293763952,0.9165607648856318,0.5137594575289158,0.4515363859434557,0.4981234564819448,0.2575195714874331,0.788610309888322,0.9532202726528952,0.3905163733475968,0.5564354630451874,0.8951662333819449
1.0,0.09242398213365416,0.9170731320158154,0.5204808068200417,0.4545014633544715,0.5081655777743631,0.25628347754429337,0.6771762443606243,0.9470069114653774,0.3608426420243551,0.5053134967837652,0.9997849051192575
0.0,0.09242398213365416,0.9181194830604952,0.5332678715893937,0.4542227234389266,0.5099887414678912,0.2257931602801815,0.7257673249020042,0.941890162284852,0.3342199602144321,0.5308940457618934,0.906416704770614
1.0,0.07077821680123697,0.9185642919068728,0.5469793044123218,0.4547393047602174,0.5025255357111503,0.19324268644416973,0.6787885511426666,0.9364683851123228,0.3033343299950567,0.496055575849937,0.9186607732561082
1.0,0.06562446315066127,0.9204865869513829,0.5614258759512054,0.4537829753679477,0.5025169152943836,0.1701689328388956,0.6270763996745798,0.930308242831012,0.2769352036912404,0.5147808742570552,0.9330670634609852
1.0,0.060470709500085824,0.9216145972356672,0.5725947559380239,0.456806856053791,0.5006771719935726,0.16769674495261616,0.7335626063161008,0.9226253177154032,0.2451889911294294,0.5609361254855841,0.9258126095028898
1.0,0.0441504896065969,0.9230224653014664,0.5948176315513454,0.4539616755346627,0.4758038487070382,0.11907704985578907,0.6578951261001401,0.9116645088252592,0.18090980133207674,0.5306990997734774,0.9835085313833032
1.0,0.04071465383954653,0.92282822791623,0.5947899177999301,0.4533465631928977,0.4947679447814288,0.10795220436753214,0.635330227054212,0.9096107307582316,0.1754269054147909,0.5213566452659361,0.640760197775031
1.0,0.06236041917196373,0.9228605524214649,0.6007461249112583,0.4527447664405405,0.48334061440969295,0.1112484548825712,0.540056208860291,0.9122802984896624,0.1908920018645288,0.4692378292372749,0.8772613320685668
1.0,0.06047070950008604,0.9231298596692374,0.5993161697251187,0.4523782442537791,0.45298620009822205,0.10218376596621362,0.44936765032172143,0.9154264435545432,0.2173346716193912,0.478635112835455,0.8251914086320201
1.0,0.04707095000858974,0.9250034535675108,0.6103331501523415,0.4539045454383169,0.4685303043758405,0.07581376184590044,0.3457288662081209,0.9184932588670572,0.24095082205778875,0.4801856930661413,0.3105859805080943
1.0,0.05205291187081257,0.9279375076351006,0.6262015971885898,0.4527548621518128,0.457205633606393,0.08776266996291701,0.24896087567487615,0.9235832023811871,0.2852729479779078,0.4962846234615496,0.3005138033682672
1.0,0.03830956880261127,0.9326064186914912,0.6416523312756368,0.4546060539281555,0.4538429409222825,0.07869798104655941,0.2479550329117665,0.9292281038998867,0.3332730262810032,0.4962180052735194,0.3113365868713946
1.0,0.0,0.9386126422930134,0.6692524029881886,0.4530910747108189,0.4577989294241904,0.04861969509682707,0.19626506915169,0.932594243552734,0.3739224583445876,0.5233123846025852,0.2070654928387748
0.0,0.009792131936093296,0.9391334061958484,0.6525280462836263,0.4548972999076033,0.4470654035166923,0.11166048619695072,0.3220915612750538,0.9390563659002706,0.4309957507983508,0.5183415819295429,0.4772711205372921
0.0,0.06974746607112181,0.9352523708299594,0.6246267108222601,0.4633621580364528,0.44061625410971417,0.09157716223855257,0.2760076917387766,0.9385624086446036,0.4351827704724064,0.5013401425946644,0.4825379992930354
1.0,0.08383439271602833,0.9306282736664184,0.5867099614198179,0.4650288662576394,0.4484919180569957,0.06067458074241566,0.3027364839878708,0.9377682404096196,0.4316417583385007,0.5144667105153115,0.3861240582034449
0.0,0.0872702284830787,0.9313646829505736,0.5864920717912231,0.4656730054288461,0.4473069433414147,0.08403994723949516,0.3594778492715039,0.9359953556388094,0.3950370120240753,0.4889408271962859,0.4439098548255069
0.0,0.08246005840920795,0.936058278266727,0.6032060253323562,0.4687444347106841,0.4614662874501483,0.08140192198982463,0.35488499371348303,0.9346121034885844,0.3877024574037666,0.4853612385664646,0.3163267010808739
1.0,0.041401820992956695,0.9416003705568484,0.6330162460100589,0.4667404944008966,0.41577269181783794,0.04635387224420592,0.2635973670586496,0.9355953591689988,0.3932558934729576,0.4885765986730897,0.16425266041864994
1.0,0.01975605566053951,0.9463128826025424,0.6612254027858551,0.4676996317221192,0.4214677213843017,0.03806293574524233,0.30902300125730353,0.9415157353826179,0.45030684243707103,0.4615479050614511,0.1857030688785309
0.0,0.04775811716199968,0.9490227384359016,0.6704009792544364,0.4679473708964517,0.4008570058007644,0.07612587149048412,0.41487316026921095,0.9477037459044066,0.5011582068114853,0.5067313703978429,0.4287241684625538
1.0,0.03160968905686312,0.9498882724756066,0.677345262532174,0.4651286760955603,0.3973444734769005,0.0354249104955718,0.28093336291694376,0.9499691887460632,0.5275540350080806,0.4798757617956039,0.21620808900917166
1.0,0.04810170073870485,0.9519163994154138,0.6917822903684955,0.463780674350522,0.4064538172445751,0.06406632749199183,0.32906589749278936,0.9564414984173392,0.556197954874171,0.5021940222247199,0.3303763845035837
0.0,0.05428620511939547,0.9504495182552216,0.6911714180049018,0.4647018251367063,1.0,0.08064820048991901,0.4188299681976189,0.9600342756672562,0.5601424667575234,0.5022804845766878,0.4401510215673503
0.0,0.0829754337742658,0.9487884246831784,0.6745907446220103,0.4684073237230265,0.3991020478445911,0.04220840399472412,0.3184453812587826,0.960632915223653,0.557105748742888,0.4257437706394667,0.19395579612088465
1.0,0.09156502319189136,0.9474684699860152,0.6540250866382424,0.4659324955001098,0.3652921510401325,0.03484587401876304,0.3377338954219361,0.9672474372053608,0.5928919954838897,0.44085300522586623,0.16263218563624576
0.0,0.09500085895894178,0.9489562255452716,0.6696769452371371,0.4665089648589858,0.3699559561783119,0.016273070053581928,0.3164854670512538,0.975732645387038,0.6584844941934114,0.4210638413527434,0.059322741776508474
0.0,0.1298745919945029,0.9497866204189048,0.6545489227275787,0.4678156653082127,0.4792995657101984,0.017725258493353106,0.4365357591894091,0.9882129146598242,0.7571057542838184,0.4942262067081685,0.06515601783061017
0.0,0.15478440130561766,0.9506589298963544,0.6409180851792431,0.4676888270099531,0.5110749657599338,0.04768938594640201,0.5078692404407964,0.9954380491114628,0.8269286771774136,0.5495213147702578,0.1865141481035523
0.0,0.14602302009963922,0.9525629510980598,0.6184158334039571,0.4702746645468626,0.555135127345235,0.04726735598227436,0.5591968049700463,0.9993991663093679,0.8981530245380854,0.5455851409179302,0.3336544250451514
0.0,0.15461260951726505,0.953002114574394,0.6180924445320425,0.4716144833780912,0.5219944541197251,0.08482802278961771,0.6387397381850454,1.0,0.930516273621946,0.6327820264204569,0.7126429861529197
0.0,0.19000171791788356,0.9517527710872412,0.6092923063333814,0.4729620005189556,0.5118092291627481,0.09242456214391216,0.7282005768804082,0.9961854005565632,0.9358755720022154,0.6553076933757574,0.7589102950030095
0.0,0.20615014602302006,0.947838929224084,0.587898320776135,0.4715461895721573,0.5013716605401429,0.10424140113948087,0.7610531765401967,0.9899797813143864,0.9038031098608592,0.6392159289748066,0.8457104017722284
0.0,0.2243600755883869,0.9490471882082234,0.5982177633927571,0.4740534973006975,0.4847761107190242,0.08229584300485289,0.7900673027142959,0.98295041460211,0.8741178295681926,0.6560619140187768,0.8321155917755598
0.0,0.2856897440302352,0.9509088947321668,0.6149990348402468,0.4827929488452531,0.4915594877354124,0.3207427727368642,0.8999926040973298,0.9772513799062932,0.8652102176390277,0.7178663349292791,0.9860246751828792
0.0,0.29221783198763107,0.9550693513793792,0.640592734846325,0.4799835213365082,0.48651924530549295,0.3274952521629032,0.7834775534353966,0.9690057541740388,0.8405178963172133,0.6389752386954207,0.9992632448482957
0.0,0.2855179522418829,0.9585884059258604,0.6564355968648682,0.4791359687461438,0.4861378837649157,0.35534922979531564,0.7515864211226979,0.9648775389071332,0.8352981774489907,0.6682315969669332,0.9735161352285808
0.0,0.2520185535131421,0.964291789862778,0.6869160305091419,0.4783644260212205,0.4932442083145684,0.3414222409791092,0.6826640041417056,0.9595069499448194,0.8104114048638955,0.6610562481027852,0.8525478030919451
0.0,0.23466758288953804,0.9683457006948809,0.7126139133084258,0.4762082559612462,0.5022359142953067,0.3633677991137372,0.7504696398195396,0.9558758349414151,0.8034206338065615,0.6732771537196911,0.948975378103545
1.0,0.21989348909122136,0.9690573268083242,0.7199879807704032,0.47399257495087393,0.4909769216990038,0.3144123232749521,0.7357961689224166,0.948230423414357,0.7579873497641254,0.6660294058782708,0.8235946936457946
1.0,0.23982133654011326,0.9672992767126424,0.7094476415547164,0.4730035938075541,0.488613290656052,0.3262291622705209,0.8249833592189929,0.9428734556706851,0.7246886815366796,0.6708379634753469,0.8505908452936114
1.0,0.2607799347191205,0.9656946453095624,0.6995198344318443,0.4721579228388701,0.502828167438909,0.35492719983118803,0.8578433547814517,0.9380143071680124,0.6852793304497611,0.7172561088782302,0.9754141627415956
1.0,0.2509878027830272,0.9637993150724702,0.6934697907050607,0.470722175795917,0.5426762611925503,0.3258071323063938,0.8110568744915314,0.9323978495691684,0.6747844083878811,0.6460043760950248,0.997576621525302
1.0,0.2480673423810341,0.9637686055701415,0.6814999704079443,0.4701485013580147,0.5416456901925735,0.27727368643173644,0.7811404481917017,0.9270609228900372,0.6934228214586755,0.6320519520935812,0.9417225150194116
1.0,0.23398041573612785,0.9647733834539522,0.6627739094435601,0.47200853030392,0.5525400803816939,0.2751635366110993,0.7301235115745879,0.9218874842447646,0.6776321097256499,0.6232145252307764,0.9164768907107396
1.0,0.2137089847105308,0.9681886990845759,0.6599915206305753,0.4728735493293754,0.5522427093712734,0.2464654990504322,0.6981732120405298,0.915791474032268,0.6475725670804928,0.6058514823166734,0.8623578832016805
1.0,0.1997938498539771,0.9711674912190896,0.6605356400839499,0.47109376967817895,0.5497049185354473,0.24730955897868756,0.7329117668811477,0.90888145549624,0.5835942015669809,0.6268816111946875,0.7867677275010263
1.0,0.20907060642501288,0.9747884776453866,0.6753041706611447,0.4724357246555826,0.5468694373250801,0.2831821059295208,0.7947563050070265,0.9016002129805992,0.5376769947051877,0.6213766628437476,0.8398931555636728
0.0,0.19000171791788356,0.9765634062050768,0.6793778081180979,0.4736936144556839,0.5510751021238735,0.27727368643173644,0.8369425338362545,0.8938390085606294,0.4745837397075599,0.597019997389189,0.8827748360072696
1.0,0.1908606768596463,0.9764620391394764,0.6792777864088049,0.4737212690998615,0.5563251511362375,0.26039248786663866,0.8278529694549224,0.8833824330015678,0.3850362290046143,0.5932183241050552,0.8544582968795561
1.0,0.1953272633568116,0.9741717989661564,0.6649945542286173,0.4741345328300239,0.5604752943604383,0.22198776113104002,0.9530729975593524,0.8746893230241715,0.31506224766218105,0.6067634599709493,0.90215108508878
1.0,0.2042604363511424,0.9710407854295472,0.6509804193536809,0.4753189700456077,0.5559462775570023,0.21185904199198136,0.8252348199097705,0.865041096755385,0.2586108732947794,0.5667346229152864,0.9713827881987004
1.0,0.21800377941934368,0.9707781860420392,0.6506459774018972,0.477148744334752,0.5545383611545985,0.1941337834986282,0.7544190518452782,0.8606649628885201,0.2377725153455347,0.5582141075024853,0.9754761335564596
1.0,0.1954990551451642,0.9707618639475676,0.6920731844442438,0.4778600108288344,0.5539618173615907,0.18062882464654997,0.7356112713556692,0.8562574872527657,0.21275711436046288,0.5500945643765001,0.890476383211236
1.0,0.21920632193781145,0.9731850365726952,0.7364515201828209,0.477427926566964,0.5298867546265926,0.21270310192023606,0.6560757340433402,0.8521796049752639,0.1808000604998881,0.5533218393064963,0.7218197272028172
0.0,0.23398041573612785,0.9741502435055353,0.7830088469330501,0.4795628372826598,0.5405062211086138,0.2726313568263345,0.7007100066563129,0.8514036892617283,0.1723124491739088,0.5912307212411785,0.8827255433682767
0.0,0.23741625150317824,0.975632308708116,0.790896151115457,0.4800421613832575,0.5325050671993983,0.2814939860730113,0.693669107314548,0.8484702999452769,0.1487389808408771,0.5843936395829128,0.8847290241631928
0.0,0.23054457996907746,0.9748464705022832,0.7724166181893638,0.4790287093717342,0.5549868349062185,0.2641907575437853,0.6523851786110492,0.8454462041995818,0.12641718800135465,0.5475174605900363,0.931335249119682
0.0,0.2425700051537537,0.974337698255427,0.7501256376033154,0.4806275698128402,0.5536664704765202,0.24562143912217746,0.5765032172176615,0.8399989993318668,0.09430049317434892,0.5475044127153441,0.9215298687567512
1.0,0.21869094657275384,0.9736213443508116,0.7275408839994048,0.4808175172331266,0.5572390456506733,0.19328972357037347,0.6138451297980918,0.8371562607982048,0.08198909451940589,0.5699026929339495,0.8554715333164777
1.0,0.21233465040371066,0.9750844165402324,0.7420677897563492,0.4798046136151906,0.5504716210322758,0.16838995568685364,0.4292212114488571,0.8350217057710052,0.0704896720786401,0.5021915594353031,0.5836991748454259
1.0,0.20151176773750215,0.9767819242158002,0.7530784089907225,0.4819890802526504,0.5565993667629704,0.15488499683477538,0.3809703424302936,0.8385700291026337,0.08486280859679074,0.476582722861989,0.5874704491725764
1.0,0.1968733894519843,0.97919632263321,0.7727904832052643,0.4850947966203098,0.5286609943807525,0.1531968769782653,0.4386435914503368,0.8392658506746571,0.08202002779702383,0.4592191909199774,0.6950723660648456
1.0,0.18879917539941604,0.9820163784336328,0.7866523001201569,0.4876861720313256,0.5368833330729634,0.14433424773158907,0.4665113527105982,0.8349270532899362,0.042016122367831865,0.4771991427285857,0.6630290517622774
1.0,0.1664662429135889,0.9855551568265121,0.8058619411717289,0.4882094544546794,0.5450330459610173,0.11479215024266723,0.5732564159455661,0.8339710482938059,0.03675345886348708,0.4908034966691314,0.7838287652474358
1.0,0.15633052740079034,0.9898764961861684,0.8289722456739234,0.4869560042521636,0.5237717830468303,0.12070056974045157,0.4273056726573482,0.8311139455407304,0.013448029185500364,0.4636253599953506,0.7803948005983109
1.0,0.14190001717917888,0.9928771581853076,0.8443532964680024,0.4888090234013132,0.5134783151100386,0.11563621017092192,0.3673249020042897,0.8306379964024624,0.01970395269747266,0.47839828701739295,0.5742227671861407
1.0,0.14035389108400614,0.9943377734092906,0.8493852658190869,0.4884365061767071,0.562697261761854,0.0945347119645493,0.30201908142888834,0.8299561332870204,0.0,0.489900365185132,0.4548690768135429
1.0,0.14138464181412133,0.9940325668009388,0.8434679669348205,0.4884461952563941,0.5130900251744749,0.07638742350706912,0.2515124620959988,0.8333949697766576,0.010952593130705124,0.5098384693197302,0.3312960859610222
1.0,0.14378972685105654,0.9925871846452968,0.8336298799091316,0.4886069798099979,1.0,0.05233171555180398,0.1561570889727088,0.8392476771894204,0.0351752625898471,0.5275275249401644,0.29006031562422474
1.0,0.15186394090362484,0.9913500493358138,0.8297321746008632,0.489489476402477,0.5012946890792015,0.015193078708588291,0.0,0.8454555801739461,0.06043861289644802,0.4532209385115417,0.03703982874544067
1.0,0.17007387046899164,0.9906848833657174,0.8273549836441656,0.4883781705968062,0.5584472624394844,0.02408084282949913,0.07221359366910696,0.8559028663829801,0.10755230595308383,0.4363354551575525,0.0009082217973226717
1.0,0.18759663288094827,0.992048223072124,0.8314966027834215,0.4871687870079585,1.0,0.03285870755750273,0.1309814362842982,0.8645243302884129,0.14250466704533832,0.4094945963180941,0.0862495860209112
1.0,0.17643016663803485,0.9914721998408385,0.8244923086404943,0.4892739028192134,0.5973897625228158,0.017524644030668373,0.07996449966718439,0.8714924588387303,0.1910563831390304,0.4308184462664726,0.045740260129914605
0.0,0.2176601958426387,0.9919910171299532,0.8225409653743512,0.4914864684278427,1.0,0.04381161007667031,0.11587900303231975,0.8804721087532108,0.2503516402644739,0.4023566134467396,0.01328732221756342
0.0,0.20563477065796276,0.9891965898746782,0.8013628362731816,0.4934861043834693,0.5990351712113507,0.028915662650602882,0.12881443680201116,0.8886889897829133,0.3047879842281779,0.4078952861010608,0.04418357145160709
0.0,0.2509878027830269,0.9828426863334236,0.7661808867771376,0.4962999696501129,0.5247074400153788,0.04504305586222107,0.13382885881221795,0.8979944140117571,0.34813892122925083,0.410182159107548,0.06113135743541754
0.0,0.3459886617419687,0.9758794949469448,0.7250893317439207,0.506421785226173,0.4927019422502729,0.08655332302936604,0.1684860587234676,0.907676921446104,0.3893197828435302,0.4265211788022129,0.10060926584359263
0.0,0.33757086411269543,0.9719086264454212,0.7075553316610081,0.5089364992037743,1.0,0.07659604186854546,0.2071592337844831,0.91460482992724,0.4100124390849291,0.3964688224632563,0.1780092551233719
0.0,0.3200481017007386,0.9734643800534816,0.7174598412263412,0.5101279383493569,0.5109586632327607,0.05084287073654067,0.19076991346793928,0.920137918157129,0.4138841267096592,0.3733479584156051,0.036448748414301714
0.0,0.3404913245146883,0.9759976484191628,0.7330855930046737,0.5093574024996089,0.5228218678561491,0.08270696383207202,0.2889505214111381,0.929280400833388,0.4502574690089365,0.3759303420394178,0.17973777348777348
0.0,0.3427246177632709,0.9791197163280532,0.7573358576434136,0.5096914701067642,0.4764178172382103,0.11675352905743415,0.33863619554766605,0.9353244032554956,0.4756162816417734,0.4060632860863012,0.3299549549549543
1.0,0.3162686823569835,0.9817892963023134,0.7814224612841539,0.5096432239193152,0.4196887200769649,0.09318283005526072,0.3381480659714513,0.9383504048901591,0.5108852909125837,0.4050355454066487,0.3069095881595875
0.0,0.3245146881979041,0.9817315677174224,0.7864078093597389,0.5108101106470955,1.0,0.08357995268400419,0.3433325937430667,0.9423097861275632,0.5318405175834011,0.4086371047375167,0.2005509974259981
0.0,0.3430682013399759,0.9789992636558096,0.7680635811812835,0.5134713315342896,0.5058337765266215,0.06306471466359377,0.2669846904814732,0.9478640005749116,0.5713986829908555,0.35935914387148205,0.025619369369370724
0.0,0.3930596117505582,0.976794007763398,0.7484561070541836,0.5169332740536996,0.5706596600095418,0.1433796890413711,0.446490644183122,0.9584673569295374,0.6354690214293552,0.4751096556358057,0.2700783421784172
0.0,0.39357498711561606,0.9749983181843258,0.7389338720876027,0.5170261819472372,0.5832986045789581,0.12941186741045366,0.4447008357370017,0.9619795705381846,0.6693595860920043,0.4733131311011958,0.2508264570372482
0.0,0.42088988146366624,0.9743720688981784,0.7400802744975848,0.5172493426786037,0.6025246247390409,0.17540106951871695,0.4887064566230309,0.9671294106476818,0.7111562743743107,0.4756605572517622,0.07945729568882845
0.0,0.424841092595774,0.9725485915990796,0.7148959614558464,0.5159471343664067,0.5943603244296671,0.20760534429599226,0.4855705938909846,0.9713214118514396,0.7628789460077359,0.4723610716342165,0.15756845796875402
0.0,0.4588558666895721,0.9713039096640323,0.7286054630734953,0.5171579075494356,0.5883303351733365,0.2421377183967112,0.5866577915834625,0.9752402612925511,0.8135532733047379,0.5566430795231213,0.5391184573002739
0.0,0.4803298402336369,0.9713737467461816,0.7493688657851636,0.5165512850073428,0.546155470351454,0.2838029596594365,0.6574735596479548,0.9750037360267972,0.8394348380337244,0.6231579688263259,0.7759543486816206
0.0,0.46607112180037796,0.972738557933586,0.7911788423787315,0.5143241689791557,0.4789423714376478,0.3129278310189713,0.618038606611937,0.9713988690818188,0.8250225646647342,0.6113639347127645,0.6941106400868854
0.0,0.4926988489950181,0.9736692348744612,0.7947015548616202,0.5144167738109975,0.4900973078860589,0.3727752787013496,0.6686709562902153,0.969118865965172,0.8176933839555965,0.6602203586592442,0.6614231160004196
0.0,0.5098780278302695,0.9723479275283582,0.7857142686314259,0.5131625698068444,0.4820169962436902,0.4015852047556143,0.713578877301975,0.9646939848200328,0.7929329454279495,0.6961903104313172,0.8513124721933852
0.0,0.5167496993643703,0.9729205008805866,0.790578321568382,0.5141787779299706,0.4893821414025405,0.3963011889035665,0.7708453516751724,0.95858638457363,0.7724165449227303,0.7357706982580559,0.8047802500196558
0.0,0.4942449750901908,0.9731436878027542,0.7976319873976272,0.5106404579657504,0.5767005558836482,0.4023400641630499,0.8204200872716518,0.9527090715633622,0.7515679650025702,0.7237981299003231,0.8399103040429139
0.0,0.48806047070950004,0.9750826657467312,0.8022662648793915,0.5100399415844703,0.4801708201243063,0.34723532742026797,0.8268619184971522,0.948652425308146,0.7474753709964279,0.6852986038760843,0.867078379314325
1.0,0.4911527228998454,0.9771247896348784,0.8208576995053505,0.5103204148352724,0.4907567199418183,0.3827137195697301,0.8073663190592409,0.9445955063348932,0.7393558643255029,0.628954903970663,0.9296988990582298
1.0,0.4755196701597662,0.9775628007819166,0.8193424313725887,0.5078603404087884,0.5544312768041314,0.3985657671258728,0.8225057318245693,0.9396890701685016,0.7347119258130155,0.6383583639466672,0.9797005939305192
1.0,0.4954475176086583,0.9792115765575512,0.8339537261683139,0.5108974359779943,0.5623204515207858,0.35969050764295146,0.7601360846091261,0.935454382072444,0.7502002745064351,0.6232223505963187,0.8838075810245403
1.0,0.470365916509191,0.9807605569176068,0.8368497924133367,0.5070575548551627,0.4873049244745413,0.3695036799396114,0.6648546705125362,0.9312307901631836,0.7570928333860463,0.5337027713136232,0.8809766657646587
0.0,0.4524995705205291,0.9853105106155168,0.8617996582181225,0.5044080998730285,0.4610465829046791,0.3729005472730707,0.7661637452851127,0.9271285400807516,0.7668124868874411,0.5457876060810919,0.8966299619075376
0.0,0.477752963408349,0.98759831606962,0.8713276452171065,0.5078539071826647,0.4628519112505688,0.43215701075674656,0.7417942459877228,0.9190532726794192,0.7337204207802088,0.5753120792485822,0.9984071133089248
0.0,0.4863425528259749,0.9888603468951516,0.8765871970814055,0.5053168471355453,0.4640446513876978,0.4502736365351955,0.7234524073663189,0.9130318330052992,0.7265570214615833,0.566523466788941,0.951028817454238
0.0,0.476378629101529,0.9903485540072204,0.8886132804151272,0.5038386698227009,0.4769370980279356,0.4510284959426307,0.7308039346202206,0.9070424114215332,0.7104099089981188,0.5740219342627292,1.0
0.0,0.4641814121285001,0.991589820560104,0.901969011661048,0.5058908799089162,0.4775253502433763,0.4374410266087942,0.7444937504622443,0.9006595985613328,0.6949860362815032,0.5830675169226079,0.9333352229245216
0.0,0.4619481188799175,0.9925803964890076,0.9203450518644072,0.5056374924193525,0.4942980582938515,0.4242309869786755,0.7426891502107833,0.8947728562089696,0.6888081236410104,0.5807904778551318,0.9813017960893028
1.0,0.4524995705205291,0.9935511812595186,0.9356643045013208,0.5080405558145656,0.49376502612647793,0.4163049632006038,0.7303601804600252,0.8890208702303108,0.6853363033573627,0.5746729632740272,0.9100743337160808
1.0,0.4404741453358532,0.9943839720241884,0.9532858034801296,0.5101281231587181,0.50492191708824,0.4004529156444617,0.7643221655203019,0.8822572588595003,0.6735033990550527,0.5524728126281357,0.9902909904868488
1.0,0.4476894004466586,0.9936415956621096,0.9552265726227502,0.5073963284666934,0.5045245661120197,0.4023400641630499,0.8203757118556321,0.8741773368154366,0.6324712416038769,0.5829905688356279,0.9531652580124736
1.0,0.4471740250816013,0.9922398178086742,0.957738016057052,0.5074501101034554,0.4603697734308868,0.3657293829024348,0.7930404555876052,0.8665053140425802,0.6031238902059971,0.6206796875431759,0.8918802075145426
0.0,0.4932142243600757,0.9905657209744853,0.9570585612369082,0.5100533427308558,0.5592083147342707,0.4589545197207024,0.7806301309074775,0.8616540041520422,0.595967828955443,0.604200032592397,0.9369595975475556
1.0,0.4652121628586153,0.9883707518144824,0.9633348977330048,0.5065099197953482,0.5529861717845198,0.3702585393470466,0.6876266548332226,0.8555755407754102,0.6021609191287939,0.5859200167891484,0.9704022569191108
1.0,0.4736299604878888,0.9859826083624624,0.9597422662322288,0.5077771826657609,0.5628016185764655,0.35365163238346864,0.6708897270911915,0.8514465848677804,0.6144179052108758,0.622570703738807,0.9316357799503854
1.0,0.4856553856725647,0.9830779033266316,0.9648589860758979,0.5094892575352302,0.5700267201878779,0.3525193432723156,0.5838769321795722,0.8461853456884032,0.6188271144012567,0.6123009738423506,0.6840799649788403
1.0,0.5021473973544065,0.9829432524302272,1.0,0.5118845614664786,0.5534049335128501,0.3583964529835582,0.5562088602913983,0.8442159964577078,0.6497263651555003,0.5921101929412425,0.5251228172576485
1.0,0.4799862566569317,0.9842675790435668,0.9112500461980428,0.5122369942150364,0.549065844059137,0.35470164418991296,0.5484283706826418,0.8446077320928074,0.679297805871445,0.6341072507452844,0.5130113332360532
1.0,0.4846246349424496,0.9879482773957782,0.8234525468222451,0.512815756279609,0.5572753928776877,0.3783484204692405,0.5671178167295315,0.8459205816643038,0.7065752197495309,0.6502409881771394,0.65491998638066
1.0,0.4593712420546297,0.9897646512440872,0.7058779398407014,0.5130298375850555,0.5154591296968939,0.34546462220580065,0.5340803195029956,0.8447595283257596,0.7173942151001944,0.6717813023515972,0.5833211732088142
0.0,0.4851400103075072,0.9897378862763276,0.7174240101779327,0.5129273239755466,0.5039715486714033,0.39571402179937176,0.5745506989128029,0.8431337143024984,0.7434268879578344,0.6573904725117052,0.6496181720900832
0.0,0.5270572066655215,0.9883586599250314,0.6806472787501133,0.5151018145958922,0.5206774725154777,0.4415296508405692,0.7131499149471191,0.8405364801847419,0.774798004167746,0.7426625532006522,0.959628386594678
0.0,0.5100498196186224,0.987389346708076,0.650078284712387,0.512972255398739,0.4978092106143376,0.39645298355810105,0.5955180829820281,0.8328772745362567,0.7568378501405033,0.6925557354826936,0.8860370296103192
0.0,0.516577907576018,0.9875055236329398,0.6318731775370872,0.5137983053842445,0.494380215572405,0.4252724921485315,0.6255380519192371,0.8304208940963862,0.7626891938005433,0.6811072320139945,0.9600628300247316
0.0,0.5315237931626869,0.9874827547416754,0.6516672171389896,0.5121968250516062,0.5016007908926514,0.43635691852946623,0.5983433178019376,0.8260905752781096,0.7592585837042689,0.7017671872999766,0.8817749492971524
0.0,0.523621370898471,0.9848260470363162,0.6514832231902641,0.5112395219152732,0.496664156569102,0.4112322187326805,0.6128097034243032,0.822833058849679,0.7759377750307401,0.6728157387538778,0.9362141408287464
1.0,0.5636488575846075,0.9796912331284916,0.6190291438602752,0.5132459419245009,0.5169935954342784,0.4459879363918845,0.5701575327268694,0.8190197301552955,0.7847695360901157,0.6312405310887711,0.7672060753051562
0.0,0.5889022504724274,0.9745302242078608,0.6084106221665175,0.5172858687056971,0.5462830375406749,0.4697439243190346,0.5707196213297836,0.8161105788631888,0.7804093036528299,0.6320004920234938,0.7905848674008985
1.0,0.5840920803985569,0.9702027960592026,0.5929267342909678,0.5167112577027432,0.5421445137915917,0.4761154028062433,0.6213297833000516,0.8129332774717672,0.7790900962639051,0.6822286083862201,0.7314222098524905
1.0,0.6009276756571036,0.9677241941426292,0.5978813476768529,0.5191817250363383,0.5405731630415649,0.4742235535235694,0.6085644552917681,0.8094334309754299,0.7703770670617154,0.6713719465247588,0.6533736233151753
1.0,0.6191376052224704,0.9693615979576976,0.6028069220182309,0.5219019327798072,0.4844031773428281,0.4916201117318437,0.5488869166481769,0.8089868413648118,0.8059440346547709,0.6071071068235205,0.3633258618849397
0.0,0.6160453530321253,0.9743578695809414,0.6371538378693747,0.5201717015971548,0.4880544568544395,0.5788917409029142,0.4929738924635749,0.8108468727976899,0.8513247668957573,0.52829349904442,0.3682712491550128
0.0,0.6029891771173336,0.9803575045084844,0.6725658498177373,0.5177712315600157,0.4836967931411607,0.6018420655292163,0.5655129058501587,0.8130328089626107,0.9062476357432052,0.569397939384487,0.5095883587718352
0.0,0.6167325201855351,0.9863032918332402,0.7098804852572087,0.5159414148857212,0.4786585644570813,0.6244904121999093,0.6181051697359664,0.8117741825237106,0.9504725168740636,0.5930165694712118,0.6802220087522673
0.0,0.5724102387905858,0.9917180317590248,0.7438797125220349,0.5089330815440832,0.4757183416419673,0.6407972218028085,0.6554322905110566,0.8088814027625209,0.9609695721602602,0.5826900991314816,0.7125630571487787
0.0,0.5703487373303555,0.9962928784750114,0.7746069087581299,0.50828108215206,0.4769742930341268,0.6746187528310437,0.7017528289327717,0.8051359488162293,0.9653627082654632,0.5819447703814165,0.7861860908224834
0.0,0.5725820305789382,0.9964785605709676,0.7859402462366815,0.5087247791762854,0.4761246903178652,0.6583119432281443,0.7108128097034248,0.7992627639742649,0.9304957851268424,0.5901282507606921,0.7383639509020521
0.0,0.5713794880604708,0.9964301184234228,0.796125036143707,0.5086039285069026,0.475098869498088,0.6540842518496148,0.7999186450706313,0.7954739546740901,0.9389621822957824,0.6028244236154822,0.7998795798675384
0.0,0.5555746435320391,0.9986223592375169,0.8131766724020923,0.5062352510948308,0.4758431982127137,0.6561980975388799,0.7876636343465724,0.7921003899311554,0.9563260911480138,0.5733965259571362,0.8835617845913568
0.0,0.5387390482734924,1.0,0.8248228884844778,0.5037735468313522,0.474790368586028,0.6574060093613167,0.7625101693661709,0.7877437891863956,0.9969462185040529,0.5272149503642243,0.9148599494461678
1.0,0.5459543033842982,0.999810208587664,0.8169246209116259,0.5047801727499712,0.4764878621670875,0.6489506266042578,0.81213667628134,0.7799557882082382,1.0,0.5581244195644273,1.0
1.0,0.5462978869610031,0.9986225110000868,0.8094118420068492,0.5048727359818844,0.4795503471604251,0.6429110674920728,0.8544782190666376,0.7714321997123585,0.981718252016592,0.583751933567645,0.8772865527138758
0.0,0.5488747637862911,0.9981642162806588,0.808501273384023,0.505146284897819,0.4763544952095007,0.6543862298052244,0.8740551734339176,0.7670314138677989,0.9575960168657374,0.613947009105651,0.9504410212370052
0.0,0.5674282769283627,0.9964489677315194,0.7965413805771496,0.5038277733076187,0.4752172677926928,0.6818662237656652,0.7888617705790995,0.7616542934730803,0.9250367284863056,0.5573360206626112,0.9559843400447432
0.0,0.5902765847792475,0.9924717477214444,0.7748757476235161,0.5030855082497421,0.4819919746266503,0.688207760833459,0.8516012129280381,0.756325821948107,0.9077656822167957,0.5330125410979605,0.95909768829232
0.0,0.6083147225562621,0.9883862581150225,0.7519288063925038,0.5055489294448458,0.4823837147606019,0.6794504001207913,0.8640115376081652,0.7486278126108361,0.8637121442328562,0.5393669653842977,0.9592917362975756
0.0,0.5911355437210102,0.9841755030105656,0.7441499609084689,0.5036418430696226,0.4812591272266734,0.6435150234032918,0.8499223430219658,0.7412936716016005,0.8288301003609693,0.5829639819407041,0.9445706667668092
0.0,0.6196529805875279,0.9820732321201509,0.7371527039680912,0.5036961417774468,0.483505308832009,0.6565000754944889,0.8843354781451074,0.7349592284097948,0.7969430607377048,0.5448887782496776,0.9847683274228232
1.0,0.6114069747466071,0.9797870983819998,0.7364445913216906,0.5064368334787193,0.481859084825271,0.6444209572701195,0.7832260927446199,0.7272739503101866,0.7740954592870397,0.5310378322515632,0.8373561792821846
1.0,0.6220580656244632,0.9805224015534496,0.7458348898417343,0.5041142495107195,0.4840635518014926,0.6561980975388799,0.7847348568892836,0.7223695172356823,0.7802109998505571,0.5318526072391608,0.8328340552195239
1.0,0.5993815495619311,0.9815439469494879,0.7748315948248952,0.5045890121223651,0.4846730193662404,0.6468367809149933,0.7957547518674658,0.7150142981080749,0.7745053560174604,0.5375803261028925,0.8116926482092777
0.0,0.6012712592338085,0.9826714902142276,0.7923877539886249,0.5047048909067694,0.4852148587816537,0.6613317227842366,0.9046372309740408,0.7071164467757621,0.7370156060807775,0.5643058236249588,0.9585948978228932
0.0,0.6132966844184848,0.98304782178823,0.8019211741789996,0.5025441692671536,0.4935838828328219,0.6758266646534803,0.8748613268249394,0.6949194804357028,0.6741932421714039,0.5530704776593676,0.9824309721652952
1.0,0.5842638721869094,0.9818029482112368,0.7989552454579699,0.5026353535951745,0.5007128743499183,0.6401932658915901,0.8979809185711116,0.6823138580319159,0.5671689739667771,0.5646605876845664,0.993641640571298
1.0,0.5785947431712765,0.9797354546978982,0.8039231639972825,0.5022015622482678,0.5136663703629389,0.6066737128189644,0.9845203757118558,0.6725138654778648,0.5167147170918793,0.6036185309034658,0.9712132279699844
1.0,0.575158907404226,0.9759555520925574,0.7949443903410535,0.5021024450735257,0.5408175839184992,0.5689264683678094,0.8161896309444565,0.6630622474172148,0.4696198548321775,0.5124633293131329,0.962203860305984
1.0,0.5748153238275211,0.9725320610058684,0.8036907692702409,0.5023458918823157,0.5399551654670964,0.5393326287181036,0.8031876340507358,0.6574659664555011,0.4727883923082806,0.5082963553221135,0.9848906208484638
1.0,0.5803126610548015,0.9714952537584184,0.8152368669645788,0.5032111099624541,0.5431871424658736,0.5281594443605616,0.7343317801937725,0.6495661192653437,0.4553438322773919,0.4808275601150728,0.8
1.0,0.5830613296684419,0.9715297685693036,0.8330716831959565,0.5033626445251,0.5222088480600514,0.5520157028536918,0.7708083721618224,0.6448676195969316,0.4396736675124479,0.5089784232221323,0.8900516913031652
1.0,0.5978354234667584,0.9716506716515694,0.8210249409512855,0.5016261722341478,0.5414647274579513,0.572248225879511,0.8330227054211969,0.6352369636452586,0.4073283242858366,0.4950439065982821,0.9793597533327294
1.0,0.5930252533928877,0.9707314984674192,0.8061503774167097,0.5012228742386946,0.4817893543374642,0.5483919673863807,0.9046963981954,0.6242545259812617,0.3546704965599685,0.5306200806673516,0.983891658114646
0.0,0.7107026284143618,0.9705584286571668,0.7973414686026711,0.5130169732669505,0.4905813463128686,0.7537369772006641,0.7578729383921305,0.6167622577097298,0.3296019351605704,0.4971696802356238,0.7811755509231684
0.0,0.6991925785947432,0.9695849793339372,0.8006003020427019,0.5152223052491326,0.4835447844610487,0.7413558810206855,0.6994674950077657,0.6170666911629206,0.3425946631016312,0.4532293035576046,0.786982578916021
0.0,0.7076103762240163,0.9683969360632928,0.7942932868719415,0.5143593281253167,0.4990887780304631,0.7561528008455382,0.7362473189852822,0.6178857213472506,0.3424877869187598,0.4754140561893678,0.9670562835020842
0.0,0.6837313176430165,0.9666356091971552,0.7940580066687035,0.5117796440562915,0.4987624250979252,0.7057224822587949,0.5894904223060425,0.6132602937095553,0.2987735330689682,0.4468572987343766,0.9601777699551176
0.0,0.6849338601614843,0.9649027969678344,0.7965768349542361,0.5119548182400543,0.5013679114859039,0.7051185263475765,0.5890318763405075,0.6121686292351649,0.2928050813576341,0.4469243428916176,0.9050779510022272
1.0,0.6954131592509878,0.962902572374852,0.7949445475158307,0.509651955836656,0.5024790535720727,0.7162917107051185,0.5354929369129501,0.6111303390701976,0.3036599262867288,0.4185667279781891,0.9300445434298444
1.0,0.6792647311458513,0.9610574738091012,0.8002671318634988,0.5080039265889296,0.4997564488013988,0.6734108410086064,0.4436358257525331,0.6103766447847874,0.3287090374246249,0.4258950706479193,0.8232770883942837
1.0,0.6799518982992612,0.9599037953397622,0.8046559012743573,0.5080477406406443,0.5008688904354777,0.6776385323871358,0.4760150876414465,0.6090479232256021,0.3047205125114624,0.4406289133486939,0.8384339136544614
1.0,0.6737673939185707,0.9590842674633612,0.8356179610642062,0.5110205526040464,0.508078153864183,0.6688811716744677,0.5112417720582796,0.6039779595566563,0.24493082083815004,0.457308940901581,0.7979168621563288
1.0,0.6595086754853117,0.9589397209788086,0.8476333153509212,0.5094328561454415,0.5208698283451585,0.6377774422467158,0.5054359884623918,0.5975368616077403,0.16353532178382027,0.4545951107433999,0.749160176409871
1.0,0.6330527400790239,0.9583641849014316,0.8450463286066879,0.5095425286093915,0.5222413675506694,0.6084855805526195,0.4855927815989942,0.5944928160487617,0.1391766879082536,0.44483597019264093,0.6173594820305899
1.0,0.6265246521216286,0.9585616242542184,0.8340596800592012,0.5089136211278151,0.5295544504539499,0.5843273441038803,0.3702906589749277,0.5936033513222354,0.1428485156942838,0.4445954196707744,0.5833911982734351
1.0,0.6157017694554201,0.9579212568581216,0.8365439916274021,0.5111657511870084,0.5597793734107598,0.5719462479239016,0.3334368759707121,0.5971903389877982,0.1855177773398051,0.4247663594191852,0.4812799099183637
1.0,0.5863253736471395,0.9573618296959334,0.8452695007773492,0.507560914305851,0.5455532168244059,0.5145704363581457,0.09010428222764556,0.5991816563492591,0.18823969347952152,0.3530415974934084,0.14768271219933976
1.0,0.6189658134341178,0.9589897732662812,0.8743072816989155,0.5085552844278552,0.52850252729308,0.558961195832704,0.2834109903113675,0.6071203277230974,0.2265357764330248,0.3919198943865884,0.401064709380757
1.0,0.5961175055832331,0.9595955807207952,0.8927894974816042,0.5046233612248583,0.5348913851137846,0.566510644722935,0.3134235633459063,0.6067192613698198,0.2293892681090463,0.4086907176547804,0.3682530933143797
1.0,0.5971482563133482,0.959931723575672,0.9097390745272784,0.5049987813288819,0.546850834004192,0.5465800996527252,0.267176983950891,0.6065614444501006,0.24945968211772346,0.4359746232685392,0.3365729122847736
1.0,0.6139838515718951,0.9592230323003772,0.8977111414420211,0.5036785698196501,0.5610377787082141,0.5571493280990489,0.3460468900229274,0.6086492484621975,0.2633254843543303,0.4306056966362977,0.3370515963387923
0.0,0.5892458340491326,0.9573466006932856,0.8824966496647564,0.5038454459184795,0.5605010712532763,0.5345009814283559,0.31884476000295825,0.6086633298410613,0.2319569387681427,0.4650454058630686,0.2864561423867476
1.0,0.5825459543033842,0.9566097419795899,0.8768684015898002,0.5035146281481687,0.5430839490028984,0.4762192359957723,0.23359218992678046,0.6121933629080699,0.23141064220387844,0.4021409561916625,0.002117313785903468
1.0,0.6029891771173339,0.9559058329064408,0.8861615183950741,0.5064601953986636,0.5213009609060852,0.5151743922693645,0.28338140670068784,0.6220990870305123,0.230466103257186,0.4243841225639508,0.02091396975117926
0.0,0.6375193265761896,0.9567921259706408,0.8994429911866313,0.5112593076610108,0.4984751174708577,0.5888570134380191,0.3807410694475261,0.6319376923965894,0.25702330183140554,0.4294914113646137,0.08375625572707363
0.0,0.6869953616217144,0.9564717146066556,0.8993803524748119,0.5146579953969217,0.5060127891329587,0.6722029291861692,0.3949633902817839,0.6416987176336735,0.2747716734936171,0.4372514644957389,0.046088991084755136
0.0,0.7041745404569661,0.9554847710482745,0.8810692516338852,0.513414095476815,0.5070679676900365,0.6894156726558962,0.3688558538569631,0.6517141989117088,0.327495680114992,0.4269861141844147,0.12978102189780946
0.0,0.6993643703830955,0.9533733188211756,0.8674022788358586,0.512489939976451,0.4858914705338188,0.6924354522119884,0.3349530360180457,0.6566438094747775,0.3370472867308489,0.4560946712659299,0.0581995133819942
0.0,0.7574299948462463,0.9498158500607804,0.8453625062206649,0.5171291087327361,0.4819898774990615,0.768231919069908,0.4831373419125807,0.6608862865866267,0.3300213485399396,0.4905655001739478,0.25577517288734153
0.0,0.8027830269713108,0.9466276122771932,0.8355021401223668,0.5199915421398026,0.4688685608873202,0.8020534500981429,0.539997041638932,0.6613114919002092,0.32017349182169696,0.5226190050732307,0.4588013144342538
0.0,0.7849166809826489,0.9430238629870362,0.8241397419882307,0.5165944927042116,0.4849141276417393,0.8038653178317982,0.569255232601139,0.6630380124654864,0.3425288043185037,0.4888779390122708,0.4823924665260678
0.0,0.7831987630991238,0.9413659772852974,0.8449314056901396,0.5169499013452262,0.49342288011631,0.7718556545372189,0.4277864063308928,0.6654700038201964,0.3883621069149139,0.4624812165557535,0.3547746333807445
0.0,0.7716887132795052,0.9382047710901218,0.8541045667155405,0.5156730896590941,0.4990482550911921,0.7532460165577446,0.3530064344353228,0.67110889989593,0.43159646236747257,0.4772682396788946,0.3103143852077098
1.0,0.7546813262326061,0.938906598003713,0.8779742482188067,0.5138238195828594,0.4948639311375558,0.7197745141670377,0.3130315805044004,0.6746222955638121,0.436514948647556,0.504931092296189,0.20388444749619852
1.0,0.7558838687510736,0.9380248986950566,0.8790178506454067,0.5127214659290398,0.4942512454288122,0.7776294318350392,0.4712817099326974,0.6779826890573066,0.4167120884964091,0.5348319248785527,0.5418117612438078
1.0,0.7727194640096203,0.9368333397362644,0.8845003012600631,0.5154274365185759,0.4834895308707701,0.768738174938146,0.5070408993417647,0.6764591599476497,0.3672679921608518,0.553765614095265,0.5305802148217177
0.0,0.7995189829926128,0.9339550302764374,0.8684837194972668,0.5155345065838346,0.4868106789641638,0.8100713142191823,0.6209082168478667,0.6767320548084619,0.3474003537593604,0.6163593494635969,0.9431065770758748
0.0,0.7672221267823396,0.929299287345227,0.8464714141843702,0.5149315002689918,0.4594411210624146,0.7716489593945569,0.5309740403816287,0.6699100889604503,0.2785585727787563,0.6161541998903295,0.8336486523539258
0.0,0.8364542174884041,0.924944244285366,0.8193331255209105,0.5213422023049175,0.472435659495917,0.8150196477950806,0.5677316766511352,0.6641091528804881,0.21580529297304074,0.636159786685982,0.6603602862548338
0.0,0.8551795224188283,0.9199452755958836,0.8003939353692328,0.5203026019477925,0.485882971755974,0.8489007141856884,0.6595222246875232,0.6578827351003679,0.14419606073331115,0.6363497960098807,0.7719283814537592
1.0,0.7988318158392027,0.9177613539796744,0.7994288346321775,0.5172086466054285,0.4873468934809347,0.7676795966951405,0.6368685748095555,0.6521540232102141,0.0967627269950655,0.6272346175281759,0.4805077311108677
1.0,0.7902422264215769,0.9167752880645388,0.8067954043691571,0.5163607810931835,0.4941352796299063,0.7475143537319703,0.5993861400783964,0.6524884324603881,0.0877539611519384,0.6034555589794611,0.5586429193233423
1.0,0.7656760006871672,0.9134620908633252,0.7951351745103405,0.5168484067466812,0.4933413895776237,0.7161461980114833,0.4684342874047779,0.6522092833787636,0.07750306870218943,0.5826656712083741,0.3793614568383416
1.0,0.7950523964954475,0.912289714762572,0.7900238339943396,0.5175473329486714,0.5056176541203299,0.7255633900179732,0.5679535537312329,0.6577297671660916,0.10495978766129266,0.584011860980483,0.4123473637155032
1.0,0.7606940388249441,0.9116088751946796,0.7805038187245291,0.5156607626714598,0.4867640409095449,0.7079065956575176,0.3734708971229935,0.6607320120240441,0.10412336289834184,0.5464276266869319,0.29576735759828743
1.0,0.764301666380347,0.913034303798375,0.7937690193629604,0.5156394234512915,0.4787578440561502,0.7343984705721699,0.3964055913024183,0.6683663353416059,0.1347987441294703,0.5050873379371815,0.3611509775780535
0.0,0.7935062704002747,0.913097360740807,0.8032821513267033,0.5161912916775333,0.4907992090081844,0.7797350812508536,0.5242807484653502,0.6725011287138489,0.1362694312692771,0.5129859314336837,0.7154083241182984
0.0,0.7687682528775126,0.9108114265998696,0.8067256199305188,0.5166530394913577,0.5035292077382589,0.7496927488734128,0.515723689076252,0.6729056280213173,0.1385946334173953,0.5087659398299347,0.7540408912312082
1.0,0.749355780793678,0.9081968156629836,0.8010332617195952,0.5147863209932957,0.4974577448607829,0.6983476717192406,0.3602026477331555,0.6731176964178556,0.13928591175342284,0.4820840402208539,0.4793308707620642
1.0,0.7617247895550592,0.9051428619168548,0.7917803715175413,0.5129006767777065,0.5045582034086042,0.7051754745322953,0.3624731898528216,0.6755633605875444,0.1490153282671242,0.4831373803774273,0.4774311090867688
1.0,0.7584607455763615,0.9024980716171718,0.7959912219240177,0.5126783365416872,0.4934662125723833,0.6923392052437525,0.4305672657347829,0.6772902507835981,0.13476436148106047,0.5188992294050627,0.409246185379185
1.0,0.7900704346332246,0.9003705520861947,0.8031365413859086,0.5137245930828951,0.4926655800601338,0.7322135736719925,0.5023223134383551,0.6784221070993364,0.11108832905872773,0.5519389104124685,0.7263493509451144
1.0,0.7933344786119223,0.8980526725979151,0.8085538403294714,0.5104433852299569,0.5084335841221974,0.7335791342346034,0.6270468160639004,0.6774364337762253,0.09137381834122517,0.5630699853285388,0.9153268048280568
0.0,0.778560384813606,0.8952506032601484,0.7966754399008747,0.5088125893291323,0.5255856402882708,0.7054485866448178,0.6114488573330377,0.6747298351534898,0.07386872241973974,0.5543604067316535,0.9395809610567064
1.0,0.7627555402851744,0.8936647161287379,0.7959630307235223,0.5073601074201922,0.5279945409458704,0.6623584675120149,0.4367206567561568,0.6729348043928223,0.06503604856889439,0.5234290990187134,0.7661125028467315
1.0,0.7354406459371241,0.8918673568569521,0.7895824001044444,0.5069454874917225,0.5312298124534618,0.6362920524586604,0.3859034095111308,0.6745607266558578,0.06895431501044152,0.5498057387515051,0.6126564222265446
1.0,0.7340663116303041,0.8897385363366062,0.7824506103456663,0.50711335715093,0.5325841303851693,0.6183713921094791,0.3576288736040233,0.6764620391574674,0.06804198004250689,0.5388785840046598,0.5945325292543635
1.0,0.7606940388249441,0.887179694022842,0.7741688395208812,0.5075489383424692,0.5357090583913624,0.6376955793819467,0.3421492493158791,0.6792108628774765,0.0695620352553436,0.5336975679219442,0.5822934928328343
1.0,0.7452327778732175,0.883447947856109,0.7406377353653335,0.5091387545953396,0.5511156745981062,0.6238363707879899,0.1942755713334809,0.6795819826548826,0.04404451510131169,0.5153297546706406,0.35770954409412725
1.0,0.7531352001374334,0.8816489851921872,0.7146996978054566,0.5109820743520377,0.5434985047380922,0.6027325959661678,0.14586938835884894,0.6836360316441865,0.030404343469022318,0.4796945850023571,0.2106329188781623
1.0,0.7454045696615701,0.8810268494513473,0.6862810380139409,0.5134978670340381,0.5655377004603209,0.6036047552089991,0.07951334960431877,0.6896142810268633,0.02769496526390114,0.4851058356052829,0.09836669170385423
1.0,0.7163717574299948,0.878755769854068,0.6733442125511198,0.5123078527159436,0.5495539079565464,0.5857088073629042,0.1177723541158201,0.6990530845236662,0.04412824712316349,0.5000298656309519,0.10256126482213493
1.0,0.7871499742312318,0.8762232781918105,0.663240015593786,0.5198873889379655,0.5628810736727897,0.6244435965916316,0.20804674210487376,0.7070320535490724,0.058842388134596864,0.4865803075399328,0.2091458972230224
1.0,0.7528775124549049,0.8717075496436948,0.6465058383786427,0.5157474404468875,0.5476938117232809,0.5814846945098527,0.1326529102877001,0.7123609279533556,0.06260305017628638,0.4070222563412821,0.004913505362498248
0.0,0.7957395636488576,0.8699491645299191,0.6343961733575116,0.5189006870021625,0.5527852296561617,0.6430577604103065,0.2762443606242145,0.7233778029388434,0.10807448034652156,0.4778783118057048,0.2316228601960505
0.0,0.8151520357326919,0.8680928933143353,0.6206369463103385,0.5182888056672672,0.5496823302871631,0.6486156848396146,0.2562162561940682,0.7278127812147093,0.13237383638474026,0.5229170226109794,0.19765116378026487
0.0,0.7826833877340662,0.8671103009293959,0.6136560360298077,0.5177836671042555,0.5417265835838672,0.6101366880367728,0.24794024110642696,0.7328316256930241,0.15962395044063155,0.5120366383760219,0.1501425471256546
0.0,0.8208211647483249,0.8677689254384027,0.6176733370655234,0.5235126131254221,0.5296741568407233,0.6781981981981983,0.2575918940906732,0.7378498851603803,0.17951635966517626,0.5179455333924333,0.20969320454448734
0.0,0.8491668098264903,0.8678654307517522,0.6262695820019613,0.5281052545773055,0.5437034138323268,0.7190390390390392,0.3676059463057468,0.7427148199074136,0.1972747064545175,0.5455509299659576,0.4086634611293145
0.0,0.8290671705892458,0.8669473354061701,0.6261746370646377,0.5291147167166305,0.5524248652043826,0.6954954954954957,0.3688188743436137,0.7436480395288441,0.19272739031889652,0.546367061078349,0.41470575720182135
1.0,0.7905858099982819,0.8661586028229644,0.6329601393098055,0.5280882327528086,0.5482463658782188,0.6419219219219218,0.3031210709267064,0.7465785661720616,0.2036353209091082,0.4638705909103169,0.15512105867835474
0.0,0.8014086926644907,0.8652674562257303,0.6355692881999114,0.5261651473120367,0.5476413642794149,0.6568168168168169,0.2888469787737593,0.7539551969366722,0.23071288730011086,0.4565867321631771,0.24494702353091385
1.0,0.7984882322624978,0.8647622101342662,0.6403096931665442,0.5259825929398232,0.535962538720879,0.6467267267267267,0.23263072257969056,0.7604614165653432,0.24653115843257886,0.35858006335178344,0.06269945959746448
1.0,0.8290671705892458,0.8650430142041663,0.649190453560673,0.5307181097342649,0.5175349280733373,0.7006338954670494,0.2973300791361587,0.7702871192963292,0.2781124714429196,0.3915987541857184,0.0010019060651968491
0.0,0.8570692320907061,0.8643206064858231,0.6573584141157965,0.5348483034020354,0.5187203289459077,0.7523023561774906,0.3935581687744992,0.7800570717879289,0.3065640262064282,0.4661115786159439,0.08976798653297308
0.0,0.8745919945026626,0.8623131339301269,0.6567245009112911,0.5340181504942548,0.5040198575952881,0.7609137662958975,0.3980400857924709,0.7857062505732109,0.3199551031093827,0.4704673719159299,0.14751518700139055
0.0,0.8967531352001374,0.8580080115358522,0.6405271111643517,0.5339879902604876,0.4998720519113121,0.7865087908144959,0.4495969233044893,0.7911544321218527,0.3256333264497091,0.4763968707627438,0.16492364645996996
0.0,0.9264731145851228,0.8546064913785725,0.6271001123729301,0.5352021983362032,0.4843129622218262,0.8006219351752183,0.4836032837807851,0.7959143894084619,0.3329209648503891,0.5152819365741238,0.3238399634724033
0.0,0.9561930939701082,0.8526160855326275,0.6372805724832475,0.5399235393498885,0.4881591223516869,0.8472670733165891,0.504171289105836,0.8000429777897291,0.3529764154282741,0.5415338597789385,0.8206152616859803
0.0,0.9417625837484968,0.8525286075500804,0.6595334841082855,0.5361975371523713,0.496760522057531,0.8508551608659252,0.4484579542933215,0.8016037042470456,0.3731569676592758,0.5229035089995381,0.639603457041182
0.0,0.9400446658649716,0.8541361587374174,0.6920553222842056,0.5350992273823162,0.4912382180275777,0.8637722760435355,0.4399822498335921,0.8029643286162005,0.39032412377132375,0.5142162597276443,0.6527116587323821
0.0,0.9144476894004464,0.8539228535560945,0.7047223549135325,0.5290966914695355,0.4871890468226925,0.8647290993900251,0.4471858590340949,0.8036361725132659,0.40826230418491705,0.4732167932418301,0.5805652981225484
0.0,0.9151348565538568,0.8512878075268171,0.7088077434783585,0.5294236450820805,0.4946556447670595,0.8582705418012199,0.40378670216699897,0.8035642111333974,0.4150055442827158,0.4733887483111862,0.4633578906552918
0.0,0.9379831644047414,0.8459297216275985,0.6918921657727625,0.5293120415374895,0.4917733187407565,0.8609018060040665,0.40137563789660535,0.8043944744765399,0.4286945768442677,0.4688739686703083,0.3711059619699159
0.0,0.9525854664147052,0.8398243141023287,0.6806612255504486,0.5278717272773514,0.502961530789639,0.8675995694294941,0.4241624140226312,0.8046693482899205,0.4180565040748844,0.4450857736165639,0.441943433005994
1.0,0.9393574987115616,0.8349195020815898,0.6475530507544213,0.5271057096817785,0.4865248522286258,0.8305790036856497,0.4717920272169219,0.8035573844149557,0.3914242158695857,0.4550797347940324,0.5296995108315873
1.0,0.954818759663288,0.8310344892891979,0.6077750258565753,0.5258458562300022,0.4888632668104828,0.8465105219355605,0.5101397825604612,0.8015502136140908,0.35690453632757124,0.5004929661995705,0.4887270587369891
1.0,0.9565366775468134,0.8279757692151852,0.5638668285378362,0.5223175010128679,0.4965169284498861,0.8484127927713707,0.5242437689520008,0.7999671354831479,0.34123017973106234,0.4659582807898837,0.5436757512229227
1.0,0.9656416423294965,0.8261247370946894,0.5544710936260975,0.5199995159570373,0.4864834027351351,0.860484347312463,0.4966940315065456,0.7981636951817346,0.330255273536477,0.4344580585958861,0.34054213100886405
1.0,0.9522418828380002,0.8229706770583127,0.5464900074476308,0.5207284417850674,0.494857331446169,0.8590667454223272,0.5265069151689962,0.7982626744678525,0.327896653067966,0.4180285306195371,0.3449556806061269
0.0,0.966157017694554,0.8194102526924882,0.543094873103843,0.5230800383504033,0.5312977704215609,0.8564678086237447,0.5035500332815626,0.7985693172610533,0.31629749371515625,0.3927648396001675,0.22292103424179086
0.0,0.9998282082116474,0.8146330317856183,0.5341413566932712,0.5247507720800085,0.5263039557052175,0.8943719891904592,0.5465572073071521,0.8005561291185004,0.31354306434426144,0.446397826739767,0.44918901026150265
0.0,0.9991410410582376,0.8130215662705531,0.5639805313069003,0.5248537308273035,0.5153794970934368,0.8893053765959941,0.5513497522372605,0.8013824621988709,0.311485648706106,0.4521452329209159,0.4136967155835093
0.0,0.9692492698848992,0.8101589687256787,0.5751744229390042,0.5176444705032205,0.4975711060100488,0.8902424739369802,0.4711411877819681,0.8023875939312384,0.3167689551781479,0.4000426217168635,0.2086873367906128
0.0,0.9773234839374676,0.8087318324693347,0.5919121116441572,0.5197272027660561,0.4922246930124333,0.8696263324352818,0.496339028178389,0.8062041575408878,0.34146150897400834,0.3817656217217463,0.2592503700147988
0.0,0.954131592509878,0.8034863064235553,0.5784863769110288,0.5190924461098185,0.5009926619515362,0.8588497130139394,0.4954958952740184,0.8093195115488994,0.3603922022179286,0.3807719150344308,0.2981319252770103
1.0,0.9781824428792304,0.8001919023332476,0.5793510158834421,0.5191090746800239,0.5414250094070909,0.8653416251920405,0.4377856667406255,0.8130807897864307,0.3942148647326886,0.3623563449228701,0.22924916996679684
0.0,1.0,0.7976681835811257,0.5779404038834104,0.522505021605163,0.5332767327280085,0.8959301202380846,0.41831225501072383,0.8177727833121868,0.42672614179965707,0.3449493497982661,0.29329173166926586
0.0,0.9749183989005324,0.7971434567127966,0.590501017527057,0.5165263033355295,0.6079727238912863,0.8980000183990947,0.4642556023962722,0.8212837960370023,0.4561993221669629,0.34380527140619177,0.5302212088483514
0.0,0.9836797801065108,0.7987958031493871,0.615856372409737,0.5172121608319596,0.5378846022975033,0.9219188415929938,0.5141705495155686,0.8218279672484661,0.4571392692755509,0.3548517896149413,0.7596703868154726
0.0,0.9644390998110288,0.7977760953582633,0.6334295685217506,0.51220809987724,0.0,0.9357181626663968,0.5518674654241554,0.8201451564266597,0.4623768642326964,0.3520952432004719,0.8616744669786793
0.0,0.9716543549218346,0.7951037998089365,0.6355207747906181,0.5094628366351995,0.5379425252704572,0.9382480381965208,0.5553657273870277,0.8168237758929053,0.4665618538087319,0.35628067207359576,0.8261130445217798
0.0,0.9878027830269712,0.7922141029819985,0.6550056085439092,0.5080656246425432,0.6306670685511816,0.9449177100486656,0.6124916796094964,0.8140710806318958,0.4642222065052735,0.3756436044857636,0.9760390415616632
0.0,0.9414190001717916,0.7902767898212044,0.6821779973007012,0.5039782358210845,0.7498128026389935,0.9196189547474264,0.5955106870793581,0.809379662911063,0.4504210013129185,0.4131256760448577,0.9684469103384024
1.0,0.928191032468648,0.7886215816657725,0.714547815014092,0.5055057008683681,0.6502981766881961,0.9134092602643951,0.6033799275201539,0.8066195166905656,0.4434641390284444,0.4221869298314393,0.9542457805907181
1.0,0.9376395808280362,0.7858722795364588,0.7147399438637423,0.5069802261306212,0.6453289055117045,0.9115693507879412,0.5223060424524816,0.8045225682166066,0.4551991194161914,0.3647479549838247,0.8311132031066125
1.0,0.907576017866346,0.7824794685588472,0.7059436864878903,0.5063206768273858,0.6290768413980099,0.8881105049631559,0.4361733599585832,0.8041030566540182,0.4591830713819946,0.30778252103981546,0.4880333433592581
1.0,0.9103246864799864,0.7824609381950376,0.7081340240262934,0.5066988050484041,0.5603129847878912,0.8924802899697336,0.4394645366466978,0.8040980660342558,0.4586174529046753,0.3123352268650258,0.4702874575688567
1.0,0.866002405085037,0.7817743693513028,0.7237348342153564,0.5028588503640243,0.5312466994149787,0.874081195205196,0.4662007247984615,0.8037635221801421,0.43160647482990655,0.3480996855989113,0.3930305504232352
1.0,0.8591307335509359,0.7809727032279037,0.7514790442000678,0.5055079967569575,0.5235848739638742,0.8710913423059584,0.4189187190296578,0.8039510722011819,0.4146562299506157,0.3353653340461253,0.22498173849525105
1.0,0.8567256485140009,0.7782168983074319,0.7491815959400233,0.5053883569092537,0.6829703554668807,0.8630417383464732,0.4190962206937351,0.8069160170824401,0.4051446529362667,0.33556114245260377,0.2157865337515552
1.0,0.8598179007043463,0.7760966322420866,0.7019020864485329,0.5055870525518806,0.5489206581546222,0.8736212178360823,0.4089712299386137,0.8102691111975981,0.41522808501241787,0.32656491296045315,0.2194675613263032
1.0,0.8488232262497853,0.7743991460053321,0.6501687550097972,0.5033625179583509,0.5468223749485497,0.8754611273125364,0.3752089342504252,0.8136144273625279,0.42374598181657774,0.333613270703019,0.14918739924186594
0.0,0.8507129359216627,0.770256100534922,0.608399890570492,0.5034619158345136,0.5908622838716384,0.8825907765337945,0.4274831743214261,0.817113532788903,0.4345018228395969,0.34460601678721986,0.1728459530026113
1.0,0.8649716543549221,0.765372053228238,0.6027898402799812,0.5060481510276614,0.6412665804827711,0.8655716138765973,0.45362769025959604,0.8186720705724595,0.4309775681242387,0.3817924520252608,0.14905715114592213
0.0,0.8692664490637345,0.7597379447500883,0.5935620710154071,0.5064682296413615,0.685543518583197,0.8763810820507633,0.4542933214998886,0.8208956648699497,0.44176834746842697,0.3826158143710866,0.21206846533216936
1.0,0.8723587012540801,0.7552295616702502,0.587187938524957,0.5070960191275665,0.57972542719287,0.8704013762522886,0.4907773093706089,0.8221380357599499,0.4454895353253029,0.4239514924529144,0.5648970118944008
0.0,0.8871327950523964,0.7505294206663606,0.5786855186488771,0.5054410682328995,0.6856042774157739,0.8759211046816497,0.5928629539235264,0.8221063027998896,0.4525274632324541,0.501419316236916,0.8105599071656528
1.0,0.8821508331901733,0.7438596351425635,0.5455615276759908,0.5086281840731447,0.6227228118294188,0.8706313649368451,0.5521780933362915,0.8196633995315259,0.4408607903388944,0.4974744025887039,0.7937917029300837
0.0,0.9130733550936264,0.7398239116968504,0.528675430793359,0.5132580187226241,0.5525744976369876,0.8690214441449481,0.5553731232896971,0.8184487143059436,0.4411588836107944,0.500836346638715,0.7350159559036831
1.0,0.8692664490637345,0.7347791314172079,0.5037324414878871,0.5102113994808989,0.5570681881835814,0.8418827793672551,0.5597662894756306,0.8157602221952359,0.4155923287077376,0.5055602558838033,0.5872352770525062
1.0,0.8787149974231232,0.7316678687013378,0.4826341300220524,0.5116694539467422,0.6256972533395482,0.8393529038371312,0.5875231121958433,0.8127894174190728,0.3857551160769634,0.5323974412425987,0.561895901173308
1.0,0.8914275897612094,0.7276979466372855,0.4549916180992989,0.5097238067770185,0.6308345885625886,0.8425727454209253,0.6130167886990607,0.8113247407327995,0.3706127415240131,0.5555725382932883,0.4763446738719057
1.0,0.8788867892114756,0.7237083182862459,0.436515116449948,0.5093907593403063,0.6623868690171986,0.8425727454209253,0.5809185711116045,0.8111684917471462,0.3739038591770113,0.5177891666441906,0.5568948525509826
1.0,0.8995018038137776,0.721550289870708,0.44651848534745736,0.5085687085157373,0.75474490419114,0.855912089125215,0.5913541897788626,0.8119659644722035,0.3959203718070109,0.5267296669046139,0.5385508592661399
0.0,0.9115272289984536,0.7181752639358554,0.4595798486726476,0.5094764544968213,0.0,0.8904103918087231,0.6555062495377559,0.8121026546529873,0.4027333584612624,0.5468294496018218,0.7677327317364468
0.0,0.929221783198763,0.7175407146770176,0.4736036762158008,0.5081765368690718,0.5441866060660296,0.9124893055261682,0.7221359366910732,0.8116835291506219,0.41638731045686944,0.5728746847658671,0.9625354717342092
1.0,0.8349080913932312,0.7146101427202884,0.4731310976802826,0.4993558403880157,0.5158148535388897,0.9547937264329058,0.6527253901338657,0.8089322623812851,0.4019055866093637,0.5299784536422018,0.936342740390756
1.0,0.8199622058065624,0.7136674836691594,0.4811940518259183,0.4982104716305494,0.5284629402368556,0.9111829684034738,0.6289919384660894,0.8088763718255416,0.4154565951717813,0.5132372201411136,0.7635359468777942
1.0,0.8132623260608143,0.7109613650415542,0.4835652158467953,0.49657996709707,0.5069587753776025,0.9223515771671088,0.5679905332445825,0.8095884817363264,0.4234362127203923,0.448882628717924,0.8468003207698469
1.0,0.814464868579282,0.7088741591315402,0.4891751963777056,0.4966389592538135,0.4742410998535225,0.9279358815489268,0.5422453960505883,0.8107845673349738,0.44730108117252615,0.4774384735701002,0.8391659983961526
1.0,0.8434976808108571,0.7050059726346941,0.4913415816275184,0.4969954087440493,0.0,0.966760092965372,0.5250942977590414,0.8101363831165305,0.4541613958460722,0.463470463451444,0.8938893344025663
0.0,0.8699536162171446,0.7001765495962888,0.4748874473557002,0.496994593361466,0.4934642113166581,0.9944156956181828,0.5570667850011096,0.8089480071570665,0.4625132203178896,0.4377837745400008,0.9885805934242198
0.0,0.8649716543549221,0.6967732042604399,0.4770410309046749,0.4966882435232704,0.5024899844410733,0.9903057459997738,0.5171067228755267,0.8059459770400849,0.44988185644472706,0.4573438754933868,0.9879829787234052
0.0,0.8443566397526199,0.6921689012638228,0.4641307968887703,0.4966987961729356,0.425030672796098,0.9873333800471092,0.4777531247688784,0.8038036435715796,0.4390440849504645,0.4764733441695743,0.8688286040952096
0.0,0.8665177804500943,0.6871664401775002,0.4743101533368409,0.5000637789634979,0.4726193161288797,0.9819433290033256,0.4771392648472751,0.8018158843896468,0.4265008182352218,0.4760745349662101,0.8746393827574644
0.0,0.8792303727881805,0.6816782671445663,0.4637521208444858,0.49809942699897997,0.5876300388244513,0.9980866684524426,0.5079358035648252,0.7992134084993321,0.41186847672958377,0.4503510058847551,0.8496207746808571
1.0,0.8208211647483249,0.6791022983597581,0.4680825162247093,0.4945154656147672,0.594706036975991,0.937201976066652,0.4316248798165821,0.7952650974352424,0.3949723100835635,0.4333092114604871,0.5509535253909306
1.0,0.8024394433946058,0.6780972151830968,0.467828423254982,0.4951956590673606,0.5873607412182394,0.929166932192542,0.486184453812588,0.7949393120990325,0.3808819569854848,0.4301600357592675,0.7136302631168266
1.0,0.8045009448548359,0.6729075733322878,0.4544298197339902,0.4954124739129493,0.5822322954595124,0.935262482717729,0.4802159603579621,0.7925409415950115,0.3707135384536818,0.4245197978619861,0.6685289803052538
1.0,0.8390310943136918,0.673038280050251,0.4608216862982771,0.5008868757170607,0.6039153674385069,0.9208548178400136,0.4528880999926039,0.7916518424649809,0.3755388206725044,0.4470186759256587,0.5704922126158729
1.0,0.742312317471225,0.6731319208303348,0.4734155531932298,0.4881704514492625,0.5958947653647024,0.9003516024371118,0.3742030914873162,0.79151985344924,0.3955684713017456,0.42055669003689616,0.4108430350510315
1.0,0.7498711561587357,0.6762713377664626,0.4906494835945621,0.4891664898610231,0.6060453182823369,0.9142051263579916,0.3357296057983876,0.7930255692102439,0.4188558947793716,0.36491144540097337,0.17915665282936571
1.0,0.7637862910152895,0.6734898708092643,0.4962737719296986,0.4872969910717361,0.6037828182677276,0.9250108750162778,0.3907107462465794,0.7959520234538578,0.44645191603269707,0.3714298535283893,0.3384000749087049
1.0,0.7234152207524482,0.6706556572738132,0.5010112421215743,0.486103652967317,0.6147379900809062,0.87292162507377,0.3865542489460833,0.7963787981600698,0.458311061512099,0.36428589619359053,0.2251006585723644
1.0,0.7101872530493042,0.6680220862883028,0.5180256852430952,0.4882836462942258,0.6153785994762526,0.8546349734982088,0.4330670808372159,0.7989088496502197,0.4761928504515405,0.423119805261216,0.1699803364649333
1.0,0.6928362824257,0.6644790944659293,0.5166841034556514,0.4865608396209445,0.606194434766989,0.8108578379082286,0.393358479402411,0.8022122591186684,0.4935205871539475,0.4269099103573339,0.003162992982109439
1.0,0.7340663116303041,0.6605866316140196,0.5083470630058994,0.4885766398487037,0.606621348695501,0.8684884974190886,0.4745285112047925,0.8091351436179293,0.5301363455361616,0.4597358682252621,0.2255489021956108
1.0,0.7369867720322967,0.6574118276320506,0.4849795668999145,0.4891103711743789,0.6140231215426382,0.8623929468939011,0.4394571407440284,0.8130933388583157,0.5550162059235522,0.4692981567631591,0.1469917308240684
0.0,0.7491839890053257,0.6555377518587284,0.4733317575607914,0.4906009121403026,0.5812351967104791,0.8914853471277489,0.5238074106944753,0.8188306172027155,0.5973733045683387,0.5181520429269354,0.31074449201211
0.0,0.765676000687167,0.6528239205550497,0.4597258471773544,0.4924502748336457,0.5115746204559054,0.936370764631399,0.5468826270246283,0.8203688314865631,0.620486476736959,0.5524997883970199,0.4800563850892756
0.0,0.8065624463150659,0.6489974885220646,0.4422818329666992,0.4943996865100889,0.5773406533269445,0.9787625478292912,0.5931218105169739,0.8209299664414895,0.6383130855070827,0.575322665343606,0.7239486416077403
0.0,0.8055316955849509,0.6450928928381567,0.4244993897205938,0.4944309526821559,0.596259322245382,0.9704504334767634,0.5874491531691446,0.8197008169955609,0.6292743605525243,0.5687548346271672,0.6601693338295489
0.0,0.7751245490465555,0.6421234745185869,0.41534924007535695,0.4937810248589183,0.5916113141150395,0.9460682313760151,0.6267287922490941,0.8199857129247663,0.6259101496661064,0.5907244695526984,0.8279214737625615
0.0,0.7685964610891598,0.6393957724771195,0.4187403743810397,0.4931520277445914,0.5940990842417976,0.9311064255414648,0.6026033577398122,0.8193218187551652,0.6107163673461647,0.536513395510418,0.8919333829549662
1.0,0.7699707953959798,0.6357846038180384,0.4050063368778079,0.4934141952322722,0.5871513770556829,0.9277815798004536,0.5925375342060495,0.8178280612426712,0.5917454876418893,0.5166899862023207,0.942128768142908
1.0,0.7505583233121458,0.6351180483471612,0.42723596521119017,0.4948533219920784,0.6039469555421025,0.9006286729155295,0.601124177205828,0.8156396155150261,0.5862956126600134,0.5272292024424724,0.8085944830174507
1.0,0.7278818072496134,0.6368711490672094,0.4645771501095848,0.4903865237084179,0.5709762995784435,0.9219630997536842,0.5821980622735005,0.8133796296083801,0.5943602498082637,0.4940239356554943,0.8437324075811578
1.0,0.7107026284143618,0.6377615327912851,0.4975475629971916,0.4871778032502214,0.5835514572482882,0.9358166236745641,0.5818948302640338,0.8124083682159307,0.6170488056585304,0.4940705225738165,0.7421655094764492
0.0,0.7320048101700738,0.6373836457975215,0.5062800477576158,0.4862995888719572,0.5629066283803976,0.9588134733832244,0.5340285481843058,0.8104052160328845,0.624700221691714,0.4784094460026543,0.7122349408894718
0.0,0.7168871327950523,0.6346659047411207,0.4991214177182423,0.4835854080471678,0.0,0.9674026582141698,0.5839878707196213,0.808280662070666,0.6255466135586611,0.4800969570294613,0.7382248076562196
0.0,0.7356124377254767,0.6322039415571711,0.5092756241307701,0.4823054636039218,0.5218032423187015,0.9942784946206764,0.6629761112343757,0.8042226220984721,0.631668914171541,0.5187502614467978,0.9973728654531788
0.0,0.7308022676516063,0.6284269654538672,0.5181533736295653,0.4818646289245664,0.5974785867089456,0.9943876033382534,0.6633311145625329,0.7981493896884313,0.6248086735282217,0.5196848339861626,0.9555119118777252
0.0,0.7043463322453185,0.6252508105897387,0.5290499590258116,0.4823736823730458,0.5861689878643913,0.9766284551408846,0.6690333555210413,0.7919559153499709,0.6026144401310909,0.5251271550093154,0.9917447676394899
1.0,0.6863081944683044,0.6213136294164179,0.528434153265916,0.4838659405913964,0.5897140239732045,0.9549670233202416,0.7015753272686938,0.7861459925142076,0.563729987534229,0.5519214222644839,0.9991421021927868
1.0,0.6813262326060816,0.6176928823112027,0.5269499289895374,0.4837003127120998,0.6143880911102008,0.920194724871314,0.653583314843577,0.7816091226263129,0.5348518773381196,0.5151744054972408,0.774492700394823
1.0,0.6897440302353548,0.6063525148147657,0.4735618104768312,0.4845886342167179,0.5734117437383871,0.9484115900060992,0.6463649138377341,0.7800806272921743,0.544198428775764,0.5021805180301468,0.8267376733082369
1.0,0.7780450094485482,0.596610933968365,0.4346954307066016,0.4976215099160842,0.6149210111273916,0.9307404219418902,0.6615560979217519,0.7786392457068751,0.5443013369943439,0.515940578837562,0.751813423928016
1.0,0.7797629273320734,0.5850920713311805,0.3728133382425004,0.4975281929523032,0.5889533660388482,0.9467014769676274,0.6597441017676203,0.7775345138432956,0.5471994516200823,0.5115788146581466,0.8294922413001558
1.0,0.7938498539769799,0.5816452947359885,0.3653023208297551,0.4957145888271469,0.6180732293915765,0.9469864958073728,0.6431994674950074,0.7748588271086105,0.5222946632405123,0.5429831856300429,0.8088329813607562
0.0,0.7850884727710015,0.581055600467157,0.3729004727030033,0.4979428568795266,0.6158810457708019,0.9467014769676274,0.7079505953701651,0.7720073667636127,0.4939785747478895,0.5403941381494961,0.8125975576163816
1.0,0.7194640096203401,0.5814252079004216,0.3958499414016743,0.4917792383692742,0.6111994086161259,0.9142093292366624,0.6846165224465643,0.7688756121960338,0.4744457801041313,0.5719054330938398,0.7846661680893311
1.0,0.7232434289640955,0.5818559488165961,0.4189989373145174,0.4885098165762832,0.5936584837964058,0.918484611832842,0.650166407810073,0.7682270619337785,0.4599500212210966,0.5795795840091579,0.769089924439745
1.0,0.7139666723930596,0.5770360492196458,0.4183653340894243,0.4909601432753269,0.6242227918023464,0.9122141973584454,0.6138081502847428,0.7684281934175667,0.4591609374960735,0.5926655205678429,0.7251205611573888
1.0,0.7412815667411098,0.5730992679700937,0.41631513937531056,0.4908896483590345,0.6312094758109232,0.9210497813905499,0.6119961541306116,0.7702181002557584,0.44563284038727735,0.5896438107685893,0.8447275446785463
1.0,0.7352688541487715,0.5680363030845847,0.41041950140693106,0.4897395475801726,0.6293622698673205,0.9276052147046918,0.5545151985799871,0.7702244794764288,0.4432828527037286,0.5363519302354607,0.9076514428656174
0.0,0.7472942793334478,0.564447730035496,0.3940989580591073,0.4875672525496246,0.5957711324206312,0.93501570453807,0.5087567487611862,0.7674430642740147,0.424969761446636,0.5506805776844798,0.7999329499445547
0.0,0.7594914963064763,0.5604223364701975,0.3757933115778368,0.4853930009790109,0.5952125359937003,0.9521168349227882,0.595421936247319,0.7639328345115974,0.3950669263677074,0.5666492445350451,0.8852412512571884
0.0,0.7665349596289297,0.5561839831301021,0.3628554827899659,0.4861123011507694,0.0,0.9729232102241956,0.5984394645366466,0.7586786331415865,0.3516003539352488,0.5689418549774802,0.8409191800496145
0.0,0.7871499742312318,0.5519650186859173,0.3584563201052989,0.4850500504226118,0.6027063302891975,0.9934445666858578,0.6209082168478663,0.7540547630238326,0.32386138183245183,0.5877780516083727,0.9932628280454371
0.0,0.7794193437553685,0.5480181673301101,0.3571759323661929,0.4880014013166569,0.6825937045981688,0.993940338302256,0.6192367428444641,0.7475502887566474,0.2800509095318641,0.5876982030686534,0.9773438939031126
0.0,0.7593197045181239,0.5444439742744493,0.35197247046296354,0.4889301098083447,0.5773020713337007,0.9900861340004784,0.5749204940462989,0.7402361302295517,0.2237787080246418,0.6045581791112958,0.8190581445324503
1.0,0.7512454904655557,0.5405317007762389,0.34643190935041546,0.4881995597839823,0.6931035576482344,0.9898765535024148,0.6383477553435397,0.7348614831101359,0.18899966252144376,0.647008228949677,0.7494013630502849
1.0,0.7330355609001888,0.5357259201302051,0.3376512488577306,0.4863877602781098,0.6708306443362352,0.9803291184371484,0.6368389911988759,0.7310145840985347,0.17669827472078048,0.6466609026634993,0.6541413397187942
1.0,0.7273664318845559,0.5313571405367306,0.33492147986838144,0.48581805768758,0.6645719853993064,0.9939997599903996,0.5017972043487907,0.7298357956202175,0.1869421133613287,0.5967685373727271,0.4248787376435185
1.0,0.7222126782339804,0.5278744773677637,0.3399315132987553,0.4853053533316728,0.6663399076122589,0.981367675759662,0.4763700909696026,0.731206350993385,0.2031656327431723,0.6297178755213705,0.3768035856818317
1.0,0.7215255110805703,0.524749439013088,0.3516265443612497,0.4850097993910264,0.6735437535794834,0.9946109416903891,0.5397529768508244,0.7307557988974476,0.2052342061439765,0.6227432394637058,0.4591698900963953
1.0,0.688197904140182,0.5216081323965338,0.34937756457476066,0.4849423231637253,0.6134450167059076,0.9644550535783,0.5444123955328746,0.7307208580725082,0.2194324441766018,0.625971365637612,0.3209615030392331
1.0,0.6952413674626352,0.5193303551260273,0.3523647205129277,0.482126187729878,0.7764149888051732,0.9900778557584818,0.4765623844390208,0.731876879470041,0.2218800005198737,0.5824836307577068,0.4063977405292571
1.0,0.6467960831472256,0.5160833731484571,0.3461522156567465,0.47969041140596,0.6245043971077516,0.9421229700731756,0.5410842393314106,0.7344189915398884,0.23095301149988,0.5721399348394468,0.4543500951679256
1.0,0.5768768252877512,0.5138753905989177,0.35254415632096625,0.4712434673542142,0.5290736165785146,0.9200487623390092,0.4363508616226608,0.7364486864329742,0.2210364564603394,0.557571644306621,0.189353472094308
1.0,0.5703487373303555,0.5111272325750718,0.3407260320168702,0.4701498541030358,0.5331081207834469,0.920840358751494,0.3393683899119887,0.7407042894275968,0.23324867395015175,0.5090941907280292,0.16991044020380394
1.0,0.5849510393403197,0.508489252657057,0.35625234393090704,0.4684841024828838,0.5259783755319574,0.9378596816199232,0.4810073219436434,0.7469678093725678,0.27947238263683044,0.5395713343680885,0.2982056394189688
1.0,0.5844356639752618,0.505534245671234,0.36489394340884906,0.4685685981580191,0.511436674765867,0.9196529641327664,0.4044301456992821,0.7510926752079337,0.3169325502449177,0.5051718978360406,0.3998227792018722
1.0,0.5913073355093625,0.501640593040833,0.3754126934100497,0.4694570073267969,0.5114413771940204,0.9453798475385312,0.3520227793802229,0.7573702087551364,0.3673134241378492,0.4851026339065171,0.4811569521507434
0.0,0.6289297371585637,0.4972574141891282,0.3676107640745389,0.4711237463840076,0.5102895567942528,0.9849596681627841,0.4271651505066193,0.7602583353787521,0.38719647437462507,0.5164352865591826,0.6269274248247788
0.0,0.6287579453702111,0.4935635961722094,0.3754113508078771,0.4713867502654306,0.4714407658632048,0.9853333007406684,0.4540936321278011,0.7589543419859701,0.3854281126865379,0.4788730992536255,0.6723716934207553
1.0,0.5852946229170246,0.4918435001616497,0.38600228452359614,0.4689673113161941,0.5325350541676922,0.9580959475818402,0.3284224539605056,0.7564850610115026,0.3932267906137277,0.4692324317700433,0.4822292561609759
1.0,0.5629616904311975,0.4911769032741167,0.3916847026341333,0.4697259799618946,0.5292648396236871,0.9128057091096876,0.3132164780711487,0.7573840243769911,0.4251945927264403,0.4601716097190068,0.3864197023271108
1.0,0.5595258546641471,0.4893696573755313,0.3902641371396065,0.4693320134061446,0.5177393730621556,0.8979911451234691,0.3372457658457215,0.7578007905469528,0.4525439007714184,0.4212379934966111,0.4438985280815719
1.0,0.5447517608658304,0.4866762199182286,0.38726751495309697,0.4674222166027643,0.5129784040684613,0.8590500055025524,0.2931661859329928,0.7582259227406938,0.4859894492534678,0.3941661094194242,0.3210673464353257
1.0,0.5492183473629962,0.4881776812909013,0.4251077995987061,0.4681609235356,0.517456325418771,0.8493147205973237,0.2558686487685817,0.7603818920043572,0.5258578757086907,0.3804891836147216,0.29444712871995765
1.0,0.4796426730802267,0.4827029060386332,0.43125818949040734,0.46122263186932794,0.5295944893855392,0.8010615693279272,0.19946749500776567,0.7613121684785957,0.5315938537566117,0.339850162955471,0.10037400905495553
1.0,0.564164232949665,0.4775347273590498,0.4561114558404911,0.4741806044941117,0.5171928284226828,0.7807444530039706,0.24305894534427894,0.76508491570936,0.5263510840038603,0.3670758796757832,0.04849591095363345
1.0,0.5887304586840747,0.4696552297935584,0.4437325932678805,0.4740332778801774,0.5343276088133471,0.8201088658816359,0.3362029435692627,0.7700029054918229,0.5253343518812661,0.3617693110127056,0.2416026914335817
1.0,0.5730974059439958,0.4686026345904559,0.4575581636163271,0.4751536665663156,0.5503523252531051,0.8192623193681379,0.3793210561349015,0.7721798560284174,0.5150530976189887,0.338198187834287,0.27510244984878585
1.0,0.5593540628757945,0.4679097620606094,0.4546296640210383,0.4734054891072706,0.5597718740185441,0.7845539123147127,0.3732712077509061,0.7733414573988411,0.4947514421112375,0.33370138398370386,0.16483654953917082
1.0,0.554200309225219,0.4665956759711452,0.44216667798065695,0.4728185434637522,0.5242463618497627,0.7616971564502613,0.3734782930256639,0.7764144517115876,0.4585491315244917,0.33281345546373403,0.0724546370967742
0.0,0.5744717402508159,0.46459468171301394,0.4047372749284212,0.4756760549154319,0.5391558231967131,0.8239183251923778,0.5087715405665263,0.7834600455541596,0.4737704500112601,0.3534366132440808,0.18067748881895024
1.0,0.5662257344098953,0.4644774380212722,0.37700036572476736,0.47482713854427794,0.5193501046313852,0.7773582669499778,0.4127801198136231,0.7878184483281898,0.4893502888809826,0.3498113554325332,0.03238363425542461
1.0,0.554543892801924,0.4618021975848858,0.35279760598022264,0.4725765377039944,0.5185252276768998,0.8095270344629085,0.4345684490792103,0.7971802762287123,0.538732991164935,0.3610796937721281,0.06986771411802044
0.0,0.6086583061329669,0.4613935194983672,0.3309059284865586,0.4767831354778617,0.5401930742969093,0.8658223776105384,0.5092522742400708,0.8035360936354248,0.5768117432989791,0.4032413478644423,0.3868346200731419
0.0,0.5502490980931111,0.4587718083961243,0.3079013077530066,0.4721894887976234,0.5188691008354485,0.7731255343824867,0.44144663856223615,0.8037722192737099,0.5832293130231085,0.3553364532312429,0.04602916610230779
0.0,0.5794537021130387,0.4587028424723156,0.29732541371482313,0.476462297438192,0.5334449991111456,0.8459285345433305,0.6050883810369061,0.8090568648922609,0.6082867868166315,0.4219828874436368,0.35225066594428805
0.0,0.6031609689056863,0.4569813165591254,0.3279373078518183,0.4761821832778196,0.5448083628105238,0.8937584125559783,0.6856519488203536,0.8110828968470631,0.6149351816244715,0.5028303301021824,0.6224434511716108
0.0,0.600755883868751,0.4557557330985729,0.3435362353259244,0.4757182926275991,0.5598683402095661,0.8979911451234691,0.6636417424746689,0.8097221275628972,0.6182986292318343,0.4764983946829152,0.6236173190663229
0.0,0.5901047929908951,0.4544744841258779,0.36040185581795503,0.4776726960770009,0.5166531998407319,0.897144598609971,0.6817617040159751,0.8082510082501988,0.6332196931501942,0.4888899719988621,0.5867985010609965
0.0,0.6050506785775639,0.4521513637789441,0.3448853278403756,0.4760873471958567,0.5580147372065691,0.9225409940149162,0.7418977886251019,0.8053453082129214,0.6302504051828204,0.5622121313563985,0.780531852453835
0.0,0.6206837313176431,0.4491775841948056,0.35551651350368313,0.4746040928879604,0.5007106221556462,0.9373555580011348,0.7947563050070259,0.7984455055537156,0.6143051403358295,0.5940853694344511,0.796060393960603
0.0,0.6131248926301325,0.4448372684377957,0.3376164182467976,0.4772572597462896,0.0,0.9280435463526548,0.854944160934842,0.7906312870664622,0.5865822367884984,0.6257814786343822,0.8190052169184493
0.0,0.6400962034014772,0.4410713796453076,0.33495039789568903,0.4774584012852572,0.5000862178742466,0.9424348370821236,0.8629613194290366,0.7820710501855572,0.5581509089499573,0.6296278188954173,0.8252735731603437
0.0,0.6474832503006356,0.4365895134894671,0.3136261976743487,0.4747554052996265,0.4897631456041609,0.982139278775364,0.9604984838399528,0.7728491014546066,0.5151336710256856,0.6661590631596839,0.9682920024289776
0.0,0.6450781652637005,0.4334670375626106,0.2994869139863591,0.4745671774000553,0.4642029054282744,0.9917264449652068,1.0,0.7631853556010022,0.4793014570015214,0.6834386093236637,1.0
1.0,0.6311630304071464,0.42963925288166704,0.27938782685749936,0.47291328139076205,0.4607621003962426,0.9801526858493262,0.8129576214777016,0.7555333827801156,0.4525623251943265,0.5452587797661113,0.9852430016758746
1.0,0.6400962034014774,0.4262419636484052,0.2388120349602464,0.4743458786437797,0.4702180565041403,0.970459811496672,0.7476739886103098,0.7505715039679395,0.4391791404731476,0.5446297798613264,0.9911473144711682
1.0,0.6284143617935062,0.4212530153190364,0.21015628336961145,0.4729126623071794,0.5253452837852189,0.9372270994304284,0.7976776865616448,0.7457870943503053,0.4338203773157588,0.5685608483593668,0.9875301483039975
1.0,0.6356296169043119,0.41788323800616256,0.1829835188908628,0.4744431183630498,0.5556750154945572,0.8943015130115296,0.643169883884328,0.7418327816878048,0.4381753692376968,0.5220972636987421,0.931280836089056
1.0,0.6162171448204776,0.4124180044112866,0.15997621495702755,0.4753882846432378,0.5388757240825669,0.8606072354999218,0.524842837068264,0.7420160272735923,0.4774239023035446,0.5121039334089289,0.8400325381527523
1.0,0.6261810685449235,0.4040143270648189,0.08799091158522453,0.4774778610498452,0.5186109138744001,0.8066040783922754,0.4571925153464983,0.7412462475853743,0.5075035988544812,0.529001769090226,0.7279881165007341
1.0,0.7103590448376569,0.4214255550337032,0.1560451291463994,0.4869672627762032,0.5114132232325521,0.875,0.5200798757488353,0.7418829473325261,0.5331189454716116,0.510050897057233,0.8308546570231132
1.0,0.3739907232434291,0.4406747389733701,0.23820376977182084,0.4398219077964319,0.5053634875405484,0.8937802907915996,0.4972487242067896,0.7402013513902552,0.5419385767617396,0.4987618845314497,0.8765318573272741
0.0,0.3849853976979902,0.4641354261864538,0.3528315260674425,0.4374412257808571,0.512369144536765,0.917205169628433,0.5054507802677319,0.736501912589212,0.5273840595487312,0.5027785881427189,0.9882357286645614
0.0,0.3975261982477237,0.4603373162864499,0.3162309863218702,0.4389676241252007,0.5096596523505879,0.9115508885298871,0.5313216478071149,0.7307846016993849,0.503047491442891,0.5154029937155833,0.8745864274685693
0.0,0.3896237759835081,0.4647639825350347,0.3224404252331248,0.4380613312396079,0.5214421968225953,0.8630856219709209,0.4411434065527695,0.7267611727951435,0.485190284366609,0.5203117381881213,0.717226674509227
1.0,0.2788180724961347,0.4687608360382547,0.3455993953553904,0.4287481654722064,0.5131753173616684,0.8537964458804522,0.4039272243177279,0.7266456180826533,0.4848518729257934,0.5037168167723023,0.7323336560062828
1.0,0.3092252190345301,0.4714321332376805,0.3690740783271954,0.42854881291329255,0.5272867998449015,0.8394388152766952,0.4504030766955107,0.7252884241262822,0.4792324644813454,0.4761832689736281,0.7857012717268521
1.0,0.3324171104621197,0.4665228244024675,0.3584666544669359,0.43122468418431853,0.5251000953183644,0.8172252533125485,0.4412765328008283,0.7213118288292379,0.4535925347955001,0.4711787036025809,0.7113471559231871
1.0,0.3193609345473287,0.462994747969153,0.3496542112675141,0.4334160375524159,0.5366103994503296,0.8086515978176146,0.454907181421492,0.7187990943346934,0.445341510835696,0.4283211980891188,0.7195641875888201
1.0,0.2989177117333792,0.4632565436055973,0.3671709867853384,0.4309316030045129,0.5264100148538639,0.7482462977396724,0.4046076473633607,0.7149657788920076,0.4325348821397901,0.4010593534236885,0.5806763108989547
1.0,0.23879058580999835,0.4596391898815173,0.3615277252151299,0.42723872752761255,0.5214161702315933,0.6480904130943104,0.40423785222986464,0.7141739254206609,0.4380713378013825,0.3995506603988375,0.4241518784389468
1.0,0.2831128672049477,0.4582493529569329,0.3411597131708563,0.4325583827173853,0.5211479752636193,0.6449727201870616,0.38407662155166056,0.7158277421768746,0.4477646673471671,0.4380472154112123,0.4041285573734651
1.0,0.24978526026455944,0.4546601514136941,0.29387222064910745,0.4321828495137923,0.5206008328711738,0.6044427123928292,0.352814140965905,0.7193937371516991,0.4628177783957765,0.4171456592693963,0.27096162955945113
1.0,0.2408520872702286,0.4554220914654885,0.2750300695062771,0.4309136380664916,0.5288301441786042,0.5568978955572876,0.3022483544116558,0.7260645036078865,0.4980042762611978,0.3797544090697534,0.000246984728110754
1.0,0.2855179522418829,0.4540405823253062,0.28366687141476105,0.4365322277585835,0.5343288437982006,0.6765393608729537,0.4066415205975889,0.7373230238171942,0.5581025424342951,0.4342462282585805,0.2495730494794721
0.0,0.3274351485998969,0.4531115948826052,0.30908824192695106,0.43798669147983615,0.5106591739309796,0.7357755261106782,0.446128244952296,0.7435785384388847,0.6053352013745908,0.4587350781280064,0.4138963621476199
0.0,0.3241711046211989,0.4514957382636822,0.3147145391698277,0.4413136991070764,0.5187807729432538,0.7338269680436472,0.3865616448487537,0.7470769309071372,0.6370624556056129,0.4065163738068646,0.0005308597133359074
0.0,0.3739907232434289,0.4500848433107381,0.3039322001942094,0.4474649833118151,0.4898602506154258,0.8554169914263443,0.5265734782930256,0.7541590049487976,0.6841953990088396,0.4663980284879597,0.12230532336119762
0.0,0.40852087270228493,0.4478556521656252,0.2747673585425278,0.4479741446170926,0.508345047918284,0.9037412314886984,0.6266696250277347,0.7557590726337273,0.6911996315213185,0.5176617130677823,0.6255856003945106
0.0,0.3964954475176088,0.4448526584699808,0.26709504563847203,0.45029515642506185,0.4977180408147788,0.8776305533904911,0.6832334886472892,0.7528531994162582,0.6684428910553709,0.5201417514807789,0.7823232672241031
0.0,0.3976979900360763,0.4419159970396493,0.2599398267687089,0.4504456956390693,0.5702850420198835,0.8749025720966482,0.7188373641002884,0.7495574553445392,0.6490963808073549,0.546516163527969,0.7509078309078315
0.0,0.4287923037278819,0.43986895039262697,0.2761556565480988,0.4505540710325645,0.6786987909172519,0.9134840218238504,0.7364322165520302,0.7474677000036878,0.6256285125073107,0.5693117601933322,0.9102425292334346
0.0,0.43411784916681,0.4378334296327351,0.2680939169599437,0.4511389062980826,0.622972402197297,0.9532346063912704,0.7567487611863031,0.7443038561916373,0.6088277248180959,0.6014177295248768,0.9869532265049812
0.0,0.4210616732520186,0.4378251571260177,0.2641517890848565,0.4533549650277081,0.5837122639447303,0.9259547934528448,0.6951852673618819,0.7396072930415805,0.5717363706488352,0.5602817264560079,0.7317832394976197
0.0,0.4019927847448893,0.4368525409472275,0.2571226219545546,0.4546781760772807,0.5892956246393398,0.9173811379579109,0.7030619037053473,0.7379451689978886,0.5737884922848965,0.5721079925789269,0.8300941966219153
0.0,0.4081772891255798,0.43534838439766205,0.2580433356428311,0.4516970600727518,0.5417783683505856,0.926344505066251,0.7423045632719474,0.7353660590084543,0.5706526628099853,0.6512250214566662,0.9954255088783036
0.0,0.4119567084693352,0.4347197367047495,0.27128503301246715,0.4521680500457469,0.5317562028872048,0.9197194076383476,0.7024110642703938,0.7297560549219901,0.5619289760918302,0.6465379877985588,1.0
1.0,0.365057550249098,0.43383895282149343,0.2718599020221824,0.4501233091800334,0.5310802803400612,0.8760717069368665,0.6829746320538423,0.7249413631446733,0.5550958327060183,0.6316988813012521,0.9934572779685186
1.0,0.3477065796254938,0.4333761735545481,0.282286274339628,0.44801470668372695,0.4850901182797539,0.8238503507404518,0.6613194290363142,0.7195350263958613,0.5412679694689697,0.6473898792465042,0.9618606484675284
1.0,0.3492527057206665,0.4300734166081601,0.2793429369763753,0.4482017470006664,0.4846620222776009,0.8164458300857363,0.6893942755713336,0.7134843860962838,0.5270293837895003,0.6704190306411408,0.9819536937993842
1.0,0.3411784916680982,0.4286274604480012,0.3057391331574937,0.44718827231975977,0.5002411144289779,0.7685113016367883,0.6615708897270913,0.7068416515370772,0.5021758904312382,0.6503092812171336,0.7568491877625371
1.0,0.32417110462119914,0.4260638283855385,0.33272488806908035,0.4450591949795304,0.5004942028924867,0.7716289945440375,0.6696989867613339,0.7031321476057968,0.4933843860399015,0.6653570349270143,0.9673544810594392
1.0,0.3427246177632709,0.4245011035787347,0.30688275502639073,0.44733488374744185,0.4833889023739754,0.7626656274356975,0.6551512462095997,0.6995859726068225,0.4791957933922689,0.6535530011003621,0.8551203184367657
1.0,0.3600755883868749,0.4194668220880233,0.24023500382276136,0.44743024075343,0.4939495707907005,0.8020265003897112,0.6292286073515273,0.6962636096235757,0.4678745493762009,0.6617070865201555,0.7902133639964233
0.0,0.3935749871156158,0.4165121140318413,0.18040560776511289,0.4478404383957492,0.4992913167015364,0.8164458300857363,0.6648546705125362,0.6934732093167799,0.4512281682996856,0.666420057078287,0.8916570844512599
0.0,0.3820649372959973,0.41431167612514974,0.16182487150419989,0.4501399971523215,0.5119444549251452,0.8078721745908026,0.6797943939057766,0.6885902620248228,0.4229914978217226,0.6494574468151346,0.975978534009117
0.0,0.37914447689400455,0.41302508857522013,0.15035905290660198,0.4497467417808916,0.5040945124533605,0.8277474668745128,0.6846461060572443,0.6827558159478886,0.3859095032872221,0.6547074646233662,0.9757435501842808
0.0,0.3815495619309398,0.4091329295205277,0.11416670617837622,0.4500715301342795,0.5018282094742592,0.7973499610288386,0.6748835145329488,0.677223545124882,0.3614335662285616,0.6471346057141054,0.9665410528719882
1.0,0.3885930252533929,0.4062744766846,0.10311139692178746,0.4509999076452861,0.5000355278359349,0.7564302416212004,0.6572738702758674,0.6739086564756394,0.3551819812661463,0.6313267010405658,0.9907892439322502
1.0,0.3485655385672565,0.4003772682714892,0.06937845622808635,0.44968099076366536,0.4911077758051502,0.7190179267342165,0.5693661711411878,0.6718446276770311,0.3588342530635526,0.5346188434157866,0.8577878103837466
1.0,0.3946057378457309,0.3964345590249425,0.04587409777541292,0.4555636498382243,0.500546102119403,0.6921278254091972,0.49457140744027794,0.6712272794267502,0.3610811072667118,0.4744123287143632,0.4975745641419715
1.0,0.4080054973372272,0.3923898366439825,0.012755569662495343,0.4535293615946336,0.4953263118551503,0.7166796570537799,0.5364839878707196,0.6745604420234068,0.3863150600336414,0.4918942966633243,0.6556361365928616
1.0,0.38309568802611227,0.39420011843225744,0.02734915112781483,0.4540384688751846,0.504960817612097,0.7092751363990645,0.42792692848162095,0.6760355666949598,0.39885022291598,0.3567312235141962,0.610849266340594
1.0,0.35354750042947963,0.3956465664954534,0.03389155165924489,0.4540448521891743,0.5074774218538457,0.6893998441153548,0.42927298276754666,0.6791743974157469,0.4375856036162529,0.3582174845315946,0.49209378407851706
1.0,0.3609345473286377,0.3966924974133703,0.04658461362669226,0.4549553419686878,0.4992213728086748,0.6874512860483238,0.4198653945714075,0.6799759040064846,0.4497697083954453,0.3504662925643484,0.5920704159526411
0.0,0.35079883181583915,0.3953156711201325,0.042866882120874236,0.453669848403897,0.503829260886381,0.6975837879968823,0.4435100954071444,0.6804075693073162,0.4597980731677137,0.33155281346346416,0.5763053655023409
1.0,0.3616217144820477,0.3954990203389999,0.0375397781847035,0.4533354806512924,0.4974264235026707,0.6975837879968823,0.4544634272612975,0.6793053829701967,0.4531470212212033,0.3415452486171422,0.6532949225783227
1.0,0.344098952070091,0.39396500321829053,0.03211864690436049,0.4548796386543614,0.5047481276006682,0.6866718628215119,0.4769617631831965,0.6775935795096135,0.4437631741926722,0.36713222548267216,0.6454087144400437
1.0,0.35011166466242893,0.39181019087584795,0.02090295418558835,0.4556110802400919,0.4992585930518706,0.6831644583008571,0.4975075808002365,0.6755966783524411,0.4404486151852151,0.33903683882328084,0.7007202016564632
1.0,0.3659165091908608,0.3902048612385367,0.036134110141199265,0.4575551510877681,0.4975073875087231,0.6738113795791114,0.4625471488795209,0.6721753119098679,0.4266665196411865,0.3478553948380029,0.5344256391789699
1.0,0.3377426559010478,0.3874694075123948,0.03617864636033392,0.4577719979759067,0.4978175479374623,0.6551052221356195,0.4818800384586939,0.670828039713401,0.426423954215988,0.3705675207414989,0.3623334533669426
1.0,0.3619652980587529,0.3855718387632128,0.09820941290619728,0.4570111711416582,0.4986572902425908,0.6590023382696806,0.4682419939353598,0.6708059380131204,0.4253060864772353,0.35728298591940444,0.3813467770975879
1.0,0.3738189314550765,0.3787970626392845,0.10146812964928348,0.4547290376974163,0.4985452810339288,0.6617303195635229,0.4599881665557282,0.6718744770274163,0.4353912238595539,0.3954056048536481,0.3411955347497301
1.0,0.4135028345645077,0.3763338501845071,0.12410286498501005,0.459678582800306,0.495537149604389,0.6539360872954012,0.4772280156793134,0.6729113051325948,0.4456775350194714,0.3653214486445578,0.4053655023406546
0.0,0.3887648170417456,0.37617942328387466,0.1026643814784774,0.4564809456151695,0.49426714716465003,0.6761496492595481,0.466252496117151,0.6743017177492001,0.4632138163080058,0.3518492749665627,0.317680950666186
0.0,0.3614499226936953,0.378233764729909,0.12393189577678736,0.4568553378164724,0.4961111908601376,0.6597817614964926,0.4214555136454405,0.6763319475730272,0.4827811661373128,0.3573443439226877,0.3056175729204175
0.0,0.3784573097405944,0.3768394151971539,0.13566204096546525,0.4551683317494969,0.5007214328997759,0.6683554169914262,0.4145403446490643,0.6792353878083377,0.5069211258816093,0.34761169550437626,0.18602808786460165
1.0,0.3873904827349254,0.3742010511965335,0.13165068164632893,0.4562484885167148,0.4980029594962418,0.6609508963367109,0.3949042230604246,0.6821202999752289,0.5267603962294606,0.3699569948092287,0.11776194437411833
1.0,0.3751932657618966,0.3696088296311624,0.1057973533661543,0.458508550038569,0.4996947709990631,0.6441932969602492,0.41393388063013065,0.6858501459752588,0.5524226076556883,0.3958819549417572,0.047679617637989086
0.0,0.4413331042776154,0.3663027060379211,0.07555103672689105,0.4628590413309549,0.4969292939063281,0.7057677318784097,0.4948672435470749,0.6898859389237941,0.5808874283849392,0.434346112099336,0.31273109407231525
0.0,0.4255282597491839,0.36267349158505213,0.06125051786209953,0.4647284607166951,0.4929360975740781,0.6777084957131719,0.5151172250573183,0.6925420353471201,0.6066416331360786,0.40758275898659735,0.2552348893619128
1.0,0.4086926644906374,0.36373087984250496,0.09241651561237506,0.4664228119940153,0.4887205311815599,0.6531566640685892,0.4774277050514015,0.6946518827161037,0.630120405964569,0.413257828654886,0.13761694965595644
0.0,0.4001030750730116,0.3644142916100971,0.1287667441011084,0.4652782055778832,0.4916694310157006,0.6800467653936085,0.6094667554174986,0.6980289953557257,0.6604631591304728,0.5491565590151701,0.8622478087236142
1.0,0.3769111836454219,0.3641495380956328,0.14373647010400414,0.4625291407546897,0.4901914578582051,0.6200311769290726,0.5999852081946603,0.6950303756642873,0.6618556154526565,0.5383132383153408,0.7956018878688872
1.0,0.38343927160281743,0.3611225256250537,0.1371795454585536,0.4595939294399313,0.482641697411642,0.6239282930631332,0.6598180607943198,0.6926659265001303,0.6688401317359761,0.5859398081909447,0.9950547852225348
1.0,0.4107541659508677,0.3590159990865329,0.13990012192879608,0.4592179468881692,0.4894236854593978,0.640685892439595,0.6485984764440501,0.6889187328670137,0.6782276960114791,0.574883299848958,0.9310361469041072
1.0,0.3994159079196014,0.35845361487815186,0.16350708687693288,0.4615175117417878,0.4927696449718564,0.6360093530787218,0.6340285481843059,0.6861254804693937,0.6889201927417692,0.5373593870965082,0.9665061390949704
1.0,0.168217478562306,0.5155373182627443,0.02966603113168481,0.4745184726809077,0.3147133598447017,0.18353831598864714,0.4678574069965236,0.9659562272182702,0.5377748420304204,0.4763144021271154,0.743230347131098
1.0,0.1366538952745847,0.5171374560107718,0.01751285724374857,0.474086852306645,0.362222570461672,0.1452223273415326,0.38613268249389865,0.9642331834655355,0.5297164572990556,0.4679265584766255,0.4611734889340781
1.0,0.15745301952198487,0.520349733319136,0.013209842886438672,0.4764623201374363,0.34363136351467105,0.1281929990539262,0.3628060054729676,0.9644842521509064,0.5302891310432448,0.447770734113793,0.3181794026995425
1.0,0.13099799306695847,0.5194100267435,0.0,0.4768088689018534,0.3575743056454047,0.10264900662251658,0.3565268841062049,0.9659746458570416,0.5249281444849738,0.4402084269306477,0.1321872675098308
1.0,0.1753329684364166,0.5223064998313633,0.00931758148064088,0.4789398102462226,0.3630677581454569,0.1679280983916747,0.4434657199911249,0.9700291152895296,0.5456550005470402,0.4974789495067221,0.4573280901264736
1.0,0.17642765918627967,0.5227122550891594,0.014548338173029196,0.4791761402773309,0.3431021271277957,0.17880794701986755,0.4626506915169,0.9710197879650908,0.5591668851349085,0.4623678411102949,0.5150653629503669
0.0,0.17058930852034293,0.5243920828057025,0.018778367889614844,0.4782572837239985,0.32081733403778545,0.16319772942289507,0.4097330079136154,0.9692947052329804,0.5627074829108304,0.4091881204449082,0.31594749707726555
0.0,0.17405582922824275,0.526591045914921,0.021644541603332457,0.4785507719721522,0.35667742094408905,0.15184484389782402,0.4508468308557063,0.9689668322638608,0.5887988901685037,0.45033694049727613,0.08261363636363615
0.0,0.18007662835249028,0.5348787311457222,0.03854852494051508,0.4795540708940992,0.2973842423963183,0.18401135288552506,0.5735892315657123,0.971742937248634,0.5841647919937369,0.5063967400093614,0.09259326660600399
1.0,0.1226965882138294,0.5416525423088809,0.049465030310141433,0.4768846453322296,0.3294684460357271,0.16721854304635772,0.5699504474521119,0.9735570925936892,0.5651596984925521,0.5023443119577018,0.4446663104311396
1.0,0.11403028644407942,0.5485949741117424,0.06307000654540787,0.4747462763679566,0.2759706260847695,0.09240622140896626,0.5518009023001261,0.9740261188170138,0.5219906760836556,0.488313960957441,0.3324239952751934
1.0,0.12506841817186642,0.5478474134125717,0.06217513476770031,0.4764393924519781,0.2983535175484729,0.13380603842634964,0.6965017380371276,0.9750517675573388,0.4837327955346808,0.5699328416400281,0.6260370672441431
0.0,0.15362160189746388,0.5489406883473542,0.06876282613974799,0.4763934035294185,0.3143226450846353,0.15827996340347664,0.6901264699356552,0.9725084252467744,0.4419990758963581,0.5660015974645474,0.6763270084601607
1.0,0.14960773581463233,0.5475635951767694,0.06499781492414686,0.4757285751946908,0.3319598822979548,0.14592863677950613,0.6240736631905931,0.9709501354078494,0.4091012019727495,0.5637483105514669,0.5099953612688036
0.0,0.17980295566502458,0.5468991866373214,0.055733885809511864,0.4759785426954701,0.38558306738166936,0.1873284537968895,0.7231121958435025,0.974774305433501,0.4329067800699423,0.6268026954506941,0.6929380839831234
0.0,0.21127531472359048,0.54632774596472,0.04989836304567993,0.476393209082947,0.415389311394025,0.2319304666056724,0.595688188743436,0.9752932321397648,0.4320019588883568,0.5229377710834663,0.6651940535883886
0.0,0.2390074803867905,0.5462296196387344,0.04298683675388243,0.4801657600829427,0.4089673638749676,0.3083257090576395,0.6381184823607725,0.9770926377369497,0.4553875303831586,0.5653036582118603,0.798502352499392
0.0,0.2463054187192116,0.5471931811705435,0.03949635346994601,0.47737160905633,0.4168175304612782,0.3101555352241537,0.6818208712373344,0.9746702867213192,0.4533688080306956,0.5501328792321709,0.8364957699189317
0.0,0.2550629447181171,0.5492083458823234,0.040360446168417885,0.4785506700160526,0.4150026909543377,0.3325709057639525,0.6590193033059684,0.9698930716661368,0.4547200793795288,0.5240053390173258,0.8448013076804131
0.0,0.24302134646962226,0.5508464174872243,0.04206587862620992,0.4808872474045496,0.4314847910203529,0.33211344922232394,0.7017898084461207,0.9640068289125427,0.43224539568866177,0.5514084302209274,0.8038479379735367
0.0,0.2576172231344645,0.5513053318239902,0.04080247617522975,0.4790423134225955,0.4338796136333679,0.34766697163769433,0.7849641298720516,0.9576826259678296,0.4062108035189416,0.553262683086693,0.8511850853747434
0.0,0.2771392081736908,0.5516956946081923,0.04169233003453782,0.4778360831018423,0.4348421859704584,0.3709972552607504,0.788610309888322,0.9532202726528952,0.3905163733475968,0.5564354630451874,0.8951662333819449
0.0,0.2742200328407224,0.5533031249956344,0.04907022393043492,0.4776653250965157,0.4227679688873733,0.3947849954254346,0.6771762443606243,0.9470069114653774,0.3608426420243551,0.5053134967837652,0.9997849051192575
0.0,0.2592592592592591,0.5562677516651151,0.05915910917728238,0.4793410814436098,0.4196942197627284,0.3664226898444646,0.7257673249020042,0.941890162284852,0.3342199602144321,0.5308940457618934,0.906416704770614
0.0,0.2464878671775224,0.559509835016335,0.06771964985982337,0.4812779549191046,0.4271687935895712,0.3408051235132666,0.6787885511426666,0.9364683851123228,0.3033343299950567,0.496055575849937,0.9186607732561082
0.0,0.2386425834701696,0.5646374126683691,0.08137341090608212,0.4804953982311113,0.41363324875813867,0.3531564501372371,0.6270763996745798,0.930308242831012,0.2769352036912404,0.5147808742570552,0.9330670634609852
1.0,0.2172961138478381,0.5711923295193704,0.09772607301416937,0.4817240470429313,0.3864768980783077,0.3444647758462949,0.7335626063161008,0.9226253177154032,0.2451889911294294,0.5609361254855841,0.9258126095028898
1.0,0.16839992702061662,0.5772693513939222,0.11524418015244592,0.4786728953060562,0.3370206908088548,0.2598353156450136,0.6578951261001401,0.9116645088252592,0.18090980133207674,0.5306990997734774,0.9835085313833032
1.0,0.14376938514869542,0.5805101565095634,0.12263356648097992,0.4789094069644206,0.3444364702013061,0.2148835105179824,0.635330227054212,0.9096107307582316,0.1754269054147909,0.5213566452659361,0.640760197775031
1.0,0.1543513957307061,0.5802747458434894,0.12447833499758193,0.4801654534194895,0.33324537090125034,0.2108120334765892,0.540056208860291,0.9122802984896624,0.1908920018645288,0.4692378292372749,0.8772613320685668
1.0,0.1716839992702061,0.5903752252870387,0.15033760830355355,0.4823187707155948,0.28853555166640943,0.2103596471386567,0.44936765032172143,0.9154264435545432,0.2173346716193912,0.478635112835455,0.8251914086320201
1.0,0.05546433132640016,0.6006226015827973,0.17206811530606456,0.4731136461296659,0.26744366431922584,0.1587876046143409,0.3457288662081209,0.9184932588670572,0.24095082205778875,0.4801856930661413,0.3105859805080943
1.0,0.0563765736179529,0.6120127358789946,0.19532065848092472,0.4727956241593684,0.28062110040047017,0.11619718309859176,0.24896087567487615,0.9235832023811871,0.2852729479779078,0.4962846234615496,0.3005138033682672
1.0,0.07297938332421068,0.6140846541326255,0.19545130045315526,0.4711154859675182,0.3110573091021786,0.12284820031298906,0.2479550329117665,0.9292281038998867,0.3332730262810032,0.4962180052735194,0.3113365868713946
1.0,0.06075533661740545,0.6198390772172817,0.2081409623789392,0.4699873267042088,0.3312326699435533,0.12793427230046955,0.19626506915169,0.932594243552734,0.3739224583445876,0.5233123846025852,0.2070654928387748
1.0,0.061485130450647685,0.6274540435240952,0.2198523776820321,0.4708112253849678,0.3551558046223835,0.17015607156452248,0.3220915612750538,0.9390563659002706,0.4309957507983508,0.5183415819295429,0.4772711205372921
0.0,0.07279693486590016,0.6317632566806926,0.2255386598543913,0.4723679058249409,0.33464948395972544,0.19608581106511105,0.2760076917387766,0.9385624086446036,0.4351827704724064,0.5013401425946644,0.4825379992930354
0.0,0.07681080094873177,0.6342285230061506,0.2215195247963631,0.4725787166166414,0.35573684435912656,0.18253669552126464,0.3027364839878708,0.9377682404096196,0.4316417583385007,0.5144667105153115,0.3861240582034449
0.0,0.07443897099069496,0.6356325669649281,0.2196771085767073,0.4725142872416855,0.3033627306324385,0.19307489649981194,0.3594778492715039,0.9359953556388094,0.3950370120240753,0.4889408271962859,0.4439098548255069
0.0,0.07060755336617403,0.638521809309291,0.22007751273546985,0.4715987132366702,0.2924759512602347,0.1689875799774182,0.35488499371348303,0.9346121034885844,0.3877024574037666,0.4853612385664646,0.3163267010808739
1.0,0.0563765736179529,0.6406495161995491,0.21917216220686192,0.4731940007958795,0.2838510624922763,0.14490026345502452,0.2635973670586496,0.9355953591689988,0.3932558934729576,0.4885765986730897,0.16425266041864994
1.0,0.05856595511767915,0.6448334417761319,0.2253768146847256,0.4697642152981982,0.3002982914855194,0.14753481369966134,0.30902300125730353,0.9415157353826179,0.45030684243707103,0.4615479050614511,0.1857030688785309
0.0,0.07097245028279514,0.6470397418622791,0.2251904477341276,0.4716588351240271,0.30738587289254965,0.1885585246518632,0.41487316026921095,0.9477037459044066,0.5011582068114853,0.5067313703978429,0.4287241684625538
1.0,0.07480386790731625,0.6484743321000317,0.2314743162757305,0.4716939272409089,0.35116294674959336,0.16710575837410635,0.28093336291694376,0.9499691887460632,0.5275540350080806,0.4798757617956039,0.21620808900917166
0.0,0.1029009304871374,0.6526679676093927,0.2416148026017756,0.4716397255728586,0.3752960293324732,0.21565675573955603,0.32906589749278936,0.9564414984173392,0.556197954874171,0.5021940222247199,0.3303763845035837
0.0,0.10089399744572164,0.6543775001867904,0.2469268887100551,0.4722668291321221,0.3171495881331886,0.27211140383891624,0.4188299681976189,0.9600342756672562,0.5601424667575234,0.5022804845766878,0.4401510215673503
0.0,0.10052910052910036,0.656531883347494,0.25010811898568913,0.4710422508778561,0.3274771730949634,0.2058602554470325,0.3184453812587826,0.960632915223653,0.557105748742888,0.4257437706394667,0.19395579612088465
0.0,0.10436051815362146,0.6541319435782862,0.24199082537669164,0.471644355214069,0.3337411228734159,0.2197595792637116,0.3377338954219361,0.9672474372053608,0.5928919954838897,0.44085300522586623,0.16263218563624576
0.0,0.10855683269476353,0.6544385778690862,0.2404212519366119,0.4717868825038536,0.3715602388146394,0.199474079639369,0.3164854670512538,0.975732645387038,0.6584844941934114,0.4210638413527434,0.059322741776508474
0.0,0.14267469439883226,0.6531374554432077,0.23208802100296835,0.4725079483345949,0.42424476266475897,0.2539444027047335,0.4365357591894091,0.9882129146598242,0.7571057542838184,0.4942262067081685,0.06515601783061017
0.0,0.20817369093231147,0.6529968459524635,0.22582816894052885,0.4771722536351096,0.3967122864125706,0.3636363636363637,0.5078692404407964,0.9954380491114628,0.8269286771774136,0.5495213147702578,0.1865141481035523
0.0,0.18482028826856395,0.6518294063644192,0.21628614487296005,0.4774145778503777,0.3964492045406944,0.31592787377911363,0.5591968049700463,0.9993991663093679,0.8981530245380854,0.5455851409179302,0.3336544250451514
0.0,0.19576719576719576,0.6514845464586578,0.2100748470334563,0.4750848923147608,0.4172696311545227,0.3230653643876785,0.6387397381850454,1.0,0.930516273621946,0.6327820264204569,0.7126429861529197
0.0,0.21784345922276968,0.6511075868741032,0.2047077021192537,0.4742154893790375,0.4201453966174802,0.34973703981968485,0.7282005768804082,0.9961854005565632,0.9358755720022154,0.6553076933757574,0.7589102950030095
0.0,0.22386425834701704,0.647828267285127,0.19561711136402216,0.4750255679961398,0.4089938256139552,0.3632607062359132,0.7610531765401967,0.9899797813143864,0.9038031098608592,0.6392159289748066,0.8457104017722284
1.0,0.2424740010946908,0.6478003914833916,0.19707431784327928,0.4770950877147237,0.3991780943736557,0.33996994740796416,0.7900673027142959,0.98295041460211,0.8741178295681926,0.6560619140187768,0.8321155917755598
0.0,0.22258711913884324,0.6468061356561701,0.1976981894185714,0.4785653343745569,0.4038052000075664,0.3392186326070627,0.8999926040973298,0.9772513799062932,0.8652102176390277,0.7178663349292791,0.9860246751828792
0.0,0.23353402663747505,0.6509853229404681,0.2081857291120326,0.476220900952381,0.40425686561714186,0.3433508640120213,0.7834775534353966,0.9690057541740388,0.8405178963172133,0.6389752386954207,0.9992632448482957
1.0,0.21419449005655886,0.650628649890808,0.20571426954447564,0.4775798173529137,0.40013015500660176,0.3313298271975958,0.7515864211226979,0.9648775389071332,0.8352981774489907,0.6682315969669332,0.9735161352285808
1.0,0.22532384601350094,0.6539268874980912,0.21120942570055407,0.4787737425505799,0.39925377610961815,0.31592787377911363,0.6826640041417056,0.9595069499448194,0.8104114048638955,0.6610562481027852,0.8525478030919451
0.0,0.2189381499726329,0.6565598007624742,0.21880761650347874,0.4783799462588682,0.4011121874349565,0.3456048084147262,0.7504696398195396,0.9558758349414151,0.8034206338065615,0.6732771537196911,0.948975378103545
1.0,0.19941616493340608,0.6629053277066719,0.23663062569489499,0.4794814991531253,0.4082574999689713,0.3196844477836213,0.7357961689224166,0.948230423414357,0.7579873497641254,0.6660294058782708,0.8235946936457946
0.0,0.1975916803503009,0.6685576559097344,0.2525334766737669,0.4795830499718546,0.4045783171612429,0.3463561232156276,0.8249833592189929,0.9428734556706851,0.7246886815366796,0.6708379634753469,0.8505908452936114
0.0,0.18263090676883756,0.6685823074149679,0.2556132709661303,0.481599404625346,0.4039252764618087,0.34147257700976696,0.8578433547814517,0.9380143071680124,0.6852793304497611,0.7172561088782302,0.9754141627415956
0.0,0.22258711913884324,0.6658218739179547,0.2538132651144986,0.4827494053222462,0.40112563500636617,0.3429752066115704,0.8110568744915314,0.9323978495691684,0.6747844083878811,0.6460043760950248,0.997576621525302
1.0,0.2218573253056013,0.6619688305505638,0.24443324183811865,0.4824149183369839,0.3852156750679712,0.3215627347858757,0.7811404481917017,0.9270609228900372,0.6934228214586755,0.6320519520935812,0.9417225150194116
1.0,0.19521985039226414,0.6601687419333109,0.24094334789446106,0.4823263883416254,0.38264647348351294,0.27535687453042845,0.7301235115745879,0.9218874842447646,0.6776321097256499,0.6232145252307764,0.9164768907107396
1.0,0.2244116037219484,0.6602636653293401,0.23916531485754824,0.4822904154986905,0.38589520574932296,0.2873779113448535,0.6981732120405298,0.915791474032268,0.6475725670804928,0.6058514823166734,0.8623578832016805
1.0,0.21857325305601166,0.6588693761217992,0.23820199390416305,0.4852327499769939,0.38782170431293,0.2806160781367396,0.7329117668811477,0.90888145549624,0.5835942015669809,0.6268816111946875,0.7867677275010263
1.0,0.23499361430395896,0.663351597705732,0.24841162435699066,0.4836431386225948,0.3777188567562728,0.29977460555972946,0.7947563050070265,0.9016002129805992,0.5376769947051877,0.6213766628437476,0.8398931555636728
1.0,0.1994161649334064,0.6649679614328075,0.2508893917701163,0.4830653581124686,0.3809581165471338,0.2798647633358381,0.8369425338362545,0.8938390085606294,0.4745837397075599,0.597019997389189,0.8827748360072696
0.0,0.22295201605546425,0.6680971889923164,0.2553702241248576,0.48228179048549297,0.3828724419542403,0.2866265965439521,0.8278529694549224,0.8833824330015678,0.3850362290046143,0.5932183241050552,0.8544582968795561
1.0,0.21802590768108004,0.6673278878719264,0.2548723821809969,0.485396400811879,0.3774991820064661,0.2836213373403458,0.9530729975593524,0.8746893230241715,0.31506224766218105,0.6067634599709493,0.90215108508878
1.0,0.20817369093231147,0.6657309532514333,0.26540566542351235,0.4837566201758296,0.3608923437195981,0.25018782870022555,0.8252348199097705,0.865041096755385,0.2586108732947794,0.5667346229152864,0.9713827881987004
1.0,0.2298850574712644,0.6647686500665637,0.2785217281536224,0.4863341380831474,0.37575348538690606,0.2377911344853496,0.7544190518452782,0.8606649628885201,0.2377725153455347,0.5582141075024853,0.9754761335564596
1.0,0.2236818098887064,0.6618724720082811,0.2824560958461366,0.4874485600509268,0.3736660351287136,0.2377911344853496,0.7356112713556692,0.8562574872527657,0.21275711436046288,0.5500945643765001,0.890476383211236
1.0,0.2488596971355591,0.6652099946096688,0.2891830659661213,0.4869294096490757,0.3758019431345411,0.2415477084898573,0.6560757340433402,0.8521796049752639,0.1808000604998881,0.5533218393064963,0.7218197272028172
1.0,0.2401021711366537,0.6680612753714089,0.2945047383243981,0.4862763248744815,0.3713682580576736,0.2749812171299775,0.7007100066563129,0.8514036892617283,0.1723124491739088,0.5912307212411785,0.8827255433682767
0.0,0.2448458310527273,0.6730620202164173,0.3072690888906081,0.486960954939819,0.37321487708395706,0.2903831705484597,0.693669107314548,0.8484702999452769,0.1487389808408771,0.5843936395829128,0.8847290241631928
0.0,0.24265644955300114,0.6738861359773902,0.3114315113994903,0.4865745981245141,0.34433682205552346,0.2794891059353871,0.6523851786110492,0.8454462041995818,0.12641718800135465,0.5475174605900363,0.931335249119682
1.0,0.2236818098887064,0.6755916752723832,0.3185097505477327,0.4834966540781514,0.3691869224754246,0.220886551465064,0.5765032172176615,0.8399989993318668,0.09430049317434892,0.5475044127153441,0.9215298687567512
0.0,0.234628717387338,0.678826250779438,0.3268285235061929,0.4851727038738366,0.3303449905550421,0.26258452291510154,0.6138451297980918,0.8371562607982048,0.08198909451940589,0.5699026929339495,0.8554715333164777
1.0,0.20817369093231147,0.6822701184850213,0.33975603678432204,0.485064980503177,0.29469782339262424,0.21900826446281013,0.4292212114488571,0.8350217057710052,0.0704896720786401,0.5021915594353031,0.5836991748454259
1.0,0.1961320926838167,0.6842242762371651,0.3475937029621021,0.4830544516574692,0.3203313831750978,0.1844477836213375,0.3809703424302936,0.8385700291026337,0.08486280859679074,0.476582722861989,0.5874704491725764
1.0,0.21601897463966427,0.6860395904183809,0.3529043371566036,0.4820291273213557,0.3272626982491093,0.21074380165289286,0.4386435914503368,0.8392658506746571,0.08202002779702383,0.4592191909199774,0.6950723660648456
1.0,0.2112753147235906,0.6890273519533796,0.3565776767233557,0.4850480145705638,0.3578435679315642,0.20360631104432766,0.4665113527105982,0.8349270532899362,0.042016122367831865,0.4771991427285857,0.6630290517622774
1.0,0.2262360883050537,0.6944877883966121,0.3613790830979717,0.4872670143370994,0.33085132201390777,0.24943651389932384,0.5732564159455661,0.8339710482938059,0.03675345886348708,0.4908034966691314,0.7838287652474358
0.0,0.2068965517241379,0.6980559712123018,0.3650021763460584,0.4885280467130555,0.3258149865229125,0.2366641622839972,0.4273056726573482,0.8311139455407304,0.013448029185500364,0.4636253599953506,0.7803948005983109
0.0,0.21382959313993785,0.6989658207119462,0.3604370667642812,0.4892864522713674,0.3103055640828153,0.22727272727272746,0.3673249020042897,0.8306379964024624,0.01970395269747266,0.47839828701739295,0.5742227671861407
1.0,0.21455938697317994,0.6995248719813976,0.3579460821722039,0.4889429921207033,0.3081628806397981,0.19421487603305795,0.30201908142888834,0.8299561332870204,0.0,0.489900365185132,0.4548690768135429
0.0,0.2101806239737274,0.7066786125369413,0.36785137296049175,0.4885659967038499,0.2806087306390008,0.20473328324568008,0.2515124620959988,0.8333949697766576,0.010952593130705124,0.5098384693197302,0.3312960859610222
1.0,0.14833059660645864,0.7250005388285228,0.40721466514474697,0.4844927334946813,0.28575065920622505,0.16416228399699492,0.1561570889727088,0.8392476771894204,0.0351752625898471,0.5275275249401644,0.29006031562422474
1.0,0.05947819740923178,0.7409840238569392,0.44331736452143056,0.4785339554851367,0.309800061706936,0.14312546957175065,0.0,0.8454555801739461,0.06043861289644802,0.4532209385115417,0.03703982874544067
1.0,0.0996168582375478,0.7524853145959702,0.4699039382469339,0.4800023112386325,0.3127505586952482,0.19534184823441034,0.07221359366910696,0.8559028663829801,0.10755230595308383,0.4363354551575525,0.0009082217973226717
0.0,0.1070972450282795,0.7551837048317056,0.4737993432278185,0.4810176124962007,0.30199020527271986,0.21149511645379426,0.1309814362842982,0.8645243302884129,0.14250466704533832,0.4094945963180941,0.0862495860209112
1.0,0.09031198686371106,0.7594943049614353,0.479902762468473,0.4825179746957302,0.30915137063980225,0.1934635612321565,0.07996449966718439,0.8714924588387303,0.1910563831390304,0.4308184462664726,0.045740260129914605
0.0,0.09377850757161103,0.7635484294596759,0.4786680610669645,0.4812082706988303,0.2978679865656129,0.2006010518407214,0.11587900303231975,0.8804721087532108,0.2503516402644739,0.4023566134467396,0.01328732221756342
0.0,0.09377850757161076,0.7668537637699613,0.4778872868856936,0.4810683945817085,0.2823001827193907,0.19308790383170554,0.12881443680201116,0.8886889897829133,0.3047879842281779,0.4078952861010608,0.04418357145160709
1.0,0.07735814632366332,0.7684871587478042,0.4741362733265727,0.4822582249642355,0.2899949983567163,0.16341096919609324,0.13382885881221795,0.8979944140117571,0.34813892122925083,0.410182159107548,0.06113135743541754
1.0,0.0999817551541689,0.7706248614159129,0.47756585118180794,0.4814064359264514,0.2782164960958346,0.17918858001502647,0.1684860587234676,0.907676921446104,0.3893197828435302,0.4265211788022129,0.10060926584359263
1.0,0.09286626528005833,0.7740196588165502,0.4842421734739629,0.480178371177192,0.26703690786453577,0.16040570999248702,0.2071592337844831,0.91460482992724,0.4100124390849291,0.3964688224632563,0.1780092551233719
1.0,0.06039043970078456,0.7798019058834216,0.495765793445642,0.479404098022557,0.3291289822645594,0.12246431254695735,0.19076991346793928,0.920137918157129,0.4138841267096592,0.3733479584156051,0.036448748414301714
1.0,0.04670680532749494,0.7875304859963448,0.5104174323454547,0.4810607703182218,0.3276333292862164,0.10180315552216383,0.2889505214111381,0.929280400833388,0.4502574690089365,0.3759303420394178,0.17973777348777348
1.0,0.021164021164021,0.7945516127614556,0.5182444133102175,0.4811629357360798,0.3356596833532876,0.07175056348610083,0.33863619554766605,0.9353244032554956,0.4756162816417734,0.4060632860863012,0.3299549549549543
1.0,0.014413428206531518,0.8003953611482206,0.5271404579919832,0.4841619804241898,0.3190889500986556,0.0702479338842977,0.3381480659714513,0.9383504048901591,0.5108852909125837,0.4050355454066487,0.3069095881595875
1.0,0.008210180623973662,0.8041176518123518,0.5296657049298262,0.4825769886454676,1.0,0.03831705484598059,0.3433325937430667,0.9423097861275632,0.5318405175834011,0.4086371047375167,0.2005509974259981
1.0,0.0,0.8054074122151387,0.5318167071264726,0.4806728501031794,0.3032441252147234,0.005634861006762047,0.2669846904814732,0.9478640005749116,0.5713986829908555,0.35935914387148205,0.025619369369370724
1.0,0.05838350665936881,0.8096843416649118,0.5316978369782113,0.4849657951888721,0.32802536530161164,0.06414219474497697,0.446490644183122,0.9584673569295374,0.6354690214293552,0.4751096556358057,0.2700783421784172
0.0,0.04451742382776863,0.8105880225998612,0.5277626510906996,0.4872202928684951,0.30275230122608066,0.06298299845440505,0.4447008357370017,0.9619795705381846,0.6693595860920043,0.4733131311011958,0.2508264570372482
0.0,0.07188469257434749,0.8146195399769565,0.5292716526313289,0.4906019608254937,0.30269158004406393,0.0583462132921174,0.4887064566230309,0.9671294106476818,0.7111562743743107,0.4756605572517622,0.07945729568882845
0.0,0.05473453749315793,0.8138902210466545,0.5236464450863685,0.4919556268186202,0.3008315324073726,0.040185471406491466,0.4855705938909846,0.9713214118514396,0.7628789460077359,0.4723610716342165,0.15756845796875402
0.0,0.1018062397372742,0.8172047685196007,0.5287094225580556,0.4945174622739629,0.14536153375568447,0.07407407407407404,0.5866577915834625,0.9752402612925511,0.8135532733047379,0.5566430795231213,0.5391184573002739
0.0,0.09250136836343736,0.8230614214843128,0.5446352101995798,0.4968589718965938,0.436831443452558,0.060428849902534026,0.6574735596479548,0.9750037360267972,0.8394348380337244,0.6231579688263259,0.7759543486816206
0.0,0.19303046889253767,0.8318520802941523,0.5683744254688434,0.5108308745868884,0.4839587035442267,0.29899497487437193,0.618038606611937,0.9713988690818188,0.8250225646647342,0.6113639347127645,0.6941106400868854
0.0,0.2983032293377121,0.8363849808707431,0.5812937097438242,0.5205245462351766,0.4896942350524318,0.5322445561139033,0.6686709562902153,0.969118865965172,0.8176933839555965,0.6602203586592442,0.6614231160004196
0.0,0.3247582557927384,0.8331863555200938,0.5689691169292205,0.5201740918662618,0.4968592650674865,0.5649078726968173,0.713578877301975,0.9646939848200328,0.7929329454279495,0.6961903104313172,0.8513124721933852
0.0,0.32986681262543344,0.832879784438437,0.5575116098493148,0.5206955411806184,0.4836663947138796,0.5414572864321612,0.7708453516751724,0.95858638457363,0.7724165449227303,0.7357706982580559,0.8047802500196558
0.0,0.3240284619594964,0.8323890073835045,0.5456548851708172,0.5202088226941247,0.4912297873898448,0.5820770519262985,0.8204200872716518,0.9527090715633622,0.7515679650025702,0.7237981299003231,0.8399103040429139
0.0,0.331143951833607,0.8343009551236067,0.5439756156989204,0.521003397192276,0.4917862320357851,0.5636515912897827,0.8268619184971522,0.948652425308146,0.7474753709964279,0.6852986038760843,0.867078379314325
0.0,0.3189199051268017,0.8368868558406661,0.5534771083831367,0.5231963609612744,0.4936793392937183,0.5527638190954776,0.8073663190592409,0.9445955063348932,0.7393558643255029,0.628954903970663,0.9296988990582298
1.0,0.2939244663382593,0.8362818423027121,0.5555624417301899,0.5203592589834847,0.4956800722358634,0.5603015075376884,0.8225057318245693,0.9396890701685016,0.7347119258130155,0.6383583639466672,0.9797005939305192
1.0,0.3121693121693121,0.8384781999433821,0.5648837186655107,0.5222987963087461,0.49805255793535297,0.5029313232830824,0.7601360846091261,0.935454382072444,0.7502002745064351,0.6232223505963187,0.8838075810245403
1.0,0.2784163473818646,0.8428282159037122,0.5754578475844472,0.5220953257199328,0.4974539612342657,0.4970686767169182,0.6648546705125362,0.9312307901631836,0.7570928333860463,0.5337027713136232,0.8809766657646587
1.0,0.249771939427112,0.8544580932249679,0.6058819936343669,0.519194416094781,0.4990324686015824,0.530988274706868,0.7661637452851127,0.9271285400807516,0.7668124868874411,0.5457876060810919,0.8966299619075376
1.0,0.22769567597153798,0.8611804179796816,0.6257965096780539,0.5204151336836561,0.5005639685064294,0.4953177923889223,0.7417942459877228,0.9190532726794192,0.7337204207802088,0.5753120792485822,0.9984071133089248
0.0,0.2809706257982117,0.8646308282090649,0.6397411584088613,0.5231918951948731,0.4968210843513602,0.5888183980967484,0.7234524073663189,0.9130318330052992,0.7265570214615833,0.566523466788941,0.951028817454238
0.0,0.2660098522167489,0.8656413866240626,0.6465249060941518,0.5252824270095704,0.5017577435970693,0.5860023724792409,0.7308039346202206,0.9070424114215332,0.7104099089981188,0.5740219342627292,1.0
0.0,0.2599890530925013,0.8651979079481329,0.6492742020766551,0.5283226206009968,0.5045810898179881,0.5765765765765765,0.7444937504622443,0.9006595985613328,0.6949860362815032,0.5830675169226079,0.9333352229245216
0.0,0.2893632548804962,0.8634488666327265,0.6495631364099959,0.52807576928162,0.5008457409147159,0.5903238392508778,0.7426891502107833,0.8947728562089696,0.6888081236410104,0.5807904778551318,0.9813017960893028
0.0,0.2822477650063856,0.8616046225595891,0.6491247566623656,0.5309387943616727,0.4998377128725411,0.5813499804916117,0.7303601804600252,0.8890208702303108,0.6853363033573627,0.5746729632740272,0.9100743337160808
0.0,0.277869002006933,0.8637949958051667,0.6590722817745487,0.5304713456532096,0.49769087825727,0.5829106515801795,0.7643221655203019,0.8822572588595003,0.6735033990550527,0.5524728126281357,0.9902909904868488
1.0,0.2623608830505383,0.8624440464591947,0.6543759690036863,0.5324440674291776,0.4981122216000542,0.5747171283651973,0.8203757118556321,0.8741773368154366,0.6324712416038769,0.5829905688356279,0.9531652580124736
1.0,0.2820653165480752,0.8606607071504331,0.6575118496518917,0.5346391843198769,0.5003993960392565,0.5587202497073745,0.7930404555876052,0.8665053140425802,0.6031238902059971,0.6206796875431759,0.8918802075145426
1.0,0.2886334610472542,0.8571917606611836,0.668382764282268,0.5354542881426572,0.4975704833534109,0.5739367928209134,0.7806301309074775,0.8616540041520422,0.595967828955443,0.604200032592397,0.9369595975475556
1.0,0.28078817733990136,0.855066938206666,0.6904412082003888,0.5343683473898979,0.4933594806452909,0.5501365587202496,0.6876266548332226,0.8555755407754102,0.6021609191287939,0.5859200167891484,0.9704022569191108
1.0,0.3004926108374383,0.850960391076141,0.7016689928865503,0.5329885241566841,0.5012428675717622,0.5610612563402262,0.6708897270911915,0.8514465848677804,0.6144179052108758,0.622570703738807,0.9316357799503854
1.0,0.2930122240467068,0.8457521003327909,0.7016548003330527,0.5317238194230972,0.5012677383395411,0.5064377682403436,0.5838769321795722,0.8461853456884032,0.6188271144012567,0.6123009738423506,0.6840799649788403
1.0,0.288633461047254,0.8456464615789336,0.7039078312999338,0.5309516280772746,0.4934088401203746,0.4724931720639876,0.5562088602913983,0.8442159964577078,0.6497263651555003,0.5921101929412425,0.5251228172576485
1.0,0.2536033570516329,0.8489964271884558,0.7117339388237476,0.5305275214988661,0.4992585929776437,0.4510339445961765,0.5484283706826418,0.8446077320928074,0.679297805871445,0.6341072507452844,0.5130113332360532
1.0,0.2457580733442801,0.8549500003155996,0.7160215458892244,0.5296857662875344,0.4926679831916504,0.4533749512290288,0.5671178167295315,0.8459205816643038,0.7065752197495309,0.6502409881771394,0.65491998638066
1.0,0.23116219667943802,0.8570301918850665,0.7033259364072761,0.5316549182393681,0.498654335711336,0.4401092469761999,0.5340803195029956,0.8447595283257596,0.7173942151001944,0.6717813023515972,0.5833211732088142
1.0,0.2417442072614485,0.856235156112005,0.6839385574475474,0.5291918124042977,0.5002812465790382,0.4455715957861882,0.5745506989128029,0.8431337143024984,0.7434268879578344,0.6573904725117052,0.6496181720900832
0.0,0.2824302134646962,0.8547987982048291,0.66200634052213,0.5304672049491731,0.4986436118346122,0.4966835739367931,0.7131499149471191,0.8405364801847419,0.774798004167746,0.7426625532006522,0.959628386594678
0.0,0.2700237182995802,0.8532493758407873,0.6568719377658465,0.5326021173573999,0.5001432651960555,0.4775653531018337,0.5955180829820281,0.8328772745362567,0.7568378501405033,0.6925557354826936,0.8860370296103192
0.0,0.2804232804232801,0.8525944884745678,0.6563107002383322,0.5301492784270974,0.4994169465523706,0.4896605540382365,0.6255380519192371,0.8304208940963862,0.7626891938005433,0.6811072320139945,0.9600628300247316
0.0,0.288633461047254,0.8523166175881339,0.6596876718817302,0.5310984899446326,0.5007492754575913,0.4841982052282481,0.5983433178019376,0.8260905752781096,0.7592585837042689,0.7017671872999766,0.8817749492971524
0.0,0.285531837255975,0.8492974540456073,0.6532487268926335,0.5308159232080413,0.4970930934131454,0.4939523995317987,0.6128097034243032,0.822833058849679,0.7759377750307401,0.6728157387538778,0.9362141408287464
1.0,0.2919175332968438,0.8438123195686741,0.6357228774345792,0.5312590691283977,0.4988414615345079,0.44713226687475655,0.5701575327268694,0.8190197301552955,0.7847695360901157,0.6312405310887711,0.7672060753051562
1.0,0.3282247765006384,0.8363220516986676,0.6202791881029701,0.5320281281558461,0.4999236193612617,0.4580569644947326,0.5707196213297836,0.8161105788631888,0.7804093036528299,0.6320004920234938,0.7905848674008985
1.0,0.3510308337894543,0.8295376626106791,0.6058263464752951,0.5311561271113839,0.4999923842705089,0.4802965275068282,0.6213297833000516,0.8129332774717672,0.7790900962639051,0.6822286083862201,0.7314222098524905
0.0,0.3822295201605544,0.8237693023382748,0.5951048232397811,0.5313344343711401,0.4982727679766959,0.502536090518923,0.6085644552917681,0.8094334309754299,0.7703770670617154,0.6713719465247588,0.6533736233151753
1.0,0.38095238095238093,0.8221253064177181,0.590060013841335,0.5310202066249056,0.4983818276423391,0.455715957861881,0.5488869166481769,0.8089868413648118,0.8059440346547709,0.6071071068235205,0.3633258618849397
0.0,0.37766830870279133,0.8176788602247029,0.5795848713869434,0.5307740754273415,0.5016195200128528,0.5017557549746392,0.4929738924635749,0.8108468727976899,0.8513247668957573,0.52829349904442,0.3682712491550128
0.0,0.4095967889071335,0.8140008673490002,0.5739849347794148,0.5347378066970869,0.5043731587670977,0.4678111587982832,0.5655129058501587,0.8130328089626107,0.9062476357432052,0.569397939384487,0.5095883587718352
1.0,0.4194490056559021,0.8128029911075183,0.5675071342691895,0.5359741932180679,0.5038379509889828,0.4650799843932893,0.6181051697359664,0.8117741825237106,0.9504725168740636,0.5930165694712118,0.6802220087522673
1.0,0.3818646232439336,0.8210435631325486,0.584430166836119,0.5314766983848536,0.5025202702789601,0.4795161919625442,0.6554322905110566,0.8088814027625209,0.9609695721602602,0.5826900991314816,0.7125630571487787
0.0,0.35613939062214905,0.8316117454097274,0.6051911687307144,0.528539571516805,0.5033312882635218,0.4939523995317987,0.7017528289327717,0.8051359488162293,0.9653627082654632,0.5819447703814165,0.7861860908224834
1.0,0.3264002919175332,0.8364531782833855,0.6233331186677004,0.5285184935563677,0.5052981396360935,0.4490831057354665,0.7108128097034248,0.7992627639742649,0.9304957851268424,0.5901282507606921,0.7383639509020521
1.0,0.3364349571246121,0.8387457581106661,0.6338376772868319,0.5260285214719445,0.4993419085033468,0.4619586422161532,0.7999186450706313,0.7954739546740901,0.9389621822957824,0.6028244236154822,0.7998795798675384
0.0,0.34263820470717016,0.8404887662971771,0.643663299291969,0.5268716036052371,0.4993110588989148,0.4904408895825208,0.7876636343465724,0.7921003899311554,0.9563260911480138,0.5733965259571362,0.8835617845913568
0.0,0.3413610654989964,0.8414403554348819,0.6482844085534052,0.5267626844315515,0.5016868512429344,0.498634412797503,0.7625101693661709,0.7877437891863956,0.9969462185040529,0.5272149503642243,0.9148599494461678
0.0,0.35249042145593845,0.8425711145020025,0.6487329623480842,0.5243773313100212,0.5038290007929132,0.5037065938353491,0.81213667628134,0.7799557882082382,1.0,0.5581244195644273,1.0
0.0,0.3243933588761174,0.8426283046726311,0.6481687051264041,0.5245776261999733,0.5005237569592476,0.4631291455325793,0.8544782190666376,0.7714321997123585,0.981718252016592,0.583751933567645,0.8772865527138758
0.0,0.3444626892902753,0.8434664037800261,0.6489811161992752,0.5233374039952543,0.4926905602077531,0.498634412797503,0.8740551734339176,0.7670314138677989,0.9575960168657374,0.613947009105651,0.9504410212370052
0.0,0.3669038496624705,0.8414698162646941,0.6468604025030712,0.5223778642495973,0.4913485389539299,0.5349200156067113,0.7888617705790995,0.7616542934730803,0.9250367284863056,0.5573360206626112,0.9559843400447432
0.0,0.3860609377850756,0.8383828854299091,0.6413412107720662,0.5209909548022766,0.4927981352669623,0.549746390948108,0.8516012129280381,0.756325821948107,0.9077656822167957,0.5330125410979605,0.95909768829232
0.0,0.3878854223681811,0.8338220814282655,0.6311515151273547,0.5211632929937571,0.4939287652243297,0.5325790089738591,0.8640115376081652,0.7486278126108361,0.8637121442328562,0.5393669653842977,0.9592917362975756
0.0,0.4128808611567231,0.8284470073300683,0.6202036263674324,0.5205139397343402,0.4929036298345248,0.5505267264923918,0.8499223430219658,0.7412936716016005,0.8288301003609693,0.5829639819407041,0.9445706667668092
0.0,0.4307608100711548,0.8236603563340976,0.6088191061157868,0.5226997332784585,0.4933953341424034,0.5454545454545457,0.8843354781451074,0.7349592284097948,0.7969430607377048,0.5448887782496776,0.9847683274228232
1.0,0.4251049078635284,0.8196381819125249,0.6026792822956922,0.5219838925238011,0.4987550250235195,0.5267264923917285,0.7832260927446199,0.7272739503101866,0.7740954592870397,0.5310378322515632,0.8373561792821846
1.0,0.43860609377850734,0.818072267922084,0.5980935433587389,0.5199408559712796,0.5010657996957582,0.5341396800624268,0.7847348568892836,0.7223695172356823,0.7802109998505571,0.5318526072391608,0.8328340552195239
1.0,0.4362342638204706,0.8156839594169294,0.5982517975690942,0.5196437489388309,0.4974604996140213,0.5275068279360124,0.7957547518674658,0.7150142981080749,0.7745053560174604,0.5375803261028925,0.8116926482092777
0.0,0.4730888523991973,0.8143404383950101,0.5987011356479133,0.520512607166222,0.5029286713079637,0.5864221615294578,0.9046372309740408,0.7071164467757621,0.7370156060807775,0.5643058236249588,0.9585948978228932
1.0,0.4147053457398282,0.8123744960435375,0.5984898401330159,0.5129541734863478,0.4969334449901877,0.4580569644947326,0.8748613268249394,0.6949194804357028,0.6741932421714039,0.5530704776593676,0.9824309721652952
1.0,0.4174420726144865,0.8113275631601793,0.5906626787012874,0.5095913604497183,0.4934625054875009,0.4611783066718693,0.8979809185711116,0.6823138580319159,0.5671689739667771,0.5646605876845664,0.993641640571298
1.0,0.4077723043240283,0.8080226084734257,0.5862335151771252,0.5082454801659242,0.4995102620540561,0.4163090128755366,0.9845203757118558,0.6725138654778648,0.5167147170918793,0.6036185309034658,0.9712132279699844
1.0,0.4199963510308339,0.8039620665785279,0.5838081155300386,0.5098175897737913,0.5009378626971802,0.3983612953570039,0.8161896309444565,0.6630622474172148,0.4696198548321775,0.5124633293131329,0.962203860305984
1.0,0.4331326400291916,0.8014975980703727,0.5930034586985112,0.5078321132014311,0.5009826100007612,0.40304330862270776,0.8031876340507358,0.6574659664555011,0.4727883923082806,0.5082963553221135,0.9848906208484638
1.0,0.4110563765736179,0.8021879980904996,0.6003868340229148,0.5085500356005933,0.5028231594821362,0.35856418259851736,0.7343317801937725,0.6495661192653437,0.4553438322773919,0.4808275601150728,0.8
1.0,0.4095967889071337,0.80417204061817,0.6028109421551273,0.5083830962112778,0.4977086491176929,0.3698790479906362,0.7708083721618224,0.6448676195969316,0.4396736675124479,0.5089784232221323,0.8900516913031652
1.0,0.43258529465426,0.8060176608358782,0.5987764618891429,0.5077473358626409,0.4996972246424939,0.4116269996098322,0.8330227054211969,0.6352369636452586,0.4073283242858366,0.4950439065982821,0.9793597533327294
1.0,0.397190293742018,0.8076791616553399,0.5885863911353816,0.5065477252399663,0.5011740053334877,0.3374951229028485,0.9046963981954,0.6242545259812617,0.3546704965599685,0.5306200806673516,0.983891658114646
1.0,0.3694581280788176,0.8119310137804471,0.6062585660040041,0.5063879455887395,0.5024369105789959,0.2961373390557942,0.7578729383921305,0.6167622577097298,0.3296019351605704,0.4971696802356238,0.7811755509231684
1.0,0.3519430760810069,0.8171713392576465,0.6350768226379493,0.5077644532944245,0.4979918461649385,0.28599297698010145,0.6994674950077657,0.6170666911629206,0.3425946631016312,0.4532293035576046,0.786982578916021
1.0,0.3648969166210545,0.8198925097667287,0.6582911774203197,0.5096105121833253,0.5155899818642586,0.3257900897385874,0.7362473189852822,0.6178857213472506,0.3424877869187598,0.4754140561893678,0.9670562835020842
1.0,0.35595694216383844,0.8206540641526376,0.6502970746649286,0.5081486012805786,0.5154901632166287,0.2762387826765509,0.5894904223060425,0.6132602937095553,0.2987735330689682,0.4468572987343766,0.9601777699551176
1.0,0.3431855500821018,0.8216269131522038,0.6331794269717339,0.506234014950665,0.5136367573668417,0.24658603199375764,0.5890318763405075,0.6121686292351649,0.2928050813576341,0.4469243428916176,0.9050779510022272
1.0,0.3430031016237911,0.8239769501904153,0.6212368419687235,0.5062541931032953,0.5202131564146505,0.2543893874365976,0.5354929369129501,0.6111303390701976,0.3036599262867288,0.4185667279781891,0.9300445434298444
1.0,0.3231162196679436,0.8250843778122499,0.6209368852624775,0.5031350281127193,0.5173104855464381,0.2013265704252828,0.4436358257525331,0.6103766447847874,0.3287090374246249,0.4258950706479193,0.8232770883942837
1.0,0.3397190293742018,0.8267860729816907,0.6292930177824301,0.5017606239216985,0.5172629191311323,0.21264143581740164,0.4760150876414465,0.6090479232256021,0.3047205125114624,0.4406289133486939,0.8384339136544614
1.0,0.3329684364167122,0.8291934580037634,0.6444036832393105,0.5045477094571034,0.5109584782538077,0.20834959032383946,0.5112417720582796,0.6039779595566563,0.24493082083815004,0.457308940901581,0.7979168621563288
1.0,0.32092683816821743,0.8335618685546078,0.6588662738790959,0.5064542543267233,0.5082350057188453,0.1868903628560284,0.5054359884623918,0.5975368616077403,0.16353532178382027,0.4545951107433999,0.749160176409871
1.0,0.31727786900200683,0.8371441723396389,0.6663896007596768,0.5059927373004729,0.5072250370449832,0.18923136948888006,0.4855927815989942,0.5944928160487617,0.1391766879082536,0.44483597019264093,0.6173594820305899
1.0,0.30797299762817,0.8402698337318381,0.6757087859267955,0.5044630222299517,0.499777130072246,0.16113928989465484,0.3702906589749277,0.5936033513222354,0.1428485156942838,0.4445954196707744,0.5833911982734351
1.0,0.3118044152526911,0.8408110459260527,0.6697795027652289,0.5012913417893613,0.4502798471708781,0.1650409676160751,0.3334368759707121,0.5971903389877982,0.1855177773398051,0.4247663594191852,0.4812799099183637
1.0,0.28388980113118023,0.8415523558732825,0.6643760363095448,0.4962408668455544,0.4908807659711056,0.06359734685914954,0.09010428222764556,0.5991816563492591,0.18823969347952152,0.3530415974934084,0.14768271219933976
1.0,0.3222039773763913,0.845654837689203,0.6744922575008349,0.4982898215746662,0.4974659728711977,0.14124073351541186,0.2834109903113675,0.6071203277230974,0.2265357764330248,0.3919198943865884,0.401064709380757
1.0,0.31034482758620674,0.8533502178109749,0.7047217191350595,0.49681387803846394,0.4569239710272667,0.1564572766289504,0.3134235633459063,0.6067192613698198,0.2293892681090463,0.4086907176547804,0.3682530933143797
1.0,0.2835249042145593,0.8608564651378061,0.7352976137718833,0.4966894508922714,0.4571837384266821,0.13499804916113936,0.267176983950891,0.6065614444501006,0.24945968211772346,0.4359746232685392,0.3365729122847736
1.0,0.2893632548804962,0.8680277860761367,0.7515251538464832,0.4938222954356952,0.3889206474528073,0.1408505657432696,0.3460468900229274,0.6086492484621975,0.2633254843543303,0.4306056966362977,0.3370515963387923
0.0,0.2623608830505381,0.8721852961515606,0.7596438322490684,0.4935719722867457,1.0,0.11275848614904413,0.31884476000295825,0.6086633298410613,0.2319569387681427,0.4650454058630686,0.2864561423867476
1.0,0.2282430213464695,0.8767485431503976,0.7661466426452391,0.4873636009549477,0.555500965358236,0.014344664963647162,0.23359218992678046,0.6121933629080699,0.23141064220387844,0.4021409561916625,0.002117313785903468
1.0,0.23189199051268025,0.8793163039380056,0.7689475468653739,0.4841937869370302,0.299128097316479,0.011462450592885622,0.28338140670068784,0.6220990870305123,0.230466103257186,0.4243841225639508,0.02091396975117926
1.0,0.29118773946360155,0.8830276622008059,0.7756930255865426,0.4894650928073945,0.4887913459128007,0.031670281995661784,0.3807410694475261,0.6319376923965894,0.25702330183140554,0.4294914113646137,0.08375625572707363
0.0,0.3165480751687649,0.8863565437492706,0.7848291378210313,0.4933514412551888,0.5433096528583764,0.027945971122496582,0.3949633902817839,0.6416987176336735,0.2747716734936171,0.4372514644957389,0.046088991084755136
0.0,0.32129173508483844,0.8925743000747772,0.8006990339144717,0.4941143279641509,0.4938786264726002,0.027078384798100118,0.3688558538569631,0.6517141989117088,0.327495680114992,0.4269861141844147,0.12978102189780946
0.0,0.30377668308702793,0.9038574921747168,0.8296832399593789,0.4917614678948985,0.43625696124860747,0.029453681710214,0.3349530360180457,0.6566438094747775,0.3370472867308489,0.4560946712659299,0.0581995133819942
0.0,0.3152709359605911,0.912151411764342,0.8490219444264963,0.4940955493222204,0.4642519342985294,0.13176352705410804,0.4831373419125807,0.6608862865866267,0.3300213485399396,0.4905655001739478,0.25577517288734153
0.0,0.362707535121328,0.91921532796818,0.8644237614547571,0.4971509536651868,0.4468623062761054,0.19739478957915824,0.539997041638932,0.6613114919002092,0.32017349182169696,0.5226190050732307,0.4588013144342538
0.0,0.3274949826673964,0.9195957385351484,0.8624511826598839,0.4957843395498445,0.34621406671779953,0.1447895791583167,0.569255232601139,0.6630380124654864,0.3425288043185037,0.4888779390122708,0.4823924665260678
0.0,0.32092683816821743,0.9225291869611136,0.8681897359552367,0.4946407777840139,0.2921009175783131,0.10621242484969966,0.4277864063308928,0.6654700038201964,0.3883621069149139,0.4624812165557535,0.3547746333807445
0.0,0.3232986681262542,0.9231600775178735,0.8687614332952439,0.4949307440029225,0.43946009250960266,0.0976953907815633,0.3530064344353228,0.67110889989593,0.43159646236747257,0.4772682396788946,0.3103143852077098
0.0,0.34573982849844914,0.9256812874671878,0.8683034198514802,0.4944876286981453,0.4580626950093684,0.1432865731462926,0.3130315805044004,0.6746222955638121,0.436514948647556,0.504931092296189,0.20388444749619852
0.0,0.3632548804962599,0.9291098432707088,0.875819627401115,0.497117371596723,0.4677337876329768,0.2134268537074152,0.4712817099326974,0.6779826890573066,0.4167120884964091,0.5348319248785527,0.5418117612438078
0.0,0.369640576537128,0.9330490909622516,0.8865970995715058,0.4980905019292843,0.493505339433706,0.2444889779559117,0.5070408993417647,0.6764591599476497,0.3672679921608518,0.553765614095265,0.5305802148217177
0.0,0.40211640211640215,0.9347599661473978,0.8943490354521312,0.5027532353502465,0.4651143344903227,0.3401803607214433,0.6209082168478667,0.6767320548084619,0.3474003537593604,0.6163593494635969,0.9431065770758748
0.0,0.39864988140850216,0.9354300889525944,0.8948406909098325,0.5021847317217697,0.4596697033144337,0.30511022044088204,0.5309740403816287,0.6699100889604503,0.2785585727787563,0.6161541998903295,0.8336486523539258
0.0,0.3800401386608282,0.9342949374391436,0.8863372591089732,0.5031172107900254,0.4536861710748735,0.2585170340681362,0.5677316766511352,0.6641091528804881,0.21580529297304074,0.636159786685982,0.6603602862548338
0.0,0.4033935413245757,0.9391676636426918,0.8952713075430715,0.5027902097113737,0.4548014693014476,0.2815631262525053,0.6595222246875232,0.6578827351003679,0.14419606073331115,0.6363497960098807,0.7719283814537592
1.0,0.3488414522897282,0.9433161047880191,0.9061487456809476,0.4988245095417924,0.43916065286410855,0.23847695390781595,0.6368685748095555,0.6521540232102141,0.0967627269950655,0.6272346175281759,0.4805077311108677
1.0,0.3307790549169858,0.9493846943012474,0.9237090066994365,0.4959684194664369,0.40182877591044375,0.18086172344689386,0.5993861400783964,0.6524884324603881,0.0877539611519384,0.6034555589794611,0.5586429193233423
1.0,0.3189199051268017,0.9495608476594644,0.9390753348277538,0.49404695088122896,0.4438676396531784,0.14228456913827678,0.4684342874047779,0.6522092833787636,0.07750306870218943,0.5826656712083741,0.3793614568383416
1.0,0.3462871738733808,0.9496575075387668,0.9146530043559012,0.4943518307172742,0.2936883381918685,0.17685370741482978,0.5679535537312329,0.6577297671660916,0.10495978766129266,0.584011860980483,0.4123473637155032
1.0,0.3329684364167122,0.9506935979939608,0.8948087518326933,0.4921354219871925,0.4374087595849157,0.12374749498997994,0.3734708971229935,0.6607320120240441,0.10412336289834184,0.5464276266869319,0.29576735759828743
1.0,0.3541324575807333,0.9532230651372702,0.8668531461750688,0.4953919159943914,0.4323547617194349,0.20390781563126226,0.3964055913024183,0.6683663353416059,0.1347987441294703,0.5050873379371815,0.3611509775780535
0.0,0.3798576902025176,0.9567955839840572,0.878462517217149,0.4954946754146316,0.2929500323348694,0.2600200400801603,0.5242807484653502,0.6725011287138489,0.1362694312692771,0.5129859314336837,0.7154083241182984
0.0,0.3422733077905492,0.9578951474623336,0.8831578937466372,0.4933616177284759,0.3763010820682456,0.17685370741482978,0.515723689076252,0.6729056280213173,0.1385946334173953,0.5087659398299347,0.7540408912312082
1.0,0.331873745666849,0.9595298297458932,0.8870074491365861,0.4915132885290469,0.4326488609332291,0.12174348697394755,0.3602026477331555,0.6731176964178556,0.13928591175342284,0.4820840402208539,0.4793308707620642
0.0,0.37511403028644397,0.9607538249958808,0.8919462638587745,0.494385585446563,0.4218402433611735,0.2239478957915832,0.3624731898528216,0.6755633605875444,0.1490153282671242,0.4831373803774273,0.4774311090867688
0.0,0.3734719941616492,0.9628291216387236,0.9032669855393028,0.4978489640006752,0.4377206617459081,0.22094188376753496,0.4305672657347829,0.6772902507835981,0.13476436148106047,0.5188992294050627,0.409246185379185
0.0,0.3842364532019704,0.9661025190176128,0.9145474864384064,0.4995290561371636,0.4802325375299567,0.2605210420841685,0.5023223134383551,0.6784221070993364,0.11108832905872773,0.5519389104124685,0.7263493509451144
0.0,0.3968253968253968,0.9684370160075731,0.920408232450728,0.5014742717239652,0.4473612321111575,0.3056112224448896,0.6270468160639004,0.6774364337762253,0.09137381834122517,0.5630699853285388,0.9153268048280568
0.0,0.4044882320744389,0.9689985855256801,0.9164405648360054,0.4989102389031897,0.410908915644492,0.3121242484969943,0.6114488573330377,0.6747298351534898,0.07386872241973974,0.5543604067316535,0.9395809610567064
0.0,0.3820470717022443,0.9699211768038832,0.9154764421699308,0.4952452173813399,0.3863661610304561,0.2259519038076156,0.4367206567561568,0.6729348043928223,0.06503604856889439,0.5234290990187134,0.7661125028467315
1.0,0.3712826126619228,0.9713126564989168,0.9100926041725638,0.4973269818034259,0.3862335079643666,0.2164328657314626,0.3859034095111308,0.6745607266558578,0.06895431501044152,0.5498057387515051,0.6126564222265446
1.0,0.3783981025360334,0.9741807665204968,0.904966699458694,0.4946967740534065,0.35851029611698776,0.21843687374749504,0.3576288736040233,0.6764620391574674,0.06804198004250689,0.5388785840046598,0.5945325292543635
1.0,0.3625250866630177,0.9748908863186072,0.9002588693074233,0.4958625948160074,0.2890661000982632,0.18236472945891796,0.3421492493158791,0.6792108628774765,0.0695620352553436,0.5336975679219442,0.5822934928328343
1.0,0.3780332056194124,0.9754517413013786,0.8950429598460058,0.4945479447058995,0.2887706775205732,0.19488977955911832,0.1942755713334809,0.6795819826548826,0.04404451510131169,0.5153297546706406,0.35770954409412725
1.0,0.3422733077905489,0.9753793070081084,0.8845782612034901,0.488296891273326,0.28831868447501663,0.069138276553106,0.14586938835884894,0.6836360316441865,0.030404343469022318,0.4796945850023571,0.2106329188781623
1.0,0.3933588761174968,0.9772600146901236,0.8704428038233526,0.4927456997446853,0.4127499511345815,0.05137395459976103,0.07951334960431877,0.6896142810268633,0.02769496526390114,0.4851058356052829,0.09836669170385423
0.0,0.4190841087392809,0.9795802130257738,0.864216832338955,0.4931579143967749,0.46499813923149497,0.07667934093789656,0.1177723541158201,0.6990530845236662,0.04412824712316349,0.5000298656309519,0.10256126482213493
0.0,0.4347746761539864,0.9808078935602392,0.8705263109862753,0.4956812257339063,0.4823070237869452,0.11615833874107764,0.20804674210487376,0.7070320535490724,0.058842388134596864,0.4865803075399328,0.2091458972230224
0.0,0.41780696953110746,0.9814407823038128,0.8779706013262141,0.4928561579598994,0.4967243308028515,0.029850746268657236,0.1326529102877001,0.7123609279533556,0.06260305017628638,0.4070222563412821,0.004913505362498248
0.0,0.4814814814814814,0.9817228992234864,0.8803989518483732,0.4993408730228846,0.4957614751922122,0.24140168721609345,0.2762443606242145,0.7233778029388434,0.10807448034652156,0.4778783118057048,0.2316228601960505
0.0,0.4900565590220762,0.98186642726118,0.8803777410558341,0.497010919032016,0.5071547082901824,0.2530824140168726,0.2562162561940682,0.7278127812147093,0.13237383638474026,0.5229170226109794,0.19765116378026487
0.0,0.4906039043970078,0.9832278231075212,0.8823351342198891,0.4970943370395116,0.4991898015993314,0.2595717066839715,0.24794024110642696,0.7328316256930241,0.15962395044063155,0.5120366383760219,0.1501425471256546
0.0,0.48202882685641296,0.9847580126771782,0.8884551588679468,0.4994043505341814,0.4994501266316378,0.2530824140168726,0.2575918940906732,0.7378498851603803,0.17951635966517626,0.5179455333924333,0.20969320454448734
0.0,0.4929757343550446,0.9874857861086604,0.8964693866984409,0.497453530986973,0.4954173957940869,0.2790395846852692,0.3676059463057468,0.7427148199074136,0.1972747064545175,0.5455509299659576,0.4086634611293145
0.0,0.4730888523991973,0.9893626366250978,0.9005084078227296,0.4979580321885429,0.4969712093743098,0.24724205061648302,0.3688188743436137,0.7436480395288441,0.19272739031889652,0.546367061078349,0.41470575720182135
1.0,0.4451742382776866,0.9908906178047728,0.9040956313561216,0.4971421049693978,0.5007687216353828,0.15055158987670395,0.3031210709267064,0.7465785661720616,0.2036353209091082,0.4638705909103169,0.15512105867835474
1.0,0.4564860426929391,0.991196718695278,0.9076986515387372,0.4952772761167584,0.5289533552445832,0.1609344581440626,0.2888469787737593,0.7539551969366722,0.23071288730011086,0.4565867321631771,0.24494702353091385
1.0,0.4261995986133919,0.9911792944006388,0.9139553483327616,0.4901569232796911,0.5096934562981428,0.03893575600259628,0.23263072257969056,0.7604614165653432,0.24653115843257886,0.35858006335178344,0.06269945959746448
1.0,0.4486407589855865,0.9939518163332249,0.9235239254054556,0.4902151933214922,0.5182587299313868,0.11356262167423753,0.2973300791361587,0.7702871192963292,0.2781124714429196,0.3915987541857184,0.0010019060651968491
0.0,0.485130450647692,0.9980255935709548,0.9321379321037034,0.4962266991203823,0.5302816450019046,0.2777417261518496,0.3935581687744992,0.7800570717879289,0.3065640262064282,0.4661115786159439,0.08976798653297308
0.0,0.4772851669403392,1.0,0.9332297261747778,0.4948859183249191,0.5280798451866194,0.2868267358857886,0.3980400857924709,0.7857062505732109,0.3199551031093827,0.4704673719159299,0.14751518700139055
0.0,0.5093960956029918,0.9985060152833198,0.9252636256707344,0.4964696082893698,0.5219170248710145,0.3582089552238804,0.4495969233044893,0.7911544321218527,0.3256333264497091,0.4763968707627438,0.16492364645996996
0.0,0.545338441890166,0.9960627756717,0.921237834145348,0.4986988406928116,0.5099760744893836,0.41596365996106416,0.4836032837807851,0.7959143894084619,0.3329209648503891,0.5152819365741238,0.3238399634724033
0.0,0.5478927203065134,0.9936223611513556,0.9194051948463864,0.4990516294891212,0.5165611824218427,0.4458144062297214,0.504171289105836,0.8000429777897291,0.3529764154282741,0.5415338597789385,0.8206152616859803
0.0,0.569968983762087,0.9925166241940341,0.921700666616546,0.4989610447474748,0.5209975145675437,0.4925373134328361,0.4484579542933215,0.8016037042470456,0.3731569676592758,0.5229035089995381,0.639603457041182
0.0,0.5716110198868819,0.9910692295509852,0.9161852621511016,0.4993074866925531,0.5140827889896921,0.4730694354315384,0.4399822498335921,0.8029643286162005,0.39032412377132375,0.5142162597276443,0.6527116587323821
0.0,0.5694216383871558,0.9906303426376746,0.9070121455903568,0.4988671641572904,0.5163871270008272,0.4841012329656074,0.4471858590340949,0.8036361725132659,0.40826230418491705,0.4732167932418301,0.5805652981225484
0.0,0.5634008392629083,0.988621398396042,0.8995694883956709,0.4979674156280673,0.5153187681391791,0.4587929915639201,0.40378670216699897,0.8035642111333974,0.4150055442827158,0.4733887483111862,0.4633578906552918
0.0,0.5840175150519978,0.9860813898151002,0.8968148442887022,0.4976704439887766,0.5192406909693129,0.46073977936405,0.40137563789660535,0.8043944744765399,0.4286945768442677,0.4688739686703083,0.3711059619699159
1.0,0.5849297573435501,0.9842718130393702,0.9040270310176828,0.4940912550882411,0.5228934506309016,0.4736172917991095,0.4241624140226312,0.8046693482899205,0.4180565040748844,0.4450857736165639,0.441943433005994
0.0,0.5874840357598978,0.9844237535806176,0.9082588826615228,0.4944156831661034,0.5143955618463775,0.5063051702395965,0.4717920272169219,0.8035573844149557,0.3914242158695857,0.4550797347940324,0.5296995108315873
0.0,0.5969713555920452,0.9845595133101016,0.9143074527125664,0.4922466122415138,0.5196530861137222,0.5277427490542248,0.5101397825604612,0.8015502136140908,0.35690453632757124,0.5004929661995705,0.4887270587369891
0.0,0.5882138295931401,0.9843287708864984,0.9162452914896708,0.4946483125465819,0.5277060695398945,0.5000000000000004,0.5242437689520008,0.7999671354831479,0.34123017973106234,0.4659582807898837,0.5436757512229227
1.0,0.5650428753877029,0.9849178603770792,0.9210866272678366,0.4947324971141427,0.5272823944290994,0.43253467843631777,0.4966940315065456,0.7981636951817346,0.330255273536477,0.4344580585958861,0.34054213100886405
0.0,0.5769020251778871,0.984456003170159,0.9166628765545176,0.4966749328955747,0.5342758971417578,0.4817150063051703,0.5265069151689962,0.7982626744678525,0.327896653067966,0.4180285306195371,0.3449556806061269
1.0,0.5716110198868819,0.9844767704633824,0.9166365671999342,0.4960241387993386,0.5292519619961671,0.4237074401008827,0.5035500332815626,0.7985693172610533,0.31629749371515625,0.3927648396001675,0.22292103424179086
1.0,0.5674147053457399,0.9851996222645928,0.9197593085066318,0.4951663161152456,0.5205571606351033,0.44388398486759184,0.5465572073071521,0.8005561291185004,0.31354306434426144,0.446397826739767,0.44918901026150265
0.0,0.5783616128443715,0.9907712374445268,0.9360276097340476,0.4968996999079387,0.5383666239470519,0.5018915510718794,0.5513497522372605,0.8013824621988709,0.311485648706106,0.4521452329209159,0.4136967155835093
1.0,0.5205254515599342,0.9940172781070556,0.944360318965085,0.4909472424351019,0.5302024175670161,0.4073139974779324,0.4711411877819681,0.8023875939312384,0.3167689551781479,0.4000426217168635,0.2086873367906128
1.0,0.5442437511403028,0.9975504005771496,0.9576540929067784,0.4911580832791987,0.54093412711328,0.46469104665826,0.496339028178389,0.8062041575408878,0.34146150897400834,0.3817656217217463,0.2592503700147988
1.0,0.5219850392264185,0.994525080148652,0.9547233897041588,0.4913088857977628,0.5413621815121532,0.3984867591424973,0.4954958952740184,0.8093195115488994,0.3603922022179286,0.3807719150344308,0.2981319252770103
1.0,0.5475278233898924,0.9914292698266084,0.9543350843895734,0.4918906442710063,0.5422516881789273,0.4092055485498115,0.4377856667406255,0.8130807897864307,0.3942148647326886,0.3623563449228701,0.22924916996679684
1.0,0.5582922824302133,0.9899985036315416,0.94695428339395,0.4937037811826394,0.5549846735500948,0.40857503152585145,0.41831225501072383,0.8177727833121868,0.42672614179965707,0.3449493497982661,0.29329173166926586
1.0,0.5322021528918081,0.9896177815974428,0.9456485092876279,0.4929389573202866,0.5537921581815279,0.3814627994955871,0.4642556023962722,0.8212837960370023,0.4561993221669629,0.34380527140619177,0.5302212088483514
1.0,0.551906586389345,0.9892463023542204,0.9436994418524776,0.4925053579219333,0.5086126511510901,0.4035308953341744,0.5141705495155686,0.8218279672484661,0.4571392692755509,0.3548517896149413,0.7596703868154726
0.0,0.6153986498814086,0.9899857717237124,0.9497672484163748,0.4992514684315906,0.5173015972494288,0.5794451450189163,0.5518674654241554,0.8201451564266597,0.4623768642326964,0.3520952432004719,0.8616744669786793
0.0,0.5674147053457397,0.9886359536506126,0.952530068607112,0.4948344418670047,0.523354347301943,0.5138713745271126,0.5553657273870277,0.8168237758929053,0.4665618538087319,0.35628067207359576,0.8261130445217798
0.0,0.5953293194672503,0.9861376749298864,0.956944655854456,0.4957438076422971,0.53186893029037,0.5327868852459018,0.6124916796094964,0.8140710806318958,0.4642222065052735,0.3756436044857636,0.9760390415616632
0.0,0.6026272577996715,0.9821858236550858,0.958957801199706,0.4973055946581786,0.5312082247572423,0.5143843498273878,0.5955106870793581,0.809379662911063,0.4504210013129185,0.4131256760448577,0.9684469103384024
0.0,0.5836526181353766,0.9807580164124698,0.9656566328137256,0.4975725474922222,0.5424749000290283,0.5115074798619104,0.6033799275201539,0.8066195166905656,0.4434641390284444,0.4221869298314393,0.9542457805907181
1.0,0.5734355044699873,0.98246237636295,0.9702634275285292,0.4960706438763693,0.5432359399121685,0.468354430379747,0.5223060424524816,0.8045225682166066,0.4551991194161914,0.3647479549838247,0.8311132031066125
1.0,0.5597518700966977,0.9831570407105694,0.9717841912885504,0.4957233979012928,0.5476272180117001,0.4252013808975835,0.4361733599585832,0.8041030566540182,0.4591830713819946,0.30778252103981546,0.4880333433592581
1.0,0.5551906586389346,0.985234214725364,0.9750293531727392,0.4948561606514003,0.5467397497861775,0.4338319907940166,0.4394645366466978,0.8040980660342558,0.4586174529046753,0.3123352268650258,0.4702874575688567
1.0,0.5426017150155082,0.9871096755455769,0.9870492886313996,0.4964851882919117,0.5481241136782944,0.4131185270425782,0.4662007247984615,0.8037635221801421,0.43160647482990655,0.3480996855989113,0.3930305504232352
1.0,0.5442437511403028,0.988252239596004,1.0,0.4930201302352694,0.5425254929241625,0.4136939010356732,0.4189187190296578,0.8039510722011819,0.4146562299506157,0.3353653340461253,0.22498173849525105
1.0,0.5562853493887978,0.9887270842670551,0.9985134274664744,0.4912967190310639,0.5488039374308191,0.4510932105868818,0.4190962206937351,0.8069160170824401,0.4051446529362667,0.33556114245260377,0.2157865337515552
1.0,0.5475278233898921,0.9891049955445426,0.9690704319616312,0.4936633089860591,0.546750205416325,0.42462600690448776,0.4089712299386137,0.8102691111975981,0.41522808501241787,0.32656491296045315,0.2194675613263032
1.0,0.537675606641124,0.9886841163373816,0.9397405691233076,0.4921095641268301,0.5492455018639505,0.3924050632911398,0.3752089342504252,0.8136144273625279,0.42374598181657774,0.333613270703019,0.14918739924186594
0.0,0.558474730888524,0.986898461629965,0.919707664497074,0.4918967736518063,0.5395097177567105,0.4315304948216342,0.4274831743214261,0.817113532788903,0.4345018228395969,0.34460601678721986,0.1728459530026113
0.0,0.5750775405947819,0.9851135056115536,0.92420613600722,0.4909759374536048,0.5397983492841386,0.4430379746835446,0.45362769025959604,0.8186720705724595,0.4309775681242387,0.3817924520252608,0.14905715114592213
0.0,0.5758073344280241,0.9840857531992268,0.934243480593073,0.4910700534319324,0.5292616422533544,0.4510932105868818,0.4542933214998886,0.8208956648699497,0.44176834746842697,0.3826158143710866,0.21206846533216936
0.0,0.5896734172596242,0.9825443802431336,0.9418406021187214,0.4896691238767522,0.5141640222802051,0.4913693901035678,0.4907773093706089,0.8221380357599499,0.4454895353253029,0.4239514924529144,0.5648970118944008
0.0,0.6245210727969346,0.981034258017638,0.9488222423387044,0.4918285652588598,0.5104895225543098,0.5477560414269275,0.5928629539235264,0.8221063027998896,0.4525274632324541,0.501419316236916,0.8105599071656528
0.0,0.6354679802955664,0.9781257781738312,0.9398420322131988,0.4935726972826743,0.5105498015014429,0.5980560320182959,0.5521780933362915,0.8196633995315259,0.4408607903388944,0.4974744025887039,0.7937917029300837
0.0,0.6528005838350666,0.9762414333650398,0.9369658150748532,0.4927492741049536,0.5173150560630088,0.6220697541452258,0.5553731232896971,0.8184487143059436,0.4411588836107944,0.500836346638715,0.7350159559036831
0.0,0.646414887794198,0.9729992317610714,0.9296913796453224,0.4919442547485411,0.5274000635422698,0.596452328159645,0.5597662894756306,0.8157602221952359,0.4155923287077376,0.5055602558838033,0.5872352770525062
0.0,0.6347381864623245,0.9696728283050208,0.9232131780030816,0.4903255720275974,0.4882350917189604,0.5533875338753388,0.5875231121958433,0.8127894174190728,0.3857551160769634,0.5323974412425987,0.561895901173308
0.0,0.7423827768655353,0.9686403120792892,0.915814096700294,0.5046300920974646,0.4949117724068208,0.8392763698886152,0.6130167886990607,0.8113247407327995,0.3706127415240131,0.5555725382932883,0.4763446738719057
0.0,0.7206714103265827,0.966004026960518,0.9122295032686228,0.5045693762556297,0.5001452213059552,0.8110236220472443,0.5809185711116045,0.8111684917471462,0.3739038591770113,0.5177891666441906,0.5568948525509826
0.0,0.7106367451195037,0.9643833366134028,0.9160233471968982,0.5032389506537154,0.4921338013054259,0.7721784776902892,0.5913541897788626,0.8119659644722035,0.3959203718070109,0.5267296669046139,0.5385508592661399
0.0,0.7307060755336616,0.9611564853636464,0.9201259532145892,0.5029526047388376,0.5055097302998945,0.8141732283464571,0.6555062495377559,0.8121026546529873,0.4027333584612624,0.5468294496018218,0.7677327317364468
0.0,0.7566137566137565,0.9599372534461184,0.9188891071082556,0.503663781503646,0.4998851572902094,0.8750656167979005,0.7221359366910732,0.8116835291506219,0.41638731045686944,0.5728746847658671,0.9625354717342092
0.0,0.742565225323846,0.9578520724591756,0.9153619107744824,0.5005773563284216,0.5010970954590266,0.8841025641025646,0.6527253901338657,0.8089322623812851,0.4019055866093637,0.5299784536422018,0.936342740390756
0.0,0.7411056376573618,0.95830230238809,0.9149480970116826,0.500674796845555,0.4984503026303615,0.8543589743589749,0.6289919384660894,0.8088763718255416,0.4154565951717813,0.5132372201411136,0.7635359468777942
0.0,0.7316183178252145,0.9568350903293648,0.9109678795398684,0.4983963343479506,0.4897476079303841,0.8753846153846158,0.5679905332445825,0.8095884817363264,0.4234362127203923,0.448882628717924,0.8468003207698469
0.0,0.7252326217843459,0.9557657824504789,0.9080032189974144,0.497547476198726,0.4984232829188218,0.8533333333333334,0.5422453960505883,0.8107845673349738,0.44730108117252615,0.4774384735701002,0.8391659983961526
1.0,0.7325305601167669,0.9545269852670826,0.9043016069657938,0.4950228498645731,0.4973524837750791,0.8605128205128206,0.5250942977590414,0.8101363831165305,0.4541613958460722,0.463470463451444,0.8938893344025663
1.0,0.7172048896186827,0.9520085292532352,0.9012345808527752,0.49569420903792,0.4994627160255768,0.8579487179487182,0.5570667850011096,0.8089480071570665,0.4625132203178896,0.4377837745400008,0.9885805934242198
0.0,0.736361977741288,0.9503652236444068,0.9048298371082032,0.4951707145023455,0.5078976867470221,0.8789743589743592,0.5171067228755267,0.8059459770400849,0.44988185644472706,0.4573438754933868,0.9879829787234052
1.0,0.7197591680350298,0.945097274292268,0.8962246209275797,0.4964645843079178,0.5069230648669137,0.8389743589743588,0.4777531247688784,0.8038036435715796,0.4390440849504645,0.4764733441695743,0.8688286040952096
1.0,0.7299762817004194,0.9410371144362996,0.8961339759235127,0.4983676414080088,0.5073174659178186,0.8261538461538461,0.4771392648472751,0.8018158843896468,0.4265008182352218,0.4760745349662101,0.8746393827574644
0.0,0.7629994526546249,0.9369031744766824,0.890006815610081,0.5001982703434829,0.5000763229133319,0.9087179487179486,0.5079358035648252,0.7992134084993321,0.41186847672958377,0.4503510058847551,0.8496207746808571
1.0,0.7299762817004196,0.9338263567730816,0.8946415752245044,0.499217155853104,0.4973221905992812,0.8200000000000006,0.4316248798165821,0.7952650974352424,0.3949723100835635,0.4333092114604871,0.5509535253909306
1.0,0.7336252508666301,0.931473420965922,0.8949070250576197,0.496078266113361,0.5057552796043026,0.8282051282051285,0.486184453812588,0.7949393120990325,0.3808819569854848,0.4301600357592675,0.7136302631168266
1.0,0.7221309979930668,0.9289173880579722,0.8970941908598621,0.4945103422684194,0.506388441459086,0.7887179487179492,0.4802159603579621,0.7925409415950115,0.3707135384536818,0.4245197978619861,0.6685289803052538
1.0,0.7141032658274037,0.9278975886235754,0.9016795251750916,0.497095975086951,0.5164187345982311,0.7672988211173759,0.4528880999926039,0.7916518424649809,0.3755388206725044,0.4470186759256587,0.5704922126158729
1.0,0.6916621054552088,0.9275060465956676,0.9085288022693532,0.4968963399553952,0.517784086875357,0.7329574577139929,0.3742030914873162,0.79151985344924,0.3955684713017456,0.42055669003689616,0.4108430350510315
1.0,0.6902025177887249,0.9282870408174592,0.9124546143339028,0.4965818723389386,0.5241025449909232,0.7334700153767302,0.3357296057983876,0.7930255692102439,0.4188558947793716,0.36491144540097337,0.17915665282936571
1.0,0.6745119503740192,0.9281775215312053,0.917782723969796,0.4975184480675756,0.5249593605296277,0.7124551512045104,0.3907107462465794,0.7959520234538578,0.44645191603269707,0.3714298535283893,0.3384000749087049
1.0,0.6626528005838349,0.9278365333183688,0.9235685033140054,0.4993378434024238,0.5260489041219804,0.6868272680676575,0.3865542489460833,0.7963787981600698,0.458311061512099,0.36428589619359053,0.2251006585723644
1.0,0.6648421820835613,0.9265318599145216,0.9444995129698726,0.49596559635192,0.5240578941674514,0.6883649410558688,0.4330670808372159,0.7989088496502197,0.4761928504515405,0.423119805261216,0.1699803364649333
1.0,0.636380222587119,0.9238513940881729,0.9581414296207128,0.4915856221488996,0.5254674697443726,0.6043054843669912,0.393358479402411,0.8022122591186684,0.4935205871539475,0.4269099103573339,0.003162992982109439
1.0,0.6646597336252509,0.9210294542656089,0.9691402682658896,0.4929113902355754,0.5223975673740531,0.6591491542798568,0.4745285112047925,0.8091351436179293,0.5301363455361616,0.4597358682252621,0.2255489021956108
1.0,0.6633825944170771,0.9186160734945727,0.9636573917385672,0.4929182951618499,0.5264814994042503,0.6340338288057404,0.4394571407440284,0.8130933388583157,0.5550162059235522,0.4692981567631591,0.1469917308240684
1.0,0.6714103265827402,0.917570252258144,0.9608362073806204,0.4941943176514738,0.5233181420451496,0.6719630958482832,0.5238074106944753,0.8188306172027155,0.5973733045683387,0.5181520429269354,0.31074449201211
1.0,0.651158547710272,0.9163342090864609,0.9517923308555932,0.4947092026042114,0.5273633435952964,0.6196822142491035,0.5468826270246283,0.8203688314865631,0.620486476736959,0.5524997883970199,0.4800563850892756
0.0,0.6790731618317825,0.9137806334686092,0.9387467851054382,0.4960355185820825,0.5252537413126046,0.6781137878011275,0.5931218105169739,0.8209299664414895,0.6383130855070827,0.575322665343606,0.7239486416077403
0.0,0.6947637292464878,0.9101337672242318,0.9233812623963964,0.4951376957193441,0.5228806692237244,0.6975909789851361,0.5874491531691446,0.8197008169955609,0.6292743605525243,0.5687548346271672,0.6601693338295489
0.0,0.7135559204524722,0.9063627551144782,0.916487627626938,0.4947973348569175,0.5212011739109093,0.7391081496668379,0.6267287922490941,0.8199857129247663,0.6259101496661064,0.5907244695526984,0.8279214737625615
0.0,0.7328954570333881,0.902455477917342,0.912627907723338,0.494555326377828,0.5261741460554623,0.7792272955343706,0.6026033577398122,0.8193218187551652,0.6107163673461647,0.536513395510418,0.8919333829549662
0.0,0.7009669768290457,0.8976297074907218,0.909139503953107,0.4898923994218856,0.5138181623666628,0.6757425742574257,0.5925375342060495,0.8178280612426712,0.5917454876418893,0.5166899862023207,0.942128768142908
1.0,0.7007845283707351,0.8958036024413119,0.9093485892279468,0.4901736554034086,0.5226389520650018,0.6650898770104068,0.601124177205828,0.8156396155150261,0.5862956126600134,0.5272292024424724,0.8085944830174507
1.0,0.6923918992884511,0.89348652521576,0.9105506935186232,0.4881123965617594,0.5302704782218505,0.6759697256386,0.5821980622735005,0.8133796296083801,0.5943602498082637,0.4940239356554943,0.8437324075811578
1.0,0.6818098887064404,0.892013369019327,0.9093017299033576,0.486829961890659,0.5255510569792077,0.6154210028382214,0.5818948302640338,0.8124083682159307,0.6170488056585304,0.4940705225738165,0.7421655094764492
1.0,0.6861886517058929,0.8891695357546614,0.9061675061723764,0.4838776189705422,0.5282312739495654,0.6220435193945129,0.5340285481843058,0.8104052160328845,0.624700221691714,0.4784094460026543,0.7122349408894718
1.0,0.6816274402481298,0.8871662663679567,0.9024022683562176,0.4832313860599472,0.5221193711014491,0.6035950804162725,0.5839878707196213,0.808280662070666,0.6255466135586611,0.4800969570294613,0.7382248076562196
0.0,0.7126436781609196,0.8859311577489333,0.9023806889017392,0.4853472825043052,0.529237879016063,0.676279069767442,0.6629761112343757,0.8042226220984721,0.631668914171541,0.5187502614467978,0.9973728654531788
1.0,0.6887429301222404,0.8847112266737311,0.9062536045696268,0.4850674539661021,0.5304201667250628,0.6246511627906979,0.6633311145625329,0.7981493896884313,0.6248086735282217,0.5196848339861626,0.9555119118777252
0.0,0.6902025177887245,0.8822104885203217,0.905681523804134,0.4852723454829719,0.5310431936633115,0.6370336250575772,0.6690333555210413,0.7919559153499709,0.6026144401310909,0.5251271550093154,0.9917447676394899
1.0,0.7031563583287722,0.8739134292740478,0.8917104475913257,0.4880039902367914,0.5439378355825257,0.6276018099547515,0.7015753272686938,0.7861459925142076,0.563729987534229,0.5519214222644839,0.9991421021927868
1.0,0.7204889618682719,0.8650386863688464,0.8723014321809474,0.4925212224915306,0.5452710129665234,0.5868644067796609,0.653583314843577,0.7816091226263129,0.5348518773381196,0.5151744054972408,0.774492700394823
1.0,0.73015873015873,0.8587003039929648,0.8529300197695077,0.4906436010572704,0.5434846511751623,0.6165444172779136,0.6463649138377341,0.7800806272921743,0.544198428775764,0.5021805180301468,0.8267376733082369
1.0,0.7080824667031562,0.8572274331749978,0.8474284978321244,0.4871227389885692,0.5454480106039502,0.5705102450783447,0.6615560979217519,0.7786392457068751,0.5443013369943439,0.515940578837562,0.751813423928016
1.0,0.7356321839080459,0.8563493690947591,0.8390492606179012,0.4888551805817562,0.5399871125795133,0.6257028112449801,0.6597441017676203,0.7775345138432956,0.5471994516200823,0.5115788146581466,0.8294922413001558
1.0,0.7405582922824303,0.8539921519332823,0.8289196941484859,0.4860393619914584,0.5425748027524047,0.6323175621491585,0.6431994674950074,0.7748588271086105,0.5222946632405123,0.5429831856300429,0.8088329813607562
0.0,0.7471264367816092,0.8512709000490166,0.8181999278929678,0.4874952682736821,0.543251117488935,0.6360093530787221,0.7079505953701651,0.7720073667636127,0.4939785747478895,0.5403941381494961,0.8125975576163816
1.0,0.7427476737821563,0.8481284953949606,0.8104225414687284,0.4870135727981311,0.5411056153797129,0.6176812718107793,0.6846165224465643,0.7688756121960338,0.4744457801041313,0.5719054330938398,0.7846661680893311
0.0,0.7580733442802408,0.8458592922690169,0.8150653754328145,0.4863172883587604,0.5414233849370325,0.6421737466513587,0.650166407810073,0.7682270619337785,0.4599500212210966,0.5795795840091579,0.769089924439745
0.0,0.7670133187374567,0.8417596512350838,0.8207431110506525,0.4843131457775357,0.5481581506322271,0.6560364464692487,0.6138081502847428,0.7684281934175667,0.4591609374960735,0.5926655205678429,0.7251205611573888
1.0,0.7812442984856778,0.8381002286072787,0.8256952392887021,0.4874573805746205,0.5474122045869442,0.650281425891182,0.6119961541306116,0.7702181002557584,0.44563284038727735,0.5896438107685893,0.8447275446785463
1.0,0.7754059478197408,0.8353132973614691,0.8346899827632525,0.4866048846171451,0.5475888015928683,0.6463947560087401,0.5545151985799871,0.7702244794764288,0.4432828527037286,0.5363519302354607,0.9076514428656174
0.0,0.7732165663200145,0.8346713800018786,0.8424162978252231,0.4859371108179492,0.5412612723915322,0.6507246376811593,0.5087567487611862,0.7674430642740147,0.424969761446636,0.5506805776844798,0.7999329499445547
0.0,0.7823389892355409,0.8359394242875244,0.85199615749676,0.4839737542117847,0.5297776928006581,0.665217391304348,0.595421936247319,0.7639328345115974,0.3950669263677074,0.5666492445350451,0.8852412512571884
0.0,0.7803320561941249,0.8358975857968911,0.8539948947501186,0.48262526023802504,0.5440094762674788,0.6913043478260871,0.5984394645366466,0.7586786331415865,0.3516003539352488,0.5689418549774802,0.8409191800496145
0.0,0.7752234993614304,0.8365140710636451,0.8592475686759768,0.4821307317112096,0.5520600000417408,0.6684782608695654,0.6209082168478663,0.7540547630238326,0.32386138183245183,0.5877780516083727,0.9932628280454371
1.0,0.7527823389892356,0.8360199438305878,0.8641412888571179,0.4818131769359895,0.5378515853230686,0.6351449275362321,0.6192367428444641,0.7475502887566474,0.2800509095318641,0.5876982030686534,0.9773438939031126
0.0,0.7582557927385511,0.8368032862940757,0.8745537570726112,0.4827024475349031,0.5153752299995866,0.6539855072463768,0.5749204940462989,0.7402361302295517,0.2237787080246418,0.6045581791112958,0.8190581445324503
0.0,0.7987593504834885,0.8355857885270876,0.8776923786104902,0.4908046926333946,0.5054045442239875,0.73768115942029,0.6383477553435397,0.7348614831101359,0.18899966252144376,0.647008228949677,0.7494013630502849
0.0,0.8872468527640942,0.8324564134228369,0.8839388821871591,0.5048234458640175,0.5142590099433098,0.8938405797101452,0.6368389911988759,0.7310145840985347,0.17669827472078048,0.6466609026634993,0.6541413397187942
0.0,0.8777595329319468,0.8274011896399331,0.8908099181562683,0.5037463166095801,0.4972153149457976,0.8644927536231886,0.5017972043487907,0.7298357956202175,0.1869421133613287,0.5967685373727271,0.4248787376435185
0.0,0.8795840175150518,0.8240756165475167,0.8987322057866045,0.5002725544534599,0.5076809079951797,0.8652173913043478,0.4763700909696026,0.731206350993385,0.2031656327431723,0.6297178755213705,0.3768035856818317
0.0,0.8848750228060571,0.821425855241352,0.9032987343996848,0.501148201499955,0.5108932019434286,0.881159420289855,0.5397529768508244,0.7307557988974476,0.2052342061439765,0.6227432394637058,0.4591698900963953
0.0,0.884145228972815,0.8215023153134391,0.901483997068218,0.5031956433798633,0.5101213248922596,0.881159420289855,0.5444123955328746,0.7307208580725082,0.2194324441766018,0.625971365637612,0.3209615030392331
1.0,0.8573253056011676,0.8206355202908426,0.8970308990656827,0.4999033923648809,0.5082015541161902,0.8739130434782613,0.4765623844390208,0.731876879470041,0.2218800005198737,0.5824836307577068,0.4063977405292571
0.0,0.8644407954752782,0.8194482864906139,0.8908640364835841,0.4975104386576367,0.5158077073528914,0.877898550724638,0.5410842393314106,0.7344189915398884,0.23095301149988,0.5721399348394468,0.4543500951679256
1.0,0.8523991972267834,0.8153764401377162,0.8839718078998858,0.495896590264233,0.5193702196056167,0.8481884057971015,0.4363508616226608,0.7364486864329742,0.2210364564603394,0.557571644306621,0.189353472094308
1.0,0.8511220580186096,0.8114569797083324,0.8781330066314903,0.4957474559362322,0.5074494655256238,0.8442028985507247,0.3393683899119887,0.7407042894275968,0.23324867395015175,0.5090941907280292,0.16991044020380394
1.0,0.8711913884327676,0.8077039760478866,0.8789089954696351,0.4960294288291211,0.5126265743362779,0.8721014492753622,0.4810073219436434,0.7469678093725678,0.27947238263683044,0.5395713343680885,0.2982056394189688
0.0,0.8764823937237729,0.8040285144722383,0.879285476960614,0.4932688431708831,0.5114202865402289,0.8793478260869566,0.4044301456992821,0.7510926752079337,0.3169325502449177,0.5051718978360406,0.3998227792018722
0.0,0.8848750228060573,0.8024647648144416,0.886203238603855,0.4947916848578364,0.5064983286986486,0.9010869565217396,0.3520227793802229,0.7573702087551364,0.3673134241378492,0.4851026339065171,0.4811569521507434
0.0,0.8781244298485678,0.7988699903502328,0.8879139300777485,0.4923782430938497,0.513477677973856,0.9130434782608698,0.4271651505066193,0.7602583353787521,0.38719647437462507,0.5164352865591826,0.6269274248247788
0.0,0.8857872650976099,0.7958317658055291,0.8934023357792461,0.4944686127750222,0.5166574617664826,0.8945652173913046,0.4540936321278011,0.7589543419859701,0.3854281126865379,0.4788730992536255,0.6723716934207553
0.0,0.8699142492245939,0.7905005977367185,0.8903337820368054,0.4948682660171,0.5293741345639384,0.8793478260869566,0.3284224539605056,0.7564850610115026,0.3932267906137277,0.4692324317700433,0.4822292561609759
1.0,0.8602444809341359,0.7891326939699406,0.8945511003727095,0.49387688082175607,0.5269835880972067,0.8449275362318841,0.3132164780711487,0.7573840243769911,0.4251945927264403,0.4601716097190068,0.3864197023271108
1.0,0.8580550994344098,0.7867692314617711,0.8934948478597213,0.4922447482009787,0.532147787911896,0.871376811594203,0.3372457658457215,0.7578007905469528,0.4525439007714184,0.4212379934966111,0.4438985280815719
1.0,0.8312351760627623,0.7848527767550659,0.8951096069210048,0.4883709939916765,0.5300951460079701,0.8126811594202903,0.2931661859329928,0.7582259227406938,0.4859894492534678,0.3941661094194242,0.3210673464353257
1.0,0.8416347381864624,0.7818477196381175,0.8978521988550932,0.4866757744976006,0.5355930322510095,0.8297101449275366,0.2558686487685817,0.7603818920043572,0.5258578757086907,0.3804891836147216,0.29444712871995765
1.0,0.8128078817733989,0.7778796280125193,0.9046543381997872,0.4858761702711769,0.535985579220101,0.7757246376811594,0.19946749500776567,0.7613121684785957,0.5315938537566117,0.339850162955471,0.10037400905495553
1.0,0.8250319284802041,0.7723405651264006,0.9188624660319226,0.4845792223762045,0.5312596390070548,0.7815217391304347,0.24305894534427894,0.76508491570936,0.5263510840038603,0.3670758796757832,0.04849591095363345
1.0,0.8783068783068783,0.7661238981566889,0.91805443549533,0.4918955104993078,0.5306304778244787,0.8485507246376813,0.3362029435692627,0.7700029054918229,0.5253343518812661,0.3617693110127056,0.2416026914335817
0.0,0.8779419813902571,0.7610286940423312,0.919905971281098,0.4920380177084312,0.5344032736309259,0.8441281138790037,0.3793210561349015,0.7721798560284174,0.5150530976189887,0.338198187834287,0.27510244984878585
1.0,0.8593322386425833,0.760391245574394,0.9148347493517012,0.49216851345637397,0.5339672977324793,0.8202846975088969,0.3732712077509061,0.7733414573988411,0.4947514421112375,0.33370138398370386,0.16483654953917082
0.0,0.8259441707717569,0.7626228292438619,0.900149915444913,0.4884732233770581,0.5292039361632279,0.7903914590747331,0.3734782930256639,0.7764144517115876,0.4585491315244917,0.33281345546373403,0.0724546370967742
0.0,0.8303229337712095,0.7650485342250182,0.8754576831660649,0.4880115294582663,0.5332219443478532,0.8362989323843418,0.5087715405665263,0.7834600455541596,0.4737704500112601,0.3534366132440808,0.18067748881895024
1.0,0.8098887064404305,0.765097093059683,0.8484957057084245,0.4880611518055618,0.530558727474308,0.8067615658362992,0.4127801198136231,0.7878184483281898,0.4893502888809826,0.3498113554325332,0.03238363425542461
1.0,0.8159095055646779,0.7610758711563714,0.8368676529734475,0.4892152846223125,0.5324181615380457,0.8213523131672599,0.4345684490792103,0.7971802762287123,0.538732991164935,0.3610796937721281,0.06986771411802044
0.0,0.8620689655172412,0.7569362528273653,0.8195883815254779,0.4949122926742712,0.5289934529510165,0.8765124555160142,0.5092522742400708,0.8035360936354248,0.5768117432989791,0.4032413478644423,0.3868346200731419
0.0,0.8131727786900201,0.7518371147333922,0.8015883907293775,0.4904473398551253,0.5159479542486544,0.7921708185053384,0.44144663856223615,0.8037722192737099,0.5832293130231085,0.3553364532312429,0.04602916610230779
0.0,0.8458310527276044,0.7489163024447603,0.7938957824889464,0.4935549139135456,0.517840806366153,0.8530249110320285,0.6050883810369061,0.8090568648922609,0.6082867868166315,0.4219828874436368,0.35225066594428805
0.0,0.8956394818463783,0.7438441507592071,0.7943295407962252,0.5003125788933516,0.53091746450254,0.9377224199288255,0.6856519488203536,0.8110828968470631,0.6149351816244715,0.5028303301021824,0.6224434511716108
0.0,0.92045247217661,0.7377820374243131,0.7938439373132314,0.5017746223859697,0.5194335604791628,0.9718861209964416,0.6636417424746689,0.8097221275628972,0.6182986292318343,0.4764983946829152,0.6236173190663229
0.0,0.9137018792191208,0.7306653054898127,0.7867920300487949,0.500934609815615,0.0,0.9540925266903916,0.6817617040159751,0.8082510082501988,0.6332196931501942,0.4888899719988621,0.5867985010609965
0.0,0.9401569056741468,0.7248436290850497,0.7828321553411244,0.5027608923785336,0.5449695573365139,0.98220640569395,0.7418977886251019,0.8053453082129214,0.6302504051828204,0.5622121313563985,0.780531852453835
0.0,0.9417989417989416,0.7190213785823363,0.7908087983080881,0.5028635302253055,0.5222842075798824,0.9903914590747332,0.7947563050070259,0.7984455055537156,0.6143051403358295,0.5940853694344511,0.796060393960603
0.0,0.9193577814267468,0.7128530588926645,0.7922753465350449,0.5033524460385229,0.527399720772442,0.9514112182922472,0.854944160934842,0.7906312870664622,0.5865822367884984,0.6257814786343822,0.8190052169184493
1.0,0.936325488049626,0.707374491792411,0.7895931896165174,0.5031325660959777,0.5020238233368232,0.9571275455519832,0.8629613194290366,0.7820710501855572,0.5581509089499573,0.6296278188954173,0.8252735731603437
0.0,0.936325488049626,0.7011899014321084,0.7843272870997008,0.5026124120726885,0.0,0.9685152057245076,0.9604984838399528,0.7728491014546066,0.5151336710256856,0.6661590631596839,0.9682920024289776
0.0,0.9523809523809524,0.6978243440932381,0.7792059140919196,0.5022386882833937,0.5000234212262386,0.9914132379248656,1.0,0.7631853556010022,0.4793014570015214,0.6834386093236637,1.0
1.0,0.914249224594052,0.6902600124292193,0.7800960213436,0.4985942326452593,0.51098113379366,0.9787234042553188,0.8129576214777016,0.7555333827801156,0.4525623251943265,0.5452587797661113,0.9852430016758746
1.0,0.9430760810071156,0.6780224705183127,0.7546911975957289,0.5009374239671114,0.4787478915680623,0.980363636363636,0.7476739886103098,0.7505715039679395,0.4391791404731476,0.5446297798613264,0.9911473144711682
1.0,0.988323298668126,0.6621700158360082,0.7456529757968969,0.5111147097029283,0.5106322928807563,0.9751980709610744,0.7976776865616448,0.7457870943503053,0.4338203773157588,0.5685608483593668,0.9875301483039975
1.0,0.9925196132092684,0.6489869911000006,0.7324388940015178,0.5131719348997718,0.5262942492287387,0.951211683517894,0.643169883884328,0.7418327816878048,0.4381753692376968,0.5220972636987421,0.931280836089056
1.0,0.9792008757525998,0.6399497504729679,0.7333438103828003,0.5116560966350596,0.5308866370713333,0.9199362041467304,0.524842837068264,0.7420160272735923,0.4774239023035446,0.5121039334089289,0.8400325381527523
1.0,0.9826673964605,0.6350779815550411,0.7238190445467881,0.5133449041550779,0.4669347086369573,0.9022720199190788,0.4571925153464983,0.7412462475853743,0.5075035988544812,0.529001769090226,0.7279881165007341
1.0,0.9936143039591314,0.6312165380314667,0.7097075099146809,0.5140312619769611,0.4649266463016711,0.9450481217013348,0.5200798757488353,0.7418829473325261,0.5331189454716116,0.510050897057233,0.8308546570231132
1.0,1.0,0.6309319057971519,0.7084926244060727,0.5151470539644459,0.0,0.9602607885749768,0.4972487242067896,0.7402013513902552,0.5419385767617396,0.4987618845314497,0.8765318573272741
0.0,0.988870644043058,0.6340939291502656,0.7084460956005066,0.5102803979144983,0.5382446031842982,0.9815855181023722,0.5054507802677319,0.736501912589212,0.5273840595487312,0.5027785881427189,0.9882357286645614
0.0,0.9357781426746944,0.6371093266563697,0.7083738923585841,0.4987272143753981,0.5476102874551629,0.9678526841448191,0.5313216478071149,0.7307846016993849,0.503047491442891,0.5154029937155833,0.8745864274685693
0.0,0.9164386060937784,0.6408127028678674,0.7076171277548455,0.4994362081913416,0.0,0.939138576779026,0.4411434065527695,0.7267611727951435,0.485190284366609,0.5203117381881213,0.717226674509227
1.0,0.8965517241379308,0.6374982951944839,0.7041798459863057,0.4932327875279854,0.5944837309749523,0.9450686641697876,0.4039272243177279,0.7266456180826533,0.4848518729257934,0.5037168167723023,0.7323336560062828
1.0,0.9089582193030471,0.6329014229274992,0.7015579671468528,0.4960608851237682,0.5729636258484395,0.979125896934116,0.4504030766955107,0.7252884241262822,0.4792324644813454,0.4761832689736281,0.7857012717268521
1.0,0.9062214924283888,0.6270317754595558,0.6996169381713254,0.4961750842454179,0.5901306465597136,0.9696869851729818,0.4412765328008283,0.7213118288292379,0.4535925347955001,0.4711787036025809,0.7113471559231871
1.0,0.9014778325123152,0.6229046745775437,0.6984330158971508,0.4940922400404697,0.5052949225130474,1.0,0.454907181421492,0.7187990943346934,0.445341510835696,0.4283211980891188,0.7195641875888201
1.0,0.8768472906403939,0.6210973119359458,0.7055630914721596,0.4907414710535996,0.4900770977740563,0.989164627752534,0.4046076473633607,0.7149657788920076,0.4325348821397901,0.4010593534236885,0.5806763108989547
1.0,0.8326947637292464,0.6166639414204074,0.7088456039016959,0.4861648939275372,0.5140646352577831,0.9578530259365994,0.40423785222986464,0.7141739254206609,0.4380713378013825,0.3995506603988375,0.4241518784389468
1.0,0.8345192483123518,0.6131408138357526,0.7045242801222036,0.4872445341243061,0.5575929643102697,0.9333573487031702,0.38407662155166056,0.7158277421768746,0.4477646673471671,0.4380472154112123,0.4041285573734651
1.0,0.8148148148148149,0.6092818096007315,0.6877936943161156,0.4842381122023776,0.5211039638998018,0.8922910662824209,0.352814140965905,0.7193937371516991,0.4628177783957765,0.4171456592693963,0.27096162955945113
1.0,0.7856230614851303,0.6075163939387829,0.6802709074799229,0.4823242685554754,0.4783339247130094,0.8515850144092219,0.3022483544116558,0.7260645036078865,0.4980042762611978,0.3797544090697534,0.000246984728110754
1.0,0.8100711548987409,0.6055308912479904,0.682911399168195,0.4875585413322449,0.4741412852885517,0.9005763688760805,0.4066415205975889,0.7373230238171942,0.5581025424342951,0.4342462282585805,0.2495730494794721
1.0,0.7686553548622516,0.6018686257245491,0.6992016568812769,0.4810109951849018,0.4976119068664604,0.8158950054684653,0.446128244952296,0.7435785384388847,0.6053352013745908,0.4587350781280064,0.4138963621476199
1.0,0.7589855865717936,0.6018197067862885,0.7033708894853474,0.4794412954307159,0.4888208335964176,0.7936565803864384,0.3865616448487537,0.7470769309071372,0.6370624556056129,0.4065163738068646,0.0005308597133359074
1.0,0.7797847108191935,0.6010461018921713,0.7023073267103047,0.4824330462454942,0.4774993361859306,0.8822457163689391,0.5265734782930256,0.7541590049487976,0.6841953990088396,0.4663980284879597,0.12230532336119762
0.0,0.8264915161466885,0.6001274770979039,0.6865580180003992,0.4888419121528065,0.468469706635337,0.947138169886985,0.6266696250277347,0.7557590726337273,0.6911996315213185,0.5176617130677823,0.6255856003945106
0.0,0.8310527276044517,0.5940400144895137,0.6699392746895285,0.489520709629031,0.4633182362145604,0.9646372584761208,0.6832334886472892,0.7528531994162582,0.6684428910553709,0.5201417514807789,0.7823232672241031
0.0,0.8416347381864624,0.5883922372099781,0.6495842656913668,0.49206014259022207,0.4658922120485888,0.9566168428727672,0.7188373641002884,0.7495574553445392,0.6490963808073549,0.546516163527969,0.7509078309078315
0.0,0.8576902025177888,0.5825872614841674,0.6432096678699772,0.4917313031451195,0.5242221043628639,0.9708348523514404,0.7364322165520302,0.7474677000036878,0.6256285125073107,0.5693117601933322,0.9102425292334346
0.0,0.8600620324758257,0.5782478039467938,0.6287283780631682,0.4920188522474816,0.469732314703757,0.9810426540284359,0.7567487611863031,0.7443038561916373,0.6088277248180959,0.6014177295248768,0.9869532265049812
0.0,0.8518518518518519,0.5758495893395228,0.6178664258392839,0.4907708223076738,0.0,0.9635435654393,0.6951852673618819,0.7396072930415805,0.5717363706488352,0.5602817264560079,0.7317832394976197
0.0,0.8523991972267835,0.5729917428083477,0.6024167305601341,0.4901555137205594,0.5251291982799363,0.9817717827196499,0.7030619037053473,0.7379451689978886,0.5737884922848965,0.5721079925789269,0.8300941966219153
0.0,0.8513045064769202,0.5699319591982309,0.5974328610651678,0.4901273674942404,0.4524277748739038,0.9809244314013208,0.7423045632719474,0.7353660590084543,0.5706526628099853,0.6512250214566662,0.9954255088783036
1.0,0.8465608465608463,0.5655326476502949,0.5962846659257166,0.48942789355210903,0.5354620952062887,0.9858314690529452,0.7024110642703938,0.7297560549219901,0.5619289760918302,0.6465379877985588,1.0
1.0,0.8374384236453203,0.5617894186847465,0.592971079154833,0.4881646927817777,0.4890843835624987,0.9965197215777266,0.6829746320538423,0.7249413631446733,0.5550958327060183,0.6316988813012521,0.9934572779685186
1.0,0.8250319284802043,0.5589132511185501,0.593759924653454,0.4896521934965746,0.6083816404964595,0.9847775175644028,0.6613194290363142,0.7195350263958613,0.5412679694689697,0.6473898792465042,0.9618606484675284
1.0,0.8035030103995622,0.5556517332909694,0.5878972510286411,0.4892695159497156,0.5719412505280089,0.9731892757102841,0.6893942755713336,0.7134843860962838,0.5270293837895003,0.6704190306411408,0.9819536937993842
1.0,0.7910965152344464,0.5535590407191338,0.5843497766900312,0.4876193306967849,0.4878058170215538,0.9287715086034412,0.6615708897270913,0.7068416515370772,0.5021758904312382,0.6503092812171336,0.7568491877625371
1.0,0.7781426746943989,0.5502505865461078,0.5758333360467325,0.4879478740710649,0.4646244538376141,0.921968787515006,0.6696989867613339,0.7031321476057968,0.4933843860399015,0.6653570349270143,0.9673544810594392
1.0,0.776500638569604,0.5486823439703183,0.5810852978281448,0.4881165411484572,0.4521985740793131,0.8999599839935974,0.6551512462095997,0.6995859726068225,0.4791957933922689,0.6535530011003621,0.8551203184367657
1.0,0.7693851486954935,0.5443934176039122,0.5720267715955484,0.4899001030049216,0.4480998394426685,0.8983593437374947,0.6292286073515273,0.6962636096235757,0.4678745493762009,0.6617070865201555,0.7902133639964233
1.0,0.7746761539864986,0.5409975535164264,0.5649498506137014,0.4915905410592111,0.4452467499293689,0.8779511804721885,0.6648546705125362,0.6934732093167799,0.4512281682996856,0.666420057078287,0.8916570844512599
1.0,0.7739463601532567,0.5376835493420873,0.5463283432420408,0.4915148181103167,0.4443501467853356,0.8743497398959583,0.6797943939057766,0.6885902620248228,0.4229914978217226,0.6494574468151346,0.975978534009117
1.0,0.7666484218208355,0.5380938840197813,0.5408053777984425,0.4933015689888582,0.4697727229949046,0.8715486194477787,0.6846461060572443,0.6827558159478886,0.3859095032872221,0.6547074646233662,0.9757435501842808
1.0,0.7383689107827041,0.5347743490547017,0.5259936618533319,0.49019126520778,0.4712993284425421,0.8467386954781914,0.6748835145329488,0.677223545124882,0.3614335662285616,0.6471346057141054,0.9665410528719882
1.0,0.7505929574895092,0.5298361007723762,0.5136955779123649,0.4940265092393824,0.4688845463287166,0.8015206082432971,0.6572738702758674,0.6739086564756394,0.3551819812661463,0.6313267010405658,0.9907892439322502
1.0,0.7494982667396461,0.5216144815646797,0.4920695314575522,0.4943453637237627,0.4635971354968044,0.7775110044017608,0.5693661711411878,0.6718446276770311,0.3588342530635526,0.5346188434157866,0.8577878103837466
1.0,0.7642765918627986,0.5175572961674755,0.4897223046647384,0.4939215607578948,0.4647367890501357,0.7803121248499396,0.49457140744027794,0.6712272794267502,0.3610811072667118,0.4744123287143632,0.4975745641419715
1.0,0.7699324940704251,0.5167329083341721,0.4957773143102281,0.4951544511887759,0.4655355305890039,0.7951180472188873,0.5364839878707196,0.6745604420234068,0.3863150600336414,0.4918942966633243,0.6556361365928616
1.0,0.7482211275314724,0.5185366928896431,0.506867678819042,0.49291680802872,0.4664556060752203,0.7875150060024009,0.42792692848162095,0.6760355666949598,0.39885022291598,0.3567312235141962,0.610849266340594
1.0,0.7389162561576352,0.5231462313966619,0.5137297580523525,0.4901640160599733,0.4581004794395636,0.7891156462585031,0.42927298276754666,0.6791743974157469,0.4375856036162529,0.3582174845315946,0.49209378407851706
0.0,0.72322568874293,0.5176738367712783,0.4976082323658502,0.48529228509160993,0.4635461550547677,0.8075230092036815,0.4198653945714075,0.6799759040064846,0.4497697083954453,0.3504662925643484,0.5920704159526411
0.0,0.8035030103995622,0.5079287094671021,0.4746718374234564,0.4994194078572023,0.45926985308772994,0.8355342136854742,0.4435100954071444,0.6804075693073162,0.4597980731677137,0.33155281346346416,0.5763053655023409
0.0,0.8345192483123516,0.4977467223131704,0.4482171809927278,0.5024486568477844,0.4533321876298684,0.8479391756702677,0.4544634272612975,0.6793053829701967,0.4531470212212033,0.3415452486171422,0.6532949225783227
0.0,0.7962050720671412,0.4994292679317232,0.4543764045873762,0.4968548070237853,0.45413824161101507,0.8179650238473769,0.4769617631831965,0.6775935795096135,0.4437631741926722,0.36713222548267216,0.6454087144400437
0.0,0.7600802773216566,0.5054238929098984,0.472749889327294,0.4907724176099217,0.4474360570559272,0.8155802861685215,0.4975075808002365,0.6755966783524411,0.4404486151852151,0.33903683882328084,0.7007202016564632
0.0,0.7553366174055829,0.5104229284979871,0.4913402066557661,0.48926078668452205,0.4523871749916742,0.8239268680445149,0.4625471488795209,0.6721753119098679,0.4266665196411865,0.3478553948380029,0.5344256391789699
1.0,0.7356321839080459,0.5089849860461446,0.490151825598708,0.488400013809725,0.4465884367939617,0.8131955484896658,0.4818800384586939,0.670828039713401,0.426423954215988,0.3705675207414989,0.3623334533669426
1.0,0.7434774676153986,0.5041701711582212,0.4989135067407888,0.4905403472060492,0.4436525236055507,0.7885532591414942,0.4682419939353598,0.6708059380131204,0.4253060864772353,0.35728298591940444,0.3813467770975879
1.0,0.7693851486954935,0.4973012635771332,0.5035435035669366,0.4921220714032403,0.4422686298443696,0.7988871224165341,0.4599881665557282,0.6718744770274163,0.4353912238595539,0.3954056048536481,0.3411955347497301
1.0,0.7754059478197408,0.4925251090572451,0.5119921390594,0.4895566658093924,0.4464359306538054,0.8032591414944357,0.4772280156793134,0.6729113051325948,0.4456775350194714,0.3653214486445578,0.4053655023406546
1.0,0.7801496077358144,0.4898741754693123,0.5092345657352839,0.4883116246436409,0.4389157539933101,0.8135930047694749,0.466252496117151,0.6743017177492001,0.4632138163080058,0.3518492749665627,0.317680950666186
1.0,0.7788724685276409,0.4858731116707298,0.504662754859867,0.4882443852960794,0.44271701899507415,0.8052464228934815,0.4214555136454405,0.6763319475730272,0.4827811661373128,0.3573443439226877,0.3056175729204175
0.0,0.7914614121510672,0.4859578837053622,0.5092633402662873,0.4909847843225282,0.4390982186968189,0.8008744038155801,0.4145403446490643,0.6792353878083377,0.5069211258816093,0.34761169550437626,0.18602808786460165
1.0,0.7376391169494618,0.4860289059371508,0.512635976219939,0.4826552281972731,0.4316585576062789,0.7583465818759937,0.3949042230604246,0.6821202999752289,0.5267603962294606,0.3699569948092287,0.11776194437411833
1.0,0.7381864623243932,0.4825421430541672,0.5010104163034707,0.4828571105505893,0.4329838544415148,0.7539745627980917,0.41393388063013065,0.6858501459752588,0.5524226076556883,0.3958819549417572,0.047679617637989086
1.0,0.8058748403575992,0.4741209901274339,0.4738254449164647,0.4930699602794515,0.4362336863985163,0.7953100158982509,0.4948672435470749,0.6898859389237941,0.5808874283849392,0.434346112099336,0.31273109407231525
0.0,0.8305053822295202,0.4649789173787538,0.4486111997179263,0.4942428281779735,0.4341211811877104,0.8318759936406994,0.5151172250573183,0.6925420353471201,0.6066416331360786,0.40758275898659735,0.2552348893619128
0.0,0.8317825214376939,0.4613971409025308,0.4446457471306432,0.4946908852487926,0.4449999261900828,0.8251192368839426,0.4774277050514015,0.6946518827161037,0.630120405964569,0.413257828654886,0.13761694965595644
0.0,0.8440065681444993,0.45844727260923707,0.4506196884330858,0.497030791926511,0.4342807847907649,0.8560695927243971,0.6094667554174986,0.6980289953557257,0.6604631591304728,0.5491565590151701,0.8622478087236142
0.0,0.8381682174785623,0.4562026637170447,0.455079458771111,0.4963380866729416,0.44001791811032026,0.8381233334777489,0.5999852081946603,0.6950303756642873,0.6618556154526565,0.5383132383153408,0.7956018878688872
0.0,0.8317825214376937,0.4533255270151355,0.4651183630329212,0.4986753462808196,0.4302572939155245,0.8330031469454146,0.6598180607943198,0.6926659265001303,0.6688401317359761,0.5859398081909447,0.9950547852225348
1.0,0.8264915161466885,0.4498860131393943,0.4689411855851418,0.4981795136448489,0.4353088039880136,0.8109469588061295,0.6485984764440501,0.6889187328670137,0.6782276960114791,0.574883299848958,0.9310361469041072
1.0,0.8354314906039043,0.4456483028498628,0.4746790554990896,0.4962078084694821,0.4350912251921432,0.8152046783625728,0.6340285481843059,0.6861254804693937,0.6889201927417692,0.5373593870965082,0.9665061390949704
1.0,0.6095611521640778,0.9435352011730156,0.036955650182140906,0.5211551221068295,0.4644423799544746,0.7142690331620739,0.4678574069965236,0.9659562272182702,0.5377748420304204,0.4763144021271154,0.743230347131098
1.0,0.585432061529181,0.943531260716326,0.03361105934560864,0.5190911652008017,0.4562831139161274,0.6656936011209715,0.38613268249389865,0.9642331834655355,0.5297164572990556,0.4679265584766255,0.4611734889340781
1.0,0.5792489820539888,0.9449108784011648,0.0329685482008176,0.5221630556690946,0.4495374999898689,0.6635917795422699,0.3628060054729676,0.9644842521509064,0.5302891310432448,0.447770734113793,0.3181794026995425
1.0,0.5337053234806213,0.9459211306323412,0.02983704288508095,0.521349983139959,0.4579223656408351,0.639070527790752,0.3565268841062049,0.9659746458570416,0.5249281444849738,0.4402084269306477,0.1321872675098308
1.0,0.5615291811189865,0.9462761176882472,0.036636057802258086,0.5203325410216478,0.4610976783626872,0.6616067258290521,0.4434657199911249,0.9700291152895296,0.5456550005470402,0.4974789495067221,0.4573280901264736
1.0,0.5759312320916905,0.9442991634552571,0.036463002144832814,0.5180209202323699,0.443867109010271,0.670597851471275,0.4626506915169,0.9710197879650908,0.5591668851349085,0.4623678411102949,0.5150653629503669
1.0,0.5717086412305835,0.945353819513021,0.04173478681756755,0.5176798868461734,0.440719003112676,0.6581036898645494,0.4097330079136154,0.9692947052329804,0.5627074829108304,0.4091881204449082,0.31594749707726555
1.0,0.5006032272658723,0.9489679112928904,0.052834414725611,0.5144606591628719,0.4432670297743808,0.602288650163475,0.4508468308557063,0.9689668322638608,0.5887988901685037,0.45033694049727613,0.08261363636363615
1.0,0.47971648318504,0.9554748836180956,0.07357462937472273,0.5123621148618519,0.4467081642627121,0.6164175618869687,0.5735892315657123,0.971742937248634,0.5841647919937369,0.5063967400093614,0.09259326660600399
1.0,0.4623736992912081,0.9606005193201504,0.10228027103669496,0.5106749949780289,0.4446805284030441,0.6429238673517051,0.5699504474521119,0.9735570925936892,0.5651596984925521,0.5023443119577018,0.4446663104311396
1.0,0.4405821143115669,0.9628212553345968,0.11986546705586253,0.5123525140623731,0.4560357571357205,0.6314806165343297,0.5518009023001261,0.9740261188170138,0.5219906760836556,0.488313960957441,0.3324239952751934
0.0,0.4763987332227417,0.96309917262671,0.12800379365133902,0.5119649817294971,0.4582070364870834,0.6666277440448389,0.6965017380371276,0.9750517675573388,0.4837327955346808,0.5699328416400281,0.6260370672441431
0.0,0.4939677273412759,0.9627736594596966,0.1269670197911902,0.5135820528233104,0.4611899255506794,0.6980382998598788,0.6901264699356552,0.9725084252467744,0.4419990758963581,0.5660015974645474,0.6763270084601607
0.0,0.4734580003016136,0.9617141006271174,0.12189138537449135,0.5154065571015554,0.4939673382487746,0.6802895843063991,0.6240736631905931,0.9709501354078494,0.4091012019727495,0.5637483105514669,0.5099953612688036
0.0,0.5364575478811641,0.9597650227491532,0.10635159065815536,0.5174714750859947,0.5147922107073359,0.7449789817842131,0.7231121958435025,0.974774305433501,0.4329067800699423,0.6268026954506941,0.6929380839831234
0.0,0.5730659025787965,0.9571173954302068,0.09455677272830193,0.5171117961427621,0.5178757762153531,0.7812937879495564,0.595688188743436,0.9752932321397648,0.4320019588883568,0.5229377710834663,0.6651940535883886
0.0,0.5690695219423918,0.9550667663386724,0.09609734363105124,0.5166998730558778,0.4931135968189821,0.783745913124708,0.6381184823607725,0.9770926377369497,0.4553875303831586,0.5653036582118603,0.798502352499392
0.0,0.5616799879354545,0.9537872902684744,0.1097737301949965,0.5161277348868721,0.4929360964838137,0.7603923400280241,0.6818208712373344,0.9746702867213192,0.4533688080306956,0.5501328792321709,0.8364957699189317
0.0,0.562132408384859,0.9529200460144572,0.1187841735095683,0.5161734251573633,0.4898294893559791,0.7596917328351239,0.6590193033059684,0.9698930716661368,0.4547200793795288,0.5240053390173258,0.8448013076804131
1.0,0.5383049313828984,0.9529801818758972,0.12463619821043498,0.5176990797360598,0.4947816207857166,0.7379729098552079,0.7017898084461207,0.9640068289125427,0.43224539568866177,0.5514084302209274,0.8038479379735367
1.0,0.5388327552405369,0.9555959540641602,0.14149523843962666,0.5177030025219858,0.5037804515383991,0.7492993928070995,0.7849641298720516,0.9576826259678296,0.4062108035189416,0.553262683086693,0.8511850853747434
1.0,0.5045242044940431,0.9582738108884404,0.16150088386913836,0.5144245992719101,0.4950438941361678,0.7525688930406352,0.788610309888322,0.9532202726528952,0.3905163733475968,0.5564354630451874,0.8951662333819449
0.0,0.5003016136329361,0.9600247835165806,0.1763945103026638,0.5140002700436722,0.4950953342060354,0.7644792153199441,0.6771762443606243,0.9470069114653774,0.3608426420243551,0.5053134967837652,0.9997849051192575
1.0,0.4908007841954454,0.959465070772902,0.1878969335430719,0.5131973700639472,0.4957815361649515,0.7373890705277907,0.7257673249020042,0.941890162284852,0.3342199602144321,0.5308940457618934,0.906416704770614
0.0,0.50874679535515,0.9596785512592833,0.20126213202981533,0.5148096420664023,0.4968172508480209,0.7676319476879963,0.6787885511426666,0.9364683851123228,0.3033343299950567,0.496055575849937,0.9186607732561082
0.0,0.4778313979791887,0.9612090582175368,0.22026252891309928,0.5157111195682222,0.5142689109946903,0.7528024287716022,0.6270763996745798,0.930308242831012,0.2769352036912404,0.5147808742570552,0.9330670634609852
0.0,0.4877846478660835,0.9620984817429952,0.2294071391017186,0.5165528005300489,0.4956008788255681,0.7926202709014479,0.7335626063161008,0.9226253177154032,0.2451889911294294,0.5609361254855841,0.9258126095028898
1.0,0.4697632332981449,0.9622712269009244,0.2448603148734014,0.5149972673516201,0.4724645803355221,0.7487155534796824,0.6578951261001401,0.9116645088252592,0.18090980133207674,0.5306990997734774,0.9835085313833032
1.0,0.4197707736389684,0.9578730480937808,0.2399481111042717,0.5141808884909945,0.4891767982828197,0.6932508173750582,0.635330227054212,0.9096107307582316,0.1754269054147909,0.5213566452659361,0.640760197775031
1.0,0.5041471874528727,0.9538493512350658,0.2400328507928171,0.5182331972827958,0.4878470716365539,0.7315506772536196,0.540056208860291,0.9122802984896624,0.1908920018645288,0.4692378292372749,0.8772613320685668
1.0,0.5140250339315335,0.9462749172182338,0.22122428723919046,0.5191433462828963,0.4766584129262804,0.7303829985987855,0.44936765032172143,0.9154264435545432,0.2173346716193912,0.478635112835455,0.8251914086320201
1.0,0.5208867440808324,0.942973577357925,0.2154385253878536,0.5199384150712253,0.4860937390928878,0.6858944418496029,0.3457288662081209,0.9184932588670572,0.24095082205778875,0.4801856930661413,0.3105859805080943
1.0,0.5104056703362991,0.9398665142930228,0.20958433350502315,0.5226496955048312,0.4747892989556543,0.6805231200373659,0.24896087567487615,0.9235832023811871,0.2852729479779078,0.4962846234615496,0.3005138033682672
1.0,0.5147790680138743,0.9409477572640902,0.21175904259515094,0.523095795457805,0.4706003709325634,0.6695469406819246,0.2479550329117665,0.9292281038998867,0.3332730262810032,0.4962180052735194,0.3113365868713946
1.0,0.4662192731111447,0.942297369479654,0.21854070175650586,0.5222276372507821,0.4796335965117314,0.639070527790752,0.19626506915169,0.932594243552734,0.3739224583445876,0.5233123846025852,0.2070654928387748
1.0,0.4882370683154879,0.9646258292658306,0.31677057085338023,0.5242378991199147,0.4756671510177575,0.6891639420831388,0.3220915612750538,0.9390563659002706,0.4309957507983508,0.5183415819295429,0.4772711205372921
0.0,0.18865932740159866,0.9833958099852116,0.41082957697557787,0.5020433040249929,0.4614498122705479,0.706795889771135,0.2760076917387766,0.9385624086446036,0.4351827704724064,0.5013401425946644,0.4825379992930354
0.0,0.2119589805459208,1.0,0.4877030906654964,0.5000987547004844,0.4896134885382124,0.6358786610878662,0.3027364839878708,0.9377682404096196,0.4316417583385007,0.5144667105153115,0.3861240582034449
0.0,0.2581058663851605,0.9960859230190994,0.4669594833227771,0.5000308469988384,0.4797472521469956,0.6605648535564852,0.3594778492715039,0.9359953556388094,0.3950370120240753,0.4889408271962859,0.4439098548255069
0.0,0.2467953551500527,0.99241590012748,0.4454591612462703,0.4989641359208485,0.4841428923555686,0.6347280334728033,0.35488499371348303,0.9346121034885844,0.3877024574037666,0.4853612385664646,0.3163267010808739
0.0,0.2523752073593726,0.9913679814686368,0.44203538296582623,0.4993044107652792,0.4825615458207298,0.6231171548117155,0.2635973670586496,0.9355953591689988,0.3932558934729576,0.4885765986730897,0.16425266041864994
1.0,0.22108279294224087,0.9911623083131049,0.4499096208024408,0.5003621072325533,0.4948885085250161,0.5929916317991633,0.30902300125730353,0.9415157353826179,0.45030684243707103,0.4615479050614511,0.1857030688785309
0.0,0.28223495702005713,0.9907575873473349,0.4508766862831644,0.5055171385032288,0.4865213134547877,0.6844142259414224,0.41487316026921095,0.9477037459044066,0.5011582068114853,0.5067313703978429,0.4287241684625538
1.0,0.2798220479565677,0.9890892425804676,0.4538969951662353,0.505114949879391,0.4978986631693639,0.6521966527196653,0.28093336291694376,0.9499691887460632,0.5275540350080806,0.4798757617956039,0.21620808900917166
0.0,0.2978434625245061,0.9871327270656156,0.4529951604705235,0.5066526035342488,0.4892322473747766,0.6781380753138074,0.32906589749278936,0.9564414984173392,0.556197954874171,0.5021940222247199,0.3303763845035837
0.0,0.3182777861559343,0.9841900763430356,0.4482617965885424,0.5046424732195397,0.4825563858271608,0.7023012552301254,0.4188299681976189,0.9600342756672562,0.5601424667575234,0.5022804845766878,0.4401510215673503
0.0,0.313527371437189,0.9814947490539726,0.4389576854429993,0.5039787892700828,0.4835045057745288,0.6498953974895398,0.3184453812587826,0.960632915223653,0.557105748742888,0.4257437706394667,0.19395579612088465
1.0,0.3011612124868044,0.9799217433997548,0.43741653346913895,0.5066757890749961,0.4852939514851605,0.6432008368200836,0.3377338954219361,0.9672474372053608,0.5928919954838897,0.44085300522586623,0.16263218563624576
1.0,0.2711506560096515,0.9797983709346652,0.4411081942142955,0.5078039885637267,0.4969666311862106,0.6141213389121337,0.3164854670512538,0.975732645387038,0.6584844941934114,0.4210638413527434,0.059322741776508474
0.0,0.3375056552556177,0.9771042982459672,0.4208762609954197,0.5097063809060011,0.4994062109874455,0.690376569037657,0.4365357591894091,0.9882129146598242,0.7571057542838184,0.4942262067081685,0.06515601783061017
0.0,0.40152314884632784,0.9704545275525868,0.38133363647262425,0.5113152840636596,0.4916659414965858,0.7291841004184099,0.5078692404407964,0.9954380491114628,0.8269286771774136,0.5495213147702578,0.1865141481035523
0.0,0.4559644095913135,0.9664274195138446,0.3585523679216036,0.51214130458877,0.507384222729247,0.7448744769874476,0.5591968049700463,0.9993991663093679,0.8981530245380854,0.5455851409179302,0.3336544250451514
0.0,0.4422409892927158,0.9630534431395016,0.3493641007191893,0.5109960414789992,0.5091324172327467,0.7742677824267781,0.6387397381850454,1.0,0.930516273621946,0.6327820264204569,0.7126429861529197
0.0,0.4568692504901222,0.9631941845586971,0.3540884915720333,0.5121943943746854,0.5131178680959959,0.7627615062761506,0.7282005768804082,0.9961854005565632,0.9358755720022154,0.6553076933757574,0.7589102950030095
0.0,0.4711958980545921,0.9609444433674208,0.3511721416235485,0.5133572118193002,0.5037958974793953,0.8026150627615063,0.7610531765401967,0.9899797813143864,0.9038031098608592,0.6392159289748066,0.8457104017722284
0.0,0.4813753581661891,0.9614057128951348,0.3642407900750397,0.510476682965455,0.5166653499920304,0.8126569037656904,0.7900673027142959,0.98295041460211,0.8741178295681926,0.6560619140187768,0.8321155917755598
0.0,0.4873322274166792,0.9595617043719764,0.3641898480799008,0.5109050301914144,0.500937303246906,0.8539748953974895,0.8999926040973298,0.9772513799062932,0.8652102176390277,0.7178663349292791,0.9860246751828792
0.0,0.4899713467048712,0.960224505907802,0.3727751492406194,0.5111585922012103,0.4975627613886349,0.8299163179916319,0.7834775534353966,0.9690057541740388,0.8405178963172133,0.6389752386954207,0.9992632448482957
0.0,0.44902729603378055,0.9593776171812816,0.3738355909074188,0.5115247778228551,0.4947946453587875,0.8294979079497906,0.7515864211226979,0.9648775389071332,0.8352981774489907,0.6682315969669332,0.9735161352285808
1.0,0.42097722817071337,0.9601041770018294,0.3892170099590244,0.5092812341233943,0.5016233967001421,0.7880753138075315,0.6826640041417056,0.9595069499448194,0.8104114048638955,0.6610562481027852,0.8525478030919451
0.0,0.4354546825516513,0.9563296227302904,0.3860889202100874,0.5104685604156455,0.5092453447078814,0.8133891213389122,0.7504696398195396,0.9558758349414151,0.8034206338065615,0.6732771537196911,0.948975378103545
1.0,0.4771527673050822,0.952868290782886,0.3842187016418636,0.5101081225416849,0.5377379091814162,0.8240585774058579,0.7357961689224166,0.948230423414357,0.7579873497641254,0.6660294058782708,0.8235946936457946
0.0,0.4863519831096365,0.9478272929182948,0.37087595016279584,0.5108407791693805,0.5283744184733278,0.8453974895397489,0.8249833592189929,0.9428734556706851,0.7246886815366796,0.6708379634753469,0.8505908452936114
0.0,0.5054290453928517,0.9452689560109754,0.3662895405626178,0.5086545774631791,0.5247681577483893,0.8461297071129706,0.8578433547814517,0.9380143071680124,0.6852793304497611,0.7172561088782302,0.9754141627415956
0.0,0.5054290453928517,0.9401309460302988,0.35624712151770244,0.5086305957938779,0.5177177032505985,0.8561715481171548,0.8110568744915314,0.9323978495691684,0.6747844083878811,0.6460043760950248,0.997576621525302
0.0,0.5111597044186397,0.9360975499429368,0.3397724304606448,0.5091941587989058,0.5214213553060659,0.8180962343096233,0.7811404481917017,0.9270609228900372,0.6934228214586755,0.6320519520935812,0.9417225150194116
0.0,0.5225456190619815,0.9314074655497934,0.31760833041229497,0.5064092421123857,0.5192827124746084,0.8337866108786609,0.7301235115745879,0.9218874842447646,0.6776321097256499,0.6232145252307764,0.9164768907107396
1.0,0.5024883124717238,0.9275318377945502,0.2926447299327906,0.504851684505253,0.5056773994794103,0.7969665271966526,0.6981732120405298,0.915791474032268,0.6475725670804928,0.6058514823166734,0.8623578832016805
1.0,0.4948725682400844,0.923470095689298,0.2783785731012803,0.5042914489636326,0.5160333822557385,0.760878661087866,0.7329117668811477,0.90888145549624,0.5835942015669809,0.6268816111946875,0.7867677275010263
1.0,0.5066354999245966,0.9215917555445259,0.2744217097104901,0.5015616505403975,0.5216049436953526,0.7675732217573222,0.7947563050070265,0.9016002129805992,0.5376769947051877,0.6213766628437476,0.8398931555636728
1.0,0.4888402955813601,0.9215978652782087,0.27963121360188675,0.5000009147333123,0.5239444743653281,0.7759414225941421,0.8369425338362545,0.8938390085606294,0.4745837397075599,0.597019997389189,0.8827748360072696
1.0,0.4601870004524205,0.9221713325089824,0.2857146403513559,0.5013456410832176,0.5178042463493711,0.7529288702928871,0.8278529694549224,0.8833824330015678,0.3850362290046143,0.5932183241050552,0.8544582968795561
1.0,0.4425426029256522,0.9217359051299172,0.2890138613169845,0.5036070229733838,0.5061187331802687,0.7320083682008368,0.9530729975593524,0.8746893230241715,0.31506224766218105,0.6067634599709493,0.90215108508878
1.0,0.4371889609410344,0.9196039126471636,0.28272205233680725,0.5050251974255159,0.5051903479030865,0.7320083682008368,0.8252348199097705,0.865041096755385,0.2586108732947794,0.5667346229152864,0.9713827881987004
1.0,0.42746192127884175,0.9153103555988124,0.26512492127297754,0.504191877475101,0.5015978973271867,0.6953974895397489,0.7544190518452782,0.8606649628885201,0.2377725153455347,0.5582141075024853,0.9754761335564596
1.0,0.4445784949479717,0.9099808834307967,0.2376038699696129,0.5056411371754885,0.5129983533770829,0.6761506276150626,0.7356112713556692,0.8562574872527657,0.21275711436046288,0.5500945643765001,0.890476383211236
1.0,0.4680289549087618,0.905418051012074,0.2156188297976442,0.5039518820510364,0.5126513797100312,0.6884937238493724,0.6560757340433402,0.8521796049752639,0.1808000604998881,0.5533218393064963,0.7218197272028172
1.0,0.5025637158799577,0.9032132796108708,0.21270375670122768,0.5032145028072048,0.5084939412741258,0.7278242677824267,0.7007100066563129,0.8514036892617283,0.1723124491739088,0.5912307212411785,0.8827255433682767
1.0,0.4839390740461466,0.902095120269838,0.2240996836626898,0.5053298438048245,0.5124642019220832,0.7125523012552301,0.693669107314548,0.8484702999452769,0.1487389808408771,0.5843936395829128,0.8847290241631928
0.0,0.4644849947217614,0.899986602870637,0.2324165499898151,0.5073706486992511,0.5029205452524232,0.6957112970711296,0.6523851786110492,0.8454462041995818,0.12641718800135465,0.5475174605900363,0.931335249119682
1.0,0.4724023525863367,0.897850438849147,0.2353438675262233,0.5080786705720675,0.5103163778806517,0.6742677824267781,0.5765032172176615,0.8399989993318668,0.09430049317434892,0.5475044127153441,0.9215298687567512
1.0,0.4746644548333584,0.8944859956372936,0.22837358624890705,0.5082677543000671,0.5067103404677058,0.684623430962343,0.6138451297980918,0.8371562607982048,0.08198909451940589,0.5699026929339495,0.8554715333164777
1.0,0.4923842557683606,0.8930667662869151,0.2325660849041435,0.5061000918133994,0.4839788296259298,0.6902719665271966,0.4292212114488571,0.8350217057710052,0.0704896720786401,0.5021915594353031,0.5836991748454259
1.0,0.4263308701553312,0.8909683441702572,0.23316757790676776,0.5039924593841671,0.4942085846450344,0.6099372384937239,0.3809703424302936,0.8385700291026337,0.08486280859679074,0.476582722861989,0.5874704491725764
1.0,0.40144774543809386,0.8909049581467682,0.2434088248405915,0.5017185225464424,0.4981553776953765,0.5695606694560669,0.4386435914503368,0.8392658506746571,0.08202002779702383,0.4592191909199774,0.6950723660648456
1.0,0.3746795355150052,0.8917387942285749,0.2561324737373273,0.5029623098777644,0.4708724743320467,0.5441422594142259,0.4665113527105982,0.8349270532899362,0.042016122367831865,0.4771991427285857,0.6630290517622774
1.0,0.3802593877243252,0.8932159513834209,0.2707538076782611,0.5035545081949,0.49773338968684705,0.5761506276150626,0.5732564159455661,0.8339710482938059,0.03675345886348708,0.4908034966691314,0.7838287652474358
1.0,0.35288795053536404,0.8932200882846999,0.2800439325237666,0.5047055330292237,0.4971264144619441,0.5418410041841003,0.4273056726573482,0.8311139455407304,0.013448029185500364,0.4636253599953506,0.7803948005983109
1.0,0.3528125471271301,0.8909694211209563,0.27424532237763866,0.5046297001603287,0.5046779774982754,0.5264644351464435,0.3673249020042897,0.8306379964024624,0.01970395269747266,0.47839828701739295,0.5742227671861407
1.0,0.33660081435680894,0.8868350172202751,0.2593754406841229,0.5028708352009734,0.5098225224138098,0.4739539748953977,0.30201908142888834,0.8299561332870204,0.0,0.489900365185132,0.4548690768135429
1.0,0.3635952345045996,0.883316344865931,0.2391188093202627,0.5053542411722168,0.5103408004438973,0.4722803347280333,0.2515124620959988,0.8333949697766576,0.010952593130705124,0.5098384693197302,0.3312960859610222
1.0,0.36570652993515307,0.8805032235728018,0.2233015495029214,0.5055198924372881,0.5145454741928002,0.4652719665271967,0.1561570889727088,0.8392476771894204,0.0351752625898471,0.5275275249401644,0.29006031562422474
1.0,0.3507012516965766,0.8782918366265348,0.210126557676826,0.5039421118499761,0.4719027146996703,0.4302301255230126,0.0,0.8454555801739461,0.06043861289644802,0.4532209385115417,0.03703982874544067
0.0,0.4706680741969536,0.8777892040182934,0.2056276969909537,0.5116211718144955,0.4848234025406573,0.5695606694560669,0.07221359366910696,0.8559028663829801,0.10755230595308383,0.4363354551575525,0.0009082217973226717
0.0,0.4969838636706378,0.8757851612464899,0.19608719394057675,0.5140442746279866,0.4891031248699569,0.6275104602510461,0.1309814362842982,0.8645243302884129,0.14250466704533832,0.4094945963180941,0.0862495860209112
0.0,0.5074649374151711,0.8737095427449156,0.1868857218469097,0.5150565788209386,0.4833608525728159,0.6189330543933054,0.07996449966718439,0.8714924588387303,0.1910563831390304,0.4308184462664726,0.045740260129914605
0.0,0.537475493892324,0.8714443695344379,0.17876138389309001,0.5141907156045283,0.4855869800623454,0.6411087866108787,0.11587900303231975,0.8804721087532108,0.2503516402644739,0.4023566134467396,0.01328732221756342
0.0,0.5009802443070426,0.8703296493694559,0.1754922966839431,0.5144833829614863,0.4837771814430488,0.6071129707112971,0.12881443680201116,0.8886889897829133,0.3047879842281779,0.4078952861010608,0.04418357145160709
0.0,0.4952495852812547,0.8633685280824198,0.14400994425211172,0.5176258176390285,0.4890841038698777,0.6051255230125523,0.13382885881221795,0.8979944140117571,0.34813892122925083,0.410182159107548,0.06113135743541754
0.0,0.6379128336600813,0.8556504653874898,0.11037550090689296,0.5280191709621866,0.484778264451783,0.6516736401673641,0.1684860587234676,0.907676921446104,0.3893197828435302,0.4265211788022129,0.10060926584359263
0.0,0.6341426632483788,0.8501184960048193,0.09243028551145024,0.5295524542180968,0.4853340740875994,0.6464435146443513,0.2071592337844831,0.91460482992724,0.4100124390849291,0.3964688224632563,0.1780092551233719
1.0,0.5719348514552858,0.8518444257109681,0.11011727029176382,0.5270505432283761,0.4855619941468958,0.6244769874476988,0.19076991346793928,0.920137918157129,0.4138841267096592,0.3733479584156051,0.036448748414301714
0.0,0.588071180817373,0.8546761734920308,0.13262164492943268,0.5285145859136414,0.4910910623881838,0.6514644351464436,0.2889505214111381,0.929280400833388,0.4502574690089365,0.3759303420394178,0.17973777348777348
0.0,0.5870909365103303,0.8534718010091932,0.1325524348720953,0.5282817937523813,0.487007960228175,0.669142259414226,0.33863619554766605,0.9353244032554956,0.4756162816417734,0.4060632860863012,0.3299549549549543
0.0,0.5947820841502035,0.8530430522319558,0.13918969041228296,0.5290635995245051,0.4894154019804182,0.6616108786610879,0.3381480659714513,0.9383504048901591,0.5108852909125837,0.4050355454066487,0.3069095881595875
1.0,0.5356658120947067,0.8499018631783345,0.12729390313268574,0.5273467847441458,0.4904001210468246,0.6036610878661086,0.3433325937430667,0.9423097861275632,0.5318405175834011,0.4086371047375167,0.2005509974259981
1.0,0.5706529935153067,0.8479100106759573,0.12031753942820515,0.526993243675473,0.4955430897204808,0.612133891213389,0.2669846904814732,0.9478640005749116,0.5713986829908555,0.35935914387148205,0.025619369369370724
0.0,0.6242648167697179,0.8443735345138895,0.10309655474149472,0.5282295236230851,0.4978242418159756,0.6832635983263599,0.446490644183122,0.9584673569295374,0.6354690214293552,0.4751096556358057,0.2700783421784172
0.0,0.6315035439601869,0.8433261409075813,0.1032624258396448,0.5252101691383849,0.5020702520928567,0.6865062761506276,0.4447008357370017,0.9619795705381846,0.6693595860920043,0.4733131311011958,0.2508264570372482
0.0,0.6197406122756748,0.8417634850625512,0.10170962568174508,0.5238876244328082,0.5027239401053469,0.6958158995815898,0.4887064566230309,0.9671294106476818,0.7111562743743107,0.4756605572517622,0.07945729568882845
0.0,0.6311265269190168,0.8370105951119299,0.08458741312919102,0.5212551908739447,0.5061147482518138,0.6982217573221758,0.4855705938909846,0.9713214118514396,0.7628789460077359,0.4723610716342165,0.15756845796875402
0.0,0.7157291509576231,0.8306697423304398,0.06111176567540725,0.5256132407285672,0.5021377676471024,0.7412133891213388,0.5866577915834625,0.9752402612925511,0.8135532733047379,0.5566430795231213,0.5391184573002739
0.0,0.7332227416679234,0.8255674833740286,0.04479700994080108,0.5235237708156751,0.5001756624252388,0.7578451882845187,0.6574735596479548,0.9750037360267972,0.8394348380337244,0.6231579688263259,0.7759543486816206
0.0,0.6949178102850249,0.8217043999801262,0.03671774512049773,0.5236775938897421,0.5150980166115319,0.727092050209205,0.618038606611937,0.9713988690818188,0.8250225646647342,0.6113639347127645,0.6941106400868854
0.0,0.7306590257879656,0.8189245080830975,0.03244081509550202,0.5234686627769949,0.5155345695360556,0.7323221757322176,0.6686709562902153,0.969118865965172,0.8176933839555965,0.6602203586592442,0.6614231160004196
0.0,0.7258332076609861,0.8146554041595634,0.01950376368729662,0.5228640061889626,0.5150756465597798,0.7361924686192469,0.713578877301975,0.9646939848200328,0.7929329454279495,0.6961903104313172,0.8513124721933852
0.0,0.7416679233901373,0.814539240744658,0.02616278682495076,0.5206228333771571,0.4993004159392491,0.7506276150627617,0.7708453516751724,0.95858638457363,0.7724165449227303,0.7357706982580559,0.8047802500196558
1.0,0.6836827024581512,0.8105199775973156,0.014168305994270368,0.5187216180749046,0.4991130105247192,0.7162133891213391,0.8204200872716518,0.9527090715633622,0.7515679650025702,0.7237981299003231,0.8399103040429139
0.0,0.7480018096817975,0.8067487832223427,0.0015009173376415374,0.5212636002955164,0.4847439283496356,0.7347280334728032,0.8268619184971522,0.948652425308146,0.7474753709964279,0.6852986038760843,0.867078379314325
1.0,0.6735786457547882,0.8044143090991432,0.0,0.5151676089452555,0.4762855060264216,0.6230125523012553,0.8073663190592409,0.9445955063348932,0.7393558643255029,0.628954903970663,0.9296988990582298
1.0,0.6235107826873774,0.8058589005374018,0.011746683743543785,0.5096280506578664,0.4708260066620611,0.6355648535564854,0.8225057318245693,0.9396890701685016,0.7347119258130155,0.6383583639466672,0.9797005939305192
1.0,0.6109184135122908,0.8103395901803784,0.04233293207566166,0.5086160945529827,0.4572826837700901,0.6110878661087866,0.7601360846091261,0.935454382072444,0.7502002745064351,0.6232223505963187,0.8838075810245403
1.0,0.5456190619816017,0.8133682705949096,0.061193429151804625,0.5059900054293724,0.4665426942005537,0.5780334728033473,0.6648546705125362,0.9312307901631836,0.7570928333860463,0.5337027713136232,0.8809766657646587
1.0,0.5154576986879807,0.8164214657602958,0.07985978255543895,0.5029908907224889,0.4602974767014006,0.5832635983263599,0.7661637452851127,0.9271285400807516,0.7668124868874411,0.5457876060810919,0.8966299619075376
1.0,0.5254863519831096,0.8189460092209805,0.0994348105211094,0.5001993935096776,0.4561487868553295,0.5842050209205021,0.7417942459877228,0.9190532726794192,0.7337204207802088,0.5753120792485822,0.9984071133089248
1.0,0.4981149147941487,0.8253344004775484,0.13800342546351754,0.4975518006128522,0.4508347785079419,0.5923640167364017,0.7234524073663189,0.9130318330052992,0.7265570214615833,0.566523466788941,0.951028817454238
1.0,0.3994872568240083,0.8317039043790876,0.17776369223217114,0.4926468483973373,0.4464259382598793,0.5866108786610877,0.7308039346202206,0.9070424114215332,0.7104099089981188,0.5740219342627292,1.0
1.0,0.3967727341275824,0.8362654092662914,0.20397417228262524,0.4923805389621657,0.4504197248912926,0.5699790794979078,0.7444937504622443,0.9006595985613328,0.6949860362815032,0.5830675169226079,0.9333352229245216
1.0,0.3966219273111144,0.8337375158245367,0.1941148452292508,0.492374740204223,0.44783470859221536,0.5732217573221756,0.7426891502107833,0.8947728562089696,0.6888081236410104,0.5807904778551318,0.9813017960893028
1.0,0.4122304328155634,0.8331739208608074,0.19411560742075004,0.4937049402398425,0.4766212898081736,0.5707112970711298,0.7303601804600252,0.8890208702303108,0.6853363033573627,0.5746729632740272,0.9100743337160808
1.0,0.3705323480621325,0.8326649668247773,0.193067178541862,0.4937816175433206,0.4746923197156967,0.5429916317991632,0.7643221655203019,0.8822572588595003,0.6735033990550527,0.5524728126281357,0.9902909904868488
1.0,0.3729452571256221,0.8321101732645605,0.1923718716944694,0.4940151533613664,0.4743191576397925,0.551255230125523,0.8203757118556321,0.8741773368154366,0.6324712416038769,0.5829905688356279,0.9531652580124736
1.0,0.3969989443522847,0.8307594307260658,0.18830706995291965,0.492358957291741,0.4787477554700123,0.5543933054393306,0.7930404555876052,0.8665053140425802,0.6031238902059971,0.6206796875431759,0.8918802075145426
1.0,0.3679686321821745,0.8272138732165001,0.1795496786368476,0.4935132005764277,0.4941458317483821,0.5284518828451882,0.7806301309074775,0.8616540041520422,0.595967828955443,0.604200032592397,0.9369595975475556
1.0,0.4025787965616045,0.8255764079862448,0.17893493171934333,0.4928042844178392,0.5053624501243553,0.5353556485355647,0.6876266548332226,0.8555755407754102,0.6021609191287939,0.5859200167891484,0.9704022569191108
1.0,0.3564319107223645,0.8213415539934957,0.16860947900972634,0.4922881331768412,0.5182384227148151,0.4778242677824266,0.6708897270911915,0.8514465848677804,0.6144179052108758,0.622570703738807,0.9316357799503854
1.0,0.3697783139797918,0.8191227341481281,0.16177893030556734,0.493390478600421,0.5176520677342711,0.4567991631799163,0.5838769321795722,0.8461853456884032,0.6188271144012567,0.6123009738423506,0.6840799649788403
1.0,0.3663097572010256,0.8178743314123588,0.15419799664475975,0.4930345662597329,0.5180532758302254,0.4448744769874478,0.5562088602913983,0.8442159964577078,0.6497263651555003,0.5921101929412425,0.5251228172576485
1.0,0.3507766551048108,0.8200630351770918,0.16736217209491489,0.4916797036209389,0.5009632016929523,0.4482217573221758,0.5484283706826418,0.8446077320928074,0.679297805871445,0.6341072507452844,0.5130113332360532
1.0,0.3407480018096818,0.8242628507274764,0.1883960755783546,0.4909105576038012,0.5185897333407565,0.4671548117154812,0.5671178167295315,0.8459205816643038,0.7065752197495309,0.6502409881771394,0.65491998638066
1.0,0.30410194540793234,0.8264017173065671,0.2026678730220479,0.4914366193636793,0.5182632989482786,0.4526150627615062,0.5340803195029956,0.8447595283257596,0.7173942151001944,0.6717813023515972,0.5833211732088142
1.0,0.3017644397526769,0.8250799019985181,0.19164003349969014,0.4910910502781489,0.5166524445994384,0.43221757322175736,0.5745506989128029,0.8431337143024984,0.7434268879578344,0.6573904725117052,0.6496181720900832
0.0,0.3473080983260444,0.8216891924777036,0.17478722132467892,0.4914328577274918,0.5148885977806156,0.4504184100418411,0.7131499149471191,0.8405364801847419,0.774798004167746,0.7426625532006522,0.959628386594678
1.0,0.35062584828834265,0.8179869742267899,0.1645257642764223,0.4916907416449161,0.5071634647482827,0.44372384937238496,0.5955180829820281,0.8328772745362567,0.7568378501405033,0.6925557354826936,0.8860370296103192
1.0,0.3357713768662344,0.8170623262671223,0.17008327381742047,0.4901459159920652,0.5069219238623577,0.4032426778242677,0.6255380519192371,0.8304208940963862,0.7626891938005433,0.6811072320139945,0.9600628300247316
1.0,0.3172975418488914,0.8182096213421383,0.18637928650246452,0.4921615686138812,0.5155625663465735,0.39173640167364016,0.5983433178019376,0.8260905752781096,0.7592585837042689,0.7017671872999766,0.8817749492971524
0.0,0.3392399336450006,0.8201684343152876,0.20025188775611616,0.4943669256037332,0.4846526388726672,0.4493723849372384,0.6128097034243032,0.822833058849679,0.7759377750307401,0.6728157387538778,0.9362141408287464
0.0,0.3741517116573667,0.8179739494617476,0.19320783557856155,0.4938648205912346,0.484464326969396,0.4932008368200835,0.5701575327268694,0.8190197301552955,0.7847695360901157,0.6312405310887711,0.7672060753051562
0.0,0.4463127733373548,0.8157587462281911,0.18254085844972504,0.4966676631613475,0.4798040034267557,0.5266736401673641,0.5707196213297836,0.8161105788631888,0.7804093036528299,0.6320004920234938,0.7905848674008985
0.0,0.41079776805911616,0.8132831510145279,0.17132221998598468,0.4971871638746211,0.4810927304641034,0.5115062761506275,0.6213297833000516,0.8129332774717672,0.7790900962639051,0.6822286083862201,0.7314222098524905
0.0,0.4141909214296484,0.8118446860800167,0.16977160816139844,0.4937707322873516,0.49819042191616497,0.5130753138075314,0.6085644552917681,0.8094334309754299,0.7703770670617154,0.6713719465247588,0.6533736233151753
0.0,0.4297240235258632,0.8129750428710584,0.1818236222236181,0.4951447746620692,0.4894301683681055,0.4872384937238493,0.5488869166481769,0.8089868413648118,0.8059440346547709,0.6071071068235205,0.3633258618849397
1.0,0.3613331322575779,0.8168813243072707,0.21209798661238707,0.4928978983630474,0.4832087454681908,0.4823221757322175,0.4929738924635749,0.8108468727976899,0.8513247668957573,0.52829349904442,0.3682712491550128
1.0,0.3481375358166188,0.8211467730656136,0.23870941409029095,0.4919538531240027,0.4895564125532498,0.5176778242677823,0.5655129058501587,0.8130328089626107,0.9062476357432052,0.569397939384487,0.5095883587718352
1.0,0.3692504901221535,0.8253980613257569,0.26821377874172675,0.4936913590605954,0.5220593473306345,0.5046025104602511,0.6181051697359664,0.8117741825237106,0.9504725168740636,0.5930165694712118,0.6802220087522673
1.0,0.2719046900919921,0.8285757900091887,0.2946187721792057,0.4892589061135388,0.5164168740020141,0.4639121338912135,0.6554322905110566,0.8088814027625209,0.9609695721602602,0.5826900991314816,0.7125630571487787
1.0,0.2123359975870909,0.8311150700601319,0.3231703696007366,0.4876477171976679,0.5117705828518269,0.4106694560669456,0.7017528289327717,0.8051359488162293,0.9653627082654632,0.5819447703814165,0.7861860908224834
1.0,0.2528276278087769,0.8298282483683014,0.3330724905193631,0.4909347344201009,0.5188917504586669,0.4019874476987447,0.7108128097034248,0.7992627639742649,0.9304957851268424,0.5901282507606921,0.7383639509020521
1.0,0.26134821293922483,0.8266273763698523,0.3314074474239377,0.4917424381352183,0.5249282267776766,0.4162133891213389,0.7999186450706313,0.7954739546740901,0.9389621822957824,0.6028244236154822,0.7998795798675384
1.0,0.2798974513648017,0.8282772925362997,0.3458567447229394,0.4896540312994068,0.51813225431359,0.430020920502092,0.7876636343465724,0.7921003899311554,0.9563260911480138,0.5733965259571362,0.8835617845913568
1.0,0.2532800482581813,0.8284771242475794,0.34794514559199696,0.4875907984295706,0.5167812216542016,0.4351464435146444,0.7625101693661709,0.7877437891863956,0.9969462185040529,0.5272149503642243,0.9148599494461678
1.0,0.2516965766852661,0.8287832805503536,0.34379997803557755,0.487193091758779,0.5152902799929197,0.4065899581589957,0.81213667628134,0.7799557882082382,1.0,0.5581244195644273,1.0
1.0,0.2447594631277332,0.8286890439430309,0.34197022086096684,0.4864272526721918,0.5172755183288459,0.3872384937238493,0.8544782190666376,0.7714321997123585,0.981718252016592,0.583751933567645,0.8772865527138758
1.0,0.24264816769717995,0.8280263466840933,0.3380362773454072,0.4865080009407528,0.5150152063097421,0.4135983263598327,0.8740551734339176,0.7670314138677989,0.9575960168657374,0.613947009105651,0.9504410212370052
1.0,0.2706228321520132,0.8256679665583292,0.3251001032714084,0.488808397445258,0.513570129740032,0.4107740585774058,0.7888617705790995,0.7616542934730803,0.9250367284863056,0.5573360206626112,0.9559843400447432
1.0,0.3029708942844217,0.8212095498412665,0.30007804043587305,0.4878267724136222,0.5125823227447824,0.4129707112970712,0.8516012129280381,0.756325821948107,0.9077656822167957,0.5330125410979605,0.95909768829232
0.0,0.3251394963052328,0.8175545363970326,0.2789034014276817,0.4860585419353043,0.5153329934062271,0.4281380753138075,0.8640115376081652,0.7486278126108361,0.8637121442328562,0.5393669653842977,0.9592917362975756
0.0,0.3426330870155331,0.8161295848041618,0.2711916763673661,0.4838317604742079,0.5151903411840045,0.4293933054393305,0.8499223430219658,0.7412936716016005,0.8288301003609693,0.5829639819407041,0.9445706667668092
0.0,0.34399034836374603,0.8158686861546774,0.2676174877510312,0.4839963332510617,0.5086042380932507,0.4395397489539748,0.8843354781451074,0.7349592284097948,0.7969430607377048,0.5448887782496776,0.9847683274228232
0.0,0.3422560699743627,0.8206778169598145,0.28998786955887235,0.4838895741895108,0.5043721222106223,0.4473849372384937,0.7832260927446199,0.7272739503101866,0.7740954592870397,0.5310378322515632,0.8373561792821846
0.0,0.29052933192580305,0.8250876180773395,0.31179996831813706,0.4798873463934798,0.4997452425635901,0.4634937238493725,0.7847348568892836,0.7223695172356823,0.7802109998505571,0.5318526072391608,0.8328340552195239
0.0,0.2828381842859297,0.8290033158313627,0.3391431612607854,0.4829138241829153,0.4841036156520912,0.4535564853556485,0.7957547518674658,0.7150142981080749,0.7745053560174604,0.5375803261028925,0.8116926482092777
0.0,0.31360277484542304,0.8291202217529655,0.3425627856553076,0.4856045267624915,0.48111483577985,0.4965481171548118,0.9046372309740408,0.7071164467757621,0.7370156060807775,0.5643058236249588,0.9585948978228932
0.0,0.3155632634595083,0.8281807836862348,0.34377407521919545,0.4858008456621353,0.4977513997978125,0.5035564853556485,0.8748613268249394,0.6949194804357028,0.6741932421714039,0.5530704776593676,0.9824309721652952
0.0,0.31194389986427384,0.8259524622475466,0.33511518705798354,0.4853878750396842,0.4955026941227405,0.4835774058577405,0.8979809185711116,0.6823138580319159,0.5671689739667771,0.5646605876845664,0.993641640571298
1.0,0.3042527522244005,0.8238235571957241,0.3325904217600482,0.4845111052412076,0.49393024451226203,0.4465481171548118,0.9845203757118558,0.6725138654778648,0.5167147170918793,0.6036185309034658,0.9712132279699844
0.0,0.3090785703513799,0.8210650406302252,0.32427228306416306,0.4849680759403248,0.5708937743994589,0.4567991631799163,0.8161896309444565,0.6630622474172148,0.4696198548321775,0.5124633293131329,0.962203860305984
1.0,0.2109033328306439,0.8170479257025599,0.3125807999709239,0.4744517912000175,0.5559226816471083,0.2866108786610877,0.8031876340507358,0.6574659664555011,0.4727883923082806,0.5082963553221135,0.9848906208484638
1.0,0.2013270999849192,0.8148373209586203,0.3057042279903962,0.4726503659893251,0.5601798334118272,0.22144351464435147,0.7343317801937725,0.6495661192653437,0.4553438322773919,0.4808275601150728,0.8
1.0,0.21505052028351687,0.8145091096975531,0.2992751235549673,0.47424226935141495,0.5625055878423562,0.2557531380753138,0.7708083721618224,0.6448676195969316,0.4396736675124479,0.5089784232221323,0.8900516913031652
1.0,0.2289247473985823,0.8155603865603135,0.28963708328852844,0.4719130135134465,0.5511483463591784,0.2718619246861924,0.8330227054211969,0.6352369636452586,0.4073283242858366,0.4950439065982821,0.9793597533327294
1.0,0.21723721912230431,0.8163736572101191,0.2794253766071013,0.4704083922447997,0.5526393875963151,0.2385983263598328,0.9046963981954,0.6242545259812617,0.3546704965599685,0.5306200806673516,0.983891658114646
1.0,0.19657668526617414,0.8176987203743599,0.278880667155769,0.4720589307324579,0.5584665691506471,0.2225941422594144,0.7578729383921305,0.6167622577097298,0.3296019351605704,0.4971696802356238,0.7811755509231684
0.0,0.2193485145528578,0.8201732300312709,0.288290053173394,0.4744348401195215,0.5621646129693362,0.25679916317991625,0.6994674950077657,0.6170666911629206,0.3425946631016312,0.4532293035576046,0.786982578916021
0.0,0.2346554064243704,0.8225994761581811,0.2955272717837996,0.4760501178247245,0.5514911385896313,0.28263598326359823,0.7362473189852822,0.6178857213472506,0.3424877869187598,0.4754140561893678,0.9670562835020842
1.0,0.20931986125772895,0.8253567552810744,0.3040511813110505,0.4772932935694406,0.5533642649839787,0.2644351464435148,0.5894904223060425,0.6132602937095553,0.2987735330689682,0.4468572987343766,0.9601777699551176
0.0,0.19371135575328,0.8277553122770792,0.32272012090113594,0.4795416318412907,0.5531566842547929,0.2564853556485355,0.5890318763405075,0.6121686292351649,0.2928050813576341,0.4469243428916176,0.9050779510022272
0.0,0.20916905444126055,0.8285850140433312,0.3332950566317362,0.4773549887433426,0.5448479431893456,0.2712343096234309,0.5354929369129501,0.6111303390701976,0.3036599262867288,0.4185667279781891,0.9300445434298444
1.0,0.1958226511838335,0.8286265415386836,0.3445512909130478,0.4755878120125054,0.5462970462950489,0.23399581589958146,0.4436358257525331,0.6103766447847874,0.3287090374246249,0.4258950706479193,0.8232770883942837
1.0,0.18451213994872567,0.8286031877019796,0.3415965685820706,0.4742898954547965,0.5408027644202039,0.21736401673640185,0.4760150876414465,0.6090479232256021,0.3047205125114624,0.4406289133486939,0.8384339136544614
1.0,0.19763233298145055,0.8305937116428411,0.3549140788490906,0.4718334565982476,0.5430467494883726,0.2215481171548116,0.5112417720582796,0.6039779595566563,0.24493082083815004,0.457308940901581,0.7979168621563288
1.0,0.18217463429347006,0.832574479189948,0.3555640486123597,0.4705188305566448,0.5284984496447107,0.2218619246861924,0.5054359884623918,0.5975368616077403,0.16353532178382027,0.4545951107433999,0.749160176409871
1.0,0.1696576685266174,0.8357899698402568,0.36008750933986183,0.4690783821977659,0.5202704126712756,0.20407949790794985,0.4855927815989942,0.5944928160487617,0.1391766879082536,0.44483597019264093,0.6173594820305899
1.0,0.12728095309908022,0.8361666543464222,0.3398381942445646,0.4680203707153178,0.5286070447232183,0.15721757322175747,0.3702906589749277,0.5936033513222354,0.1428485156942838,0.4445954196707744,0.5833911982734351
1.0,0.15729150957623272,0.8353805392470667,0.3198441239798725,0.4708205046010741,0.5060707486493613,0.15617154811715472,0.3334368759707121,0.5971903389877982,0.1855177773398051,0.4247663594191852,0.4812799099183637
1.0,0.13482129392248526,0.8333625693600052,0.3028302978114377,0.4672668966012036,0.5123373357357426,0.09121338912133904,0.09010428222764556,0.5991816563492591,0.18823969347952152,0.3530415974934084,0.14768271219933976
1.0,0.17478510028653302,0.8355603332672722,0.31388667013623345,0.4679055016519436,0.4632689765938802,0.13242677824267793,0.2834109903113675,0.6071203277230974,0.2265357764330248,0.3919198943865884,0.401064709380757
1.0,0.1128034987181421,0.8400228900472099,0.3409208855195256,0.46479145965491603,0.4959976360173586,0.08441422594142266,0.3134235633459063,0.6067192613698198,0.2293892681090463,0.4086907176547804,0.3682530933143797
1.0,0.11302970894284405,0.8445744399112908,0.3458076142645343,0.4652629171868299,0.4965248270788042,0.10648535564853548,0.267176983950891,0.6065614444501006,0.24945968211772346,0.4359746232685392,0.3365729122847736
1.0,0.1384406575177199,0.8507750653859726,0.35032922482086376,0.4641805017855566,0.4639323552640706,0.12029288702928885,0.3460468900229274,0.6086492484621975,0.2633254843543303,0.4306056966362977,0.3370515963387923
0.0,0.08090785703513809,0.8561550285605396,0.345659399285725,0.4629842716041123,1.0,0.11673640167364027,0.31884476000295825,0.6086633298410613,0.2319569387681427,0.4650454058630686,0.2864561423867476
1.0,0.0,0.8625326360255036,0.3618222168375805,0.4557527301990848,0.4722145215067446,0.010878661087866177,0.23359218992678046,0.6121933629080699,0.23141064220387844,0.4021409561916625,0.002117313785903468
1.0,0.008595988538681931,0.8652847622067757,0.3676356370644686,0.4530512358491882,0.4841344030891848,0.016071428571428584,0.28338140670068784,0.6220990870305123,0.230466103257186,0.4243841225639508,0.02091396975117926
0.0,0.08671391946916003,0.8681733570560392,0.37457729136690177,0.4580341000036934,0.5286035530325903,0.07137408739239415,0.3807410694475261,0.6319376923965894,0.25702330183140554,0.4294914113646137,0.08375625572707363
1.0,0.07804252752224394,0.8690002432566725,0.3709442989984982,0.4609359559189434,0.5431233643793069,0.06963059823471739,0.3949633902817839,0.6416987176336735,0.2747716734936171,0.4372514644957389,0.046088991084755136
0.0,0.18013874227115054,0.8709234525187955,0.3664527386957036,0.4681364438279889,0.5390561351521472,0.18317532962841887,0.3688558538569631,0.6517141989117088,0.327495680114992,0.4269861141844147,0.12978102189780946
0.0,0.15201327099984913,0.8718073663930347,0.3649010200314908,0.4684143279152696,0.5531889981303418,0.14536340852130328,0.3349530360180457,0.6566438094747775,0.3370472867308489,0.4560946712659299,0.0581995133819942
0.0,0.17674558890061826,0.873703707042038,0.3753477156276248,0.4712824970665037,0.5459752445472724,0.18753405252261093,0.4831373419125807,0.6608862865866267,0.3300213485399396,0.4905655001739478,0.25577517288734153
0.0,0.19627507163323785,0.8752462474403656,0.3869118671960584,0.469595093721738,0.5440986693983973,0.19788601939631684,0.539997041638932,0.6613114919002092,0.32017349182169696,0.5226190050732307,0.4588013144342538
0.0,0.19152465691449252,0.8767632927368666,0.39935315955674106,0.4727542715970843,0.5400395677322366,0.19232864770622216,0.569255232601139,0.6630380124654864,0.3425288043185037,0.4888779390122708,0.4823924665260678
1.0,0.16799879354546826,0.8789814723283543,0.4126355564288293,0.4737238909550199,0.5381494228515309,0.16595837419636067,0.4277864063308928,0.6654700038201964,0.3883621069149139,0.4624812165557535,0.3547746333807445
0.0,0.16860202081134054,0.8817643466619184,0.4276747028310187,0.473739291504895,0.5419368092257768,0.16345210853220002,0.3530064344353228,0.67110889989593,0.43159646236747257,0.4772682396788946,0.3103143852077098
1.0,0.128864424671995,0.8843651711719146,0.4383227814661032,0.4725433164329852,0.5383783480327707,0.11517925247902355,0.3130315805044004,0.6746222955638121,0.436514948647556,0.504931092296189,0.20388444749619852
1.0,0.14356808927763526,0.8878304151853048,0.4469708060592716,0.4743079159868458,0.5380184672927427,0.13926119646943444,0.4712817099326974,0.6779826890573066,0.4167120884964091,0.5348319248785527,0.5418117612438078
1.0,0.12554667470969688,0.8906951225644265,0.4543184583868327,0.4758690150411034,0.5311622196647283,0.12073662416911855,0.5070408993417647,0.6764591599476497,0.3672679921608518,0.553765614095265,0.5305802148217177
1.0,0.14997737897752988,0.8929891801717215,0.4551876809188946,0.4749905555732513,0.5413625085566042,0.15517053503323536,0.6209082168478667,0.6767320548084619,0.3474003537593604,0.6163593494635969,0.9431065770758748
1.0,0.15578344141155198,0.8947146773962903,0.4597270911265052,0.4754774382800927,0.5409340284391243,0.14994006756020506,0.5309740403816287,0.6699100889604503,0.2785585727787563,0.6161541998903295,0.8336486523539258
0.0,0.14123058362237986,0.8983347554017721,0.4734931321336366,0.4754296371307475,0.5265143433971824,0.12890922959572856,0.5677316766511352,0.6641091528804881,0.21580529297304074,0.636159786685982,0.6603602862548338
1.0,0.09855225456190614,0.9014724528065022,0.4883959188118282,0.4746854845813926,0.5040019013075977,0.1079873597036068,0.6595222246875232,0.6578827351003679,0.14419606073331115,0.6363497960098807,0.7719283814537592
1.0,0.10488614085356657,0.9047311201632404,0.5012246169286673,0.4748793103140989,0.5341883897416306,0.08880897896916208,0.6368685748095555,0.6521540232102141,0.0967627269950655,0.6272346175281759,0.4805077311108677
1.0,0.11672447594631268,0.9053449352963568,0.4989342217010159,0.4725522207105088,0.4449715290685755,0.10384657295412444,0.5993861400783964,0.6524884324603881,0.0877539611519384,0.6034555589794611,0.5586429193233423
1.0,0.09666716935605484,0.9036136727818291,0.4860740841288737,0.46920382806940003,0.5045121779806939,0.05317641930914237,0.4684342874047779,0.6522092833787636,0.07750306870218943,0.5826656712083741,0.3793614568383416
1.0,0.17463429347006482,0.9023311650903671,0.4742215531792633,0.4742052124214077,1.0,0.08684755366677561,0.5679535537312329,0.6577297671660916,0.10495978766129266,0.584011860980483,0.4123473637155032
1.0,0.1568390891268286,0.9022938789243292,0.4676763895844312,0.4717516910111692,0.4450427337852495,0.06080418437397856,0.3734708971229935,0.6607320120240441,0.10412336289834184,0.5464276266869319,0.29576735759828743
1.0,0.14115518021414564,0.9057270695724944,0.4775673630189375,0.4736754422672014,0.4261612856023729,0.003889715135568052,0.3964055913024183,0.6683663353416059,0.1347987441294703,0.5050873379371815,0.3611509775780535
0.0,0.20532348062132397,0.9110801074182798,0.4993608967629765,0.477616734147838,0.5509883343186469,0.021768707482993085,0.5242807484653502,0.6725011287138489,0.1362694312692771,0.5129859314336837,0.7154083241182984
0.0,0.20992308852360128,0.9150282940781456,0.5170317190850269,0.4787531674559717,0.5633610616540486,0.06056037190601825,0.515723689076252,0.6729056280213173,0.1385946334173953,0.5087659398299347,0.7540408912312082
0.0,0.21587995777409133,0.9196604951547146,0.5326217202990284,0.4756929123448149,0.6242443619747005,0.06520919713531848,0.3602026477331555,0.6731176964178556,0.13928591175342284,0.4820840402208539,0.4793308707620642
0.0,0.18926255466747088,0.9225158710528326,0.5367282036150979,0.4763302636800224,1.0,0.039326548561377,0.3624731898528216,0.6755633605875444,0.1490153282671242,0.4831373803774273,0.4774311090867688
0.0,0.18405971949932126,0.9250016414614498,0.543158676135073,0.479394872716203,0.47625230789063794,0.031662269129287726,0.4305672657347829,0.6772902507835981,0.13476436148106047,0.5188992294050627,0.409246185379185
0.0,0.2217614236163474,0.926464739685664,0.549461766749442,0.4799833644555546,0.4806096954190642,0.07450684759391893,0.5023223134383551,0.6784221070993364,0.11108832905872773,0.5519389104124685,0.7263493509451144
0.0,0.24958528125471266,0.9270415284037188,0.5508313601262275,0.4794565168640298,0.5237952362695006,0.11106922980273908,0.6270468160639004,0.6774364337762253,0.09137381834122517,0.5630699853285388,0.9153268048280568
0.0,0.28615593424822794,0.9282574965409176,0.554485049416811,0.4798822892719993,0.4880608197789571,0.15705490639527578,0.6114488573330377,0.6747298351534898,0.07386872241973974,0.5543604067316535,0.9395809610567064
0.0,0.27273412758256665,0.9290041908804748,0.5579363966086658,0.4819938891807806,0.4594737297629964,0.13707752230179665,0.4367206567561568,0.6729348043928223,0.06503604856889439,0.5234290990187134,0.7661125028467315
0.0,0.2719046900919921,0.930911478366456,0.5690182990799182,0.4817474457500462,0.4996543604665421,0.12124638773715295,0.3859034095111308,0.6745607266558578,0.06895431501044152,0.5498057387515051,0.6126564222265446
0.0,0.2776353491177801,0.9326983457563688,0.5741094474753006,0.4825256431519314,0.4865769533579681,0.14222892323156167,0.3576288736040233,0.6764620391574674,0.06804198004250689,0.5388785840046598,0.5945325292543635
0.0,0.2902277182928669,0.9344543051155616,0.5817511741136973,0.4802519807511056,0.4838129100239928,0.1598190727478326,0.3421492493158791,0.6792108628774765,0.0695620352553436,0.5336975679219442,0.5822934928328343
0.0,0.2979942693409741,0.9343013059942404,0.5715998179729455,0.4773619831156186,0.4914647239525391,0.1603216484482974,0.1942755713334809,0.6795819826548826,0.04404451510131169,0.5153297546706406,0.35770954409412725
1.0,0.2772583320766099,0.9350255490118188,0.5673857364663624,0.4743897226986244,1.0,0.0903379821585626,0.14586938835884894,0.6836360316441865,0.030404343469022318,0.4796945850023571,0.2106329188781623
1.0,0.2345045996079022,0.9364203817741104,0.5646195742710747,0.4727984225492138,0.4888107433580964,0.03844704108556354,0.07951334960431877,0.6896142810268633,0.02769496526390114,0.4851058356052829,0.09836669170385423
1.0,0.26293168451214,0.9402247034585276,0.5877142786023021,0.472515975923591,0.4964159308064962,0.02098369419941183,0.1177723541158201,0.6990530845236662,0.04412824712316349,0.5000298656309519,0.10256126482213493
1.0,0.29445030915397363,0.9419968363310006,0.6042450533031586,0.476434550748981,1.0,0.07326759791837842,0.20804674210487376,0.7070320535490724,0.058842388134596864,0.4865803075399328,0.2091458972230224
1.0,0.2735635650731413,0.9430843102459152,0.6156232147866153,0.4734410526050018,0.4055847722139964,0.006025746370857267,0.1326529102877001,0.7123609279533556,0.06260305017628638,0.4070222563412821,0.004913505362498248
0.0,0.34444276881315017,0.94219432463189,0.609560911203593,0.4781521222441368,0.422023723555477,0.07715517241379277,0.2762443606242145,0.7233778029388434,0.10807448034652156,0.4778783118057048,0.2316228601960505
0.0,0.3735484843914944,0.9410310104445422,0.6013330575821141,0.4777906299279514,0.4413281846699518,0.08275862068965506,0.2562162561940682,0.7278127812147093,0.13237383638474026,0.5229170226109794,0.19765116378026487
0.0,0.3781480922937717,0.944039354243768,0.6169937126945516,0.4782844115951936,0.4089330619234126,0.07227011494252876,0.24794024110642696,0.7328316256930241,0.15962395044063155,0.5120366383760219,0.1501425471256546
0.0,0.3268737746946161,0.9490623831006187,0.6441089225411301,0.4727682498038646,0.39370935538790897,0.08477011494252841,0.2575918940906732,0.7378498851603803,0.17951635966517626,0.5179455333924333,0.20969320454448734
0.0,0.3565073141305985,0.9552749453609778,0.6797999302978127,0.476242547154425,0.3609096809694428,0.14942528735632152,0.3676059463057468,0.7427148199074136,0.1972747064545175,0.5455509299659576,0.4086634611293145
0.0,0.3436887347308099,0.9575976585290116,0.6917274777441974,0.4785378571624777,0.3865873005414536,0.14022988505747114,0.3688188743436137,0.7436480395288441,0.19272739031889652,0.546367061078349,0.41470575720182135
1.0,0.3013874227115065,0.9584997771429068,0.6946575011015568,0.4770785291412056,0.4198119257774682,0.06465517241379311,0.3031210709267064,0.7465785661720616,0.2036353209091082,0.4638705909103169,0.15512105867835474
1.0,0.3219725531594029,0.9601130396359042,0.7004139135610857,0.4756757792176739,1.0,0.06781609195402298,0.2888469787737593,0.7539551969366722,0.23071288730011086,0.4565867321631771,0.24494702353091385
1.0,0.3067410646961243,0.9611960895354468,0.7049109347632143,0.4777120680920591,0.3677290423290627,0.0622126436781607,0.23263072257969056,0.7604614165653432,0.24653115843257886,0.35858006335178344,0.06269945959746448
1.0,0.2970140250339314,0.9645719079094756,0.7188548334493406,0.4764120766679023,0.34099190154539444,0.03390804597701128,0.2973300791361587,0.7702871192963292,0.2781124714429196,0.3915987541857184,0.0010019060651968491
1.0,0.3304177348816166,0.9672779957982696,0.7302839400897331,0.480516896734109,0.3366811917823509,0.12758620689655167,0.3935581687744992,0.7800570717879289,0.3065640262064282,0.4661115786159439,0.08976798653297308
0.0,0.32619514402050964,0.9700974013077662,0.7429143712920616,0.4799948904885548,0.3083134558795513,0.11824712643678148,0.3980400857924709,0.7857062505732109,0.3199551031093827,0.4704673719159299,0.14751518700139055
0.0,0.32265118383350944,0.9707250016635028,0.7435992375704839,0.479618058267704,0.32793781979236725,0.11939655172413798,0.4495969233044893,0.7911544321218527,0.3256333264497091,0.4763968707627438,0.16492364645996996
0.0,0.3534157743930026,0.9725037860838488,0.747297345604831,0.4794023900659243,0.3626967447804056,0.14123563218390786,0.4836032837807851,0.7959143894084619,0.3329209648503891,0.5152819365741238,0.3238399634724033
0.0,0.3633690242798974,0.973336051304937,0.7481290005764716,0.480684991261137,0.3168333845175002,0.1926724137931034,0.504171289105836,0.8000429777897291,0.3529764154282741,0.5415338597789385,0.8206152616859803
0.0,0.3484391494495552,0.9744949575159516,0.7531115006449101,0.4788216924826637,0.3672927900225599,0.14813218390804606,0.4484579542933215,0.8016037042470456,0.3731569676592758,0.5229035089995381,0.639603457041182
0.0,0.3822198763384105,0.975433461953192,0.7560035099826427,0.4789993298845717,0.3892919618061103,0.19281609195402286,0.4399822498335921,0.8029643286162005,0.39032412377132375,0.5142162597276443,0.6527116587323821
0.0,0.3876489217312622,0.9766386873279774,0.7609929685225514,0.4796833944532986,0.3740540872392811,0.2218390804597701,0.4471858590340949,0.8036361725132659,0.40826230418491705,0.4732167932418301,0.5805652981225484
0.0,0.42105263157894735,0.9773762514533464,0.7663796177170158,0.4797806327622189,0.36544844936226345,0.2847701149425287,0.40378670216699897,0.8035642111333974,0.4150055442827158,0.4733887483111862,0.4633578906552918
0.0,0.4222590861106922,0.9762346717896712,0.7683263632198242,0.4798875250721593,0.3689113446036027,0.2576149425287353,0.40137563789660535,0.8043944744765399,0.4286945768442677,0.4688739686703083,0.3711059619699159
0.0,0.4209772281707132,0.9748592902493746,0.7671778716449588,0.4797088915370205,0.3717343802401441,0.22830459770114925,0.4241624140226312,0.8046693482899205,0.4180565040748844,0.4450857736165639,0.441943433005994
0.0,0.43085507464937395,0.9741814037254178,0.7643433074772996,0.4771133186789839,0.3764671961942153,0.23548850574712624,0.4717920272169219,0.8035573844149557,0.3914242158695857,0.4550797347940324,0.5296995108315873
1.0,0.4190921429648621,0.9750578897308132,0.7656467926630552,0.4757208245873434,0.3856397405964093,0.1998563218390804,0.5101397825604612,0.8015502136140908,0.35690453632757124,0.5004929661995705,0.4887270587369891
1.0,0.4316845121399487,0.9769932649364927,0.7704444140789957,0.4772206345324912,0.3565961465379545,0.2442528735632184,0.5242437689520008,0.7999671354831479,0.34123017973106234,0.4659582807898837,0.5436757512229227
1.0,0.40205097270396617,0.9796031358148416,0.7858846197994807,0.4774746769014036,0.3121185838190694,0.2017241379310344,0.4966940315065456,0.7981636951817346,0.330255273536477,0.4344580585958861,0.34054213100886405
1.0,0.3742271150656011,0.9808771634236332,0.7983650529699103,0.4778776945148661,0.3226176982404715,0.1620689655172414,0.5265069151689962,0.7982626744678525,0.327896653067966,0.4180285306195371,0.3449556806061269
1.0,0.39036344442768817,0.9817414301330042,0.809896660010529,0.4760282115660439,0.3278517151565268,0.16609195402298854,0.5035500332815626,0.7985693172610533,0.31629749371515625,0.3927648396001675,0.22292103424179086
1.0,0.4062735635650731,0.981880986889261,0.8156033133450478,0.4742020975655358,0.3252608907924707,0.19109195402298831,0.5465572073071521,0.8005561291185004,0.31354306434426144,0.446397826739767,0.44918901026150265
1.0,0.4028050067863068,0.9842883759518064,0.8285593537220792,0.4737707622541595,0.3271171762945986,0.17729885057471273,0.5513497522372605,0.8013824621988709,0.311485648706106,0.4521452329209159,0.4136967155835093
1.0,0.3843311717689639,0.9874412084711868,0.8428436766939594,0.4716706161168874,0.3604086057947348,0.18649425287356308,0.4711411877819681,0.8023875939312384,0.3167689551781479,0.4000426217168635,0.2086873367906128
0.0,0.4064997737897753,0.9907080274976556,0.8594109626418402,0.4743155559850321,0.3215570622563121,0.2431034482758619,0.496339028178389,0.8062041575408878,0.34146150897400834,0.3817656217217463,0.2592503700147988
0.0,0.39511385914643343,0.9908885404579308,0.8637449199062521,0.4729592037974959,0.31477203811788185,0.21781609195402296,0.4954958952740184,0.8093195115488994,0.3603922022179286,0.3807719150344308,0.2981319252770103
0.0,0.4066505806062432,0.9904007090816316,0.8735119929243503,0.4742625416649157,0.3183688212236201,0.20143678160919515,0.4377856667406255,0.8130807897864307,0.3942148647326886,0.3623563449228701,0.22924916996679684
0.0,0.40793243854622224,0.991938387135379,0.8888197520790941,0.47439762495406895,0.3795479654528839,0.19410919540229876,0.41831225501072383,0.8177727833121868,0.42672614179965707,0.3449493497982661,0.29329173166926586
0.0,0.4144925350625848,0.9948381338902921,0.908980483620015,0.4752511509290444,0.42524002601038413,0.260919540229885,0.4642556023962722,0.8212837960370023,0.4561993221669629,0.34380527140619177,0.5302212088483514
0.0,0.44412607449856734,0.9981107177226926,0.9232356222678396,0.4787010089312271,0.4573006387716985,0.3181034482758619,0.5141705495155686,0.8218279672484661,0.4571392692755509,0.3548517896149413,0.7596703868154726
0.0,0.4729301764439752,0.998096658480525,0.9235000174747758,0.48199927829922,0.4404466300925613,0.3837643678160917,0.5518674654241554,0.8201451564266597,0.4623768642326964,0.3520952432004719,0.8616744669786793
0.0,0.5051274317599154,0.9972074077404948,0.9206644095871812,0.481940330890704,0.4633626443637213,0.4112068965517238,0.5553657273870277,0.8168237758929053,0.4665618538087319,0.35628067207359576,0.8261130445217798
0.0,0.4997737897752978,0.9961235193680856,0.92323405427679,0.4813908055071445,0.4370898711621861,0.3862068965517241,0.6124916796094964,0.8140710806318958,0.4642222065052735,0.3756436044857636,0.9760390415616632
0.0,0.4971346704871058,0.9965848924624378,0.9308453140902624,0.4810587918584327,0.4395184658237893,0.3913793103448273,0.5955106870793581,0.809379662911063,0.4504210013129185,0.4131256760448577,0.9684469103384024
0.0,0.5019604886140853,0.9972313777089736,0.9443333120741352,0.4815938153925229,0.4614561124217296,0.4086206896551724,0.6033799275201539,0.8066195166905656,0.4434641390284444,0.4221869298314393,0.9542457805907181
1.0,0.4853340370984769,0.9989977265470624,0.9597557920837548,0.4797673270375741,0.4602287559904423,0.3681752873563219,0.5223060424524816,0.8045225682166066,0.4551991194161914,0.3647479549838247,0.8311132031066125
1.0,0.4480470517267381,0.9997381417219896,0.9715296377971664,0.4791740126809704,0.4700926959834992,0.3431034482758621,0.4361733599585832,0.8041030566540182,0.4591830713819946,0.30778252103981546,0.4880333433592581
1.0,0.4687829889911023,0.9986099609028994,0.9678524384423614,0.4778174606150046,0.4686856897064416,0.3537356321839077,0.4394645366466978,0.8040980660342558,0.4586174529046753,0.3123352268650258,0.4702874575688567
1.0,0.4975116875282762,0.9956941306157536,0.9595375227351528,0.4811971443966098,0.4638311343200159,0.3390804597701148,0.4662007247984615,0.8037635221801421,0.43160647482990655,0.3480996855989113,0.3930305504232352
1.0,0.4990951591011914,0.9941353763120744,0.9665899760052892,0.4813849152508467,0.4566506772089873,0.3373563218390803,0.4189187190296578,0.8039510722011819,0.4146562299506157,0.3353653340461253,0.22498173849525105
1.0,0.5034685567787665,0.9941676626584172,0.9737863448229691,0.4818668542770908,0.4590325820538624,0.3560344827586208,0.4190962206937351,0.8069160170824401,0.4051446529362667,0.33556114245260377,0.2157865337515552
0.0,0.5220931986125771,0.9943168316252574,0.9714261545649078,0.4802877962035554,0.4504856829473533,0.3689655172413791,0.4089712299386137,0.8102691111975981,0.41522808501241787,0.32656491296045315,0.2194675613263032
0.0,0.557759010707284,0.993842735020061,0.9601320240431096,0.4843708605542744,0.4609242455983874,0.4383620689655172,0.3752089342504252,0.8136144273625279,0.42374598181657774,0.333613270703019,0.14918739924186594
0.0,0.5726134821293924,0.9931275438209876,0.9547375020615968,0.4823311031700767,0.4617666399291069,0.4610632183908047,0.4274831743214261,0.817113532788903,0.4345018228395969,0.34460601678721986,0.1728459530026113
0.0,0.5742723571105414,0.9907161616917092,0.9508940370896168,0.4826135982585498,0.4617482352562358,0.44583333333333336,0.45362769025959604,0.8186720705724595,0.4309775681242387,0.3817924520252608,0.14905715114592213
0.0,0.5994570954607148,0.9886804697518796,0.946741526361303,0.4818321838404957,0.4684983013873242,0.44885057471264345,0.4542933214998886,0.8208956648699497,0.44176834746842697,0.3826158143710866,0.21206846533216936
0.0,0.6189865781933344,0.9868704077584536,0.9416481697049116,0.4840406664584529,0.4777683014098486,0.4895114942528735,0.4907773093706089,0.8221380357599499,0.4454895353253029,0.4239514924529144,0.5648970118944008
0.0,0.640099532498869,0.9861793461848506,0.9396810027086476,0.4827115425666566,0.4747319706800366,0.5195402298850574,0.5928629539235264,0.8221063027998896,0.4525274632324541,0.501419316236916,0.8105599071656528
0.0,0.6324837882672296,0.9834350884838856,0.926526075689696,0.4819779341232251,0.4646095367523631,0.4998563218390804,0.5521780933362915,0.8196633995315259,0.4408607903388944,0.4974744025887039,0.7937917029300837
0.0,0.6740310662041923,0.9802790138071676,0.9166677322875398,0.4831281247915874,0.4397075366571946,0.5268678160919539,0.5553731232896971,0.8184487143059436,0.4411588836107944,0.500836346638715,0.7350159559036831
1.0,0.6277333735484844,0.976106510225136,0.8964739234200436,0.4784791911144486,0.4623112003801104,0.4132183908045976,0.5597662894756306,0.8157602221952359,0.4155923287077376,0.5055602558838033,0.5872352770525062
1.0,0.6326345950836978,0.9730325137608494,0.8763590535320162,0.4792760545206529,0.4706130955784484,0.39295977011494254,0.5875231121958433,0.8127894174190728,0.3857551160769634,0.5323974412425987,0.561895901173308
1.0,0.6167998793545468,0.9716444573452728,0.8621578207157516,0.4778687695801327,0.4719386649371474,0.3251436781609195,0.6130167886990607,0.8113247407327995,0.3706127415240131,0.5555725382932883,0.4763446738719057
1.0,0.6123510782687378,0.9706790373365191,0.8568069174451357,0.4771097541121309,0.4574106719809791,0.3480600396488249,0.5809185711116045,0.8111684917471462,0.3739038591770113,0.5177891666441906,0.5568948525509826
1.0,0.6152918111898658,0.9721660759420644,0.8656712545656786,0.4776770878539188,0.4674294665986677,0.3265363919569527,0.5913541897788626,0.8119659644722035,0.3959203718070109,0.5267296669046139,0.5385508592661399
1.0,0.6249434474438245,0.9730493128154258,0.8716927083730501,0.4784825943139674,0.4578922289279376,0.3825190624117478,0.6555062495377559,0.8121026546529873,0.4027333584612624,0.5468294496018218,0.7677327317364468
1.0,0.6348212939224852,0.9756508421760408,0.8842007626991206,0.4796734004259873,0.0,0.4018638802598133,0.7221359366910732,0.8116835291506219,0.41638731045686944,0.5728746847658671,0.9625354717342092
0.0,0.9291961996682248,0.975619490117548,0.8870047584266346,0.5098225527648147,0.7898997644397273,0.9841852584015814,0.6527253901338657,0.8089322623812851,0.4019055866093637,0.5299784536422018,0.936342740390756
0.0,0.9279143417282458,0.9737479796923088,0.8880378165125205,0.5104605874725667,0.5640154064840868,0.9776315789473684,0.6289919384660894,0.8088763718255416,0.4154565951717813,0.5132372201411136,0.7635359468777942
0.0,0.8768662343537927,0.9717016488485872,0.8874625851059458,0.5081231751228971,0.4823664504060133,0.9888749608273266,0.5679905332445825,0.8095884817363264,0.4234362127203923,0.448882628717924,0.8468003207698469
0.0,0.85839239933645,0.970446516794498,0.8894688994381715,0.5095068919938057,0.4708393199762802,0.9755102040816326,0.5422453960505883,0.8107845673349738,0.44730108117252615,0.4774384735701002,0.8391659983961526
0.0,0.8570351379882369,0.9680532849886762,0.8895763610355142,0.5097942137417564,0.0,0.9541066624465896,0.5250942977590414,0.8101363831165305,0.4541613958460722,0.463470463451444,0.8938893344025663
1.0,0.8627657970140251,0.964248455786336,0.8843041025578376,0.5102874632516687,0.4640958929202377,0.9742047792372212,0.5570667850011096,0.8089480071570665,0.4625132203178896,0.4377837745400008,0.9885805934242198
1.0,0.8800331774996231,0.9614398357089344,0.8884572804236119,0.5086270256753441,0.46283207764660605,0.9924992020427706,0.5171067228755267,0.8059459770400849,0.44988185644472706,0.4573438754933868,0.9879829787234052
1.0,0.8545468255165132,0.9572154661365028,0.8789562338179172,0.5097504887530269,0.3825075689994055,0.9755416940249506,0.4777531247688784,0.8038036435715796,0.4390440849504645,0.4764733441695743,0.8688286040952096
1.0,0.8720404162268134,0.9535963063236194,0.8727584412248907,0.508188963239487,0.3912943256121366,0.9816922315685302,0.4771392648472751,0.8018158843896468,0.4265008182352218,0.4760745349662101,0.8746393827574644
1.0,0.8753581661891114,0.9498453378525374,0.8598986715810114,0.5087132824475629,0.4620904909882376,0.9973009446693653,0.5079358035648252,0.7992134084993321,0.41186847672958377,0.4503510058847551,0.8496207746808571
1.0,0.8389383200120644,0.9473885007713884,0.8572293998949092,0.5088380318492011,0.4999894426311253,0.9451455493858316,0.4316248798165821,0.7952650974352424,0.3949723100835635,0.4333092114604871,0.5509535253909306
1.0,0.8432363142814054,0.9445893353052134,0.8476963662183202,0.5092067722508632,0.49987131580209293,0.9619720679791348,0.486184453812588,0.7949393120990325,0.3808819569854848,0.4301600357592675,0.7136302631168266
1.0,0.8691750867139195,0.942043243657828,0.8389171838309618,0.5086647704407445,0.5043679947782597,0.9821638902910989,0.4802159603579621,0.7925409415950115,0.3707135384536818,0.4245197978619861,0.6685289803052538
1.0,0.8490423767154275,0.941629537725156,0.8388923273710321,0.5099708761034396,0.5151515020123104,0.9930602572782667,0.4528880999926039,0.7916518424649809,0.3755388206725044,0.4470186759256587,0.5704922126158729
1.0,0.7744684059719498,0.9416465874706428,0.8455537207926768,0.504401183586921,0.5084713964945249,0.9135446685878956,0.3742030914873162,0.79151985344924,0.3955684713017456,0.42055669003689616,0.4108430350510315
1.0,0.7433267983712862,0.9413713954078738,0.8502704642107891,0.5015731160303843,0.524639233435843,0.8165790812002031,0.3357296057983876,0.7930255692102439,0.4188558947793716,0.36491144540097337,0.17915665282936571
1.0,0.7805760820389083,0.939442474665114,0.8499806082866496,0.5022493964586043,0.5127893534475736,0.89506696050178,0.3907107462465794,0.7959520234538578,0.44645191603269707,0.3714298535283893,0.3384000749087049
1.0,0.7514703664605641,0.9378909842893836,0.8500404256010952,0.5027472410435623,0.5200930277718736,0.8435328021698589,0.3865542489460833,0.7963787981600698,0.458311061512099,0.36428589619359053,0.2251006585723644
1.0,0.7660232242497358,0.9357198036991098,0.8528205987412172,0.5007375057864449,0.5284378200743942,0.8759111713849802,0.4330670808372159,0.7989088496502197,0.4761928504515405,0.423119805261216,0.1699803364649333
1.0,0.7787664002412908,0.932952736946802,0.8495533493788534,0.50247518016605,0.5403857269745977,0.8692998813358195,0.393358479402411,0.8022122591186684,0.4935205871539475,0.4269099103573339,0.003162992982109439
0.0,0.8031217011008897,0.9306373472649546,0.8505387416802128,0.501627474814881,0.5191868725021213,0.9228682827597896,0.4745285112047925,0.8091351436179293,0.5301363455361616,0.4597358682252621,0.2255489021956108
1.0,0.7762026843613331,0.9289431779191978,0.8485400393679485,0.5023058677966337,0.5638502806968195,0.8779454144770298,0.4394571407440284,0.8130933388583157,0.5550162059235522,0.4692981567631591,0.1469917308240684
0.0,0.8187302066053386,0.9274074738278442,0.8497569577523233,0.5036313005871186,0.0,0.9693168333615868,0.5238074106944753,0.8188306172027155,0.5973733045683387,0.5181520429269354,0.31074449201211
0.0,0.8182023827477001,0.9240481665686924,0.8436929611260641,0.5036205523503623,0.5114589115465695,0.9652483471774874,0.5468826270246283,0.8203688314865631,0.620486476736959,0.5524997883970199,0.4800563850892756
0.0,0.8364500075403408,0.9198557197058976,0.8547032454215361,0.5021986204757529,0.5512422921375213,0.9737243600610272,0.5931218105169739,0.8209299664414895,0.6383130855070827,0.575322665343606,0.7239486416077403
1.0,0.8172975418488917,0.9157508676730852,0.8642679856934001,0.5007892062390157,0.0,0.9620138131588511,0.5874491531691446,0.8197008169955609,0.6292743605525243,0.5687548346271672,0.6601693338295489
0.0,0.8221987633841048,0.9128116281231414,0.8737015276584105,0.5013379991529863,0.4761055408828229,0.9769174845510722,0.6267287922490941,0.8199857129247663,0.6259101496661064,0.5907244695526984,0.8279214737625615
1.0,0.8050067863067409,0.9105551970522432,0.8671333095403795,0.4996501044538475,0.5400418330512594,0.972875569044006,0.6026033577398122,0.8193218187551652,0.6107163673461647,0.536513395510418,0.8919333829549662
1.0,0.8152616498265721,0.9070332510885588,0.846879593163314,0.4971770750132835,0.4800994014929855,0.9910849772382396,0.5925375342060495,0.8178280612426712,0.5917454876418893,0.5166899862023207,0.942128768142908
1.0,0.8032725079173578,0.9058938740413884,0.8439203840803668,0.4966596122299068,0.4722701818238316,0.9427278094863216,0.601124177205828,0.8156396155150261,0.5862956126600134,0.5272292024424724,0.8085944830174507
1.0,0.7660232242497359,0.9054537646990308,0.8448403823509317,0.4944267093174807,0.5556474608733203,0.9426326129666012,0.5821980622735005,0.8133796296083801,0.5943602498082637,0.4940239356554943,0.8437324075811578
1.0,0.7564469914040114,0.9064856786334567,0.8640361473935084,0.4970333490588386,0.5547444505421897,0.9257367387033396,0.5818948302640338,0.8124083682159307,0.6170488056585304,0.4940705225738165,0.7421655094764492
1.0,0.7369929120796258,0.9050477602776038,0.8706327105696958,0.4986901892842747,0.5718156516600702,0.8777996070726916,0.5340285481843058,0.8104052160328845,0.624700221691714,0.4784094460026543,0.7122349408894718
1.0,0.7322424973608808,0.9037171309226378,0.8742267204083383,0.4982436450895868,0.5825895524659951,0.8597249508840867,0.5839878707196213,0.808280662070666,0.6255466135586611,0.4800969570294613,0.7382248076562196
1.0,0.75418488915699,0.90247087070829,0.8745495075095271,0.50092638259792,0.4797807565814902,0.9218074656188606,0.6629761112343757,0.8042226220984721,0.631668914171541,0.5187502614467978,0.9973728654531788
0.0,0.7648167697179913,0.9013868117378576,0.8741235989453461,0.502206370238351,0.4672440169469938,0.9532416502946957,0.6633311145625329,0.7981493896884313,0.6248086735282217,0.5196848339861626,0.9555119118777252
0.0,0.763007087920374,0.8996464285156328,0.8774874360051329,0.5018269010224842,0.0,0.9599214145383104,0.6690333555210413,0.7919559153499709,0.6026144401310909,0.5251271550093154,0.9917447676394899
0.0,0.7745438093801841,0.8980760252148147,0.8771368164112809,0.4995546167653309,0.6332628692544711,0.9738703339882124,0.7015753272686938,0.7861459925142076,0.563729987534229,0.5519214222644839,0.9991421021927868
0.0,0.7532800482581813,0.8966064025284842,0.8706444668986231,0.5008381887042471,0.5380167077959961,0.9304518664047152,0.653583314843577,0.7816091226263129,0.5348518773381196,0.5151744054972408,0.774492700394823
1.0,0.7151259236917507,0.8961791083497886,0.8647912277165778,0.5001138468070835,0.5041212842646895,0.849705304518664,0.6463649138377341,0.7800806272921743,0.544198428775764,0.5021805180301468,0.8267376733082369
1.0,0.6931835318956416,0.8956272735056731,0.8648431289683115,0.501104271209058,0.5030602300630356,0.8117878192534385,0.6615560979217519,0.7786392457068751,0.5443013369943439,0.515940578837562,0.751813423928016
1.0,0.6894133614839388,0.8936982358182436,0.8641671118609251,0.5007425208537878,0.5149043679371169,0.7956777996070727,0.6597441017676203,0.7775345138432956,0.5471994516200823,0.5115788146581466,0.8294922413001558
1.0,0.7136932589353039,0.8901109952286664,0.8472750304223441,0.5002404497425248,0.5078942791328371,0.8155206286836938,0.6431994674950074,0.7748588271086105,0.5222946632405123,0.5429831856300429,0.8088329813607562
1.0,0.7402352586336903,0.8860132125464674,0.8292219762136281,0.5000619180791944,0.4925545590325271,0.8345776031434188,0.7079505953701651,0.7720073667636127,0.4939785747478895,0.5403941381494961,0.8125975576163816
1.0,0.7254561906198159,0.8828387171220905,0.8151277776319709,0.4986767903463191,0.5007767799992111,0.7736738703339886,0.6846165224465643,0.7688756121960338,0.4744457801041313,0.5719054330938398,0.7846661680893311
1.0,0.7311868496456041,0.8806313813185093,0.8100603266865248,0.4956671988122359,0.4950314029747146,0.7872298624754425,0.650166407810073,0.7682270619337785,0.4599500212210966,0.5795795840091579,0.769089924439745
1.0,0.7252299803951139,0.8780446272600505,0.8044447234381762,0.495224305273077,0.5002603756100936,0.7516699410609041,0.6138081502847428,0.7684281934175667,0.4591609374960735,0.5926655205678429,0.7251205611573888
1.0,0.7468707585582867,0.8756747489306168,0.8024284497369025,0.4944290040047981,0.5027767030861922,0.7732444095723813,0.6119961541306116,0.7702181002557584,0.44563284038727735,0.5896438107685893,0.8447275446785463
1.0,0.7417433267983711,0.8729440152833808,0.8035389116615533,0.4975807847202494,0.5049292043321865,0.7715362865221488,0.5545151985799871,0.7702244794764288,0.4432828527037286,0.5363519302354607,0.9076514428656174
0.0,0.7617252299803949,0.8704832881446153,0.8008128261229762,0.4965576891121074,0.5281144188715409,0.7926484448633364,0.5087567487611862,0.7674430642740147,0.424969761446636,0.5506805776844798,0.7999329499445547
0.0,0.7890966671693558,0.8680728744789593,0.7980180238149682,0.4964801924862269,0.5217138819198034,0.8394079555966695,0.595421936247319,0.7639328345115974,0.3950669263677074,0.5666492445350451,0.8852412512571884
0.0,0.7882672296787816,0.8652111384848306,0.7932559991343485,0.4962239918744729,0.5092079048816563,0.8477426430268692,0.5984394645366466,0.7586786331415865,0.3516003539352488,0.5689418549774802,0.8409191800496145
0.0,0.7925652239481225,0.8630427857572099,0.7922856756538352,0.4972284222108074,0.5044576488149308,0.8238258052906245,0.6209082168478663,0.7540547630238326,0.32386138183245183,0.5877780516083727,0.9932628280454371
1.0,0.7694917810285024,0.8608998186161351,0.7875257454766419,0.49838758468945205,0.4982636720901311,0.7738881943204143,0.6192367428444641,0.7475502887566474,0.2800509095318641,0.5876982030686534,0.9773438939031126
1.0,0.7387271904690091,0.8605049912444503,0.7933263323226516,0.4985272720827214,0.4940702575268466,0.707090551884265,0.5749204940462989,0.7402361302295517,0.2237787080246418,0.6045581791112958,0.8190581445324503
1.0,0.7231186849645603,0.8601856366137418,0.7995837297156181,0.5000086061684317,0.4895715107077649,0.6929746947442931,0.6383477553435397,0.7348614831101359,0.18899966252144376,0.647008228949677,0.7494013630502849
1.0,0.7148243100588147,0.8599718502519874,0.8100813021437371,0.4991077786131138,0.4918369668129729,0.6689081578481688,0.6368389911988759,0.7310145840985347,0.17669827472078048,0.6466609026634993,0.6541413397187942
1.0,0.6923540944050672,0.8596445002177638,0.8211675528406255,0.5000543455118942,0.4913345317408158,0.6230755618474608,0.5017972043487907,0.7298357956202175,0.1869421133613287,0.5967685373727271,0.4248787376435185
1.0,0.7026843613331322,0.8595908579301105,0.8308308241268232,0.5013141198282024,0.5112495135888989,0.659352327021766,0.4763700909696026,0.731206350993385,0.2031656327431723,0.6297178755213705,0.3768035856818317
1.0,0.6869250490122155,0.8594545076270245,0.8431449217827225,0.4994611819770002,0.5167345162204027,0.620244204565564,0.5397529768508244,0.7307557988974476,0.2052342061439765,0.6227432394637058,0.4591698900963953
1.0,0.6687528276278087,0.8590472324882154,0.8492907394689252,0.5008029285077455,0.4930711068612992,0.587329676163511,0.5444123955328746,0.7307208580725082,0.2194324441766018,0.625971365637612,0.3209615030392331
1.0,0.6824762479264062,0.859023514592402,0.8511896525699935,0.4989937638916057,0.4973087207086398,0.6154662891523626,0.4765623844390208,0.731876879470041,0.2218800005198737,0.5824836307577068,0.4063977405292571
0.0,0.6840597194993213,0.8587173230893347,0.8455385319728774,0.4991317009709878,0.527709112814381,0.6255529994691205,0.5410842393314106,0.7344189915398884,0.23095301149988,0.5721399348394468,0.4543500951679256
1.0,0.5731413059870305,0.8580458665620259,0.8368348298070882,0.4878664140492949,0.5216016568815537,0.3694921252875597,0.4363508616226608,0.7364486864329742,0.2210364564603394,0.557571644306621,0.189353472094308
1.0,0.5798522093198613,0.8576566202730599,0.8332433463464168,0.4871843573054737,0.487030927369437,0.3694921252875597,0.3393683899119887,0.7407042894275968,0.23324867395015175,0.5090941907280292,0.16991044020380394
1.0,0.6370833961695069,0.8571557226270327,0.8387176416986241,0.4920986280488705,0.4693461350274065,0.4783224208104761,0.4810073219436434,0.7469678093725678,0.27947238263683044,0.5395713343680885,0.2982056394189688
1.0,0.640250339315337,0.8561912006752518,0.8416629000228883,0.4925751745819419,0.4784674717131858,0.4864721485411141,0.4044301456992821,0.7510926752079337,0.3169325502449177,0.5051718978360406,0.3998227792018722
1.0,0.6600814356808927,0.8559198743421838,0.8474811339468274,0.4918581274420362,0.4915082001842947,0.5186560565870909,0.3520227793802229,0.7573702087551364,0.3673134241378492,0.4851026339065171,0.4811569521507434
0.0,0.6465088221987634,0.8549616348705728,0.8462891471279996,0.4937932867063753,0.4807618584902789,0.4878868258178606,0.4271651505066193,0.7602583353787521,0.38719647437462507,0.5164352865591826,0.6269274248247788
0.0,0.6719951741818729,0.8552286181416427,0.8563935529397229,0.4939695100895865,0.5119725844103662,0.5381150381150381,0.4540936321278011,0.7589543419859701,0.3854281126865379,0.4788730992536255,0.6723716934207553
1.0,0.6323329814507617,0.8552230617386242,0.8620219605238998,0.4918766778238981,0.5109545222124013,0.4717602217602221,0.3284224539605056,0.7564850610115026,0.3932267906137277,0.4692324317700433,0.4822292561609759
1.0,0.6307495098778465,0.8561344430963408,0.8746937069791431,0.4916806833571724,0.5090143640938412,0.4663894663894666,0.3132164780711487,0.7573840243769911,0.4251945927264403,0.4601716097190068,0.3864197023271108
1.0,0.6247172372191222,0.8562467144026892,0.8826469217584592,0.4945501041348239,0.5077976294740886,0.4551282051282052,0.3372457658457215,0.7578007905469528,0.4525439007714184,0.4212379934966111,0.4438985280815719
1.0,0.6452269642587845,0.85626872235359,0.8900444610280175,0.4939834018536256,0.5214911568731226,0.4975744975744976,0.2931661859329928,0.7582259227406938,0.4859894492534678,0.3941661094194242,0.3210673464353257
1.0,0.6385914643341879,0.8561571009321959,0.8996563817111987,0.4931616894853722,0.5441848881906881,0.4753984753984754,0.2558686487685817,0.7603818920043572,0.5258578757086907,0.3804891836147216,0.29444712871995765
1.0,0.5828683456492234,0.8558821957700568,0.904671604712668,0.4888108464583628,0.5312770249432253,0.3522176022176025,0.19946749500776567,0.7613121684785957,0.5315938537566117,0.339850162955471,0.10037400905495553
1.0,0.5834715729150957,0.8561070552996012,0.9151394042742742,0.4890179011847369,0.5329462113454012,0.3395703395703395,0.24305894534427894,0.76508491570936,0.5263510840038603,0.3670758796757832,0.04849591095363345
1.0,0.6037550897300556,0.8559991756242203,0.9175519246245626,0.4885893715417559,0.5909543118518914,0.3766458766458768,0.3362029435692627,0.7700029054918229,0.5253343518812661,0.3617693110127056,0.2416026914335817
1.0,0.5757050218669884,0.8559094077177632,0.9248445180574616,0.4844783045646006,0.5866858478836877,0.3055939226519336,0.3793210561349015,0.7721798560284174,0.5150530976189887,0.338198187834287,0.27510244984878585
1.0,0.5864877092444578,0.8564823836607384,0.9338320121031964,0.4825449226965192,0.5753974353187092,0.3270979921057149,0.3732712077509061,0.7733414573988411,0.4947514421112375,0.33370138398370386,0.16483654953917082
1.0,0.5801538229527974,0.857108234050392,0.931024250279326,0.4853017413830269,0.5448435061431123,0.3154465969483968,0.3734782930256639,0.7764144517115876,0.4585491315244917,0.33281345546373403,0.0724546370967742
0.0,0.6152164077816318,0.857804401174813,0.9099018063525568,0.4873655357768084,0.5964691364748738,0.3958510457405203,0.5087715405665263,0.7834600455541596,0.4737704500112601,0.3534366132440808,0.18067748881895024
1.0,0.5673352435530087,0.8584152041171235,0.8844316726177571,0.4800182956702808,0.5899055054881703,0.2861242403781228,0.4127801198136231,0.7878184483281898,0.4893502888809826,0.3498113554325332,0.03238363425542461
1.0,0.556250942542603,0.8587759993320415,0.8619221668807593,0.4818299030246025,0.5815442402798275,0.27245104659014163,0.4345684490792103,0.7971802762287123,0.538732991164935,0.3610796937721281,0.06986771411802044
0.0,0.6295430553461017,0.8598378222931004,0.8565552599691072,0.4906245901652017,0.5731046506630346,0.4047940580688724,0.5092522742400708,0.8035360936354248,0.5768117432989791,0.4032413478644423,0.3868346200731419
0.0,0.6179309304780575,0.8594716792260831,0.8576707887602333,0.492282949591276,0.5697506459661087,0.4068020472180946,0.44144663856223615,0.8037722192737099,0.5832293130231085,0.3553364532312429,0.04602916610230779
0.0,0.6667169356054893,0.8600456254853953,0.8750024253945133,0.4968613572377469,0.5511052682508271,0.4976060756149908,0.6050883810369061,0.8090568648922609,0.6082867868166315,0.4219828874436368,0.35225066594428805
0.0,0.7012516965766851,0.8601211633306455,0.9266379642833552,0.498963505008075,0.5680938713630921,0.5760300850228907,0.6856519488203536,0.8110828968470631,0.6149351816244715,0.5028303301021824,0.6224434511716108
0.0,0.6861710149298748,0.8591445186012253,0.9605774435430448,0.5001681522343037,0.5731995834952338,0.5557553956834534,0.6636417424746689,0.8097221275628972,0.6182986292318343,0.4764983946829152,0.6236173190663229
0.0,0.7375207359372644,0.8582207861269447,0.9884222338518348,0.5052668782708328,0.5650269692095788,0.6320724215971549,0.6817617040159751,0.8082510082501988,0.6332196931501942,0.4888899719988621,0.5867985010609965
0.0,0.8334338712109788,0.8567002462337735,0.9775335407967216,0.5173118315002075,0.5730441448560305,0.8361102210829864,0.7418977886251019,0.8053453082129214,0.6302504051828204,0.5622121313563985,0.780531852453835
0.0,0.8218217463429347,0.8551429974924173,0.9845873811075938,0.5193240140507798,0.5738742807682468,0.8164049983979497,0.7947563050070259,0.7984455055537156,0.6143051403358295,0.5940853694344511,0.796060393960603
0.0,0.8273261951440205,0.8539677297259783,0.9920349534427552,0.5165296785119089,0.5723821430186701,0.8216917654597886,0.854944160934842,0.7906312870664622,0.5865822367884984,0.6257814786343822,0.8190052169184493
0.0,0.8068164681043584,0.8526985412427178,0.9992625815265058,0.5172830170050859,0.5822767950406803,0.7855090967124163,0.8629613194290366,0.7820710501855572,0.5581509089499573,0.6296278188954173,0.8252735731603437
0.0,0.8270245815110842,0.8518700017209999,1.0,0.5206312556292885,0.5728087117391004,0.8317667675641229,0.9604984838399528,0.7728491014546066,0.5151336710256856,0.6661590631596839,0.9682920024289776
0.0,0.8295128939828079,0.8505815924585253,0.9915236281719296,0.5209886954915194,0.5776671563537568,0.8392544209017045,1.0,0.7631853556010022,0.4793014570015214,0.6834386093236637,1.0
1.0,0.8080983260443373,0.8491786364850736,0.9916402969515158,0.5181872743261975,0.5758231717552824,0.7932133184642346,0.8129576214777016,0.7555333827801156,0.4525623251943265,0.5452587797661113,0.9852430016758746
1.0,0.8179761725229981,0.8467829863401647,0.9764099362579582,0.5198717404779861,0.5760548254398963,0.8150390313844195,0.7476739886103098,0.7505715039679395,0.4391791404731476,0.5446297798613264,0.9911473144711682
1.0,0.8061378374302518,0.844400078024658,0.9739672785876144,0.5191499367841849,0.5939044324121066,0.7528625954198475,0.7976776865616448,0.7457870943503053,0.4338203773157588,0.5685608483593668,0.9875301483039975
1.0,0.8091539737596138,0.8417427458457526,0.9628968435790796,0.5195772380706744,0.5800177606075431,0.7656299088909835,0.643169883884328,0.7418327816878048,0.4381753692376968,0.5220972636987421,0.931280836089056
1.0,0.7887950535364199,0.8401064618080062,0.9648144909101222,0.5171634060047369,0.5801412889488108,0.7123961857889881,0.524842837068264,0.7420160272735923,0.4774239023035446,0.5121039334089289,0.8400325381527523
1.0,0.7847232694917808,0.8398041144733929,0.9562581671551184,0.5166474823906436,0.5734427844543517,0.7019378652722239,0.4571925153464983,0.7412462475853743,0.5075035988544812,0.529001769090226,0.7279881165007341
1.0,0.784647866083547,0.8386608542180057,0.9436419473822206,0.5155404421768961,0.5818655677861253,0.7385419870808981,0.5200798757488353,0.7418829473325261,0.5331189454716116,0.510050897057233,0.8308546570231132
0.0,0.8302669280651487,0.837735013748594,0.9350128420953001,0.5200753095980621,0.5763326052975429,0.7868348200553678,0.4972487242067896,0.7402013513902552,0.5419385767617396,0.4987618845314497,0.8765318573272741
0.0,0.8514552857789173,0.8359424307139031,0.9289513246836296,0.523452524154943,0.5744485452333987,0.8421075826351775,0.5054507802677319,0.736501912589212,0.5273840595487312,0.5027785881427189,0.9882357286645614
0.0,0.8300407178404463,0.8355719733243906,0.9262608073620922,0.5233340532089735,0.5963080024585958,0.8171851991435211,0.5313216478071149,0.7307846016993849,0.503047491442891,0.5154029937155833,0.8745864274685693
0.0,0.7930930478057608,0.8343836204888669,0.9156107544931064,0.521541256244292,0.5892408217833964,0.7518399253544223,0.4411434065527695,0.7267611727951435,0.485190284366609,0.5203117381881213,0.717226674509227
1.0,0.7947519227869101,0.8319298820894044,0.9068406787240172,0.5222505994325811,0.5808718626515564,0.7354276240306484,0.4039272243177279,0.7266456180826533,0.4848518729257934,0.5037168167723023,0.7323336560062828
1.0,0.7963353943598249,0.8290360312760091,0.9015282471195176,0.5232717957453721,0.5758917242276305,0.7065541309610466,0.4504030766955107,0.7252884241262822,0.4792324644813454,0.4761832689736281,0.7857012717268521
1.0,0.8098326044337204,0.8259774923392783,0.8984672407337736,0.5220240517683893,0.5983384931712854,0.7317000298775025,0.4412765328008283,0.7213118288292379,0.4535925347955001,0.4711787036025809,0.7113471559231871
1.0,0.8436887347308097,0.8240698842914617,0.8960965099844337,0.5245836947607866,0.5753462038870709,0.7753400614304521,0.454907181421492,0.7187990943346934,0.445341510835696,0.4283211980891188,0.7195641875888201
0.0,0.8365254109485749,0.8223191773113421,0.8946212696658409,0.5268887295963546,0.580873308776168,0.7694776772687484,0.4046076473633607,0.7149657788920076,0.4325348821397901,0.4010593534236885,0.5806763108989547
1.0,0.7857035137988237,0.8214918903998002,0.8983358788381854,0.5231050174326151,0.5763291765662777,0.6765392471549461,0.40423785222986464,0.7141739254206609,0.4380713378013825,0.3995506603988375,0.4241518784389468
0.0,0.8106620419242949,0.8211490904484816,0.9001555255206664,0.5240605882144528,0.5810912065388966,0.7241027137437993,0.38407662155166056,0.7158277421768746,0.4477646673471671,0.4380472154112123,0.4041285573734651
1.0,0.804855979490273,0.8195265167744085,0.8933631261640221,0.5265604622022056,0.5781966745593876,0.719725707615991,0.352814140965905,0.7193937371516991,0.4628177783957765,0.4171456592693963,0.27096162955945113
1.0,0.7836676217765044,0.8176928942120553,0.8890026021309486,0.5241416800468864,0.5919979543183707,0.6536329150860812,0.3022483544116558,0.7260645036078865,0.4980042762611978,0.3797544090697534,0.000246984728110754
0.0,0.8525109334941939,0.8151239298338643,0.8850731451100854,0.5334981859543488,0.5898371116678462,0.7853091321610893,0.4066415205975889,0.7373230238171942,0.5581025424342951,0.4342462282585805,0.2495730494794721
0.0,0.9043130749509878,0.8129579015097259,0.8921428616436657,0.5397919251546013,0.5867993683336854,0.8595284872298626,0.446128244952296,0.7435785384388847,0.6053352013745908,0.4587350781280064,0.4138963621476199
0.0,0.8696275071633236,0.8098877632343734,0.8828265453059941,0.5381351938165148,0.7932661295082067,0.8026943586865001,0.3865616448487537,0.7470769309071372,0.6370624556056129,0.4065163738068646,0.0005308597133359074
0.0,0.9488764892173128,0.806649192347613,0.8741911143869162,0.5498054066341447,0.0,0.9302711676812396,0.5265734782930256,0.7541590049487976,0.6841953990088396,0.4663980284879597,0.12230532336119762
0.0,0.9907253807872116,0.8014362478126281,0.8472606358797021,0.554450003062365,0.6105042200699003,0.9703811927214772,0.6266696250277347,0.7557590726337273,0.6911996315213185,0.5176617130677823,0.6255856003945106
0.0,0.9589051425124416,0.7957879061709198,0.8286384418163324,0.5514015608405166,0.5477068462569704,0.9478843391748027,0.6832334886472892,0.7528531994162582,0.6684428910553709,0.5201417514807789,0.7823232672241031
0.0,0.9744382446086564,0.7910461146878268,0.8099299312941046,0.5509224784744724,0.5308753676089816,0.9517513970287584,0.7188373641002884,0.7495574553445392,0.6490963808073549,0.546516163527969,0.7509078309078315
0.0,0.9794902729603376,0.7878414588545141,0.8074384536281329,0.5526821683774821,0.0,0.9377245508982036,0.7364322165520302,0.7474677000036878,0.6256285125073107,0.5693117601933322,0.9102425292334346
1.0,1.0,0.7858565692894891,0.8046142574185923,0.5555788592976665,0.5438264500483764,0.9913027550500026,0.7567487611863031,0.7443038561916373,0.6088277248180959,0.6014177295248768,0.9869532265049812
1.0,0.9767003468556776,0.7849555881370619,0.8067683966819893,0.5554228043126966,0.5710770479338039,0.9580950925136488,0.6951852673618819,0.7396072930415805,0.5717363706488352,0.5602817264560079,0.7317832394976197
1.0,0.9614688583923994,0.7832556839792416,0.8070895672850482,0.5555571367677421,0.0,0.9458398837204708,0.7030619037053473,0.7379451689978886,0.5737884922848965,0.5721079925789269,0.8300941966219153
0.0,0.9881616649072538,0.7814125950379999,0.8076680253397192,0.557280830175508,0.4993819863737797,0.9973253486073757,0.7423045632719474,0.7353660590084543,0.5706526628099853,0.6512250214566662,0.9954255088783036
1.0,0.9571708641230584,0.7795889900815788,0.8115484979510343,0.5566946413659221,0.5073610973455418,0.9523784469977512,0.7024110642703938,0.7297560549219901,0.5619289760918302,0.6465379877985588,1.0
1.0,0.9140401146131804,0.7784505885725775,0.8104384321698669,0.5521773489230394,0.5797838394400088,0.8973371052841034,0.6829746320538423,0.7249413631446733,0.5550958327060183,0.6316988813012521,0.9934572779685186
1.0,0.9024279897451364,0.7776506250229501,0.8102104610460459,0.554184198076193,0.5520573842533204,0.8772362231386787,0.6613194290363142,0.7195350263958613,0.5412679694689697,0.6473898792465042,0.9618606484675284
1.0,0.8847081888101342,0.7764679901506334,0.8068945689242948,0.5551428368013339,0.5739317094116011,0.8475570682930842,0.6893942755713336,0.7134843860962838,0.5270293837895003,0.6704190306411408,0.9819536937993842
1.0,0.8859146433418789,0.7757661442614459,0.8087436197910619,0.5549060973112963,0.5204704549489217,0.8582145829876384,0.6615708897270913,0.7068416515370772,0.5021758904312382,0.6503092812171336,0.7568491877625371
1.0,0.8880259387724325,0.7747501573699492,0.8085323529350641,0.5548082232877052,0.4743999694144733,0.8714352974188578,0.6696989867613339,0.7031321476057968,0.4933843860399015,0.6653570349270143,0.9673544810594392
0.0,0.9540793243854624,0.7733954095950359,0.8139938176270409,0.5647970196727232,0.4707417625646322,0.9847557068293084,0.6551512462095997,0.6995859726068225,0.4791957933922689,0.6535530011003621,0.8551203184367657
0.0,0.95385311416076,0.7697829645415423,0.8101938282702436,0.5646594327222598,0.0,0.9857000435743954,0.6292286073515273,0.6962636096235757,0.4678745493762009,0.6617070865201555,0.7902133639964233
0.0,0.9732317900769114,0.7672498471812893,0.8154982448617265,0.5651229127191307,0.4778119564377372,0.98610475932229,0.6648546705125362,0.6934732093167799,0.4512281682996856,0.666420057078287,0.8916570844512599
0.0,0.9619212788418036,0.7642481231260677,0.8028311765509327,0.5610188110143512,0.5061522656508495,0.9916358745435144,0.6797943939057766,0.6885902620248228,0.4229914978217226,0.6494574468151346,0.975978534009117
0.0,0.956944653898356,0.7619830806322024,0.7889606107716923,0.5607959653757816,0.4895893586300509,0.9993067696714504,0.6846461060572443,0.6827558159478886,0.3859095032872221,0.6547074646233662,0.9757435501842808
1.0,0.945181722213844,0.7585701298518323,0.7715499283773644,0.5597461532253081,0.4975403621775152,0.9736827738356378,0.6748835145329488,0.677223545124882,0.3614335662285616,0.6471346057141054,0.9665410528719882
1.0,0.9525712562207812,0.7557628516326543,0.7694929086168549,0.5576213610399009,0.5249317517602176,0.9984287083554144,0.6572738702758674,0.6739086564756394,0.3551819812661463,0.6313267010405658,0.9907892439322502
1.0,0.9271603076459054,0.7523871589122958,0.7657098244761704,0.5576061602327487,0.5190029732072778,0.9592665679276756,0.5693661711411878,0.6718446276770311,0.3588342530635526,0.5346188434157866,0.8577878103837466
1.0,0.9050671090333282,0.7494214116951873,0.7568554193427607,0.5555747631755563,0.5323593447018647,0.8878751110093976,0.49457140744027794,0.6712272794267502,0.3610811072667118,0.4744123287143632,0.4975745641419715
1.0,0.9183381088825212,0.7483674911326718,0.7643088213285731,0.5548147446691101,0.5208580710955752,0.9095067905646887,0.5364839878707196,0.6745604420234068,0.3863150600336414,0.4918942966633243,0.6556361365928616
1.0,0.8910420751017946,0.7493543726257926,0.78653278981635,0.5499315422088619,0.5387455757512578,0.9056227758007118,0.42792692848162095,0.6760355666949598,0.39885022291598,0.3567312235141962,0.610849266340594
1.0,0.8602774845423014,0.7503111742877607,0.8109014278698724,0.5460179142577224,0.5317385055185029,0.8824199288256228,0.42927298276754666,0.6791743974157469,0.4375856036162529,0.3582174845315946,0.49209378407851706
1.0,0.8728698537173879,0.7497884552576959,0.8196690291902634,0.5449929344529562,0.5231772815534681,0.8996441281138788,0.4198653945714075,0.6799759040064846,0.4497697083954453,0.3504662925643484,0.5920704159526411
0.0,0.8749811491479413,0.7481882721489393,0.8134210767943271,0.5417159693140815,0.5328460924121432,0.9032028469750888,0.4435100954071444,0.6804075693073162,0.4597980731677137,0.33155281346346416,0.5763053655023409
1.0,0.8748303423314732,0.7470844823636723,0.8130009327473443,0.5413331886880168,0.5507287360571014,0.9094661921708184,0.4544634272612975,0.6793053829701967,0.4531470212212033,0.3415452486171422,0.6532949225783227
0.0,0.8822952797466445,0.7460984792122073,0.8112128156699498,0.5424365882073594,0.5147534474030961,0.9325266903914592,0.4769617631831965,0.6775935795096135,0.4437631741926722,0.36713222548267216,0.6454087144400437
0.0,0.8899110239782837,0.7424514369196383,0.8035588206072896,0.5438173978657668,0.5303814830069807,0.9511743772241992,0.4975075808002365,0.6755966783524411,0.4404486151852151,0.33903683882328084,0.7007202016564632
0.0,0.9209018247624792,0.738757491306853,0.7980860488671848,0.5509493673662945,0.5499089684544606,0.942064056939502,0.4625471488795209,0.6721753119098679,0.4266665196411865,0.3478553948380029,0.5344256391789699
0.0,0.9015985522545618,0.7342006366309507,0.7930808933559158,0.5508788945817108,0.5255740739471285,0.9165836298932384,0.4818800384586939,0.670828039713401,0.426423954215988,0.3705675207414989,0.3623334533669426
0.0,0.9118534157743928,0.7325008376957792,0.8078252868383627,0.5531516231771296,0.5182438177815526,0.9153024911032032,0.4682419939353598,0.6708059380131204,0.4253060864772353,0.35728298591940444,0.3813467770975879
1.0,0.8952646659629016,0.7293780524275132,0.8122950841749391,0.5533338141665938,0.5516019090919211,0.8962277580071175,0.4599881665557282,0.6718744770274163,0.4353912238595539,0.3954056048536481,0.3411955347497301
1.0,0.9269340974212034,0.7289715275920469,0.8203887180565944,0.5564206305310058,0.5142421874618478,0.9258362989323844,0.4772280156793134,0.6729113051325948,0.4456775350194714,0.3653214486445578,0.4053655023406546
1.0,0.8969235409440506,0.7288092414084083,0.8262677039681117,0.5507441350600849,0.536695413484892,0.9257388979652458,0.466252496117151,0.6743017177492001,0.4632138163080058,0.3518492749665627,0.317680950666186
0.0,0.8920977228170712,0.7308603921694029,0.8463100758003691,0.5484225349235828,0.544864890236636,0.9418641658356494,0.4214555136454405,0.6763319475730272,0.4827811661373128,0.3573443439226877,0.3056175729204175
1.0,0.8433871210978736,0.7314196882845095,0.8672906532134973,0.5424772476527382,0.5264982453612287,0.8841526808257835,0.4145403446490643,0.6792353878083377,0.5069211258816093,0.34761169550437626,0.18602808786460165
1.0,0.8111898657819334,0.7304495016733724,0.8778383645649561,0.5403343929028082,0.5344224152951219,0.8384644218596397,0.3949042230604246,0.6821202999752289,0.5267603962294606,0.3699569948092287,0.11776194437411833
1.0,0.8165435077665509,0.7279038643306895,0.8761613592557027,0.5420825213478211,0.5394527512466071,0.8192272601896841,0.41393388063013065,0.6858501459752588,0.5524226076556883,0.3958819549417572,0.047679617637989086
1.0,0.8544714221082792,0.7245664730343963,0.8683635826791487,0.5461997659785337,0.5316404916842514,0.8705735078822855,0.4948672435470749,0.6898859389237941,0.5808874283849392,0.434346112099336,0.31273109407231525
1.0,0.8758105866385161,0.7253942643141297,0.8834000693371972,0.546903473915253,0.5115302643117114,0.8999950492598644,0.5151172250573183,0.6925420353471201,0.6066416331360786,0.40758275898659735,0.2552348893619128
1.0,0.8062886442467199,0.7278442744511416,0.907246966706264,0.5332241452615816,0.0,0.8709978570367699,0.4774277050514015,0.6946518827161037,0.630120405964569,0.413257828654886,0.13761694965595644
0.0,0.8436887347308097,0.7316083711494711,0.933777840084622,0.5390296688856914,0.49260781611862503,0.9741147015764571,0.6094667554174986,0.6980289953557257,0.6604631591304728,0.5491565590151701,0.8622478087236142
0.0,0.8370532348062132,0.7314725904014617,0.938193981048212,0.5368899881881475,0.4323879376867007,0.9900251508695932,0.5999852081946603,0.6950303756642873,0.6618556154526565,0.5383132383153408,0.7956018878688872
0.0,0.8329060473533404,0.7293828648736921,0.9376744134254312,0.5397425607978961,0.5742564315856024,0.9946836407003226,0.6598180607943198,0.6926659265001303,0.6688401317359761,0.5859398081909447,0.9950547852225348
0.0,0.8305685416980848,0.7272322603965328,0.9403842094431729,0.5400845832889145,0.5787830663260938,0.970726712955953,0.6485984764440501,0.6889187328670137,0.6782276960114791,0.574883299848958,0.9310361469041072
0.0,0.827854019001659,0.7256614152384514,0.95092828152895,0.5388045191796741,0.5663273270840559,0.9850028480168432,0.6340285481843059,0.6861254804693937,0.6889201927417692,0.5373593870965082,0.9665061390949704
0.0,0.5230718523401452,0.8938605719182241,0.3706954574814668,0.5084790354395351,0.4786854815175471,0.5647127103888567,0.4678574069965236,0.9659562272182702,0.5377748420304204,0.4763144021271154,0.743230347131098
1.0,0.4897824653922215,0.8914743723471465,0.3567150116729507,0.5097979910601099,0.4698921539566722,0.5078351712130005,0.38613268249389865,0.9642331834655355,0.5297164572990556,0.4679265584766255,0.4611734889340781
1.0,0.4901120632827949,0.8891763506933734,0.3414098372370834,0.5100129336196235,0.4764887082417934,0.4712710388856643,0.3628060054729676,0.9644842521509064,0.5302891310432448,0.447770734113793,0.3181794026995425
1.0,0.4652274225444958,0.8901756803414069,0.3371431592235016,0.509987741140483,0.4806900185994218,0.4274521183981428,0.3565268841062049,0.9659746458570416,0.5249281444849738,0.4402084269306477,0.1321872675098308
1.0,0.4495715227422544,0.8932833117419321,0.3510639456099504,0.5084138970702377,0.4710677976253582,0.4793964016250723,0.4434657199911249,0.9700291152895296,0.5456550005470402,0.4974789495067221,0.4573280901264736
1.0,0.4545154911008569,0.8979896879469753,0.3713197948857432,0.5087648977648223,0.4766749893150272,0.4968078932095183,0.4626506915169,0.9710197879650908,0.5591668851349085,0.4623678411102949,0.5150653629503669
1.0,0.3984838497033621,0.9004813092551931,0.38194537178883897,0.5080664926933279,0.4795283015087174,0.4451538015089959,0.4097330079136154,0.9692947052329804,0.5627074829108304,0.4091881204449082,0.31594749707726555
1.0,0.3622280817402769,0.9035558281064624,0.3915234456340902,0.5089445468536103,0.4755080602784726,0.4080092861288451,0.4508468308557063,0.9689668322638608,0.5887988901685037,0.45033694049727613,0.08261363636363615
0.0,0.3994726433750823,0.9061089565082248,0.4008011897187073,0.5118208313425802,0.4777919060725718,0.4875217643644804,0.5735892315657123,0.971742937248634,0.5841647919937369,0.5063967400093614,0.09259326660600399
0.0,0.4093605800922875,0.9066492225433178,0.40844919140573205,0.512510902495096,0.4779976446342658,0.5322112594312246,0.5699504474521119,0.9735570925936892,0.5651596984925521,0.5023443119577018,0.4446663104311396
1.0,0.3909030982201714,0.9075395134684724,0.4146644395908872,0.5111582371911286,0.4801807935355342,0.4886825304701102,0.5518009023001261,0.9740261188170138,0.5219906760836556,0.488313960957441,0.3324239952751934
0.0,0.3787079762689519,0.9071964751371132,0.4141718293121598,0.5101427421632589,0.4778673718553079,0.4968078932095183,0.6965017380371276,0.9750517675573388,0.4837327955346808,0.5699328416400281,0.6260370672441431
0.0,0.38793671720501,0.9067521084543522,0.4141126939127736,0.507119839627921,0.4846013460504354,0.5026117237376669,0.6901264699356552,0.9725084252467744,0.4419990758963581,0.5660015974645474,0.6763270084601607
1.0,0.35563612392880684,0.9034817690186548,0.4134500352865702,0.5046648183985021,0.4827862301297322,0.4329657573998839,0.6240736631905931,0.9709501354078494,0.4091012019727495,0.5637483105514669,0.5099953612688036
1.0,0.4139749505603165,0.8994960110426544,0.4119080896092849,0.5055484861915134,0.4810266801685533,0.4956471271038884,0.7231121958435025,0.974774305433501,0.4329067800699423,0.6268026954506941,0.6929380839831234
1.0,0.4304548450889915,0.8957312266939126,0.4133924936716628,0.5069143846307509,0.4832108726358666,0.485200232153221,0.595688188743436,0.9752932321397648,0.4320019588883568,0.5229377710834663,0.6651940535883886
0.0,0.4561634805537246,0.8949063786756941,0.4197067622092864,0.5089175250402047,0.4802317573249846,0.534532791642484,0.6381184823607725,0.9770926377369497,0.4553875303831586,0.5653036582118603,0.798502352499392
0.0,0.4429795649307846,0.8927390022919384,0.4205806062600953,0.5077554897306628,0.4838104723987906,0.5443993035403366,0.6818208712373344,0.9746702867213192,0.4533688080306956,0.5501328792321709,0.8364957699189317
0.0,0.4868160843770601,0.8917533103999564,0.424788995381063,0.5075343219987529,0.4859610944826727,0.5565873476494487,0.6590193033059684,0.9698930716661368,0.4547200793795288,0.5240053390173258,0.8448013076804131
0.0,0.4752801582069876,0.889466116026798,0.4197743134816972,0.5064729164324856,0.4673190674465657,0.5710969239698201,0.7017898084461207,0.9640068289125427,0.43224539568866177,0.5514084302209274,0.8038479379735367
0.0,0.4841793012524719,0.8903641062513099,0.4268492082961188,0.5071382824266436,0.468115331394761,0.5908299477655251,0.7849641298720516,0.9576826259678296,0.4062108035189416,0.553262683086693,0.8511850853747434
0.0,0.4901120632827949,0.8912650457876228,0.4343731165520706,0.5075066980856903,0.4855239807002965,0.6181079512478234,0.788610309888322,0.9532202726528952,0.3905163733475968,0.5564354630451874,0.8951662333819449
0.0,0.46110744891232697,0.8925919828374198,0.4463954440512268,0.5089108778682513,0.4897450510924472,0.6053395240858965,0.6771762443606243,0.9470069114653774,0.3608426420243551,0.5053134967837652,0.9997849051192575
1.0,0.4182597231377718,0.8942788437247917,0.4604758557897564,0.5094317451787428,0.4857680125573406,0.5490423679628554,0.7257673249020042,0.941890162284852,0.3342199602144321,0.5308940457618934,0.906416704770614
1.0,0.3974950560316415,0.8977968969117689,0.4774783299454967,0.5115386848131113,0.4870556942492531,0.5356935577481139,0.6787885511426666,0.9364683851123228,0.3033343299950567,0.496055575849937,0.9186607732561082
1.0,0.3328938694792354,0.9002359273238185,0.4937981887077694,0.5102679211401968,0.4863903107991551,0.4968078932095183,0.6270763996745798,0.930308242831012,0.2769352036912404,0.5147808742570552,0.9330670634609852
1.0,0.31179960448253136,0.9014634810106156,0.5040826205141625,0.5086584723649336,0.4921378662236037,0.44921648287870003,0.7335626063161008,0.9226253177154032,0.2451889911294294,0.5609361254855841,0.9258126095028898
1.0,0.28147659854976925,0.8990827406116972,0.5043176425118034,0.506257191799033,0.4782225677847317,0.3807312826465468,0.6578951261001401,0.9116645088252592,0.18090980133207674,0.5306990997734774,0.9835085313833032
1.0,0.23071852340145024,0.8983135051526929,0.5085557776225994,0.5019819060539891,0.4818354038920058,0.2681369704004641,0.635330227054212,0.9096107307582316,0.1754269054147909,0.5213566452659361,0.640760197775031
1.0,0.2340145023071851,0.8985167989984397,0.5132175719235561,0.5022968352751619,0.4797717812530868,0.293093441671503,0.540056208860291,0.9122802984896624,0.1908920018645288,0.4692378292372749,0.8772613320685668
1.0,0.2211601845748188,0.8979545872841088,0.5144194495990428,0.5011910279663432,0.4678870649027327,0.2617527568195007,0.44936765032172143,0.9154264435545432,0.2173346716193912,0.478635112835455,0.8251914086320201
1.0,0.20764667106130516,0.8951909546154218,0.4972468372206417,0.4999006515900565,0.4762747248480778,0.19907138711549616,0.3457288662081209,0.9184932588670572,0.24095082205778875,0.4801856930661413,0.3105859805080943
1.0,0.2310481212920237,0.8922090060785464,0.4887047609612666,0.4999574237499498,0.4748738749883612,0.19907138711549616,0.24896087567487615,0.9235832023811871,0.2852729479779078,0.4962846234615496,0.3005138033682672
1.0,0.2369808833223469,0.8907244192144691,0.4811819309011916,0.5004190984623162,0.4707620356627894,0.1857225769007546,0.2479550329117665,0.9292281038998867,0.3332730262810032,0.4962180052735194,0.3113365868713946
1.0,0.21753460777851027,0.9013096776067521,0.5305046211375307,0.4987060369043014,0.4772497420576611,0.15089959373186307,0.19626506915169,0.932594243552734,0.3739224583445876,0.5233123846025852,0.2070654928387748
1.0,0.1298615688859593,0.9137035017624666,0.5723055559741532,0.4926634547324821,0.4798853150703075,0.2565293093441672,0.3220915612750538,0.9390563659002706,0.4309957507983508,0.5183415819295429,0.4772711205372921
0.0,0.13315754779169411,0.9250910280168108,0.6191762408039384,0.4930064223606234,0.4962634865325349,0.2780034822983168,0.2760076917387766,0.9385624086446036,0.4351827704724064,0.5013401425946644,0.4825379992930354
0.0,0.1232696110744892,0.926305269827369,0.6196408428444262,0.4920873968275356,0.4788400325003861,0.24608241439349976,0.3027364839878708,0.9377682404096196,0.4316417583385007,0.5144667105153115,0.3861240582034449
0.0,0.13974950560316401,0.9261740894766709,0.6193530027230219,0.4934721119279637,0.4881917622692862,0.2826465467208356,0.3594778492715039,0.9359953556388094,0.3950370120240753,0.4889408271962859,0.4439098548255069
0.0,0.12887277521423876,0.9265571718663392,0.6148847343963607,0.4924202326015644,0.4750880739142593,0.2402785838653511,0.35488499371348303,0.9346121034885844,0.3877024574037666,0.4853612385664646,0.3163267010808739
1.0,0.10019775873434432,0.9263026269077824,0.6091442540244991,0.4936594605904149,0.4806119333869702,0.19384793964016267,0.2635973670586496,0.9355953591689988,0.3932558934729576,0.4885765986730897,0.16425266041864994
1.0,0.11437046802900458,0.9273584703778526,0.6065536890803981,0.4910713676453241,0.4881056915652578,0.20371445153801493,0.30902300125730353,0.9415157353826179,0.45030684243707103,0.4615479050614511,0.1857030688785309
0.0,0.14535266974291378,0.9287858782406556,0.6011042106837172,0.4936629767706636,0.4731160398433276,0.2600116076610565,0.41487316026921095,0.9477037459044066,0.5011582068114853,0.5067313703978429,0.4287241684625538
1.0,0.09591298615688873,0.9309416969563502,0.6041182533174267,0.4931113744125753,0.4841121389025348,0.188044109112014,0.28093336291694376,0.9499691887460632,0.5275540350080806,0.4798757617956039,0.21620808900917166
1.0,0.10151615029663803,0.9338218035143632,0.6106994976550502,0.4936597186064806,0.4813932594490335,0.21009866511897834,0.32906589749278936,0.9564414984173392,0.556197954874171,0.5021940222247199,0.3303763845035837
0.0,0.13645352669742916,0.93332033753055,0.6080074254486678,0.49662002348163203,0.483378339004766,0.27916424840394666,0.4188299681976189,0.9600342756672562,0.5601424667575234,0.5022804845766878,0.4401510215673503
0.0,0.15985497692814749,0.9341158584968658,0.6053872907332032,0.4983712552580314,0.4696718604616726,0.25362739408009266,0.3184453812587826,0.960632915223653,0.557105748742888,0.4257437706394667,0.19395579612088465
0.0,0.1357943309162823,0.9340328387423796,0.6012018554062271,0.4966088977805147,0.4712105060912774,0.2669762042948346,0.3377338954219361,0.9672474372053608,0.5928919954838897,0.44085300522586623,0.16263218563624576
0.0,0.14601186552406065,0.9354448748973728,0.6053897485916993,0.4936781396800107,0.4803285045075305,0.26755658734764937,0.3164854670512538,0.975732645387038,0.6584844941934114,0.4210638413527434,0.059322741776508474
0.0,0.2185234014502308,0.933193559550754,0.5909867664993809,0.4958254237019156,0.4727463325420853,0.3668020893789901,0.4365357591894091,0.9882129146598242,0.7571057542838184,0.4942262067081685,0.06515601783061017
0.0,0.2659854976928148,0.9280081652439399,0.5667562954409124,0.4959132948196294,0.4725773378380104,0.4143934997098084,0.5078692404407964,0.9954380491114628,0.8269286771774136,0.5495213147702578,0.1865141481035523
0.0,0.3427818061964403,0.9253006092771671,0.5540526222047085,0.4983598148323115,0.4794814133241469,0.4753337202553683,0.5591968049700463,0.9993991663093679,0.8981530245380854,0.5455851409179302,0.3336544250451514
0.0,0.3566249176005274,0.9224275381055768,0.5467153097292676,0.4994027241689231,0.4799617642351038,0.5420777713290773,0.6387397381850454,1.0,0.930516273621946,0.6327820264204569,0.7126429861529197
0.0,0.3994726433750823,0.9210457221670594,0.5444138839017524,0.4990495392166273,0.4845781031598084,0.5890887986070804,0.7282005768804082,0.9961854005565632,0.9358755720022154,0.6553076933757574,0.7589102950030095
0.0,0.3843111404087015,0.916503982625796,0.5306800688506589,0.4979481803995176,0.4823258527370957,0.5356935577481139,0.7610531765401967,0.9899797813143864,0.9038031098608592,0.6392159289748066,0.8457104017722284
0.0,0.4192485168094924,0.9155155886572696,0.5325782086407669,0.4970151684877693,0.4642458716574824,0.5687753917585604,0.7900673027142959,0.98295041460211,0.8741178295681926,0.6560619140187768,0.8321155917755598
0.0,0.4143045484508899,0.9177449145467188,0.5470359761686421,0.4964706946105652,0.4704387085495894,0.6128845037724898,0.8999926040973298,0.9772513799062932,0.8652102176390277,0.7178663349292791,0.9860246751828792
0.0,0.3414634146341463,0.924992621431462,0.5796497741231253,0.4944646728617158,0.4688514791807639,0.5449796865931514,0.7834775534353966,0.9690057541740388,0.8405178963172133,0.6389752386954207,0.9992632448482957
1.0,0.26928147659854984,0.9299095957972604,0.6019254477565409,0.4925888890376391,0.4737139186109765,0.5217643644805572,0.7515864211226979,0.9648775389071332,0.8352981774489907,0.6682315969669332,0.9735161352285808
1.0,0.24390243902439046,0.9355960351246866,0.6289424521328334,0.4905392393373106,0.4813618379108015,0.4590829947765526,0.6826640041417056,0.9595069499448194,0.8104114048638955,0.6610562481027852,0.8525478030919451
1.0,0.1911667765326301,0.9363109794674781,0.6383344904508119,0.4902470727831105,0.4853736931739261,0.4399303540336621,0.7504696398195396,0.9558758349414151,0.8034206338065615,0.6732771537196911,0.948975378103545
1.0,0.1905075807514832,0.9386017245924164,0.6546648628669719,0.4900978822438957,0.4836421838747485,0.4080092861288451,0.7357961689224166,0.948230423414357,0.7579873497641254,0.6660294058782708,0.8235946936457946
1.0,0.1736980883322348,0.9425069098881184,0.6792320890333081,0.4925166793918986,0.4797302078339926,0.3952408589669181,0.8249833592189929,0.9428734556706851,0.7246886815366796,0.6708379634753469,0.8505908452936114
1.0,0.1427158866183256,0.948730254326621,0.7122179598817977,0.4905108763533992,0.4843209322019553,0.4503772489843295,0.8578433547814517,0.9380143071680124,0.6852793304497611,0.7172561088782302,0.9754141627415956
1.0,0.12195121951219524,0.9528416450743796,0.7383270673167831,0.4927005208975647,0.4933616791044202,0.43876958792803256,0.8110568744915314,0.9323978495691684,0.6747844083878811,0.6460043760950248,0.997576621525302
1.0,0.09525379037574164,0.9521973859161248,0.7345328426905041,0.4902994681466093,0.486766079489,0.3621590249564713,0.7811404481917017,0.9270609228900372,0.6934228214586755,0.6320519520935812,0.9417225150194116
1.0,0.08932102834541862,0.9503426760843348,0.7249897511444734,0.489724611680652,0.4876050822140849,0.3395240858966918,0.7301235115745879,0.9218874842447646,0.6776321097256499,0.6232145252307764,0.9164768907107396
1.0,0.0840474620962425,0.9510330544460466,0.7245553467792554,0.4891657853628608,0.4895744120629731,0.3128264654672083,0.6981732120405298,0.915791474032268,0.6475725670804928,0.6058514823166734,0.8623578832016805
1.0,0.0688859591298617,0.9542915971038508,0.7398664733033753,0.4881093759965848,0.4905328862645623,0.3168891468369123,0.7329117668811477,0.90888145549624,0.5835942015669809,0.6268816111946875,0.7867677275010263
1.0,0.050098879367171945,0.960908012159574,0.7639987329643783,0.4868927770287407,0.4863603134546,0.3319791062100985,0.7947563050070265,0.9016002129805992,0.5376769947051877,0.6213766628437476,0.8398931555636728
1.0,0.026697429136453617,0.9650937301900022,0.7742824536021834,0.4854712790282799,0.4925919727106751,0.3575159605339525,0.8369425338362545,0.8938390085606294,0.4745837397075599,0.597019997389189,0.8827748360072696
1.0,0.02999340804218842,0.9679518968923052,0.7794482740064269,0.485543330618702,0.4907166731878949,0.3343006384213579,0.8278529694549224,0.8833824330015678,0.3850362290046143,0.5932183241050552,0.8544582968795561
0.0,0.01779828609096901,0.9688615228400635,0.7768214700546959,0.4884014517672209,0.4924158469724012,0.33023795705165393,0.9530729975593524,0.8746893230241715,0.31506224766218105,0.6067634599709493,0.90215108508878
0.0,0.003625576796308483,0.9666297618106604,0.7645731678338467,0.491064128683613,0.4922447577940666,0.3197910621009865,0.8252348199097705,0.865041096755385,0.2586108732947794,0.5667346229152864,0.9713827881987004
1.0,0.052076466710613,0.9649017247420916,0.7545576126246303,0.4944925763324132,0.4949012502470901,0.2959953569355775,0.7544190518452782,0.8606649628885201,0.2377725153455347,0.5582141075024853,0.9754761335564596
1.0,0.06031641397495052,0.9618300440183072,0.7415246167103161,0.4953242588352535,0.4852236422949549,0.33836331979106193,0.7356112713556692,0.8562574872527657,0.21275711436046288,0.5500945643765001,0.890476383211236
1.0,0.028015820698747584,0.9631347943652732,0.7530239886664621,0.4923467586654317,0.4940207580192099,0.26059199071387124,0.6560757340433402,0.8521796049752639,0.1808000604998881,0.5533218393064963,0.7218197272028172
1.0,0.049769281476598766,0.9622329119330352,0.7573341702106043,0.4941669382907994,0.4889099731011117,0.3058618688334302,0.7007100066563129,0.8514036892617283,0.1723124491739088,0.5912307212411785,0.8827255433682767
1.0,0.06690837178642063,0.9629445419130592,0.756814173879354,0.4953869486856906,0.4887640392850448,0.2959953569355775,0.693669107314548,0.8484702999452769,0.1487389808408771,0.5843936395829128,0.8847290241631928
1.0,0.04284772577455498,0.9616587053931672,0.7466750760422859,0.4972773944727058,0.4859367661859018,0.2803250145095761,0.6523851786110492,0.8454462041995818,0.12641718800135465,0.5475174605900363,0.931335249119682
1.0,0.063941990771259,0.9618011370176398,0.7410092938760477,0.498816717436517,0.4888437391355394,0.273360417875798,0.5765032172176615,0.8399989993318668,0.09430049317434892,0.5475044127153441,0.9215298687567512
0.0,0.0781147000659195,0.959000245275588,0.7364795263598314,0.4962179228188003,0.4904569754356332,0.2907719094602436,0.6138451297980918,0.8371562607982048,0.08198909451940589,0.5699026929339495,0.8554715333164777
1.0,0.06427158866183266,0.9608710672863668,0.7503026852974354,0.49466107914338103,0.4876571519089312,0.21880441091120156,0.4292212114488571,0.8350217057710052,0.0704896720786401,0.5021915594353031,0.5836991748454259
1.0,0.02307185234014492,0.9630872251933824,0.7653236434996191,0.4917754880356602,0.5019550771606366,0.2222867092280904,0.3809703424302936,0.8385700291026337,0.08486280859679074,0.476582722861989,0.5874704491725764
1.0,0.04548450889914313,0.9655901550194388,0.7829783252620129,0.4898549161723633,0.4886997543544368,0.2518862449216484,0.4386435914503368,0.8392658506746571,0.08202002779702383,0.4592191909199774,0.6950723660648456
1.0,0.05669083717864204,0.9671387609989748,0.7945568161550434,0.4905486174917366,0.4798517920051154,0.2298316889146837,0.4665113527105982,0.8349270532899362,0.042016122367831865,0.4771991427285857,0.6630290517622774
1.0,0.04185893210283465,0.9686662941040504,0.8071353109990905,0.4897156426731996,0.4977763296003633,0.26059199071387124,0.5732564159455661,0.8339710482938059,0.03675345886348708,0.4908034966691314,0.7838287652474358
0.0,0.04779169413315743,0.9724338138266462,0.8287598428309273,0.490137525545168,0.482651915151562,0.25769007544979666,0.4273056726573482,0.8311139455407304,0.013448029185500364,0.4636253599953506,0.7803948005983109
1.0,0.012195121951219691,0.972474217954442,0.8305313402861777,0.4908949702320753,0.4919572529511199,0.2130005803830529,0.3673249020042897,0.8306379964024624,0.01970395269747266,0.47839828701739295,0.5742227671861407
1.0,0.0026367831245879825,0.9717244645636672,0.8248987717166042,0.4896936399830975,0.4808887281761942,0.15902495647127113,0.30201908142888834,0.8299561332870204,0.0,0.489900365185132,0.4548690768135429
1.0,0.007910349373763836,0.96989844741829,0.8115003654138194,0.4898152346693914,0.4913011874810724,0.1271038885664537,0.2515124620959988,0.8333949697766576,0.010952593130705124,0.5098384693197302,0.3312960859610222
1.0,0.02570863546473306,0.9684681130437682,0.8006490629093247,0.4875301564957673,0.4687340837342897,0.1410330818340104,0.1561570889727088,0.8392476771894204,0.0351752625898471,0.5275275249401644,0.29006031562422474
1.0,0.0,0.9674324129258488,0.7925761177391822,0.4847775159786629,0.4858762473538703,0.06384213580963442,0.0,0.8454555801739461,0.06043861289644802,0.4532209385115417,0.03703982874544067
1.0,0.03559657218193801,0.9676531575131064,0.7872994013060013,0.4840372078184638,0.4851728100634085,0.09750435287289608,0.07221359366910696,0.8559028663829801,0.10755230595308383,0.4363354551575525,0.0009082217973226717
1.0,0.05735003295978891,0.9712749091544616,0.7976970966477636,0.4859451148201421,0.4753377657882335,0.13755078351712113,0.1309814362842982,0.8645243302884129,0.14250466704533832,0.4094945963180941,0.0862495860209112
1.0,0.007251153592616966,0.9718563345238668,0.797496532198787,0.4856720901633738,0.4860103173062998,0.10853163087637824,0.07996449966718439,0.8714924588387303,0.1910563831390304,0.4308184462664726,0.045740260129914605
1.0,0.04185893210283465,0.9751925287520145,0.8105682567883412,0.4881281910143844,0.477628480965701,0.07022634939059783,0.11587900303231975,0.8804721087532108,0.2503516402644739,0.4023566134467396,0.01328732221756342
0.0,0.03823335530652616,0.9770917394772134,0.8208976054583722,0.488305289766705,0.4730072529596343,0.1282646546720836,0.12881443680201116,0.8886889897829133,0.3047879842281779,0.4078952861010608,0.04418357145160709
0.0,0.026367831245880213,0.9787786380605028,0.8316958374329805,0.4911434036625437,0.5022560556737947,0.1259431224608242,0.13382885881221795,0.8979944140117571,0.34813892122925083,0.410182159107548,0.06113135743541754
1.0,0.063941990771259,0.9781103145666088,0.8319163383774794,0.4939117071984136,0.5025063369155763,0.09518282066163668,0.1684860587234676,0.907676921446104,0.3893197828435302,0.4265211788022129,0.10060926584359263
0.0,0.07679630850362554,0.9760263247486832,0.8250374286827724,0.4950599075663786,0.4722118407207843,0.1218804410911202,0.2071592337844831,0.91460482992724,0.4100124390849291,0.3964688224632563,0.1780092551233719
1.0,0.058668424522083124,0.9786422022194811,0.8378431069554735,0.4931940942522262,0.4735374627369969,0.06964596633778307,0.19076991346793928,0.920137918157129,0.4138841267096592,0.3733479584156051,0.036448748414301714
0.0,0.0883322346736981,0.983032656850249,0.8563632804188445,0.4959348851866938,0.4675057930634763,0.14683691236215907,0.2889505214111381,0.929280400833388,0.4502574690089365,0.3759303420394178,0.17973777348777348
0.0,0.08668424522083068,0.990979519181876,0.8873226297032547,0.4960441147926442,0.4686010921763036,0.18398142774231,0.33863619554766605,0.9353244032554956,0.4756162816417734,0.4060632860863012,0.3299549549549543
0.0,0.04383651944627548,0.9975785348135028,0.9142692446189592,0.4929600369349254,0.4702084114979395,0.18920487521764348,0.3381480659714513,0.9383504048901591,0.5108852909125837,0.4050355454066487,0.3069095881595875
0.0,0.03131179960448266,1.0,0.921891279837566,0.4917838329403985,0.4695274057900352,0.16308763784097516,0.3433325937430667,0.9423097861275632,0.5318405175834011,0.4086371047375167,0.2005509974259981
0.0,0.05537244561634808,0.9981436121276056,0.9144314230929677,0.4934937933108994,0.4741213345204273,0.13929193267556575,0.2669846904814732,0.9478640005749116,0.5713986829908555,0.35935914387148205,0.025619369369370724
0.0,0.12063282794990128,0.9985502911962514,0.913848540182112,0.4951876534177424,0.4715390251240901,0.22286709228090554,0.446490644183122,0.9584673569295374,0.6354690214293552,0.4751096556358057,0.2700783421784172
0.0,0.10613052076466707,0.997288370665118,0.9116664578265581,0.4942397762914235,0.4819370176330275,0.24724318049912924,0.4447008357370017,0.9619795705381846,0.6693595860920043,0.4733131311011958,0.2508264570372482
0.0,0.2458800263678313,0.9975646899730064,0.9137687587801614,0.5017282283610204,0.485686261424902,0.39930354033662224,0.4887064566230309,0.9671294106476818,0.7111562743743107,0.4756605572517622,0.07945729568882845
0.0,0.2811470006591956,0.9908088730531563,0.8886075857259004,0.5045750668935224,0.4838252436214356,0.4712710388856643,0.4855705938909846,0.9713214118514396,0.7628789460077359,0.4723610716342165,0.15756845796875402
0.0,0.3622280817402769,0.98558134080149,0.8631978090607783,0.5073486891357819,0.4880218505408396,0.5142193847939639,0.5866577915834625,0.9752402612925511,0.8135532733047379,0.5566430795231213,0.5391184573002739
0.0,0.4047462096242585,0.9832659612392822,0.8516429303432882,0.5070273074968419,0.485531997259305,0.5449796865931514,0.6574735596479548,0.9750037360267972,0.8394348380337244,0.6231579688263259,0.7759543486816206
0.0,0.31278839815425163,0.9837814597484013,0.8534715218235799,0.5034079151043468,0.4840380607116115,0.4753337202553683,0.618038606611937,0.9713988690818188,0.8250225646647342,0.6113639347127645,0.6941106400868854
0.0,0.3325642715886617,0.9860340998692037,0.8666778289058787,0.5012480062209947,0.4847983904602301,0.4875217643644804,0.6686709562902153,0.969118865965172,0.8176933839555965,0.6602203586592442,0.6614231160004196
0.0,0.34970336189848383,0.9825938555657436,0.8585085755026683,0.4988806642529425,0.4899781583712921,0.5037724898432965,0.713578877301975,0.9646939848200328,0.7929329454279495,0.6961903104313172,0.8513124721933852
1.0,0.3793671720500989,0.9872387604321736,0.8781039784971824,0.4975212385665502,0.4911416387740852,0.5078351712130005,0.7708453516751724,0.95858638457363,0.7724165449227303,0.7357706982580559,0.8047802500196558
0.0,0.3187211601845749,0.9866358067156208,0.8782876577837873,0.4927728942515971,0.4919351261649117,0.5844457341845617,0.8204200872716518,0.9527090715633622,0.7515679650025702,0.7237981299003231,0.8399103040429139
0.0,0.571193144363876,0.9912840834568022,0.8982315854825703,0.5075873683580204,0.5627283610242685,0.885084155542658,0.8268619184971522,0.948652425308146,0.7474753709964279,0.6852986038760843,0.867078379314325
0.0,0.555372445616348,0.989505050254858,0.8968861223861312,0.5059017754323581,0.6384657644219796,0.9495066744051072,0.8073663190592409,0.9445955063348932,0.7393558643255029,0.628954903970663,0.9296988990582298
0.0,0.5148319050758077,0.9858859183469568,0.8862413413826647,0.5026669231087861,0.5616783246046942,0.9529889727219965,0.8225057318245693,0.9396890701685016,0.7347119258130155,0.6383583639466672,0.9797005939305192
0.0,0.6189848384970336,0.9820103068055874,0.8746193260879702,0.5068170508950532,0.5186083584398751,0.9553105049332558,0.7601360846091261,0.935454382072444,0.7502002745064351,0.6232223505963187,0.8838075810245403
0.0,0.5596572181938037,0.9766417355107556,0.8627900245809426,0.5059527026977504,0.0,0.9361578641903656,0.6648546705125362,0.9312307901631836,0.7570928333860463,0.5337027713136232,0.8809766657646587
0.0,0.5379037574159525,0.9786382882007398,0.8842266014045941,0.5042172541020228,0.5782408507513566,0.9402205455600696,0.7661637452851127,0.9271285400807516,0.7668124868874411,0.5457876060810919,0.8966299619075376
1.0,0.4772577455504286,0.9755615508349972,0.8814162438270733,0.5002374665858504,0.5289378901742122,0.9416319433052268,0.7417942459877228,0.9190532726794192,0.7337204207802088,0.5753120792485822,0.9984071133089248
1.0,0.4868160843770601,0.9722647517861353,0.8734776371687423,0.5010433204269577,0.4893702634353119,0.9134157944814464,0.7234524073663189,0.9130318330052992,0.7265570214615833,0.566523466788941,0.951028817454238
1.0,0.48022412656559005,0.9684296899727376,0.8626606548655846,0.500488458706877,0.50107301137401,0.9226024475868632,0.7308039346202206,0.9070424114215332,0.7104099089981188,0.5740219342627292,1.0
1.0,0.4693473961766643,0.9684708224067567,0.8750738611532,0.499820265058951,0.4772837445298789,0.8819186981200169,0.7444937504622443,0.9006595985613328,0.6949860362815032,0.5830675169226079,0.9333352229245216
1.0,0.435398813447594,0.9677450844934908,0.8847123471835838,0.5009416869611558,0.4889732473613826,0.8786377505823683,0.7426891502107833,0.8947728562089696,0.6888081236410104,0.5807904778551318,0.9813017960893028
1.0,0.4238628872775214,0.9671423689981092,0.8954286993917147,0.5001701102576545,0.5066496689689022,0.8504216017585879,0.7303601804600252,0.8890208702303108,0.6853363033573627,0.5746729632740272,0.9100743337160808
1.0,0.4442979564930784,0.9659673791556748,0.9044864247669872,0.4979136002411325,0.4896979911920556,0.8740444240296597,0.7643221655203019,0.8822572588595003,0.6735033990550527,0.5524728126281357,0.9902909904868488
1.0,0.4195781147000661,0.9614611434119816,0.8982496016559047,0.4997788742575448,0.5183970963624562,0.8687949079694218,0.8203757118556321,0.8741773368154366,0.6324712416038769,0.5829905688356279,0.9531652580124736
0.0,0.4779169413315755,0.9589456724606396,0.8902757374744728,0.5003108649172537,0.5037759841486659,0.8897929722103746,0.7930404555876052,0.8665053140425802,0.6031238902059971,0.6206796875431759,0.8918802075145426
1.0,0.4442979564930784,0.9532599936351148,0.8658351020436295,0.5015912691260023,0.4961443617475418,0.8609206338790643,0.7806301309074775,0.8616540041520422,0.595967828955443,0.604200032592397,0.9369595975475556
1.0,0.4274884640738299,0.9488874491577466,0.8481238056317439,0.5005378196268607,0.4853657223720775,0.7874274090357295,0.6876266548332226,0.8555755407754102,0.6021609191287939,0.5859200167891484,0.9704022569191108
1.0,0.4640738299274884,0.9417744977030416,0.824799869734631,0.4995275520806654,0.4893298154035046,0.7972702516486759,0.6708897270911915,0.8514465848677804,0.6144179052108758,0.622570703738807,0.9316357799503854
1.0,0.4627554383651946,0.9333173239290656,0.7944594394277912,0.4996052189269005,0.4890639346005426,0.7441189015387646,0.5838769321795722,0.8461853456884032,0.6188271144012567,0.6123009738423506,0.6840799649788403
1.0,0.4808833223467368,0.9306853615855036,0.7876417147468593,0.5011513698183075,0.4979059541869321,0.7054037205945077,0.5562088602913983,0.8442159964577078,0.6497263651555003,0.5921101929412425,0.5251228172576485
1.0,0.4347396176664469,0.9314202372366518,0.7934396488352979,0.4974436763696532,0.5010196786020614,0.7086846681321564,0.5484283706826418,0.8446077320928074,0.679297805871445,0.6341072507452844,0.5130113332360532
1.0,0.423533289386948,0.932986097516204,0.7985662896020906,0.4965171273995081,0.4860682757446428,0.7270579743429901,0.5671178167295315,0.8459205816643038,0.7065752197495309,0.6502409881771394,0.65491998638066
1.0,0.42814765985497705,0.9279264611173472,0.7705982776702693,0.4969753580614629,0.4890358330286557,0.6837494668460252,0.5340803195029956,0.8447595283257596,0.7173942151001944,0.6717813023515972,0.5833211732088142
1.0,0.4894528675016479,0.917172681309678,0.7258975753638236,0.4978736278625797,0.4910278636503097,0.7152465632074542,0.5745506989128029,0.8431337143024984,0.7434268879578344,0.6573904725117052,0.6496181720900832
0.0,0.5985497692814767,0.90832809786306,0.6925367914037812,0.5023988547984589,0.489788446797682,0.8058007152465634,0.7131499149471191,0.8405364801847419,0.774798004167746,0.7426625532006522,0.959628386594678
0.0,0.5669083717864206,0.9029147422024736,0.6809474872978298,0.5039518722901878,0.49022305092967294,0.7519931756291217,0.5955180829820281,0.8328772745362567,0.7568378501405033,0.6925557354826936,0.8860370296103192
0.0,0.5659195781147002,0.9005090052542712,0.6848059920825862,0.5037239364073123,0.4978779302177631,0.7749598083926641,0.6255380519192371,0.8304208940963862,0.7626891938005433,0.6811072320139945,0.9600628300247316
0.0,0.5886618325642716,0.8984842340137122,0.6911535209159952,0.5055294421117967,0.4904425566658774,0.7703664818399555,0.5983433178019376,0.8260905752781096,0.7592585837042689,0.7017671872999766,0.8817749492971524
0.0,0.5843770599868159,0.8943059581125321,0.6906729895531689,0.5050584259683643,0.4949289279879323,0.7854588405131402,0.6128097034243032,0.822833058849679,0.7759377750307401,0.6728157387538778,0.9362141408287464
1.0,0.5728411338167434,0.8896739300011132,0.6788968853959957,0.5045019217995859,0.4915520389899137,0.7270579743429901,0.5701575327268694,0.8190197301552955,0.7847695360901157,0.6312405310887711,0.7672060753051562
0.0,0.633816743572841,0.8853606509223928,0.6689916926564992,0.5054170849305472,0.503295249523821,0.7880835985432592,0.5707196213297836,0.8161105788631888,0.7804093036528299,0.6320004920234938,0.7905848674008985
1.0,0.5952537903757417,0.8798465593923832,0.6516339542031623,0.5063334757198766,0.498988500077101,0.7355884379408774,0.6213297833000516,0.8129332774717672,0.7790900962639051,0.6822286083862201,0.7314222098524905
1.0,0.6170072511535926,0.8739927177018051,0.6348284370173931,0.508184319954729,0.5053616960108445,0.7211522687752224,0.6085644552917681,0.8094334309754299,0.7703770670617154,0.6713719465247588,0.6533736233151753
1.0,0.6278839815425179,0.8729704144003869,0.6354303459007731,0.5095135623051036,0.4987449040820752,0.6709727176323145,0.5488869166481769,0.8089868413648118,0.8059440346547709,0.6071071068235205,0.3633258618849397
1.0,0.5510876730388925,0.8735672778691925,0.6456164627334048,0.5027984281382438,0.4948253874988279,0.6786850477200426,0.4929738924635749,0.8108468727976899,0.8513247668957573,0.52829349904442,0.3682712491550128
1.0,0.5721819380355968,0.8761047225193783,0.6622923123628531,0.5006473761809411,0.4854477629716138,0.7011793438092486,0.5655129058501587,0.8130328089626107,0.9062476357432052,0.569397939384487,0.5095883587718352
0.0,0.6090969017798284,0.8765871870102991,0.674478729907619,0.4996577310894382,0.4850799309441048,0.7480960185095923,0.6181051697359664,0.8117741825237106,0.9504725168740636,0.5930165694712118,0.6802220087522673
0.0,0.5639419907712591,0.8808957450161792,0.7000068947351223,0.4957552219833668,0.49651416999359793,0.7648060670330022,0.6554322905110566,0.8088814027625209,0.9609695721602602,0.5826900991314816,0.7125630571487787
0.0,0.49340804218853,0.8872080771270499,0.7339128779375309,0.494153638900676,0.4903941641401797,0.7236736398984543,0.7017528289327717,0.8051359488162293,0.9653627082654632,0.5819447703814165,0.7861860908224834
0.0,0.4660514172709295,0.8915612958403574,0.7565279139293937,0.4958840652069007,0.4965212634977176,0.7018220379832258,0.7108128097034248,0.7992627639742649,0.9304957851268424,0.5901282507606921,0.7383639509020521
0.0,0.4538562953197101,0.8953398220334603,0.7784485544912024,0.4948836351643976,0.4983195987146704,0.7198174748545906,0.7999186450706313,0.7954739546740901,0.9389621822957824,0.6028244236154822,0.7998795798675384
1.0,0.4143045484508899,0.8981318985687414,0.7935594386651419,0.4956682808664415,0.4996015750990626,0.7191747806806129,0.7876636343465724,0.7921003899311554,0.9563260911480138,0.5733965259571362,0.8835617845913568
1.0,0.4067237969676995,0.8884268787862455,0.7605622261220425,0.4988763658651613,0.5085898940122854,0.7108197564189083,0.7625101693661709,0.7877437891863956,0.9969462185040529,0.5272149503642243,0.9148599494461678
1.0,0.5441661173368492,0.8764993962706566,0.7113725747519921,0.5095100718637157,0.495565796938148,0.6716154118062921,0.81213667628134,0.7799557882082382,1.0,0.5581244195644273,1.0
1.0,0.5016479894528675,0.8655860173758221,0.6703657371254229,0.5103397270542662,0.4889656819852056,0.6022044410167421,0.8544782190666376,0.7714321997123585,0.981718252016592,0.583751933567645,0.8772865527138758
1.0,0.4828609096901779,0.8654137325657016,0.671749065528619,0.5125751024000913,0.493991335369907,0.6009190526687876,0.8740551734339176,0.7670314138677989,0.9575960168657374,0.613947009105651,0.9504410212370052
1.0,0.49340804218853,0.8626336671425999,0.6662909173418249,0.5096249070182278,0.4939521759280202,0.6015617468427649,0.7888617705790995,0.7616542934730803,0.9250367284863056,0.5573360206626112,0.9559843400447432
1.0,0.5326301911667763,0.8577680543163968,0.6494214132335607,0.5088077132255434,0.499336091967986,0.6182717953661748,0.8516012129280381,0.756325821948107,0.9077656822167957,0.5330125410979605,0.95909768829232
1.0,0.5158206987475282,0.8532548950956635,0.6367787608051991,0.5078012959285715,0.4998259062943925,0.5636427905781036,0.8640115376081652,0.7486278126108361,0.8637121442328562,0.5393669653842977,0.9592917362975756
1.0,0.5075807514831905,0.8482982226487188,0.6275495301888814,0.5072780029695836,0.5043272043530939,0.5417911886628748,0.8499223430219658,0.7412936716016005,0.8288301003609693,0.5829639819407041,0.9445706667668092
1.0,0.5336189848384969,0.8444753527578572,0.6203437290428371,0.5094682419539375,0.5229221512717798,0.5122272566599183,0.8843354781451074,0.7349592284097948,0.7969430607377048,0.5448887782496776,0.9847683274228232
1.0,0.4894528675016479,0.841357054217355,0.614949881036935,0.5101007602600356,0.5192180707883239,0.43253317908673183,0.7832260927446199,0.7272739503101866,0.7740954592870397,0.5310378322515632,0.8373561792821846
1.0,0.4861568885959132,0.8394956958961126,0.6059176847531236,0.5097994815529625,0.5232859206282826,0.43703203830457305,0.7847348568892836,0.7223695172356823,0.7802109998505571,0.5318526072391608,0.8328340552195239
1.0,0.5290046143704679,0.8399709928254362,0.6185229826418862,0.5094056520472461,0.4977313188128907,0.4620971110896878,0.7957547518674658,0.7150142981080749,0.7745053560174604,0.5375803261028925,0.8116926482092777
1.0,0.5141727092946605,0.8424434424609255,0.6391556266950557,0.5079187380689542,0.5030250011434765,0.5051576207461679,0.9046372309740408,0.7071164467757621,0.7370156060807775,0.5643058236249588,0.9585948978228932
0.0,0.4808833223467368,0.8468171141721791,0.6709132808353059,0.5051700544062235,0.5235443038535805,0.5122272566599183,0.8748613268249394,0.6949194804357028,0.6741932421714039,0.5530704776593676,0.9824309721652952
0.0,0.4548450889914304,0.8478956706019392,0.6837062469557026,0.5052085424520211,0.5130666471486777,0.4614544169157106,0.8979809185711116,0.6823138580319159,0.5671689739667771,0.5646605876845664,0.993641640571298
1.0,0.4489123269611074,0.8485990074347685,0.6997019422901478,0.5048658145950222,0.5019644067825741,0.4299624023908222,0.9845203757118558,0.6725138654778648,0.5167147170918793,0.6036185309034658,0.9712132279699844
1.0,0.3684904416611733,0.8531440705928892,0.7332958125576488,0.5025902944357316,0.4962410588672654,0.3264886403804749,0.8161896309444565,0.6630622474172148,0.4696198548321775,0.5124633293131329,0.962203860305984
1.0,0.32992748846407377,0.8574644778334141,0.765128715035288,0.4996282626904819,0.4834933701650531,0.3534817956875221,0.8031876340507358,0.6574659664555011,0.4727883923082806,0.5082963553221135,0.9848906208484638
1.0,0.3197099538562954,0.8599296579822869,0.7863437846975828,0.4988872697742556,0.4828390169258293,0.2892123782897908,0.7343317801937725,0.6495661192653437,0.4553438322773919,0.4808275601150728,0.8
1.0,0.3233355306526039,0.8588130172728409,0.7806493711609968,0.4991620534056168,0.4918733780094287,0.3001381792474052,0.7708083721618224,0.6448676195969316,0.4396736675124479,0.5089784232221323,0.8900516913031652
1.0,0.33783783783783783,0.8591645028232969,0.773231197064812,0.4965106195630951,0.5006045053199977,0.32134708698865644,0.8330227054211969,0.6352369636452586,0.4073283242858366,0.4950439065982821,0.9793597533327294
0.0,0.4284772577455505,0.8606828621646478,0.7650916432066196,0.4993601049364746,0.5145460578285218,0.4961599023104855,0.9046963981954,0.6242545259812617,0.3546704965599685,0.5306200806673516,0.983891658114646
0.0,0.3480553724456162,0.8615595351229777,0.7657727091928059,0.4971684255633048,0.5118212232006895,0.3791895626466145,0.7578729383921305,0.6167622577097298,0.3296019351605704,0.4971696802356238,0.7811755509231684
0.0,0.356954515491101,0.8650750518615853,0.7835496525512752,0.4978365886922593,0.5204223099353286,0.4003984703878662,0.6994674950077657,0.6170666911629206,0.3425946631016312,0.4532293035576046,0.786982578916021
0.0,0.3609096901779827,0.8658339288140571,0.7897796317322049,0.4980634470074998,0.5125652037939509,0.4595263343937786,0.7362473189852822,0.6178857213472506,0.3424877869187598,0.4754140561893678,0.9670562835020842
0.0,0.3543177323665129,0.864342021023333,0.791698539897078,0.4976248484055907,0.5088777026250134,0.4132523538674121,0.5894904223060425,0.6132602937095553,0.2987735330689682,0.4468572987343766,0.9601777699551176
1.0,0.36882003955174697,0.8573171287271997,0.7688769179182368,0.4987540332967999,0.5187423800355091,0.3914007519521838,0.5890318763405075,0.6121686292351649,0.2928050813576341,0.4469243428916176,0.9050779510022272
0.0,0.4403427818061964,0.8485781423433463,0.7409229556026012,0.5005235294614264,0.5103657726013779,0.4216073781291174,0.5354929369129501,0.6111303390701976,0.3036599262867288,0.4185667279781891,0.9300445434298444
0.0,0.4749505603164141,0.8415600807692809,0.7172836853463597,0.5033196563453523,0.5142301694844602,0.40554002377968457,0.4436358257525331,0.6103766447847874,0.3287090374246249,0.4258950706479193,0.8232770883942837
1.0,0.4914304548450889,0.8384741121007093,0.7083249321069119,0.5045350215508291,0.5084916364813856,0.44281628587036864,0.4760150876414465,0.6090479232256021,0.3047205125114624,0.4406289133486939,0.8384339136544614
0.0,0.4795649307844431,0.838936743405077,0.718735533661506,0.5037079605436792,0.5124873832168748,0.4190366014332082,0.5112417720582796,0.6039779595566563,0.24493082083815004,0.457308940901581,0.7979168621563288
1.0,0.450560316413975,0.8386350050972138,0.7229210495798432,0.5052501646942996,0.5077515943566184,0.3836884218644558,0.5054359884623918,0.5975368616077403,0.16353532178382027,0.4545951107433999,0.749160176409871
1.0,0.451878707976269,0.8379564595144204,0.7269006038726656,0.5054186403148686,0.5062674381957796,0.3663356791670685,0.4855927815989942,0.5944928160487617,0.1391766879082536,0.44483597019264093,0.6173594820305899
1.0,0.4508899143045485,0.8374564773912492,0.7250755186513163,0.5054122920984413,0.5056120076984433,0.3470548539477489,0.3702906589749277,0.5936033513222354,0.1428485156942838,0.4445954196707744,0.5833911982734351
1.0,0.4314436387607118,0.8377500935403344,0.7275302780507403,0.5076030250389606,0.466905992808092,0.3329155821202481,0.3334368759707121,0.5971903389877982,0.1855177773398051,0.4247663594191852,0.4812799099183637
1.0,0.34179301252472,0.8411979697683174,0.7419138527330821,0.5006064794402798,0.5056111205905552,0.15746007262444184,0.09010428222764556,0.5991816563492591,0.18823969347952152,0.3530415974934084,0.14768271219933976
1.0,0.3925510876730388,0.8452706147149356,0.7690795344369956,0.5044300015217472,0.503252913251009,0.32391786368456565,0.2834109903113675,0.6071203277230974,0.2265357764330248,0.3919198943865884,0.401064709380757
1.0,0.3813447593935399,0.8488128695770558,0.7930347765605384,0.5072834251854184,0.5021760649177963,0.3142774510749061,0.3134235633459063,0.6067192613698198,0.2293892681090463,0.4086907176547804,0.3682530933143797
1.0,0.3701384311140408,0.8479406583754097,0.7925782113907477,0.5101437111275419,0.4734693578041061,0.30270895594331443,0.267176983950891,0.6065614444501006,0.24945968211772346,0.4359746232685392,0.3365729122847736
1.0,0.3866183256427158,0.8485116460890447,0.7884726611501349,0.5115178845710234,0.4727432460810534,0.2776438831581992,0.3460468900229274,0.6086492484621975,0.2633254843543303,0.4306056966362977,0.3370515963387923
0.0,0.3553065260382334,0.8482642262186286,0.7804416449985366,0.5127141311304709,0.4894348934369205,0.26671808220058474,0.31884476000295825,0.6086633298410613,0.2319569387681427,0.4650454058630686,0.2864561423867476
1.0,0.27752142386288736,0.8507837950839718,0.7908373065818649,0.5063417861051682,0.4741401344038879,0.09961759696648376,0.23359218992678046,0.6121933629080699,0.23141064220387844,0.4021409561916625,0.002117313785903468
1.0,0.31015161502966393,0.8522525159207057,0.7936034187934364,0.5090291560449629,0.474895896288957,0.1799543687136479,0.28338140670068784,0.6220990870305123,0.230466103257186,0.4243841225639508,0.02091396975117926
1.0,0.3365194462755439,0.8544957166305549,0.8026750449192622,0.5074402710056368,0.5043615277091827,0.2249429608920595,0.3807410694475261,0.6319376923965894,0.25702330183140554,0.4294914113646137,0.08375625572707363
1.0,0.3279499011206329,0.8551355887546949,0.8029574387818001,0.5067263743392598,0.5188672829531444,0.22687104341399156,0.3949633902817839,0.6416987176336735,0.2747716734936171,0.4372514644957389,0.046088991084755136
0.0,0.4100197758734346,0.8560402034953594,0.8034831888097574,0.5094878026651196,0.5145010731947681,0.3663356791670685,0.3688558538569631,0.6517141989117088,0.327495680114992,0.4269861141844147,0.12978102189780946
0.0,0.3879367172050098,0.8577959696380977,0.8111128693734708,0.5115377336696185,0.51668217558188,0.32391786368456565,0.3349530360180457,0.6566438094747775,0.3370472867308489,0.4560946712659299,0.0581995133819942
0.0,0.3800263678312459,0.8601049594756427,0.8195259575391809,0.5107783401779931,0.5158613752426466,0.37404800925479614,0.4831373419125807,0.6608862865866267,0.3300213485399396,0.4905655001739478,0.25577517288734153
0.0,0.4004614370468028,0.8630735102814948,0.8319463452712069,0.5086513361610576,0.5190993867462971,0.40168385873582063,0.539997041638932,0.6613114919002092,0.32017349182169696,0.5226190050732307,0.4588013144342538
0.0,0.3721160184574818,0.8632577834670414,0.8116751420320458,0.5101520476921177,0.5191421007947248,0.3721199267328641,0.569255232601139,0.6630380124654864,0.3425288043185037,0.4888779390122708,0.4823924665260678
1.0,0.36090969017798297,0.8636837714382479,0.7988970508842038,0.5093026757371494,0.5115012329671967,0.3431986889038853,0.4277864063308928,0.6654700038201964,0.3883621069149139,0.4624812165557535,0.3547746333807445
0.0,0.36090969017798297,0.8650161799892309,0.7884524665529816,0.5093181217396837,0.5132208872955265,0.3322728879462709,0.3530064344353228,0.67110889989593,0.43159646236747257,0.4772682396788946,0.3103143852077098
1.0,0.3052076466710615,0.8675856242705748,0.8081551554428384,0.508590258536308,0.5206371858468526,0.2699315530704716,0.3130315805044004,0.6746222955638121,0.436514948647556,0.504931092296189,0.20388444749619852
0.0,0.3622280817402767,0.8711422421409809,0.8253179203194737,0.5130438799649488,0.5185857383580842,0.40682541212763895,0.4712817099326974,0.6779826890573066,0.4167120884964091,0.5348319248785527,0.5418117612438078
1.0,0.3391562294001318,0.8720650220073884,0.8337676926898313,0.5149925011202428,0.502587772378235,0.3669783733410457,0.5070408993417647,0.6764591599476497,0.3672679921608518,0.553765614095265,0.5305802148217177
0.0,0.4202373104812129,0.8714715866548308,0.8242291208282094,0.5175387942632652,0.5238056144618318,0.5199395867476464,0.6209082168478667,0.6767320548084619,0.3474003537593604,0.6163593494635969,0.9431065770758748
0.0,0.4050758075148319,0.8715408290619018,0.8199077943415287,0.5164578318582127,0.5232154504069763,0.4672386644815066,0.5309740403816287,0.6699100889604503,0.2785585727787563,0.6161541998903295,0.8336486523539258
0.0,0.3269611074489124,0.8711824133255179,0.8147595172735724,0.5139548774808282,0.5187155097229301,0.3637649024711593,0.5677316766511352,0.6641091528804881,0.21580529297304074,0.636159786685982,0.6603602862548338
0.0,0.3780487804878048,0.8694859979022653,0.8107183061188399,0.514319823778117,0.5191142308251459,0.4383174266525274,0.6595222246875232,0.6578827351003679,0.14419606073331115,0.6363497960098807,0.7719283814537592
0.0,0.39222148978246535,0.8629846066345981,0.7931944348815733,0.5156024629154647,0.5120539693943147,0.3875445869083197,0.6368685748095555,0.6521540232102141,0.0967627269950655,0.6272346175281759,0.4805077311108677
1.0,0.40870138431114056,0.8576905106207908,0.7785451988640978,0.5170977331551604,0.5148638045423602,0.3476975481217266,0.5993861400783964,0.6524884324603881,0.0877539611519384,0.6034555589794611,0.5586429193233423
1.0,0.3777191825972314,0.8483457280957585,0.7456298147252531,0.5183455223399959,0.5100756563681093,0.2892123782897908,0.4684342874047779,0.6522092833787636,0.07750306870218943,0.5826656712083741,0.3793614568383416
1.0,0.4943968358602505,0.8406219289695107,0.7183417233463009,0.5249136912287454,0.5088771760890659,0.3207043928146793,0.5679535537312329,0.6577297671660916,0.10495978766129266,0.584011860980483,0.4123473637155032
1.0,0.525049439683586,0.8328820813671571,0.6913603353598586,0.5238308861494114,0.5099041499007053,0.3955120044998372,0.3734708971229935,0.6607320120240441,0.10412336289834184,0.5464276266869319,0.29576735759828743
1.0,0.5395517468688199,0.8317491984059617,0.6944951135159367,0.5249556155953329,0.5100300810563649,0.438937432420585,0.3964055913024183,0.6683663353416059,0.1347987441294703,0.5050873379371815,0.3611509775780535
0.0,0.5708635464733025,0.8307861347726155,0.6997027320021578,0.5238158498746373,0.5112500263420938,0.4874484935269878,0.5242807484653502,0.6725011287138489,0.1362694312692771,0.5129859314336837,0.7154083241182984
0.0,0.5603164139749506,0.8283208835276152,0.6956481906218502,0.5232157229379023,0.5070029033864707,0.4484291900374901,0.515723689076252,0.6729056280213173,0.1385946334173953,0.5087659398299347,0.7540408912312082
0.0,0.5379037574159525,0.8267528460931137,0.6889597262812844,0.5216491996321002,0.5123421299821885,0.3994399839995431,0.3602026477331555,0.6731176964178556,0.13928591175342284,0.4820840402208539,0.4793308707620642
0.0,0.5425181278839816,0.8254154493477208,0.6783822398376554,0.5219626384452224,0.5088703160197832,0.4254480992712233,0.3624731898528216,0.6755633605875444,0.1490153282671242,0.4831373803774273,0.4774311090867688
1.0,0.5332893869479235,0.8246895448928568,0.6783525347865802,0.521449092456199,0.5121122961785637,0.3916775465985165,0.4305672657347829,0.6772902507835981,0.13476436148106047,0.5188992294050627,0.409246185379185
1.0,0.5823994726433751,0.8236442821037855,0.6796507509298902,0.5218743599498898,0.5200624116459597,0.4794426616199019,0.5023223134383551,0.6784221070993364,0.11108832905872773,0.5519389104124685,0.7263493509451144
0.0,0.6143704680290046,0.8219973129374845,0.674022662932548,0.52084829621659,0.5129020332393659,0.5277160646205329,0.6270468160639004,0.6774364337762253,0.09137381834122517,0.5630699853285388,0.9153268048280568
0.0,0.6212920237310482,0.8203321310678953,0.676429715944532,0.5216472619063814,0.5146034997618777,0.5152979066022544,0.6114488573330377,0.6747298351534898,0.07386872241973974,0.5543604067316535,0.9395809610567064
1.0,0.5692155570204351,0.8197574915324384,0.6918848512520002,0.5212770703449913,0.5186032050752103,0.4441580063911491,0.4367206567561568,0.6729348043928223,0.06503604856889439,0.5234290990187134,0.7661125028467315
0.0,0.5814106789716547,0.8213392441091214,0.7198347571514444,0.5221222339899061,0.5148459946693316,0.4828271435860255,0.3859034095111308,0.6745607266558578,0.06895431501044152,0.5498057387515051,0.6126564222265446
1.0,0.54614370468029,0.8218792310256906,0.7295875025203022,0.5229270739537071,0.5198779983168668,0.4366390074921454,0.3576288736040233,0.6764620391574674,0.06804198004250689,0.5388785840046598,0.5945325292543635
1.0,0.590309822017139,0.8217159437707737,0.7330859796151813,0.5230570645646195,0.5173227533480711,0.4962539273342464,0.3421492493158791,0.6792108628774765,0.0695620352553436,0.5336975679219442,0.5822934928328343
1.0,0.5494396835860251,0.8201943662552935,0.7225598077729151,0.5198721613320654,0.5184301025499384,0.4242863664437823,0.1942755713334809,0.6795819826548826,0.04404451510131169,0.5153297546706406,0.35770954409412725
0.0,0.5847066578773894,0.8197996950609658,0.7197932010903723,0.5192863825856293,0.5024509637652451,0.4715486452375198,0.14586938835884894,0.6836360316441865,0.030404343469022318,0.4796945850023571,0.2106329188781623
1.0,0.5056031641397494,0.8185067066679221,0.7070325312134702,0.5164201930985295,0.4972067514087772,0.34897459295903177,0.07951334960431877,0.6896142810268633,0.02769496526390114,0.4851058356052829,0.09836669170385423
1.0,0.5263678312458799,0.8163339351032515,0.7027774661476769,0.5146607722444744,0.5234645649250139,0.36445042131608574,0.1177723541158201,0.6990530845236662,0.04412824712316349,0.5000298656309519,0.10256126482213493
1.0,0.5125247198417932,0.8133684283064744,0.696295023893161,0.5139147335833768,0.5862125275643801,0.31916801147570395,0.20804674210487376,0.7070320535490724,0.058842388134596864,0.4865803075399328,0.2091458972230224
1.0,0.4584706657877391,0.8109992362054871,0.6934379002616902,0.5090894054667341,0.5195490129990857,0.2371918892434483,0.1326529102877001,0.7123609279533556,0.06260305017628638,0.4070222563412821,0.004913505362498248
1.0,0.5365853658536586,0.8114021849277164,0.6974953530053688,0.5129793889215352,0.5244859775633441,0.3550062778502672,0.2762443606242145,0.7233778029388434,0.10807448034652156,0.4778783118057048,0.2316228601960505
1.0,0.5557020435069215,0.8108726947535283,0.7002405521500856,0.5111078971757766,0.5215237409339799,0.3858630698309714,0.2562162561940682,0.7278127812147093,0.13237383638474026,0.5229170226109794,0.19765116378026487
1.0,0.5326301911667767,0.8108693710431559,0.7069957312785276,0.5092336645193011,0.5102726528377588,0.3398140731571155,0.24794024110642696,0.7328316256930241,0.15962395044063155,0.5120366383760219,0.1501425471256546
0.0,0.5639419907712591,0.8114489546748063,0.7151543835715255,0.5123034395302669,0.5160934687526271,0.3913347309573724,0.2575918940906732,0.7378498851603803,0.17951635966517626,0.5179455333924333,0.20969320454448734
0.0,0.593605800922874,0.8120850447807744,0.7223617107068089,0.5151843874187443,0.5102567039606953,0.4356731487505723,0.3676059463057468,0.7427148199074136,0.1972747064545175,0.5455509299659576,0.4086634611293145
0.0,0.5995385629531971,0.8127015671066595,0.7252007153457245,0.5120469065380615,0.5300116565816311,0.4380828453697678,0.3688188743436137,0.7436480395288441,0.19272739031889652,0.546367061078349,0.41470575720182135
1.0,0.5477916941331576,0.8127182734972545,0.7244615352991238,0.5110575087352087,0.5345918867989238,0.3759936976294493,0.3031210709267064,0.7465785661720616,0.2036353209091082,0.4638705909103169,0.15512105867835474
0.0,0.5669083717864206,0.8135843271574266,0.7277089900542073,0.509276031504369,0.532093913701204,0.39270452863520267,0.2888469787737593,0.7539551969366722,0.23071288730011086,0.4565867321631771,0.24494702353091385
1.0,0.5454845088991429,0.8127412488473205,0.7291922434217064,0.5091463527596176,0.5165569877937396,0.36167012819594624,0.23263072257969056,0.7604614165653432,0.24653115843257886,0.35858006335178344,0.06269945959746448
1.0,0.5814106789716547,0.8123372764933898,0.7311231058208766,0.5091457132948887,0.5315501215415782,0.4013190205570756,0.2973300791361587,0.7702871192963292,0.2781124714429196,0.3915987541857184,0.0010019060651968491
0.0,0.6440342781806196,0.8111432058996946,0.7274668246199139,0.5116210900816148,0.5343541378435112,0.4846195107162014,0.3935581687744992,0.7800570717879289,0.3065640262064282,0.4661115786159439,0.08976798653297308
0.0,0.6677653263019117,0.8097438008291049,0.7245986283278697,0.5102831513403303,0.5342883188281479,0.5113386809681223,0.3980400857924709,0.7857062505732109,0.3199551031093827,0.4704673719159299,0.14751518700139055
0.0,0.6783124588002636,0.8071571770239259,0.7209372261686333,0.5096854995900717,0.533601279904788,0.5164802488620509,0.4495969233044893,0.7911544321218527,0.3256333264497091,0.4763968707627438,0.16492364645996996
0.0,0.7336849044166118,0.8059180073401992,0.7234716497662401,0.5115938823645271,0.5381530889540111,0.578374407266413,0.4836032837807851,0.7959143894084619,0.3329209648503891,0.5152819365741238,0.3238399634724033
0.0,0.7429136453526697,0.8054782069634268,0.7287092534316514,0.5120759240684393,0.5414509319755725,0.6074735229467795,0.504171289105836,0.8000429777897291,0.3529764154282741,0.5415338597789385,0.8206152616859803
0.0,0.7139090309822018,0.8044435888779455,0.7252628735914805,0.5131158712016466,0.5446301066245003,0.5781655898221543,0.4484579542933215,0.8016037042470456,0.3731569676592758,0.5229035089995381,0.639603457041182
1.0,0.6839156229400132,0.8030198139103808,0.7196866303786577,0.5112565714454322,0.5414626561061596,0.5048957570105911,0.4399822498335921,0.8029643286162005,0.39032412377132375,0.5142162597276443,0.6527116587323821
0.0,0.7092946605141726,0.801628861431388,0.7121193175785503,0.5137354265657702,0.5327657791677729,0.5452259644015086,0.4471858590340949,0.8036361725132659,0.40826230418491705,0.4732167932418301,0.5805652981225484
1.0,0.6634805537244562,0.8012173237281086,0.7164577485409481,0.5097929843631739,0.5357811900940805,0.4830278568120162,0.40378670216699897,0.8035642111333974,0.4150055442827158,0.4733887483111862,0.4633578906552918
1.0,0.6634805537244562,0.8008094448750853,0.7239286377272182,0.5099537339475472,0.5395206459179799,0.4764733056160498,0.40137563789660535,0.8043944744765399,0.4286945768442677,0.4688739686703083,0.3711059619699159
1.0,0.6756756756756757,0.8003253341562351,0.7275687322716659,0.5075183539047412,0.5481869251223173,0.4910860053549271,0.4241624140226312,0.8046693482899205,0.4180565040748844,0.4450857736165639,0.441943433005994
0.0,0.7112722478576137,0.8002188363502039,0.7265204977084779,0.5074535764121323,0.5453528403320974,0.5381408109918122,0.4717920272169219,0.8035573844149557,0.3914242158695857,0.4550797347940324,0.5296995108315873
1.0,0.702373104812129,0.8001925259533159,0.723376433961897,0.5104266089601619,0.5426418524221934,0.5273391086435222,0.5101397825604612,0.8015502136140908,0.35690453632757124,0.5004929661995705,0.4887270587369891
0.0,0.7188529993408043,0.8003319577940121,0.7244005727590542,0.5120841972837876,0.5469065852404512,0.550670785715829,0.5242437689520008,0.7999671354831479,0.34123017973106234,0.4659582807898837,0.5436757512229227
0.0,0.6858932102834543,0.8001992888632925,0.7268872817046852,0.5092647746680143,0.5453014304623903,0.5053036358530104,0.4966940315065456,0.7981636951817346,0.330255273536477,0.4344580585958861,0.34054213100886405
0.0,0.6845748187211602,0.8009949271148362,0.7299999720212701,0.5091588251277528,0.5406532774562125,0.5047481642584897,0.5265069151689962,0.7982626744678525,0.327896653067966,0.4180285306195371,0.3449556806061269
1.0,0.6532630191166777,0.8021349667812547,0.7373373462834812,0.5096758998051668,0.5426496172357886,0.4754624345916149,0.5035500332815626,0.7985693172610533,0.31629749371515625,0.3927648396001675,0.22292103424179086
1.0,0.6542518127883982,0.8039433065677564,0.7476561329223991,0.5096862521203235,0.5428789052713237,0.480630504532828,0.5465572073071521,0.8005561291185004,0.31354306434426144,0.446397826739767,0.44918901026150265
1.0,0.6499670402109425,0.8065702202566376,0.76743607697071,0.5090610611237599,0.5686000185589548,0.4819225220181312,0.5513497522372605,0.8013824621988709,0.311485648706106,0.4521452329209159,0.4136967155835093
1.0,0.6077785102175346,0.8094293097064358,0.7712839413921674,0.5080514798769304,0.5499861787433481,0.4543594823316609,0.4711411877819681,0.8023875939312384,0.3167689551781479,0.4000426217168635,0.2086873367906128
1.0,0.6015161502966381,0.8129854317988969,0.7822242313853445,0.5092069401772302,0.5534465777877622,0.4543594823316609,0.496339028178389,0.8062041575408878,0.34146150897400834,0.3817656217217463,0.2592503700147988
0.0,0.6354647330257084,0.813992280544475,0.7800896270016641,0.5124266336347076,0.5537576064127676,0.5133616141605115,0.4954958952740184,0.8093195115488994,0.3603922022179286,0.3807719150344308,0.2981319252770103
0.0,0.6558998022412659,0.8146861559095631,0.7908012253195171,0.5109652902436916,0.5506251339643541,0.5198217015870282,0.4377856667406255,0.8130807897864307,0.3942148647326886,0.3623563449228701,0.22924916996679684
0.0,0.6736980883322345,0.8155556481865545,0.7961309709874709,0.5125216471499736,0.5530285764101697,0.5547061736902171,0.41831225501072383,0.8177727833121868,0.42672614179965707,0.3449493497982661,0.29329173166926586
0.0,0.6740276862228081,0.8168029295947372,0.8044388379527946,0.5120926885097554,0.5547302381295807,0.5745171084648678,0.4642556023962722,0.8212837960370023,0.4561993221669629,0.34380527140619177,0.5302212088483514
0.0,0.6878707976268953,0.8173203901718242,0.8109993033784246,0.5098152061969863,0.5514252538690474,0.5848532483472944,0.5141705495155686,0.8218279672484661,0.4571392692755509,0.3548517896149413,0.7596703868154726
0.0,0.7027027027027026,0.8163955361631445,0.8183870345943266,0.5113004606263808,0.5493818547591548,0.605094855617046,0.5518674654241554,0.8201451564266597,0.4623768642326964,0.3520952432004719,0.8616744669786793
0.0,0.7007251153592619,0.8161459258297068,0.8306302130428219,0.5112526019854495,0.5531631455067975,0.5969120782101252,0.5553657273870277,0.8168237758929053,0.4665618538087319,0.35628067207359576,0.8261130445217798
0.0,0.7112722478576137,0.8162592092767817,0.8510355095143158,0.5121089342372609,0.550795084037085,0.6188763754602812,0.6124916796094964,0.8140710806318958,0.4642222065052735,0.3756436044857636,0.9760390415616632
0.0,0.7003955174686882,0.8160003620716427,0.8673250981476579,0.5146924031270834,0.5553311663559195,0.6111242705484614,0.5955106870793581,0.809379662911063,0.4504210013129185,0.4131256760448577,0.9684469103384024
0.0,0.7000659195781147,0.8131558033936992,0.8723534385151331,0.5148552497398103,0.5607411405811528,0.6016494756562373,0.6033799275201539,0.8066195166905656,0.4434641390284444,0.4221869298314393,0.9542457805907181
1.0,0.7089650626235992,0.8096641338769945,0.8665767260658837,0.5165368867782201,0.5628343526227352,0.5719330734942611,0.5223060424524816,0.8045225682166066,0.4551991194161914,0.3647479549838247,0.8311132031066125
1.0,0.691825972313777,0.8060822462483404,0.8573562900089808,0.5152095285311801,0.5624699162466711,0.5426473438273863,0.4361733599585832,0.8041030566540182,0.4591830713819946,0.30778252103981546,0.4880333433592581
1.0,0.7053394858272906,0.8044598558963867,0.8608785220396225,0.5130028878526894,0.5614298115946879,0.545662051293094,0.4394645366466978,0.8040980660342558,0.4586174529046753,0.3123352268650258,0.4702874575688567
1.0,0.7313777191825972,0.8029784781967275,0.8725468630831729,0.5120509500313458,0.5660475556040708,0.5702103835138568,0.4662007247984615,0.8037635221801421,0.43160647482990655,0.3480996855989113,0.3930305504232352
1.0,0.6970995385629531,0.8016615226402801,0.8902401287077893,0.5091422238513577,0.5661403228054287,0.5219750640625336,0.4189187190296578,0.8039510722011819,0.4146562299506157,0.3353653340461253,0.22498173849525105
1.0,0.7224785761371127,0.8018053772548313,0.8972535713733798,0.5081471950786104,0.5623188661673905,0.5478154137685997,0.4190962206937351,0.8069160170824401,0.4051446529362667,0.33556114245260377,0.2157865337515552
0.0,0.7172050098879368,0.8019444517862504,0.8845264275004365,0.507297242609141,0.5637798426374327,0.5508301212343074,0.4089712299386137,0.8102691111975981,0.41522808501241787,0.32656491296045315,0.2194675613263032
0.0,0.7261041529334212,0.8020221549270371,0.8736684445229581,0.5082128723027644,0.5573905943097851,0.5633196235922393,0.3752089342504252,0.8136144273625279,0.42374598181657774,0.333613270703019,0.14918739924186594
0.0,0.7541199736321686,0.8013890661742735,0.8674676531041641,0.507468885816024,0.5561374881866836,0.5917440082689118,0.4274831743214261,0.817113532788903,0.4345018228395969,0.34460601678721986,0.1728459530026113
0.0,0.7659854976928149,0.8003086168370791,0.8748205507290208,0.5049578164343668,0.5569835667425345,0.6059562006072483,0.45362769025959604,0.8186720705724595,0.4309775681242387,0.3817924520252608,0.14905715114592213
0.0,0.7811470006591958,0.8000221678539363,0.8829346039315341,0.5027947360840472,0.5296319450825436,0.6252810552688495,0.4542933214998886,0.8208956648699497,0.44176834746842697,0.3826158143710866,0.21206846533216936
0.0,0.8167435728411339,0.7986284881266243,0.8878664421003456,0.5061412378342051,0.5358975895404829,0.6805284909741108,0.4907773093706089,0.8221380357599499,0.4454895353253029,0.4239514924529144,0.5648970118944008
0.0,0.8253131179960447,0.7969106610973204,0.8918911519403382,0.5073722052129316,0.5399713385949858,0.6728195464570976,0.5928629539235264,0.8221063027998896,0.4525274632324541,0.501419316236916,0.8105599071656528
0.0,0.8164139749505603,0.7939816906449506,0.8822149226352207,0.5104010643745126,0.56106199875083,0.6635575714985414,0.5521780933362915,0.8196633995315259,0.4408607903388944,0.4974744025887039,0.7937917029300837
0.0,0.8141067897165457,0.7915364550042532,0.8733840027154594,0.510615986229839,0.5427920424341325,0.6492106764724529,0.5553731232896971,0.8184487143059436,0.4411588836107944,0.500836346638715,0.7350159559036831
0.0,0.8338826631509559,0.7897269887614193,0.8672311146417506,0.5090476016827222,0.5620704484647155,0.6702512371526457,0.5597662894756306,0.8157602221952359,0.4155923287077376,0.5055602558838033,0.5872352770525062
1.0,0.8213579433091627,0.7879557015047305,0.8673483033851495,0.5112552131468373,0.563057459454883,0.6668171279673362,0.5875231121958433,0.8127894174190728,0.3857551160769634,0.5323974412425987,0.561895901173308
1.0,0.8075148319050758,0.7885101716464282,0.8774694705879653,0.5104190683429701,0.5687931745281859,0.6393237448449909,0.6130167886990607,0.8113247407327995,0.3706127415240131,0.5555725382932883,0.4763446738719057
1.0,0.7607119314436387,0.7867338281790229,0.8766321764575699,0.5087008420619061,0.576920910638968,0.6101889657153411,0.5809185711116045,0.8111684917471462,0.3739038591770113,0.5177891666441906,0.5568948525509826
1.0,0.7762030323005932,0.7864834649928452,0.8823338927467261,0.5110646390019923,0.5753668979699024,0.5933646566404727,0.5913541897788626,0.8119659644722035,0.3959203718070109,0.5267296669046139,0.5385508592661399
1.0,0.7666446934739617,0.7842369916526519,0.8798140692219893,0.5134023256479747,0.5361642706579903,0.5929543076386468,0.6555062495377559,0.8121026546529873,0.4027333584612624,0.5468294496018218,0.7677327317364468
0.0,0.9208965062623596,0.785565013435936,0.8902880586741864,0.5252637055301314,0.5351203690041603,0.7767906604567184,0.7221359366910732,0.8116835291506219,0.41638731045686944,0.5728746847658671,0.9625354717342092
0.0,0.9080421885299932,0.7832551238150316,0.8886625865937283,0.5227613912357161,0.5377880756978466,0.787870083506022,0.6527253901338657,0.8089322623812851,0.4019055866093637,0.5299784536422018,0.936342740390756
0.0,0.9179301252471984,0.7822937115440824,0.892766127469088,0.5242846950357894,0.5371813537726484,0.7776113584603705,0.6289919384660894,0.8088763718255416,0.4154565951717813,0.5132372201411136,0.7635359468777942
0.0,0.9083717864205668,0.78013488545841,0.8933931041166523,0.5225584605383025,0.536027368897748,0.7829458954841094,0.5679905332445825,0.8095884817363264,0.4234362127203923,0.448882628717924,0.8468003207698469
0.0,0.8912326961107448,0.7795963581479901,0.9004775111855116,0.5246865858328108,0.54022816967831,0.766531935411067,0.5422453960505883,0.8107845673349738,0.44730108117252615,0.4774384735701002,0.8391659983961526
1.0,0.8879367172050099,0.778737942708561,0.9062805364496936,0.5240596506881469,0.5445107990332371,0.7694043784238496,0.5250942977590414,0.8101363831165305,0.4541613958460722,0.463470463451444,0.8938893344025663
1.0,0.8721160184574819,0.7782162689655872,0.916403404852502,0.5260414283887629,0.5405406697673153,0.7587353043763722,0.5570667850011096,0.8089480071570665,0.4625132203178896,0.4377837745400008,0.9885805934242198
1.0,0.8638760711931444,0.7788989452511479,0.9381665676911504,0.5247548802502232,0.5394904951912339,0.7599663513818503,0.5171067228755267,0.8059459770400849,0.44988185644472706,0.4573438754933868,0.9879829787234052
1.0,0.8510217534607778,0.7783681326290357,0.954953725959398,0.5224734371548604,0.5401017826846308,0.7706354254293276,0.4777531247688784,0.8038036435715796,0.4390440849504645,0.4764733441695743,0.8688286040952096
0.0,0.8678312458800264,0.7773410072386233,0.9718229751372088,0.520534329486801,0.5420239867040304,0.7792527544676747,0.4771392648472751,0.8018158843896468,0.4265008182352218,0.4760745349662101,0.8746393827574644
0.0,0.8688200395517469,0.7752092513754314,0.9734044083776014,0.5204746099970537,0.5477024781072097,0.7845872914914136,0.5079358035648252,0.7992134084993321,0.41186847672958377,0.4503510058847551,0.8496207746808571
1.0,0.8236651285431773,0.7745192017781442,0.9803096023777595,0.5201912517623849,0.5419492898638057,0.7373971562814176,0.4316248798165821,0.7952650974352424,0.3949723100835635,0.4333092114604871,0.5509535253909306
0.0,0.8437705998681606,0.7736841050755171,0.9771127851576648,0.5216702236009221,0.5506718083122379,0.7767906604567184,0.486184453812588,0.7949393120990325,0.3808819569854848,0.4301600357592675,0.7136302631168266
1.0,0.8388266315095585,0.7719332679614226,0.97879686351713,0.5214585285469403,0.5534900665017992,0.764480190401937,0.4802159603579621,0.7925409415950115,0.3707135384536818,0.4245197978619861,0.6685289803052538
1.0,0.8233355306526038,0.7712435544274312,0.9858012879982296,0.5202570460039134,0.5606213472314455,0.7443730893124603,0.4528880999926039,0.7916518424649809,0.3755388206725044,0.4470186759256587,0.5704922126158729
1.0,0.7775214238628874,0.7705622364879741,0.993564786292257,0.5187668191900741,0.5673684255720998,0.7189314511992451,0.3742030914873162,0.79151985344924,0.3955684713017456,0.42055669003689616,0.4108430350510315
1.0,0.7425840474620963,0.7698883757694457,0.9957288947367551,0.5160765189116012,0.5709076413005054,0.6664067789655101,0.3357296057983876,0.7930255692102439,0.4188558947793716,0.36491144540097337,0.17915665282936571
1.0,0.7709294660514172,0.7683842567037527,0.995339394101448,0.5152889157987119,0.5720391095138252,0.6963622560988122,0.3907107462465794,0.7959520234538578,0.44645191603269707,0.3714298535283893,0.3384000749087049
1.0,0.7478576137112721,0.7670488278213363,0.9967560810921724,0.5167068569872777,0.5938641264070742,0.6762551550093356,0.3865542489460833,0.7963787981600698,0.458311061512099,0.36428589619359053,0.2251006585723644
1.0,0.7333553065260382,0.7657381293167047,1.0,0.5154993157188977,0.5946202689396802,0.6573791009253369,0.4330670808372159,0.7989088496502197,0.4761928504515405,0.423119805261216,0.1699803364649333
1.0,0.7237969676994067,0.7640835879047589,0.9988176204552022,0.5148770687999606,0.5734879702163258,0.6372719998358604,0.393358479402411,0.8022122591186684,0.4935205871539475,0.4269099103573339,0.003162992982109439
0.0,0.7541199736321689,0.7628050396436121,0.9963012127678909,0.5143018427640454,0.5621781915924512,0.6746137590020314,0.4745285112047925,0.8091351436179293,0.5301363455361616,0.4597358682252621,0.2255489021956108
0.0,0.7860909690177983,0.7618193744767359,0.9920613882827276,0.5175231622488694,0.5421002322076345,0.7172900551919409,0.4394571407440284,0.8130933388583157,0.5550162059235522,0.4692981567631591,0.1469917308240684
0.0,0.842452208305867,0.7604545471844948,0.9896628745473706,0.5231488505141535,0.5339190796369718,0.7907425265188043,0.5238074106944753,0.8188306172027155,0.5973733045683387,0.5181520429269354,0.31074449201211
0.0,0.8322346736980883,0.7579139402665547,0.980937791256704,0.5240547978180458,0.5303723226664638,0.7780217074621966,0.5468826270246283,0.8203688314865631,0.620486476736959,0.5524997883970199,0.4800563850892756
0.0,0.878707976268952,0.7546877586921048,0.9656667784325736,0.5251001601476345,0.5429103535516632,0.8301360306941055,0.5931218105169739,0.8209299664414895,0.6383130855070827,0.575322665343606,0.7239486416077403
0.0,0.8698088332234672,0.7507454832650535,0.9486196653797708,0.5247186055727622,0.5345117376406874,0.8083875335973245,0.5874491531691446,0.8197008169955609,0.6292743605525243,0.5687548346271672,0.6601693338295489
0.0,0.8823335530652603,0.7464392273686391,0.9374721719804048,0.5222891424784453,0.5425851884573628,0.82028765465028,0.6267287922490941,0.8199857129247663,0.6259101496661064,0.5907244695526984,0.8279214737625615
0.0,0.9568226763348716,0.7421831167096737,0.9304369256493568,0.5262799245326881,0.5449468249963642,0.8978436159954041,0.6026033577398122,0.8193218187551652,0.6107163673461647,0.536513395510418,0.8919333829549662
0.0,0.976928147659855,0.7369593568255949,0.9146794701343508,0.5246529054083643,0.5487161758065962,0.9154886230739244,0.5925375342060495,0.8178280612426712,0.5917454876418893,0.5166899862023207,0.942128768142908
0.0,0.9660514172709296,0.7341940811287482,0.9087677948026386,0.5240869662321535,0.5210976504069679,0.8945608239807957,0.601124177205828,0.8156396155150261,0.5862956126600134,0.5272292024424724,0.8085944830174507
0.0,0.9334212261041528,0.7315629029646096,0.9090460622715464,0.5232813195020274,0.5217969491637036,0.8859434949424486,0.5821980622735005,0.8133796296083801,0.5943602498082637,0.4940239356554943,0.8437324075811578
0.0,0.9297956493078444,0.7292102115822674,0.9129178994417884,0.5232579487120086,0.5447120039575198,0.8736330248876673,0.5818948302640338,0.8124083682159307,0.6170488056585304,0.4940705225738165,0.7421655094764492
1.0,0.9505603164139748,0.7255031594584542,0.9132424702050408,0.5216518092077923,0.5435800981565609,0.8953815219844478,0.5340285481843058,0.8104052160328845,0.624700221691714,0.4784094460026543,0.7122349408894718
0.0,0.9726433750823996,0.7227424397404438,0.9109357211103848,0.5235904236649606,0.5232181546693564,0.9294404891360102,0.5839878707196213,0.808280662070666,0.6255466135586611,0.4800969570294613,0.7382248076562196
0.0,1.0,0.7207098956418019,0.9096474436163579,0.5257152404937879,0.5544388454949463,0.9766306243460064,0.6629761112343757,0.8042226220984721,0.631668914171541,0.5187502614467978,0.9973728654531788
0.0,0.9716545814106791,0.7182493647986665,0.9082677699676908,0.5264101569199287,0.0,0.9561131742547038,0.6633311145625329,0.7981493896884313,0.6248086735282217,0.5196848339861626,0.9555119118777252
0.0,0.9759393539881344,0.7158725012214475,0.911774070603914,0.5265277861486234,0.5674794570783177,0.9684236443094852,0.6690333555210413,0.7919559153499709,0.6026144401310909,0.5251271550093154,0.9917447676394899
0.0,0.974950560316414,0.7125958498694431,0.9154019766077364,0.5259228484037134,0.5758834239527626,0.999162128194386,0.7015753272686938,0.7861459925142076,0.563729987534229,0.5519214222644839,0.9991421021927868
1.0,0.9119973632168754,0.7091133479231182,0.9166946697149364,0.524800487631781,0.0,0.9564649542882021,0.653583314843577,0.7816091226263129,0.5348518773381196,0.5151744054972408,0.774492700394823
1.0,0.923533289386948,0.7056448134829147,0.9099735865509234,0.5257584773563603,0.5445287891280438,0.9773617762298648,0.6463649138377341,0.7800806272921743,0.544198428775764,0.5021805180301468,0.8267376733082369
1.0,0.9119973632168754,0.7003770671370808,0.8977406182890075,0.524880333205466,0.5377497069963817,0.9782993799822852,0.6615560979217519,0.7786392457068751,0.5443013369943439,0.515940578837562,0.751813423928016
1.0,0.9377059986816084,0.6945458068367301,0.8812856900958735,0.5240665745143459,0.4697858337326011,0.9844858156028368,0.6597441017676203,0.7775345138432956,0.5471994516200823,0.5115788146581466,0.8294922413001558
1.0,0.9202373104812128,0.6915871351727172,0.8772640905195723,0.5229220195128838,0.461808068879545,0.953900709219858,0.6431994674950074,0.7748588271086105,0.5222946632405123,0.5429831856300429,0.8088329813607562
0.0,0.8932102834541858,0.6892229304928743,0.8743923997360662,0.5180939523215146,0.4696241296249063,0.9742907801418441,0.7079505953701651,0.7720073667636127,0.4939785747478895,0.5403941381494961,0.8125975576163816
1.0,0.8846407382992749,0.6869523767014036,0.8698279317611197,0.5180351588486439,0.4647792913127531,0.9406028368794328,0.6846165224465643,0.7688756121960338,0.4744457801041313,0.5719054330938398,0.7846661680893311
1.0,0.8823335530652605,0.6816806440002345,0.8599206973874696,0.5179275590493674,0.4784329170638219,0.9348404255319149,0.650166407810073,0.7682270619337785,0.4599500212210966,0.5795795840091579,0.769089924439745
1.0,0.8592617007251153,0.6765896086881993,0.8541701262863797,0.516226631107969,0.4794866347340828,0.8984929078014184,0.6138081502847428,0.7684281934175667,0.4591609374960735,0.5926655205678429,0.7251205611573888
0.0,0.9166117336849045,0.6715924715039971,0.8517715942965453,0.5185739957435395,0.4576545143280136,0.9565602836879434,0.6119961541306116,0.7702181002557584,0.44563284038727735,0.5896438107685893,0.8447275446785463
1.0,0.915622940013184,0.6657022002124737,0.8426945891245923,0.5186805286779635,0.4703344845364885,0.9490248226950356,0.5545151985799871,0.7702244794764288,0.4432828527037286,0.5363519302354607,0.9076514428656174
1.0,0.9007910349373764,0.6604987916622616,0.8288628157350058,0.5178596185315104,0.0,0.9171099290780144,0.5087567487611862,0.7674430642740147,0.424969761446636,0.5506805776844798,0.7999329499445547
0.0,0.9378707976268952,0.6551914506306797,0.8137206819198387,0.5180256995047722,0.4704823692022736,0.9605496453900708,0.595421936247319,0.7639328345115974,0.3950669263677074,0.5666492445350451,0.8852412512571884
0.0,0.9396835860250496,0.649568356750927,0.7960217819003215,0.5185630545553545,0.4234287160935061,0.9503546099290782,0.5984394645366466,0.7586786331415865,0.3516003539352488,0.5689418549774802,0.8409191800496145
0.0,0.9574818721160184,0.6452010806498372,0.7927008791290662,0.5167602174503011,0.4716086410621056,0.9640957446808509,0.6209082168478663,0.7540547630238326,0.32386138183245183,0.5877780516083727,0.9932628280454371
1.0,0.9238628872775214,0.6415866282290303,0.7955246843932263,0.5168673496549611,0.6113270522802803,0.9357269503546104,0.6192367428444641,0.7475502887566474,0.2800509095318641,0.5876982030686534,0.9773438939031126
1.0,0.8968358602504944,0.6388744479666948,0.8051263280220038,0.5182011873910619,0.593443055798068,0.9042553191489362,0.5749204940462989,0.7402361302295517,0.2237787080246418,0.6045581791112958,0.8190581445324503
1.0,0.8849703361898484,0.6360620937997465,0.8093976653642561,0.5208660694802411,0.5903448199182083,0.8909574468085107,0.6383477553435397,0.7348614831101359,0.18899966252144376,0.647008228949677,0.7494013630502849
1.0,0.8592617007251153,0.6330850940260264,0.8070654719990369,0.5219487851368799,0.6024775458561237,0.8665780141843973,0.6368389911988759,0.7310145840985347,0.17669827472078048,0.6466609026634993,0.6541413397187942
1.0,0.8427818061964403,0.6306027879150733,0.8107247411373462,0.52229225011409,0.6315280056694091,0.8444148936170214,0.5017972043487907,0.7298357956202175,0.1869421133613287,0.5967685373727271,0.4248787376435185
1.0,0.8375082399472644,0.6278923653452702,0.8146204035113427,0.521413564457764,0.6455525795157726,0.845744680851064,0.4763700909696026,0.731206350993385,0.2031656327431723,0.6297178755213705,0.3768035856818317
1.0,0.8691496374423202,0.6248785214338004,0.8233035300892158,0.524714770589844,0.6116888961816546,0.8909574468085107,0.5397529768508244,0.7307557988974476,0.2052342061439765,0.6227432394637058,0.4591698900963953
1.0,0.8167435728411339,0.6208074701858006,0.8203317316070955,0.5203918592203629,0.6878737287324619,0.8151595744680851,0.5444123955328746,0.7307208580725082,0.2194324441766018,0.625971365637612,0.3209615030392331
1.0,0.8562953197099537,0.6164756556422124,0.8143808546636226,0.5210081740285506,0.6442514438109721,0.8643617021276594,0.4765623844390208,0.731876879470041,0.2218800005198737,0.5824836307577068,0.4063977405292571
0.0,0.8773895847066577,0.6115546194022792,0.8045384604793416,0.5196897842497857,0.5806190716299718,0.938224852071006,0.5410842393314106,0.7344189915398884,0.23095301149988,0.5721399348394468,0.4543500951679256
1.0,0.8282794990112063,0.6067460867085286,0.7993611447984577,0.5156666560350878,0.5737892801948665,0.8591715976331363,0.4363508616226608,0.7364486864329742,0.2210364564603394,0.557571644306621,0.189353472094308
1.0,0.8295978905735004,0.6027909519248409,0.7950807157680969,0.5157673596254607,0.5904447596250673,0.8624852071005921,0.3393683899119887,0.7407042894275968,0.23324867395015175,0.5090941907280292,0.16991044020380394
1.0,0.8249835201054714,0.5986719209688078,0.7970108808576235,0.5156319945143975,0.5738601473805541,0.8459171597633138,0.4810073219436434,0.7469678093725678,0.27947238263683044,0.5395713343680885,0.2982056394189688
1.0,0.8467369808833225,0.5948366979400945,0.7975448585001255,0.5144250698599583,0.5872529716513637,0.8662721893491127,0.4044301456992821,0.7510926752079337,0.3169325502449177,0.5051718978360406,0.3998227792018722
1.0,0.8658536585365852,0.5915194459576334,0.8006949590895731,0.5164092809485178,0.5205170929405457,0.8989349112426036,0.3520227793802229,0.7573702087551364,0.3673134241378492,0.4851026339065171,0.4811569521507434
0.0,0.9083717864205668,0.5876895980386108,0.7990771225146385,0.5210081399997161,0.5210573292822405,0.9647337278106513,0.4271651505066193,0.7602583353787521,0.38719647437462507,0.5164352865591826,0.6269274248247788
0.0,0.916941331575478,0.583956153617299,0.8045342304348947,0.5221992123974664,0.6065793813870191,0.9883211678832116,0.4540936321278011,0.7589543419859701,0.3854281126865379,0.4788730992536255,0.6723716934207553
0.0,0.8665128543177323,0.5796009489388263,0.8007489421477798,0.5205878366205169,0.5996658899897445,0.9328467153284671,0.3284224539605056,0.7564850610115026,0.3932267906137277,0.4692324317700433,0.4822292561609759
0.0,0.8539881344759392,0.5761316608074485,0.8016832832436244,0.5197140453007387,0.0,0.9065693430656934,0.3132164780711487,0.7573840243769911,0.4251945927264403,0.4601716097190068,0.3864197023271108
0.0,0.8866183256427158,0.5718385000123161,0.7886653161216395,0.5197354697064258,0.6113821665544606,0.9484184914841848,0.3372457658457215,0.7578007905469528,0.4525439007714184,0.4212379934966111,0.4438985280815719
1.0,0.8345418589321028,0.5677394862929663,0.7818290897197648,0.5151491499974187,0.6022404481124378,0.8695863746958638,0.2931661859329928,0.7582259227406938,0.4859894492534678,0.3941661094194242,0.3210673464353257
1.0,0.8375082399472644,0.564480787462406,0.7775619602101674,0.5153595502741894,0.6174614996630227,0.8778588807785891,0.2558686487685817,0.7603818920043572,0.5258578757086907,0.3804891836147216,0.29444712871995765
1.0,0.7814765985497693,0.5629627129813244,0.788337938356023,0.5101313193982321,0.6497689660353829,0.7941605839416057,0.19946749500776567,0.7613121684785957,0.5315938537566117,0.339850162955471,0.10037400905495553
1.0,0.7317073170731707,0.5616806709722995,0.8032190890476755,0.5073245715502985,0.6118884941902651,0.7571776155717761,0.24305894534427894,0.76508491570936,0.5263510840038603,0.3670758796757832,0.04849591095363345
1.0,0.7870797626895188,0.5602902441475011,0.8106315017778527,0.5102683383368419,0.6509364969002968,0.8345498783454989,0.3362029435692627,0.7700029054918229,0.5253343518812661,0.3617693110127056,0.2416026914335817
1.0,0.7808174027686223,0.5569539167662803,0.8048297924807214,0.5099268872324216,0.6531326084936052,0.8155717761557179,0.3793210561349015,0.7721798560284174,0.5150530976189887,0.338198187834287,0.27510244984878585
1.0,0.7669742913645353,0.5534093553913957,0.7939347456448019,0.5119517169935336,0.6467145709594178,0.8038929440389295,0.3732712077509061,0.7733414573988411,0.4947514421112375,0.33370138398370386,0.16483654953917082
1.0,0.7471984179301252,0.5511683562519019,0.7861162718509226,0.5103007433258163,0.597115632396529,0.7635036496350367,0.3734782930256639,0.7764144517115876,0.4585491315244917,0.33281345546373403,0.0724546370967742
0.0,0.8404746209624259,0.5488172847762199,0.7758605052768538,0.5209748165410343,0.6292960270843563,0.9172749391727492,0.5087715405665263,0.7834600455541596,0.4737704500112601,0.3534366132440808,0.18067748881895024
1.0,0.7584047462096244,0.5458379665933379,0.7695864259026839,0.5167017369198371,0.6295012634033084,0.7965936739659368,0.4127801198136231,0.7878184483281898,0.4893502888809826,0.3498113554325332,0.03238363425542461
0.0,0.8101516150296637,0.5436368178065543,0.7622798613107472,0.523242831505936,0.6217510823389389,0.8739659367396593,0.4345684490792103,0.7971802762287123,0.538732991164935,0.3610796937721281,0.06986771411802044
0.0,0.8437705998681606,0.5415028818310632,0.7538414419626359,0.5269874939560936,0.6210864281761943,0.9367396593673964,0.5092522742400708,0.8035360936354248,0.5768117432989791,0.4032413478644423,0.3868346200731419
0.0,0.7307185234014503,0.5388653123801173,0.7385053040376873,0.518409967187895,0.5981732967138342,0.7849148418491484,0.44144663856223615,0.8037722192737099,0.5832293130231085,0.3553364532312429,0.04602916610230779
1.0,0.7785102175346077,0.5359693205840648,0.7337021447128607,0.5246979834426294,0.6244458420050316,0.8564476885644767,0.6050883810369061,0.8090568648922609,0.6082867868166315,0.4219828874436368,0.35225066594428805
0.0,0.8141067897165459,0.5315225385169131,0.7347576350498957,0.5257454300970332,0.6059023880826139,0.8919708029197081,0.6856519488203536,0.8110828968470631,0.6149351816244715,0.5028303301021824,0.6224434511716108
0.0,0.8174027686222807,0.5277479520159005,0.7398645356702357,0.5262258873139661,0.6139828237392329,0.8914841849148416,0.6636417424746689,0.8097221275628972,0.6182986292318343,0.4764983946829152,0.6236173190663229
1.0,0.7788398154251811,0.5246600759484075,0.7411852393581129,0.5248327624721021,0.6104144936566438,0.8564476885644767,0.6817617040159751,0.8082510082501988,0.6332196931501942,0.4888899719988621,0.5867985010609965
0.0,0.7913645352669745,0.521933987806313,0.7389314575939606,0.5227321869587369,0.6261518144449759,0.8729927007299271,0.7418977886251019,0.8053453082129214,0.6302504051828204,0.5622121313563985,0.780531852453835
0.0,0.7841133816743575,0.5171781662044772,0.732522505911484,0.5220903886594725,0.6571163294220511,0.8588807785888081,0.7947563050070259,0.7984455055537156,0.6143051403358295,0.5940853694344511,0.796060393960603
0.0,0.8282794990112063,0.5123170235722929,0.7229662494312238,0.5243026629148038,0.0,0.9065693430656934,0.854944160934842,0.7906312870664622,0.5865822367884984,0.6257814786343822,0.8190052169184493
0.0,0.8295978905735004,0.5068986673374551,0.7130517460771856,0.5246056609901663,0.6578096608065687,0.902676399026764,0.8629613194290366,0.7820710501855572,0.5581509089499573,0.6296278188954173,0.8252735731603437
0.0,0.8253131179960449,0.501243677363572,0.7000836298034845,0.5243667663790893,0.6102534443872322,0.9590980597797591,0.9604984838399528,0.7728491014546066,0.5151336710256856,0.6661590631596839,0.9682920024289776
0.0,0.8625576796308501,0.4962058603392956,0.6610981001617123,0.5257297154086025,0.6111416223081393,0.994231777661248,1.0,0.7631853556010022,0.4793014570015214,0.6834386093236637,1.0
1.0,0.8108108108108107,0.4932864719633905,0.6408321497162561,0.5239087057272366,0.5848896709199287,0.9289124668435016,0.8129576214777016,0.7555333827801156,0.4525623251943265,0.5452587797661113,0.9852430016758746
1.0,0.7996044825313118,0.4918877246486715,0.6177803227978197,0.5206832367050187,0.6139573331136977,0.9909613804437141,0.7476739886103098,0.7505715039679395,0.4391791404731476,0.5446297798613264,0.9911473144711682
1.0,0.7804878048780488,0.4898254851309898,0.62604995211076,0.5187620436870578,0.6983302728523629,0.9657458563535912,0.7976776865616448,0.7457870943503053,0.4338203773157588,0.5685608483593668,0.9875301483039975
1.0,0.7514831905075806,0.4864163177079148,0.6258021641930157,0.5158015376297164,0.674044207875088,0.9349179400113188,0.643169883884328,0.7418327816878048,0.4381753692376968,0.5220972636987421,0.931280836089056
1.0,0.7178642056690835,0.4837800720043304,0.6321111817535503,0.5152761049634875,0.6880505126734707,0.8913412563667231,0.524842837068264,0.7420160272735923,0.4774239023035446,0.5121039334089289,0.8400325381527523
1.0,0.6750164798945288,0.4812398512453724,0.6210404632174844,0.5138378612884532,0.6864206956738756,0.8268251273344654,0.4571925153464983,0.7412462475853743,0.5075035988544812,0.529001769090226,0.7279881165007341
1.0,0.7280817402768621,0.4792344944914819,0.5991764555642183,0.5176018751828034,0.6926206033733183,0.908885116015846,0.5200798757488353,0.7418829473325261,0.5331189454716116,0.510050897057233,0.8308546570231132
1.0,0.7386288727752142,0.4776654191739738,0.5816510278403569,0.5186006098015845,0.7197615916457016,0.9439728353140916,0.4972487242067896,0.7402013513902552,0.5419385767617396,0.4987618845314497,0.8765318573272741
1.0,0.6924851680949241,0.4775153069553224,0.5774953047898475,0.515735587502039,0.6789395350602584,0.9012485811577752,0.5054507802677319,0.736501912589212,0.5273840595487312,0.5027785881427189,0.9882357286645614
1.0,0.6285431773236652,0.4760106054337898,0.5692544705672641,0.5108570191504119,0.6066319066640827,0.8229284903518725,0.5313216478071149,0.7307846016993849,0.503047491442891,0.5154029937155833,0.8745864274685693
1.0,0.5787738958470664,0.4742045048084354,0.5560410604495091,0.5050702020944531,0.6472992278390344,0.7133938706015891,0.4411434065527695,0.7267611727951435,0.485190284366609,0.5203117381881213,0.717226674509227
1.0,0.5754779169413315,0.4713816864035332,0.5462471763641672,0.5043191173790421,0.6167383672945197,0.7213393870601589,0.4039272243177279,0.7266456180826533,0.4848518729257934,0.5037168167723023,0.7323336560062828
1.0,0.5939353988134477,0.4675093062571856,0.5368690532158356,0.5033054179958767,0.6099151159414529,0.7429057888762769,0.4504030766955107,0.7252884241262822,0.4792324644813454,0.4761832689736281,0.7857012717268521
1.0,0.596901779828609,0.463305902372475,0.5305187709202639,0.5045153209835079,0.6025020870872688,0.6997729852440409,0.4412765328008283,0.7213118288292379,0.4535925347955001,0.4711787036025809,0.7113471559231871
1.0,0.6031641397495058,0.4588925763940592,0.5205355106438599,0.5052573390900696,0.6287046659133563,0.7202043132803633,0.454907181421492,0.7187990943346934,0.445341510835696,0.4283211980891188,0.7195641875888201
1.0,0.5975609756097562,0.4567397361767824,0.5249404868281268,0.5049229209560763,0.6218562917377827,0.6895573212258799,0.4046076473633607,0.7149657788920076,0.4325348821397901,0.4010593534236885,0.5806763108989547
1.0,0.5609756097560976,0.4544572277406846,0.5321302224970349,0.5036101450357622,0.6307475122778036,0.6373439273552781,0.40423785222986464,0.7141739254206609,0.4380713378013825,0.3995506603988375,0.4241518784389468
1.0,0.5718523401450231,0.4533524106896474,0.5312120307909942,0.5052526554185293,0.6530381653571947,0.6583427922814981,0.38407662155166056,0.7158277421768746,0.4477646673471671,0.4380472154112123,0.4041285573734651
1.0,0.5431773236651287,0.4514727067421069,0.5193518824436995,0.5014560238697123,0.6544147110235966,0.6083995459704883,0.352814140965905,0.7193937371516991,0.4628177783957765,0.4171456592693963,0.27096162955945113
1.0,0.5062623599208964,0.4503768081571029,0.5075133695789072,0.4963899762288149,0.6125144875406284,0.5402951191827469,0.3022483544116558,0.7260645036078865,0.4980042762611978,0.3797544090697534,0.000246984728110754
1.0,0.57910349373764,0.4487986848246881,0.509092097102243,0.5076087022801162,0.6297060127278207,0.6793416572077188,0.4066415205975889,0.7373230238171942,0.5581025424342951,0.4342462282585805,0.2495730494794721
0.0,0.583058668424522,0.4466389381714806,0.5157095053622175,0.508548221785695,0.607149703357374,0.6628830874006808,0.446128244952296,0.7435785384388847,0.6053352013745908,0.4587350781280064,0.4138963621476199
1.0,0.5678971654581412,0.4436990467842681,0.5133102804098663,0.5101401204522967,0.6777586651049718,0.6407491486946654,0.3865616448487537,0.7470769309071372,0.6370624556056129,0.4065163738068646,0.0005308597133359074
0.0,0.6259063941990772,0.4415446664862661,0.5068471198834316,0.5156857304725835,0.7218980327767661,0.7332576617480135,0.5265734782930256,0.7541590049487976,0.6841953990088396,0.4663980284879597,0.12230532336119762
0.0,0.6796308503625575,0.4387268337256716,0.4976320498654303,0.5205457416184268,0.7350709722055868,0.8183881952326899,0.6266696250277347,0.7557590726337273,0.6911996315213185,0.5176617130677823,0.6255856003945106
0.0,0.6938035596572183,0.436052993480295,0.4926212802071444,0.5227397144063728,0.7708282279030212,0.8461975028376844,0.6832334886472892,0.7528531994162582,0.6684428910553709,0.5201417514807789,0.7823232672241031
0.0,0.7089650626235992,0.43271142282799996,0.4861728767385855,0.5248482004306948,0.0,0.8830874006810441,0.7188373641002884,0.7495574553445392,0.6490963808073549,0.546516163527969,0.7509078309078315
0.0,0.759063941990771,0.4298712716468418,0.4899929700144179,0.5291231965920449,0.7040411333554042,0.9506242905788872,0.7364322165520302,0.7474677000036878,0.6256285125073107,0.5693117601933322,0.9102425292334346
0.0,0.7495056031641398,0.4260269532845067,0.4855727500875464,0.5268281161398617,0.6067114985626509,0.9958628841607564,0.7567487611863031,0.7443038561916373,0.6088277248180959,0.6014177295248768,0.9869532265049812
1.0,0.5929466051417269,0.4239151543508575,0.4854383618430737,0.5054671147919181,0.5872804591546069,0.8376127689104788,0.6951852673618819,0.7396072930415805,0.5717363706488352,0.5602817264560079,0.7317832394976197
1.0,0.5853658536585364,0.4224606446201475,0.4789105358060947,0.5035505961231762,0.5919602229320718,0.8521859819569741,0.7030619037053473,0.7379451689978886,0.5737884922848965,0.5721079925789269,0.8300941966219153
1.0,0.6067897165458143,0.42090957274422797,0.4823632249833093,0.5034906910176047,0.5828595422988354,0.8903539208882719,0.7423045632719474,0.7353660590084543,0.5706526628099853,0.6512250214566662,0.9954255088783036
1.0,0.5978905735003296,0.4182257993842309,0.4842488277853321,0.5022765458407447,0.6261160578657038,0.8688410825815406,0.7024110642703938,0.7297560549219901,0.5619289760918302,0.6465379877985588,1.0
1.0,0.5655899802241267,0.4164023268264292,0.4872751714581763,0.5012388481965541,0.6255525164252558,0.8043025676613463,0.6829746320538423,0.7249413631446733,0.5550958327060183,0.6316988813012521,0.9934572779685186
1.0,0.5468029004614369,0.4142708697287771,0.4843874195127491,0.5017227328450988,0.6392705607320994,0.7807078417765438,0.6613194290363142,0.7195350263958613,0.5412679694689697,0.6473898792465042,0.9618606484675284
1.0,0.5543836519446276,0.4108095798630829,0.4741652757181741,0.5031749721727421,0.6452910191058987,0.7744621790423316,0.6893942755713336,0.7134843860962838,0.5270293837895003,0.6704190306411408,0.9819536937993842
1.0,0.5323005932762029,0.4079296478022729,0.4687248344570215,0.5003263381208027,0.6484614968338812,0.6877168632893824,0.6615708897270913,0.7068416515370772,0.5021758904312382,0.6503092812171336,0.7568491877625371
1.0,0.5197758734344101,0.4056666551849077,0.4765078608167609,0.4975041720425909,0.6461840206326938,0.6946564885496184,0.6696989867613339,0.7031321476057968,0.4933843860399015,0.6653570349270143,0.9673544810594392
1.0,0.5332893869479235,0.4052976068957879,0.4985281913421096,0.4961799462058514,0.6477662330864262,0.7064538514920193,0.6551512462095997,0.6995859726068225,0.4791957933922689,0.6535530011003621,0.8551203184367657
1.0,0.4950560316413976,0.4018126301694833,0.5099683811953896,0.4934606381638458,0.6454008643382383,0.6433032616238724,0.6292286073515273,0.6962636096235757,0.4678745493762009,0.6617070865201555,0.7902133639964233
1.0,0.55932762030323,0.39874468585699496,0.5117847107018683,0.5015506392540136,0.6257721701601606,0.7210270645385147,0.6648546705125362,0.6934732093167799,0.4512281682996856,0.666420057078287,0.8916570844512599
0.0,0.6031641397495058,0.3944816345422693,0.5022077688765515,0.5058292065377082,0.6238718358978779,0.7987508674531577,0.6797943939057766,0.6885902620248228,0.4229914978217226,0.6494574468151346,0.975978534009117
0.0,0.6051417270929466,0.3912243820656396,0.4882611210190875,0.5044999505282067,0.6575997937478368,0.7987508674531577,0.6846461060572443,0.6827558159478886,0.3859095032872221,0.6547074646233662,0.9757435501842808
0.0,0.6015161502966381,0.38663052626849104,0.4657818980749959,0.5042078304300861,0.6070049030365123,0.7772380291464261,0.6748835145329488,0.677223545124882,0.3614335662285616,0.6471346057141054,0.9665410528719882
0.0,0.6545814106789716,0.38150414189566,0.4422948163653849,0.5103524802050999,0.6600354928767262,0.8348369188063843,0.6572738702758674,0.6739086564756394,0.3551819812661463,0.6313267010405658,0.9907892439322502
0.0,0.7178642056690837,0.3759364521303861,0.417376147520552,0.5183039753705302,0.6535843196523128,0.945176960444136,0.5693661711411878,0.6718446276770311,0.3588342530635526,0.5346188434157866,0.8577878103837466
0.0,0.7027027027027026,0.37060597726512223,0.396398288657144,0.5165611159659484,0.6502146588247277,0.8972935461485078,0.49457140744027794,0.6712272794267502,0.3610811072667118,0.4744123287143632,0.4975745641419715
0.0,0.7178642056690837,0.3684385299790232,0.3874845652576208,0.515647233005404,0.6345155582215987,0.9014573213046496,0.5364839878707196,0.6745604420234068,0.3863150600336414,0.4918942966633243,0.6556361365928616
0.0,0.6832564271588659,0.36814755206386,0.3892282705228001,0.5111544039981206,0.6609951810738895,0.8938237335183901,0.42792692848162095,0.6760355666949598,0.39885022291598,0.3567312235141962,0.610849266340594
0.0,0.6621621621621621,0.3693117116490445,0.40008688106747736,0.5099675109143051,0.6646748196274277,0.8917418459403191,0.42927298276754666,0.6791743974157469,0.4375856036162529,0.3582174845315946,0.49209378407851706
1.0,0.6760052735662494,0.36816304325360427,0.4053558486026976,0.5121007215324009,0.6819216663815556,0.9347675225537824,0.4198653945714075,0.6799759040064846,0.4497697083954453,0.3504662925643484,0.5920704159526411
0.0,0.6802900461437047,0.3648027658582178,0.4021688776556697,0.5090797560855066,0.0,0.9389312977099236,0.4435100954071444,0.6804075693073162,0.4597980731677137,0.33155281346346416,0.5763053655023409
0.0,0.7145682267633486,0.3615778258300788,0.3914559760371706,0.5114762107750969,0.6459026207150995,0.9944482997918114,0.4544634272612975,0.6793053829701967,0.4531470212212033,0.3415452486171422,0.6532949225783227
0.0,0.6882003955174687,0.35701851777572297,0.3759124806892971,0.5107027485518845,0.6470633052955231,0.9815209665955936,0.4769617631831965,0.6775935795096135,0.4437631741926722,0.36713222548267216,0.6454087144400437
0.0,0.6789716545814106,0.3531310706563813,0.3630959385547744,0.510158184728745,0.6389223635484192,0.926083866382374,0.4975075808002365,0.6755966783524411,0.4404486151852151,0.33903683882328084,0.7007202016564632
1.0,0.6239288068556361,0.3490050060438741,0.35221477973809984,0.5021090696744416,0.6263206953657356,0.8052594171997159,0.4625471488795209,0.6721753119098679,0.4266665196411865,0.3478553948380029,0.5344256391789699
1.0,0.5787738958470664,0.3462417480112172,0.3479388462770794,0.4986613759035568,0.6311811530507445,0.7128642501776831,0.4818800384586939,0.670828039713401,0.426423954215988,0.3705675207414989,0.3623334533669426
1.0,0.5873434410019776,0.344190262312748,0.35619670927142083,0.4965459133122936,0.6271054528177331,0.7185501066098086,0.4682419939353598,0.6708059380131204,0.4253060864772353,0.35728298591940444,0.3813467770975879
1.0,0.5847066578773896,0.3409288723911539,0.3619545529463649,0.4997259922631636,0.6350389938254102,0.7178393745557925,0.4599881665557282,0.6718744770274163,0.4353912238595539,0.3954056048536481,0.3411955347497301
1.0,0.6097560975609756,0.3383763947802361,0.3646440045354537,0.5008560898355707,0.6318715966279878,0.7412935323383084,0.4772280156793134,0.6729113051325948,0.4456775350194714,0.3653214486445578,0.4053655023406546
1.0,0.5952537903757417,0.3352450129981861,0.3608166404254213,0.501994769093002,0.6314873091909455,0.7192608386638242,0.466252496117151,0.6743017177492001,0.4632138163080058,0.3518492749665627,0.317680950666186
1.0,0.5899802241265655,0.3337937771442059,0.3668494067681116,0.5013063907042127,0.6355746189572389,0.7000710732054016,0.4214555136454405,0.6763319475730272,0.4827811661373128,0.3573443439226877,0.3056175729204175
0.0,0.5939353988134477,0.3321007232440063,0.3727101018527743,0.5016821539856321,0.6360261880959147,0.7263681592039805,0.4145403446490643,0.6792353878083377,0.5069211258816093,0.34761169550437626,0.18602808786460165
0.0,0.5939353988134475,0.33040346835466705,0.38083582413055617,0.501695060332755,0.6246319052789364,0.7256574271499645,0.3949042230604246,0.6821202999752289,0.5267603962294606,0.3699569948092287,0.11776194437411833
0.0,0.6301911667765328,0.3256197621602939,0.3723010532734299,0.5050262958168275,0.6158370089429831,0.8002842928216066,0.41393388063013065,0.6858501459752588,0.5524226076556883,0.3958819549417572,0.047679617637989086
0.0,0.6720500988793672,0.3211802308664036,0.36716426768044186,0.5095481720127659,0.6344389569900379,0.8137882018479036,0.4948672435470749,0.6898859389237941,0.5808874283849392,0.434346112099336,0.31273109407231525
0.0,0.6667765326301913,0.3182576079628125,0.35768905077193586,0.5078313246441954,0.6172110210966593,0.8251599147121541,0.5151172250573183,0.6925420353471201,0.6066416331360786,0.40758275898659735,0.2552348893619128
0.0,0.6153592617007251,0.3175815259795254,0.3608738754859944,0.5016089658613977,0.6148746598476513,0.7619047619047623,0.4774277050514015,0.6946518827161037,0.630120405964569,0.413257828654886,0.13761694965595644
0.0,0.6437046802900459,0.31732766592806305,0.3697497244081016,0.5033421105467198,0.6199674623842067,0.8173418621179817,0.6094667554174986,0.6980289953557257,0.6604631591304728,0.5491565590151701,0.8622478087236142
0.0,0.6242584047462097,0.3149055917296235,0.3790041019462178,0.503048864749617,0.6258524180458344,0.8002842928216066,0.5999852081946603,0.6950303756642873,0.6618556154526565,0.5383132383153408,0.7956018878688872
0.0,0.6371127224785761,0.3129192413899684,0.3945057573624123,0.5017488742143885,0.6317369392444523,0.818763326226013,0.6598180607943198,0.6926659265001303,0.6688401317359761,0.5859398081909447,0.9950547852225348
1.0,0.6315095583388265,0.3102527191203444,0.4069500129437161,0.5044780035872316,0.6351255416490617,0.8116560056858565,0.6485984764440501,0.6889187328670137,0.6782276960114791,0.574883299848958,0.9310361469041072
0.0,0.6374423203691495,0.3083236758027368,0.4161584160054974,0.5054348274553988,0.6315057214699976,0.8322672352523101,0.6340285481843059,0.6861254804693937,0.6889201927417692,0.5373593870965082,0.9665061390949704
0.0,0.4483333333333335,0.9990412199008114,1.0,0.4962507938957017,0.4872371176165845,0.7728537975522468,0.4678574069965236,0.9659562272182702,0.5377748420304204,0.4763144021271154,0.743230347131098
0.0,0.4210784313725489,0.998216977787238,0.9990452722752128,0.4985952981800792,0.4798422771919736,0.7504086952679714,0.38613268249389865,0.9642331834655355,0.5297164572990556,0.4679265584766255,0.4611734889340781
1.0,0.4070588235294118,0.9970106246197584,0.9936304412375176,0.4980702816498222,0.4815222685057367,0.7192153050854947,0.3628060054729676,0.9644842521509064,0.5302891310432448,0.447770734113793,0.3181794026995425
1.0,0.3742156862745099,0.9955095594292792,0.9844800218962158,0.5000730674307216,0.4856423729375151,0.6926169752131844,0.3565268841062049,0.9659746458570416,0.5249281444849738,0.4402084269306477,0.1321872675098308
1.0,0.443529411764706,0.9934873586378468,0.9810816774547249,0.5002498735990748,0.4881225721887806,0.743604471347148,0.4434657199911249,0.9700291152895296,0.5456550005470402,0.4974789495067221,0.4573280901264736
1.0,0.4899019607843137,0.9909497689734954,0.9771707238317512,0.499287858765438,0.4804221277775921,0.746520567313215,0.4626506915169,0.9710197879650908,0.5591668851349085,0.4623678411102949,0.5150653629503669
1.0,0.4543137254901961,0.9884000034351486,0.972926503298592,0.4975548540034891,0.4831414156181469,0.7103786506428668,0.4097330079136154,0.9692947052329804,0.5627074829108304,0.4091881204449082,0.31594749707726555
1.0,0.4407843137254902,0.9878896840032384,0.9766496003684766,0.4969804294194758,0.4874608809201157,0.6878451818141652,0.4508468308557063,0.9689668322638608,0.5887988901685037,0.45033694049727613,0.08261363636363615
0.0,0.4584313725490198,0.9872551065459068,0.9764080424148901,0.4977536778254142,0.4868487586945381,0.7218663014182831,0.5735892315657123,0.971742937248634,0.5841647919937369,0.5063967400093614,0.09259326660600399
1.0,0.4869607843137256,0.9865422276816452,0.9784534193483544,0.4956861205747528,0.4809059445805207,0.736358414704193,0.5699504474521119,0.9735570925936892,0.5651596984925521,0.5023443119577018,0.4446663104311396
1.0,0.4682352941176472,0.9849389490424524,0.9745550829823864,0.4948316935543835,0.4948300371415502,0.7120576149869661,0.5518009023001261,0.9740261188170138,0.5219906760836556,0.488313960957441,0.3324239952751934
0.0,0.5394117647058827,0.9832534796686424,0.9715564095091612,0.4951288851617117,0.4828217267014118,0.7697609684973272,0.6965017380371276,0.9750517675573388,0.4837327955346808,0.5699328416400281,0.6260370672441431
0.0,0.5264705882352942,0.9803517793770395,0.9618407025518376,0.4947114497853803,0.4880722814059977,0.7406883753810809,0.6901264699356552,0.9725084252467744,0.4419990758963581,0.5660015974645474,0.6763270084601607
0.0,0.5498039215686278,0.9791358657968956,0.9615465876896904,0.4963533476579396,0.4947031170549514,0.7267264613617289,0.6240736631905931,0.9709501354078494,0.4091012019727495,0.5637483105514669,0.5099953612688036
0.0,0.5448039215686276,0.9773276420334652,0.9593532344007764,0.4954464627089912,0.4950578719232908,0.7633985772986349,0.7231121958435025,0.974774305433501,0.4329067800699423,0.6268026954506941,0.6929380839831234
0.0,0.5875490196078434,0.9756916791688891,0.9581332977347584,0.4943348781732208,0.4962478662543483,0.764989175098308,0.595688188743436,0.9752932321397648,0.4320019588883568,0.5229377710834663,0.6651940535883886
0.0,0.6228431372549019,0.9724776226970684,0.9477170614038026,0.4927343958538771,0.4884758199360037,0.7724119648301153,0.6381184823607725,0.9770926377369497,0.4553875303831586,0.5653036582118603,0.798502352499392
0.0,0.6123529411764705,0.9699374297662268,0.9390769020391924,0.4923202949932368,0.4928468514176534,0.7569478195555164,0.6818208712373344,0.9746702867213192,0.4533688080306956,0.5501328792321709,0.8364957699189317
0.0,0.6307843137254905,0.9684022251322252,0.9384774864057326,0.4897122054771776,0.4877489307768599,0.7593337162550262,0.6590193033059684,0.9698930716661368,0.4547200793795288,0.5240053390173258,0.8448013076804131
1.0,0.5993137254901962,0.9675494334291416,0.944228653662275,0.4918056355351532,0.4904386791097992,0.7352980161710776,0.7017898084461207,0.9640068289125427,0.43224539568866177,0.5514084302209274,0.8038479379735367
1.0,0.5757843137254905,0.9672205733268416,0.9512378334295076,0.493977672979985,0.4939565210797969,0.7299960235055012,0.7849641298720516,0.9576826259678296,0.4062108035189416,0.553262683086693,0.8511850853747434
1.0,0.6076470588235295,0.967134725954889,0.9588626511054644,0.4920560484007047,0.4905255422032393,0.7567710864666638,0.788610309888322,0.9532202726528952,0.3905163733475968,0.5564354630451874,0.8951662333819449
1.0,0.5749019607843138,0.9660576323551636,0.9617444229286248,0.493914781178951,0.4932615660388948,0.7380373790482924,0.6771762443606243,0.9470069114653774,0.3608426420243551,0.5053134967837652,0.9997849051192575
1.0,0.5999019607843139,0.9655583964873766,0.9691910306687253,0.4916563889752905,0.5049437859749892,0.7506737949012505,0.7257673249020042,0.941890162284852,0.3342199602144321,0.5308940457618934,0.906416704770614
0.0,0.6675490196078431,0.9646781630305918,0.9748627595285108,0.4951727784865968,0.4641867468161514,0.8243714929527679,0.6787885511426666,0.9364683851123228,0.3033343299950567,0.496055575849937,0.9186607732561082
0.0,0.7824509803921571,0.963395689148928,0.9778203544975409,0.5013774681510516,0.0,0.929527680820042,0.6270763996745798,0.930308242831012,0.2769352036912404,0.5147808742570552,0.9330670634609852
0.0,0.8379411764705884,0.9609648027173896,0.9735602971791082,0.500736856050704,0.4846827171454561,0.969380992356294,0.7335626063161008,0.9226253177154032,0.2451889911294294,0.5609361254855841,0.9258126095028898
0.0,0.7846078431372552,0.9576711691453998,0.9667081138061652,0.4984072262691427,0.4741200263837266,0.9163610657005259,0.6578951261001401,0.9116645088252592,0.18090980133207674,0.5306990997734774,0.9835085313833032
0.0,0.7835294117647059,0.9543024324133664,0.9587198459210672,0.498690636382968,0.0,0.8977157248265807,0.635330227054212,0.9096107307582316,0.1754269054147909,0.5213566452659361,0.640760197775031
0.0,0.8471568627450983,0.9513340661919,0.9543042789331456,0.4986617989495473,0.474681811923456,0.9344762073079136,0.540056208860291,0.9122802984896624,0.1908920018645288,0.4692378292372749,0.8772613320685668
1.0,0.8275490196078433,0.9482919558742792,0.949567749420626,0.5013335652510668,0.5069861221846316,0.9219281579993815,0.44936765032172143,0.9154264435545432,0.2173346716193912,0.478635112835455,0.8251914086320201
1.0,0.7929411764705884,0.9459693441062956,0.9464415533954956,0.4999868997696531,0.6219121869223945,0.8777448857862414,0.3457288662081209,0.9184932588670572,0.24095082205778875,0.4801856930661413,0.3105859805080943
1.0,0.8055882352941175,0.9432435971522548,0.941064345634354,0.4969611019961378,0.5074982721837855,0.8889674369283789,0.24896087567487615,0.9235832023811871,0.2852729479779078,0.4962846234615496,0.3005138033682672
1.0,0.8165686274509802,0.9436354891397458,0.9496890894312028,0.4977467014771058,0.0,0.8850793089736225,0.2479550329117665,0.9292281038998867,0.3332730262810032,0.4962180052735194,0.3113365868713946
1.0,0.6826470588235296,0.9452747325595344,0.9659394714147772,0.4925644506681754,0.4962006948479102,0.8494675915698319,0.19626506915169,0.932594243552734,0.3739224583445876,0.5233123846025852,0.2070654928387748
1.0,0.6104901960784314,0.9477763629093892,0.9823557775588156,0.4918319104923499,0.4734129822432359,0.9095358631651652,0.3220915612750538,0.9390563659002706,0.4309957507983508,0.5183415819295429,0.4772711205372921
1.0,0.6097058823529413,0.9472508603763032,0.9839623641699198,0.4916968695781202,0.4701459132673243,0.9147136720532164,0.2760076917387766,0.9385624086446036,0.4351827704724064,0.5013401425946644,0.4825379992930354
1.0,0.5905882352941174,0.945904924309251,0.976829699446658,0.4909528371734993,0.4758503114895192,0.8814975395638329,0.3027364839878708,0.9377682404096196,0.4316417583385007,0.5144667105153115,0.3861240582034449
1.0,0.5886274509803926,0.9439170958896026,0.9662523610620284,0.4906121964529757,0.4737822530809651,0.8950770760815516,0.3594778492715039,0.9359953556388094,0.3950370120240753,0.4889408271962859,0.4439098548255069
1.0,0.5772549019607842,0.9424841117073108,0.959332455998775,0.4903178676560692,0.4695347930108637,0.8631309721873506,0.35488499371348303,0.9346121034885844,0.3877024574037666,0.4853612385664646,0.3163267010808739
1.0,0.5455882352941176,0.9413914058480546,0.9582461735351452,0.4923320201908046,0.4744475742199412,0.8385119563422786,0.2635973670586496,0.9355953591689988,0.3932558934729576,0.4885765986730897,0.16425266041864994
1.0,0.5174509803921569,0.940493097806148,0.9611482612174438,0.4941908634258393,0.4728912343626314,0.8331387584395842,0.30902300125730353,0.9415157353826179,0.45030684243707103,0.4615479050614511,0.1857030688785309
0.0,0.6457843137254902,0.9388415043488244,0.9584049351296828,0.497703626351079,0.4773399663410082,0.9431427736838349,0.41487316026921095,0.9477037459044066,0.5011582068114853,0.5067313703978429,0.4287241684625538
1.0,0.6018627450980389,0.935752800093428,0.9517328530494032,0.4958196214877364,0.4738425998916659,0.8796413439247204,0.28093336291694376,0.9499691887460632,0.5275540350080806,0.4798757617956039,0.21620808900917166
0.0,0.6476470588235294,0.9334751224549828,0.947713542540952,0.4947379761949508,0.4784824372509073,0.9179375907948326,0.32906589749278936,0.9564414984173392,0.556197954874171,0.5021940222247199,0.3303763845035837
0.0,0.6488235294117647,0.9302741037731416,0.9398705231934796,0.4948037549615794,0.4733152704359758,0.9192076193900148,0.4188299681976189,0.9600342756672562,0.5601424667575234,0.5022804845766878,0.4401510215673503
0.0,0.6135294117647059,0.9270602063343498,0.930524243492406,0.4936734507172346,0.4733943591557421,0.8397819849374608,0.3184453812587826,0.960632915223653,0.557105748742888,0.4257437706394667,0.19395579612088465
1.0,0.6355882352941175,0.9239770885180792,0.9218828975145056,0.4912697434283906,0.473140285061284,0.8546315500503613,0.3377338954219361,0.9672474372053608,0.5928919954838897,0.44085300522586623,0.16263218563624576
1.0,0.5784313725490196,0.9222304632071224,0.9202430628136801,0.4884490562479389,0.4753538580239454,0.7905439532473163,0.3164854670512538,0.975732645387038,0.6584844941934114,0.4210638413527434,0.059322741776508474
1.0,0.6832352941176469,0.9201006792820408,0.9113733449292508,0.4945192227431706,0.4615373316976081,0.8990825508817417,0.4365357591894091,0.9882129146598242,0.7571057542838184,0.4942262067081685,0.06515601783061017
0.0,0.7460784313725489,0.9175621574392456,0.9026647235128812,0.4946819323372009,0.4648944282014718,0.9315171273125509,0.5078692404407964,0.9954380491114628,0.8269286771774136,0.5495213147702578,0.1865141481035523
0.0,0.7426470588235297,0.9149087176232638,0.8950041590899018,0.4945661889245477,0.4680998053734515,0.9251669843366398,0.5591968049700463,0.9993991663093679,0.8981530245380854,0.5455851409179302,0.3336544250451514
0.0,0.7586274509803923,0.9128323643998568,0.8927140849938768,0.4953652548983783,0.3889406458463058,0.947734415527956,0.6387397381850454,1.0,0.930516273621946,0.6327820264204569,0.7126429861529197
0.0,0.78671568627451,0.910641390068732,0.8887432821189274,0.4933391981178615,0.0,0.9646355652946128,0.7282005768804082,0.9961854005565632,0.9358755720022154,0.6553076933757574,0.7589102950030095
0.0,0.813235294117647,0.9064831813559219,0.8761672156272704,0.4911512839257125,0.4761894576678194,0.9882776360664676,0.7610531765401967,0.9899797813143864,0.9038031098608592,0.6392159289748066,0.8457104017722284
0.0,0.8488235294117651,0.903637869615128,0.8736649828858485,0.4939641799136553,0.4736155976840524,0.9710614086717676,0.7900673027142959,0.98295041460211,0.8741178295681926,0.6560619140187768,0.8321155917755598
0.0,0.8083333333333335,0.9008172935083654,0.8722441353288182,0.4944915209893505,0.4892491233617991,0.9687070825976064,0.8999926040973298,0.9772513799062932,0.8652102176390277,0.7178663349292791,0.9860246751828792
0.0,0.8172549019607841,0.9009038488429392,0.8865349781195009,0.4912792971617213,0.4636089450841063,0.9740043162644688,0.7834775534353966,0.9690057541740388,0.8405178963172133,0.6389752386954207,0.9992632448482957
1.0,0.7683333333333333,0.9009263663427334,0.8998349375044441,0.4913926865632949,0.4385913729745246,0.966647047282715,0.7515864211226979,0.9648775389071332,0.8352981774489907,0.6682315969669332,0.9735161352285808
1.0,0.7129411764705882,0.9021713876897891,0.9196012409587028,0.491410049032752,0.441839023952838,0.9486953109672356,0.6826640041417056,0.9595069499448194,0.8104114048638955,0.6610562481027852,0.8525478030919451
0.0,0.7113725490196078,0.9014557922553269,0.9397493040633188,0.4906498399086505,0.4727490267252527,0.9985062736506676,0.7504696398195396,0.9558758349414151,0.8034206338065615,0.6732771537196911,0.948975378103545
1.0,0.7178431372549019,0.8990647886702459,0.9541353062419832,0.491404439233056,0.4423080245754935,0.9768786127167629,0.7357961689224166,0.948230423414357,0.7579873497641254,0.6660294058782708,0.8235946936457946
1.0,0.7345098039215687,0.8956181830636762,0.9646661116188228,0.4886914235052786,0.0,0.979370141518836,0.8249833592189929,0.9428734556706851,0.7246886815366796,0.6708379634753469,0.8505908452936114
0.0,0.7528431372549022,0.8930058008799686,0.9666942011152608,0.4859871647501182,0.4420487431899415,0.9979031452820772,0.8578433547814517,0.9380143071680124,0.6852793304497611,0.7172561088782302,0.9754141627415956
0.0,0.7428431372549017,0.8903428484005367,0.96533370996234,0.4892406453739133,0.4887322483293676,0.9980852564748566,0.8110568744915314,0.9323978495691684,0.6747844083878811,0.6460043760950248,0.997576621525302
1.0,0.7218627450980397,0.8876776928525096,0.9577934597689736,0.4884463127109889,0.5953876022261801,0.9939702671795406,0.7811404481917017,0.9270609228900372,0.6934228214586755,0.6320519520935812,0.9417225150194116
1.0,0.6913725490196079,0.8847907149136689,0.9480950686378521,0.4870172778936417,0.4677822942234498,0.9881041688993676,0.7301235115745879,0.9218874842447646,0.6776321097256499,0.6232145252307764,0.9164768907107396
1.0,0.6619607843137255,0.8823899378231843,0.9426300854175094,0.4857353971661072,0.4661892551486165,0.9836926169998884,0.6981732120405298,0.915791474032268,0.6475725670804928,0.6058514823166734,0.8623578832016805
1.0,0.6673529411764707,0.8802493193460801,0.9408341569686428,0.4823044422998534,0.4798451585637592,0.9887188651848544,0.7329117668811477,0.90888145549624,0.5835942015669809,0.6268816111946875,0.7867677275010263
1.0,0.6615686274509808,0.8793299995278314,0.945610572078372,0.4836662091628133,0.5127268352967478,0.9821288953423436,0.7947563050070265,0.9016002129805992,0.5376769947051877,0.6213766628437476,0.8398931555636728
1.0,0.6261764705882356,0.8780886698749308,0.9474229421753216,0.4848278601678453,0.5238449724741157,0.9779962023902604,0.8369425338362545,0.8938390085606294,0.4745837397075599,0.597019997389189,0.8827748360072696
1.0,0.6009803921568628,0.8765185390926302,0.9488862334003534,0.4837309724332204,0.5056910924503368,0.9351055512118842,0.8278529694549224,0.8833824330015678,0.3850362290046143,0.5932183241050552,0.8544582968795561
1.0,0.592156862745098,0.8733377377238263,0.94158373102197,0.4834506961801036,0.5094401745467645,0.9113146431363788,0.9530729975593524,0.8746893230241715,0.31506224766218105,0.6067634599709493,0.90215108508878
1.0,0.5926470588235292,0.8698900035126889,0.932346935202272,0.4838902453099859,0.5214766516297247,0.8792583491567072,0.8252348199097705,0.865041096755385,0.2586108732947794,0.5667346229152864,0.9713827881987004
1.0,0.58421568627451,0.8667579970405253,0.9241519838462072,0.4838051052968042,0.5225268465333116,0.8419524181838492,0.7544190518452782,0.8606649628885201,0.2377725153455347,0.5582141075024853,0.9754761335564596
1.0,0.5745098039215688,0.8633321362837094,0.9134510526851176,0.483365833151969,0.5201591258502447,0.8253099519714062,0.7356112713556692,0.8562574872527657,0.21275711436046288,0.5500945643765001,0.890476383211236
1.0,0.6273529411764709,0.8607892276865359,0.9076659939315784,0.4831422861847778,0.5332523662787917,0.8363676979783314,0.6560757340433402,0.8521796049752639,0.1808000604998881,0.5533218393064963,0.7218197272028172
1.0,0.6710784313725489,0.8585069667552819,0.9033725883804328,0.4857384242398455,0.5376345600977546,0.8905394839718529,0.7007100066563129,0.8514036892617283,0.1723124491739088,0.5912307212411785,0.8827255433682767
0.0,0.6560784313725491,0.8568040859735235,0.902717400534043,0.4885321946938367,0.5584299260739387,0.8812688484306936,0.693669107314548,0.8484702999452769,0.1487389808408771,0.5843936395829128,0.8847290241631928
0.0,0.7218627450980397,0.8533851270818911,0.907329525190067,0.4888693403613125,0.5188232937891976,0.9387914665475264,0.6523851786110492,0.8454462041995818,0.12641718800135465,0.5475174605900363,0.931335249119682
0.0,0.7383333333333333,0.8498300785888149,0.9063352849686636,0.4907672373708264,0.5233680861307501,0.8940020104992739,0.5765032172176615,0.8399989993318668,0.09430049317434892,0.5475044127153441,0.9215298687567512
0.0,0.6836274509803926,0.8465330735715593,0.907539257337174,0.4913475565436605,0.5285980517361539,0.8445213894783875,0.6138451297980918,0.8371562607982048,0.08198909451940589,0.5699026929339495,0.8554715333164777
1.0,0.6607843137254905,0.8448586092547972,0.9023258046325872,0.4903487748141499,0.5247004890063527,0.8056517368479841,0.4292212114488571,0.8350217057710052,0.0704896720786401,0.5021915594353031,0.5836991748454259
1.0,0.6622549019607844,0.8431813423185597,0.9018985633667786,0.490559228889891,0.5290342426925184,0.7988383781972523,0.3809703424302936,0.8385700291026337,0.08486280859679074,0.476582722861989,0.5874704491725764
1.0,0.6860784313725491,0.8416650209231287,0.9007139185798982,0.4919301108510266,0.5226100494175743,0.8330168658550208,0.4386435914503368,0.8392658506746571,0.08202002779702383,0.4592191909199774,0.6950723660648456
1.0,0.6943137254901961,0.841027492302725,0.9034784221094204,0.4887268924600282,0.5134848377309562,0.8352507539372277,0.4665113527105982,0.8349270532899362,0.042016122367831865,0.4771991427285857,0.6630290517622774
1.0,0.6601960784313728,0.8406474231785432,0.9086352049562579,0.4898259793183874,0.5114652918728617,0.8278789232659447,0.5732564159455661,0.8339710482938059,0.03675345886348708,0.4908034966691314,0.7838287652474358
0.0,0.6815686274509805,0.8405185695938424,0.9173337788787609,0.4908205375755755,0.5297590602842195,0.8702111024237683,0.4273056726573482,0.8311139455407304,0.013448029185500364,0.4636253599953506,0.7803948005983109
0.0,0.6506862745098042,0.8389302347901624,0.9193673902826288,0.4929442102612098,0.5349689272189794,0.836144309170111,0.3673249020042897,0.8306379964024624,0.01970395269747266,0.47839828701739295,0.5742227671861407
1.0,0.6248039215686275,0.8362933109491273,0.9129805738565682,0.4918331747629705,0.5374411341072506,0.7884507986149893,0.30201908142888834,0.8299561332870204,0.0,0.489900365185132,0.4548690768135429
1.0,0.6387254901960787,0.8336331466903488,0.9048839649851268,0.4930046693174602,0.5456566583438998,0.7763878029710711,0.2515124620959988,0.8333949697766576,0.010952593130705124,0.5098384693197302,0.3312960859610222
1.0,0.5954901960784313,0.8314355468859107,0.8993122332196504,0.4907397286001597,0.5429453180093176,0.7203172121076734,0.1561570889727088,0.8392476771894204,0.0351752625898471,0.5275275249401644,0.29006031562422474
1.0,0.5080392156862746,0.8292985816573859,0.8957814216230693,0.4857209505722722,0.5488878953041573,0.6194571651960237,0.0,0.8454555801739461,0.06043861289644802,0.4532209385115417,0.03703982874544067
1.0,0.604607843137255,0.8276270673326271,0.8954975735466628,0.4886312549575762,0.5613301645098869,0.6951859711828438,0.07221359366910696,0.8559028663829801,0.10755230595308383,0.4363354551575525,0.0009082217973226717
1.0,0.6406862745098041,0.8260181963633457,0.8970064852718749,0.4873065668960133,0.5418499112238166,0.7312632637104883,0.1309814362842982,0.8645243302884129,0.14250466704533832,0.4094945963180941,0.0862495860209112
1.0,0.6429411764705882,0.824424405989844,0.8978291505871763,0.4871714737827919,0.5360126363386276,0.7484642019434827,0.07996449966718439,0.8714924588387303,0.1910563831390304,0.4308184462664726,0.045740260129914605
0.0,0.7265686274509805,0.8234045514007384,0.9003033435388335,0.489084755766829,0.536715519753742,0.8163743996425779,0.11587900303231975,0.8804721087532108,0.2503516402644739,0.4023566134467396,0.01328732221756342
0.0,0.7263725490196081,0.8212897463153221,0.897438834474815,0.4886316116741272,0.5454293601251486,0.8362560035742213,0.12881443680201116,0.8886889897829133,0.3047879842281779,0.4078952861010608,0.04418357145160709
1.0,0.5816666666666667,0.8172620541870259,0.8812288699358994,0.4805830922042373,0.5472553738885547,0.6556461521277783,0.13382885881221795,0.8979944140117571,0.34813892122925083,0.410182159107548,0.06113135743541754
1.0,0.7290196078431374,0.8140946936057794,0.8671678334754258,0.4877818836783608,0.5493924306323688,0.7307145201882045,0.1684860587234676,0.907676921446104,0.3893197828435302,0.4265211788022129,0.10060926584359263
1.0,0.6932352941176474,0.811472534405095,0.8555528389437096,0.4887075158274988,0.5466745725197829,0.7334969576110858,0.2071592337844831,0.91460482992724,0.4100124390849291,0.3964688224632563,0.1780092551233719
1.0,0.652843137254902,0.8108334064659013,0.8560072841309548,0.4895631936974912,0.547158313805635,0.7090555811218491,0.19076991346793928,0.920137918157129,0.4138841267096592,0.3733479584156051,0.036448748414301714
1.0,0.6913725490196079,0.8100455854550537,0.8551395472246105,0.4886220619237522,0.5555769156992248,0.7270542516745923,0.2889505214111381,0.929280400833388,0.4502574690089365,0.3759303420394178,0.17973777348777348
0.0,0.6994117647058826,0.8091671637035962,0.8529551569235732,0.488847062352765,0.5500397355791542,0.7485299381295702,0.33863619554766605,0.9353244032554956,0.4756162816417734,0.4060632860863012,0.3299549549549543
1.0,0.6387254901960784,0.8087583276399817,0.8556696827737734,0.488540061533172,0.5503513568124404,0.7034309965741167,0.3381480659714513,0.9383504048901591,0.5108852909125837,0.4050355454066487,0.3069095881595875
1.0,0.6195098039215688,0.8065536922625145,0.8449166423406753,0.4874699382016521,0.5523570706579788,0.6814439842511635,0.3433325937430667,0.9423097861275632,0.5318405175834011,0.4086371047375167,0.2005509974259981
1.0,0.6355882352941177,0.8029785423491427,0.8274685578349151,0.4895565742113713,0.5527388809409741,0.6399243237715398,0.2669846904814732,0.9478640005749116,0.5713986829908555,0.35935914387148205,0.025619369369370724
1.0,0.7435294117647059,0.8000785265360066,0.8123508198293176,0.4936430968437096,0.5527405726776036,0.7232394366197183,0.446490644183122,0.9584673569295374,0.6354690214293552,0.4751096556358057,0.2700783421784172
1.0,0.6948039215686277,0.7978389678193305,0.8049376828279105,0.4939723527457226,0.5546174514523621,0.6947441354053254,0.4447008357370017,0.9619795705381846,0.6693595860920043,0.4733131311011958,0.2508264570372482
0.0,0.742450980392157,0.7966302653108537,0.8040416294120412,0.4937443845794974,0.5555673963139904,0.7227938266719431,0.4887064566230309,0.9671294106476818,0.7111562743743107,0.4756605572517622,0.07945729568882845
0.0,0.7480392156862745,0.7942436614109241,0.7968442056817923,0.4903801804015274,0.5565990917091519,0.7308681515989712,0.4855705938909846,0.9713214118514396,0.7628789460077359,0.4723610716342165,0.15756845796875402
0.0,0.806764705882353,0.7919277270259919,0.7906074378120987,0.49089616800889,0.5577974018212951,0.7703692919881594,0.5866577915834625,0.9752402612925511,0.8135532733047379,0.5566430795231213,0.5391184573002739
0.0,0.8272549019607845,0.7906715436391385,0.7903401672689226,0.4887105807457444,0.5600085781633861,0.7764547724217402,0.6574735596479548,0.9750037360267972,0.8394348380337244,0.6231579688263259,0.7759543486816206
0.0,0.7580392156862744,0.7902788102459111,0.7944951205776393,0.486825231737597,0.55783214528976,0.7520473372781066,0.618038606611937,0.9713988690818188,0.8250225646647342,0.6113639347127645,0.6941106400868854
1.0,0.7254901960784313,0.7897896946204042,0.798083816927187,0.4882791262268701,0.5347031218559186,0.7321656804733727,0.6686709562902153,0.969118865965172,0.8176933839555965,0.6602203586592442,0.6614231160004196
0.0,0.8214705882352943,0.7880353808188318,0.7932272899833056,0.4913812034291834,0.5353338505132993,0.8004260355029588,0.713578877301975,0.9646939848200328,0.7929329454279495,0.6961903104313172,0.8513124721933852
1.0,0.794607843137255,0.7865609264550659,0.7915880839019356,0.4900557027250824,0.5427455386660668,0.7688994082840237,0.7708453516751724,0.95858638457363,0.7724165449227303,0.7357706982580559,0.8047802500196558
0.0,0.8179411764705885,0.7852749009038955,0.7922315415706632,0.4905799068356019,0.54208529490739,0.8242840236686394,0.8204200872716518,0.9527090715633622,0.7515679650025702,0.7237981299003231,0.8399103040429139
0.0,0.942254901960784,0.7845600938629484,0.7988010130531931,0.4954374228550272,0.5655486360574212,0.9214201183431951,0.8268619184971522,0.948652425308146,0.7474753709964279,0.6852986038760843,0.867078379314325
0.0,0.9214705882352944,0.7827013075345395,0.7996925006833043,0.4932151307090777,0.5369646470020698,0.9233136094674559,0.8073663190592409,0.9445955063348932,0.7393558643255029,0.628954903970663,0.9296988990582298
0.0,0.9250000000000002,0.7801874894074192,0.7945013868395976,0.49301188160129705,0.5582538239334751,0.9388402366863908,0.8225057318245693,0.9396890701685016,0.7347119258130155,0.6383583639466672,0.9797005939305192
0.0,0.9305882352941176,0.7783468429555263,0.7888270712422094,0.4945683321286912,0.5577209240439821,0.9001183431952662,0.7601360846091261,0.935454382072444,0.7502002745064351,0.6232223505963187,0.8838075810245403
0.0,0.8445098039215685,0.7768112206373454,0.7970529479828585,0.4914972143212581,0.562191762370335,0.8639526627218934,0.6648546705125362,0.9312307901631836,0.7570928333860463,0.5337027713136232,0.8809766657646587
1.0,0.8118627450980392,0.7772408435439175,0.8179931993906508,0.4927416450588681,0.5540791610741753,0.8497514792899408,0.7661637452851127,0.9271285400807516,0.7668124868874411,0.5457876060810919,0.8966299619075376
1.0,0.8141176470588237,0.7756196090113259,0.8305066531385039,0.492452763977075,0.5481407158438649,0.8660355029585801,0.7417942459877228,0.9190532726794192,0.7337204207802088,0.5753120792485822,0.9984071133089248
1.0,0.8660784313725491,0.7742057110679221,0.8330904833115692,0.4923691513514209,0.5499842912696282,0.8933964497041421,0.7234524073663189,0.9130318330052992,0.7265570214615833,0.566523466788941,0.951028817454238
1.0,0.8300980392156864,0.7720065479566154,0.8308250449117259,0.4930238764011246,0.5604899325049219,0.8856331360946748,0.7308039346202206,0.9070424114215332,0.7104099089981188,0.5740219342627292,1.0
0.0,0.8319607843137253,0.7703575897755441,0.8325893421094365,0.4932748044466699,0.5362911599076439,0.8811834319526626,0.7444937504622443,0.9006595985613328,0.6949860362815032,0.5830675169226079,0.9333352229245216
0.0,0.8333333333333333,0.7680037492121172,0.8306919490583801,0.4934966232908372,0.5493769358402507,0.8764497041420117,0.7426891502107833,0.8947728562089696,0.6888081236410104,0.5807904778551318,0.9813017960893028
0.0,0.8276470588235293,0.7657430814953872,0.8289933509474382,0.4968126584075763,0.5479722674960936,0.8746508875739643,0.7303601804600252,0.8890208702303108,0.6853363033573627,0.5746729632740272,0.9100743337160808
1.0,0.8493137254901959,0.7636164134045669,0.8289287443226206,0.4944990961726565,0.5506261882043569,0.892260355029586,0.7643221655203019,0.8822572588595003,0.6735033990550527,0.5524728126281357,0.9902909904868488
0.0,0.8600980392156864,0.7596326782072143,0.8211897135491298,0.4914376922423011,0.5489957986953209,0.9011597633136094,0.8203757118556321,0.8741773368154366,0.6324712416038769,0.5829905688356279,0.9531652580124736
0.0,0.9250980392156865,0.7554547584228122,0.8111776913643126,0.4925855363976268,0.0,0.9099644970414202,0.7930404555876052,0.8665053140425802,0.6031238902059971,0.6206796875431759,0.8918802075145426
0.0,0.9962745098039216,0.7508803631685617,0.7964150474665657,0.4935227687040373,0.6187775177926094,0.9710295857988166,0.7806301309074775,0.8616540041520422,0.595967828955443,0.604200032592397,0.9369595975475556
0.0,1.0,0.747823586365804,0.7878199016288738,0.4940423454983254,0.5081553016448932,0.9910870835768556,0.6876266548332226,0.8555755407754102,0.6021609191287939,0.5859200167891484,0.9704022569191108
0.0,0.9683333333333334,0.7446256079246678,0.7783511522744843,0.4958967229537805,0.5038262902172179,0.9942888632834028,0.6708897270911915,0.8514465848677804,0.6144179052108758,0.622570703738807,0.9316357799503854
1.0,0.9389215686274514,0.7405824280224359,0.7663156547157237,0.4947710484326728,0.6200528240464324,0.997687010461021,0.5838769321795722,0.8461853456884032,0.6188271144012567,0.6123009738423506,0.6840799649788403
1.0,0.9615686274509808,0.7372347861773247,0.7583298529080958,0.4972240594289298,0.5546040447527646,0.9848138937584088,0.5562088602913983,0.8442159964577078,0.6497263651555003,0.5921101929412425,0.5251228172576485
1.0,0.8992156862745098,0.735333096716136,0.7573042381067591,0.4964747593905002,0.6030956526416305,0.9456765461290718,0.5484283706826418,0.8446077320928074,0.679297805871445,0.6341072507452844,0.5130113332360532
1.0,0.8709803921568631,0.7355732070928198,0.7666181758242017,0.4933880724247395,0.5548189208662275,0.951893676872274,0.5671178167295315,0.8459205816643038,0.7065752197495309,0.6502409881771394,0.65491998638066
1.0,0.8270588235294122,0.7348102567404913,0.770339535534302,0.4938063801724426,0.576341941110312,0.929878918830772,0.5340803195029956,0.8447595283257596,0.7173942151001944,0.6717813023515972,0.5833211732088142
1.0,0.8245098039215688,0.7332368553987221,0.7710000601673896,0.4938885582426965,0.0,0.9181580985771948,0.5745506989128029,0.8431337143024984,0.7434268879578344,0.6573904725117052,0.6496181720900832
0.0,0.8992156862745101,0.7313805111950948,0.7675386780533743,0.4987390218248365,0.6023839339586804,0.9990827184149376,0.7131499149471191,0.8405364801847419,0.774798004167746,0.7426625532006522,0.959628386594678
0.0,0.8418627450980395,0.7294625438386341,0.7668399816475022,0.4989509061497882,0.6633210490401189,0.960212201591512,0.5955180829820281,0.8328772745362567,0.7568378501405033,0.6925557354826936,0.8860370296103192
0.0,0.8400980392156865,0.7271211431541198,0.7656341417356726,0.498752131084762,0.7366851574406383,0.9609318775317169,0.6255380519192371,0.8304208940963862,0.7626891938005433,0.6811072320139945,0.9600628300247316
0.0,0.8748039215686279,0.7237263514239052,0.7612159138981959,0.4975041436595989,0.0,0.9779984783994408,0.5983433178019376,0.8260905752781096,0.7592585837042689,0.7017671872999766,0.8817749492971524
0.0,0.902156862745098,0.7185966881258041,0.7475451143415878,0.4958170098556483,0.7369285971354654,0.9822137231920709,0.6128097034243032,0.822833058849679,0.7759377750307401,0.6728157387538778,0.9362141408287464
1.0,0.9418627450980392,0.7126500072784991,0.727245080110963,0.4993938016605127,0.5436419857563481,0.9985156283133292,0.5701575327268694,0.8190197301552955,0.7847695360901157,0.6312405310887711,0.7672060753051562
1.0,0.9557843137254902,0.7074053235472322,0.710148519900223,0.5014599209851436,0.5659539690291677,0.9783871707884688,0.5707196213297836,0.8161105788631888,0.7804093036528299,0.6320004920234938,0.7905848674008985
1.0,0.922745098039216,0.7031501152450479,0.6946793129498631,0.503524619150307,0.5614311359995076,0.9804484105586816,0.6213297833000516,0.8129332774717672,0.7790900962639051,0.6822286083862201,0.7314222098524905
1.0,0.947843137254902,0.6991029131277682,0.6797787626331564,0.5017787674134434,0.5716526746953225,0.982918085014427,0.6085644552917681,0.8094334309754299,0.7703770670617154,0.6713719465247588,0.6533736233151753
1.0,0.9444117647058824,0.6974633425279757,0.6793986569803083,0.5029525935282823,0.5750402487205877,0.9378991844354918,0.5488869166481769,0.8089868413648118,0.8059440346547709,0.6071071068235205,0.3633258618849397
1.0,0.8562745098039218,0.6965470223898484,0.6843441588177993,0.49760448851768,0.575997552869034,0.9334774491500444,0.4929738924635749,0.8108468727976899,0.8513247668957573,0.52829349904442,0.3682712491550128
1.0,0.8749019607843138,0.6960052606355907,0.6905814266425367,0.4951343974663117,0.5851213757731368,0.9480200451999607,0.5655129058501587,0.8130328089626107,0.9062476357432052,0.569397939384487,0.5095883587718352
1.0,0.9082352941176473,0.6945796770167081,0.6907098321543609,0.4940217538952594,0.6039131273177879,0.94978873931414,0.6181051697359664,0.8117741825237106,0.9504725168740636,0.5930165694712118,0.6802220087522673
1.0,0.8703921568627454,0.6938717408243074,0.696152460162598,0.4894756952460607,0.0,0.968556549081262,0.6554322905110566,0.8088814027625209,0.9609695721602602,0.5826900991314816,0.7125630571487787
0.0,0.8623529411764707,0.6946676586169194,0.7116971143917739,0.4882026809926823,0.5768287719772917,0.9841519834629392,0.7017528289327717,0.8051359488162293,0.9653627082654632,0.5819447703814165,0.7861860908224834
0.0,0.8081372549019608,0.6939084788949411,0.7199868679413081,0.4881741376115714,0.5442678671752651,0.956100454815108,0.7108128097034248,0.7992627639742649,0.9304957851268424,0.5901282507606921,0.7383639509020521
0.0,0.8289215686274509,0.6928656041686438,0.7247767932492883,0.4893544641103643,0.5448850200104227,0.98299386988333,0.7999186450706313,0.7954739546740901,0.9389621822957824,0.6028244236154822,0.7998795798675384
0.0,0.8127450980392157,0.6913890199032688,0.726029005824272,0.4919936809330018,0.5071593827512739,0.9736998220288712,0.7876636343465724,0.7921003899311554,0.9563260911480138,0.5733965259571362,0.8835617845913568
1.0,0.7890196078431374,0.6890192477340542,0.7211860155531051,0.4940115765966043,0.6951161777727336,0.9619339529365236,0.7625101693661709,0.7877437891863956,0.9969462185040529,0.5272149503642243,0.9148599494461678
0.0,0.8462745098039217,0.6864158038694255,0.7125087537349009,0.4942595327989621,0.671756866997148,0.993771010480522,0.81213667628134,0.7799557882082382,1.0,0.5581244195644273,1.0
1.0,0.6929411764705883,0.6835351387381181,0.7032205628765217,0.4858312224305418,0.0,0.9799606162400094,0.8544782190666376,0.7714321997123585,0.981718252016592,0.583751933567645,0.8772865527138758
1.0,0.6932352941176471,0.6822032785903867,0.7011191215839869,0.4856021265523226,0.5920861972667066,0.9942465275759864,0.8740551734339176,0.7670314138677989,0.9575960168657374,0.613947009105651,0.9504410212370052
1.0,0.6780392156862747,0.680631211608808,0.6988924574491047,0.4884421438984493,0.514947374128461,0.9983400521697888,0.7888617705790995,0.7616542934730803,0.9250367284863056,0.5573360206626112,0.9559843400447432
1.0,0.6743137254901961,0.6778898535519122,0.6891616314743696,0.4884329969260042,0.511966555836731,0.9950911716721348,0.8516012129280381,0.756325821948107,0.9077656822167957,0.5330125410979605,0.95909768829232
1.0,0.6821568627450981,0.6751008972701371,0.6793774239362006,0.4896413294499205,0.5073607751705859,0.986979486549564,0.8640115376081652,0.7486278126108361,0.8637121442328562,0.5393669653842977,0.9592917362975756
1.0,0.6617647058823531,0.672091851298984,0.6706091051913123,0.4884849283608296,0.49814429731952103,0.9600786144208328,0.8499223430219658,0.7412936716016005,0.8288301003609693,0.5829639819407041,0.9445706667668092
1.0,0.6850000000000003,0.670773888700309,0.6710686073974813,0.4865605209505344,0.5172546074993157,0.9646235106252302,0.8843354781451074,0.7349592284097948,0.7969430607377048,0.5448887782496776,0.9847683274228232
1.0,0.6290196078431375,0.6690129738574513,0.6690237093653806,0.4861649506989015,0.5062863670469286,0.9217540842648324,0.7832260927446199,0.7272739503101866,0.7740954592870397,0.5310378322515632,0.8373561792821846
1.0,0.6375490196078434,0.6681430816414182,0.6698672945906381,0.4869994396716859,0.5081442030912234,0.9138926421815504,0.7847348568892836,0.7223695172356823,0.7802109998505571,0.5318526072391608,0.8328340552195239
1.0,0.5947058823529413,0.667031723539639,0.6728105081132173,0.4879976123645543,0.5121543959076937,0.8664783196167547,0.7957547518674658,0.7150142981080749,0.7745053560174604,0.5375803261028925,0.8116926482092777
1.0,0.6169607843137258,0.6663477338494812,0.675943448534314,0.489270777845523,0.5146445016335078,0.9108217663677682,0.9046372309740408,0.7071164467757621,0.7370156060807775,0.5643058236249588,0.9585948978228932
1.0,0.6223529411764707,0.6653181869387594,0.6768408690538272,0.4897285734898601,0.5505091193403683,0.9097162510748066,0.8748613268249394,0.6949194804357028,0.6741932421714039,0.5530704776593676,0.9824309721652952
1.0,0.588235294117647,0.6632907242003843,0.6712658001972182,0.48768021240769804,0.5407235103939844,0.8657413094214469,0.8979809185711116,0.6823138580319159,0.5671689739667771,0.5646605876845664,0.993641640571298
1.0,0.5454901960784314,0.6607878110293197,0.6673801309137695,0.4854072146492335,0.5292115884532671,0.7863898783933174,0.9845203757118558,0.6725138654778648,0.5167147170918793,0.6036185309034658,0.9712132279699844
1.0,0.5868627450980393,0.6584719950613145,0.6642311691682019,0.4850249803848893,0.5394290973916751,0.8032182778528436,0.8161896309444565,0.6630622474172148,0.4696198548321775,0.5124633293131329,0.962203860305984
1.0,0.5743137254901961,0.6564008274886521,0.6635150394114214,0.4843307279114251,0.5277063310319562,0.7820906522540227,0.8031876340507358,0.6574659664555011,0.4727883923082806,0.5082963553221135,0.9848906208484638
1.0,0.5269607843137257,0.6554515160514855,0.6652471461181778,0.4814423239689625,0.5329937097937654,0.7112148384719323,0.7343317801937725,0.6495661192653437,0.4553438322773919,0.4808275601150728,0.8
1.0,0.5457843137254903,0.6549334494553745,0.6686935638143419,0.4827096453647799,0.5325776078564582,0.7446259673258814,0.7708083721618224,0.6448676195969316,0.4396736675124479,0.5089784232221323,0.8900516913031652
1.0,0.5761764705882356,0.6546155345637554,0.667206738693254,0.4850245561087733,0.5365368479114767,0.7845473529050486,0.8330227054211969,0.6352369636452586,0.4073283242858366,0.4950439065982821,0.9793597533327294
1.0,0.5532352941176469,0.6537860658678205,0.6642560935957627,0.4872415232870574,0.5358390297603752,0.7582606559390738,0.9046963981954,0.6242545259812617,0.3546704965599685,0.5306200806673516,0.983891658114646
1.0,0.5582352941176473,0.6530446731919746,0.6614062615808636,0.4838928373878234,0.5359422475237946,0.7592433361994841,0.7578729383921305,0.6167622577097298,0.3296019351605704,0.4971696802356238,0.7811755509231684
0.0,0.5580392156862746,0.6524438508191988,0.6635844258161481,0.4838461639417792,0.5337574689458124,0.7604716865249971,0.6994674950077657,0.6170666911629206,0.3425946631016312,0.4532293035576046,0.786982578916021
0.0,0.5658823529411766,0.652109732832646,0.6655818403539883,0.4842669631995101,0.5363381549668912,0.7792654465053434,0.7362473189852822,0.6178857213472506,0.3424877869187598,0.4754140561893678,0.9670562835020842
1.0,0.5397058823529413,0.6520272756243728,0.670891274641102,0.4861391722791881,0.5394786500431191,0.7529787495393685,0.5894904223060425,0.6132602937095553,0.2987735330689682,0.4468572987343766,0.9601777699551176
1.0,0.5103921568627453,0.6514081898020025,0.6721734602320213,0.4875221806266588,0.5376139510425051,0.7316054538754453,0.5890318763405075,0.6121686292351649,0.2928050813576341,0.4469243428916176,0.9050779510022272
1.0,0.5231372549019608,0.6497270498660817,0.6718635867890819,0.4886602264183095,0.540743077908943,0.7293944232895222,0.5354929369129501,0.6111303390701976,0.3036599262867288,0.4185667279781891,0.9300445434298444
1.0,0.5113725490196079,0.6477642988609953,0.6734047629344821,0.4885842768753339,0.5428233266812024,0.672153298120624,0.4436358257525331,0.6103766447847874,0.3287090374246249,0.4258950706479193,0.8232770883942837
1.0,0.5183333333333336,0.6462399538557893,0.6771897215305347,0.489072161522031,0.5405238607209232,0.6844368013757525,0.4760150876414465,0.6090479232256021,0.3047205125114624,0.4406289133486939,0.8384339136544614
1.0,0.5236274509803923,0.6456128766413607,0.684007116925589,0.4895585532132025,0.5468987147874962,0.6833312860827908,0.5112417720582796,0.6039779595566563,0.24493082083815004,0.457308940901581,0.7979168621563288
1.0,0.4919607843137255,0.6447696721594822,0.6829785002838406,0.4874358921232937,0.5567071793106584,0.6415673750153543,0.5054359884623918,0.5975368616077403,0.16353532178382027,0.4545951107433999,0.749160176409871
1.0,0.5071568627450982,0.6443589467970567,0.6872765362092144,0.4849423474754744,0.5663932746780941,0.6550792285959954,0.4855927815989942,0.5944928160487617,0.1391766879082536,0.44483597019264093,0.6173594820305899
1.0,0.4571568627450983,0.6441208044272086,0.6910547482053395,0.4850904742796691,0.5801009237332946,0.5964869180690333,0.3702906589749277,0.5936033513222354,0.1428485156942838,0.4445954196707744,0.5833911982734351
1.0,0.4216666666666668,0.643742793759756,0.6972133095033383,0.4860886401062026,0.58776568171894,0.5597592433361994,0.3334368759707121,0.5971903389877982,0.1855177773398051,0.4247663594191852,0.4812799099183637
1.0,0.3651960784313728,0.6434345748215435,0.7007411572376423,0.4821015381832257,0.5837231710816926,0.4678786389878394,0.09010428222764556,0.5991816563492591,0.18823969347952152,0.3530415974934084,0.14768271219933976
1.0,0.4228431372549021,0.6438348704320209,0.7114301023504817,0.487056567145785,0.5742157976411095,0.5409654833558529,0.2834109903113675,0.6071203277230974,0.2265357764330248,0.3919198943865884,0.401064709380757
1.0,0.4275490196078433,0.6446749345591005,0.7232032353044483,0.4870474652902444,0.5771275250692338,0.5702002211030585,0.3134235633459063,0.6067192613698198,0.2293892681090463,0.4086907176547804,0.3682530933143797
1.0,0.4100980392156863,0.6445320128856638,0.7284061197126329,0.4892605972714567,0.5868097252242032,0.5579167178479301,0.267176983950891,0.6065614444501006,0.24945968211772346,0.4359746232685392,0.3365729122847736
0.0,0.453137254901961,0.6443462173824963,0.7273482928408864,0.4894071469497762,0.5882409814306784,0.5749907873725587,0.3460468900229274,0.6086492484621975,0.2633254843543303,0.4306056966362977,0.3370515963387923
0.0,0.3942156862745101,0.6435577440455518,0.7216214337657062,0.4882536123442625,0.5867399898264969,0.5204520329197888,0.31884476000295825,0.6086633298410613,0.2319569387681427,0.4650454058630686,0.2864561423867476
1.0,0.3056862745098039,0.6436044654590773,0.7216393707401589,0.4813082913737017,0.5895371027222722,0.3970028252057486,0.23359218992678046,0.6121933629080699,0.23141064220387844,0.4021409561916625,0.002117313785903468
1.0,0.3441176470588237,0.6430148985919741,0.7201099046701851,0.4811000258683442,0.5848226895507846,0.4345903451664414,0.28338140670068784,0.6220990870305123,0.230466103257186,0.4243841225639508,0.02091396975117926
1.0,0.4277450980392159,0.6426186090379475,0.7213314449301956,0.4850030204020396,0.5781779207398281,0.5113622405109937,0.3807410694475261,0.6319376923965894,0.25702330183140554,0.4294914113646137,0.08375625572707363
1.0,0.4605882352941178,0.6438845824582888,0.7306782546508149,0.487903691854187,0.5711480468231395,0.5544773369364941,0.3949633902817839,0.6416987176336735,0.2747716734936171,0.4372514644957389,0.046088991084755136
0.0,0.4269607843137255,0.645288297980084,0.7378595192398221,0.4836159324724939,0.5714207015622292,0.5859231052696228,0.3688558538569631,0.6517141989117088,0.327495680114992,0.4269861141844147,0.12978102189780946
0.0,0.4327450980392158,0.6463042365914489,0.7458923121674164,0.4842787008762263,0.5583789590432118,0.5780616631863408,0.3349530360180457,0.6566438094747775,0.3370472867308489,0.4560946712659299,0.0581995133819942
0.0,0.475294117647059,0.6451048534924213,0.7435141148900881,0.4842620598010482,0.5485655401195005,0.6203169143839823,0.4831373419125807,0.6608862865866267,0.3300213485399396,0.4905655001739478,0.25577517288734153
0.0,0.5664705882352941,0.6444779923207415,0.746269793849312,0.4884110182948872,0.546032384446794,0.7125660238299961,0.539997041638932,0.6613114919002092,0.32017349182169696,0.5226190050732307,0.4588013144342538
0.0,0.5604901960784314,0.643648726146631,0.7487064422495635,0.4875036630517931,0.5562834366243199,0.7216558162387914,0.569255232601139,0.6630380124654864,0.3425288043185037,0.4888779390122708,0.4823924665260678
0.0,0.5335294117647063,0.6428460166192289,0.7509596301468179,0.4856751787261096,0.5531818525645484,0.6839454612455473,0.4277864063308928,0.6654700038201964,0.3883621069149139,0.4624812165557535,0.3547746333807445
0.0,0.5557843137254901,0.641537882023022,0.7504108578309392,0.483950023054347,0.5570031881345289,0.6922982434590343,0.3530064344353228,0.67110889989593,0.43159646236747257,0.4772682396788946,0.3103143852077098
0.0,0.5220588235294121,0.6404337446054282,0.7497527556615421,0.4817302640774791,0.5576236809743081,0.6391106743643288,0.3130315805044004,0.6746222955638121,0.436514948647556,0.504931092296189,0.20388444749619852
0.0,0.6057843137254904,0.6398528126565461,0.7498290953154643,0.4887524900920047,0.5547651999275219,0.7507677189534456,0.4712817099326974,0.6779826890573066,0.4167120884964091,0.5348319248785527,0.5418117612438078
1.0,0.5719607843137258,0.639146791545361,0.7514173016950043,0.4864705004909259,0.554669078325676,0.7028620562584449,0.5070408993417647,0.6764591599476497,0.3672679921608518,0.553765614095265,0.5305802148217177
0.0,0.6278431372549019,0.6387347721887261,0.7520074714701754,0.4912898672440316,0.5539269108947288,0.7749662203660485,0.6209082168478667,0.6767320548084619,0.3474003537593604,0.6163593494635969,0.9431065770758748
0.0,0.6283333333333335,0.6377421021380871,0.7524599533541191,0.4910058063479818,0.5572647179672472,0.787372558653728,0.5309740403816287,0.6699100889604503,0.2785585727787563,0.6161541998903295,0.8336486523539258
0.0,0.5905882352941176,0.6364250751342251,0.7482997607210543,0.4887164806319567,0.5551226118694489,0.7217786512713426,0.5677316766511352,0.6641091528804881,0.21580529297304074,0.636159786685982,0.6603602862548338
1.0,0.5956862745098037,0.6349707843426962,0.7449073945698049,0.4892897879305123,0.576015025616244,0.7184621053924577,0.6595222246875232,0.6578827351003679,0.14419606073331115,0.6363497960098807,0.7719283814537592
1.0,0.4993137254901961,0.6340710884262484,0.7422027051772953,0.4820550486880172,0.5743017133195479,0.5935388772878024,0.6368685748095555,0.6521540232102141,0.0967627269950655,0.6272346175281759,0.4805077311108677
1.0,0.5212745098039216,0.6344510931380001,0.7476071181173145,0.4839806467632909,0.5819977368282911,0.6263358309789949,0.5993861400783964,0.6524884324603881,0.0877539611519384,0.6034555589794611,0.5586429193233423
1.0,0.4587254901960786,0.6341909617100328,0.7482257977950416,0.4819935986551873,0.5785167504043113,0.5728930084095515,0.4684342874047779,0.6522092833787636,0.07750306870218943,0.5826656712083741,0.3793614568383416
1.0,0.492843137254902,0.6334868780267795,0.7481760100235099,0.4815972322632336,0.5883192371575529,0.5894665766374072,0.5679535537312329,0.6577297671660916,0.10495978766129266,0.584011860980483,0.4123473637155032
1.0,0.479607843137255,0.6318846857606621,0.7417784506537863,0.4809958130666478,0.5752129767817986,0.5551510738987987,0.3734708971229935,0.6607320120240441,0.10412336289834184,0.5464276266869319,0.29576735759828743
0.0,0.5276470588235296,0.6306601909017957,0.7384603161519305,0.4818519427875333,0.5650216663577551,0.6113032073447002,0.3964055913024183,0.6683663353416059,0.1347987441294703,0.5050873379371815,0.3611509775780535
0.0,0.6600000000000001,0.6299619739853479,0.7391631815122386,0.4904453776669985,0.5668255197772658,0.7628182769445414,0.5242807484653502,0.6725011287138489,0.1362694312692771,0.5129859314336837,0.7154083241182984
0.0,0.6840196078431373,0.628528604636998,0.7373956230676257,0.4924263214307789,0.5686417489878884,0.7988605976049296,0.515723689076252,0.6729056280213173,0.1385946334173953,0.5087659398299347,0.7540408912312082
0.0,0.6466666666666667,0.6270755055658896,0.7345148239328074,0.4901012500037258,0.5656381208266952,0.7388675735379606,0.3602026477331555,0.6731176964178556,0.13928591175342284,0.4820840402208539,0.4793308707620642
0.0,0.688921568627451,0.6255862556907441,0.7290035841474058,0.4904085015954685,0.5650730762088896,0.7802515541419691,0.3624731898528216,0.6755633605875444,0.1490153282671242,0.4831373803774273,0.4774311090867688
0.0,0.6918627450980394,0.6240914401975108,0.7281424010144936,0.48689862752666496,0.5478828501074205,0.7811957530983811,0.4305672657347829,0.6772902507835981,0.13476436148106047,0.5188992294050627,0.409246185379185
0.0,0.7904901960784313,0.6230924477180186,0.7312985146143572,0.4923900843116705,0.5521275030413729,0.8892515604420772,0.5023223134383551,0.6784221070993364,0.11108832905872773,0.5519389104124685,0.7263493509451144
0.0,0.7920588235294119,0.6217786982999502,0.7339960319445612,0.4920886450228068,0.5869265044572078,0.9015060413445573,0.6270468160639004,0.6774364337762253,0.09137381834122517,0.5630699853285388,0.9153268048280568
0.0,0.7766666666666666,0.6199954819769766,0.7303381568467373,0.4946973326973842,0.5696089578742246,0.8859302525339288,0.6114488573330377,0.6747298351534898,0.07386872241973974,0.5543604067316535,0.9395809610567064
0.0,0.7180392156862745,0.6181549735064079,0.7287985305398236,0.4912120790892706,0.5704129371822143,0.7947499434261144,0.4367206567561568,0.6729348043928223,0.06503604856889439,0.5234290990187134,0.7661125028467315
0.0,0.7201960784313726,0.6165538252626925,0.7297371479393344,0.4911798686553322,0.5727582016422165,0.8037446424543198,0.3859034095111308,0.6745607266558578,0.06895431501044152,0.5498057387515051,0.6126564222265446
1.0,0.7080392156862745,0.6156089483562726,0.7311347487167908,0.4903645251083764,0.5751446922400764,0.7872772388901421,0.3576288736040233,0.6764620391574674,0.06804198004250689,0.5388785840046598,0.5945325292543635
1.0,0.6998039215686276,0.6141946393987681,0.7277522345902931,0.4934198075630356,0.5734686116976722,0.7802842318971352,0.3421492493158791,0.6792108628774765,0.0695620352553436,0.5336975679219442,0.5822934928328343
1.0,0.6994117647058823,0.6128120563568349,0.7195963538734087,0.493848685676019,0.5867699231460144,0.7679287305122494,0.1942755713334809,0.6795819826548826,0.04404451510131169,0.5153297546706406,0.35770954409412725
1.0,0.6208823529411768,0.6111788948254961,0.7127804913873987,0.4877803849083595,0.5875657718178507,0.6766867067468271,0.14586938835884894,0.6836360316441865,0.030404343469022318,0.4796945850023571,0.2106329188781623
1.0,0.6080392156862745,0.6102738789604598,0.7093184834802053,0.4870201205406181,0.5850404901610843,0.6598275673905925,0.07951334960431877,0.6896142810268633,0.02769496526390114,0.4851058356052829,0.09836669170385423
1.0,0.6223529411764707,0.6096298601183643,0.7085588476251247,0.4847089697183486,0.5788743733150921,0.6745607333842628,0.1177723541158201,0.6990530845236662,0.04412824712316349,0.5000298656309519,0.10256126482213493
1.0,0.6737254901960786,0.6092021684965412,0.7103126314006236,0.4898150396866792,0.5769643183816126,0.7361126268689293,0.20804674210487376,0.7070320535490724,0.058842388134596864,0.4865803075399328,0.2091458972230224
1.0,0.6109803921568628,0.6091266841751357,0.7151403575567037,0.4884613418858974,0.5775308410084531,0.6681217941722144,0.1326529102877001,0.7123609279533556,0.06260305017628638,0.4070222563412821,0.004913505362498248
0.0,0.6638235294117647,0.60934424564395,0.7223199882257391,0.4930384173921169,0.5788232301632867,0.7493179089817745,0.2762443606242145,0.7233778029388434,0.10807448034652156,0.4778783118057048,0.2316228601960505
0.0,0.7029411764705883,0.6091608569096092,0.7293420879682667,0.4969075910862559,0.5786364102600949,0.7973371166648477,0.2562162561940682,0.7278127812147093,0.13237383638474026,0.5229170226109794,0.19765116378026487
0.0,0.6819607843137254,0.6086298773342793,0.7343786630021818,0.4952840367498722,0.581217527399785,0.7736549165120593,0.24794024110642696,0.7328316256930241,0.15962395044063155,0.5120366383760219,0.1501425471256546
0.0,0.6819607843137258,0.6075493141405172,0.7362348138292686,0.4945470143087385,0.5897945637168522,0.7908981774527993,0.2575918940906732,0.7378498851603803,0.17951635966517626,0.5179455333924333,0.20969320454448734
0.0,0.7601960784313727,0.6065432177126266,0.7383514350781362,0.4989830310502464,0.5785900902130803,0.8580159336461858,0.3676059463057468,0.7427148199074136,0.1972747064545175,0.5455509299659576,0.4086634611293145
0.0,0.717156862745098,0.6048780374189984,0.7308557815892156,0.4991268039610974,0.5790925222341616,0.8153443195460001,0.3688188743436137,0.7436480395288441,0.19272739031889652,0.546367061078349,0.41470575720182135
1.0,0.6533333333333334,0.6034743335427191,0.7258198263941403,0.4975499999611315,0.5725126267688414,0.7483356979155298,0.3031210709267064,0.7465785661720616,0.2036353209091082,0.4638705909103169,0.15512105867835474
0.0,0.698235294117647,0.6017368067994284,0.7175194526172348,0.4987233071507448,0.5819386843506975,0.7815126050420167,0.2888469787737593,0.7539551969366722,0.23071288730011086,0.4565867321631771,0.24494702353091385
1.0,0.6054901960784315,0.5997177223580077,0.7147228283023329,0.4914375715965026,0.576730486292979,0.6600458365164247,0.23263072257969056,0.7604614165653432,0.24653115843257886,0.35858006335178344,0.06269945959746448
1.0,0.6427450980392156,0.598644401948927,0.7132991750005355,0.4918513088018866,0.6044440099749111,0.700971297609953,0.2973300791361587,0.7702871192963292,0.2781124714429196,0.3915987541857184,0.0010019060651968491
0.0,0.8019607843137255,0.5979609918670938,0.7153006527449773,0.5055080134798744,0.6026536129344642,0.8779875586598274,0.3935581687744992,0.7800570717879289,0.3065640262064282,0.4661115786159439,0.08976798653297308
0.0,0.7662745098039218,0.5965923024621818,0.7139694517553923,0.5061883641830685,0.5591834512430902,0.8417548837716905,0.3980400857924709,0.7857062505732109,0.3199551031093827,0.4704673719159299,0.14751518700139055
0.0,0.8124509803921571,0.5950668355178874,0.7136184916377118,0.5112797648266451,0.5644248798313679,0.89599476154098,0.4495969233044893,0.7911544321218527,0.3256333264497091,0.4763968707627438,0.16492364645996996
0.0,0.8461764705882353,0.5930441971998734,0.7091682006169389,0.5113965579680712,0.604026619286089,0.9217505183891735,0.4836032837807851,0.7959143894084619,0.3329209648503891,0.5152819365741238,0.3238399634724033
0.0,0.9168627450980392,0.5908561979885472,0.7059441763016457,0.5156163078271903,0.5665109638950048,0.994325002728364,0.504171289105836,0.8000429777897291,0.3529764154282741,0.5415338597789385,0.8206152616859803
0.0,0.8792156862745101,0.5887619596508091,0.7033095937084284,0.5164256681541978,0.5691633042087101,0.9750529012139436,0.4484579542933215,0.8016037042470456,0.3731569676592758,0.5229035089995381,0.639603457041182
0.0,0.8762745098039217,0.5870929732287273,0.7043484975795365,0.5158051231349798,0.5620944439810824,0.9761666109811782,0.4399822498335921,0.8029643286162005,0.39032412377132375,0.5142162597276443,0.6527116587323821
0.0,0.869607843137255,0.5852378314604105,0.7048116922415225,0.5187312018276411,0.5720559911878799,0.9726027397260272,0.4471858590340949,0.8036361725132659,0.40826230418491705,0.4732167932418301,0.5805652981225484
1.0,0.8291176470588237,0.5828451319519928,0.7037013515287501,0.5157359335058027,0.5709674617934672,0.9215948323866798,0.40378670216699897,0.8035642111333974,0.4150055442827158,0.4733887483111862,0.4633578906552918
1.0,0.8373529411764707,0.5799850676912117,0.6994640922327793,0.5170668627168484,0.6366544995450611,0.9147613762486126,0.40137563789660535,0.8043944744765399,0.4286945768442677,0.4688739686703083,0.3711059619699159
1.0,0.8544117647058826,0.5772306568157779,0.6958954645142261,0.5193353517573545,0.6317043533537902,0.9142236699239956,0.4241624140226312,0.8046693482899205,0.4180565040748844,0.4450857736165639,0.441943433005994
1.0,0.8254901960784315,0.5747286243339071,0.6888358174200057,0.5170719338179307,0.5847243621880472,0.8822897647943292,0.4717920272169219,0.8035573844149557,0.3914242158695857,0.4550797347940324,0.5296995108315873
1.0,0.8459803921568629,0.5723406473833677,0.6815750857584985,0.5157522349155621,0.584179125696963,0.8991218676376096,0.5101397825604612,0.8015502136140908,0.35690453632757124,0.5004929661995705,0.4887270587369891
1.0,0.8756862745098039,0.5699503987756187,0.6719250633167336,0.515664322072913,0.5744946090698542,0.91072186836518,0.5242437689520008,0.7999671354831479,0.34123017973106234,0.4659582807898837,0.5436757512229227
1.0,0.8682352941176471,0.5684010256444079,0.6685763129486499,0.5186925307276068,0.5760891334889399,0.9066042641705664,0.4966940315065456,0.7981636951817346,0.330255273536477,0.4344580585958861,0.34054213100886405
0.0,0.9140196078431374,0.5668033949709511,0.6635870440495397,0.5221042536386733,0.5770943617407,0.9825472678163308,0.5265069151689962,0.7982626744678525,0.327896653067966,0.4180285306195371,0.3449556806061269
0.0,0.9094117647058824,0.5642913580308497,0.6557337213651011,0.5228636689554322,0.5765713569201094,0.9543943486391024,0.5035500332815626,0.7985693172610533,0.31629749371515625,0.3927648396001675,0.22292103424179086
0.0,0.9473529411764704,0.5612221282643379,0.6451478017422613,0.5237250936383963,0.5773845014216934,0.9758986079368374,0.5465572073071521,0.8005561291185004,0.31354306434426144,0.446397826739767,0.44918901026150265
0.0,0.9462745098039216,0.5596673052785508,0.6460432457148519,0.5233108274034236,0.5980666197421605,0.9937219730941704,0.5513497522372605,0.8013824621988709,0.311485648706106,0.4521452329209159,0.4136967155835093
0.0,0.8917647058823532,0.5584756757686389,0.6469886626408322,0.5189549576398176,0.0,0.9866066645237329,0.4711411877819681,0.8023875939312384,0.3167689551781479,0.4000426217168635,0.2086873367906128
1.0,0.8995098039215689,0.5576973824024787,0.6501288351415015,0.5160665173980538,0.6020909860543132,0.9917373108702652,0.496339028178389,0.8062041575408878,0.34146150897400834,0.3817656217217463,0.2592503700147988
1.0,0.8728431372549023,0.5552314756734951,0.6421358489532388,0.5162681627975063,0.5638133172635363,0.9956293706293704,0.4954958952740184,0.8093195115488994,0.3603922022179286,0.3807719150344308,0.2981319252770103
1.0,0.8521568627450982,0.5525361068335015,0.6356712511436229,0.5157227028941243,0.565892271142134,0.9856785633098428,0.4377856667406255,0.8130807897864307,0.3942148647326886,0.3623563449228701,0.22924916996679684
1.0,0.8617647058823532,0.5500884771431569,0.6278022723726929,0.517176342151827,0.55417046010699,0.9856596012112209,0.41831225501072383,0.8177727833121868,0.42672614179965707,0.3449493497982661,0.29329173166926586
1.0,0.8340196078431374,0.5481140805683169,0.6239185120302474,0.5169821765016654,0.0,0.9722904644918012,0.4642556023962722,0.8212837960370023,0.4561993221669629,0.34380527140619177,0.5302212088483514
1.0,0.8603921568627453,0.5467411978176411,0.6220642878915861,0.5163327898406601,0.5435201480079924,0.9957150202822374,0.5141705495155686,0.8218279672484661,0.4571392692755509,0.3548517896149413,0.7596703868154726
1.0,0.8433333333333334,0.5448482353314112,0.6209908750631454,0.5182923068234104,0.5476289842020902,0.9964028776978416,0.5518674654241554,0.8201451564266597,0.4623768642326964,0.3520952432004719,0.8616744669786793
1.0,0.8326470588235294,0.5432572635249273,0.6209102439476626,0.5209846028387113,0.5192937897205971,0.9903331003959932,0.5553657273870277,0.8168237758929053,0.4665618538087319,0.35628067207359576,0.8261130445217798
1.0,0.8231372549019611,0.5413832783266941,0.6217962105581674,0.523768951012379,0.5348372801405565,0.9818308874912648,0.6124916796094964,0.8140710806318958,0.4642222065052735,0.3756436044857636,0.9760390415616632
1.0,0.8098039215686277,0.5397186522271165,0.6241528098963893,0.5229730962963409,0.5159718118050454,0.9588865595154904,0.5955106870793581,0.809379662911063,0.4504210013129185,0.4131256760448577,0.9684469103384024
1.0,0.7621568627450981,0.5379976949978931,0.6266088928374305,0.5218808061890933,0.482397198773099,0.9127649662240856,0.6033799275201539,0.8066195166905656,0.4434641390284444,0.4221869298314393,0.9542457805907181
1.0,0.81,0.5361811924599169,0.6274686939639837,0.5238799535533581,0.5324440372722122,0.9670393664104354,0.5223060424524816,0.8045225682166066,0.4551991194161914,0.3647479549838247,0.8311132031066125
1.0,0.7844117647058825,0.5342257248950061,0.6271697574063211,0.5224724916403941,0.5102623314561472,0.9183554623806194,0.4361733599585832,0.8041030566540182,0.4591830713819946,0.30778252103981546,0.4880333433592581
1.0,0.7452941176470589,0.532585833323576,0.6308429354706497,0.5216430947627618,0.5078135111693378,0.8862101094805497,0.4394645366466978,0.8040980660342558,0.4586174529046753,0.3123352268650258,0.4702874575688567
1.0,0.735980392156863,0.5314377614843433,0.6406790588129747,0.5243503229078152,0.5275241018579018,0.8782902399254598,0.4662007247984615,0.8037635221801421,0.43160647482990655,0.3480996855989113,0.3930305504232352
1.0,0.7231372549019609,0.5297892220118383,0.6501364247094154,0.5233666504954939,0.5154408298266694,0.859538784067086,0.4189187190296578,0.8039510722011819,0.4146562299506157,0.3353653340461253,0.22498173849525105
1.0,0.7337254901960785,0.5277210578887255,0.6518259942283491,0.5209510900787605,0.4996263281905051,0.8652457488935474,0.4190962206937351,0.8069160170824401,0.4051446529362667,0.33556114245260377,0.2157865337515552
1.0,0.7651960784313726,0.525848336544569,0.6439563726042982,0.5212109406183735,0.5056542085274701,0.8862101094805497,0.4089712299386137,0.8102691111975981,0.41522808501241787,0.32656491296045315,0.2194675613263032
1.0,0.7580392156862746,0.523994173493747,0.6374920080958901,0.5238458656472978,0.5013950371080684,0.8836477987421383,0.3752089342504252,0.8136144273625279,0.42374598181657774,0.333613270703019,0.14918739924186594
0.0,0.7715686274509805,0.5221048075131849,0.6303081447191375,0.5217592252641936,0.5025497416249728,0.8978569764733285,0.4274831743214261,0.817113532788903,0.4345018228395969,0.34460601678721986,0.1728459530026113
0.0,0.7756862745098039,0.5198316766977351,0.6277462556755052,0.5228389271005951,0.5029582796187959,0.8852268771034001,0.45362769025959604,0.8186720705724595,0.4309775681242387,0.3817924520252608,0.14905715114592213
0.0,0.7954901960784315,0.5175810938049425,0.6243739171347567,0.5215742106638659,0.5058225568544812,0.9026609837576314,0.4542933214998886,0.8208956648699497,0.44176834746842697,0.3826158143710866,0.21206846533216936
0.0,0.7991176470588237,0.51555154710955,0.6229094507419934,0.5182323420527009,0.5058620726600985,0.9047673883003224,0.4907773093706089,0.8221380357599499,0.4454895353253029,0.4239514924529144,0.5648970118944008
0.0,0.7925490196078431,0.5139771513645792,0.6234569313945446,0.5179106556991364,0.5171620027388691,0.8915246430216487,0.5928629539235264,0.8221063027998896,0.4525274632324541,0.501419316236916,0.8105599071656528
1.0,0.7764705882352942,0.5121741814984546,0.619639621097632,0.5191482191937372,0.5408437480975686,0.8861640241815898,0.5521780933362915,0.8196633995315259,0.4408607903388944,0.4974744025887039,0.7937917029300837
1.0,0.7678431372549018,0.5103895082005165,0.6185010000144855,0.5189428384710628,0.5412563109675402,0.8633512033762973,0.5553731232896971,0.8184487143059436,0.4411588836107944,0.500836346638715,0.7350159559036831
1.0,0.7498039215686276,0.5083783793190881,0.6143782687916873,0.5176059206530997,0.5423669809458921,0.8369602369830238,0.5597662894756306,0.8157602221952359,0.4155923287077376,0.5055602558838033,0.5872352770525062
1.0,0.7551960784313725,0.5065549656311488,0.6092383181783211,0.5182803309348479,0.5502460724862676,0.8447886050192175,0.5875231121958433,0.8127894174190728,0.3857551160769634,0.5323974412425987,0.561895901173308
1.0,0.7486274509803923,0.5050873249454393,0.6053737449560846,0.5180882596385059,0.5508645032084929,0.8281709247117339,0.6130167886990607,0.8113247407327995,0.3706127415240131,0.5555725382932883,0.4763446738719057
1.0,0.7398039215686277,0.5035781820584972,0.6007321794588362,0.5201448483575536,0.5438698188950749,0.8293721973094172,0.5809185711116045,0.8111684917471462,0.3739038591770113,0.5177891666441906,0.5568948525509826
1.0,0.7274509803921569,0.5026198337976202,0.6012560700138625,0.5191919131797319,0.4735721140517156,0.8118834080717489,0.5913541897788626,0.8119659644722035,0.3959203718070109,0.5267296669046139,0.5385508592661399
0.0,0.8107843137254903,0.5015530607480219,0.6019182047753823,0.5289038069446099,0.0,0.9198430493273542,0.6555062495377559,0.8121026546529873,0.4027333584612624,0.5468294496018218,0.7677327317364468
0.0,0.8503921568627452,0.5007658180622678,0.6058886609758651,0.533728646138114,0.5140170990494652,0.968385650224215,0.7221359366910732,0.8116835291506219,0.41638731045686944,0.5728746847658671,0.9625354717342092
0.0,0.8341176470588236,0.4994135690396251,0.6083349496999098,0.5299387460759196,0.4666981405941905,0.9752242152466368,0.6527253901338657,0.8089322623812851,0.4019055866093637,0.5299784536422018,0.936342740390756
0.0,0.8206862745098042,0.4988424787498076,0.6148743266824377,0.5288587478742726,0.4787199498489274,0.958968609865471,0.6289919384660894,0.8088763718255416,0.4154565951717813,0.5132372201411136,0.7635359468777942
0.0,0.8057843137254901,0.4982463790000875,0.6202723994333075,0.5248036800500846,0.4798774861082849,0.9861912846632708,0.5679905332445825,0.8095884817363264,0.4234362127203923,0.448882628717924,0.8468003207698469
0.0,0.7654901960784315,0.497484800886312,0.6252378694720101,0.523103209993983,0.467010416269859,0.962308998302207,0.5422453960505883,0.8107845673349738,0.44730108117252615,0.4774384735701002,0.8391659983961526
1.0,0.7764705882352942,0.4960008433841858,0.628017925776446,0.5206917549937509,0.0,0.9703452178834182,0.5250942977590414,0.8101363831165305,0.4541613958460722,0.463470463451444,0.8938893344025663
0.0,0.7966666666666669,0.4938675369292642,0.6257912599924057,0.5230060365086779,0.4673199935831261,0.99660441426146,0.5570667850011096,0.8089480071570665,0.4625132203178896,0.4377837745400008,0.9885805934242198
0.0,0.7795098039215688,0.4918952478497223,0.6273192252934372,0.5216009173010842,0.4170373683701007,0.9941196817710132,0.5171067228755267,0.8059459770400849,0.44988185644472706,0.4573438754933868,0.9879829787234052
1.0,0.7540196078431375,0.4895558201709223,0.6262852919817503,0.5226159197551046,0.42295650553456826,0.9748755354868588,0.4777531247688784,0.8038036435715796,0.4390440849504645,0.4764733441695743,0.8688286040952096
1.0,0.7590196078431374,0.4874697211262118,0.6324863226028982,0.5236078640892851,0.4607869724938075,0.9661919648025936,0.4771392648472751,0.8018158843896468,0.4265008182352218,0.4760745349662101,0.8746393827574644
1.0,0.7541176470588237,0.4852837965019332,0.6319546810835475,0.5226610219285281,0.5845016116006277,0.9663077457450504,0.5079358035648252,0.7992134084993321,0.41186847672958377,0.4503510058847551,0.8496207746808571
1.0,0.7078431372549021,0.4833587772236601,0.6312771342315161,0.5221783843845994,0.5819548051595417,0.9138589788120874,0.4316248798165821,0.7952650974352424,0.3949723100835635,0.4333092114604871,0.5509535253909306
1.0,0.7037254901960787,0.4814476077983447,0.6251580403995456,0.5219441541859315,0.580532990860947,0.9054069700127361,0.486184453812588,0.7949393120990325,0.3808819569854848,0.4301600357592675,0.7136302631168266
1.0,0.6979411764705882,0.4796359029129984,0.6241421735105084,0.5214857891193505,0.5903674428781605,0.8969549612133842,0.4802159603579621,0.7925409415950115,0.3707135384536818,0.4245197978619861,0.6685289803052538
1.0,0.6974509803921569,0.4786523709930823,0.6263691602025694,0.5211357560778395,0.5803090671228779,0.9018177607965732,0.4528880999926039,0.7916518424649809,0.3755388206725044,0.4470186759256587,0.5704922126158729
1.0,0.6426470588235295,0.477466062600397,0.6298934510089343,0.5175953098104332,0.5793084863265617,0.8660414495773996,0.3742030914873162,0.79151985344924,0.3955684713017456,0.42055669003689616,0.4108430350510315
1.0,0.6469607843137255,0.4761957292725058,0.6292151122750679,0.5182866986709362,0.5721737436209671,0.8625680213036934,0.3357296057983876,0.7930255692102439,0.4188558947793716,0.36491144540097337,0.17915665282936571
1.0,0.6569607843137256,0.4744968266685454,0.6282440810907031,0.5158018212758569,0.5806423485453399,0.8704411253907607,0.3907107462465794,0.7959520234538578,0.44645191603269707,0.3714298535283893,0.3384000749087049
1.0,0.6358333333333335,0.4730098013420916,0.6296691887458367,0.5167175372740633,0.5787016854367517,0.8572999884219059,0.3865542489460833,0.7963787981600698,0.458311061512099,0.36428589619359053,0.2251006585723644
1.0,0.6314705882352943,0.4712424581849832,0.6312217708257172,0.5199449650112571,0.599705336271038,0.8540002315618851,0.4330670808372159,0.7989088496502197,0.4761928504515405,0.423119805261216,0.1699803364649333
1.0,0.5891176470588235,0.4689854546461771,0.6291736820709057,0.5164472586416505,0.5808953830940922,0.7868472849368995,0.393358479402411,0.8022122591186684,0.4935205871539475,0.4269099103573339,0.003162992982109439
1.0,0.6340196078431376,0.4667656847194339,0.6233060878020754,0.5185735494235417,0.5837607137921439,0.8318860715526226,0.4745285112047925,0.8091351436179293,0.5301363455361616,0.4597358682252621,0.2255489021956108
1.0,0.6361764705882353,0.4643436618110783,0.6146286478751125,0.519017427884445,0.5898582481254121,0.8276021766817183,0.4394571407440284,0.8130933388583157,0.5550162059235522,0.4692981567631591,0.1469917308240684
0.0,0.6923529411764706,0.4620641984035885,0.6079297190561651,0.5226719413919878,0.5499208280574656,0.8766932962834317,0.5238074106944753,0.8188306172027155,0.5973733045683387,0.5181520429269354,0.31074449201211
0.0,0.731764705882353,0.4595794223704752,0.6022742210433472,0.5240618864542762,0.0,0.9209216163019568,0.5468826270246283,0.8203688314865631,0.620486476736959,0.5524997883970199,0.4800563850892756
0.0,0.7734313725490197,0.4548311885198488,0.5828867879573456,0.5257652754543366,0.5502228048275639,0.9971257485029944,0.5931218105169739,0.8209299664414895,0.6383130855070827,0.575322665343606,0.7239486416077403
0.0,0.8300000000000002,0.44937338001389815,0.5574861016316739,0.5353899684648513,0.6156281022692164,0.9970219630227076,0.5874491531691446,0.8197008169955609,0.6292743605525243,0.5687548346271672,0.6601693338295489
0.0,0.8352941176470591,0.4436217480528264,0.53328868995578,0.5369243847283987,0.5526109534686128,0.98756038647343,0.6267287922490941,0.8199857129247663,0.6259101496661064,0.5907244695526984,0.8279214737625615
0.0,0.8507843137254905,0.4403396387843401,0.5256149649800063,0.5392356039469279,0.0,0.9855345172292134,0.6026033577398122,0.8193218187551652,0.6107163673461647,0.536513395510418,0.8919333829549662
1.0,0.85421568627451,0.4376694540624697,0.5219558670193717,0.5359246986938475,0.5522986404512733,0.9877092356315116,0.5925375342060495,0.8178280612426712,0.5917454876418893,0.5166899862023207,0.942128768142908
1.0,0.839607843137255,0.4361061579661056,0.5196605556931054,0.5381929597313508,0.5618474580380524,0.9794889826535396,0.601124177205828,0.8156396155150261,0.5862956126600134,0.5272292024424724,0.8085944830174507
1.0,0.8155882352941178,0.4346926375390825,0.5177140505595982,0.5371062725436151,0.5751478031161754,0.9759728082512896,0.5821980622735005,0.8133796296083801,0.5943602498082637,0.4940239356554943,0.8437324075811578
1.0,0.8032352941176474,0.4329117587259519,0.5139083737075247,0.5396440453309789,0.556789714119273,0.9627285513361464,0.5818948302640338,0.8124083682159307,0.6170488056585304,0.4940705225738165,0.7421655094764492
1.0,0.8132352941176471,0.4306577223288168,0.5111556234346895,0.5411043008028534,0.5835820971475881,0.9615564932020628,0.5340285481843058,0.8104052160328845,0.624700221691714,0.4784094460026543,0.7122349408894718
1.0,0.809607843137255,0.4284088118726865,0.508573735479238,0.5424477778603727,0.0,0.9615564932020628,0.5839878707196213,0.808280662070666,0.6255466135586611,0.4800969570294613,0.7382248076562196
0.0,0.8393137254901962,0.4263652390425956,0.5063547002925126,0.546196833147415,0.6295080269004996,0.9995311767463668,0.6629761112343757,0.8042226220984721,0.631668914171541,0.5187502614467978,0.9973728654531788
0.0,0.830392156862745,0.4238863912715092,0.501671183493833,0.5456303651478815,0.5691883737229088,0.9968555324829426,0.6633311145625329,0.7981493896884313,0.6248086735282217,0.5196848339861626,0.9555119118777252
0.0,0.8238235294117648,0.4213794985701864,0.4969940444193646,0.5453684892883746,0.6024741414174549,0.99831162566329,0.6690333555210413,0.7919559153499709,0.6026144401310909,0.5251271550093154,0.9917447676394899
1.0,0.7954901960784316,0.4189595787467766,0.4920811544333594,0.5429031725705554,0.6660100747924436,0.997875796576284,0.7015753272686938,0.7861459925142076,0.563729987534229,0.5519214222644839,0.9991421021927868
1.0,0.7730392156862745,0.4167219056481904,0.4872060493283234,0.5409938773099587,0.7321026717832458,0.9767735420348396,0.653583314843577,0.7816091226263129,0.5348518773381196,0.5151744054972408,0.774492700394823
1.0,0.7715686274509805,0.4146828876108533,0.4799229944026423,0.5410472160183586,0.6142015178474884,0.9936667959157296,0.6463649138377341,0.7800806272921743,0.544198428775764,0.5021805180301468,0.8267376733082369
1.0,0.7253921568627452,0.4125931436959665,0.4754206268695358,0.5401107103740498,0.5719446287757447,0.9630613871910708,0.6615560979217519,0.7786392457068751,0.5443013369943439,0.515940578837562,0.751813423928016
1.0,0.7330392156862747,0.4107107896918529,0.4695002204213439,0.5374682018890834,0.5737326799832919,0.9682434228009568,0.6597441017676203,0.7775345138432956,0.5471994516200823,0.5115788146581466,0.8294922413001558
1.0,0.7429411764705883,0.4088201693329194,0.4670906298891305,0.5351313698576728,0.5570558644576963,0.9944579616112464,0.6431994674950074,0.7748588271086105,0.5222946632405123,0.5429831856300429,0.8088329813607562
1.0,0.7237254901960785,0.4041752170160735,0.4490699573368032,0.5365764236020424,0.5471276568507317,0.9898281786941578,0.7079505953701651,0.7720073667636127,0.4939785747478895,0.5403941381494961,0.8125975576163816
1.0,0.7640196078431373,0.4006223773644062,0.4397030954143607,0.5462828268948686,0.4963622858601072,0.9215096403664704,0.6846165224465643,0.7688756121960338,0.4744457801041313,0.5719054330938398,0.7846661680893311
1.0,0.7432352941176472,0.397055997390823,0.4301025051595315,0.5404809705375798,0.5250829901087194,0.9430944706174064,0.650166407810073,0.7682270619337785,0.4599500212210966,0.5795795840091579,0.769089924439745
1.0,0.7350980392156863,0.3961470988416247,0.4347714604304862,0.53989925066944,0.5224002871293504,0.9288370939747084,0.6138081502847428,0.7684281934175667,0.4591609374960735,0.5926655205678429,0.7251205611573888
1.0,0.7315686274509805,0.39431230211251705,0.43329558504868737,0.5397902434964322,0.4966367096724708,0.9194148276717083,0.6119961541306116,0.7702181002557584,0.44563284038727735,0.5896438107685893,0.8447275446785463
1.0,0.7386274509803923,0.3927923379551913,0.4328022458806515,0.5370578093336793,0.5181832432308976,0.9272253905281428,0.5545151985799871,0.7702244794764288,0.4432828527037286,0.5363519302354607,0.9076514428656174
1.0,0.7254901960784316,0.3914544723136283,0.4318934305518376,0.5386461291183265,0.5031732753640816,0.9192908504835112,0.5087567487611862,0.7674430642740147,0.424969761446636,0.5506805776844798,0.7999329499445547
0.0,0.7494117647058826,0.389961087562752,0.4300604246559019,0.5417217272872512,0.0,0.95425241755517,0.595421936247319,0.7639328345115974,0.3950669263677074,0.5666492445350451,0.8852412512571884
0.0,0.7721568627450981,0.3879076710927665,0.4252879637211694,0.5412643294055356,0.5358592848336662,0.9742127448549468,0.5984394645366466,0.7586786331415865,0.3516003539352488,0.5689418549774802,0.8409191800496145
0.0,0.7804901960784316,0.3856339264569744,0.4220880258584464,0.5387507010716355,0.4684340007706223,0.9944388270980788,0.6209082168478663,0.7540547630238326,0.32386138183245183,0.5877780516083727,0.9932628280454371
0.0,0.7650980392156863,0.3837855400051943,0.4218413882161817,0.5373687454015587,0.4955048098084146,0.987061234947476,0.6192367428444641,0.7475502887566474,0.2800509095318641,0.5876982030686534,0.9773438939031126
0.0,0.7322549019607842,0.3821985898750192,0.4243322510433217,0.5368806814845568,0.0,0.9850687103594076,0.5749204940462989,0.7402361302295517,0.2237787080246418,0.6045581791112958,0.8190581445324503
1.0,0.7268627450980393,0.3806934538099793,0.4249952746822472,0.5364029008825743,0.5164754380164642,0.9770084566596192,0.6383477553435397,0.7348614831101359,0.18899966252144376,0.647008228949677,0.7494013630502849
1.0,0.7273529411764706,0.3787729930597423,0.42172211592759257,0.5365386528587005,0.5220297582263382,0.9861751152073729,0.6368389911988759,0.7310145840985347,0.17669827472078048,0.6466609026634993,0.6541413397187942
1.0,0.7036274509803921,0.3764992520221853,0.4180720145599695,0.5345999711270814,0.0,0.9701124211680834,0.5017972043487907,0.7298357956202175,0.1869421133613287,0.5967685373727271,0.4248787376435185
1.0,0.7115686274509806,0.37425083650748936,0.4120885023853381,0.5360863621338453,0.5206099423792093,0.963972602739726,0.4763700909696026,0.731206350993385,0.2031656327431723,0.6297178755213705,0.3768035856818317
1.0,0.7295098039215688,0.3722313006698624,0.4084706907663831,0.5350159801429439,0.4771980013699407,0.9819178082191782,0.5397529768508244,0.7307557988974476,0.2052342061439765,0.6227432394637058,0.4591698900963953
1.0,0.7041176470588235,0.3704453828723163,0.4030987352477965,0.5361055146858652,0.5682180895061869,0.9483561643835616,0.5444123955328746,0.7307208580725082,0.2194324441766018,0.625971365637612,0.3209615030392331
1.0,0.7235294117647061,0.3688075196124141,0.4007987841592616,0.5352620246256332,0.5022467119361507,0.9965297057190452,0.4765623844390208,0.731876879470041,0.2218800005198737,0.5824836307577068,0.4063977405292571
1.0,0.7133333333333335,0.3676814838557389,0.40347924976643024,0.5344770374122698,0.560498364490043,0.9830981980723568,0.5410842393314106,0.7344189915398884,0.23095301149988,0.5721399348394468,0.4543500951679256
1.0,0.6048039215686276,0.3666941300031384,0.405498593816064,0.5239369160098265,0.5305899855034224,0.9037134889182444,0.4363508616226608,0.7364486864329742,0.2210364564603394,0.557571644306621,0.189353472094308
1.0,0.6251960784313726,0.3663629256952865,0.4093144921646541,0.5270134726369983,0.607892133628833,0.9360046969029794,0.3393683899119887,0.7407042894275968,0.23324867395015175,0.5090941907280292,0.16991044020380394
1.0,0.6377450980392159,0.3656350544496992,0.4124378154132841,0.5286051307456681,0.5574911361421028,0.9751377102873308,0.4810073219436434,0.7469678093725678,0.27947238263683044,0.5395713343680885,0.2982056394189688
1.0,0.6040196078431374,0.3648618695690268,0.4183605041397378,0.5271980750347544,0.6071234295220315,0.9428316212594908,0.4044301456992821,0.7510926752079337,0.3169325502449177,0.5051718978360406,0.3998227792018722
1.0,0.6139215686274511,0.3643851917168709,0.4193217847520614,0.5285316016115957,0.0,0.9618877475063272,0.3520227793802229,0.7573702087551364,0.3673134241378492,0.4851026339065171,0.4811569521507434
0.0,0.6202941176470589,0.3634550294947725,0.4165160752454353,0.5286669467047964,0.6078219110025919,0.988387673068334,0.4271651505066193,0.7602583353787521,0.38719647437462507,0.5164352865591826,0.6269274248247788
0.0,0.6191176470588237,0.3630360845711542,0.4175403995167766,0.5285789076625824,0.5623696575120338,0.992503748125937,0.4540936321278011,0.7589543419859701,0.3854281126865379,0.4788730992536255,0.6723716934207553
1.0,0.5401960784313727,0.3624398903513093,0.42294679275101704,0.5210177999661939,0.5610776198111863,0.9379844961240309,0.3284224539605056,0.7564850610115026,0.3932267906137277,0.4692324317700433,0.4822292561609759
1.0,0.5026470588235296,0.3622622450383437,0.4296512602816648,0.5199287201235849,0.5676152231325613,0.8866666666666666,0.3132164780711487,0.7573840243769911,0.4251945927264403,0.4601716097190068,0.3864197023271108
1.0,0.5145098039215688,0.3616527144495294,0.43244461184776173,0.5215352241885614,0.5780765384203412,0.9120930232558138,0.3372457658457215,0.7578007905469528,0.4525439007714184,0.4212379934966111,0.4438985280815719
1.0,0.491372549019608,0.3607079389135152,0.4321239092652725,0.5222673036508847,0.5849886482131536,0.8804651162790696,0.2931661859329928,0.7582259227406938,0.4859894492534678,0.3941661094194242,0.3210673464353257
1.0,0.4921568627450982,0.35991441758569764,0.4353982112336232,0.5225149200272287,0.5851455662085145,0.8761240310077518,0.2558686487685817,0.7603818920043572,0.5258578757086907,0.3804891836147216,0.29444712871995765
1.0,0.4670588235294118,0.3590297858812488,0.4382543320184968,0.522649866319147,0.5772199447427782,0.8463565891472865,0.19946749500776567,0.7613121684785957,0.5315938537566117,0.339850162955471,0.10037400905495553
1.0,0.4503921568627453,0.3582848513604042,0.4495044120181829,0.5206386642181432,0.576485105497802,0.8198449612403099,0.24305894534427894,0.76508491570936,0.5263510840038603,0.3670758796757832,0.04849591095363345
1.0,0.4928431372549021,0.35767189786496056,0.45840958084676603,0.5237176702131425,0.5873143590283051,0.8841860465116279,0.3362029435692627,0.7700029054918229,0.5253343518812661,0.3617693110127056,0.2416026914335817
0.0,0.4965686274509807,0.3568005400393852,0.46548170198127997,0.5238168649725047,0.5859902122111232,0.9031007751937984,0.3793210561349015,0.7721798560284174,0.5150530976189887,0.338198187834287,0.27510244984878585
1.0,0.4732352941176472,0.3561223268904079,0.4676788358067258,0.5211034277511051,0.5808450931720437,0.8631007751937984,0.3732712077509061,0.7733414573988411,0.4947514421112375,0.33370138398370386,0.16483654953917082
0.0,0.4605882352941178,0.3554162963914955,0.4662852425329581,0.5226253724468986,0.5822721781708303,0.8539534883720928,0.3734782930256639,0.7764144517115876,0.4585491315244917,0.33281345546373403,0.0724546370967742
0.0,0.4911764705882353,0.35442510563552976,0.4553886370622119,0.5273668116012482,0.5870266259933209,0.9077519379844958,0.5087715405665263,0.7834600455541596,0.4737704500112601,0.3534366132440808,0.18067748881895024
1.0,0.4800000000000002,0.35287953290202456,0.44450601469887696,0.526571779834036,0.5587360874870249,0.8702325581395348,0.4127801198136231,0.7878184483281898,0.4893502888809826,0.3498113554325332,0.03238363425542461
0.0,0.5090196078431374,0.3515933235060629,0.4386948255916889,0.5276169515857747,0.5699378204608393,0.9062015503875968,0.4345684490792103,0.7971802762287123,0.538732991164935,0.3610796937721281,0.06986771411802044
0.0,0.5126470588235296,0.3506716032176941,0.4394274071339737,0.5276393408972501,0.5827611098946063,0.9260465116279069,0.5092522742400708,0.8035360936354248,0.5768117432989791,0.4032413478644423,0.3868346200731419
1.0,0.4629411764705885,0.3504918659232177,0.4443741656775077,0.5248639914711647,0.5595307791713896,0.8537984496124031,0.44144663856223615,0.8037722192737099,0.5832293130231085,0.3553364532312429,0.04602916610230779
0.0,0.4903921568627455,0.34816323953165296,0.4398241506464685,0.5281111455149239,0.5616105080025917,0.9306976744186048,0.6050883810369061,0.8090568648922609,0.6082867868166315,0.4219828874436368,0.35225066594428805
0.0,0.5800000000000001,0.3451231621040167,0.43749120983489376,0.5395069993895265,0.5648955027380834,0.9590697674418602,0.6856519488203536,0.8110828968470631,0.6149351816244715,0.5028303301021824,0.6224434511716108
0.0,0.6070588235294119,0.34144602986896644,0.4278020403558591,0.5402597246135604,0.5629483309893922,0.9821705426356588,0.6636417424746689,0.8097221275628972,0.6182986292318343,0.4764983946829152,0.6236173190663229
0.0,0.5791176470588236,0.3397792483829896,0.425195081155077,0.5402524473685184,0.0,0.9448062015503876,0.6817617040159751,0.8082510082501988,0.6332196931501942,0.4888899719988621,0.5867985010609965
0.0,0.6071568627450982,0.3384058044470808,0.4189905737770214,0.5411819286257079,0.5806655730520067,0.9889922480620154,0.7418977886251019,0.8053453082129214,0.6302504051828204,0.5622121313563985,0.780531852453835
0.0,0.6067647058823532,0.3366775238321401,0.4167468564345156,0.5414740197651857,0.5613405575299707,0.9807363678732329,0.7947563050070259,0.7984455055537156,0.6143051403358295,0.5940853694344511,0.796060393960603
0.0,0.6033333333333333,0.3349369076242631,0.4128689369933337,0.5412443594864998,0.5970176684873055,0.9707938480658692,0.854944160934842,0.7906312870664622,0.5865822367884984,0.6257814786343822,0.8190052169184493
1.0,0.6082352941176472,0.3332657578646561,0.41397170787519,0.5383352253825788,0.5979440137692029,0.9768525710734818,0.8629613194290366,0.7820710501855572,0.5581509089499573,0.6296278188954173,0.8252735731603437
0.0,0.6091176470588237,0.3313980177976378,0.4105646091806482,0.5386766920802747,0.6363704165235308,0.9799404482056104,0.9604984838399528,0.7728491014546066,0.5151336710256856,0.6661590631596839,0.9682920024289776
1.0,0.6160784313725489,0.32915076289780554,0.4007803126570676,0.5399458747599388,0.6096101512092903,0.9945782171902408,1.0,0.7631853556010022,0.4793014570015214,0.6834386093236637,1.0
1.0,0.5743137254901961,0.3271534679110231,0.39467710412587503,0.5358517396790891,0.5914973389272581,0.9036836230266306,0.8129576214777016,0.7555333827801156,0.4525623251943265,0.5452587797661113,0.9852430016758746
1.0,0.5618627450980394,0.32592374091199616,0.3880206687134906,0.5374885381825756,0.6028820021259774,0.8907670228033807,0.7476739886103098,0.7505715039679395,0.4391791404731476,0.5446297798613264,0.9911473144711682
1.0,0.5409803921568629,0.3252582640783527,0.3900758200055475,0.5374974488622337,0.6077809510991693,0.8773052888279228,0.7976776865616448,0.7457870943503053,0.4338203773157588,0.5685608483593668,0.9875301483039975
1.0,0.5440196078431374,0.3246525752704197,0.3895355744546558,0.5377163270530593,0.5525252044925675,0.8882792257277856,0.643169883884328,0.7418327816878048,0.4381753692376968,0.5220972636987421,0.931280836089056
1.0,0.5261764705882354,0.32358431636550755,0.3894944701855091,0.538673007859257,0.5584516719040121,0.8678555098308186,0.524842837068264,0.7420160272735923,0.4774239023035446,0.5121039334089289,0.8400325381527523
1.0,0.4873529411764708,0.32242155205188106,0.38461911578562535,0.534039072010266,0.5857992456662546,0.7992684042066759,0.4571925153464983,0.7412462475853743,0.5075035988544812,0.529001769090226,0.7279881165007341
1.0,0.5132352941176473,0.3215724619032996,0.3800509967718155,0.5349331299988586,0.6233769459593202,0.837677183356196,0.5200798757488353,0.7418829473325261,0.5331189454716116,0.510050897057233,0.8308546570231132
0.0,0.538921568627451,0.3207373111208929,0.38031475440662976,0.5388387288797004,0.6237154195705367,0.8908702941624752,0.4972487242067896,0.7402013513902552,0.5419385767617396,0.4987618845314497,0.8765318573272741
0.0,0.562156862745098,0.3197863989492996,0.3800038337289702,0.5392469654845718,0.5928237476276097,0.9262307575064778,0.5054507802677319,0.736501912589212,0.5273840595487312,0.5027785881427189,0.9882357286645614
0.0,0.552843137254902,0.3184287285887547,0.3745533829579134,0.5417592446790328,0.6055541398501599,0.9126657521719252,0.5313216478071149,0.7307846016993849,0.503047491442891,0.5154029937155833,0.8745864274685693
0.0,0.5572549019607844,0.3175638475108795,0.3675522567383484,0.5388213236450875,0.5664695196972048,0.9175430574607528,0.4411434065527695,0.7267611727951435,0.485190284366609,0.5203117381881213,0.717226674509227
0.0,0.5540196078431372,0.31629382004925,0.3634207192293236,0.5370373140072949,0.5680724990877017,0.9543935980110324,0.4039272243177279,0.7266456180826533,0.4848518729257934,0.5037168167723023,0.7323336560062828
0.0,0.5688235294117647,0.31452907118987705,0.3605157841126286,0.5359056714758923,0.6181047675385305,0.9843575418994409,0.4504030766955107,0.7252884241262822,0.4792324644813454,0.4761832689736281,0.7857012717268521
1.0,0.5665686274509805,0.31228849270370385,0.3561243172283229,0.5365449668535247,0.4728260797495648,0.9785597381342062,0.4412765328008283,0.7213118288292379,0.4535925347955001,0.4711787036025809,0.7113471559231871
1.0,0.5432352941176473,0.3101476179120081,0.3515507109680368,0.5353120238092,0.4718978972711112,0.9781904924177884,0.454907181421492,0.7187990943346934,0.445341510835696,0.4283211980891188,0.7195641875888201
1.0,0.5014705882352942,0.30853803625621146,0.35094778669664817,0.5305129811558184,0.4853234568591854,0.8860112455273472,0.4046076473633607,0.7149657788920076,0.4325348821397901,0.4010593534236885,0.5806763108989547
1.0,0.4585294117647061,0.3072545568786628,0.3522526457104394,0.524750933543157,0.4928142535442216,0.8086556483216905,0.40423785222986464,0.7141739254206609,0.4380713378013825,0.3995506603988375,0.4241518784389468
1.0,0.4557843137254902,0.30679890783715696,0.35269407372445233,0.524004471496243,0.5099527582203084,0.8089964218776622,0.38407662155166056,0.7158277421768746,0.4477646673471671,0.4380472154112123,0.4041285573734651
1.0,0.42313725490196097,0.30636714283967104,0.3490805011335668,0.5219656836519193,0.5105215922040294,0.7694666893849038,0.352814140965905,0.7193937371516991,0.4628177783957765,0.4171456592693963,0.27096162955945113
1.0,0.3814705882352942,0.3057698801081825,0.3457421139676756,0.5158471930110397,0.4737956762392724,0.6960299880729255,0.3022483544116558,0.7260645036078865,0.4980042762611978,0.3797544090697534,0.000246984728110754
1.0,0.4716666666666667,0.30500337307662106,0.3471065891624258,0.52976490645924,0.4889094597508251,0.8415402964729934,0.4066415205975889,0.7373230238171942,0.5581025424342951,0.4342462282585805,0.2495730494794721
0.0,0.4701960784313727,0.3039566048329223,0.35018787166288623,0.5297015375748111,0.4897363476227276,0.8343840517975807,0.446128244952296,0.7435785384388847,0.6053352013745908,0.4587350781280064,0.4138963621476199
1.0,0.4347058823529413,0.30321177511713604,0.3518799415663698,0.5277852170630222,0.4818960671775839,0.7795195092860794,0.3865616448487537,0.7470769309071372,0.6370624556056129,0.4065163738068646,0.0005308597133359074
0.0,0.487843137254902,0.3023567577542823,0.3488479910838632,0.5382906306703599,0.4747661402085491,0.8778326801840176,0.5265734782930256,0.7541590049487976,0.6841953990088396,0.4663980284879597,0.12230532336119762
0.0,0.5211764705882355,0.3009059133172526,0.3421278339207358,0.5413163809260453,0.4549986970719178,0.915828931674902,0.6266696250277347,0.7557590726337273,0.6911996315213185,0.5176617130677823,0.6255856003945106
0.0,0.5501960784313726,0.2991675948754433,0.33470411945780504,0.5435010814418525,0.4438448037201319,0.9541659567217584,0.6832334886472892,0.7528531994162582,0.6684428910553709,0.5201417514807789,0.7823232672241031
0.0,0.5583333333333335,0.29760584748762464,0.3299695265764508,0.5414137371055432,0.3957862473112601,0.96438916340092,0.7188373641002884,0.7495574553445392,0.6490963808073549,0.546516163527969,0.7509078309078315
0.0,0.5666666666666669,0.29629817929519475,0.33111190916092764,0.5393695757987111,0.0,0.976486624637928,0.7364322165520302,0.7474677000036878,0.6256285125073107,0.5693117601933322,0.9102425292334346
0.0,0.5756862745098039,0.2951677779293236,0.3292759083988984,0.5409446716537046,0.4466930351703446,0.9974441983302094,0.7567487611863031,0.7443038561916373,0.6088277248180959,0.6014177295248768,0.9869532265049812
0.0,0.5447058823529413,0.294425466001896,0.325886841001749,0.5395999454015401,0.4628772280768111,0.9659699429953359,0.6951852673618819,0.7396072930415805,0.5717363706488352,0.5602817264560079,0.7317832394976197
1.0,0.5279411764705884,0.2937169789165459,0.32128902893502315,0.5387557170573659,0.0,0.9613059250302299,0.7030619037053473,0.7379451689978886,0.5737884922848965,0.5721079925789269,0.8300941966219153
1.0,0.5366666666666668,0.2928628322746857,0.3207204210232638,0.5405486854672364,0.4780933414896366,0.9770253929866992,0.7423045632719474,0.7353660590084543,0.5706526628099853,0.6512250214566662,0.9954255088783036
1.0,0.5388235294117647,0.2917664615264467,0.32307105496798955,0.5372343467856627,0.4782580971523492,0.9977152899824248,0.7024110642703938,0.7297560549219901,0.5619289760918302,0.6465379877985588,1.0
1.0,0.5220588235294121,0.2908457617659969,0.32408951607867537,0.5374716308986329,0.5795522722266377,0.9985693848354796,0.6829746320538423,0.7249413631446733,0.5550958327060183,0.6316988813012521,0.9934572779685186
1.0,0.482450980392157,0.2898980154020452,0.32286823173697915,0.5345733539376747,0.4605610450406035,0.9617145997435428,0.6613194290363142,0.7195350263958613,0.5412679694689697,0.6473898792465042,0.9618606484675284
1.0,0.4837254901960784,0.2886375297821849,0.31567786711777945,0.5348874402070547,0.4675992490692746,0.9596995786774132,0.6893942755713336,0.7134843860962838,0.5270293837895003,0.6704190306411408,0.9819536937993842
1.0,0.4723529411764706,0.2873060243113453,0.3169107039392431,0.5336943426226797,0.49384936939643503,0.9230628320205164,0.6615708897270913,0.7068416515370772,0.5021758904312382,0.6503092812171336,0.7568491877625371
1.0,0.4895098039215687,0.2860926970234651,0.3217163772989918,0.536938778113657,0.474391897365518,0.9883524328386248,0.6696989867613339,0.7031321476057968,0.4933843860399015,0.6653570349270143,0.9673544810594392
1.0,0.4757843137254903,0.2850452212424093,0.3314763038387975,0.5350028838064493,0.4966820936448527,0.959984970881082,0.6551512462095997,0.6995859726068225,0.4791957933922689,0.6535530011003621,0.8551203184367657
1.0,0.4796078431372549,0.2834185703635844,0.3282590043044952,0.5357256078156709,0.0,0.9695660341912454,0.6292286073515273,0.6962636096235757,0.4678745493762009,0.6617070865201555,0.7902133639964233
0.0,0.51,0.2820649599787209,0.32593343872146313,0.5382974748404801,0.49494648554160603,0.9947398083787335,0.6648546705125362,0.6934732093167799,0.4512281682996856,0.666420057078287,0.8916570844512599
0.0,0.4944117647058825,0.2807918676914828,0.3215709433527649,0.5383435172387437,0.5133000167793165,0.9935422602089268,0.6797943939057766,0.6885902620248228,0.4229914978217226,0.6494574468151346,0.975978534009117
1.0,0.4866666666666669,0.27974726760189805,0.3170349335210213,0.5399403742981294,0.483526563295574,0.9916429249762584,0.6846461060572443,0.6827558159478886,0.3859095032872221,0.6547074646233662,0.9757435501842808
1.0,0.4764705882352942,0.27783157799857705,0.3079972350776116,0.5390451834162242,0.5392987246216094,0.9651386748844376,0.6748835145329488,0.677223545124882,0.3614335662285616,0.6471346057141054,0.9665410528719882
1.0,0.4689215686274511,0.2759047163222398,0.30310856999323643,0.5391041689116512,0.5034161743243911,0.9539765845781186,0.6572738702758674,0.6739086564756394,0.3551819812661463,0.6313267010405658,0.9907892439322502
1.0,0.4610784313725491,0.273927296324585,0.2984937730438742,0.5411343638327729,0.5178571048139556,0.9450948728300363,0.5693661711411878,0.6718446276770311,0.3588342530635526,0.5346188434157866,0.8577878103837466
1.0,0.4678431372549021,0.27259521024822103,0.297327657701192,0.543083014068837,0.5260392900138645,0.9267413931144916,0.49457140744027794,0.6712272794267502,0.3610811072667118,0.4744123287143632,0.4975745641419715
1.0,0.4746078431372551,0.27127541601474026,0.2923265455441968,0.5444699861090898,0.559686014134749,0.9427542033626906,0.5364839878707196,0.6745604420234068,0.3863150600336414,0.4918942966633243,0.6556361365928616
1.0,0.4730392156862745,0.2710929801503145,0.2965481545531829,0.5438625333710987,0.5253792499070684,0.9457566052842272,0.42792692848162095,0.6760355666949598,0.39885022291598,0.3567312235141962,0.610849266340594
1.0,0.4506862745098042,0.2707368451376142,0.2993843590493689,0.5371061558426249,0.5579805280104645,0.9497598078462772,0.42927298276754666,0.6791743974157469,0.4375856036162529,0.3582174845315946,0.49209378407851706
1.0,0.4508823529411767,0.2703938642309216,0.30413628712813595,0.5373770998868928,0.5587977447366367,0.9411529223378704,0.4198653945714075,0.6799759040064846,0.4497697083954453,0.3504662925643484,0.5920704159526411
0.0,0.4485294117647061,0.2692757303369926,0.3024158612097317,0.5365994897001668,0.5583986128838629,0.9435548438751,0.4435100954071444,0.6804075693073162,0.4597980731677137,0.33155281346346416,0.5763053655023409
0.0,0.458137254901961,0.26845142489121565,0.30162294863540345,0.5348730419071116,0.5373717347721044,0.9581665332265812,0.4544634272612975,0.6793053829701967,0.4531470212212033,0.3415452486171422,0.6532949225783227
0.0,0.4573529411764706,0.2672612078756648,0.2987743915084614,0.5342324429143952,0.0,0.9687750200160128,0.4769617631831965,0.6775935795096135,0.4437631741926722,0.36713222548267216,0.6454087144400437
0.0,0.4770588235294118,0.26620281474916674,0.2977017015706607,0.5345788306957543,0.5385994154436736,0.9937950360288228,0.4975075808002365,0.6755966783524411,0.4404486151852151,0.33903683882328084,0.7007202016564632
0.0,0.4595098039215688,0.2642698604169016,0.2921110981402367,0.5353071275139547,0.6115954929604961,0.9975150134603435,0.4625471488795209,0.6721753119098679,0.4266665196411865,0.3478553948380029,0.5344256391789699
1.0,0.4469607843137256,0.2617734452004413,0.2850528165487913,0.5346155148494731,0.6032470917035994,0.9428511176718682,0.4818800384586939,0.670828039713401,0.426423954215988,0.3705675207414989,0.3623334533669426
1.0,0.4786274509803922,0.2593411058290219,0.2820526166278709,0.5375392868017302,0.6227279609534778,0.9502875924404268,0.4682419939353598,0.6708059380131204,0.4253060864772353,0.35728298591940444,0.3813467770975879
1.0,0.4720588235294118,0.2572398704878236,0.28059913862237296,0.5402538885943056,0.5819176208763173,0.9376787903555373,0.4599881665557282,0.6718744770274163,0.4353912238595539,0.3954056048536481,0.3411955347497301
1.0,0.4791176470588237,0.2564005266558396,0.28460489140203343,0.5418305298802322,0.5942353066949367,0.9342051491622396,0.4772280156793134,0.6729113051325948,0.4456775350194714,0.3653214486445578,0.4053655023406546
1.0,0.4612745098039217,0.25492646552133313,0.2812501859981199,0.5408336559984697,0.5973568887444736,0.9250714577378518,0.466252496117151,0.6743017177492001,0.4632138163080058,0.3518492749665627,0.317680950666186
1.0,0.4855882352941178,0.2537684184849849,0.2820742981103471,0.5421870532288267,0.617956091488657,0.9334661354581671,0.4214555136454405,0.6763319475730272,0.4827811661373128,0.3573443439226877,0.3056175729204175
1.0,0.4904901960784315,0.2518893769278002,0.2818667852877356,0.5431277984570533,0.5857070228389311,0.947592341906788,0.4145403446490643,0.6792353878083377,0.5069211258816093,0.34761169550437626,0.18602808786460165
1.0,0.4835294117647061,0.25046263893487664,0.28202868346205395,0.5427266107973184,0.6184189538165703,0.9204366465573134,0.3949042230604246,0.6821202999752289,0.5267603962294606,0.3699569948092287,0.11776194437411833
1.0,0.4886274509803922,0.2483124343532557,0.27340557605043103,0.5400540659777902,0.6367460899300078,0.9216938553024572,0.41393388063013065,0.6858501459752588,0.5524226076556883,0.3958819549417572,0.047679617637989086
0.0,0.5329411764705883,0.2465311908408128,0.2644387150990496,0.5457934071992604,0.69271635360957,0.9558180926706524,0.4948672435470749,0.6898859389237941,0.5808874283849392,0.434346112099336,0.31273109407231525
0.0,0.5374509803921571,0.2449376550597941,0.2588194060803942,0.5464441343390284,0.5982042583772861,0.9698269901165432,0.5151172250573183,0.6925420353471201,0.6066416331360786,0.40758275898659735,0.2552348893619128
1.0,0.5021568627450981,0.2443965224725545,0.2639326488168947,0.5440600940228253,0.5676798567145095,0.9159466153246559,0.4774277050514015,0.6946518827161037,0.630120405964569,0.413257828654886,0.13761694965595644
0.0,0.5058823529411764,0.24428904180365416,0.27046772556185555,0.5437240242289351,0.5303399078427967,0.9441440114657436,0.6094667554174986,0.6980289953557257,0.6604631591304728,0.5491565590151701,0.8622478087236142
0.0,0.4826470588235297,0.2437708560335076,0.2736151452453945,0.5418936535828264,0.5622599760507724,0.9258246840365022,0.5999852081946603,0.6950303756642873,0.6618556154526565,0.5383132383153408,0.7956018878688872
1.0,0.4798039215686276,0.2427121447388543,0.2744805413154868,0.5418233458949759,0.4995505312063673,0.9103789765961612,0.6598180607943198,0.6926659265001303,0.6688401317359761,0.5859398081909447,0.9950547852225348
1.0,0.4658823529411765,0.2414412991416196,0.2748593742833781,0.5402661847689921,0.5332805787322651,0.8694298917543268,0.6485984764440501,0.6889187328670137,0.6782276960114791,0.574883299848958,0.9310361469041072
1.0,0.46245098039215704,0.2405731744903722,0.2781123243804792,0.5390573426663431,0.0,0.8723035117432274,0.6340285481843059,0.6861254804693937,0.6889201927417692,0.5373593870965082,0.9665061390949704
0.0,0.9607938633873128,0.9779360938421447,0.7488617856565193,0.4881186777601714,0.4978701788523707,0.9700109715957574,0.4678574069965236,0.9659562272182702,0.5377748420304204,0.4763144021271154,0.743230347131098
1.0,0.9302325581395351,0.9733411519828437,0.7229547779015795,0.4865070838678687,0.5074347556692128,0.9356333048884554,0.38613268249389865,0.9642331834655355,0.5297164572990556,0.4679265584766255,0.4611734889340781
1.0,0.9465481553634479,0.970103194299783,0.714836771764439,0.4841182061774745,0.5384994553273079,0.9366085578446908,0.3628060054729676,0.9644842521509064,0.5302891310432448,0.447770734113793,0.3181794026995425
1.0,0.8773895044441741,0.9670730619625038,0.7035713725488909,0.4823464919732314,0.5223787715908843,0.9005241984639767,0.3565268841062049,0.9659746458570416,0.5249281444849738,0.4402084269306477,0.1321872675098308
0.0,0.9560452940460248,0.9642220835952572,0.7076559141527083,0.4877587300291894,0.4907374484021229,0.9801292210167012,0.4434657199911249,0.9700291152895296,0.5456550005470402,0.4974789495067221,0.4573280901264736
0.0,0.9751613295994156,0.9608553002339948,0.7170823339315049,0.4855981103551297,0.5532819533284108,0.9808606607338778,0.4626506915169,0.9710197879650908,0.5591668851349085,0.4623678411102949,0.5150653629503669
1.0,0.8868866431267504,0.9654875756269288,0.766274143739327,0.4825763866604811,0.5737484076428004,0.93026941362916,0.4097330079136154,0.9692947052329804,0.5627074829108304,0.4091881204449082,0.31594749707726555
1.0,0.7230001217581884,0.9712257245728408,0.819703785554239,0.4722178568365634,0.5212747172928831,0.906985249299037,0.4508468308557063,0.9689668322638608,0.5887988901685037,0.45033694049727613,0.08261363636363615
0.0,0.7702422987945938,0.9737673198931944,0.8347579106801645,0.4716814981614107,0.4905954414475431,0.9464829940265754,0.5735892315657123,0.971742937248634,0.5841647919937369,0.5063967400093614,0.09259326660600399
1.0,0.8084743699013758,0.9681628407470654,0.8275655262115021,0.4707071369685492,0.5067074948911763,0.9606241618919904,0.5699504474521119,0.9735570925936892,0.5651596984925521,0.5023443119577018,0.4446663104311396
1.0,0.7900888834774138,0.9627977287473772,0.8180758391757542,0.4732137488679653,0.0,0.9487992197976348,0.5518009023001261,0.9740261188170138,0.5219906760836556,0.488313960957441,0.3324239952751934
0.0,0.8325824911725311,0.959354321651142,0.8224559817251135,0.4722532610447334,0.5159313719997813,0.9911008167743506,0.6965017380371276,0.9750517675573388,0.4837327955346808,0.5699328416400281,0.6260370672441431
0.0,0.8083526117131378,0.9551822988765448,0.7964618178630661,0.47440050821718605,0.524655587855802,0.9957648231190832,0.6901264699356552,0.9725084252467744,0.4419990758963581,0.5660015974645474,0.6763270084601607
1.0,0.7570924144648727,0.949723936942134,0.7620622133470702,0.4751641230520332,0.5664674251607904,0.9493116395494368,0.6240736631905931,0.9709501354078494,0.4091012019727495,0.5637483105514669,0.5099953612688036
1.0,0.7950809691951786,0.943203975204326,0.7156690479341373,0.4742391381267461,0.5147324551328375,0.9781309599491418,0.7231121958435025,0.974774305433501,0.4329067800699423,0.6268026954506941,0.6929380839831234
1.0,0.7881407524656032,0.9364683719110064,0.6548089161085817,0.4742257289475634,0.0,0.9516846789574058,0.595688188743436,0.9752932321397648,0.4320019588883568,0.5229377710834663,0.6651940535883886
1.0,0.8081090953366613,0.9308450854149644,0.5961639271150403,0.4755720653236884,0.5427181247783792,0.9735537190082644,0.6381184823607725,0.9770926377369497,0.4553875303831586,0.5653036582118603,0.798502352499392
1.0,0.8261293071959087,0.9243963345054791,0.5487974808510104,0.4731294410444828,0.6981025742869433,0.9985795454545452,0.6818208712373344,0.9746702867213192,0.4533688080306956,0.5501328792321709,0.8364957699189317
1.0,0.7893583343479847,0.9187923579275138,0.5279477390183017,0.4715986145810401,0.6320022800147962,0.9576733661653134,0.6590193033059684,0.9698930716661368,0.4547200793795288,0.5240053390173258,0.8448013076804131
1.0,0.754291976135395,0.9141342852286456,0.5172591464647174,0.4726213060081457,0.6432797001795987,0.9445634708087841,0.7017898084461207,0.9640068289125427,0.43224539568866177,0.5514084302209274,0.8038479379735367
1.0,0.7456471447704858,0.9116491580071804,0.5039136561757886,0.4721397635478345,0.6481685102969108,0.9329137653990356,0.7849641298720516,0.9576826259678296,0.4062108035189416,0.553262683086693,0.8511850853747434
1.0,0.7307926458054306,0.910006877715552,0.5023851916429312,0.4747857299449927,0.6487122830046188,0.9234065345474024,0.788610309888322,0.9532202726528952,0.3905163733475968,0.5564354630451874,0.8951662333819449
1.0,0.7121636430049922,0.909122678957316,0.5113200086549692,0.4727796747085638,0.6524700316621099,0.9373326191751472,0.6771762443606243,0.9470069114653774,0.3608426420243551,0.5053134967837652,0.9997849051192575
1.0,0.6789236576159746,0.9064245663001554,0.5203852820623304,0.4741909549919445,0.6473236256241237,0.9118907337975359,0.7257673249020042,0.941890162284852,0.3342199602144321,0.5308940457618934,0.906416704770614
1.0,0.723730670887617,0.9039105440944888,0.5262693414466816,0.4738175034854356,0.6849204891031178,0.9354579539367968,0.6787885511426666,0.9364683851123228,0.3033343299950567,0.496055575849937,0.9186607732561082
0.0,0.6985267259223182,0.9015367957098742,0.5360726686832499,0.47140307344468496,0.0,0.9417514729512584,0.6270763996745798,0.930308242831012,0.2769352036912404,0.5147808742570552,0.9330670634609852
0.0,0.6817240959454522,0.9004617870246084,0.5509581787666049,0.4698981344650803,0.6860436875172907,0.9420192822710228,0.7335626063161008,0.9226253177154032,0.2451889911294294,0.5609361254855841,0.9258126095028898
0.0,0.6775843175453551,0.8976710887548175,0.5606132304839913,0.4696507183374383,0.6243411221946561,0.9810791871058164,0.6578951261001401,0.9116645088252592,0.18090980133207674,0.5306990997734774,0.9835085313833032
0.0,0.6674783879215879,0.8948359779003868,0.5664559550093113,0.4727543682581871,0.6486676441092817,0.993404072268426,0.635330227054212,0.9096107307582316,0.1754269054147909,0.5213566452659361,0.640760197775031
1.0,0.6266893948618044,0.8912777990498436,0.5727271458527837,0.473566821968114,0.6008559658238791,0.987083516806106,0.540056208860291,0.9122802984896624,0.1908920018645288,0.4692378292372749,0.8772613320685668
1.0,0.6216973091440401,0.8866337662433167,0.5772970694973227,0.4734553106352681,0.5014980159687958,0.9835378629152948,0.44936765032172143,0.9154264435545432,0.2173346716193912,0.478635112835455,0.8251914086320201
1.0,0.6089126993790334,0.8816944674153225,0.5742828231041099,0.4729531847849434,0.4813810212810404,0.984969469234382,0.3457288662081209,0.9184932588670572,0.24095082205778875,0.4801856930661413,0.3105859805080943
1.0,0.5863874345549737,0.870003661342133,0.5242200629940361,0.4750300310722148,0.4853348067098138,0.9671207139502108,0.24896087567487615,0.9235832023811871,0.2852729479779078,0.4962846234615496,0.3005138033682672
1.0,0.7080238646048946,0.8605608024477455,0.4791244321463751,0.4856599706291367,0.4715113966761211,0.9494285266948488,0.2479550329117665,0.9292281038998867,0.3332730262810032,0.4962180052735194,0.3113365868713946
1.0,0.6666260806039206,0.8489097968657854,0.4135525126050312,0.4862507151688906,0.0,0.9160795365586344,0.19626506915169,0.932594243552734,0.3739224583445876,0.5233123846025852,0.2070654928387748
1.0,0.7488128576646778,0.8447579154447565,0.3783676252868139,0.4888242766278103,0.5151032554803043,0.9851260372631906,0.3220915612750538,0.9390563659002706,0.4309957507983508,0.5183415819295429,0.4772711205372921
1.0,0.7380981370997199,0.8388015131689296,0.3414262535161279,0.4883718181499714,0.4664109654134185,0.9676145339652452,0.2760076917387766,0.9385624086446036,0.4351827704724064,0.5013401425946644,0.4825379992930354
1.0,0.7254352855229514,0.8367443793131989,0.32417440718124635,0.4877047026632877,0.5021288481161812,0.9434439178515012,0.3027364839878708,0.9377682404096196,0.4316417583385007,0.5144667105153115,0.3861240582034449
1.0,0.6889078290515039,0.8353732953903209,0.3170571682821257,0.4878744439984625,0.5507895431034437,0.9432859399684048,0.3594778492715039,0.9359953556388094,0.3950370120240753,0.4889408271962859,0.4439098548255069
1.0,0.6375258736150007,0.8354739769523952,0.3168627658909674,0.4845089165998525,0.54714225427279,0.8763033175355452,0.35488499371348303,0.9346121034885844,0.3877024574037666,0.4853612385664646,0.3163267010808739
1.0,0.5687324972604407,0.8351642368013098,0.31604194320066337,0.4830167888873427,0.5422239962305793,0.8118483412322274,0.2635973670586496,0.9355953591689988,0.3932558934729576,0.4885765986730897,0.16425266041864994
1.0,0.5362230610008525,0.8322976219916217,0.30782048543887364,0.4839842940594003,0.5530278694197416,0.7971563981042658,0.30902300125730353,0.9415157353826179,0.45030684243707103,0.4615479050614511,0.1857030688785309
1.0,0.6391087300620967,0.8272321261125334,0.2627417203518819,0.4885921731486333,0.5486535944559735,0.8620853080568722,0.41487316026921095,0.9477037459044066,0.5011582068114853,0.5067313703978429,0.4287241684625538
1.0,0.6477535614270058,0.8208773270761743,0.2324069197917817,0.4895750681098748,0.5588260403045484,0.8459715639810426,0.28093336291694376,0.9499691887460632,0.5275540350080806,0.4798757617956039,0.21620808900917166
1.0,0.6622427858273471,0.8174249029027344,0.221665541029316,0.490490646017504,0.528125735685293,0.8758293838862561,0.32906589749278936,0.9564414984173392,0.556197954874171,0.5021940222247199,0.3303763845035837
0.0,0.6811153050042618,0.8140550329085824,0.22150421207363472,0.4882248212980453,0.5615601870395378,0.8954186413902058,0.4188299681976189,0.9600342756672562,0.5601424667575234,0.5022804845766878,0.4401510215673503
0.0,0.6579812492390111,0.8119914117048396,0.2017744938549095,0.486994318253571,0.5283286465843274,0.8450236966824644,0.3184453812587826,0.960632915223653,0.557105748742888,0.4257437706394667,0.19395579612088465
0.0,0.6421526847680505,0.8104027525435161,0.18230625397308955,0.4850425906442229,0.5645566244764558,0.8687203791469194,0.3377338954219361,0.9672474372053608,0.5928919954838897,0.44085300522586623,0.16263218563624576
1.0,0.5315962498478023,0.8088056184687328,0.1662163832512877,0.4770946064570362,0.5359229470392014,0.723696682464455,0.3164854670512538,0.975732645387038,0.6584844941934114,0.4210638413527434,0.059322741776508474
1.0,0.6274199439912335,0.8052712252241411,0.11490903072882855,0.4810494113111512,0.5339484016337831,0.8308056872037918,0.4365357591894091,0.9882129146598242,0.7571057542838184,0.4942262067081685,0.06515601783061017
1.0,0.6879337635455984,0.7997072218533982,0.052659354148696685,0.4822367371513659,0.5352439052006699,0.8865718799368092,0.5078692404407964,0.9954380491114628,0.8269286771774136,0.5495213147702578,0.1865141481035523
0.0,0.7047363935224644,0.7960042607709173,0.011684777934674234,0.4838719914145387,0.5187049906006219,0.8977584260603128,0.5591968049700463,0.9993991663093679,0.8981530245380854,0.5455851409179302,0.3336544250451514
0.0,0.7227566053817119,0.7924221844338145,0.01017627345064656,0.484544030847743,0.4827619039686198,0.9571036929527496,0.6387397381850454,1.0,0.930516273621946,0.6327820264204569,0.7126429861529197
0.0,0.7322537440642882,0.7892062832219208,0.013786754486712792,0.4855256002061206,0.5194245848579988,0.9492017416545716,0.7282005768804082,0.9961854005565632,0.9358755720022154,0.6553076933757574,0.7589102950030095
0.0,0.7402897844880066,0.7836351700764134,0.0029588743373571698,0.4862577852756968,0.5246894455189282,0.9482341557813254,0.7610531765401967,0.9899797813143864,0.9038031098608592,0.6392159289748066,0.8457104017722284
0.0,0.7575794472178252,0.7817012453554971,0.013213076292899584,0.4840142570578888,0.5243827432143068,0.9522657635865182,0.7900673027142959,0.98295041460211,0.8741178295681926,0.6560619140187768,0.8321155917755598
0.0,0.7454036283940095,0.779884557474607,0.019516943519139074,0.4817641773367647,0.5247698917770736,0.9998387356877924,0.8999926040973298,0.9772513799062932,0.8652102176390277,0.7178663349292791,0.9860246751828792
0.0,0.720686716181663,0.7802841362504588,0.035510275742358044,0.4802963786584334,0.5802814034961152,0.991174021648626,0.7834775534353966,0.9690057541740388,0.8405178963172133,0.6389752386954207,0.9992632448482957
1.0,0.6544502617801047,0.7807953337775516,0.04732095604119496,0.4786563954256348,0.5812255720179657,0.9978806075591664,0.7515864211226979,0.9648775389071332,0.8352981774489907,0.6682315969669332,0.9735161352285808
1.0,0.5455984414951907,0.7816047610295692,0.06978663982859554,0.4736327417972825,0.4720314026069407,0.96266416510319,0.6826640041417056,0.9595069499448194,0.8104114048638955,0.6610562481027852,0.8525478030919451
1.0,0.5698283209545842,0.7819195226522345,0.09163274273470433,0.4718308821985212,0.5009502918501983,0.9919157736416618,0.7504696398195396,0.9558758349414151,0.8034206338065615,0.6732771537196911,0.948975378103545
1.0,0.4635334226226713,0.7804378822637371,0.10175767757513468,0.4674237341534077,0.4654847289774696,0.9268292682926826,0.7357961689224166,0.948230423414357,0.7579873497641254,0.6660294058782708,0.8235946936457946
1.0,0.4092292706684525,0.780799834534012,0.11815373816753225,0.4666474701314204,0.4747930417853884,0.865026870607689,0.8249833592189929,0.9428734556706851,0.7246886815366796,0.6708379634753469,0.8505908452936114
1.0,0.4122732253744065,0.7811523647323791,0.13401013685802546,0.4668264991042909,0.4683199788844469,0.8865233567589914,0.8578433547814517,0.9380143071680124,0.6852793304497611,0.7172561088782302,0.9754141627415956
1.0,0.40119323024473397,0.7802342746595222,0.14745862100541715,0.4696365754297206,0.4693381616882196,0.8737081438610997,0.8110568744915314,0.9323978495691684,0.6747844083878811,0.6460043760950248,0.997576621525302
1.0,0.3684402776086693,0.7792685408663188,0.14472669136701602,0.466999787911121,0.4702048376469245,0.8145928069450186,0.7811404481917017,0.9270609228900372,0.6934228214586755,0.6320519520935812,0.9417225150194116
1.0,0.355290393278948,0.7776297657516352,0.1372210461542783,0.4695739716067003,0.4714167621314662,0.8052914427449359,0.7301235115745879,0.9218874842447646,0.6776321097256499,0.6232145252307764,0.9164768907107396
1.0,0.3466455619140387,0.7773787444065482,0.1397283340893228,0.4689090247152592,0.4735937227372563,0.7674658949979329,0.6981732120405298,0.915791474032268,0.6475725670804928,0.6058514823166734,0.8623578832016805
1.0,0.3203457932545962,0.7780863009806309,0.1583081748407247,0.470287730994005,0.4712347253012256,0.7585779247622984,0.7329117668811477,0.90888145549624,0.5835942015669809,0.6268816111946875,0.7867677275010263
1.0,0.3059783270424936,0.7807040236435344,0.18209534381821527,0.4690089571691118,0.4798229665529062,0.7699462587846219,0.7947563050070265,0.9016002129805992,0.5376769947051877,0.6213766628437476,0.8398931555636728
1.0,0.3018385486423961,0.7825552859911326,0.19517537283467148,0.46863248498421,0.4716482824976728,0.7939231087226126,0.8369425338362545,0.8938390085606294,0.4745837397075599,0.597019997389189,0.8827748360072696
0.0,0.3002556921953001,0.781746377083767,0.19355876732558588,0.4684884224600329,0.4685871342893158,0.8057048367093839,0.8278529694549224,0.8833824330015678,0.3850362290046143,0.5932183241050552,0.8544582968795561
0.0,0.3487154511140875,0.7795402888361861,0.18321422942302487,0.4688475411036822,0.4770358693900991,0.8489045059942124,0.9530729975593524,0.8746893230241715,0.31506224766218105,0.6067634599709493,0.90215108508878
0.0,0.3107268963837818,0.7747296601801251,0.1573148753455926,0.4657063173523408,0.4742978665108947,0.7761471682513436,0.8252348199097705,0.865041096755385,0.2586108732947794,0.5667346229152864,0.9713827881987004
1.0,0.33690490685498586,0.772185432928829,0.1499352628632595,0.4679941091677712,0.4890171836278246,0.7666391070690366,0.7544190518452782,0.8606649628885201,0.2377725153455347,0.5582141075024853,0.9754761335564596
1.0,0.3165712894192133,0.7696743911462661,0.1434126896818296,0.4699476755565057,0.5065070944040311,0.7482430756510954,0.7356112713556692,0.8562574872527657,0.21275711436046288,0.5500945643765001,0.890476383211236
1.0,0.2749299890417629,0.7695751822098068,0.15453761085998555,0.4663067532951759,0.5046875385372821,0.6701116163704008,0.6560757340433402,0.8521796049752639,0.1808000604998881,0.5533218393064963,0.7218197272028172
1.0,0.26859856325337883,0.7687987420567776,0.15783667971107704,0.4657421807850658,0.5058747105389627,0.6732120711037618,0.7007100066563129,0.8514036892617283,0.1723124491739088,0.5912307212411785,0.8827255433682767
1.0,0.2868622914891027,0.7681034778853858,0.1380787804336667,0.4636468293805928,0.5055918685472605,0.6878875568416702,0.693669107314548,0.8484702999452769,0.1487389808408771,0.5843936395829128,0.8847290241631928
1.0,0.2879581151832461,0.7670644704156725,0.12678334417188455,0.4637432816744347,0.5028225759458936,0.6849937990905333,0.6523851786110492,0.8454462041995818,0.12641718800135465,0.5475174605900363,0.931335249119682
1.0,0.2654328503591866,0.7650576839406037,0.100128567554747,0.4654550761573917,0.5082911999049033,0.6533691608102522,0.5765032172176615,0.8399989993318668,0.09430049317434892,0.5475044127153441,0.9215298687567512
1.0,0.284061853159625,0.7619506828694383,0.09479947804547993,0.467118456516782,0.5244956676079016,0.6399338569656883,0.6138451297980918,0.8371562607982048,0.08198909451940589,0.5699026929339495,0.8554715333164777
1.0,0.2642152684768051,0.7613615058661508,0.10430188265337678,0.4652585340252305,0.5133424231911977,0.5638693675072345,0.4292212114488571,0.8350217057710052,0.0704896720786401,0.5021915594353031,0.5836991748454259
1.0,0.23888956532326805,0.7629970413867885,0.13074073589652815,0.4630448568406026,0.5072285209559746,0.600454733360893,0.3809703424302936,0.8385700291026337,0.08486280859679074,0.476582722861989,0.5874704491725764
1.0,0.2487519785705588,0.764284817760683,0.1558718675375992,0.4639586068279571,0.5045315141714073,0.6260851591566762,0.4386435914503368,0.8392658506746571,0.08202002779702383,0.4592191909199774,0.6950723660648456
1.0,0.2670157068062827,0.7637143899663242,0.1716485354900498,0.4655804543090292,0.4957445924858646,0.6087226126498552,0.4665113527105982,0.8349270532899362,0.042016122367831865,0.4771991427285857,0.6630290517622774
0.0,0.3002556921953001,0.7617349834398516,0.17431132792407186,0.4685394500634546,0.5013202424703651,0.6940884663083919,0.5732564159455661,0.8339710482938059,0.03675345886348708,0.4908034966691314,0.7838287652474358
0.0,0.3110921709484963,0.7609348271248092,0.18302807612381108,0.4695237157588711,0.5131913758379999,0.6781727986771391,0.4273056726573482,0.8311139455407304,0.013448029185500364,0.4636253599953506,0.7803948005983109
1.0,0.2620236210885182,0.7578824205428397,0.16319132721059,0.4650513129672659,0.5202926735103622,0.5946672178586192,0.3673249020042897,0.8306379964024624,0.01970395269747266,0.47839828701739295,0.5742227671861407
1.0,0.2660416413003774,0.754864978528803,0.14489631821651092,0.4653999801285152,0.5172695293206566,0.5624224886316659,0.30201908142888834,0.8299561332870204,0.0,0.489900365185132,0.4548690768135429
1.0,0.27480823085352485,0.7518714284899614,0.1215306210359338,0.4662125686593508,0.5132944108831078,0.5303844563869368,0.2515124620959988,0.8333949697766576,0.010952593130705124,0.5098384693197302,0.3312960859610222
1.0,0.2650675757944721,0.7503145916494297,0.1055301175829446,0.4652819916030181,0.5094798764273991,0.5099214551467547,0.1561570889727088,0.8392476771894204,0.0351752625898471,0.5275275249401644,0.29006031562422474
1.0,0.2225739680993547,0.7478875784775815,0.0864212805056346,0.4610508385618192,0.5096308051087658,0.43675072343943777,0.0,0.8454555801739461,0.06043861289644802,0.4532209385115417,0.03703982874544067
1.0,0.2829660294654815,0.7454294520543688,0.07164269075668869,0.4633052484684753,0.5125927253028133,0.4634146341463413,0.07221359366910696,0.8559028663829801,0.10755230595308383,0.4363354551575525,0.0009082217973226717
1.0,0.3103616218190673,0.74291742957524,0.05459940172513275,0.4622997520255005,0.5129949223154957,0.4929723026043819,0.1309814362842982,0.8645243302884129,0.14250466704533832,0.4094945963180941,0.0862495860209112
1.0,0.2948983319128212,0.742394297041714,0.05183255830309797,0.4645068226957105,0.5125632122684715,0.4700289375775113,0.07996449966718439,0.8714924588387303,0.1910563831390304,0.4308184462664726,0.045740260129914605
1.0,0.2941677827833922,0.7428898083860073,0.05747619682961073,0.464442241065926,0.5182416026379786,0.4565936337329473,0.11587900303231975,0.8804721087532108,0.2503516402644739,0.4023566134467396,0.01328732221756342
0.0,0.3018385486423961,0.7423943547099724,0.05708399652987343,0.465204987689521,0.5133691861411261,0.4787102108309218,0.12881443680201116,0.8886889897829133,0.3047879842281779,0.4078952861010608,0.04418357145160709
0.0,0.3270424936076951,0.7406692889042841,0.047618545262691915,0.464000180711264,0.5190419810244168,0.4935923935510541,0.13382885881221795,0.8979944140117571,0.34813892122925083,0.410182159107548,0.06113135743541754
0.0,0.3701448922440033,0.7391731555765203,0.03480139941973229,0.464597302958543,0.5221895678476292,0.5217031831335261,0.1684860587234676,0.907676921446104,0.3893197828435302,0.4265211788022129,0.10060926584359263
0.0,0.37051016680871773,0.7394476409940262,0.03617319509907377,0.4645534351420378,0.5184959956373723,0.5411326994625878,0.2071592337844831,0.91460482992724,0.4100124390849291,0.3964688224632563,0.1780092551233719
0.0,0.33812248873736755,0.7414970595555918,0.04912192623781866,0.4650555902022305,0.5260250998743278,0.5159156676312525,0.19076991346793928,0.920137918157129,0.4138841267096592,0.3733479584156051,0.036448748414301714
0.0,0.3686837939851454,0.7436404878222179,0.06542596263077402,0.4679843595470888,0.5143935605807274,0.5777180653162463,0.2889505214111381,0.929280400833388,0.4502574690089365,0.3759303420394178,0.17973777348777348
0.0,0.3610130281261414,0.7486147364680545,0.10071538383822573,0.4671761357418939,0.5094982380836487,0.5814386109962795,0.33863619554766605,0.9353244032554956,0.4756162816417734,0.4060632860863012,0.3299549549549543
0.0,0.30768294167782784,0.7549145410077852,0.150908524147135,0.4619865304329232,0.5113501214807789,0.6138900372054567,0.3381480659714513,0.9383504048901591,0.5108852909125837,0.4050355454066487,0.3069095881595875
0.0,0.2692073541945694,0.7593127738324142,0.1825178175078772,0.4621430517148299,0.5132433404168831,0.5977676725919799,0.3433325937430667,0.9423097861275632,0.5318405175834011,0.4086371047375167,0.2005509974259981
0.0,0.2817484475831,0.7587728460897393,0.18482758714621614,0.4632886833068806,0.510666284321552,0.5824720959073997,0.2669846904814732,0.9478640005749116,0.5713986829908555,0.35935914387148205,0.025619369369370724
0.0,0.3602824789967124,0.7576932066504337,0.1791098987900359,0.4667253561129726,0.5088662893338178,0.6897478296816864,0.446490644183122,0.9584673569295374,0.6354690214293552,0.4751096556358057,0.2700783421784172
0.0,0.3429928162668938,0.7554941363869442,0.17506025947631546,0.46506406805022,0.502173613994114,0.6920214964861512,0.4447008357370017,0.9619795705381846,0.6693595860920043,0.4733131311011958,0.2508264570372482
0.0,0.37830269085596,0.755542096269287,0.1873908946505817,0.4645863870864986,0.5008032488599187,0.7007027697395617,0.4887064566230309,0.9671294106476818,0.7111562743743107,0.4756605572517622,0.07945729568882845
0.0,0.3841470838913917,0.751065782546167,0.16777621005270565,0.4649459108012591,0.4741107723842854,0.7505167424555601,0.4855705938909846,0.9713214118514396,0.7628789460077359,0.4723610716342165,0.15756845796875402
0.0,0.5354925118714233,0.74827385006362,0.1559537986715349,0.4745779497051643,0.0,0.9086399338569656,0.5866577915834625,0.9752402612925511,0.8135532733047379,0.5566430795231213,0.5391184573002739
0.0,0.5790819432606844,0.7464175741289821,0.15637214669729246,0.4782060616285042,0.4927990456228966,0.9884249689954526,0.6574735596479548,0.9750037360267972,0.8394348380337244,0.6231579688263259,0.7759543486816206
0.0,0.5189333982710337,0.7478409907337976,0.18103377851998534,0.4760331531711292,0.4981120741413793,0.9842584921292457,0.618038606611937,0.9713988690818188,0.8250225646647342,0.6113639347127645,0.6941106400868854
0.0,0.48544989650554,0.7479772271309933,0.2011236023860852,0.4770643828988947,0.0,0.9390673575129532,0.6686709562902153,0.969118865965172,0.8176933839555965,0.6602203586592442,0.6614231160004196
0.0,0.524412516741751,0.7435280949271438,0.1845639315414829,0.4767214461801608,0.4793203962370852,0.9846157727751529,0.713578877301975,0.9646939848200328,0.7929329454279495,0.6961903104313172,0.8513124721933852
0.0,0.5342749299890417,0.7410667404870871,0.18253114694557215,0.4778783532474287,0.4830518384919594,0.9545495640399732,0.7708453516751724,0.95858638457363,0.7724165449227303,0.7357706982580559,0.8047802500196558
1.0,0.4863022038232071,0.7381849745917949,0.17340757508056084,0.4769838003833924,0.0,0.9490829806335772,0.8204200872716518,0.9527090715633622,0.7515679650025702,0.7237981299003231,0.8399103040429139
1.0,0.511384390600268,0.7378190504137631,0.17655473452452514,0.4792867409989502,0.4970983273230185,0.9410933587319206,0.8268619184971522,0.948652425308146,0.7474753709964279,0.6852986038760843,0.867078379314325
1.0,0.4990868135882138,0.7387566747940549,0.1924660649478097,0.4780436332181181,0.4970494623196948,0.961941415437246,0.8073663190592409,0.9445955063348932,0.7393558643255029,0.628954903970663,0.9296988990582298
1.0,0.4013149884329721,0.7377468245543036,0.1965558526793588,0.4732407638262221,0.5001188464157659,0.9406948439920336,0.8225057318245693,0.9396890701685016,0.7347119258130155,0.6383583639466672,0.9797005939305192
1.0,0.4632899062461949,0.7395534395525082,0.22139617404483072,0.4786710735915879,0.4242952945856995,0.9387032529320644,0.7601360846091261,0.935454382072444,0.7502002745064351,0.6232223505963187,0.8838075810245403
1.0,0.4193352002922197,0.7409880899659723,0.2394452078202165,0.4745939065483409,0.4234494351508615,0.9637087851294532,0.6648546705125362,0.9312307901631836,0.7570928333860463,0.5337027713136232,0.8809766657646587
1.0,0.3509070985023742,0.7453795835202485,0.2762503486975114,0.4725769275291469,0.4531710836192845,0.953086966142952,0.7661637452851127,0.9271285400807516,0.7668124868874411,0.5457876060810919,0.8966299619075376
1.0,0.3691708267380981,0.7457135862141461,0.2855780118451694,0.4703134651512813,0.4910248391079478,0.974467610658936,0.7417942459877228,0.9190532726794192,0.7337204207802088,0.5753120792485822,0.9984071133089248
1.0,0.35833434798490194,0.7455963406391658,0.2996042727041073,0.4695461104984029,0.4769267612935053,0.9276396476753259,0.7234524073663189,0.9130318330052992,0.7265570214615833,0.566523466788941,0.951028817454238
0.0,0.3162060148544989,0.7464335247430588,0.3205543214964328,0.4660876286780266,0.4773527624317693,0.9539525030661168,0.7308039346202206,0.9070424114215332,0.7104099089981188,0.5740219342627292,1.0
1.0,0.3075611834895896,0.7477841246020609,0.35026500711188696,0.4691337416702156,0.4613291462862883,0.9423570074701748,0.7444937504622443,0.9006595985613328,0.6949860362815032,0.5830675169226079,0.9333352229245216
1.0,0.3173018385486425,0.7459536843500923,0.3527273908927512,0.4661830608060861,0.4769799133382414,0.9519455903668192,0.7426891502107833,0.8947728562089696,0.6888081236410104,0.5807904778551318,0.9813017960893028
1.0,0.3020820650188724,0.7452628911626394,0.3622202324241851,0.4687272419503323,0.4579550187737184,0.9249637640762624,0.7303601804600252,0.8890208702303108,0.6853363033573627,0.5746729632740272,0.9100743337160808
0.0,0.3103616218190673,0.7440883360717421,0.366862677820285,0.4693417988842328,0.0,0.9827182517560484,0.7643221655203019,0.8822572588595003,0.6735033990550527,0.5524728126281357,0.9902909904868488
0.0,0.32083282600754903,0.7396884533911071,0.3475116272383049,0.4701625625690468,0.42960843668224996,0.9742446203590144,0.8203757118556321,0.8741773368154366,0.6324712416038769,0.5829905688356279,0.9531652580124736
0.0,0.3671009375380493,0.7342731142893287,0.3218263306437349,0.4738632152579419,0.3983534577324644,0.9715310468504816,0.7930404555876052,0.8665053140425802,0.6031238902059971,0.6206796875431759,0.8918802075145426
0.0,0.36259588457323744,0.7287204768940602,0.28876201673294605,0.4734831529998149,0.5207200687314174,0.9861458096752213,0.7806301309074775,0.8616540041520422,0.595967828955443,0.604200032592397,0.9369595975475556
1.0,0.3535857786436139,0.7244924259402031,0.26804265980471964,0.4728639763325176,0.4688058753224216,0.9379968203497614,0.6876266548332226,0.8555755407754102,0.6021609191287939,0.5859200167891484,0.9704022569191108
1.0,0.3834165347619627,0.7195812627233004,0.2398495558906246,0.4715595124096208,0.4915789064192033,0.9427662957074722,0.6708897270911915,0.8514465848677804,0.6144179052108758,0.622570703738807,0.9316357799503854
1.0,0.35991720443199793,0.7143023676452149,0.21410517130555165,0.4697902718829494,0.485508264614465,0.8803088803088801,0.5838769321795722,0.8461853456884032,0.6188271144012567,0.6123009738423506,0.6840799649788403
1.0,0.3582125897966639,0.7123634471399892,0.2124620441196833,0.4697532150139193,0.4920463142123818,0.8362480127186008,0.5562088602913983,0.8442159964577078,0.6497263651555003,0.5921101929412425,0.5251228172576485
1.0,0.3403141361256543,0.7112905168866902,0.222901935575622,0.468185577801157,0.481383059875928,0.8505564387917326,0.5484283706826418,0.8446077320928074,0.679297805871445,0.6341072507452844,0.5130113332360532
1.0,0.36210885182028507,0.7122814032213342,0.2409578318040468,0.4699487890110116,0.4757814766557074,0.8946173063820122,0.5671178167295315,0.8459205816643038,0.7065752197495309,0.6502409881771394,0.65491998638066
1.0,0.33958358699622554,0.7086143440981595,0.22330930658670756,0.4718070960289778,0.4769888028998793,0.8800817624347036,0.5340803195029956,0.8447595283257596,0.7173942151001944,0.6717813023515972,0.5833211732088142
0.0,0.4044807013271643,0.7038268201692911,0.20717118577473856,0.4734591392641197,0.0,0.9057460822166704,0.5745506989128029,0.8431337143024984,0.7434268879578344,0.6573904725117052,0.6496181720900832
0.0,0.463289906246195,0.6985147790676348,0.18672565458901344,0.4744901926617293,0.4744476970340722,0.9800136270724504,0.7131499149471191,0.8405364801847419,0.774798004167746,0.7426625532006522,0.959628386594678
0.0,0.40691586509192745,0.6963544802361162,0.19681843470336285,0.473794292427194,0.46612088771165794,0.9069498960978992,0.5955180829820281,0.8328772745362567,0.7568378501405033,0.6925557354826936,0.8860370296103192
0.0,0.3990015828564471,0.6936051039578167,0.19123054135417605,0.4730672940841738,0.4423595253320562,0.9122604479335028,0.6255380519192371,0.8304208940963862,0.7626891938005433,0.6811072320139945,0.9600628300247316
0.0,0.4324850846219408,0.6912441125595944,0.19752684607830004,0.4759434611110139,0.4648177762116352,0.9057954283075502,0.5983433178019376,0.8260905752781096,0.7592585837042689,0.7017671872999766,0.8817749492971524
1.0,0.4128820163155972,0.6872532546163658,0.18621970073690436,0.4779401320275409,0.49099904315195203,0.8997921957977375,0.6128097034243032,0.822833058849679,0.7759377750307401,0.6728157387538778,0.9362141408287464
1.0,0.4003409229270668,0.6831385089646171,0.1685682487280444,0.4770844189067901,0.5000074917085389,0.8436850611867929,0.5701575327268694,0.8190197301552955,0.7847695360901157,0.6312405310887711,0.7672060753051562
1.0,0.43625958845732377,0.6781108917755697,0.1490630300516644,0.4802485625693837,0.5083009426792099,0.8365273608866314,0.5707196213297836,0.8161105788631888,0.7804093036528299,0.6320004920234938,0.7905848674008985
1.0,0.4373554121514672,0.6719257725478246,0.11319057348304387,0.480367957047725,0.4983280937060903,0.8316785961671671,0.6213297833000516,0.8129332774717672,0.7790900962639051,0.6822286083862201,0.7314222098524905
1.0,0.4771703397053452,0.6663807321755933,0.09003274703958182,0.4801628884227676,0.5070749709170008,0.8376818286769802,0.6085644552917681,0.8094334309754299,0.7703770670617154,0.6713719465247588,0.6533736233151753
1.0,0.4696213320345793,0.6638513547810773,0.0785056761742178,0.4799241289457171,0.5106237083568811,0.7688755483722005,0.5488869166481769,0.8089868413648118,0.8059440346547709,0.6071071068235205,0.3633258618849397
1.0,0.4277365152806526,0.6655369966212471,0.10486317786242563,0.4758674187218395,0.5049826592944309,0.784576310320942,0.4929738924635749,0.8108468727976899,0.8513247668957573,0.52829349904442,0.3682712491550128
1.0,0.3948618044563497,0.6660254067416819,0.11614219783735948,0.4766104562118632,0.4928298536179704,0.7815746940660356,0.5655129058501587,0.8130328089626107,0.9062476357432052,0.569397939384487,0.5095883587718352
1.0,0.4529404602459514,0.6674017293458793,0.13623953366860822,0.4779180538804764,0.5024662972052559,0.7986608173631954,0.6181051697359664,0.8117741825237106,0.9504725168740636,0.5930165694712118,0.6802220087522673
1.0,0.4060635577742603,0.6700662369688669,0.16407796509574674,0.4736000738751424,0.499329606971495,0.8326021703994457,0.6554322905110566,0.8088814027625209,0.9609695721602602,0.5826900991314816,0.7125630571487787
0.0,0.33836600511384385,0.674515203125074,0.2022347545160944,0.4717361795853566,0.5053043886190215,0.8111290694989611,0.7017528289327717,0.8051359488162293,0.9653627082654632,0.5819447703814165,0.7861860908224834
0.0,0.3512723730670887,0.6751219218192973,0.211250574843808,0.4727797814641319,0.5114955952027823,0.8044331563149388,0.7108128097034248,0.7992627639742649,0.9304957851268424,0.5901282507606921,0.7383639509020521
0.0,0.34883720930232565,0.6743889281572718,0.21137540064365315,0.4726125625664554,0.4963533525916418,0.7908104363888249,0.7999186450706313,0.7954739546740901,0.9389621822957824,0.6028244236154822,0.7998795798675384
0.0,0.33057348106660184,0.6755758965280828,0.22444483979033755,0.4710720613147276,0.4997802061439341,0.818979450473332,0.7876636343465724,0.7921003899311554,0.9563260911480138,0.5733965259571362,0.8835617845913568
1.0,0.3102398636308292,0.6766821598562377,0.23662400111417325,0.4731688394520815,0.5136919780361456,0.8106672823828217,0.7625101693661709,0.7877437891863956,0.9969462185040529,0.5272149503642243,0.9148599494461678
1.0,0.29903811031291844,0.6772215306618651,0.2403106073811071,0.4723142898484111,0.5026935076584095,0.7813438005079658,0.81213667628134,0.7799557882082382,1.0,0.5581244195644273,1.0
1.0,0.2583708754413733,0.6777302758598535,0.25032268419862114,0.4728275761411993,0.4961617295098048,0.7467097667975063,0.8544782190666376,0.7714321997123585,0.981718252016592,0.583751933567645,0.8772865527138758
1.0,0.2437598928527943,0.6776803017829479,0.2581188460895866,0.4753961466835285,0.500146175763306,0.7439390441006698,0.8740551734339176,0.7670314138677989,0.9575960168657374,0.613947009105651,0.9504410212370052
1.0,0.20491903080482166,0.6766625735738244,0.2615327552980776,0.4721226776354683,0.5017955221795344,0.6374971138305243,0.7888617705790995,0.7616542934730803,0.9250367284863056,0.5573360206626112,0.9559843400447432
1.0,0.19883112139291367,0.6751297691524559,0.2560811749820602,0.475346412393053,0.4919745656333754,0.635880858924036,0.8516012129280381,0.756325821948107,0.9077656822167957,0.5330125410979605,0.95909768829232
1.0,0.1905515645927188,0.6737901302276684,0.24976561566650196,0.4746275983810893,0.4938064614861634,0.6116370353267144,0.8640115376081652,0.7486278126108361,0.8637121442328562,0.5393669653842977,0.9592917362975756
1.0,0.21368562035796906,0.6681651088877082,0.21941870801378116,0.4727930919002674,0.4926755241949846,0.6287231586238743,0.8499223430219658,0.7412936716016005,0.8288301003609693,0.5829639819407041,0.9445706667668092
1.0,0.27639108730062106,0.6624328639857112,0.1827327286528939,0.4779521117918019,0.4916592353417089,0.6130223966751329,0.8843354781451074,0.7349592284097948,0.7969430607377048,0.5448887782496776,0.9847683274228232
1.0,0.2616583465238037,0.6567610798236544,0.1557364626933049,0.4767192467494333,0.4926039399725729,0.5765412145001155,0.7832260927446199,0.7272739503101866,0.7740954592870397,0.5310378322515632,0.8373561792821846
1.0,0.2741994399123341,0.6553850851311643,0.15027269339087904,0.4777579075292377,0.4915928704309007,0.5760794273839759,0.7847348568892836,0.7223695172356823,0.7802109998505571,0.5318526072391608,0.8328340552195239
1.0,0.2722513089005236,0.6563027734160299,0.1685136457099284,0.4813036683415477,0.4924892293337961,0.5733087046871393,0.7957547518674658,0.7150142981080749,0.7745053560174604,0.5375803261028925,0.8116926482092777
1.0,0.2651893339827102,0.658643619069523,0.18943325356068733,0.4807492461624303,0.4943748860081459,0.6273377972754559,0.9046372309740408,0.7071164467757621,0.7370156060807775,0.5643058236249588,0.9585948978228932
1.0,0.24083769633507854,0.6605174506132988,0.2013272556452272,0.4824553265213861,0.4913341500202019,0.6033248672362042,0.8748613268249394,0.6949194804357028,0.6741932421714039,0.5530704776593676,0.9824309721652952
0.0,0.2475343966881773,0.6588555095436571,0.18453644121165344,0.4792977496575685,0.4918608054473527,0.6090972061879474,0.8979809185711116,0.6823138580319159,0.5671689739667771,0.5646605876845664,0.993641640571298
0.0,0.2746864726652866,0.656348395010757,0.16696334443167465,0.4815132542315258,0.4908765581764431,0.6074809512814592,0.9845203757118558,0.6725138654778648,0.5167147170918793,0.6036185309034658,0.9712132279699844
0.0,0.2722513089005234,0.6531490399855456,0.1574573104192463,0.4813120347351208,0.4908787814641758,0.5984761025167397,0.8161896309444565,0.6630622474172148,0.4696198548321775,0.5124633293131329,0.962203860305984
1.0,0.280165591136004,0.650858502658726,0.15936440154162826,0.4819626916466478,0.4866076251915635,0.5848533825906258,0.8031876340507358,0.6574659664555011,0.4727883923082806,0.5082963553221135,0.9848906208484638
1.0,0.2323146231584074,0.650698890380717,0.17144375300415912,0.4777511058571258,0.4887874655018839,0.4696374971138304,0.7343317801937725,0.6495661192653437,0.4553438322773919,0.4808275601150728,0.8
1.0,0.20686716181663228,0.6515672276573222,0.1652402774258633,0.4756791741073557,0.4852759907381201,0.4855691526206421,0.7708083721618224,0.6448676195969316,0.4396736675124479,0.5089784232221323,0.8900516913031652
1.0,0.2102763910873006,0.6534041009400392,0.15360318908549722,0.4759437959096055,0.4947488052745485,0.4788732394366198,0.8330227054211969,0.6352369636452586,0.4073283242858366,0.4950439065982821,0.9793597533327294
1.0,0.1680262997686594,0.6544861535119172,0.13127828167488362,0.4758503208590753,0.4946892757472927,0.4072962364350035,0.9046963981954,0.6242545259812617,0.3546704965599685,0.5306200806673516,0.983891658114646
1.0,0.06928040910751246,0.6558419235653973,0.12876485594573225,0.470118805947739,0.5032453483634164,0.25860078503809725,0.7578729383921305,0.6167622577097298,0.3296019351605704,0.4971696802356238,0.7811755509231684
1.0,0.09436259588457308,0.6604026932323449,0.15553322435020064,0.468722502552878,0.4902463120055631,0.2900023089355805,0.6994674950077657,0.6170666911629206,0.3425946631016312,0.4532293035576046,0.786982578916021
1.0,0.07841227322537439,0.663047944003916,0.16839080603029635,0.4678864897293831,0.4827456502808563,0.3481874855691527,0.7362473189852822,0.6178857213472506,0.3424877869187598,0.4754140561893678,0.9670562835020842
1.0,0.05430415195421887,0.6656798486109688,0.19068447456025908,0.465314271499,0.4771282979680837,0.2833063957515585,0.5894904223060425,0.6132602937095553,0.2987735330689682,0.4468572987343766,0.9601777699551176
1.0,0.03530987458906601,0.6620135799105672,0.1724161102419379,0.4632719453363468,0.4931769050479113,0.2380512583698913,0.5890318763405075,0.6121686292351649,0.2928050813576341,0.4469243428916176,0.9050779510022272
0.0,0.1223669791793498,0.6583093892585646,0.1634660478660779,0.4673768610666212,0.4889031629534072,0.2740706534287692,0.5354929369129501,0.6111303390701976,0.3036599262867288,0.4185667279781891,0.9300445434298444
1.0,0.13600389626202367,0.6542417355900804,0.14935397680782414,0.4685589953747744,0.4879160075703121,0.2719926114061419,0.4436358257525331,0.6103766447847874,0.3287090374246249,0.4258950706479193,0.8232770883942837
1.0,0.16218190673322774,0.653531076974961,0.15294474784444875,0.467302855385311,0.4868362947782767,0.3089355806972985,0.4760150876414465,0.6090479232256021,0.3047205125114624,0.4406289133486939,0.8384339136544614
0.0,0.16814805795689747,0.6540394866364897,0.1712154939389772,0.4677950021752475,0.4944819526991596,0.301546986839067,0.5112417720582796,0.6039779595566563,0.24493082083815004,0.457308940901581,0.7979168621563288
0.0,0.1557287227566055,0.6550566276127857,0.18654163086807304,0.4703918103137245,0.4770492313875134,0.2962364350034635,0.5054359884623918,0.5975368616077403,0.16353532178382027,0.4545951107433999,0.749160176409871
1.0,0.1255326920735418,0.6571101189919121,0.2133891812261373,0.4710805157514891,0.4853071042335002,0.2419764488570767,0.4855927815989942,0.5944928160487617,0.1391766879082536,0.44483597019264093,0.6173594820305899
0.0,0.1361256544502617,0.6575977492970718,0.21388160997886327,0.4721896206384684,0.4800374021617284,0.275917801893327,0.3702906589749277,0.5936033513222354,0.1428485156942838,0.4445954196707744,0.5833911982734351
1.0,0.14270059661512235,0.6577724832762811,0.2126268892346673,0.4726009440580629,0.4559957625111232,0.24590163934426215,0.3334368759707121,0.5971903389877982,0.1855177773398051,0.4247663594191852,0.4812799099183637
1.0,0.07707293315475464,0.6564195534564335,0.1962551088233584,0.4654504368737248,0.4800999936959892,0.11914107596398055,0.09010428222764556,0.5991816563492591,0.18823969347952152,0.3530415974934084,0.14768271219933976
1.0,0.16059905028613175,0.6591023655758461,0.21375310212279292,0.4699761670759614,0.4629212902246058,0.2368967905795427,0.2834109903113675,0.6071203277230974,0.2265357764330248,0.3919198943865884,0.401064709380757
1.0,0.10690368927310348,0.6601066170601685,0.22152345476237725,0.4686417095075418,0.4528674858026069,0.20410990533364096,0.3134235633459063,0.6067192613698198,0.2293892681090463,0.4086907176547804,0.3682530933143797
1.0,0.11627906976744184,0.6612403391857652,0.2294639641102309,0.469358574341326,0.4442654495705276,0.18425305933964425,0.267176983950891,0.6065614444501006,0.24945968211772346,0.4359746232685392,0.3365729122847736
1.0,0.13527334713259467,0.6651423817640884,0.2544801837721397,0.4710850605410286,0.5394297772353126,0.1766335719233432,0.3460468900229274,0.6086492484621975,0.2633254843543303,0.4306056966362977,0.3370515963387923
0.0,0.02496042858882258,0.6682641294412578,0.2693166031470321,0.4648347306277392,1.0,0.12468252135765395,0.31884476000295825,0.6086633298410613,0.2319569387681427,0.4650454058630686,0.2864561423867476
1.0,0.0,0.6735490670762122,0.2999502500460426,0.4610295526441146,0.4284885742657197,0.002101821578701621,0.23359218992678046,0.6121933629080699,0.23141064220387844,0.4021409561916625,0.002117313785903468
1.0,0.046146353342262185,0.6741797929626759,0.2937492681999813,0.46599407039303703,0.4749279227485546,0.02743205486410969,0.28338140670068784,0.6220990870305123,0.230466103257186,0.4243841225639508,0.02091396975117926
1.0,0.05588700840131505,0.6764536774981961,0.30308292556649963,0.4632345254947226,0.4483396811852276,0.03327406654813316,0.3807410694475261,0.6319376923965894,0.25702330183140554,0.4294914113646137,0.08375625572707363
1.0,0.06538414708389129,0.6766912970914242,0.2987383808868449,0.4642795877063838,0.4599317364611881,0.059690119380238625,0.3949633902817839,0.6416987176336735,0.2747716734936171,0.4372514644957389,0.046088991084755136
0.0,0.12991598685011554,0.6766238850859433,0.2945846776605271,0.4669099130467342,0.4788475122838894,0.13792227584455152,0.3688558538569631,0.6517141989117088,0.327495680114992,0.4269861141844147,0.12978102189780946
0.0,0.12723730670887606,0.6781881882014226,0.30932333132555834,0.4664840342666662,0.4766198648757709,0.11049022098044184,0.3349530360180457,0.6566438094747775,0.3370472867308489,0.4560946712659299,0.0581995133819942
0.0,0.0961889687081457,0.6801564160730269,0.3321787632963583,0.463870466693562,0.4803931279687405,0.12496824993649995,0.4831373419125807,0.6608862865866267,0.3300213485399396,0.4905655001739478,0.25577517288734153
0.0,0.15694630463898698,0.6821620181131055,0.3541860020526717,0.4660378221376099,0.492916836090253,0.20548641097282208,0.539997041638932,0.6613114919002092,0.32017349182169696,0.5226190050732307,0.4588013144342538
0.0,0.17715816388652136,0.6814384812247994,0.3544585006604024,0.4642734929598113,0.4873012041250627,0.22733045466090945,0.569255232601139,0.6630380124654864,0.3425288043185037,0.4888779390122708,0.4823924665260678
0.0,0.16997443078046992,0.6822488606507605,0.3579985029442657,0.4635206489271146,0.4876524166720935,0.20675641351282711,0.4277864063308928,0.6654700038201964,0.3883621069149139,0.4624812165557535,0.3547746333807445
0.0,0.15828564470960674,0.6836920605211246,0.36526013596402784,0.4660977479521341,0.4827484015969215,0.1953263906527813,0.3530064344353228,0.67110889989593,0.43159646236747257,0.4772682396788946,0.3103143852077098
0.0,0.1576768537684158,0.688646446553545,0.3991903268263856,0.4660304081552811,0.4786120982961016,0.19304038608077206,0.3130315805044004,0.6746222955638121,0.436514948647556,0.504931092296189,0.20388444749619852
0.0,0.14172653110921712,0.6935573513488259,0.4287962909572873,0.4650785173693909,0.4703460969092702,0.2786385572771146,0.4712817099326974,0.6779826890573066,0.4167120884964091,0.5348319248785527,0.5418117612438078
0.0,0.14099598197978813,0.6967918979143167,0.4471876062609684,0.4650612015168249,0.4690566929579557,0.28778257556515113,0.5070408993417647,0.6764591599476497,0.3672679921608518,0.553765614095265,0.5305802148217177
0.0,0.2289053938877389,0.6972668862925172,0.4391556399475567,0.4694109262382121,0.4745691751314934,0.4206248412496825,0.6209082168478667,0.6767320548084619,0.3474003537593604,0.6163593494635969,0.9431065770758748
0.0,0.18775112626324125,0.6968740572522357,0.4349357074164771,0.4692426901021063,0.4705124140688439,0.35483870967741943,0.5309740403816287,0.6699100889604503,0.2785585727787563,0.6161541998903295,0.8336486523539258
0.0,0.1640082795568002,0.697330168032826,0.4407194457718852,0.4706138223725728,0.4736540874234002,0.3073406146812293,0.5677316766511352,0.6641091528804881,0.21580529297304074,0.636159786685982,0.6603602862548338
0.0,0.2038232071106781,0.7000813093673021,0.4690470056636008,0.4706584402652396,0.4685095616322446,0.3591567183134367,0.6595222246875232,0.6578827351003679,0.14419606073331115,0.6363497960098807,0.7719283814537592
0.0,0.12906367953244852,0.7014460942958652,0.4892144896422274,0.4675010697095474,0.4720729386281529,0.29819659639319274,0.6368685748095555,0.6521540232102141,0.0967627269950655,0.6272346175281759,0.4805077311108677
1.0,0.14172653110921712,0.7045220302337446,0.5152130866546872,0.4685688571846523,0.4759259252888627,0.2854965709931419,0.5993861400783964,0.6524884324603881,0.0877539611519384,0.6034555589794611,0.5586429193233423
1.0,0.11445269694386954,0.7055602864386624,0.5281467441003097,0.4696182931560572,0.4764019603777727,0.2468884937769876,0.4684342874047779,0.6522092833787636,0.07750306870218943,0.5826656712083741,0.3793614568383416
1.0,0.11019116035553388,0.7063722790640249,0.5391336567863927,0.4693193234679033,0.4784256904557197,0.2578105156210311,0.5679535537312329,0.6577297671660916,0.10495978766129266,0.584011860980483,0.4123473637155032
1.0,0.1330816997443079,0.7073387129233276,0.5468311977509833,0.4713472692171698,0.4769747561688829,0.2512065024130049,0.3734708971229935,0.6607320120240441,0.10412336289834184,0.5464276266869319,0.29576735759828743
1.0,0.09497138682576402,0.7078402914279089,0.5474507492705145,0.4712778741912448,0.4547036020788721,0.1965963931927863,0.3964055913024183,0.6683663353416059,0.1347987441294703,0.5050873379371815,0.3611509775780535
0.0,0.14927553877998306,0.7104977115792014,0.5617236961049767,0.4765649535441136,0.4792827202567193,0.31267462534925083,0.5242807484653502,0.6725011287138489,0.1362694312692771,0.5129859314336837,0.7154083241182984
0.0,0.11274808230853516,0.7117470412225183,0.5719449020769698,0.4765903923185174,0.4759736632481619,0.25019050038100066,0.515723689076252,0.6729056280213173,0.1385946334173953,0.5087659398299347,0.7540408912312082
1.0,0.09046633386095207,0.7132478472794098,0.5827533229616938,0.4741525954436841,0.4778063062129971,0.1963423926847852,0.3602026477331555,0.6731176964178556,0.13928591175342284,0.4820840402208539,0.4793308707620642
1.0,0.10337270181419694,0.7145636918122019,0.5855612229786341,0.4754740432037897,0.4770143962713418,0.22428244856489715,0.3624731898528216,0.6755633605875444,0.1490153282671242,0.4831373803774273,0.4774311090867688
1.0,0.0905880920491903,0.7154904017855502,0.5905177742500821,0.4740807360315331,0.4644984497583905,0.19558039116078246,0.4305672657347829,0.6772902507835981,0.13476436148106047,0.5188992294050627,0.409246185379185
1.0,0.13527334713259467,0.7151033858702466,0.5848470183462615,0.4748232572729217,0.4618339518035674,0.2715265430530861,0.5023223134383551,0.6784221070993364,0.11108832905872773,0.5519389104124685,0.7263493509451144
0.0,0.18154145866309507,0.7140903272958653,0.5749938974148543,0.4756059508210127,0.4619890935906923,0.3164846329692659,0.6270468160639004,0.6774364337762253,0.09137381834122517,0.5630699853285388,0.9153268048280568
0.0,0.18081090953366624,0.713165766095475,0.5633989806054079,0.475484019031847,0.4718815495753095,0.3027686055372112,0.6114488573330377,0.6747298351534898,0.07386872241973974,0.5543604067316535,0.9395809610567064
0.0,0.16583465238037248,0.7136311358274282,0.5694461863781561,0.4738993674345444,0.4815165194265243,0.2656845313690627,0.4367206567561568,0.6729348043928223,0.06503604856889439,0.5234290990187134,0.7661125028467315
0.0,0.13661268720321446,0.7142557660101952,0.5778891057929842,0.4707263948310527,0.4677147274366794,0.2011684023368048,0.3859034095111308,0.6745607266558578,0.06895431501044152,0.5498057387515051,0.6126564222265446
1.0,0.15219773529769878,0.7143034465646846,0.5743654888182889,0.4686099901836316,0.4815716186380902,0.22098044196088396,0.3576288736040233,0.6764620391574674,0.06804198004250689,0.5388785840046598,0.5945325292543635
1.0,0.19006453183976624,0.7138008519309701,0.5666963929773408,0.4687195349757433,0.4612189163774487,0.26238252476504953,0.3421492493158791,0.6792108628774765,0.0695620352553436,0.5336975679219442,0.5822934928328343
1.0,0.15865091927432126,0.7143825212476791,0.5625507852217729,0.4651797143246521,0.4584114698124282,0.17653035306070625,0.1942755713334809,0.6795819826548826,0.04404451510131169,0.5153297546706406,0.35770954409412725
1.0,0.14318762936807491,0.7162793648710876,0.5716740953027577,0.4637120715345456,1.0,0.17805435610871204,0.14586938835884894,0.6836360316441865,0.030404343469022318,0.4796945850023571,0.2106329188781623
1.0,0.06635821258979653,0.7202462057394258,0.590126892985449,0.4544276856977626,0.4554823841370991,0.013716027432054663,0.07951334960431877,0.6896142810268633,0.02769496526390114,0.4851058356052829,0.09836669170385423
1.0,0.06599293802508205,0.7247752174599754,0.6161618228017036,0.4548738226937881,0.4239950026645921,0.03467297084318344,0.1177723541158201,0.6990530845236662,0.04412824712316349,0.5000298656309519,0.10256126482213493
1.0,0.07536831851942041,0.7284683142168221,0.6365288133996438,0.45613355707737496,0.4432277432499669,0.08247964276333074,0.20804674210487376,0.7070320535490724,0.058842388134596864,0.4865803075399328,0.2091458972230224
1.0,0.05162547181297938,0.7299749531989338,0.6488001329917453,0.4529489909238666,0.4432311710196043,0.002889414236931953,0.1326529102877001,0.7123609279533556,0.06260305017628638,0.4070222563412821,0.004913505362498248
1.0,0.11542676244977465,0.7275812866868435,0.6366801120056428,0.4562024858576521,0.5595957313562473,0.0939361126150514,0.2762443606242145,0.7233778029388434,0.10807448034652156,0.4778783118057048,0.2316228601960505
0.0,0.1737489346158529,0.7253201621925279,0.6280003356971567,0.4622949068169496,0.471354135229493,0.03412675652423281,0.2562162561940682,0.7278127812147093,0.13237383638474026,0.5229170226109794,0.19765116378026487
0.0,0.18215024960428586,0.7246556201224882,0.6285798443882414,0.4595168412687013,0.4985259032794645,0.0202539950879702,0.24794024110642696,0.7328316256930241,0.15962395044063155,0.5120366383760219,0.1501425471256546
0.0,0.16936563983927916,0.7267013389316922,0.6440960410056582,0.4582985285997026,0.5081613467727569,0.01330913490623103,0.2575918940906732,0.7378498851603803,0.17951635966517626,0.5179455333924333,0.20969320454448734
0.0,0.2125897966638256,0.7289345540692981,0.6634288675162663,0.4592027815551498,0.5271800558725082,0.08832425892316964,0.3676059463057468,0.7427148199074136,0.1972747064545175,0.5455509299659576,0.4086634611293145
0.0,0.2004139778400097,0.7314179607987347,0.6756571024268097,0.4615773301792971,0.5267691856334298,0.062310949788263424,0.3688188743436137,0.7436480395288441,0.19272739031889652,0.546367061078349,0.41470575720182135
0.0,0.1490320224035066,0.7339930931853683,0.6756685231421696,0.4598495782989725,0.4835591510454214,0.0009118541033435,0.3031210709267064,0.7465785661720616,0.2036353209091082,0.4638705909103169,0.15512105867835474
0.0,0.1879946426397175,0.7351406600570883,0.662870344429915,0.4603082868375434,1.0,0.05815733088460338,0.2888469787737593,0.7539551969366722,0.23071288730011086,0.4565867321631771,0.24494702353091385
0.0,0.19834408863996092,0.7335623387138174,0.6424640318482879,0.4612535683293966,0.371969186601032,0.01469237832874166,0.23263072257969056,0.7604614165653432,0.24653115843257886,0.35858006335178344,0.06269945959746448
0.0,0.23803725800560085,0.7323917682982071,0.6360727227932541,0.4618307210038815,0.4821008101436495,0.003639973527465236,0.2973300791361587,0.7702871192963292,0.2781124714429196,0.3915987541857184,0.0010019060651968491
0.0,0.31133568732497274,0.7334192939879681,0.6491530960228723,0.4658609368446335,0.4896672849173961,0.1088362068965518,0.3935581687744992,0.7800570717879289,0.3065640262064282,0.4661115786159439,0.08976798653297308
0.0,0.2974552538658224,0.7341141972447204,0.6552281830524027,0.4643590362420666,0.5377450407314018,0.11453113815318552,0.3980400857924709,0.7857062505732109,0.3199551031093827,0.4704673719159299,0.14751518700139055
0.0,0.3084134908072568,0.7333516295019699,0.6566854194247377,0.4617923431217572,0.5196855130648453,0.11882605583393012,0.4495969233044893,0.7911544321218527,0.3256333264497091,0.4763968707627438,0.16492364645996996
0.0,0.3672226957262876,0.7324011897553006,0.6584202316367138,0.4642988421445575,0.4934313425804121,0.2135652173913044,0.4836032837807851,0.7959143894084619,0.3329209648503891,0.5152819365741238,0.3238399634724033
0.0,0.3731888469499575,0.7311524611953374,0.6510681453520085,0.4648223953000832,0.5154485386893516,0.2926421404682275,0.504171289105836,0.8000429777897291,0.3529764154282741,0.5415338597789385,0.8206152616859803
0.0,0.3607695117496652,0.7311452947746108,0.610258503701147,0.4636574882744904,0.5215527793203629,0.2387417218543045,0.4484579542933215,0.8016037042470456,0.3731569676592758,0.5229035089995381,0.639603457041182
0.0,0.3684402776086693,0.7309555230769605,0.5656779069519797,0.4644981141704409,0.5370109653489825,0.254977520873475,0.4399822498335921,0.8029643286162005,0.39032412377132375,0.5142162597276443,0.6527116587323821
0.0,0.3748934615852916,0.7310839909417349,0.5289850372022034,0.4651339332291092,0.5414050131015595,0.292145197722139,0.4471858590340949,0.8036361725132659,0.40826230418491705,0.4732167932418301,0.5805652981225484
1.0,0.3699013758675271,0.7315918706633314,0.5359226584941581,0.4646744278944854,0.5482280801194631,0.26669423853911484,0.40378670216699897,0.8035642111333974,0.4150055442827158,0.4733887483111862,0.4633578906552918
1.0,0.3678314866674784,0.7310949868716401,0.537367564982419,0.4644825558806891,0.5030735030307031,0.25619571787611745,0.40137563789660535,0.8043944744765399,0.4286945768442677,0.4688739686703083,0.3711059619699159
0.0,0.4033848776330208,0.7303158327163054,0.5414162506319645,0.4645388664948351,0.5004901474886085,0.32075471698113217,0.4241624140226312,0.8046693482899205,0.4180565040748844,0.4450857736165639,0.441943433005994
0.0,0.4383294776573723,0.7286860519239396,0.5327074968371528,0.4644931393996955,0.5060027714170477,0.4184734184734183,0.4717920272169219,0.8035573844149557,0.3914242158695857,0.4550797347940324,0.5296995108315873
0.0,0.4529404602459514,0.7274872136612209,0.5283866489286166,0.4623441765332618,0.5026233883435921,0.4226314226314225,0.5101397825604612,0.8015502136140908,0.35690453632757124,0.5004929661995705,0.4887270587369891
0.0,0.4478266163399489,0.7276623300739006,0.5233668744195498,0.461889448214074,0.5137381862346261,0.4085005903187723,0.5242437689520008,0.7999671354831479,0.34123017973106234,0.4659582807898837,0.5436757512229227
0.0,0.4159259710215512,0.7288259779832714,0.5307920742590309,0.4622257627813978,0.5083366405247359,0.3693986860273878,0.4966940315065456,0.7981636951817346,0.330255273536477,0.4344580585958861,0.34054213100886405
0.0,0.4267624497747473,0.7284171108306993,0.5231778315013168,0.4633230934392178,0.5085607192125459,0.4028196761681958,0.5265069151689962,0.7982626744678525,0.327896653067966,0.4180285306195371,0.3449556806061269
1.0,0.4556191403871909,0.727954126644999,0.5260732331498966,0.4665926241373235,0.5192853558447474,0.4001142363416536,0.5035500332815626,0.7985693172610533,0.31629749371515625,0.3927648396001675,0.22292103424179086
1.0,0.4550103494460002,0.7269690517115838,0.5253068615220529,0.4662786770418608,0.5221101264311742,0.4512950450450452,0.5465572073071521,0.8005561291185004,0.31354306434426144,0.446397826739767,0.44918901026150265
0.0,0.4572019968342871,0.7292388407506566,0.5479949515342921,0.4665758833714893,0.5513693680598878,0.4425675675675676,0.5513497522372605,0.8013824621988709,0.311485648706106,0.4521452329209159,0.4136967155835093
0.0,0.4161694873980276,0.7300566984980833,0.5543494871945831,0.4658111309834966,0.5225140514239061,0.4070945945945949,0.4711411877819681,0.8023875939312384,0.3167689551781479,0.4000426217168635,0.2086873367906128
0.0,0.4597589187872885,0.7317368966028345,0.5672956560539658,0.4666115836857046,0.5277631522324746,0.4836711711711714,0.496339028178389,0.8062041575408878,0.34146150897400834,0.3817656217217463,0.2592503700147988
0.0,0.4547668330695239,0.73079541277387,0.5625066799645347,0.4660026813396496,0.5251487303476556,0.485641891891892,0.4954958952740184,0.8093195115488994,0.3603922022179286,0.3807719150344308,0.2981319252770103
1.0,0.4505052964811884,0.7289131940449088,0.5596049239339513,0.4658044691264173,0.5301615077378191,0.44313063063063096,0.4377856667406255,0.8130807897864307,0.3942148647326886,0.3623563449228701,0.22924916996679684
0.0,0.5150371362474127,0.7291974650621009,0.5667010960091549,0.4689016486323026,0.4818934987403143,0.5349874546975188,0.41831225501072383,0.8177727833121868,0.42672614179965707,0.3449493497982661,0.29329173166926586
0.0,0.6150006087909412,0.7293434833834035,0.5724897666393325,0.477230574535134,0.4981897619668828,0.8576186511240632,0.4642556023962722,0.8212837960370023,0.4561993221669629,0.34380527140619177,0.5302212088483514
0.0,0.6169487398027516,0.7306835000097499,0.5878535903664696,0.477634987240948,0.5340301833344446,0.8398556758257009,0.5141705495155686,0.8218279672484661,0.4571392692755509,0.3548517896149413,0.7596703868154726
0.0,0.5766467794959209,0.7274952843310506,0.5779147830205169,0.477347279792703,0.5352125367046604,0.7849014709963918,0.5518674654241554,0.8201451564266597,0.4623768642326964,0.3520952432004719,0.8616744669786793
0.0,0.6219408255205163,0.7252004651404019,0.5776246470150028,0.4784808482774634,0.5393099887160074,0.7998889814043854,0.5553657273870277,0.8168237758929053,0.4665618538087319,0.35628067207359576,0.8261130445217798
0.0,0.620114452696944,0.7225885677813865,0.5815563157009502,0.48201167645975895,0.504287137010884,0.7993338884263116,0.6124916796094964,0.8140710806318958,0.4642222065052735,0.3756436044857636,0.9760390415616632
1.0,0.6150006087909412,0.7240458711840668,0.6078964473948548,0.4811384892854666,0.5022692273191598,0.8168193172356372,0.5955106870793581,0.809379662911063,0.4504210013129185,0.4131256760448577,0.9684469103384024
1.0,0.5845610617314015,0.7253463752115982,0.631314238820297,0.4773943655112226,0.5525483030875314,0.8201498751040801,0.6033799275201539,0.8066195166905656,0.4434641390284444,0.4221869298314393,0.9542457805907181
1.0,0.559722391330817,0.7271702539706261,0.6494391823465769,0.476966014075886,0.5385099816783055,0.7635303913405496,0.5223060424524816,0.8045225682166066,0.4551991194161914,0.3647479549838247,0.8311132031066125
1.0,0.5197857055887009,0.7312648580857009,0.6784453146390163,0.476604587078861,0.5355183114239961,0.7216208714959759,0.4361733599585832,0.8041030566540182,0.4591830713819946,0.30778252103981546,0.4880333433592581
1.0,0.4534274929989042,0.736207530464437,0.7172249416655901,0.4693482435052866,0.5315811243604317,0.7238412434082709,0.4394645366466978,0.8040980660342558,0.4586174529046753,0.3123352268650258,0.4702874575688567
1.0,0.433337391939608,0.7387559820180004,0.7424146160239729,0.4711316495506506,0.5343003390483404,0.7038578961976133,0.4662007247984615,0.8037635221801421,0.43160647482990655,0.3480996855989113,0.3930305504232352
1.0,0.4257883842688421,0.7382780686508127,0.7542261001827252,0.47068669550363706,0.5376229146228405,0.6383569247849017,0.4189187190296578,0.8039510722011819,0.4146562299506157,0.3353653340461253,0.22498173849525105
1.0,0.43041519542189227,0.7371630991589536,0.7495686916467786,0.4709734569231614,0.5332389921422305,0.679156258673328,0.4190962206937351,0.8069160170824401,0.4051446529362667,0.33556114245260377,0.2157865337515552
1.0,0.43236332643370257,0.7383852729185435,0.7498826910087965,0.4711862229385838,0.5337857577906424,0.6747155148487372,0.4089712299386137,0.8102691111975981,0.41522808501241787,0.32656491296045315,0.2194675613263032
1.0,0.416534761962742,0.7386332320912147,0.742857520075432,0.4694620720674604,0.5428197744117437,0.6888703857896198,0.3752089342504252,0.8136144273625279,0.42374598181657774,0.333613270703019,0.14918739924186594
0.0,0.4516011201753317,0.7379752350228254,0.7379265356132378,0.4689841121984377,0.5421073333215941,0.7601998334721065,0.4274831743214261,0.817113532788903,0.4345018228395969,0.34460601678721986,0.1728459530026113
0.0,0.4807013271642519,0.7352473116767223,0.7319965346228522,0.4680301885570194,0.5539211066791475,0.7832361920621707,0.45362769025959604,0.8186720705724595,0.4309775681242387,0.3817924520252608,0.14905715114592213
0.0,0.4658468281991965,0.7329679594818906,0.7297222936774871,0.4668730498630533,0.5101831502196833,0.7299472661670832,0.4542933214998886,0.8208956648699497,0.44176834746842697,0.3826158143710866,0.21206846533216936
0.0,0.4905637404115426,0.7305549517354314,0.7249380493112932,0.4690679158555905,0.4941061789434161,0.8004440743824591,0.4907773093706089,0.8221380357599499,0.4454895353253029,0.4239514924529144,0.5648970118944008
0.0,0.5324485571654695,0.7284115099764399,0.721429166384191,0.469363020718528,0.4891218533687883,0.8393005828476271,0.5928629539235264,0.8221063027998896,0.4525274632324541,0.501419316236916,0.8105599071656528
0.0,0.5311092170948495,0.7251665221924152,0.7096303665707319,0.4729747526425061,0.4827445032173424,0.8390230363585901,0.5521780933362915,0.8196633995315259,0.4408607903388944,0.4974744025887039,0.7937917029300837
0.0,0.5418239376598075,0.7224340482204955,0.7006824433633979,0.4702753553739741,0.4834185166963472,0.8420760477379962,0.5553731232896971,0.8184487143059436,0.4411588836107944,0.500836346638715,0.7350159559036831
0.0,0.5737245829782054,0.7188519843276516,0.6860157468192428,0.4695799850042955,0.508672989387725,0.8787121842908691,0.5597662894756306,0.8157602221952359,0.4155923287077376,0.5055602558838033,0.5872352770525062
0.0,0.5729940338487765,0.7141593149122393,0.6598063496197453,0.4697846829823419,0.4970829731146201,0.8476269775187345,0.5875231121958433,0.8127894174190728,0.3857551160769634,0.5323974412425987,0.561895901173308
1.0,0.5770120540606354,0.7103476870047353,0.6395295568674222,0.4706600543396057,0.5020118954241133,0.7987787954482374,0.6130167886990607,0.8113247407327995,0.3706127415240131,0.5555725382932883,0.4763446738719057
1.0,0.5879702910020699,0.7069209227406089,0.6228821907441372,0.46794096632792,0.5352857194756554,0.8184845961698586,0.5809185711116045,0.8111684917471462,0.3739038591770113,0.5177891666441906,0.5568948525509826
1.0,0.4615852916108608,0.704839169979446,0.6198993475814899,0.4564997490277681,0.5168101172486912,0.5098529003608103,0.5913541897788626,0.8119659644722035,0.3959203718070109,0.5267296669046139,0.5385508592661399
1.0,0.4775356142700595,0.704858521878665,0.6238621919403516,0.45437769507317605,0.5326665769938671,0.5451013044684982,0.6555062495377559,0.8121026546529873,0.4027333584612624,0.5468294496018218,0.7677327317364468
1.0,0.4368683793985145,0.7075176864964344,0.6439805163736226,0.4539809728063574,0.5317498314194318,0.4801554260338608,0.7221359366910732,0.8116835291506219,0.41638731045686944,0.5728746847658671,0.9625354717342092
1.0,0.38792158772677465,0.7091759289693064,0.6562100353305685,0.4523252637555884,0.5300239099618698,0.4582292533999444,0.6527253901338657,0.8089322623812851,0.4019055866093637,0.5299784536422018,0.936342740390756
1.0,0.4047242177036405,0.7117839719108626,0.677022768198352,0.454184113374875,0.5301355341292036,0.44462947543713577,0.6289919384660894,0.8088763718255416,0.4154565951717813,0.5132372201411136,0.7635359468777942
0.0,0.4149519055156459,0.7135074041660744,0.6923266785372657,0.4549186141006996,0.5201573310685762,0.5276158756591729,0.5679905332445825,0.8095884817363264,0.4234362127203923,0.448882628717924,0.8468003207698469
1.0,0.3912090588092049,0.7153340698230276,0.713795561993375,0.4560535171431197,0.5292247516474868,0.5270607826810991,0.5422453960505883,0.8107845673349738,0.44730108117252615,0.4774384735701002,0.8391659983961526
0.0,0.42591014245708014,0.7166233156330631,0.7316671733457218,0.4558139612584163,0.5268786567270766,0.5706355814598945,0.5250942977590414,0.8101363831165305,0.4541613958460722,0.463470463451444,0.8938893344025663
0.0,0.4307804699866066,0.7160523303353995,0.7416219100877195,0.4560926231832266,0.534315032394328,0.6189286705523177,0.5570667850011096,0.8089480071570665,0.4625132203178896,0.4377837745400008,0.9885805934242198
0.0,0.3831730183854865,0.7186138489567656,0.7737732519194287,0.4516255377604744,0.5330657915697182,0.498473494310297,0.5171067228755267,0.8059459770400849,0.44988185644472706,0.4573438754933868,0.9879829787234052
1.0,0.3202240350663582,0.7183942597342453,0.7857923724853226,0.4488702991194439,0.5358308756986364,0.4504579517069108,0.4777531247688784,0.8038036435715796,0.4390440849504645,0.4764733441695743,0.8688286040952096
1.0,0.3691708267380981,0.7182883413062028,0.8024851381235603,0.45017522845995395,0.5326874100980699,0.4698862059394948,0.4771392648472751,0.8018158843896468,0.4265008182352218,0.4760745349662101,0.8746393827574644
1.0,0.3730670887617192,0.7166745808428058,0.8022002171657865,0.4506049481790778,0.5312211160962487,0.4612822647793504,0.5079358035648252,0.7992134084993321,0.41186847672958377,0.4503510058847551,0.8496207746808571
1.0,0.33934007061974925,0.7194354906076422,0.8321284157526622,0.4508779739945322,0.5332404615529405,0.4254787676935888,0.4316248798165821,0.7952650974352424,0.3949723100835635,0.4333092114604871,0.5509535253909306
0.0,0.3384877633020821,0.7226158547753009,0.8557856961764717,0.4506336579784126,0.5331839638523043,0.5031917846239246,0.486184453812588,0.7949393120990325,0.3808819569854848,0.4301600357592675,0.7136302631168266
0.0,0.34067941069036883,0.7250699143906202,0.8740237512886836,0.4508572066347058,0.5302415880311028,0.5004163197335552,0.4802159603579621,0.7925409415950115,0.3707135384536818,0.4245197978619861,0.6685289803052538
0.0,0.31718008036040424,0.7303972216318985,0.9081666732323582,0.4522583431502096,0.5403329537001358,0.4701637524285319,0.4528880999926039,0.7916518424649809,0.3755388206725044,0.4470186759256587,0.5704922126158729
1.0,0.2150249604285888,0.7358783067068145,0.9394041990105928,0.4462285081959187,0.5519186336453058,0.4301970580072164,0.3742030914873162,0.79151985344924,0.3955684713017456,0.42055669003689616,0.4108430350510315
1.0,0.19590892487519773,0.7404353244901188,0.9665363367893656,0.4442893921887451,0.5403283505696972,0.3794060505134608,0.3357296057983876,0.7930255692102439,0.4188558947793716,0.36491144540097337,0.17915665282936571
1.0,0.23328868866431265,0.7393387000421293,0.9598654393954216,0.4442104991838893,0.5389468334840075,0.4404662781015819,0.3907107462465794,0.7959520234538578,0.44645191603269707,0.3714298535283893,0.3384000749087049
1.0,0.2348715451114087,0.7377962083110793,0.954152120838764,0.4443061781489404,0.5759076227912879,0.40521787399389403,0.3865542489460833,0.7963787981600698,0.458311061512099,0.36428589619359053,0.2251006585723644
1.0,0.23243638134664565,0.7361992830609648,0.9481985029124512,0.44403804460307306,0.5579268456143288,0.3852345267832362,0.4330670808372159,0.7989088496502197,0.4761928504515405,0.423119805261216,0.1699803364649333
1.0,0.2319493485936929,0.7351381636978692,0.9435600624569992,0.4439339856266469,0.5335792509003875,0.35276158756591725,0.393358479402411,0.8022122591186684,0.4935205871539475,0.4269099103573339,0.003162992982109439
0.0,0.2891756970656277,0.7349439530154794,0.9427742636935508,0.4458712929301055,0.5297462727326263,0.4623924507354984,0.4745285112047925,0.8091351436179293,0.5301363455361616,0.4597358682252621,0.2255489021956108
0.0,0.27712163643004983,0.7352204561058834,0.944727591618522,0.4484056890231221,0.5199700697251708,0.44990285872883706,0.4394571407440284,0.8130933388583157,0.5550162059235522,0.4692981567631591,0.1469917308240684
0.0,0.3041519542189213,0.7361636697918902,0.9501596479545464,0.451069940176021,0.5247866001108634,0.5170691090757703,0.5238074106944753,0.8188306172027155,0.5973733045683387,0.5181520429269354,0.31074449201211
0.0,0.3484719347376112,0.7353504175375435,0.9432634404126437,0.4553552133715789,0.5250411478328719,0.6211490424646129,0.5468826270246283,0.8203688314865631,0.620486476736959,0.5524997883970199,0.4800563850892756
0.0,0.3610130281261414,0.7334099548500747,0.9258614516743164,0.4566332966853989,0.5273326760181177,0.6061615320566194,0.5931218105169739,0.8209299664414895,0.6383130855070827,0.575322665343606,0.7239486416077403
0.0,0.3804943382442469,0.7315819920392798,0.910179608760554,0.4548095703574442,0.532831190722288,0.6286427976686095,0.5874491531691446,0.8197008169955609,0.6292743605525243,0.5687548346271672,0.6601693338295489
0.0,0.3957141117740168,0.7300949954631074,0.9022575061154372,0.4562608761909317,0.5276557598166306,0.6694421315570358,0.6267287922490941,0.8199857129247663,0.6259101496661064,0.5907244695526984,0.8279214737625615
0.0,0.4166565201509802,0.7283397191915998,0.8982729203205903,0.454568845244114,0.5296171091984757,0.6913683041909522,0.6026033577398122,0.8193218187551652,0.6107163673461647,0.536513395510418,0.8919333829549662
0.0,0.4315110191160356,0.7256380987557592,0.8861377253277564,0.4522876943107494,0.5263502872099003,0.6994171523730224,0.5925375342060495,0.8178280612426712,0.5917454876418893,0.5166899862023207,0.942128768142908
0.0,0.44125167417508826,0.7252570857688364,0.8837543898803554,0.4532888908001045,0.5303794951169607,0.6946988620593948,0.601124177205828,0.8156396155150261,0.5862956126600134,0.5272292024424724,0.8085944830174507
0.0,0.41909168391574336,0.7247694932570022,0.8813641142033103,0.4508522761890152,0.5316513677241653,0.7121842908687206,0.5821980622735005,0.8133796296083801,0.5943602498082637,0.4940239356554943,0.8437324075811578
0.0,0.41860465116279066,0.7240730675811745,0.8799436507876813,0.4509384531746127,0.5338654871244342,0.6810990840965861,0.5818948302640338,0.8124083682159307,0.6170488056585304,0.4940705225738165,0.7421655094764492
0.0,0.4544015585048094,0.7219170470622142,0.8740338858074445,0.4506523864366368,0.5214600236797916,0.7291146266999724,0.5340285481843058,0.8104052160328845,0.624700221691714,0.4784094460026543,0.7122349408894718
0.0,0.4727870449287714,0.7206463475247674,0.8755649770004009,0.4523491260962231,0.4990969063688805,0.7771301693033585,0.5839878707196213,0.808280662070666,0.6255466135586611,0.4800969570294613,0.7382248076562196
0.0,0.4849628637525874,0.7200569406995109,0.8786768231865979,0.4533967292935237,0.5002440180407772,0.8187621426588957,0.6629761112343757,0.8042226220984721,0.631668914171541,0.5187502614467978,0.9973728654531788
0.0,0.4928771459880677,0.7189210575953825,0.881240347663156,0.4541277911754262,0.5142391951077916,0.8381903968914792,0.6633311145625329,0.7981493896884313,0.6248086735282217,0.5196848339861626,0.9555119118777252
0.0,0.4736393522464385,0.7176530828373803,0.8829287064405805,0.45252828400186895,0.5200794045525182,0.7857341104635026,0.6690333555210413,0.7919559153499709,0.6026144401310909,0.5251271550093154,0.9917447676394899
0.0,0.4634116644344333,0.7164622453686426,0.886844688820782,0.455281093399142,0.5332684915590188,0.7746322509020263,0.7015753272686938,0.7861459925142076,0.563729987534229,0.5519214222644839,0.9991421021927868
1.0,0.4332156337513698,0.7145782495958332,0.8823826951177892,0.4526112111048794,0.5512852303661309,0.7021926172633919,0.653583314843577,0.7816091226263129,0.5348518773381196,0.5151744054972408,0.774492700394823
1.0,0.4592718860343358,0.7128664267915826,0.8752628049126564,0.4514543466566071,0.5278216613477035,0.7238412434082709,0.6463649138377341,0.7800806272921743,0.544198428775764,0.5021805180301468,0.8267376733082369
1.0,0.4516011201753318,0.7107416458180832,0.8669874569861847,0.4544604796157128,0.5503167191570979,0.7138495698029422,0.6615560979217519,0.7786392457068751,0.5443013369943439,0.515940578837562,0.751813423928016
1.0,0.4664556191403871,0.7089435130950942,0.8587778686219599,0.4521711433759797,0.5358695196031994,0.7324451845684152,0.6597441017676203,0.7775345138432956,0.5471994516200823,0.5115788146581466,0.8294922413001558
1.0,0.4684037501521978,0.7106344129018797,0.8758475724188358,0.4525028094389677,0.5406605142711918,0.7105190119344992,0.6431994674950074,0.7748588271086105,0.5222946632405123,0.5429831856300429,0.8088329813607562
0.0,0.40021916473882857,0.7108209045487194,0.8820660523864264,0.4491051028729912,0.5341076917657464,0.70413544268665,0.7079505953701651,0.7720073667636127,0.4939785747478895,0.5403941381494961,0.8125975576163816
1.0,0.4380859612808962,0.7124174583629741,0.9008343445559476,0.4490780812915395,0.5388759570494119,0.7130169303358315,0.6846165224465643,0.7688756121960338,0.4744457801041313,0.5719054330938398,0.7846661680893311
1.0,0.400462681115305,0.7095370071853883,0.8921067366921763,0.4492905851350877,0.538316250121185,0.6525117957257841,0.650166407810073,0.7682270619337785,0.4599500212210966,0.5795795840091579,0.769089924439745
1.0,0.3862169730914404,0.7071479575559526,0.8916880210424966,0.4480700702483108,0.5412392149325473,0.5956147654732168,0.6138081502847428,0.7684281934175667,0.4591609374960735,0.5926655205678429,0.7251205611573888
1.0,0.4630463898697186,0.7044365257597208,0.8875053375991558,0.4518449955653012,0.5409382700565514,0.7024701637524285,0.6119961541306116,0.7702181002557584,0.44563284038727735,0.5896438107685893,0.8447275446785463
0.0,0.4665773773286253,0.7012093267263796,0.8796229782285122,0.4521602930141731,0.5450085279786075,0.7144046627810158,0.5545151985799871,0.7702244794764288,0.4432828527037286,0.5363519302354607,0.9076514428656174
1.0,0.4492877145988067,0.6975552059462825,0.8600998430697605,0.4507555918031014,0.5435771231408901,0.6494587843463779,0.5087567487611862,0.7674430642740147,0.424969761446636,0.5506805776844798,0.7999329499445547
0.0,0.5027395592353587,0.6946838859456895,0.8454337645026359,0.4524659143079109,0.5461218456870459,0.6883152928115461,0.595421936247319,0.7639328345115974,0.3950669263677074,0.5666492445350451,0.8852412512571884
0.0,0.4715694630463898,0.6921248143517867,0.8346693641474193,0.4531729923709669,0.5435538345323876,0.6422425756314181,0.5984394645366466,0.7586786331415865,0.3516003539352488,0.5689418549774802,0.8409191800496145
1.0,0.4735175940582005,0.6917806236096052,0.8414836484701754,0.4533771599235996,0.5391650368160482,0.6419650291423814,0.6209082168478663,0.7540547630238326,0.32386138183245183,0.5877780516083727,0.9932628280454371
1.0,0.4519663947400464,0.6910007287211416,0.8479024526888373,0.4514354794028861,0.5359292502139579,0.5895087427144048,0.6192367428444641,0.7475502887566474,0.2800509095318641,0.5876982030686534,0.9773438939031126
1.0,0.4207962985510776,0.6911343290367168,0.8614921980693838,0.4521958727760901,0.5311205921725299,0.5265056897030255,0.5749204940462989,0.7402361302295517,0.2237787080246418,0.6045581791112958,0.8190581445324503
1.0,0.4083769633507853,0.6917628101281895,0.8766163906440777,0.4545806348481623,0.5396632202898606,0.5212323064113237,0.6383477553435397,0.7348614831101359,0.18899966252144376,0.647008228949677,0.7494013630502849
1.0,0.40521125045659306,0.6919604434037084,0.8871426437530635,0.4579823862016845,0.552068420012209,0.5198445739661393,0.6368389911988759,0.7310145840985347,0.17669827472078048,0.6466609026634993,0.6541413397187942
1.0,0.3650310483380007,0.6912730983466028,0.8920538976742093,0.4540409702240189,0.5438253422342667,0.41798501248959175,0.5017972043487907,0.7298357956202175,0.1869421133613287,0.5967685373727271,0.4248787376435185
1.0,0.3604042371849506,0.691368065652524,0.9031877377168284,0.4536122947073024,0.5655046311584211,0.3952262003885651,0.4763700909696026,0.731206350993385,0.2031656327431723,0.6297178755213705,0.3768035856818317
1.0,0.3534640204553757,0.6914679023891889,0.9140340508148102,0.45281575176116995,0.5646532320016453,0.3996669442131557,0.5397529768508244,0.7307557988974476,0.2052342061439765,0.6227432394637058,0.4591698900963953
1.0,0.3522464385729939,0.691239344122793,0.915243567138214,0.4527290337854301,0.5683978730752445,0.3832917013599776,0.5444123955328746,0.7307208580725082,0.2194324441766018,0.625971365637612,0.3209615030392331
1.0,0.3685620357969075,0.6909607748257286,0.915415550523449,0.4507380217314305,0.5677606594318464,0.3955037468776021,0.4765623844390208,0.731876879470041,0.2218800005198737,0.5824836307577068,0.4063977405292571
1.0,0.34518446365518074,0.6908300964095647,0.9133436421985782,0.452019109827019,0.5813297588596652,0.3580349708576185,0.5410842393314106,0.7344189915398884,0.23095301149988,0.5721399348394468,0.4543500951679256
1.0,0.3209545841957872,0.6916389923783185,0.9234657591208204,0.4494878121634329,0.5718416668920951,0.2975298362475716,0.4363508616226608,0.7364486864329742,0.2210364564603394,0.557571644306621,0.189353472094308
1.0,0.3295994155606964,0.6924052571373996,0.927400263168564,0.4504212201692716,0.5735324097153254,0.32278656674993056,0.3393683899119887,0.7407042894275968,0.23324867395015175,0.5090941907280292,0.16991044020380394
1.0,0.34530622184341897,0.6931514355155054,0.939142832182174,0.4521115607599169,0.5767130992149998,0.3627532611712461,0.4810073219436434,0.7469678093725678,0.27947238263683044,0.5395713343680885,0.2982056394189688
1.0,0.3521246803847559,0.6932527597918338,0.9447818299987888,0.4491090766685743,0.5441489274167953,0.3760754926450181,0.4044301456992821,0.7510926752079337,0.3169325502449177,0.5051718978360406,0.3998227792018722
0.0,0.36795324485571657,0.6934336644732771,0.9562219298854852,0.4470756903009643,0.5420098686913914,0.3985567582570082,0.3520227793802229,0.7573702087551364,0.3673134241378492,0.4851026339065171,0.4811569521507434
0.0,0.43625958845732377,0.6926025729748851,0.96067487312317,0.4540902252550405,0.5548130310329281,0.5636969192339716,0.4271651505066193,0.7602583353787521,0.38719647437462507,0.5164352865591826,0.6269274248247788
0.0,0.4820406672348716,0.6920872192602129,0.9736629060192192,0.4551724949646289,0.5502447085822182,0.6297529836247573,0.4540936321278011,0.7589543419859701,0.3854281126865379,0.4788730992536255,0.6723716934207553
0.0,0.4491659564105685,0.6907306396518217,0.9775237093946616,0.4555191630999885,0.5499993579195028,0.5806272550652233,0.3284224539605056,0.7564850610115026,0.3932267906137277,0.4692324317700433,0.4822292561609759
0.0,0.4390600267868015,0.6902131594001871,0.9832508211971596,0.4546108013314932,0.5469811618580678,0.5456563974465723,0.3132164780711487,0.7573840243769911,0.4251945927264403,0.4601716097190068,0.3864197023271108
0.0,0.4636551808109095,0.6887632802469327,0.983165459986318,0.4534723144028858,0.5383134654591439,0.5881210102692203,0.3372457658457215,0.7578007905469528,0.4525439007714184,0.4212379934966111,0.4438985280815719
1.0,0.4406428832338975,0.6869079754364283,0.9798200220060126,0.4513191257553804,0.5458237316894387,0.5192894809880655,0.2931661859329928,0.7582259227406938,0.4859894492534678,0.3941661094194242,0.3210673464353257
1.0,0.4731523194934858,0.6856633715358297,0.9813975711994426,0.4510769811754418,0.5581004944898338,0.5728559533721896,0.2558686487685817,0.7603818920043572,0.5258578757086907,0.3804891836147216,0.29444712871995765
1.0,0.41507366370388415,0.6848347144037706,0.9869569923266364,0.4451801599669667,0.5580865251479493,0.4401887316125453,0.19946749500776567,0.7613121684785957,0.5315938537566117,0.339850162955471,0.10037400905495553
1.0,0.414343114574455,0.6840846263223451,0.9988467260325024,0.4450446869867271,0.5567051931130975,0.44796003330557854,0.24305894534427894,0.76508491570936,0.5263510840038603,0.3670758796757832,0.04849591095363345
1.0,0.4880068184585412,0.6831459664032035,1.0,0.4493805919542469,0.5473485258989057,0.5767416042187065,0.3362029435692627,0.7700029054918229,0.5253343518812661,0.3617693110127056,0.2416026914335817
0.0,0.4975039571411178,0.6810509170798184,0.9917193754694535,0.4466582697404295,0.5487408229815454,0.5917291146267,0.3793210561349015,0.7721798560284174,0.5150530976189887,0.338198187834287,0.27510244984878585
1.0,0.483258249117253,0.6797211358898566,0.9836018321282206,0.4453673498117521,0.5601903822351939,0.5451013044684982,0.3732712077509061,0.7733414573988411,0.4947514421112375,0.33370138398370386,0.16483654953917082
0.0,0.458663095093145,0.6784606423024779,0.9747762408195104,0.4429221641255504,0.5510155399071714,0.4829308909242298,0.3734782930256639,0.7764144517115876,0.4585491315244917,0.33281345546373403,0.0724546370967742
0.0,0.508340435894314,0.6780284928027255,0.963432132835456,0.444672228335976,0.5513067015281221,0.5850679988898142,0.5087715405665263,0.7834600455541596,0.4737704500112601,0.3534366132440808,0.18067748881895024
1.0,0.47485693412882,0.6778156948404114,0.9561003574266032,0.44495102100540973,0.5592364700720598,0.517346655564807,0.4127801198136231,0.7878184483281898,0.4893502888809826,0.3498113554325332,0.03238363425542461
1.0,0.4813101181054426,0.6772392002368667,0.9547206717431016,0.44550492935712105,0.5608879388890498,0.5517624202053845,0.4345684490792103,0.7971802762287123,0.538732991164935,0.3610796937721281,0.06986771411802044
0.0,0.5649579934250577,0.6763800638874232,0.9538744148015841,0.4510247147343394,0.5613471486925046,0.7058007216208716,0.5092522742400708,0.8035360936354248,0.5768117432989791,0.4032413478644423,0.3868346200731419
0.0,0.5006696700353099,0.6744045186959114,0.9480530325314626,0.4482932053369824,0.564032445190653,0.5620316402997504,0.44144663856223615,0.8037722192737099,0.5832293130231085,0.3553364532312429,0.04602916610230779
0.0,0.5575307439425301,0.6736747215219119,0.9526519462357104,0.454686085113281,0.5068382572377329,0.6935886761032474,0.6050883810369061,0.8090568648922609,0.6082867868166315,0.4219828874436368,0.35225066594428805
0.0,0.6248630220382321,0.6725826753581051,0.9658928541114108,0.4584220594908971,0.5050538517442896,0.8362475714682212,0.6856519488203536,0.8110828968470631,0.6149351816244715,0.5028303301021824,0.6224434511716108
0.0,0.6097650066967004,0.6709583841429289,0.9737851234739398,0.4605618965195003,0.5438246810084699,0.8121010269220095,0.6636417424746689,0.8097221275628972,0.6182986292318343,0.4764983946829152,0.6236173190663229
0.0,0.5928406185315962,0.6683038769895256,0.9697446963012324,0.4626228989850098,0.4882033999081493,0.778517901748543,0.6817617040159751,0.8082510082501988,0.6332196931501942,0.4888899719988621,0.5867985010609965
0.0,0.6735662973334958,0.6655693306809974,0.9579305564681758,0.468166474113257,0.4903223023491557,0.9072994726616712,0.7418977886251019,0.8053453082129214,0.6302504051828204,0.5622121313563985,0.780531852453835
0.0,0.6750273955923536,0.6615317725801971,0.9447668057937872,0.4682963537395408,0.4906180716749312,0.9138166894664846,0.7947563050070259,0.7984455055537156,0.6143051403358295,0.5940853694344511,0.796060393960603
0.0,0.6808717886277851,0.6583708612163047,0.9332183453980926,0.4691859398177717,0.4898088108828132,0.9043348281016445,0.854944160934842,0.7906312870664622,0.5865822367884984,0.6257814786343822,0.8190052169184493
0.0,0.689760136369171,0.6553360219965331,0.9279089577313188,0.4664885798582462,0.0,0.9066273141937218,0.8629613194290366,0.7820710501855572,0.5581509089499573,0.6296278188954173,0.8252735731603437
0.0,0.7102155119931816,0.6524596630995719,0.9204771087747328,0.4686525059498481,0.490140789535436,0.9804081632653062,0.9604984838399528,0.7728491014546066,0.5151336710256856,0.6661590631596839,0.9682920024289776
0.0,0.7021794715694631,0.6499047304198987,0.9081769060279428,0.4681793085397695,0.5281134633774437,0.9858316803627092,1.0,0.7631853556010022,0.4793014570015214,0.6834386093236637,1.0
1.0,0.6504322415682455,0.6473963274902838,0.9010387197021488,0.4670101200323296,0.3967597206276632,0.8683465458663645,0.8129576214777016,0.7555333827801156,0.4525623251943265,0.5452587797661113,0.9852430016758746
1.0,0.6543285035918666,0.646315346872082,0.8982513401371005,0.4674013816789479,0.5574298197003658,0.8810872027180068,0.7476739886103098,0.7505715039679395,0.4391791404731476,0.5446297798613264,0.9911473144711682
1.0,0.627906976744186,0.6446371349359507,0.9027361777185566,0.4680718900606034,0.5143369670716321,0.8420158550396373,0.7976776865616448,0.7457870943503053,0.4338203773157588,0.5685608483593668,0.9875301483039975
1.0,0.6086691830025569,0.6434403123717449,0.9023866316597954,0.4664070869971904,0.5451441360791244,0.7785956964892411,0.643169883884328,0.7418327816878048,0.4381753692376968,0.5220972636987421,0.931280836089056
1.0,0.5915012784609766,0.6417633674830021,0.8993086791979917,0.4680764777549413,0.5540411166356778,0.7553793884484712,0.524842837068264,0.7420160272735923,0.4774239023035446,0.5121039334089289,0.8400325381527523
1.0,0.5723852429075855,0.6397161163323807,0.88942786450548,0.4661896916543231,0.5219210709528763,0.7044167610419023,0.4571925153464983,0.7412462475853743,0.5075035988544812,0.529001769090226,0.7279881165007341
1.0,0.6140265432850358,0.6367958028430948,0.8617940003984487,0.4676249620650543,0.5219153961924556,0.770374449339207,0.5200798757488353,0.7418829473325261,0.5331189454716116,0.510050897057233,0.8308546570231132
1.0,0.627176427614757,0.634565213163467,0.8430038822336013,0.4655536931679924,0.5219301598591138,0.7771428571428568,0.4972487242067896,0.7402013513902552,0.5419385767617396,0.4987618845314497,0.8765318573272741
0.0,0.6280287349324243,0.6331558332064667,0.8295297157405431,0.4651060986574241,0.5613311246801469,0.8117583603020496,0.5054507802677319,0.736501912589212,0.5273840595487312,0.5027785881427189,0.9882357286645614
1.0,0.5779861195665409,0.6302224165584084,0.8149279716744903,0.4599680194767417,0.5596246282275381,0.6984897518878099,0.5313216478071149,0.7307846016993849,0.503047491442891,0.5154029937155833,0.8745864274685693
1.0,0.5944234749786923,0.6279583612964185,0.8019404982139499,0.4628470729858627,0.5677713436527416,0.6564185544768066,0.4411434065527695,0.7267611727951435,0.485190284366609,0.5203117381881213,0.717226674509227
1.0,0.5863874345549738,0.6245704806052973,0.7863237987988416,0.461202990174509,0.5540725591512966,0.6902792140641157,0.4039272243177279,0.7266456180826533,0.4848518729257934,0.5037168167723023,0.7323336560062828
1.0,0.6198709363204675,0.6226614924378219,0.7818612185079248,0.4618389828849743,0.5405441792003944,0.7130299896587382,0.4504030766955107,0.7252884241262822,0.4792324644813454,0.4761832689736281,0.7857012717268521
1.0,0.5915012784609766,0.6192364780314782,0.7699452854664611,0.4591320790731642,0.53143167491686,0.6447070656273571,0.4412765328008283,0.7213118288292379,0.4535925347955001,0.4711787036025809,0.7113471559231871
1.0,0.6145135760379885,0.61716751199424,0.7643295744832733,0.4583154784145157,0.5524301706172094,0.6825633383010432,0.454907181421492,0.7187990943346934,0.445341510835696,0.4283211980891188,0.7195641875888201
1.0,0.6024595154024107,0.6157558536591597,0.767423341386978,0.4572137959461627,0.5433334942219461,0.653893092506712,0.4046076473633607,0.7149657788920076,0.4325348821397901,0.4010593534236885,0.5806763108989547
1.0,0.5569219530013394,0.6137261997905897,0.7717368365884378,0.4556679396589638,0.5452225486880162,0.5743226751281423,0.40423785222986464,0.7141739254206609,0.4380713378013825,0.3995506603988375,0.4241518784389468
1.0,0.5731157920370145,0.6133739156609982,0.7796416488400397,0.4581193776804546,0.5817174688011452,0.5737626141278229,0.38407662155166056,0.7158277421768746,0.4477646673471671,0.4380472154112123,0.4041285573734651
1.0,0.5189333982710338,0.6117483522100292,0.7710505771219044,0.4547739958710876,0.5759286936161603,0.5111896348645466,0.352814140965905,0.7193937371516991,0.4628177783957765,0.4171456592693963,0.27096162955945113
1.0,0.5065140630707416,0.6117539864253762,0.7659473226696106,0.4537484719900759,0.5447404195218314,0.4555948174322733,0.3022483544116558,0.7260645036078865,0.4980042762611978,0.3797544090697534,0.000246984728110754
1.0,0.5546085474248144,0.6103387852438716,0.7618427411505975,0.4601357474691457,0.5474086767223508,0.5526501766784451,0.4066415205975889,0.7373230238171942,0.5581025424342951,0.4342462282585805,0.2495730494794721
0.0,0.5973456714964083,0.6095736181162269,0.7672797682380772,0.462211955079672,0.5488314919340458,0.6147800586510264,0.446128244952296,0.7435785384388847,0.6053352013745908,0.4587350781280064,0.4138963621476199
1.0,0.545111408742238,0.6080506887899072,0.7649846011468201,0.4597452560852374,0.5487052233740051,0.5224194301728164,0.3865616448487537,0.7470769309071372,0.6370624556056129,0.4065163738068646,0.0005308597133359074
0.0,0.6154876415438939,0.6071545323472375,0.7637250820704578,0.4655744541211807,0.5755068256521038,0.6466604390471741,0.5265734782930256,0.7541590049487976,0.6841953990088396,0.4663980284879597,0.12230532336119762
0.0,0.6805065140630708,0.6059494771138431,0.7582127794641663,0.4706508749262964,0.5762076373729204,0.7598902355362452,0.6266696250277347,0.7557590726337273,0.6911996315213185,0.5176617130677823,0.6255856003945106
0.0,0.6554243272860101,0.6047105268221339,0.7630024935144626,0.4710429093095055,0.5791590076677975,0.7293902717515413,0.6832334886472892,0.7528531994162582,0.6684428910553709,0.5201417514807789,0.7823232672241031
0.0,0.6472665286740533,0.6036142571197766,0.7635462650359892,0.4736944244364558,0.5717131278419458,0.7204841287965287,0.7188373641002884,0.7495574553445392,0.6490963808073549,0.546516163527969,0.7509078309078315
0.0,0.6892731036162181,0.6024877744308265,0.7736356156970365,0.4757173991415549,0.5694839397821609,0.7825987668417445,0.7364322165520302,0.7474677000036878,0.6256285125073107,0.5693117601933322,0.9102425292334346
0.0,0.6977961767928893,0.6011592243914393,0.7724895012002079,0.4764394995581083,0.6320008023553012,0.8125142726649919,0.7567487611863031,0.7443038561916373,0.6088277248180959,0.6014177295248768,0.9869532265049812
0.0,0.6878120053573602,0.6003722368013028,0.775089423516777,0.4787091571682534,0.5859134157417647,0.8045215802694679,0.6951852673618819,0.7396072930415805,0.5717363706488352,0.5602817264560079,0.7317832394976197
0.0,0.7070497990989896,0.5985596813079167,0.7729337595491597,0.4811055789236732,0.0,0.9563983488132096,0.7030619037053473,0.7379451689978886,0.5737884922848965,0.5721079925789269,0.8300941966219153
0.0,0.7311579203701449,0.5962165597888504,0.772827954094377,0.4806913022677934,0.5245430850254343,0.9912128912238036,0.7423045632719474,0.7353660590084543,0.5706526628099853,0.6512250214566662,0.9954255088783036
0.0,0.7135029830756119,0.5934180550647011,0.7718597133054619,0.4826492966447632,0.5048171243026656,0.9660704892162022,0.7024110642703938,0.7297560549219901,0.5619289760918302,0.6465379877985588,1.0
0.0,0.7208084743699013,0.5913309335033533,0.7680280951936801,0.4798492065141544,0.4782133614679073,0.978667368975507,0.6829746320538423,0.7249413631446733,0.5550958327060183,0.6316988813012521,0.9934572779685186
0.0,0.7175210032874713,0.5895002030170168,0.7654980918043144,0.479564745981001,0.5736944671180917,0.9689228338161708,0.6613194290363142,0.7195350263958613,0.5412679694689697,0.6473898792465042,0.9618606484675284
1.0,0.6974309022281747,0.5869865703192799,0.7558816455218933,0.4807254301731858,0.5415063888437385,0.9742958709324581,0.6893942755713336,0.7134843860962838,0.5270293837895003,0.6704190306411408,0.9819536937993842
1.0,0.6408133446974309,0.5854923619338047,0.7535659654689242,0.4749533530423055,0.5237643877730013,0.8148755810773856,0.6615708897270913,0.7068416515370772,0.5021758904312382,0.6503092812171336,0.7568491877625371
1.0,0.6220625837087546,0.5832080815199839,0.7438149729115849,0.4754699269376231,0.5483642084327185,0.8048647171358294,0.6696989867613339,0.7031321476057968,0.4933843860399015,0.6653570349270143,0.9673544810594392
1.0,0.6281504931206623,0.5819173198009858,0.7441032769227321,0.4769685787264711,0.5479055355372947,0.7791857643569692,0.6551512462095997,0.6995859726068225,0.4791957933922689,0.6535530011003621,0.8551203184367657
1.0,0.6266893948618044,0.5794370393949805,0.7371625144042049,0.4766546919733907,0.5376232344744399,0.7802642221623077,0.6292286073515273,0.6962636096235757,0.4678745493762009,0.6617070865201555,0.7902133639964233
1.0,0.6701570680628273,0.5779582797789237,0.7409482874746119,0.4791487387102032,0.5625974454296606,0.8589916419520085,0.6648546705125362,0.6934732093167799,0.4512281682996856,0.666420057078287,0.8916570844512599
0.0,0.6831851942043103,0.5771629780353896,0.7476724109236738,0.4772083272292032,0.5377472502363883,0.88724584103512,0.6797943939057766,0.6885902620248228,0.4229914978217226,0.6494574468151346,0.975978534009117
0.0,0.6595641056861075,0.5769888392957901,0.7525258552233821,0.4766568157444784,0.5350564077904231,0.8793240031687349,0.6846461060572443,0.6827558159478886,0.3859095032872221,0.6547074646233662,0.9757435501842808
0.0,0.6265676366735662,0.5761402416366025,0.7503649423780285,0.476300638479787,0.5373603509869599,0.8185899128597833,0.6748835145329488,0.677223545124882,0.3614335662285616,0.6471346057141054,0.9665410528719882
0.0,0.6381346645561914,0.5736357517530285,0.7364450846595252,0.4782189713890415,0.5551090464972116,0.8135727488777396,0.6572738702758674,0.6739086564756394,0.3551819812661463,0.6313267010405658,0.9907892439322502
1.0,0.6363082917326189,0.5702974679911379,0.7221298915921309,0.478586348553508,0.5483773787366996,0.7814639283833594,0.5693661711411878,0.6718446276770311,0.3588342530635526,0.5346188434157866,0.8577878103837466
1.0,0.6327773042737123,0.5676454297785954,0.7105518141921379,0.4785876172594938,0.5408820306663356,0.7551020408163263,0.49457140744027794,0.6712272794267502,0.3610811072667118,0.4744123287143632,0.4975745641419715
1.0,0.6706441008157797,0.5686076719906309,0.7240334066571277,0.4803306468459694,0.524983516839169,0.8345486547648978,0.5364839878707196,0.6745604420234068,0.3863150600336414,0.4918942966633243,0.6556361365928616
1.0,0.6160964324850846,0.5710686263890482,0.7497132321962451,0.4741085491041562,0.5389920358506406,0.8202162433995475,0.42792692848162095,0.6760355666949598,0.39885022291598,0.3567312235141962,0.610849266340594
0.0,0.5981979788140752,0.5744615789357054,0.7818409203130251,0.4705994080196368,0.5627939257602348,0.8295197384963541,0.42927298276754666,0.6791743974157469,0.4375856036162529,0.3582174845315946,0.49209378407851706
0.0,0.6084256666260804,0.5749164992493606,0.7912881422361779,0.4715532150212944,0.5723115688648511,0.8715111893386972,0.4198653945714075,0.6799759040064846,0.4497697083954453,0.3504662925643484,0.5920704159526411
0.0,0.6028247899671254,0.5735803584108258,0.7917382544004481,0.4710281374172186,0.0,0.8539099823987929,0.4435100954071444,0.6804075693073162,0.4597980731677137,0.33155281346346416,0.5763053655023409
0.0,0.6548155363448193,0.5725776792651457,0.7967292627592968,0.4743409164556665,0.5846287203657458,0.950213728941413,0.4544634272612975,0.6793053829701967,0.4531470212212033,0.3415452486171422,0.6532949225783227
0.0,0.6299768659442347,0.5698221301362131,0.7964940909752853,0.4743180362673017,0.5654963323838591,0.9840255591054314,0.4769617631831965,0.6775935795096135,0.4437631741926722,0.36713222548267216,0.6454087144400437
0.0,0.6504322415682455,0.5668308296794448,0.7909613988493742,0.4775963241527292,0.5575608982509122,0.9733759318423856,0.4975075808002365,0.6755966783524411,0.4404486151852151,0.33903683882328084,0.7007202016564632
1.0,0.5935711676610251,0.562295111659714,0.7724741064094602,0.4714159322664078,0.5586300143445563,0.8762201159994342,0.4625471488795209,0.6721753119098679,0.4266665196411865,0.3478553948380029,0.5344256391789699
1.0,0.5908924875197857,0.5588919437865779,0.7592852834317891,0.4715571734155935,0.5352409640009715,0.8419861366529922,0.4818800384586939,0.670828039713401,0.426423954215988,0.3705675207414989,0.3623334533669426
1.0,0.6006331425788385,0.5562863719603431,0.7549738735781898,0.4733733868272256,0.5352731157206327,0.8264252369500639,0.4682419939353598,0.6708059380131204,0.4253060864772353,0.35728298591940444,0.3813467770975879
1.0,0.5901619383903568,0.5528168551592946,0.7920739088254664,0.4758736105181104,0.5333193293985733,0.8035082755693876,0.4599881665557282,0.6718744770274163,0.4353912238595539,0.3954056048536481,0.3411955347497301
1.0,0.6274199439912334,0.5503689064030729,0.8370396848528984,0.4779803894005099,0.5538302375476208,0.8258593860517753,0.4772280156793134,0.6729113051325948,0.4456775350194714,0.3653214486445578,0.4053655023406546
1.0,0.6292463168148059,0.547085056489575,0.8737498064009385,0.4744425007066462,0.5434577837958577,0.8295374168906495,0.466252496117151,0.6743017177492001,0.4632138163080058,0.3518492749665627,0.317680950666186
0.0,0.6481188359917204,0.5460610949128334,0.8799986906833309,0.4735773265972068,0.5629563601936327,0.8484848484848484,0.4214555136454405,0.6763319475730272,0.4827811661373128,0.3573443439226877,0.3056175729204175
1.0,0.6137830269085596,0.5449872705832733,0.8830236592140416,0.4723268732636123,0.5629156650562842,0.7970953777405391,0.4145403446490643,0.6792353878083377,0.5069211258816093,0.34761169550437626,0.18602808786460165
1.0,0.6120784122732253,0.5448077403166537,0.8952530207683739,0.475893218850577,0.5749853400173093,0.7955018742190755,0.3949042230604246,0.6821202999752289,0.5267603962294606,0.3699569948092287,0.11776194437411833
1.0,0.5905272129550712,0.5432289324369767,0.8910197907973744,0.4770666405512248,0.5480578673856609,0.7466333472164376,0.41393388063013065,0.6858501459752588,0.5524226076556883,0.3958819549417572,0.047679617637989086
1.0,0.639352246438573,0.54193163558313,0.8860561167519391,0.4807268187617894,0.5544585477252424,0.8296543107038736,0.4948672435470749,0.6898859389237941,0.5808874283849392,0.434346112099336,0.31273109407231525
1.0,0.6175575307439424,0.5402951192282942,0.8748421291962324,0.4817386886131543,0.5662439704955298,0.7843953908093849,0.5151172250573183,0.6925420353471201,0.6066416331360786,0.40758275898659735,0.2552348893619128
1.0,0.5939364422257396,0.5389753170471884,0.8737018812730659,0.4825598678901827,0.5587198109614023,0.7319172566985978,0.4774277050514015,0.6946518827161037,0.630120405964569,0.413257828654886,0.13761694965595644
0.0,0.6869596980396929,0.5386060161254936,0.8807934372420249,0.4928453558752914,0.542859486585223,0.9220441156322784,0.6094667554174986,0.6980289953557257,0.6604631591304728,0.5491565590151701,0.8622478087236142
0.0,0.6384999391209059,0.5370791895304464,0.8867887859848506,0.489402568233973,0.5525604825627478,0.8470235662716251,0.5999852081946603,0.6950303756642873,0.6618556154526565,0.5383132383153408,0.7956018878688872
0.0,0.6518933398271035,0.5365061152164367,0.9012349384779214,0.4877507714152292,0.5579705856188162,0.8647323252962813,0.6598180607943198,0.6926659265001303,0.6688401317359761,0.5859398081909447,0.9950547852225348
0.0,0.6442225739680993,0.5353926772828742,0.9153495960286768,0.4905547505215517,0.5496634480046917,0.8492031058438906,0.6485984764440501,0.6889187328670137,0.6782276960114791,0.574883299848958,0.9310361469041072
0.0,0.6404480701327164,0.5343790883657186,0.9247089119407342,0.4895489044611586,0.5542328538906031,0.8562866094537531,0.6340285481843059,0.6861254804693937,0.6889201927417692,0.5373593870965082,0.9665061390949704
0.0,0.8224574059133406,0.9820042713756341,0.13279736190583966,0.5105609084718047,0.5013753015931574,0.9355076017655716,0.4678574069965236,0.9659562272182702,0.5377748420304204,0.4763144021271154,0.743230347131098
1.0,0.8123487257367947,0.9781708534813249,0.1177797177672265,0.5097263146829467,0.4900338997985679,0.9153179663233612,0.38613268249389865,0.9642331834655355,0.5297164572990556,0.4679265584766255,0.4611734889340781
1.0,0.8183285083764416,0.9759023408284414,0.1159379644517168,0.5109206804169907,0.4996389171307,0.9031387935262384,0.3628060054729676,0.9644842521509064,0.5302891310432448,0.447770734113793,0.3181794026995425
1.0,0.7686868207488966,0.97540062407962,0.11998345433547215,0.5082188446414166,0.4937726912468101,0.8587542913192742,0.3565268841062049,0.9659746458570416,0.5249281444849738,0.4402084269306477,0.1321872675098308
1.0,0.7704902472592663,0.97639007758553,0.14240040889075978,0.5074341978056931,0.5011142032737708,0.8950465914664051,0.4434657199911249,0.9700291152895296,0.5456550005470402,0.4974789495067221,0.4573280901264736
1.0,0.7752835650894594,0.9753300525925872,0.16033473256535846,0.5079408127997508,0.5079291765065187,0.9042831453326796,0.4626506915169,0.9710197879650908,0.5591668851349085,0.4623678411102949,0.5150653629503669
1.0,0.7530254852641072,0.9772721979112532,0.17889891141663564,0.5094483404289578,0.5097766126249316,0.8697891123099559,0.4097330079136154,0.9692947052329804,0.5627074829108304,0.4091881204449082,0.31594749707726555
1.0,0.6911394808029995,0.9793897732868948,0.1905871799763964,0.5042369298539966,0.5054759103385222,0.8612064737616479,0.4508468308557063,0.9689668322638608,0.5887988901685037,0.45033694049727613,0.08261363636363615
0.0,0.7028617531204024,0.9819167029288476,0.1963882659061368,0.5017906410081395,0.4999335215316405,0.8807421938858917,0.5735892315657123,0.971742937248634,0.5841647919937369,0.5063967400093614,0.09259326660600399
1.0,0.7009159508328984,0.9793482721217088,0.200275087001466,0.5013805912700642,0.49136772665713,0.8866274317475888,0.5699504474521119,0.9735570925936892,0.5651596984925521,0.5023443119577018,0.4446663104311396
1.0,0.6989701485453943,0.9768127904509546,0.20689825778948112,0.5012905406210839,0.0,0.8782082720287725,0.5518009023001261,0.9740261188170138,0.5219906760836556,0.488313960957441,0.3324239952751934
0.0,0.7587679749418633,0.9744696260633152,0.2104692189204389,0.5075669342299047,0.5024660948184194,0.9824260258296552,0.6965017380371276,0.9750517675573388,0.4837327955346808,0.5699328416400281,0.6260370672441431
0.0,0.7457168620378721,0.9723370507524328,0.19918757543269452,0.5097117662446441,0.4686585812177765,0.9969829031176668,0.6901264699356552,0.9725084252467744,0.4419990758963581,0.5660015974645474,0.6763270084601607
0.0,0.7086517013905369,0.968747898167868,0.17760545061557725,0.5095070914596611,0.42266880639937054,0.9639846743295022,0.6240736631905931,0.9709501354078494,0.4091012019727495,0.5637483105514669,0.5099953612688036
0.0,0.7377438185183428,0.9650475137339112,0.15559033178308973,0.5092311726156228,0.43807184475476574,0.9842486164325244,0.7231121958435025,0.974774305433501,0.4329067800699423,0.6268026954506941,0.6929380839831234
0.0,0.7223672345878221,0.9604508896203272,0.13452427057730545,0.5114657968903243,0.0,0.9649708804385064,0.595688188743436,0.9752932321397648,0.4320019588883568,0.5229377710834663,0.6651940535883886
1.0,0.7282521000427128,0.9579953461746594,0.11884682302760385,0.5120477077547005,0.4248807492371479,0.9824531223120592,0.6381184823607725,0.9770926377369497,0.4553875303831586,0.5653036582118603,0.798502352499392
1.0,0.7257367946466708,0.9540840590508458,0.10670367432898258,0.511529795186502,0.4724274684972909,0.9909521757862988,0.6818208712373344,0.9746702867213192,0.4533688080306956,0.5501328792321709,0.8364957699189317
0.0,0.7364149779317546,0.9494535157205772,0.09706271493144353,0.5130202406401537,0.4376150820326028,0.9902828387992364,0.6590193033059684,0.9698930716661368,0.4547200793795288,0.5240053390173258,0.8448013076804131
1.0,0.7341844240899815,0.946024256349812,0.098082260787353,0.5130439013227523,0.4796701196168098,0.974318931112268,0.7017898084461207,0.9640068289125427,0.43224539568866177,0.5514084302209274,0.8038479379735367
0.0,0.7163399933557972,0.9433202476509798,0.09406117944835003,0.5103068612870255,0.4783923559375493,0.9796980739198332,0.7849641298720516,0.9576826259678296,0.4062108035189416,0.553262683086693,0.8511850853747434
1.0,0.7199943049689146,0.9426312286025164,0.09809248297891028,0.5108699393838068,0.4123407437209831,0.9870712401055408,0.788610309888322,0.9532202726528952,0.3905163733475968,0.5564354630451874,0.8951662333819449
1.0,0.6975938493664278,0.9408093699156228,0.10408849999237137,0.5115939238770433,0.5313169147892461,0.9933993399339932,0.6771762443606243,0.9470069114653774,0.3608426420243551,0.5053134967837652,0.9997849051192575
1.0,0.6808409662569408,0.9396020350849787,0.1176951613490763,0.5134260771367629,0.0,0.9936363636363638,0.7257673249020042,0.941890162284852,0.3342199602144321,0.5308940457618934,0.906416704770614
1.0,0.6734848844383277,0.9395037972141947,0.13403020350053285,0.5127413625281771,0.5845128283666543,0.9790909090909092,0.6787885511426666,0.9364683851123228,0.3033343299950567,0.496055575849937,0.9186607732561082
1.0,0.6316738645531773,0.9410732639749264,0.15281599662431786,0.5112727468421272,0.0,0.9604524928157642,0.6270763996745798,0.930308242831012,0.2769352036912404,0.5147808742570552,0.9330670634609852
1.0,0.5998291490674387,0.9412465838207448,0.16309767422703814,0.5110639475358778,0.6116250219099971,0.949687542763308,0.7335626063161008,0.9226253177154032,0.2451889911294294,0.5609361254855841,0.9258126095028898
1.0,0.5949409140524893,0.9399652255014748,0.16954621689898952,0.5109513020394766,0.5947888315466023,0.9937738501707172,0.6578951261001401,0.9116645088252592,0.18090980133207674,0.5306990997734774,0.9835085313833032
1.0,0.5424517108822553,0.936401565483568,0.16755338687254612,0.5089497838919984,0.5149525864404161,0.9420970266040688,0.635330227054212,0.9096107307582316,0.1754269054147909,0.5213566452659361,0.640760197775031
1.0,0.5357600493569361,0.9349273471953176,0.17589196339271024,0.50830627320943,0.4650448327837607,0.9167449139280124,0.540056208860291,0.9122802984896624,0.1908920018645288,0.4692378292372749,0.8772613320685668
1.0,0.5231360637843482,0.9323332451380352,0.1847521218042588,0.5069595395503079,0.4816066941146048,0.8870109546165882,0.44936765032172143,0.9154264435545432,0.2173346716193912,0.478635112835455,0.8251914086320201
1.0,0.5061933463053487,0.9320033893874232,0.1996326581945027,0.5051252481910278,0.4744167703946729,0.8413145539906103,0.3457288662081209,0.9184932588670572,0.24095082205778875,0.4801856930661413,0.3105859805080943
1.0,0.4688908926961228,0.9309173481697588,0.21199350151503787,0.5043433891245445,0.4856119843852826,0.8046948356807512,0.24896087567487615,0.9235832023811871,0.2852729479779078,0.4962846234615496,0.3005138033682672
1.0,0.4896302975653742,0.931251789935438,0.2199272473117827,0.5031168781868006,0.4856716247820346,0.821074595722483,0.2479550329117665,0.9292281038998867,0.3332730262810032,0.4962180052735194,0.3113365868713946
1.0,0.4747757581510132,0.9247742427133936,0.19905074828287425,0.5050192435538483,0.4435187293092388,0.8111632759520081,0.19626506915169,0.932594243552734,0.3739224583445876,0.5233123846025852,0.2070654928387748
0.0,0.58312372455033,0.9177195331371788,0.16301415371958655,0.5144121219028795,0.4788512123321633,0.9162232655190402,0.3220915612750538,0.9390563659002706,0.4309957507983508,0.5183415819295429,0.4772711205372921
0.0,0.5925679844335817,0.909276538278966,0.13083551569634372,0.5158583106812421,0.4664979980899361,0.8904538341158059,0.2760076917387766,0.9385624086446036,0.4351827704724064,0.5013401425946644,0.4825379992930354
0.0,0.5839305206207585,0.9064854607935374,0.11453113656626122,0.5185621961975759,0.501113149794083,0.8776212832550859,0.3027364839878708,0.9377682404096196,0.4316417583385007,0.5144667105153115,0.3861240582034449
0.0,0.5831711831427081,0.9066649511420959,0.11331758151295257,0.5183197084724709,0.5014260809289491,0.8910798122065728,0.3594778492715039,0.9359953556388094,0.3950370120240753,0.4889408271962859,0.4439098548255069
0.0,0.5551231550472214,0.9066945229224956,0.10947224959246588,0.5186152886844089,0.4987012784949609,0.8604068857589985,0.35488499371348303,0.9346121034885844,0.3877024574037666,0.4853612385664646,0.3163267010808739
1.0,0.5238004840776423,0.9075653681639054,0.11355524302896725,0.5187953838034097,0.4960064503157995,0.7959311424100156,0.2635973670586496,0.9355953591689988,0.3932558934729576,0.4885765986730897,0.16425266041864994
1.0,0.5070950595605335,0.9060733766331452,0.11331745597460635,0.520329863597491,0.4999922664022922,0.7914449660928533,0.30902300125730353,0.9415157353826179,0.45030684243707103,0.4615479050614511,0.1857030688785309
1.0,0.5605808931707086,0.9023353638678391,0.1006743050192958,0.5230528377280079,0.4922405798232284,0.8664580073030776,0.41487316026921095,0.9477037459044066,0.5011582068114853,0.5067313703978429,0.4287241684625538
1.0,0.5419296663660956,0.8968841314018016,0.08786671611430356,0.5213660449565086,0.4923825690606654,0.7685967657798644,0.28093336291694376,0.9499691887460632,0.5275540350080806,0.4798757617956039,0.21620808900917166
1.0,0.5372312657206588,0.8933850181448685,0.07969807583005005,0.5226863215249573,0.4992635797605696,0.7582681272822116,0.32906589749278936,0.9564414984173392,0.556197954874171,0.5021940222247199,0.3303763845035837
0.0,0.5686963124673723,0.8912639200574456,0.0716866988827808,0.5228138183639117,0.4843023096802736,0.8225352112676054,0.4188299681976189,0.9600342756672562,0.5601424667575234,0.5022804845766878,0.4401510215673503
1.0,0.5545061933463055,0.8915208799931712,0.06580046606692735,0.5213812444163165,0.4942187999719629,0.7698487219613981,0.3184453812587826,0.960632915223653,0.557105748742888,0.4257437706394667,0.19395579612088465
1.0,0.5115561672440796,0.8924987419867053,0.06326139713229192,0.5193557170833415,0.4828205156684103,0.7499217527386541,0.3377338954219361,0.9672474372053608,0.5928919954838897,0.44085300522586623,0.16263218563624576
1.0,0.5039153338711974,0.8932230157350491,0.06097788266540291,0.522131770683282,0.5024567717950232,0.7395931142410015,0.3164854670512538,0.975732645387038,0.6584844941934114,0.4210638413527434,0.059322741776508474
0.0,0.5690285226140193,0.8904253230936935,0.03820275928351664,0.526360017178534,0.4566469579356016,0.8497652582159624,0.4365357591894091,0.9882129146598242,0.7571057542838184,0.4942262067081685,0.06515601783061017
0.0,0.586635660386313,0.8848875651115321,0.009355937162084093,0.5248496667773422,0.4859613445225608,0.8671883150756389,0.5078692404407964,0.9954380491114628,0.8269286771774136,0.5495213147702578,0.1865141481035523
0.0,0.6218499359309004,0.8827090134866026,0.0,0.5256097408404335,0.516339285337338,0.8969222743870631,0.5591968049700463,0.9993991663093679,0.8981530245380854,0.5455851409179302,0.3336544250451514
0.0,0.6071852308860519,0.8810116699909559,0.004513547633649494,0.5231606162095743,0.4790678635941571,0.9251956181533644,0.6387397381850454,1.0,0.930516273621946,0.6327820264204569,0.7126429861529197
0.0,0.6057614731147074,0.8801857947077484,0.011030490755130788,0.5230339957508624,0.5164412607182398,0.919979134063641,0.7282005768804082,0.9961854005565632,0.9358755720022154,0.6553076933757574,0.7589102950030095
0.0,0.6148260642589339,0.8766922377861276,0.008935533870418509,0.5242047906583129,0.5688404323166693,0.9192488262910796,0.7610531765401967,0.9899797813143864,0.9038031098608592,0.6392159289748066,0.8457104017722284
0.0,0.6199041336433961,0.8748594642718431,0.013951139903790792,0.5230304541784502,0.6139670395941951,0.9192488262910796,0.7900673027142959,0.98295041460211,0.8741178295681926,0.6560619140187768,0.8321155917755598
0.0,0.6298704380428076,0.8726337192829196,0.012750699223276887,0.5236162946797118,0.6138895696754281,0.9842462180490348,0.8999926040973298,0.9772513799062932,0.8652102176390277,0.7178663349292791,0.9860246751828792
1.0,0.6094632433202032,0.8718841020048248,0.017102744541873518,0.521814202133415,0.43860372751271226,0.9972527472527472,0.7834775534353966,0.9690057541740388,0.8405178963172133,0.6389752386954207,0.9992632448482957
1.0,0.5798490816762376,0.8704686516272223,0.017985291978804406,0.521756305910066,0.4913622383772188,0.97363573566659,0.7515864211226979,0.9648775389071332,0.8352981774489907,0.6682315969669332,0.9735161352285808
1.0,0.5319633619666839,0.8697830320579302,0.025364343785434614,0.5199119454469294,0.4835526862886114,0.8730140455906056,0.6826640041417056,0.9595069499448194,0.8104114048638955,0.6610562481027852,0.8525478030919451
1.0,0.5379906031987092,0.8677513249654233,0.02325213558787761,0.5207055656278494,0.4596609021149398,0.8702509785862306,0.7504696398195396,0.9558758349414151,0.8034206338065615,0.6732771537196911,0.948975378103545
1.0,0.5127426320535333,0.8655155657729837,0.019337849251929263,0.5178033213096987,0.4567479681938484,0.7953027860925627,0.7357961689224166,0.948230423414357,0.7579873497641254,0.6660294058782708,0.8235946936457946
1.0,0.49964406055716404,0.8659095718604247,0.02381000521918,0.5198605868312888,0.4665291197692184,0.7733133778494128,0.8249833592189929,0.9428734556706851,0.7246886815366796,0.6708379634753469,0.8505908452936114
1.0,0.4936168193251389,0.8679672866675853,0.03897117330107665,0.5188919472295365,0.4585297517652056,0.8071609486530048,0.8578433547814517,0.9380143071680124,0.6852793304497611,0.7172561088782302,0.9754141627415956
1.0,0.4733520003796689,0.8708682396739552,0.060662061598419414,0.5199892731122508,0.4757697095526106,0.7897766520838131,0.8110568744915314,0.9323978495691684,0.6747844083878811,0.6460043760950248,0.997576621525302
1.0,0.4269849556262161,0.8731518868536553,0.07134886697048777,0.5178216159076511,0.4792231167220568,0.7166705042597282,0.7811404481917017,0.9270609228900372,0.6934228214586755,0.6320519520935812,0.9417225150194116
1.0,0.41269991932039296,0.8735319713015673,0.07221818404593776,0.5197104108054432,0.4868794570950651,0.7089569422058485,0.7301235115745879,0.9218874842447646,0.6776321097256499,0.6232145252307764,0.9164768907107396
1.0,0.42257130653504826,0.8743222657529311,0.07322148628786579,0.520954940102476,0.4845806430997112,0.6958323739350679,0.6981732120405298,0.915791474032268,0.6475725670804928,0.6058514823166734,0.8623578832016805
1.0,0.3940961511081582,0.8745526711721444,0.07929133539124368,0.5210581361799317,0.4915568149777246,0.676490904904444,0.7329117668811477,0.90888145549624,0.5835942015669809,0.6268816111946875,0.7867677275010263
1.0,0.4009301884106117,0.8803893586863717,0.10558085253888136,0.5219530634520027,0.4814589386784801,0.7022795302786089,0.7947563050070265,0.9016002129805992,0.5376769947051877,0.6213766628437476,0.8398931555636728
1.0,0.3555597740971003,0.8852704113260795,0.12399742925512218,0.5166689979599064,0.5107439831868748,0.7163251208841815,0.8369425338362545,0.8938390085606294,0.4745837397075599,0.597019997389189,0.8827748360072696
0.0,0.3560343600208818,0.890924159380828,0.14808800458089372,0.5168233925265688,0.4613682325260741,0.7431498963849873,0.8278529694549224,0.8833824330015678,0.3850362290046143,0.5932183241050552,0.8544582968795561
0.0,0.3626785629538229,0.891490646570729,0.15035902856451067,0.517735555647307,0.5119801051192138,0.7909279300023025,0.9530729975593524,0.8746893230241715,0.31506224766218105,0.6067634599709493,0.90215108508878
0.0,0.3551326467656969,0.8891825971610842,0.14392076697907802,0.516717212330323,0.5189555237011585,0.7506332028551693,0.8252348199097705,0.865041096755385,0.2586108732947794,0.5667346229152864,0.9713827881987004
0.0,0.3683735940392008,0.8874278146619864,0.13782471652606682,0.5182107182993179,0.5163451939461114,0.7309463504489984,0.7544190518452782,0.8606649628885201,0.2377725153455347,0.5582141075024853,0.9754761335564596
1.0,0.3280337905177733,0.8858793339963092,0.13517454788801864,0.5169688722474376,0.5007656047893411,0.6751093714022565,0.7356112713556692,0.8562574872527657,0.21275711436046288,0.5500945643765001,0.890476383211236
1.0,0.3094774808979166,0.8871095416593157,0.14302709132006342,0.5143560005249113,0.526116177225364,0.6122495970527284,0.6560757340433402,0.8521796049752639,0.1808000604998881,0.5533218393064963,0.7218197272028172
1.0,0.3270371600778322,0.8881641533862655,0.1552283787586511,0.516720313319726,0.524451201151501,0.6749942436104077,0.7007100066563129,0.8514036892617283,0.1723124491739088,0.5912307212411785,0.8827255433682767
1.0,0.32428456171989944,0.8890751317098752,0.1632652065755955,0.5165168819959952,0.5239355308524769,0.6952567349758232,0.693669107314548,0.8484702999452769,0.1487389808408771,0.5843936395829128,0.8847290241631928
1.0,0.3337288216031513,0.8890793891945327,0.17021698860739398,0.51394569151556,0.5255047659510756,0.7059636196177759,0.6523851786110492,0.8454462041995818,0.12641718800135465,0.5475174605900363,0.931335249119682
0.0,0.32324047268758016,0.8868846541769436,0.16214823516366433,0.5125505907914505,0.5125875668992164,0.6767211604881418,0.5765032172176615,0.8399989993318668,0.09430049317434892,0.5475044127153441,0.9215298687567512
0.0,0.3333491528641261,0.8835513392462316,0.15745918262355255,0.5136930856906691,0.497140770884664,0.6654386368869445,0.6138451297980918,0.8371562607982048,0.08198909451940589,0.5699026929339495,0.8554715333164777
1.0,0.3165013525698828,0.8834407698142427,0.16634565593170625,0.5110269760038972,0.4981482406565457,0.5741422979507252,0.4292212114488571,0.8350217057710052,0.0704896720786401,0.5021915594353031,0.5836991748454259
1.0,0.2996535522756396,0.8864115621996945,0.1872386352923056,0.5094424796457389,0.5198811076411959,0.6235321206539259,0.3809703424302936,0.8385700291026337,0.08486280859679074,0.476582722861989,0.5874704491725764
1.0,0.2987518390204547,0.8890435886152267,0.20732701159258327,0.5096095476449861,0.5263508963879467,0.6625604420907206,0.4386435914503368,0.8392658506746571,0.08202002779702383,0.4592191909199774,0.6950723660648456
1.0,0.3196810782592189,0.8891469468197618,0.227443816084256,0.5120573333274432,0.4865898048433692,0.6589914805434032,0.4665113527105982,0.8349270532899362,0.042016122367831865,0.4771991427285857,0.6630290517622774
0.0,0.3585971240093019,0.8868625873862376,0.23780345127816446,0.5169513389027496,0.4826595321713593,0.7745797835597511,0.5732564159455661,0.8339710482938059,0.03675345886348708,0.4908034966691314,0.7838287652474358
0.0,0.3762991789663518,0.8867494115975957,0.25620377334186195,0.5153540453397215,0.5211748071640165,0.7851741521539871,0.4273056726573482,0.8311139455407304,0.013448029185500364,0.4636253599953506,0.7803948005983109
0.0,0.3433154572635377,0.8841354841058805,0.2509979784139195,0.5150038308177328,0.5268128703169075,0.7337305224564622,0.3673249020042897,0.8306379964024624,0.01970395269747266,0.47839828701739295,0.5742227671861407
0.0,0.3539936405486213,0.8808959350156754,0.2412096861157712,0.5161819366457192,0.5308586182665423,0.7103574702108157,0.30201908142888834,0.8299561332870204,0.0,0.489900365185132,0.4548690768135429
0.0,0.3660481230126714,0.8762467899091849,0.22035297532160006,0.517554329609446,0.5133907731935473,0.6837763519706691,0.2515124620959988,0.8333949697766576,0.010952593130705124,0.5098384693197302,0.3312960859610222
1.0,0.3635802762090077,0.8741517428750488,0.20956539863847112,0.5171733186168272,0.5050161874848595,0.6620073327222731,0.1561570889727088,0.8392476771894204,0.0351752625898471,0.5275275249401644,0.29006031562422474
1.0,0.316216601015614,0.8717030925737207,0.1994181069392528,0.5144953641961378,0.5033326668168928,0.5704628780934924,0.0,0.8454555801739461,0.06043861289644802,0.4532209385115417,0.03703982874544067
1.0,0.3552275639504533,0.870357069415261,0.19637919039674814,0.5158054637162289,0.5220446350797585,0.5954399633363888,0.07221359366910696,0.8559028663829801,0.10755230595308383,0.4363354551575525,0.0009082217973226717
1.0,0.3738313321626881,0.8683825576729572,0.19032857678928636,0.5182904081131116,0.5095358488222612,0.6413840513290561,0.1309814362842982,0.8645243302884129,0.14250466704533832,0.4094945963180941,0.0862495860209112
1.0,0.3648616582032178,0.8664280551814421,0.18490431972464427,0.5208395310209292,0.525573498871155,0.6296975252062328,0.07996449966718439,0.8714924588387303,0.1910563831390304,0.4308184462664726,0.045740260129914605
1.0,0.39642162213468746,0.8653684555574882,0.18120293674875945,0.5211992000853128,0.526483877686256,0.644821264894592,0.11587900303231975,0.8804721087532108,0.2503516402644739,0.4023566134467396,0.01328732221756342
0.0,0.4001233923401833,0.8650622332221599,0.181665450270402,0.5217267332486382,0.5305648504899941,0.6789642529789187,0.12881443680201116,0.8886889897829133,0.3047879842281779,0.4078952861010608,0.04418357145160709
0.0,0.4020691946276873,0.865205660781185,0.18470734103379294,0.522028989379054,0.5214432878767653,0.7196379468377636,0.13382885881221795,0.8979944140117571,0.34813892122925083,0.410182159107548,0.06113135743541754
0.0,0.42798158606615744,0.8639539926012308,0.18301848298085832,0.5215937556163027,0.5240103667056792,0.7394592117323558,0.1684860587234676,0.907676921446104,0.3893197828435302,0.4265211788022129,0.10060926584359263
0.0,0.4307341844240901,0.8636853466775413,0.1856974040045221,0.5219399779084702,0.5275988926170785,0.7363657195233732,0.2071592337844831,0.91460482992724,0.4100124390849291,0.3964688224632563,0.1780092551233719
0.0,0.38669261069716665,0.8648958235047152,0.1932145847239297,0.5201147644435563,0.4979247401382845,0.6992438130155819,0.19076991346793928,0.920137918157129,0.4138841267096592,0.3733479584156051,0.036448748414301714
0.0,0.4362393811399554,0.8660995926399903,0.20325296204960547,0.5262605434455716,0.4906467422161742,0.8194317140238314,0.2889505214111381,0.929280400833388,0.4502574690089365,0.3759303420394178,0.17973777348777348
0.0,0.4448768449527789,0.869489581662,0.22282512895711176,0.5236149563603198,0.4945833048559505,0.8228689275893679,0.33863619554766605,0.9353244032554956,0.4756162816417734,0.4060632860863012,0.3299549549549543
0.0,0.3862180247733852,0.8761592559999297,0.2560354283616665,0.5167079213169015,0.5112732358169992,0.8345554537121906,0.3381480659714513,0.9383504048901591,0.5108852909125837,0.4050355454066487,0.3069095881595875
0.0,0.3311660576147311,0.8800364481604975,0.2719051847349222,0.5141576265450937,0.5281370167658916,0.7997250229147572,0.3433325937430667,0.9423097861275632,0.5318405175834011,0.4086371047375167,0.2005509974259981
0.0,0.3531868444781928,0.8790261135433567,0.2696271953745589,0.5165132376399237,0.5301226493477785,0.7278572220374683,0.2669846904814732,0.9478640005749116,0.5713986829908555,0.35935914387148205,0.025619369369370724
0.0,0.397845379906032,0.8757470642346828,0.2573420239989309,0.5218366931271956,0.5307286478451463,0.8342755792040795,0.446490644183122,0.9584673569295374,0.6354690214293552,0.4751096556358057,0.2700783421784172
0.0,0.3904892980874187,0.8732589809489316,0.2556869230192288,0.5210024323326143,0.5328417317967017,0.8423678084469571,0.4447008357370017,0.9619795705381846,0.6693595860920043,0.4733131311011958,0.2508264570372482
0.0,0.4201034597313844,0.8703896178901444,0.25482482499267306,0.5207278921069124,0.5307057552600133,0.8543398736282009,0.4887064566230309,0.9671294106476818,0.7111562743743107,0.4756605572517622,0.07945729568882845
0.0,0.4244696502301743,0.8637532508707834,0.23909700878735465,0.5175213805857444,0.5145183329784873,0.8568894801019843,0.4855705938909846,0.9713214118514396,0.7628789460077359,0.4723610716342165,0.15756845796875402
0.0,0.479758910350719,0.8581341210206187,0.22728072843120856,0.5203258850365368,0.7230999275011601,0.907881609577652,0.5866577915834625,0.9752402612925511,0.8135532733047379,0.5566430795231213,0.5391184573002739
0.0,0.5068577665986427,0.8541205431539379,0.22390690345924716,0.5197921329688359,0.4987003318752701,0.9437978051213836,0.6574735596479548,0.9750037360267972,0.8394348380337244,0.6231579688263259,0.7759543486816206
0.0,0.481657254045845,0.8552094467312749,0.2400364565254277,0.5204527053637843,0.5580355067986272,0.9333776743154862,0.618038606611937,0.9713988690818188,0.8250225646647342,0.6113639347127645,0.6941106400868854
0.0,0.4364292155094681,0.8559000617814784,0.2524087575148829,0.5189197078341422,0.7216631820954085,0.9014521671655028,0.6686709562902153,0.969118865965172,0.8176933839555965,0.6602203586592442,0.6614231160004196
0.0,0.4704570262446017,0.8535117682758651,0.2469668051176879,0.5190995684139846,0.5662785172773867,0.9399179691830174,0.713578877301975,0.9646939848200328,0.7929329454279495,0.6961903104313172,0.8513124721933852
0.0,0.4836979735181055,0.8518840518018352,0.2447202273443318,0.5206781998069387,0.5824674330090953,0.9253962975279904,0.7708453516751724,0.95858638457363,0.7724165449227303,0.7357706982580559,0.8047802500196558
1.0,0.4408903231930141,0.8490199645710502,0.2374176144908397,0.5157069405519756,0.6210168419402946,0.9283893138233013,0.8204200872716518,0.9527090715633622,0.7515679650025702,0.7237981299003231,0.8399103040429139
1.0,0.4676569692942908,0.8503054030864753,0.2454383971522687,0.5187777815778732,0.5594946844544472,0.9138676421682742,0.8268619184971522,0.948652425308146,0.7474753709964279,0.6852986038760843,0.867078379314325
1.0,0.3914859285273599,0.8527892302267045,0.25989147198051143,0.5137697443400601,0.5454289946242712,0.8070058751801352,0.8073663190592409,0.9445955063348932,0.7393558643255029,0.628954903970663,0.9296988990582298
1.0,0.3297897584357648,0.8538333259638605,0.2664314417952065,0.5109225559346533,0.5536929659770058,0.7450939888452798,0.8225057318245693,0.9396890701685016,0.7347119258130155,0.6383583639466672,0.9797005939305192
1.0,0.3903943809026625,0.8572724585890076,0.2844515442965934,0.5139073239156343,0.5569794939139913,0.7496385044412309,0.7601360846091261,0.935454382072444,0.7502002745064351,0.6232223505963187,0.8838075810245403
1.0,0.3304067201366809,0.8594420032815283,0.29763237427575195,0.5113953972389067,0.5642840363761173,0.7449907043999174,0.6648546705125362,0.9312307901631836,0.7570928333860463,0.5337027713136232,0.8809766657646587
1.0,0.29272459778842963,0.8645381619191926,0.3216779245543961,0.5078302122264862,0.5674699471395184,0.7343703260544421,0.7661637452851127,0.9271285400807516,0.7668124868874411,0.5457876060810919,0.8966299619075376
1.0,0.3092401879360259,0.8642459866105648,0.32598787172525545,0.509391425650207,0.5730697349829874,0.6843506370032327,0.7417942459877228,0.9190532726794192,0.7337204207802088,0.5753120792485822,0.9984071133089248
1.0,0.30800626453419394,0.8620078141458482,0.32549236354654865,0.5091552150363694,0.5642937554488355,0.6671420422133487,0.7234524073663189,0.9130318330052992,0.7265570214615833,0.566523466788941,0.951028817454238
1.0,0.293436476674102,0.8623256743293185,0.33618790376675106,0.5078209887275196,0.5752176274205186,0.6792165810990685,0.7308039346202206,0.9070424114215332,0.7104099089981188,0.5740219342627292,1.0
1.0,0.2747852498694889,0.8630237697663147,0.34497623877429706,0.5094932390885399,0.5703638857306954,0.6528807758128923,0.7444937504622443,0.9006595985613328,0.6949860362815032,0.5830675169226079,0.9333352229245216
1.0,0.2746428740923545,0.8627258154202128,0.34626507983991306,0.5094421346317892,0.5751100550206435,0.6484122456740826,0.7426891502107833,0.8947728562089696,0.6888081236410104,0.5807904778551318,0.9813017960893028
1.0,0.26652745479569084,0.8638200072376389,0.3513223314972252,0.5123482278361544,0.5723143405399371,0.6447993915193002,0.7303601804600252,0.8890208702303108,0.6853363033573627,0.5746729632740272,0.9100743337160808
0.0,0.25912391438469945,0.8636697694719556,0.35449527283421484,0.5119058879704499,0.5711303716980479,0.6320384889522453,0.7643221655203019,0.8822572588595003,0.6735033990550527,0.5524728126281357,0.9902909904868488
0.0,0.28413459256798457,0.8580668923605571,0.3365805872542059,0.5107269695201981,0.5840891355570127,0.6460263720598718,0.8203757118556321,0.8741773368154366,0.6324712416038769,0.5829905688356279,0.9531652580124736
1.0,0.32252859380190785,0.8501047535663829,0.3110907829493175,0.5144391970426814,0.5896853494109964,0.6093193157519601,0.7930404555876052,0.8665053140425802,0.6031238902059971,0.6206796875431759,0.8918802075145426
0.0,0.32969484125100845,0.8422521937649449,0.2834678280057566,0.5114776664827301,0.6063901632666361,0.6138631503920171,0.7806301309074775,0.8616540041520422,0.595967828955443,0.604200032592397,0.9369595975475556
1.0,0.3131792511034123,0.8355083329668854,0.2598847557204832,0.509287877746909,0.6065185559604732,0.5490021382751247,0.6876266548332226,0.8555755407754102,0.6021609191287939,0.5859200167891484,0.9704022569191108
1.0,0.3591191685254616,0.8279530113836014,0.23143895723422545,0.5105840669746032,0.5913270886145235,0.5529223093371346,0.6708897270911915,0.8514465848677804,0.6144179052108758,0.622570703738807,0.9316357799503854
1.0,0.35190546248398274,0.8200251045549539,0.20393085313633647,0.5095301200083766,0.5775644409964299,0.5022273699215966,0.5838769321795722,0.8461853456884032,0.6188271144012567,0.6123009738423506,0.6840799649788403
1.0,0.3572682834227138,0.8167250075050391,0.1926840897627189,0.5099899614603093,0.5913221197909445,0.4725588025659303,0.5562088602913983,0.8442159964577078,0.6497263651555003,0.5921101929412425,0.5251228172576485
1.0,0.35807507949314216,0.8158516277947964,0.19517001632342407,0.5101640609157164,0.6031819680794634,0.4900213827512472,0.5484283706826418,0.8446077320928074,0.679297805871445,0.6341072507452844,0.5130113332360532
1.0,0.3618717668833944,0.8185410904985319,0.20903863429720348,0.5106821540570737,0.5920177363201814,0.5114932287954385,0.5671178167295315,0.8459205816643038,0.7065752197495309,0.6502409881771394,0.65491998638066
1.0,0.3337762801955294,0.8183062344575914,0.20966976044840147,0.511306007976376,0.6045509510412207,0.5029401282965076,0.5340803195029956,0.8447595283257596,0.7173942151001944,0.6717813023515972,0.5833211732088142
0.0,0.3607802192586968,0.8156924748410753,0.2027140600991717,0.5105937110150006,0.609318395788301,0.5061475409836065,0.5745506989128029,0.8431337143024984,0.7434268879578344,0.6573904725117052,0.6496181720900832
0.0,0.4039200797304353,0.8114081646372159,0.18733316723225807,0.5118174070308564,0.5844287049798605,0.5449037776193871,0.7131499149471191,0.8405364801847419,0.774798004167746,0.7426625532006522,0.959628386594678
1.0,0.3615395567367473,0.8105212008157857,0.19202973332864334,0.5104380439717829,0.597824048090401,0.4730933713471134,0.5955180829820281,0.8328772745362567,0.7568378501405033,0.6925557354826936,0.8860370296103192
1.0,0.35869204119405823,0.8098443728754326,0.19350567640798555,0.5102708384214243,0.6006221339889461,0.505256593014968,0.6255380519192371,0.8304208940963862,0.7626891938005433,0.6811072320139945,0.9600628300247316
0.0,0.3889706231313179,0.8077699779762021,0.19462234301290304,0.5100145388940763,0.606011671702652,0.5128296507483963,0.5983433178019376,0.8260905752781096,0.7592585837042689,0.7017671872999766,0.8817749492971524
0.0,0.4098049451853257,0.8028904797270212,0.1841610080611074,0.5087195998678609,0.5797924127474487,0.5323414112615822,0.6128097034243032,0.822833058849679,0.7759377750307401,0.6728157387538778,0.9362141408287464
1.0,0.3948080299938305,0.7959245902986555,0.16276356870407593,0.5068661218440029,0.55756744637187,0.4801318602993586,0.5701575327268694,0.8190197301552955,0.7847695360901157,0.6312405310887711,0.7672060753051562
1.0,0.4153576004935694,0.7903158308448982,0.14834561048105765,0.5093398927420849,0.5636175843376547,0.42560584461867423,0.5707196213297836,0.8161105788631888,0.7804093036528299,0.6320004920234938,0.7905848674008985
1.0,0.4213373831332164,0.7832955393801296,0.12351497117686762,0.510095795298556,0.5586406614334516,0.4403064861012117,0.6213297833000516,0.8129332774717672,0.7790900962639051,0.6822286083862201,0.7314222098524905
1.0,0.4547007735750557,0.7788280852896646,0.11263762595600685,0.514293164853628,0.5590263810068895,0.4398610121168923,0.6085644552917681,0.8094334309754299,0.7703770670617154,0.6713719465247588,0.6533736233151753
1.0,0.4568838688244508,0.7778157040878139,0.11041459264152556,0.5146464634685871,0.5562699758026642,0.411528866714184,0.5488869166481769,0.8089868413648118,0.8059440346547709,0.6071071068235205,0.3633258618849397
1.0,0.4043472070618386,0.7823549377307699,0.13168771766271198,0.5117920613056189,0.5549104506922028,0.3966500356379187,0.4929738924635749,0.8108468727976899,0.8513247668957573,0.52829349904442,0.3682712491550128
1.0,0.3821365858288643,0.7853831302141937,0.14298153801982033,0.5092190125250899,0.5711810652418187,0.4147362794012829,0.5655129058501587,0.8130328089626107,0.9062476357432052,0.569397939384487,0.5095883587718352
0.0,0.4407004888235016,0.7880687851005693,0.15630419451082878,0.5125946649083204,0.5866311558790664,0.4534925160370634,0.6181051697359664,0.8117741825237106,0.9504725168740636,0.5930165694712118,0.6802220087522673
0.0,0.4194390394380904,0.7917071049514007,0.17374680550200267,0.5101001177311925,0.5785319737029031,0.4911796151104777,0.6554322905110566,0.8088814027625209,0.9609695721602602,0.5826900991314816,0.7125630571487787
0.0,0.3669023776754781,0.7992042073512279,0.2065116634286152,0.5080040659316023,0.5757329489012004,0.4820919458303635,0.7017528289327717,0.8051359488162293,0.9653627082654632,0.5819447703814165,0.7861860908224834
0.0,0.3523325898153861,0.8032773492964776,0.22448102790604912,0.5101296881529634,0.5787466295611232,0.4762116892373486,0.7108128097034248,0.7992627639742649,0.9304957851268424,0.5901282507606921,0.7383639509020521
0.0,0.3596886716339993,0.8053953095459259,0.23648364000944266,0.5072464317524961,0.5879133509227037,0.4861012116892373,0.7999186450706313,0.7954739546740901,0.9389621822957824,0.6028244236154822,0.7998795798675384
0.0,0.34293578852451245,0.8090692905722451,0.2527631326207961,0.5055599847804365,0.5875596234801757,0.4982181040627228,0.7876636343465724,0.7921003899311554,0.9563260911480138,0.5733965259571362,0.8835617845913568
0.0,0.31654881116226097,0.8115694999124671,0.26410400733386885,0.5029757744439134,0.5848044833614715,0.5074839629365645,0.7625101693661709,0.7877437891863956,0.9969462185040529,0.5272149503642243,0.9148599494461678
0.0,0.3305016373214371,0.8162370030575238,0.2793310182852689,0.5043819366823254,0.5865915771930696,0.5040983606557378,0.81213667628134,0.7799557882082382,1.0,0.5581244195644273,1.0
0.0,0.2788666888140099,0.8204030231471832,0.2961421723229497,0.5031344317257112,0.5946332575886901,0.5005345687811832,0.8544782190666376,0.7714321997123585,0.981718252016592,0.583751933567645,0.8772865527138758
0.0,0.26961226330027066,0.8236815074669596,0.3107042569861422,0.5025490431182248,0.5954838047763287,0.5307377049180328,0.8740551734339176,0.7670314138677989,0.9575960168657374,0.613947009105651,0.9504410212370052
0.0,0.2885007830667743,0.822045519948737,0.311088653384063,0.5042390599966096,0.597029623533778,0.5138096935138988,0.7888617705790995,0.7616542934730803,0.9250367284863056,0.5573360206626112,0.9559843400447432
0.0,0.3000806796070429,0.8175786552364267,0.2986026182585377,0.5016914216773657,0.5959181100770078,0.5207590876692801,0.8516012129280381,0.756325821948107,0.9077656822167957,0.5330125410979605,0.95909768829232
0.0,0.3110910730387738,0.815192500162416,0.2933413489011513,0.4990639913264491,0.5959860212084935,0.522897362794013,0.8640115376081652,0.7486278126108361,0.8637121442328562,0.5393669653842977,0.9592917362975756
0.0,0.3113283660006644,0.8076811882459309,0.27073124667881665,0.4990674485837148,0.5979619284664938,0.5200463292943691,0.8499223430219658,0.7412936716016005,0.8288301003609693,0.5829639819407041,0.9445706667668092
1.0,0.3726923259456126,0.8002591967764633,0.24651250384812784,0.5053970275859646,0.5930118844929206,0.5043656450463293,0.8843354781451074,0.7349592284097948,0.7969430607377048,0.5448887782496776,0.9847683274228232
1.0,0.3658108300507808,0.7931990198808198,0.22617840380617302,0.5045644256195891,0.5927369838483286,0.4746970776906628,0.7832260927446199,0.7272739503101866,0.7740954592870397,0.5310378322515632,0.8373561792821846
1.0,0.3599734231882683,0.7930556306077209,0.2283434309550615,0.5076485869399262,0.5915002142903549,0.4691732002851034,0.7847348568892836,0.7223695172356823,0.7802109998505571,0.5318526072391608,0.8328340552195239
1.0,0.3499122016041005,0.7959932329547253,0.2451888040449552,0.5066294981790539,0.5944844540576579,0.4729151817533856,0.7957547518674658,0.7150142981080749,0.7745053560174604,0.5375803261028925,0.8116926482092777
1.0,0.3284134592567985,0.7988043849253829,0.25846975596170785,0.5045667396536995,0.5910221494426091,0.4852102637205986,0.9046372309740408,0.7071164467757621,0.7370156060807775,0.5643058236249588,0.9585948978228932
1.0,0.3107588628921267,0.8000046307181224,0.2607868950810959,0.5063018681068576,0.5844336922368356,0.4548289379900214,0.8748613268249394,0.6949194804357028,0.6741932421714039,0.5530704776593676,0.9824309721652952
1.0,0.3152674291680509,0.7979365984666559,0.2506088546100841,0.5067218135193847,0.5806874538146279,0.4501069137562366,0.8979809185711116,0.6823138580319159,0.5671689739667771,0.5646605876845664,0.993641640571298
1.0,0.3277490389635045,0.7954220853003048,0.24447156134638395,0.5079713026982148,0.5765758207600559,0.4466322166785461,0.9845203757118558,0.6725138654778648,0.5167147170918793,0.6036185309034658,0.9712132279699844
1.0,0.31678610412415176,0.7922241389814383,0.2411891604282157,0.5066392706747634,0.5762916767877725,0.41821097647897376,0.8161896309444565,0.6630622474172148,0.4696198548321775,0.5124633293131329,0.962203860305984
1.0,0.3384746808409663,0.7883658378460224,0.23702186883850526,0.5052461973632176,0.5770544746076137,0.4302387740555952,0.8031876340507358,0.6574659664555011,0.4727883923082806,0.5082963553221135,0.9848906208484638
1.0,0.33501020359736144,0.7853082293839649,0.2337138412651779,0.5045276678149938,0.5794181413421683,0.3773164647184605,0.7343317801937725,0.6495661192653437,0.4553438322773919,0.4808275601150728,0.8
1.0,0.3331118599022354,0.7837753003690552,0.22356114551813636,0.5043899952462297,0.5827509981589623,0.3868496079828938,0.7708083721618224,0.6448676195969316,0.4396736675124479,0.5089784232221323,0.8900516913031652
1.0,0.33121351620710937,0.7838060909848746,0.21437762432627824,0.5041536393649736,0.5988958789463004,0.3817712045616537,0.8330227054211969,0.6352369636452586,0.4073283242858366,0.4950439065982821,0.9793597533327294
1.0,0.3158843908689668,0.7842267875945624,0.20484366821466976,0.5021939303979773,0.6169839144692932,0.34354953670705624,0.9046963981954,0.6242545259812617,0.3546704965599685,0.5306200806673516,0.983891658114646
1.0,0.20079730435195306,0.7845705410960216,0.2043022458471908,0.4894704710007455,0.608545511730043,0.14869921596578772,0.7578729383921305,0.6167622577097298,0.3296019351605704,0.4971696802356238,0.7811755509231684
1.0,0.20843813772483516,0.7880024967662457,0.2159319079688674,0.4866910975304344,0.5963677321618356,0.15368852459016386,0.6994674950077657,0.6170666911629206,0.3425946631016312,0.4532293035576046,0.786982578916021
1.0,0.2296521285178682,0.7894110834474711,0.21914801057598216,0.4899585065731136,0.6140349913926466,0.2219351389878832,0.7362473189852822,0.6178857213472506,0.3424877869187598,0.4754140561893678,0.9670562835020842
1.0,0.21508234065777604,0.7919319986279515,0.2293177912419844,0.4873226126492918,0.6107297166900187,0.17034925160370626,0.5894904223060425,0.6132602937095553,0.2987735330689682,0.4468572987343766,0.9601777699551176
1.0,0.1867495610080206,0.7924920203193596,0.23277005283689775,0.4873716713362636,0.6150661232255273,0.14353171774768353,0.5890318763405075,0.6121686292351649,0.2928050813576341,0.4469243428916176,0.9050779510022272
0.0,0.20573299795928066,0.7926974177385259,0.2355066920743209,0.4859903796318871,0.6169049430928049,0.15466856735566642,0.5354929369129501,0.6111303390701976,0.3036599262867288,0.4185667279781891,0.9300445434298444
0.0,0.2278012434151204,0.791347948010981,0.23562205797135846,0.4848988442343313,0.5964958405473386,0.15849964362081262,0.4436358257525331,0.6103766447847874,0.3287090374246249,0.4258950706479193,0.8232770883942837
1.0,0.2490152342081535,0.7911214101235399,0.2379572154511584,0.4840270587127019,0.5999360273770532,0.19128652886671432,0.4760150876414465,0.6090479232256021,0.3047205125114624,0.4406289133486939,0.8384339136544614
0.0,0.24996440605571646,0.7938678447986632,0.2544956051057328,0.4841927336141028,0.6023323338621678,0.19538488952245184,0.5112417720582796,0.6039779595566563,0.24493082083815004,0.457308940901581,0.7979168621563288
0.0,0.22832328793127998,0.7972569617077395,0.2712426549484433,0.4854816532881843,0.6213870402748989,0.1903064861012117,0.5054359884623918,0.5975368616077403,0.16353532178382027,0.4545951107433999,0.749160176409871
1.0,0.1904987898058944,0.8016801023888324,0.2939218794414229,0.4835090959166011,0.6116970661683694,0.1273164647184605,0.4855927815989942,0.5944928160487617,0.1391766879082536,0.44483597019264093,0.6173594820305899
1.0,0.18888519766503728,0.8030951400172189,0.2975543705813537,0.4837595250845191,0.6176533961278823,0.14834283677833207,0.3702906589749277,0.5936033513222354,0.1428485156942838,0.4445954196707744,0.5833911982734351
1.0,0.20644487684495288,0.8026008016624094,0.2911458010136322,0.4855814207362812,0.6060477538216273,0.137384176764077,0.3334368759707121,0.5971903389877982,0.1855177773398051,0.4247663594191852,0.4812799099183637
1.0,0.19348868112571785,0.8011843184219473,0.2797265096170193,0.4826815263140191,0.6190343757871478,0.08009622238061292,0.09010428222764556,0.5991816563492591,0.18823969347952152,0.3530415974934084,0.14768271219933976
1.0,0.2241469318020028,0.8048469335519065,0.2948433222844519,0.4871394490377561,0.5989602111034303,0.1395224518888098,0.2834109903113675,0.6071203277230974,0.2265357764330248,0.3919198943865884,0.401064709380757
1.0,0.1804850268141047,0.8113075290125525,0.3226068651154204,0.4856677510588414,0.5924427162784572,0.12054526015680675,0.3134235633459063,0.6067192613698198,0.2293892681090463,0.4086907176547804,0.3682530933143797
1.0,0.15547434863081955,0.8188001468825331,0.3522588176292925,0.48660540924051293,0.5885075703925091,0.113863150392017,0.267176983950891,0.6065614444501006,0.24945968211772346,0.4359746232685392,0.3365729122847736
1.0,0.13435527502254296,0.8308570248316828,0.393566159422229,0.4875451912899913,0.7836571931426585,0.0947968638631504,0.3460468900229274,0.6086492484621975,0.2633254843543303,0.4306056966362977,0.3370515963387923
1.0,0.03497698258269677,0.840460997297554,0.4244982422343947,0.4813668682478021,0.784897094464554,0.07305773342836781,0.31884476000295825,0.6086633298410613,0.2319569387681427,0.4650454058630686,0.2864561423867476
1.0,0.009586635660386368,0.8518016483625478,0.4635302389058938,0.4759592178800418,0.7851134248025469,0.0005373455131649855,0.23359218992678046,0.6121933629080699,0.23141064220387844,0.4021409561916625,0.002117313785903468
1.0,0.0,0.8557605717089275,0.4733372628622315,0.4762564058168231,0.5414642313895305,0.004712187009147103,0.28338140670068784,0.6220990870305123,0.230466103257186,0.4243841225639508,0.02091396975117926
1.0,0.013335864458260294,0.8618671772231207,0.4911840303944908,0.4741786654662649,0.5121729391002937,0.015337706735655519,0.3807410694475261,0.6319376923965894,0.25702330183140554,0.4294914113646137,0.08375625572707363
1.0,0.008922215367092312,0.8641176450658931,0.4933295875253193,0.4745714455480662,0.5599673953882598,0.011338732729871345,0.3949633902817839,0.6416987176336735,0.2747716734936171,0.4372514644957389,0.046088991084755136
0.0,0.05932324047268772,0.8650824275621021,0.4903273432394625,0.477256681115304,0.5639000364334089,0.04445101517839562,0.3688558538569631,0.6517141989117088,0.327495680114992,0.4269861141844147,0.12978102189780946
0.0,0.07061838545868737,0.8652103616509995,0.4887177853948607,0.4778318126340394,1.0,0.02227478809383027,0.3349530360180457,0.6566438094747775,0.3370472867308489,0.4560946712659299,0.0581995133819942
0.0,0.056096056190973465,0.8648552037074505,0.4862848267004869,0.4801168934759497,0.5477862136191097,0.019219396806623462,0.4831373419125807,0.6608862865866267,0.3300213485399396,0.4905655001739478,0.25577517288734153
0.0,0.09762232452185464,0.8666738991494739,0.4892608678785227,0.4813783633404631,0.5717126623814598,0.05263157894736845,0.539997041638932,0.6613114919002092,0.32017349182169696,0.5226190050732307,0.4588013144342538
0.0,0.09244933795263638,0.8674036094095156,0.4868889969143087,0.4845132723449828,0.562010922553835,0.049576187660161655,0.569255232601139,0.6630380124654864,0.3425288043185037,0.4888779390122708,0.4823924665260678
0.0,0.08888994352427515,0.8695509628949843,0.49086490978282304,0.4878504322350372,0.5345176568420592,0.04799921151192592,0.4277864063308928,0.6654700038201964,0.3883621069149139,0.4624812165557535,0.3547746333807445
0.0,0.0953917706800817,0.8709972839177328,0.4960299652124183,0.4884251190037786,0.5407600742431338,0.0433668440764834,0.3530064344353228,0.67110889989593,0.43159646236747257,0.4772682396788946,0.3103143852077098
0.0,0.10160884628161937,0.8741771641282741,0.5080473940890371,0.4854054370489109,0.5463954498195526,0.045436625271042905,0.3130315805044004,0.6746222955638121,0.436514948647556,0.504931092296189,0.20388444749619852
0.0,0.1146599591856105,0.8772698020470029,0.5162728091099958,0.4881401209274609,0.5632886527637876,0.12132860240488864,0.4712817099326974,0.6779826890573066,0.4167120884964091,0.5348319248785527,0.5418117612438078
0.0,0.14318257320487882,0.8793737249966497,0.5205939041373563,0.4879334800274371,0.5753718065845301,0.1603587620737237,0.5070408993417647,0.6764591599476497,0.3672679921608518,0.553765614095265,0.5305802148217177
0.0,0.20891272364861674,0.8794436678305367,0.5132050813736619,0.4922237879208544,0.5783748771743987,0.27202838557066844,0.6209082168478667,0.6767320548084619,0.3474003537593604,0.6163593494635969,0.9431065770758748
0.0,0.18774619144796176,0.8794780119150831,0.5110860508261067,0.4930518016274009,0.5687092731551577,0.2320126158091861,0.5309740403816287,0.6699100889604503,0.2785585727787563,0.6161541998903295,0.8336486523539258
0.0,0.16895258886621434,0.8792455130839657,0.5090030047004725,0.4902677193002266,0.5525481363538709,0.19051843090873255,0.5677316766511352,0.6641091528804881,0.21580529297304074,0.636159786685982,0.6603602862548338
0.0,0.19263442646291126,0.8813399666347149,0.5249114972255606,0.4892713022488189,0.5577518007578316,0.2012615809185888,0.6595222246875232,0.6578827351003679,0.14419606073331115,0.6363497960098807,0.7719283814537592
1.0,0.13255184851217328,0.8825141014527035,0.5368011040504999,0.4852877536097335,0.5546355303048711,0.1321703134240097,0.6368685748095555,0.6521540232102141,0.0967627269950655,0.6272346175281759,0.4805077311108677
1.0,0.1436571591286604,0.8864236910174877,0.5583455256218094,0.4864982657061725,0.5373004193508241,0.13187463039621547,0.5993861400783964,0.6524884324603881,0.0877539611519384,0.6034555589794611,0.5586429193233423
1.0,0.12154145508044235,0.8876474435947602,0.5636692575801574,0.4872505790352608,0.550744292159103,0.10368618174650117,0.4684342874047779,0.6522092833787636,0.07750306870218943,0.5826656712083741,0.3793614568383416
1.0,0.13008400170850942,0.8885621193998741,0.5676849033125378,0.4845535711230262,0.5479770008338488,0.10940272028385592,0.5679535537312329,0.6577297671660916,0.10495978766129266,0.584011860980483,0.4123473637155032
1.0,0.142613070096341,0.8898233518453506,0.5731436555334519,0.4857140934776018,0.5414493211847702,0.09885669229252908,0.3734708971229935,0.6607320120240441,0.10412336289834184,0.5464276266869319,0.29576735759828743
1.0,0.13084333918655985,0.8916324620275701,0.5813682769243416,0.4846180615680936,0.5449864295373194,0.1017149615612066,0.3964055913024183,0.6683663353416059,0.1347987441294703,0.5050873379371815,0.3611509775780535
0.0,0.15082340657776105,0.8946964588283585,0.5938018254847857,0.4873618736181365,0.5429463521638701,0.14370195150798354,0.5242807484653502,0.6725011287138489,0.1362694312692771,0.5129859314336837,0.7154083241182984
0.0,0.1458402543780552,0.8947201016100496,0.5943062230654544,0.4864764853662241,0.542243487572197,0.12793219002562606,0.515723689076252,0.6729056280213173,0.1385946334173953,0.5087659398299347,0.7540408912312082
1.0,0.1491623558445258,0.8946453920492995,0.5922851037859225,0.4860518012792586,0.5461629459749611,0.0918588606347331,0.3602026477331555,0.6731176964178556,0.13928591175342284,0.4820840402208539,0.4793308707620642
0.0,0.15723031654881114,0.8926794895967055,0.5801681682905525,0.4834126709925381,0.5394676108438738,0.10378474275576582,0.3624731898528216,0.6755633605875444,0.1490153282671242,0.4831373803774273,0.4774311090867688
1.0,0.1804850268141047,0.8914951611723442,0.5735997504672341,0.48590117386441606,0.5489933023344566,0.09353439779223346,0.4305672657347829,0.6772902507835981,0.13476436148106047,0.5188992294050627,0.409246185379185
1.0,0.21432300317972566,0.8895733121115071,0.5651955806885323,0.4866568978061101,0.5362172782898879,0.14222353636901247,0.5023223134383551,0.6784221070993364,0.11108832905872773,0.5519389104124685,0.7263493509451144
0.0,0.2441744577855821,0.8885137075722119,0.5603487236318325,0.4868047083756977,0.5456805272922656,0.17997240291740602,0.6270468160639004,0.6774364337762253,0.09137381834122517,0.5630699853285388,0.9153268048280568
0.0,0.2580323667600019,0.8877390012208016,0.5545145353056059,0.4847316845913186,0.5267801475848419,0.18007096392667069,0.6114488573330377,0.6747298351534898,0.07386872241973974,0.5543604067316535,0.9395809610567064
0.0,0.26367993925300176,0.887411062584783,0.5532379775353138,0.4817212249729846,0.5356174052952376,0.18381628227873054,0.4367206567561568,0.6729348043928223,0.06503604856889439,0.5234290990187134,0.7661125028467315
0.0,0.2485881068767501,0.888105838069769,0.5570943035391844,0.4792764970745036,0.5325345285278456,0.13985807214665902,0.3859034095111308,0.6745607266558578,0.06895431501044152,0.5498057387515051,0.6126564222265446
0.0,0.2682359641213042,0.8894708123324072,0.5610065724592962,0.4782696357219967,0.5306847853830974,0.1782968657599054,0.3576288736040233,0.6764620391574674,0.06804198004250689,0.5388785840046598,0.5945325292543635
0.0,0.2690902187841109,0.8903119510034933,0.5638518214719551,0.4784085347105666,0.5168058923801785,0.1817465010841713,0.3421492493158791,0.6792108628774765,0.0695620352553436,0.5336975679219442,0.5822934928328343
1.0,0.23055384177305305,0.8920967114307653,0.5667041887770841,0.4719562868083262,0.5339230071554905,0.0819041986989947,0.1942755713334809,0.6795819826548826,0.04404451510131169,0.5153297546706406,0.35770954409412725
1.0,0.20843813772483516,0.8944029494870772,0.572184043873015,0.4725593885489476,1.0,0.05765819041987012,0.14586938835884894,0.6836360316441865,0.030404343469022318,0.4796945850023571,0.2106329188781623
1.0,0.19258696787053303,0.8981096916780201,0.5800263754833941,0.4698358484662685,0.5268963375679452,0.02326039818647756,0.07951334960431877,0.6896142810268633,0.02769496526390114,0.4851058356052829,0.09836669170385423
1.0,0.20321769256323866,0.9008442346806994,0.5863085289078754,0.4716426570143055,0.5101070740552589,0.031449084841743205,0.1177723541158201,0.6990530845236662,0.04412824712316349,0.5000298656309519,0.10256126482213493
1.0,0.22395709743249026,0.902196616092366,0.5880665205551383,0.4709263820167939,0.4972157165747157,0.066437455758924,0.20804674210487376,0.7070320535490724,0.058842388134596864,0.4865803075399328,0.2091458972230224
1.0,0.2238147216553558,0.90196739956016,0.5856839420262933,0.4703088180545608,0.5228720469315639,0.0335726564870057,0.1326529102877001,0.7123609279533556,0.06260305017628638,0.4070222563412821,0.004913505362498248
0.0,0.2689478430069765,0.8984081101989488,0.5718016474528879,0.4730420266567903,0.5105307121061002,0.10516735767013832,0.2762443606242145,0.7233778029388434,0.10807448034652156,0.4778783118057048,0.2316228601960505
0.0,0.306107920839068,0.8959327657656121,0.5612743883831538,0.4778167952696954,0.5194634533884401,0.08372939629891801,0.2562162561940682,0.7278127812147093,0.13237383638474026,0.5229170226109794,0.19765116378026487
0.0,0.3070570926866309,0.8970315047407621,0.562828576370402,0.4780360006620093,0.514293686721959,0.09313378501365134,0.24794024110642696,0.7328316256930241,0.15962395044063155,0.5120366383760219,0.1501425471256546
0.0,0.2754022115704049,0.9002393902353801,0.5724697249673759,0.4778474193897966,0.4953904098199778,0.09202143796137116,0.2575918940906732,0.7378498851603803,0.17951635966517626,0.5179455333924333,0.20969320454448734
0.0,0.30644013098571504,0.9035309746025928,0.58552338454091,0.4783509869691494,0.5226925467659059,0.11315603195469713,0.3676059463057468,0.7427148199074136,0.1972747064545175,0.5455509299659576,0.4086634611293145
1.0,0.2938636040055053,0.9057053991264092,0.5920803261044556,0.4802228263989531,0.5260009232648666,0.09384164222873903,0.3688188743436137,0.7436480395288441,0.19272739031889652,0.546367061078349,0.41470575720182135
1.0,0.26130700963409426,0.9098352277633804,0.6062481948906473,0.4794922988349282,0.5238337879359782,0.06593184346243282,0.3031210709267064,0.7465785661720616,0.2036353209091082,0.4638705909103169,0.15512105867835474
1.0,0.265625741540506,0.9122194160798202,0.6123780478587798,0.4801624821872871,1.0,0.07705531398523617,0.2888469787737593,0.7539551969366722,0.23071288730011086,0.4565867321631771,0.24494702353091385
1.0,0.2577001566133549,0.9127919923974314,0.6168895625622728,0.4781537308417205,0.5132060956398218,0.016482960865608208,0.23263072257969056,0.7604614165653432,0.24653115843257886,0.35858006335178344,0.06269945959746448
1.0,0.26989701485453943,0.9132418286830504,0.6202638552570302,0.4762795367383999,0.4754511479867046,0.01061173533083656,0.2973300791361587,0.7702871192963292,0.2781124714429196,0.3915987541857184,0.0010019060651968491
1.0,0.2971857054719757,0.9153139969998132,0.6305498145096423,0.4765865822966406,0.5083527145494992,0.033358280765529824,0.3935581687744992,0.7800570717879289,0.3065640262064282,0.4661115786159439,0.08976798653297308
0.0,0.3041146599591858,0.9165870627449988,0.6337660930786905,0.4776426076355227,0.618291869186926,0.008707300736771615,0.3980400857924709,0.7857062505732109,0.3199551031093827,0.4704673719159299,0.14751518700139055
0.0,0.3208675430686726,0.9165454429461294,0.6334522549190897,0.4763031920289344,0.6258381342975511,0.012488646684831909,0.4495969233044893,0.7911544321218527,0.3256333264497091,0.4763968707627438,0.16492364645996996
0.0,0.34611551421384845,0.9174382378503322,0.6367761248403186,0.4760935155534514,0.5807251337927829,0.016867922324894924,0.4836032837807851,0.7959143894084619,0.3329209648503891,0.5152819365741238,0.3238399634724033
0.0,0.3476341891699492,0.9175086639349612,0.6381233382497403,0.4765060717496353,0.5595613024865955,0.053046999598137363,0.504171289105836,0.8000429777897291,0.3529764154282741,0.5415338597789385,0.8206152616859803
0.0,0.35945137867210875,0.9187034609546746,0.6356415990733195,0.478045374914004,0.5198916853925056,0.04056750775388629,0.4484579542933215,0.8016037042470456,0.3731569676592758,0.5229035089995381,0.639603457041182
0.0,0.3597835888187558,0.9199196557586772,0.633513893223497,0.4780405360586502,0.5419863461717294,0.030950284681252174,0.4399822498335921,0.8029643286162005,0.39032412377132375,0.5142162597276443,0.6527116587323821
0.0,0.3536139718095961,0.9222498759525478,0.634959298763672,0.4773130053282846,0.5285933480798377,0.04766593430749689,0.4471858590340949,0.8036361725132659,0.40826230418491705,0.4732167932418301,0.5805652981225484
0.0,0.3524275070001425,0.9244934891682944,0.6443606849410649,0.477079442843668,1.0,0.034728479459786805,0.40378670216699897,0.8035642111333974,0.4150055442827158,0.4733887483111862,0.4633578906552918
1.0,0.34877319538702484,0.92469682445273,0.6467526452401943,0.4764606691552525,0.4761687598506121,0.014578107307601226,0.40137563789660535,0.8043944744765399,0.4286945768442677,0.4688739686703083,0.3711059619699159
0.0,0.37321437046177214,0.9247189045090636,0.6506064779774663,0.4762141169130116,0.5758694368893693,0.02643838807360799,0.4241624140226312,0.8046693482899205,0.4180565040748844,0.4450857736165639,0.441943433005994
0.0,0.3974182525746288,0.9238634055583737,0.6479568588540289,0.4759454458268173,0.5825779886604027,0.06662007919869553,0.4717920272169219,0.8035573844149557,0.3914242158695857,0.4550797347940324,0.5296995108315873
0.0,0.4152152247164349,0.9242027784906928,0.6500708839344118,0.4747329422669647,0.5626559307577201,0.07756813417190772,0.5101397825604612,0.8015502136140908,0.35690453632757124,0.5004929661995705,0.4887270587369891
0.0,0.4087608561530066,0.9262380226835096,0.6522418958230559,0.477540171163411,0.5454038863240883,0.07290938737479609,0.5242437689520008,0.7999671354831479,0.34123017973106234,0.4659582807898837,0.5436757512229227
0.0,0.38517393574106606,0.9302398455424002,0.6650113909162475,0.4779363706327862,0.5626804346257098,0.04856743535988805,0.4966940315065456,0.7981636951817346,0.330255273536477,0.4344580585958861,0.34054213100886405
0.0,0.3773432679986712,0.931927373194426,0.667765482364062,0.4768909454754489,0.43185984208132216,0.05392499417656646,0.5265069151689962,0.7982626744678525,0.327896653067966,0.4180285306195371,0.3449556806061269
1.0,0.3956622846566371,0.933309096148722,0.6757257290948829,0.4793965126681997,0.5289344769752632,0.035872350337758964,0.5035500332815626,0.7985693172610533,0.31629749371515625,0.3927648396001675,0.22292103424179086
1.0,0.3921978074130322,0.9331413131314628,0.6768728708495774,0.4789577753743277,0.4317414770328696,0.05171208944793849,0.5465572073071521,0.8005561291185004,0.31354306434426144,0.446397826739767,0.44918901026150265
1.0,0.4002183095249395,0.9368880129162744,0.6935138609480015,0.4800573705116883,1.0,0.0477521546703936,0.5513497522372605,0.8013824621988709,0.311485648706106,0.4521452329209159,0.4136967155835093
1.0,0.3645769066489489,0.9386621774970166,0.6984784462990177,0.4788199759808118,0.4683981280438506,0.01572327044025151,0.4711411877819681,0.8023875939312384,0.3167689551781479,0.4000426217168635,0.2086873367906128
0.0,0.4027336149209815,0.9408131064011565,0.7061900269349211,0.4804471096444981,0.6374428899915506,0.027053494919818927,0.496339028178389,0.8062041575408878,0.34146150897400834,0.3817656217217463,0.2592503700147988
0.0,0.4298799297612833,0.9390976421124252,0.6990599619017682,0.4805089186780798,0.6910902456258149,0.037501946180763926,0.4954958952740184,0.8093195115488994,0.3603922022179286,0.3807719150344308,0.2981319252770103
0.0,0.4508091690000477,0.9364133288149816,0.6927240460826563,0.4797164102205312,0.6087475762698368,0.042837167916613766,0.4377856667406255,0.8130807897864307,0.3942148647326886,0.3623563449228701,0.22924916996679684
0.0,0.475914764368089,0.9365913765607422,0.6956748907753686,0.4795691142661292,0.5985987195438017,0.1202680460851166,0.41831225501072383,0.8177727833121868,0.42672614179965707,0.3449493497982661,0.29329173166926586
0.0,0.5054814674196764,0.938597394023973,0.7042529400489146,0.4830750360023998,0.6111383190610173,0.2679403541472507,0.4642556023962722,0.8212837960370023,0.4561993221669629,0.34380527140619177,0.5302212088483514
0.0,0.502491576099853,0.9418092875186519,0.7182559429558729,0.4863763199547092,0.6040535447642942,0.26700838769804297,0.5141705495155686,0.8218279672484661,0.4571392692755509,0.3548517896149413,0.7596703868154726
0.0,0.5074272697071806,0.9405282926773278,0.7171139438820737,0.4870215070845046,0.6060085482188671,0.2801724137931036,0.5518674654241554,0.8201451564266597,0.4623768642326964,0.3520952432004719,0.8616744669786793
0.0,0.5319633619666839,0.9385172762896822,0.7165911664407739,0.4905230841535404,0.6043533938447634,0.27294967381174284,0.5553657273870277,0.8168237758929053,0.4665618538087319,0.35628067207359576,0.8261130445217798
0.0,0.5381329789758436,0.9374998680728268,0.7234034268765906,0.4876513408890699,0.6069202852761619,0.2803975959315765,0.6124916796094964,0.8140710806318958,0.4642222065052735,0.3756436044857636,0.9760390415616632
0.0,0.5327701580371126,0.941034361507544,0.7447453993607349,0.4867020498991152,0.5889936957019777,0.29877626414223035,0.5955106870793581,0.809379662911063,0.4504210013129185,0.4131256760448577,0.9684469103384024
0.0,0.514546058563903,0.9457284109277512,0.7686670826352252,0.4839282117492069,0.6065050006865782,0.32267374740244764,0.6033799275201539,0.8066195166905656,0.4434641390284444,0.4221869298314393,0.9542457805907181
1.0,0.4872573679464667,0.9501459462147922,0.7860153827284315,0.4841583621359721,0.6039266199301846,0.2793812052643733,0.5223060424524816,0.8045225682166066,0.4551991194161914,0.3647479549838247,0.8311132031066125
0.0,0.4785724455412654,0.9537524417822429,0.7981488918938389,0.4829434348719907,0.6038073709237587,0.2829600554144541,0.4361733599585832,0.8041030566540182,0.4591830713819946,0.30778252103981546,0.4880333433592581
0.0,0.4650467467134926,0.957979952390444,0.8152882041280585,0.4811097501674051,0.6016870695538605,0.286538905564535,0.4394645366466978,0.8040980660342558,0.4586174529046753,0.3123352268650258,0.4702874575688567
0.0,0.4542736462436524,0.959871001216959,0.8260224748121424,0.4796690961324557,0.6005655094658664,0.301662433618102,0.4662007247984615,0.8037635221801421,0.43160647482990655,0.3480996855989113,0.3930305504232352
1.0,0.45792795785677,0.960348606287738,0.8357277263112346,0.4802110046123074,0.6041930164406272,0.2657584853382592,0.4189187190296578,0.8039510722011819,0.4146562299506157,0.3353653340461253,0.22498173849525105
1.0,0.4530397228418205,0.9593702929406048,0.8334206316527955,0.4796135471446259,0.5952510606451403,0.24994227661048266,0.4190962206937351,0.8069160170824401,0.4051446529362667,0.33556114245260377,0.2157865337515552
0.0,0.4766266432537611,0.9604939538104824,0.8309153279122854,0.4788836754111814,0.6074906763735545,0.3005079658277534,0.4089712299386137,0.8102691111975981,0.41522808501241787,0.32656491296045315,0.2194675613263032
1.0,0.4636704475345262,0.9612483128274956,0.8272489519928427,0.4809562540859537,0.5913259244981709,0.28365273608866337,0.3752089342504252,0.8136144273625279,0.42374598181657774,0.333613270703019,0.14918739924186594
0.0,0.4846946039580467,0.9604384894927708,0.8223049463283877,0.4798837319980554,0.5932166513547967,0.32821519279612105,0.4274831743214261,0.817113532788903,0.4345018228395969,0.34460601678721986,0.1728459530026113
0.0,0.5147833515257938,0.9579607591276624,0.8193426350686885,0.4800638336399018,0.5927904640410812,0.3450704225352114,0.45362769025959604,0.8186720705724595,0.4309775681242387,0.3817924520252608,0.14905715114592213
0.0,0.5257937449575246,0.9556982750748504,0.8171873626291662,0.4815219304183641,0.5820749058170569,0.34449318864003703,0.4542933214998886,0.8208956648699497,0.44176834746842697,0.3826158143710866,0.21206846533216936
0.0,0.5546011105310616,0.9544052557959024,0.8175651842290075,0.4850216379228012,0.5826244956074466,0.4182636804433158,0.4907773093706089,0.8221380357599499,0.4454895353253029,0.4239514924529144,0.5648970118944008
0.0,0.5920459399174222,0.9534916764191148,0.8199006478751468,0.4859402380143559,0.5858652872006777,0.4821057492495962,0.5928629539235264,0.8221063027998896,0.4525274632324541,0.501419316236916,0.8105599071656528
0.0,0.5742489677756157,0.95174141347002,0.8184677163532804,0.48400247234121596,0.5903188426952869,0.4346571230662665,0.5521780933362915,0.8196633995315259,0.4408607903388944,0.4974744025887039,0.7937917029300837
0.0,0.5897204688908928,0.950046820823477,0.8164254238088928,0.48220818275927,0.588879181828676,0.4623643500346341,0.5553731232896971,0.8184487143059436,0.4411588836107944,0.500836346638715,0.7350159559036831
0.0,0.5985477670732287,0.9472724118156932,0.809765404486835,0.4835435296088166,0.5918893267458145,0.4505887785730778,0.5597662894756306,0.8157602221952359,0.4155923287077376,0.5055602558838033,0.5872352770525062
0.0,0.6105073323525225,0.943217372997126,0.7955553154427035,0.4852244415624084,0.5906901957639051,0.4509308205010341,0.5875231121958433,0.8127894174190728,0.3857551160769634,0.5323974412425987,0.561895901173308
1.0,0.6267856295382279,0.93974261881969,0.7838870104921175,0.4876485667711134,0.5673905904640327,0.4506084689286808,0.6130167886990607,0.8113247407327995,0.3706127415240131,0.5555725382932883,0.4763446738719057
0.0,0.6538844857861515,0.9360744722171518,0.7725762556875607,0.4873393613126849,0.5907191602675086,0.53041078441779,0.5809185711116045,0.8111684917471462,0.3739038591770113,0.5177891666441906,0.5568948525509826
1.0,0.6559726638507903,0.9346032410623484,0.7729130184196086,0.4881376236400811,0.5739063798230366,0.5045291763218875,0.5913541897788626,0.8119659644722035,0.3959203718070109,0.5267296669046139,0.5385508592661399
0.0,0.6561624982203028,0.9341700408377412,0.7753469604876567,0.4877308286444497,0.6037305446604736,0.5309493935591804,0.6555062495377559,0.8121026546529873,0.4027333584612624,0.5468294496018218,0.7677327317364468
1.0,0.5912391438469935,0.9370160766697088,0.7890448215729274,0.4838018075822976,0.6184922051674371,0.3975324132162274,0.7221359366910732,0.8116835291506219,0.41638731045686944,0.5728746847658671,0.9625354717342092
1.0,0.5440653030231124,0.9385991548666291,0.7962115455949831,0.4809310210525251,0.6006257716405216,0.3508992053534087,0.6527253901338657,0.8089322623812851,0.4019055866093637,0.5299784536422018,0.936342740390756
1.0,0.5620995681268093,0.9418659457369272,0.8108121935014686,0.4797481208617846,0.6117133811646823,0.3570681723128397,0.6289919384660894,0.8088763718255416,0.4154565951717813,0.5132372201411136,0.7635359468777942
1.0,0.5482416591523895,0.944021910403692,0.8218524079158147,0.4774652598463585,0.6031691071266096,0.3722291928063573,0.5679905332445825,0.8095884817363264,0.4234362127203923,0.448882628717924,0.8468003207698469
1.0,0.5490959138151963,0.9467009716561506,0.8371905106759407,0.4772840392968693,0.5968290978874723,0.40328314512756175,0.5422453960505883,0.8107845673349738,0.44730108117252615,0.4774384735701002,0.8391659983961526
0.0,0.5593469697688767,0.9478552583923148,0.8472574433145845,0.4749291230557557,0.5899945971082645,0.4076746131325804,0.5250942977590414,0.8101363831165305,0.4541613958460722,0.463470463451444,0.8938893344025663
0.0,0.5698353186844479,0.9475652283737398,0.8541901549012968,0.4761427215286851,0.603167022551032,0.43998327059807596,0.5570667850011096,0.8089480071570665,0.4625132203178896,0.4377837745400008,0.9885805934242198
0.0,0.5543163589767928,0.9481132997386678,0.8654125943067466,0.4744166066679888,0.6175456397929203,0.3973232956921791,0.5171067228755267,0.8059459770400849,0.44988185644472706,0.4573438754933868,0.9879829787234052
1.0,0.5242276114090456,0.947485616795534,0.8713539306501887,0.4743835660418162,0.6218748733437653,0.3403387703889585,0.4777531247688784,0.8038036435715796,0.4390440849504645,0.4764733441695743,0.8688286040952096
1.0,0.5374685586825494,0.9476410118522166,0.8826001942344017,0.4745593275486201,0.6208432180256109,0.3403387703889585,0.4771392648472751,0.8018158843896468,0.4265008182352218,0.4760745349662101,0.8746393827574644
1.0,0.5339566228465664,0.9490972654673664,0.8941987281423999,0.4778186173920273,0.6213226520455408,0.3354245085738184,0.5079358035648252,0.7992134084993321,0.41186847672958377,0.4503510058847551,0.8496207746808571
1.0,0.5039153338711974,0.9526058749689448,0.9145638408902118,0.4773285614092077,0.6029368416882263,0.3138854035968213,0.4316248798165821,0.7952650974352424,0.3949723100835635,0.4333092114604871,0.5509535253909306
1.0,0.526553082435575,0.9559467333874482,0.9286223077103328,0.4800373408672217,0.6030952518543864,0.3885403596821414,0.486184453812588,0.7949393120990325,0.3808819569854848,0.4301600357592675,0.7136302631168266
0.0,0.5323904892980875,0.9584659420455892,0.9401261189795556,0.4770845101941652,0.6183659217143915,0.3950230029276455,0.4802159603579621,0.7925409415950115,0.3707135384536818,0.4245197978619861,0.6685289803052538
0.0,0.501874614398937,0.9628254045466592,0.9566064435755152,0.4767641353885893,0.6146715424470213,0.3619824341279801,0.4528880999926039,0.7916518424649809,0.3755388206725044,0.4470186759256587,0.5704922126158729
0.0,0.4580703336339044,0.9666163952563764,0.9699795111724868,0.4746619492400552,0.6136903991890902,0.34065244667503125,0.3742030914873162,0.79151985344924,0.3955684713017456,0.42055669003689616,0.4108430350510315
1.0,0.4490532010820559,0.9688269585278962,0.9779358244815536,0.4735679435297422,0.6134132584655806,0.2928690924299456,0.3357296057983876,0.7930255692102439,0.4188558947793716,0.36491144540097337,0.17915665282936571
1.0,0.4827013430781644,0.9682279360008488,0.977485999366276,0.4742100529245566,0.6144012610194672,0.35351317440401514,0.3907107462465794,0.7959520234538578,0.44645191603269707,0.3714298535283893,0.3384000749087049
1.0,0.4851691898818282,0.9676908545591026,0.9785762518612604,0.4745450217881326,0.6168901793511307,0.3514219991635298,0.3865542489460833,0.7963787981600698,0.458311061512099,0.36428589619359053,0.2251006585723644
1.0,0.4831284704095677,0.9667724910085892,0.978571581582087,0.4743619236359114,0.6145963218539452,0.3307193642827269,0.4330670808372159,0.7989088496502197,0.4761928504515405,0.423119805261216,0.1699803364649333
1.0,0.4889658772720802,0.9657597657397324,0.9762653136481828,0.475204434498445,0.6177027911939539,0.3195315767461314,0.393358479402411,0.8022122591186684,0.4935205871539475,0.4269099103573339,0.003162992982109439
0.0,0.5145935171562813,0.9660716989720111,0.9780528842235026,0.4748489168783444,0.6204196465455029,0.36271434546214976,0.4745285112047925,0.8091351436179293,0.5301363455361616,0.4597358682252621,0.2255489021956108
1.0,0.4926676474775758,0.9663293159522744,0.9790401795369791,0.4756944966483483,0.6076227935142406,0.3321831869510664,0.4394571407440284,0.8130933388583157,0.5550162059235522,0.4692981567631591,0.1469917308240684
0.0,0.5184851217312895,0.9668148351444622,0.9805875252489088,0.4753817552995094,0.6088412572706335,0.3707653701380174,0.5238074106944753,0.8188306172027155,0.5973733045683387,0.5181520429269354,0.31074449201211
0.0,0.5306819799724741,0.9659933855374252,0.9762729893439152,0.4732794299539119,0.6171574441423254,0.3848808030112924,0.5468826270246283,0.8203688314865631,0.620486476736959,0.5524997883970199,0.4800563850892756
0.0,0.5283565089459447,0.9659776650451988,0.9723022511812264,0.473082051495318,0.6250819067153605,0.3690924299456293,0.5931218105169739,0.8209299664414895,0.6383130855070827,0.575322665343606,0.7239486416077403
1.0,0.5200987138721466,0.9663282087158491,0.9702919798722393,0.4757328217014293,0.6139393635011384,0.3566499372647427,0.5874491531691446,0.8197008169955609,0.6292743605525243,0.5687548346271672,0.6601693338295489
0.0,0.5266005410279531,0.9669646315989534,0.971815542587245,0.4728769805416085,0.6101893594651648,0.3655374320368045,0.6267287922490941,0.8199857129247663,0.6259101496661064,0.5907244695526984,0.8279214737625615
0.0,0.5490009966304399,0.9663223855168748,0.9721421667068586,0.4720593989929738,0.6012082035555627,0.4095566708490172,0.6026033577398122,0.8193218187551652,0.6107163673461647,0.536513395510418,0.8919333829549662
0.0,0.5743913435527502,0.9646221696776208,0.9676843891870855,0.4717211020875192,0.6071815291098964,0.4384148891677121,0.5925375342060495,0.8178280612426712,0.5917454876418893,0.5166899862023207,0.942128768142908
0.0,0.6026766646101277,0.9649894069039197,0.9685971843789356,0.4717389478673832,0.6054013441954524,0.4741739857800084,0.601124177205828,0.8156396155150261,0.5862956126600134,0.5272292024424724,0.8085944830174507
0.0,0.5886763798585735,0.9656242008825294,0.9714289348024912,0.4692820949403905,0.6077202257514593,0.4986407360936847,0.5821980622735005,0.8133796296083801,0.5943602498082637,0.4940239356554943,0.8437324075811578
0.0,0.5795168715295904,0.9664867692998248,0.9766828120538552,0.4683958323610162,0.6076890138680962,0.4649728147218738,0.5818948302640338,0.8124083682159307,0.6170488056585304,0.4940705225738165,0.7421655094764492
0.0,0.6080394855488587,0.9656128999556078,0.9783498817589372,0.4683096759214371,0.605516670526874,0.510142199916353,0.5340285481843058,0.8104052160328845,0.624700221691714,0.4784094460026543,0.7122349408894718
0.0,0.6102225807982538,0.9646505440913624,0.9804223335261116,0.4685291238195027,0.5630251717720667,0.5185069008782938,0.5839878707196213,0.808280662070666,0.6255466135586611,0.4800969570294613,0.7382248076562196
0.0,0.6650372549950171,0.9648408503332928,0.9841499179904922,0.4713811088296077,0.5602636567626939,0.6312212463404435,0.6629761112343757,0.8042226220984721,0.631668914171541,0.5187502614467978,0.9973728654531788
0.0,0.6690237767547815,0.9636426628435932,0.9854177339562912,0.4715887576575485,0.5643030210314186,0.6545378502718529,0.6633311145625329,0.7981493896884313,0.6248086735282217,0.5196848339861626,0.9555119118777252
0.0,0.6888140097764701,0.9630715522200628,0.9893079053159348,0.4703020313378061,0.557490454243624,0.6832915098285237,0.6690333555210413,0.7919559153499709,0.6026144401310909,0.5251271550093154,0.9917447676394899
0.0,0.6741018461392436,0.9618781195542416,0.993377579200064,0.4722316491358016,0.5722244841903189,0.6633207862818905,0.7015753272686938,0.7861459925142076,0.563729987534229,0.5519214222644839,0.9991421021927868
0.0,0.6513217217977315,0.9611562186983248,0.9967940293999789,0.4735214998455444,0.5649093066564779,0.6162693433709745,0.653583314843577,0.7816091226263129,0.5348518773381196,0.5151744054972408,0.774492700394823
0.0,0.6711594134117982,0.959957143717332,0.9957990374630148,0.4721975105666259,0.5748724918959719,0.6544332915098287,0.6463649138377341,0.7800806272921743,0.544198428775764,0.5021805180301468,0.8267376733082369
1.0,0.6674101846139244,0.9583564861301764,0.9947359094883944,0.4719355330851744,0.5647709440322889,0.6382266833960686,0.6615560979217519,0.7786392457068751,0.5443013369943439,0.515940578837562,0.751813423928016
1.0,0.6761900242038822,0.9553422478087148,0.9867203962131048,0.4692434690780531,0.5661545480643442,0.6565244667503137,0.6597441017676203,0.7775345138432956,0.5471994516200823,0.5115788146581466,0.8294922413001558
0.0,0.7080347396896209,0.953343144548108,0.9845956015005248,0.4697712723340274,0.5655088044619614,0.6809912170639899,0.6431994674950074,0.7748588271086105,0.5222946632405123,0.5429831856300429,0.8088329813607562
0.0,0.6928005315362347,0.9506047992115828,0.9790851021742604,0.4713302902481185,0.567313223318456,0.6699079882894187,0.7079505953701651,0.7720073667636127,0.4939785747478895,0.5403941381494961,0.8125975576163816
0.0,0.6983057282521001,0.9497470193021016,0.9827429622042388,0.4721724383077986,0.5811117122173215,0.666457549142618,0.6846165224465643,0.7688756121960338,0.4744457801041313,0.5719054330938398,0.7846661680893311
1.0,0.6823596412130417,0.9467807804171474,0.9790506160276942,0.4742136190867303,0.5932387445764146,0.6339397741530741,0.650166407810073,0.7682270619337785,0.4599500212210966,0.5795795840091579,0.769089924439745
1.0,0.6769968202743109,0.9436018301106348,0.9778608240335298,0.474252933783638,0.5715119817014656,0.5881430363864493,0.6138081502847428,0.7684281934175667,0.4591609374960735,0.5926655205678429,0.7251205611573888
1.0,0.7262113805704524,0.940329185486086,0.9755763592049721,0.4767667877187515,0.5538698599733005,0.6701171058134673,0.6119961541306116,0.7702181002557584,0.44563284038727735,0.5896438107685893,0.8447275446785463
0.0,0.7461439893692753,0.9365478355490507,0.9713121129813964,0.4754772287773854,0.5712596750245716,0.7126271447652317,0.5545151985799871,0.7702244794764288,0.4432828527037286,0.5363519302354607,0.9076514428656174
1.0,0.7388828247354184,0.9300972226609866,0.9520888576654573,0.4754852365110498,0.5545991651580333,0.6680207169696354,0.5087567487611862,0.7674430642740147,0.424969761446636,0.5506805776844798,0.7999329499445547
0.0,0.7890940154715012,0.924113893741644,0.9343244196628784,0.4793720172570339,0.5733832597113186,0.6986716155499121,0.595421936247319,0.7639328345115974,0.3950669263677074,0.5666492445350451,0.8852412512571884
0.0,0.7777988704855014,0.9183285587294442,0.918747129667212,0.4782763214210751,0.5750548335397084,0.6939674960976955,0.5984394645366466,0.7586786331415865,0.3516003539352488,0.5689418549774802,0.8409191800496145
0.0,0.7997247401642067,0.9164885553545792,0.9192318844280516,0.4775689330024301,0.5966302808572717,0.7171522814733371,0.6209082168478663,0.7540547630238326,0.32386138183245183,0.5877780516083727,0.9932628280454371
1.0,0.7746666033885435,0.9149181709927012,0.922577395077928,0.4783774553662912,0.6002571977634825,0.6802755668152227,0.6192367428444641,0.7475502887566474,0.2800509095318641,0.5876982030686534,0.9773438939031126
1.0,0.7465236581083006,0.9150768635726244,0.9324111954286624,0.4787632292127348,0.6033078512556975,0.6360815751975318,0.5749204940462989,0.7402361302295517,0.2237787080246418,0.6045581791112958,0.8190581445324503
1.0,0.7325233733567462,0.9153569018306708,0.9422776350142602,0.4804002350550287,0.6158451376659101,0.6235326639974464,0.6383477553435397,0.7348614831101359,0.18899966252144376,0.647008228949677,0.7494013630502849
1.0,0.7395947036210906,0.9151429775374371,0.9491122957622208,0.4811507291224069,0.6211115389168058,0.6416285576845259,0.6368389911988759,0.7310145840985347,0.17669827472078048,0.6466609026634993,0.6541413397187942
1.0,0.7130178918893266,0.9137608347492264,0.9522300025365146,0.4783828231915384,0.6254761211406861,0.5867043376493708,0.5017972043487907,0.7298357956202175,0.1869421133613287,0.5967685373727271,0.4248787376435185
1.0,0.7186180057899484,0.9129981159323404,0.9587242213721071,0.47549693456433795,0.6252706735040028,0.5875227449015502,0.4763700909696026,0.731206350993385,0.2031656327431723,0.6297178755213705,0.3768035856818317
1.0,0.7174315409804946,0.9122039276879892,0.9647313539105298,0.4750073023188512,0.631851663137055,0.5954340150059515,0.5397529768508244,0.7307557988974476,0.2052342061439765,0.6227432394637058,0.4591698900963953
1.0,0.6943666650847137,0.9117609197518484,0.9683217900857792,0.4725482622851097,0.6268371507339079,0.5469661188491012,0.5444123955328746,0.7307208580725082,0.2194324441766018,0.625971365637612,0.3209615030392331
1.0,0.7050923069621755,0.9113472422244407,0.9703575569241292,0.4702130531016973,0.629767567935482,0.5669716294579324,0.4765623844390208,0.731876879470041,0.2218800005198737,0.5824836307577068,0.4063977405292571
0.0,0.7183807128280577,0.9106523843582986,0.9700994030799446,0.4718706306319697,0.6350387443577545,0.5955249491450827,0.5410842393314106,0.7344189915398884,0.23095301149988,0.5721399348394468,0.4543500951679256
1.0,0.7045702624460158,0.9097275724479472,0.9723580239938544,0.47053428566399796,0.6333582151453353,0.5616065152492004,0.4363508616226608,0.7364486864329742,0.2210364564603394,0.557571644306621,0.189353472094308
1.0,0.7011532437947888,0.9089172717725704,0.9720584688372648,0.4701828970701274,0.6277875451258894,0.553877113423061,0.3393683899119887,0.7407042894275968,0.23324867395015175,0.5090941907280292,0.16991044020380394
0.0,0.7295809406293009,0.908348360183652,0.9767281133241849,0.47394535132727506,0.6335401166782584,0.6088013334582163,0.4810073219436434,0.7469678093725678,0.27947238263683044,0.5395713343680885,0.2982056394189688
0.0,0.7313843671396707,0.9066115715350834,0.976499726327042,0.4704447078237398,0.6217286785854215,0.6092560041538715,0.4044301456992821,0.7510926752079337,0.3169325502449177,0.5051718978360406,0.3998227792018722
1.0,0.7342318826823597,0.9048627452837622,0.9798236954758556,0.4713251292526362,0.5959564815046746,0.5954340150059515,0.3520227793802229,0.7573702087551364,0.3673134241378492,0.4851026339065171,0.4811569521507434
0.0,0.7974941863224337,0.9028749533479296,0.9816016735506934,0.4794194879529936,0.6015461306692288,0.7173359985462475,0.4271651505066193,0.7602583353787521,0.38719647437462507,0.5164352865591826,0.6269274248247788
0.0,0.8434815623368612,0.9018597631488632,0.9913050680377172,0.4816501813698854,0.5982088065282379,0.7967003245582405,0.4540936321278011,0.7589543419859701,0.3854281126865379,0.4788730992536255,0.6723716934207553
0.0,0.7895211428029045,0.9001043145317155,0.9956415341880842,0.4785634615983306,0.5926047459479309,0.7175441759826904,0.3284224539605056,0.7564850610115026,0.3932267906137277,0.4692324317700433,0.4822292561609759
0.0,0.7922262825684591,0.8991620313962341,1.0,0.4751808474378463,0.593132504185171,0.7192571222502706,0.3132164780711487,0.7573840243769911,0.4251945927264403,0.4601716097190068,0.3864197023271108
0.0,0.8054672298419631,0.8964787984286676,0.9989236182342878,0.4731886150119978,0.6076967622356382,0.7398124774612335,0.3372457658457215,0.7578007905469528,0.4525439007714184,0.4212379934966111,0.4438985280815719
1.0,0.7895211428029045,0.8930702594242287,0.99487631773727,0.4720720710945933,0.6068693003138199,0.6932924630364228,0.2931661859329928,0.7582259227406938,0.4859894492534678,0.3941661094194242,0.3210673464353257
1.0,0.7948839637416354,0.8901832059933946,0.9938515922482204,0.4732120067135977,0.6240672997323173,0.6918227825623723,0.2558686487685817,0.7603818920043572,0.5258578757086907,0.3804891836147216,0.29444712871995765
1.0,0.7611883631531489,0.8873135897366745,0.992117175184466,0.4733079765021661,0.6300848054816489,0.6327499780142468,0.19946749500776567,0.7613121684785957,0.5315938537566117,0.339850162955471,0.10037400905495553
1.0,0.7580086374638129,0.8844068657619971,0.9943305017856467,0.4735068519139377,0.6275002116435998,0.6149895543175489,0.24305894534427894,0.76508491570936,0.5263510840038603,0.3670758796757832,0.04849591095363345
1.0,0.7932229130084003,0.8816864226271649,0.9926635345249424,0.4751895618549999,0.6207174403903803,0.6578834434812464,0.3362029435692627,0.7700029054918229,0.5253343518812661,0.3617693110127056,0.2416026914335817
0.0,0.8239286222770632,0.8792371063711096,0.9901988646919688,0.4792998373189266,0.6303083394462087,0.7184161438019331,0.3793210561349015,0.7721798560284174,0.5150530976189887,0.338198187834287,0.27510244984878585
1.0,0.8077927008684922,0.8779060094656331,0.9893147840946996,0.4776814885679513,0.6303256043026626,0.6870442597931151,0.3732712077509061,0.7733414573988411,0.4947514421112375,0.33370138398370386,0.16483654953917082
0.0,0.7839210289022829,0.8768292957995577,0.9865801656880446,0.4783229903860098,0.6082357330179798,0.6522808207563169,0.3734782930256639,0.7764144517115876,0.4585491315244917,0.33281345546373403,0.0724546370967742
0.0,0.8267761378197522,0.8760762895163478,0.9810511246183422,0.4841071951696907,0.6311158177491278,0.7322754895340986,0.5087715405665263,0.7834600455541596,0.4737704500112601,0.3534366132440808,0.18067748881895024
0.0,0.7944568364102321,0.8748207670006573,0.9755509379980352,0.4806056123833316,0.592105189581082,0.673615800135044,0.4127801198136231,0.7878184483281898,0.4893502888809826,0.3498113554325332,0.03238363425542461
0.0,0.8192302216316265,0.8734554385652898,0.97430321914905,0.483538783885886,0.6167856008787281,0.7277177582714383,0.4345684490792103,0.7971802762287123,0.538732991164935,0.3610796937721281,0.06986771411802044
0.0,0.8831569455649946,0.8720255824035611,0.9742460675605279,0.4886396322974361,0.5937891714595365,0.8318703578663066,0.5092522742400708,0.8035360936354248,0.5768117432989791,0.4032413478644423,0.3868346200731419
0.0,0.8210811067343742,0.8691194567195825,0.9712872966822854,0.4852495614393244,0.6437505464727795,0.7278021607022283,0.44144663856223615,0.8037722192737099,0.5832293130231085,0.3553364532312429,0.04602916610230779
0.0,0.8813060604622467,0.8670213051601886,0.972061575942122,0.4899491183495423,0.7149245240256026,0.8306887238352464,0.6050883810369061,0.8090568648922609,0.6082867868166315,0.4219828874436368,0.35225066594428805
0.0,0.9312324996440606,0.8641604132380575,0.9773954626844455,0.4932423315834778,0.6741821960309455,0.9110589025004197,0.6856519488203536,0.8110828968470631,0.6149351816244715,0.5028303301021824,0.6224434511716108
0.0,0.9027573442171706,0.8605610493734538,0.9781099151192636,0.4935368835002682,0.6230976685214008,0.8678469541869441,0.6636417424746689,0.8097221275628972,0.6182986292318343,0.4764983946829152,0.6236173190663229
0.0,0.8990081154192968,0.8565504487448509,0.9743601638532416,0.4934656470841492,0.6673080916094304,0.8548414163450243,0.6817617040159751,0.8082510082501988,0.6332196931501942,0.4888899719988621,0.5867985010609965
0.0,0.9334630534858336,0.8521507645500154,0.9650355441643692,0.4952159541964107,0.7180612404764765,0.8920566702481196,0.7418977886251019,0.8053453082129214,0.6302504051828204,0.5622121313563985,0.780531852453835
0.0,0.940534383750178,0.8483680061241321,0.9613208783993812,0.4924552010890926,0.6800397562348816,0.9026643570073416,0.7947563050070259,0.7984455055537156,0.6143051403358295,0.5940853694344511,0.796060393960603
1.0,0.9305918086469556,0.8453917380448831,0.9575884575774573,0.493963702177741,0.7188790879794695,0.8994097720447921,0.854944160934842,0.7906312870664622,0.5865822367884984,0.6257814786343822,0.8190052169184493
0.0,0.9397275876797496,0.8428086378971732,0.9595011264032368,0.4915455466445313,0.0,0.9103399193634546,0.8629613194290366,0.7820710501855572,0.5581509089499573,0.6296278188954173,0.8252735731603437
0.0,0.9589483175929002,0.8393593356276821,0.9566984851270999,0.493799613203147,0.7221812649557281,0.9884419589424136,0.9604984838399528,0.7728491014546066,0.5151336710256856,0.6661590631596839,0.9682920024289776
0.0,0.9426700204071948,0.8358256353893817,0.9504746850341368,0.4923207517169058,0.5994492560900856,0.9899895288700212,1.0,0.7631853556010022,0.4793014570015214,0.6834386093236637,1.0
1.0,0.8846756205210955,0.8322036161580416,0.9446199593510344,0.4900453107361127,0.5649113818120983,0.9346489918480252,0.8129576214777016,0.7555333827801156,0.4525623251943265,0.5452587797661113,0.9852430016758746
1.0,0.8805467229841963,0.8298877826887446,0.9394478614176768,0.4896575031250996,0.5381681597119905,0.9252594791825116,0.7476739886103098,0.7505715039679395,0.4391791404731476,0.5446297798613264,0.9911473144711682
1.0,0.8571496369417684,0.8276735444672739,0.941216126321458,0.4900597193123761,0.617651864896981,0.8895793310535596,0.7976776865616448,0.7457870943503053,0.4338203773157588,0.5685608483593668,0.9875301483039975
1.0,0.8125385601063073,0.8259357597569875,0.940780335987947,0.4885697715294573,0.6221133029011995,0.8028202340242135,0.643169883884328,0.7418327816878048,0.4381753692376968,0.5220972636987421,0.931280836089056
1.0,0.7904228560580893,0.8241706943627164,0.9408249616256014,0.489367845306932,0.6203297061853675,0.7636659662090219,0.524842837068264,0.7420160272735923,0.4774239023035446,0.5121039334089289,0.8400325381527523
1.0,0.7712495847373166,0.8228009659469945,0.9384436281289248,0.4871324452484632,0.6146184250696031,0.7217887397208309,0.4571925153464983,0.7412462475853743,0.5075035988544812,0.529001769090226,0.7279881165007341
1.0,0.7773242845617201,0.8203872618332909,0.9241335881150928,0.4878784146226071,0.6093690667718984,0.7385959673921006,0.5200798757488353,0.7418829473325261,0.5331189454716116,0.510050897057233,0.8308546570231132
1.0,0.7986331925395094,0.8184618900105071,0.9143058987406074,0.4881338636608853,0.6139102136826899,0.7537130827835774,0.4972487242067896,0.7402013513902552,0.5419385767617396,0.4987618845314497,0.8765318573272741
1.0,0.8167623748279627,0.8170723737952809,0.9068792480576648,0.4904233279307574,0.6214210958379861,0.8002850656045252,0.5054507802677319,0.736501912589212,0.5273840595487312,0.5027785881427189,0.9882357286645614
1.0,0.7808362203977031,0.8149599050272848,0.9030122384118644,0.4882731604849036,0.625629351842163,0.7502389630973374,0.5313216478071149,0.7307846016993849,0.503047491442891,0.5154029937155833,0.8745864274685693
1.0,0.7768971572303167,0.8137615984652334,0.9004748835424102,0.4892926350475433,0.6260816256810272,0.7057326730628029,0.4411434065527695,0.7267611727951435,0.485190284366609,0.5203117381881213,0.717226674509227
1.0,0.7687342793412747,0.8110583710909395,0.8952454787648733,0.4866752333543437,0.619933417810497,0.7148071883189816,0.4039272243177279,0.7266456180826533,0.4848518729257934,0.5037168167723023,0.7323336560062828
1.0,0.7995349057946941,0.8091083157807989,0.8935504647696256,0.4883464634728453,0.6280776718609946,0.7542119056533134,0.4504030766955107,0.7252884241262822,0.4792324644813454,0.4761832689736281,0.7857012717268521
1.0,0.7821650609842912,0.8056827685491385,0.8876415582057846,0.4869086866749784,0.6139604778415009,0.7024522650692624,0.4412765328008283,0.7213118288292379,0.4535925347955001,0.4711787036025809,0.7113471559231871
1.0,0.7737174315409806,0.8028850156066171,0.8827283792073967,0.485997066506779,0.6317283623248321,0.6837845380965671,0.454907181421492,0.7187990943346934,0.445341510835696,0.4283211980891188,0.7195641875888201
1.0,0.7680698590479806,0.8011013697304276,0.8840482564490763,0.4858697540101824,0.6426720247982621,0.66140642303433,0.4046076473633607,0.7149657788920076,0.4325348821397901,0.4010593534236885,0.5806763108989547
1.0,0.7165772863176879,0.7987981041378848,0.8856677266191731,0.4822182205510923,0.6421529055277844,0.5683150183150184,0.40423785222986464,0.7141739254206609,0.4380713378013825,0.3995506603988375,0.4241518784389468
1.0,0.7285843101893599,0.7983142923685328,0.8901467733193594,0.4810128594173724,0.6408982356001951,0.5764247531031983,0.38407662155166056,0.7158277421768746,0.4477646673471671,0.4380472154112123,0.4041285573734651
1.0,0.6881495894831761,0.7967028644636794,0.8860569295780244,0.4779249956327055,0.6378386796120692,0.5160913340524992,0.352814140965905,0.7193937371516991,0.4628177783957765,0.4171456592693963,0.27096162955945113
1.0,0.6821223482511509,0.7967116805442168,0.8851646350658875,0.4778633063333502,0.6483378094435222,0.4833692916217188,0.3022483544116558,0.7260645036078865,0.4980042762611978,0.3797544090697534,0.000246984728110754
1.0,0.7228418205116036,0.7961693896668033,0.8876745420370232,0.4849970738431539,0.6433902488508363,0.5742249778565102,0.4066415205975889,0.7373230238171942,0.5581025424342951,0.4342462282585805,0.2495730494794721
0.0,0.7571543828010061,0.7961087883007186,0.8934810379427622,0.4875857140288388,0.6501898540616691,0.633658104517272,0.446128244952296,0.7435785384388847,0.6053352013745908,0.4587350781280064,0.4138963621476199
1.0,0.7173840823881164,0.7947977059295005,0.8932848261023891,0.4852878712614089,0.6401534835947825,0.5628875110717451,0.3865616448487537,0.7470769309071372,0.6370624556056129,0.4065163738068646,0.0005308597133359074
0.0,0.764700298989132,0.7939982930099819,0.893075711714809,0.4906105559681282,0.6451281623580243,0.6400354295837025,0.5265734782930256,0.7541590049487976,0.6841953990088396,0.4663980284879597,0.12230532336119762
0.0,0.8148640311328368,0.7925671485697902,0.8904290418559225,0.4961050127071088,0.6452237933065927,0.7307692307692311,0.6266696250277347,0.7557590726337273,0.6911996315213185,0.5176617130677823,0.6255856003945106
0.0,0.8251625456788954,0.7909471769478761,0.8937101678711906,0.4978423862642644,0.6448128815950102,0.7519802851610635,0.6832334886472892,0.7528531994162582,0.6684428910553709,0.5201417514807789,0.7823232672241031
0.0,0.8233591191685256,0.7887689867828397,0.8929563484076889,0.4976354602709773,0.6353457243681334,0.7481077275127621,0.7188373641002884,0.7495574553445392,0.6490963808073549,0.546516163527969,0.7509078309078315
0.0,0.8538275354752978,0.7870668728440661,0.8989013521902064,0.4997583484735918,0.5926409476783744,0.7916776402422966,0.7364322165520302,0.7474677000036878,0.6256285125073107,0.5693117601933322,0.9102425292334346
0.0,0.8784110863271795,0.7852120594517152,0.8979379314905457,0.5030930423293147,0.5590596287641149,0.8502622377622377,0.7567487611863031,0.7443038561916373,0.6088277248180959,0.6014177295248768,0.9869532265049812
0.0,0.8606615727777515,0.7840973872330504,0.8989202120943669,0.5042727253275213,0.572245653018172,0.8212412587412588,0.6951852673618819,0.7396072930415805,0.5717363706488352,0.5602817264560079,0.7317832394976197
0.0,0.9034692231028428,0.7822492283062655,0.8969466809802549,0.5106886466412527,0.5036246673057829,0.9128496503496504,0.7030619037053473,0.7379451689978886,0.5737884922848965,0.5721079925789269,0.8300941966219153
0.0,0.9334155948934556,0.7794148826063395,0.8966288141633797,0.5123746042386427,0.5699234934058208,0.959527972027972,0.7423045632719474,0.7353660590084543,0.5706526628099853,0.6512250214566662,0.9954255088783036
0.0,0.9072659104930948,0.7751650149266845,0.8935719525983742,0.5094383897442547,0.5358398423670575,0.9081293706293708,0.7024110642703938,0.7297560549219901,0.5619289760918302,0.6465379877985588,1.0
0.0,0.905130273836078,0.7717890039339484,0.8910831551767637,0.5098409041302929,0.5491530351997613,0.8936188811188812,0.6829746320538423,0.7249413631446733,0.5550958327060183,0.6316988813012521,0.9934572779685186
0.0,0.8935029187034312,0.7686867160856977,0.8890673040869758,0.5118306450525762,0.5623025175129979,0.8754370629370629,0.6613194290363142,0.7195350263958613,0.5412679694689697,0.6473898792465042,0.9618606484675284
1.0,0.8910825304921457,0.7651813015913264,0.8827475299622063,0.5151947360431548,0.6263725694381421,0.8722027972027974,0.6893942755713336,0.7134843860962838,0.5270293837895003,0.6704190306411408,0.9819536937993842
1.0,0.8334203407526932,0.7621881446941733,0.8790448997954644,0.5087619023391936,0.6227101234722983,0.7437937062937062,0.6615708897270913,0.7068416515370772,0.5021758904312382,0.6503092812171336,0.7568491877625371
1.0,0.8165725404584501,0.7593873593670678,0.8731042019968762,0.5085166879010447,0.6185206605268067,0.7297695373418818,0.6696989867613339,0.7031321476057968,0.4933843860399015,0.6653570349270143,0.9673544810594392
1.0,0.8274405581130464,0.7575517065883787,0.8736447401595047,0.5072699261080779,0.6154207436946113,0.7356729190076929,0.6551512462095997,0.6995859726068225,0.4791957933922689,0.6535530011003621,0.8551203184367657
1.0,0.8412984670874661,0.7548300109376943,0.8707694356247265,0.5062786900468318,0.6039897709686164,0.7583383607687666,0.6292286073515273,0.6962636096235757,0.4678745493762009,0.6617070865201555,0.7902133639964233
1.0,0.8713872146552133,0.7527638744488073,0.8741728335985962,0.5084123595296217,0.6037851087259046,0.8092734637593726,0.6648546705125362,0.6934732093167799,0.4512281682996856,0.666420057078287,0.8916570844512599
0.0,0.8706753357695411,0.7516421457682031,0.8810924655387817,0.5078871321060255,0.6062499876433783,0.8130088268060673,0.6797943939057766,0.6885902620248228,0.4229914978217226,0.6494574468151346,0.975978534009117
0.0,0.849129134829861,0.7504208193278811,0.8851844720032531,0.5055926529614742,0.6034575471231711,0.8003256491558832,0.6846461060572443,0.6827558159478886,0.3859095032872221,0.6547074646233662,0.9757435501842808
0.0,0.8376441554743487,0.7477581407650845,0.8815680499470636,0.5043614117205678,0.6210038447893217,0.7744451109778044,0.6748835145329488,0.677223545124882,0.3614335662285616,0.6471346057141054,0.9665410528719882
0.0,0.850078306677424,0.7438196670646556,0.8717313320465042,0.5079681058623611,0.6289852518920095,0.7675412357918128,0.6572738702758674,0.6739086564756394,0.3551819812661463,0.6313267010405658,0.9907892439322502
1.0,0.8378814484362394,0.7393805224217115,0.8621123022533871,0.5066656170890631,0.6293971798539737,0.741809539976235,0.5693661711411878,0.6718446276770311,0.3588342530635526,0.5346188434157866,0.8577878103837466
1.0,0.8222201129514499,0.7357480390479342,0.8543250860929908,0.5055243999716479,0.6356330647323231,0.7008898589657488,0.49457140744027794,0.6712272794267502,0.3610811072667118,0.4744123287143632,0.4975745641419715
1.0,0.8382611171752645,0.735577688640472,0.8599416389471602,0.5054988973415848,0.6312443026231762,0.7185002060156571,0.5364839878707196,0.6745604420234068,0.3863150600336414,0.4918942966633243,0.6556361365928616
1.0,0.8021451283754925,0.7366348623650018,0.8712287010761456,0.4968127214592773,0.6263251762858854,0.7183988188007546,0.42792692848162095,0.6760355666949598,0.39885022291598,0.3567312235141962,0.610849266340594
1.0,0.7897584357647953,0.7381883069001564,0.8842603921404634,0.4974572972973312,0.6356372487719402,0.7097038799114102,0.42927298276754666,0.6791743974157469,0.4375856036162529,0.3582174845315946,0.49209378407851706
1.0,0.8048502681410471,0.7372078203178071,0.8875626735432177,0.4967387466180988,0.6361828841971862,0.7292264785497499,0.4198653945714075,0.6799759040064846,0.4497697083954453,0.3504662925643484,0.5920704159526411
0.0,0.7962128043282235,0.7352202926107929,0.8874902674494665,0.4986377998748603,0.6226881953195484,0.7206135673857763,0.4435100954071444,0.6804075693073162,0.4597980731677137,0.33155281346346416,0.5763053655023409
0.0,0.8141521522471644,0.7335126119207415,0.8889019693655574,0.4984039599972641,0.6285987948406357,0.7467804117791814,0.4544634272612975,0.6793053829701967,0.4531470212212033,0.3415452486171422,0.6532949225783227
0.0,0.8023824213373832,0.7310980732600629,0.8889973725774256,0.4968927784283501,0.6225448459621648,0.7244688704782218,0.4769617631831965,0.6775935795096135,0.4437631741926722,0.36713222548267216,0.6454087144400437
0.0,0.8186607185230886,0.7284753450260374,0.8869447219748564,0.4963344129305281,0.6387029605010379,0.7487490771880896,0.4975075808002365,0.6755966783524411,0.4404486151852151,0.33903683882328084,0.7007202016564632
1.0,0.8128707702529543,0.7253836013131751,0.8841053275557709,0.4963163392588976,0.6298550733046683,0.7261914527110165,0.4625471488795209,0.6721753119098679,0.4266665196411865,0.3478553948380029,0.5344256391789699
1.0,0.7971619761757867,0.7216251429869686,0.8803879072895829,0.4945479317234889,0.6290716683814849,0.6915757526043804,0.4818800384586939,0.670828039713401,0.426423954215988,0.3705675207414989,0.3623334533669426
1.0,0.8055621470267192,0.7186671395401042,0.8818499128834159,0.4971128227500077,0.628357429452132,0.6850955623000575,0.4682419939353598,0.6708059380131204,0.4253060864772353,0.35728298591940444,0.3813467770975879
1.0,0.8073655735370888,0.7150625599595352,0.8812147624988438,0.4936682040016619,0.6415926560359156,0.687228283159708,0.4599881665557282,0.6718744770274163,0.4353912238595539,0.3954056048536481,0.3411955347497301
1.0,0.8386882445066679,0.7120298457702684,0.8834556880160179,0.4968261641302794,0.6289341073587071,0.7199573455828072,0.4772280156793134,0.6729113051325948,0.4456775350194714,0.3653214486445578,0.4053655023406546
0.0,0.8478002942432729,0.7081596309554355,0.8794321489676947,0.4950793424843019,0.6329792871804684,0.7279646452246502,0.466252496117151,0.6743017177492001,0.4632138163080058,0.3518492749665627,0.317680950666186
0.0,0.8678278202268521,0.7060237720252628,0.8822157401797353,0.4956568354128436,0.6312743969194847,0.7549027475931674,0.4214555136454405,0.6763319475730272,0.4827811661373128,0.3573443439226877,0.3056175729204175
0.0,0.8347491813392814,0.7045179325138603,0.884449718651731,0.4926021645728338,0.6345968453080428,0.7158080282028684,0.4145403446490643,0.6792353878083377,0.5069211258816093,0.34761169550437626,0.18602808786460165
1.0,0.8119215984053914,0.703686254721415,0.8935321437580612,0.4920027495736434,0.6268665578907933,0.6861629677109207,0.3949042230604246,0.6821202999752289,0.5267603962294606,0.3699569948092287,0.11776194437411833
1.0,0.8158132029803997,0.7009224585308632,0.8909704258939134,0.4890963999203681,0.6379146074172025,0.6878455251983016,0.41393388063013065,0.6858501459752588,0.5524226076556883,0.3958819549417572,0.047679617637989086
0.0,0.8660243937164824,0.6977884554399066,0.8868688734023009,0.4963976041624674,0.6280943111796065,0.7444916272734559,0.4948672435470749,0.6898859389237941,0.5808874283849392,0.434346112099336,0.31273109407231525
0.0,0.8863366712543307,0.6946332310112816,0.8783823300674554,0.5002357268485685,0.5899030484403986,0.7827950162685504,0.5151172250573183,0.6925420353471201,0.6066416331360786,0.40758275898659735,0.2552348893619128
0.0,0.8944046319586161,0.6926216556724175,0.87861639244973,0.5012524144248022,0.5445113898018564,0.8011268946908975,0.4774277050514015,0.6946518827161037,0.630120405964569,0.413257828654886,0.13761694965595644
0.0,0.9812538560106308,0.6906712672312584,0.8812917582608878,0.5174391194965898,0.5917917829766719,0.9479406396317752,0.6094667554174986,0.6980289953557257,0.6604631591304728,0.5491565590151701,0.8622478087236142
0.0,0.9669213611124294,0.6870215362716136,0.8808253778028927,0.5184179914448053,0.599706957695808,0.9304023490199193,0.5999852081946603,0.6950303756642873,0.6618556154526565,0.5383132383153408,0.7956018878688872
0.0,0.9980067391201178,0.683606034952377,0.8795480104374275,0.520740985913385,0.5118786003323148,0.977224029838902,0.6598180607943198,0.6926659265001303,0.6688401317359761,0.5859398081909447,0.9950547852225348
0.0,0.9878031417588152,0.6799185668654476,0.8778915108852099,0.5226783824691362,0.0,0.9640504721847472,0.6485984764440501,0.6889187328670137,0.6782276960114791,0.574883299848958,0.9310361469041072
0.0,1.0,0.6766474739341036,0.8765814543115334,0.5237025156137204,0.6021658748955386,0.9937306562971192,0.6340285481843059,0.6861254804693937,0.6889201927417692,0.5373593870965082,0.9665061390949704
1.0,0.2732724902216429,0.9675734639167486,0.11964133623368728,0.4746626009465907,0.3954328075118951,0.5814562598218963,0.4678574069965236,0.9659562272182702,0.5377748420304204,0.4763144021271154,0.743230347131098
1.0,0.2565840938722294,0.967784978169144,0.1043959214113394,0.473241468281571,0.3971336656768893,0.5379779989523308,0.38613268249389865,0.9642331834655355,0.5297164572990556,0.4679265584766255,0.4611734889340781
1.0,0.2443285528031291,0.97169938453956,0.11178562851689433,0.4721782460044486,0.4141562837281429,0.505500261917234,0.3628060054729676,0.9644842521509064,0.5302891310432448,0.447770734113793,0.3181794026995425
1.0,0.15867014341590618,0.9746567855940158,0.11386870360493205,0.4687907758692105,0.4001972250509369,0.462283918281823,0.3565268841062049,0.9659746458570416,0.5249281444849738,0.4402084269306477,0.1321872675098308
1.0,0.21720990873533247,0.9773682257320008,0.14015033200229687,0.4700084667832778,0.4059065233770383,0.5385018334206391,0.4434657199911249,0.9700291152895296,0.5456550005470402,0.4974789495067221,0.4573280901264736
1.0,0.2456323337679269,0.9777985410849336,0.1574711886643811,0.4686775453333915,0.41004373947128187,0.5709795704557358,0.4626506915169,0.9710197879650908,0.5591668851349085,0.4623678411102949,0.5150653629503669
1.0,0.17992177314211213,0.9797112456077576,0.1769719683867042,0.4669440530492407,0.40978566658409904,0.5185961236249343,0.4097330079136154,0.9692947052329804,0.5627074829108304,0.4091881204449082,0.31594749707726555
1.0,0.15801825293350708,0.9838132077800948,0.19043365440343324,0.4687560225477897,0.4005222568553995,0.4798323729701412,0.4508468308557063,0.9689668322638608,0.5887988901685037,0.45033694049727613,0.08261363636363615
0.0,0.17235984354628425,0.9844901126216984,0.17708511233829632,0.4700544833342573,0.4061865074700127,0.5337873232058667,0.5735892315657123,0.971742937248634,0.5841647919937369,0.5063967400093614,0.09259326660600399
0.0,0.21095176010430244,0.9849233127921092,0.1800095928580271,0.4695670555451502,0.3983565158675316,0.5903614457831322,0.5699504474521119,0.9735570925936892,0.5651596984925521,0.5023443119577018,0.4446663104311396
1.0,0.18956975228161665,0.9873465851963588,0.1973844412844564,0.471463459807151,0.4029439607216075,0.5542168674698793,0.5518009023001261,0.9740261188170138,0.5219906760836556,0.488313960957441,0.3324239952751934
0.0,0.1747066492829204,0.9906385225045018,0.2177039950971076,0.4704508910498097,0.40119752502571737,0.6139339968569929,0.6965017380371276,0.9750517675573388,0.4837327955346808,0.5699328416400281,0.6260370672441431
0.0,0.1861799217731422,0.9933578793965288,0.2249814010091578,0.4676858673409873,0.4009426083823645,0.6338397066526977,0.6901264699356552,0.9725084252467744,0.4419990758963581,0.5660015974645474,0.6763270084601607
0.0,0.14524119947848765,0.9917745580890992,0.21580060595424416,0.4641298729350936,0.4064204732022725,0.5505500261917232,0.6240736631905931,0.9709501354078494,0.4091012019727495,0.5637483105514669,0.5099953612688036
0.0,0.17835723598435455,0.9906483084729356,0.2128519330545971,0.4631756378144782,0.3994847690519467,0.5919329491880563,0.7231121958435025,0.974774305433501,0.4329067800699423,0.6268026954506941,0.6929380839831234
1.0,0.1546284224250326,0.9891195717987308,0.20864769318669807,0.4610825695133282,0.4086288235642953,0.5400733368255631,0.595688188743436,0.9752932321397648,0.4320019588883568,0.5229377710834663,0.6651940535883886
0.0,0.19687092568448494,0.9891555938901088,0.21295357960668845,0.4609492000624888,0.4040863283722532,0.6202200104766891,0.6381184823607725,0.9770926377369497,0.4553875303831586,0.5653036582118603,0.798502352499392
0.0,0.20026075619295966,0.9865321523839284,0.21093197952939674,0.4612572044920475,0.4071551170307608,0.6364588789942376,0.6818208712373344,0.9746702867213192,0.4533688080306956,0.5501328792321709,0.8364957699189317
0.0,0.2297262059973925,0.9829379076439804,0.20637571169810964,0.4636765578348043,0.4098105095062979,0.6317443687794657,0.6590193033059684,0.9698930716661368,0.4547200793795288,0.5240053390173258,0.8448013076804131
0.0,0.2518904823989569,0.9792777240755356,0.19231706214056632,0.4618033256926342,0.4164686568887633,0.6474594028287061,0.7017898084461207,0.9640068289125427,0.43224539568866177,0.5514084302209274,0.8038479379735367
0.0,0.2631029986962192,0.9784141407214164,0.16106781732977474,0.4627542329224839,0.4159239917588154,0.6783656364588789,0.7849641298720516,0.9576826259678296,0.4062108035189416,0.553262683086693,0.8511850853747434
0.0,0.25997392438070405,0.9789308519063924,0.14303586195926588,0.4624978944149275,0.4182904679577388,0.6883184913567313,0.788610309888322,0.9532202726528952,0.3905163733475968,0.5564354630451874,0.8951662333819449
0.0,0.2526727509778359,0.9803863398792838,0.13662954631190066,0.46561553528198396,0.4011109194027083,0.6877946568884232,0.6771762443606243,0.9470069114653774,0.3608426420243551,0.5053134967837652,0.9997849051192575
1.0,0.19765319426336395,0.9812008103587428,0.15305089915307446,0.4647089869903418,0.4070654793529112,0.6128863279203772,0.7257673249020042,0.941890162284852,0.3342199602144321,0.5308940457618934,0.906416704770614
1.0,0.1786179921773141,0.9851766063238048,0.17565004068860218,0.4630457905665281,0.4076139224947484,0.5730749083289678,0.6787885511426666,0.9364683851123228,0.3033343299950567,0.496055575849937,0.9186607732561082
1.0,0.1176010430247718,0.9888905982313612,0.1988295530586726,0.4617832028888849,0.41155433145282266,0.5385018334206391,0.6270763996745798,0.930308242831012,0.2769352036912404,0.5147808742570552,0.9330670634609852
1.0,0.09960886571056066,0.9927101470776368,0.2217264576365906,0.4640137404598916,0.5118712330455909,0.5243583027763224,0.7335626063161008,0.9226253177154032,0.2451889911294294,0.5609361254855841,0.9258126095028898
1.0,0.07092568448500652,0.9926457858688832,0.23182504659754205,0.4613362469204553,0.4822014578135563,0.4604504976427448,0.6578951261001401,0.9116645088252592,0.18090980133207674,0.5306990997734774,0.9835085313833032
1.0,0.03780964797913941,0.9914730092057658,0.23264107028149866,0.4580059792571775,0.4959267401915707,0.3724463069669983,0.635330227054212,0.9096107307582316,0.1754269054147909,0.5213566452659361,0.640760197775031
1.0,0.0677966101694914,0.9903379799785345,0.2354235071929151,0.4569399340619149,0.49170633688844206,0.4138292299633313,0.540056208860291,0.9122802984896624,0.1908920018645288,0.4692378292372749,0.8772613320685668
1.0,0.06179921773142107,0.98686764535651,0.2297097074057672,0.4562403944927028,0.4489288098297431,0.38239916186485057,0.44936765032172143,0.9154264435545432,0.2173346716193912,0.478635112835455,0.8251914086320201
1.0,0.07014341590612774,0.9850640035930798,0.23031166329016034,0.4565565664557918,0.4732079907573257,0.32058669460450484,0.3457288662081209,0.9184932588670572,0.24095082205778875,0.4801856930661413,0.3105859805080943
1.0,0.0591916558018252,0.9839943742516846,0.2383541823542525,0.4576345380151424,0.4660022732005776,0.32058669460450484,0.24896087567487615,0.9235832023811871,0.2852729479779078,0.4962846234615496,0.3005138033682672
1.0,0.05762711864406767,0.9857181991944766,0.24595659934998945,0.4574266924653971,0.4709661263112356,0.3095861707700364,0.2479550329117665,0.9292281038998867,0.3332730262810032,0.4962180052735194,0.3113365868713946
1.0,0.048500651890482416,0.982933006224399,0.2357459649673052,0.456498343697154,0.4944978425054503,0.2886327920377159,0.19626506915169,0.932594243552734,0.3739224583445876,0.5233123846025852,0.2070654928387748
0.0,0.16427640156453713,0.9802625832831218,0.212562163760352,0.4631855942319157,0.5047792940416581,0.4174960712414876,0.3220915612750538,0.9390563659002706,0.4309957507983508,0.5183415819295429,0.4772711205372921
0.0,0.17705345501955672,0.9778521170725688,0.2023688458724609,0.4606404766533233,0.4919332793646066,0.43478260869565205,0.2760076917387766,0.9385624086446036,0.4351827704724064,0.5013401425946644,0.4825379992930354
0.0,0.14915254237288136,0.9819746198437784,0.2104830417359229,0.4618360867265316,0.5072017360068956,0.4064955474070192,0.3027364839878708,0.9377682404096196,0.4316417583385007,0.5144667105153115,0.3861240582034449
0.0,0.1176010430247718,0.98778154689259,0.23101279878329256,0.4593049189225544,0.4848624565306538,0.4216867469879516,0.3594778492715039,0.9359953556388094,0.3950370120240753,0.4889408271962859,0.4439098548255069
0.0,0.0863102998696218,0.9925938086928998,0.2453052019131375,0.4602501408829661,0.4571814309091067,0.3913043478260868,0.35488499371348303,0.9346121034885844,0.3877024574037666,0.4853612385664646,0.3163267010808739
1.0,0.042764015645371606,0.9954073608613634,0.2566933654333957,0.4596240739780472,0.4661366185057158,0.3048716605552645,0.2635973670586496,0.9355953591689988,0.3932558934729576,0.4885765986730897,0.16425266041864994
1.0,0.027640156453715647,0.996591909292633,0.26355997017490057,0.4619716572794925,0.4874472695188106,0.29229963331587205,0.30902300125730353,0.9415157353826179,0.45030684243707103,0.4615479050614511,0.1857030688785309
1.0,0.08813559322033906,0.9966373448938934,0.25490631476099873,0.4637853722123044,0.4817746807564509,0.3871136720796228,0.41487316026921095,0.9477037459044066,0.5011582068114853,0.5067313703978429,0.4287241684625538
1.0,0.08005215123859194,0.9954550897946908,0.24633499689459765,0.4627805184521554,0.4853104120871592,0.33787323205866954,0.28093336291694376,0.9499691887460632,0.5275540350080806,0.4798757617956039,0.21620808900917166
1.0,0.10117340286831802,0.9961132204576943,0.23679657748979335,0.4628131670289554,0.4990465670433559,0.3803038239916185,0.32906589749278936,0.9564414984173392,0.556197954874171,0.5021940222247199,0.3303763845035837
0.0,0.13063885267275113,0.9952861427278894,0.2270713319083389,0.4656031557796051,0.4847376843446222,0.4557359874279728,0.4188299681976189,0.9600342756672562,0.5601424667575234,0.5022804845766878,0.4401510215673503
0.0,0.13089960886571048,0.9971175106960868,0.22817895796962198,0.4653212427526114,0.4835982023055427,0.3892090099528548,0.3184453812587826,0.960632915223653,0.557105748742888,0.4257437706394667,0.19395579612088465
0.0,0.08943937418513692,0.9974476878518276,0.230582816175782,0.4618798551222086,0.4818261406941193,0.3907805133577789,0.3377338954219361,0.9672474372053608,0.5928919954838897,0.44085300522586623,0.16263218563624576
0.0,0.09361147327249034,1.0000000000000002,0.2421239326709998,0.4620933478232396,0.4054941108424095,0.3645887899423782,0.3164854670512538,0.975732645387038,0.6584844941934114,0.4210638413527434,0.059322741776508474
0.0,0.15749674054758803,0.9988736225824872,0.2141641031398376,0.4642201394275506,0.4022148162653993,0.4850707176532214,0.4365357591894091,0.9882129146598242,0.7571057542838184,0.4942262067081685,0.06515601783061017
0.0,0.19634941329856573,0.9937641540373516,0.16791461644449346,0.4640166992521158,0.4104248647982919,0.5432163436354109,0.5078692404407964,0.9954380491114628,0.8269286771774136,0.5495213147702578,0.1865141481035523
0.0,0.31499348109517605,0.991173218696457,0.14263039088999754,0.4709409100326339,0.4253927774408253,0.6574122577265581,0.5591968049700463,0.9993991663093679,0.8981530245380854,0.5455851409179302,0.3336544250451514
0.0,0.4083441981747066,0.9876438754871562,0.13685816340247925,0.4786072221083434,0.4396466203211354,0.9161864850707172,0.6387397381850454,1.0,0.930516273621946,0.6327820264204569,0.7126429861529197
0.0,0.4307692307692309,0.9863719130494346,0.14334905413845073,0.4768186387953632,0.5115529064149205,0.9371398638030384,0.7282005768804082,0.9961854005565632,0.9358755720022154,0.6553076933757574,0.7589102950030095
0.0,0.4422425032594524,0.9818285994999928,0.1323489293198168,0.4740862783472947,0.4394990941210609,0.9392352016762696,0.7610531765401967,0.9899797813143864,0.9038031098608592,0.6392159289748066,0.8457104017722284
0.0,0.4375488917861801,0.9808624701212004,0.14180758935089666,0.4737715096314759,0.0,0.9156626506024096,0.7900673027142959,0.98295041460211,0.8741178295681926,0.6560619140187768,0.8321155917755598
0.0,0.4318122555410693,0.979092559231008,0.14708379092641627,0.4729688469202737,0.4250701293710229,0.9795704557359874,0.8999926040973298,0.9772513799062932,0.8652102176390277,0.7178663349292791,0.9860246751828792
1.0,0.41199478487614105,0.9810082115680544,0.16881048310525454,0.4715363988640383,0.3629593382351197,0.9994141769185708,0.7834775534353966,0.9690057541740388,0.8405178963172133,0.6389752386954207,0.9992632448482957
1.0,0.340026075619296,0.9797767922359312,0.17028785881085445,0.4689477502498877,0.3995546601201829,0.9471830985915496,0.7515864211226979,0.9648775389071332,0.8352981774489907,0.6682315969669332,0.9735161352285808
1.0,0.33350717079530645,0.9819487665836216,0.1923068837825882,0.4684384669067226,0.3843844501953599,0.9061032863849764,0.6826640041417056,0.9595069499448194,0.8104114048638955,0.6610562481027852,0.8525478030919451
1.0,0.3168187744458931,0.9802064546113464,0.19760400573187156,0.4669457396224255,0.3970516385138648,0.9107981220657276,0.7504696398195396,0.9558758349414151,0.8034206338065615,0.6732771537196911,0.948975378103545
1.0,0.2988265971316818,0.9807845707715496,0.21634987648655266,0.4654249886749761,0.3770086920230215,0.8521126760563379,0.7357961689224166,0.948230423414357,0.7579873497641254,0.6660294058782708,0.8235946936457946
1.0,0.2881355932203392,0.9811173225011174,0.2263464247745505,0.4644787118072876,0.4106253718279988,0.8732394366197185,0.8249833592189929,0.9428734556706851,0.7246886815366796,0.6708379634753469,0.8505908452936114
1.0,0.29569752281616685,0.9817027373598044,0.23847908838911064,0.4651206167413718,0.3909410498588714,0.9160798122065728,0.8578433547814517,0.9380143071680124,0.6852793304497611,0.7172561088782302,0.9754141627415956
1.0,0.2936114732724902,0.9789187722888364,0.2419471852323512,0.4649480342165564,0.4141184454136274,0.9037558685446008,0.8110568744915314,0.9323978495691684,0.6747844083878811,0.6460043760950248,0.997576621525302
1.0,0.2985658409387224,0.9759346924312228,0.232308442173436,0.4653948767577502,0.41141340797991416,0.8632629107981221,0.7811404481917017,0.9270609228900372,0.6934228214586755,0.6320519520935812,0.9417225150194116
1.0,0.2844850065189048,0.9731750799189104,0.22071816843398775,0.4678945761585198,0.4322963387057889,0.8497652582159623,0.7301235115745879,0.9218874842447646,0.6776321097256499,0.6232145252307764,0.9164768907107396
1.0,0.2727509778357237,0.9721496107115846,0.2160005129472406,0.4668799026720039,0.4319176408905893,0.8174882629107981,0.6981732120405298,0.915791474032268,0.6475725670804928,0.6058514823166734,0.8623578832016805
1.0,0.2602346805736636,0.971434960554494,0.22889113301974645,0.4657849402508995,0.4261764286847023,0.7887323943661971,0.7329117668811477,0.90888145549624,0.5835942015669809,0.6268816111946875,0.7867677275010263
1.0,0.2531942633637549,0.9715323359979992,0.2406092647996699,0.4651718326632589,0.4289061102468417,0.7957746478873241,0.7947563050070265,0.9016002129805992,0.5376769947051877,0.6213766628437476,0.8398931555636728
1.0,0.2511082138200781,0.9715622127353096,0.2467428923364369,0.4649964850567074,0.43139699477703664,0.80575117370892,0.8369425338362545,0.8938390085606294,0.4745837397075599,0.597019997389189,0.8827748360072696
1.0,0.2477183833116037,0.9697858115125448,0.24307982777036255,0.464698650796504,0.41940293670265616,0.7963615023474179,0.8278529694549224,0.8833824330015678,0.3850362290046143,0.5932183241050552,0.8544582968795561
0.0,0.2842242503259453,0.9661610558620162,0.2356538977144169,0.464164334249971,0.4349960544418338,0.8474178403755868,0.9530729975593524,0.8746893230241715,0.31506224766218105,0.6067634599709493,0.90215108508878
1.0,0.2706649282920469,0.959541919668114,0.21324247981824807,0.46296535599271504,0.4405591930357361,0.7734741784037559,0.8252348199097705,0.865041096755385,0.2586108732947794,0.5667346229152864,0.9713827881987004
1.0,0.3168187744458931,0.9543831076872096,0.1997816038016677,0.4633607774884166,0.4305658324363293,0.7928403755868544,0.7544190518452782,0.8606649628885201,0.2377725153455347,0.5582141075024853,0.9754761335564596
1.0,0.2857887874837026,0.9507870853343776,0.190858272606702,0.4643357494157213,0.41884996222728105,0.7259389671361501,0.7356112713556692,0.8562574872527657,0.21275711436046288,0.5500945643765001,0.890476383211236
1.0,0.2464146023468059,0.950880565437586,0.20168643845066755,0.4644481997580193,0.4290617977327409,0.6473004694835681,0.6560757340433402,0.8521796049752639,0.1808000604998881,0.5533218393064963,0.7218197272028172
1.0,0.2573663624511082,0.950632700954014,0.21043608165712815,0.465472590503956,0.4256392209736298,0.6901408450704225,0.7007100066563129,0.8514036892617283,0.1723124491739088,0.5912307212411785,0.8827255433682767
1.0,0.26675358539765315,0.9500312887085232,0.21104909539357855,0.462597931819335,0.4355777196828959,0.6907276995305164,0.693669107314548,0.8484702999452769,0.1487389808408771,0.5843936395829128,0.8847290241631928
1.0,0.2623207301173404,0.9479567045171976,0.20434128189880008,0.4659155478345513,0.4311025365243444,0.6866197183098594,0.6523851786110492,0.8454462041995818,0.12641718800135465,0.5475174605900363,0.931335249119682
1.0,0.2719687092568449,0.9461699583795772,0.18983948385275454,0.4667896112790064,0.42369708076861373,0.6819248826291079,0.5765032172176615,0.8399989993318668,0.09430049317434892,0.5475044127153441,0.9215298687567512
0.0,0.26440677966101683,0.9435445101345616,0.18346642470654131,0.4660912581614437,0.4188505467781691,0.6525821596244129,0.6138451297980918,0.8371562607982048,0.08198909451940589,0.5699026929339495,0.8554715333164777
1.0,0.2205997392438071,0.9420730462508328,0.17738405536905633,0.4618546940969906,0.4214410461889199,0.5340375586854461,0.4292212114488571,0.8350217057710052,0.0704896720786401,0.5021915594353031,0.5836991748454259
1.0,0.22659713168187745,0.9425342182733842,0.17813530498908992,0.4624412691425771,0.4236375655491374,0.5522300469483566,0.3809703424302936,0.8385700291026337,0.08486280859679074,0.476582722861989,0.5874704491725764
1.0,0.2623207301173402,0.9421004245575866,0.1793131169277668,0.4658249454584706,0.4167636701587385,0.6607981220657276,0.4386435914503368,0.8392658506746571,0.08202002779702383,0.4592191909199774,0.6950723660648456
1.0,0.26336375488917874,0.942249604969718,0.1879896605912439,0.4659055800741735,0.432613210589128,0.6185446009389671,0.4665113527105982,0.8349270532899362,0.042016122367831865,0.4771991427285857,0.6630290517622774
0.0,0.2677966101694917,0.940127388629764,0.19289059445439394,0.4663374432691946,0.4184342401800749,0.6684272300469484,0.5732564159455661,0.8339710482938059,0.03675345886348708,0.4908034966691314,0.7838287652474358
0.0,0.2883963494132985,0.9399193489242232,0.20305480231632472,0.4682611075376603,0.42178617575026506,0.6672535211267604,0.4273056726573482,0.8311139455407304,0.013448029185500364,0.4636253599953506,0.7803948005983109
0.0,0.24015645371577585,0.9371600849911464,0.19974433413175274,0.4673823395824929,0.4327305540653819,0.5803990610328639,0.3673249020042897,0.8306379964024624,0.01970395269747266,0.47839828701739295,0.5742227671861407
1.0,0.23833116036505875,0.9347431523407524,0.18822968291175696,0.4671616398568678,0.5109122636556888,0.5387323943661972,0.30201908142888834,0.8299561332870204,0.0,0.489900365185132,0.4548690768135429
1.0,0.25475880052151234,0.931738420849448,0.16664161722291754,0.4687306504632349,0.5085503494707879,0.5240610328638498,0.2515124620959988,0.8333949697766576,0.010952593130705124,0.5098384693197302,0.3312960859610222
1.0,0.25006518904824004,0.9292133920283316,0.14311129367438424,0.4682696008562088,0.4899094324373001,0.5111502347417841,0.1561570889727088,0.8392476771894204,0.0351752625898471,0.5275275249401644,0.29006031562422474
1.0,0.207561929595828,0.9271374504798012,0.13248537020550327,0.4638605928657478,0.4824110085495593,0.3914319248826292,0.0,0.8454555801739461,0.06043861289644802,0.4532209385115417,0.03703982874544067
1.0,0.20651890482398969,0.924808525169065,0.12352680814704033,0.4636595823703078,0.4894581836507392,0.3491784037558687,0.07221359366910696,0.8559028663829801,0.10755230595308383,0.4363354551575525,0.0009082217973226717
1.0,0.2338983050847458,0.9243610048542468,0.12519145072885846,0.4627354194975644,0.4675997999932844,0.3814553990610329,0.1309814362842982,0.8645243302884129,0.14250466704533832,0.4094945963180941,0.0862495860209112
1.0,0.20730117340286844,0.9235161880261112,0.1205929310118391,0.4637321485476537,0.4688414357427733,0.3491784037558687,0.07996449966718439,0.8714924588387303,0.1910563831390304,0.4308184462664726,0.045740260129914605
1.0,0.21251629726206,0.9238043896547844,0.11568017659450053,0.4641848840567802,0.4897273967563074,0.3145539906103286,0.11587900303231975,0.8804721087532108,0.2503516402644739,0.4023566134467396,0.01328732221756342
0.0,0.24797913950456324,0.9248235941164202,0.11582632617790704,0.4641463966874999,0.4860011128301283,0.3937793427230048,0.12881443680201116,0.8886889897829133,0.3047879842281779,0.4078952861010608,0.04418357145160709
0.0,0.2411994784876141,0.9252923933078214,0.11537565924220156,0.4634977607343186,0.4877942827073967,0.4237089201877934,0.13382885881221795,0.8979944140117571,0.34813892122925083,0.410182159107548,0.06113135743541754
0.0,0.2677966101694917,0.9244748470885352,0.11187851070779092,0.4624651286436269,0.4916493158506252,0.4330985915492959,0.1684860587234676,0.907676921446104,0.3893197828435302,0.4265211788022129,0.10060926584359263
0.0,0.27457627118644057,0.9221436583440396,0.09902844957593017,0.4631498416058608,0.4677473872372148,0.4119718309859153,0.2071592337844831,0.91460482992724,0.4100124390849291,0.3964688224632563,0.1780092551233719
0.0,0.24719687092568465,0.9226878171448288,0.0974003960745286,0.4640256622739236,0.4868877336400736,0.3515258215962443,0.19076991346793928,0.920137918157129,0.4138841267096592,0.3733479584156051,0.036448748414301714
0.0,0.2565840938722296,0.9280818379128856,0.12127695471781295,0.4650281625253437,0.4866809781301278,0.4078638497652584,0.2889505214111381,0.929280400833388,0.4502574690089365,0.3759303420394178,0.17973777348777348
0.0,0.2320730117340287,0.9377844059184508,0.16469697949592554,0.4626648907030982,0.487614234062023,0.4553990610328638,0.33863619554766605,0.9353244032554956,0.4756162816417734,0.4060632860863012,0.3299549549549543
0.0,0.17913950456323335,0.946967874623624,0.2129941492580853,0.4577767374868301,0.4899913827743601,0.4782863849765258,0.3381480659714513,0.9383504048901591,0.5108852909125837,0.4050355454066487,0.3069095881595875
0.0,0.15019556714471968,0.9510986804865532,0.2280710398653995,0.4586497751969994,0.4937596141050673,0.4377934272300471,0.3433325937430667,0.9423097861275632,0.5318405175834011,0.4086371047375167,0.2005509974259981
0.0,0.15567144719687093,0.9501450122508908,0.22332422038770014,0.4590232570533061,0.40462888160077015,0.3978873239436621,0.2669846904814732,0.9478640005749116,0.5713986829908555,0.35935914387148205,0.025619369369370724
0.0,0.2576271186440679,0.950230535909138,0.22009167317316866,0.4651535579505531,0.40905059062245,0.6056338028169015,0.446490644183122,0.9584673569295374,0.6354690214293552,0.4751096556358057,0.2700783421784172
0.0,0.23859191655801826,0.9492316405526088,0.215767557505449,0.4633469029284065,0.4058172084973958,0.613849765258216,0.4447008357370017,0.9619795705381846,0.6693595860920043,0.4733131311011958,0.2508264570372482
0.0,0.26649282920469364,0.9494063099836888,0.21977482757819727,0.4622898419498769,0.4082680466656794,0.6255868544600938,0.4887064566230309,0.9671294106476818,0.7111562743743107,0.4756605572517622,0.07945729568882845
0.0,0.28526727509778377,0.9456826119308512,0.2000991908364706,0.4640908822047513,0.4222769397480837,0.6825117370892021,0.4855705938909846,0.9713214118514396,0.7628789460077359,0.4723610716342165,0.15756845796875402
0.0,0.33637548891786184,0.9432258431821664,0.2007631035719743,0.4652480193124674,0.4293188373679006,0.7318075117370891,0.5866577915834625,0.9752402612925511,0.8135532733047379,0.5566430795231213,0.5391184573002739
0.0,0.3752281616688395,0.9419782195637618,0.20579803569172828,0.4651794081944016,0.4291628739334355,0.8163145539906101,0.6574735596479548,0.9750037360267972,0.8394348380337244,0.6231579688263259,0.7759543486816206
0.0,0.3436766623207302,0.9449609661109252,0.23492241585604595,0.4658329706234594,0.43426810025467866,0.806924882629108,0.618038606611937,0.9713988690818188,0.8250225646647342,0.6113639347127645,0.6941106400868854
0.0,0.2954367666232073,0.94755077038192,0.2558638549779351,0.4650208616610502,0.4277541146902818,0.7769953051643194,0.6686709562902153,0.969118865965172,0.8176933839555965,0.6602203586592442,0.6614231160004196
0.0,0.3063885267275098,0.9455021225987446,0.2524763068740791,0.4623074396037346,0.41450473480721206,0.7840375586854461,0.713578877301975,0.9646939848200328,0.7929329454279495,0.6961903104313172,0.8513124721933852
0.0,0.33063885267275106,0.9461983756621256,0.26594795270653,0.4646341718084103,0.4173700550634486,0.7511737089201876,0.7708453516751724,0.95858638457363,0.7724165449227303,0.7357706982580559,0.8047802500196558
1.0,0.2597131681877445,0.945147587143406,0.2706314349806072,0.4581108904380121,0.4135140062668693,0.756455399061033,0.8204200872716518,0.9527090715633622,0.7515679650025702,0.7237981299003231,0.8399103040429139
1.0,0.2964797913950457,0.947899460238132,0.2890920184057921,0.4577137933399504,0.4194903517877912,0.7646713615023475,0.8268619184971522,0.948652425308146,0.7474753709964279,0.6852986038760843,0.867078379314325
0.0,0.2980443285528032,0.948218040419626,0.2958152592772047,0.4578416915620114,0.4183861987913545,0.7951877934272299,0.8073663190592409,0.9445955063348932,0.7393558643255029,0.628954903970663,0.9296988990582298
1.0,0.2419817470664929,0.946648047954388,0.2859776080460866,0.4565749385712613,0.4243190431203218,0.762323943661972,0.8225057318245693,0.9396890701685016,0.7347119258130155,0.6383583639466672,0.9797005939305192
1.0,0.28526727509778355,0.9467617608159766,0.28751624876998244,0.4604705846126271,0.427400428759072,0.7318075117370891,0.7601360846091261,0.935454382072444,0.7502002745064351,0.6232223505963187,0.8838075810245403
0.0,0.2706649282920471,0.9465375098398291,0.2855983399854805,0.4591687714343333,0.4248021840144032,0.7705399061032865,0.6648546705125362,0.9312307901631836,0.7570928333860463,0.5337027713136232,0.8809766657646587
1.0,0.22946544980443284,0.9508619298857391,0.3083681073104225,0.4593073557906579,0.4284118476868972,0.7588028169014085,0.7661637452851127,0.9271285400807516,0.7668124868874411,0.5457876060810919,0.8966299619075376
1.0,0.2302477183833116,0.9522659505415298,0.31729482757896904,0.4593963236790886,0.4335427861420961,0.7775821596244132,0.7417942459877228,0.9190532726794192,0.7337204207802088,0.5753120792485822,0.9984071133089248
1.0,0.21720990873533247,0.9533829365421204,0.3255812381490157,0.4582001972177664,0.43163329179723137,0.7265258215962443,0.7234524073663189,0.9130318330052992,0.7265570214615833,0.566523466788941,0.951028817454238
0.0,0.1911342894393742,0.953718866537214,0.33472664028124083,0.4560384085939486,0.420885056652848,0.7429577464788729,0.7308039346202206,0.9070424114215332,0.7104099089981188,0.5740219342627292,1.0
1.0,0.16297262059973927,0.9540334398376052,0.34450098396831536,0.453421472136098,0.42186404044536585,0.6649061032863848,0.7444937504622443,0.9006595985613328,0.6949860362815032,0.5830675169226079,0.9333352229245216
1.0,0.1767926988265972,0.9526499576628772,0.345885304297937,0.45091297630280397,0.421307533206728,0.6748826291079812,0.7426891502107833,0.8947728562089696,0.6888081236410104,0.5807904778551318,0.9813017960893028
1.0,0.14889178617992185,0.9541503767654838,0.3571803947126367,0.452069481310507,0.42245660569243176,0.6226525821596244,0.7303601804600252,0.8890208702303108,0.6853363033573627,0.5746729632740272,0.9100743337160808
1.0,0.13324641460234682,0.9565630701797389,0.37169835792681605,0.4509247890011502,0.43014140658762856,0.6485091743119269,0.7643221655203019,0.8822572588595003,0.6735033990550527,0.5524728126281357,0.9902909904868488
1.0,0.1176010430247718,0.9560231998060382,0.3703843673409996,0.4494535489929835,0.4285179868037712,0.6013513513513512,0.8203757118556321,0.8741773368154366,0.6324712416038769,0.5829905688356279,0.9531652580124736
1.0,0.1408083441981747,0.9543790552998012,0.3644375550697304,0.4513731571862583,0.4318342291629332,0.5793918918918917,0.7930404555876052,0.8665053140425802,0.6031238902059971,0.6206796875431759,0.8918802075145426
1.0,0.12203389830508475,0.9528197040764091,0.3558960920504069,0.4534967946704156,0.5021359745114228,0.5737612612612609,0.7806301309074775,0.8616540041520422,0.595967828955443,0.604200032592397,0.9369595975475556
1.0,0.07379400260756191,0.9517549844085782,0.35387656737683065,0.4487530871772855,0.4979694570913968,0.4684684684684684,0.6876266548332226,0.8555755407754102,0.6021609191287939,0.5859200167891484,0.9704022569191108
1.0,0.09595827900912647,0.9491392520652692,0.3467536661502249,0.4506427654656312,0.5043790146777916,0.4572072072072069,0.6708897270911915,0.8514465848677804,0.6144179052108758,0.622570703738807,0.9316357799503854
1.0,0.06753585397653206,0.9459531723757892,0.3410701506013288,0.44756077346352624,0.5049508573165556,0.3676801801801801,0.5838769321795722,0.8461853456884032,0.6188271144012567,0.6123009738423506,0.6840799649788403
1.0,0.06466753585397647,0.9453280360104056,0.3388312593837329,0.44714333450255855,0.5067002062792488,0.3429054054054051,0.5562088602913983,0.8442159964577078,0.6497263651555003,0.5921101929412425,0.5251228172576485
1.0,0.07353324641460238,0.9480958328686808,0.35413230071233376,0.4480226541186235,0.4964677826298307,0.3643018018018016,0.5484283706826418,0.8446077320928074,0.679297805871445,0.6341072507452844,0.5130113332360532
1.0,0.07405475880052162,0.9520887414778392,0.3695367098033811,0.4484523298307641,0.5007540081837203,0.43355855855855857,0.5671178167295315,0.8459205816643038,0.7065752197495309,0.6502409881771394,0.65491998638066
1.0,0.051368970013037814,0.95468484331483,0.3839202380761483,0.4500183168856472,0.4909671483437006,0.40540540540540543,0.5340803195029956,0.8447595283257596,0.7173942151001944,0.6717813023515972,0.5833211732088142
0.0,0.0745762711864407,0.9533185613461076,0.40148547768688697,0.4484470225106593,0.4979690780086182,0.4262387387387386,0.5745506989128029,0.8431337143024984,0.7434268879578344,0.6573904725117052,0.6496181720900832
0.0,0.1269882659713168,0.9524680091529091,0.4244847861905896,0.44957838203231626,0.5023811832012751,0.4853603603603601,0.7131499149471191,0.8405364801847419,0.774798004167746,0.7426625532006522,0.959628386594678
0.0,0.07196870925684483,0.9529488878980116,0.4542504136745707,0.44799706851885707,0.49084720880369204,0.4065315315315313,0.5955180829820281,0.8328772745362567,0.7568378501405033,0.6925557354826936,0.8860370296103192
1.0,0.07249022164276406,0.9540927830459568,0.4663264213856754,0.4481653249889917,0.4956133181208955,0.4284909909909909,0.6255380519192371,0.8304208940963862,0.7626891938005433,0.6811072320139945,0.9600628300247316
0.0,0.08735332464146027,0.9536853748978892,0.473496488869496,0.4494082371606738,0.4977269622424666,0.4121621621621621,0.5983433178019376,0.8260905752781096,0.7592585837042689,0.7017671872999766,0.8817749492971524
1.0,0.09335071707953063,0.9486825186716336,0.4634927217812258,0.4462775847552403,0.5054677866726925,0.4222972972972972,0.6128097034243032,0.822833058849679,0.7759377750307401,0.6728157387538778,0.9362141408287464
1.0,0.11447196870925687,0.9437404710278964,0.4418243163613787,0.4478694992252565,0.506940729994026,0.35135135135135137,0.5701575327268694,0.8190197301552955,0.7847695360901157,0.6312405310887711,0.7672060753051562
1.0,0.13689700130378082,0.9399886860855576,0.429804446099128,0.4462588526321046,0.5053370121595102,0.3547297297297295,0.5707196213297836,0.8161105788631888,0.7804093036528299,0.6320004920234938,0.7905848674008985
1.0,0.13142112125162975,0.9386137073231916,0.414888233770318,0.4458195650416513,0.5051970188808279,0.3659909909909909,0.6213297833000516,0.8129332774717672,0.7790900962639051,0.6822286083862201,0.7314222098524905
1.0,0.15775749674054754,0.9342430925729686,0.40083974547990414,0.4445857103169966,0.4840220796080063,0.3778153153153153,0.6085644552917681,0.8094334309754299,0.7703770670617154,0.6713719465247588,0.6533736233151753
1.0,0.182529335071708,0.9313048986242192,0.3871708606812328,0.446716459644714,0.4991614394122113,0.2989864864864865,0.5488869166481769,0.8089868413648118,0.8059440346547709,0.6071071068235205,0.3633258618849397
1.0,0.1619295958279008,0.9353511682054249,0.4123637854794425,0.4449065648140441,0.5017739684260574,0.3226351351351349,0.4929738924635749,0.8108468727976899,0.8513247668957573,0.52829349904442,0.3682712491550128
0.0,0.12464146023468045,0.9419576694197712,0.44336515606642585,0.4419753029135757,0.4943602380825179,0.3930180180180177,0.5655129058501587,0.8130328089626107,0.9062476357432052,0.569397939384487,0.5095883587718352
0.0,0.17809647979139506,0.9498380963106644,0.4924229727652015,0.4432087278698521,0.494853548440444,0.4538288288288288,0.6181051697359664,0.8117741825237106,0.9504725168740636,0.5930165694712118,0.6802220087522673
0.0,0.1426336375488918,0.953375469536004,0.5349073079414222,0.4403221420849896,0.4945935141968806,0.4909909909909908,0.6554322905110566,0.8088814027625209,0.9609695721602602,0.5826900991314816,0.7125630571487787
0.0,0.11890482398956967,0.958377531817736,0.5774190827084955,0.4419464391817578,0.4888387229836894,0.4735360360360357,0.7017528289327717,0.8051359488162293,0.9653627082654632,0.5819447703814165,0.7861860908224834
0.0,0.10638852672750976,0.9610055854977164,0.6033306483518839,0.4406935788569212,0.490109212778233,0.438626126126126,0.7108128097034248,0.7992627639742649,0.9304957851268424,0.5901282507606921,0.7383639509020521
0.0,0.0813559322033898,0.9713798475138276,0.6552975013751392,0.4422300407622054,0.4126770505390244,0.4245495495495494,0.7999186450706313,0.7954739546740901,0.9389621822957824,0.6028244236154822,0.7998795798675384
0.0,0.0,0.9682848345534028,0.6416420371834575,0.43662286288014296,0.4235661152790772,0.5056306306306303,0.7876636343465724,0.7921003899311554,0.9563260911480138,0.5733965259571362,0.8835617845913568
0.0,0.2117340286831812,0.9561611339935772,0.5810284550584812,0.4513867530539686,0.4222937918689865,0.3477031802120141,0.7625101693661709,0.7877437891863956,0.9969462185040529,0.5272149503642243,0.9148599494461678
0.0,0.2980443285528032,0.9371089916864814,0.4820487056577957,0.4591065397203977,0.5056056072558079,0.32720848056537105,0.81213667628134,0.7799557882082382,1.0,0.5581244195644273,1.0
0.0,0.2492829204693611,0.9350698821249791,0.4725960537998487,0.4585165389365383,0.4221771911388905,0.3045936395759717,0.8544782190666376,0.7714321997123585,0.981718252016592,0.583751933567645,0.8772865527138758
0.0,0.2234680573663625,0.9395405805215128,0.4952742622859746,0.4563670088076901,0.4397236075380189,0.3279151943462899,0.8740551734339176,0.7670314138677989,0.9575960168657374,0.613947009105651,0.9504410212370052
1.0,0.22894393741851374,0.9399834184185394,0.5024869316064324,0.456801793360496,0.4240267845602571,0.3137809187279153,0.7888617705790995,0.7616542934730803,0.9250367284863056,0.5573360206626112,0.9559843400447432
1.0,0.2586701434159062,0.9359095836963192,0.4850220710780594,0.4556477860197641,0.4342312879310872,0.3254416961130742,0.8516012129280381,0.756325821948107,0.9077656822167957,0.5330125410979605,0.95909768829232
1.0,0.27718383311603645,0.9327093562063948,0.47300596565603004,0.4572445953337696,0.4396202070884708,0.323321554770318,0.8640115376081652,0.7486278126108361,0.8637121442328562,0.5393669653842977,0.9592917362975756
0.0,0.2706649282920471,0.9283694676950522,0.4576596494605705,0.4566789693748277,0.4348562115208407,0.3116607773851591,0.8499223430219658,0.7412936716016005,0.8288301003609693,0.5829639819407041,0.9445706667668092
1.0,0.3116036505867016,0.9269719711106944,0.4535580078420576,0.4565541896674452,0.5085130381520969,0.3176678445229683,0.8843354781451074,0.7349592284097948,0.7969430607377048,0.5448887782496776,0.9847683274228232
1.0,0.2683181225554107,0.9247369383400076,0.44925333502556936,0.4564637906644164,0.5058098449002171,0.2844522968197879,0.7832260927446199,0.7272739503101866,0.7740954592870397,0.5310378322515632,0.8373561792821846
1.0,0.28109517601043016,0.923609770235818,0.44466553398001935,0.4538555554356011,0.510804332983687,0.28551236749116604,0.7847348568892836,0.7223695172356823,0.7802109998505571,0.5318526072391608,0.8328340552195239
1.0,0.31029986962190353,0.9215017460670109,0.4410774985477017,0.4527113232428233,0.420470670136308,0.29010600706713785,0.7957547518674658,0.7150142981080749,0.7745053560174604,0.5375803261028925,0.8116926482092777
0.0,0.33924380704041723,0.9205906218707176,0.4339472676439268,0.4552378081823502,0.5115063268744983,0.33710247349823325,0.9046372309740408,0.7071164467757621,0.7370156060807775,0.5643058236249588,0.9585948978228932
1.0,0.3079530638852672,0.9196915503293333,0.4280367809536728,0.4562496548185093,0.5112831390445018,0.3021201413427561,0.8748613268249394,0.6949194804357028,0.6741932421714039,0.5530704776593676,0.9824309721652952
0.0,0.324380704041721,0.9208467738771317,0.43018767390067575,0.4577265008124878,0.5117179567636616,0.297173144876325,0.8979809185711116,0.6823138580319159,0.5671689739667771,0.5646605876845664,0.993641640571298
1.0,0.2834419817470665,0.9202587186485344,0.4351050006405183,0.4577825301248619,0.5149070050097317,0.2816254416961131,0.9845203757118558,0.6725138654778648,0.5167147170918793,0.6036185309034658,0.9712132279699844
1.0,0.2930899608865712,0.9199721340557424,0.4470571088811409,0.4586452248480354,0.5230476892299868,0.26961130742049483,0.8161896309444565,0.6630622474172148,0.4696198548321775,0.5124633293131329,0.962203860305984
1.0,0.3165580182529336,0.9162922988210294,0.4448456291177498,0.4570137659302602,0.5127864176006909,0.27632508833922265,0.8031876340507358,0.6574659664555011,0.4727883923082806,0.5082963553221135,0.9848906208484638
1.0,0.3481095176010429,0.9149287208296168,0.4476884447453109,0.4561104927337677,0.5147883502593852,0.29469964664310944,0.7343317801937725,0.6495661192653437,0.4553438322773919,0.4808275601150728,0.8
0.0,0.3499348109517602,0.9139846577890604,0.4357490673367577,0.4562059877144194,0.4238542854913701,0.31660777385159017,0.7708083721618224,0.6448676195969316,0.4396736675124479,0.5089784232221323,0.8900516913031652
0.0,0.377574967405476,0.9146818299701768,0.4244097622116583,0.4549110325894198,0.5283411447258821,0.3402826855123676,0.8330227054211969,0.6352369636452586,0.4073283242858366,0.4950439065982821,0.9793597533327294
0.0,0.3256844850065188,0.9149602175657312,0.4087188410904684,0.4541276280550828,0.5054616632466071,0.2791519434628975,0.9046963981954,0.6242545259812617,0.3546704965599685,0.5306200806673516,0.983891658114646
1.0,0.2485006518904825,0.9163061861305704,0.40857558221860985,0.4507443816513858,0.5029091918487287,0.1904593639575972,0.7578729383921305,0.6167622577097298,0.3296019351605704,0.4971696802356238,0.7811755509231684
1.0,0.24797913950456324,0.9186528641568243,0.4182425674097801,0.4506894356205096,0.5344711428365697,0.1855123674911661,0.6994674950077657,0.6170666911629206,0.3425946631016312,0.4532293035576046,0.786982578916021
1.0,0.2834419817470665,0.9197679893449956,0.4223265190264673,0.453973278041852,0.491604037626525,0.24628975265017666,0.7362473189852822,0.6178857213472506,0.3424877869187598,0.4754140561893678,0.9670562835020842
1.0,0.2657105606258149,0.9212431804096826,0.42974882319149615,0.4523325844923166,0.5006077788784504,0.214487632508834,0.5894904223060425,0.6132602937095553,0.2987735330689682,0.4468572987343766,0.9601777699551176
1.0,0.2398956975228163,0.92030635092996,0.4244065273988628,0.4536361351862245,0.4898118752608173,0.19151943462897536,0.5890318763405075,0.6121686292351649,0.2928050813576341,0.4469243428916176,0.9050779510022272
1.0,0.2576271186440677,0.9177632344498464,0.4149196853516754,0.4552780395155655,0.4835712674471325,0.1784452296819787,0.5354929369129501,0.6111303390701976,0.3036599262867288,0.4185667279781891,0.9300445434298444
1.0,0.27353324641460225,0.9144793802754728,0.4033876328821961,0.4567839603105442,0.4877722981439778,0.15830388692579495,0.4436358257525331,0.6103766447847874,0.3287090374246249,0.4258950706479193,0.8232770883942837
1.0,0.3212516297262061,0.9138320382350776,0.40594307774140176,0.4576006511158848,0.4833464382409988,0.2197879858657244,0.4760150876414465,0.6090479232256021,0.3047205125114624,0.4406289133486939,0.8384339136544614
1.0,0.2847457627118643,0.9163059985536026,0.4269336350060348,0.4578579668525705,0.4615789008184915,0.17950530035335685,0.5112417720582796,0.6039779595566563,0.24493082083815004,0.457308940901581,0.7979168621563288
1.0,0.2511082138200784,0.9187543249903956,0.4469524349262745,0.458336840658771,0.4512792906608925,0.16007067137809192,0.5054359884623918,0.5975368616077403,0.16353532178382027,0.4545951107433999,0.749160176409871
1.0,0.22372881355932206,0.92143441273466,0.4658545658224065,0.4555790210629562,0.4642344584006723,0.11236749116607772,0.4855927815989942,0.5944928160487617,0.1391766879082536,0.44483597019264093,0.6173594820305899
1.0,0.23650586701434165,0.9218653311582036,0.4605281641685806,0.4568740794176843,0.4412728871635556,0.13922261484098933,0.3702906589749277,0.5936033513222354,0.1428485156942838,0.4445954196707744,0.5833911982734351
1.0,0.24015645371577585,0.9229211454781129,0.4575808885991152,0.4571897676089374,0.431525101722133,0.12084805653710255,0.3334368759707121,0.5971903389877982,0.1855177773398051,0.4247663594191852,0.4812799099183637
1.0,0.18148631029986967,0.9231699392558516,0.4475892556511243,0.4547683816718661,0.4422860385146017,0.04628975265017676,0.09010428222764556,0.5991816563492591,0.18823969347952152,0.3530415974934084,0.14768271219933976
1.0,0.2628422425032597,0.9263134455589236,0.4653299734465106,0.4592434527801942,0.4442224433886664,0.14840989399293295,0.2834109903113675,0.6071203277230974,0.2265357764330248,0.3919198943865884,0.401064709380757
0.0,0.25006518904824004,0.9290902314517224,0.4831013410194174,0.4579649859135346,0.4426941269716079,0.14876325088339226,0.3134235633459063,0.6067192613698198,0.2293892681090463,0.4086907176547804,0.3682530933143797
1.0,0.2203389830508476,0.9319150834653558,0.5018662172447153,0.4586901455854944,0.445695005104549,0.1233215547703181,0.267176983950891,0.6065614444501006,0.24945968211772346,0.4359746232685392,0.3365729122847736
1.0,0.22190352020860496,0.937379813630639,0.523107301641236,0.4588265615886047,0.4152867556513009,0.11766784452296815,0.3460468900229274,0.6086492484621975,0.2633254843543303,0.4306056966362977,0.3370515963387923
0.0,0.15932203389830513,0.9410098881458652,0.535306612279054,0.4564417040977768,0.6506570218011478,0.09469964664310954,0.31884476000295825,0.6086633298410613,0.2319569387681427,0.4650454058630686,0.2864561423867476
1.0,0.1048239895697522,0.9464201278861496,0.5578815168744515,0.4501374783147257,0.4257974148910133,0.0007067137809185874,0.23359218992678046,0.6121933629080699,0.23141064220387844,0.4021409561916625,0.002117313785903468
1.0,0.13089960886571048,0.9486900698900332,0.5630658003938069,0.4530499938618772,0.3904107816200395,0.04877180491278026,0.28338140670068784,0.6220990870305123,0.230466103257186,0.4243841225639508,0.02091396975117926
1.0,0.15514993481095168,0.9529187035500344,0.5785216554225296,0.4518359114460364,0.4092298114815107,0.07013171947312208,0.3807410694475261,0.6319376923965894,0.25702330183140554,0.4294914113646137,0.08375625572707363
1.0,0.1514993481095175,0.9552652361301656,0.5819568028711137,0.4516226608399634,0.507232403671535,0.08971164115343527,0.3949633902817839,0.6416987176336735,0.2747716734936171,0.4372514644957389,0.046088991084755136
0.0,0.2307692307692307,0.9574089198629784,0.5833558790021913,0.4558386253217839,0.516920743068104,0.1861872552509789,0.3688558538569631,0.6517141989117088,0.327495680114992,0.4269861141844147,0.12978102189780946
0.0,0.24354628422425045,0.9574435547974074,0.5841404815863622,0.453380633037801,0.5461148660023991,0.19045923816304736,0.3349530360180457,0.6566438094747775,0.3370472867308489,0.4560946712659299,0.0581995133819942
0.0,0.25788787483702746,0.957453554417702,0.5929969348083783,0.4548285647970282,0.5570546039234605,0.2111071555713777,0.4831373419125807,0.6608862865866267,0.3300213485399396,0.4905655001739478,0.25577517288734153
0.0,0.28187744458930913,0.95883710600685,0.6122960974856764,0.4534912560995775,0.5667096917819885,0.2324670701317196,0.539997041638932,0.6613114919002092,0.32017349182169696,0.5226190050732307,0.4588013144342538
0.0,0.2912646675358541,0.9595877982328044,0.6258800703096399,0.4544129998292773,0.5593469703980045,0.2609469562121751,0.569255232601139,0.6630380124654864,0.3425288043185037,0.4888779390122708,0.4823924665260678
0.0,0.2680573663624512,0.9608754633569391,0.642468826909097,0.4521195708650458,0.5474683099161674,0.2221431114275544,0.4277864063308928,0.6654700038201964,0.3883621069149139,0.4624812165557535,0.3547746333807445
0.0,0.2722294654498044,0.9621780554504296,0.6584063522545578,0.4525424660203642,0.5422566815244556,0.2306870772516909,0.3530064344353228,0.67110889989593,0.43159646236747257,0.4772682396788946,0.3103143852077098
0.0,0.25397653194263353,0.9666973071305972,0.6944399768496965,0.4544442804692273,0.5697126307240721,0.215379138483446,0.3130315805044004,0.6746222955638121,0.436514948647556,0.504931092296189,0.20388444749619852
0.0,0.2555410691003911,0.9700349652739442,0.7149163607584865,0.4546593559167974,0.4764663214649822,0.2716269134923459,0.4712817099326974,0.6779826890573066,0.4167120884964091,0.5348319248785527,0.5418117612438078
0.0,0.2805736636245111,0.9725863058420672,0.7309931555134164,0.4533642706337132,0.4558924686440778,0.2837308650765397,0.5070408993417647,0.6764591599476497,0.3672679921608518,0.553765614095265,0.5305802148217177
0.0,0.33767926988265984,0.9695535618633672,0.707979771783817,0.4588327965699448,0.4837426296996945,0.3645425418298329,0.6209082168478667,0.6767320548084619,0.3474003537593604,0.6163593494635969,0.9431065770758748
0.0,0.3421121251629726,0.9648798894967524,0.6668513901147413,0.4594014562715391,0.4826472168985949,0.3228907084371663,0.5309740403816287,0.6699100889604503,0.2785585727787563,0.6161541998903295,0.8336486523539258
0.0,0.35593220338983056,0.9603442324515108,0.628475535326356,0.4608667041718024,0.5126538380878959,0.302242791028836,0.5677316766511352,0.6641091528804881,0.21580529297304074,0.636159786685982,0.6603602862548338
0.0,0.3791395045632334,0.9589017243385578,0.6136384659675895,0.4594254612569573,0.5305367430498564,0.33357066571733696,0.6595222246875232,0.6578827351003679,0.14419606073331115,0.6363497960098807,0.7719283814537592
0.0,0.3574967405475881,0.95895840886024,0.6225556856424146,0.4610602543904063,0.5177739509732325,0.311498754004984,0.6368685748095555,0.6521540232102141,0.0967627269950655,0.6272346175281759,0.4805077311108677
1.0,0.30430247718383324,0.9586849564711668,0.6269388938447551,0.4557801343468471,0.4935840351297072,0.2324670701317196,0.5993861400783964,0.6524884324603881,0.0877539611519384,0.6034555589794611,0.5586429193233423
1.0,0.29569752281616685,0.9585884150019204,0.6258589320174865,0.4549147967741106,0.5054251039277292,0.21039515841936626,0.4684342874047779,0.6522092833787636,0.07750306870218943,0.5826656712083741,0.3793614568383416
1.0,0.2902216427640158,0.9579563584279064,0.6246585291645805,0.454354787122185,0.4793497935821282,0.20078319686721255,0.5679535537312329,0.6577297671660916,0.10495978766129266,0.584011860980483,0.4123473637155032
1.0,0.2933507170795305,0.9596658712991452,0.6379677732638864,0.4546960967691842,0.4882844338205951,0.18511925952296174,0.3734708971229935,0.6607320120240441,0.10412336289834184,0.5464276266869319,0.29576735759828743
1.0,0.2688396349413298,0.96096463378444,0.6511212956887917,0.4558306765222041,0.5152107140886759,0.1833392666429334,0.3964055913024183,0.6683663353416059,0.1347987441294703,0.5050873379371815,0.3611509775780535
1.0,0.3121251629726206,0.9635667555657086,0.6720459905547647,0.4566067756170182,0.4989719461100736,0.2303310786756853,0.5242807484653502,0.6725011287138489,0.1362694312692771,0.5129859314336837,0.7154083241182984
0.0,0.3126466753585397,0.9602365596336246,0.6593790272674742,0.4566551175196068,0.4723427416629249,0.2342470630117479,0.515723689076252,0.6729056280213173,0.1385946334173953,0.5087659398299347,0.7540408912312082
1.0,0.3194263363754888,0.9570735259500636,0.6447589364108537,0.4575307490777057,0.4751723578075325,0.17230331078675673,0.3602026477331555,0.6731176964178556,0.13928591175342284,0.4820840402208539,0.4793308707620642
1.0,0.3191655801825293,0.9542268236184108,0.6289022442724272,0.4575243885943779,0.3754863653716711,0.16340334638661436,0.3624731898528216,0.6755633605875444,0.1490153282671242,0.4831373803774273,0.4774311090867688
1.0,0.3155149934810953,0.9545875181922804,0.6335567539348412,0.4608742903724394,0.4900778503822017,0.15877536489854047,0.4305672657347829,0.6772902507835981,0.13476436148106047,0.5188992294050627,0.409246185379185
1.0,0.3452411994784877,0.955172249245226,0.6414412851976894,0.4603540948754691,0.5137146235360859,0.1865432538269848,0.5023223134383551,0.6784221070993364,0.11108832905872773,0.5519389104124685,0.7263493509451144
1.0,0.3786179921773142,0.9550881823523124,0.6413329242363317,0.4601888540906938,0.4996501288590626,0.2267710929156283,0.6270468160639004,0.6774364337762253,0.09137381834122517,0.5630699853285388,0.9153268048280568
0.0,0.3689700130378097,0.9553769480552592,0.6407349163697382,0.4592494439320218,0.4962990947182568,0.206123175507298,0.6114488573330377,0.6747298351534898,0.07386872241973974,0.5543604067316535,0.9395809610567064
0.0,0.3434159061277706,0.9557888733696748,0.6451119408574328,0.4603228015830004,0.4533331267665078,0.17194731221075113,0.4367206567561568,0.6729348043928223,0.06503604856889439,0.5234290990187134,0.7661125028467315
0.0,0.3410691003911343,0.9565880954734804,0.6549982497712727,0.4601002946795723,0.504586891738584,0.16233535065859722,0.3859034095111308,0.6745607266558578,0.06895431501044152,0.5498057387515051,0.6126564222265446
1.0,0.3585397653194262,0.9569791821233882,0.6592953390245457,0.4582945423227013,0.5164538082044906,0.18013527945888202,0.3576288736040233,0.6764620391574674,0.06804198004250689,0.5388785840046598,0.5945325292543635
1.0,0.3963494132985658,0.9573697202254088,0.6636340395521054,0.4586886492981383,0.5081560018106727,0.22321110715557124,0.3421492493158791,0.6792108628774765,0.0695620352553436,0.5336975679219442,0.5822934928328343
1.0,0.3181225554106911,0.9576086705107588,0.6518329044124751,0.45014283433328506,0.4761694660333785,0.1128515485938057,0.1942755713334809,0.6795819826548826,0.04404451510131169,0.5153297546706406,0.35770954409412725
1.0,0.3131681877444589,0.9586727194065591,0.6470608922462058,0.44959335374945547,0.4163886300929216,0.10430758276966894,0.14586938835884894,0.6836360316441865,0.030404343469022318,0.4796945850023571,0.2106329188781623
1.0,0.2899608865710561,0.9596720635446718,0.6286679618458331,0.4469295660499554,0.25043200894935536,0.06123175507297968,0.07951334960431877,0.6896142810268633,0.02769496526390114,0.4851058356052829,0.09836669170385423
1.0,0.28657105606258143,0.9607482296266954,0.6174684483054038,0.4465382942934937,0.37567335041030103,0.05019579921680302,0.1177723541158201,0.6990530845236662,0.04412824712316349,0.5000298656309519,0.10256126482213493
1.0,0.28865710560625824,0.9624473389866884,0.608064458050739,0.4467878210654576,1.0,0.04556781772872913,0.20804674210487376,0.7070320535490724,0.058842388134596864,0.4865803075399328,0.2091458972230224
1.0,0.25788787483702746,0.9639874176855959,0.6109451863400324,0.4430704442048639,0.5926654109266376,0.001779992880028379,0.1326529102877001,0.7123609279533556,0.06260305017628638,0.4070222563412821,0.004913505362498248
0.0,0.3739243807040419,0.9651682795290176,0.6148515182759966,0.4529184230639856,0.6001213854087724,0.13945945945945962,0.2762443606242145,0.7233778029388434,0.10807448034652156,0.4778783118057048,0.2316228601960505
0.0,0.3966101694915255,0.9650320517986788,0.6168228162413409,0.4519109697054137,0.6135351883001176,0.1552338307034235,0.2562162561940682,0.7278127812147093,0.13237383638474026,0.5229170226109794,0.19765116378026487
0.0,0.3934810951760104,0.9657927036409312,0.6165168453416088,0.4515811188407281,0.6470680595157186,0.1596045197740114,0.24794024110642696,0.7328316256930241,0.15962395044063155,0.5120366383760219,0.1501425471256546
0.0,0.3932203389830509,0.9668291329029473,0.6206591713248939,0.4514821136833059,0.593180010693176,0.17523609653725075,0.2575918940906732,0.7378498851603803,0.17951635966517626,0.5179455333924333,0.20969320454448734
0.0,0.4453715775749675,0.967952101056768,0.6251833463913603,0.4539025025063125,0.6001295826179991,0.23572170301142276,0.3676059463057468,0.7427148199074136,0.1972747064545175,0.5455509299659576,0.4086634611293145
0.0,0.4482398956975229,0.969528970594982,0.6345606149795324,0.4542378043722126,0.6343701314462815,0.2419744563341387,0.3688188743436137,0.7436480395288441,0.19272739031889652,0.546367061078349,0.41470575720182135
1.0,0.3859191655801827,0.9722978939034272,0.6486249170793335,0.4506874409180783,0.6174372552509206,0.18922628238119754,0.3031210709267064,0.7465785661720616,0.2036353209091082,0.4638705909103169,0.15512105867835474
0.0,0.39504563233376794,0.9750393867061936,0.6603938011125534,0.4517418933044105,0.6323316455714633,0.20603877165894646,0.2888469787737593,0.7539551969366722,0.23071288730011086,0.4565867321631771,0.24494702353091385
0.0,0.3955671447196872,0.9758901811506576,0.666857395413357,0.4518837338515778,0.6415143313242281,0.19643163492880436,0.23263072257969056,0.7604614165653432,0.24653115843257886,0.35858006335178344,0.06269945959746448
1.0,0.3814863102998698,0.976636910948635,0.6739997354376037,0.4503391415311574,0.6087181545622978,0.17104134499914225,0.2973300791361587,0.7702871192963292,0.2781124714429196,0.3915987541857184,0.0010019060651968491
1.0,0.4346805736636245,0.9778106320138512,0.6851723677706085,0.4566836113657474,0.609599604034054,0.2424086464230571,0.3935581687744992,0.7800570717879289,0.3065640262064282,0.4661115786159439,0.08976798653297308
0.0,0.4325945241199478,0.9784985357954504,0.6863918051704814,0.4565272266877968,0.6166679486130802,0.23280150969291466,0.3980400857924709,0.7857062505732109,0.3199551031093827,0.4704673719159299,0.14751518700139055
0.0,0.4573663624511081,0.9779587714393408,0.6803826632682206,0.455762442404441,0.5783556755495737,0.26127980785726523,0.4495969233044893,0.7911544321218527,0.3256333264497091,0.4763968707627438,0.16492364645996996
0.0,0.5342894393741853,0.9784789666827802,0.6797330463283808,0.4611908246220052,0.5763093752102298,0.34019557385486365,0.4836032837807851,0.7959143894084619,0.3329209648503891,0.5152819365741238,0.3238399634724033
0.0,0.5548891786179924,0.9788666581501856,0.6850532623330514,0.4632696554636919,0.5702131411822411,0.38716285421645613,0.504171289105836,0.8000429777897291,0.3529764154282741,0.5415338597789385,0.8206152616859803
0.0,0.5402868318122556,0.979886128753812,0.6940568929689066,0.4653449566924766,0.5791482538341186,0.3748719699556164,0.4484579542933215,0.8016037042470456,0.3731569676592758,0.5229035089995381,0.639603457041182
0.0,0.5389830508474578,0.9811412495077568,0.7056481513225776,0.4652807665272782,0.5809310705012197,0.3690679412768864,0.4399822498335921,0.8029643286162005,0.39032412377132375,0.5142162597276443,0.6527116587323821
0.0,0.5228161668839635,0.9814340557368306,0.7122558730807711,0.4668271907055224,0.5806622304159257,0.3666780471150564,0.4471858590340949,0.8036361725132659,0.40826230418491705,0.4732167932418301,0.5805652981225484
0.0,0.5303780964797915,0.9799035356989656,0.7085844932728882,0.4677831832081018,0.5688986481413666,0.3653123933082965,0.40378670216699897,0.8035642111333974,0.4150055442827158,0.4733887483111862,0.4633578906552918
1.0,0.5634941329856584,0.9757782501807208,0.6918172850347197,0.468124378758451,0.5424168320570059,0.3711164219870264,0.40137563789660535,0.8043944744765399,0.4286945768442677,0.4688739686703083,0.3711059619699159
0.0,0.62503259452412,0.9729273172367272,0.6864242232697952,0.4716968168101194,0.5337772898304516,0.43897572331227147,0.4241624140226312,0.8046693482899205,0.4180565040748844,0.4450857736165639,0.441943433005994
0.0,0.6581486310299869,0.9714626009700268,0.6814007567580607,0.4751253194800025,0.5360510405540437,0.5019646365422397,0.4717920272169219,0.8035573844149557,0.3914242158695857,0.4550797347940324,0.5296995108315873
0.0,0.6552803129074317,0.972236065108664,0.6887282063000681,0.4749336220714378,0.539202878903138,0.495088408644401,0.5101397825604612,0.8015502136140908,0.35690453632757124,0.5004929661995705,0.4887270587369891
0.0,0.6404172099087353,0.9707175936256462,0.6822746480717821,0.4726390340350533,0.5436603400233667,0.4970530451866405,0.5242437689520008,0.7999671354831479,0.34123017973106234,0.4659582807898837,0.5436757512229227
0.0,0.6245110821382011,0.9685515706761902,0.6760218200446613,0.4717279231745,0.5417884571878401,0.4495743287491816,0.4966940315065456,0.7981636951817346,0.330255273536477,0.4344580585958861,0.34054213100886405
0.0,0.6409387222946545,0.9642997891393671,0.6585188237064297,0.4699657474013547,0.5537335933911113,0.4557956777996072,0.5265069151689962,0.7982626744678525,0.327896653067966,0.4180285306195371,0.3449556806061269
1.0,0.6310299869621904,0.9618733847508291,0.6689078180904702,0.4695335724933446,0.5448284590402966,0.4307791371538955,0.5035500332815626,0.7985693172610533,0.31629749371515625,0.3927648396001675,0.22292103424179086
1.0,0.6438070404172099,0.9608151754834596,0.6951502487808461,0.4708927558461797,0.5525413299619345,0.459622402030779,0.5465572073071521,0.8005561291185004,0.31354306434426144,0.446397826739767,0.44918901026150265
1.0,0.6357235984354628,0.964097419981656,0.7465938422964309,0.4737184186974975,0.5680066832463588,0.4535935268919562,0.5513497522372605,0.8013824621988709,0.311485648706106,0.4521452329209159,0.4136967155835093
1.0,0.5874837027379401,0.9664488506514954,0.7685524061576996,0.4705312991267179,0.5358308973650189,0.4488338886244646,0.4711411877819681,0.8023875939312384,0.3167689551781479,0.4000426217168635,0.2086873367906128
0.0,0.6610169491525426,0.9688974755060398,0.7905830807654668,0.4751793846857111,0.5437439398991976,0.5268919562113279,0.496339028178389,0.8062041575408878,0.34146150897400834,0.3817656217217463,0.2592503700147988
0.0,0.6375488917861801,0.9653089503751244,0.7755601759383828,0.4765761633400876,0.5432985306751725,0.5018245280025386,0.4954958952740184,0.8093195115488994,0.3603922022179286,0.3807719150344308,0.2981319252770103
0.0,0.6526727509778358,0.9617172495888016,0.7682079590435564,0.478876547850127,0.5422671708888775,0.4869109947643981,0.4377856667406255,0.8130807897864307,0.3942148647326886,0.3623563449228701,0.22924916996679684
0.0,0.7050847457627121,0.959385885839563,0.7610540223420565,0.4812897424191378,0.5424571569092788,0.5351419958749802,0.41831225501072383,0.8177727833121868,0.42672614179965707,0.3449493497982661,0.29329173166926586
0.0,0.6889178617992179,0.9598121521206184,0.7738311878642561,0.478648426245906,0.5389829536457429,0.5383150880533081,0.4642556023962722,0.8212837960370023,0.4561993221669629,0.34380527140619177,0.5302212088483514
0.0,0.6842242503259452,0.9620785790748398,0.7926037643172099,0.4774378342742645,0.5426127020236797,0.5535459305092812,0.5141705495155686,0.8218279672484661,0.4571392692755509,0.3548517896149413,0.7596703868154726
0.0,0.6612777053455021,0.9608361059023108,0.8015870823448648,0.4783826746149525,0.5472875238809483,0.5408535617959702,0.5518674654241554,0.8201451564266597,0.4623768642326964,0.3520952432004719,0.8616744669786793
0.0,0.6920469361147328,0.9589662451881222,0.8075537445824457,0.4783754962812287,0.5439169464699589,0.5449785816277964,0.5553657273870277,0.8168237758929053,0.4665618538087319,0.35628067207359576,0.8261130445217798
0.0,0.7298565840938724,0.9571920938386408,0.8204294984066187,0.4822942455998862,0.5594554356966918,0.5992384578772015,0.6124916796094964,0.8140710806318958,0.4642222065052735,0.3756436044857636,0.9760390415616632
0.0,0.7131681877444591,0.95711310855195,0.8434765614003841,0.4836406664349509,0.5656275968217369,0.5973346025702048,0.5955106870793581,0.809379662911063,0.4504210013129185,0.4131256760448577,0.9684469103384024
0.0,0.7095176010430247,0.9561287154384652,0.8621831655355445,0.4869096763424492,0.5806521628193054,0.5966999841345391,0.6033799275201539,0.8066195166905656,0.4434641390284444,0.4221869298314393,0.9542457805907181
0.0,0.7029986962190353,0.954092524592476,0.867809426407985,0.4865184071553661,0.5777336815405486,0.5814691416785659,0.5223060424524816,0.8045225682166066,0.4551991194161914,0.3647479549838247,0.8311132031066125
0.0,0.7001303780964799,0.9521643812034426,0.8659013332824583,0.489995111303823,0.5555881611247065,0.5789306679359036,0.4361733599585832,0.8041030566540182,0.4591830713819946,0.30778252103981546,0.4880333433592581
1.0,0.6949152542372883,0.9499443838226804,0.8660917240413615,0.4931253665477634,0.5567418481448503,0.5760748849754086,0.4394645366466978,0.8040980660342558,0.4586174529046753,0.3123352268650258,0.4702874575688567
1.0,0.7097783572359845,0.9465998144702914,0.8681207413031213,0.4911197487916729,0.5533808311985464,0.5817864508963986,0.4662007247984615,0.8037635221801421,0.43160647482990655,0.3480996855989113,0.3930305504232352
1.0,0.6928292046936115,0.94276864055106,0.8753561951145621,0.490055382419573,0.553368882522751,0.5430747263207997,0.4189187190296578,0.8039510722011819,0.4146562299506157,0.3353653340461253,0.22498173849525105
1.0,0.6810951760104302,0.9411337570339572,0.874560657553588,0.4890526632824665,0.5526369137493348,0.5256227193399969,0.4190962206937351,0.8069160170824401,0.4051446529362667,0.33556114245260377,0.2157865337515552
1.0,0.6701434159061278,0.9459709800130404,0.8733593278932301,0.4872185839373354,0.5525990114113425,0.5306996668253213,0.4089712299386137,0.8102691111975981,0.41522808501241787,0.32656491296045315,0.2194675613263032
1.0,0.6067796610169491,0.9495710526751442,0.8674612330911449,0.4780531214066145,0.5589374962452172,0.5405362525781375,0.3752089342504252,0.8136144273625279,0.42374598181657774,0.333613270703019,0.14918739924186594
1.0,0.6328552803129075,0.9517495411808424,0.8636655145851848,0.47727888717223904,0.5752225203415844,0.5491036014596223,0.4274831743214261,0.817113532788903,0.4345018228395969,0.34460601678721986,0.1728459530026113
0.0,0.6550195567144721,0.9485752211602076,0.8641032128175938,0.4759359406005068,0.5814655145494395,0.5706806282722513,0.45362769025959604,0.8186720705724595,0.4309775681242387,0.3817924520252608,0.14905715114592213
0.0,0.6542372881355935,0.9468668432280414,0.870825369341423,0.4774910242746453,0.6656763453820308,0.5697287006187531,0.4542933214998886,0.8208956648699497,0.44176834746842697,0.3826158143710866,0.21206846533216936
0.0,0.6938722294654499,0.9446593489436876,0.87171912882677,0.481577368224915,0.7655545096324349,0.6230366492146598,0.4907773093706089,0.8221380357599499,0.4454895353253029,0.4239514924529144,0.5648970118944008
0.0,0.7160365058670143,0.9419751075234001,0.8677691134533805,0.4802647815457477,0.6662256639470614,0.6363636363636364,0.5928629539235264,0.8221063027998896,0.4525274632324541,0.501419316236916,0.8105599071656528
0.0,0.7121251629726206,0.9377886120502276,0.8484321827122725,0.4836870422777922,0.6597049886125163,0.6325559257496429,0.5521780933362915,0.8196633995315259,0.4408607903388944,0.4974744025887039,0.7937917029300837
0.0,0.7155149934810954,0.9341956222571628,0.8377564402211293,0.4844269928755726,0.632279431342662,0.6195462478184993,0.5553731232896971,0.8184487143059436,0.4411588836107944,0.500836346638715,0.7350159559036831
0.0,0.7095176010430249,0.930080477914106,0.8217188960077189,0.484009501564115,0.5912966445599774,0.6081231159765194,0.5597662894756306,0.8157602221952359,0.4155923287077376,0.5055602558838033,0.5872352770525062
1.0,0.7074315514993481,0.9255600195267496,0.8039906985762659,0.4840656646209022,0.5842996275684019,0.5963826749167064,0.5875231121958433,0.8127894174190728,0.3857551160769634,0.5323974412425987,0.561895901173308
1.0,0.6891786179921775,0.9214324697952988,0.7882170967130857,0.4830788872475336,0.592260339853085,0.5487862922417897,0.6130167886990607,0.8113247407327995,0.3706127415240131,0.5555725382932883,0.4763446738719057
1.0,0.6993481095176012,0.9167920869679926,0.7737572327738875,0.4841860473847189,0.5843568451644112,0.5621132793907664,0.5809185711116045,0.8111684917471462,0.3739038591770113,0.5177891666441906,0.5568948525509826
1.0,0.7157757496740549,0.9148889628592428,0.7744587711353248,0.4863533032182922,0.5722036738235614,0.5573536411232748,0.5913541897788626,0.8119659644722035,0.3959203718070109,0.5267296669046139,0.5385508592661399
1.0,0.6959582790091265,0.9120514806135158,0.7685791588506841,0.4872238049177431,0.5703875366324824,0.5557670950341107,0.6555062495377559,0.8121026546529873,0.4027333584612624,0.5468294496018218,0.7677327317364468
1.0,0.6563233376792701,0.9118979812785496,0.7705051433244303,0.4839003141889968,0.5729233750475341,0.4929398699032208,0.7221359366910732,0.8116835291506219,0.41638731045686944,0.5728746847658671,0.9625354717342092
1.0,0.6362451108213821,0.9103692151627916,0.7640784325934025,0.4849164698974727,0.5643538998478601,0.4878629224178962,0.6527253901338657,0.8089322623812851,0.4019055866093637,0.5299784536422018,0.936342740390756
1.0,0.6584093872229466,0.9117883036975832,0.7771565855047049,0.4837240528596872,0.5773900980907138,0.5046803109630335,0.6289919384660894,0.8088763718255416,0.4154565951717813,0.5132372201411136,0.7635359468777942
1.0,0.6701434159061278,0.9121220917115778,0.790577167249588,0.4840280706101999,0.6025999376442371,0.5522766936379502,0.5679905332445825,0.8095884817363264,0.4234362127203923,0.448882628717924,0.8468003207698469
0.0,0.6826597131681879,0.912305238126691,0.8074110799716899,0.4852742883079144,0.6044354240255677,0.5719498651435826,0.5422453960505883,0.8107845673349738,0.44730108117252615,0.4774384735701002,0.8391659983961526
0.0,0.6876140808344199,0.9107792623189,0.8127151371771246,0.4820653182494468,0.6022391641735676,0.5725844835792481,0.5250942977590414,0.8101363831165305,0.4541613958460722,0.463470463451444,0.8938893344025663
0.0,0.6897001303780967,0.908252256409262,0.8111383491211757,0.4820386676015886,0.5855564950988283,0.5833729969855626,0.5570667850011096,0.8089480071570665,0.4625132203178896,0.4377837745400008,0.9885805934242198
0.0,0.6860495436766623,0.907560400358771,0.8252937025441391,0.4820081736537935,0.5947203367315318,0.5671902268760908,0.5171067228755267,0.8059459770400849,0.44988185644472706,0.4573438754933868,0.9879829787234052
1.0,0.6474576271186441,0.9060436838867424,0.8369887386766002,0.4810920585880105,0.5890590035908443,0.5471997461526259,0.4777531247688784,0.8038036435715796,0.4390440849504645,0.4764733441695743,0.8688286040952096
1.0,0.6537157757496742,0.9066160253028716,0.8653029234560721,0.4802019466336126,0.5886970948245974,0.5471997461526259,0.4771392648472751,0.8018158843896468,0.4265008182352218,0.4760745349662101,0.8746393827574644
1.0,0.6458930899608866,0.905848828923416,0.8769921662940172,0.4788168898138108,0.5815346674429531,0.5570363319054419,0.5079358035648252,0.7992134084993321,0.41186847672958377,0.4503510058847551,0.8496207746808571
1.0,0.6083441981747066,0.90568365450637,0.894574866816932,0.4789045818456764,0.5949331732919924,0.5164207520228464,0.4316248798165821,0.7952650974352424,0.3949723100835635,0.4333092114604871,0.5509535253909306
0.0,0.6474576271186441,0.9039489979379332,0.8875914783523668,0.4830866532909519,0.5846865140376959,0.5678248453117564,0.486184453812588,0.7949393120990325,0.3808819569854848,0.4301600357592675,0.7136302631168266
1.0,0.641199478487614,0.9020807285544852,0.8865781743952854,0.4828113439444369,0.585117650592236,0.5468824369347929,0.4802159603579621,0.7925409415950115,0.3707135384536818,0.4245197978619861,0.6685289803052538
1.0,0.6279009126466755,0.9046032580978588,0.9033603892595798,0.4848760487820633,0.5861288100962908,0.5421227986673013,0.4528880999926039,0.7916518424649809,0.3755388206725044,0.4470186759256587,0.5704922126158729
1.0,0.5572359843546286,0.9072320547304108,0.9246936027948356,0.4795659177298388,0.5806036158346568,0.5300650483896558,0.3742030914873162,0.79151985344924,0.3955684713017456,0.42055669003689616,0.4108430350510315
1.0,0.5056062581486309,0.9084830415420504,0.9343002458064537,0.4746788457659632,0.5895329350659879,0.4548627637632873,0.3357296057983876,0.7930255692102439,0.4188558947793716,0.36491144540097337,0.17915665282936571
1.0,0.5533246414602347,0.9059298994956164,0.9287584184162304,0.4762961807924824,0.5876889818741163,0.4980168173885451,0.3907107462465794,0.7959520234538578,0.44645191603269707,0.3714298535283893,0.3384000749087049
1.0,0.5423728813559323,0.9034952444766822,0.9294167178719116,0.4752532480043276,0.5802610149655933,0.4834205933682373,0.3865542489460833,0.7963787981600698,0.458311061512099,0.36428589619359053,0.2251006585723644
1.0,0.5342894393741849,0.9015182227623108,0.9347325948620716,0.4745065358737522,0.5895474075129313,0.4707282246549263,0.4330670808372159,0.7989088496502197,0.4761928504515405,0.423119805261216,0.1699803364649333
1.0,0.535071707953064,0.8991203919400352,0.9324738052793616,0.4747421616749356,0.5867054138106208,0.4621608757734413,0.393358479402411,0.8022122591186684,0.4935205871539475,0.4269099103573339,0.003162992982109439
0.0,0.5809647979139506,0.8967678515908066,0.9257323116562556,0.4761880788990507,0.5888892663365477,0.5078534031413613,0.4745285112047925,0.8091351436179293,0.5301363455361616,0.4597358682252621,0.2255489021956108
1.0,0.5606258148631029,0.8945139667623463,0.9158117038199852,0.4742583373734493,0.5904399908744089,0.4799301919720767,0.4394571407440284,0.8130933388583157,0.5550162059235522,0.4692981567631591,0.1469917308240684
0.0,0.6086049543676663,0.893208456892695,0.9154713144267924,0.4775246189378317,0.5902076997742978,0.5383150880533081,0.5238074106944753,0.8188306172027155,0.5973733045683387,0.5181520429269354,0.31074449201211
0.0,0.5958279009126466,0.8904380668838077,0.9027609284056386,0.4800357399835291,0.5886805968104878,0.524036173250833,0.5468826270246283,0.8203688314865631,0.620486476736959,0.5524997883970199,0.4800563850892756
0.0,0.6292046936114732,0.8871490384434251,0.8831650749663198,0.4801656396727044,0.5919302172442265,0.5468824369347929,0.5931218105169739,0.8209299664414895,0.6383130855070827,0.575322665343606,0.7239486416077403
0.0,0.6299869621903521,0.8832351006865593,0.8563973415815841,0.4804827459295076,0.5992506840467289,0.537045851181977,0.5874491531691446,0.8197008169955609,0.6292743605525243,0.5687548346271672,0.6601693338295489
0.0,0.6539765319426337,0.880763461316749,0.8464281702347689,0.479454672456774,0.6101754848293438,0.5614786609551008,0.6267287922490941,0.8199857129247663,0.6259101496661064,0.5907244695526984,0.8279214737625615
0.0,0.6612777053455021,0.8779151922040314,0.8449898238391933,0.4801372633936466,0.6089966518841226,0.5754402665397431,0.6026033577398122,0.8193218187551652,0.6107163673461647,0.536513395510418,0.8919333829549662
0.0,0.6683181225554107,0.8734127048696372,0.8411993126660224,0.4811035582148721,0.599418877871578,0.5713152467079169,0.5925375342060495,0.8178280612426712,0.5917454876418893,0.5166899862023207,0.942128768142908
1.0,0.6698826597131682,0.8713400446921471,0.8523550653429737,0.4820109567769215,0.5976833094101422,0.5433920355386324,0.601124177205828,0.8156396155150261,0.5862956126600134,0.5272292024424724,0.8085944830174507
0.0,0.6406779661016949,0.8700215196909131,0.8684830227497641,0.4774074794466802,0.6053291076076427,0.5532286212914486,0.5821980622735005,0.8133796296083801,0.5943602498082637,0.4940239356554943,0.8437324075811578
1.0,0.641199478487614,0.8689374714755422,0.8706472832356409,0.4775430641321596,0.6018246655242114,0.5500555291131207,0.5818948302640338,0.8124083682159307,0.6170488056585304,0.4940705225738165,0.7421655094764492
1.0,0.6615384615384616,0.8645450139974511,0.8561239509968049,0.4800431631225544,0.6054962478576342,0.5497382198952879,0.5340285481843058,0.8104052160328845,0.624700221691714,0.4784094460026543,0.7122349408894718
1.0,0.6797913950456325,0.8610987094659455,0.8396090659762367,0.4783774280004504,0.6100124547103962,0.5621132793907664,0.5839878707196213,0.808280662070666,0.6255466135586611,0.4800969570294613,0.7382248076562196
0.0,0.6758800521512387,0.8585882612614844,0.8312129823568459,0.4775480928079372,0.6094066155776892,0.5700460098365858,0.6629761112343757,0.8042226220984721,0.631668914171541,0.5187502614467978,0.9973728654531788
0.0,0.6808344198174707,0.8561901752157091,0.8312420786047772,0.4781746028332787,0.6104755473395874,0.5690940821830874,0.6633311145625329,0.7981493896884313,0.6248086735282217,0.5196848339861626,0.9555119118777252
0.0,0.6724902216427642,0.8526683200088538,0.8264144528777058,0.4775754162262526,0.6160210287714577,0.5522766936379502,0.6690333555210413,0.7919559153499709,0.6026144401310909,0.5251271550093154,0.9917447676394899
1.0,0.6578878748370276,0.8494583197015355,0.8264551808977085,0.4763543923985834,0.6053983897716892,0.5287958115183248,0.7015753272686938,0.7861459925142076,0.563729987534229,0.5519214222644839,0.9991421021927868
1.0,0.623728813559322,0.8459226880838007,0.8177946010340593,0.4731598878352419,0.6158472927366364,0.4831032841504046,0.653583314843577,0.7816091226263129,0.5348518773381196,0.5151744054972408,0.774492700394823
1.0,0.6378096479791396,0.8435251584903425,0.8112179315925347,0.4711161634069272,0.6123882012945809,0.4846898302395687,0.6463649138377341,0.7800806272921743,0.544198428775764,0.5021805180301468,0.8267376733082369
1.0,0.6372881355932204,0.8406214968397709,0.8084734030777183,0.4708776577732808,0.6161707952426895,0.4900840869427257,0.6615560979217519,0.7786392457068751,0.5443013369943439,0.515940578837562,0.751813423928016
1.0,0.6550195567144721,0.8375268495071755,0.798843413239843,0.469218693429351,0.6143180630360008,0.4999206726955418,0.6597441017676203,0.7775345138432956,0.5471994516200823,0.5115788146581466,0.8294922413001558
1.0,0.6604954367666234,0.8357181401233855,0.8001760936849027,0.4702027489165776,0.6063580512159737,0.4888148500713946,0.6431994674950074,0.7748588271086105,0.5222946632405123,0.5429831856300429,0.8088329813607562
0.0,0.638852672750978,0.8340012736614322,0.7950627022024837,0.46681385642239503,0.6076368049437256,0.4919879422497224,0.7079505953701651,0.7720073667636127,0.4939785747478895,0.5403941381494961,0.8125975576163816
1.0,0.6365058670143416,0.8341109740383768,0.804795498676349,0.4668656045847945,0.6041060744690975,0.4777090274472473,0.6846165224465643,0.7688756121960338,0.4744457801041313,0.5719054330938398,0.7846661680893311
1.0,0.6205997392438073,0.8318539535812317,0.8057646043537245,0.4685830687460972,0.6060672913540298,0.4710455338727592,0.650166407810073,0.7682270619337785,0.4599500212210966,0.5795795840091579,0.769089924439745
1.0,0.6213820078226859,0.8306789316783705,0.819465861834207,0.4689332516574856,0.6017771226955229,0.4602570204664446,0.6138081502847428,0.7684281934175667,0.4591609374960735,0.5926655205678429,0.7251205611573888
1.0,0.6190352020860495,0.8298314857215388,0.8316624431088551,0.4685086391803433,0.6037029503816874,0.4627954942091068,0.6119961541306116,0.7702181002557584,0.44563284038727735,0.5896438107685893,0.8447275446785463
1.0,0.6177314211212517,0.8280203917315527,0.8383843323375377,0.4679001627018941,0.6067605808269795,0.4792655903767016,0.5545151985799871,0.7702244794764288,0.4432828527037286,0.5363519302354607,0.9076514428656174
1.0,0.6203389830508474,0.8254211378139129,0.8344966750565328,0.4687914884061108,0.5999343223958217,0.4552073440962329,0.5087567487611862,0.7674430642740147,0.424969761446636,0.5506805776844798,0.7999329499445547
0.0,0.6425032594524119,0.8214095807795754,0.8251546954766241,0.4675890618302362,0.6059688401296314,0.47673314339981,0.595421936247319,0.7639328345115974,0.3950669263677074,0.5666492445350451,0.8852412512571884
1.0,0.629465449804433,0.818158151643835,0.8178560658073701,0.4665672326643657,0.6058066913233524,0.4510921177587845,0.5984394645366466,0.7586786331415865,0.3516003539352488,0.5689418549774802,0.8409191800496145
1.0,0.6479791395045632,0.8153073450911552,0.8133796300715332,0.4650072868429176,0.6205049566521258,0.4628046850269073,0.6209082168478663,0.7540547630238326,0.32386138183245183,0.5877780516083727,0.9932628280454371
1.0,0.6333767926988267,0.8140890130041407,0.8183609523334485,0.4636523908482962,0.6272253640080898,0.4425451092117758,0.6192367428444641,0.7475502887566474,0.2800509095318641,0.5876982030686534,0.9773438939031126
1.0,0.5942633637548893,0.8143919557307469,0.835246098778657,0.4627146789700898,0.6304080659390535,0.4146881924659704,0.5749204940462989,0.7402361302295517,0.2237787080246418,0.6045581791112958,0.8190581445324503
1.0,0.5838331160365058,0.8158077326343649,0.8573047699770076,0.4650043680201222,0.6332026672887158,0.4134219689775244,0.6383477553435397,0.7348614831101359,0.18899966252144376,0.647008228949677,0.7494013630502849
1.0,0.5640156453715776,0.8150492701788765,0.8639019185361922,0.4663691667360042,0.6342893466230305,0.40044317822095604,0.6368389911988759,0.7310145840985347,0.17669827472078048,0.6466609026634993,0.6541413397187942
1.0,0.5601043024771839,0.8135107429700443,0.8693698544609547,0.4663131326116223,0.6377053192017932,0.3789173789173789,0.5017972043487907,0.7298357956202175,0.1869421133613287,0.5967685373727271,0.4248787376435185
1.0,0.5501955671447198,0.8117938230623729,0.8732340808151076,0.465363547679747,0.6392618288094907,0.3630895853118075,0.4763700909696026,0.731206350993385,0.2031656327431723,0.6297178755213705,0.3768035856818317
1.0,0.5582790091264668,0.8111770089300909,0.8896594001679117,0.4662206635846753,0.6386972216984373,0.3779677113010446,0.5397529768508244,0.7307557988974476,0.2052342061439765,0.6227432394637058,0.4591698900963953
1.0,0.5384615384615385,0.8115209405484032,0.8948723950458248,0.4641631310811551,0.642318318414641,0.35295979740424177,0.5444123955328746,0.7307208580725082,0.2194324441766018,0.625971365637612,0.3209615030392331
1.0,0.5262059973924382,0.8117246353654728,0.8946922211169404,0.4661459858125229,0.6384117782188801,0.35264324153213056,0.4765623844390208,0.731876879470041,0.2218800005198737,0.5824836307577068,0.4063977405292571
1.0,0.5473272490221642,0.8117181122848429,0.8913108421996879,0.4649172058328856,0.6409990726728749,0.3770180436847103,0.5410842393314106,0.7344189915398884,0.23095301149988,0.5721399348394468,0.4543500951679256
1.0,0.5288135593220338,0.8108725458108779,0.8861427552805965,0.463049306481326,0.641771744596842,0.3497942386831275,0.4363508616226608,0.7364486864329742,0.2210364564603394,0.557571644306621,0.189353472094308
1.0,0.508735332464146,0.8106858725198822,0.8931858264556696,0.4645157092171003,0.6411301198644549,0.3301677746122191,0.3393683899119887,0.7407042894275968,0.23324867395015175,0.5090941907280292,0.16991044020380394
1.0,0.5048239895697522,0.8112499322420585,0.9037984044622802,0.4639219512958597,0.6439622639057938,0.3308008863564418,0.4810073219436434,0.7469678093725678,0.27947238263683044,0.5395713343680885,0.2982056394189688
1.0,0.5168187744458932,0.8113547710823823,0.9181915723266798,0.4653105114131717,0.6434040548189938,0.3497942386831275,0.4044301456992821,0.7510926752079337,0.3169325502449177,0.5051718978360406,0.3998227792018722
0.0,0.5647979139504564,0.8117896478181319,0.927838932413307,0.4673512979984992,0.6226265431168326,0.4051915163026274,0.3520227793802229,0.7573702087551364,0.3673134241378492,0.4851026339065171,0.4811569521507434
0.0,0.6164276401564539,0.8102932616646943,0.9310844487013108,0.473107714608057,0.6273814380546159,0.481798037353593,0.4271651505066193,0.7602583353787521,0.38719647437462507,0.5164352865591826,0.6269274248247788
0.0,0.6425032594524122,0.8097446797447196,0.9479277981981532,0.4725596041462832,0.6270288828187864,0.4950933839822729,0.4540936321278011,0.7589543419859701,0.3854281126865379,0.4788730992536255,0.6723716934207553
0.0,0.5984354628422427,0.8078431867729898,0.9533702714994444,0.4708423917978419,0.6262257207896672,0.4669199113643558,0.3284224539605056,0.7564850610115026,0.3932267906137277,0.4692324317700433,0.4822292561609759
0.0,0.5934810951760106,0.8068512973886166,0.961888429945458,0.4704680040850329,0.6248402095980335,0.4552073440962329,0.3132164780711487,0.7573840243769911,0.4251945927264403,0.4601716097190068,0.3864197023271108
0.0,0.6229465449804434,0.80565037471682,0.9623265689426496,0.4702554735088567,0.6376382794833061,0.4827477049699273,0.3372457658457215,0.7578007905469528,0.4525439007714184,0.4212379934966111,0.4438985280815719
1.0,0.5835723598435463,0.8036761785919835,0.9597811488378754,0.4692143873863439,0.6319314749730799,0.4552073440962329,0.2931661859329928,0.7582259227406938,0.4859894492534678,0.3941661094194242,0.3210673464353257
1.0,0.6013037809647979,0.8028853732292978,0.9603795470133278,0.4676356409350908,0.6449768808099791,0.4631212408990186,0.2558686487685817,0.7603818920043572,0.5258578757086907,0.3804891836147216,0.29444712871995765
1.0,0.5666232073011734,0.7993151253269557,0.9566219638146838,0.4675904428312736,0.6517658271927705,0.4276669832225387,0.19946749500776567,0.7613121684785957,0.5315938537566117,0.339850162955471,0.10037400905495553
1.0,0.5851368970013038,0.7965511378640613,0.9665511646727912,0.4700403104246197,0.6258661552159811,0.4260842038619817,0.24305894534427894,0.76508491570936,0.5263510840038603,0.3670758796757832,0.04849591095363345
1.0,0.6174706649282922,0.7933789486291876,0.9803198721089772,0.4702141876265846,0.6290636024521571,0.4593225704336815,0.3362029435692627,0.7700029054918229,0.5253343518812661,0.3617693110127056,0.2416026914335817
0.0,0.6521512385919166,0.7910982678944201,0.9905108493414636,0.4743988304226579,0.631847462652058,0.501741057296613,0.3793210561349015,0.7721798560284174,0.5150530976189887,0.338198187834287,0.27510244984878585
0.0,0.6471968709256846,0.7885746304038557,1.0,0.4739977242265283,0.628690165275869,0.49224438113327,0.3732712077509061,0.7733414573988411,0.4947514421112375,0.33370138398370386,0.16483654953917082
0.0,0.6106910039113429,0.7854950417724422,0.9934825128131046,0.4703245026517142,0.6380194298654881,0.4450775561886672,0.3734782930256639,0.7764144517115876,0.4585491315244917,0.33281345546373403,0.0724546370967742
0.0,0.6923076923076923,0.7828073373036373,0.9797837669792996,0.4765661288292554,0.638012156831293,0.5340297562519785,0.5087715405665263,0.7834600455541596,0.4737704500112601,0.3534366132440808,0.18067748881895024
0.0,0.6628422425032596,0.7802595617436487,0.9627928720175171,0.4737203260871311,0.6394786362766179,0.4938271604938272,0.4127801198136231,0.7878184483281898,0.4893502888809826,0.3498113554325332,0.03238363425542461
0.0,0.6628422425032594,0.7780480288114313,0.9511662231392332,0.4732207005535157,0.6360445284276036,0.5083887306109527,0.4345684490792103,0.7971802762287123,0.538732991164935,0.3610796937721281,0.06986771411802044
0.0,0.7131681877444591,0.7772214021852941,0.9440308005741432,0.475715392487012,0.6395403259147208,0.5587211142766698,0.5092522742400708,0.8035360936354248,0.5768117432989791,0.4032413478644423,0.3868346200731419
0.0,0.6391134289439375,0.7751764412979358,0.9356260311658282,0.4708313144260523,0.6448273534798727,0.4897119341563786,0.44144663856223615,0.8037722192737099,0.5832293130231085,0.3553364532312429,0.04602916610230779
1.0,0.6683181225554107,0.7740908772019639,0.9416097707118456,0.4744144584801439,0.6421931019172942,0.5283317505539727,0.6050883810369061,0.8090568648922609,0.6082867868166315,0.4219828874436368,0.35225066594428805
0.0,0.7095176010430249,0.7722856792130288,0.9571784181822612,0.475813794339462,0.6501714273055427,0.5720164609053499,0.6856519488203536,0.8110828968470631,0.6149351816244715,0.5028303301021824,0.6224434511716108
0.0,0.7043024771838332,0.7698665265945792,0.9669661704772036,0.4745765633238594,0.6506557434320962,0.5811965811965812,0.6636417424746689,0.8097221275628972,0.6182986292318343,0.4764983946829152,0.6236173190663229
0.0,0.6941329856584096,0.7672402037429797,0.9718996106176514,0.4773617991626521,0.715945818578986,0.5694840139284585,0.6817617040159751,0.8082510082501988,0.6332196931501942,0.4888899719988621,0.5867985010609965
0.0,0.7342894393741852,0.7636206298360368,0.9646770606003424,0.4786111348840486,0.6626692490509685,0.610003165558721,0.7418977886251019,0.8053453082129214,0.6302504051828204,0.5622121313563985,0.780531852453835
0.0,0.7298565840938722,0.7594697986673398,0.96994105847387,0.4782574875443351,0.628668892497771,0.6020892687559354,0.7947563050070259,0.7984455055537156,0.6143051403358295,0.5940853694344511,0.796060393960603
0.0,0.7212516297262059,0.7551587101743579,0.9659743413976049,0.4774413466496095,0.7431628705756763,0.590693257359924,0.854944160934842,0.7906312870664622,0.5865822367884984,0.6257814786343822,0.8190052169184493
0.0,0.7355932203389829,0.7518499578450977,0.9730187096937172,0.4755106882856233,0.8685830749815703,0.5963912630579297,0.8629613194290366,0.7820710501855572,0.5581509089499573,0.6296278188954173,0.8252735731603437
0.0,0.7590612777053456,0.7485778041024631,0.960739378136232,0.4779105678572456,0.7951526669940082,0.6375435264324154,0.9604984838399528,0.7728491014546066,0.5151336710256856,0.6661590631596839,0.9682920024289776
0.0,0.7572359843546286,0.7452319986193385,0.9473666481739696,0.481494488262352,0.7394981167431331,0.6365938588160811,1.0,0.7631853556010022,0.4793014570015214,0.6834386093236637,1.0
1.0,0.7288135593220341,0.7416018347873934,0.933556436242812,0.4788916269531284,0.8691999541101859,0.5960747071858183,0.8129576214777016,0.7555333827801156,0.4525623251943265,0.5452587797661113,0.9852430016758746
0.0,0.7382007822685789,0.7388906935881885,0.922191105004884,0.4797483740630484,0.7906559061171581,0.6157011712567267,0.7476739886103098,0.7505715039679395,0.4391791404731476,0.5446297798613264,0.9911473144711682
0.0,0.7290743155149937,0.7351304879361689,0.910053947407924,0.4820211397900348,0.7173735334806441,0.6150680595125041,0.7976776865616448,0.7457870943503053,0.4338203773157588,0.5685608483593668,0.9875301483039975
1.0,0.7181225554106909,0.7305429333009796,0.8987533196679349,0.4815469085229496,0.6855944074178185,0.581829692940804,0.643169883884328,0.7418327816878048,0.4381753692376968,0.5220972636987421,0.931280836089056
1.0,0.7095176010430247,0.7253537377286858,0.8752908996037194,0.4808466613122425,0.6876360895032316,0.5660018993352326,0.524842837068264,0.7420160272735923,0.4774239023035446,0.5121039334089289,0.8400325381527523
1.0,0.7043024771838332,0.7219106219424265,0.8506676699556701,0.4804443130606068,0.7184738290146455,0.5555555555555556,0.4571925153464983,0.7412462475853743,0.5075035988544812,0.529001769090226,0.7279881165007341
1.0,0.6996088657105607,0.7183314224709741,0.8081149189872554,0.4795624559909048,0.7911939454729482,0.5568217790440012,0.5200798757488353,0.7418829473325261,0.5331189454716116,0.510050897057233,0.8308546570231132
1.0,0.7384615384615386,0.7159841395324376,0.7857482812864975,0.4807979380019589,0.8697871462946505,0.595125039569484,0.4972487242067896,0.7402013513902552,0.5419385767617396,0.4987618845314497,0.8765318573272741
0.0,0.7342894393741854,0.7122284164825057,0.7533931367430156,0.4795704002596903,0.7516954906833268,0.606837606837607,0.5054507802677319,0.736501912589212,0.5273840595487312,0.5027785881427189,0.9882357286645614
0.0,0.7285528031290744,0.7036588845379266,0.7035083386014596,0.4793012562668734,0.7630261112502231,0.5938480853735092,0.5313216478071149,0.7307846016993849,0.503047491442891,0.5154029937155833,0.8745864274685693
0.0,0.7749674054758802,0.6946968994304259,0.6517491977879719,0.4871382426902399,0.869030906677404,0.5637162586315129,0.4411434065527695,0.7267611727951435,0.485190284366609,0.5203117381881213,0.717226674509227
0.0,0.7867014341590615,0.6860837197866021,0.6225485684364078,0.4882585087568525,0.7931802305355249,0.6036658653846154,0.4039272243177279,0.7266456180826533,0.4848518729257934,0.5037168167723023,0.7323336560062828
1.0,0.8015645371577576,0.6812384099699231,0.6161873108909368,0.4864064797745869,0.8046414192016342,0.6147836538461539,0.4504030766955107,0.7252884241262822,0.4792324644813454,0.4761832689736281,0.7857012717268521
1.0,0.7958279009126468,0.6757444731405509,0.6132881294831245,0.4866275360624288,0.7663729060191392,0.5965791801828368,0.4412765328008283,0.7213118288292379,0.4535925347955001,0.4711787036025809,0.7113471559231871
1.0,0.7945241199478489,0.6693010944105058,0.5987642048614352,0.4880870468304399,0.747975082449907,0.5951046888823357,0.454907181421492,0.7187990943346934,0.445341510835696,0.4283211980891188,0.7195641875888201
1.0,0.7616688396349415,0.665287885849714,0.5932545003268528,0.4857411376877915,0.7271050635831449,0.5361127422196125,0.4046076473633607,0.7149657788920076,0.4325348821397901,0.4010593534236885,0.5806763108989547
1.0,0.7241199478487617,0.6609288569174538,0.5858193913656451,0.4841819916766984,0.7546813713750029,0.5188405797101451,0.40423785222986464,0.7141739254206609,0.4380713378013825,0.3995506603988375,0.4241518784389468
1.0,0.747588005215124,0.6597823916272032,0.5876897755802708,0.4836786679527466,0.7401382164230631,0.5307246376811595,0.38407662155166056,0.7158277421768746,0.4477646673471671,0.4380472154112123,0.4041285573734651
1.0,0.7074315514993483,0.6553364797808452,0.5699550616379367,0.4816471652009205,0.7390387423346075,0.5075362318840582,0.352814140965905,0.7193937371516991,0.4628177783957765,0.4171456592693963,0.27096162955945113
1.0,0.6722294654498047,0.6525246686680595,0.5561096474503329,0.4788559402800408,0.7563305570863069,0.4394202898550726,0.3022483544116558,0.7260645036078865,0.4980042762611978,0.3797544090697534,0.000246984728110754
1.0,0.6977835723598436,0.6493394740441298,0.5440304005279581,0.4821078190280399,0.7563403349016424,0.4847968172776358,0.4066415205975889,0.7373230238171942,0.5581025424342951,0.4342462282585805,0.2495730494794721
0.0,0.7627118644067798,0.6472179926174728,0.5477586941760584,0.4907120441245719,0.7871379862046843,0.5609548167092925,0.446128244952296,0.7435785384388847,0.6053352013745908,0.4587350781280064,0.4138963621476199
1.0,0.7436766623207303,0.6420689429942692,0.5374799218382342,0.488998089102086,0.8048870028404889,0.5333901676612676,0.3865616448487537,0.7470769309071372,0.6370624556056129,0.4065163738068646,0.0005308597133359074
0.0,0.8200782268578879,0.6343475913661185,0.5187734851461212,0.4961432316403772,0.8331643738975875,0.5927601809954751,0.5265734782930256,0.7541590049487976,0.6841953990088396,0.4663980284879597,0.12230532336119762
0.0,0.8696219035202088,0.6275131096592308,0.5083391421622803,0.4997900625305356,0.8530128803413096,0.6245919477693145,0.6266696250277347,0.7557590726337273,0.6911996315213185,0.5176617130677823,0.6255856003945106
0.0,0.8505867014341592,0.6213606570958266,0.4926076478597828,0.4999208917517916,0.8743708891716395,0.6207834602829162,0.6832334886472892,0.7528531994162582,0.6684428910553709,0.5201417514807789,0.7823232672241031
0.0,0.8797913950456325,0.6176320286636325,0.4770630426691614,0.5002688289161427,0.0,0.6400979325353646,0.7188373641002884,0.7495574553445392,0.6490963808073549,0.546516163527969,0.7509078309078315
0.0,1.0,0.6133660900428672,0.4659647899631112,0.5125339334286407,0.8451671226095177,0.7641458106637649,0.7364322165520302,0.7474677000036878,0.6256285125073107,0.5693117601933322,0.9102425292334346
1.0,0.7989569752281617,0.6083004361516366,0.4479183599276113,0.493888408337042,0.6927288330480528,0.9956978967495218,0.7567487611863031,0.7443038561916373,0.6088277248180959,0.6014177295248768,0.9869532265049812
1.0,0.6990873533246414,0.6064287771770893,0.4448888279354197,0.4820677523285654,0.6416284457766482,0.8529707955689828,0.6951852673618819,0.7396072930415805,0.5717363706488352,0.5602817264560079,0.7317832394976197
1.0,0.7196870925684486,0.6046264025741024,0.4268285593717589,0.48460126747902205,0.0,0.9149043303121854,0.7030619037053473,0.7379451689978886,0.5737884922848965,0.5721079925789269,0.8300941966219153
1.0,0.7663624511082141,0.6023629204757561,0.4203362343850335,0.4882392138726541,0.64648929291766,0.9979859013091642,0.7423045632719474,0.7353660590084543,0.5706526628099853,0.6512250214566662,0.9954255088783036
1.0,0.7530638852672753,0.5987538341659653,0.4116021636921862,0.4868227431381228,0.5806272833945629,0.997922077922078,0.7024110642703938,0.7297560549219901,0.5619289760918302,0.6465379877985588,1.0
1.0,0.7314211212516297,0.5957091734939655,0.4069881772099748,0.4880453797348576,0.5610329105356465,0.9972899728997288,0.6829746320538423,0.7249413631446733,0.5550958327060183,0.6316988813012521,0.9934572779685186
0.0,0.7095176010430249,0.5927258489403175,0.40826973377484427,0.4890122278368163,0.4919441440800854,0.9623362445414848,0.6613194290363142,0.7195350263958613,0.5412679694689697,0.6473898792465042,0.9618606484675284
1.0,0.7123859191655801,0.5894899205034865,0.3901480784172247,0.4896268945830115,0.5207933420672629,0.9904063205417606,0.6893942755713336,0.7134843860962838,0.5270293837895003,0.6704190306411408,0.9819536937993842
1.0,0.6818774445893091,0.5868814893183807,0.3773127836628774,0.4860487157123777,0.5030386533368519,0.936231884057971,0.6615708897270913,0.7068416515370772,0.5021758904312382,0.6503092812171336,0.7568491877625371
1.0,0.6902216427640158,0.5839212702040311,0.3613259303751635,0.4867562425768507,0.5605265012235783,0.9779710144927536,0.6696989867613339,0.7031321476057968,0.4933843860399015,0.6653570349270143,0.9673544810594392
1.0,0.6936114732724904,0.5817467006657442,0.3711479172255552,0.4879957570653878,0.4969625132412083,0.9513043478260872,0.6551512462095997,0.6995859726068225,0.4791957933922689,0.6535530011003621,0.8551203184367657
1.0,0.6599739243807042,0.5785102596791849,0.3678326222767065,0.4866066428233154,0.5570788744027731,0.893913043478261,0.6292286073515273,0.6962636096235757,0.4678745493762009,0.6617070865201555,0.7902133639964233
1.0,0.6711864406779663,0.5775075992415915,0.3756879473699882,0.4847398243114507,0.4925425984856031,0.9066666666666668,0.6648546705125362,0.6934732093167799,0.4512281682996856,0.666420057078287,0.8916570844512599
1.0,0.6657105606258149,0.576393069437471,0.3715957724308716,0.4830704136398534,0.4951584096076529,0.918840579710145,0.6797943939057766,0.6885902620248228,0.4229914978217226,0.6494574468151346,0.975978534009117
1.0,0.6380704041720993,0.5754820780807903,0.37025177806170056,0.4824942540554169,0.5737839095085172,0.8742028985507245,0.6846461060572443,0.6827558159478886,0.3859095032872221,0.6547074646233662,0.9757435501842808
1.0,0.6693611473272492,0.5724823366346219,0.35612756935273643,0.4840336814030767,0.4934114560277225,0.9397101449275362,0.6748835145329488,0.677223545124882,0.3614335662285616,0.6471346057141054,0.9665410528719882
0.0,0.6717079530638854,0.5679275195449836,0.3349757119273352,0.48541312431042,0.4845953827132336,0.8985507246376812,0.6572738702758674,0.6739086564756394,0.3551819812661463,0.6313267010405658,0.9907892439322502
1.0,0.6617992177314211,0.5629727511160034,0.3090602924182329,0.4845376497924385,0.4765806991733375,0.8573913043478261,0.5693661711411878,0.6718446276770311,0.3588342530635526,0.5346188434157866,0.8577878103837466
1.0,0.6534550195567146,0.5595469597969085,0.2874991959594977,0.4839072032329237,0.4793110843832456,0.8204616699914508,0.49457140744027794,0.6712272794267502,0.3610811072667118,0.4744123287143632,0.4975745641419715
1.0,0.6704041720990873,0.5597992380774524,0.2851252634595912,0.4831066691220369,0.4680930116767996,0.8564329099944782,0.5364839878707196,0.6745604420234068,0.3863150600336414,0.4918942966633243,0.6556361365928616
1.0,0.6211212516297262,0.561483106587199,0.2939769225821384,0.4762728712978023,0.4780652576925138,0.8348978464936497,0.42792692848162095,0.6760355666949598,0.39885022291598,0.3567312235141962,0.610849266340594
1.0,0.6153846153846155,0.5638734145362274,0.30648889563895515,0.4745680766627491,0.472523451960172,0.8492545554942023,0.42927298276754666,0.6791743974157469,0.4375856036162529,0.3582174845315946,0.49209378407851706
0.0,0.6224250325945242,0.5638431289953854,0.3138289698028374,0.4755115261478223,0.4730128697293347,0.8741027056874654,0.4198653945714075,0.6799759040064846,0.4497697083954453,0.3504662925643484,0.5920704159526411
0.0,0.6122555410691004,0.5622920972258676,0.3172078850730365,0.47734583523716,0.4746612336299738,0.8674765323025952,0.4435100954071444,0.6804075693073162,0.4597980731677137,0.33155281346346416,0.5763053655023409
0.0,0.6279009126466755,0.5606422368451647,0.3094685081877881,0.4762076921975804,0.4714921009074306,0.8873550524572059,0.4544634272612975,0.6793053829701967,0.4531470212212033,0.3415452486171422,0.6532949225783227
0.0,0.6192959582790092,0.5588165732416708,0.3316483430582953,0.4786418878965285,0.4782540119959395,0.8752070679182773,0.4769617631831965,0.6775935795096135,0.4437631741926722,0.36713222548267216,0.6454087144400437
0.0,0.6216427640156454,0.5570685601398613,0.3549814058551665,0.4786784850121512,0.5245560083886229,0.8939812258420762,0.4975075808002365,0.6755966783524411,0.4404486151852151,0.33903683882328084,0.7007202016564632
1.0,0.6002607561929596,0.5543319279722805,0.3875118409705557,0.4760278559087036,0.5169882229647139,0.8360022087244616,0.4625471488795209,0.6721753119098679,0.4266665196411865,0.3478553948380029,0.5344256391789699
1.0,0.5786179921773142,0.5515184392890651,0.3741525981165924,0.4733641749915406,0.5123121769903705,0.7708448371065711,0.4818800384586939,0.670828039713401,0.426423954215988,0.3705675207414989,0.3623334533669426
1.0,0.5749674054758801,0.5487615085097692,0.35433640930988336,0.4765735598001335,0.5186388413865413,0.7658752070679181,0.4682419939353598,0.6708059380131204,0.4253060864772353,0.35728298591940444,0.3813467770975879
1.0,0.5916558018252935,0.5456998484401117,0.329999758533509,0.4757521028363278,0.5243676182736178,0.7802319160684706,0.4599881665557282,0.6718744770274163,0.4353912238595539,0.3954056048536481,0.3411955347497301
1.0,0.6245110821382007,0.5425295664908298,0.3155329852742192,0.4778090136911882,0.5139215316338028,0.8210933186085034,0.4772280156793134,0.6729113051325948,0.4456775350194714,0.3653214486445578,0.4053655023406546
1.0,0.6153846153846155,0.5394745131331637,0.3042124642637369,0.4802749381662858,0.523688359134996,0.8045278851463281,0.466252496117151,0.6743017177492001,0.4632138163080058,0.3518492749665627,0.317680950666186
0.0,0.6271186440677967,0.5389251277536604,0.31380512737598537,0.4785433680763557,0.5192844575814101,0.8194367752622859,0.4214555136454405,0.6763319475730272,0.4827811661373128,0.3573443439226877,0.3056175729204175
0.0,0.5903520208604955,0.5385373864392191,0.330855569558453,0.4754252211322925,0.5232331716730878,0.7829928216454998,0.4145403446490643,0.6792353878083377,0.5069211258816093,0.34761169550437626,0.18602808786460165
0.0,0.5890482398956975,0.5388904682061135,0.3864679923449312,0.4749301356099989,0.5242969075061416,0.7907233572611817,0.3949042230604246,0.6821202999752289,0.5267603962294606,0.3699569948092287,0.11776194437411833
1.0,0.5807040417209909,0.5361624726152034,0.41781654432495613,0.4773920386331844,0.5274902792435551,0.7780231916068469,0.41393388063013065,0.6858501459752588,0.5524226076556883,0.3958819549417572,0.047679617637989086
0.0,0.6156453715775749,0.5335745858770315,0.4456394698448445,0.4798800855895841,0.48629509074747795,0.8056322473771396,0.4948672435470749,0.6898859389237941,0.5808874283849392,0.434346112099336,0.31273109407231525
0.0,0.6205997392438071,0.530648353602615,0.4325400255578689,0.4803985921578426,0.4866977343794319,0.8288238542241855,0.5151172250573183,0.6925420353471201,0.6066416331360786,0.40758275898659735,0.2552348893619128
0.0,0.6143415906127769,0.5296085767768546,0.4353121950991971,0.4833367831738725,0.4877995223957651,0.8166758696852567,0.4774277050514015,0.6946518827161037,0.630120405964569,0.413257828654886,0.13761694965595644
0.0,0.6542372881355932,0.5285862703943099,0.4419411444188202,0.489904343526519,0.4811360959962173,0.9133075648812812,0.6094667554174986,0.6980289953557257,0.6604631591304728,0.5491565590151701,0.8622478087236142
0.0,0.6338983050847458,0.5265894491550023,0.4523688683576679,0.4904371576810261,0.5385086659658199,0.8818332413031474,0.5999852081946603,0.6950303756642873,0.6618556154526565,0.5383132383153408,0.7956018878688872
0.0,0.6537157757496742,0.5247054367099926,0.4657453766935508,0.4901203105257712,0.5385573666904462,0.9127553837658752,0.6598180607943198,0.6926659265001303,0.6688401317359761,0.5859398081909447,0.9950547852225348
0.0,0.640156453715776,0.5227535383877338,0.4800288503783913,0.4916147542244594,0.5759827550166507,0.8945334069574823,0.6485984764440501,0.6889187328670137,0.6782276960114791,0.574883299848958,0.9310361469041072
0.0,0.6508474576271188,0.5215246607111785,0.4890530365016944,0.4930320757468216,0.563761678142128,0.932633903920486,0.6340285481843059,0.6861254804693937,0.6889201927417692,0.5373593870965082,0.9665061390949704
0.0,0.5937316068275456,0.9035420835572284,0.04357208655336799,0.5124960697701098,0.4744473947056647,0.8565805658056581,0.4678574069965236,0.9659562272182702,0.5377748420304204,0.4763144021271154,0.743230347131098
1.0,0.5454679223072394,0.9046318830429776,0.040806200575022336,0.5125903065664463,0.4736124341854013,0.7800738007380074,0.38613268249389865,0.9642331834655355,0.5297164572990556,0.4679265584766255,0.4611734889340781
1.0,0.5319305473808121,0.903295791789642,0.02787339911891578,0.5115931103272178,0.4721847361984938,0.7500615006150062,0.3628060054729676,0.9644842521509064,0.5302891310432448,0.447770734113793,0.3181794026995425
1.0,0.5075044143613889,0.9027573091731476,0.01866218450724937,0.5097072470515629,0.4790987379478004,0.7033210332103323,0.3565268841062049,0.9659746458570416,0.5249281444849738,0.4402084269306477,0.1321872675098308
1.0,0.5407592701589171,0.9018550284618916,0.023290207166504942,0.5123053392641748,0.4821975387273912,0.7783517835178354,0.4434657199911249,0.9700291152895296,0.5456550005470402,0.4974789495067221,0.4573280901264736
1.0,0.5756327251324307,0.9015469669768208,0.035050095196137214,0.511444188458987,0.4741972621159848,0.8127921279212792,0.4626506915169,0.9710197879650908,0.5591668851349085,0.4623678411102949,0.5150653629503669
1.0,0.5331077104178927,0.9014269988296444,0.03841453823512137,0.5117472201794848,0.4728701467484416,0.7626076260762609,0.4097330079136154,0.9692947052329804,0.5627074829108304,0.4091881204449082,0.31594749707726555
1.0,0.4977928193054738,0.9035463877738428,0.039158326860368665,0.5125272668549775,0.4941134569601203,0.7340713407134074,0.4508468308557063,0.9689668322638608,0.5887988901685037,0.45033694049727613,0.08261363636363615
0.0,0.51883460859329,0.9049761493689756,0.03207112908635126,0.5141365634938257,0.4787259432887372,0.7926199261992621,0.5735892315657123,0.971742937248634,0.5841647919937369,0.5063967400093614,0.09259326660600399
0.0,0.5195703354914654,0.904334363749308,0.03205586500337557,0.514197818639847,0.4734452767258515,0.7923739237392374,0.5699504474521119,0.9735570925936892,0.5651596984925521,0.5023443119577018,0.4446663104311396
1.0,0.5027957622130665,0.9040013448995382,0.04713406541342194,0.5129344011229184,0.4773876696678269,0.7525215252152523,0.5518009023001261,0.9740261188170138,0.5219906760836556,0.488313960957441,0.3324239952751934
0.0,0.5000000000000001,0.9046450856657016,0.06984602899650612,0.5126094618747795,0.4727912322383216,0.7790897908979092,0.6965017380371276,0.9750517675573388,0.4837327955346808,0.5699328416400281,0.6260370672441431
0.0,0.4994114184814597,0.9064690544017204,0.09006366816289488,0.5125109889025726,0.4771883056229049,0.7948339483394836,0.6901264699356552,0.9725084252467744,0.4419990758963581,0.5660015974645474,0.6763270084601607
1.0,0.4517363154796938,0.905567825880833,0.09127286761229264,0.5123954481944175,0.4761959988971069,0.7365313653136532,0.6240736631905931,0.9709501354078494,0.4091012019727495,0.5637483105514669,0.5099953612688036
1.0,0.49102413184226,0.9030972749123708,0.08042678652795704,0.5118989506429089,0.4746330985983964,0.7680196801968022,0.7231121958435025,0.974774305433501,0.4329067800699423,0.6268026954506941,0.6929380839831234
1.0,0.4886698057680988,0.8992758200720145,0.06601872970995512,0.5117981942138286,0.4812819820814495,0.7318573185731858,0.595688188743436,0.9752932321397648,0.4320019588883568,0.5229377710834663,0.6651940535883886
0.0,0.5223660977045319,0.8966365666351434,0.04803704400049445,0.5108446233874683,0.4835520809387122,0.7820418204182041,0.6381184823607725,0.9770926377369497,0.4553875303831586,0.5653036582118603,0.798502352499392
0.0,0.5441436138905237,0.8924585074203718,0.033772991830054354,0.5089149829230795,0.4900355099271874,0.8086100861008609,0.6818208712373344,0.9746702867213192,0.4533688080306956,0.5501328792321709,0.8364957699189317
0.0,0.5840200117716303,0.8888390314399338,0.024090354713711182,0.5085988936316599,0.4806411241402448,0.8132841328413286,0.6590193033059684,0.9698930716661368,0.4547200793795288,0.5240053390173258,0.8448013076804131
0.0,0.5866686286050616,0.8843134800147482,0.01641529833025495,0.5087297037248508,0.4937191478009436,0.8302583025830258,0.7017898084461207,0.9640068289125427,0.43224539568866177,0.5514084302209274,0.8038479379735367
0.0,0.6127133608004707,0.8827108429955407,0.005499428649208452,0.5071984267273143,0.4884193824945759,0.8437884378843791,0.7849641298720516,0.9576826259678296,0.4062108035189416,0.553262683086693,0.8511850853747434
0.0,0.6115361977633901,0.8821965558375476,0.0,0.5070001037073666,0.4876791609281881,0.855350553505535,0.788610309888322,0.9532202726528952,0.3905163733475968,0.5564354630451874,0.8951662333819449
0.0,0.5851971748087109,0.8857272180034598,0.013389090711108845,0.5083416319468014,0.4819038293358658,0.8541205412054123,0.6771762443606243,0.9470069114653774,0.3608426420243551,0.5053134967837652,0.9997849051192575
1.0,0.4998528546203647,0.8891241224167138,0.03615455757048793,0.5051179181319955,0.4800384693372059,0.7840098400984009,0.7257673249020042,0.941890162284852,0.3342199602144321,0.5308940457618934,0.906416704770614
1.0,0.4839611536197764,0.9018634675508812,0.09060518359610263,0.5075637487895541,0.4884519814500677,0.7667896678966791,0.6787885511426666,0.9364683851123228,0.3033343299950567,0.496055575849937,0.9186607732561082
1.0,0.30709240729841075,0.9114854268702848,0.13559840863191938,0.4980370127147604,0.4778819802120327,0.7335793357933579,0.6270763996745798,0.930308242831012,0.2769352036912404,0.5147808742570552,0.9330670634609852
1.0,0.2869334902884048,0.9206854975021966,0.17423322985197048,0.4963780118555484,0.48477108722074,0.6920049200492006,0.7335626063161008,0.9226253177154032,0.2451889911294294,0.5609361254855841,0.9258126095028898
1.0,0.26030017657445537,0.917964501313832,0.17157574716722349,0.4940896183511614,0.4897776472224091,0.6351783517835178,0.6578951261001401,0.9116645088252592,0.18090980133207674,0.5306990997734774,0.9835085313833032
1.0,0.2607416127133608,0.91541895572262,0.16520345179647264,0.4938936271207706,0.4989750151216113,0.5950799507995079,0.635330227054212,0.9096107307582316,0.1754269054147909,0.5213566452659361,0.640760197775031
1.0,0.2894349617422012,0.9131227691397616,0.1632075961624619,0.4925044153111213,0.5021401070532943,0.6305043050430504,0.540056208860291,0.9122802984896624,0.1908920018645288,0.4692378292372749,0.8772613320685668
1.0,0.3000294290759269,0.9112156836215712,0.1637857992392212,0.4896198366155673,0.476643282091999,0.6364083640836408,0.44936765032172143,0.9154264435545432,0.2173346716193912,0.478635112835455,0.8251914086320201
1.0,0.2901706886403765,0.9096054089445912,0.16128262829596213,0.48866087619873405,0.4868146939873108,0.5948339483394833,0.3457288662081209,0.9184932588670572,0.24095082205778875,0.4801856930661413,0.3105859805080943
1.0,0.2847263095938785,0.908505089677989,0.16651383830953584,0.4881731111674649,0.4857453926288986,0.5817958179581795,0.24896087567487615,0.9235832023811871,0.2852729479779078,0.4962846234615496,0.3005138033682672
1.0,0.2935550323719836,0.910573061783185,0.17372548647127745,0.4851829575877208,0.4858558142265358,0.5911439114391145,0.2479550329117665,0.9292281038998867,0.3332730262810032,0.4962180052735194,0.3113365868713946
1.0,0.2604473219540905,0.9121026604504492,0.1814111366861441,0.4863872668523722,0.4786003466898085,0.5874538745387454,0.19626506915169,0.932594243552734,0.3739224583445876,0.5233123846025852,0.2070654928387748
0.0,0.3434373160682753,0.9122030801848904,0.16702412072387568,0.4893188719181636,0.4720560129726854,0.7104551045510454,0.3220915612750538,0.9390563659002706,0.4309957507983508,0.5183415819295429,0.4772711205372921
0.0,0.3608004708652146,0.9097285721726612,0.15370706716029814,0.490639454627622,0.4731850749773106,0.6966789667896678,0.2760076917387766,0.9385624086446036,0.4351827704724064,0.5013401425946644,0.4825379992930354
0.0,0.35403178340200103,0.90886504491471,0.14100322013923702,0.4938227437256162,0.4709949242897828,0.693480934809348,0.3027364839878708,0.9377682404096196,0.4316417583385007,0.5144667105153115,0.3861240582034449
0.0,0.3572689817539728,0.9099145851977568,0.13959760912676367,0.4941345964949124,0.4699680180877498,0.7220172201722018,0.3594778492715039,0.9359953556388094,0.3950370120240753,0.4889408271962859,0.4439098548255069
0.0,0.3301942319011181,0.9108919553454694,0.13967176865345987,0.4956473146700778,0.4957004342340645,0.6809348093480935,0.35488499371348303,0.9346121034885844,0.3877024574037666,0.4853612385664646,0.3163267010808739
1.0,0.3012065921130077,0.9121607973947644,0.14329966518159432,0.4969751717233213,0.4988759515934078,0.6430504305043052,0.2635973670586496,0.9355953591689988,0.3932558934729576,0.4885765986730897,0.16425266041864994
1.0,0.28811065332548536,0.912818250007184,0.15072864980524953,0.4959886770843741,0.468227355526552,0.6447724477244772,0.30902300125730353,0.9415157353826179,0.45030684243707103,0.4615479050614511,0.1857030688785309
0.0,0.3496174220129487,0.9121314312608352,0.13940765349983855,0.4972084342537834,0.4960332837261027,0.7301353013530135,0.41487316026921095,0.9477037459044066,0.5011582068114853,0.5067313703978429,0.4287241684625538
1.0,0.3181283107710417,0.9098359395569464,0.13101624869718287,0.4944780893498583,0.4619091196545708,0.6543665436654367,0.28093336291694376,0.9499691887460632,0.5275540350080806,0.4798757617956039,0.21620808900917166
1.0,0.32739846968805164,0.9089657738076404,0.12388387705278235,0.49153337534415903,0.4555187828508562,0.6678966789667896,0.32906589749278936,0.9564414984173392,0.556197954874171,0.5021940222247199,0.3303763845035837
0.0,0.3671277221895231,0.9066890569371288,0.11736366544473105,0.494802446677087,0.4565193607871672,0.7404674046740467,0.4188299681976189,0.9600342756672562,0.5601424667575234,0.5022804845766878,0.4401510215673503
0.0,0.3655091230135373,0.90657452770292,0.11017793292213524,0.4945586665281595,0.4765341431888288,0.6819188191881921,0.3184453812587826,0.960632915223653,0.557105748742888,0.4257437706394667,0.19395579612088465
1.0,0.2779576221306652,0.9053398237765534,0.1010024885436685,0.4909481299652799,0.4780066623879859,0.5992619926199263,0.3377338954219361,0.9672474372053608,0.5928919954838897,0.44085300522586623,0.16263218563624576
1.0,0.27472042377869343,0.9069799272651128,0.10258225746999433,0.4904885873636251,0.4573101857401662,0.5638376383763839,0.3164854670512538,0.975732645387038,0.6584844941934114,0.4210638413527434,0.059322741776508474
0.0,0.3396115361977634,0.9050050062949404,0.08257135926378174,0.4960081868370145,0.4456270897040563,0.6730627306273064,0.4365357591894091,0.9882129146598242,0.7571057542838184,0.4942262067081685,0.06515601783061017
0.0,0.4105356091818716,0.9015105344045928,0.058668487889924785,0.4981668329293768,0.4748506738651885,0.7601476014760147,0.5078692404407964,0.9954380491114628,0.8269286771774136,0.5495213147702578,0.1865141481035523
0.0,0.4819011183048853,0.8987336496447272,0.043845922990770295,0.5003237404641521,0.4797388573630316,0.8295202952029522,0.5591968049700463,0.9993991663093679,0.8981530245380854,0.5455851409179302,0.3336544250451514
0.0,0.4995585638610946,0.8961973883134201,0.0455890058474628,0.5016512468793161,0.4844119916624236,0.8927429274292743,0.6387397381850454,1.0,0.930516273621946,0.6327820264204569,0.7126429861529197
0.0,0.5276633313713948,0.8947647027348019,0.050806833976056516,0.5001904980011389,0.484623450257172,0.9269372693726936,0.7282005768804082,0.9961854005565632,0.9358755720022154,0.6553076933757574,0.7589102950030095
0.0,0.5311948204826368,0.8915887227438087,0.04932065377095169,0.5005040934947482,0.4721782929316212,0.9202952029520296,0.7610531765401967,0.9899797813143864,0.9038031098608592,0.6392159289748066,0.8457104017722284
0.0,0.5323719835197174,0.8917510316670317,0.058085459469405014,0.5006059438527007,0.5140172062488679,0.918819188191882,0.7900673027142959,0.98295041460211,0.8741178295681926,0.6560619140187768,0.8321155917755598
0.0,0.5169217186580339,0.8925079841820905,0.07133761238036028,0.4991490968762392,0.5012031844880149,0.9628536285362856,0.8999926040973298,0.9772513799062932,0.8652102176390277,0.7178663349292791,0.9860246751828792
1.0,0.4526191877575043,0.8967962116958214,0.09780959273990593,0.4978502328393448,0.4478072377925244,0.8578105781057811,0.7834775534353966,0.9690057541740388,0.8405178963172133,0.6389752386954207,0.9992632448482957
1.0,0.3688934667451441,0.9007178173525133,0.12096731710486493,0.4948311314827786,0.44646888232911264,0.8083640836408366,0.7515864211226979,0.9648775389071332,0.8352981774489907,0.6682315969669332,0.9735161352285808
1.0,0.3243084167157151,0.9074377158510036,0.15141130094494618,0.4949921322718717,0.4479523092976884,0.7776137761377615,0.6826640041417056,0.9595069499448194,0.8104114048638955,0.6610562481027852,0.8525478030919451
1.0,0.2957622130665097,0.9099346292860432,0.16408369351263022,0.4929011918313295,0.4573938538694386,0.7855574530373264,0.7504696398195396,0.9558758349414151,0.8034206338065615,0.6732771537196911,0.948975378103545
1.0,0.2764861683343143,0.911850544477745,0.17593236494390405,0.4911747009467344,0.4581341560779949,0.7333495974627959,0.7357961689224166,0.948230423414357,0.7579873497641254,0.6660294058782708,0.8235946936457946
1.0,0.2580929958799293,0.9119250675386988,0.1833568239704955,0.4935201755351119,0.44634897987086697,0.7331056355208587,0.8249833592189929,0.9428734556706851,0.7246886815366796,0.6708379634753469,0.8505908452936114
1.0,0.2803119482048262,0.9134269322356288,0.19799301061359556,0.4953761432548566,0.4510303908762641,0.7746478873239436,0.8578433547814517,0.9380143071680124,0.6852793304497611,0.7172561088782302,0.9754141627415956
1.0,0.2585344320188345,0.9129204888672264,0.20858993195618067,0.4973496954825956,0.46462210469580395,0.7413339708343293,0.8110568744915314,0.9323978495691684,0.6747844083878811,0.6460043760950248,0.997576621525302
1.0,0.2366097704532078,0.9128318464362902,0.20511758279813114,0.4953792476946329,0.4568867211529347,0.6819356354240077,0.7811404481917017,0.9270609228900372,0.6934228214586755,0.6320519520935812,0.9417225150194116
1.0,0.22218952324897,0.9121793544392002,0.2014261337254623,0.4979596111351278,0.4604820245337531,0.6732440685929059,0.7301235115745879,0.9218874842447646,0.6776321097256499,0.6232145252307764,0.9164768907107396
1.0,0.22439670394349606,0.911834155411918,0.19910383218376013,0.4981045422192224,0.4606852952681052,0.6699553676297864,0.6981732120405298,0.915791474032268,0.6475725670804928,0.6058514823166734,0.8623578832016805
1.0,0.20909358446144788,0.9109686230544304,0.20673566240429908,0.4966982298162766,0.4610519189684125,0.6396523373267561,0.7329117668811477,0.90888145549624,0.5835942015669809,0.6268816111946875,0.7867677275010263
1.0,0.2271924661565627,0.911668517673932,0.2162703453060735,0.4982490457076357,0.4673665928562628,0.6558620689655172,0.7947563050070265,0.9016002129805992,0.5376769947051877,0.6213766628437476,0.8398931555636728
0.0,0.2190994702766332,0.9112475261194004,0.22545266537641204,0.4977413974456239,0.4520909871309461,0.6682758620689654,0.8369425338362545,0.8938390085606294,0.4745837397075599,0.597019997389189,0.8827748360072696
0.0,0.23587404355503225,0.909968938360828,0.2354152789510664,0.499021175585364,0.45218967936960897,0.6675862068965516,0.8278529694549224,0.8833824330015678,0.3850362290046143,0.5932183241050552,0.8544582968795561
0.0,0.2710417892878164,0.907232907906216,0.2392063842329049,0.4981675693921377,0.4936166751926072,0.7057471264367817,0.9530729975593524,0.8746893230241715,0.31506224766218105,0.6067634599709493,0.90215108508878
1.0,0.20718069452619192,0.901736008129519,0.2264282589558849,0.4923053388015579,0.4663301782944437,0.5977011494252874,0.8252348199097705,0.865041096755385,0.2586108732947794,0.5667346229152864,0.9713827881987004
1.0,0.2676574455562095,0.8978407181145273,0.2136849429330624,0.4935331426304671,0.4930601470719966,0.607816091954023,0.7544190518452782,0.8606649628885201,0.2377725153455347,0.5582141075024853,0.9754761335564596
1.0,0.26618599175985863,0.891895089386625,0.19085708864965015,0.4934214332546425,0.4782482469507638,0.6085057471264368,0.7356112713556692,0.8562574872527657,0.21275711436046288,0.5500945643765001,0.890476383211236
1.0,0.2522071806945261,0.890146123757254,0.18121831788776785,0.4917429660968377,0.4792633460807336,0.5342528735632183,0.6560757340433402,0.8521796049752639,0.1808000604998881,0.5533218393064963,0.7218197272028172
1.0,0.26118304885226584,0.8877943229828208,0.1713624559997825,0.4926394083580116,0.4786632406361546,0.5616091954022987,0.7007100066563129,0.8514036892617283,0.1723124491739088,0.5912307212411785,0.8827255433682767
1.0,0.2748675691583284,0.8867558204265691,0.1640281018999235,0.4937685387266058,0.4849357455895523,0.5609195402298849,0.693669107314548,0.8484702999452769,0.1487389808408771,0.5843936395829128,0.8847290241631928
1.0,0.2932607416127133,0.8853756441147672,0.15935042102252342,0.4916301340078062,0.4806105428285339,0.5719540229885056,0.6523851786110492,0.8454462041995818,0.12641718800135465,0.5475174605900363,0.931335249119682
1.0,0.27736904061212475,0.8843357622760256,0.1517965827307938,0.4939184190798822,0.4776464041128674,0.5528735632183908,0.5765032172176615,0.8399989993318668,0.09430049317434892,0.5475044127153441,0.9215298687567512
0.0,0.2886992348440258,0.8831993074000856,0.15077359407250168,0.491174425072321,0.4772247982614621,0.5586206896551723,0.6138451297980918,0.8371562607982048,0.08198909451940589,0.5699026929339495,0.8554715333164777
1.0,0.248087110064744,0.8823278706843166,0.15413517489953196,0.487051966876797,0.4776874675205273,0.4719540229885058,0.4292212114488571,0.8350217057710052,0.0704896720786401,0.5021915594353031,0.5836991748454259
1.0,0.2685403178340199,0.8827010540445815,0.158730203664046,0.4890426043690119,0.4753723272955328,0.5170114942528734,0.3809703424302936,0.8385700291026337,0.08486280859679074,0.476582722861989,0.5874704491725764
1.0,0.2798705120659209,0.8836224456927569,0.1659578972540289,0.490112502445541,0.4740020761557536,0.5379310344827585,0.4386435914503368,0.8392658506746571,0.08202002779702383,0.4592191909199774,0.6950723660648456
1.0,0.27781047675103,0.8839369547211661,0.16828978491568974,0.4898955339175429,0.4715556430345568,0.5312643678160921,0.4665113527105982,0.8349270532899362,0.042016122367831865,0.4771991427285857,0.6630290517622774
0.0,0.2988522660388465,0.8836546971132907,0.1767870866097937,0.4918420193268314,0.4720906125939719,0.5664367816091954,0.5732564159455661,0.8339710482938059,0.03675345886348708,0.4908034966691314,0.7838287652474358
0.0,0.31238964096527355,0.8834832303392112,0.1862181681142507,0.4893216086093018,0.4715112996427712,0.5758620689655172,0.4273056726573482,0.8311139455407304,0.013448029185500364,0.4636253599953506,0.7803948005983109
0.0,0.2786933490288405,0.8818503650484796,0.18809395511761887,0.4898559069730426,0.4707308141854532,0.5280459770114942,0.3673249020042897,0.8306379964024624,0.01970395269747266,0.47839828701739295,0.5742227671861407
1.0,0.2898763978811064,0.8798687478956492,0.1821867110967622,0.490759102637738,0.4722024936364066,0.5156321839080458,0.30201908142888834,0.8299561332870204,0.0,0.489900365185132,0.4548690768135429
1.0,0.29590935844614463,0.8758534743841787,0.1630399643554058,0.4911863418743994,0.469666898759651,0.4972413793103448,0.2515124620959988,0.8333949697766576,0.010952593130705124,0.5098384693197302,0.3312960859610222
1.0,0.35241318422601536,0.8720136340086271,0.14158145356085547,0.4926593513632988,0.471371797298111,0.5416091954022989,0.1561570889727088,0.8392476771894204,0.0351752625898471,0.5275275249401644,0.29006031562422474
1.0,0.3041494997057091,0.8676329778970023,0.12250325316135202,0.4876642328209501,0.4728237662198396,0.43793103448275855,0.0,0.8454555801739461,0.06043861289644802,0.4532209385115417,0.03703982874544067
1.0,0.3288699234844026,0.8645337755954688,0.11133236541750917,0.4862803042165246,0.4762945217279561,0.444367816091954,0.07221359366910696,0.8559028663829801,0.10755230595308383,0.4363354551575525,0.0009082217973226717
1.0,0.3677163037080635,0.8628169106754747,0.10616521092283956,0.486301702948224,0.4689347234932728,0.4744827586206897,0.1309814362842982,0.8645243302884129,0.14250466704533832,0.4094945963180941,0.0862495860209112
1.0,0.3525603296056503,0.8609024184404569,0.0995843396414014,0.4885368949881833,0.4700430074772013,0.4563218390804597,0.07996449966718439,0.8714924588387303,0.1910563831390304,0.4308184462664726,0.045740260129914605
1.0,0.3513831665685697,0.8614283158660702,0.09784889964189222,0.4883081609537159,0.4747233118639748,0.4232183908045976,0.11587900303231975,0.8804721087532108,0.2503516402644739,0.4023566134467396,0.01328732221756342
0.0,0.3559446733372572,0.8621635722925601,0.09766361120717272,0.4888379875965483,0.4719597403346015,0.4533333333333333,0.12881443680201116,0.8886889897829133,0.3047879842281779,0.4078952861010608,0.04418357145160709
0.0,0.3696291936433195,0.8621604202133898,0.09497300003897813,0.4902056333866318,0.4733843074928324,0.4802298850574713,0.13382885881221795,0.8979944140117571,0.34813892122925083,0.410182159107548,0.06113135743541754
0.0,0.4014125956444966,0.8604550350625014,0.08908001738249482,0.4895422206821706,0.4733235593290466,0.4857471264367815,0.1684860587234676,0.907676921446104,0.3893197828435302,0.4265211788022129,0.10060926584359263
0.0,0.411124190700412,0.8603716842356605,0.09209313241618353,0.4867570960005128,0.467194000996965,0.4885057471264368,0.2071592337844831,0.91460482992724,0.4100124390849291,0.3964688224632563,0.1780092551233719
0.0,0.3468216597998822,0.8634223863863403,0.10477784512879346,0.4841836035868866,0.4641359740834503,0.4331034482758621,0.19076991346793928,0.920137918157129,0.4138841267096592,0.3733479584156051,0.036448748414301714
0.0,0.3827251324308416,0.8669116745488906,0.11918578573679875,0.4877182452410235,0.4710201955478338,0.5186206896551725,0.2889505214111381,0.929280400833388,0.4502574690089365,0.3759303420394178,0.17973777348777348
0.0,0.4174514420247203,0.8707188100133386,0.1306502301710902,0.4873168745558575,0.4689321097628525,0.5604597701149424,0.33863619554766605,0.9353244032554956,0.4756162816417734,0.4060632860863012,0.3299549549549543
0.0,0.3859623307828133,0.8740119208344522,0.14621264725203106,0.484418212397344,0.4684881388512426,0.5770114942528735,0.3381480659714513,0.9383504048901591,0.5108852909125837,0.4050355454066487,0.3069095881595875
0.0,0.35344320188346084,0.8749773681515546,0.14458741330918648,0.4851222235176813,0.4660993242474922,0.5508045977011493,0.3433325937430667,0.9423097861275632,0.5318405175834011,0.4086371047375167,0.2005509974259981
0.0,0.37978222483814,0.8744119065848549,0.14001146023879493,0.4875148902350376,0.4539444000813244,0.5266666666666666,0.2669846904814732,0.9478640005749116,0.5713986829908555,0.35935914387148205,0.025619369369370724
0.0,0.4464390818128309,0.8746078392761071,0.13420329847832596,0.49359212964057797,0.4525077059351772,0.6560919540229884,0.446490644183122,0.9584673569295374,0.6354690214293552,0.4751096556358057,0.2700783421784172
0.0,0.4230429664508533,0.8761657843632863,0.14098156642223245,0.4914254167140297,0.4364163144742717,0.6593103448275861,0.4447008357370017,0.9619795705381846,0.6693595860920043,0.4733131311011958,0.2508264570372482
0.0,0.4630665097115951,0.8768741744445644,0.14635731031476953,0.4913092004438295,0.4595385568425476,0.7089655172413794,0.4887064566230309,0.9671294106476818,0.7111562743743107,0.4756605572517622,0.07945729568882845
0.0,0.4980871100647439,0.8730033733343631,0.1330335734982918,0.4943989641415393,0.4804912606134985,0.7689655172413794,0.4855705938909846,0.9713214118514396,0.7628789460077359,0.4723610716342165,0.15756845796875402
0.0,0.5769570335491465,0.8693273698611391,0.12470530198293525,0.4977102452377462,0.4671872575415969,0.8340229885057472,0.5866577915834625,0.9752402612925511,0.8135532733047379,0.5566430795231213,0.5391184573002739
0.0,0.6314008240141259,0.8682070905170362,0.1264270898613966,0.5023493181136527,0.4644492840124494,0.920689655172414,0.6574735596479548,0.9750037360267972,0.8394348380337244,0.6231579688263259,0.7759543486816206
0.0,0.5728369629193643,0.8695131699111899,0.13994569322754571,0.5006133495205322,0.46476065945021205,0.9062068965517242,0.618038606611937,0.9713988690818188,0.8250225646647342,0.6113639347127645,0.6941106400868854
0.0,0.5475279576221304,0.8697704911026961,0.14630863371723832,0.5022018738858615,0.4692009069513587,0.8795402298850573,0.6686709562902153,0.969118865965172,0.8176933839555965,0.6602203586592442,0.6614231160004196
0.0,0.5781341965862271,0.8655164715236591,0.1336907490792357,0.5011406069561587,0.4798145967762724,0.9009195402298852,0.713578877301975,0.9646939848200328,0.7929329454279495,0.6961903104313172,0.8513124721933852
0.0,0.581518540317834,0.864201418028611,0.13464248732686476,0.5016157078149269,0.4796741122565982,0.874022988505747,0.7708453516751724,0.95858638457363,0.7724165449227303,0.7357706982580559,0.8047802500196558
1.0,0.5220718069452618,0.8639664767226819,0.14143115297303807,0.4998954235233714,0.4929010847782234,0.8668965517241378,0.8204200872716518,0.9527090715633622,0.7515679650025702,0.7237981299003231,0.8399103040429139
1.0,0.5113301942319011,0.8684324002682625,0.16350718293031108,0.4990473301155484,0.4810617912101416,0.8455172413793105,0.8268619184971522,0.948652425308146,0.7474753709964279,0.6852986038760843,0.867078379314325
1.0,0.4836668628605061,0.8728904956472429,0.18712724306690154,0.4965273747752264,0.4796743424998686,0.8767816091954024,0.8073663190592409,0.9445955063348932,0.7393558643255029,0.628954903970663,0.9296988990582298
1.0,0.4208357857563272,0.8734472843476652,0.1934706745855284,0.4950179544920113,0.479854632691869,0.8611494252873562,0.8225057318245693,0.9396890701685016,0.7347119258130155,0.6383583639466672,0.9797005939305192
1.0,0.4711595055915242,0.8734853788320217,0.20115039694770506,0.499227905458066,0.4647425711984837,0.8482758620689652,0.7601360846091261,0.935454382072444,0.7502002745064351,0.6232223505963187,0.8838075810245403
0.0,0.450117716303708,0.8725923534797048,0.2015730295182072,0.4974299479045105,0.4662316246558218,0.8737931034482755,0.6648546705125362,0.9312307901631836,0.7570928333860463,0.5337027713136232,0.8809766657646587
0.0,0.41921718658034135,0.8748300747432202,0.2149285855434616,0.4949246753223608,0.4869068600315203,0.8866666666666664,0.7661637452851127,0.9271285400807516,0.7668124868874411,0.5457876060810919,0.8966299619075376
1.0,0.4070041200706295,0.8729568019835717,0.2142555621040024,0.4939483837462706,0.475849440288713,0.8521839080459769,0.7417942459877228,0.9190532726794192,0.7337204207802088,0.5753120792485822,0.9984071133089248
1.0,0.3981753972925249,0.8698630811793625,0.2111143464957564,0.4932020830833884,0.4750466700661816,0.8022988505747124,0.7234524073663189,0.9130318330052992,0.7265570214615833,0.566523466788941,0.951028817454238
1.0,0.3768393172454383,0.8670925320847663,0.20964797439786845,0.4951848726794122,0.4350663915982657,0.7967816091954022,0.7308039346202206,0.9070424114215332,0.7104099089981188,0.5740219342627292,1.0
1.0,0.3659505591524425,0.8656494300739438,0.2103194737977205,0.4942486255896073,0.4317714756046164,0.7648275862068965,0.7444937504622443,0.9006595985613328,0.6949860362815032,0.5830675169226079,0.9333352229245216
1.0,0.37419070041200697,0.8639806613256883,0.21092147387928706,0.4912100969338067,0.4240035513044593,0.7712643678160919,0.7426891502107833,0.8947728562089696,0.6888081236410104,0.5807904778551318,0.9813017960893028
1.0,0.34284873454973513,0.8650752468628152,0.2223546729891389,0.4923172927549008,0.4296726702624237,0.7402298850574713,0.7303601804600252,0.8890208702303108,0.6853363033573627,0.5746729632740272,0.9100743337160808
1.0,0.32739846968805186,0.8654167564481073,0.23048098760861674,0.4911855015279968,0.4238598700966867,0.766896551724138,0.7643221655203019,0.8822572588595003,0.6735033990550527,0.5524728126281357,0.9902909904868488
1.0,0.3293113596233078,0.8612496945156932,0.21814504730151615,0.4912508734495696,0.4373960316180796,0.7406896551724138,0.8203757118556321,0.8741773368154366,0.6324712416038769,0.5829905688356279,0.9531652580124736
1.0,0.3584461447910534,0.8552723389782285,0.18788995839065764,0.4935595814963272,0.4397471405217837,0.7027586206896551,0.7930404555876052,0.8665053140425802,0.6031238902059971,0.6206796875431759,0.8918802075145426
1.0,0.340788699234844,0.8517169511931598,0.1822023449412267,0.4957600839323862,0.4591477101739093,0.6804597701149424,0.7806301309074775,0.8616540041520422,0.595967828955443,0.604200032592397,0.9369595975475556
1.0,0.2881106533254856,0.8498278716198983,0.1840154039244037,0.4948569904715757,0.4743020745188867,0.6211494252873563,0.6876266548332226,0.8555755407754102,0.6021609191287939,0.5859200167891484,0.9704022569191108
1.0,0.31518540317834004,0.8450034271920633,0.18391980377936326,0.4971019689831516,0.4697747486927759,0.6151724137931033,0.6708897270911915,0.8514465848677804,0.6144179052108758,0.622570703738807,0.9316357799503854
1.0,0.29576221306650946,0.8369389933706927,0.15894661657139433,0.4948391348826036,0.4721836264529932,0.5117241379310343,0.5838769321795722,0.8461853456884032,0.6188271144012567,0.6123009738423506,0.6840799649788403
1.0,0.3025309005297234,0.8315193472027697,0.1420856586084971,0.4952130896897238,0.4736337984595654,0.4701149425287357,0.5562088602913983,0.8442159964577078,0.6497263651555003,0.5921101929412425,0.5251228172576485
1.0,0.30709240729841075,0.8291120274442328,0.1406361633558712,0.4919269869724161,0.4718918675712432,0.4751724137931035,0.5484283706826418,0.8446077320928074,0.679297805871445,0.6341072507452844,0.5130113332360532
1.0,0.35506180105944674,0.8267679512954341,0.13089556991070378,0.4926974358848018,0.4667674568083863,0.5413793103448276,0.5671178167295315,0.8459205816643038,0.7065752197495309,0.6502409881771394,0.65491998638066
1.0,0.3806650971159504,0.8228316376028809,0.11593183409732576,0.4950184731266619,0.4810162499448785,0.531494252873563,0.5340803195029956,0.8447595283257596,0.7173942151001944,0.6717813023515972,0.5833211732088142
0.0,0.42216009417304295,0.8180660551626172,0.09796855846916888,0.4951618636519307,0.48446493762668,0.5682758620689655,0.5745506989128029,0.8431337143024984,0.7434268879578344,0.6573904725117052,0.6496181720900832
0.0,0.4692466156562682,0.8153833973374701,0.09008040751434744,0.4958072962364248,0.4785910944969426,0.6133333333333332,0.7131499149471191,0.8405364801847419,0.774798004167746,0.7426625532006522,0.959628386594678
0.0,0.4202472042377868,0.8142579542750453,0.09083592910168947,0.4949701253297243,0.480878915981585,0.5420689655172414,0.5955180829820281,0.8328772745362567,0.7568378501405033,0.6925557354826936,0.8860370296103192
0.0,0.4365803413772806,0.813428807298234,0.09076518086952977,0.4965041911820432,0.4772364730819552,0.5839080459770113,0.6255380519192371,0.8304208940963862,0.7626891938005433,0.6811072320139945,0.9600628300247316
0.0,0.4465862271924661,0.8111799490732355,0.09074619651515807,0.4974720086578098,0.4802479601755366,0.5662068965517241,0.5983433178019376,0.8260905752781096,0.7592585837042689,0.7017671872999766,0.8817749492971524
0.0,0.4714537963507945,0.8080416400708431,0.08842196449391446,0.4961165570769221,0.4768754771609971,0.5839080459770113,0.6128097034243032,0.822833058849679,0.7759377750307401,0.6728157387538778,0.9362141408287464
1.0,0.4446733372572101,0.8048031860341064,0.0798421873431403,0.4936221240254294,0.4774087782432719,0.5356321839080459,0.5701575327268694,0.8190197301552955,0.7847695360901157,0.6312405310887711,0.7672060753051562
0.0,0.4808711006474396,0.8049889012984898,0.08860827589540525,0.4934155996036258,0.4812636723094635,0.5599999999999999,0.5707196213297836,0.8161105788631888,0.7804093036528299,0.6320004920234938,0.7905848674008985
0.0,0.4665979988228369,0.8032885406612159,0.0811147826305909,0.4919287108376885,0.4803948210667515,0.5885057471264367,0.6213297833000516,0.8129332774717672,0.7790900962639051,0.6822286083862201,0.7314222098524905
0.0,0.5030900529723364,0.8016878287799508,0.07687089922783645,0.4917003809668693,0.4759996498670061,0.5999999999999999,0.6085644552917681,0.8094334309754299,0.7703770670617154,0.6713719465247588,0.6533736233151753
1.0,0.4941141848145966,0.8007474291591279,0.06951110389822594,0.4909810689702871,0.4789230066002366,0.5597701149425286,0.5488869166481769,0.8089868413648118,0.8059440346547709,0.6071071068235205,0.3633258618849397
0.0,0.4409947027663331,0.8109217861603445,0.11364513036770628,0.4895258797255807,0.477715289019107,0.5459770114942529,0.4929738924635749,0.8108468727976899,0.8513247668957573,0.52829349904442,0.3682712491550128
0.0,0.33828722778104764,0.8199909441059422,0.15560430595716393,0.4807974633211938,0.4491551305842327,0.5926436781609196,0.5655129058501587,0.8130328089626107,0.9062476357432052,0.569397939384487,0.5095883587718352
0.0,0.385520894643908,0.8297155684436189,0.20335852666466628,0.4811962696903195,0.4541488935050498,0.6108045977011493,0.6181051697359664,0.8117741825237106,0.9504725168740636,0.5930165694712118,0.6802220087522673
0.0,0.34858740435550306,0.831565359373926,0.2203510026726382,0.478194641451005,0.4494232522255592,0.6406896551724137,0.6554322905110566,0.8088814027625209,0.9609695721602602,0.5826900991314816,0.7125630571487787
0.0,0.3315185403178339,0.8363455149039253,0.2425292536901696,0.4768049062795861,0.4735009685588513,0.6422988505747127,0.7017528289327717,0.8051359488162293,0.9653627082654632,0.5819447703814165,0.7861860908224834
0.0,0.2954679223072396,0.8371423031857982,0.2472777277770232,0.4774013054340434,0.4541739434350512,0.6016091954022988,0.7108128097034248,0.7992627639742649,0.9304957851268424,0.5901282507606921,0.7383639509020521
0.0,0.3017951736315479,0.8388882114727866,0.2498880220673333,0.4742206612067114,0.4532248461859613,0.6062068965517239,0.7999186450706313,0.7954739546740901,0.9389621822957824,0.6028244236154822,0.7998795798675384
0.0,0.3032666274278988,0.8399498889972689,0.2523001693635337,0.4745415612960099,0.4352834465196352,0.6519540229885057,0.7876636343465724,0.7921003899311554,0.9563260911480138,0.5733965259571362,0.8835617845913568
0.0,0.3138610947616245,0.8365738620570852,0.2393691607488692,0.475453889716871,0.4495749413961544,0.6691954022988506,0.7625101693661709,0.7877437891863956,0.9969462185040529,0.5272149503642243,0.9148599494461678
0.0,0.3677163037080635,0.8340480614755389,0.2282166411942173,0.4798851213341059,0.451976846720613,0.6514942528735633,0.81213667628134,0.7799557882082382,1.0,0.5581244195644273,1.0
0.0,0.3247498528546203,0.8346356852761246,0.23055775592598055,0.4801413477719375,0.43405478113636253,0.6505747126436779,0.8544782190666376,0.7714321997123585,0.981718252016592,0.583751933567645,0.8772865527138758
0.0,0.2878163625662155,0.8398318658925211,0.2496141206256329,0.4773715827915809,0.4346184462217512,0.6655172413793105,0.8740551734339176,0.7670314138677989,0.9575960168657374,0.613947009105651,0.9504410212370052
0.0,0.30061801059446724,0.8409131841166441,0.25712059791126524,0.4784550685517763,0.4339122636661172,0.6894252873563217,0.7888617705790995,0.7616542934730803,0.9250367284863056,0.5573360206626112,0.9559843400447432
0.0,0.3248969982342552,0.8385404989220643,0.25173253523171396,0.4766595572875142,0.4325578134268659,0.6988505747126434,0.8516012129280381,0.756325821948107,0.9077656822167957,0.5330125410979605,0.95909768829232
0.0,0.3198940553266625,0.8346419953544316,0.2418421954455291,0.4762281748138557,0.42772429576796417,0.6873563218390802,0.8640115376081652,0.7486278126108361,0.8637121442328562,0.5393669653842977,0.9592917362975756
0.0,0.34726309593878746,0.8293790535475486,0.22775878961947135,0.4747020411191821,0.4312791152738574,0.7009195402298849,0.8499223430219658,0.7412936716016005,0.8288301003609693,0.5829639819407041,0.9445706667668092
0.0,0.3915538552089465,0.8242499927148669,0.21010320124421694,0.4745444036524612,0.45024956146800377,0.7082758620689655,0.8843354781451074,0.7349592284097948,0.7969430607377048,0.5448887782496776,0.9847683274228232
1.0,0.3524131842260152,0.8189403731385286,0.19369538814470308,0.47497925155208504,0.4707626701062911,0.6496551724137929,0.7832260927446199,0.7272739503101866,0.7740954592870397,0.5310378322515632,0.8373561792821846
1.0,0.3491759858740434,0.8155498179276849,0.1816301439784584,0.4746142688879302,0.4452272202304096,0.6140229885057471,0.7847348568892836,0.7223695172356823,0.7802109998505571,0.5318526072391608,0.8328340552195239
1.0,0.3759564449676278,0.8138076709540693,0.18539539567376145,0.47314481864469105,0.4289487419216128,0.6291954022988504,0.7957547518674658,0.7150142981080749,0.7745053560174604,0.5375803261028925,0.8116926482092777
1.0,0.37124779281930537,0.8133494358286085,0.18790278646574124,0.4728103449856872,0.4721631491718938,0.6577011494252873,0.9046372309740408,0.7071164467757621,0.7370156060807775,0.5643058236249588,0.9585948978228932
1.0,0.2803119482048262,0.8135070754941173,0.19089914697067092,0.4682280933778092,0.4779072704907647,0.5181609195402297,0.8748613268249394,0.6949194804357028,0.6741932421714039,0.5530704776593676,0.9824309721652952
1.0,0.2758975868157738,0.8128388376626302,0.18608402481375472,0.46776227203808596,0.477042840391589,0.5029885057471263,0.8979809185711116,0.6823138580319159,0.5671689739667771,0.5646605876845664,0.993641640571298
1.0,0.2694231901118306,0.8119428895856396,0.1872444126102829,0.4671075089289594,0.4799295651896681,0.4866666666666667,0.9845203757118558,0.6725138654778648,0.5167147170918793,0.6036185309034658,0.9712132279699844
1.0,0.25058858151854035,0.8101679533554275,0.18833387383316652,0.4652422985244597,0.4785822734507903,0.4521839080459771,0.8161896309444565,0.6630622474172148,0.4696198548321775,0.5124633293131329,0.962203860305984
1.0,0.272366097704532,0.8063994043137518,0.1834476646334179,0.4634219697327971,0.4799386471044431,0.454942528735632,0.8031876340507358,0.6574659664555011,0.4727883923082806,0.5082963553221135,0.9848906208484638
1.0,0.29487934078869915,0.8035223628919707,0.18120467290122536,0.4652668937958511,0.4775321660385401,0.4319540229885056,0.7343317801937725,0.6495661192653437,0.4553438322773919,0.4808275601150728,0.8
1.0,0.2953207769276044,0.8018907642092886,0.1643087640646778,0.4654049370330348,0.4779262161220788,0.44942528735632176,0.7708083721618224,0.6448676195969316,0.4396736675124479,0.5089784232221323,0.8900516913031652
1.0,0.3040023543260739,0.802881717956205,0.15359374858216426,0.4624879075933586,0.4859836085856687,0.4581609195402298,0.8330227054211969,0.6352369636452586,0.4073283242858366,0.4950439065982821,0.9793597533327294
1.0,0.2683931724543849,0.8033731689828609,0.13843361662188727,0.4627288944762321,0.4771410468461518,0.4078160919540228,0.9046963981954,0.6242545259812617,0.3546704965599685,0.5306200806673516,0.983891658114646
1.0,0.20409064155385512,0.8049689698483796,0.14408939819360791,0.4597015811428573,0.4843697916001152,0.31402298850574706,0.7578729383921305,0.6167622577097298,0.3296019351605704,0.4971696802356238,0.7811755509231684
1.0,0.2082107121836376,0.8077635663052946,0.15229116075170787,0.4602469254658204,0.4835969071772697,0.3328735632183909,0.6994674950077657,0.6170666911629206,0.3425946631016312,0.4532293035576046,0.786982578916021
1.0,0.2332254267216009,0.8095363963469592,0.15845000706891246,0.4628691256094147,0.47814536288009,0.3894252873563218,0.7362473189852822,0.6178857213472506,0.3424877869187598,0.4754140561893678,0.9670562835020842
1.0,0.2205709240729841,0.8097871673198419,0.16172940953939852,0.4613901878395806,0.4810536438508109,0.3551724137931035,0.5894904223060425,0.6132602937095553,0.2987735330689682,0.4468572987343766,0.9601777699551176
1.0,0.21394938198940547,0.8073271764746156,0.15698606366048815,0.4605271529282005,0.4751966188796866,0.33057471264367805,0.5890318763405075,0.6121686292351649,0.2928050813576341,0.4469243428916176,0.9050779510022272
0.0,0.24558563861094765,0.8043926339536264,0.1450037655053909,0.4634380338141626,0.4743847485508006,0.3289655172413793,0.5354929369129501,0.6111303390701976,0.3036599262867288,0.4185667279781891,0.9300445434298444
1.0,0.2530900529723365,0.8029608222158958,0.13648601261900312,0.4639780985264062,0.474705934714994,0.3112643678160918,0.4436358257525331,0.6103766447847874,0.3287090374246249,0.4258950706479193,0.8232770883942837
1.0,0.281930547380812,0.8032749700333136,0.1335173979160562,0.4670266341539503,0.4734725210240234,0.3777011494252872,0.4760150876414465,0.6090479232256021,0.3047205125114624,0.4406289133486939,0.8384339136544614
0.0,0.2826662742789876,0.8059447090850059,0.14935234485090682,0.4670110989994385,0.475213742665212,0.3659770114942529,0.5112417720582796,0.6039779595566563,0.24493082083815004,0.457308940901581,0.7979168621563288
0.0,0.24852854620364906,0.8077915930872336,0.16412815681339846,0.4674992921390122,0.4736994403298658,0.3482758620689653,0.5054359884623918,0.5975368616077403,0.16353532178382027,0.4545951107433999,0.749160176409871
1.0,0.20570924072984098,0.8103380340862109,0.18222861398750395,0.4664695110020377,0.4466925639179341,0.2818390804597699,0.4855927815989942,0.5944928160487617,0.1391766879082536,0.44483597019264093,0.6173594820305899
1.0,0.17760447321954087,0.8107640435479391,0.17877891612102126,0.4632143874226109,0.4163998917664259,0.237471264367816,0.3702906589749277,0.5936033513222354,0.1428485156942838,0.4445954196707744,0.5833911982734351
1.0,0.16377280753384346,0.8113964798229151,0.17542334541207225,0.4611696259345432,0.4177273632733021,0.1910344827586208,0.3334368759707121,0.5971903389877982,0.1855177773398051,0.4247663594191852,0.4812799099183637
1.0,0.1256621542083578,0.8124563537750592,0.17667195492429622,0.45630013688734494,0.4529188589572302,0.12919540229885035,0.09010428222764556,0.5991816563492591,0.18823969347952152,0.3530415974934084,0.14768271219933976
1.0,0.19835197174808705,0.8157271686638768,0.19941932609363655,0.4643277978320901,0.4614141162503789,0.24482758620689635,0.2834109903113675,0.6071203277230974,0.2265357764330248,0.3919198943865884,0.401064709380757
1.0,0.19643908181283107,0.8182888779947705,0.22198863056896373,0.4643136251909629,0.4542709254225489,0.2579310344827586,0.3134235633459063,0.6067192613698198,0.2293892681090463,0.4086907176547804,0.3682530933143797
0.0,0.192466156562684,0.8202923589455028,0.23559461873180376,0.4638389266390547,0.4448817112960448,0.25149425287356314,0.267176983950891,0.6065614444501006,0.24945968211772346,0.4359746232685392,0.3365729122847736
0.0,0.1962919364331959,0.8256153380967436,0.2528830482974217,0.46416903680487104,0.4186247387278628,0.2480459770114941,0.3460468900229274,0.6086492484621975,0.2633254843543303,0.4306056966362977,0.3370515963387923
0.0,0.1211006474396703,0.8293462283609178,0.2607337618421313,0.4607536868875782,0.3858796326472659,0.22252873563218373,0.31884476000295825,0.6086633298410613,0.2319569387681427,0.4650454058630686,0.2864561423867476
1.0,0.07695703354914651,0.8357808200880835,0.2799542685495497,0.4540985693209713,0.4153619016048696,0.11563218390804599,0.23359218992678046,0.6121933629080699,0.23141064220387844,0.4021409561916625,0.002117313785903468
1.0,0.08019423190111824,0.8384356423622986,0.28475729844812714,0.4553437335126682,0.4047534804253751,0.16758620689655154,0.28338140670068784,0.6220990870305123,0.230466103257186,0.4243841225639508,0.02091396975117926
1.0,0.09917598587404336,0.8438717732830229,0.3011498341377933,0.4536769986121009,0.4226062442551941,0.18413793103448256,0.3807410694475261,0.6319376923965894,0.25702330183140554,0.4294914113646137,0.08375625572707363
1.0,0.07607416127133597,0.8467064543516557,0.305920349209692,0.4553323516338796,0.4390421595264823,0.18183908045977007,0.3949633902817839,0.6416987176336735,0.2747716734936171,0.4372514644957389,0.046088991084755136
0.0,0.13507945850500291,0.8500821834609996,0.3138396742007919,0.4580159782013922,0.4401617769745764,0.2629885057471264,0.3688558538569631,0.6517141989117088,0.327495680114992,0.4269861141844147,0.12978102189780946
0.0,0.1227192466156562,0.8509242071322335,0.31829151528141875,0.4564588509301841,0.4451184576006199,0.24160919540229864,0.3349530360180457,0.6566438094747775,0.3370472867308489,0.4560946712659299,0.0581995133819942
0.0,0.13669805768098875,0.8512283257817955,0.3210285622178393,0.4542113547411014,0.44093665128114135,0.25149425287356314,0.4831373419125807,0.6608862865866267,0.3300213485399396,0.4905655001739478,0.25577517288734153
0.0,0.16583284284873456,0.852958710942933,0.3271143687682285,0.4535123015216365,0.4480214980572551,0.2696551724137932,0.539997041638932,0.6613114919002092,0.32017349182169696,0.5226190050732307,0.4588013144342538
0.0,0.16185991759858726,0.8550729669061109,0.334871660699489,0.4535154549840273,0.435602383652786,0.2960919540229884,0.569255232601139,0.6630380124654864,0.3425288043185037,0.4888779390122708,0.4823924665260678
0.0,0.14140670982931142,0.8587548672809385,0.3500855816296556,0.4547407622059346,0.4309929756446149,0.26436781609195403,0.4277864063308928,0.6654700038201964,0.3883621069149139,0.4624812165557535,0.3547746333807445
0.0,0.1290464979399647,0.8605301261881159,0.3578903319730506,0.4571969205235876,0.4337121830400596,0.2574712643678161,0.3530064344353228,0.67110889989593,0.43159646236747257,0.4772682396788946,0.3103143852077098
1.0,0.11595055915244262,0.8643474676648479,0.3710948222333753,0.4552342672592069,0.4293382832555933,0.2197701149425288,0.3130315805044004,0.6746222955638121,0.436514948647556,0.504931092296189,0.20388444749619852
0.0,0.13272513243084166,0.8665430419365187,0.3750679990733411,0.4577626550744568,0.4371901785118108,0.2919540229885058,0.4712817099326974,0.6779826890573066,0.4167120884964091,0.5348319248785527,0.5418117612438078
0.0,0.1687757504414362,0.8729036647623712,0.3939401046866585,0.4577576719633181,0.4341341059921093,0.3167816091954023,0.5070408993417647,0.6764591599476497,0.3672679921608518,0.553765614095265,0.5305802148217177
0.0,0.1593584461447911,0.8754154580157466,0.3908466380254916,0.4578871960093652,0.4345340280938423,0.3921839080459771,0.6209082168478667,0.6767320548084619,0.3474003537593604,0.6163593494635969,0.9431065770758748
0.0,0.14376103590347267,0.8786481162270113,0.390778403710382,0.4554576753763298,0.4341747492448947,0.32873563218390806,0.5309740403816287,0.6699100889604503,0.2785585727787563,0.6161541998903295,0.8336486523539258
0.0,0.1381695114773397,0.8779635569156862,0.37598123509240783,0.4547168415224073,0.4329320295273128,0.3154022988505747,0.5677316766511352,0.6641091528804881,0.21580529297304074,0.636159786685982,0.6603602862548338
0.0,0.1667157151265451,0.8808501929217321,0.3817327547756868,0.4540280575299614,0.4315862760608691,0.3491954022988505,0.6595222246875232,0.6578827351003679,0.14419606073331115,0.6363497960098807,0.7719283814537592
1.0,0.10800470865214824,0.8841029636335161,0.3948991278709211,0.4515136093787814,0.4315196469888846,0.2990804597701147,0.6368685748095555,0.6521540232102141,0.0967627269950655,0.6272346175281759,0.4805077311108677
1.0,0.1318422601530312,0.8877422690906368,0.408923694167242,0.4542385682630458,0.4234495405370071,0.3457471264367814,0.5993861400783964,0.6524884324603881,0.0877539611519384,0.6034555589794611,0.5586429193233423
1.0,0.11830488522660387,0.8877043310195257,0.4071706773838358,0.4523986293141868,0.4256165316748145,0.31333333333333324,0.4684342874047779,0.6522092833787636,0.07750306870218943,0.5826656712083741,0.3793614568383416
1.0,0.12227781047675094,0.8867015128812671,0.3991118974948107,0.4522598225590233,0.4227909729094517,0.2827586206896551,0.5679535537312329,0.6577297671660916,0.10495978766129266,0.584011860980483,0.4123473637155032
1.0,0.13404944084755746,0.8873564659160834,0.3997398785775572,0.4516666531064957,0.4183848995553216,0.2827586206896551,0.3734708971229935,0.6607320120240441,0.10412336289834184,0.5464276266869319,0.29576735759828743
0.0,0.13243084167157138,0.888898452658014,0.4060084277324275,0.4518251467520942,0.417725652372713,0.3029885057471263,0.3964055913024183,0.6683663353416059,0.1347987441294703,0.5050873379371815,0.3611509775780535
1.0,0.16818716892289576,0.8912433440676176,0.4179865406357244,0.4519527937845953,0.4150996193184422,0.3427586206896551,0.5242807484653502,0.6725011287138489,0.1362694312692771,0.5129859314336837,0.7154083241182984
0.0,0.1625956444967626,0.8926433086566855,0.4252161202556495,0.4550177276284776,0.4300494548734653,0.3367816091954021,0.515723689076252,0.6729056280213173,0.1385946334173953,0.5087659398299347,0.7540408912312082
1.0,0.10888758092995876,0.8938732851107883,0.42859693477591,0.4520461541688906,0.4276423056835848,0.26022988505747113,0.3602026477331555,0.6731176964178556,0.13928591175342284,0.4820840402208539,0.4793308707620642
1.0,0.10550323719835186,0.8951317847794246,0.4281907691549394,0.4511893341344244,0.4229682967475473,0.2335632183908045,0.3624731898528216,0.6755633605875444,0.1490153282671242,0.4831373803774273,0.4774311090867688
1.0,0.09402589758681568,0.8964471746617609,0.4315890243854846,0.4494543057213815,0.4263555432598145,0.20597701149425274,0.4305672657347829,0.6772902507835981,0.13476436148106047,0.5188992294050627,0.409246185379185
1.0,0.12757504414361376,0.8987576763995867,0.4388367610286112,0.453440886645457,0.40943218112984425,0.262758620689655,0.5023223134383551,0.6784221070993364,0.11108832905872773,0.5519389104124685,0.7263493509451144
1.0,0.16362566215420826,0.9011247152007329,0.447860621480724,0.4538821039145371,0.4178660750995196,0.3160919540229885,0.6270468160639004,0.6774364337762253,0.09137381834122517,0.5630699853285388,0.9153268048280568
1.0,0.10226603884638014,0.9030884893640612,0.4522383157184624,0.44927058625899824,0.4100514419934235,0.22068965517241368,0.6114488573330377,0.6747298351534898,0.07386872241973974,0.5543604067316535,0.9395809610567064
1.0,0.09608593290170676,0.905861550932336,0.463538659640277,0.4521884586787073,0.3946399688532861,0.2144827586206896,0.4367206567561568,0.6729348043928223,0.06503604856889439,0.5234290990187134,0.7661125028467315
1.0,0.08593290170688632,0.9082566190447552,0.4733461878158386,0.4507599113838041,0.40895091323803934,0.19839080459770106,0.3859034095111308,0.6745607266558578,0.06895431501044152,0.5498057387515051,0.6126564222265446
1.0,0.09829311359623304,0.9106964762617168,0.4809507946371397,0.4485063439451264,0.3933421869851792,0.2078160919540228,0.3576288736040233,0.6764620391574674,0.06804198004250689,0.5388785840046598,0.5945325292543635
1.0,0.10668040023543268,0.9128438232937608,0.4887278096502633,0.4495626517019899,0.3888250444730958,0.2222988505747127,0.3421492493158791,0.6792108628774765,0.0695620352553436,0.5336975679219442,0.5822934928328343
1.0,0.04281930547380819,0.9156318334331968,0.4901915872489309,0.4398099720750542,0.3628846895446746,0.11678160919540224,0.1942755713334809,0.6795819826548826,0.04404451510131169,0.5153297546706406,0.35770954409412725
1.0,0.024720423778693323,0.9182528991786116,0.4919293639443586,0.44091822833663263,0.3962391861941763,0.09540229885057452,0.14586938835884894,0.6836360316441865,0.030404343469022318,0.4796945850023571,0.2106329188781623
1.0,0.0,0.9211367026318531,0.4839351858941723,0.4361870330799051,1.0,0.03655172413793095,0.07951334960431877,0.6896142810268633,0.02769496526390114,0.4851058356052829,0.09836669170385423
1.0,0.003678634490876964,0.923387586850957,0.4790862212167599,0.4329878590555816,0.32235719357746545,0.03839080459770103,0.1177723541158201,0.6990530845236662,0.04412824712316349,0.5000298656309519,0.10256126482213493
1.0,0.017068864037669162,0.9258889849923914,0.4751401380599082,0.4309229468457356,0.3126611204306385,0.028884230142091655,0.20804674210487376,0.7070320535490724,0.058842388134596864,0.4865803075399328,0.2091458972230224
1.0,0.008681577398469642,0.9283314007601924,0.4796576132653176,0.4290257768573106,0.30985691752608885,0.0006988120195665974,0.1326529102877001,0.7123609279533556,0.06260305017628638,0.4070222563412821,0.004913505362498248
0.0,0.0990288404944084,0.9306015052887571,0.4864319843661883,0.43716558547249657,0.3274192265416607,0.06379746835443027,0.2762443606242145,0.7233778029388434,0.10807448034652156,0.4778783118057048,0.2316228601960505
0.0,0.11035903472630948,0.9328730883527608,0.4947816187254567,0.4382854574872952,0.3554014193378224,0.04351164576401337,0.2562162561940682,0.7278127812147093,0.13237383638474026,0.5229170226109794,0.19765116378026487
0.0,0.1087404355503238,0.9370257827670968,0.5067854595987884,0.4382141491335251,0.35156250054848104,0.0486306629127209,0.24794024110642696,0.7328316256930241,0.15962395044063155,0.5120366383760219,0.1501425471256546
0.0,0.09255444379046496,0.9410297123202968,0.5181673719331295,0.43684034521368775,0.3772640760589952,0.06194010749936015,0.2575918940906732,0.7378498851603803,0.17951635966517626,0.5179455333924333,0.20969320454448734
0.0,0.13390229546792232,0.9446442099739768,0.5292735549173571,0.43830137369334937,0.35099233560941584,0.10033273611466602,0.3676059463057468,0.7427148199074136,0.1972747064545175,0.5455509299659576,0.4086634611293145
0.0,0.13625662154208373,0.949038344725776,0.5422496829914198,0.434934259159159,0.30314211389745777,0.10289224468901996,0.3688188743436137,0.7436480395288441,0.19272739031889652,0.546367061078349,0.41470575720182135
0.0,0.08343143025308998,0.9547623355364642,0.5589854332069625,0.4326679743718541,0.35083483596129256,0.07908881494753013,0.3031210709267064,0.7465785661720616,0.2036353209091082,0.4638705909103169,0.15512105867835474
0.0,0.08357857563272507,0.959405279312898,0.5709136098153188,0.4327016669767245,0.29969209212692804,0.0801126183772718,0.2888469787737593,0.7539551969366722,0.23071288730011086,0.4565867321631771,0.24494702353091385
0.0,0.09579164214243667,0.9610630120329698,0.5734706708450067,0.4337909495999872,1.0,0.06577937036089089,0.23263072257969056,0.7604614165653432,0.24653115843257886,0.35858006335178344,0.06269945959746448
1.0,0.08284284873454978,0.9618873409509162,0.5733152217679357,0.43157336759725695,0.2690702940189307,0.03352956232403384,0.2973300791361587,0.7702871192963292,0.2781124714429196,0.3915987541857184,0.0010019060651968491
1.0,0.1099175985874042,0.9644166656095025,0.5796058700018912,0.4312977585910575,0.3380163668371337,0.029520295202951775,0.3935581687744992,0.7800570717879289,0.3065640262064282,0.4661115786159439,0.08976798653297308
1.0,0.11300765155974103,0.967106809474134,0.5851247197080502,0.431759145369606,0.4164143156895741,0.02354200107009121,0.3980400857924709,0.7857062505732109,0.3199551031093827,0.4704673719159299,0.14751518700139055
0.0,0.13728663919952916,0.9688742558302564,0.5888549645840321,0.4312645083642441,0.35277984178681565,0.019101123595505802,0.4495969233044893,0.7911544321218527,0.3256333264497091,0.4763968707627438,0.16492364645996996
0.0,0.1955562095350208,0.971110624592931,0.5933718422790097,0.4348046466939233,0.2520580440450038,0.02383080131069441,0.4836032837807851,0.7959143894084619,0.3329209648503891,0.5152819365741238,0.3238399634724033
0.0,0.2377869334902884,0.9717954033748434,0.5957397296565974,0.4403070449863311,0.3699979986427609,0.0032562125107111865,0.504171289105836,0.8000429777897291,0.3529764154282741,0.5415338597789385,0.8206152616859803
0.0,0.2937021777516185,0.9740733482415894,0.6014961111811513,0.4434279086785546,0.4147820614234526,0.01884700665188489,0.4484579542933215,0.8016037042470456,0.3731569676592758,0.5229035089995381,0.639603457041182
0.0,0.28104767510300177,0.9764624016014796,0.6239625276791493,0.4455636556408314,0.3634596019488546,0.0007390983000737628,0.4399822498335921,0.8029643286162005,0.39032412377132375,0.5142162597276443,0.6527116587323821
0.0,0.28678634490876986,0.9791712224543241,0.6461688775430762,0.4465223416083128,0.3743622810510226,0.03949867071781208,0.4471858590340949,0.8036361725132659,0.40826230418491705,0.4732167932418301,0.5805652981225484
0.0,0.2978222483814008,0.9801676123779912,0.6667128913788496,0.4477517978547452,0.5370346382533735,0.010823347506764634,0.40378670216699897,0.8035642111333974,0.4150055442827158,0.4733887483111862,0.4633578906552918
0.0,0.31695114773396105,0.9780307502796859,0.6625533878419236,0.4463144671179893,0.4403637926689737,0.017781213761113558,0.40137563789660535,0.8043944744765399,0.4286945768442677,0.4688739686703083,0.3711059619699159
0.0,0.34387875220718056,0.9768220315524118,0.6629221810577488,0.4495006976233413,0.388971325112236,0.017008117510629982,0.4241624140226312,0.8046693482899205,0.4180565040748844,0.4450857736165639,0.441943433005994
0.0,0.3968510888758091,0.9755792582888649,0.6571932716154579,0.4521685564667216,0.3958830101164594,0.1534596057209122,0.4717920272169219,0.8035573844149557,0.3914242158695857,0.4550797347940324,0.5296995108315873
0.0,0.4201000588581518,0.9756607353377376,0.656507956841431,0.4512396095971946,0.38677854038722703,0.17085427135678394,0.5101397825604612,0.8015502136140908,0.35690453632757124,0.5004929661995705,0.4887270587369891
0.0,0.4284873454973513,0.975929704437454,0.6515116011366577,0.4522534852369658,0.34674375443935984,0.19520680324700407,0.5242437689520008,0.7999671354831479,0.34123017973106234,0.4659582807898837,0.5436757512229227
0.0,0.3958210712183636,0.9770346700791812,0.6514006200758499,0.4520030531072332,0.346151712722438,0.11751063007344435,0.4966940315065456,0.7981636951817346,0.330255273536477,0.4344580585958861,0.34054213100886405
0.0,0.3841965862271925,0.9772538307873088,0.6458099330247311,0.4505524291453025,0.3558601750925456,0.07962891379976815,0.5265069151689962,0.7982626744678525,0.327896653067966,0.4180285306195371,0.3449556806061269
1.0,0.4087698646262506,0.9774804551856708,0.6549583482317927,0.4498618864771876,0.4326353283148308,0.09856977193660596,0.5035500332815626,0.7985693172610533,0.31629749371515625,0.3927648396001675,0.22292103424179086
0.0,0.4480576809888168,0.9778695907681516,0.66662743827894,0.4546675818559428,0.4453811660763399,0.2037108620023191,0.5465572073071521,0.8005561291185004,0.31354306434426144,0.446397826739767,0.44918901026150265
0.0,0.4495291347851675,0.9814741765872148,0.6933956153952345,0.4548459771305111,0.4264640118530175,0.21028218013142624,0.5513497522372605,0.8013824621988709,0.311485648706106,0.4521452329209159,0.4136967155835093
0.0,0.4081812831077104,0.9851391526297679,0.7072812024308864,0.4535372119166693,0.4385647183074244,0.19868573637417855,0.4711411877819681,0.8023875939312384,0.3167689551781479,0.4000426217168635,0.2086873367906128
0.0,0.4027369040612124,0.988579647113525,0.7221983789967579,0.4565953031483477,0.4609358333153778,0.1894085813683805,0.496339028178389,0.8062041575408878,0.34146150897400834,0.3817656217217463,0.2592503700147988
0.0,0.4183343143025308,0.9878009597742282,0.718905156009472,0.4547632965106672,0.4595645820907257,0.21994588326246609,0.4954958952740184,0.8093195115488994,0.3603922022179286,0.3807719150344308,0.2981319252770103
1.0,0.4306945261918776,0.9858090934893879,0.7143535789230606,0.4562711890734754,0.4536977020435984,0.1824507151140317,0.4377856667406255,0.8130807897864307,0.3942148647326886,0.3623563449228701,0.22924916996679684
0.0,0.4574749852854621,0.9865420595837135,0.7178396797763399,0.4558113580409495,0.4420256194242309,0.2153073057595673,0.41831225501072383,0.8177727833121868,0.42672614179965707,0.3449493497982661,0.29329173166926586
0.0,0.4409947027663331,0.9899205218658984,0.7338693255553544,0.4537541730259907,0.4467217311157288,0.26323927328952457,0.4642556023962722,0.8212837960370023,0.4561993221669629,0.34380527140619177,0.5302212088483514
0.0,0.4399646851088875,0.9944708387997792,0.7541657923296938,0.4536015282908066,0.4515272310372261,0.299961345187476,0.5141705495155686,0.8218279672484661,0.4571392692755509,0.3548517896149413,0.7596703868154726
0.0,0.4337845791642141,0.9950904357851336,0.762414957845836,0.4565835528691049,0.4544323828153555,0.2976420564360264,0.5518674654241554,0.8201451564266597,0.4623768642326964,0.3520952432004719,0.8616744669786793
0.0,0.4486462625073572,0.9919481014784524,0.7572155687085795,0.4583462661918611,0.4626760425685147,0.2790877464244297,0.5553657273870277,0.8168237758929053,0.4665618538087319,0.35628067207359576,0.8261130445217798
0.0,0.5086815773984694,0.9876510086198956,0.7524602449949045,0.4617772966701416,0.4346027582703861,0.32817935833011186,0.6124916796094964,0.8140710806318958,0.4642222065052735,0.3756436044857636,0.9760390415616632
0.0,0.5313419658622719,0.9850676134890248,0.7550158301528394,0.460737091194759,0.4379563533357741,0.3544646308465404,0.5955106870793581,0.809379662911063,0.4504210013129185,0.4131256760448577,0.9684469103384024
0.0,0.5366391995291347,0.984848942336911,0.7635392932012155,0.4612684009392231,0.4619178106898262,0.3880943177425592,0.6033799275201539,0.8066195166905656,0.4434641390284444,0.4221869298314393,0.9542457805907181
0.0,0.520453207769276,0.9860050476938176,0.7699653010079901,0.4595323050510871,0.4562642632905418,0.3343641283339778,0.5223060424524816,0.8045225682166066,0.4551991194161914,0.3647479549838247,0.8311132031066125
0.0,0.4914655679811653,0.9871065778992048,0.7712095129443927,0.4598558367078313,0.4914600918716448,0.28372632392732905,0.4361733599585832,0.8041030566540182,0.4591830713819946,0.30778252103981546,0.4880333433592581
1.0,0.4844025897586814,0.9904657523001866,0.7855144168711946,0.4627337652608917,0.4917765291304167,0.27406262079628924,0.4394645366466978,0.8040980660342558,0.4586174529046753,0.3123352268650258,0.4702874575688567
1.0,0.4526191877575043,0.9914945019185054,0.7944923154359644,0.4625851266440786,0.4897991814463446,0.2586006957866253,0.4662007247984615,0.8037635221801421,0.43160647482990655,0.3480996855989113,0.3930305504232352
1.0,0.4412889935256033,0.9920203600164288,0.8072672173420417,0.4613064563532809,0.4898518776190897,0.16119056822574415,0.4189187190296578,0.8039510722011819,0.4146562299506157,0.3353653340461253,0.22498173849525105
1.0,0.4545320776927605,0.9915115810426168,0.8030907549235362,0.4592011430544754,0.5045375517886399,0.18090452261306555,0.4190962206937351,0.8069160170824401,0.4051446529362667,0.33556114245260377,0.2157865337515552
1.0,0.4317245438493232,0.9947847691780496,0.8031912298071493,0.4601636446844786,0.5026292334760436,0.13374565133359131,0.4089712299386137,0.8102691111975981,0.41522808501241787,0.32656491296045315,0.2194675613263032
1.0,0.4080341377280752,0.997936839745474,0.8024595616963385,0.4572948637312085,0.4849329431094997,0.1550057982218788,0.3752089342504252,0.8136144273625279,0.42374598181657774,0.333613270703019,0.14918739924186594
1.0,0.4443790464979398,1.0,0.8051453482472449,0.4579280737055336,0.4558617715492932,0.22226517201391569,0.4274831743214261,0.817113532788903,0.4345018228395969,0.34460601678721986,0.1728459530026113
0.0,0.4986756915832843,0.9991056136502328,0.8062805088655898,0.46062220009726795,0.4876857196820666,0.3362968689601856,0.45362769025959604,0.8186720705724595,0.4309775681242387,0.3817924520252608,0.14905715114592213
0.0,0.5122130665097114,0.9982562043647412,0.8063054579787903,0.4585079531269422,0.5321536771213655,0.35098569771936594,0.4542933214998886,0.8208956648699497,0.44176834746842697,0.3826158143710866,0.21206846533216936
0.0,0.6720129487934077,0.9967346419980582,0.8020767471642006,0.4723521211663522,0.5410011821642462,0.7634325473521452,0.4907773093706089,0.8221380357599499,0.4454895353253029,0.4239514924529144,0.5648970118944008
0.0,0.6871689228958211,0.9946707428025198,0.7987528001308777,0.4743006107525172,0.5342747406583652,0.7510630073444147,0.5928629539235264,0.8221063027998896,0.4525274632324541,0.501419316236916,0.8105599071656528
0.0,0.6699529134785167,0.9917703464741692,0.78946059335512,0.4759501546290063,0.5469947622711622,0.7317356010823349,0.5521780933362915,0.8196633995315259,0.4408607903388944,0.4974744025887039,0.7937917029300837
0.0,0.6609770453207767,0.989945570641478,0.7881235422179654,0.4753682956362203,0.5437072096916149,0.6675686122922301,0.5553731232896971,0.8184487143059436,0.4411588836107944,0.500836346638715,0.7350159559036831
0.0,0.6586227192466155,0.9873023821148156,0.7822258869731908,0.4752373553427973,0.5256109094469241,0.6478546579049094,0.5597662894756306,0.8157602221952359,0.4155923287077376,0.5055602558838033,0.5872352770525062
1.0,0.6574455562095349,0.9845403503963344,0.7742335470914125,0.4752417975785472,0.5156614592797822,0.6346666666666665,0.5875231121958433,0.8127894174190728,0.3857551160769634,0.5323974412425987,0.561895901173308
1.0,0.6606827545615066,0.9829980396557472,0.7687398314571867,0.47597865085068,0.5243495600739161,0.6068914412745463,0.6130167886990607,0.8113247407327995,0.3706127415240131,0.5555725382932883,0.4763446738719057
1.0,0.6462625073572691,0.979879392023574,0.7590146987715775,0.4777636001199015,0.5242875905061893,0.6111913357400723,0.5809185711116045,0.8111684917471462,0.3739038591770113,0.5177891666441906,0.5568948525509826
1.0,0.6743672748675689,0.9793798013351852,0.7646340021023013,0.4813985728411082,0.5425203303155065,0.6100070972320792,0.5913541897788626,0.8119659644722035,0.3959203718070109,0.5267296669046139,0.5385508592661399
0.0,0.6851088875809297,0.9782522127633808,0.7685115648941276,0.4820965558188274,0.5285123058190336,0.6869718309859155,0.6555062495377559,0.8121026546529873,0.4027333584612624,0.5468294496018218,0.7677327317364468
0.0,0.6727486756915833,0.9813347614466059,0.7882801290895081,0.4844675074990258,0.5054677839318739,0.6644366197183099,0.7221359366910732,0.8116835291506219,0.41638731045686944,0.5728746847658671,0.9625354717342092
1.0,0.6110947616244851,0.9820585626619376,0.7953767981048715,0.4806019521119225,0.5276136374569251,0.6031690140845073,0.6527253901338657,0.8089322623812851,0.4019055866093637,0.5299784536422018,0.936342740390756
1.0,0.6324308416715716,0.984487606622933,0.8085540425320037,0.479448656260784,0.5257633804523187,0.6147887323943664,0.6289919384660894,0.8088763718255416,0.4154565951717813,0.5132372201411136,0.7635359468777942
0.0,0.6228663919952913,0.9856884295276676,0.8195008246732176,0.4778819034965026,0.5362349377732564,0.6478873239436621,0.5679905332445825,0.8095884817363264,0.4234362127203923,0.448882628717924,0.8468003207698469
1.0,0.6063861094761623,0.9863718847743826,0.8300030245344935,0.4756648399459574,0.5459840483428097,0.65387323943662,0.5422453960505883,0.8107845673349738,0.44730108117252615,0.4774384735701002,0.8391659983961526
0.0,0.6350794585050029,0.9862309149003452,0.8392352069986608,0.4753048766359611,0.5499725790104957,0.6690140845070421,0.5250942977590414,0.8101363831165305,0.4541613958460722,0.463470463451444,0.8938893344025663
0.0,0.6380223660977045,0.984232230338106,0.8400215087500732,0.4754032469849872,0.5427710970632903,0.7028169014084509,0.5570667850011096,0.8089480071570665,0.4625132203178896,0.4377837745400008,0.9885805934242198
0.0,0.6346380223660977,0.9858238268673546,0.8571854483873326,0.4751944802548622,0.5366260328470406,0.6778169014084505,0.5171067228755267,0.8059459770400849,0.44988185644472706,0.4573438754933868,0.9879829787234052
1.0,0.5875515008828722,0.9853987703136065,0.8650815307596544,0.4732481103694577,0.5337557526393185,0.6447183098591549,0.4777531247688784,0.8038036435715796,0.4390440849504645,0.4764733441695743,0.8688286040952096
1.0,0.6066804002354325,0.9859809152925256,0.8800099140641521,0.4755032941307748,0.5300733282926899,0.6419014084507042,0.4771392648472751,0.8018158843896468,0.4265008182352218,0.4760745349662101,0.8746393827574644
1.0,0.6053560918187169,0.985028989916339,0.8827455978772817,0.4752678356272474,0.513470054208736,0.6507042253521127,0.5079358035648252,0.7992134084993321,0.41186847672958377,0.4503510058847551,0.8496207746808571
1.0,0.5612124779281931,0.9866184110121844,0.8968557290518546,0.4741706582803689,0.5384468861060077,0.5707746478873241,0.4316248798165821,0.7952650974352424,0.3949723100835635,0.4333092114604871,0.5509535253909306
1.0,0.5812242495585637,0.9878078473446896,0.9038756207347081,0.4761311044091905,0.5270968710152367,0.6619718309859153,0.486184453812588,0.7949393120990325,0.3808819569854848,0.4301600357592675,0.7136302631168266
1.0,0.5698940553266626,0.988274160860152,0.9144369307171551,0.4750496481640089,0.5154069650996823,0.6190140845070421,0.4802159603579621,0.7925409415950115,0.3707135384536818,0.4245197978619861,0.6685289803052538
1.0,0.5644496762801646,0.9910488336576332,0.9305336770385788,0.4743553175972382,0.4997316344185535,0.6200704225352112,0.4528880999926039,0.7916518424649809,0.3755388206725044,0.4470186759256587,0.5704922126158729
1.0,0.4958799293702176,0.9937148898960884,0.9432965853770484,0.4701439284274354,0.4931354099500168,0.5749999999999998,0.3742030914873162,0.79151985344924,0.3955684713017456,0.42055669003689616,0.4108430350510315
1.0,0.47424955856386103,0.9951678194025124,0.9482555088619666,0.4678454988021297,0.49902286598842704,0.5035211267605632,0.3357296057983876,0.7930255692102439,0.4188558947793716,0.36491144540097337,0.17915665282936571
1.0,0.5107416127133607,0.9929249317933584,0.9423719350114472,0.4682681130541633,0.5022077685025729,0.5517605633802817,0.3907107462465794,0.7959520234538578,0.44645191603269707,0.3714298535283893,0.3384000749087049
1.0,0.5130959387875219,0.9908204466822969,0.9396453001902529,0.4686005764911776,0.4998892357645645,0.5334507042253522,0.3865542489460833,0.7963787981600698,0.458311061512099,0.36428589619359053,0.2251006585723644
1.0,0.5080929958799292,0.988982077113916,0.9383363793364444,0.4680831422141569,0.4961419766689119,0.5154929577464787,0.4330670808372159,0.7989088496502197,0.4761928504515405,0.423119805261216,0.1699803364649333
1.0,0.5194231901118302,0.9877658379904238,0.9341724500020118,0.4694172781928024,0.528996490532804,0.51056338028169,0.393358479402411,0.8022122591186684,0.4935205871539475,0.4269099103573339,0.003162992982109439
0.0,0.563125367863449,0.9859394665497512,0.9277334883274668,0.4706106238680612,0.5360820304391603,0.6105633802816901,0.4745285112047925,0.8091351436179293,0.5301363455361616,0.4597358682252621,0.2255489021956108
0.0,0.5762213066509709,0.9837463467648292,0.9183020678614336,0.4684013634093392,0.5349895232299804,0.6140845070422534,0.4394571407440284,0.8130933388583157,0.5550162059235522,0.4692981567631591,0.1469917308240684
0.0,0.6422895821071217,0.9817135838003822,0.9144512960529884,0.4720415553231538,0.5281063088279244,0.7436619718309859,0.5238074106944753,0.8188306172027155,0.5973733045683387,0.5181520429269354,0.31074449201211
0.0,0.6674514420247204,0.9797317195900601,0.9099165692084088,0.4747981636298145,0.5219808331029804,0.8063380281690141,0.5468826270246283,0.8203688314865631,0.620486476736959,0.5524997883970199,0.4800563850892756
0.0,0.7062978222483813,0.9779471165882286,0.905673290703596,0.4753042729763534,0.5216364912124621,0.8954225352112677,0.5931218105169739,0.8209299664414895,0.6383130855070827,0.575322665343606,0.7239486416077403
0.0,0.6986462625073573,0.9754309459745102,0.8976514035483327,0.4746769228648804,0.5139745316753195,0.8661971830985916,0.5874491531691446,0.8197008169955609,0.6292743605525243,0.5687548346271672,0.6601693338295489
0.0,0.7204237786933491,0.9722188963228328,0.8920183336206069,0.47334601016368705,0.514101203033437,0.9098591549295773,0.6267287922490941,0.8199857129247663,0.6259101496661064,0.5907244695526984,0.8279214737625615
0.0,0.739111241907004,0.9682627990872016,0.8865623215996384,0.4717605995411401,0.5209830305193157,0.9218309859154932,0.6026033577398122,0.8193218187551652,0.6107163673461647,0.536513395510418,0.8919333829549662
0.0,0.7601530311948201,0.9634650971030552,0.8782222741281789,0.4704196747111419,0.4889125615822127,0.9426056338028164,0.5925375342060495,0.8178280612426712,0.5917454876418893,0.5166899862023207,0.942128768142908
0.0,0.7676574455562093,0.9627079405092984,0.8825437044430186,0.4715232153489674,0.5213193224502911,0.9253521126760562,0.601124177205828,0.8156396155150261,0.5862956126600134,0.5272292024424724,0.8085944830174507
0.0,0.7282224838140081,0.961340013184766,0.8889146547837518,0.4658778650818571,0.5299423849735845,0.9468309859154928,0.5821980622735005,0.8133796296083801,0.5943602498082637,0.4940239356554943,0.8437324075811578
0.0,0.7460270747498529,0.9598008017980034,0.8924499404785146,0.4680624696067102,0.522011414983276,0.9366197183098592,0.5818948302640338,0.8124083682159307,0.6170488056585304,0.4940705225738165,0.7421655094764492
0.0,0.7589758681577398,0.9550476064516908,0.8852048718786143,0.4696811675784061,0.4803045785556863,0.9278169014084507,0.5340285481843058,0.8104052160328845,0.624700221691714,0.4784094460026543,0.7122349408894718
1.0,0.7594173042966448,0.9512525298997722,0.8756703610413452,0.4697102078047014,0.0,0.9565532223026793,0.5839878707196213,0.808280662070666,0.6255466135586611,0.4800969570294613,0.7382248076562196
0.0,0.7832548557975278,0.946511534287516,0.8642672106786062,0.4685706782708748,0.5216422105085292,0.9978237214363438,0.6629761112343757,0.8042226220984721,0.631668914171541,0.5187502614467978,0.9973728654531788
1.0,0.7963507945850499,0.9405468924256044,0.8515266389944204,0.4706625375848854,0.4942471301044566,0.9755591687376622,0.6633311145625329,0.7981493896884313,0.6248086735282217,0.5196848339861626,0.9555119118777252
1.0,0.8001765744555621,0.9349465518531462,0.8413043288812647,0.4714577604176218,0.6361041949739872,0.9879472693032012,0.6690333555210413,0.7919559153499709,0.6026144401310909,0.5251271550093154,0.9917447676394899
1.0,0.7991465567981163,0.9313038966817176,0.8377854638357586,0.4714973619891591,0.5644044516584217,0.983846731780616,0.7015753272686938,0.7861459925142076,0.563729987534229,0.5519214222644839,0.9991421021927868
1.0,0.7474985285462034,0.9289125490138676,0.8375213940521348,0.4666867370715789,0.5417574259809178,0.847753434831043,0.653583314843577,0.7816091226263129,0.5348518773381196,0.5151744054972408,0.774492700394823
1.0,0.7458799293702176,0.9278206374531479,0.8385684100450717,0.4663834578896337,0.5517896443274171,0.8525807649461568,0.6463649138377341,0.7800806272921743,0.544198428775764,0.5021805180301468,0.8267376733082369
1.0,0.7058563861094761,0.927323509720972,0.8420398685615144,0.4659197883839605,0.5583960033401977,0.7679168213887858,0.6615560979217519,0.7786392457068751,0.5443013369943439,0.515940578837562,0.751813423928016
1.0,0.707474985285462,0.9263849220501154,0.8420965284468895,0.4659006671880826,0.5457550309749412,0.7894541403639065,0.6597441017676203,0.7775345138432956,0.5471994516200823,0.5115788146581466,0.8294922413001558
1.0,0.7018834608593288,0.9260742550417856,0.8477988712594237,0.4655619416302011,0.5340955562726222,0.7538061641292236,0.6431994674950074,0.7748588271086105,0.5222946632405123,0.5429831856300429,0.8088329813607562
1.0,0.6733372572101235,0.9248396251856672,0.8501640892273253,0.4657238454727548,0.5501394931378364,0.7252135165243222,0.7079505953701651,0.7720073667636127,0.4939785747478895,0.5403941381494961,0.8125975576163816
1.0,0.685844614479105,0.92489348394013,0.8537578003099497,0.4634806785644576,0.5429786807655466,0.7344968436687708,0.6846165224465643,0.7688756121960338,0.4744457801041313,0.5719054330938398,0.7846661680893311
1.0,0.6696586227192465,0.9229582311664792,0.8498547014056254,0.4652595673096772,0.5173328218129991,0.7151875232083179,0.650166407810073,0.7682270619337785,0.4599500212210966,0.5795795840091579,0.769089924439745
1.0,0.6662742789876396,0.920202746470344,0.8453879061852022,0.4651742861106987,0.5412389842318148,0.6776828815447454,0.6138081502847428,0.7684281934175667,0.4591609374960735,0.5926655205678429,0.7251205611573888
1.0,0.6970276633313712,0.9181994514040624,0.8453455763865491,0.4652138595374563,0.5444777217232063,0.6988488674340885,0.6119961541306116,0.7702181002557584,0.44563284038727735,0.5896438107685893,0.8447275446785463
1.0,0.681430253090053,0.9160728805110052,0.84554337240905,0.4629101174839488,0.5460462285383655,0.7113364722926476,0.5545151985799871,0.7702244794764288,0.4432828527037286,0.5363519302354607,0.9076514428656174
1.0,0.6905532666274278,0.9147228855480252,0.8444690878495641,0.46409935119192103,0.54485323899842,0.705903658094893,0.5087567487611862,0.7674430642740147,0.424969761446636,0.5506805776844798,0.7999329499445547
1.0,0.7027663331371393,0.9110896245868924,0.8337477646004797,0.4618420217471082,0.5393412709055796,0.7095255342267289,0.595421936247319,0.7639328345115974,0.3950669263677074,0.5666492445350451,0.8852412512571884
0.0,0.7115950559152442,0.9074062660095716,0.8209798892724482,0.4631588986953408,0.5221727267839453,0.7050484094052558,0.5984394645366466,0.7586786331415865,0.3516003539352488,0.5689418549774802,0.8409191800496145
1.0,0.726162448499117,0.9044058628445836,0.8143350170554705,0.4611959561580353,0.507889119560315,0.7142857142857142,0.6209082168478663,0.7540547630238326,0.32386138183245183,0.5877780516083727,0.9932628280454371
1.0,0.7083578575632723,0.902947291169216,0.8165077339887986,0.4594565459199051,0.5132038552787083,0.6746702739262765,0.6192367428444641,0.7475502887566474,0.2800509095318641,0.5876982030686534,0.9773438939031126
1.0,0.6830488522660388,0.9032023244249292,0.8257524720236106,0.460301815936144,0.5162150629066402,0.6362109506214312,0.5749204940462989,0.7402361302295517,0.2237787080246418,0.6045581791112958,0.8190581445324503
1.0,0.6439081812831076,0.9043902986813755,0.8355937345389516,0.4594997069578885,0.5028715255074205,0.5764486851291595,0.6383477553435397,0.7348614831101359,0.18899966252144376,0.647008228949677,0.7494013630502849
1.0,0.6162448499117127,0.9048630245722216,0.8389187185385237,0.4599300888646789,0.5032693750430125,0.5355563682303267,0.6368389911988759,0.7310145840985347,0.17669827472078048,0.6466609026634993,0.6541413397187942
1.0,0.6035903472630959,0.904312284298526,0.8438365723877851,0.4586887545713234,0.5216509985021865,0.4890122676950694,0.5017972043487907,0.7298357956202175,0.1869421133613287,0.5967685373727271,0.4248787376435185
1.0,0.5913772807533844,0.903759024055197,0.8468585041420579,0.4574519530391058,0.5242461527559257,0.4447953721865751,0.4763700909696026,0.731206350993385,0.2031656327431723,0.6297178755213705,0.3768035856818317
1.0,0.5885815185403176,0.9037082195215788,0.8563296861800559,0.4569766200792722,0.5248603449740504,0.452774360849762,0.5397529768508244,0.7307557988974476,0.2052342061439765,0.6227432394637058,0.4591698900963953
1.0,0.5721012360211889,0.9046871460079016,0.8603307972997736,0.4551509455065152,0.5228295367297457,0.4075600917583693,0.5444123955328746,0.7307208580725082,0.2194324441766018,0.625971365637612,0.3209615030392331
1.0,0.5784284873454972,0.9055578642895908,0.8683087071701723,0.4557914958581253,0.5253378129620542,0.4408058778549816,0.4765623844390208,0.731876879470041,0.2218800005198737,0.5824836307577068,0.4063977405292571
1.0,0.5804885226603885,0.9063211128927908,0.8756818930891226,0.456022888657669,0.5262060968182467,0.4487848665181687,0.5410842393314106,0.7344189915398884,0.23095301149988,0.5721399348394468,0.4543500951679256
1.0,0.5551795173631546,0.906308497469206,0.8855241397779724,0.453123878531057,0.5260632208066174,0.3849529572126731,0.4363508616226608,0.7364486864329742,0.2210364564603394,0.557571644306621,0.189353472094308
1.0,0.5498822836962918,0.90583531819068,0.8917810194768531,0.4525380042125592,0.5049897391987507,0.3670002327205023,0.3393683899119887,0.7407042894275968,0.23324867395015175,0.5090941907280292,0.16991044020380394
0.0,0.5887286639199529,0.9059741767284096,0.9002302598592435,0.4537930807241986,0.5054808305803374,0.4321619734698626,0.4810073219436434,0.7469678093725678,0.27947238263683044,0.5395713343680885,0.2982056394189688
0.0,0.6027074749852854,0.9055663114162954,0.9044712176844136,0.4554609265825905,0.5066139252050054,0.4747165796735263,0.4044301456992821,0.7510926752079337,0.3169325502449177,0.5051718978360406,0.3998227792018722
0.0,0.6006474396703942,0.9063729322019684,0.9156214620640906,0.4553406893959305,0.5122226504619045,0.4567638551813555,0.3520227793802229,0.7573702087551364,0.3673134241378492,0.4851026339065171,0.4811569521507434
0.0,0.631695114773396,0.9057871765377846,0.919280474898914,0.4589479742666709,0.5181938194137947,0.5518468034176666,0.4271651505066193,0.7602583353787521,0.38719647437462507,0.5164352865591826,0.6269274248247788
0.0,0.6645085344320185,0.907135433976906,0.9375861203523642,0.4594259199450185,0.5097944055833252,0.5874197945410414,0.4540936321278011,0.7589543419859701,0.3854281126865379,0.4788730992536255,0.6723716934207553
0.0,0.5931430253090053,0.9074717315546508,0.9456437175666208,0.45409220565988206,0.5071529025227651,0.49300176202666296,0.3284224539605056,0.7564850610115026,0.3932267906137277,0.4692324317700433,0.4822292561609759
0.0,0.6103590347263095,0.9092999462944406,0.9605050707338942,0.4525078483476384,0.5200049016960903,0.5295721267329363,0.3132164780711487,0.7573840243769911,0.4251945927264403,0.4601716097190068,0.3864197023271108
0.0,0.6381695114773395,0.9093568583826968,0.9654035141149574,0.4522275580590277,0.5247567057178083,0.5870873366800756,0.3372457658457215,0.7578007905469528,0.4525439007714184,0.4212379934966111,0.4438985280815719
0.0,0.6240435550323721,0.9086730349861804,0.968585643957662,0.4542029725795717,0.5146651588403217,0.5684696964659727,0.2931661859329928,0.7582259227406938,0.4859894492534678,0.3941661094194242,0.3210673464353257
1.0,0.6352266038846379,0.9087484252054436,0.9756357447306556,0.4518911703632154,0.5111865571119081,0.5761162272681937,0.2558686487685817,0.7603818920043572,0.5258578757086907,0.3804891836147216,0.29444712871995765
1.0,0.5904944084755738,0.9078335871757764,0.9820968463286096,0.4502919084345534,0.5115317302475421,0.4920043884437646,0.19946749500776567,0.7613121684785957,0.5315938537566117,0.339850162955471,0.10037400905495553
1.0,0.5996174220129485,0.9073987574581094,0.9948959145639804,0.4477447203835676,0.5153196891608818,0.4943315934705272,0.24305894534427894,0.76508491570936,0.5263510840038603,0.3670758796757832,0.04849591095363345
0.0,0.6558269570335491,0.906486315058592,1.0,0.4510838331864649,0.5231395222819223,0.6057049768941786,0.3362029435692627,0.7700029054918229,0.5253343518812661,0.3617693110127056,0.2416026914335817
0.0,0.6633313713949381,0.9058681186415596,0.9991802935774872,0.4520126749190544,0.5242767136970369,0.6243226171082815,0.3793210561349015,0.7721798560284174,0.5150530976189887,0.338198187834287,0.27510244984878585
0.0,0.6418481459682164,0.9056995697731588,0.9975540079263469,0.4532063020014975,0.5270705703312455,0.5860899630971772,0.3732712077509061,0.7733414573988411,0.4947514421112375,0.33370138398370386,0.16483654953917082
0.0,0.6200706297822246,0.9050585415824574,0.9924314698278902,0.4544512119435091,0.5121066744866859,0.5395458625619199,0.3734782930256639,0.7764144517115876,0.4585491315244917,0.33281345546373403,0.0724546370967742
0.0,0.6840788699234843,0.9040512725651764,0.9872693093771452,0.4588787819559448,0.5401557024095885,0.6635526447022838,0.5087715405665263,0.7834600455541596,0.4737704500112601,0.3534366132440808,0.18067748881895024
0.0,0.6854031783401999,0.902964953205491,0.9842937469688038,0.4591396021127089,0.5497573021970602,0.6569034874829611,0.4127801198136231,0.7878184483281898,0.4893502888809826,0.3498113554325332,0.03238363425542461
0.0,0.7238081224249557,0.9014046653589612,0.9800176097180334,0.4636389577755686,0.5480788415359124,0.7646198344359852,0.4345684490792103,0.7971802762287123,0.538732991164935,0.3610796937721281,0.06986771411802044
0.0,0.7931135962330782,0.9002141054210778,0.9754510942628452,0.4686556953261398,0.5609915555182491,0.8839722065228229,0.5092522742400708,0.8035360936354248,0.5768117432989791,0.4032413478644423,0.3868346200731419
0.0,0.7255738669805768,0.8974853015900747,0.9633564551914414,0.4646991931234358,0.5500369429348331,0.7516539778583065,0.44144663856223615,0.8037722192737099,0.5832293130231085,0.3553364532312429,0.04602916610230779
0.0,0.7673631547969393,0.8963921307139423,0.9652299075737452,0.4663038142202113,0.594333957110369,0.8360982745437013,0.6050883810369061,0.8090568648922609,0.6082867868166315,0.4219828874436368,0.35225066594428805
0.0,0.8082695703354913,0.8945923962001715,0.9692023661434002,0.4677187633264807,0.5726964792769879,0.9245320655606898,0.6856519488203536,0.8110828968470631,0.6149351816244715,0.5028303301021824,0.6224434511716108
0.0,0.7935550323719833,0.8920870897065619,0.9694919934389032,0.4696637302274613,0.5444044102338725,0.90225738887596,0.6636417424746689,0.8097221275628972,0.6182986292318343,0.4764983946829152,0.6236173190663229
1.0,0.7786933490288404,0.8890101111687206,0.965304776754728,0.4683951192878535,0.583785990390824,0.8500615047042785,0.6817617040159751,0.8082510082501988,0.6332196931501942,0.4888899719988621,0.5867985010609965
0.0,0.8082695703354913,0.8858647201343329,0.961222703693842,0.4685741891748452,0.5515018173623458,0.8902889058811796,0.7418977886251019,0.8053453082129214,0.6302504051828204,0.5622121313563985,0.780531852453835
0.0,0.7982636845203058,0.883232196247176,0.9611044046057791,0.47130402436386803,0.5839253301079288,0.8701507894503269,0.7947563050070259,0.7984455055537156,0.6143051403358295,0.5940853694344511,0.796060393960603
1.0,0.7913478516774571,0.8803746492791923,0.9589329663047008,0.474172100147335,0.5940961268064889,0.8613569321533923,0.854944160934842,0.7906312870664622,0.5865822367884984,0.6257814786343822,0.8190052169184493
1.0,0.8193054738081222,0.8774040241263782,0.9602418940271348,0.4742423407610446,0.0,0.8878413524057216,0.8629613194290366,0.7820710501855572,0.5581509089499573,0.6296278188954173,0.8252735731603437
0.0,0.8535903472630957,0.8743167069413661,0.9674272245053662,0.4748976894326051,0.5046705342300181,0.9914255939425118,0.9604984838399528,0.7728491014546066,0.5151336710256856,0.6661590631596839,0.9682920024289776
0.0,0.8313713949381987,0.871987680121609,0.96983360646912,0.4761402442625214,0.5701319658534165,0.9931017356033222,1.0,0.7631853556010022,0.4793014570015214,0.6834386093236637,1.0
1.0,0.7775161859917596,0.8728072936823782,0.982022071875112,0.4740856219009757,0.5483315282869443,0.8697721863311798,0.8129576214777016,0.7555333827801156,0.4525623251943265,0.5452587797661113,0.9852430016758746
1.0,0.7386698057680987,0.8698337108229862,0.9728229629315454,0.4671796896128119,0.5044539371640117,0.8775926555593333,0.7476739886103098,0.7505715039679395,0.4391791404731476,0.5446297798613264,0.9911473144711682
1.0,0.8148911124190696,0.8663988589132617,0.96886348292193,0.4743599127653057,0.5246341956815251,0.9115946956817406,0.7976776865616448,0.7457870943503053,0.4338203773157588,0.5685608483593668,0.9875301483039975
1.0,0.7906121247792817,0.8601170105468178,0.9519322536531282,0.472023761239133,0.4687628841324614,0.8440610484406104,0.643169883884328,0.7418327816878048,0.4381753692376968,0.5220972636987421,0.931280836089056
1.0,0.7399941141848145,0.8576412680580098,0.9463026037776436,0.4698645657053306,0.4687940664649634,0.7402768622280819,0.524842837068264,0.7420160272735923,0.4774239023035446,0.5121039334089289,0.8400325381527523
1.0,0.7161565626839315,0.8557560384393156,0.9323677806763839,0.4674082726413163,0.4597303656506718,0.6691655801825293,0.4571925153464983,0.7412462475853743,0.5075035988544812,0.529001769090226,0.7279881165007341
1.0,0.7202766333137139,0.8529132743308795,0.9117147221039626,0.4680834016134768,0.4601272419108524,0.6772770248975735,0.5200798757488353,0.7418829473325261,0.5331189454716116,0.510050897057233,0.8308546570231132
1.0,0.7302825191288993,0.8524034659076495,0.9024480698003092,0.4698332407217426,0.44430492135209904,0.6660377358490563,0.4972487242067896,0.7402013513902552,0.5419385767617396,0.4987618845314497,0.8765318573272741
1.0,0.6731901118304883,0.8519955166505536,0.8996668257775573,0.4651629141784989,0.4604289027296772,0.6042698019801979,0.5054507802677319,0.736501912589212,0.5273840595487312,0.5027785881427189,0.9882357286645614
1.0,0.659652736904061,0.8519039253193358,0.8956186016504544,0.463618727520028,0.4641459015682114,0.5665222772277227,0.5313216478071149,0.7307846016993849,0.503047491442891,0.5154029937155833,0.8745864274685693
1.0,0.6580341377280753,0.8514877974567855,0.8898532180362261,0.4639189603626207,0.464664694994773,0.5281559405940595,0.4411434065527695,0.7267611727951435,0.485190284366609,0.5203117381881213,0.717226674509227
1.0,0.6439081812831078,0.8506346762883276,0.8862613075539904,0.46125750520789005,0.4626466403090369,0.535272277227723,0.4039272243177279,0.7266456180826533,0.4848518729257934,0.5037168167723023,0.7323336560062828
1.0,0.6678928781636254,0.8500272491790579,0.8890009684645713,0.4610988961294018,0.4614377598521056,0.557240099009901,0.4504030766955107,0.7252884241262822,0.4792324644813454,0.4761832689736281,0.7857012717268521
1.0,0.6593584461447909,0.8480089290429539,0.8879873717275748,0.4604204490337944,0.4596981501297882,0.5123762376237623,0.4412765328008283,0.7213118288292379,0.4535925347955001,0.4711787036025809,0.7113471559231871
1.0,0.6472925250147142,0.8458902423527841,0.8845517316034142,0.4589267465469259,0.4586731284021034,0.4914634146341462,0.454907181421492,0.7187990943346934,0.445341510835696,0.4283211980891188,0.7195641875888201
1.0,0.661418481459682,0.8455799711654312,0.887703806743866,0.4613152699988393,0.4554734213169917,0.4909963985594236,0.4046076473633607,0.7149657788920076,0.4325348821397901,0.4010593534236885,0.5806763108989547
1.0,0.6288993525603295,0.8438565760575419,0.8885277735174629,0.4601977754239852,0.4648991547699753,0.4530831099195712,0.40423785222986464,0.7141739254206609,0.4380713378013825,0.3995506603988375,0.4241518784389468
1.0,0.6842260153031192,0.8449799382382476,0.8976712249627579,0.464975472201704,0.4565330811414986,0.5269062893634471,0.38407662155166056,0.7158277421768746,0.4477646673471671,0.4380472154112123,0.4041285573734651
1.0,0.6346380223660977,0.8450506095791991,0.9000235237751126,0.4611387585647245,0.4525061376409431,0.4743403885184112,0.352814140965905,0.7193937371516991,0.4628177783957765,0.4171456592693963,0.27096162955945113
1.0,0.6158034137728075,0.8470069042949381,0.9097568146822173,0.4622967448658543,0.4608158725465695,0.4412873296607713,0.3022483544116558,0.7260645036078865,0.4980042762611978,0.3797544090697534,0.000246984728110754
0.0,0.6600941730429662,0.8461707102305741,0.9154269714516098,0.4668176809491916,0.4613042132913302,0.5285590026094518,0.4066415205975889,0.7373230238171942,0.5581025424342951,0.4342462282585805,0.2495730494794721
0.0,0.8166568569746909,0.8442856702149371,0.9205136943649532,0.4860193825624199,0.4673216371525091,0.7908854917796365,0.446128244952296,0.7435785384388847,0.6053352013745908,0.4587350781280064,0.4138963621476199
0.0,0.7873749264273101,0.8401669646864353,0.9137514802223774,0.4828395492564585,0.5204491123017667,0.7241084165477888,0.3865616448487537,0.7470769309071372,0.6370624556056129,0.4065163738068646,0.0005308597133359074
0.0,0.8543260741612713,0.8369565621958478,0.9037281932584591,0.4892546565973489,0.5253729219581611,0.8352080989876266,0.5265734782930256,0.7541590049487976,0.6841953990088396,0.4663980284879597,0.12230532336119762
0.0,0.8884638022366096,0.8347425349043222,0.8960707821513221,0.4908724685401632,0.5345242679512491,0.8736698499317873,0.6266696250277347,0.7557590726337273,0.6911996315213185,0.5176617130677823,0.6255856003945106
0.0,0.8803708063566802,0.8330530508029362,0.8916092174157388,0.4883147875969886,0.5322129704418821,0.8931277056277057,0.6832334886472892,0.7528531994162582,0.6684428910553709,0.5201417514807789,0.7823232672241031
0.0,0.8765450264861679,0.8326397997742349,0.8901238292308611,0.4916700106265585,0.4842108536988377,0.8869047619047618,0.7188373641002884,0.7495574553445392,0.6490963808073549,0.546516163527969,0.7509078309078315
0.0,0.8999411418481457,0.8316374131005181,0.892381790382129,0.4948001572281733,0.5324993686084949,0.9380411255411254,0.7364322165520302,0.7474677000036878,0.6256285125073107,0.5693117601933322,0.9102425292334346
0.0,0.8914067098293109,0.8302008466146514,0.8944768528928122,0.4928729314351091,0.5329981569806462,0.9388528138528136,0.7567487611863031,0.7443038561916373,0.6088277248180959,0.6014177295248768,0.9869532265049812
1.0,0.8275456150676868,0.829181088031414,0.8940274191263857,0.4855752583449493,0.486604786560491,0.8189935064935066,0.6951852673618819,0.7396072930415805,0.5717363706488352,0.5602817264560079,0.7317832394976197
0.0,0.8591818716892288,0.8282612917855022,0.8899746418539278,0.4896182732452715,0.0,0.8969155844155844,0.7030619037053473,0.7379451689978886,0.5737884922848965,0.5721079925789269,0.8300941966219153
0.0,0.9056798116539138,0.8269461326690012,0.8882650733255674,0.4943418196954328,0.4497354593729734,0.9824134199134198,0.7423045632719474,0.7353660590084543,0.5706526628099853,0.6512250214566662,0.9954255088783036
0.0,0.9084755738669804,0.8241723117331518,0.8907970638954782,0.4909212441331504,0.47841240441264,0.9994520547945208,0.7024110642703938,0.7297560549219901,0.5619289760918302,0.6465379877985588,1.0
0.0,0.8933195997645673,0.8214799016938846,0.8926762042477042,0.4894038961907639,0.4712480599393025,0.9807959922070694,0.6829746320538423,0.7249413631446733,0.5550958327060183,0.6316988813012521,0.9934572779685186
0.0,0.8890523837551499,0.8186987179818185,0.8940533283845453,0.4925501855100334,0.5471918131466232,0.9912404634077424,0.6613194290363142,0.7195350263958613,0.5412679694689697,0.6473898792465042,0.9618606484675284
0.0,0.874632136550912,0.8156616697062314,0.8896507821494959,0.4911405798503462,0.5428040254051469,0.9896092492316696,0.6893942755713336,0.7134843860962838,0.5270293837895003,0.6704190306411408,0.9819536937993842
1.0,0.8421130076515595,0.8139634774881156,0.8908817680442955,0.487668690105309,0.4703841950969291,0.9231681993473744,0.6615708897270913,0.7068416515370772,0.5021758904312382,0.6503092812171336,0.7568491877625371
1.0,0.8246027074749851,0.8121920792422596,0.8894635677068552,0.4836156474919553,0.4624424590067541,0.926431326016019,0.6696989867613339,0.7031321476057968,0.4933843860399015,0.6653570349270143,0.9673544810594392
1.0,0.8165097115950558,0.8109417365342139,0.8961584800150142,0.4832152790040844,0.4576587621284029,0.8869771581133195,0.6551512462095997,0.6995859726068225,0.4791957933922689,0.6535530011003621,0.8551203184367657
1.0,0.7987051206592113,0.8071200859688036,0.8927451979699403,0.484788632903934,0.502831433075453,0.8525660041530704,0.6292286073515273,0.6962636096235757,0.4678745493762009,0.6617070865201555,0.7902133639964233
1.0,0.8435844614479104,0.8051564256768696,0.8962995067125724,0.4884647791515314,0.5135255108179709,0.8988430732720262,0.6648546705125362,0.6934732093167799,0.4512281682996856,0.666420057078287,0.8916570844512599
1.0,0.8316656856974691,0.8034978925205128,0.8955314327400328,0.4856113048790274,0.5133173401194064,0.9021061999406704,0.6797943939057766,0.6885902620248228,0.4229914978217226,0.6494574468151346,0.975978534009117
1.0,0.8166568569746909,0.8026193418070254,0.8945747050208338,0.4866247473225895,0.5117771533313352,0.8914268762978346,0.6846461060572443,0.6827558159478886,0.3859095032872221,0.6547074646233662,0.9757435501842808
1.0,0.8228369629193641,0.7998935533640606,0.8853401544544486,0.4878868462058825,0.4625006940485356,0.8834173835657073,0.6748835145329488,0.677223545124882,0.3614335662285616,0.6471346057141054,0.9665410528719882
0.0,0.8344614479105354,0.7962747043756705,0.8729972180954795,0.4900687863842494,0.4707299392642627,0.8768911302284187,0.6572738702758674,0.6739086564756394,0.3551819812661463,0.6313267010405658,0.9907892439322502
1.0,0.8182754561506766,0.7921726710206375,0.8613605581717262,0.4883049670521657,0.4602787435045279,0.8365470186888162,0.5693661711411878,0.6718446276770311,0.3588342530635526,0.5346188434157866,0.8577878103837466
1.0,0.7984108298999409,0.7884616957782716,0.8507553353469265,0.4867176900033825,0.4681147305997384,0.7614951053099969,0.49457140744027794,0.6712272794267502,0.3610811072667118,0.4744123287143632,0.4975745641419715
1.0,0.8212183637433783,0.7902746686096916,0.8582419709133509,0.4868324305494739,0.4699327258929108,0.7915597376675221,0.5364839878707196,0.6745604420234068,0.3863150600336414,0.4918942966633243,0.6556361365928616
1.0,0.7452913478516773,0.7929603808691889,0.8699312994123426,0.474589229730907,0.4667853501874549,0.7860597439544809,0.42792692848162095,0.6760355666949598,0.39885022291598,0.3567312235141962,0.610849266340594
1.0,0.7508828722778103,0.7964620380510389,0.8845074284697754,0.471654689904273,0.4682433561985894,0.7926031294452345,0.42927298276754666,0.6791743974157469,0.4375856036162529,0.3582174845315946,0.49209378407851706
1.0,0.7570629782224836,0.7952006240386819,0.8877314701513311,0.4688002861441213,0.4664881304686954,0.8008534850640113,0.4198653945714075,0.6799759040064846,0.4497697083954453,0.3504662925643484,0.5920704159526411
0.0,0.7623602118893464,0.7940583534006623,0.894160645217963,0.4694764525970878,0.4588298954184933,0.816216216216216,0.4435100954071444,0.6804075693073162,0.4597980731677137,0.33155281346346416,0.5763053655023409
0.0,0.7731018246027073,0.7924178266913483,0.8949472623398473,0.471111493458888,0.469292494536211,0.8378378378378377,0.4544634272612975,0.6793053829701967,0.4531470212212033,0.3415452486171422,0.6532949225783227
0.0,0.7717775161859918,0.7901008550206968,0.8936329579061537,0.4713050544071489,0.4751207680219426,0.8199146514935989,0.4769617631831965,0.6775935795096135,0.4437631741926722,0.36713222548267216,0.6454087144400437
0.0,0.7680988816951146,0.7872115784956376,0.8845964667274231,0.4710969549259156,0.4794293111177994,0.8022759601706969,0.4975075808002365,0.6755966783524411,0.4404486151852151,0.33903683882328084,0.7007202016564632
1.0,0.7447027663331371,0.7858083010075384,0.8829815159032746,0.46853682322873896,0.4793424288347208,0.7391180654338548,0.4625471488795209,0.6721753119098679,0.4266665196411865,0.3478553948380029,0.5344256391789699
1.0,0.7129193643319598,0.7853064873097743,0.8826382239587883,0.4671755589324842,0.4787474991222636,0.7027027027027026,0.4818800384586939,0.670828039713401,0.426423954215988,0.3705675207414989,0.3623334533669426
1.0,0.7236609770453206,0.7851935243355131,0.8916526757533941,0.468750592205087,0.4781645838871741,0.7291607396870554,0.4682419939353598,0.6708059380131204,0.4253060864772353,0.35728298591940444,0.3813467770975879
1.0,0.7221895232489699,0.7824179042288534,0.8924619199370002,0.4688379562696749,0.4762336329175193,0.7132290184921765,0.4599881665557282,0.6718744770274163,0.4353912238595539,0.3954056048536481,0.3411955347497301
1.0,0.7694231901118304,0.7791436339461594,0.8910586720855974,0.4729134476253345,0.4699565671952937,0.7573257467994309,0.4772280156793134,0.6729113051325948,0.4456775350194714,0.3653214486445578,0.4053655023406546
0.0,0.7753090052972336,0.775327268597782,0.8829870559020743,0.4700822221549808,0.4801023162547756,0.7578947368421051,0.466252496117151,0.6743017177492001,0.4632138163080058,0.3518492749665627,0.317680950666186
0.0,0.785462036492054,0.7749796759915849,0.8871984222714185,0.4718664455392417,0.4808378076217908,0.7573257467994309,0.4214555136454405,0.6763319475730272,0.4827811661373128,0.3573443439226877,0.3056175729204175
1.0,0.7420541494997055,0.7746410227910118,0.8909210608040071,0.4677355969967859,0.4777908635120071,0.7266002844950213,0.4145403446490643,0.6792353878083377,0.5069211258816093,0.34761169550437626,0.18602808786460165
0.0,0.7457327839905825,0.7735029998742123,0.894874593219136,0.468427767804721,0.4774476575421767,0.7237553342816498,0.3949042230604246,0.6821202999752289,0.5267603962294606,0.3699569948092287,0.11776194437411833
1.0,0.7725132430841669,0.7685321639590849,0.8852963571841855,0.4692116126885386,0.4770855388848228,0.7263157894736839,0.41393388063013065,0.6858501459752588,0.5524226076556883,0.3958819549417572,0.047679617637989086
1.0,0.8123896409652736,0.7632644450073679,0.8746823693676787,0.4721982951204079,0.4783133609133957,0.746230440967283,0.4948672435470749,0.6898859389237941,0.5808874283849392,0.434346112099336,0.31273109407231525
1.0,0.8209240729841081,0.7597680535838814,0.8648799902308494,0.4737036301161735,0.4700560460621751,0.7551412119550314,0.5151172250573183,0.6925420353471201,0.6066416331360786,0.40758275898659735,0.2552348893619128
0.0,0.8115067686874631,0.7585543612448257,0.8667613333030607,0.4760519728498985,0.4619719788111634,0.7443897099069513,0.4774277050514015,0.6946518827161037,0.630120405964569,0.413257828654886,0.13761694965595644
0.0,0.8656562683931723,0.7583525236813035,0.8744811027905605,0.4841148891833872,0.4712908431416625,0.8538587848932676,0.6094667554174986,0.6980289953557257,0.6604631591304728,0.5491565590151701,0.8622478087236142
0.0,0.8359329017068864,0.7570235959803949,0.881694943867687,0.4838070793869656,0.4661979341735428,0.8087027914614123,0.5999852081946603,0.6950303756642873,0.6618556154526565,0.5383132383153408,0.7956018878688872
0.0,0.8696291936433195,0.7557015123198111,0.8922435869414288,0.485351031055712,0.4671776264429953,0.8645320197044335,0.6598180607943198,0.6926659265001303,0.6688401317359761,0.5859398081909447,0.9950547852225348
0.0,0.8603590347263095,0.7538526047180324,0.9035720957384432,0.4880126566760085,0.5170694105821839,0.8489326765188835,0.6485984764440501,0.6889187328670137,0.6782276960114791,0.574883299848958,0.9310361469041072
0.0,0.8791936433195997,0.7526869558148087,0.9130414988863572,0.4907804013284087,0.4631323927317459,0.8891625615763548,0.6340285481843059,0.6861254804693937,0.6889201927417692,0.5373593870965082,0.9665061390949704
0.0,0.455205094032282,0.8304901095929743,0.297044844314471,0.5225962109029809,0.5328949257392988,0.7265217391304348,0.4678574069965236,0.9659562272182702,0.5377748420304204,0.4763144021271154,0.743230347131098
1.0,0.4383237079816378,0.8273702730953881,0.28694333036688124,0.5204310799842881,0.5250237806141351,0.6473913043478261,0.38613268249389865,0.9642331834655355,0.5297164572990556,0.4679265584766255,0.4611734889340781
1.0,0.4601658522138308,0.8261242340776683,0.28670751886169155,0.5233388551402076,0.531304140064616,0.6297826086956522,0.3628060054729676,0.9644842521509064,0.5302891310432448,0.447770734113793,0.3181794026995425
1.0,0.4290685621205389,0.8275196554942373,0.29166778326356363,0.5229968699369577,0.5175521413368103,0.6193478260869564,0.3565268841062049,0.9659746458570416,0.5249281444849738,0.4402084269306477,0.1321872675098308
1.0,0.4324004146305345,0.8314462853122965,0.30998413076059705,0.523466165816887,0.5146957183612009,0.6856521739130433,0.4434657199911249,0.9700291152895296,0.5456550005470402,0.4974789495067221,0.4573280901264736
1.0,0.4387679549829704,0.8323484785887582,0.3198878390177836,0.5205502064249419,0.5330740428209669,0.7026086956521738,0.4626506915169,0.9710197879650908,0.5591668851349085,0.4623678411102949,0.5150653629503669
0.0,0.42573670961054333,0.8378954722407518,0.3362574352072022,0.5188865309658318,0.5177627425395321,0.6552173913043479,0.4097330079136154,0.9692947052329804,0.5627074829108304,0.4091881204449082,0.31594749707726555
1.0,0.3314082629942247,0.8468735197441047,0.35589028852024224,0.5115028501604596,0.5318344157625094,0.5908695652173911,0.4508468308557063,0.9689668322638608,0.5887988901685037,0.45033694049727613,0.08261363636363615
1.0,0.3007552199022656,0.8573695147539419,0.3778952552774503,0.5083749754886877,0.5452659183191819,0.5993106419646702,0.5735892315657123,0.971742937248634,0.5841647919937369,0.5063967400093614,0.09259326660600399
1.0,0.3001628905671553,0.8617349217770583,0.39081396597046425,0.5085044765779423,0.539169712635436,0.6047678795483062,0.5699504474521119,0.9735570925936892,0.5651596984925521,0.5023443119577018,0.4446663104311396
1.0,0.3019398785724863,0.8616207605235161,0.3942234387560419,0.5088105709199408,0.4752563956149363,0.5966183574879228,0.5518009023001261,0.9740261188170138,0.5219906760836556,0.488313960957441,0.3324239952751934
0.0,0.39552791351991706,0.8613300447457101,0.39399764692053146,0.5157057877144069,0.4768631406693074,0.7991300909450376,0.6965017380371276,0.9750517675573388,0.4837327955346808,0.5699328416400281,0.6260370672441431
0.0,0.4008588775359099,0.85916750515239,0.3894766682239839,0.5163648726981758,0.488741676611926,0.8335310399367338,0.6901264699356552,0.9725084252467744,0.4419990758963581,0.5660015974645474,0.6763270084601607
0.0,0.3906411965052569,0.856241308939638,0.3837376575474027,0.5151581100952689,0.5001489970373473,0.7955713720838276,0.6240736631905931,0.9709501354078494,0.4091012019727495,0.5637483105514669,0.5099953612688036
0.0,0.4270694506145416,0.8515138285210199,0.3722931185112717,0.5155136671737958,0.4978403800484846,0.8386714116251484,0.7231121958435025,0.974774305433501,0.4329067800699423,0.6268026954506941,0.6929380839831234
0.0,0.4353620613060861,0.8475680683549461,0.35906367375261705,0.5164289860020621,0.5050731733488205,0.8212732305258994,0.595688188743436,0.9752932321397648,0.4320019588883568,0.5229377710834663,0.6651940535883886
0.0,0.43713904931141706,0.8450882009277118,0.34987825707888914,0.5166409505516634,0.5140089749304636,0.8473705021747726,0.6381184823607725,0.9770926377369497,0.4553875303831586,0.5653036582118603,0.798502352499392
0.0,0.4513549533540648,0.8413224648531731,0.3411401613709539,0.5145155574597619,0.5365931605062036,0.8734677738236456,0.6818208712373344,0.9746702867213192,0.4533688080306956,0.5501328792321709,0.8364957699189317
0.0,0.4843773137864653,0.8354143061463858,0.3248767777949779,0.5145477769439085,0.5228183573755537,0.8877026492684856,0.6590193033059684,0.9698930716661368,0.4547200793795288,0.5240053390173258,0.8448013076804131
0.0,0.4883755367984599,0.8297420981133398,0.3068387428325549,0.5150808260358464,0.5415065186720182,0.8604191379992091,0.7017898084461207,0.9640068289125427,0.43224539568866177,0.5514084302209274,0.8038479379735367
0.0,0.4937065008144528,0.8271576816558518,0.29631066814885665,0.5119622493048014,0.5523128481750383,0.874258600237248,0.7849641298720516,0.9576826259678296,0.4062108035189416,0.553262683086693,0.8511850853747434
0.0,0.4870427957944616,0.8298770785785067,0.30480988749310656,0.5148927193837318,0.5513918687574385,0.8718861209964414,0.788610309888322,0.9532202726528952,0.3905163733475968,0.5564354630451874,0.8951662333819449
0.0,0.4412853546571893,0.8335694826416046,0.3164673724841791,0.5097313971394349,0.5446948831777809,0.8734677738236456,0.6771762443606243,0.9470069114653774,0.3608426420243551,0.5053134967837652,0.9997849051192575
1.0,0.4144824522434473,0.8368563889071209,0.3277146379833234,0.5105070194967117,0.5455438597117905,0.8303677342823249,0.7257673249020042,0.941890162284852,0.3342199602144321,0.5308940457618934,0.906416704770614
1.0,0.4101880645638976,0.8374337672871225,0.3313749351396152,0.5137585944582582,0.5363210618421218,0.8200869909054963,0.6787885511426666,0.9364683851123228,0.3033343299950567,0.496055575849937,0.9186607732561082
1.0,0.3946394195172516,0.8385974409312437,0.3387386739408793,0.5158086778494243,0.5438760762265624,0.8137603795966784,0.6270763996745798,0.930308242831012,0.2769352036912404,0.5147808742570552,0.9330670634609852
1.0,0.3787946098030505,0.8393094942872511,0.3433942708732832,0.5141632378687386,0.5590126875482049,0.8161328588374852,0.7335626063161008,0.9226253177154032,0.2451889911294294,0.5609361254855841,0.9258126095028898
1.0,0.35110321338664296,0.8383690340266211,0.3445982078732077,0.5108220271154512,0.5716033053683751,0.7283511269276395,0.6578951261001401,0.9116645088252592,0.18090980133207674,0.5306990997734774,0.9835085313833032
1.0,0.3296312749888938,0.8365842119763881,0.3438550794687691,0.5080518767115483,0.5751673310662405,0.6563859232898379,0.635330227054212,0.9096107307582316,0.1754269054147909,0.5213566452659361,0.640760197775031
1.0,0.33170442766177993,0.836416126576495,0.3485000961246847,0.5083428846819327,0.5756691817620999,0.667457493080269,0.540056208860291,0.9122802984896624,0.1908920018645288,0.4692378292372749,0.8772613320685668
1.0,0.3140826299422479,0.8352106436463368,0.35082152129503785,0.5100451392281248,0.553980500745144,0.6437327006722026,0.44936765032172143,0.9154264435545432,0.2173346716193912,0.478635112835455,0.8251914086320201
1.0,0.3080112542573671,0.8346224391553404,0.35042646173740033,0.5088706841761114,0.5581719415589298,0.5836298932384341,0.3457288662081209,0.9184932588670572,0.24095082205778875,0.4801856930661413,0.3105859805080943
1.0,0.2900932918702798,0.8338398371880041,0.3525682751729376,0.5104177486990743,0.5674055901430909,0.5555555555555555,0.24896087567487615,0.9235832023811871,0.2852729479779078,0.4962846234615496,0.3005138033682672
1.0,0.3014956315711536,0.8359409001249464,0.3588470967510081,0.5119479378328704,0.5671344718693826,0.5822686798296555,0.2479550329117665,0.9292281038998867,0.3332730262810032,0.4962180052735194,0.3113365868713946
1.0,0.2804679401747371,0.8369093783065059,0.35890480819850623,0.5133115511195847,0.5649034821761402,0.5634184068058778,0.19626506915169,0.932594243552734,0.3739224583445876,0.5233123846025852,0.2070654928387748
0.0,0.3103805715978084,0.8372275784715449,0.3504666305892281,0.5132401661082663,0.5676714387342483,0.6246189024390244,0.3220915612750538,0.9390563659002706,0.4309957507983508,0.5183415819295429,0.4772711205372921
0.0,0.3068265955871464,0.8356000187540874,0.3418923069283569,0.5126563598776832,0.5741011024967227,0.5988614800759013,0.2760076917387766,0.9385624086446036,0.4351827704724064,0.5013401425946644,0.4825379992930354
0.0,0.31097290093291863,0.8358305595205263,0.34004606239980995,0.5093864918242976,0.5686763560087117,0.6011385199240985,0.3027364839878708,0.9377682404096196,0.4316417583385007,0.5144667105153115,0.3861240582034449
0.0,0.3059381015844809,0.8374887360537436,0.3465564642635481,0.5091126998066046,0.5762677483960458,0.6153276564235468,0.3594778492715039,0.9359953556388094,0.3950370120240753,0.4889408271962859,0.4439098548255069
0.0,0.2735080704871907,0.8408793038487911,0.3550633373712083,0.5088880877389405,0.5527426796199396,0.5612736023694926,0.35488499371348303,0.9346121034885844,0.3877024574037666,0.4853612385664646,0.3163267010808739
1.0,0.2363394047090182,0.8447490395103064,0.3666563311918746,0.5081922572750449,0.5560721177068482,0.4990990990990991,0.2635973670586496,0.9355953591689988,0.3932558934729576,0.4885765986730897,0.16425266041864994
1.0,0.21516363097882413,0.8473277057071941,0.3761001125860398,0.509769249573312,0.5793527358043611,0.4680267443853934,0.30902300125730353,0.9415157353826179,0.45030684243707103,0.4615479050614511,0.1857030688785309
1.0,0.25396120242855025,0.8473354749432721,0.3786402590327796,0.5107331457591118,0.5532461643997797,0.530241935483871,0.41487316026921095,0.9477037459044066,0.5011582068114853,0.5067313703978429,0.4287241684625538
1.0,0.2357470753739079,0.8455083059681013,0.3819964728168108,0.5077700050186581,0.5511028767454271,0.4616935483870969,0.28093336291694376,0.9499691887460632,0.5275540350080806,0.4798757617956039,0.21620808900917166
1.0,0.22375240633792387,0.8435572123793463,0.3785505751594989,0.5099240974913888,0.561815631137285,0.4411962365591399,0.32906589749278936,0.9564414984173392,0.556197954874171,0.5021940222247199,0.3303763845035837
0.0,0.2535169554272175,0.8411382559222801,0.3734568698323309,0.509771673191032,0.5526052864660423,0.4784946236559141,0.4188299681976189,0.9600342756672562,0.5601424667575234,0.5022804845766878,0.4401510215673503
1.0,0.2592921664445431,0.8402464073012731,0.3665294956672262,0.5099786149752149,0.5662539729673424,0.4489247311827957,0.3184453812587826,0.960632915223653,0.557105748742888,0.4257437706394667,0.19395579612088465
1.0,0.24907448541389,0.8388088785473126,0.36134295596129296,0.5093483830753565,0.5542705857624052,0.4781586021505376,0.3377338954219361,0.9672474372053608,0.5928919954838897,0.44085300522586623,0.16263218563624576
1.0,0.26018066044720856,0.8374791967072189,0.3601154867529624,0.5102326061745549,0.5787431070367957,0.4553091397849462,0.3164854670512538,0.975732645387038,0.6584844941934114,0.4210638413527434,0.059322741776508474
0.0,0.3078631719235895,0.8336831051896035,0.3484482616983552,0.5123274829126824,0.5780651587141439,0.5272177419354839,0.4365357591894091,0.9882129146598242,0.7571057542838184,0.4942262067081685,0.06515601783061017
0.0,0.3065304309195912,0.8294826440414472,0.335152433581349,0.5120130066202896,0.573416282037184,0.5110887096774194,0.5078692404407964,0.9954380491114628,0.8269286771774136,0.5495213147702578,0.1865141481035523
0.0,0.3457722493706501,0.8307520759103307,0.3358704620576339,0.5129989443539142,0.5609347044100024,0.5544354838709677,0.5591968049700463,0.9993991663093679,0.8981530245380854,0.5455851409179302,0.3336544250451514
0.0,0.3394047090182141,0.8295223612483992,0.3379247815452505,0.5129209158269062,0.5661697927242622,0.6407930107526884,0.6387397381850454,1.0,0.930516273621946,0.6327820264204569,0.7126429861529197
0.0,0.3601362357470754,0.8305337197939185,0.3462344043603013,0.5150795323320473,0.5701929319999193,0.6192876344086021,0.7282005768804082,0.9961854005565632,0.9358755720022154,0.6553076933757574,0.7589102950030095
0.0,0.3596919887457426,0.8264986496571155,0.34073813399662256,0.5151592696536428,0.5717721747443775,0.6418010752688172,0.7610531765401967,0.9899797813143864,0.9038031098608592,0.6392159289748066,0.8457104017722284
0.0,0.376869539463942,0.8280932716857062,0.3477879381566045,0.5133588563699094,0.5711505333298799,0.651209677419355,0.7900673027142959,0.98295041460211,0.8741178295681926,0.6560619140187768,0.8321155917755598
0.0,0.34562416703687243,0.8267829788843103,0.3481694932949703,0.5101243790283523,0.5770533398284605,0.6586021505376345,0.8999926040973298,0.9772513799062932,0.8652102176390277,0.7178663349292791,0.9860246751828792
1.0,0.3513993780541982,0.8318398661033722,0.3654814145985073,0.5105263915885047,0.5778112100861813,0.6236559139784947,0.7834775534353966,0.9690057541740388,0.8405178963172133,0.6389752386954207,0.9992632448482957
0.0,0.2966089145564933,0.8370840621900081,0.384060601175549,0.5051906572927144,0.5966139096839951,0.6317204301075269,0.7515864211226979,0.9648775389071332,0.8352981774489907,0.6682315969669332,0.9735161352285808
1.0,0.2372278987116837,0.8436230545679629,0.4070292019755143,0.5025691815507788,0.6016976752302161,0.5349781386633355,0.6826640041417056,0.9595069499448194,0.8104114048638955,0.6610562481027852,0.8525478030919451
1.0,0.23189693469569075,0.8457854275787865,0.4182942376227608,0.5016492322185734,0.6080788113604876,0.486842105263158,0.7504696398195396,0.9558758349414151,0.8034206338065615,0.6732771537196911,0.948975378103545
1.0,0.20820376129127788,0.8439722396361536,0.4194804445665836,0.5023808258676272,0.6106820844997766,0.4479665071770335,0.7357961689224166,0.948230423414357,0.7579873497641254,0.6660294058782708,0.8235946936457946
1.0,0.21545979564637927,0.8428027183933801,0.4212703451543668,0.5029439627297111,0.6124297094783888,0.4386961722488039,0.8249833592189929,0.9428734556706851,0.7246886815366796,0.6708379634753469,0.8505908452936114
1.0,0.2385606397156819,0.842532598265893,0.4240120245359388,0.5020052536891848,0.6109840587503714,0.47876794258373206,0.8578433547814517,0.9380143071680124,0.6852793304497611,0.7172561088782302,0.9754141627415956
1.0,0.2261217236783651,0.8441657590747674,0.43248478059958223,0.5008909592444614,0.6109937566496639,0.4820574162679425,0.8110568744915314,0.9323978495691684,0.6747844083878811,0.6460043760950248,0.997576621525302
1.0,0.19798608026062486,0.8467489136610818,0.43611975623746,0.5013835366809603,0.6078853083312871,0.451255980861244,0.7811404481917017,0.9270609228900372,0.6934228214586755,0.6320519520935812,0.9417225150194116
1.0,0.1819931882126462,0.8494329228482366,0.4392743730703328,0.5032660470014974,0.5853711406671791,0.4339114832535885,0.7301235115745879,0.9218874842447646,0.6776321097256499,0.6232145252307764,0.9164768907107396
1.0,0.14660151043980452,0.8511086712111361,0.4379458452358352,0.5025867217672024,0.5847341725869184,0.3873281530185297,0.6981732120405298,0.915791474032268,0.6475725670804928,0.6058514823166734,0.8623578832016805
1.0,0.13268177106471185,0.8501649520013083,0.436012235127114,0.5024866435974434,0.5767603802195728,0.3518735362997657,0.7329117668811477,0.90888145549624,0.5835942015669809,0.6268816111946875,0.7867677275010263
1.0,0.14408411076558558,0.8480428514051787,0.4294751037376165,0.502880816509357,0.5822072502410996,0.3228922716627636,0.7947563050070265,0.9016002129805992,0.5376769947051877,0.6213766628437476,0.8398931555636728
1.0,0.14971123944913367,0.8460745061344029,0.4249809805550128,0.4997888907897307,0.5826484947182474,0.3278688524590165,0.8369425338362545,0.8938390085606294,0.4745837397075599,0.597019997389189,0.8827748360072696
1.0,0.1500074041166889,0.8459800083202106,0.4277225262738292,0.4960715572369572,0.585546908906783,0.3281615925058549,0.8278529694549224,0.8833824330015678,0.3850362290046143,0.5932183241050552,0.8544582968795561
1.0,0.1621501554864504,0.8456897236373936,0.4304891629953804,0.493821829672058,0.5766790759357612,0.3430913348946136,0.9530729975593524,0.8746893230241715,0.31506224766218105,0.6067634599709493,0.90215108508878
1.0,0.14497260476825113,0.8437806013289507,0.4292047610374827,0.4908377985576541,0.5819005116157443,0.2985948477751757,0.8252348199097705,0.865041096755385,0.2586108732947794,0.5667346229152864,0.9713827881987004
1.0,0.1543017917962386,0.8491711230670674,0.44202924474171945,0.4914065993676805,0.5906376086834311,0.2833723653395785,0.7544190518452782,0.8606649628885201,0.2377725153455347,0.5582141075024853,0.9754761335564596
1.0,0.06530430919591285,0.8551875838992297,0.4574100690316293,0.4862499019689216,0.5690123423625194,0.2532201405152225,0.7356112713556692,0.8562574872527657,0.21275711436046288,0.5500945643765001,0.890476383211236
1.0,0.0,0.8614228366646487,0.4700898325770138,0.4775079326426802,0.5837536718728504,0.1182795698924731,0.6560757340433402,0.8521796049752639,0.1808000604998881,0.5533218393064963,0.7218197272028172
1.0,0.026358655412409168,0.8622339169094954,0.4712255496129876,0.4769491530216732,0.5750463508673547,0.13234077750206774,0.7007100066563129,0.8514036892617283,0.1723124491739088,0.5912307212411785,0.8827255433682767
1.0,0.02517399674218856,0.8608429674315506,0.4665708801306703,0.4769116103722748,0.6018420050980205,0.13399503722084366,0.693669107314548,0.8484702999452769,0.1487389808408771,0.5843936395829128,0.8847290241631928
1.0,0.06100992151636302,0.8598939254979041,0.467323144154038,0.4776608465273718,0.6068805525821019,0.15880893300248136,0.6523851786110492,0.8454462041995818,0.12641718800135465,0.5475174605900363,0.931335249119682
1.0,0.07181993188212638,0.8538540456346267,0.4534618336156063,0.4785724109149311,0.60733307875859,0.15301902398676587,0.5765032172176615,0.8399989993318668,0.09430049317434892,0.5475044127153441,0.9215298687567512
0.0,0.12957204205538275,0.8470944899553537,0.4390442854960749,0.4815606649627669,0.5403893888955291,0.16266887234629165,0.6138451297980918,0.8371562607982048,0.08198909451940589,0.5699026929339495,0.8554715333164777
1.0,0.13297793573226707,0.8431358982111598,0.4263986615824779,0.47989262914563896,0.5528798665845904,0.1113868210642404,0.4292212114488571,0.8350217057710052,0.0704896720786401,0.5021915594353031,0.5836991748454259
1.0,0.1169850436842883,0.846588459446083,0.429704690393242,0.4785361020325196,0.5880751816339697,0.1177281499862144,0.3809703424302936,0.8385700291026337,0.08486280859679074,0.476582722861989,0.5874704491725764
1.0,0.10099215163630976,0.8495177304094884,0.4326666762754923,0.4777143251006188,0.5735937640637152,0.13757926661152475,0.4386435914503368,0.8392658506746571,0.08202002779702383,0.4592191909199774,0.6950723660648456
1.0,0.1316451947282689,0.8492996455536618,0.4309770532604458,0.4807611765521822,0.6083280904447396,0.12599944858009374,0.4665113527105982,0.8349270532899362,0.042016122367831865,0.4771991427285857,0.6630290517622774
0.0,0.17444098918998965,0.8451847617744589,0.4218863039655145,0.4830865963094846,0.6057502327729934,0.17783291976840376,0.5732564159455661,0.8339710482938059,0.03675345886348708,0.4908034966691314,0.7838287652474358
0.0,0.19339552791351985,0.8450383013615533,0.4218438062917949,0.4816230469763103,0.5937016935132879,0.18059001929969665,0.4273056726573482,0.8311139455407304,0.013448029185500364,0.4636253599953506,0.7803948005983109
0.0,0.16688879016733305,0.8440035414047388,0.4194645351751949,0.481558576793558,0.578549621701022,0.15439757375241253,0.3673249020042897,0.8306379964024624,0.01970395269747266,0.47839828701739295,0.5742227671861407
0.0,0.1836220938841996,0.8415501576110903,0.4118489986589601,0.4830730322031975,0.5946024842721408,0.1400606561896884,0.30201908142888834,0.8299561332870204,0.0,0.489900365185132,0.4548690768135429
0.0,0.21782911298682067,0.8379484437578036,0.3986364900833389,0.4872021820770242,0.5980264902532066,0.13647642679900754,0.2515124620959988,0.8333949697766576,0.010952593130705124,0.5098384693197302,0.3312960859610222
1.0,0.23619132237524065,0.8353064855136361,0.38472511011543,0.4863346138310439,0.5497266626474023,0.16818307140887792,0.1561570889727088,0.8392476771894204,0.0351752625898471,0.5275275249401644,0.29006031562422474
1.0,0.22286391233525835,0.8343776747022443,0.37644772777342894,0.4831216774062941,0.5608482186764245,0.11855527984560235,0.0,0.8454555801739461,0.06043861289644802,0.4532209385115417,0.03703982874544067
1.0,0.23589515770768546,0.8329818281550253,0.3691416781173482,0.4847389480072792,0.580283037388486,0.11634960022056795,0.07221359366910696,0.8559028663829801,0.10755230595308383,0.4363354551575525,0.0009082217973226717
1.0,0.25721901377165696,0.8339639068343835,0.3692667596503271,0.4841550867491886,0.5509022684977858,0.13592500689274886,0.1309814362842982,0.8645243302884129,0.14250466704533832,0.4094945963180941,0.0862495860209112
1.0,0.24344735673034198,0.834983056430033,0.3698300097735989,0.4862389291609873,0.5577706895934358,0.13509787703336087,0.07996449966718439,0.8714924588387303,0.1910563831390304,0.4308184462664726,0.045740260129914605
1.0,0.2502591440841108,0.8390426256849556,0.3757125165966981,0.4868563647604071,0.5712549800552247,0.12544802867383506,0.11587900303231975,0.8804721087532108,0.2503516402644739,0.4023566134467396,0.01328732221756342
0.0,0.2431511920627868,0.8454369001363168,0.3879343196694758,0.4867556531306447,0.552598681548594,0.15467328370554176,0.12881443680201116,0.8886889897829133,0.3047879842281779,0.4078952861010608,0.04418357145160709
0.0,0.2016881386050644,0.8493793327996559,0.3961690239634934,0.4857911159054943,0.5771116426110239,0.14971050454921422,0.13382885881221795,0.8979944140117571,0.34813892122925083,0.410182159107548,0.06113135743541754
0.0,0.25277654375832953,0.8507743098308701,0.39844374276858174,0.4888359627481274,0.577909536738699,0.17480011028398118,0.1684860587234676,0.907676921446104,0.3893197828435302,0.4265211788022129,0.10060926584359263
0.0,0.27350807048719084,0.8509748625132904,0.3980935296375355,0.4880730737377576,0.5751627952852492,0.1998897160187483,0.2071592337844831,0.91460482992724,0.4100124390849291,0.3964688224632563,0.1780092551233719
0.0,0.2301199466903597,0.856435333052337,0.41017382539828695,0.4860899013878944,0.572109520967243,0.17176730079955874,0.19076991346793928,0.920137918157129,0.4138841267096592,0.3733479584156051,0.036448748414301714
0.0,0.22775062934991855,0.8638858620422691,0.43358528692187737,0.4867631097526622,0.5829476538265735,0.2114695340501793,0.2889505214111381,0.929280400833388,0.4502574690089365,0.3759303420394178,0.17973777348777348
0.0,0.23441433436990966,0.8719803616513345,0.460449259350926,0.4882205357811196,0.5932704400219506,0.2459332781913428,0.33863619554766605,0.9353244032554956,0.4756162816417734,0.4060632860863012,0.3299549549549543
0.0,0.21235006663705014,0.8754201346603551,0.4771761932608753,0.4866521378735055,0.5903472350307574,0.2762613730355665,0.3381480659714513,0.9383504048901591,0.5108852909125837,0.4050355454066487,0.3069095881595875
0.0,0.2397452983859025,0.8768470586342189,0.4809567025393065,0.486026513273639,0.5849403452066941,0.27901847256685963,0.3433325937430667,0.9423097861275632,0.5318405175834011,0.4086371047375167,0.2005509974259981
0.0,0.2320450170294684,0.8755584288521671,0.4782500551594552,0.48443192577487604,0.5868327583080779,0.24786324786324795,0.2669846904814732,0.9478640005749116,0.5713986829908555,0.35935914387148205,0.025619369369370724
0.0,0.2465570857396712,0.8772879042173064,0.4800070769467948,0.486788394732177,0.5895328619844248,0.2908740005514199,0.446490644183122,0.9584673569295374,0.6354690214293552,0.4751096556358057,0.2700783421784172
0.0,0.2461128387383385,0.8767268674964633,0.47860893424741,0.4869158287021843,0.6038925757129188,0.2999724290046872,0.4447008357370017,0.9619795705381846,0.6693595860920043,0.4733131311011958,0.2508264570372482
0.0,0.2844661631867318,0.8753471177135849,0.4757305559577673,0.4877676465616066,0.6063061966846647,0.3132065067548939,0.4887064566230309,0.9671294106476818,0.7111562743743107,0.4756605572517622,0.07945729568882845
0.0,0.2920183622093884,0.8700098620226245,0.463836913672461,0.4869248200028044,0.6103836277291238,0.3272677143644886,0.4855705938909846,0.9713214118514396,0.7628789460077359,0.4723610716342165,0.15756845796875402
0.0,0.35702650673774616,0.8680094234072134,0.4620223350576607,0.4913154120148978,0.6382333545188373,0.3788254755996692,0.5866577915834625,0.9752402612925511,0.8135532733047379,0.5566430795231213,0.5391184573002739
0.0,0.3673922701021767,0.8673532333508084,0.4623066848409088,0.4927749329596402,0.6264099477030047,0.4119106699751861,0.6574735596479548,0.9750037360267972,0.8394348380337244,0.6231579688263259,0.7759543486816206
0.0,0.33555456833999703,0.8744571714342059,0.4812374831486619,0.4926853020318373,0.6199308911799595,0.3906810035842295,0.618038606611937,0.9713988690818188,0.8250225646647342,0.6113639347127645,0.6941106400868854
0.0,0.2732119058196356,0.8786827502389593,0.4905757654515182,0.4896182565752945,0.6194827488506713,0.37248414667769497,0.6686709562902153,0.969118865965172,0.8176933839555965,0.6602203586592442,0.6614231160004196
0.0,0.3028283725751518,0.8793724940187119,0.4909157628830834,0.4891901612184981,0.6232227280519971,0.3768955059277641,0.713578877301975,0.9646939848200328,0.7929329454279495,0.6961903104313172,0.8513124721933852
1.0,0.3256330519768991,0.8780377406403904,0.4875948088041061,0.4880189779820021,0.616317764873092,0.37827405569341055,0.7708453516751724,0.95858638457363,0.7724165449227303,0.7357706982580559,0.8047802500196558
1.0,0.2946838442173848,0.8782199426927789,0.4915180630649895,0.4885166629343758,0.6427415714306756,0.37799834574028135,0.8204200872716518,0.9527090715633622,0.7515679650025702,0.7237981299003231,0.8399103040429139
0.0,0.3139345476084702,0.8816324553328517,0.5039117030977796,0.4870375440261053,0.6376111986879204,0.3959194926936863,0.8268619184971522,0.948652425308146,0.7474753709964279,0.6852986038760843,0.867078379314325
0.0,0.3046053605804827,0.8863112559087832,0.522629061903976,0.4861585364034811,0.6404281515210417,0.4036393713813069,0.8073663190592409,0.9445955063348932,0.7393558643255029,0.628954903970663,0.9296988990582298
0.0,0.25396120242855025,0.8900340918256651,0.5353544008609317,0.4848576577165923,0.6443280091713859,0.396470912599945,0.8225057318245693,0.9396890701685016,0.7347119258130155,0.6383583639466672,0.9797005939305192
0.0,0.28328150451651113,0.8989186668932826,0.5616407646944196,0.4843144751610082,0.6479679577907299,0.4138406396470912,0.7601360846091261,0.935454382072444,0.7502002745064351,0.6232223505963187,0.8838075810245403
0.0,0.21353472530727075,0.9062967890127948,0.5801787402149761,0.4799246760673389,0.6478792183834693,0.4138406396470912,0.6648546705125362,0.9312307901631836,0.7570928333860463,0.5337027713136232,0.8809766657646587
0.0,0.1779949652006515,0.9157001045429116,0.6037673833393158,0.4804678670534432,0.6435324544512029,0.40694789081885857,0.7661637452851127,0.9271285400807516,0.7668124868874411,0.5457876060810919,0.8966299619075376
1.0,0.17103509551310525,0.9176795878096448,0.6077199356690961,0.4833544877189711,0.6326890256757159,0.3961952026468156,0.7417942459877228,0.9190532726794192,0.7337204207802088,0.5753120792485822,0.9984071133089248
1.0,0.1720716718495483,0.9174938745548756,0.6084506096978309,0.4828838724168227,0.6419442865358205,0.3702784670526607,0.7234524073663189,0.9130318330052992,0.7265570214615833,0.566523466788941,0.951028817454238
1.0,0.16836961350510882,0.9150860495228936,0.6056240540204552,0.4826734471022149,0.6438701973687315,0.37551695616211744,0.7308039346202206,0.9070424114215332,0.7104099089981188,0.5740219342627292,1.0
1.0,0.1981341625944024,0.9152261900299148,0.6089279120906745,0.4818622979299556,0.6409963343993936,0.3829611248966088,0.7444937504622443,0.9006595985613328,0.6949860362815032,0.5830675169226079,0.9333352229245216
1.0,0.18258551754775654,0.9142192204293444,0.6079096481680459,0.484182709530925,0.6396189188039214,0.3799283154121865,0.7426891502107833,0.8947728562089696,0.6888081236410104,0.5807904778551318,0.9813017960893028
1.0,0.1811046942099807,0.9154831059332036,0.6086777117813311,0.4837800486922347,0.6493690598878807,0.3675213675213675,0.7303601804600252,0.8890208702303108,0.6853363033573627,0.5746729632740272,0.9100743337160808
0.0,0.1994669035984007,0.9092954252924428,0.5910583804264528,0.4822363196713639,0.6590614724069634,0.40005514199062586,0.7643221655203019,0.8822572588595003,0.6735033990550527,0.5524728126281357,0.9902909904868488
0.0,0.2764697171627424,0.9041467709472544,0.575268571060118,0.4863458035716085,0.6588851828368576,0.4116349600220569,0.8203757118556321,0.8741773368154366,0.6324712416038769,0.5829905688356279,0.9531652580124736
0.0,0.2607729897823189,0.8971999087518884,0.5584964645994605,0.4884035315875199,0.6575531504942868,0.3997794320374966,0.7930404555876052,0.8665053140425802,0.6031238902059971,0.6206796875431759,0.8918802075145426
0.0,0.2942395972160521,0.8963666690442992,0.5555427626357992,0.4882942939972385,0.6561331692014327,0.4276261373035567,0.7806301309074775,0.8616540041520422,0.595967828955443,0.604200032592397,0.9369595975475556
0.0,0.2760254701614097,0.8921933919970765,0.5469247676433007,0.48588339649470896,0.6540900112236261,0.3873724841466777,0.6876266548332226,0.8555755407754102,0.6021609191287939,0.5859200167891484,0.9704022569191108
1.0,0.2985339848956019,0.8861286066841073,0.5317815655471863,0.4881546036580149,0.6576768356625664,0.3821339950372209,0.6708897270911915,0.8514465848677804,0.6144179052108758,0.622570703738807,0.9316357799503854
1.0,0.32815045165111795,0.8783957476904057,0.5132232938131007,0.4911025036658361,0.64422631578791,0.35676867934932444,0.5838769321795722,0.8461853456884032,0.6188271144012567,0.6123009738423506,0.6840799649788403
1.0,0.32074633496223903,0.8746038600053024,0.5031980155900816,0.4895776466217394,0.6488523776250023,0.30190239867659235,0.5562088602913983,0.8442159964577078,0.6497263651555003,0.5921101929412425,0.5251228172576485
1.0,0.30149563157115344,0.8747514973139078,0.5049767103235712,0.4912107800968647,0.6553244426338452,0.29886958919216977,0.5484283706826418,0.8446077320928074,0.679297805871445,0.6341072507452844,0.5130113332360532
1.0,0.3210424996297941,0.8761380324242604,0.5100875954910649,0.4899370304582322,0.6579912089204963,0.3289219740832645,0.5671178167295315,0.8459205816643038,0.7065752197495309,0.6502409881771394,0.65491998638066
1.0,0.3333333333333333,0.8738061587801141,0.5071017005341169,0.4876230801277655,0.6567481606266906,0.33526330300523843,0.5340803195029956,0.8447595283257596,0.7173942151001944,0.6717813023515972,0.5833211732088142
0.0,0.3706500814452835,0.868708216491033,0.49691928345238895,0.4883364531861754,0.6622893293037379,0.3647642679900744,0.5745506989128029,0.8431337143024984,0.7434268879578344,0.6573904725117052,0.6496181720900832
0.0,0.4395083666518584,0.8645133045071679,0.4892909777194637,0.4928537714041274,0.6528807494501282,0.4301075268817205,0.7131499149471191,0.8405364801847419,0.774798004167746,0.7426625532006522,0.959628386594678
0.0,0.3780541981341625,0.8621256982373259,0.4882306849387579,0.4885724930605447,0.6513746268082627,0.3236834849738077,0.5955180829820281,0.8328772745362567,0.7568378501405033,0.6925557354826936,0.8860370296103192
0.0,0.3762772101288316,0.8626806366637753,0.4948601093926521,0.4884072037173921,0.6481189931965687,0.3303005238489109,0.6255380519192371,0.8304208940963862,0.7626891938005433,0.6811072320139945,0.9600628300247316
1.0,0.3752406337923885,0.8618797640151418,0.4982219846268396,0.4881234139073432,0.6461528217055911,0.3093465674110835,0.5983433178019376,0.8260905752781096,0.7592585837042689,0.7017671872999766,0.8817749492971524
1.0,0.3847179031541537,0.8606873330086225,0.4990197765961234,0.4892750479367464,0.6372344289557338,0.3074165977391784,0.6128097034243032,0.822833058849679,0.7759377750307401,0.6728157387538778,0.9362141408287464
1.0,0.3687250111061749,0.8593231452676747,0.4944047938381773,0.4870330413226058,0.6380568802328339,0.2762613730355665,0.5701575327268694,0.8190197301552955,0.7847695360901157,0.6312405310887711,0.7672060753051562
1.0,0.3870872204945949,0.8585645030888797,0.4930216707963809,0.4856781389035188,0.6409013051849825,0.2878411910669975,0.5707196213297836,0.8161105788631888,0.7804093036528299,0.6320004920234938,0.7905848674008985
1.0,0.3998223011994669,0.8554162126328936,0.4837905393019809,0.4836122695047979,0.6364236719059809,0.29942100909842845,0.6213297833000516,0.8129332774717672,0.7790900962639051,0.6822286083862201,0.7314222098524905
1.0,0.4229231452687695,0.8527107824657559,0.477276133115375,0.4866245452191109,0.6363231330112464,0.2933553901295837,0.6085644552917681,0.8094334309754299,0.7703770670617154,0.6713719465247588,0.6533736233151753
1.0,0.4233673922701021,0.8532374324919784,0.4750996371056431,0.4866571454412425,0.636633716167646,0.2828784119106699,0.5488869166481769,0.8089868413648118,0.8059440346547709,0.6071071068235205,0.3633258618849397
1.0,0.3814600918110469,0.8586537507220612,0.4869565876453897,0.4848993014756563,0.6433976009189444,0.2602701957540667,0.4929738924635749,0.8108468727976899,0.8513247668957573,0.52829349904442,0.3682712491550128
1.0,0.3552495187324152,0.8589463324861059,0.4871162737713496,0.4817605036110346,0.6415412496864841,0.2630272952853598,0.5655129058501587,0.8130328089626107,0.9062476357432052,0.569397939384487,0.5095883587718352
0.0,0.4520953650229528,0.8585021776065426,0.488013303398479,0.4908336227114434,0.6467018419261304,0.3198235456299973,0.6181051697359664,0.8117741825237106,0.9504725168740636,0.5930165694712118,0.6802220087522673
0.0,0.4469124833407374,0.8572231225965204,0.4862381429077053,0.4901420214765263,0.6428282621807625,0.3493245106148333,0.6554322905110566,0.8088814027625209,0.9609695721602602,0.5826900991314816,0.7125630571487787
0.0,0.4298830149563156,0.8632874833481213,0.5011762309777177,0.4880306077313696,0.6434336413404577,0.3636614281775572,0.7017528289327717,0.8051359488162293,0.9653627082654632,0.5819447703814165,0.7861860908224834
0.0,0.4013031245372427,0.8647145970789981,0.5035430785142405,0.4882804853461303,0.6410881532954221,0.3443617314585057,0.7108128097034248,0.7992627639742649,0.9304957851268424,0.5901282507606921,0.7383639509020521
0.0,0.43817562564786017,0.8662663731250236,0.5082403573848626,0.4890816453158927,0.6421896231945865,0.35649296939619524,0.7999186450706313,0.7954739546740901,0.9389621822957824,0.6028244236154822,0.7998795798675384
0.0,0.4384717903154153,0.8665449678348541,0.5096680791431815,0.4891404108927107,0.6456726750862242,0.4017094017094018,0.7876636343465724,0.7921003899311554,0.9563260911480138,0.5733965259571362,0.8835617845913568
0.0,0.4297349326225381,0.8683503941009542,0.5142045687099133,0.4918422726607405,0.6413726092946203,0.3959194926936863,0.7625101693661709,0.7877437891863956,0.9969462185040529,0.5272149503642243,0.9148599494461678
0.0,0.436842884643862,0.8681688556528712,0.5102517991524627,0.4926767992016386,0.6393890642675334,0.3909567135373587,0.81213667628134,0.7799557882082382,1.0,0.5581244195644273,1.0
0.0,0.4204057455945506,0.8686539254318494,0.5090772309879552,0.4944144403129037,0.6418379298283142,0.3622828784119107,0.8544782190666376,0.7714321997123585,0.981718252016592,0.583751933567645,0.8772865527138758
0.0,0.4175921812527765,0.8688272679259333,0.5087057509677196,0.4941277932277429,0.6391844517906659,0.3810311552247037,0.8740551734339176,0.7670314138677989,0.9575960168657374,0.613947009105651,0.9504410212370052
1.0,0.4297349326225381,0.8686172168152363,0.5175195974890825,0.4955582151393927,0.6392938641172994,0.3741384063964709,0.7888617705790995,0.7616542934730803,0.9250367284863056,0.5573360206626112,0.9559843400447432
1.0,0.4321042499629794,0.8689196423204467,0.5271568478631143,0.4920938697017691,0.6392105724464742,0.374965536255859,0.8516012129280381,0.756325821948107,0.9077656822167957,0.5330125410979605,0.95909768829232
1.0,0.4172960165852213,0.8709807113740166,0.5418551486257372,0.4903504177792244,0.6431922869746336,0.38158257513096216,0.8640115376081652,0.7486278126108361,0.8637121442328562,0.5393669653842977,0.9592917362975756
0.0,0.4051532652154598,0.8714321907604109,0.5447216956635619,0.4926357839923233,0.6440460600967671,0.3664185277088503,0.8499223430219658,0.7412936716016005,0.8288301003609693,0.5829639819407041,0.9445706667668092
1.0,0.4060417592181252,0.870232524362554,0.5436461083264696,0.4926009661828225,0.6455859828204286,0.33112765370829883,0.8843354781451074,0.7349592284097948,0.7969430607377048,0.5448887782496776,0.9847683274228232
1.0,0.38071968014215896,0.8689314220696162,0.5419028367501416,0.4892188743256933,0.646187201421268,0.2809484422387648,0.7832260927446199,0.7272739503101866,0.7740954592870397,0.5310378322515632,0.8373561792821846
1.0,0.3805715978083814,0.8704404247058789,0.5458406984718742,0.4911158564338558,0.6431814186867103,0.2809484422387648,0.7847348568892836,0.7223695172356823,0.7802109998505571,0.5318526072391608,0.8328340552195239
1.0,0.3851621501554864,0.8716538033119204,0.5494889433731861,0.491810358095948,0.6463505846934878,0.30300523848910954,0.7957547518674658,0.7150142981080749,0.7745053560174604,0.5375803261028925,0.8116926482092777
1.0,0.4218865689323264,0.8761043692623794,0.5587479395610606,0.4926953111771219,0.6439585762423466,0.3620071684587815,0.9046372309740408,0.7071164467757621,0.7370156060807775,0.5643058236249588,0.9585948978228932
1.0,0.35184362505553085,0.8797696303968073,0.5665222285746079,0.4878265258366511,0.6440235208056327,0.3027295285359801,0.8748613268249394,0.6949194804357028,0.6741932421714039,0.5530704776593676,0.9824309721652952
0.0,0.34962239004886714,0.8858535486405442,0.579886501437364,0.4876010585865246,0.6447817246595372,0.3054866280672732,0.8979809185711116,0.6823138580319159,0.5671689739667771,0.5646605876845664,0.993641640571298
0.0,0.33555456833999703,0.8860219603062308,0.5849443526999236,0.4860837213620113,0.6424903857016414,0.30907085745795426,0.9845203757118558,0.6725138654778648,0.5167147170918793,0.6036185309034658,0.9712132279699844
1.0,0.3432548496964312,0.8841434677430959,0.5870562566361444,0.4865581270535311,0.6452253525446081,0.2710228839261097,0.8161896309444565,0.6630622474172148,0.4696198548321775,0.5124633293131329,0.962203860305984
1.0,0.36294980008884936,0.8777288654886111,0.5766800508355583,0.4851741892936037,0.6425947690050579,0.2715743038323684,0.8031876340507358,0.6574659664555011,0.4727883923082806,0.5082963553221135,0.9848906208484638
1.0,0.3881237968310381,0.8746957421709102,0.5710628214262566,0.4881633849118588,0.6429940826100993,0.2481389578163772,0.7343317801937725,0.6495661192653437,0.4553438322773919,0.4808275601150728,0.8
1.0,0.3881237968310379,0.8743920225920324,0.5670235763658441,0.4882872393325278,0.6445837497857134,0.2671629445822994,0.7708083721618224,0.6448676195969316,0.4396736675124479,0.5089784232221323,0.8900516913031652
1.0,0.3912335258403673,0.8770275498851944,0.5711620332160606,0.488810093412826,0.6379847506243643,0.2914254204576785,0.8330227054211969,0.6352369636452586,0.4073283242858366,0.4950439065982821,0.9793597533327294
1.0,0.35954390641196504,0.8810561648557204,0.5760515439479079,0.4842814610474631,0.6222288895390599,0.2260821615660326,0.9046963981954,0.6242545259812617,0.3546704965599685,0.5306200806673516,0.983891658114646
1.0,0.2970531615578262,0.8851124936013662,0.5832793267244811,0.4794386601744832,0.6248425821900806,0.16129032258064518,0.7578729383921305,0.6167622577097298,0.3296019351605704,0.4971696802356238,0.7811755509231684
1.0,0.28713164519472817,0.8918029906499211,0.5965553253787288,0.4817942418593777,0.6291628440122318,0.1510890543148607,0.6994674950077657,0.6170666911629206,0.3425946631016312,0.4532293035576046,0.786982578916021
1.0,0.2954242558862727,0.893797889486735,0.6007797785331561,0.4835987591780534,0.6100311927734265,0.2031982354562999,0.7362473189852822,0.6178857213472506,0.3424877869187598,0.4754140561893678,0.9670562835020842
1.0,0.2937953502147194,0.8946856360535745,0.6040742720295273,0.4823925865662118,0.6201225802003356,0.15136476426799014,0.5894904223060425,0.6132602937095553,0.2987735330689682,0.4468572987343766,0.9601777699551176
1.0,0.2933511032133865,0.8924619821881669,0.5995889053592224,0.4821738591717784,0.6229972206485372,0.1430934656741108,0.5890318763405075,0.6121686292351649,0.2928050813576341,0.4469243428916176,0.9050779510022272
1.0,0.3188212646231305,0.8924350997941829,0.5998680051710736,0.4818065823545243,0.6213504986022101,0.15439757375241253,0.5354929369129501,0.6111303390701976,0.3036599262867288,0.4185667279781891,0.9300445434298444
0.0,0.3312601806604472,0.8924029325090935,0.6024342199394223,0.4798789417612953,0.6287313190048721,0.17314585056520546,0.4436358257525331,0.6103766447847874,0.3287090374246249,0.4258950706479193,0.8232770883942837
0.0,0.3539167777284169,0.8937113045420151,0.6079537930288239,0.4793806038164554,0.6244358138219953,0.21009098428453266,0.4760150876414465,0.6090479232256021,0.3047205125114624,0.4406289133486939,0.8384339136544614
0.0,0.3552495187324152,0.8964654324740132,0.6184704203025969,0.4795180326744791,0.6290728329731564,0.2073338847532395,0.5112417720582796,0.6039779595566563,0.24493082083815004,0.457308940901581,0.7979168621563288
0.0,0.3312601806604472,0.8997629478985015,0.6274155203614145,0.4801361997925929,0.6128176303823705,0.19437551695616206,0.5054359884623918,0.5975368616077403,0.16353532178382027,0.4545951107433999,0.749160176409871
1.0,0.3031245372427069,0.9034469628404534,0.6388909049538858,0.4795125908482977,0.6158731139212326,0.14750482492417982,0.4855927815989942,0.5944928160487617,0.1391766879082536,0.44483597019264093,0.6173594820305899
1.0,0.30712276025470153,0.9038676534360818,0.640170153888745,0.4763938015346675,0.6053324733210611,0.15467328370554176,0.3702906589749277,0.5936033513222354,0.1428485156942838,0.4445954196707744,0.5833911982734351
1.0,0.3118613949355842,0.9034969978398532,0.6388402806876209,0.4763303534379792,0.6413497739819198,0.1188309897987318,0.3334368759707121,0.5971903389877982,0.1855177773398051,0.4247663594191852,0.4812799099183637
1.0,0.29216644454316604,0.901663715764194,0.6315961812286095,0.47264086865165794,0.5950439250914886,0.07196029776674938,0.09010428222764556,0.5991816563492591,0.18823969347952152,0.3530415974934084,0.14768271219933976
1.0,0.3374796386791056,0.9051003485870434,0.6394388128811992,0.4757165092349474,0.6160850581106851,0.12020953956437827,0.2834109903113675,0.6071203277230974,0.2265357764330248,0.3919198943865884,0.401064709380757
1.0,0.29142603287427804,0.9091550614245312,0.6500741938830719,0.4729788156385334,0.603536741751079,0.09208712434518887,0.3134235633459063,0.6067192613698198,0.2293892681090463,0.4086907176547804,0.3682530933143797
1.0,0.2831334221827335,0.917019410789022,0.669322393099179,0.47556448629801706,0.6277272635702862,0.08767576509511993,0.267176983950891,0.6065614444501006,0.24945968211772346,0.4359746232685392,0.3365729122847736
1.0,0.2684732711387531,0.9277205073026016,0.6921904417773846,0.4740610803799586,0.7511551441185328,0.097601323407775,0.3460468900229274,0.6086492484621975,0.2633254843543303,0.4306056966362977,0.3370515963387923
1.0,0.1910262105730786,0.9380351379542088,0.7134526293814565,0.4684400570618855,1.0,0.068927488282327,0.31884476000295825,0.6086633298410613,0.2319569387681427,0.4650454058630686,0.2864561423867476
1.0,0.16155782615134012,0.9490895024280259,0.7362685268479646,0.4666341349168677,0.7518647854921886,0.0005608524957935944,0.23359218992678046,0.6121933629080699,0.23141064220387844,0.4021409561916625,0.002117313785903468
1.0,0.15667110913667998,0.9543400747052676,0.7445299107061334,0.4673834135622714,0.5412198953141317,0.00607814761215632,0.28338140670068784,0.6220990870305123,0.230466103257186,0.4243841225639508,0.02091396975117926
1.0,0.17888345920331697,0.9595678396751588,0.7532864293258077,0.4668843657567466,0.5245888499779121,0.012426035502958632,0.3807410694475261,0.6319376923965894,0.25702330183140554,0.4294914113646137,0.08375625572707363
1.0,0.17695838886420845,0.9601261189564756,0.7514877328828096,0.4667997875549652,0.4857143959526371,0.004192872117400436,0.3949633902817839,0.6416987176336735,0.2747716734936171,0.4372514644957389,0.046088991084755136
0.0,0.2430031097290093,0.9594483138725616,0.7493076679384542,0.4721744685984273,0.6663757201582378,0.0164198325820991,0.3688558538569631,0.6517141989117088,0.327495680114992,0.4269861141844147,0.12978102189780946
0.0,0.2615134014512069,0.9578395769035492,0.7463185555172909,0.4742506296332234,0.6666844839692837,0.009014810045074087,0.3349530360180457,0.6566438094747775,0.3370472867308489,0.4560946712659299,0.0581995133819942
0.0,0.26595587146453425,0.9574965368133724,0.7451676689482468,0.4749404431566909,0.6374760253426985,0.012321660181582443,0.4831373419125807,0.6608862865866267,0.3300213485399396,0.4905655001739478,0.25577517288734153
0.0,0.2902413742040575,0.95963634763233,0.7485162552947132,0.4745102400427405,0.6499122163724946,0.038910505836575966,0.539997041638932,0.6613114919002092,0.32017349182169696,0.5226190050732307,0.4588013144342538
0.0,0.2986820672293795,0.9613031260198204,0.7499279612564589,0.4759512961339346,0.625496898581907,0.07166018158236061,0.569255232601139,0.6630380124654864,0.3425288043185037,0.4888779390122708,0.4823924665260678
0.0,0.2895009625351695,0.9627814044087104,0.7533178064400528,0.4744086611393773,0.6395820594480649,0.04507133592736708,0.4277864063308928,0.6654700038201964,0.3883621069149139,0.4624812165557535,0.3547746333807445
0.0,0.29557233822005025,0.9621804446853968,0.7510711408011949,0.4749426015403722,0.6219861479981863,0.0317769130998702,0.3530064344353228,0.67110889989593,0.43159646236747257,0.4772682396788946,0.3103143852077098
0.0,0.3220790759662372,0.962704377205438,0.7529400288964151,0.4747438648885845,0.6500344754383276,0.04831387808041512,0.3130315805044004,0.6746222955638121,0.436514948647556,0.504931092296189,0.20388444749619852
0.0,0.3482896490448689,0.9639952655556164,0.7556671014799101,0.4786575522765616,0.6437426465410168,0.12483787289234766,0.4712817099326974,0.6779826890573066,0.4167120884964091,0.5348319248785527,0.5418117612438078
0.0,0.3386642973493262,0.9655731804050032,0.7598963684975026,0.477177047359127,0.6387482934932476,0.09922178988326856,0.5070408993417647,0.6764591599476497,0.3672679921608518,0.553765614095265,0.5305802148217177
0.0,0.3956759958536946,0.9671614270545158,0.7610275737535486,0.4811446480983777,0.6454867702958123,0.20136186770428025,0.6209082168478667,0.6767320548084619,0.3474003537593604,0.6163593494635969,0.9431065770758748
0.0,0.3670961054346216,0.9690754123860298,0.7631878397757637,0.4809045121923636,0.6459312913062373,0.1536964980544748,0.5309740403816287,0.6699100889604503,0.2785585727787563,0.6161541998903295,0.8336486523539258
0.0,0.3481415667110912,0.9723087153545464,0.7679886722580058,0.4820626543839835,0.6455488954478232,0.13261997405966267,0.5677316766511352,0.6641091528804881,0.21580529297304074,0.636159786685982,0.6603602862548338
0.0,0.3593958240781874,0.9750158456643536,0.7734747580131338,0.4836798610321569,0.6481276901083385,0.15856031128404674,0.6595222246875232,0.6578827351003679,0.14419606073331115,0.6363497960098807,0.7719283814537592
0.0,0.33511032133866425,0.9732258148296384,0.7683804959921776,0.4799684024927343,0.6227481780486174,0.10311284046692608,0.6368685748095555,0.6521540232102141,0.0967627269950655,0.6272346175281759,0.4805077311108677
1.0,0.3681326817710647,0.970710702547452,0.7616993781003372,0.4842958816083157,0.6230306646906871,0.08916990920881973,0.5993861400783964,0.6524884324603881,0.0877539611519384,0.6034555589794611,0.5586429193233423
1.0,0.3774618687990522,0.9679893427095264,0.75415049827897,0.4855212151962568,0.6236618801207618,0.08365758754863807,0.4684342874047779,0.6522092833787636,0.07750306870218943,0.5826656712083741,0.3793614568383416
1.0,0.38086776247593657,0.9694120585794359,0.7576011962645771,0.4859804685291227,0.6215299088507433,0.08300907911802861,0.5679535537312329,0.6577297671660916,0.10495978766129266,0.584011860980483,0.4123473637155032
1.0,0.3702058344439507,0.972615262017406,0.7654189376542713,0.4882037489274626,0.6050048195287138,0.07457846952010368,0.3734708971229935,0.6607320120240441,0.10412336289834184,0.5464276266869319,0.29576735759828743
1.0,0.3727232341181696,0.9761819072164968,0.7724309289816478,0.4887196134307005,0.6182403213903526,0.09760051880674442,0.3964055913024183,0.6683663353416059,0.1347987441294703,0.5050873379371815,0.3611509775780535
0.0,0.4119650525692284,0.9789414716850684,0.7789561025442808,0.4905535589228052,0.6274768781102399,0.18223086900129687,0.5242807484653502,0.6725011287138489,0.1362694312692771,0.5129859314336837,0.7154083241182984
0.0,0.4198134162594401,0.9801860928247336,0.7817988699897391,0.4879274894662252,0.6138733651645222,0.19747081712062248,0.515723689076252,0.6729056280213173,0.1385946334173953,0.5087659398299347,0.7540408912312082
0.0,0.3947875018510291,0.9818400194109044,0.7871982267094007,0.4842259384711558,0.6043591368299436,0.1365110246433204,0.3602026477331555,0.6731176964178556,0.13928591175342284,0.4820840402208539,0.4793308707620642
0.0,0.38708722049459493,0.9823258803159324,0.7870426075069736,0.4868766818535415,0.5911828333632971,0.13067444876783404,0.3624731898528216,0.6755633605875444,0.1490153282671242,0.4831373803774273,0.4774311090867688
0.0,0.3996742188656892,0.984576554437456,0.7938063529947588,0.4885578280186197,0.5974201959497284,0.11738002594033715,0.4305672657347829,0.6772902507835981,0.13476436148106047,0.5188992294050627,0.409246185379185
1.0,0.40811491189101134,0.9850084281526308,0.7963388429081988,0.4899202497226758,0.5931767170294088,0.17153047989623865,0.5023223134383551,0.6784221070993364,0.11108832905872773,0.5519389104124685,0.7263493509451144
0.0,0.4439508366651858,0.9870241605920216,0.8016812087514265,0.4912009587657094,0.5794379488421056,0.21465629053177687,0.6270468160639004,0.6774364337762253,0.09137381834122517,0.5630699853285388,0.9153268048280568
0.0,0.4485413890122908,0.9886395691294888,0.8041547245208058,0.4918450365247667,0.5808630439458149,0.23054474708171205,0.6114488573330377,0.6747298351534898,0.07386872241973974,0.5543604067316535,0.9395809610567064
0.0,0.4165556049163334,0.9920899877387196,0.8128956020050861,0.4911295051501936,0.5826962610552653,0.1939040207522697,0.4367206567561568,0.6729348043928223,0.06503604856889439,0.5234290990187134,0.7661125028467315
0.0,0.412853546571894,0.9942439629214216,0.8204781309304716,0.4906371817714099,0.5801516713677948,0.19779507133592744,0.3859034095111308,0.6745607266558578,0.06895431501044152,0.5498057387515051,0.6126564222265446
0.0,0.4338812379683104,0.9933355171874532,0.8193822108461217,0.4897984727356425,0.5870786246825875,0.21076523994811933,0.3576288736040233,0.6764620391574674,0.06804198004250689,0.5388785840046598,0.5945325292543635
1.0,0.4500222123500665,0.9914388307023152,0.8154500524313968,0.4920500123590985,0.5984298446043678,0.2042801556420233,0.3421492493158791,0.6792108628774765,0.0695620352553436,0.5336975679219442,0.5822934928328343
1.0,0.4189249222567748,0.9911548513913799,0.8127302774253671,0.4874489530242924,0.624156289737552,0.12645914396887156,0.1942755713334809,0.6795819826548826,0.04404451510131169,0.5153297546706406,0.35770954409412725
1.0,0.3907892788390344,0.9941646840561608,0.8195065931709682,0.4868067268134761,1.0,0.0710116731517509,0.14586938835884894,0.6836360316441865,0.030404343469022318,0.4796945850023571,0.2106329188781623
1.0,0.3588034947430771,0.997488160107033,0.8259643393704341,0.48554037912438197,0.6195041973384666,0.027237354085602995,0.07951334960431877,0.6896142810268633,0.02769496526390114,0.4851058356052829,0.09836669170385423
1.0,0.37509255145861103,1.0,0.8331378207583673,0.48434296660596793,0.5970232915773953,0.03623188405797106,0.1177723541158201,0.6990530845236662,0.04412824712316349,0.5000298656309519,0.10256126482213493
1.0,0.4055975122167925,0.9994864578065916,0.8324999419164911,0.4852796219777653,0.5992068423185186,0.05810810810810809,0.20804674210487376,0.7070320535490724,0.058842388134596864,0.4865803075399328,0.2091458972230224
1.0,0.4058936768843476,0.9980002197782096,0.8298898899192031,0.4851093651571876,0.5270599949914583,0.0010252904989747483,0.1326529102877001,0.7123609279533556,0.06260305017628638,0.4070222563412821,0.004913505362498248
0.0,0.4669035984007107,0.9938438604572324,0.8187299560024441,0.4906780797908461,0.5978708977334856,0.0668103448275862,0.2762443606242145,0.7233778029388434,0.10807448034652156,0.4778783118057048,0.2316228601960505
0.0,0.5259884495779653,0.9916917567439436,0.8125098000855231,0.4964070173533653,0.5577033243269482,0.1336116910229644,0.2562162561940682,0.7278127812147093,0.13237383638474026,0.5229170226109794,0.19765116378026487
0.0,0.5259884495779654,0.99196343942093,0.8131835932117866,0.4961631135177938,0.5519297161236812,0.2080471050049068,0.24794024110642696,0.7328316256930241,0.15962395044063155,0.5120366383760219,0.1501425471256546
0.0,0.5208055678957499,0.9957440448343331,0.8242461903318896,0.4950325921016921,0.5748293241767466,0.2358521426234869,0.2575918940906732,0.7378498851603803,0.17951635966517626,0.5179455333924333,0.20969320454448734
0.0,0.5387235302828373,0.9985555324076312,0.8359424482311231,0.493867533708599,0.5747308879803338,0.2701995420346745,0.3676059463057468,0.7427148199074136,0.1972747064545175,0.5455509299659576,0.4086634611293145
0.0,0.5505701169850437,0.9995353349775636,0.8401269837126515,0.4955084074636043,0.5675552149701456,0.29833169774288515,0.3688188743436137,0.7436480395288441,0.19272739031889652,0.546367061078349,0.41470575720182135
0.0,0.5379831186139493,0.9998636925920136,0.8419816185960067,0.4938725137718069,0.5788152289323234,0.26987242394504424,0.3031210709267064,0.7465785661720616,0.2036353209091082,0.4638705909103169,0.15512105867835474
0.0,0.547608470309492,0.9992799483634572,0.8390174143106957,0.4916052669724668,0.5706882405989484,0.2741249591102387,0.2888469787737593,0.7539551969366722,0.23071288730011086,0.4565867321631771,0.24494702353091385
0.0,0.5517547756552643,0.998595317852896,0.8394942370597434,0.4924695065895838,0.5739184134132393,0.25776905462872085,0.23263072257969056,0.7604614165653432,0.24653115843257886,0.35858006335178344,0.06269945959746448
1.0,0.5474603879757145,0.9987037006146888,0.8425732318577777,0.4919293747411161,0.5800793093128778,0.2459928034020281,0.2973300791361587,0.7702871192963292,0.2781124714429196,0.3915987541857184,0.0010019060651968491
1.0,0.5570857396712572,0.9995303139596252,0.8475905140014668,0.4933181685698255,0.5866125453768527,0.2675825973176317,0.3935581687744992,0.7800570717879289,0.3065640262064282,0.4661115786159439,0.08976798653297308
0.0,0.573374796386791,0.9991948184090784,0.8483472181161831,0.4919752691214591,0.5913384351978547,0.29536553524804177,0.3980400857924709,0.7857062505732109,0.3199551031093827,0.4704673719159299,0.14751518700139055
0.0,0.5935139937805419,0.9973665481949188,0.8468367330084037,0.4913542027430764,0.5943024274716585,0.32218649517684883,0.4495969233044893,0.7911544321218527,0.3256333264497091,0.4763968707627438,0.16492364645996996
0.0,0.6167629201836221,0.9962538204674022,0.8486730069588038,0.4912554234542825,0.6060265031494543,0.35635792778649905,0.4836032837807851,0.7959143894084619,0.3329209648503891,0.5152819365741238,0.3238399634724033
0.0,0.6263882718791648,0.9954011585934992,0.8521677469105531,0.4923248335586759,0.6059097980036394,0.3969088098918083,0.504171289105836,0.8000429777897291,0.3529764154282741,0.5415338597789385,0.8206152616859803
0.0,0.6434177402635864,0.9954168427677672,0.8552406961367071,0.4911351229701033,0.6076231961287772,0.4157650695517774,0.4484579542933215,0.8016037042470456,0.3731569676592758,0.5229035089995381,0.639603457041182
0.0,0.6370501999111505,0.9955384665615392,0.8573461902461543,0.4905067168270138,0.6047374518827934,0.4015337423312883,0.4399822498335921,0.8029643286162005,0.39032412377132375,0.5142162597276443,0.6527116587323821
0.0,0.6303864948911594,0.9956714573612492,0.8582700408666648,0.4891603868997628,0.6052645033414721,0.4113904877309906,0.4471858590340949,0.8036361725132659,0.40826230418491705,0.4732167932418301,0.5805652981225484
0.0,0.6361617059084851,0.9955690083090668,0.8610987010468909,0.4903026111940658,0.6080368276572321,0.4041199636473797,0.40378670216699897,0.8035642111333974,0.4150055442827158,0.4733887483111862,0.4633578906552918
1.0,0.6320154005627129,0.9946335619161984,0.8633229590048901,0.4900612742115766,0.6128467875307012,0.3878842676311032,0.40137563789660535,0.8043944744765399,0.4286945768442677,0.4688739686703083,0.3711059619699159
1.0,0.6382348585813712,0.9941339691846068,0.8671176302005041,0.487223838855885,0.6072302335604701,0.3984375000000001,0.4241624140226312,0.8046693482899205,0.4180565040748844,0.4450857736165639,0.441943433005994
0.0,0.6518584332889086,0.9930054688649784,0.8674377868138119,0.4855404704450016,0.6157773134215047,0.4257950530035336,0.4717920272169219,0.8035573844149557,0.3914242158695857,0.4550797347940324,0.5296995108315873
1.0,0.6573374796386791,0.9918358590371176,0.8655843241322907,0.4868544833926616,0.6111386603287409,0.41822429906542063,0.5101397825604612,0.8015502136140908,0.35690453632757124,0.5004929661995705,0.4887270587369891
0.0,0.6779209240337628,0.9915687716422718,0.8652215012663187,0.4859442943043556,0.6192173835579655,0.4625830684773187,0.5242437689520008,0.7999671354831479,0.34123017973106234,0.4659582807898837,0.5436757512229227
0.0,0.6597067969791204,0.9920587332983316,0.8663254053161977,0.48726528675307507,0.6166217859014125,0.4336896850621208,0.4966940315065456,0.7981636951817346,0.330255273536477,0.4344580585958861,0.34054213100886405
0.0,0.663705019991115,0.9916935035245455,0.8641650586143829,0.4857176675427715,0.6132418056014854,0.44438056912906,0.5265069151689962,0.7982626744678525,0.327896653067966,0.4180285306195371,0.3449556806061269
1.0,0.6509699392862431,0.9920514108877796,0.8664075530684449,0.4849227063960129,0.6169979831992682,0.3958154198910862,0.5035500332815626,0.7985693172610533,0.31629749371515625,0.3927648396001675,0.22292103424179086
1.0,0.6494891159484673,0.9917645921880612,0.8703431324950397,0.4839132341155202,0.6192667568029202,0.4245336348219333,0.5465572073071521,0.8005561291185004,0.31354306434426144,0.446397826739767,0.44918901026150265
1.0,0.6506737746186879,0.9939361679531588,0.8817735308149597,0.4847097863531754,0.6239264328435263,0.4053137365743357,0.5513497522372605,0.8013824621988709,0.311485648706106,0.4521452329209159,0.4136967155835093
1.0,0.6069894861543017,0.9938249299433554,0.8838911917528518,0.4816672041623123,0.6190295633840833,0.3521763708309781,0.4711411877819681,0.8023875939312384,0.3167689551781479,0.4000426217168635,0.2086873367906128
1.0,0.6494891159484674,0.9945818180572948,0.8862773521037128,0.4845710023090881,0.6255145407697359,0.4047484454494065,0.496339028178389,0.8062041575408878,0.34146150897400834,0.3817656217217463,0.2592503700147988
0.0,0.6752554420257663,0.9918809468099478,0.8805999515391518,0.4847037883557637,0.630823061632526,0.4436936936936937,0.4954958952740184,0.8093195115488994,0.3603922022179286,0.3807719150344308,0.2981319252770103
0.0,0.6928772397452984,0.9895369666357398,0.878104225227029,0.488075323658152,0.6315285122961573,0.4490818030050084,0.4377856667406255,0.8130807897864307,0.3942148647326886,0.3623563449228701,0.22924916996679684
0.0,0.6974677920924033,0.9891872407249516,0.8787151155659767,0.4891794876364488,0.6302473465771876,0.4707749272679185,0.41831225501072383,0.8177727833121868,0.42672614179965707,0.3449493497982661,0.29329173166926586
0.0,0.7537390789278839,0.9908366781615427,0.8844731432921464,0.4950129527137506,0.6323015125321574,0.6001057921184871,0.4642556023962722,0.8212837960370023,0.4561993221669629,0.34380527140619177,0.5302212088483514
0.0,0.7852806160225085,0.9918155342138534,0.8894188190515548,0.4986461993286582,0.6424209494120464,0.6633165829145728,0.5141705495155686,0.8218279672484661,0.4571392692755509,0.3548517896149413,0.7596703868154726
0.0,0.7977195320598253,0.9899580596855936,0.8905563412046675,0.4966298891124418,0.6403945588763611,0.6789209203914309,0.5518674654241554,0.8201451564266597,0.4623768642326964,0.3520952432004719,0.8616744669786793
0.0,0.8111950244335849,0.9874960928615176,0.8904727430012052,0.4951168470294047,0.638624964734351,0.6852684475006612,0.5553657273870277,0.8168237758929053,0.4665618538087319,0.35628067207359576,0.8261130445217798
0.0,0.7987561083962682,0.9863385456693156,0.8947650313336042,0.4939850783477867,0.6413738812041601,0.6606717799523936,0.6124916796094964,0.8140710806318958,0.4642222065052735,0.3756436044857636,0.9760390415616632
0.0,0.7944617207167185,0.985872613332704,0.9001122263691046,0.4921808776724558,0.6417101653609855,0.6741602750595079,0.5955106870793581,0.809379662911063,0.4504210013129185,0.4131256760448577,0.9684469103384024
0.0,0.7947578853842736,0.9851403447506112,0.9043457856084208,0.4925697810985015,0.6415463794956993,0.6670193070616238,0.6033799275201539,0.8066195166905656,0.4434641390284444,0.4221869298314393,0.9542457805907181
1.0,0.7777284169998521,0.9849246939160384,0.9065786246553128,0.4910874255938533,0.6455405332442966,0.6307855064797674,0.5223060424524816,0.8045225682166066,0.4551991194161914,0.3647479549838247,0.8311132031066125
1.0,0.7457426329038945,0.9866408059766856,0.907620489850936,0.489455307610994,0.6479027488972979,0.6043374768579742,0.4361733599585832,0.8041030566540182,0.4591830713819946,0.30778252103981546,0.4880333433592581
1.0,0.7395231748852362,0.9883255785710576,0.9106963256962686,0.4874220948700602,0.6480265884056059,0.6186194128537424,0.4394645366466978,0.8040980660342558,0.4586174529046753,0.3123352268650258,0.4702874575688567
1.0,0.7414482452243447,0.9885061093901888,0.912767932479266,0.4880769835280915,0.6515458189734709,0.6106850039672044,0.4662007247984615,0.8037635221801421,0.43160647482990655,0.3480996855989113,0.3930305504232352
1.0,0.7124241078039392,0.9898026510693068,0.9238834315047392,0.4885506475864326,0.6494168716310302,0.5612271885744512,0.4189187190296578,0.8039510722011819,0.4146562299506157,0.3353653340461253,0.22498173849525105
1.0,0.6719976306826595,0.9925193411737532,0.9330293687523468,0.4854146263192993,0.6529219565561977,0.5358370801375297,0.4190962206937351,0.8069160170824401,0.4051446529362667,0.33556114245260377,0.2157865337515552
1.0,0.6668147490004442,0.9953635016161784,0.9389698803207458,0.4881889961408264,0.6494543238105512,0.5355725998413119,0.4089712299386137,0.8102691111975981,0.41522808501241787,0.32656491296045315,0.2194675613263032
1.0,0.6727380423515474,0.9956488203943482,0.9405363787727924,0.48519553756904,0.6481814833206931,0.5458873313938113,0.3752089342504252,0.8136144273625279,0.42374598181657774,0.333613270703019,0.14918739924186594
0.0,0.7217532948319265,0.9955068535630588,0.9441693041700152,0.4877387450625434,0.6496017711045106,0.6286696641100238,0.4274831743214261,0.817113532788903,0.4345018228395969,0.34460601678721986,0.1728459530026113
0.0,0.7312305641936917,0.994455127008536,0.9505149062339148,0.4888520400315529,0.6490361062279788,0.647712245437715,0.45362769025959604,0.8186720705724595,0.4309775681242387,0.3817924520252608,0.14905715114592213
0.0,0.7343402932030207,0.9935738774992184,0.9536323617156062,0.4855520092040944,0.6519648501305977,0.6485056863263686,0.4542933214998886,0.8208956648699497,0.44176834746842697,0.3826158143710866,0.21206846533216936
0.0,0.7464830445727824,0.99169867639199,0.9552838216308226,0.4869928502911605,0.6628454783301823,0.6720444326897647,0.4907773093706089,0.8221380357599499,0.4454895353253029,0.4239514924529144,0.5648970118944008
0.0,0.7729897823189693,0.9902850796188934,0.9567095030316684,0.4869184972681407,0.663170887621084,0.7019307061623911,0.5928629539235264,0.8221063027998896,0.4525274632324541,0.501419316236916,0.8105599071656528
0.0,0.7630682659558714,0.9884007898357172,0.9572577754933101,0.4892154728786802,0.6542829078617259,0.6926738957947634,0.5521780933362915,0.8196633995315259,0.4408607903388944,0.4974744025887039,0.7937917029300837
0.0,0.7587738782763216,0.9863151545132536,0.956038468803346,0.4888638737631856,0.6642833827362916,0.6828881248347,0.5553731232896971,0.8184487143059436,0.4411588836107944,0.500836346638715,0.7350159559036831
0.0,0.7737301939878573,0.9834806272912407,0.952877023729604,0.487543684730949,0.6610894696867617,0.6865908489817509,0.5597662894756306,0.8157602221952359,0.4155923287077376,0.5055602558838033,0.5872352770525062
0.0,0.7869095216940618,0.9805548870530791,0.9480525482858426,0.4855812795337308,0.6630214047580827,0.7021951864586089,0.5875231121958433,0.8127894174190728,0.3857551160769634,0.5323974412425987,0.561895901173308
1.0,0.7719532059825263,0.9791707927554266,0.9472916914433648,0.4841869085191105,0.6713315448020265,0.6728378735784184,0.6130167886990607,0.8113247407327995,0.3706127415240131,0.5555725382932883,0.4763446738719057
1.0,0.7732859469865244,0.9766035570094608,0.9423521055960626,0.48379700524287395,0.6701464276745387,0.686061888389315,0.5809185711116045,0.8111684917471462,0.3739038591770113,0.5177891666441906,0.5568948525509826
0.0,0.7968310380571597,0.9750123920937074,0.9418053688989024,0.4840218581471379,0.6728238668346243,0.6918804549061095,0.5913541897788626,0.8119659644722035,0.3959203718070109,0.5267296669046139,0.5385508592661399
0.0,0.8002369317340441,0.9749061413979035,0.9448240140364692,0.4833825704438916,0.6795652197670229,0.7170060830468131,0.6555062495377559,0.8121026546529873,0.4027333584612624,0.5468294496018218,0.7677327317364468
0.0,0.773434029320302,0.9774265213062822,0.9549698819597998,0.4819534677557173,0.6749471913931989,0.7117164771224543,0.7221359366910732,0.8116835291506219,0.41638731045686944,0.5728746847658671,0.9625354717342092
0.0,0.7565526432696579,0.9783116907825552,0.9604783852914888,0.4829507485728186,0.6795150979730544,0.7019307061623911,0.6527253901338657,0.8089322623812851,0.4019055866093637,0.5299784536422018,0.936342740390756
0.0,0.7618836072856507,0.9782734194760936,0.9651359665903456,0.4840432071487119,0.6798004974264447,0.6961121396455965,0.6289919384660894,0.8088763718255416,0.4154565951717813,0.5132372201411136,0.7635359468777942
0.0,0.7660299126314231,0.9762246381837996,0.967010991360998,0.4835465291627419,0.6826544737694132,0.7257339328220048,0.5679905332445825,0.8095884817363264,0.4234362127203923,0.448882628717924,0.8468003207698469
0.0,0.7882422626980601,0.974922781745534,0.9720816158573962,0.4828515225707232,0.6882815368985016,0.7450409944459139,0.5422453960505883,0.8107845673349738,0.44730108117252615,0.4774384735701002,0.8391659983961526
0.0,0.8036428254109285,0.9724781740130808,0.9745625681247584,0.4844174055046252,0.695981931659943,0.7767786299920655,0.5250942977590414,0.8101363831165305,0.4541613958460722,0.463470463451444,0.8938893344025663
0.0,0.8200799644602399,0.9692233941639682,0.974487313636218,0.4861226640392352,0.6935051525052154,0.8093097064268714,0.5570667850011096,0.8089480071570665,0.4625132203178896,0.4377837745400008,0.9885805934242198
0.0,0.8302976454908929,0.9659663696206554,0.974727277552066,0.4883772212824262,0.6889366025271616,0.7963501719121926,0.5171067228755267,0.8059459770400849,0.44988185644472706,0.4573438754933868,0.9879829787234052
0.0,0.8128239301051384,0.9608383038500328,0.9703324075885718,0.4899576546693944,0.6934817908816671,0.7749272679185402,0.4777531247688784,0.8038036435715796,0.4390440849504645,0.4764733441695743,0.8688286040952096
0.0,0.8356286095068859,0.9583593863080452,0.9740957787752059,0.4898662734078962,0.6997014083166206,0.7802168738428991,0.4771392648472751,0.8018158843896468,0.4265008182352218,0.4760745349662101,0.8746393827574644
1.0,0.811935436102473,0.9559532383958784,0.9770711225111632,0.4902643463663357,0.6994332813751675,0.7564136471832851,0.5079358035648252,0.7992134084993321,0.41186847672958377,0.4503510058847551,0.8496207746808571
1.0,0.7857248630238413,0.9561469110946321,0.9862362240652244,0.4907683868191989,0.7035676013845577,0.7228246495636076,0.4316248798165821,0.7952650974352424,0.3949723100835635,0.4333092114604871,0.5509535253909306
1.0,0.80171775507182,0.9552447859424296,0.9901075994449156,0.4919868095016621,0.7035134218740611,0.7640835757736049,0.486184453812588,0.7949393120990325,0.3808819569854848,0.4301600357592675,0.7136302631168266
1.0,0.7855767806900638,0.9525541038922964,0.990433066043612,0.4908130112086429,0.6996199800119852,0.7262628934144408,0.4802159603579621,0.7925409415950115,0.3707135384536818,0.4245197978619861,0.6685289803052538
1.0,0.7784688286687398,0.9519554281489514,0.9940084404570853,0.4907610549440623,0.6987853273957918,0.697699021422904,0.4528880999926039,0.7916518424649809,0.3755388206725044,0.4470186759256587,0.5704922126158729
1.0,0.7452983859025618,0.9520747805281794,0.9975923530110402,0.48860891461750106,0.6960187333911841,0.6873842898704048,0.3742030914873162,0.79151985344924,0.3955684713017456,0.42055669003689616,0.4108430350510315
1.0,0.7244187768399228,0.9518862676488908,1.0,0.4902362787635822,0.7078478593745231,0.6514149695847657,0.3357296057983876,0.7930255692102439,0.4188558947793716,0.36491144540097337,0.17915665282936571
1.0,0.7826151340145121,0.9490694583725142,0.99665215603747,0.4939030153085386,0.7060268275451291,0.7307590584501454,0.3907107462465794,0.7959520234538578,0.44645191603269707,0.3714298535283893,0.3384000749087049
1.0,0.7577373019398785,0.9454985264658629,0.9933992316417932,0.4918044712962856,0.7042974918565684,0.6768050780216873,0.3865542489460833,0.7963787981600698,0.458311061512099,0.36428589619359053,0.2251006585723644
1.0,0.7681030653043092,0.9429794965279872,0.9919163833846432,0.4909207618782315,0.7100688630610269,0.6953186987569427,0.4330670808372159,0.7989088496502197,0.4761928504515405,0.423119805261216,0.1699803364649333
1.0,0.7617355249518731,0.9407854752804004,0.9909026952354052,0.4907505844509608,0.7116641147094944,0.6720444326897647,0.393358479402411,0.8022122591186684,0.4935205871539475,0.4269099103573339,0.003162992982109439
0.0,0.7960906263882719,0.938665172724944,0.9890904597113204,0.4948512568589388,0.7131268524009878,0.7336683417085429,0.4745285112047925,0.8091351436179293,0.5301363455361616,0.4597358682252621,0.2255489021956108
1.0,0.7759514289945209,0.9353817893226114,0.9845050715378648,0.4929467803433282,0.7085231604435123,0.6958476593493785,0.4394571407440284,0.8130933388583157,0.5550162059235522,0.4692981567631591,0.1469917308240684
0.0,0.8482156078779801,0.9319441712141816,0.9785793271715436,0.4983909654664453,0.6919381188825519,0.8000528960592436,0.5238074106944753,0.8188306172027155,0.5973733045683387,0.5181520429269354,0.31074449201211
0.0,0.8877535909965941,0.9271221922858848,0.968743070961194,0.4993997507447099,0.6962361161833723,0.8619412853742396,0.5468826270246283,0.8203688314865631,0.620486476736959,0.5524997883970199,0.4800563850892756
0.0,0.8870131793277063,0.9220793281717142,0.9600176645091888,0.4999253953594016,0.7057358898181694,0.8489817508595611,0.5931218105169739,0.8209299664414895,0.6383130855070827,0.575322665343606,0.7239486416077403
0.0,0.9018214127054642,0.9172388174693727,0.9522149006102036,0.4984854476928121,0.7123871996957379,0.8569161597460991,0.5874491531691446,0.8197008169955609,0.6292743605525243,0.5687548346271672,0.6601693338295489
0.0,0.8933807196801422,0.912553706814259,0.9506931682766842,0.4980683556260914,0.7178868559591026,0.8357577360486645,0.6267287922490941,0.8199857129247663,0.6259101496661064,0.5907244695526984,0.8279214737625615
0.0,0.8936768843476972,0.9084870992632216,0.9499363512375658,0.4984367541571246,0.6931961555281354,0.8299391695318699,0.6026033577398122,0.8193218187551652,0.6107163673461647,0.536513395510418,0.8919333829549662
1.0,0.9127795054050052,0.904109267022174,0.9483036133784472,0.49716878122834,0.7085387330267637,0.8550647976725735,0.5925375342060495,0.8178280612426712,0.5917454876418893,0.5166899862023207,0.942128768142908
0.0,0.9327706204649784,0.9024731833548826,0.9501694970913744,0.4961438902983917,0.6902436846322356,0.8780745834435335,0.601124177205828,0.8156396155150261,0.5862956126600134,0.5272292024424724,0.8085944830174507
0.0,0.9102621057307864,0.9008077709674326,0.9526600314804043,0.4898779101885449,0.7375397917741973,0.89129859825443,0.5821980622735005,0.8133796296083801,0.5943602498082637,0.4940239356554943,0.8437324075811578
0.0,0.925514586109877,0.8998323610231628,0.9563907770964549,0.4878883083520389,0.7195701050949336,0.9135149431367364,0.5818948302640338,0.8124083682159307,0.6170488056585304,0.4940705225738165,0.7421655094764492
0.0,0.9240337627721013,0.896110604907914,0.9547139186121198,0.4897993938193093,0.7244691735599451,0.9135149431367364,0.5340285481843058,0.8104052160328845,0.624700221691714,0.4784094460026543,0.7122349408894718
0.0,0.8964904486894714,0.8929970235091581,0.9553444966877704,0.4910740522547778,0.726516241999058,0.8669664110023806,0.5839878707196213,0.808280662070666,0.6255466135586611,0.4800969570294613,0.7382248076562196
1.0,0.8890863320005924,0.8894365221740163,0.9534914448724796,0.4936473294585087,0.7307272119057586,0.8614123247818039,0.6629761112343757,0.8042226220984721,0.631668914171541,0.5187502614467978,0.9973728654531788
1.0,0.8964904486894713,0.8847839569788604,0.9506098012017412,0.4949733620528407,0.7491502420262066,0.8611478444855858,0.6633311145625329,0.7981493896884313,0.6248086735282217,0.5196848339861626,0.9555119118777252
1.0,0.9030060713756848,0.8798956697404027,0.9453587017040496,0.4965886250895975,0.7545255568671289,0.8529489553028301,0.6690333555210413,0.7919559153499709,0.6026144401310909,0.5251271550093154,0.9917447676394899
1.0,0.8956019546868059,0.8751592122806074,0.9411076595707671,0.4994603963135445,0.7516131813844903,0.8434276646389846,0.7015753272686938,0.7861459925142076,0.563729987534229,0.5519214222644839,0.9991421021927868
1.0,0.8846438619872651,0.8717459085847136,0.9383737129612192,0.4990684852669648,0.0,0.8130124305739224,0.653583314843577,0.7816091226263129,0.5348518773381196,0.5151744054972408,0.774492700394823
0.0,0.9552791351991708,0.8680577665535615,0.9357084731222952,0.5064247402275953,0.7578951818276849,0.9447236180904524,0.6463649138377341,0.7800806272921743,0.544198428775764,0.5021805180301468,0.8267376733082369
0.0,0.9594254405449428,0.8644966447136505,0.9357567545782156,0.5032985322677068,0.7373773036945594,0.9633693418547216,0.6615560979217519,0.7786392457068751,0.5443013369943439,0.515940578837562,0.751813423928016
0.0,0.932918702798756,0.8597919443586911,0.9311629448446656,0.5036750224376497,0.6869898748109694,0.9433962264150944,0.6597441017676203,0.7775345138432956,0.5471994516200823,0.5115788146581466,0.8294922413001558
0.0,0.9441729601658522,0.8555973916325942,0.9266392060859964,0.5017637173347879,0.7415350327823195,0.9472245009570686,0.6431994674950074,0.7748588271086105,0.5222946632405123,0.5429831856300429,0.8088329813607562
0.0,0.9222567747667704,0.8495308528531457,0.9192172362404138,0.4999653500611688,0.7388721253946952,0.9056603773584904,0.7079505953701651,0.7720073667636127,0.4939785747478895,0.5403941381494961,0.8125975576163816
1.0,0.9207759514289944,0.8448444886588241,0.9159740551072152,0.5011280179189015,0.7674670408580243,0.8799562482909492,0.6846165224465643,0.7688756121960338,0.4744457801041313,0.5719054330938398,0.7846661680893311
1.0,0.8652450762624018,0.8398084210677915,0.9125150400628396,0.4993410193329312,0.7473610936368498,0.7855792600594111,0.650166407810073,0.7682270619337785,0.4599500212210966,0.5795795840091579,0.769089924439745
1.0,0.8405153265215459,0.8376195929871829,0.9134481095899712,0.4975457804447495,0.7633657514853321,0.7292847503373819,0.6138081502847428,0.7684281934175667,0.4591609374960735,0.5926655205678429,0.7251205611573888
1.0,0.8488079372130906,0.8364314502143863,0.9159166264615486,0.4971865887087111,0.7588365671980504,0.7646423751686909,0.6119961541306116,0.7702181002557584,0.44563284038727735,0.5896438107685893,0.8447275446785463
1.0,0.8659854879312898,0.8345930464197296,0.9166146892903276,0.4981070889723722,0.7535566056862735,0.813225371120108,0.5545151985799871,0.7702244794764288,0.4432828527037286,0.5363519302354607,0.9076514428656174
1.0,0.8394787501851029,0.8312144907077236,0.9113681098397282,0.4965254341433867,0.7514495085440551,0.7460188933873144,0.5087567487611862,0.7674430642740147,0.424969761446636,0.5506805776844798,0.7999329499445547
1.0,0.8262994224788982,0.8274759965363335,0.90471938352105,0.4953859294973056,0.7290699595356301,0.7187584345479082,0.595421936247319,0.7639328345115974,0.3950669263677074,0.5666492445350451,0.8852412512571884
1.0,0.8089737894269213,0.8243426508321908,0.9009679913404516,0.4936316166526844,0.7498751890588191,0.6869095816464238,0.5984394645366466,0.7586786331415865,0.3516003539352488,0.5689418549774802,0.8409191800496145
1.0,0.8271879164815636,0.8215395969503355,0.9010814562744184,0.4925897977487675,0.728927063605586,0.7095816464237517,0.6209082168478663,0.7540547630238326,0.32386138183245183,0.5877780516083727,0.9932628280454371
1.0,0.8034947430771509,0.8191854480000164,0.9032872437593666,0.4901949995911842,0.7128464635687699,0.6651376146788989,0.6192367428444641,0.7475502887566474,0.2800509095318641,0.5876982030686534,0.9773438939031126
1.0,0.7601066192803199,0.8182914012624506,0.9069539968683259,0.4881682488685573,0.7177270138563643,0.5992984349703184,0.5749204940462989,0.7402361302295517,0.2237787080246418,0.6045581791112958,0.8190581445324503
1.0,0.7519620909225528,0.8191530677141087,0.9124222417942338,0.4901370081139634,0.7070866204052006,0.5968699406368051,0.6383477553435397,0.7348614831101359,0.18899966252144376,0.647008228949677,0.7494013630502849
1.0,0.7256034355101435,0.8195219753398854,0.9154564316742042,0.4892994068621726,0.7063774007342546,0.5725849973016729,0.6368389911988759,0.7310145840985347,0.17669827472078048,0.6466609026634993,0.6541413397187942
1.0,0.7099067081297199,0.8190196259509278,0.9181955780772626,0.4910845127377002,0.7062314195263,0.5466810577441985,0.5017972043487907,0.7298357956202175,0.1869421133613287,0.5967685373727271,0.4248787376435185
1.0,0.7044276617799496,0.8179937431130472,0.9206052328159402,0.4908267103678495,0.7129190130157923,0.5269832703723691,0.4763700909696026,0.731206350993385,0.2031656327431723,0.6297178755213705,0.3768035856818317
1.0,0.7128683548052717,0.8170416837148026,0.9242709589266018,0.4916017656911839,0.7116130118609487,0.5512682137075013,0.5397529768508244,0.7307557988974476,0.2052342061439765,0.6227432394637058,0.4591698900963953
1.0,0.7001332741003997,0.8167140712158077,0.9251539760663784,0.493786482369394,0.7215904102672898,0.5294117647058822,0.5444123955328746,0.7307208580725082,0.2194324441766018,0.625971365637612,0.3209615030392331
1.0,0.7190878128239302,0.8162123942952398,0.9242533901443192,0.4961589796091143,0.7357002618708475,0.5709660010793309,0.4765623844390208,0.731876879470041,0.2218800005198737,0.5824836307577068,0.4063977405292571
0.0,0.7568488079372131,0.8146904406467542,0.9210918630042382,0.5012862969017016,0.7198494006937912,0.6416621694549378,0.5410842393314106,0.7344189915398884,0.23095301149988,0.5721399348394468,0.4543500951679256
0.0,0.7261957648452539,0.8124988380063495,0.9202745278936488,0.4982484002064108,0.7232996444119741,0.5731246627091203,0.4363508616226608,0.7364486864329742,0.2210364564603394,0.557571644306621,0.189353472094308
0.0,0.7161261661483784,0.8108312394380873,0.922961661037888,0.5004904654697666,0.7389394313589883,0.5599028602266595,0.3393683899119887,0.7407042894275968,0.23324867395015175,0.5090941907280292,0.16991044020380394
0.0,0.7433733155634532,0.8094500164564896,0.9273388772308292,0.5043059801152114,0.7428530107325944,0.6114409066378845,0.4810073219436434,0.7469678093725678,0.27947238263683044,0.5395713343680885,0.2982056394189688
0.0,0.7719532059825263,0.8048108114703748,0.9238449209473878,0.5048256068680611,0.7510193039852767,0.6546141392336751,0.4044301456992821,0.7510926752079337,0.3169325502449177,0.5051718978360406,0.3998227792018722
0.0,0.8128239301051385,0.7991684148130777,0.9163902227487885,0.508751806716103,0.7652544297587255,0.6762007555315706,0.3520227793802229,0.7573702087551364,0.3673134241378492,0.4851026339065171,0.4811569521507434
0.0,0.8572486302384126,0.7930020706994655,0.9067585669341656,0.5114162597812826,0.7590901773711484,0.7482611021936862,0.4271651505066193,0.7602583353787521,0.38719647437462507,0.5164352865591826,0.6269274248247788
0.0,0.8393306678513253,0.7897381210681491,0.9054988283838724,0.5104228479962086,0.7514430035022565,0.7046837787774543,0.4540936321278011,0.7589543419859701,0.3854281126865379,0.4788730992536255,0.6723716934207553
0.0,0.8200799644602399,0.7868169288334218,0.9029190885934596,0.510404001457586,0.7682961674996729,0.6901816267438801,0.3284224539605056,0.7564850610115026,0.3932267906137277,0.4692324317700433,0.4822292561609759
0.0,0.8347401155042202,0.7850580742524417,0.9023985872625032,0.5090894970303362,0.7598980877894548,0.7054488023163991,0.3132164780711487,0.7573840243769911,0.4251945927264403,0.4601716097190068,0.3864197023271108
0.0,0.8365171035095513,0.7823384817334801,0.8981967568753992,0.5088314501924274,0.7595577817941794,0.7151499210941611,0.3372457658457215,0.7578007905469528,0.4525439007714184,0.4212379934966111,0.4438985280815719
1.0,0.8040870724122611,0.7793569276602205,0.895441714834124,0.5089100356745899,0.7622396047433615,0.6596528143082587,0.2931661859329928,0.7582259227406938,0.4859894492534678,0.3941661094194242,0.3210673464353257
1.0,0.8120835184362505,0.7766580701944205,0.8951404650480215,0.5089694930163484,0.7497477925045315,0.6637214137214136,0.2558686487685817,0.7603818920043572,0.5258578757086907,0.3804891836147216,0.29444712871995765
1.0,0.7729897823189693,0.7731353436992966,0.8964309097999039,0.5079469634290504,0.7495691187165663,0.5982328482328482,0.19946749500776567,0.7613121684785957,0.5315938537566117,0.339850162955471,0.10037400905495553
1.0,0.7880941803642825,0.7708194546548736,0.9008633691292868,0.5069805072460712,0.7671511768926905,0.6112266112266111,0.24305894534427894,0.76508491570936,0.5263510840038603,0.3670758796757832,0.04849591095363345
1.0,0.8089737894269213,0.7685116565554179,0.90285793977271,0.5063167975356427,0.7747150092573404,0.6482776482776483,0.3362029435692627,0.7700029054918229,0.5253343518812661,0.3617693110127056,0.2416026914335817
0.0,0.858137124241078,0.7669176435720405,0.9041988311896756,0.5127280140422998,0.7733061546612292,0.7402227402227404,0.3793210561349015,0.7721798560284174,0.5150530976189887,0.338198187834287,0.27510244984878585
0.0,0.8270398341477859,0.7646743237883026,0.9032664470163654,0.5124340740806392,0.7739062126015807,0.6925666925666926,0.3732712077509061,0.7733414573988411,0.4947514421112375,0.33370138398370386,0.16483654953917082
0.0,0.8039389900784837,0.7623284634417383,0.899660564676013,0.5134325774066271,0.7793882813413485,0.6539756539756539,0.3734782930256639,0.7764144517115876,0.4585491315244917,0.33281345546373403,0.0724546370967742
0.0,0.8368132681771064,0.7587990135881549,0.8923576973352352,0.5146288782412333,0.7801470639161164,0.7078477078477079,0.5087715405665263,0.7834600455541596,0.4737704500112601,0.3534366132440808,0.18067748881895024
0.0,0.8400710795202133,0.7545062107258039,0.8858446227690621,0.516511274682141,0.7819041427936102,0.6910126910126911,0.4127801198136231,0.7878184483281898,0.4893502888809826,0.3498113554325332,0.03238363425542461
1.0,0.8557678069006367,0.7490293581092123,0.879498920137314,0.5152202912014888,0.7971343976622706,0.7177254098360655,0.4345684490792103,0.7971802762287123,0.538732991164935,0.3610796937721281,0.06986771411802044
0.0,0.9189989634236636,0.7448997890769091,0.8762237287010177,0.5219555855924289,0.7905488966720551,0.8002541296060991,0.5092522742400708,0.8035360936354248,0.5768117432989791,0.4032413478644423,0.3868346200731419
0.0,0.8942692136828077,0.7395413237519385,0.8691324680782224,0.5221267367239506,0.7800638315265818,0.7703241895261845,0.44144663856223615,0.8037722192737099,0.5832293130231085,0.3553364532312429,0.04602916610230779
0.0,0.9717162742484822,0.7362390147417385,0.8697376059713051,0.529735566527898,0.0,0.8882542835857958,0.6050883810369061,0.8090568648922609,0.6082867868166315,0.4219828874436368,0.35225066594428805
0.0,1.0,0.7318068178190992,0.8684469738033704,0.5328007923283191,0.6958481415523822,0.9423737126042178,0.6856519488203536,0.8110828968470631,0.6149351816244715,0.5028303301021824,0.6224434511716108
0.0,0.9971864356582258,0.7275936543905704,0.8680269863960166,0.5315622812697233,0.8044560246024193,0.9443354585581166,0.6636417424746689,0.8097221275628972,0.6182986292318343,0.4764983946829152,0.6236173190663229
0.0,0.9819339552791352,0.722464145600218,0.8620274320609005,0.5338769085254439,0.8298584392598187,0.9195684158901422,0.6817617040159751,0.8082510082501988,0.6332196931501942,0.4888899719988621,0.5867985010609965
0.0,0.9946690359840072,0.7166738806394172,0.8539306686657138,0.5324492152214885,0.8211759164549727,0.9303580186365864,0.7418977886251019,0.8053453082129214,0.6302504051828204,0.5622121313563985,0.780531852453835
1.0,0.9743817562564784,0.7107665028977129,0.8469042938040332,0.5313513962585876,0.8714193502993985,0.8876900441392841,0.7947563050070259,0.7984455055537156,0.6143051403358295,0.5940853694344511,0.796060393960603
1.0,0.9877091662964608,0.7058756127491941,0.8441930376704163,0.533080461844567,0.0,0.9107405590975968,0.854944160934842,0.7906312870664622,0.5865822367884984,0.6257814786343822,0.8190052169184493
1.0,0.9810454612764696,0.7022640516659268,0.8443324638942293,0.535849436590041,0.87164666743654,0.9021579205492888,0.8629613194290366,0.7820710501855572,0.5581509089499573,0.6296278188954173,0.8252735731603437
1.0,0.9686065452391529,0.698840694708312,0.8433052796094043,0.5355399262582556,0.8177969274644199,0.9532831559823514,0.9604984838399528,0.7728491014546066,0.5151336710256856,0.6661590631596839,0.9682920024289776
1.0,0.8956019546868059,0.6958133970225927,0.8376995552219213,0.531283235952404,0.6958143841313924,0.9626393492015668,1.0,0.7631853556010022,0.4793014570015214,0.6834386093236637,1.0
1.0,0.8990078483636902,0.6924487575264241,0.8323068909055558,0.530682529524677,0.6990606244729947,0.9923850137069752,0.8129576214777016,0.7555333827801156,0.4525623251943265,0.5452587797661113,0.9852430016758746
1.0,0.8840515326521545,0.6892474002848098,0.8262577466239176,0.5295628927427357,0.7381229793396975,0.9681705809641532,0.7476739886103098,0.7505715039679395,0.4391791404731476,0.5446297798613264,0.9911473144711682
1.0,0.8748704279579446,0.6854110959263807,0.8219633098572223,0.5310540300647856,0.7708176420807317,0.971875,0.7976776865616448,0.7457870943503053,0.4338203773157588,0.5685608483593668,0.9875301483039975
1.0,0.8533984895601954,0.6822681866229011,0.8168670941153826,0.5291650669921407,0.6199527818720285,0.9888963660834456,0.643169883884328,0.7418327816878048,0.4381753692376968,0.5220972636987421,0.931280836089056
1.0,0.8063083074189248,0.6791983526616611,0.8125779083810667,0.5265227596531787,0.6251549348699683,0.9713761467889906,0.524842837068264,0.7420160272735923,0.4774239023035446,0.5121039334089289,0.8400325381527523
1.0,0.7814304753442913,0.6770362622718328,0.8073257171869475,0.5266180356536883,0.5258120382870837,0.916697247706422,0.4571925153464983,0.7412462475853743,0.5075035988544812,0.529001769090226,0.7279881165007341
1.0,0.7996446023989339,0.6739966350038243,0.8002168159290859,0.5259280303487848,0.5862370501824054,0.9603669724770644,0.5200798757488353,0.7418829473325261,0.5331189454716116,0.510050897057233,0.8308546570231132
1.0,0.8057159780838146,0.670521141164291,0.7949692385621459,0.5278451271002882,0.5828748981362569,0.9519266055045872,0.4972487242067896,0.7402013513902552,0.5419385767617396,0.4987618845314497,0.8765318573272741
1.0,0.7957944617207167,0.6668327645893893,0.7914631113021293,0.5301561125179738,0.5814113937160265,0.929908256880734,0.5054507802677319,0.736501912589212,0.5273840595487312,0.5027785881427189,0.9882357286645614
1.0,0.7774322523322967,0.663507644296042,0.7906134156413209,0.5281791370776026,0.6198857691038288,0.8766972477064221,0.5313216478071149,0.7307846016993849,0.503047491442891,0.5154029937155833,0.8745864274685693
1.0,0.7503331852509996,0.6604330019272254,0.7878877181255048,0.5252908413596034,0.615276519271968,0.7930275229357798,0.4411434065527695,0.7267611727951435,0.485190284366609,0.5203117381881213,0.717226674509227
1.0,0.754035243595439,0.6571645185913432,0.7840551055772521,0.5258719576757764,0.6200860797237586,0.8036697247706421,0.4039272243177279,0.7266456180826533,0.4848518729257934,0.5037168167723023,0.7323336560062828
1.0,0.7698800533096402,0.6531482963310954,0.7775891539914148,0.5258551204193544,0.6146163823677803,0.8168807339449541,0.4504030766955107,0.7252884241262822,0.4792324644813454,0.4761832689736281,0.7857012717268521
1.0,0.7738782763216348,0.649058628552652,0.7722031154475779,0.5283478156519691,0.6215848040709304,0.7944263481722765,0.4412765328008283,0.7213118288292379,0.4535925347955001,0.4711787036025809,0.7113471559231871
1.0,0.7623278542869836,0.6456826015844753,0.7669002253341359,0.5302817735508603,0.6203454448749212,0.7730017761989343,0.454907181421492,0.7187990943346934,0.445341510835696,0.4283211980891188,0.7195641875888201
1.0,0.7652895009625351,0.6445194730183083,0.7671678814783445,0.5311946354051819,0.6340228581480474,0.7712255772646537,0.4046076473633607,0.7149657788920076,0.4325348821397901,0.4010593534236885,0.5806763108989547
1.0,0.7441137272323413,0.6424898036319314,0.7660718546071843,0.5299620800129791,0.6388245731456343,0.7443661971830987,0.40423785222986464,0.7141739254206609,0.4380713378013825,0.3995506603988375,0.4241518784389468
1.0,0.7461868799052273,0.6415533101335545,0.7685099720522202,0.5313963091539925,0.6753280960581756,0.7288732394366196,0.38407662155166056,0.7158277421768746,0.4477646673471671,0.4380472154112123,0.4041285573734651
1.0,0.7133126018066044,0.6400508159397277,0.7708009146518258,0.5288757358632815,0.6537611349448247,0.6661971830985913,0.352814140965905,0.7193937371516991,0.4628177783957765,0.4171456592693963,0.27096162955945113
1.0,0.7053161557826151,0.6403349512062636,0.7752900559234759,0.5310099455311499,0.6412724169222329,0.6517605633802817,0.3022483544116558,0.7260645036078865,0.4980042762611978,0.3797544090697534,0.000246984728110754
1.0,0.7279727528505848,0.6397147743622754,0.7790406203577724,0.5341885841655288,0.6331809383384822,0.7225352112676056,0.4066415205975889,0.7373230238171942,0.5581025424342951,0.4342462282585805,0.2495730494794721
0.0,0.7602547016140975,0.6383082304379214,0.7794341966799219,0.5368245041800612,0.6717620676593637,0.788380281690141,0.446128244952296,0.7435785384388847,0.6053352013745908,0.4587350781280064,0.4138963621476199
1.0,0.6959869687546275,0.6354467463560075,0.7752312256887655,0.5270456040221998,0.6540147480442507,0.6306338028169014,0.3865616448487537,0.7470769309071372,0.6370624556056129,0.4065163738068646,0.0005308597133359074
0.0,0.7214571301643713,0.6340420695831516,0.7727943311157852,0.5288429299109779,0.6390476504032937,0.6806338028169014,0.5265734782930256,0.7541590049487976,0.6841953990088396,0.4663980284879597,0.12230532336119762
0.0,0.7451503035687843,0.6328274325432878,0.7714913959824479,0.5333681533251182,0.6366050067071659,0.7394366197183101,0.6266696250277347,0.7557590726337273,0.6911996315213185,0.5176617130677823,0.6255856003945106
0.0,0.759662372278987,0.6318888461242059,0.7724859984898595,0.5355178370630724,0.6464983622759903,0.7827464788732393,0.6832334886472892,0.7528531994162582,0.6684428910553709,0.5201417514807789,0.7823232672241031
1.0,0.7264919295128092,0.6297551678512999,0.7677921067242672,0.5336055400621418,0.6388212885551732,0.7105633802816902,0.7188373641002884,0.7495574553445392,0.6490963808073549,0.546516163527969,0.7509078309078315
0.0,0.7598104546127646,0.6281905167442828,0.7644777117765442,0.537341990106898,0.6423668545821516,0.7676056338028168,0.7364322165520302,0.7474677000036878,0.6256285125073107,0.5693117601933322,0.9102425292334346
0.0,0.7602547016140975,0.6266664813083874,0.7618010479505837,0.5364374880840889,0.6428485655002779,0.7809859154929577,0.7567487611863031,0.7443038561916373,0.6088277248180959,0.6014177295248768,0.9869532265049812
0.0,0.7429290685621204,0.6265731305799923,0.7624215992142163,0.5358805858380248,0.6412333541906529,0.7577464788732393,0.6951852673618819,0.7396072930415805,0.5717363706488352,0.5602817264560079,0.7317832394976197
1.0,0.7362653635421293,0.6261096919061572,0.7643032066900859,0.5332598079650667,0.6278422273623192,0.7602112676056337,0.7030619037053473,0.7379451689978886,0.5737884922848965,0.5721079925789269,0.8300941966219153
0.0,0.7497408559158892,0.6248683041510096,0.7661607638618941,0.5321855436821206,0.6505002448310697,0.7908450704225352,0.7423045632719474,0.7353660590084543,0.5706526628099853,0.6512250214566662,0.9954255088783036
1.0,0.7349326225381312,0.6192956944086988,0.7601177919793107,0.5301247145254551,0.6426301727037672,0.7531690140845071,0.7024110642703938,0.7297560549219901,0.5619289760918302,0.6465379877985588,1.0
1.0,0.771657041314971,0.6140838884294327,0.7525674624863379,0.5415221587897979,0.6343053585264581,0.7485915492957748,0.6829746320538423,0.7249413631446733,0.5550958327060183,0.6316988813012521,0.9934572779685186
0.0,0.788982674366948,0.6085070931809368,0.7439294385033858,0.5446897996350508,0.6298292458494731,0.8003384094754654,0.6613194290363142,0.7195350263958613,0.5412679694689697,0.6473898792465042,0.9618606484675284
0.0,0.7974233673922699,0.6059856777931321,0.7426903532811333,0.5430598152186455,0.646007719914693,0.8094754653130287,0.6893942755713336,0.7134843860962838,0.5270293837895003,0.6704190306411408,0.9819536937993842
1.0,0.778764993336295,0.6033151091979181,0.7399532226718891,0.540610621426494,0.6463026636703304,0.7653198653198655,0.6615708897270913,0.7068416515370772,0.5021758904312382,0.6503092812171336,0.7568491877625371
1.0,0.7768399229971865,0.6009566708568891,0.7374712114051688,0.5439887098160283,0.6476694101041041,0.7616161616161616,0.6696989867613339,0.7031321476057968,0.4933843860399015,0.6653570349270143,0.9673544810594392
0.0,0.7809862283429587,0.5988589932879158,0.7369827527769648,0.5414970696416205,0.6561793739722822,0.763624205951187,0.6551512462095997,0.6995859726068225,0.4791957933922689,0.6535530011003621,0.8551203184367657
1.0,0.7866133570265068,0.5965655387216785,0.7386827088058696,0.5422525821157863,0.6371202862246605,0.7814679508468949,0.6292286073515273,0.6962636096235757,0.4678745493762009,0.6617070865201555,0.7902133639964233
1.0,0.7832074633496223,0.5951434809430537,0.741459533718158,0.5420351636982013,0.6348038204125257,0.7701760212553969,0.6648546705125362,0.6934732093167799,0.4512281682996856,0.666420057078287,0.8916570844512599
0.0,0.8143047534429142,0.5938427444239881,0.7423124241734014,0.5463674381261076,0.6071428265361826,0.8572368421052629,0.6797943939057766,0.6885902620248228,0.4229914978217226,0.6494574468151346,0.975978534009117
0.0,0.8156374944469125,0.5918354381075327,0.7404382614091964,0.5460671682658637,0.5962460506711429,0.8654605263157894,0.6846461060572443,0.6827558159478886,0.3859095032872221,0.6547074646233662,0.9757435501842808
0.0,0.8348881978379978,0.5873065747092636,0.7327772322583785,0.5463375866464385,0.6533296758434963,0.9009868421052633,0.6748835145329488,0.677223545124882,0.3614335662285616,0.6471346057141054,0.9665410528719882
0.0,0.8271879164815636,0.5817125107445843,0.7230238033858147,0.5490203035275124,0.6486458800399291,0.8394900294213794,0.6572738702758674,0.6739086564756394,0.3551819812661463,0.6313267010405658,0.9907892439322502
0.0,0.8144528357766918,0.5769968265391111,0.7134461605712512,0.5485053755554508,0.6592350289421697,0.8013414244650272,0.5693661711411878,0.6718446276770311,0.3588342530635526,0.5346188434157866,0.8577878103837466
1.0,0.7740263586554124,0.5739448167980743,0.7074874372123728,0.5454114168954558,0.6508456432043013,0.721543102079695,0.49457140744027794,0.6712272794267502,0.3610811072667118,0.4744123287143632,0.4975745641419715
1.0,0.7888345920331704,0.5734134671836203,0.7049064395331774,0.5453827047462121,0.6524055942500564,0.7442147583019405,0.5364839878707196,0.6745604420234068,0.3863150600336414,0.4918942966633243,0.6556361365928616
1.0,0.7832074633496222,0.5723276188453326,0.7018656781710684,0.5403600315375207,0.6483515050632228,0.7663197729422894,0.42792692848162095,0.6760355666949598,0.39885022291598,0.3567312235141962,0.610849266340594
1.0,0.7814304753442913,0.5722732865947864,0.7040152417469244,0.54037994883388,0.6480788559232263,0.7590665405234942,0.42927298276754666,0.6791743974157469,0.4375856036162529,0.3582174845315946,0.49209378407851706
0.0,0.8006811787353768,0.5710504325453601,0.7079263277445513,0.5422028931334703,0.6523169272311603,0.8180384736676126,0.4198653945714075,0.6799759040064846,0.4497697083954453,0.3504662925643484,0.5920704159526411
0.0,0.8030504960758181,0.5692778659267895,0.7134073405475376,0.542176377561773,0.5906132493176692,0.8274992116051719,0.4435100954071444,0.6804075693073162,0.4597980731677137,0.33155281346346416,0.5763053655023409
0.0,0.8260032578113431,0.5664503509531171,0.7118508860577701,0.5432862342805532,0.6357341486765639,0.8694418164616838,0.4544634272612975,0.6793053829701967,0.4531470212212033,0.3415452486171422,0.6532949225783227
0.0,0.8023100844069302,0.5627944060849651,0.70775920605057,0.5404250707959875,0.6350457463106651,0.8136234626300849,0.4769617631831965,0.6775935795096135,0.4437631741926722,0.36713222548267216,0.6454087144400437
0.0,0.8020139197393751,0.5594181350749892,0.7030793039611092,0.5410295163167124,0.6392659593835873,0.8051087984862819,0.4975075808002365,0.6755966783524411,0.4404486151852151,0.33903683882328084,0.7007202016564632
1.0,0.7867614393602842,0.5562595811279539,0.6990367118275318,0.5395432380091753,0.6410475333040087,0.7637969094922736,0.4625471488795209,0.6721753119098679,0.4266665196411865,0.3478553948380029,0.5344256391789699
1.0,0.7848363690211757,0.5524495833679485,0.6939942429501755,0.5393399795096605,0.6446559855815517,0.7587511825922423,0.4818800384586939,0.670828039713401,0.426423954215988,0.3705675207414989,0.3623334533669426
1.0,0.7959425440544943,0.5488420335293872,0.6899919298529827,0.5435996083300331,0.6434173313412894,0.7527593818984546,0.4682419939353598,0.6708059380131204,0.4253060864772353,0.35728298591940444,0.3813467770975879
1.0,0.7952021323856063,0.5447574398202526,0.6848267602052062,0.5438862909402618,0.6342125774884804,0.7487484355444305,0.4599881665557282,0.6718744770274163,0.4353912238595539,0.3954056048536481,0.3411955347497301
1.0,0.8180068117873537,0.5418809480631239,0.6743290496296359,0.5457041391143822,0.633741530501198,0.7865342848278001,0.4772280156793134,0.6729113051325948,0.4456775350194714,0.3653214486445578,0.4053655023406546
0.0,0.8215607877980157,0.5380151087822931,0.6629176475568486,0.5427755431571784,0.6456169554855465,0.7935723114956736,0.466252496117151,0.6743017177492001,0.4632138163080058,0.3518492749665627,0.317680950666186
0.0,0.8314823041611137,0.5348780173299443,0.6548401180981636,0.5462859917842817,0.6605558377399151,0.7972112761442862,0.4214555136454405,0.6763319475730272,0.4827811661373128,0.3573443439226877,0.3056175729204175
1.0,0.8043832370798163,0.5320344625353166,0.6535631634189527,0.5449522291811837,0.6635479256403403,0.7492456246228123,0.4145403446490643,0.6792353878083377,0.5069211258816093,0.34761169550437626,0.18602808786460165
1.0,0.7957944617207167,0.5303811933553061,0.6546736471340366,0.5462792794857759,0.6707968426402234,0.7380808690404347,0.3949042230604246,0.6821202999752289,0.5267603962294606,0.3699569948092287,0.11776194437411833
1.0,0.7769139641640752,0.5276049800404149,0.6539796908200768,0.5435182478515493,0.654945765447528,0.6985515992757996,0.41393388063013065,0.6858501459752588,0.5524226076556883,0.3958819549417572,0.047679617637989086
1.0,0.8181548941211314,0.5247408570373219,0.6528651171630628,0.5502645470355042,0.6423072029163379,0.7616173808086905,0.4948672435470749,0.6898859389237941,0.5808874283849392,0.434346112099336,0.31273109407231525
1.0,0.8249666814748999,0.5215137661687852,0.6476360661981604,0.5481359260703433,0.6091488807245186,0.7757177033492824,0.5151172250573183,0.6925420353471201,0.6066416331360786,0.40758275898659735,0.2552348893619128
0.0,0.8440693025322079,0.5194929534269992,0.6452648833875572,0.5519412676263821,0.6069955241586111,0.8160885167464116,0.4774277050514015,0.6946518827161037,0.630120405964569,0.413257828654886,0.13761694965595644
0.0,0.9016733303716866,0.5174790206145734,0.6449396848799731,0.5619204279286258,0.6117543467541214,0.9413875598086124,0.6094667554174986,0.6980289953557257,0.6604631591304728,0.5491565590151701,0.8622478087236142
0.0,0.9007848363690212,0.5145165801353566,0.6472849190341508,0.5607587482563925,0.0,0.944976076555024,0.5999852081946603,0.6950303756642873,0.6618556154526565,0.5383132383153408,0.7956018878688872
0.0,0.9243299274396564,0.5115457910401316,0.6546245672106947,0.5652157411989027,0.4553791981997614,0.99372009569378,0.6598180607943198,0.6926659265001303,0.6688401317359761,0.5859398081909447,0.9950547852225348
0.0,0.9114467644010068,0.5081021078352194,0.6636438466127925,0.5652143276764956,0.6270542292834049,0.9775717703349284,0.6485984764440501,0.6889187328670137,0.6782276960114791,0.574883299848958,0.9310361469041072
0.0,0.9136679994076706,0.5045705638477489,0.6696657212882908,0.5650726230217009,0.6754420172633513,0.9930681133212778,0.6340285481843059,0.6861254804693937,0.6889201927417692,0.5373593870965082,0.9665061390949704
0.0,0.6079837456675032,0.9911941122851112,0.9908980531857512,0.4798523188490256,0.4772924861779284,0.9444329683949598,0.4678574069965236,0.9659562272182702,0.5377748420304204,0.4763144021271154,0.743230347131098
1.0,0.605115334050436,0.9896300795036412,0.9837248810921934,0.4798387270852186,0.4748856793018296,0.9324519727329064,0.38613268249389865,0.9642331834655355,0.5297164572990556,0.4679265584766255,0.4611734889340781
1.0,0.6132425002987931,0.987144720582268,0.9730745488141525,0.4804805811114513,0.4831657657945073,0.9146870481305516,0.3628060054729676,0.9644842521509064,0.5302891310432448,0.447770734113793,0.3181794026995425
1.0,0.5630452970001193,0.9839244080900093,0.9553225232068846,0.4783852299600642,0.4847465102293944,0.8615988432142117,0.3565268841062049,0.9659746458570416,0.5249281444849738,0.4402084269306477,0.1321872675098308
1.0,0.6421656507708857,0.9809450970161021,0.9474974148264352,0.4787939558855174,0.487326965491177,0.8915513323693454,0.4434657199911249,0.9700291152895296,0.5456550005470402,0.4974789495067221,0.4573280901264736
1.0,0.694036094179515,0.978364511572787,0.945427330559011,0.4777568837231773,0.4825700327150492,0.9122082214418508,0.4626506915169,0.9710197879650908,0.5591668851349085,0.4623678411102949,0.5150653629503669
1.0,0.6373849647424406,0.9765763281720932,0.9465118084173746,0.4788070126894513,0.4810620653029065,0.8741995455484404,0.4097330079136154,0.9692947052329804,0.5627074829108304,0.4091881204449082,0.31594749707726555
1.0,0.6043982311461696,0.977434665664806,0.9597594591415634,0.4774136084083325,0.4784387682103132,0.8405288163602562,0.4508468308557063,0.9689668322638608,0.5887988901685037,0.45033694049727613,0.08261363636363615
0.0,0.5852754870323891,0.9784840073064084,0.9710773793828132,0.4755595033531342,0.4624400122356298,0.8905184879157197,0.5735892315657123,0.971742937248634,0.5841647919937369,0.5063967400093614,0.09259326660600399
0.0,0.6173060834229712,0.9792680854845806,0.9843786357388374,0.476982187277155,0.4791315391058587,0.931005990497831,0.5699504474521119,0.9735570925936892,0.5651596984925521,0.5023443119577018,0.4446663104311396
1.0,0.5953149276921235,0.9780907029501597,0.9882098359395559,0.4761192172146705,0.4980948616752268,0.9041520347035732,0.5518009023001261,0.9740261188170138,0.5219906760836556,0.488313960957441,0.3324239952751934
0.0,0.6369068961395958,0.9756758894537564,0.9812478512238604,0.4781815170658314,0.4765222308133674,0.9415410039248088,0.6965017380371276,0.9750517675573388,0.4837327955346808,0.5699328416400281,0.6260370672441431
0.0,0.6746743157643122,0.9729262264976806,0.9724707284657926,0.4802719192167239,0.4800330373879047,0.9378227638917579,0.6901264699356552,0.9725084252467744,0.4419990758963581,0.5660015974645474,0.6763270084601607
0.0,0.6431217879765746,0.9694436371408428,0.956138506673773,0.4790783969796053,0.4876888425149257,0.8969221235281963,0.6240736631905931,0.9709501354078494,0.4091012019727495,0.5637483105514669,0.5099953612688036
0.0,0.7138759411975613,0.9666456085151084,0.9429961996787344,0.4790119069448598,0.467470840280411,0.9332782482958064,0.7231121958435025,0.974774305433501,0.4329067800699423,0.6268026954506941,0.6929380839831234
0.0,0.7411258515596986,0.9637495723383868,0.9305436128544868,0.4767020642678521,0.0,0.9394753150175582,0.595688188743436,0.9752932321397648,0.4320019588883568,0.5229377710834663,0.6651940535883886
0.0,0.7920401577626386,0.9608719180877794,0.9153577135526346,0.4755399213671265,0.4967092352622294,0.9731460442057424,0.6381184823607725,0.9770926377369497,0.4553875303831586,0.5653036582118603,0.798502352499392
1.0,0.7569021154535677,0.9588016845348412,0.907020839013878,0.4743819829767126,0.4855353127348668,0.9338782353557582,0.6818208712373344,0.9746702867213192,0.4533688080306956,0.5501328792321709,0.8364957699189317
0.0,0.7086171865662717,0.957625667874352,0.9067382418279638,0.475584000532584,0.4825136374074935,0.9101959551503715,0.6590193033059684,0.9698930716661368,0.4547200793795288,0.5240053390173258,0.8448013076804131
1.0,0.6663081152145335,0.9571986113295404,0.9139575465707588,0.4771369883519804,0.4860722149980017,0.8879807188515143,0.7017898084461207,0.9640068289125427,0.43224539568866177,0.5514084302209274,0.8038479379735367
1.0,0.6885383052468026,0.9563778470781676,0.917083468397698,0.4782640268662379,0.4840525116399296,0.9087289112438434,0.7849641298720516,0.9576826259678296,0.4062108035189416,0.553262683086693,0.8511850853747434
1.0,0.6928409226724037,0.956128082565252,0.923568688549708,0.4784795617605026,0.4864033630522372,0.912920465262496,0.788610309888322,0.9532202726528952,0.3905163733475968,0.5564354630451874,0.8951662333819449
1.0,0.6139596032030596,0.9550538305233603,0.9273874350939084,0.4778488051312438,0.48725533297375,0.8835795871319292,0.6771762443606243,0.9470069114653774,0.3608426420243551,0.5053134967837652,0.9997849051192575
1.0,0.6452730966893753,0.9545580532164027,0.9362394397564632,0.4795903068898005,0.4898430741246121,0.8827412763281987,0.7257673249020042,0.941890162284852,0.3342199602144321,0.5308940457618934,0.906416704770614
0.0,0.6608103262818216,0.9533453371355922,0.941039567884542,0.4801325571350125,0.44938613850928016,0.912920465262496,0.6787885511426666,0.9364683851123228,0.3033343299950567,0.496055575849937,0.9186607732561082
0.0,0.6825624477112463,0.9526595944611802,0.9516746796274971,0.481018246245909,0.43332808641139264,0.9460337420098496,0.6270763996745798,0.930308242831012,0.2769352036912404,0.5147808742570552,0.9330670634609852
0.0,0.7095733237719616,0.9510344961047276,0.9590303141902152,0.4786297031949257,0.4935165703620338,0.9659436235984492,0.7335626063161008,0.9226253177154032,0.2451889911294294,0.5609361254855841,0.9258126095028898
0.0,0.6663081152145331,0.948505555785307,0.9628611926335544,0.476918916837455,0.4904455464960457,0.9152258199727548,0.6578951261001401,0.9116645088252592,0.18090980133207674,0.5306990997734774,0.9835085313833032
1.0,0.6462292338950638,0.9462325570465644,0.9638756552450176,0.4762373016247479,0.4899784551278945,0.8819029655244678,0.635330227054212,0.9096107307582316,0.1754269054147909,0.5213566452659361,0.640760197775031
0.0,0.6918847854667145,0.9441662653454496,0.9654990179197396,0.4748304608436688,0.4895472865150767,0.9200461070942052,0.540056208860291,0.9122802984896624,0.1908920018645288,0.4692378292372749,0.8772613320685668
1.0,0.7093342894705392,0.941614807053036,0.963371051807824,0.4719964508467014,0.4894589358810026,0.9254951273184532,0.44936765032172143,0.9154264435545432,0.2173346716193912,0.478635112835455,0.8251914086320201
1.0,0.6789769331899127,0.9389599388361228,0.9586673064631028,0.4710293381662828,0.4923373723860399,0.8718432358797022,0.3457288662081209,0.9184932588670572,0.24095082205778875,0.4801856930661413,0.3105859805080943
1.0,0.6880602366439585,0.9363800125911595,0.955245316320082,0.4677396403058395,0.4917619627209524,0.8756156344964896,0.24896087567487615,0.9235832023811871,0.2852729479779078,0.4962846234615496,0.3005138033682672
1.0,0.6980996773036926,0.9358031221031244,0.9592283376268594,0.4683977486441802,0.4943219427084828,0.8695378811694432,0.2479550329117665,0.9292281038998867,0.3332730262810032,0.4962180052735194,0.3113365868713946
1.0,0.5936416875821675,0.9364421671439254,0.9751876057119094,0.4663190464848091,0.4921313823605676,0.8263648747773231,0.19626506915169,0.932594243552734,0.3739224583445876,0.5233123846025852,0.2070654928387748
1.0,0.6522050914306201,0.9383757187724404,0.9907764894892198,0.468721040447224,0.42960691109357896,0.918369485486744,0.3220915612750538,0.9390563659002706,0.4309957507983508,0.5183415819295429,0.4772711205372921
0.0,0.6474244054021749,0.936823180150024,0.9891649896825216,0.4681013577191002,0.4923283280620189,0.9395368332809384,0.2760076917387766,0.9385624086446036,0.4351827704724064,0.5013401425946644,0.4825379992930354
0.0,0.6866260308354246,0.934260291133456,0.9741381485826208,0.470727732013325,0.471258146810925,0.9074714450382476,0.3027364839878708,0.9377682404096196,0.4316417583385007,0.5144667105153115,0.3861240582034449
0.0,0.7067049121548941,0.930144973220997,0.950496511609896,0.4716545041702718,0.4973818437573068,0.931572880645499,0.3594778492715039,0.9359953556388094,0.3950370120240753,0.4889408271962859,0.4439098548255069
0.0,0.6928409226724034,0.9266489729144044,0.9328312862526474,0.4715470959127712,0.5070055644954199,0.8837891648328615,0.35488499371348303,0.9346121034885844,0.3877024574037666,0.4853612385664646,0.3163267010808739
1.0,0.6789769331899127,0.9235628374635558,0.9223183863127088,0.4714877122172821,0.4965205533799275,0.8324426281043696,0.2635973670586496,0.9355953591689988,0.3932558934729576,0.4885765986730897,0.16425266041864994
1.0,0.6689374925301776,0.922098338384734,0.9262229186006832,0.4707017425534413,0.4938236763345887,0.8387299591323479,0.30902300125730353,0.9415157353826179,0.45030684243707103,0.4615479050614511,0.1857030688785309
0.0,0.7595314927692121,0.9210739942336515,0.9258875590665828,0.4750821806567394,0.5001321848549033,0.9355548569632188,0.41487316026921095,0.9477037459044066,0.5011582068114853,0.5067313703978429,0.4287241684625538
1.0,0.7172224214174732,0.9195076002659583,0.9267597729025,0.4735354151370956,0.4973456505253293,0.8766635230011524,0.28093336291694376,0.9499691887460632,0.5275540350080806,0.4798757617956039,0.21620808900917166
0.0,0.7506872236165889,0.9170080612774116,0.9193441968295724,0.4751023048527957,0.4684682611428588,0.9169024415802158,0.32906589749278936,0.9564414984173392,0.556197954874171,0.5021940222247199,0.3303763845035837
0.0,0.8085335245607741,0.913664756470151,0.9091162096362604,0.4745043086241123,0.5040837639751171,0.9416326102902646,0.4188299681976189,0.9600342756672562,0.5601424667575234,0.5022804845766878,0.4401510215673503
0.0,0.7750687223616587,0.9099689771243232,0.8920627007666616,0.4737865176926701,0.5013545862788775,0.8659750602535888,0.3184453812587826,0.960632915223653,0.557105748742888,0.4257437706394667,0.19395579612088465
1.0,0.7576192183578341,0.9071152354062492,0.8826253615843928,0.4767093549517976,0.4981558430066844,0.8536099758985641,0.3377338954219361,0.9672474372053608,0.5928919954838897,0.44085300522586623,0.16263218563624576
1.0,0.7047926377435164,0.905164814224779,0.8785465354689067,0.4743831105036822,0.5085937934137071,0.8016347060672744,0.3164854670512538,0.975732645387038,0.6584844941934114,0.4210638413527434,0.059322741776508474
1.0,0.8333930919086892,0.902561320176206,0.8644510069850736,0.477660080843087,0.4339226371411535,0.8999266478046735,0.4365357591894091,0.9882129146598242,0.7571057542838184,0.4942262067081685,0.06515601783061017
1.0,0.8945858730727857,0.8992549462563041,0.8419816737277886,0.477393168195645,0.4963429016608189,0.9242376611128574,0.5078692404407964,0.9954380491114628,0.8269286771774136,0.5495213147702578,0.1865141481035523
0.0,0.8687701685191827,0.896741635562887,0.8268621790136125,0.4765359511488164,0.42846354168806394,0.8867232526459184,0.5591968049700463,0.9993991663093679,0.8981530245380854,0.5455851409179302,0.3336544250451514
0.0,0.9433488705629254,0.8943720656669827,0.8194043666356982,0.4800830287708599,0.4512136526381472,0.9722309546264272,0.6387397381850454,1.0,0.930516273621946,0.6327820264204569,0.7126429861529197
0.0,0.9930680052587544,0.8920342872633141,0.8172024511491845,0.47919161160258206,0.0,0.9864822382898456,0.7282005768804082,0.9961854005565632,0.9358755720022154,0.6553076933757574,0.7589102950030095
0.0,1.0,0.8884427428371466,0.8136038317771396,0.4795584518208114,0.461092700662535,0.992979147018757,0.7610531765401967,0.9899797813143864,0.9038031098608592,0.6392159289748066,0.8457104017722284
0.0,0.9985657941914662,0.8864659420763852,0.8213001323756729,0.4799824372774832,0.4710417945960255,0.9882428388200084,0.7900673027142959,0.98295041460211,0.8741178295681926,0.6560619140187768,0.8321155917755598
0.0,0.9744233297478186,0.8841649371555225,0.8223146497816601,0.4778200445741005,0.4706828575536306,0.999572466866182,0.8999926040973298,0.9772513799062932,0.8652102176390277,0.7178663349292791,0.9860246751828792
1.0,0.9567347914425716,0.8835735489701539,0.8305788104519672,0.4773560050781247,0.4461752880705165,0.9704560051380864,0.7834775534353966,0.9690057541740388,0.8405178963172133,0.6389752386954207,0.9992632448482957
1.0,0.8878929126329631,0.8826328201729734,0.836325372018155,0.4766293072149211,0.4687486160245597,0.9520445300792126,0.7515864211226979,0.9648775389071332,0.8352981774489907,0.6682315969669332,0.9735161352285808
1.0,0.8271782000717103,0.8825835087376299,0.8534494716664972,0.4772298361328687,0.4936161236729753,0.9132947976878616,0.6826640041417056,0.9595069499448194,0.8104114048638955,0.6610562481027852,0.8525478030919451
1.0,0.8049480100394402,0.8809863412051993,0.8580673089845746,0.4795315108037273,0.4818440690238625,0.9315489249670906,0.7504696398195396,0.9558758349414151,0.8034206338065615,0.6732771537196911,0.948975378103545
1.0,0.8255049599617547,0.878991114735842,0.8595475412669084,0.4808166462221181,0.4703229355895357,0.9282580078982012,0.7357961689224166,0.948230423414357,0.7579873497641254,0.6660294058782708,0.8235946936457946
1.0,0.8448667383769572,0.8761592777757601,0.8549486430832668,0.4796927636587261,0.0,0.9460289600702066,0.8249833592189929,0.9428734556706851,0.7246886815366796,0.6708379634753469,0.8505908452936114
0.0,0.9058204852396321,0.8745367087776967,0.8585093173243431,0.4792822922763582,0.4159522883031554,0.9859587538394036,0.8578433547814517,0.9380143071680124,0.6852793304497611,0.7172561088782302,0.9754141627415956
0.0,0.8749850603561611,0.8723994297208895,0.8591983036092429,0.4791922330781557,0.4459866311149729,0.9929297392841364,0.8110568744915314,0.9323978495691684,0.6747844083878811,0.6460043760950248,0.997576621525302
0.0,0.8766583004661171,0.8709343161748166,0.8541355158254224,0.4794840678282044,0.4964862328883235,0.9818824569155991,0.7811404481917017,0.9270609228900372,0.6934228214586755,0.6320519520935812,0.9417225150194116
0.0,0.8525158360224689,0.8686177034216501,0.8470022833733103,0.4818962929086509,0.4948205203432113,0.9836396234872252,0.7301235115745879,0.9218874842447646,0.6776321097256499,0.6232145252307764,0.9164768907107396
1.0,0.8255049599617547,0.8669915740200229,0.8436849553229574,0.4808021809628814,0.4935534444101343,0.9563456345634564,0.6981732120405298,0.915791474032268,0.6475725670804928,0.6058514823166734,0.8623578832016805
1.0,0.8235926855503767,0.8647930700345587,0.8432407741285602,0.4804352202439427,0.5231601566313738,0.9675967596759676,0.7329117668811477,0.90888145549624,0.5835942015669809,0.6268816111946875,0.7867677275010263
1.0,0.8439106011712681,0.8635964488908014,0.8427847756903472,0.4778385378025906,0.4657833269163389,0.9698469846984696,0.7947563050070265,0.9016002129805992,0.5376769947051877,0.6213766628437476,0.8398931555636728
1.0,0.8149874506991756,0.8618693676227516,0.8396173895748068,0.4755668531150322,0.5232851002820301,0.9788478847884791,0.8369425338362545,0.8938390085606294,0.4745837397075599,0.597019997389189,0.8827748360072696
1.0,0.8011234612166849,0.8602399897567372,0.8379465605423259,0.47506386349800295,0.5267767365747131,0.9590459045904592,0.8278529694549224,0.8833824330015678,0.3850362290046143,0.5932183241050552,0.8544582968795561
1.0,0.7920401577626389,0.8572676400632955,0.8299093650920103,0.4748457748287202,0.523512703764658,0.9387938793879388,0.9530729975593524,0.8746893230241715,0.31506224766218105,0.6067634599709493,0.90215108508878
1.0,0.7719612764431695,0.8534260665908358,0.8153723067901183,0.4742548450463739,0.5410269974880457,0.9000900090009002,0.8252348199097705,0.865041096755385,0.2586108732947794,0.5667346229152864,0.9713827881987004
1.0,0.8231146169475319,0.850074582332295,0.8022513425148426,0.4735295357430378,0.5485135909598862,0.9043654365436544,0.7544190518452782,0.8606649628885201,0.2377725153455347,0.5582141075024853,0.9754761335564596
1.0,0.8152264850005976,0.8466334946868272,0.7880057281895049,0.4769000472688645,0.5410843150071911,0.8994149414941495,0.7356112713556692,0.8562574872527657,0.21275711436046288,0.5500945643765001,0.890476383211236
1.0,0.8257439942631767,0.8444987257789303,0.7815003811763092,0.4777318634835727,0.0,0.8881638163816382,0.6560757340433402,0.8521796049752639,0.1808000604998881,0.5533218393064963,0.7218197272028172
0.0,0.9213577148320784,0.8422944611650975,0.7791041067201375,0.4827353267318535,0.4667372418122506,0.986048604860486,0.7007100066563129,0.8514036892617283,0.1723124491739088,0.5912307212411785,0.8827255433682767
0.0,0.9031911079239868,0.8404044028232758,0.7818592214902825,0.4819653951253969,0.6091840554432693,0.9826365090244462,0.693669107314548,0.8484702999452769,0.1487389808408771,0.5843936395829128,0.8847290241631928
0.0,0.8943468387713633,0.8377198805504065,0.7811281732991752,0.4851024688108845,0.5834163224507518,0.9837528604118992,0.6523851786110492,0.8454462041995818,0.12641718800135465,0.5475174605900363,0.931335249119682
0.0,0.891956495757141,0.8351099533457589,0.7769334752137672,0.4854749427861848,0.4989962149577992,0.9942816297355253,0.5765032172176615,0.8399989993318668,0.09430049317434892,0.5475044127153441,0.9215298687567512
0.0,0.8768973347675391,0.8316886482698536,0.7676188611344062,0.4885214964971309,0.5202620124757685,0.9980620155038756,0.6138451297980918,0.8371562607982048,0.08198909451940589,0.5699026929339495,0.8554715333164777
1.0,0.8513206645153577,0.8288553526769509,0.7648651957693479,0.4878748867293958,0.4588199116131961,0.9654915590863948,0.4292212114488571,0.8350217057710052,0.0704896720786401,0.5021915594353031,0.5836991748454259
1.0,0.8460619098840678,0.8266969661645107,0.7698810269836621,0.487710311033517,0.4840993065951388,0.9555610724925516,0.3809703424302936,0.8385700291026337,0.08486280859679074,0.476582722861989,0.5874704491725764
1.0,0.8197681367276201,0.8253553343421574,0.7807185721324953,0.4895619177822126,0.4817747101086221,0.9523336643495528,0.4386435914503368,0.8392658506746571,0.08202002779702383,0.4592191909199774,0.6950723660648456
1.0,0.7958647065853953,0.8245264241878847,0.7893826506577376,0.4921192358120729,0.5106970553939472,0.9317279046673286,0.4665113527105982,0.8349270532899362,0.042016122367831865,0.4771991427285857,0.6630290517622774
1.0,0.7934743635711722,0.8230290818771304,0.7894400363824873,0.4916510073334085,0.0,0.9468718967229388,0.5732564159455661,0.8339710482938059,0.03675345886348708,0.4908034966691314,0.7838287652474358
1.0,0.8133142105892193,0.8214930649562813,0.7897199777780418,0.4890332193772714,0.5240941878053362,0.9631106679960116,0.4273056726573482,0.8311139455407304,0.013448029185500364,0.4636253599953506,0.7803948005983109
1.0,0.7796103740886818,0.8189440938541646,0.7835301723936096,0.491110933982822,0.5104696779831331,0.9778009924262212,0.3673249020042897,0.8306379964024624,0.01970395269747266,0.47839828701739295,0.5742227671861407
1.0,0.7172224214174732,0.8160434265904408,0.7739954295652275,0.4884969595970252,0.4925467830837543,0.9051055867415126,0.30201908142888834,0.8299561332870204,0.0,0.489900365185132,0.4548690768135429
1.0,0.6966654714951593,0.8135628952956964,0.7639836980402505,0.4879094441138807,0.4973523646359591,0.8519112536754876,0.2515124620959988,0.8333949697766576,0.010952593130705124,0.5098384693197302,0.3312960859610222
1.0,0.6230429066571052,0.8111911282095885,0.7546097542585551,0.48772759420256,0.49701031436679294,0.780539962576851,0.1561570889727088,0.8392476771894204,0.0351752625898471,0.5275275249401644,0.29006031562422474
1.0,0.5690211545356759,0.8090853559368663,0.7470106099268142,0.4852615133750586,0.5006741201338055,0.6917936380646885,0.0,0.8454555801739461,0.06043861289644802,0.4532209385115417,0.03703982874544067
1.0,0.6868650651368474,0.8067191956923052,0.7374463088287494,0.4888031475105214,0.495624202508397,0.8,0.07221359366910696,0.8559028663829801,0.10755230595308383,0.4363354551575525,0.0009082217973226717
1.0,0.7492530178080553,0.8054153316908728,0.7363200094831314,0.4888983921485684,0.4990974620563972,0.8550873586844809,0.1309814362842982,0.8645243302884129,0.14250466704533832,0.4094945963180941,0.0862495860209112
1.0,0.6947531970837814,0.8036845030688144,0.7338483392174638,0.4888663250517966,0.4931475172828288,0.8347893114080162,0.07996449966718439,0.8714924588387303,0.1910563831390304,0.4308184462664726,0.045740260129914605
0.0,0.75929245846779,0.8036498853932559,0.7409068088289034,0.4891973517643912,0.4951002643241937,0.8661356628982526,0.11587900303231975,0.8804721087532108,0.2503516402644739,0.4023566134467396,0.01328732221756342
0.0,0.7062268435520497,0.8017514052690522,0.7368698937642405,0.4849525320530423,0.4918553994211896,0.8681911613566288,0.12881443680201116,0.8886889897829133,0.3047879842281779,0.4078952861010608,0.04418357145160709
0.0,0.7420819887653878,0.7995981115599482,0.7313655891929333,0.4873078991313269,0.5133037720669023,0.8666495375128469,0.13382885881221795,0.8979944140117571,0.34813892122925083,0.410182159107548,0.06113135743541754
0.0,0.8243097884546431,0.7965787012637777,0.7218464087856109,0.4886983819741572,0.5020173268156707,0.9049331963001028,0.1684860587234676,0.907676921446104,0.3893197828435302,0.4265211788022129,0.10060926584359263
0.0,0.786542368829927,0.7955244989644605,0.7264515510490891,0.4900307062512456,0.5021204643894258,0.8912144073983939,0.2071592337844831,0.91460482992724,0.4100124390849291,0.3964688224632563,0.1780092551233719
0.0,0.7169833871160511,0.7954429449158038,0.7370492453996106,0.4888396201737464,0.5095511268872809,0.8746653687028473,0.19076991346793928,0.920137918157129,0.4138841267096592,0.3733479584156051,0.036448748414301714
0.0,0.7695709334289468,0.7956101938212448,0.7489059909581482,0.4881751520985229,0.5103085894630041,0.9196884886833776,0.2889505214111381,0.929280400833388,0.4502574690089365,0.3759303420394178,0.17973777348777348
0.0,0.7635950758933908,0.794517031277483,0.7514091208459844,0.4873016592763572,0.5239523081936155,0.940618155268922,0.33863619554766605,0.9353244032554956,0.4756162816417734,0.4060632860863012,0.3299549549549543
1.0,0.6861479622325802,0.7933338386450508,0.7563151381783971,0.4871016978232406,0.5219020076153954,0.8697980043806277,0.3381480659714513,0.9383504048901591,0.5108852909125837,0.4050355454066487,0.3069095881595875
1.0,0.6641568065017331,0.7907130715739541,0.7472783640909336,0.4861477691456904,0.5228216214524872,0.8384035045023119,0.3433325937430667,0.9423097861275632,0.5318405175834011,0.4086371047375167,0.2005509974259981
1.0,0.6765865901756899,0.7873947141897055,0.7339756041095399,0.4874678103355039,0.5106189080015688,0.8048186906789971,0.2669846904814732,0.9478640005749116,0.5713986829908555,0.35935914387148205,0.025619369369370724
1.0,0.7929962949683278,0.7846613847779096,0.7219606487655864,0.490760153479449,0.528380765041615,0.8968118763689461,0.446490644183122,0.9584673569295374,0.6354690214293552,0.4751096556358057,0.2700783421784172
1.0,0.7420819887653878,0.7816543834368599,0.7116646331042481,0.4916679142847674,0.5221322719945666,0.8571428571428571,0.4447008357370017,0.9619795705381846,0.6693595860920043,0.4733131311011958,0.2508264570372482
1.0,0.7834349229114378,0.7799837940237759,0.7111262846040577,0.4906363772944774,0.5123000660491643,0.8573862253589681,0.4887064566230309,0.9671294106476818,0.7111562743743107,0.4756605572517622,0.07945729568882845
0.0,0.75929245846779,0.7768056551799585,0.698252350848486,0.4886656038615429,0.5105361651472076,0.8576295935750792,0.4855705938909846,0.9713214118514396,0.7628789460077359,0.4723610716342165,0.15756845796875402
0.0,0.8725947173419387,0.7742937198667199,0.6895655287929539,0.4919536445875892,0.5154182413646996,0.9216354344122658,0.5866577915834625,0.9752402612925511,0.8135532733047379,0.5566430795231213,0.5391184573002739
0.0,0.9034301422254092,0.7721365890461662,0.6836236790135101,0.4900824566862453,0.5136901152328024,0.9398880506205891,0.6574735596479548,0.9750037360267972,0.8394348380337244,0.6231579688263259,0.7759543486816206
0.0,0.7877375403370382,0.7710518378940476,0.6854435238542006,0.4865808074820021,0.5133641599232552,0.8768202434948672,0.618038606611937,0.9713988690818188,0.8250225646647342,0.6113639347127645,0.6941106400868854
0.0,0.8288514401816659,0.7690556329580365,0.6833461232806737,0.4852356821399384,0.5000683536426085,0.9166865600381949,0.6686709562902153,0.969118865965172,0.8176933839555965,0.6602203586592442,0.6614231160004196
0.0,0.9564957571411496,0.7650052882030496,0.6674717773872991,0.4894377388014957,0.5422088859364881,0.9823556370302472,0.713578877301975,0.9646939848200328,0.7929329454279495,0.6961903104313172,0.8513124721933852
0.0,0.9651009919923512,0.7622356121513871,0.6623734547588214,0.4904359527102266,0.0,0.9633363886342806,0.7708453516751724,0.95858638457363,0.7724165449227303,0.7357706982580559,0.8047802500196558
0.0,0.9022349707182976,0.7599297716023443,0.6588803434119327,0.4850917958862842,0.4937760916889919,0.96625626994984,0.8204200872716518,0.9527090715633622,0.7515679650025702,0.7237981299003231,0.8399103040429139
0.0,0.929484881080435,0.7583485242219561,0.6563301708129847,0.4872447706029019,0.6105258771848364,0.9493844049247606,0.8268619184971522,0.948652425308146,0.7474753709964279,0.6852986038760843,0.867078379314325
1.0,0.8286124058802439,0.7576773515989534,0.6634577225518297,0.4861982625105296,0.5534745163103905,0.9780907668231614,0.8073663190592409,0.9445955063348932,0.7393558643255029,0.628954903970663,0.9296988990582298
1.0,0.735867096928409,0.7547123396906035,0.6516732132310292,0.4786247197334408,0.4866753949035818,0.9963225636984504,0.8225057318245693,0.9396890701685016,0.7347119258130155,0.6383583639466672,0.9797005939305192
1.0,0.8534719732281579,0.7531770401596345,0.6519751072344713,0.4873363541886268,0.3784498916855641,0.9934228555768704,0.7601360846091261,0.935454382072444,0.7502002745064351,0.6232223505963187,0.8838075810245403
1.0,0.7817616828014818,0.7507876734839014,0.6422115838634627,0.4856408204519605,0.5197219712051655,0.9958836443468718,0.6648546705125362,0.9312307901631836,0.7570928333860463,0.5337027713136232,0.8809766657646587
1.0,0.6792159674913347,0.7525478708336333,0.6627171753411278,0.4826499744644577,0.40059123185669576,0.997699165947656,0.7661637452851127,0.9271285400807516,0.7668124868874411,0.5457876060810919,0.8966299619075376
1.0,0.6397753077566629,0.7528700520904608,0.6739083849176124,0.4840959827760327,0.0,0.9745444026612666,0.7417942459877228,0.9190532726794192,0.7337204207802088,0.5753120792485822,0.9984071133089248
1.0,0.6522050914306201,0.7527296179809713,0.6811552535636859,0.4810716636774901,0.3752015732319527,0.9846376811594204,0.7234524073663189,0.9130318330052992,0.7265570214615833,0.566523466788941,0.951028817454238
1.0,0.6089398828731925,0.7519461393393498,0.6834957982623935,0.4817111218573751,0.427873393550376,0.9991150442477876,0.7308039346202206,0.9070424114215332,0.7104099089981188,0.5740219342627292,1.0
1.0,0.6041591968447471,0.7511324575590312,0.6860868139215308,0.4816144141737797,0.34878650857793003,0.9846017175007404,0.7444937504622443,0.9006595985613328,0.6949860362815032,0.5830675169226079,0.9333352229245216
1.0,0.6087008485717701,0.7497119021669705,0.6847094192157811,0.4819424306171789,0.42765306994588537,0.9813278008298756,0.7426891502107833,0.8947728562089696,0.6888081236410104,0.5807904778551318,0.9813017960893028
1.0,0.5735628062626987,0.749859800684687,0.6930879478848089,0.4836602737182745,0.4011603850804416,0.9543568464730292,0.7303601804600252,0.8890208702303108,0.6853363033573627,0.5746729632740272,0.9100743337160808
1.0,0.5326879407194934,0.750146096538501,0.7049740643586163,0.4805442037424668,0.4608606786355098,0.9736218138707771,0.7643221655203019,0.8822572588595003,0.6735033990550527,0.5524728126281357,0.9902909904868488
1.0,0.5372295924465159,0.7488852194796063,0.7064212717212254,0.4808308262693745,0.4599584571580958,0.9724362774155308,0.8203757118556321,0.8741773368154366,0.6324712416038769,0.5829905688356279,0.9531652580124736
1.0,0.5749970120712321,0.7459616845750134,0.6998972529656377,0.4833222033526136,0.0,0.9567279193835212,0.7930404555876052,0.8665053140425802,0.6031238902059971,0.6206796875431759,0.8918802075145426
1.0,0.6032030596390581,0.7428763707711876,0.6889948942467148,0.4812270649840034,0.4953544917567626,0.9748073503260228,0.7806301309074775,0.8616540041520422,0.595967828955443,0.604200032592397,0.9369595975475556
1.0,0.5974662364049241,0.7410894696300125,0.6866556338985521,0.4811225084907819,0.4713269512830232,0.9516893894487256,0.6876266548332226,0.8555755407754102,0.6021609191287939,0.5859200167891484,0.9704022569191108
1.0,0.5857535556352335,0.7393470797270716,0.6814630562625041,0.484132328774589,0.5094005440311045,0.94665085951393,0.6708897270911915,0.8514465848677804,0.6144179052108758,0.622570703738807,0.9316357799503854
1.0,0.5740408748655431,0.7378069154755744,0.6799401958449829,0.4837427942254617,0.5239111811769459,0.914641375222288,0.5838769321795722,0.8461853456884032,0.6188271144012567,0.6123009738423506,0.6840799649788403
1.0,0.5546790964503409,0.7366890345150501,0.6802199003511019,0.4828438456969774,0.5163312931482197,0.8847065797273271,0.5562088602913983,0.8442159964577078,0.6497263651555003,0.5921101929412425,0.5251228172576485
1.0,0.5288633918967371,0.7362295518316213,0.6807558031540615,0.4848150185688885,0.5244261394173677,0.8799644339063427,0.5484283706826418,0.8446077320928074,0.679297805871445,0.6341072507452844,0.5130113332360532
1.0,0.545834827297717,0.7365899059194425,0.6830371850913258,0.4856455474064322,0.5339526837326385,0.9137522228808536,0.5671178167295315,0.8459205816643038,0.7065752197495309,0.6502409881771394,0.65491998638066
1.0,0.5106967849886457,0.7355544110673078,0.6751797312681337,0.4870296008928955,0.5267033491748464,0.906342620035566,0.5340803195029956,0.8447595283257596,0.7173942151001944,0.6717813023515972,0.5833211732088142
1.0,0.5286243575953148,0.7329905639166088,0.6667586932491631,0.4883139039988855,0.0,0.8882631890930647,0.5745506989128029,0.8431337143024984,0.7434268879578344,0.6573904725117052,0.6496181720900832
0.0,0.6600932233775545,0.7296334614049821,0.6568489333454273,0.4923535086664947,0.5556642090574183,0.9822169531713102,0.7131499149471191,0.8405364801847419,0.774798004167746,0.7426625532006522,0.959628386594678
0.0,0.6012907852276801,0.7274057115786352,0.6589004194411008,0.4895570732064074,0.5810595460074324,0.9611619829491632,0.5955180829820281,0.8328772745362567,0.7568378501405033,0.6925557354826936,0.8860370296103192
1.0,0.5749970120712323,0.7263240737530661,0.6643253309222961,0.4875643656107577,0.5814497668689403,0.9748086734693879,0.6255380519192371,0.8304208940963862,0.7626891938005433,0.6811072320139945,0.9600628300247316
1.0,0.5902952073622563,0.7257447153375467,0.6718357585386152,0.4885495528550641,0.5353425490843925,0.9986898132983948,0.5983433178019376,0.8260905752781096,0.7592585837042689,0.7017671872999766,0.8817749492971524
1.0,0.5348392494322934,0.7234158141841025,0.6684796600966025,0.4891674242328837,0.5020791891855406,0.9555850182300296,0.6128097034243032,0.822833058849679,0.7759377750307401,0.6728157387538778,0.9362141408287464
1.0,0.547508067407673,0.7210935962654621,0.6617434428818175,0.4903924529887345,0.4368668615388777,0.945360824742268,0.5701575327268694,0.8190197301552955,0.7847695360901157,0.6312405310887711,0.7672060753051562
1.0,0.5687821202342536,0.7180949998196179,0.6490378157478066,0.4917861206488379,0.4968177610599119,0.9422680412371132,0.5707196213297836,0.8161105788631888,0.7804093036528299,0.6320004920234938,0.7905848674008985
1.0,0.5644795028086532,0.7155930210742563,0.6373632809307361,0.4918010274278912,0.475035132581049,0.9120274914089348,0.6213297833000516,0.8129332774717672,0.7790900962639051,0.6822286083862201,0.7314222098524905
1.0,0.5683040516314088,0.7119202544710781,0.6185398672149238,0.4923182933069418,0.4771464737009535,0.8848797250859104,0.6085644552917681,0.8094334309754299,0.7703770670617154,0.6713719465247588,0.6533736233151753
1.0,0.5886219672523006,0.7112938726077236,0.6182113703020137,0.49454114226611706,0.4690096631255104,0.8247295208655332,0.5488869166481769,0.8089868413648118,0.8059440346547709,0.6071071068235205,0.3633258618849397
1.0,0.4757977769809967,0.7123440068175528,0.6315095052612102,0.4899395314611699,0.4758850228620223,0.821020092735703,0.4929738924635749,0.8108468727976899,0.8513247668957573,0.52829349904442,0.3682712491550128
1.0,0.4671925421297956,0.7133674906564209,0.6441585605937897,0.4888941907398371,0.4707552361805209,0.8630602782071095,0.5655129058501587,0.8130328089626107,0.9062476357432052,0.569397939384487,0.5095883587718352
1.0,0.545595792996295,0.7138182572208946,0.6548337618112942,0.493923542462376,0.4724021388776544,0.8615146831530138,0.6181051697359664,0.8117741825237106,0.9504725168740636,0.5930165694712118,0.6802220087522673
1.0,0.4686267479383292,0.7146550204567461,0.6680417217095045,0.4883189816622946,0.4742894016898152,0.8788253477588871,0.6554322905110566,0.8088814027625209,0.9609695721602602,0.5826900991314816,0.7125630571487787
0.0,0.4158001673240108,0.7177844163940332,0.6972135037290044,0.4846859900261011,0.4711706040205377,0.8871715610510045,0.7017528289327717,0.8051359488162293,0.9653627082654632,0.5819447703814165,0.7861860908224834
0.0,0.38592087964622906,0.717498455975994,0.7028296100908605,0.486647767329191,0.4721568474513642,0.8717156105100462,0.7108128097034248,0.7992627639742649,0.9304957851268424,0.5901282507606921,0.7383639509020521
0.0,0.4435281462889925,0.7165284356855971,0.7032420699768952,0.4863350690727918,0.474465621413094,0.8760432766615146,0.7999186450706313,0.7954739546740901,0.9389621822957824,0.6028244236154822,0.7998795798675384
0.0,0.4198637504481891,0.7151666691279863,0.6980923005993306,0.4847070519529248,0.4723866320503063,0.8819165378670786,0.7876636343465724,0.7921003899311554,0.9563260911480138,0.5733965259571362,0.8835617845913568
1.0,0.3981116290187641,0.7141007829053494,0.6958055779134598,0.4873190524167682,0.4723954238524313,0.8581143740340029,0.7625101693661709,0.7877437891863956,0.9969462185040529,0.5272149503642243,0.9148599494461678
1.0,0.4246444364766343,0.7121480677202259,0.6843742174129491,0.489051427381905,0.4809491143221616,0.8389489953632147,0.81213667628134,0.7799557882082382,1.0,0.5581244195644273,1.0
1.0,0.3995458348272977,0.7101916786182791,0.6758317709541016,0.4879060898275698,0.4891738055642009,0.7907264296754248,0.8544782190666376,0.7714321997123585,0.981718252016592,0.583751933567645,0.8772865527138758
1.0,0.3436118082944902,0.7091814289482883,0.6724304086561369,0.4887193787908554,0.4798739255419893,0.7208655332302937,0.8740551734339176,0.7670314138677989,0.9575960168657374,0.613947009105651,0.9504410212370052
1.0,0.3749253017808055,0.7077570011564611,0.6666575765241852,0.48681057325392,0.4769345524657064,0.7523956723338485,0.7888617705790995,0.7616542934730803,0.9250367284863056,0.5573360206626112,0.9559843400447432
1.0,0.4146049958168996,0.7062423603034753,0.6604419915581469,0.4855054592397512,0.4979103275017163,0.7539412673879443,0.8516012129280381,0.756325821948107,0.9077656822167957,0.5330125410979605,0.95909768829232
1.0,0.38066212501493984,0.7048853784151621,0.6562304770967214,0.4874500637762603,0.4899990993058554,0.7131375579598146,0.8640115376081652,0.7486278126108361,0.8637121442328562,0.5393669653842977,0.9592917362975756
1.0,0.3775546790964503,0.7035469357525006,0.6568084387673552,0.4910124386796476,0.4983579573304277,0.7103554868624421,0.8499223430219658,0.7412936716016005,0.8288301003609693,0.5829639819407041,0.9445706667668092
1.0,0.4222540934624119,0.7028635349562564,0.6607747164122827,0.4900604436709034,0.5075442176265325,0.7128284389489953,0.8843354781451074,0.7349592284097948,0.7969430607377048,0.5448887782496776,0.9847683274228232
1.0,0.3531731803513805,0.7012665287143283,0.6585102391427755,0.4896625417397126,0.5082860075202208,0.6621329211746522,0.7832260927446199,0.7272739503101866,0.7740954592870397,0.5310378322515632,0.8373561792821846
1.0,0.3995458348272977,0.7006983243832068,0.6565134353473231,0.4887894340089282,0.507838328909696,0.6751159196290571,0.7847348568892836,0.7223695172356823,0.7802109998505571,0.5318526072391608,0.8328340552195239
1.0,0.3961993546073861,0.6995900679881999,0.6551778690002927,0.4886792374583495,0.5076465238463684,0.6627511591962904,0.7957547518674658,0.7150142981080749,0.7745053560174604,0.5375803261028925,0.8116926482092777
1.0,0.4048045894585873,0.6994052372753268,0.6612000869698431,0.4890719804641249,0.4999579667760024,0.6862442040185469,0.9046372309740408,0.7071164467757621,0.7370156060807775,0.5643058236249588,0.9585948978228932
0.0,0.4318154655193018,0.6992484869479831,0.672576873308536,0.4906319171160246,0.5109577133724891,0.7230293663060278,0.8748613268249394,0.6949194804357028,0.6741932421714039,0.5530704776593676,0.9824309721652952
0.0,0.3985896976216085,0.6981435768388311,0.6733466479225241,0.4889215459400287,0.5321994975058739,0.677279752704791,0.8979809185711116,0.6823138580319159,0.5671689739667771,0.5646605876845664,0.993641640571298
1.0,0.3536512489542249,0.6967087743343878,0.6761630013273989,0.4867431975664856,0.519667963987449,0.5857805255023183,0.9845203757118558,0.6725138654778648,0.5167147170918793,0.6036185309034658,0.9712132279699844
1.0,0.4112585155969883,0.6953582029565109,0.6738644011503262,0.4865533434257366,0.5129862631891721,0.6367851622874807,0.8161896309444565,0.6630622474172148,0.4696198548321775,0.5124633293131329,0.962203860305984
0.0,0.4674315764312176,0.6942221315876467,0.6787737079713003,0.4862147079672207,0.5330286129384443,0.6970633693972177,0.8031876340507358,0.6574659664555011,0.4727883923082806,0.5082963553221135,0.9848906208484638
1.0,0.3950041831002746,0.6934283827396026,0.6813570712830856,0.4823959975572994,0.5165639554156071,0.5907264296754249,0.7343317801937725,0.6495661192653437,0.4553438322773919,0.4808275601150728,0.8
1.0,0.44185490617903656,0.6931664295637985,0.6834952533122306,0.4852107362965941,0.496260777233234,0.6568778979907264,0.7708083721618224,0.6448676195969316,0.4396736675124479,0.5089784232221323,0.8900516913031652
0.0,0.4920521094777101,0.6927631498476838,0.6784076999117797,0.4845127355770342,0.5160179115749896,0.721483771251932,0.8330227054211969,0.6352369636452586,0.4073283242858366,0.4950439065982821,0.9793597533327294
0.0,0.4762758455838411,0.6921233654095629,0.6739993139923286,0.4837718156017,0.5091455718672204,0.6914992272024729,0.9046963981954,0.6242545259812617,0.3546704965599685,0.5306200806673516,0.983891658114646
0.0,0.485837217640731,0.6915660503775591,0.6742369045969303,0.4843203716710256,0.5199955668244116,0.7072642967542501,0.7578729383921305,0.6167622577097298,0.3296019351605704,0.4971696802356238,0.7811755509231684
0.0,0.4614557188956616,0.6911456976509796,0.6793234897712874,0.4830188117883287,0.4997483018651801,0.6754250386398765,0.6994674950077657,0.6170666911629206,0.3425946631016312,0.4532293035576046,0.786982578916021
0.0,0.5095016134815344,0.6909303232362172,0.6808717274674416,0.4859626104968751,0.5220643779461455,0.7381761978361666,0.7362473189852822,0.6178857213472506,0.3424877869187598,0.4754140561893678,0.9670562835020842
1.0,0.4640850962113064,0.6908395141648842,0.6846376109846595,0.487104542292823,0.5231279492851656,0.6890262751159196,0.5894904223060425,0.6132602937095553,0.2987735330689682,0.4468572987343766,0.9601777699551176
1.0,0.4332496713278354,0.6911502033699806,0.6921050105556714,0.4888841608041447,0.5309842156823139,0.6661514683153011,0.5890318763405075,0.6121686292351649,0.2928050813576341,0.4469243428916176,0.9050779510022272
1.0,0.4131707900083664,0.6901390460374976,0.6919805901361271,0.4912914002177198,0.5407172478737903,0.6547140649149923,0.5354929369129501,0.6111303390701976,0.3036599262867288,0.4185667279781891,0.9300445434298444
1.0,0.39404804589458575,0.6892275945121316,0.6952823385298694,0.4908095188785586,0.5421848744625298,0.5632148377125191,0.4436358257525331,0.6103766447847874,0.3287090374246249,0.4258950706479193,0.8232770883942837
1.0,0.3961993546073861,0.6884264050451019,0.6994469755831291,0.4907406135640409,0.5406538202941761,0.5863987635239565,0.4760150876414465,0.6090479232256021,0.3047205125114624,0.4406289133486939,0.8384339136544614
1.0,0.4098243097884545,0.6885848896361593,0.7144954372342726,0.4915353486419922,0.5320753777442462,0.6111282843894896,0.5112417720582796,0.6039779595566563,0.24493082083815004,0.457308940901581,0.7979168621563288
1.0,0.43420580853352425,0.6876941421361011,0.7153613964291602,0.4893725475222038,0.5399050028061911,0.6318392581143738,0.5054359884623918,0.5975368616077403,0.16353532178382027,0.4545951107433999,0.749160176409871
1.0,0.4246444364766343,0.6856624473823132,0.706901554036263,0.4891544796804968,0.5428142415336609,0.5863987635239565,0.4855927815989942,0.5944928160487617,0.1391766879082536,0.44483597019264093,0.6173594820305899
0.0,0.4468746265089041,0.6841131998909162,0.6926772244139676,0.4909359593348823,0.5443230580436901,0.5701674277016743,0.3702906589749277,0.5936033513222354,0.1428485156942838,0.4445954196707744,0.5833911982734351
1.0,0.43683518584916936,0.6825427966161042,0.6804212007327389,0.4939525005279948,0.5566785666754925,0.5830895260386192,0.3334368759707121,0.5971903389877982,0.1855177773398051,0.4247663594191852,0.4812799099183637
1.0,0.3569977291741365,0.6816420865033621,0.6716167649618644,0.489549219635924,0.5445538115626865,0.459568345323741,0.09010428222764556,0.5991816563492591,0.18823969347952152,0.3530415974934084,0.14768271219933976
1.0,0.45810923867575,0.6827785261552934,0.6876081230857705,0.4925731084796741,0.545467288058046,0.5721578754485099,0.2834109903113675,0.6071203277230974,0.2265357764330248,0.3919198943865884,0.401064709380757
1.0,0.39285287438747424,0.6841856406881435,0.7058735941088113,0.4872288692046009,0.5467513186866146,0.5882187147688835,0.3134235633459063,0.6067192613698198,0.2293892681090463,0.4086907176547804,0.3682530933143797
1.0,0.3667981355324488,0.685409917011695,0.7220746529865226,0.485743499477512,0.5499984483270552,0.5549605411499435,0.267176983950891,0.6065614444501006,0.24945968211772346,0.4359746232685392,0.3365729122847736
1.0,0.4055216923628541,0.685816661040761,0.7242597908690849,0.4846207170928807,0.5567665937958328,0.5772266065388952,0.3460468900229274,0.6086492484621975,0.2633254843543303,0.4306056966362977,0.3370515963387923
0.0,0.35389028325564725,0.6856205225636018,0.7240414589602898,0.4846373316941606,0.5410484936082244,0.5597519729425028,0.31884476000295825,0.6086633298410613,0.2319569387681427,0.4650454058630686,0.2864561423867476
1.0,0.2243336918847852,0.6856254530225627,0.7260442626223623,0.4766895148605938,0.5579721931638164,0.3785231116121757,0.23359218992678046,0.6121933629080699,0.23141064220387844,0.4021409561916625,0.002117313785903468
1.0,0.336918847854667,0.6852622531520882,0.7240327268702805,0.4806539115261754,0.5534530890758274,0.4940811724915445,0.28338140670068784,0.6220990870305123,0.230466103257186,0.4243841225639508,0.02091396975117926
0.0,0.4189076132425003,0.6854291521085245,0.7253769622227132,0.4824427674186743,0.5486548309720833,0.5865276211950394,0.3807410694475261,0.6319376923965894,0.25702330183140554,0.4294914113646137,0.08375625572707363
0.0,0.456435998565794,0.6849634460808585,0.7218499840644809,0.4847243616562241,0.5573379921388919,0.6479706877113864,0.3949633902817839,0.6416987176336735,0.2747716734936171,0.4372514644957389,0.046088991084755136
0.0,0.4915740408748654,0.6843134868476695,0.7185968013053744,0.4834648653200542,0.5564802967413067,0.6558624577226605,0.3688558538569631,0.6517141989117088,0.327495680114992,0.4269861141844147,0.12978102189780946
0.0,0.4688657822397512,0.6837278980097796,0.7231014397026693,0.4821982485343519,0.5207561121796731,0.6254227733934611,0.3349530360180457,0.6566438094747775,0.3370472867308489,0.4560946712659299,0.0581995133819942
0.0,0.5247998087725587,0.6837865616091521,0.7423944411820652,0.4855635679880694,0.5153229372258806,0.7139233370913189,0.4831373419125807,0.6608862865866267,0.3300213485399396,0.4905655001739478,0.25577517288734153
0.0,0.6118082944902592,0.6842391187789696,0.7644126021151761,0.4875251325419971,0.5097190170264035,0.8103156708004507,0.539997041638932,0.6613114919002092,0.32017349182169696,0.5226190050732307,0.4588013144342538
0.0,0.5773873550854547,0.6838477984621443,0.7761846845006327,0.4886160559151205,0.5137306054151669,0.7998872604284102,0.569255232601139,0.6630380124654864,0.3425288043185037,0.4888779390122708,0.4823924665260678
0.0,0.5685430859328312,0.6835887242881606,0.7811445772773443,0.4881763151632965,0.5363446128617325,0.7860766629086808,0.4277864063308928,0.6654700038201964,0.3883621069149139,0.4624812165557535,0.3547746333807445
0.0,0.5460738615991394,0.6828882301723433,0.7832551379112861,0.4869484957927332,0.5434861592750888,0.7578917700112738,0.3530064344353228,0.67110889989593,0.43159646236747257,0.4772682396788946,0.3103143852077098
1.0,0.4746026054738852,0.6826077068671907,0.7904002210029916,0.4864414582234069,0.5235357401275702,0.6798196166854562,0.3130315805044004,0.6746222955638121,0.436514948647556,0.504931092296189,0.20388444749619852
1.0,0.5678259830285645,0.6824531044674584,0.7951067120245469,0.4924181430475204,0.5152036122160037,0.8029875986471251,0.4712817099326974,0.6779826890573066,0.4167120884964091,0.5348319248785527,0.5418117612438078
1.0,0.5587426795745188,0.6818837197900529,0.7988679221417384,0.4920195829483268,0.50611370719343,0.7841037204058623,0.5070408993417647,0.6764591599476497,0.3672679921608518,0.553765614095265,0.5305802148217177
0.0,0.6392972391538186,0.680915580780499,0.7944866219774943,0.4972499825139895,0.5102999341694767,0.8847237880496053,0.6209082168478667,0.6767320548084619,0.3474003537593604,0.6163593494635969,0.9431065770758748
0.0,0.6185012549300823,0.6797252772837272,0.7914018790902576,0.4962406467727163,0.5081804548414509,0.8509019165727169,0.5309740403816287,0.6699100889604503,0.2785585727787563,0.6161541998903295,0.8336486523539258
0.0,0.6039201625433249,0.6780305097189692,0.7850155814632186,0.4954652125761478,0.5078287907275899,0.8311724915445319,0.5677316766511352,0.6641091528804881,0.21580529297304074,0.636159786685982,0.6603602862548338
0.0,0.6469463367993306,0.6765788397106118,0.7837795727952718,0.4947394471085817,0.5336172292159891,0.8573844419391206,0.6595222246875232,0.6578827351003679,0.14419606073331115,0.6363497960098807,0.7719283814537592
1.0,0.5518106848332733,0.6754745357241809,0.7858644531150935,0.4909235700283054,0.5421523093199041,0.7452085682074405,0.6368685748095555,0.6521540232102141,0.0967627269950655,0.6272346175281759,0.4805077311108677
1.0,0.5188239512370024,0.6751789549244496,0.7913249164154542,0.4922348360134127,0.5531418540782486,0.7263246899661779,0.5993861400783964,0.6524884324603881,0.0877539611519384,0.6034555589794611,0.5586429193233423
1.0,0.4394645631648138,0.6720990147253092,0.7764707519886406,0.4873865845618458,0.5552738019702221,0.630496054114994,0.4684342874047779,0.6522092833787636,0.07750306870218943,0.5826656712083741,0.3793614568383416
1.0,0.5611330225887413,0.6688558614382399,0.7586605532019727,0.49329444442996995,0.5513596363676705,0.6316234498308905,0.5679535537312329,0.6577297671660916,0.10495978766129266,0.584011860980483,0.4123473637155032
1.0,0.5307756663081151,0.665718363549493,0.7398582087130797,0.4915065896904017,0.5425418432232674,0.6134117018434408,0.3734708971229935,0.6607320120240441,0.10412336289834184,0.5464276266869319,0.29576735759828743
1.0,0.5948368590892793,0.6655407907991604,0.7419047267125564,0.4960115158581687,0.5066460811482982,0.6971443542048729,0.3964055913024183,0.6683663353416059,0.1347987441294703,0.5050873379371815,0.3611509775780535
0.0,0.6832795506155134,0.6651558522242667,0.7467314154306327,0.4985522234169549,0.5403379196122949,0.7932931621692428,0.5242807484653502,0.6725011287138489,0.1362694312692771,0.5129859314336837,0.7154083241182984
0.0,0.6596151547747099,0.663787563888655,0.7464036073341623,0.4971913842755559,0.5449897096629905,0.7668325910400837,0.515723689076252,0.6729056280213173,0.1385946334173953,0.5087659398299347,0.7540408912312082
0.0,0.6259113182741723,0.6623543888420158,0.7435644521992472,0.4956293206929169,0.520999592317025,0.7063138590516111,0.3602026477331555,0.6731176964178556,0.13928591175342284,0.4820840402208539,0.4793308707620642
0.0,0.6801721046970239,0.6611192672019637,0.7375223110785666,0.4958924392964733,0.524761406577702,0.762039660056657,0.3624731898528216,0.6755633605875444,0.1490153282671242,0.4831373803774273,0.4774311090867688
0.0,0.6789769331899127,0.6602349512799632,0.7402314839475185,0.495833031802859,0.5162074337817135,0.7602369302086016,0.4305672657347829,0.6772902507835981,0.13476436148106047,0.5188992294050627,0.409246185379185
0.0,0.7420819887653874,0.6594304446000545,0.7445343110934809,0.5004062160109711,0.5151282448461043,0.8302080657590544,0.5023223134383551,0.6784221070993364,0.11108832905872773,0.5519389104124685,0.7263493509451144
0.0,0.7980160152981953,0.6581724297792888,0.7451869575614337,0.5007195822363452,0.5093936208739092,0.8862060107885948,0.6270468160639004,0.6774364337762253,0.09137381834122517,0.5630699853285388,0.9153268048280568
0.0,0.8118800047806857,0.6562731637407921,0.7387255438616548,0.4979999698164703,0.5251000601235033,0.8916003082455687,0.6114488573330377,0.6747298351534898,0.07386872241973974,0.5543604067316535,0.9395809610567064
0.0,0.7272618620772079,0.6543576775807538,0.7362933580696315,0.4934603021440916,0.5229617541436027,0.7874905802562169,0.4367206567561568,0.6729348043928223,0.06503604856889439,0.5234290990187134,0.7661125028467315
0.0,0.7253495876658299,0.6530275290501828,0.7367461563557621,0.4934224900257376,0.5455902079206478,0.7844891871737509,0.3859034095111308,0.6745607266558578,0.06895431501044152,0.5498057387515051,0.6126564222265446
1.0,0.6930799569738254,0.6519403265078751,0.7366190943307339,0.4931250224288578,0.545130549095491,0.7509321401938849,0.3576288736040233,0.6764620391574674,0.06804198004250689,0.5388785840046598,0.5945325292543635
1.0,0.6942751284809371,0.651028857855638,0.7369316273366505,0.4933618531120647,0.5419842251659618,0.7455357142857142,0.3421492493158791,0.6792108628774765,0.0695620352553436,0.5336975679219442,0.5822934928328343
1.0,0.7162662842117844,0.6494080560581865,0.72864230894273,0.4912435874842776,0.5643212306287418,0.7694389763779526,0.1942755713334809,0.6795819826548826,0.04404451510131169,0.5153297546706406,0.35770954409412725
1.0,0.6732401099557787,0.6476197044880199,0.7206690467056972,0.489319535014254,0.5444398522084966,0.6979621542940321,0.14586938835884894,0.6836360316441865,0.030404343469022318,0.4796945850023571,0.2106329188781623
1.0,0.6863869965340023,0.6463103188072157,0.7119147763408161,0.4866081473748826,0.5375886939548156,0.7096774193548385,0.07951334960431877,0.6896142810268633,0.02769496526390114,0.4851058356052829,0.09836669170385423
0.0,0.7523604637265445,0.6456351628013601,0.7120337960885813,0.4914835554561395,0.5276269666951355,0.7829055804097007,0.1177723541158201,0.6990530845236662,0.04412824712316349,0.5000298656309519,0.10256126482213493
0.0,0.7872594717341937,0.6445636237159116,0.7116490746967191,0.4904023322136213,0.5556743272854482,0.8144572639510241,0.20804674210487376,0.7070320535490724,0.058842388134596864,0.4865803075399328,0.2091458972230224
1.0,0.6591370861718653,0.6431507010394937,0.7096847259090919,0.4826201919123199,0.5307605375627452,0.6736519896397455,0.1326529102877001,0.7123609279533556,0.06260305017628638,0.4070222563412821,0.004913505362498248
0.0,0.797776980996773,0.6420137100012158,0.7063085511998571,0.4899621550857681,0.528502147035545,0.8115232097037552,0.2762443606242145,0.7233778029388434,0.10807448034652156,0.4778783118057048,0.2316228601960505
0.0,0.8484522528982905,0.640685407555929,0.7023644124957417,0.4903668106635909,0.5369306926850275,0.8477098349221108,0.2562162561940682,0.7278127812147093,0.13237383638474026,0.5229170226109794,0.19765116378026487
0.0,0.825265925660332,0.6398604914285628,0.702128527902185,0.4905567246200607,0.5315307577797195,0.825885621671683,0.24794024110642696,0.7328316256930241,0.15962395044063155,0.5120366383760219,0.1501425471256546
0.0,0.7939524321740169,0.639337500115587,0.7047909961937141,0.4908786436485778,0.5312296979612077,0.8224687933425795,0.2575918940906732,0.7378498851603803,0.17951635966517626,0.5179455333924333,0.20969320454448734
0.0,0.8515596988167801,0.6392480944364111,0.7120625298198066,0.4917243044609126,0.5326759299308628,0.8735552473416548,0.3676059463057468,0.7427148199074136,0.1972747064545175,0.5455509299659576,0.4086634611293145
0.0,0.841042189554201,0.6385759039242127,0.7160295659746639,0.4901843918901534,0.5220006662594989,0.8802588996763753,0.3688188743436137,0.7436480395288441,0.19272739031889652,0.546367061078349,0.41470575720182135
1.0,0.7478188119995217,0.6378314419005717,0.7210244670917773,0.4875894105203207,0.5312733752604578,0.8016643550624132,0.3031210709267064,0.7465785661720616,0.2036353209091082,0.4638705909103169,0.15512105867835474
0.0,0.8016015298195289,0.637072668908093,0.7242166154323009,0.4881999482615845,0.5346261108559465,0.8472029588534442,0.2888469787737593,0.7539551969366722,0.23071288730011086,0.4565867321631771,0.24494702353091385
1.0,0.71052946097765,0.6355327944150935,0.7225692655729005,0.4860183476300727,0.5307602190552018,0.7625982431807672,0.23263072257969056,0.7604614165653432,0.24653115843257886,0.35858006335178344,0.06269945959746448
1.0,0.7294131707900082,0.6347331453863065,0.7241611144982819,0.4838471761524395,0.5433942918360064,0.7683772538141469,0.2973300791361587,0.7702871192963292,0.2781124714429196,0.3915987541857184,0.0010019060651968491
0.0,0.8647065853950043,0.6335134127281711,0.7232527943963666,0.4946230958729498,0.5397947451157665,0.9093851132686084,0.3935581687744992,0.7800570717879289,0.3065640262064282,0.4661115786159439,0.08976798653297308
0.0,0.8436715668698453,0.6320752546741115,0.7201098882809797,0.4937010509720956,0.5427205129958328,0.8767914932963474,0.3980400857924709,0.7857062505732109,0.3199551031093827,0.4704673719159299,0.14751518700139055
0.0,0.8723556830405159,0.6300622512995127,0.7131622590793381,0.4960625151357402,0.5481230498221528,0.9063800277392507,0.4495969233044893,0.7911544321218527,0.3256333264497091,0.4763968707627438,0.16492364645996996
0.0,0.9067766224453208,0.6284237779802642,0.7073319525347079,0.4952541607638602,0.0,0.9216366158113732,0.4836032837807851,0.7959143894084619,0.3329209648503891,0.5152819365741238,0.3238399634724033
0.0,0.9550615513326159,0.6261275186332669,0.700958454804374,0.4989297358991927,0.4591608108228738,0.9766527970411464,0.504171289105836,0.8000429777897291,0.3529764154282741,0.5415338597789385,0.8206152616859803
0.0,0.9770527070634636,0.6241618627192136,0.6962311537752297,0.5009826289710378,0.4747022125767096,0.983923578751165,0.4484579542933215,0.8016037042470456,0.3731569676592758,0.5229035089995381,0.639603457041182
0.0,0.98302856459902,0.6221562346781639,0.6932042031317357,0.501246284683686,0.5922186455918599,0.9983629560336762,0.4399822498335921,0.8029643286162005,0.39032412377132375,0.5142162597276443,0.6527116587323821
0.0,0.9455001792757259,0.6210964089847446,0.6961308005289195,0.5023225963879074,0.0,0.9782865234835968,0.4471858590340949,0.8036361725132659,0.40826230418491705,0.4732167932418301,0.5805652981225484
0.0,0.9266164694633678,0.6195948991312523,0.698580956137182,0.4998269145485327,0.6443135676782253,0.9792305876799621,0.40378670216699897,0.8035642111333974,0.4150055442827158,0.4733887483111862,0.4633578906552918
1.0,0.9345046014103022,0.6173590534911895,0.6971389422918495,0.5008834633332618,0.0,0.9690818975690348,0.40137563789660535,0.8043944744765399,0.4286945768442677,0.4688739686703083,0.3711059619699159
1.0,0.9686865065136848,0.6145480180452443,0.6928038409512677,0.500077030719238,0.6937883751485433,0.9802170006617882,0.4241624140226312,0.8046693482899205,0.4180565040748844,0.4450857736165639,0.441943433005994
1.0,0.979204015776264,0.6120917941621318,0.6888978745657269,0.4971164547276923,0.0,0.9856614246068454,0.4717920272169219,0.8035573844149557,0.3914242158695857,0.4550797347940324,0.5296995108315873
1.0,0.969642643719374,0.610067610532153,0.6860629202353005,0.4965615974672996,0.6473862208202533,0.9761794634597596,0.5101397825604612,0.8015502136140908,0.35690453632757124,0.5004929661995705,0.4887270587369891
1.0,0.9562567228397272,0.6082090367705566,0.6845771952648475,0.495870594460741,0.5193484472318421,0.9944910179640718,0.5242437689520008,0.7999671354831479,0.34123017973106234,0.4659582807898837,0.5436757512229227
1.0,0.9108402055694992,0.6066536976515433,0.6850572865799603,0.4969492365466441,0.5211336451437483,0.951295585412668,0.4966940315065456,0.7981636951817346,0.330255273536477,0.4344580585958861,0.34054213100886405
1.0,0.9364168758216802,0.6047629568550543,0.6808867049328935,0.4986554849689291,0.5200509561171788,0.9875239923224568,0.5265069151689962,0.7982626744678525,0.327896653067966,0.4180285306195371,0.3449556806061269
1.0,0.9349826700131466,0.6029004750756886,0.6757237736736541,0.4993817000856468,0.0,0.961852207293666,0.5035500332815626,0.7985693172610533,0.31629749371515625,0.3927648396001675,0.22292103424179086
1.0,0.9562567228397276,0.6008127537004515,0.6692309795806002,0.5008257041129895,0.4813599151980546,0.9914346895074948,0.5465572073071521,0.8005561291185004,0.31354306434426144,0.446397826739767,0.44918901026150265
1.0,0.9474124536871036,0.5998783435887733,0.6762379139163117,0.5003646750991233,0.5282044904000294,0.9806067816775728,0.5513497522372605,0.8013824621988709,0.311485648706106,0.4521452329209159,0.4136967155835093
0.0,0.8888490498386514,0.5985376798552821,0.6798195123921624,0.4985289709554268,0.5103494199953938,0.9740243932127466,0.4711411877819681,0.8023875939312384,0.3167689551781479,0.4000426217168635,0.2086873367906128
1.0,0.8878929126329625,0.597571047084424,0.6959279392526604,0.4987992843322966,0.5241997998841804,0.9625824670740316,0.496339028178389,0.8062041575408878,0.34146150897400834,0.3817656217217463,0.2592503700147988
1.0,0.8345882634157998,0.5953095851675068,0.6967155272049669,0.4987044803462914,0.5026738216535036,0.917301652993159,0.4954958952740184,0.8093195115488994,0.3603922022179286,0.3807719150344308,0.2981319252770103
1.0,0.8326759890044219,0.5928412689825335,0.6970810025699832,0.4994036437911578,0.5068563113207201,0.8888185602648683,0.4377856667406255,0.8130807897864307,0.3942148647326886,0.3623563449228701,0.22924916996679684
1.0,0.8713995458348271,0.5908468435510668,0.6892614702921798,0.4991702078645931,0.5264921833372679,0.9027158589777574,0.41831225501072383,0.8177727833121868,0.42672614179965707,0.3449493497982661,0.29329173166926586
1.0,0.8400860523485117,0.589575219240702,0.6908511868994959,0.4993009260256047,0.5196187049394528,0.8966913270838854,0.4642556023962722,0.8212837960370023,0.4561993221669629,0.34380527140619177,0.5302212088483514
0.0,0.9094059997609651,0.5887246895255895,0.6954285972465512,0.5049411652915136,0.0,0.9742872978769548,0.5141705495155686,0.8218279672484661,0.4571392692755509,0.3548517896149413,0.7596703868154726
0.0,0.933548464204613,0.5871278031580209,0.6985123174624978,0.5032449695900706,0.5317960929577076,0.9892281369737572,0.5518674654241554,0.8201451564266597,0.4623768642326964,0.3520952432004719,0.8616744669786793
0.0,0.9177722003107444,0.584975731064749,0.6982729223224119,0.5056571021590146,0.5271352481810945,0.9840309702395356,0.5553657273870277,0.8168237758929053,0.4665618538087319,0.35628067207359576,0.8261130445217798
0.0,0.9321142583960794,0.5831314819192441,0.7024789007594913,0.5031332560148007,0.5033792505001563,0.9997546012269938,0.6124916796094964,0.8140710806318958,0.4642222065052735,0.3756436044857636,0.9760390415616632
0.0,0.8874148440301182,0.5812835028449701,0.7043343883730343,0.5040325760427394,0.5154914643373949,0.9776774517180836,0.5955106870793581,0.809379662911063,0.4504210013129185,0.4131256760448577,0.9684469103384024
1.0,0.8639894824907371,0.5799542718956612,0.7089483893760774,0.5058708838366438,0.4894991436601239,0.9611236518685726,0.6033799275201539,0.8066195166905656,0.4434641390284444,0.4221869298314393,0.9542457805907181
1.0,0.8324369547029998,0.5788081230663809,0.7111240026772324,0.5075007132010974,0.5136468530202886,0.9310258339603712,0.5223060424524816,0.8045225682166066,0.4551991194161914,0.3647479549838247,0.8311132031066125
1.0,0.8042309071351736,0.5776504343003201,0.7128436161196353,0.5089589103590596,0.5351844500293201,0.90995736142463,0.4361733599585832,0.8041030566540182,0.4591830713819946,0.30778252103981546,0.4880333433592581
1.0,0.7894107804469942,0.5769988133993174,0.7194166957581946,0.5116290315620188,0.5355425472786448,0.8974166039628793,0.4394645366466978,0.8040980660342558,0.4586174529046753,0.3123352268650258,0.4702874575688567
1.0,0.7423210230668101,0.5762718094921515,0.7295584349261414,0.5109763891951283,0.5198380898536707,0.8703285678454978,0.4662007247984615,0.8037635221801421,0.43160647482990655,0.3480996855989113,0.3930305504232352
1.0,0.7602485956734792,0.5752454577348702,0.7413079042512424,0.512451538094389,0.5238608086633951,0.8926511161274141,0.4189187190296578,0.8039510722011819,0.4146562299506157,0.3353653340461253,0.22498173849525105
1.0,0.7913230548583722,0.5737334266759819,0.7422486754344512,0.5114998091504495,0.511660882197326,0.9104589917231,0.4190962206937351,0.8069160170824401,0.4051446529362667,0.33556114245260377,0.2157865337515552
0.0,0.7882156089398826,0.5723014671508293,0.7317497921979159,0.5110339675753819,0.5223483407341184,0.91196388261851,0.4089712299386137,0.8102691111975981,0.41522808501241787,0.32656491296045315,0.2194675613263032
0.0,0.7784152025815703,0.5709853833110645,0.7216880129206499,0.5097435414492271,0.5243423593435999,0.91246551291698,0.3752089342504252,0.8136144273625279,0.42374598181657774,0.333613270703019,0.14918739924186594
0.0,0.8324369547029998,0.5692385915020901,0.7132647651952982,0.5107420744377446,0.4945932645943498,0.9601203912716328,0.4274831743214261,0.817113532788903,0.4345018228395969,0.34460601678721986,0.1728459530026113
0.0,0.8135532448906416,0.5670850462851658,0.7150991465261015,0.5099304144124678,0.5247905489184084,0.9262603461249056,0.45362769025959604,0.8186720705724595,0.4309775681242387,0.3817924520252608,0.14905715114592213
0.0,0.8312417831958886,0.5649191450713122,0.7126593054874367,0.5114665097454711,0.6011991161156104,0.946074742914472,0.4542933214998886,0.8208956648699497,0.44176834746842697,0.3826158143710866,0.21206846533216936
0.0,0.8608820365722479,0.5624147708109941,0.7080035362956986,0.5103771781904928,0.5251185119338395,0.962879357913218,0.4907773093706089,0.8221380357599499,0.4454895353253029,0.4239514924529144,0.5648970118944008
0.0,0.880721883590295,0.5594504607435002,0.6988215474302503,0.512446871103591,0.5564347135070058,0.9583646852269876,0.5928629539235264,0.8221063027998896,0.4525274632324541,0.501419316236916,0.8105599071656528
1.0,0.8809609178917172,0.5561443116146516,0.686957765114732,0.512962274686285,0.558110093865723,0.9430649611236516,0.5521780933362915,0.8196633995315259,0.4408607903388944,0.4974744025887039,0.7937917029300837
1.0,0.8907613242500297,0.5534387523589004,0.6788839144952101,0.5145518235968654,0.5846403213335903,0.9256157635467978,0.5553731232896971,0.8184487143059436,0.4411588836107944,0.500836346638715,0.7350159559036831
1.0,0.8888490498386518,0.5508322150960989,0.6633954112282316,0.5144383457334724,0.6142931022181163,0.92487922705314,0.5597662894756306,0.8157602221952359,0.4155923287077376,0.5055602558838033,0.5872352770525062
1.0,0.8900442213457629,0.5483740578177076,0.6489150876638122,0.51495046689593,0.6164080487224832,0.9146603098927292,0.5875231121958433,0.8127894174190728,0.3857551160769634,0.5323974412425987,0.561895901173308
1.0,0.8804828492888729,0.5462343122219899,0.6360166798393643,0.5150885671539006,0.6319204980206684,0.8852767962308598,0.6130167886990607,0.8113247407327995,0.3706127415240131,0.5555725382932883,0.4763446738719057
1.0,0.8635114138878928,0.5439710891783487,0.6268370604043019,0.5168817849052179,0.6251463281448377,0.8821752265861026,0.5809185711116045,0.8111684917471462,0.3739038591770113,0.5177891666441906,0.5568948525509826
1.0,0.8682920999163379,0.542652930424621,0.6245025332049643,0.5179648107758384,0.6050210726811103,0.8656751103881013,0.5913541897788626,0.8119659644722035,0.3959203718070109,0.5267296669046139,0.5385508592661399
1.0,0.9053424166367872,0.5408417720591874,0.6215340058254462,0.5204182272613329,0.0,0.91954555993508,0.6555062495377559,0.8121026546529873,0.4027333584612624,0.5468294496018218,0.7677327317364468
0.0,0.962232580375284,0.5400674930918858,0.6239931467612571,0.5218493735460483,0.608688754377303,0.9645258520751218,0.7221359366910732,0.8116835291506219,0.41638731045686944,0.5728746847658671,0.9625354717342092
0.0,0.9598422373610612,0.5383324862927474,0.6192273541968755,0.5199690686456241,0.5840638906482135,0.9925805703686528,0.6527253901338657,0.8089322623812851,0.4019055866093637,0.5299784536422018,0.936342740390756
0.0,0.8981713875941197,0.5374808657740799,0.6190067919780174,0.5165405897024179,0.577001142804469,0.9715686274509804,0.6289919384660894,0.8088763718255416,0.4154565951717813,0.5132372201411136,0.7635359468777942
0.0,0.8740289231504719,0.53654621337932,0.6225266442119244,0.5127848466846724,0.6764897911761756,0.9942757590841214,0.5679905332445825,0.8095884817363264,0.4234362127203923,0.448882628717924,0.8468003207698469
1.0,0.8171387594119756,0.5353832474915037,0.6277016655839641,0.5117315805355729,0.615507661097186,0.9519661523145844,0.5422453960505883,0.8107845673349738,0.44730108117252615,0.4774384735701002,0.8391659983961526
1.0,0.7951476036811281,0.5336344441034411,0.6280811266017969,0.5109976223177171,0.5559877285806879,0.9454261954261954,0.5250942977590414,0.8101363831165305,0.4541613958460722,0.463470463451444,0.8938893344025663
1.0,0.8121190390821084,0.5314486571848458,0.6243469310263985,0.5125669003787159,0.0,0.9641372141372142,0.5570667850011096,0.8089480071570665,0.4625132203178896,0.4377837745400008,0.9885805934242198
1.0,0.8405641209513566,0.5302634339754129,0.632078854909408,0.5114331102924105,0.5575017854955654,0.9857068607068608,0.5171067228755267,0.8059459770400849,0.44988185644472706,0.4573438754933868,0.9879829787234052
1.0,0.7927572606669054,0.5284883109665326,0.6347002610188313,0.5104309995727316,0.5137837267734893,0.975925925925926,0.4777531247688784,0.8038036435715796,0.4390440849504645,0.4764733441695743,0.8688286040952096
1.0,0.8259830285645992,0.5269567453579642,0.6378699590780553,0.5098237298670815,0.5446980622344288,0.9954763171899951,0.4771392648472751,0.8018158843896468,0.4265008182352218,0.4760745349662101,0.8746393827574644
1.0,0.7987331182024617,0.5250214366535078,0.6305263280881688,0.508073337630212,0.5197990243460704,0.9939543830722728,0.5079358035648252,0.7992134084993321,0.41186847672958377,0.4503510058847551,0.8496207746808571
1.0,0.7370622684355206,0.5238940089039663,0.6318040852640662,0.5070196665236769,0.4993982450705484,0.9795211998846268,0.4316248798165821,0.7952650974352424,0.3949723100835635,0.4333092114604871,0.5509535253909306
1.0,0.7313254452013863,0.5225310707870845,0.6245177076005044,0.506085711696302,0.5151337547022181,0.9835592731468128,0.486184453812588,0.7949393120990325,0.3808819569854848,0.4301600357592675,0.7136302631168266
1.0,0.7456675032867214,0.5212462294981539,0.6226443595695216,0.5077515098751715,0.5299668572339693,0.975771560426882,0.4802159603579621,0.7925409415950115,0.3707135384536818,0.4245197978619861,0.6685289803052538
1.0,0.7162662842117844,0.5206714337569571,0.6226975342241884,0.5086482139074847,0.5695542483601721,0.9558696279203922,0.4528880999926039,0.7916518424649809,0.3755388206725044,0.4470186759256587,0.5704922126158729
1.0,0.6438388908808413,0.520897417465678,0.6349529720278179,0.5048991336231905,0.5617596801420824,0.9154888952985292,0.3742030914873162,0.79151985344924,0.3955684713017456,0.42055669003689616,0.4108430350510315
1.0,0.616349946217282,0.5210334552055911,0.643375423061385,0.5061127703002636,0.5662962706669258,0.8950100951831554,0.3357296057983876,0.7930255692102439,0.4188558947793716,0.36491144540097337,0.17915665282936571
1.0,0.6361897932353294,0.5201772283247865,0.6501592749713571,0.5078752359023001,0.5721047183003632,0.9226997404095764,0.3907107462465794,0.7959520234538578,0.44645191603269707,0.3714298535283893,0.3384000749087049
1.0,0.6084618142703476,0.5186836364909573,0.6498986272612431,0.5059930630986517,0.5720408381149956,0.8823190077877128,0.3865542489460833,0.7963787981600698,0.458311061512099,0.36428589619359053,0.2251006585723644
1.0,0.6213696665471492,0.5162983377531571,0.6447802960577985,0.5034768182290086,0.5718715572568027,0.8828958753965963,0.4330670808372159,0.7989088496502197,0.4761928504515405,0.423119805261216,0.1699803364649333
1.0,0.6349946217282182,0.5138857629237674,0.6360933272245205,0.505629042753431,0.5742773957771967,0.8514565907124317,0.393358479402411,0.8022122591186684,0.4935205871539475,0.4269099103573339,0.003162992982109439
0.0,0.6780207959842235,0.5121613226899642,0.6334003669170037,0.5059884885150044,0.5773535222706635,0.8958753965964809,0.4745285112047925,0.8091351436179293,0.5301363455361616,0.4597358682252621,0.2255489021956108
1.0,0.6479024740050198,0.5109662346939257,0.6299022393481232,0.5067581324362381,0.5682724991992497,0.8759734640899914,0.4394571407440284,0.8130933388583157,0.5550162059235522,0.4692981567631591,0.1469917308240684
0.0,0.7069439464563164,0.5097890619827976,0.6289273944004166,0.5086678301191744,0.5280541838464934,0.9342370925872512,0.5238074106944753,0.8188306172027155,0.5973733045683387,0.5181520429269354,0.31074449201211
0.0,0.7325206167084974,0.5076088456233707,0.6212552447718576,0.507351853830712,0.5151439132568899,0.9552927603115086,0.5468826270246283,0.8203688314865631,0.620486476736959,0.5524997883970199,0.4800563850892756
0.0,0.7702880363332139,0.5055503279261739,0.6138971550841578,0.5072904192112714,0.5725383741754342,0.976348428035766,0.5931218105169739,0.8209299664414895,0.6383130855070827,0.575322665343606,0.7239486416077403
0.0,0.7482968806023661,0.5034653527384712,0.6018266256844578,0.5058153117670817,0.5778374765658857,0.947216613787136,0.5874491531691446,0.8197008169955609,0.6292743605525243,0.5687548346271672,0.6601693338295489
0.0,0.7537946695350781,0.5015134291873344,0.5878586187943761,0.504757381015111,0.5405288341693051,0.947216613787136,0.6267287922490941,0.8199857129247663,0.6259101496661064,0.5907244695526984,0.8279214737625615
1.0,0.7545117724393449,0.4996107265712502,0.5795296313927697,0.5054242695910082,0.5178267084633429,0.9272520602443876,0.6026033577398122,0.8193218187551652,0.6107163673461647,0.536513395510418,0.8919333829549662
0.0,0.7848691287199714,0.4977562979033017,0.557774506104936,0.5083682680254559,0.5347450719171807,0.9639818491208167,0.5925375342060495,0.8178280612426712,0.5917454876418893,0.5166899862023207,0.942128768142908
1.0,0.7767419624716143,0.4972909256715419,0.5493041931886429,0.5079885276698168,0.5423677877819307,0.9482419127988748,0.601124177205828,0.8156396155150261,0.5862956126600134,0.5272292024424724,0.8085944830174507
0.0,0.7416039201625434,0.4963004971150007,0.5325499997964015,0.5025032061979594,0.5321399978418888,0.9611814345991564,0.5821980622735005,0.8133796296083801,0.5943602498082637,0.4940239356554943,0.8437324075811578
0.0,0.7588143898649453,0.4953827985965018,0.5316640243178944,0.5044857645742168,0.5378928350756812,0.9538677918424754,0.5818948302640338,0.8124083682159307,0.6170488056585304,0.4940705225738165,0.7421655094764492
0.0,0.7738735508545476,0.4934220000876248,0.5259462295449059,0.5021029997268234,0.5333243727765631,0.9701828410689171,0.5340285481843058,0.8104052160328845,0.624700221691714,0.4784094460026543,0.7122349408894718
1.0,0.7540337038365005,0.4924290779960323,0.5312768588231991,0.5044171744024845,0.0,0.949085794655415,0.5839878707196213,0.808280662070666,0.6255466135586611,0.4800969570294613,0.7382248076562196
0.0,0.7722003107445916,0.4913716738845395,0.5363019148028543,0.505225332921325,0.5080442701238587,0.9968979131415681,0.6629761112343757,0.8042226220984721,0.631668914171541,0.5187502614467978,0.9973728654531788
0.0,0.7714832078403248,0.4900629349143346,0.5397352153988314,0.5053899063567814,0.5347197640772497,0.9960215970446148,0.6633311145625329,0.7981493896884313,0.6248086735282217,0.5196848339861626,0.9555119118777252
0.0,0.7614437671805904,0.4883209972723954,0.5403330345894352,0.5047709148176645,0.5703330786060594,0.9945276497695852,0.6690333555210413,0.7919559153499709,0.6026144401310909,0.5251271550093154,0.9917447676394899
1.0,0.7389745428468986,0.4866596919064863,0.5409153277726387,0.5069163476470395,0.5807342134103175,0.9979240806642944,0.7015753272686938,0.7861459925142076,0.563729987534229,0.5519214222644839,0.9991421021927868
1.0,0.6969045057965817,0.4852785002536946,0.5403214316600202,0.5040125419394667,0.6203965819337666,0.9649923896499242,0.653583314843577,0.7816091226263129,0.5348518773381196,0.5151744054972408,0.774492700394823
1.0,0.6930799569738257,0.484155808328313,0.5370383301142445,0.5033567654886223,0.4913783955475712,0.9906571161631892,0.6463649138377341,0.7800806272921743,0.544198428775764,0.5021805180301468,0.8267376733082369
1.0,0.6653519780088444,0.4831860295513557,0.5374522825172761,0.5047805183818723,0.0,0.969535175879397,0.6615560979217519,0.7786392457068751,0.5443013369943439,0.515940578837562,0.751813423928016
1.0,0.6710888012429783,0.481608042655886,0.5301964068437746,0.5052416899886873,0.4669213950237222,0.9805276381909548,0.6597441017676203,0.7775345138432956,0.5471994516200823,0.5115788146581466,0.8294922413001558
1.0,0.6926018883709814,0.4797582964554703,0.5232520960564806,0.5075473555719219,0.5159327617360088,0.9801886792452832,0.6431994674950074,0.7748588271086105,0.5222946632405123,0.5429831856300429,0.8088329813607562
1.0,0.7055097406477828,0.4775813281965777,0.5131920176281527,0.5050336085956837,0.4987743640319444,0.9977841088952196,0.7079505953701651,0.7720073667636127,0.4939785747478895,0.5403941381494961,0.8125975576163816
1.0,0.6882992709453806,0.4759469438159485,0.5110365020636207,0.5041046740991638,0.4663838705285137,0.9622820919175912,0.6846165224465643,0.7688756121960338,0.4744457801041313,0.5719054330938398,0.7846661680893311
1.0,0.6885383052468026,0.474292156957508,0.5102701903691483,0.504034164233877,0.4883424119821394,0.9654516640253564,0.650166407810073,0.7682270619337785,0.4599500212210966,0.5795795840091579,0.769089924439745
1.0,0.6682203896259112,0.4722304876242212,0.5099923995528639,0.5028110575081096,0.4967188222845421,0.9261489698890649,0.6138081502847428,0.7684281934175667,0.4591609374960735,0.5926655205678429,0.7251205611573888
1.0,0.6909286482610254,0.4697110813683307,0.5029441162154576,0.5054155643840484,0.4952022414986882,0.920544476100032,0.6119961541306116,0.7702181002557584,0.44563284038727735,0.5896438107685893,0.8447275446785463
1.0,0.7356280626269871,0.4671461033705584,0.4952163536951313,0.5062774337002712,0.4797531394465488,0.9536702767749702,0.5545151985799871,0.7702244794764288,0.4432828527037286,0.5363519302354607,0.9076514428656174
1.0,0.7506872236165886,0.4653064055654885,0.487851065753093,0.5040471661996726,0.0,0.9591654247391952,0.5087567487611862,0.7674430642740147,0.424969761446636,0.5506805776844798,0.7999329499445547
0.0,0.75929245846779,0.4639945285790488,0.4875909007320772,0.5044959580453022,0.4972570678791782,0.9804733727810652,0.595421936247319,0.7639328345115974,0.3950669263677074,0.5666492445350451,0.8852412512571884
0.0,0.7492530178080553,0.4625718149460045,0.487323093118512,0.5074390817519029,0.0,0.9924379915305503,0.5984394645366466,0.7586786331415865,0.3516003539352488,0.5689418549774802,0.8409191800496145
0.0,0.766941556113302,0.4611312214905181,0.4827304450452864,0.5054843708637532,0.529697015644586,0.998790078644888,0.6209082168478663,0.7540547630238326,0.32386138183245183,0.5877780516083727,0.9932628280454371
1.0,0.7370622684355203,0.4597446993418413,0.4790050466463488,0.5066177209296012,0.5787610878404325,0.9709179036655556,0.6192367428444641,0.7475502887566474,0.2800509095318641,0.5876982030686534,0.9773438939031126
1.0,0.7040755348392493,0.4587690600640499,0.4792691700000265,0.5075417523077753,0.5553493379147824,0.9366858527718872,0.5749204940462989,0.7402361302295517,0.2237787080246418,0.6045581791112958,0.8190581445324503
1.0,0.7126807696904505,0.457818628087525,0.4855315102296782,0.5083685106182222,0.6044383612410601,0.9491679273827532,0.6383477553435397,0.7348614831101359,0.18899966252144376,0.647008228949677,0.7494013630502849
1.0,0.6837576192183575,0.4567088217362574,0.4900803840378668,0.5097426831332468,0.6084986624850445,0.917095310136157,0.6368389911988759,0.7310145840985347,0.17669827472078048,0.6466609026634993,0.6541413397187942
1.0,0.6565077088562206,0.4555660321001478,0.4951160597679388,0.511376730224979,0.6145326642264651,0.8841149773071101,0.5017972043487907,0.7298357956202175,0.1869421133613287,0.5967685373727271,0.4248787376435185
1.0,0.6471853711007529,0.4545279526271955,0.495876131834741,0.5107878039986099,0.6094351934832709,0.8671709531013616,0.4763700909696026,0.731206350993385,0.2031656327431723,0.6297178755213705,0.3768035856818317
1.0,0.6787378988884903,0.453402068562951,0.5001376171132301,0.5138978312607511,0.609999542507399,0.9122541603630858,0.5397529768508244,0.7307557988974476,0.2052342061439765,0.6227432394637058,0.4591698900963953
1.0,0.6476634397035973,0.4524030476449714,0.5041854617124579,0.5116166708999403,0.560264890641373,0.8674735249621783,0.5444123955328746,0.7307208580725082,0.2194324441766018,0.625971365637612,0.3209615030392331
0.0,0.6952312656866257,0.4513501272479605,0.5066593658538084,0.5162694083751456,0.6133442247110095,0.9370650529500754,0.4765623844390208,0.731876879470041,0.2218800005198737,0.5824836307577068,0.4063977405292571
0.0,0.6615274291860884,0.45004550456150216,0.5023571537722825,0.5137577492227663,0.6082522488088233,0.9079962951528252,0.5410842393314106,0.7344189915398884,0.23095301149988,0.5721399348394468,0.4543500951679256
1.0,0.6206525636428828,0.4485981587405914,0.4918517870573246,0.5106485386079951,0.6026447237303812,0.8477925285581972,0.4363508616226608,0.7364486864329742,0.2210364564603394,0.557571644306621,0.189353472094308
1.0,0.6443169594836857,0.4472982684618709,0.4870416949149975,0.5094559052283931,0.5647912466391127,0.872800246989812,0.3393683899119887,0.7407042894275968,0.23324867395015175,0.5090941907280292,0.16991044020380394
0.0,0.7021632604278712,0.44598138718974223,0.4901759764939281,0.5119659693435471,0.5709012085989117,0.9420067505369744,0.4810073219436434,0.7469678093725678,0.27947238263683044,0.5395713343680885,0.2982056394189688
1.0,0.6966654714951593,0.4444864175726797,0.49353548784740003,0.5116377927173188,0.5321598200087579,0.9318941927637582,0.4044301456992821,0.7510926752079337,0.3169325502449177,0.5051718978360406,0.3998227792018722
0.0,0.7258276562686743,0.44321072828161934,0.4938634350668157,0.5110306451581225,0.5327231442446646,0.9656430525995744,0.3520227793802229,0.7573702087551364,0.3673134241378492,0.4851026339065171,0.4811569521507434
0.0,0.7298912393928527,0.44142602992664703,0.4873587326054762,0.5112752123387214,0.5758770188901728,0.975676497415628,0.4271651505066193,0.7602583353787521,0.38719647437462507,0.5164352865591826,0.6269274248247788
0.0,0.7406477829568542,0.4400711521907599,0.4862134851841217,0.512862216933663,0.6247271960052011,0.9646739130434782,0.4540936321278011,0.7589543419859701,0.3854281126865379,0.4788730992536255,0.6723716934207553
1.0,0.6780207959842235,0.43860585579011424,0.4816659381863352,0.5102805798421753,0.5992678929762387,0.9073067632850244,0.3284224539605056,0.7564850610115026,0.3932267906137277,0.4692324317700433,0.4822292561609759
1.0,0.6534002629377313,0.43764923999103744,0.48038035223331704,0.5083317708792937,0.6120628525451663,0.8743961352657006,0.3132164780711487,0.7573840243769911,0.4251945927264403,0.4601716097190068,0.3864197023271108
1.0,0.6708497669415561,0.4364400110638691,0.4748565684422076,0.5064946303594247,0.6191506863727636,0.8894927536231885,0.3372457658457215,0.7578007905469528,0.4525439007714184,0.4212379934966111,0.4438985280815719
1.0,0.6271064897812835,0.4350150675997573,0.4728672528209551,0.5064841817593252,0.6158774469834131,0.8375603864734301,0.2931661859329928,0.7582259227406938,0.4859894492534678,0.3941661094194242,0.3210673464353257
1.0,0.6596151547747099,0.43404206526713,0.4753667131799042,0.5064103629268994,0.6162589171883823,0.8683574879227052,0.2558686487685817,0.7603818920043572,0.5258578757086907,0.3804891836147216,0.29444712871995765
1.0,0.6020078881319469,0.43302445028257774,0.4816083923521215,0.5047748153814524,0.6255648050007349,0.8046497584541062,0.19946749500776567,0.7613121684785957,0.5315938537566117,0.339850162955471,0.10037400905495553
1.0,0.5838412812238555,0.43227763610174574,0.4931340426225906,0.5066218030781795,0.6229193846526094,0.7883454106280197,0.24305894534427894,0.76508491570936,0.5263510840038603,0.3670758796757832,0.04849591095363345
1.0,0.6400143420580849,0.4315543570875766,0.4994802646553992,0.5093446792857503,0.6245767474578713,0.8532608695652173,0.3362029435692627,0.7700029054918229,0.5253343518812661,0.3617693110127056,0.2416026914335817
0.0,0.6326042787139955,0.430164716583189,0.5013870473996191,0.5120288766017409,0.6467759982125699,0.8517512077294687,0.3793210561349015,0.7721798560284174,0.5150530976189887,0.338198187834287,0.27510244984878585
1.0,0.5840803155252775,0.4288144103331504,0.4999387308206513,0.5082659672606183,0.6485756118492069,0.7726449275362319,0.3732712077509061,0.7733414573988411,0.4947514421112375,0.33370138398370386,0.16483654953917082
1.0,0.5587426795745188,0.4275342654887855,0.4953603530713857,0.5060958573262899,0.6266807293080771,0.7367149758454106,0.3734782930256639,0.7764144517115876,0.4585491315244917,0.33281345546373403,0.0724546370967742
0.0,0.6249551810684831,0.4265543683408213,0.4837033682764234,0.5102448331442284,0.6391626375677966,0.8214178881244392,0.5087715405665263,0.7834600455541596,0.4737704500112601,0.3534366132440808,0.18067748881895024
1.0,0.5857535556352335,0.4259110971874061,0.4750972652326713,0.5069257890782352,0.6318347451759343,0.766508030933968,0.4127801198136231,0.7878184483281898,0.4893502888809826,0.3498113554325332,0.03238363425542461
1.0,0.5654356400143421,0.4249014803814679,0.4629827114634542,0.5033687923941019,0.6206612004749191,0.7688875669244498,0.4345684490792103,0.7971802762287123,0.538732991164935,0.3610796937721281,0.06986771411802044
0.0,0.69140671686387,0.4241663688718145,0.4532895802240694,0.5148107805303322,0.6449782091003706,0.8970850684116598,0.5092522742400708,0.8035360936354248,0.5768117432989791,0.4032413478644423,0.3868346200731419
1.0,0.5276682203896259,0.4227069441128919,0.4391434658364324,0.5026641980191956,0.6222788589798225,0.700773349196907,0.44144663856223615,0.8037722192737099,0.5832293130231085,0.3553364532312429,0.04602916610230779
1.0,0.5807338353053663,0.42239715184632254,0.44569656815956105,0.5090848420352801,0.6221686105210112,0.7784057108863774,0.6050883810369061,0.8090568648922609,0.6082867868166315,0.4219828874436368,0.35225066594428805
0.0,0.6450340623879526,0.4215565463080886,0.4592826893867432,0.5152312639968633,0.6252858700137234,0.8584176085663299,0.6856519488203536,0.8110828968470631,0.6149351816244715,0.5028303301021824,0.6224434511716108
0.0,0.6667861838173776,0.4203120960898197,0.4689089639920208,0.514246076382697,0.6252398234991706,0.8777513384889947,0.6636417424746689,0.8097221275628972,0.6182986292318343,0.4764983946829152,0.6236173190663229
1.0,0.6579419146647545,0.4190685765608858,0.4685497580968138,0.5169784152637104,0.649658810952654,0.8706127305175493,0.6817617040159751,0.8082510082501988,0.6332196931501942,0.4888899719988621,0.5867985010609965
0.0,0.6957093342894702,0.4179301000190455,0.4636600150051332,0.5217346939789992,0.6426427809288978,0.9214753123140988,0.7418977886251019,0.8053453082129214,0.6302504051828204,0.5622121313563985,0.780531852453835
0.0,0.6880602366439585,0.4165572855076157,0.4684177211468458,0.5211453599588629,0.6390154917072125,0.9089827483640692,0.7947563050070259,0.7984455055537156,0.6143051403358295,0.5940853694344511,0.796060393960603
0.0,0.6799330703956015,0.4151611074444318,0.4702223805823072,0.5242192532099719,0.6232325544136761,0.8991671624033313,0.854944160934842,0.7906312870664622,0.5865822367884984,0.6257814786343822,0.8190052169184493
0.0,0.692362854069559,0.4139267160119635,0.4759562939647314,0.525810303349691,0.0,0.9158239143367044,0.8629613194290366,0.7820710501855572,0.5581509089499573,0.6296278188954173,0.8252735731603437
0.0,0.7451894346838771,0.41221861423992057,0.4699838288731938,0.5325253468972359,0.6243023744782044,0.9869008633521882,0.9604984838399528,0.7728491014546066,0.5151336710256856,0.6661590631596839,0.9682920024289776
0.0,0.7569021154535677,0.41029364358817466,0.4563209156684454,0.5343174879547473,0.6641041968706367,1.0,1.0,0.7631853556010022,0.4793014570015214,0.6834386093236637,1.0
0.0,0.7050316720449384,0.4078777078116631,0.44402880030058506,0.5333048628658524,0.6214188005308688,0.9494607087827432,0.8129576214777016,0.7555333827801156,0.4525623251943265,0.5452587797661113,0.9852430016758746
0.0,0.7086171865662719,0.4061039261138952,0.4326581701673388,0.5343881560952426,0.6512083235943433,0.9325190839694656,0.7476739886103098,0.7505715039679395,0.4391791404731476,0.5446297798613264,0.9911473144711682
1.0,0.69355802557667,0.4044479924469903,0.4320521393983774,0.5365748526302689,0.6297367044973522,0.9162861491628614,0.7976776865616448,0.7457870943503053,0.4338203773157588,0.5685608483593668,0.9875301483039975
1.0,0.696187402892315,0.4032619145843962,0.4286734573132086,0.5366109260776178,0.6426090199307722,0.9260273972602744,0.643169883884328,0.7418327816878048,0.4381753692376968,0.5220972636987421,0.931280836089056
1.0,0.6811282419027129,0.4016997547252389,0.4278938390337579,0.5389119790837923,0.6394561224382523,0.9082903127846949,0.524842837068264,0.7420160272735923,0.4774239023035446,0.5121039334089289,0.8400325381527523
1.0,0.6885383052468026,0.4002953711008037,0.4189136233822338,0.5401276660554166,0.6669635732168194,0.9024242424242424,0.4571925153464983,0.7412462475853743,0.5075035988544812,0.529001769090226,0.7279881165007341
1.0,0.7007290546193378,0.3994744330691894,0.41014966338877534,0.5411598751665355,0.6177208593648867,0.9309723889555824,0.5200798757488353,0.7418829473325261,0.5331189454716116,0.510050897057233,0.8308546570231132
0.0,0.6854308593283135,0.39912175501021663,0.4051778074358734,0.5374985791422201,0.0,0.9438775510204084,0.4972487242067896,0.7402013513902552,0.5419385767617396,0.4987618845314497,0.8765318573272741
0.0,0.7031193976335605,0.3988671775979652,0.4056365841328211,0.5391467432359645,0.6609651600014073,0.9804921968787518,0.5054507802677319,0.736501912589212,0.5273840595487312,0.5027785881427189,0.9882357286645614
0.0,0.6550735030476873,0.3970375645423944,0.3963977702592361,0.5369551981679688,0.643760816312418,0.9396758703481396,0.5313216478071149,0.7307846016993849,0.503047491442891,0.5154029937155833,0.8745864274685693
1.0,0.6354726903310626,0.394726631566932,0.38153932830665693,0.5365593530670746,0.6554849648568357,0.8697478991596642,0.4411434065527695,0.7267611727951435,0.485190284366609,0.5203117381881213,0.717226674509227
1.0,0.6438388908808412,0.3921451152667197,0.3690273513991605,0.5379358329343744,0.6576361824777206,0.8625450180072031,0.4039272243177279,0.7266456180826533,0.4848518729257934,0.5037168167723023,0.7323336560062828
1.0,0.6770646587785345,0.3901050794945313,0.3644507192779772,0.5387014885645461,0.6526922816541426,0.8994597839135656,0.4504030766955107,0.7252884241262822,0.4792324644813454,0.4761832689736281,0.7857012717268521
1.0,0.6732401099557785,0.3881477915134896,0.3612307491814195,0.5389216419519549,0.6590958392665965,0.8778511404561826,0.4412765328008283,0.7213118288292379,0.4535925347955001,0.4711787036025809,0.7113471559231871
1.0,0.6942751284809368,0.3860817697976913,0.35657457901737066,0.5380408228774851,0.6437129393094202,0.8982089552238807,0.454907181421492,0.7187990943346934,0.445341510835696,0.4283211980891188,0.7195641875888201
1.0,0.6605712919803992,0.3843703621446228,0.3555032530562329,0.5352906165379414,0.658557581870847,0.8439169139465877,0.4046076473633607,0.7149657788920076,0.4325348821397901,0.4010593534236885,0.5806763108989547
1.0,0.632365244412573,0.38295587181032864,0.35920877347342395,0.5358228598000891,0.6578572422923401,0.8157933579335794,0.40423785222986464,0.7141739254206609,0.4380713378013825,0.3995506603988375,0.4241518784389468
1.0,0.6149157404087484,0.3819697962925691,0.3577000159619218,0.5378132651200036,0.6372625620499709,0.7955817378497791,0.38407662155166056,0.7158277421768746,0.4477646673471671,0.4380472154112123,0.4041285573734651
1.0,0.5881438986494563,0.38087650679354257,0.35161828986380084,0.5384786182923061,0.6418682248543266,0.7682138660399533,0.352814140965905,0.7193937371516991,0.4628177783957765,0.4171456592693963,0.27096162955945113
1.0,0.514521333811402,0.3801756374036498,0.3487659788846682,0.5307164937983656,0.651540571792338,0.6750881316098709,0.3022483544116558,0.7260645036078865,0.4980042762611978,0.3797544090697534,0.000246984728110754
1.0,0.6106131229831481,0.3793428481923069,0.3503059717995112,0.5440055421442603,0.6680679441446429,0.8106682297772568,0.4066415205975889,0.7373230238171942,0.5581025424342951,0.4342462282585805,0.2495730494794721
0.0,0.6653519780088442,0.3781456218319528,0.3567073827728185,0.5483762281211996,0.6494977664237161,0.8610785463071512,0.446128244952296,0.7435785384388847,0.6053352013745908,0.4587350781280064,0.4138963621476199
1.0,0.5852754870323891,0.3765576484257279,0.3527380510576497,0.5436784591522893,0.664599833941823,0.7634818288393904,0.3865616448487537,0.7470769309071372,0.6370624556056129,0.4065163738068646,0.0005308597133359074
0.0,0.6708497669415561,0.37528634555134704,0.3508398662429845,0.5565617011668469,0.7171905003238837,0.8742672919109029,0.5265734782930256,0.7541590049487976,0.6841953990088396,0.4663980284879597,0.12230532336119762
0.0,0.7430381259710769,0.37364647322592826,0.3402874606808567,0.5640288622326391,0.0,0.9469519343493557,0.6266696250277347,0.7557590726337273,0.6911996315213185,0.5176617130677823,0.6255856003945106
0.0,0.760965698577746,0.37180345989913344,0.3337711030164848,0.5647867710490515,0.6626005459848224,0.9868656716417912,0.6832334886472892,0.7528531994162582,0.6684428910553709,0.5201417514807789,0.7823232672241031
0.0,0.7000119517150709,0.3699345070278034,0.3258040085767853,0.5614483821860782,0.6384846285359926,0.9191044776119399,0.7188373641002884,0.7495574553445392,0.6490963808073549,0.546516163527969,0.7509078309078315
0.0,0.7387355085454762,0.3686960852347866,0.3312001506204366,0.5638632380072213,0.6399284352926967,0.9543283582089552,0.7364322165520302,0.7474677000036878,0.6256285125073107,0.5693117601933322,0.9102425292334346
0.0,0.7239153818572965,0.3672233534249559,0.33156609406303483,0.5599947599567325,0.6046040863855101,1.0,0.7567487611863031,0.7443038561916373,0.6088277248180959,0.6014177295248768,0.9869532265049812
1.0,0.6804111389984461,0.3661465900077874,0.3351386088462364,0.5589872395053608,0.5796585608826865,0.965057179161372,0.6951852673618819,0.7396072930415805,0.5717363706488352,0.5602817264560079,0.7317832394976197
1.0,0.6612883948846656,0.3647675164685814,0.3328330196520393,0.5598196036698393,0.6494147153689852,0.9488564167725536,0.7030619037053473,0.7379451689978886,0.5737884922848965,0.5721079925789269,0.8300941966219153
1.0,0.6641568065017329,0.3635520570999464,0.3370395353034253,0.5565142427790695,0.5659799101430891,0.9868204283360794,0.7423045632719474,0.7353660590084543,0.5706526628099853,0.6512250214566662,0.9954255088783036
1.0,0.6498147484163977,0.36214790958399135,0.3410114732476285,0.5577978397924765,0.5678356655244508,0.9996629592180653,0.7024110642703938,0.7297560549219901,0.5619289760918302,0.6465379877985588,1.0
1.0,0.6115692601888371,0.36078569632016144,0.3396988097349647,0.5536606402897445,0.0,0.9726074895977808,0.6829746320538423,0.7249413631446733,0.5550958327060183,0.6316988813012521,0.9934572779685186
1.0,0.6139596032030594,0.35943192512925515,0.3365796459702273,0.5519727311234294,0.5754153327633369,0.9760748959778082,0.6613194290363142,0.7195350263958613,0.5412679694689697,0.6473898792465042,0.9618606484675284
1.0,0.6130034659973707,0.3573189781565047,0.3273704189037816,0.551680556036449,0.5809101542171196,0.9774618585298196,0.6893942755713336,0.7134843860962838,0.5270293837895003,0.6704190306411408,0.9819536937993842
1.0,0.6017688538305246,0.3553508755316306,0.32232479018780325,0.5518990608283579,0.575682857168737,0.9153952843273228,0.6615708897270913,0.7068416515370772,0.5021758904312382,0.6503092812171336,0.7568491877625371
1.0,0.6249551810684831,0.3535333793711392,0.3178839161472937,0.5553207492259651,0.5476196128166115,0.9935321595400644,0.6696989867613339,0.7031321476057968,0.4933843860399015,0.6653570349270143,0.9673544810594392
1.0,0.5862316242380781,0.3525080540814268,0.322699270627106,0.5544314009085916,0.5239117209863839,0.9758301838877852,0.6551512462095997,0.6995859726068225,0.4791957933922689,0.6535530011003621,0.8551203184367657
1.0,0.5728457033584318,0.3509996105036109,0.3197164008219037,0.5557776372938534,0.0,0.9661204308142748,0.6292286073515273,0.6962636096235757,0.4678745493762009,0.6617070865201555,0.7902133639964233
1.0,0.6017688538305246,0.3493402860949384,0.3189073701430389,0.5567432265206962,0.5254570107793393,0.9810585124658292,0.6648546705125362,0.6934732093167799,0.4512281682996856,0.666420057078287,0.8916570844512599
1.0,0.6079837456675032,0.3469129027709398,0.3077027717819869,0.5539714796636794,0.5311010390819632,0.988830975428146,0.6797943939057766,0.6885902620248228,0.4229914978217226,0.6494574468151346,0.975978534009117
1.0,0.6287797298912393,0.3451281206300839,0.3027779130553293,0.5574195961782882,0.5569054787692643,0.991936961700568,0.6846461060572443,0.6827558159478886,0.3859095032872221,0.6547074646233662,0.9757435501842808
1.0,0.5943587904864348,0.3426410056277054,0.2899879550071438,0.5561804512952707,0.5511655591151079,0.9794929157345266,0.6748835145329488,0.677223545124882,0.3614335662285616,0.6471346057141054,0.9665410528719882
1.0,0.6101350543803032,0.3409432443307532,0.2816123395339463,0.5596570091882895,0.6439831005947674,0.958487214755288,0.6572738702758674,0.6739086564756394,0.3551819812661463,0.6313267010405658,0.9907892439322502
1.0,0.5941197561850126,0.3385382029783759,0.26652198853931186,0.5607398870474909,0.5874943350561357,0.9440467294105755,0.5693661711411878,0.6718446276770311,0.3588342530635526,0.5346188434157866,0.8577878103837466
1.0,0.6075056770646589,0.3369381772307123,0.2583562268689992,0.5634168785569471,0.5965047463069516,0.9298530059162706,0.49457140744027794,0.6712272794267502,0.3610811072667118,0.4744123287143632,0.4975745641419715
1.0,0.6130034659973704,0.3358013014493527,0.2556552494212132,0.5605966044159101,0.577159922505693,0.9379823623078828,0.5364839878707196,0.6745604420234068,0.3863150600336414,0.4918942966633243,0.6556361365928616
1.0,0.5874267957451893,0.3356545530512941,0.26373781078764635,0.558125288309334,0.5604760714236918,0.93763392903808,0.42792692848162095,0.6760355666949598,0.39885022291598,0.3567312235141962,0.610849266340594
1.0,0.5601768853830524,0.3352705272739345,0.2716445610801591,0.5563562026490501,0.5883535597440241,0.9268324976742084,0.42927298276754666,0.6791743974157469,0.4375856036162529,0.3582174845315946,0.49209378407851706
1.0,0.5742799091669655,0.3342734758333992,0.2776857688470642,0.554852890991115,0.6404707986271105,0.9306652636420338,0.4198653945714075,0.6799759040064846,0.4497697083954453,0.3504662925643484,0.5920704159526411
1.0,0.5759531492769211,0.3327096668878545,0.27619549874819704,0.5551294021147501,0.6016203064854969,0.9303168303722312,0.4435100954071444,0.6804075693073162,0.4597980731677137,0.33155281346346416,0.5763053655023409
1.0,0.5795386637982549,0.33181446655373403,0.2734151660818685,0.5519250061798754,0.6712142793659593,0.931013696911836,0.4544634272612975,0.6793053829701967,0.4531470212212033,0.3415452486171422,0.6532949225783227
0.0,0.5697382574399426,0.33080535980338543,0.26865556991317,0.5491287534627562,0.0,0.9418151282757082,0.4769617631831965,0.6775935795096135,0.4437631741926722,0.36713222548267216,0.6454087144400437
0.0,0.589100035855145,0.329553073791959,0.2629445022315836,0.5484944275443551,0.5446158402023612,0.9609789581148366,0.4975075808002365,0.6755966783524411,0.4404486151852151,0.33903683882328084,0.7007202016564632
0.0,0.6125253973945258,0.32799450074172265,0.2630761418010628,0.5484881028598309,0.6413597117649555,0.9915164369034992,0.4625471488795209,0.6721753119098679,0.4266665196411865,0.3478553948380029,0.5344256391789699
1.0,0.5539619935460737,0.3259641094011889,0.2777102295674377,0.5447775854186708,0.5636892127374417,0.9448905109489051,0.4818800384586939,0.670828039713401,0.426423954215988,0.3705675207414989,0.3623334533669426
1.0,0.5934026532807456,0.3239758984015463,0.29740200998276195,0.5474823586456415,0.0,0.9689781021897808,0.4682419939353598,0.6708059380131204,0.4253060864772353,0.35728298591940444,0.3813467770975879
1.0,0.6175451177243934,0.321318151356522,0.3054155456754769,0.5476264824088944,0.5428498425093413,0.9773722627737224,0.4599881665557282,0.6718744770274163,0.4353912238595539,0.3954056048536481,0.3411955347497301
1.0,0.6271064897812837,0.31968693130074743,0.3024652114998411,0.5496066557139342,0.593696976066376,0.9652142729065808,0.4772280156793134,0.6729113051325948,0.4456775350194714,0.3653214486445578,0.4053655023406546
1.0,0.5800167324010993,0.3183290238808945,0.29849232040321605,0.5452766080125139,0.5580893442258131,0.9294605809128628,0.466252496117151,0.6743017177492001,0.4632138163080058,0.3518492749665627,0.317680950666186
1.0,0.5477471017090949,0.3183258385133574,0.30761842672105466,0.5418923713631247,0.5577099860389839,0.8717150760719222,0.4214555136454405,0.6763319475730272,0.4827811661373128,0.3573443439226877,0.3056175729204175
1.0,0.5195410541412692,0.3181266635316109,0.3155954503310289,0.5348178087121309,0.5641280599465509,0.8817427385892116,0.4145403446490643,0.6792353878083377,0.5069211258816093,0.34761169550437626,0.18602808786460165
1.0,0.4839249432293534,0.3180638684785331,0.3234043240630312,0.5335916542464776,0.556660233921725,0.8405947441217151,0.3949042230604246,0.6821202999752289,0.5267603962294606,0.3699569948092287,0.11776194437411833
1.0,0.4729293653639296,0.3163127283331025,0.3169561897976393,0.5323086870085231,0.6141636834951946,0.8229598893499308,0.41393388063013065,0.6858501459752588,0.5524226076556883,0.3958819549417572,0.047679617637989086
0.0,0.589817138759412,0.3147144195506595,0.3097032054044707,0.5480621975872133,0.6014219190104579,0.9329183955739974,0.4948672435470749,0.6898859389237941,0.5808874283849392,0.434346112099336,0.31273109407231525
0.0,0.575714114975499,0.31294453832314784,0.301799271144822,0.5487002003765401,0.6016603641598727,0.9298063623789764,0.5151172250573183,0.6925420353471201,0.6066416331360786,0.40758275898659735,0.2552348893619128
0.0,0.5506155133261623,0.31235451083837285,0.3048991206314894,0.5489410981302529,0.0,0.9011065006915631,0.4774277050514015,0.6946518827161037,0.630120405964569,0.413257828654886,0.13761694965595644
0.0,0.5785825265925659,0.3116209991924248,0.30738023609822185,0.5530546604576365,0.5768468573017135,0.9543568464730288,0.6094667554174986,0.6980289953557257,0.6604631591304728,0.5491565590151701,0.8622478087236142
0.0,0.5515716505318513,0.31058801361419475,0.3101290656198691,0.5533563597995699,0.5530612080921956,0.919432918395574,0.5999852081946603,0.6950303756642873,0.6618556154526565,0.5383132383153408,0.7956018878688872
1.0,0.5381857296522052,0.3095619498393408,0.3142154567153387,0.5518421780855176,0.5738180654861477,0.8983402489626557,0.6598180607943198,0.6926659265001303,0.6688401317359761,0.5859398081909447,0.9950547852225348
1.0,0.5291024261981593,0.30881457317375305,0.32356098344799256,0.5538743425263594,0.5755399535522143,0.8931535269709543,0.6485984764440501,0.6889187328670137,0.6782276960114791,0.574883299848958,0.9310361469041072
0.0,0.5310147006095373,0.3083069623375337,0.33545749615959186,0.5533745813847429,0.5638881659664468,0.9142461964038726,0.6340285481843059,0.6861254804693937,0.6889201927417692,0.5373593870965082,0.9665061390949704
1.0,0.03774903879762331,0.834621808430274,0.3964800591551928,0.4485123759697942,0.5353350538762315,0.16102088167053372,0.4678574069965236,0.9659562272182702,0.5377748420304204,0.4763144021271154,0.743230347131098
1.0,0.02097168822090184,0.8384814512185613,0.3952092145245142,0.4448875824922666,0.5427952842503168,0.1213457076566126,0.38613268249389865,0.9642331834655355,0.5297164572990556,0.4679265584766255,0.4611734889340781
1.0,0.04310847023185371,0.8401951416493575,0.3893443849619351,0.4446598992023476,0.5356236518511694,0.1582366589327146,0.3628060054729676,0.9644842521509064,0.5302891310432448,0.447770734113793,0.3181794026995425
1.0,0.03442852149598041,0.8403402087668551,0.379271657368848,0.4428679362549029,0.5498679802354122,0.13932714617169376,0.3565268841062049,0.9659746458570416,0.5249281444849738,0.4402084269306477,0.1321872675098308
1.0,0.06978911802400095,0.8404936655259115,0.3800232749873415,0.4441787058728428,0.5421025537070797,0.17354988399071933,0.4434657199911249,0.9700291152895296,0.5456550005470402,0.4974789495067221,0.4573280901264736
0.0,0.07538156821624148,0.8407577176651252,0.3807626538877668,0.4412062928950678,0.5374453855416551,0.1742459396751741,0.4626506915169,0.9710197879650908,0.5591668851349085,0.4623678411102949,0.5150653629503669
0.0,0.06442968658977061,0.8425171811404767,0.38337075566650186,0.4430597823844573,0.5410108133664507,0.1593967517401393,0.4097330079136154,0.9692947052329804,0.5627074829108304,0.4091881204449082,0.31594749707726555
0.0,0.06501223348479568,0.8495441593757446,0.3994354883936084,0.4430950358698912,0.5410790745468751,0.15846867749419966,0.4508468308557063,0.9689668322638608,0.5887988901685037,0.45033694049727613,0.08261363636363615
0.0,0.01852499126179663,0.8551569551440142,0.4100554605856874,0.4391267834951009,0.5426294791509476,0.17091660923501045,0.5735892315657123,0.971742937248634,0.5841647919937369,0.5063967400093614,0.09259326660600399
0.0,0.03751602003961319,0.8608896145052943,0.42431303957732136,0.4379225563145701,0.5531349227892811,0.1828623937514358,0.5699504474521119,0.9735570925936892,0.5651596984925521,0.5023443119577018,0.4446663104311396
0.0,0.053710823721309635,0.8612654381687127,0.42247905180235995,0.4404504839159697,0.5496895947889864,0.21502412129565812,0.5518009023001261,0.9740261188170138,0.5219906760836556,0.488313960957441,0.3324239952751934
0.0,0.057788651986484925,0.8622361524396259,0.4214802462342996,0.4407416431952804,0.5423320784652778,0.2099701355387089,0.6965017380371276,0.9750517675573388,0.4837327955346808,0.5699328416400281,0.6260370672441431
0.0,0.06279855528370043,0.8622474528756917,0.4168928348487493,0.4377232163379062,0.5418949107615424,0.21272685504249952,0.6901264699356552,0.9725084252467744,0.4419990758963581,0.5660015974645474,0.6763270084601607
0.0,0.06419666783176052,0.8620828698849868,0.4127249015461403,0.4371873789698331,0.5331733467021761,0.1932000918906502,0.6240736631905931,0.9709501354078494,0.4091012019727495,0.5637483105514669,0.5099953612688036
0.0,0.09099382500291286,0.8612693091838769,0.4076426888036079,0.43738030200421546,0.5323887826017981,0.22926717206524244,0.7231121958435025,0.974774305433501,0.4329067800699423,0.6268026954506941,0.6929380839831234
0.0,0.09856693463823846,0.8607301589237838,0.4026180347796129,0.4379605822562626,0.5294502974737063,0.21938892717665984,0.595688188743436,0.9752932321397648,0.4320019588883568,0.5229377710834663,0.6651940535883886
0.0,0.1075381568216242,0.8601600450346915,0.3958117050879929,0.43551899225317503,0.5371036079695426,0.2269699058120837,0.6381184823607725,0.9770926377369497,0.4553875303831586,0.5653036582118603,0.798502352499392
0.0,0.1229173948502854,0.8611152249612409,0.3928638205246875,0.4339159486241917,0.5360853721601617,0.2384562370778774,0.6818208712373344,0.9746702867213192,0.4533688080306956,0.5501328792321709,0.8364957699189317
0.0,0.13619946405685654,0.8611975312102137,0.3886080573156835,0.4362015471841131,0.5345151692860265,0.2754422237537331,0.6590193033059684,0.9698930716661368,0.4547200793795288,0.5240053390173258,0.8448013076804131
0.0,0.15379238028661318,0.8601883774123079,0.38273933377592106,0.4347692847579544,0.5351264983425956,0.28233402251320944,0.7017898084461207,0.9640068289125427,0.43224539568866177,0.5514084302209274,0.8038479379735367
0.0,0.16987067458930444,0.8616456564549196,0.3866321917307632,0.4365732212930869,0.5352849334851569,0.27613140362968075,0.7849641298720516,0.9576826259678296,0.4062108035189416,0.553262683086693,0.8511850853747434
0.0,0.13293720144471638,0.8646471264952093,0.397133627051574,0.4362120239302703,0.5425056671232344,0.2713071444980474,0.788610309888322,0.9532202726528952,0.3905163733475968,0.5564354630451874,0.8951662333819449
0.0,0.12792729814750087,0.8669573627251249,0.406315441275332,0.4392425292334003,0.5411679721026844,0.2680909717436251,0.6771762443606243,0.9470069114653774,0.3608426420243551,0.5053134967837652,0.9997849051192575
1.0,0.1364324828148667,0.8679554047111776,0.4112502570246696,0.43913041652730855,0.5447798510654888,0.22880771881461065,0.7257673249020042,0.941890162284852,0.3342199602144321,0.5308940457618934,0.906416704770614
1.0,0.12058720727018528,0.8695523243834616,0.4161545886894826,0.4376443616050469,0.5451402994692971,0.2350103376981393,0.6787885511426666,0.9364683851123228,0.3033343299950567,0.496055575849937,0.9186607732561082
1.0,0.0805079808924618,0.8740235266465836,0.4363752846403819,0.4343770002405272,0.5446099440412415,0.17068688260969445,0.6270763996745798,0.930308242831012,0.2769352036912404,0.5147808742570552,0.9330670634609852
1.0,0.07351741815216127,0.8763362823290494,0.4523942815687355,0.437084550289215,0.5441076061928528,0.16563289685274524,0.7335626063161008,0.9226253177154032,0.2451889911294294,0.5609361254855841,0.9258126095028898
1.0,0.05452638937434473,0.8779890093225663,0.4699573246507407,0.4322690939077178,0.5301821063922845,0.10567424764530213,0.6578951261001401,0.9116645088252592,0.18090980133207674,0.5306990997734774,0.9835085313833032
1.0,0.035069323080507975,0.8794436874676866,0.4805099932259397,0.4280066075227367,0.5420640058588859,0.06570181484033998,0.635330227054212,0.9096107307582316,0.1754269054147909,0.5213566452659361,0.640760197775031
1.0,0.045438657811953886,0.8810666980262521,0.4870062799840851,0.4260529392670469,0.530964818296287,0.08063404548587191,0.540056208860291,0.9122802984896624,0.1908920018645288,0.4692378292372749,0.8772613320685668
1.0,0.056623558196434824,0.880624150854452,0.4846205386736912,0.4273122743515307,0.5049283410564839,0.07695841948081786,0.44936765032172143,0.9154264435545432,0.2173346716193912,0.478635112835455,0.8251914086320201
1.0,0.06745893044390082,0.8794013796712942,0.4736464191091936,0.4276121192048997,0.469898377448344,0.052147943946703496,0.3457288662081209,0.9184932588670572,0.24095082205778875,0.4801856930661413,0.3105859805080943
1.0,0.07584760573226151,0.8792420807822608,0.4662966217140644,0.4283979707877234,0.4554535127797806,0.045026418561911336,0.24896087567487615,0.9235832023811871,0.2852729479779078,0.4962846234615496,0.3005138033682672
1.0,0.0791098683444017,0.8833780085216641,0.4698458596542882,0.4252202415068196,0.4867047177574653,0.04617505168849082,0.2479550329117665,0.9292281038998867,0.3332730262810032,0.4962180052735194,0.3113365868713946
1.0,0.04077828265175349,0.8904445578102077,0.487004045487417,0.4232371622407097,0.4777049642942681,0.02021594302779698,0.19626506915169,0.932594243552734,0.3739224583445876,0.5233123846025852,0.2070654928387748
1.0,0.035069323080507975,0.8981399576773453,0.5045363241118052,0.4238430097430023,0.4814929680950673,0.051229037445440016,0.3220915612750538,0.9390563659002706,0.4309957507983508,0.5183415819295429,0.4772711205372921
0.0,0.03483630432249801,0.9006094380163522,0.5098248434005174,0.42391606592992337,0.4166003785382243,0.05375603032391462,0.2760076917387766,0.9385624086446036,0.4351827704724064,0.5013401425946644,0.4825379992930354
1.0,0.0583711988815101,0.9040548573957364,0.516250614271654,0.4261200940647547,0.4776833513094928,0.035377900298644765,0.3027364839878708,0.9377682404096196,0.4316417583385007,0.5144667105153115,0.3861240582034449
0.0,0.036583945007573115,0.9080938809643492,0.5267412933962586,0.4246885227821135,0.41788636968596493,0.05651274982770505,0.3594778492715039,0.9359953556388094,0.3950370120240753,0.4889408271962859,0.4439098548255069
0.0,0.026447629034137218,0.9152523473281614,0.5473290763059443,0.4269518854652845,0.435891610461376,0.05076958419480819,0.35488499371348303,0.9346121034885844,0.3877024574037666,0.4853612385664646,0.3163267010808739
1.0,0.01945706629383676,0.9195614303142976,0.5625239075521306,0.4294768084528272,1.0,0.04410751206064787,0.2635973670586496,0.9355953591689988,0.3932558934729576,0.4885765986730897,0.16425266041864994
1.0,0.0,0.9235245064402514,0.5763222741885337,0.4248682876023308,0.4404282596815273,0.0036756260050540713,0.30902300125730353,0.9415157353826179,0.45030684243707103,0.4615479050614511,0.1857030688785309
0.0,0.024233950833042032,0.9269013877230378,0.5847950452507568,0.429367021756264,0.5327671336362524,0.05082005082005089,0.41487316026921095,0.9477037459044066,0.5011582068114853,0.5067313703978429,0.4287241684625538
1.0,0.020738669462891882,0.9308855824113372,0.5956159850062042,0.42790281160315546,0.43319204041260995,0.0304920304920305,0.28093336291694376,0.9499691887460632,0.5275540350080806,0.4798757617956039,0.21620808900917166
1.0,0.016311313060701382,0.9339618600763964,0.602179765792472,0.4278842908667248,0.4049615072913281,0.04134904134904134,0.32906589749278936,0.9564414984173392,0.556197954874171,0.5021940222247199,0.3303763845035837
0.0,0.039846207619713525,0.9352964343570236,0.60340826753564,0.4279452524992113,0.5239485436388766,0.0683760683760684,0.4188299681976189,0.9600342756672562,0.5601424667575234,0.5022804845766878,0.4401510215673503
0.0,0.0489339391821042,0.9352215021941501,0.5962470140111921,0.427507881417087,0.4859678272355512,0.03418803418803428,0.3184453812587826,0.960632915223653,0.557105748742888,0.4257437706394667,0.19395579612088465
1.0,0.049982523593149315,0.9363866145186271,0.5928890893285101,0.4273574170172899,1.0,0.028182028182028158,0.3377338954219361,0.9672474372053608,0.5928919954838897,0.44085300522586623,0.16263218563624576
1.0,0.038331585692648266,0.9392833927727288,0.5932208790287395,0.4284949949332147,0.4832056908735241,0.008547008547008489,0.3164854670512538,0.975732645387038,0.6584844941934114,0.4210638413527434,0.059322741776508474
1.0,0.055807992543399854,0.94170264858674,0.5929579871046292,0.4277378276332166,0.33832958129999513,0.02887502887502888,0.4365357591894091,0.9882129146598242,0.7571057542838184,0.4942262067081685,0.06515601783061017
0.0,0.20330886636374232,0.9433380752581504,0.5924986906610719,0.4469107644373821,0.43662759295320536,0.09559261465157837,0.5078692404407964,0.9954380491114628,0.8269286771774136,0.5495213147702578,0.1865141481035523
0.0,0.21810555749737853,0.9455759881097446,0.6010398253910773,0.4454927115384241,0.5277064420304578,0.11882072662298995,0.5591968049700463,0.9993991663093679,0.8981530245380854,0.5455851409179302,0.3336544250451514
0.0,0.20773622276593265,0.9480314675637364,0.6111876750585851,0.4447109530386129,0.42566264318361613,0.14860035735556887,0.6387397381850454,1.0,0.930516273621946,0.6327820264204569,0.7126429861529197
0.0,0.2123965979261331,0.9496319331395244,0.6150912008667248,0.4452077969684545,0.4911456268098569,0.14115544967242413,0.7282005768804082,0.9961854005565632,0.9358755720022154,0.6553076933757574,0.7589102950030095
0.0,0.22509612023767914,0.9483612101558141,0.6072512599469361,0.4468646079340591,0.4555183989089779,0.1372840976771888,0.7610531765401967,0.9899797813143864,0.9038031098608592,0.6392159289748066,0.8457104017722284
0.0,0.2319701735989747,0.9493758837923001,0.6047032879600179,0.4476220413245493,0.4383613057279556,0.12596783799880873,0.7900673027142959,0.98295041460211,0.8741178295681926,0.6560619140187768,0.8321155917755598
0.0,0.2144937667482232,0.9506783819505784,0.6044232206984833,0.4455429951782837,0.4693370822332652,0.12864800476474092,0.8999926040973298,0.9772513799062932,0.8652102176390277,0.7178663349292791,0.9860246751828792
1.0,0.2292904578818596,0.9530217018756444,0.6088498159080643,0.4439436624598752,0.4717488252596211,0.13698630136986306,0.7834775534353966,0.9690057541740388,0.8405178963172133,0.6389752386954207,0.9992632448482957
1.0,0.2243970639636492,0.9544943122198164,0.6110889392925829,0.44676723735644974,0.4981709717175638,0.12507444907683155,0.7515864211226979,0.9648775389071332,0.8352981774489907,0.6682315969669332,0.9735161352285808
0.0,0.22358149831061408,0.9574712965369032,0.6225086309419064,0.4469823960639216,0.4412812610501193,0.14651578320428832,0.6826640041417056,0.9595069499448194,0.8104114048638955,0.6610562481027852,0.8525478030919451
0.0,0.2118140510311081,0.9600632889054316,0.632342496972268,0.4488436627732987,0.4907153634806392,0.12864800476474092,0.7504696398195396,0.9558758349414151,0.8034206338065615,0.6732771537196911,0.948975378103545
0.0,0.22078527321449384,0.96227885743388,0.6416090237772262,0.44651742233640496,0.4667335124154263,0.1435378201310304,0.7357961689224166,0.948230423414357,0.7579873497641254,0.6660294058782708,0.8235946936457946
1.0,0.2129791448211582,0.9635018228797769,0.6447550885750972,0.44900672139974174,0.481797661141567,0.13251935675997628,0.8249833592189929,0.9428734556706851,0.7246886815366796,0.6708379634753469,0.8505908452936114
0.0,0.24047535826634045,0.9648774454625779,0.6460279324457961,0.44950538642379056,0.4940935793076186,0.1882072662298988,0.8578433547814517,0.9380143071680124,0.6852793304497611,0.7172561088782302,0.9754141627415956
0.0,0.2463008272165909,0.9642219144672464,0.6423047945587483,0.4466882619523901,0.5032772516317002,0.1971411554496724,0.8110568744915314,0.9323978495691684,0.6747844083878811,0.6460043760950248,0.997576621525302
0.0,0.2560876150530118,0.9640820323726792,0.6346653327957172,0.4477983374078579,0.5028435814300513,0.18076235854675404,0.7811404481917017,0.9270609228900372,0.6934228214586755,0.6320519520935812,0.9417225150194116
0.0,0.2520097867878365,0.9636267156370748,0.6282669655694175,0.4508089872075968,0.5022952473298287,0.1721262656343062,0.7301235115745879,0.9218874842447646,0.6776321097256499,0.6232145252307764,0.9164768907107396
0.0,0.25725270884306184,0.963385086310202,0.6287571899862952,0.4514755301769702,0.5024491820930956,0.16825491363907086,0.6981732120405298,0.915791474032268,0.6475725670804928,0.6058514823166734,0.8623578832016805
1.0,0.2748456250728185,0.9627464293408684,0.6310648851435501,0.4502993923854002,0.5231776889395896,0.1762954139368672,0.7329117668811477,0.90888145549624,0.5835942015669809,0.6268816111946875,0.7867677275010263
0.0,0.3021088197599907,0.9635621247794692,0.6365559337776612,0.4507807523501535,0.5248923669942496,0.23555687909469916,0.7947563050070265,0.9016002129805992,0.5376769947051877,0.6213766628437476,0.8398931555636728
0.0,0.29243854130257496,0.9632129939652112,0.6341060802964843,0.4495476188528215,0.5259973941242716,0.2379392495533056,0.8369425338362545,0.8938390085606294,0.4745837397075599,0.597019997389189,0.8827748360072696
0.0,0.30991494815332643,0.961628301493314,0.6287598847635789,0.4518355751093307,0.5212684663719701,0.22126265634306136,0.8278529694549224,0.8833824330015678,0.3850362290046143,0.5932183241050552,0.8544582968795561
0.0,0.3389257835255739,0.9575863628742872,0.6165366352873038,0.4524017711062415,0.5125311792257637,0.2483621203097083,0.9530729975593524,0.8746893230241715,0.31506224766218105,0.6067634599709493,0.90215108508878
0.0,0.3438191774437844,0.9540469838825084,0.6064518771798345,0.4528588401691426,0.4993045513636214,0.2144133412745683,0.8252348199097705,0.865041096755385,0.2586108732947794,0.5667346229152864,0.9713827881987004
1.0,0.35185832459513,0.95218744006726,0.6005460170740139,0.4538950356312523,0.4746684023190349,0.19356759976176294,0.7544190518452782,0.8606649628885201,0.2377725153455347,0.5582141075024853,0.9754761335564596
1.0,0.34859606198298965,0.950717993595879,0.595516437882881,0.4533367130641256,0.4884770402945429,0.18254913639070885,0.7356112713556692,0.8562574872527657,0.21275711436046288,0.5500945643765001,0.890476383211236
1.0,0.3672375626237913,0.9509261158721511,0.5943666329547725,0.4524630436234146,0.5004206118416386,0.19237641453245985,0.6560757340433402,0.8521796049752639,0.1808000604998881,0.5533218393064963,0.7218197272028172
1.0,0.3684026564138413,0.9520983433759266,0.5982600859583357,0.4526809671735314,0.50775531746228,0.2010125074449077,0.7007100066563129,0.8514036892617283,0.1723124491739088,0.5912307212411785,0.8827255433682767
1.0,0.36001398112548066,0.9532157496176992,0.602637764071693,0.4515117424734959,0.5186126250331887,0.2072662298987493,0.693669107314548,0.8484702999452769,0.1487389808408771,0.5843936395829128,0.8847290241631928
0.0,0.38914132587673306,0.9543693403957256,0.6077163597829216,0.4522441909076105,0.5025560621862345,0.24329958308516975,0.6523851786110492,0.8454462041995818,0.12641718800135465,0.5475174605900363,0.931335249119682
0.0,0.375393219154142,0.9558090565884108,0.6119225555030038,0.4537802327354061,0.5006397658083519,0.21500893388921974,0.5765032172176615,0.8399989993318668,0.09430049317434892,0.5475044127153441,0.9215298687567512
0.0,0.3555866247232903,0.9593952041323288,0.6225351099273879,0.454584328594722,0.5146796299355738,0.2069684335914236,0.6138451297980918,0.8371562607982048,0.08198909451940589,0.5699026929339495,0.8554715333164777
1.0,0.3327507864383084,0.9636380845114856,0.636197439890491,0.4546753278969674,0.4922269204615859,0.16795711733174515,0.4292212114488571,0.8350217057710052,0.0704896720786401,0.5021915594353031,0.5836991748454259
1.0,0.3333333333333333,0.9674740252178372,0.6466522203203251,0.4549553603503637,0.5111585257669894,0.19297200714711127,0.3809703424302936,0.8385700291026337,0.08486280859679074,0.476582722861989,0.5874704491725764
1.0,0.3378771991145286,0.9703948348722854,0.6561456207073687,0.4558420899535741,0.4951942980783758,0.2281119714115544,0.4386435914503368,0.8392658506746571,0.08202002779702383,0.4592191909199774,0.6950723660648456
1.0,0.33205173016427825,0.9725461719317098,0.6620707906684439,0.4548542825200864,0.5164288245630988,0.2090530077427041,0.4665113527105982,0.8349270532899362,0.042016122367831865,0.4771991427285857,0.6630290517622774
0.0,0.3367121053244787,0.9755641902204198,0.673078660035852,0.4556328627668118,0.5107499942221664,0.2269207861822513,0.5732564159455661,0.8339710482938059,0.03675345886348708,0.4908034966691314,0.7838287652474358
0.0,0.3212163579168124,0.9781912809862996,0.6821544032324384,0.4535914951936021,0.4938152170327011,0.23287671232876714,0.4273056726573482,0.8311139455407304,0.013448029185500364,0.4636253599953506,0.7803948005983109
0.0,0.3144588139345217,0.9799542611097436,0.6879385242343011,0.4523533453265911,0.4821195446195656,0.20250148898153653,0.3673249020042897,0.8306379964024624,0.01970395269747266,0.47839828701739295,0.5742227671861407
1.0,0.3197017359897472,0.9787643755692222,0.6813413604386349,0.4530413050453636,0.494940384537116,0.1962477665276952,0.30201908142888834,0.8299561332870204,0.0,0.489900365185132,0.4548690768135429
1.0,0.3381102178725389,0.9772497212080212,0.6730924234505424,0.4520124588690736,0.4749533671922378,0.1974389517569983,0.2515124620959988,0.8333949697766576,0.010952593130705124,0.5098384693197302,0.3312960859610222
1.0,0.3475474775719445,0.9755317876017257,0.6634247522226552,0.4496870196295547,0.44629836911134974,0.19803454437164966,0.1561570889727088,0.8392476771894204,0.0351752625898471,0.5275275249401644,0.29006031562422474
1.0,0.3311196551322381,0.9745363187779468,0.6581495061540211,0.44668251841070206,0.4800944664852528,0.13132817153067292,0.0,0.8454555801739461,0.06043861289644802,0.4532209385115417,0.03703982874544067
1.0,0.34405219620179434,0.9749262411783504,0.6567465682749152,0.4449672340908552,0.5110563728311124,0.139964264443121,0.07221359366910696,0.8559028663829801,0.10755230595308383,0.4363354551575525,0.0009082217973226717
1.0,0.3561691716183153,0.9765651395802134,0.6597189345808645,0.44696154222864704,0.5164047160857757,0.17718880285884464,0.1309814362842982,0.8645243302884129,0.14250466704533832,0.4094945963180941,0.0862495860209112
1.0,0.3492951182570198,0.9775546891814524,0.6602726040634839,0.4496311978556443,0.4808095953591061,0.17301965455628354,0.07996449966718439,0.8714924588387303,0.1910563831390304,0.4308184462664726,0.045740260129914605
1.0,0.3686356751718514,0.9792105896872996,0.66176600379955,0.44888014613324256,0.4953164444186979,0.18463371054198935,0.11587900303231975,0.8804721087532108,0.2503516402644739,0.4023566134467396,0.01328732221756342
0.0,0.3741116159850868,0.9803877418036449,0.6625957957568633,0.4498689475679313,0.4616041130825614,0.22304943418701612,0.12881443680201116,0.8886889897829133,0.3047879842281779,0.4078952861010608,0.04418357145160709
0.0,0.3695677502038915,0.9824574448694716,0.6691096631615593,0.4528476557783632,0.4964907873055826,0.21322215604526493,0.13382885881221795,0.8979944140117571,0.34813892122925083,0.410182159107548,0.06113135743541754
0.0,0.43539554934172203,0.9843703157945496,0.677110327443725,0.4589950014797152,0.4872306384821302,0.37522334723049416,0.1684860587234676,0.907676921446104,0.3893197828435302,0.4265211788022129,0.10060926584359263
0.0,0.4620761971338693,0.9858246550093812,0.6860847040588373,0.4629047043523733,0.503149088313455,0.4612864800476473,0.2071592337844831,0.91460482992724,0.4100124390849291,0.3964688224632563,0.1780092551233719
0.0,0.434579983688687,0.9873411469289468,0.6951075705738543,0.4625391980101902,0.4880861824267678,0.4058963668850504,0.19076991346793928,0.920137918157129,0.4138841267096592,0.3733479584156051,0.036448748414301714
0.0,0.4421530933240127,0.9889271380903372,0.7023776178018037,0.4636776134505973,0.4910568770608194,0.43448481238832654,0.2889505214111381,0.929280400833388,0.4502574690089365,0.3759303420394178,0.17973777348777348
0.0,0.4450658277991378,0.9900671071547604,0.7074148900408928,0.4641084468411485,0.5089821029904064,0.4523525908278737,0.33863619554766605,0.9353244032554956,0.4756162816417734,0.4060632860863012,0.3299549549549543
0.0,0.4204823488290809,0.9911366434788246,0.7125554467613086,0.4641276720793662,0.5053154449161158,0.39577129243597403,0.3381480659714513,0.9383504048901591,0.5108852909125837,0.4050355454066487,0.3069095881595875
1.0,0.41116159850868,0.9908722373699542,0.7096228003472165,0.4664240136087842,0.5146846670792188,0.3817748659916615,0.3433325937430667,0.9423097861275632,0.5318405175834011,0.4086371047375167,0.2005509974259981
1.0,0.41046254223465,0.9896700765503108,0.7034818147680544,0.4662370029600234,0.5012448375226027,0.3418701608100061,0.2669846904814732,0.9478640005749116,0.5713986829908555,0.35935914387148205,0.025619369369370724
1.0,0.4521728999184436,0.9884338557634148,0.6961591161861337,0.4689079526787684,0.5007279642990299,0.4246575342465755,0.446490644183122,0.9584673569295374,0.6354690214293552,0.4751096556358057,0.2700783421784172
1.0,0.4484445997902833,0.9865664298992892,0.6908758983567768,0.4720542313265865,0.5032154464699125,0.4181060154854082,0.4447008357370017,0.9619795705381846,0.6693595860920043,0.4733131311011958,0.2508264570372482
0.0,0.4695327973901899,0.985473012497775,0.6889790580572068,0.4715967212706031,0.4901845981108421,0.4294222751637881,0.4887064566230309,0.9671294106476818,0.7111562743743107,0.4756605572517622,0.07945729568882845
0.0,0.4730280787603402,0.9816607476403212,0.6790959801873901,0.4684184765865474,0.4916295552524723,0.4359737939249554,0.4855705938909846,0.9713214118514396,0.7628789460077359,0.4723610716342165,0.15756845796875402
0.0,0.5204473960153794,0.9787884341939592,0.67182966022947,0.4720810154841622,0.4946031439682536,0.4833234067897559,0.5866577915834625,0.9752402612925511,0.8135532733047379,0.5566430795231213,0.5391184573002739
0.0,0.5425841780263311,0.9754624806342556,0.6634829751285893,0.4717243813386043,0.4933838255929588,0.5259082787373436,0.6574735596479548,0.9750037360267972,0.8394348380337244,0.6231579688263259,0.7759543486816206
0.0,0.539438424793196,0.973604835980612,0.6595243818505705,0.4713354939176937,0.4938111808175018,0.511614055985706,0.618038606611937,0.9713988690818188,0.8250225646647342,0.6113639347127645,0.6941106400868854
0.0,0.5498077595246418,0.9707925349471264,0.6512696202208582,0.469248558652792,0.494586167961117,0.5145920190589637,0.6686709562902153,0.969118865965172,0.8176933839555965,0.6602203586592442,0.6614231160004196
0.0,0.5795176511709192,0.9666613104111776,0.6385751577808361,0.4701814616222938,0.492511157345197,0.546456223942823,0.713578877301975,0.9646939848200328,0.7929329454279495,0.6961903104313172,0.8513124721933852
0.0,0.5971105674006758,0.9656928041819056,0.6360558432682244,0.4693197229937212,0.48969177960316496,0.5476474091721263,0.7708453516751724,0.95858638457363,0.7724165449227303,0.7357706982580559,0.8047802500196558
1.0,0.5560992659909124,0.9639272384973528,0.6344264063479782,0.4663054817903594,0.4949186778117124,0.5181655747468733,0.8204200872716518,0.9527090715633622,0.7515679650025702,0.7237981299003231,0.8399103040429139
0.0,0.6007223581498311,0.9656266569153016,0.6408648056638055,0.4695193430167394,0.4899662147030572,0.5661107802263253,0.8268619184971522,0.948652425308146,0.7474753709964279,0.6852986038760843,0.867078379314325
0.0,0.5805662355819644,0.9665756116210052,0.6499455973109908,0.4697047739896452,0.4891664526816221,0.5658129839189995,0.8073663190592409,0.9445955063348932,0.7393558643255029,0.628954903970663,0.9296988990582298
0.0,0.5925667016194804,0.9676313817196716,0.6594132202631073,0.4706632340573786,0.4868419358051895,0.6593210244192973,0.8225057318245693,0.9396890701685016,0.7347119258130155,0.6383583639466672,0.9797005939305192
0.0,0.6183152743795877,0.9674811591988248,0.6693987596570904,0.4709029174584598,0.4833186127057651,0.661107802263252,0.7601360846091261,0.935454382072444,0.7502002745064351,0.6232223505963187,0.8838075810245403
0.0,0.6180822556215776,0.9671008205283609,0.6749007119689763,0.4704623186653092,0.4849696683578288,0.6905896366885051,0.6648546705125362,0.9312307901631836,0.7570928333860463,0.5337027713136232,0.8809766657646587
0.0,0.5951299079575907,0.9679420781694112,0.6835523741927663,0.4703903418619078,0.4880401097983733,0.6899940440738536,0.7661637452851127,0.9271285400807516,0.7668124868874411,0.5457876060810919,0.8966299619075376
0.0,0.6016544331818712,0.9673149292780068,0.6870733288600901,0.4714347871691105,0.4960718377066861,0.6828469326980346,0.7417942459877228,0.9190532726794192,0.7337204207802088,0.5753120792485822,0.9984071133089248
1.0,0.5923336828614703,0.9658249969764366,0.6889047397190741,0.470427709936233,0.4946973780124045,0.6450268016676592,0.7234524073663189,0.9130318330052992,0.7265570214615833,0.566523466788941,0.951028817454238
1.0,0.5734591634626587,0.9650771232319814,0.6907409791658267,0.4712980062078327,0.4970838257013482,0.6292435973793924,0.7308039346202206,0.9070424114215332,0.7104099089981188,0.5740219342627292,1.0
1.0,0.5748572760107188,0.9658082384636544,0.7018911535022716,0.4715432657544375,0.4997548836008694,0.6250744490768313,0.7444937504622443,0.9006595985613328,0.6949860362815032,0.5830675169226079,0.9333352229245216
1.0,0.5501572876616568,0.9657252383372078,0.7073526164252472,0.4717678361747744,0.4994595256988138,0.5881477069684337,0.7426891502107833,0.8947728562089696,0.6888081236410104,0.5807904778551318,0.9813017960893028
1.0,0.5297681463357801,0.9658220327793726,0.714200652925722,0.4727233206740889,0.4987486841981248,0.5443716497915426,0.7303601804600252,0.8890208702303108,0.6853363033573627,0.5746729632740272,0.9100743337160808
1.0,0.5354771059070256,0.9660132876788068,0.7160775321797178,0.4698305209699392,0.4981237950966642,0.5500297796307325,0.7643221655203019,0.8822572588595003,0.6735033990550527,0.5524728126281357,0.9902909904868488
1.0,0.517418152161249,0.9644728367623736,0.7148578888174936,0.4709298254001128,0.5004597824710325,0.5256104824300181,0.8203757118556321,0.8741773368154366,0.6324712416038769,0.5829905688356279,0.9531652580124736
1.0,0.5258068274496096,0.9628481723285571,0.7144977719513299,0.4723132607022634,0.5005378355380823,0.5059559261465156,0.7930404555876052,0.8665053140425802,0.6031238902059971,0.6206796875431759,0.8918802075145426
1.0,0.5427006874053361,0.9610148122909188,0.7133108126041402,0.4710586820410033,0.5065935768861773,0.5333531864204883,0.7806301309074775,0.8616540041520422,0.595967828955443,0.604200032592397,0.9369595975475556
1.0,0.5182337178142842,0.9587785232773124,0.7121777914554015,0.4713255240781954,0.5036611108396601,0.4842167957117334,0.6876266548332226,0.8555755407754102,0.6021609191287939,0.5859200167891484,0.9704022569191108
1.0,0.5325643714319003,0.9559095434223602,0.7077235645089605,0.4736157378802355,0.5175006057484292,0.4729005360333531,0.6708897270911915,0.8514465848677804,0.6144179052108758,0.622570703738807,0.9316357799503854
1.0,0.5371082372130958,0.9524453253797291,0.7010021338846384,0.4745640945658606,0.5115549195098058,0.4419297200714712,0.5838769321795722,0.8461853456884032,0.6188271144012567,0.6123009738423506,0.6840799649788403
1.0,0.516253058371199,0.9507088464097712,0.6986195163613378,0.4716318283561504,0.5173486856600666,0.3838594401429423,0.5562088602913983,0.8442159964577078,0.6497263651555003,0.5921101929412425,0.5251228172576485
1.0,0.5142723989281138,0.9505976757997632,0.6997759884190884,0.4713570143230234,0.5118178614740977,0.3773079213817749,0.5484283706826418,0.8446077320928074,0.679297805871445,0.6341072507452844,0.5130113332360532
1.0,0.5213794710474193,0.950697140067991,0.7022408417842062,0.4687347913698898,0.5245019889269605,0.39100655151876107,0.5671178167295315,0.8459205816643038,0.7065752197495309,0.6502409881771394,0.65491998638066
1.0,0.5124082488640337,0.9499652690672388,0.7025612383478264,0.4711650700889301,0.5111884479576058,0.3683740321620013,0.5340803195029956,0.8447595283257596,0.7173942151001944,0.6717813023515972,0.5833211732088142
1.0,0.5212629616684143,0.948467253523106,0.7016452924453261,0.4726038491352241,0.5153112012863812,0.367480643240024,0.5745506989128029,0.8431337143024984,0.7434268879578344,0.6573904725117052,0.6496181720900832
0.0,0.564371431900268,0.9468978435720008,0.6985619117790747,0.4755622643220342,0.5156943399762142,0.4469922572960098,0.7131499149471191,0.8405364801847419,0.774798004167746,0.7426625532006522,0.959628386594678
0.0,0.542351159268321,0.9451955562396096,0.6961688088951381,0.4724441262828902,0.51867035101878,0.3892197736748063,0.5955180829820281,0.8328772745362567,0.7568378501405033,0.6925557354826936,0.8860370296103192
1.0,0.5364091809390655,0.9432670064948816,0.6963955488214402,0.4716948990887018,0.5177400735434767,0.3603335318642048,0.6255380519192371,0.8304208940963862,0.7626891938005433,0.6811072320139945,0.9600628300247316
0.0,0.5583129441920075,0.9427232837969732,0.7012919178620843,0.4716534598205125,0.5140116232165122,0.3695652173913043,0.5983433178019376,0.8260905752781096,0.7592585837042689,0.7017671872999766,0.8817749492971524
0.0,0.5581964348130025,0.9455845774507986,0.7175496529734341,0.4712534143855226,0.5264871730560994,0.4038117927337702,0.6128097034243032,0.822833058849679,0.7759377750307401,0.6728157387538778,0.9362141408287464
1.0,0.4965629733193522,0.9479454668094937,0.7276128148604215,0.4650151677900364,0.5139174054826935,0.3808203991130819,0.5701575327268694,0.8190197301552955,0.7847695360901157,0.6312405310887711,0.7672060753051562
1.0,0.5167190958872189,0.9485554905207126,0.7335410602393525,0.4683596164697396,0.5114802207088104,0.3761086474501107,0.5707196213297836,0.8161105788631888,0.7804093036528299,0.6320004920234938,0.7905848674008985
1.0,0.5269719212396599,0.9445456137306536,0.7217237573508909,0.4700863615491989,0.5069141052793521,0.3725055432372505,0.6213297833000516,0.8129332774717672,0.7790900962639051,0.6822286083862201,0.7314222098524905
1.0,0.5430502155423512,0.9421463017103331,0.7159414435314458,0.4728479906385097,0.4886808091008881,0.3675166297117518,0.6085644552917681,0.8094334309754299,0.7703770670617154,0.6713719465247588,0.6533736233151753
1.0,0.5226610742164745,0.9425846785769896,0.7182820395763813,0.4698627467990015,0.4997238098374863,0.3101441241685144,0.5488869166481769,0.8089868413648118,0.8059440346547709,0.6071071068235205,0.3633258618849397
1.0,0.505068157986718,0.9454732175936694,0.7303987327602891,0.4666563219022516,0.5059551553107744,0.3176274944567628,0.4929738924635749,0.8108468727976899,0.8513247668957573,0.52829349904442,0.3682712491550128
1.0,0.5047186298497028,0.9473357521974336,0.7389966952164566,0.4665051206323249,0.5084449577321712,0.3309312638580931,0.5655129058501587,0.8130328089626107,0.9062476357432052,0.569397939384487,0.5095883587718352
1.0,0.5290690900617501,0.9507945094215638,0.7523148864522121,0.4667673216628812,0.5117297902194035,0.3519955654101997,0.6181051697359664,0.8117741825237106,0.9504725168740636,0.5930165694712118,0.6802220087522673
1.0,0.4875917511359665,0.9555568054269168,0.7682792727930187,0.463529643106635,0.5077707861364625,0.3478381374722838,0.6554322905110566,0.8088814027625209,0.9609695721602602,0.5826900991314816,0.7125630571487787
0.0,0.4844459979028312,0.96110838290263,0.7857200265473164,0.4628304951538443,0.5128155704583769,0.3941241685144125,0.7017528289327717,0.8051359488162293,0.9653627082654632,0.5819447703814165,0.7861860908224834
0.0,0.4802516602586509,0.9637841700877382,0.7946880046052107,0.4622904226993487,0.5086439517461561,0.3658536585365855,0.7108128097034248,0.7992627639742649,0.9304957851268424,0.5901282507606921,0.7383639509020521
0.0,0.4810672259116859,0.9651447107914308,0.8005775585024717,0.4623274371902344,0.5097096175259057,0.3902439024390244,0.7999186450706313,0.7954739546740901,0.9389621822957824,0.6028244236154822,0.7998795798675384
0.0,0.4832809041127812,0.9676023570692291,0.8098213995531915,0.4626053103547821,0.5089371626385759,0.4090909090909092,0.7876636343465724,0.7921003899311554,0.9563260911480138,0.5733965259571362,0.8835617845913568
0.0,0.4681346848421298,0.9682723554761788,0.8128111656807103,0.4640625794408668,0.5144496923230926,0.3880266075388027,0.7625101693661709,0.7877437891863956,0.9969462185040529,0.5272149503642243,0.9148599494461678
1.0,0.4782710008155656,0.969034805780276,0.812377264113429,0.4618775359252991,0.5156711242802504,0.388580931263858,0.81213667628134,0.7799557882082382,1.0,0.5581244195644273,1.0
0.0,0.4663870441570547,0.970155778798193,0.8153661818741953,0.4638101276859918,0.5176715177255298,0.3725055432372505,0.8544782190666376,0.7714321997123585,0.981718252016592,0.583751933567645,0.8772865527138758
1.0,0.4538040312245135,0.9719278422050004,0.8210672878554953,0.4655926144969877,0.5151407978508648,0.3677937915742793,0.8740551734339176,0.7670314138677989,0.9575960168657374,0.613947009105651,0.9504410212370052
1.0,0.4456483746941629,0.9728692076521503,0.8260356373407401,0.4643911115853502,0.5159162945657753,0.33952328159645234,0.7888617705790995,0.7616542934730803,0.9250367284863056,0.5573360206626112,0.9559843400447432
1.0,0.4480950716532681,0.9732678893103,0.8266698249191752,0.4647663832339698,0.513210556186806,0.33342572062084264,0.8516012129280381,0.756325821948107,0.9077656822167957,0.5330125410979605,0.95909768829232
1.0,0.4413375276709776,0.9743214431482636,0.8293000442675402,0.4674521982248461,0.5030693942802692,0.32317073170731697,0.8640115376081652,0.7486278126108361,0.8637121442328562,0.5393669653842977,0.9592917362975756
0.0,0.4809507165326808,0.9745435223576066,0.8306920975323248,0.4733035608111393,0.5049694943887244,0.4254434589800442,0.8499223430219658,0.7412936716016005,0.8288301003609693,0.5829639819407041,0.9445706667668092
0.0,0.4938832576022371,0.9744563028832648,0.8317318450287691,0.4753103833315098,0.5212016494409099,0.4196230598669624,0.8843354781451074,0.7349592284097948,0.7969430607377048,0.5448887782496776,0.9847683274228232
0.0,0.4739601537923804,0.9731058023573744,0.8310067436926978,0.4760506662295139,0.5220666467068419,0.3860864745011089,0.7832260927446199,0.7272739503101866,0.7740954592870397,0.5310378322515632,0.8373561792821846
0.0,0.4859606198298963,0.9721357961780952,0.8308351879291035,0.4741846990026375,0.5091378954656987,0.3880266075388027,0.7847348568892836,0.7223695172356823,0.7802109998505571,0.5318526072391608,0.8328340552195239
0.0,0.5110101363159734,0.9696313759516164,0.8280603605326157,0.4743169690325319,0.5158721541225706,0.4154656319290464,0.7957547518674658,0.7150142981080749,0.7745053560174604,0.5375803261028925,0.8116926482092777
0.0,0.5360596528020505,0.9678959065055032,0.8236000757248697,0.4744292677633839,0.512877506257933,0.4478935698447893,0.9046372309740408,0.7071164467757621,0.7370156060807775,0.5643058236249588,0.9585948978228932
0.0,0.5303506932308052,0.9663117306089279,0.8196874385668699,0.4736426852155441,0.5258903374051053,0.43375831485587607,0.8748613268249394,0.6949194804357028,0.6741932421714039,0.5530704776593676,0.9824309721652952
0.0,0.5336129558429453,0.9647534160946706,0.8146370825123503,0.4742814023502165,0.5241044202786082,0.4193458980044345,0.8979809185711116,0.6823138580319159,0.5671689739667771,0.5646605876845664,0.993641640571298
1.0,0.5302341838518001,0.9625340197969178,0.8108240135503132,0.4740387998316621,0.5233963374389525,0.3824833702882483,0.9845203757118558,0.6725138654778648,0.5167147170918793,0.6036185309034658,0.9712132279699844
1.0,0.5152044739601539,0.9598048147045602,0.8063279400462288,0.4719705929753612,0.519376300376737,0.3262195121951221,0.8161896309444565,0.6630622474172148,0.4696198548321775,0.5124633293131329,0.962203860305984
1.0,0.52813701502971,0.958207611430505,0.8038871582966866,0.4742541501034254,0.5181170607174961,0.3154101995565411,0.8031876340507358,0.6574659664555011,0.4727883923082806,0.5082963553221135,0.9848906208484638
1.0,0.5218455085634395,0.9578901057476072,0.8054808113890756,0.473368629906586,0.5207427304295006,0.2935144124168516,0.7343317801937725,0.6495661192653437,0.4553438322773919,0.4808275601150728,0.8
1.0,0.5234766398695095,0.9595890705996788,0.8079908853446867,0.4735126848991276,0.5228465871332446,0.3106984478935699,0.7708083721618224,0.6448676195969316,0.4396736675124479,0.5089784232221323,0.8900516913031652
1.0,0.5254572993125947,0.9611624978886408,0.8120732356567191,0.4737428580293065,0.5075959661921248,0.325110864745011,0.8330227054211969,0.6352369636452586,0.4073283242858366,0.4950439065982821,0.9793597533327294
1.0,0.5083304205988582,0.9626235765095772,0.8144697251583768,0.4711895696354166,0.5108247057327352,0.276330376940133,0.9046963981954,0.6242545259812617,0.3546704965599685,0.5306200806673516,0.983891658114646
1.0,0.49330071070721204,0.9639325981215118,0.818968702439407,0.4724388565126291,0.5169898302852942,0.2527716186252771,0.7578729383921305,0.6167622577097298,0.3296019351605704,0.4971696802356238,0.7811755509231684
1.0,0.4984271233834324,0.9665430534825526,0.8280807534714218,0.4695724231159623,0.52976232913723,0.2624722838137472,0.6994674950077657,0.6170666911629206,0.3425946631016312,0.4532293035576046,0.786982578916021
1.0,0.5063497611557729,0.9695407865571694,0.8370554068310124,0.4706997156517626,0.5199393681830152,0.3043237250554323,0.7362473189852822,0.6178857213472506,0.3424877869187598,0.4754140561893678,0.9670562835020842
1.0,0.4838634510078062,0.9722226598542116,0.8447216068498345,0.4707179709993273,0.5277991340080752,0.2749445676274945,0.5894904223060425,0.6132602937095553,0.2987735330689682,0.4468572987343766,0.9601777699551176
0.0,0.4880577886519866,0.9737978797799282,0.8481076508393524,0.4676903777095741,0.5227022359867918,0.2799334811529934,0.5890318763405075,0.6121686292351649,0.2928050813576341,0.4469243428916176,0.9050779510022272
0.0,0.4976115577303973,0.9745653089484588,0.8504773026263955,0.4655489709941898,0.5299219484173592,0.2899113082039912,0.5354929369129501,0.6111303390701976,0.3036599262867288,0.4185667279781891,0.9300445434298444
1.0,0.482115810322731,0.9758720541423612,0.8630163516126246,0.4668188687002427,0.5271687889280338,0.255820399113082,0.4436358257525331,0.6103766447847874,0.3287090374246249,0.4258950706479193,0.8232770883942837
1.0,0.482232319701736,0.9778850882613308,0.8766424947613495,0.4667850774412472,0.5276498184573679,0.2674611973392461,0.4760150876414465,0.6090479232256021,0.3047205125114624,0.4406289133486939,0.8384339136544614
1.0,0.4797856227426309,0.9805398646615024,0.891988835177553,0.4701169734016452,0.5341575122488118,0.2621951219512195,0.5112417720582796,0.6039779595566563,0.24493082083815004,0.457308940901581,0.7979168621563288
1.0,0.4559012000466038,0.9824947521107577,0.9014753220612766,0.4698629556037593,0.5265420154274203,0.2269955654101995,0.5054359884623918,0.5975368616077403,0.16353532178382027,0.4545951107433999,0.749160176409871
1.0,0.4419200745660026,0.9839280847449686,0.91071105307709,0.4675322825383828,0.530741675057666,0.1848669623059868,0.4855927815989942,0.5944928160487617,0.1391766879082536,0.44483597019264093,0.6173594820305899
1.0,0.4557846906675988,0.9845024864516202,0.9179101615947504,0.4661921674289531,0.5281100064469614,0.1976164079822617,0.3702906589749277,0.5936033513222354,0.1428485156942838,0.4445954196707744,0.5833911982734351
1.0,0.4630082721659094,0.9842346722959068,0.9213561063168793,0.4637121149049069,0.5276442685678963,0.20593126385809316,0.3334368759707121,0.5971903389877982,0.1855177773398051,0.4247663594191852,0.4812799099183637
1.0,0.4527554468134685,0.9844524432005878,0.9263761717475454,0.4620182396236507,0.5311971115738328,0.1518847006651884,0.09010428222764556,0.5991816563492591,0.18823969347952152,0.3530415974934084,0.14768271219933976
0.0,0.4885238261680066,0.9858006865544054,0.9390222069129228,0.4644380294396463,0.530615898886662,0.2311529933481154,0.2834109903113675,0.6071203277230974,0.2265357764330248,0.3919198943865884,0.401064709380757
0.0,0.4751252475824305,0.9878711151278041,0.945980695902828,0.4658395275443769,0.5271871209416794,0.2125831485587584,0.3134235633459063,0.6067192613698198,0.2293892681090463,0.4086907176547804,0.3682530933143797
1.0,0.4672026098100898,0.990006165097898,0.9518906956369672,0.4682140390791437,0.5272208804472615,0.1965077605321509,0.267176983950891,0.6065614444501006,0.24945968211772346,0.4359746232685392,0.3365729122847736
1.0,0.4740766631713854,0.992345932408686,0.9506607587456304,0.4657029794040306,0.5533326257136738,0.20509977827051,0.3460468900229274,0.6086492484621975,0.2633254843543303,0.4306056966362977,0.3370515963387923
0.0,0.4496096935803333,0.9939600643102272,0.9509329232527932,0.4651417012283436,0.7211514661853389,0.16269401330376934,0.31884476000295825,0.6086633298410613,0.2319569387681427,0.4650454058630686,0.2864561423867476
1.0,0.4207153675870908,0.9963258938405458,0.9536581644690476,0.4597884751815192,0.5402553344903065,0.07815964523281597,0.23359218992678046,0.6121933629080699,0.23141064220387844,0.4021409561916625,0.002117313785903468
1.0,0.4411045089129675,0.998260208080048,0.956204937229853,0.463544033145002,0.5270776934307636,0.1316518847006652,0.28338140670068784,0.6220990870305123,0.230466103257186,0.4243841225639508,0.02091396975117926
1.0,0.45823138762670396,0.9994879919989368,0.9591247821379733,0.4629593273683823,0.5369931873592545,0.16241685144124168,0.3807410694475261,0.6319376923965894,0.25702330183140554,0.4294914113646137,0.08375625572707363
1.0,0.4871257136199464,1.0,0.9594677862691466,0.4644929873566429,0.5330513620986874,0.2042682926829268,0.3949633902817839,0.6416987176336735,0.2747716734936171,0.4372514644957389,0.046088991084755136
0.0,0.5221950367004544,0.9988084016499752,0.9547680024945048,0.4669649537024085,0.5393697245017831,0.2779933481152993,0.3688558538569631,0.6517141989117088,0.327495680114992,0.4269861141844147,0.12978102189780946
0.0,0.5147384364441338,0.9983271668673048,0.9540845586497384,0.4661443486502713,0.5303110901194138,0.21092017738359198,0.3349530360180457,0.6566438094747775,0.3370472867308489,0.4560946712659299,0.0581995133819942
0.0,0.5340789933589655,0.9911611005880392,0.9315834526798252,0.4695897078077021,0.5339562619575968,0.26136363636363635,0.4831373419125807,0.6608862865866267,0.3300213485399396,0.4905655001739478,0.25577517288734153
0.0,0.6341605499242688,0.9853152597805928,0.9145329767675072,0.4866731324789454,0.5325644118646443,0.3105792765841718,0.539997041638932,0.6613114919002092,0.32017349182169696,0.5226190050732307,0.4588013144342538
0.0,0.659559594547361,0.9793218008089196,0.8970697885156238,0.487476686800579,0.5311231616758751,0.4544817927170866,0.569255232601139,0.6630380124654864,0.3425288043185037,0.4888779390122708,0.4823924665260678
0.0,0.6491902598159153,0.9807646668744572,0.9044625441583686,0.4892532477634092,0.5344894116998015,0.44257703081232497,0.4277864063308928,0.6654700038201964,0.3883621069149139,0.4624812165557535,0.3547746333807445
0.0,0.6618897821274612,0.9824712817647322,0.911592605038093,0.4911953217490094,0.5361086471871768,0.4759570494864611,0.3530064344353228,0.67110889989593,0.43159646236747257,0.4772682396788946,0.3103143852077098
0.0,0.6479086566468601,0.9825796920481624,0.9128152385058138,0.4891613960287725,0.5235386848030692,0.4470121381886088,0.3130315805044004,0.6746222955638121,0.436514948647556,0.504931092296189,0.20388444749619852
0.0,0.7068624024233952,0.9818631469767009,0.9103613430017164,0.4959587207869571,0.5229156464793165,0.542483660130719,0.4712817099326974,0.6779826890573066,0.4167120884964091,0.5348319248785527,0.5418117612438078
0.0,0.7088430618664803,0.9808429815905074,0.907666107481768,0.4968073181715749,0.5120652718272597,0.5387614678899083,0.5070408993417647,0.6764591599476497,0.3672679921608518,0.553765614095265,0.5305802148217177
0.0,0.7276010718862869,0.9801088398840102,0.9048797506610105,0.499647343526515,0.5295176139320299,0.5843828715365241,0.6209082168478667,0.6767320548084619,0.3474003537593604,0.6163593494635969,0.9431065770758748
0.0,0.7008039147151346,0.9797588251833712,0.9036158185003637,0.4964935672054494,0.5276262610412329,0.5186109850204268,0.5309740403816287,0.6699100889604503,0.2785585727787563,0.6161541998903295,0.8336486523539258
0.0,0.7068624024233952,0.9798339236463685,0.90346392581181,0.4975731140878693,0.5282715714949892,0.5318089200815035,0.5677316766511352,0.6641091528804881,0.21580529297304074,0.636159786685982,0.6603602862548338
0.0,0.7278340906442969,0.9804858701868356,0.9067933269964504,0.5009457957139403,0.5285196162073358,0.5788997056825902,0.6595222246875232,0.6578827351003679,0.14419606073331115,0.6363497960098807,0.7719283814537592
1.0,0.7033671210532447,0.9798728952245328,0.90713467666138,0.49754972719246904,0.5339802328685702,0.5288657459814353,0.6368685748095555,0.6521540232102141,0.0967627269950655,0.6272346175281759,0.4805077311108677
1.0,0.7195619247349412,0.9798426871429388,0.9072236234396036,0.4971402390264436,0.5460776112006321,0.5435759209344116,0.5993861400783964,0.6524884324603881,0.0877539611519384,0.6034555589794611,0.5586429193233423
1.0,0.6893859955726436,0.9802426997462744,0.9078206015619259,0.4957145892988388,0.5464529048859366,0.5,0.4684342874047779,0.6522092833787636,0.07750306870218943,0.5826656712083741,0.3793614568383416
1.0,0.6875218455085634,0.9812023080026868,0.9128796255647,0.4949369514312447,0.5385575631190987,0.5055753791257804,0.5679535537312329,0.6577297671660916,0.10495978766129266,0.584011860980483,0.4123473637155032
1.0,0.7162996621228009,0.982765856439774,0.9202144781002181,0.4967431739154384,0.5313797527111861,0.5448260481712757,0.3734708971229935,0.6607320120240441,0.10412336289834184,0.5464276266869319,0.29576735759828743
0.0,0.6988232552720495,0.9835250493554348,0.9263747438056154,0.4962935591051256,0.5227840814597732,0.5361284567350579,0.3964055913024183,0.6683663353416059,0.1347987441294703,0.5050873379371815,0.3611509775780535
0.0,0.7535244087149016,0.984917347497978,0.931424186287766,0.5020743207212917,0.5309970294315896,0.639049955396967,0.5242807484653502,0.6725011287138489,0.1362694312692771,0.5129859314336837,0.7154083241182984
0.0,0.7204939997669813,0.9841031074375796,0.930470213317836,0.4975633748123864,0.5067431382414306,0.5718108831400535,0.515723689076252,0.6729056280213173,0.1385946334173953,0.5087659398299347,0.7540408912312082
0.0,0.8305953629267157,0.9842362920556429,0.9313953940373872,0.5125937501586837,0.5110706227207674,0.7758697591436217,0.3602026477331555,0.6731176964178556,0.13928591175342284,0.4820840402208539,0.4793308707620642
0.0,0.8364208318769661,0.9824637958614298,0.9289831924136872,0.5130456289255849,0.5104310556258411,0.7950490633363069,0.3624731898528216,0.6755633605875444,0.1490153282671242,0.4831373803774273,0.4774311090867688
0.0,0.8424793195852267,0.9804846490142975,0.9300618257261946,0.51441102029025,0.4948342785214187,0.7946030330062446,0.4305672657347829,0.6772902507835981,0.13476436148106047,0.5188992294050627,0.409246185379185
0.0,0.8791797739718048,0.97802808652018,0.9284708629052566,0.5170776927387708,0.4929045116268367,0.8568242640499554,0.5023223134383551,0.6784221070993364,0.11108832905872773,0.5519389104124685,0.7263493509451144
0.0,0.8939764651054409,0.9754204753029876,0.9290558630404984,0.5158583781878929,0.4936579272754241,0.8831400535236397,0.6270468160639004,0.6774364337762253,0.09137381834122517,0.5630699853285388,0.9153268048280568
0.0,0.8961901433065359,0.9730564244761783,0.9275980309175228,0.5163768032728169,0.501705879289147,0.8826940231935771,0.6114488573330377,0.6747298351534898,0.07386872241973974,0.5543604067316535,0.9395809610567064
0.0,0.8660142141442386,0.970919178699193,0.9305816924709944,0.5162906808038659,0.5123218398788911,0.8278997560434685,0.4367206567561568,0.6729348043928223,0.06503604856889439,0.5234290990187134,0.7661125028467315
0.0,0.8619363858790634,0.9701232295578816,0.9339782835998072,0.5192188612039347,0.5158001717892968,0.8234641827456199,0.3859034095111308,0.6745607266558578,0.06895431501044152,0.5498057387515051,0.6126564222265446
1.0,0.8395665851101013,0.9693205945150256,0.9368511807232373,0.5186168459576299,0.5173406795080004,0.7966289642936351,0.3576288736040233,0.6764620391574674,0.06804198004250689,0.5388785840046598,0.5945325292543635
1.0,0.8456250728183619,0.968693538217084,0.941243060340847,0.5195837935279602,0.520425910696757,0.8094921268573962,0.3421492493158791,0.6792108628774765,0.0695620352553436,0.5336975679219442,0.5822934928328343
1.0,0.8325760223698008,0.967145165313018,0.9408095427247944,0.5214343111323997,0.531782791377864,0.7873142603681526,0.1942755713334809,0.6795819826548826,0.04404451510131169,0.5153297546706406,0.35770954409412725
1.0,0.8111382966328791,0.9656227460739288,0.9402109440100735,0.5187333868400745,0.5369961514976658,0.7445109780439122,0.14586938835884894,0.6836360316441865,0.030404343469022318,0.4796945850023571,0.2106329188781623
1.0,0.7577770010485844,0.9638919947076976,0.9368968889583508,0.5112272246141684,0.5378773648372752,0.6413838988689288,0.07951334960431877,0.6896142810268633,0.02769496526390114,0.4851058356052829,0.09836669170385423
1.0,0.7612722824187346,0.9627781282343834,0.9374304255781591,0.512145123373431,0.5332440927975016,0.6393878908848968,0.1177723541158201,0.6990530845236662,0.04412824712316349,0.5000298656309519,0.10256126482213493
1.0,0.8155656530350692,0.9618201457819784,0.939666299069148,0.5186578720222469,0.5336037942371656,0.737414060767354,0.20804674210487376,0.7070320535490724,0.058842388134596864,0.4865803075399328,0.2091458972230224
1.0,0.7908656646860073,0.9608451320223218,0.9428854690037274,0.5187910323118281,0.5293728374106451,0.6921712131292971,0.1326529102877001,0.7123609279533556,0.06260305017628638,0.4070222563412821,0.004913505362498248
0.0,0.8241873470814399,0.9600325298143458,0.944503463493732,0.5245522009221069,0.5245756135408622,0.7629186072299845,0.2762443606242145,0.7233778029388434,0.10807448034652156,0.4778783118057048,0.2316228601960505
0.0,0.8631014796691133,0.9575264360570253,0.9409798541587676,0.5283054018610659,0.5232245859611512,0.8278997560434685,0.2562162561940682,0.7278127812147093,0.13237383638474026,0.5229170226109794,0.19765116378026487
0.0,0.8434113946172666,0.9540212552961956,0.934408291253558,0.5270180575261121,0.5238431757303629,0.7675035947350957,0.24794024110642696,0.7328316256930241,0.15962395044063155,0.5120366383760219,0.1501425471256546
0.0,0.8506349761155774,0.9506544834416024,0.9284346955058088,0.5247499372247519,0.5265584602879243,0.7815966934957582,0.2575918940906732,0.7378498851603803,0.17951635966517626,0.5179455333924333,0.20969320454448734
0.0,0.8706745893044391,0.948110598767546,0.9266660416761768,0.5252955057729017,0.5314299333228212,0.805735230702889,0.3676059463057468,0.7427148199074136,0.1972747064545175,0.5455509299659576,0.4086634611293145
0.0,0.859140160782943,0.945529777153756,0.9240659524138184,0.5239775864463662,0.5367684130650708,0.7812230835486651,0.3688188743436137,0.7436480395288441,0.19272739031889652,0.546367061078349,0.41470575720182135
1.0,0.8288477222416404,0.9427285135758078,0.9215556656738548,0.5235130296736572,0.5371285596379927,0.7279129321382842,0.3031210709267064,0.7465785661720616,0.2036353209091082,0.4638705909103169,0.15512105867835474
1.0,0.8599557264359781,0.9409201117770252,0.9208215553916734,0.5267261921079629,0.5374292204523715,0.7618437900128041,0.2888469787737593,0.7539551969366722,0.23071288730011086,0.4565867321631771,0.24494702353091385
1.0,0.8208085750902947,0.9384153445516816,0.9215646134031388,0.5238217500485145,0.5346971663854176,0.7031742694975824,0.23263072257969056,0.7604614165653432,0.24653115843257886,0.35858006335178344,0.06269945959746448
1.0,0.8448095071653268,0.9371177109810324,0.940813747305955,0.5252538697564616,0.5270536901827798,0.739476439790576,0.2973300791361587,0.7702871192963292,0.2781124714429196,0.3915987541857184,0.0010019060651968491
0.0,0.8968891995805662,0.9347698258663598,0.9568812313737968,0.532240555091455,0.5147899439704375,0.8265115312694786,0.3935581687744992,0.7800570717879289,0.3065640262064282,0.4661115786159439,0.08976798653297308
0.0,0.905044856110917,0.931626708448084,0.9694948526032456,0.5303556016780421,0.5072867656956076,0.8353595713991346,0.3980400857924709,0.7857062505732109,0.3199551031093827,0.4704673719159299,0.14751518700139055
0.0,0.9365023884422696,0.9279432515221804,0.9653015220513258,0.5332508381170228,0.5073165731763819,0.8822567457072771,0.4495969233044893,0.7911544321218527,0.3256333264497091,0.4763968707627438,0.16492364645996996
0.0,0.964697658161482,0.9242671837781834,0.963184945865578,0.5357699855365134,0.5115187326693177,0.9153814935064934,0.4836032837807851,0.7959143894084619,0.3329209648503891,0.5152819365741238,0.3238399634724033
0.0,0.9856693463823838,0.9209287219767308,0.963712854721506,0.5397914799628191,0.5250363150673042,0.9535212202792348,0.504171289105836,0.8000429777897291,0.3529764154282741,0.5415338597789385,0.8206152616859803
0.0,0.9826401025282536,0.9172187910235492,0.9622601877946104,0.5426182543422063,0.5574379025794485,0.951761409127302,0.4484579542933215,0.8016037042470456,0.3731569676592758,0.5229035089995381,0.639603457041182
0.0,0.99836886869393,0.9141272834405948,0.9624442483585164,0.542672840944627,0.5194974859147502,0.9615729218516677,0.4399822498335921,0.8029643286162005,0.39032412377132375,0.5142162597276443,0.6527116587323821
0.0,0.987533496446464,0.9107602235476624,0.9613846938195876,0.5426410634013754,0.5317468156573311,0.956659410251336,0.4471858590340949,0.8036361725132659,0.40826230418491705,0.4732167932418301,0.5805652981225484
0.0,0.9846207619713389,0.907865909405906,0.9641732745277636,0.5460370241507673,0.5582289913270043,0.9519097565802492,0.40378670216699897,0.8035642111333974,0.4150055442827158,0.4733887483111862,0.4633578906552918
0.0,0.9951066060817896,0.9041136677620436,0.9642014368344642,0.5446820798033359,0.5978916472635659,0.9610132594498318,0.40137563789660535,0.8043944744765399,0.4286945768442677,0.4688739686703083,0.3711059619699159
0.0,0.9982523593149248,0.9005563466379237,0.9645089043289896,0.541665305630305,0.5633704864906282,0.962596477340194,0.4241624140226312,0.8046693482899205,0.4180565040748844,0.4450857736165639,0.441943433005994
0.0,0.9970872655248748,0.89760848301391,0.9626972899059318,0.5405394461849524,0.5573536360707279,0.9667524243023948,0.4717920272169219,0.8035573844149557,0.3914242158695857,0.4550797347940324,0.5296995108315873
0.0,1.0,0.8950761593893207,0.9625320085079678,0.5405378435696566,0.5380340581150359,0.9756580249356815,0.5101397825604612,0.8015502136140908,0.35690453632757124,0.5004929661995705,0.4887270587369891
1.0,0.9794943492951182,0.8919902965757794,0.9601125728498068,0.5408873379095805,0.5205749114704651,0.9461705917276866,0.5242437689520008,0.7999671354831479,0.34123017973106234,0.4659582807898837,0.5436757512229227
1.0,0.965163695677502,0.8889620175451517,0.9594371542954859,0.53937382088947,0.5320559041120471,0.9190579853552344,0.4966940315065456,0.7981636951817346,0.330255273536477,0.4344580585958861,0.34054213100886405
1.0,0.9801934055691484,0.8861162353355302,0.9573189584490379,0.5422945781065565,0.5281854729058371,0.9451810805462102,0.5265069151689962,0.7982626744678525,0.327896653067966,0.4180285306195371,0.3449556806061269
1.0,0.9554934172200862,0.8835770127962023,0.9574045353148749,0.5421042319907258,0.5220026617448793,0.9081733623589946,0.5035500332815626,0.7985693172610533,0.31629749371515625,0.3927648396001675,0.22292103424179086
1.0,0.977979727368053,0.8815161951642009,0.9582150033638552,0.5455048376364708,0.5357930599948493,0.9542845834157926,0.5465572073071521,0.8005561291185004,0.31354306434426144,0.446397826739767,0.44918901026150265
0.0,0.9723872771758126,0.8816974389405542,0.9691136402182744,0.5478247996484799,0.5334084057891135,0.9489412230358202,0.5513497522372605,0.8013824621988709,0.311485648706106,0.4521452329209159,0.4136967155835093
0.0,0.9355703134102296,0.881049182406287,0.9768326964893992,0.5380201367551937,0.5394441100995251,0.9428062537106671,0.4711411877819681,0.8023875939312384,0.3167689551781479,0.4000426217168635,0.2086873367906128
1.0,0.9398811604334151,0.8803403269510109,0.9858499559016266,0.5391901424552409,0.5355154237642621,0.9414209380566002,0.496339028178389,0.8062041575408878,0.34146150897400834,0.3817656217217463,0.2592503700147988
0.0,0.9210066410346034,0.8761598723699408,0.9822117175028768,0.5404120503180428,0.5280301731797772,0.910548189194538,0.4954958952740184,0.8093195115488994,0.3603922022179286,0.3807719150344308,0.2981319252770103
1.0,0.9220552254456484,0.8724523011785891,0.980326701942914,0.5413363614622133,0.5282303821296965,0.9016425885612508,0.4377856667406255,0.8130807897864307,0.3942148647326886,0.3623563449228701,0.22924916996679684
1.0,0.9279972037749038,0.8697013629115954,0.9801694904403184,0.5388801306492474,0.5423114392202562,0.9075796556501088,0.41831225501072383,0.8177727833121868,0.42672614179965707,0.3449493497982661,0.29329173166926586
1.0,0.9157637189793776,0.8678704769920637,0.9823858720078148,0.5382090652890605,0.0,0.9057985355234516,0.4642556023962722,0.8212837960370023,0.4561993221669629,0.34380527140619177,0.5302212088483514
0.0,0.964231620645462,0.8663285874532426,0.9857565533402456,0.546207687554055,0.5647291299536363,0.9970308788598576,0.5141705495155686,0.8218279672484661,0.4571392692755509,0.3548517896149413,0.7596703868154726
0.0,0.950600023301876,0.8630259310420941,0.9872260288755942,0.5481272723763249,0.6255746317247467,0.9873722188815396,0.5518674654241554,0.8201451564266597,0.4623768642326964,0.3520952432004719,0.8616744669786793
0.0,0.9507165326808806,0.8596077159923071,0.9884016848216268,0.5460225866965426,0.5013914823549542,0.9875726598516736,0.5553657273870277,0.8168237758929053,0.4665618538087319,0.35628067207359576,0.8261130445217798
0.0,0.94209483863451,0.8566083788782105,0.9917885983767748,0.5482057917479873,0.4134548832540588,0.9874290348742902,0.6124916796094964,0.8140710806318958,0.4642222065052735,0.3756436044857636,0.9760390415616632
0.0,0.9326575789351044,0.8538235738243097,0.9944055437675451,0.5493029289906456,0.4712822967097303,0.9993804213135068,0.5955106870793581,0.809379662911063,0.4504210013129185,0.4131256760448577,0.9684469103384024
1.0,0.9197250378655482,0.8507700148953641,0.9969484356943292,0.5510265361081796,0.4130716177842674,0.9866833125260092,0.6033799275201539,0.8066195166905656,0.4434641390284444,0.4221869298314393,0.9542457805907181
1.0,0.9127344751252476,0.8474182078965394,0.9937463024720672,0.550329243112938,0.4121895440494667,0.9989302524604192,0.5223060424524816,0.8045225682166066,0.4551991194161914,0.3647479549838247,0.8311132031066125
1.0,0.8993358965396714,0.8445470042902151,0.9898738720770394,0.5521448556027306,0.4777675892719189,0.9829741379310344,0.4361733599585832,0.8041030566540182,0.4591830713819946,0.30778252103981546,0.4880333433592581
1.0,0.8881509961551906,0.8423220890616355,0.9877452546775064,0.5529725768218132,0.5249501865240949,0.9808903365906624,0.4394645366466978,0.8040980660342558,0.4586174529046753,0.3123352268650258,0.4702874575688567
1.0,0.8745193988116045,0.8404948923969676,0.993607488418918,0.5539594759637834,0.5392498129675611,0.963083604777416,0.4662007247984615,0.8037635221801421,0.43160647482990655,0.3480996855989113,0.3930305504232352
1.0,0.8753349644646395,0.8383626022031953,1.0,0.5533572710921112,0.5382096747740854,0.9732899022801303,0.4189187190296578,0.8039510722011819,0.4146562299506157,0.3353653340461253,0.22498173849525105
1.0,0.8600722358149829,0.8356804025917611,0.9987338867257064,0.5547800647606662,0.5420253631279747,0.9470141150922909,0.4190962206937351,0.8069160170824401,0.4051446529362667,0.33556114245260377,0.2157865337515552
1.0,0.8420132820692067,0.8326106107824548,0.987534848294426,0.5524419542640979,0.5162839041219968,0.9111834961997832,0.4089712299386137,0.8102691111975981,0.41522808501241787,0.32656491296045315,0.2194675613263032
1.0,0.8783642083187697,0.8292441812259482,0.9768946835417894,0.5559544742941884,0.5367983582876082,0.9754614549402824,0.3752089342504252,0.8136144273625279,0.42374598181657774,0.333613270703019,0.14918739924186594
0.0,0.8868693929861355,0.8250629112719706,0.9697181543953172,0.5541749848271342,0.5246005843983252,0.9817589576547232,0.4274831743214261,0.817113532788903,0.4345018228395969,0.34460601678721986,0.1728459530026113
1.0,0.8629849702901082,0.8208095992554404,0.9667033823031956,0.5514544750179414,0.4858905065149389,0.928773072747014,0.45362769025959604,0.8186720705724595,0.4309775681242387,0.3817924520252608,0.14905715114592213
0.0,0.8837236397530002,0.8174004763510359,0.9645229763203326,0.5520171532951496,0.5084169361419213,0.964169381107492,0.4542933214998886,0.8208956648699497,0.44176834746842697,0.3826158143710866,0.21206846533216936
0.0,0.8909472212513108,0.8117904199901563,0.9574710780037412,0.5534401865701372,0.0,0.9780673181324652,0.4907773093706089,0.8221380357599499,0.4454895353253029,0.4239514924529144,0.5648970118944008
0.0,0.9217056973086332,0.8049712872867237,0.9468751243721304,0.5574624487912505,0.4990010876603783,0.9863192182410424,0.5928629539235264,0.8221063027998896,0.4525274632324541,0.501419316236916,0.8105599071656528
1.0,0.9243854130257484,0.7968729128721938,0.931596049981904,0.5596943869937465,0.5223747695033476,0.9747751699934196,0.5521780933362915,0.8196633995315259,0.4408607903388944,0.4974744025887039,0.7937917029300837
0.0,0.9363858790632646,0.790676622337153,0.9204048614080886,0.563005953852353,0.5120758723988159,0.9732397455582364,0.5553731232896971,0.8184487143059436,0.4411588836107944,0.500836346638715,0.7350159559036831
1.0,0.939415122917395,0.7857447215406667,0.9127166471502932,0.5642095575072377,0.5188468917752449,0.9679754332090372,0.5597662894756306,0.8157602221952359,0.4155923287077376,0.5055602558838033,0.5872352770525062
1.0,0.9255505068157988,0.781589943351756,0.9054237982896892,0.5658871367075049,0.5307178422403664,0.9434086422461068,0.5875231121958433,0.8127894174190728,0.3857551160769634,0.5323974412425987,0.561895901173308
1.0,0.906093440521962,0.7794921022725075,0.904129912552574,0.5638650801725982,0.539433401120958,0.8993200263215617,0.6130167886990607,0.8113247407327995,0.3706127415240131,0.5555725382932883,0.4763446738719057
1.0,0.8782476989397647,0.7775369766102253,0.903516130411568,0.5593339266407061,0.5336833020020273,0.876727352489581,0.5809185711116045,0.8111684917471462,0.3739038591770113,0.5177891666441906,0.5568948525509826
1.0,0.8766165676336946,0.7765982440836238,0.9073186888942912,0.5592478936596096,0.5221997027928238,0.8716823864882651,0.5913541897788626,0.8119659644722035,0.3959203718070109,0.5267296669046139,0.5385508592661399
1.0,0.8961901433065362,0.7743428692655804,0.9078946602394152,0.5621576020905078,0.5255430370873562,0.9190611976310596,0.6555062495377559,0.8121026546529873,0.4027333584612624,0.5468294496018218,0.7677327317364468
0.0,0.917045322148433,0.7721230656112442,0.9087015208719296,0.5663030278763047,0.5194864059264112,0.9594209256415884,0.7221359366910732,0.8116835291506219,0.41638731045686944,0.5728746847658671,0.9625354717342092
0.0,0.9149481533263428,0.7682908920147372,0.9045280404914022,0.5651194304292786,0.5295137280196183,0.9622724281640712,0.6527253901338657,0.8089322623812851,0.4019055866093637,0.5299784536422018,0.936342740390756
0.0,0.8911802400093207,0.7650393260751583,0.900549959461221,0.5631291748824367,0.5087421379976653,0.9004167580609781,0.6289919384660894,0.8088763718255416,0.4154565951717813,0.5132372201411136,0.7635359468777942
0.0,0.915996737737388,0.7614745710683705,0.8957238607664427,0.5666344656103727,0.5137848297213263,0.9616143891204212,0.5679905332445825,0.8095884817363264,0.4234362127203923,0.448882628717924,0.8468003207698469
0.0,0.928113713153909,0.7574548417210866,0.8917937233125841,0.5657317717509,0.4218993496964735,0.9752138626891864,0.5422453960505883,0.8107845673349738,0.44730108117252615,0.4774384735701002,0.8391659983961526
0.0,0.9405802167074448,0.7521153289313335,0.8833364949026511,0.5651521349411288,0.5134029813981068,0.9820135994735686,0.5250942977590414,0.8101363831165305,0.4541613958460722,0.463470463451444,0.8938893344025663
0.0,0.9453571012466504,0.7467508172363871,0.8752211041146111,0.5665877354843584,0.4220436774084135,0.9800394823426192,0.5570667850011096,0.8089480071570665,0.4625132203178896,0.4377837745400008,0.9885805934242198
0.0,0.951765117091926,0.7422984651409584,0.8703598069218142,0.5644671725757294,0.507324528966023,0.9844264093002852,0.5171067228755267,0.8059459770400849,0.44988185644472706,0.4573438754933868,0.9879829787234052
0.0,0.9431434230455552,0.7378377976646319,0.8691084232373087,0.5664910027730716,0.4232325439357105,0.972344161545215,0.4777531247688784,0.8038036435715796,0.4390440849504645,0.4764733441695743,0.8688286040952096
0.0,0.9581731329372016,0.7337955863380669,0.8707450909646972,0.5662295898979208,0.4241666951127837,0.9962488967343336,0.4771392648472751,0.8018158843896468,0.4265008182352218,0.4760745349662101,0.8746393827574644
1.0,0.9483863451007806,0.7295424578912509,0.8688997582073498,0.5650125108199217,0.585694511996148,0.993719156572454,0.5079358035648252,0.7992134084993321,0.41186847672958377,0.4503510058847551,0.8496207746808571
1.0,0.9205406035185832,0.7267150492105933,0.8706934088179646,0.5645884889006207,0.5396435092325218,0.9896713615023476,0.4316248798165821,0.7952650974352424,0.3949723100835635,0.4333092114604871,0.5509535253909306
1.0,0.906559478037982,0.7241598333035767,0.8707557001792244,0.5634241944642958,0.5550675702449002,0.9814553990610329,0.486184453812588,0.7949393120990325,0.3808819569854848,0.4301600357592675,0.7136302631168266
1.0,0.9093557031341024,0.722196159110483,0.8751844043233088,0.5603736622310564,0.5582570294319702,0.9879915234283022,0.4802159603579621,0.7925409415950115,0.3707135384536818,0.4245197978619861,0.6685289803052538
1.0,0.894442502621461,0.7198136372657283,0.8777368302665423,0.5598445737976754,0.5402862398190961,0.9733929832823168,0.4528880999926039,0.7916518424649809,0.3755388206725044,0.4470186759256587,0.5704922126158729
1.0,0.8771991145287197,0.7168629474541071,0.8765998736683053,0.5596036993896355,0.5366681077712809,0.9500824111137272,0.3742030914873162,0.79151985344924,0.3955684713017456,0.42055669003689616,0.4108430350510315
1.0,0.8801118490038449,0.7128128117155649,0.8701302218884369,0.5611490758859624,0.0,0.9385448551919002,0.3357296057983876,0.7930255692102439,0.4188558947793716,0.36491144540097337,0.17915665282936571
1.0,0.9087731562390772,0.7085904661766401,0.8643283670417465,0.563893577419117,0.5056089835755568,0.9865311909262762,0.3907107462465794,0.7959520234538578,0.44645191603269707,0.3714298535283893,0.3384000749087049
1.0,0.8979377839916114,0.705205128221908,0.8623757591154622,0.5651734668906334,0.5762328666148847,0.9711720226843101,0.3865542489460833,0.7963787981600698,0.458311061512099,0.36428589619359053,0.2251006585723644
1.0,0.8787137364557848,0.7026924127262694,0.8646080537602345,0.5648054783932399,0.5719961068926523,0.9558964525407476,0.4330670808372159,0.7989088496502197,0.4761928504515405,0.423119805261216,0.1699803364649333
1.0,0.8650821391121986,0.7009789976513693,0.8673369614090662,0.5659420083956498,0.5108017935966508,0.9326462128475552,0.393358479402411,0.8022122591186684,0.4935205871539475,0.4269099103573339,0.003162992982109439
0.0,0.8733543050215543,0.6989507445111686,0.8689728960467729,0.5656862730732817,0.573408780033691,0.970757430488974,0.4745285112047925,0.8091351436179293,0.5301363455361616,0.4597358682252621,0.2255489021956108
1.0,0.8620528952580683,0.6962151861525371,0.8667557237600566,0.5641436346102809,0.5121468382731458,0.9470278044103546,0.4394571407440284,0.8130933388583157,0.5550162059235522,0.4692981567631591,0.1469917308240684
1.0,0.8649656297331935,0.6934572895644345,0.863384834741336,0.5612198711173975,0.523247544723498,0.9475071907957812,0.5238074106944753,0.8188306172027155,0.5973733045683387,0.5181520429269354,0.31074449201211
0.0,0.8657811953862287,0.6892625797131219,0.8536009589313448,0.5597952343838182,0.0,0.9664429530201339,0.5468826270246283,0.8203688314865631,0.620486476736959,0.5524997883970199,0.4800563850892756
0.0,0.8868693929861353,0.6850902273028717,0.8437266289809512,0.5614881911222901,0.5744547572985537,0.9866763565891472,0.5931218105169739,0.8209299664414895,0.6383130855070827,0.575322665343606,0.7239486416077403
1.0,0.8845392054060353,0.6805579665653624,0.8345725579611951,0.561280219923028,0.0,0.9858674463937622,0.5874491531691446,0.8197008169955609,0.6292743605525243,0.5687548346271672,0.6601693338295489
0.0,0.8823255272049398,0.6770097579826083,0.830710411036587,0.5596664720456186,0.4609773590426205,0.99317738791423,0.6267287922490941,0.8199857129247663,0.6259101496661064,0.5907244695526984,0.8279214737625615
0.0,0.88185948968892,0.6740982956294564,0.831271176296769,0.5602897977161552,0.6762716651350695,0.9965355110121256,0.6026033577398122,0.8193218187551652,0.6107163673461647,0.536513395510418,0.8919333829549662
1.0,0.8723057206105091,0.6709268977924986,0.8306751819677596,0.5607382868838781,0.5599324934755107,0.9937996031746033,0.5925375342060495,0.8178280612426712,0.5917454876418893,0.5166899862023207,0.942128768142908
1.0,0.8538972387277175,0.6695371198706036,0.8356871946050184,0.5612912748744995,0.5979005541984679,0.9854777070063692,0.601124177205828,0.8156396155150261,0.5862956126600134,0.5272292024424724,0.8085944830174507
1.0,0.8396830944891065,0.667605648629371,0.8366856270012385,0.5557126361275035,0.5156734249878161,0.9870063694267516,0.5821980622735005,0.8133796296083801,0.5943602498082637,0.4940239356554943,0.8437324075811578
1.0,0.834323663054876,0.6636844266442238,0.8298522208707398,0.5551182714053854,0.5647301984458118,0.9981689772430029,0.5818948302640338,0.8124083682159307,0.6170488056585304,0.4940705225738165,0.7421655094764492
1.0,0.8403821507631364,0.6588563126972627,0.8189155240745823,0.5585286475634765,0.6015977777736338,0.972346589412694,0.5340285481843058,0.8104052160328845,0.624700221691714,0.4784094460026543,0.7122349408894718
1.0,0.8325760223698008,0.6546706936695116,0.809064982673634,0.560172828720788,0.0,0.963128785883592,0.5839878707196213,0.808280662070666,0.6255466135586611,0.4800969570294613,0.7382248076562196
1.0,0.8388675288360713,0.6520135879324104,0.8016762002493354,0.5607211908946481,0.6450972402983527,0.9973390101117614,0.6629761112343757,0.8042226220984721,0.631668914171541,0.5187502614467978,0.9973728654531788
1.0,0.8183618781311894,0.6488639592757285,0.7959221409171805,0.5581532612641201,0.5354275642332755,0.9977464788732392,0.6633311145625329,0.7981493896884313,0.6248086735282217,0.5196848339861626,0.9555119118777252
1.0,0.799953396248398,0.6456830816804812,0.7912290295592548,0.5570914644112119,0.5349653869691254,0.9553924336533032,0.6690333555210413,0.7919559153499709,0.6026144401310909,0.5251271550093154,0.9917447676394899
1.0,0.7814284049866014,0.6426539874888114,0.7910938793703585,0.5578279671675683,0.5322016674458999,0.9113495200451722,0.7015753272686938,0.7861459925142076,0.563729987534229,0.5519214222644839,0.9991421021927868
1.0,0.7697774670861004,0.6401421204346941,0.7906590041196327,0.5564850325373495,0.5311278203108029,0.8721061547148503,0.653583314843577,0.7816091226263129,0.5348518773381196,0.5151744054972408,0.774492700394823
1.0,0.7655831294419202,0.6378975627763638,0.7879800625721132,0.5587797541543917,0.5427650341780754,0.8695652173913045,0.6463649138377341,0.7800806272921743,0.544198428775764,0.5021805180301468,0.8267376733082369
1.0,0.7497378538972386,0.6360851235730068,0.7854473535699606,0.5596271291406884,0.5257364935134354,0.8337097684923771,0.6615560979217519,0.7786392457068751,0.5443013369943439,0.515940578837562,0.751813423928016
1.0,0.7516020039613189,0.6338811191205865,0.7810575396923586,0.5600063410250602,0.5524031169087249,0.8390739695087526,0.6597441017676203,0.7775345138432956,0.5471994516200823,0.5115788146581466,0.8294922413001558
1.0,0.7660491669579401,0.6314478293622278,0.7775960734509657,0.5598201351318448,0.5359627203930274,0.8653303218520612,0.6431994674950074,0.7748588271086105,0.5222946632405123,0.5429831856300429,0.8088329813607562
1.0,0.7520680414773391,0.6286734465954168,0.7725038563509201,0.5576191486078104,0.5263972840384137,0.8289102202145684,0.7079505953701651,0.7720073667636127,0.4939785747478895,0.5403941381494961,0.8125975576163816
1.0,0.7562623791215193,0.626758126044319,0.7718313814190676,0.5549793163150967,0.5382677378281113,0.8354037267080746,0.6846165224465643,0.7688756121960338,0.4744457801041313,0.5719054330938398,0.7846661680893311
0.0,0.7689619014330654,0.6248471869936469,0.7704315752258789,0.5572798233440807,0.5323342512382402,0.8757763975155283,0.650166407810073,0.7682270619337785,0.4599500212210966,0.5795795840091579,0.769089924439745
0.0,0.7768845392054059,0.6223629761212911,0.7712000047224167,0.5554361463489845,0.537380039849259,0.8941276115189158,0.6138081502847428,0.7684281934175667,0.4591609374960735,0.5926655205678429,0.7251205611573888
0.0,0.7913317022020272,0.6202400780117475,0.7717047642718642,0.5553345915425809,0.5320366801484172,0.9164313946922644,0.6119961541306116,0.7702181002557584,0.44563284038727735,0.5896438107685893,0.8447275446785463
0.0,0.7909821740650123,0.6174168413469251,0.7720553339337058,0.5536017615940628,0.5322539223766498,0.9387351778656128,0.5545151985799871,0.7702244794764288,0.4432828527037286,0.5363519302354607,0.9076514428656174
0.0,0.7958755679832228,0.6148977121949576,0.7685831868751256,0.5551566847654672,0.5328444546952309,0.9347826086956528,0.5087567487611862,0.7674430642740147,0.424969761446636,0.5506805776844798,0.7999329499445547
0.0,0.7984387743213328,0.6115954905126081,0.7633124387904178,0.5520387711238937,0.0,0.94042913608131,0.595421936247319,0.7639328345115974,0.3950669263677074,0.5666492445350451,0.8852412512571884
0.0,0.8155656530350692,0.6085032122508979,0.7574308398985713,0.5557803976430887,0.4576789555798481,0.9847454896451916,0.5984394645366466,0.7586786331415865,0.3516003539352488,0.5689418549774802,0.8409191800496145
0.0,0.8139345217289992,0.6053178432410938,0.7560829847892828,0.5559685742078516,0.5005671679851534,0.9927849927849928,0.6209082168478663,0.7540547630238326,0.32386138183245183,0.5877780516083727,0.9932628280454371
0.0,0.8043807526505884,0.6030209184039889,0.7574960598791598,0.5577195681847804,0.5348887915898428,0.9927909371781668,0.6192367428444641,0.7475502887566474,0.2800509095318641,0.5876982030686534,0.9773438939031126
1.0,0.7760689735523709,0.600988534551271,0.7625796357173639,0.5544122385435232,0.5017598502932207,0.9841075794621024,0.5749204940462989,0.7402361302295517,0.2237787080246418,0.6045581791112958,0.8190581445324503
1.0,0.7683793545380404,0.5994465682447031,0.7644398632888822,0.5533355927801054,0.4709811017933114,0.9718440594059408,0.6383477553435397,0.7348614831101359,0.18899966252144376,0.647008228949677,0.7494013630502849
1.0,0.7541652102994292,0.5973627573869261,0.7617381190541443,0.5536526212920346,0.5020581784033571,0.9461633663366338,0.6368389911988759,0.7310145840985347,0.17669827472078048,0.6466609026634993,0.6541413397187942
1.0,0.7416987067458931,0.5953872878280134,0.7600329734607764,0.5546116366710663,0.491575908402089,0.9207920792079208,0.5017972043487907,0.7298357956202175,0.1869421133613287,0.5967685373727271,0.4248787376435185
1.0,0.7458930443900735,0.5934348603175063,0.7612417176483698,0.5519723677680726,0.5000211272980895,0.927289603960396,0.4763700909696026,0.731206350993385,0.2031656327431723,0.6297178755213705,0.3768035856818317
1.0,0.7477571944541536,0.5916400240462282,0.7652339527191225,0.5518963063257473,0.4882776275455222,0.9412128712871284,0.5397529768508244,0.7307557988974476,0.2052342061439765,0.6227432394637058,0.4591698900963953
1.0,0.7276010718862869,0.590114552800706,0.7648763203996659,0.5510186285244624,0.48729383862878906,0.9019183168316832,0.5444123955328746,0.7307208580725082,0.2194324441766018,0.625971365637612,0.3209615030392331
1.0,0.7348246533845975,0.5885497678571731,0.7663908437489552,0.5523872349137209,0.4930501592667837,0.927289603960396,0.4765623844390208,0.731876879470041,0.2218800005198737,0.5824836307577068,0.4063977405292571
0.0,0.7349411627636024,0.5860515108990073,0.7641923547442083,0.552330797836686,0.4869222028820655,0.9291460396039602,0.5410842393314106,0.7344189915398884,0.23095301149988,0.5721399348394468,0.4543500951679256
1.0,0.7361062565536525,0.5828749928297806,0.764121192042338,0.5529084398421865,0.4542565378114104,0.9226485148514852,0.4363508616226608,0.7364486864329742,0.2210364564603394,0.557571644306621,0.189353472094308
0.0,0.7482232319701736,0.5794030784433822,0.7607336655935119,0.5522711691825433,0.4712924352684598,0.9412128712871284,0.3393683899119887,0.7407042894275968,0.23324867395015175,0.5090941907280292,0.16991044020380394
0.0,0.7569614353955494,0.5760973902485925,0.7605741466832637,0.5507411556511002,0.4898067185820558,0.9566831683168316,0.4810073219436434,0.7469678093725678,0.27947238263683044,0.5395713343680885,0.2982056394189688
0.0,0.7608062449027146,0.5731510310177524,0.7595808379725352,0.5479391706366109,0.5229569234124274,0.9662747524752474,0.4044301456992821,0.7510926752079337,0.3169325502449177,0.5051718978360406,0.3998227792018722
0.0,0.7646510544098801,0.5704679977866388,0.7606644856400261,0.5488064655434026,0.5607669413414379,0.9771039603960398,0.3520227793802229,0.7573702087551364,0.3673134241378492,0.4851026339065171,0.4811569521507434
0.0,0.7661656763369451,0.5676552937126992,0.7580002438936075,0.5490115683851513,0.0,0.9836014851485148,0.4271651505066193,0.7602583353787521,0.38719647437462507,0.5164352865591826,0.6269274248247788
0.0,0.7708260514971456,0.5658259201422636,0.7616583303004164,0.5464150991407063,0.5607457290526734,0.9938118811881186,0.4540936321278011,0.7589543419859701,0.3854281126865379,0.4788730992536255,0.6723716934207553
1.0,0.7437958755679832,0.5639485974654476,0.7615620818280251,0.5429683890098042,0.4925546756031808,0.9834183673469384,0.3284224539605056,0.7564850610115026,0.3932267906137277,0.4692324317700433,0.4822292561609759
1.0,0.7331935220785273,0.5625010864822678,0.7647865592400679,0.5446150503641628,0.5716576361833513,0.957908163265306,0.3132164780711487,0.7573840243769911,0.4251945927264403,0.4601716097190068,0.3864197023271108
1.0,0.7327274845625071,0.5601318401197121,0.7649869546539794,0.5442720659277268,0.4476942743770645,0.9883555062944536,0.3372457658457215,0.7578007905469528,0.4525439007714184,0.4212379934966111,0.4438985280815719
1.0,0.7158336246067809,0.5574240869808506,0.7675145829070378,0.5449794016744944,0.5543490863823508,0.9778610354223432,0.2931661859329928,0.7582259227406938,0.4859894492534678,0.3941661094194242,0.3210673464353257
1.0,0.7171152277758359,0.5547535411581416,0.7702511531687017,0.5454292363436267,0.5569060254664852,0.9886049723756908,0.2558686487685817,0.7603818920043572,0.5258578757086907,0.3804891836147216,0.29444712871995765
1.0,0.6886869392986135,0.5522162854883533,0.7750198103866831,0.5402027349548222,0.5411380944838183,0.9289520426287744,0.19946749500776567,0.7613121684785957,0.5315938537566117,0.339850162955471,0.10037400905495553
1.0,0.6813468484212979,0.5500960356960826,0.7797822557611357,0.5421797343851877,0.5565046806807783,0.9122557726465366,0.24305894534427894,0.76508491570936,0.5263510840038603,0.3670758796757832,0.04849591095363345
1.0,0.6808808109052781,0.5482565303016594,0.781774758199597,0.5422788253892471,0.5591209180496988,0.904795737122558,0.3362029435692627,0.7700029054918229,0.5253343518812661,0.3617693110127056,0.2416026914335817
1.0,0.6696959105207969,0.5467896290745727,0.7821339604793153,0.5434667351108884,0.5623664940708888,0.8767317939609236,0.3793210561349015,0.7721798560284174,0.5150530976189887,0.338198187834287,0.27510244984878585
1.0,0.6465105440988,0.5455257068489495,0.7814006826125108,0.5415224205786247,0.5705311937137056,0.8241563055062169,0.3732712077509061,0.7733414573988411,0.4947514421112375,0.33370138398370386,0.16483654953917082
1.0,0.6304322497961086,0.5445687472206441,0.7824528153979301,0.5382630831215757,0.5517125074356012,0.7719360568383657,0.3734782930256639,0.7764144517115876,0.4585491315244917,0.33281345546373403,0.0724546370967742
1.0,0.6572294069672608,0.5427758359780316,0.7795422817570501,0.5449049351979299,0.5624926985921949,0.8618117229129664,0.5087715405665263,0.7834600455541596,0.4737704500112601,0.3534366132440808,0.18067748881895024
1.0,0.6376558312944193,0.5414082750302524,0.7809121849880861,0.54134009896417,0.543937919837579,0.7829484902309058,0.4127801198136231,0.7878184483281898,0.4893502888809826,0.3498113554325332,0.03238363425542461
1.0,0.6489572410579052,0.5389525534457956,0.7812580060943957,0.5433635105058401,0.5477654757033171,0.8440497335701598,0.4345684490792103,0.7971802762287123,0.538732991164935,0.3610796937721281,0.06986771411802044
0.0,0.6872888267505535,0.5361941378308385,0.7799592410994176,0.5501607287341489,0.5436325627392954,0.9190053285968028,0.5092522742400708,0.8035360936354248,0.5768117432989791,0.4032413478644423,0.3868346200731419
0.0,0.6687638354887568,0.5319533261700794,0.773074041840926,0.5470416209682379,0.5472550656050652,0.8426287744227353,0.44144663856223615,0.8037722192737099,0.5832293130231085,0.3553364532312429,0.04602916610230779
0.0,0.6842595828964231,0.5292349153030006,0.7698668097974416,0.5476554836287214,0.5189089545419795,0.8785079928952042,0.6050883810369061,0.8090568648922609,0.6082867868166315,0.4219828874436368,0.35225066594428805
0.0,0.7070954211814051,0.5266519924697987,0.7689048377007806,0.5500596242651832,0.5371734868772063,0.9477797513321492,0.6856519488203536,0.8110828968470631,0.6149351816244715,0.5028303301021824,0.6224434511716108
0.0,0.7005708959571246,0.5238693872527364,0.7657522964686215,0.5490828945854416,0.5551254433224411,0.9193605683836592,0.6636417424746689,0.8097221275628972,0.6182986292318343,0.4764983946829152,0.6236173190663229
1.0,0.6971921239659793,0.5208521031850061,0.7628347685731371,0.5486413528666225,0.5248436932265553,0.9026642984014208,0.6817617040159751,0.8082510082501988,0.6332196931501942,0.4888899719988621,0.5867985010609965
0.0,0.7139694745427008,0.5185339833155768,0.7605249957746348,0.549665732221464,0.5229724016777524,0.941385435168739,0.7418977886251019,0.8053453082129214,0.6302504051828204,0.5622121313563985,0.780531852453835
0.0,0.706396364907375,0.514533544845115,0.7560456012653107,0.550822269558992,0.5285996128012589,0.9321492007104796,0.7947563050070259,0.7984455055537156,0.6143051403358295,0.5940853694344511,0.796060393960603
0.0,0.7356402190376325,0.5115243151509677,0.7520418439304446,0.5558923091101985,0.0,0.9634103019538188,0.854944160934842,0.7906312870664622,0.5865822367884984,0.6257814786343822,0.8190052169184493
0.0,0.7320284282884773,0.5079772768856546,0.7472018831461127,0.5537227558695291,0.5438226655605538,0.9754360982556072,0.8629613194290366,0.7820710501855572,0.5581509089499573,0.6296278188954173,0.8252735731603437
0.0,0.7278340906442969,0.505903995982658,0.7440459703364282,0.5564613910631845,0.5327376040052235,0.967511602998929,0.9604984838399528,0.7728491014546066,0.5151336710256856,0.6661590631596839,0.9682920024289776
0.0,0.7378538972387277,0.5031202481992149,0.7354288271489746,0.5555081316265552,0.6173258607436535,0.9978486912872,1.0,0.7631853556010022,0.4793014570015214,0.6834386093236637,1.0
0.0,0.7234067342421064,0.4997748365025475,0.7277903728338126,0.5529431252748974,0.5591443058474231,0.9796296296296296,0.8129576214777016,0.7555333827801156,0.4525623251943265,0.5452587797661113,0.9852430016758746
1.0,0.7213095654200163,0.4966374920533744,0.7227747585200691,0.5530313847225251,0.0,0.96,0.7476739886103098,0.7505715039679395,0.4391791404731476,0.5446297798613264,0.9911473144711682
1.0,0.7280671094023069,0.493226668140326,0.7186923900225641,0.5512494655032341,0.5658266377464604,0.9766666666666662,0.7976776865616448,0.7457870943503053,0.4338203773157588,0.5685608483593668,0.9875301483039975
1.0,0.7147850401957357,0.4899939867169415,0.7129963837697799,0.5492942031687884,0.5681293296724973,0.9297819368454256,0.643169883884328,0.7418327816878048,0.4381753692376968,0.5220972636987421,0.931280836089056
1.0,0.6990562740300594,0.4870933231085731,0.7069974016490609,0.5461844654008559,0.5680707873235048,0.8760828992974062,0.524842837068264,0.7420160272735923,0.4774239023035446,0.5121039334089289,0.8400325381527523
1.0,0.6976581614819993,0.4846984590907676,0.6991987826505691,0.5459515742759553,0.5554755882302725,0.8700746153759497,0.4571925153464983,0.7412462475853743,0.5075035988544812,0.529001769090226,0.7279881165007341
1.0,0.6992892927880694,0.4826701912194343,0.6902933499355173,0.5465598955353382,0.5686193283253254,0.8681970266504941,0.5200798757488353,0.7418829473325261,0.5331189454716116,0.510050897057233,0.8308546570231132
1.0,0.6943958988698591,0.4804169341709995,0.6798168445174902,0.5484636668196514,0.5572038103089597,0.8625642604741287,0.4972487242067896,0.7402013513902552,0.5419385767617396,0.4987618845314497,0.8765318573272741
1.0,0.6974251427239893,0.4780573908103801,0.6715855341950142,0.5457332388459813,0.5743979299154722,0.8629397782192197,0.5054507802677319,0.736501912589212,0.5273840595487312,0.5027785881427189,0.9882357286645614
1.0,0.6918326925317488,0.4752376133988728,0.6630867722582928,0.5449988022129473,0.5750023757303423,0.8332738763570272,0.5313216478071149,0.7307846016993849,0.503047491442891,0.5154029937155833,0.8745864274685693
1.0,0.6816963765583129,0.4731382785856441,0.6586583075078867,0.5430459792261148,0.5760635462130799,0.7955934065523416,0.4411434065527695,0.7267611727951435,0.485190284366609,0.5203117381881213,0.717226674509227
1.0,0.6770360013981125,0.4710712412172174,0.6567271658746565,0.5447517948969395,0.5707742009173453,0.7941096386036501,0.4039272243177279,0.7266456180826533,0.4848518729257934,0.5037168167723023,0.7323336560062828
1.0,0.6766864732610975,0.4677961298750834,0.6522110667120242,0.5452722600463185,0.5744505715770554,0.7769517976568356,0.4504030766955107,0.7252884241262822,0.4792324644813454,0.4761832689736281,0.7857012717268521
1.0,0.6741232669229873,0.4644222416473477,0.6473183447516959,0.5466689421319264,0.5889983002437449,0.7285692714774654,0.4412765328008283,0.7213118288292379,0.4535925347955001,0.4711787036025809,0.7113471559231871
1.0,0.6853081673074684,0.4611559456963649,0.6423039592784345,0.5496722872204688,0.5594171701171904,0.7741278689567657,0.454907181421492,0.7187990943346934,0.445341510835696,0.4283211980891188,0.7195641875888201
0.0,0.7262029593382268,0.4592246128864434,0.6372645710894335,0.5584581207585747,0.5847155284231833,0.8791123333769296,0.4046076473633607,0.7149657788920076,0.4325348821397901,0.4010593534236885,0.5806763108989547
0.0,0.7022020272631947,0.4561289171905872,0.6293301461872124,0.5565080655731263,0.5671263909372753,0.8130081300813009,0.40423785222986464,0.7141739254206609,0.4380713378013825,0.3995506603988375,0.4241518784389468
1.0,0.6954444832809041,0.454264539869432,0.6215737003981461,0.5557133065950852,0.5601146157186172,0.7790603108562333,0.38407662155166056,0.7158277421768746,0.4477646673471671,0.4380472154112123,0.4041285573734651
1.0,0.6729581731329373,0.4522602573664803,0.6154898155550265,0.5530941221647194,0.5769654739818136,0.7246098590221957,0.352814140965905,0.7193937371516991,0.4628177783957765,0.4171456592693963,0.27096162955945113
1.0,0.670627985552837,0.450787176195994,0.6118780902202957,0.5527370061625693,0.5723813659972058,0.7134405355690597,0.3022483544116558,0.7260645036078865,0.4980042762611978,0.3797544090697534,0.000246984728110754
1.0,0.6932308050798089,0.4485699116055154,0.6077468935295158,0.5563489801541209,0.5758671562094824,0.7781255283834659,0.4066415205975889,0.7373230238171942,0.5581025424342951,0.4342462282585805,0.2495730494794721
1.0,0.7038331585692649,0.4461409194157452,0.604256042080523,0.5562527261807932,0.5740722776738317,0.7957239327947992,0.446128244952296,0.7435785384388847,0.6053352013745908,0.4587350781280064,0.4138963621476199
1.0,0.6885704299196086,0.44376645328547626,0.596217975228721,0.5528321481007198,0.5802658438973771,0.7498300546240669,0.3865616448487537,0.7470769309071372,0.6370624556056129,0.4065163738068646,0.0005308597133359074
0.0,0.728300128160317,0.44213938477950604,0.590765717682184,0.5635651461919884,0.5658760607097375,0.8674978174527862,0.5265734782930256,0.7541590049487976,0.6841953990088396,0.4663980284879597,0.12230532336119762
0.0,0.7493883257602236,0.4402429585516871,0.5834892987266755,0.5699813172451954,0.566280757971725,0.9344407675664858,0.6266696250277347,0.7557590726337273,0.6911996315213185,0.5176617130677823,0.6255856003945106
0.0,0.7383199347547478,0.43792546425172063,0.5776178100460752,0.5701577906231998,0.5730430790694947,0.9116663618577014,0.6832334886472892,0.7528531994162582,0.6684428910553709,0.5201417514807789,0.7823232672241031
0.0,0.7486892694861937,0.4352678976527053,0.5710563349929941,0.5698582288709141,0.588870438582721,0.9396167688639367,0.7188373641002884,0.7495574553445392,0.6490963808073549,0.546516163527969,0.7509078309078315
0.0,0.7578935104275893,0.4325757022386728,0.5690869497809631,0.5692866399380393,0.5784030751525254,0.9565250397689432,0.7364322165520302,0.7474677000036878,0.6256285125073107,0.5693117601933322,0.9102425292334346
0.0,0.7594081323546547,0.4300083112447933,0.5689117289296096,0.5685796671234895,0.5892206307509325,0.9751586444397672,0.7567487611863031,0.7443038561916373,0.6088277248180959,0.6014177295248768,0.9869532265049812
0.0,0.7477571944541537,0.4284375341795735,0.5711573616054327,0.5692445394474902,0.5806953694639911,0.945827970420878,0.6951852673618819,0.7396072930415805,0.5717363706488352,0.5602817264560079,0.7317832394976197
0.0,0.7437958755679832,0.426278626542114,0.5709624097448472,0.565871682766516,0.0,0.9610109075600676,0.7030619037053473,0.7379451689978886,0.5737884922848965,0.5721079925789269,0.8300941966219153
0.0,0.7577770010485845,0.4237883598207096,0.5699783489345001,0.5667273606919442,0.5593430782822004,0.9955001730702668,0.7423045632719474,0.7353660590084543,0.5706526628099853,0.6512250214566662,0.9954255088783036
0.0,0.7552137947104742,0.4205069256585671,0.5666491078578579,0.5663846649887407,0.5724506971200409,0.9844236760124612,0.7024110642703938,0.7297560549219901,0.5619289760918302,0.6465379877985588,1.0
1.0,0.7481067225911686,0.4179866926384049,0.564127874535946,0.5678933581298832,0.4766045909142727,0.9695396330910352,0.6829746320538423,0.7249413631446733,0.5550958327060183,0.6316988813012521,0.9934572779685186
0.0,0.7455435162530584,0.41553023535106137,0.5615541648933775,0.5659271059839521,0.0,0.9768085842852198,0.6613194290363142,0.7195350263958613,0.5412679694689697,0.6473898792465042,0.9618606484675284
0.0,0.7499708726552488,0.41254788767061423,0.5574728616213138,0.5636574136202261,0.478350785410232,0.9868466597438562,0.6893942755713336,0.7134843860962838,0.5270293837895003,0.6704190306411408,0.9819536937993842
1.0,0.7379704066177328,0.4096042395865301,0.5544251543348289,0.5616453021086423,0.5830981960325559,0.9587447108603668,0.6615708897270913,0.7068416515370772,0.5021758904312382,0.6503092812171336,0.7568491877625371
1.0,0.7375043691017127,0.40612983876583203,0.5493860468785521,0.5600843064120931,0.6027842102715526,0.9989177489177492,0.6696989867613339,0.7031321476057968,0.4933843860399015,0.6653570349270143,0.9673544810594392
1.0,0.7356402190376325,0.4026639241445943,0.5438188489020231,0.561086334265333,0.6380868197390354,0.998132935026139,0.6551512462095997,0.6995859726068225,0.4791957933922689,0.6535530011003621,0.8551203184367657
1.0,0.7243388092741465,0.3986163918862139,0.5352830863278113,0.5589702105530855,0.4934813774837865,0.9996090695856138,0.6292286073515273,0.6962636096235757,0.4678745493762009,0.6617070865201555,0.7902133639964233
1.0,0.7146685308167308,0.3961214399692243,0.5322174538574254,0.5570828618901538,0.5981563466993408,0.9646920360925856,0.6648546705125362,0.6934732093167799,0.4512281682996856,0.666420057078287,0.8916570844512599
1.0,0.7079109868344402,0.3938486180218297,0.5287367311108906,0.5571690785211946,0.5900412126240465,0.9965524234435206,0.6797943939057766,0.6885902620248228,0.4229914978217226,0.6494574468151346,0.975978534009117
1.0,0.6998718396830945,0.3919084736634032,0.5250404468701045,0.5555268501449101,0.5589259020643327,0.9941447093266416,0.6846461060572443,0.6827558159478886,0.3859095032872221,0.6547074646233662,0.9757435501842808
1.0,0.6856576954444834,0.3889920551806477,0.5145089692887304,0.5552870060870859,0.5940357322060139,0.9506482643245504,0.6748835145329488,0.677223545124882,0.3614335662285616,0.6471346057141054,0.9665410528719882
1.0,0.6829779797273681,0.38582876771978136,0.5020010247001475,0.5554782291339379,0.5500414560570329,0.9208899876390604,0.6572738702758674,0.6739086564756394,0.3551819812661463,0.6313267010405658,0.9907892439322502
1.0,0.6714435512058721,0.383086446693704,0.491696788518849,0.5534804322484945,0.5468934710305446,0.8590852904820765,0.5693661711411878,0.6718446276770311,0.3588342530635526,0.5346188434157866,0.8577878103837466
1.0,0.6627053477804963,0.38055747184719896,0.4852336134901655,0.5532933342615282,0.5581231851391221,0.8487845076225793,0.49457140744027794,0.6712272794267502,0.3610811072667118,0.4744123287143632,0.4975745641419715
1.0,0.6743562856809974,0.3797255358119247,0.4879911529581529,0.5538694962170337,0.5672067713117604,0.868562010712814,0.5364839878707196,0.6745604420234068,0.3863150600336414,0.4918942966633243,0.6556361365928616
1.0,0.6653850634976115,0.3782271580399221,0.4874420051815002,0.5483193846175854,0.5561731878140095,0.8829831067161102,0.42792692848162095,0.6760355666949598,0.39885022291598,0.3567312235141962,0.610849266340594
1.0,0.6625888384014913,0.3771279120433407,0.4879984206234657,0.547713016530653,0.5762859927965829,0.8710341985990935,0.42927298276754666,0.6791743974157469,0.4375856036162529,0.3582174845315946,0.49209378407851706
0.0,0.6686473261097519,0.375104032502674,0.4855194733036614,0.5460910138316881,0.5895833370340401,0.8891635764318085,0.4198653945714075,0.6799759040064846,0.4497697083954453,0.3504662925643484,0.5920704159526411
0.0,0.6655015728766166,0.3727754438693712,0.4851616354820673,0.5484610872132012,0.5806287198126163,0.8854552946023897,0.4435100954071444,0.6804075693073162,0.4597980731677137,0.33155281346346416,0.5763053655023409
0.0,0.6782010951881626,0.3709078154218708,0.4849506482717033,0.5491653955016763,0.5789886838446138,0.9196538936959208,0.4544634272612975,0.6793053829701967,0.4531470212212033,0.3415452486171422,0.6532949225783227
0.0,0.6840265641384131,0.3691028693812588,0.4862267319395896,0.550299254374874,0.5811558195456676,0.9555006180469714,0.4769617631831965,0.6775935795096135,0.4437631741926722,0.36713222548267216,0.6454087144400437
0.0,0.6772690201561226,0.3672855959872171,0.4876059889255431,0.5510764249713344,0.5580384183692794,0.9480840543881331,0.4975075808002365,0.6755966783524411,0.4404486151852151,0.33903683882328084,0.7007202016564632
0.0,0.6733077012699523,0.3650109234766163,0.4835601580484888,0.5503176400543086,0.5786938826186911,0.9291306139266584,0.4625471488795209,0.6721753119098679,0.4266665196411865,0.3478553948380029,0.5344256391789699
0.0,0.6756378888500525,0.3601773674492482,0.4699203111349746,0.5474096400520821,0.5790125960789947,0.9332509270704572,0.4818800384586939,0.670828039713401,0.426423954215988,0.3705675207414989,0.3623334533669426
0.0,0.7056973086333451,0.35557147083449114,0.4594982119994315,0.5549973222070282,0.5670528035779053,0.950144210960033,0.4682419939353598,0.6708059380131204,0.4253060864772353,0.35728298591940444,0.3813467770975879
1.0,0.7042991960852849,0.3509922400069301,0.4531969787915454,0.5541591424791722,0.0,0.9516456724908572,0.4599881665557282,0.6718744770274163,0.4353912238595539,0.3954056048536481,0.3411955347497301
0.0,0.7126878713736455,0.3475129626429494,0.4496545222863142,0.5568173254435148,0.567411435194415,0.9833401056481104,0.4772280156793134,0.6729113051325948,0.4456775350194714,0.3653214486445578,0.4053655023406546
0.0,0.7214260747990213,0.3433354925971369,0.44046312185864345,0.5607483935469262,0.6112220216353276,0.98508064516129,0.466252496117151,0.6743017177492001,0.4632138163080058,0.3518492749665627,0.317680950666186
0.0,0.7175812652918561,0.33883122829698953,0.4313342313668941,0.5606387603424421,0.6252526335424919,0.9766599597585514,0.4214555136454405,0.6763319475730272,0.4827811661373128,0.3573443439226877,0.3056175729204175
1.0,0.7169987183968309,0.3347964645879219,0.4230692371504464,0.5610179068033208,0.5849841078742083,0.9644830307813732,0.4145403446490643,0.6792353878083377,0.5069211258816093,0.34761169550437626,0.18602808786460165
1.0,0.7126878713736455,0.3308099538388407,0.4168097003724045,0.5613880734147096,0.6704454847300528,0.9267113095238096,0.3949042230604246,0.6821202999752289,0.5267603962294606,0.3699569948092287,0.11776194437411833
1.0,0.7146685308167308,0.3255532155886561,0.4062910911739572,0.5625870279203569,0.5845218494521185,0.9188988095238096,0.41393388063013065,0.6858501459752588,0.5524226076556883,0.3958819549417572,0.047679617637989086
1.0,0.7396015379238028,0.3230520216329065,0.4055518443544525,0.5687552461121751,0.0,0.9500372856077552,0.4948672435470749,0.6898859389237941,0.5808874283849392,0.434346112099336,0.31273109407231525
1.0,0.717464755912851,0.3207704951990419,0.40709109622869866,0.5552699376726451,0.6128178892627698,0.9547280029207741,0.5151172250573183,0.6925420353471201,0.6066416331360786,0.40758275898659735,0.2552348893619128
1.0,0.7145520214377257,0.3208691053264717,0.4184877488358424,0.5546862150006859,0.0,0.964578672632364,0.4774277050514015,0.6946518827161037,0.630120405964569,0.413257828654886,0.13761694965595644
0.0,0.7133869276476756,0.319824602827839,0.42618005878958376,0.5524486799393773,0.477486520304704,0.9958568738229756,0.6094667554174986,0.6980289953557257,0.6604631591304728,0.5491565590151701,0.8622478087236142
0.0,0.6968425958289642,0.31852805081424784,0.4318044955923781,0.5493136112632913,0.0,0.9877815960290186,0.5999852081946603,0.6950303756642873,0.6618556154526565,0.5383132383153408,0.7956018878688872
0.0,0.7010369334731446,0.3166855642455635,0.4362756045413756,0.5470250206569478,0.4106802404878598,0.9946544482626956,0.6598180607943198,0.6926659265001303,0.6688401317359761,0.5859398081909447,0.9950547852225348
1.0,0.6963765583129442,0.3141283476651242,0.4401400217387387,0.5495844620370013,0.5514078266673573,0.998057498057498,0.6485984764440501,0.6889187328670137,0.6782276960114791,0.574883299848958,0.9310361469041072
1.0,0.6827449609693581,0.3117960982916942,0.4420824746839487,0.5494923396189416,0.6062490147587517,0.9832935560859188,0.6340285481843059,0.6861254804693937,0.6889201927417692,0.5373593870965082,0.9665061390949704
1.0,0.6560656836461125,0.6686455289193911,0.11333537383575255,0.465099793094896,0.4905450756229729,0.7944113740345355,0.4678574069965236,0.9659562272182702,0.5377748420304204,0.4763144021271154,0.743230347131098
1.0,0.6236930294906164,0.6660270670026613,0.10410594977286468,0.4617737710291427,0.4814319523879527,0.6976927239632014,0.38613268249389865,0.9642331834655355,0.5297164572990556,0.4679265584766255,0.4611734889340781
1.0,0.6492292225201072,0.6622360978211193,0.08973950098964784,0.4656353835786702,0.4814507292223095,0.6726029418999362,0.3628060054729676,0.9644842521509064,0.5302891310432448,0.447770734113793,0.3181794026995425
1.0,0.652680965147453,0.6584319610255218,0.07564062253103028,0.4663348466798142,0.5105912023000816,0.6654574960622403,0.3565268841062049,0.9659746458570416,0.5249281444849738,0.4402084269306477,0.1321872675098308
1.0,0.6866957104557639,0.6583974161166508,0.07372587312999268,0.46657900821183895,0.5026247285686413,0.759290098491697,0.4434657199911249,0.9700291152895296,0.5456550005470402,0.4974789495067221,0.4573280901264736
1.0,0.6675268096514744,0.658119653311128,0.06771627311316994,0.4674246184696715,0.497148885425012,0.7520578579245373,0.4626506915169,0.9710197879650908,0.5591668851349085,0.4623678411102949,0.5150653629503669
0.0,0.6725536193029491,0.6576378883004095,0.04179217781015132,0.4682029147043274,0.4881732753098734,0.7457772279583197,0.4097330079136154,0.9692947052329804,0.5627074829108304,0.4091881204449082,0.31594749707726555
0.0,0.6679289544235923,0.6577938839399693,0.02315775301682516,0.4679152585851712,0.4880276346351108,0.7189418090117522,0.4508468308557063,0.9689668322638608,0.5887988901685037,0.45033694049727613,0.08261363636363615
0.0,0.6514410187667559,0.6586889394276487,0.00939467236142949,0.4650160479562549,0.5024819265414742,0.7436836846362469,0.5735892315657123,0.971742937248634,0.5841647919937369,0.5063967400093614,0.09259326660600399
0.0,0.6614611260053618,0.6590527943011506,0.01765495836003766,0.4661068426640449,0.5043834327582846,0.7763239282485608,0.5699504474521119,0.9735570925936892,0.5651596984925521,0.5023443119577018,0.4446663104311396
1.0,0.6541890080428954,0.6611292840040546,0.0284680909072893,0.4657543873292889,0.5033859978109941,0.7240805062568397,0.5518009023001261,0.9740261188170138,0.5219906760836556,0.488313960957441,0.3324239952751934
0.0,0.646112600536193,0.6638133338623744,0.041663980923125454,0.4631404863014691,0.4908341525089757,0.8445544083361091,0.6965017380371276,0.9750517675573388,0.4837327955346808,0.5699328416400281,0.6260370672441431
0.0,0.6121313672922251,0.66692923330565,0.04831507232181431,0.4631911135038848,0.4986274954497877,0.7681400770804586,0.6901264699356552,0.9725084252467744,0.4419990758963581,0.5660015974645474,0.6763270084601607
0.0,0.6039879356568364,0.6656168899554538,0.03869594532422438,0.4660824177495483,0.5052791301565918,0.7470143217395444,0.6240736631905931,0.9709501354078494,0.4091012019727495,0.5637483105514669,0.5099953612688036
0.0,0.6304289544235924,0.6634435637266412,0.02283851909292633,0.4655511867575655,0.4996154743372601,0.7812723033734595,0.7231121958435025,0.974774305433501,0.4329067800699423,0.6268026954506941,0.6929380839831234
0.0,0.6454423592493297,0.6624761507189243,0.019197839471229383,0.4635831514594938,0.5089733451694776,0.807346433839273,0.595688188743436,0.9752932321397648,0.4320019588883568,0.5229377710834663,0.6651940535883886
1.0,0.6319034852546916,0.6623494060491952,0.018623159983995663,0.4614567017519797,0.5001351450411564,0.8243802635961366,0.6381184823607725,0.9770926377369497,0.4553875303831586,0.5653036582118603,0.798502352499392
0.0,0.6290214477211795,0.6622652570754549,0.022236113507366484,0.461205806136405,0.4978121479594144,0.8128657753247368,0.6818208712373344,0.9746702867213192,0.4533688080306956,0.5501328792321709,0.8364957699189317
0.0,0.6340817694369972,0.6599941970348007,0.015415864425337432,0.4580793914752824,0.5105098475262672,0.8141980301660563,0.6590193033059684,0.9698930716661368,0.4547200793795288,0.5240053390173258,0.8448013076804131
0.0,0.6456434316353886,0.656220671211744,0.008762602375770813,0.455778795509111,0.5479745752670357,0.8162915734881286,0.7017898084461207,0.9640068289125427,0.43224539568866177,0.5514084302209274,0.8038479379735367
0.0,0.6834115281501338,0.6528473900607972,0.0,0.4565956386438054,0.5341236539384847,0.8628253318741969,0.7849641298720516,0.9576826259678296,0.4062108035189416,0.553262683086693,0.8511850853747434
0.0,0.6762734584450402,0.6518837682342351,0.001179002480301672,0.4596148968077872,0.5307824639186943,0.8463624684778989,0.788610309888322,0.9532202726528952,0.3905163733475968,0.5564354630451874,0.8951662333819449
0.0,0.6581099195710455,0.6544120205654431,0.007484764644940744,0.456731059881249,0.5320736581413333,0.8667269353380597,0.6771762443606243,0.9470069114653774,0.3608426420243551,0.5053134967837652,0.9997849051192575
0.0,0.6227882037533512,0.658968821634099,0.0254831847045614,0.4560435436700568,0.4741180466436171,0.8385592615501739,0.7257673249020042,0.941890162284852,0.3342199602144321,0.5308940457618934,0.906416704770614
0.0,0.6185656836461124,0.6619548062259561,0.03207383863172153,0.4548253489466168,0.5184331756358734,0.9110719893419612,0.6787885511426666,0.9364683851123228,0.3033343299950567,0.496055575849937,0.9186607732561082
0.0,0.6115951742627345,0.6696273903402228,0.0557586979634985,0.4578576794828122,0.5190578021888334,0.8965123471475472,0.6270763996745798,0.930308242831012,0.2769352036912404,0.5147808742570552,0.9330670634609852
1.0,0.492627345844504,0.6772779110974831,0.06945267218875781,0.4485282284704161,0.5010353290024079,0.8227625255745349,0.7335626063161008,0.9226253177154032,0.2451889911294294,0.5609361254855841,0.9258126095028898
1.0,0.4549262734584449,0.6843323305843487,0.09076282613230256,0.4483099771592105,0.4683747072306128,0.7972593614692866,0.6578951261001401,0.9116645088252592,0.18090980133207674,0.5306990997734774,0.9835085313833032
1.0,0.4340817694369973,0.6847961654283943,0.09672254446877616,0.4461701289485741,0.4699901029249839,0.7025741066755483,0.635330227054212,0.9096107307582316,0.1754269054147909,0.5213566452659361,0.640760197775031
1.0,0.4215147453083109,0.6827693936219175,0.10365905674807796,0.448567520493065,0.4689874446250967,0.6699338630632345,0.540056208860291,0.9122802984896624,0.1908920018645288,0.4692378292372749,0.8772613320685668
1.0,0.427479892761394,0.6827030228193054,0.11124516526847422,0.44919186522638976,0.4848326678940584,0.6573726031307988,0.44936765032172143,0.9154264435545432,0.2173346716193912,0.478635112835455,0.8251914086320201
1.0,0.4044235924932975,0.6824154507383139,0.11477379121364865,0.450441129780073,0.4644821392545586,0.6270162249607462,0.3457288662081209,0.9184932588670572,0.24095082205778875,0.4801856930661413,0.3105859805080943
1.0,0.4271112600536193,0.6834325149953577,0.11635293140641972,0.4491649180457187,0.4800308507675617,0.684588666317743,0.24896087567487615,0.9235832023811871,0.2852729479779078,0.4962846234615496,0.3005138033682672
1.0,0.3962131367292224,0.6845954017152589,0.11679030536449947,0.44953461900947145,0.4779255566902617,0.6121710995860494,0.2479550329117665,0.9292281038998867,0.3332730262810032,0.4962180052735194,0.3113365868713946
1.0,0.3727546916890079,0.6869226385159304,0.11720209039492208,0.4507641004940012,0.4791625898039938,0.5959937193700336,0.19626506915169,0.932594243552734,0.3739224583445876,0.5233123846025852,0.2070654928387748
1.0,0.3631702412868633,0.6896176767558289,0.10987225746214804,0.4534829130359884,0.4633904004044528,0.5948517866489034,0.3220915612750538,0.9390563659002706,0.4309957507983508,0.5183415819295429,0.4772711205372921
0.0,0.3750335120643431,0.6894118632174002,0.10110332293309897,0.4548349649485744,0.4796660998622414,0.6543274492077843,0.2760076917387766,0.9385624086446036,0.4351827704724064,0.5013401425946644,0.4825379992930354
1.0,0.3828753351206435,0.6876834795359463,0.08309773170907843,0.4555588947301093,0.4653433718206626,0.6138839986677453,0.3027364839878708,0.9377682404096196,0.4316417583385007,0.5144667105153115,0.3861240582034449
0.0,0.435254691689008,0.6861537329652354,0.06709403299515007,0.4574007946795041,0.4602608055922499,0.7389256316315364,0.3594778492715039,0.9359953556388094,0.3950370120240753,0.4889408271962859,0.4439098548255069
0.0,0.4126675603217158,0.6851713473494638,0.05488176520449739,0.458725140274652,0.4581195657848889,0.7030499119760196,0.35488499371348303,0.9346121034885844,0.3877024574037666,0.4853612385664646,0.3163267010808739
0.0,0.4072386058981232,0.6848449753954973,0.05148129297842752,0.4581207429716623,0.472024088366909,0.6672693533805966,0.2635973670586496,0.9355953591689988,0.3932558934729576,0.4885765986730897,0.16425266041864994
0.0,0.4337131367292224,0.6851056689519859,0.06332058673551044,0.4572512852797285,0.4709868659462819,0.7377836989104058,0.30902300125730353,0.9415157353826179,0.45030684243707103,0.4615479050614511,0.1857030688785309
0.0,0.413337801608579,0.6859927367542535,0.07411072581106995,0.4588086386069656,0.4521079845486882,0.7256030832183472,0.41487316026921095,0.9477037459044066,0.5011582068114853,0.5067313703978429,0.4287241684625538
1.0,0.32164879356568354,0.6865924966071626,0.09392384960092054,0.4516960890821669,0.4613317889219058,0.4809439977161344,0.28093336291694376,0.9499691887460632,0.5275540350080806,0.4798757617956039,0.21620808900917166
1.0,0.3542225201072385,0.6873025460790485,0.11062574066018148,0.4517186970932653,0.44610636087952205,0.5547889803492412,0.32906589749278936,0.9564414984173392,0.556197954874171,0.5021940222247199,0.3303763845035837
1.0,0.3345509383378015,0.686898136441239,0.1209104840305035,0.453107939137741,0.4735422531625705,0.508350383023267,0.4188299681976189,0.9600342756672562,0.5601424667575234,0.5022804845766878,0.4401510215673503
1.0,0.2656166219839142,0.6871111411325009,0.11704415803795125,0.4436676606149471,0.4675646491605219,0.297568634914593,0.3184453812587826,0.960632915223653,0.557105748742888,0.4257437706394667,0.19395579612088465
1.0,0.25583109919571034,0.688544750481755,0.10911276614712097,0.4422741135244273,0.4647747744748699,0.26711709568444586,0.3377338954219361,0.9672474372053608,0.5928919954838897,0.44085300522586623,0.16263218563624576
1.0,0.24537533512064336,0.688936936931777,0.10141846627037177,0.4447613422806709,0.4650467185424153,0.2595993719370034,0.3164854670512538,0.975732645387038,0.6584844941934114,0.4210638413527434,0.059322741776508474
1.0,0.2929624664879356,0.6882422958124808,0.08849635967782324,0.4468945893939072,0.4500212869421125,0.3340153209306751,0.4365357591894091,0.9882129146598242,0.7571057542838184,0.4942262067081685,0.06515601783061017
1.0,0.3270442359249329,0.6849937201720062,0.0714872426921622,0.4473448582482137,0.4435276666796997,0.3838797164200409,0.5078692404407964,0.9954380491114628,0.8269286771774136,0.5495213147702578,0.1865141481035523
0.0,0.3691353887399462,0.6833449736795019,0.0652375116298066,0.4487435980559214,0.4441971323170099,0.439834419755436,0.5591968049700463,0.9993991663093679,0.8981530245380854,0.5455851409179302,0.3336544250451514
0.0,0.3721179624664879,0.6831359989984018,0.07652880858955546,0.4491496877049584,0.44304493471497786,0.4584859875339012,0.6387397381850454,1.0,0.930516273621946,0.6327820264204569,0.7126429861529197
0.0,0.3587801608579088,0.6830157635944407,0.09022582296848178,0.4512419628175629,0.4577636110713957,0.439834419755436,0.7282005768804082,0.9961854005565632,0.9358755720022154,0.6553076933757574,0.7589102950030095
0.0,0.4063002680965147,0.6820470462354535,0.0955931415932395,0.4532742920275933,0.4602835040850845,0.5172955226721226,0.7610531765401967,0.9899797813143864,0.9038031098608592,0.6392159289748066,0.8457104017722284
0.0,0.4193364611260053,0.6817281178938495,0.09943500292390614,0.4511238263030442,0.474633215897819,0.5279535614026741,0.7900673027142959,0.98295041460211,0.8741178295681926,0.6560619140187768,0.8321155917755598
0.0,0.4158512064343163,0.68242973477132,0.10241233867641766,0.4507510602724688,0.4715563098325398,0.5762953799305324,0.8999926040973298,0.9772513799062932,0.8652102176390277,0.7178663349292791,0.9860246751828792
0.0,0.4210455764075066,0.6863615057562649,0.10990381331440503,0.4513524729421754,0.4702975081838383,0.5753437693295904,0.7834775534353966,0.9690057541740388,0.8405178963172133,0.6389752386954207,0.9992632448482957
0.0,0.3769101876675604,0.6875055846356419,0.10630660357330013,0.45003848869292457,0.46937797037247,0.5553599467098065,0.7515864211226979,0.9648775389071332,0.8352981774489907,0.6682315969669332,0.9735161352285808
0.0,0.3971179624664879,0.6893759760499167,0.1103601843478457,0.4486292214840816,0.4713473624783973,0.5631631536375316,0.6826640041417056,0.9595069499448194,0.8104114048638955,0.6610562481027852,0.8525478030919451
0.0,0.4088471849865951,0.6870640215483448,0.10297498408872964,0.4500159845003695,0.4544680633963586,0.6032259599371937,0.7504696398195396,0.9558758349414151,0.8034206338065615,0.6732771537196911,0.948975378103545
0.0,0.4429959785522787,0.6866457428189932,0.10088264606468077,0.450232204532338,0.4677164840480933,0.6458581148593994,0.7357961689224166,0.948230423414357,0.7579873497641254,0.6660294058782708,0.8235946936457946
0.0,0.4555294906166218,0.6864596860770058,0.10111777872851416,0.4516264631456088,0.4614194584447156,0.7116144073844982,0.8249833592189929,0.9428734556706851,0.7246886815366796,0.6708379634753469,0.8505908452936114
0.0,0.4365616621983914,0.6874519970268211,0.11024693624925674,0.4531972194359733,0.4648874861136059,0.6817338345149166,0.8578433547814517,0.9380143071680124,0.6852793304497611,0.7172561088782302,0.9754141627415956
0.0,0.4481903485254691,0.6878449136814018,0.11835081869580452,0.4545219212750029,0.4713300230151091,0.7162772993291145,0.8110568744915314,0.9323978495691684,0.6747844083878811,0.6460043760950248,0.997576621525302
0.0,0.4594168900804288,0.6880181925876956,0.11678509716268726,0.4557899827723773,0.4675991713863633,0.7497739924822762,0.7811404481917017,0.9270609228900372,0.6934228214586755,0.6320519520935812,0.9417225150194116
0.0,0.44936327077747984,0.6869654973831336,0.11299088808803205,0.4583622475626937,0.4612931103162448,0.7424465908550222,0.7301235115745879,0.9218874842447646,0.6776321097256499,0.6232145252307764,0.9164768907107396
1.0,0.4465817694369973,0.6835465343330247,0.11156708156841652,0.4580803240775053,0.4746298024195365,0.6941999333872579,0.6981732120405298,0.915791474032268,0.6475725670804928,0.6058514823166734,0.8623578832016805
0.0,0.4796246648793565,0.678787152714748,0.10700120778886464,0.4582134493667148,0.4651534681144852,0.6964837988295192,0.7329117668811477,0.90888145549624,0.5835942015669809,0.6268816111946875,0.7867677275010263
0.0,0.5052949061662197,0.6745865088307899,0.09881478856833734,0.4574611260941368,0.4718526096242336,0.7317885521244708,0.7947563050070265,0.9016002129805992,0.5376769947051877,0.6213766628437476,0.8398931555636728
0.0,0.524631367292225,0.6726772782668782,0.09319608587305142,0.4559432461390908,0.4633175853494037,0.7705191035828141,0.8369425338362545,0.8938390085606294,0.4745837397075599,0.597019997389189,0.8827748360072696
1.0,0.5102211796246648,0.6713287857104191,0.09509624710316214,0.4581052165946155,0.4696721834245007,0.7335966122662606,0.8278529694549224,0.8833824330015678,0.3850362290046143,0.5932183241050552,0.8544582968795561
0.0,0.5167895442359248,0.6693401854553089,0.09965698890659214,0.4551385038582653,0.4742004268409554,0.7433030403958698,0.9530729975593524,0.8746893230241715,0.31506224766218105,0.6067634599709493,0.90215108508878
1.0,0.510053619302949,0.666175091866428,0.09557303315998243,0.4545810264239479,0.464721514603167,0.6772612646904888,0.8252348199097705,0.865041096755385,0.2586108732947794,0.5667346229152864,0.9713827881987004
1.0,0.5426943699731903,0.6631678787821729,0.08748978908125185,0.4547218972718338,0.4721816770810458,0.7303611362230578,0.7544190518452782,0.8606649628885201,0.2377725153455347,0.5582141075024853,0.9754761335564596
1.0,0.5309651474530831,0.6619280509093415,0.08348460637202533,0.4535056490793966,0.47316135638270507,0.684588666317743,0.7356112713556692,0.8562574872527657,0.21275711436046288,0.5500945643765001,0.890476383211236
1.0,0.5134383378016084,0.6614651149067927,0.07903823860221976,0.4550721440131321,0.4672834916196716,0.6661274206594661,0.6560757340433402,0.8521796049752639,0.1808000604998881,0.5533218393064963,0.7218197272028172
1.0,0.5438337801608578,0.6600581135319008,0.07696665659939593,0.4549054894333265,0.4650531775900748,0.7358804777085217,0.7007100066563129,0.8514036892617283,0.1723124491739088,0.5912307212411785,0.8827255433682767
0.0,0.5640415549597855,0.6598672542479065,0.07655077528921714,0.4536763699009841,0.4749996432513152,0.7406385307132323,0.693669107314548,0.8484702999452769,0.1487389808408771,0.5843936395829128,0.8847290241631928
0.0,0.541621983914209,0.6607480214856536,0.08225472554387636,0.4505931930913013,0.4647497558800551,0.7673787885997051,0.6523851786110492,0.8454462041995818,0.12641718800135465,0.5475174605900363,0.931335249119682
0.0,0.514376675603217,0.6624799984732519,0.07888721358521689,0.4512138453098863,0.4737913612123016,0.7171337488699622,0.5765032172176615,0.8399989993318668,0.09430049317434892,0.5475044127153441,0.9215298687567512
0.0,0.5410522788203752,0.6652309754958217,0.08087181177826308,0.4505382864867122,0.4693744246862594,0.7758481229480896,0.6138451297980918,0.8371562607982048,0.08198909451940589,0.5699026929339495,0.8554715333164777
0.0,0.490382037533512,0.6669756076493292,0.08364305724711454,0.4482306083439437,0.467092507770957,0.7531997906456678,0.4292212114488571,0.8350217057710052,0.0704896720786401,0.5021915594353031,0.5836991748454259
0.0,0.4982908847184986,0.6741937455039544,0.11203037738808214,0.4453831172420574,0.4748271972677619,0.7740400628062997,0.3809703424302936,0.8385700291026337,0.08486280859679074,0.476582722861989,0.5874704491725764
0.0,0.4366286863270776,0.6782727755564277,0.1314746595279243,0.4385922011486271,0.4700189747698766,0.7877432554598659,0.4386435914503368,0.8392658506746571,0.08202002779702383,0.4592191909199774,0.6950723660648456
0.0,0.4359584450402143,0.683223916068981,0.1490153660638237,0.4385194091824287,0.4635565399802213,0.7891706713612787,0.4665113527105982,0.8349270532899362,0.042016122367831865,0.4771991427285857,0.6630290517622774
0.0,0.4328418230563002,0.682836203878171,0.14844250923162264,0.4381856034245862,0.4719542981083837,0.8107722320026646,0.5732564159455661,0.8339710482938059,0.03675345886348708,0.4908034966691314,0.7838287652474358
1.0,0.4157171581769436,0.6820806795382583,0.14510984277588576,0.4363566761599333,0.4778031892256404,0.7445401341770945,0.4273056726573482,0.8311139455407304,0.013448029185500364,0.4636253599953506,0.7803948005983109
1.0,0.4031166219839141,0.6791015194650589,0.13626569541436231,0.4349786005678279,0.493750025619081,0.7009563686539466,0.3673249020042897,0.8306379964024624,0.01970395269747266,0.47839828701739295,0.5742227671861407
1.0,0.4068699731903485,0.6763134418887919,0.12732497198389692,0.43532178712355774,0.4936616697563082,0.645667792739211,0.30201908142888834,0.8299561332870204,0.0,0.489900365185132,0.4548690768135429
1.0,0.3898123324396781,0.6732820303520635,0.11405858015688365,0.4333307335460153,0.4950175840951877,0.5801969833943951,0.2515124620959988,0.8333949697766576,0.010952593130705124,0.5098384693197302,0.3312960859610222
1.0,0.41642091152815,0.6712398252566478,0.09962480700994553,0.4326340344745146,0.5154261263712059,0.6310129894847029,0.1561570889727088,0.8392476771894204,0.0351752625898471,0.5275275249401644,0.29006031562422474
1.0,0.4088471849865951,0.6688272357968235,0.08700693977063012,0.4317185980283256,0.4946639746686511,0.5715373269258219,0.0,0.8454555801739461,0.06043861289644802,0.4532209385115417,0.03703982874544067
1.0,0.4299932975871313,0.6686490054666534,0.08285794890373832,0.430438528816417,0.4952201327958655,0.6091259456630348,0.07221359366910696,0.8559028663829801,0.10755230595308383,0.4363354551575525,0.0009082217973226717
1.0,0.4135053619302948,0.6707965789003909,0.09104027195591403,0.4285696335180078,0.4951582962877009,0.6152162535090641,0.1309814362842982,0.8645243302884129,0.14250466704533832,0.4094945963180941,0.0862495860209112
0.0,0.3900804289544235,0.6725741067995876,0.08911626356365376,0.4296986600944272,0.4828429567825585,0.6075082076414331,0.07996449966718439,0.8714924588387303,0.1910563831390304,0.4308184462664726,0.045740260129914605
1.0,0.4110924932975871,0.6722797467017101,0.08255247315315775,0.4283172820571801,0.4737330721588448,0.6302517010039493,0.11587900303231975,0.8804721087532108,0.2503516402644739,0.4023566134467396,0.01328732221756342
0.0,0.4388739946380696,0.6695155458363531,0.0679901660482482,0.4276922797108403,0.4791277207882767,0.6792596469524671,0.12881443680201116,0.8886889897829133,0.3047879842281779,0.4078952861010608,0.04418357145160709
0.0,0.4642761394101877,0.6671161591515415,0.062357906678577935,0.4267851735928253,0.4722671937967983,0.7191321311319411,0.13382885881221795,0.8979944140117571,0.34813892122925083,0.410182159107548,0.06113135743541754
0.0,0.4712466487935656,0.6665325112182867,0.05706855270455166,0.4238247404308984,0.4757572495836785,0.7249369557976874,0.1684860587234676,0.907676921446104,0.3893197828435302,0.4265211788022129,0.10060926584359263
0.0,0.4605563002680965,0.6683854489202345,0.05751926765759061,0.4225840733429878,0.4790028802494513,0.7424465908550222,0.2071592337844831,0.91460482992724,0.4100124390849291,0.3964688224632563,0.1780092551233719
0.0,0.4214142091152816,0.6719038166930076,0.06350258470905333,0.4220495095606971,0.4673737073174049,0.6948660608079175,0.19076991346793928,0.920137918157129,0.4138841267096592,0.3733479584156051,0.036448748414301714
0.0,0.4327747989276137,0.6765919701543466,0.07842452877702946,0.4232687911922665,0.4546478125304678,0.7796545653518578,0.2889505214111381,0.929280400833388,0.4502574690089365,0.3759303420394178,0.17973777348777348
0.0,0.4453083109919571,0.6798158953412659,0.08976522892462904,0.42451853512824855,0.4813624654464715,0.8993671789503737,0.33863619554766605,0.9353244032554956,0.4756162816417734,0.4060632860863012,0.3299549549549543
0.0,0.3811327077747989,0.6814525257965698,0.09964185684366388,0.4213800201037908,0.4707932560053614,0.7369272493695582,0.3381480659714513,0.9383504048901591,0.5108852909125837,0.4050355454066487,0.3069095881595875
1.0,0.3790214477211795,0.68025916578403,0.09103128459838973,0.42116877206428105,0.4768228752906921,0.7400675643526671,0.3433325937430667,0.9423097861275632,0.5318405175834011,0.4086371047375167,0.2005509974259981
1.0,0.3713136729222519,0.6786184728661344,0.0829573022581217,0.42017004119562895,0.4751718780976612,0.6658419374791833,0.2669846904814732,0.9478640005749116,0.5713986829908555,0.35935914387148205,0.025619369369370724
1.0,0.40345174262734573,0.6777159636834025,0.07962601684880674,0.42369141087856704,0.4727295875322297,0.7600513869724511,0.446490644183122,0.9584673569295374,0.6354690214293552,0.4751096556358057,0.2700783421784172
1.0,0.3846179624664879,0.6792200238745958,0.08892382244091368,0.4253787430612283,0.4692535618528546,0.7334062901460725,0.4447008357370017,0.9619795705381846,0.6693595860920043,0.4733131311011958,0.2508264570372482
0.0,0.3739276139410188,0.6809556449064456,0.09522063462526427,0.42433918540881616,0.465917964457789,0.7594804206118859,0.4887064566230309,0.9671294106476818,0.7111562743743107,0.4756605572517622,0.07945729568882845
0.0,0.3706099195710455,0.6814291063246565,0.09223743934686236,0.42770200054517865,0.436912803758496,0.7571965551696248,0.4855705938909846,0.9713214118514396,0.7628789460077359,0.4723610716342165,0.15756845796875402
0.0,0.43505361930294906,0.6785455242066041,0.0826506926076628,0.4307010047067267,0.3960970426589789,0.9213493838321359,0.5866577915834625,0.9752402612925511,0.8135532733047379,0.5566430795231213,0.5391184573002739
0.0,0.4745643431635387,0.6760728305217836,0.07565686725156781,0.4311121994697302,0.4508200344295067,0.959604129990008,0.6574735596479548,0.9750037360267972,0.8394348380337244,0.6231579688263259,0.7759543486816206
0.0,0.43981233243967816,0.673598214231365,0.06905493310025496,0.4312053892860868,0.3960263704600448,0.9137733689431512,0.618038606611937,0.9713988690818188,0.8250225646647342,0.6113639347127645,0.6941106400868854
0.0,0.4601876675603217,0.6718436958411123,0.06341779453360494,0.4296024878260824,0.4230909862683702,0.9611789393361312,0.6686709562902153,0.969118865965172,0.8176933839555965,0.6602203586592442,0.6614231160004196
0.0,0.4766085790884716,0.6697020666407281,0.0581268559936533,0.4313406984260051,0.5153534813042123,0.9531667302556274,0.713578877301975,0.9646939848200328,0.7929329454279495,0.6961903104313172,0.8513124721933852
0.0,0.4581099195710454,0.6689367409360758,0.055917357463874495,0.43309362813673496,0.4850621616061163,0.9447729874093856,0.7708453516751724,0.95858638457363,0.7724165449227303,0.7357706982580559,0.8047802500196558
1.0,0.4331434316353888,0.6681934937545986,0.056952635258148365,0.4342179152616601,0.5114689113342298,0.9169210225104923,0.8204200872716518,0.9527090715633622,0.7515679650025702,0.7237981299003231,0.8399103040429139
1.0,0.44349865951742623,0.6679698874214357,0.05038761900052125,0.4353060343613432,0.5130500736350299,0.890595192674552,0.8268619184971522,0.948652425308146,0.7474753709964279,0.6852986038760843,0.867078379314325
1.0,0.4099530831099196,0.6707856295275683,0.05126862916007829,0.4355154732549636,0.5345595910577877,0.854444868370851,0.8073663190592409,0.9445955063348932,0.7393558643255029,0.628954903970663,0.9296988990582298
1.0,0.354121983914209,0.6747934740456536,0.05461365269689919,0.43378111369877004,0.5263761299764932,0.7939350948749777,0.8225057318245693,0.9396890701685016,0.7347119258130155,0.6383583639466672,0.9797005939305192
1.0,0.3394436997319034,0.6790400110946402,0.06886547781119215,0.43215217446237103,0.5235830126014368,0.7065797273266154,0.7601360846091261,0.935454382072444,0.7502002745064351,0.6232223505963187,0.8838075810245403
1.0,0.3096849865951742,0.683673197752511,0.08621181398487993,0.43294938742702027,0.5309728024317205,0.6822263322101167,0.6648546705125362,0.9312307901631836,0.7570928333860463,0.5337027713136232,0.8809766657646587
1.0,0.259450402144772,0.6875745312463908,0.09570371409836534,0.4286606082505649,0.5326996740849529,0.6429010448678548,0.7661637452851127,0.9271285400807516,0.7668124868874411,0.5457876060810919,0.8966299619075376
1.0,0.2682305630026809,0.6906105892838901,0.10893480304516903,0.4293204232972732,0.5504561047995281,0.5912701304379511,0.7417942459877228,0.9190532726794192,0.7337204207802088,0.5753120792485822,0.9984071133089248
1.0,0.2731233243967829,0.6916838212165977,0.11328789318492265,0.4299969642300376,0.5715629757429057,0.6262479049770461,0.7234524073663189,0.9130318330052992,0.7265570214615833,0.566523466788941,0.951028817454238
0.0,0.2560991957104557,0.6935094620649487,0.12254103653201605,0.4287599406341071,0.5620350059240498,0.6428878076702919,0.7308039346202206,0.9070424114215332,0.7104099089981188,0.5740219342627292,1.0
0.0,0.2578418230563003,0.6915958120716861,0.13951771565462062,0.4288665106136541,0.5787313852804791,0.619027748800334,0.7444937504622443,0.9006595985613328,0.6949860362815032,0.5830675169226079,0.9333352229245216
0.0,0.2939343163538873,0.6868662597107418,0.1551266320869794,0.4321175854967313,0.5909921164370835,0.6119806094182828,0.7426891502107833,0.8947728562089696,0.6888081236410104,0.5807904778551318,0.9813017960893028
0.0,0.3150469168900805,0.6830830040886409,0.17144103787094014,0.4304652887996073,0.5798245245039595,0.6379501385041553,0.7303601804600252,0.8890208702303108,0.6853363033573627,0.5746729632740272,0.9100743337160808
0.0,0.31283512064343155,0.6814972323261654,0.17123345281209482,0.4303450571307576,0.5882017627458958,0.651869806094183,0.7643221655203019,0.8822572588595003,0.6735033990550527,0.5524728126281357,0.9902909904868488
0.0,0.32191689008042895,0.6806884171288781,0.16925905304563135,0.42749724097768144,0.5801886752983255,0.6584487534626039,0.8203757118556321,0.8741773368154366,0.6324712416038769,0.5829905688356279,0.9531652580124736
1.0,0.28558981233243963,0.6774144774823403,0.15826420072426894,0.4274219802094128,0.5593900913207451,0.5897506925207756,0.7930404555876052,0.8665053140425802,0.6031238902059971,0.6206796875431759,0.8918802075145426
1.0,0.3021447721179624,0.673589146270692,0.14800362699732686,0.4288633092548628,0.5342760994640361,0.574584487534626,0.7806301309074775,0.8616540041520422,0.595967828955443,0.604200032592397,0.9369595975475556
1.0,0.2898793565683647,0.6681261408193147,0.13266981989044765,0.42721630494423457,0.5280239388669711,0.5103185595567868,0.6876266548332226,0.8555755407754102,0.6021609191287939,0.5859200167891484,0.9704022569191108
1.0,0.3020777479892761,0.6632620026307556,0.126479004614131,0.4282852249758978,0.5272130804492068,0.4945290858725762,0.6708897270911915,0.8514465848677804,0.6144179052108758,0.622570703738807,0.9316357799503854
1.0,0.2736260053619303,0.6593037961225314,0.11688357243029528,0.4245110829669396,0.5105039094940178,0.3936980609418282,0.5838769321795722,0.8461853456884032,0.6188271144012567,0.6123009738423506,0.6840799649788403
1.0,0.26350536193029483,0.6590233368219418,0.11863784079805435,0.4231162448693244,0.5134719581103894,0.35782548476454296,0.5562088602913983,0.8442159964577078,0.6497263651555003,0.5921101929412425,0.5251228172576485
1.0,0.23726541554959776,0.6611597963207814,0.12424726597325175,0.4242172755742015,0.5152746165965356,0.3506925207756233,0.5484283706826418,0.8446077320928074,0.679297805871445,0.6341072507452844,0.5130113332360532
1.0,0.2278485254691688,0.666917465509512,0.14287927880504592,0.4233542701328334,0.5123121967743355,0.3517313019390581,0.5671178167295315,0.8459205816643038,0.7065752197495309,0.6502409881771394,0.65491998638066
1.0,0.1812667560321716,0.6717739585681759,0.15589019008869162,0.4227086725434969,0.5134871370607758,0.3403047091412744,0.5340803195029956,0.8447595283257596,0.7173942151001944,0.6717813023515972,0.5833211732088142
1.0,0.16628686327077746,0.6754993839127306,0.16639009246091582,0.4248943306028951,0.5250088404135136,0.3306786703601108,0.5745506989128029,0.8431337143024984,0.7434268879578344,0.6573904725117052,0.6496181720900832
0.0,0.19936327077747987,0.6756312361017831,0.16471304766225014,0.4248301884841035,0.5192860695772741,0.3837950138504156,0.7131499149471191,0.8405364801847419,0.774798004167746,0.7426625532006522,0.959628386594678
0.0,0.19825737265415544,0.6756806038840437,0.16292586799178901,0.4244417504361963,0.5428245285892073,0.3628808864265928,0.5955180829820281,0.8328772745362567,0.7568378501405033,0.6925557354826936,0.8860370296103192
0.0,0.2091487935656835,0.6755569027561259,0.1638400002685826,0.4259891859035416,0.5394689292509476,0.41336565096952893,0.6255380519192371,0.8304208940963862,0.7626891938005433,0.6811072320139945,0.9600628300247316
0.0,0.2176608579088471,0.6763470671666909,0.17170608467043202,0.426729465757704,0.5381248054198614,0.4077562326869806,0.5983433178019376,0.8260905752781096,0.7592585837042689,0.7017671872999766,0.8817749492971524
0.0,0.20673592493297585,0.6752950602774659,0.17869608341749404,0.4293142900171592,0.5215413193348194,0.3999307479224377,0.6128097034243032,0.822833058849679,0.7759377750307401,0.6728157387538778,0.9362141408287464
1.0,0.2058646112600535,0.6736650076215707,0.18224508429740466,0.4288883550707973,0.5226054727427739,0.3737534626038781,0.5701575327268694,0.8190197301552955,0.7847695360901157,0.6312405310887711,0.7672060753051562
0.0,0.23344504021447715,0.6703667062852312,0.17171702428572733,0.4280237432475805,0.5206482006961896,0.3896121883656511,0.5707196213297836,0.8161105788631888,0.7804093036528299,0.6320004920234938,0.7905848674008985
1.0,0.22365951742627346,0.6670068234497892,0.16256043268488518,0.4263383563095362,0.5194938770639032,0.3333102493074792,0.6213297833000516,0.8129332774717672,0.7790900962639051,0.6822286083862201,0.7314222098524905
1.0,0.23535522788203744,0.664912006039744,0.15575627136934173,0.4238444527231049,0.5299077583644791,0.33483379501385035,0.6085644552917681,0.8094334309754299,0.7703770670617154,0.6713719465247588,0.6533736233151753
1.0,0.2207439678284181,0.668837676807766,0.1680949684865559,0.42177554793546507,0.5327055052480753,0.2906509695290859,0.5488869166481769,0.8089868413648118,0.8059440346547709,0.6071071068235205,0.3633258618849397
1.0,0.1486260053619302,0.6750065030781125,0.18215033619003826,0.4188027490472565,0.5242010489309084,0.2759002770083103,0.4929738924635749,0.8108468727976899,0.8513247668957573,0.52829349904442,0.3682712491550128
1.0,0.15703753351206434,0.6815279033689394,0.19896335653398445,0.4202703227214991,0.5389578779236814,0.32680055401662045,0.5655129058501587,0.8130328089626107,0.9062476357432052,0.569397939384487,0.5095883587718352
1.0,0.15224530831099192,0.6842373732388158,0.213626863010444,0.41949598963890217,0.5560388279754415,0.3072714681440443,0.6181051697359664,0.8117741825237106,0.9504725168740636,0.5930165694712118,0.6802220087522673
1.0,0.10211126005361937,0.6855399144308678,0.2232044094746491,0.4172005425662344,0.5500493260056778,0.2379501385041552,0.6554322905110566,0.8088814027625209,0.9609695721602602,0.5826900991314816,0.7125630571487787
1.0,0.10130697050938332,0.6886293061415001,0.2409482763092812,0.4168967326887767,0.5339109918344156,0.2270083102493075,0.7017528289327717,0.8051359488162293,0.9653627082654632,0.5819447703814165,0.7861860908224834
1.0,0.10713806970509372,0.6912166980414003,0.2521316063332314,0.41809819082958655,0.5390813435946208,0.2674515235457064,0.7108128097034248,0.7992627639742649,0.9304957851268424,0.5901282507606921,0.7383639509020521
1.0,0.10633378016085783,0.6948868216882917,0.2701860091818153,0.41832013418469866,0.5372246561437874,0.2840720221606649,0.7999186450706313,0.7954739546740901,0.9389621822957824,0.6028244236154822,0.7998795798675384
1.0,0.09061662198391424,0.6997375064876987,0.2792482069948963,0.42053979418139936,0.5401386544679281,0.2786011080332411,0.7876636343465724,0.7921003899311554,0.9563260911480138,0.5733965259571362,0.8835617845913568
0.0,0.057607238605898,0.7024475596061237,0.2813360711286905,0.4214425468772797,0.5412533643198755,0.2499368686868687,0.7625101693661709,0.7877437891863956,0.9969462185040529,0.5272149503642243,0.9148599494461678
0.0,0.07362600536193037,0.7030650241883758,0.27553541728635744,0.4226771989896805,0.55349128028271,0.2402146464646465,0.81213667628134,0.7799557882082382,1.0,0.5581244195644273,1.0
1.0,0.0777144772117962,0.7038979304203321,0.27568258219966674,0.4224956643606306,0.5314753776358258,0.21660353535353533,0.8544782190666376,0.7714321997123585,0.981718252016592,0.583751933567645,0.8772865527138758
0.0,0.09028150134048253,0.7056621916821324,0.2833151465500154,0.42511316410172695,0.5388690859182403,0.3015643651441855,0.8740551734339176,0.7670314138677989,0.9575960168657374,0.613947009105651,0.9504410212370052
0.0,0.09065013404825728,0.7066930040621273,0.2856109860473805,0.4247474039168692,0.5391760819771318,0.28296789596029404,0.7888617705790995,0.7616542934730803,0.9250367284863056,0.5573360206626112,0.9559843400447432
0.0,0.10382037533512056,0.7045652961375011,0.2830367063870243,0.42569413969109704,0.5493964424303512,0.2702770622604763,0.8516012129280381,0.756325821948107,0.9077656822167957,0.5330125410979605,0.95909768829232
0.0,0.1603887399463806,0.7037907561388574,0.2796620005817956,0.4282049625045232,0.5621256506132475,0.3552176917760884,0.8640115376081652,0.7486278126108361,0.8637121442328562,0.5393669653842977,0.9592917362975756
0.0,0.1509383378016086,0.7033493892288005,0.28466463191592817,0.4309878544181205,0.5649088658330468,0.35138531130238115,0.8499223430219658,0.7412936716016005,0.8288301003609693,0.5829639819407041,0.9445706667668092
0.0,0.17168230563002684,0.7054317068832869,0.29220715750831194,0.4295083483381971,0.559936714040604,0.3756989382421311,0.8843354781451074,0.7349592284097948,0.7969430607377048,0.5448887782496776,0.9847683274228232
0.0,0.13481903485254693,0.7064536910085664,0.294116882510482,0.4294984222167304,0.5518512153500255,0.3489979267449897,0.7832260927446199,0.7272739503101866,0.7740954592870397,0.5310378322515632,0.8373561792821846
0.0,0.13870643431635388,0.7100994408173158,0.29850814088715866,0.4298252427226271,0.5514542229423318,0.3473016271910537,0.7847348568892836,0.7223695172356823,0.7802109998505571,0.5318526072391608,0.8328340552195239
1.0,0.10630026809651484,0.7131132096884325,0.302568538399067,0.4305115057710173,0.5564769731245751,0.33366840485016025,0.7957547518674658,0.7150142981080749,0.7745053560174604,0.5375803261028925,0.8116926482092777
0.0,0.11058981233243953,0.7180162894041173,0.3111793375166728,0.4314359437098713,0.5689084063691063,0.36778287365709617,0.9046372309740408,0.7071164467757621,0.7370156060807775,0.5643058236249588,0.9585948978228932
0.0,0.13703083109919573,0.7207615348059122,0.31500369614645674,0.4348048953868056,0.5560615645651263,0.43889530993369424,0.8748613268249394,0.6949194804357028,0.6741932421714039,0.5530704776593676,0.9824309721652952
0.0,0.12154825737265418,0.720924172361959,0.3124912603949434,0.4328823793714877,0.5594528532491609,0.4077498631303607,0.8979809185711116,0.6823138580319159,0.5671689739667771,0.5646605876845664,0.993641640571298
0.0,0.1296581769436997,0.7203719999382407,0.3114343387233729,0.4334089839696781,0.5607413272000078,0.3941354292623941,0.9845203757118558,0.6725138654778648,0.5167147170918793,0.6036185309034658,0.9712132279699844
0.0,0.13019436997319028,0.7215622333708369,0.3138615310571786,0.4336611091262331,0.5666988430273668,0.4070737605804112,0.8161896309444565,0.6630622474172148,0.4696198548321775,0.5124633293131329,0.962203860305984
1.0,0.0790549597855228,0.7229138780822755,0.31927072007649904,0.43187274191511377,0.5595834991942494,0.35217207929143834,0.8031876340507358,0.6574659664555011,0.4727883923082806,0.5082963553221135,0.9848906208484638
1.0,0.07352546916890079,0.7253733225629824,0.32877584002900884,0.43070972761578297,0.5682108047668991,0.3131951762088748,0.7343317801937725,0.6495661192653437,0.4553438322773919,0.4808275601150728,0.8
1.0,0.06779490616621986,0.7293209612236864,0.3402944447303378,0.4306352027948517,0.5741969979631716,0.3317527221636811,0.7708083721618224,0.6448676195969316,0.4396736675124479,0.5089784232221323,0.8900516913031652
1.0,0.033076407506702384,0.7339607445772719,0.3460669048943715,0.4281667334052087,0.5747298556131567,0.3253843564134217,0.8330227054211969,0.6352369636452586,0.4073283242858366,0.4950439065982821,0.9793597533327294
1.0,0.02597184986595164,0.7384214096368038,0.348286179275053,0.4272380288687288,0.5650131321219997,0.31110739284419536,0.9046963981954,0.6242545259812617,0.3546704965599685,0.5306200806673516,0.983891658114646
0.0,0.032104557640750715,0.7415137987256661,0.3540212415402896,0.4284148741508363,0.5789931160295654,0.3401323042998898,0.7578729383921305,0.6167622577097298,0.3296019351605704,0.4971696802356238,0.7811755509231684
0.0,0.008847184986595091,0.7422223063514481,0.3544374704940906,0.4301383393522008,0.5699145463807044,0.3160066868665762,0.6994674950077657,0.6170666911629206,0.3425946631016312,0.4532293035576046,0.786982578916021
0.0,0.0642091152815013,0.7418724410623394,0.352902358957204,0.4318052776978958,0.5642984092422121,0.352673021135516,0.7362473189852822,0.6178857213472506,0.3424877869187598,0.4754140561893678,0.9670562835020842
0.0,0.06441018766756029,0.7401387265409758,0.34311162005699386,0.4317602741739843,0.5668258992783181,0.35008288437629514,0.5894904223060425,0.6132602937095553,0.2987735330689682,0.4468572987343766,0.9601777699551176
0.0,0.06611930294906171,0.7387481353361984,0.33959696501066017,0.4321134667568615,0.5812761156712799,0.3606506423539163,0.5890318763405075,0.6121686292351649,0.2928050813576341,0.4469243428916176,0.9050779510022272
0.0,0.0674932975871313,0.7375799311583526,0.3328500422281919,0.4313098099285406,0.5793136305863178,0.32335267302113563,0.5354929369129501,0.6111303390701976,0.3036599262867288,0.4185667279781891,0.9300445434298444
1.0,0.04209115281501341,0.7366235044987006,0.3324847633247339,0.4317824806567561,0.5707815837893706,0.2874015748031497,0.4436358257525331,0.6103766447847874,0.3287090374246249,0.4258950706479193,0.8232770883942837
1.0,0.04869302949061649,0.7345617101744766,0.32770907502582913,0.43270037184416255,0.5743615978799004,0.3047036883547451,0.4760150876414465,0.6090479232256021,0.3047205125114624,0.4406289133486939,0.8384339136544614
0.0,0.13250670241286866,0.7322816243369399,0.3336296753499109,0.43737803296749467,0.5758442994567581,0.3654682967260673,0.5112417720582796,0.6039779595566563,0.24493082083815004,0.457308940901581,0.7979168621563288
0.0,0.14269436997319035,0.7234070695803669,0.3059456569944505,0.4385199204883009,0.5837186930895018,0.3825113966017406,0.5054359884623918,0.5975368616077403,0.16353532178382027,0.4545951107433999,0.749160176409871
1.0,0.16692359249329758,0.7173786078049913,0.2891099732371306,0.4391640739804365,0.5813673106675004,0.2994716121011189,0.4855927815989942,0.5944928160487617,0.1391766879082536,0.44483597019264093,0.6173594820305899
1.0,0.1610254691689007,0.7113011106810585,0.24828701089457975,0.4382757887015234,0.5765466904752123,0.28434521342726904,0.3702906589749277,0.5936033513222354,0.1428485156942838,0.4445954196707744,0.5833911982734351
1.0,0.13532171581769442,0.7109819457706712,0.2367005885221485,0.4345256551226976,0.589044024801561,0.2338893493576461,0.3334368759707121,0.5971903389877982,0.1855177773398051,0.4247663594191852,0.4812799099183637
1.0,0.10663538873994632,0.7140176843437007,0.2281326630599145,0.4303772386972633,0.5903258825879113,0.18804392871943645,0.09010428222764556,0.5991816563492591,0.18823969347952152,0.3530415974934084,0.14768271219933976
1.0,0.09966487935656826,0.7166948183497823,0.2392463921402105,0.430878950110508,0.5810248528001397,0.23383754662246176,0.2834109903113675,0.6071203277230974,0.2265357764330248,0.3919198943865884,0.401064709380757
1.0,0.13532171581769442,0.7203364533034295,0.25153921542304936,0.43115252298290013,0.582973577624503,0.2630024865312889,0.3134235633459063,0.6067192613698198,0.2293892681090463,0.4086907176547804,0.3682530933143797
1.0,0.12436327077747987,0.7199933808722045,0.2549707036412659,0.4303725579981771,0.5878725059692937,0.2709801077496892,0.267176983950891,0.6065614444501006,0.24945968211772346,0.4359746232685392,0.3365729122847736
0.0,0.1705093833780159,0.7227106063579556,0.2575394555073839,0.4318191470476047,0.5877042765107309,0.3200891007045172,0.3460468900229274,0.6086492484621975,0.2633254843543303,0.4306056966362977,0.3370515963387923
0.0,0.1355227882037533,0.7242225207575872,0.2518485522119032,0.4320308488962765,0.5915923650019297,0.3052217157065894,0.31884476000295825,0.6086633298410613,0.2319569387681427,0.4650454058630686,0.2864561423867476
0.0,0.1354222520107239,0.7295723830275496,0.2508376596434434,0.4321798789849124,0.5777737116158754,0.3130439287194364,0.23359218992678046,0.6121933629080699,0.23141064220387844,0.4021409561916625,0.002117313785903468
0.0,0.09762064343163546,0.7338707983010735,0.24966380178510186,0.432606219356545,0.5848222583425191,0.3099357646083714,0.28338140670068784,0.6220990870305123,0.230466103257186,0.4243841225639508,0.02091396975117926
1.0,0.05707104557640745,0.7372136151115798,0.2520661731954407,0.4314016770985706,0.5887757510304237,0.26533360961458763,0.3807410694475261,0.6319376923965894,0.25702330183140554,0.4294914113646137,0.08375625572707363
1.0,0.057908847184986574,0.7380757514066238,0.2498847540710047,0.4311133728853832,0.5875819464117008,0.2526419394944054,0.3949633902817839,0.6416987176336735,0.2747716734936171,0.4372514644957389,0.046088991084755136
1.0,0.05817694369973193,0.743927806404223,0.2645104570331809,0.4310105218038021,0.5898597459324971,0.2482387070037299,0.3688558538569631,0.6517141989117088,0.327495680114992,0.4269861141844147,0.12978102189780946
1.0,0.0,0.7403431317231637,0.25442532804638657,0.4274055657039861,0.5833933915158718,0.27968296726067143,0.3349530360180457,0.6566438094747775,0.3370472867308489,0.4560946712659299,0.0581995133819942
0.0,0.1698056300268096,0.7310373683287259,0.23076711777519995,0.440634674572886,0.5921962793942355,0.3284293410692085,0.4831373419125807,0.6608862865866267,0.3300213485399396,0.4905655001739478,0.25577517288734153
0.0,0.2673257372654154,0.7144144121008509,0.1860892742954675,0.4469291160805152,0.5929983503700772,0.3560401989225032,0.539997041638932,0.6613114919002092,0.32017349182169696,0.5226190050732307,0.4588013144342538
0.0,0.2595174262734584,0.7084688913445214,0.1677352665727833,0.4457128112208267,0.6036827897001822,0.3237152921674265,0.569255232601139,0.6630380124654864,0.3425288043185037,0.4888779390122708,0.4823924665260678
0.0,0.2166890080428953,0.7087686188241369,0.1701043484802087,0.44435531354263497,0.6052896072925473,0.27616038126813097,0.4277864063308928,0.6654700038201964,0.3883621069149139,0.4624812165557535,0.3547746333807445
1.0,0.2106568364611259,0.7128762228265333,0.18192385902399685,0.4473438217749803,0.6037862282801459,0.27051388313302943,0.3530064344353228,0.67110889989593,0.43159646236747257,0.4772682396788946,0.3103143852077098
1.0,0.17647453083109915,0.7164761233597277,0.1930308487641325,0.4478910218296601,0.6073984497947295,0.26942602569415675,0.3130315805044004,0.6746222955638121,0.436514948647556,0.504931092296189,0.20388444749619852
1.0,0.17828418230562992,0.7181049416123146,0.19597148809324236,0.44823218154530653,0.6058362268817783,0.2790613344384584,0.4712817099326974,0.6779826890573066,0.4167120884964091,0.5348319248785527,0.5418117612438078
1.0,0.17342493297587136,0.7179782644616985,0.19924214092286865,0.4467313074261829,0.6093472430371711,0.2322316618317448,0.5070408993417647,0.6764591599476497,0.3672679921608518,0.553765614095265,0.5305802148217177
1.0,0.1829088471849866,0.7106901223861335,0.17764362915972687,0.44817588966207794,0.6140038344440688,0.2629506837961045,0.6209082168478667,0.6767320548084619,0.3474003537593604,0.6163593494635969,0.9431065770758748
1.0,0.252882037533512,0.703964955284504,0.1633371065079877,0.4550277131159802,0.6173039968312848,0.22000621632822207,0.5309740403816287,0.6699100889604503,0.2785585727787563,0.6161541998903295,0.8336486523539258
1.0,0.2548257372654153,0.6966277613081717,0.13980622827511174,0.4549080201618964,0.6093130655170758,0.2001139660174057,0.5677316766511352,0.6641091528804881,0.21580529297304074,0.636159786685982,0.6603602862548338
1.0,0.2900134048257371,0.6980571312665558,0.15071434501548192,0.455548106222586,0.6157109408556081,0.2538334024036469,0.6595222246875232,0.6578827351003679,0.14419606073331115,0.6363497960098807,0.7719283814537592
0.0,0.25911528150134044,0.6988307428005065,0.15430227888625112,0.455765601992312,0.6191194876273454,0.2368939079983424,0.6368685748095555,0.6521540232102141,0.0967627269950655,0.6272346175281759,0.4805077311108677
1.0,0.2760723860589812,0.7015309753530099,0.16773721909455555,0.4575804348750177,0.6215552401868291,0.23508081226688765,0.5993861400783964,0.6524884324603881,0.0877539611519384,0.6034555589794611,0.5586429193233423
1.0,0.2383713136729223,0.7009249846244987,0.16938035052038405,0.4570052185174572,0.6052259364661584,0.21316825528387906,0.4684342874047779,0.6522092833787636,0.07750306870218943,0.5826656712083741,0.3793614568383416
0.0,0.2896447721179625,0.7016552360837822,0.17396859011370244,0.4592620542633032,0.6142739661986732,0.2537297969332782,0.5679535537312329,0.6577297671660916,0.10495978766129266,0.584011860980483,0.4123473637155032
1.0,0.2697721179624665,0.7016201131670119,0.17336349856390745,0.4565690445224693,0.6048101816357659,0.21860754247824296,0.3734708971229935,0.6607320120240441,0.10412336289834184,0.5464276266869319,0.29576735759828743
0.0,0.27362600536193016,0.7023563352265705,0.17126985937574468,0.4574216815644312,0.6051803076636979,0.2521757148777456,0.3964055913024183,0.6683663353416059,0.1347987441294703,0.5050873379371815,0.3611509775780535
0.0,0.29232573726541555,0.7034538010479816,0.17340769093865308,0.4557740445722003,0.6038494358238269,0.252849150435143,0.5242807484653502,0.6725011287138489,0.1362694312692771,0.5129859314336837,0.7154083241182984
0.0,0.28039544235924924,0.7032318874059982,0.16861190843097495,0.4580514050982963,0.6250784224715201,0.24238499792789056,0.515723689076252,0.6729056280213173,0.1385946334173953,0.5087659398299347,0.7540408912312082
1.0,0.24098525469168905,0.7046950959660154,0.16569200198812342,0.4563117145884415,0.6274141752377368,0.18187940323249074,0.3602026477331555,0.6731176964178556,0.13928591175342284,0.4820840402208539,0.4793308707620642
1.0,0.21906836461125992,0.7067802305446114,0.16349784277234095,0.4569810506256113,0.6184763200897488,0.1532842934106921,0.3624731898528216,0.6755633605875444,0.1490153282671242,0.4831373803774273,0.4774311090867688
1.0,0.20656836461126,0.7097551371954056,0.17134973169911996,0.4591455854370699,0.6236604412542593,0.14494405304600094,0.4305672657347829,0.6772902507835981,0.13476436148106047,0.5188992294050627,0.409246185379185
1.0,0.228686327077748,0.7118478147296481,0.17651840596980933,0.4622997088904214,0.6005561905967864,0.1932760049730626,0.5023223134383551,0.6784221070993364,0.11108832905872773,0.5519389104124685,0.7263493509451144
0.0,0.2703083109919571,0.7111304715501239,0.1802020331841411,0.4637546333990689,0.6019630125507726,0.2424368006630751,0.6270468160639004,0.6774364337762253,0.09137381834122517,0.5630699853285388,0.9153268048280568
0.0,0.3089812332439678,0.708624339802056,0.1759066219539454,0.4646121755609102,0.6150806712201913,0.2613447990053876,0.6114488573330377,0.6747298351534898,0.07386872241973974,0.5543604067316535,0.9395809610567064
0.0,0.29741957104557626,0.7067837674643733,0.17909582547286992,0.4628577315880041,0.6137043466378048,0.2281392457521757,0.4367206567561568,0.6729348043928223,0.06503604856889439,0.5234290990187134,0.7661125028467315
0.0,0.2877680965147453,0.7086778786160217,0.1872007011925874,0.4652798252923352,0.6223059134351092,0.21596560298383755,0.3859034095111308,0.6745607266558578,0.06895431501044152,0.5498057387515051,0.6126564222265446
0.0,0.25449061662198386,0.711664692761308,0.1988546338851625,0.4649919256854633,0.6246987349614932,0.19716121011189391,0.3576288736040233,0.6764620391574674,0.06804198004250689,0.5388785840046598,0.5945325292543635
1.0,0.2441018766756032,0.7138286089880956,0.21753468247355498,0.4673345941093888,0.6039023214066226,0.18659345213427275,0.3421492493158791,0.6792108628774765,0.0695620352553436,0.5336975679219442,0.5822934928328343
1.0,0.21333780160857893,0.7140092344714852,0.22239651310960065,0.4622102074982273,0.5949246426579472,0.12044135930377126,0.1942755713334809,0.6795819826548826,0.04404451510131169,0.5153297546706406,0.35770954409412725
1.0,0.19463806970509373,0.7147414100448041,0.2292526235996979,0.4588987575716049,0.6087816813661812,0.08029423953584751,0.14586938835884894,0.6836360316441865,0.030404343469022318,0.4796945850023571,0.2106329188781623
1.0,0.1804624664879356,0.7153002992124873,0.22148189453024286,0.4604804404614429,0.5959467377143218,0.0648052217157067,0.07951334960431877,0.6896142810268633,0.02769496526390114,0.4851058356052829,0.09836669170385423
1.0,0.21280160857908853,0.7158532341957169,0.2241866521198932,0.4610811428048037,0.5925739751205297,0.08588893493576467,0.1177723541158201,0.6990530845236662,0.04412824712316349,0.5000298656309519,0.10256126482213493
1.0,0.21645442359249328,0.7143361785042737,0.218770697856054,0.4613047418039983,0.5985745304162247,0.07713427268959809,0.20804674210487376,0.7070320535490724,0.058842388134596864,0.4865803075399328,0.2091458972230224
1.0,0.21635388739946368,0.7143597291270714,0.22236937722227956,0.4603810332147894,0.5978492513571008,0.04351429755491093,0.1326529102877001,0.7123609279533556,0.06260305017628638,0.4070222563412821,0.004913505362498248
0.0,0.27510053619302943,0.7154156024174205,0.2242740339493733,0.4688570066967916,0.6205705054208155,0.13644840447575635,0.2762443606242145,0.7233778029388434,0.10807448034652156,0.4778783118057048,0.2316228601960505
0.0,0.28485254691689005,0.7187037509329224,0.23233420675040856,0.4703013644595886,0.6068836137796402,0.15375051802735187,0.2562162561940682,0.7278127812147093,0.13237383638474026,0.5229170226109794,0.19765116378026487
0.0,0.2526474530831098,0.7237169332340168,0.2398566403885147,0.4696973491275682,0.6100294801969829,0.13245959386655612,0.24794024110642696,0.7328316256930241,0.15962395044063155,0.5120366383760219,0.1501425471256546
0.0,0.2321715817694369,0.7303095380325273,0.2571417555480661,0.4675797938342993,0.6160690020358077,0.14183588893493573,0.2575918940906732,0.7378498851603803,0.17951635966517626,0.5179455333924333,0.20969320454448734
0.0,0.2422922252010723,0.7369938775589127,0.27470765222724663,0.4695518086813496,0.6103696184361564,0.188613758806465,0.3676059463057468,0.7427148199074136,0.1972747064545175,0.5455509299659576,0.4086634611293145
0.0,0.2365951742627345,0.7423270653754699,0.2905059428754978,0.4693329027678381,0.6208704588828213,0.21057811852465813,0.3688188743436137,0.7436480395288441,0.19272739031889652,0.546367061078349,0.41470575720182135
0.0,0.1996313672922252,0.7475346065376179,0.30027986250902344,0.4679865668795692,0.6165569348454388,0.17271031910484874,0.3031210709267064,0.7465785661720616,0.2036353209091082,0.4638705909103169,0.15512105867835474
0.0,0.18930965147453072,0.7461478139216429,0.29501524244577243,0.467248867446474,0.5975453795979897,0.1879403232490676,0.2888469787737593,0.7539551969366722,0.23071288730011086,0.4565867321631771,0.24494702353091385
1.0,0.23203753351206435,0.7431421467106889,0.28826655632691195,0.4713548451598018,0.6077085460388809,0.1388313302942396,0.23263072257969056,0.7604614165653432,0.24653115843257886,0.35858006335178344,0.06269945959746448
1.0,0.2376675603217157,0.7393663389578062,0.27455026173753755,0.4719400440447967,0.6272879641048192,0.13422088686282635,0.2973300791361587,0.7702871192963292,0.2781124714429196,0.3915987541857184,0.0010019060651968491
1.0,0.2538203753351206,0.7413532635645199,0.2749618357768037,0.4743857303707504,0.6277377948967656,0.16835888934935767,0.3935581687744992,0.7800570717879289,0.3065640262064282,0.4661115786159439,0.08976798653297308
1.0,0.2492292225201071,0.7438417200775111,0.2768106136256516,0.4775248570091673,0.6299876931679931,0.16685661002900956,0.3980400857924709,0.7857062505732109,0.3199551031093827,0.4704673719159299,0.14751518700139055
1.0,0.2433310991957104,0.7462276258853924,0.2860790762603525,0.4803858744976929,0.6271128471985754,0.16012225445503522,0.4495969233044893,0.7911544321218527,0.3256333264497091,0.4763968707627438,0.16492364645996996
0.0,0.2362265415549597,0.7489221360295001,0.2998572560139928,0.4831640982759413,0.6054688518877449,0.1555118110236221,0.4836032837807851,0.7959143894084619,0.3329209648503891,0.5152819365741238,0.3238399634724033
0.0,0.2562332439678283,0.7505695072153579,0.31013507941638035,0.4861252664952284,0.6150599582822028,0.1971094073767096,0.504171289105836,0.8000429777897291,0.3529764154282741,0.5415338597789385,0.8206152616859803
0.0,0.26695710455764066,0.7511255351278392,0.3143202898203083,0.4873484100604252,0.5722079970071,0.1928097803564028,0.4484579542933215,0.8016037042470456,0.3731569676592758,0.5229035089995381,0.639603457041182
0.0,0.3142761394101876,0.7513973552820585,0.31292281534385324,0.4899226657711424,0.5965675810945957,0.25564649813510154,0.4399822498335921,0.8029643286162005,0.39032412377132375,0.5142162597276443,0.6527116587323821
0.0,0.2924597855227882,0.7536305295186048,0.31621211002573524,0.4905593872581061,0.6067102631890411,0.2261189390799835,0.4471858590340949,0.8036361725132659,0.40826230418491705,0.4732167932418301,0.5805652981225484
0.0,0.2635053619302949,0.7565294011460533,0.3228932526799445,0.4906536784624421,0.6138838197202964,0.2121840033153751,0.40378670216699897,0.8035642111333974,0.4150055442827158,0.4733887483111862,0.4633578906552918
1.0,0.2512064343163539,0.7568205188015631,0.32297269729813693,0.4887796161398056,0.6223056801139323,0.1917737256527145,0.40137563789660535,0.8043944744765399,0.4286945768442677,0.4688739686703083,0.3711059619699159
1.0,0.2657841823056301,0.7562314641455099,0.3200534876997729,0.4900237295601586,0.6071352153110248,0.160329465395773,0.4241624140226312,0.8046693482899205,0.4180565040748844,0.4450857736165639,0.441943433005994
1.0,0.24165549597855224,0.7560372559141977,0.31409884430834256,0.4901172635379513,0.622751860169669,0.13173435557397434,0.4717920272169219,0.8035573844149557,0.3914242158695857,0.4550797347940324,0.5296995108315873
1.0,0.2557305630026808,0.7594428583760384,0.3168737857204796,0.4922342523386032,0.6099259951201312,0.1561852465810195,0.5101397825604612,0.8015502136140908,0.35690453632757124,0.5004929661995705,0.4887270587369891
1.0,0.2396782841823056,0.7636091752611749,0.3219857863082211,0.4938482348887636,0.5945559280339241,0.14810401989225033,0.5242437689520008,0.7999671354831479,0.34123017973106234,0.4659582807898837,0.5436757512229227
1.0,0.1928619302949061,0.7679736602724474,0.328379283834338,0.4907290773708354,0.6031416474010711,0.10412349772067962,0.4966940315065456,0.7981636951817346,0.330255273536477,0.4344580585958861,0.34054213100886405
1.0,0.17064343163538864,0.7713779884816838,0.3344992016869185,0.4907622336508545,0.6034590033568213,0.07464774140074594,0.5265069151689962,0.7982626744678525,0.327896653067966,0.4180285306195371,0.3449556806061269
1.0,0.17607238605898118,0.7726082633914275,0.3377397633857165,0.4913457003702113,0.5848967978663522,0.07133236634894329,0.5035500332815626,0.7985693172610533,0.31629749371515625,0.3927648396001675,0.22292103424179086
1.0,0.20274798927613946,0.7744416394461873,0.34688824528747764,0.4913792092802535,0.6038296791319213,0.089774140074596,0.5465572073071521,0.8005561291185004,0.31354306434426144,0.446397826739767,0.44918901026150265
1.0,0.19125335120643416,0.7779004016713031,0.3580146085816824,0.4937366761325997,0.7046344338942595,0.08889349357646083,0.5513497522372605,0.8013824621988709,0.311485648706106,0.4521452329209159,0.4136967155835093
1.0,0.14054959785522786,0.781871897167518,0.36713469832486656,0.4893659461860563,0.7491841063535831,0.03621011189390805,0.4711411877819681,0.8023875939312384,0.3167689551781479,0.4000426217168635,0.2086873367906128
1.0,0.13951072386058974,0.7861269970421183,0.3731513868116772,0.4886755387525914,0.7498852782207094,0.02170534604227102,0.496339028178389,0.8062041575408878,0.34146150897400834,0.3817656217217463,0.2592503700147988
1.0,0.12962466487935648,0.7898606145173841,0.37801218191447655,0.4911834158400773,0.6483280470447318,0.0037376289745208453,0.4954958952740184,0.8093195115488994,0.3603922022179286,0.3807719150344308,0.2981319252770103
1.0,0.13840482573726542,0.7950678037575547,0.3909609039085952,0.49298542664323797,0.5951812002581127,0.02450772813889475,0.4377856667406255,0.8130807897864307,0.3942148647326886,0.3623563449228701,0.22924916996679684
1.0,0.1201407506702412,0.8070511931846143,0.4226173088248241,0.4941451786758755,0.5969089214854679,0.013074317171289427,0.41831225501072383,0.8177727833121868,0.42672614179965707,0.3449493497982661,0.29329173166926586
1.0,0.012097855227881982,0.8171554247247874,0.4506682674392067,0.4869975938457746,0.5599276633467132,0.0054520431928858845,0.4642556023962722,0.8212837960370023,0.4561993221669629,0.34380527140619177,0.5302212088483514
0.0,0.056836461126005274,0.8263555541530345,0.4707011755737468,0.4893700472470608,1.0,0.04444797626615817,0.5141705495155686,0.8218279672484661,0.4571392692755509,0.3548517896149413,0.7596703868154726
0.0,0.0630361930294906,0.8268571186867069,0.467663967076884,0.4864275053086444,0.4583120253642648,0.04677897859716049,0.5518674654241554,0.8201451564266597,0.4623768642326964,0.3520952432004719,0.8616744669786793
0.0,0.06310321715817674,0.8282234431108988,0.4735812935801743,0.4857007678476924,0.5522509468021969,0.013840141468869615,0.5553657273870277,0.8168237758929053,0.4665618538087319,0.35628067207359576,0.8261130445217798
0.0,0.12131367292225193,0.8293776103761732,0.4789805705949168,0.4903025097348526,0.6100298928768823,0.0773029022878148,0.6124916796094964,0.8140710806318958,0.4642222065052735,0.3756436044857636,0.9760390415616632
0.0,0.13790214477211793,0.8329819228121531,0.4932076102186994,0.4887626988387752,0.5926314450394025,0.08887913534865853,0.5955106870793581,0.809379662911063,0.4504210013129185,0.4131256760448577,0.9684469103384024
0.0,0.10821045576407512,0.8377774741583641,0.5024909206411173,0.4857987969118532,0.5656669222607961,0.09003127228836341,0.6033799275201539,0.8066195166905656,0.4434641390284444,0.4221869298314393,0.9542457805907181
0.0,0.08418230563002688,0.8439476229314005,0.5194230210237071,0.4860932660429345,0.5947766555803901,0.06649476052010757,0.5223060424524816,0.8045225682166066,0.4551991194161914,0.3647479549838247,0.8311132031066125
0.0,0.06993967828418217,0.8472016820429809,0.5205039521561091,0.487966968182573,0.551494770009942,0.05694848301969604,0.4361733599585832,0.8041030566540182,0.4591830713819946,0.30778252103981546,0.4880333433592581
0.0,0.1017091152815014,0.8503472246551139,0.5296986480307688,0.4885162196261196,0.554894211626596,0.0889339990124541,0.4394645366466978,0.8040980660342558,0.4586174529046753,0.3123352268650258,0.4702874575688567
1.0,0.09380026809651476,0.8518409305019068,0.5387925091718697,0.4913597158283525,0.5243739398596974,0.08701377077961257,0.4662007247984615,0.8037635221801421,0.43160647482990655,0.3480996855989113,0.3930305504232352
1.0,0.10013404825737272,0.8549178311548269,0.5625796288443519,0.4918395263480373,0.5092625078167626,0.07949744883963357,0.4189187190296578,0.8039510722011819,0.4146562299506157,0.3353653340461253,0.22498173849525105
1.0,0.08056300268096511,0.8565024964878718,0.5704731869156707,0.4928165389403062,0.4396339783236127,0.06177648543369721,0.4190962206937351,0.8069160170824401,0.4051446529362667,0.33556114245260377,0.2157865337515552
1.0,0.0735924932975871,0.8594102238338244,0.5755498260811789,0.4906643878615247,0.4391058458620794,0.026773467932188492,0.4089712299386137,0.8102691111975981,0.41522808501241787,0.32656491296045315,0.2194675613263032
1.0,0.07007372654155503,0.8615183578324503,0.5773378959045379,0.4903846011103168,0.43889252089133335,0.02896801448400725,0.3752089342504252,0.8136144273625279,0.42374598181657774,0.333613270703019,0.14918739924186594
1.0,0.10107238605898128,0.8652514071969559,0.5885542612882284,0.4911188948720694,0.4496598598342335,0.0137348324548357,0.4274831743214261,0.817113532788903,0.4345018228395969,0.34460601678721986,0.1728459530026113
0.0,0.1189343163538874,0.8665631263056293,0.5946206375950385,0.49406015508232,0.4293003708463031,0.013384684877445662,0.45362769025959604,0.8186720705724595,0.4309775681242387,0.3817924520252608,0.14905715114592213
0.0,0.1728887399463806,0.8700712466123235,0.6047950672722519,0.4974525572917263,0.5084264983786686,0.040459164471208064,0.4542933214998886,0.8208956648699497,0.44176834746842697,0.3826158143710866,0.21206846533216936
0.0,0.14671581769436987,0.8719103149494252,0.6081431074039374,0.4948193539422732,0.5444865068947763,0.018662916957198274,0.4907773093706089,0.8221380357599499,0.4454895353253029,0.4239514924529144,0.5648970118944008
0.0,0.2497654155495977,0.8773105797683411,0.6215275315538951,0.5042865403447478,0.5857531503898104,0.19732781693382698,0.5928629539235264,0.8221063027998896,0.4525274632324541,0.501419316236916,0.8105599071656528
0.0,0.2546581769436998,0.8781044151196213,0.622285774966621,0.5054287446863346,0.5630412995699241,0.25250468874642923,0.5521780933362915,0.8196633995315259,0.4408607903388944,0.4974744025887039,0.7937917029300837
0.0,0.2616621983914209,0.8774592763478141,0.6218668302415324,0.5059494614189044,0.5668410671113782,0.22848955083966066,0.5553731232896971,0.8184487143059436,0.4411588836107944,0.500836346638715,0.7350159559036831
0.0,0.28833780160857897,0.8739133105113623,0.6133460238332646,0.5053721946979131,0.5515285099102448,0.23054983076731897,0.5597662894756306,0.8157602221952359,0.4155923287077376,0.5055602558838033,0.5872352770525062
0.0,0.2954088471849865,0.8719982499417536,0.6030071129341092,0.5060106195240608,0.5676661659424459,0.21059086896812806,0.5875231121958433,0.8127894174190728,0.3857551160769634,0.5323974412425987,0.561895901173308
0.0,0.30439008042895443,0.8714134905088418,0.5930657418166783,0.5072381867544771,0.5525921929006161,0.23434847188393945,0.6130167886990607,0.8113247407327995,0.3706127415240131,0.5555725382932883,0.4763446738719057
1.0,0.310857908847185,0.8726314275412965,0.5874348592616039,0.5079634352578747,0.5662198147207174,0.2297128420467078,0.5809185711116045,0.8111684917471462,0.3739038591770113,0.5177891666441906,0.5568948525509826
0.0,0.3072721179624665,0.8745565975197775,0.5903870447382993,0.5076432968464563,0.5787813672977985,0.2400786254327393,0.5913541897788626,0.8119659644722035,0.3959203718070109,0.5267296669046139,0.5385508592661399
0.0,0.3122989276139411,0.8774507789677801,0.5976918973791322,0.5084783302285082,0.5901207945784718,0.27420201173458203,0.6555062495377559,0.8121026546529873,0.4027333584612624,0.5468294496018218,0.7677327317364468
0.0,0.31655495978552256,0.8832660201509068,0.6147450924672491,0.5090889176126158,0.5935486961118983,0.2918431586151569,0.7221359366910732,0.8116835291506219,0.41638731045686944,0.5728746847658671,0.9625354717342092
0.0,0.2742627345844504,0.8865935190715699,0.6230848927180556,0.5047702258743699,0.5747383100662183,0.3092911542525144,0.6527253901338657,0.8089322623812851,0.4019055866093637,0.5299784536422018,0.936342740390756
0.0,0.2720509383378015,0.8917845374782052,0.6363345197672607,0.5040765622095261,0.5665972211763526,0.2668622644922986,0.6289919384660894,0.8088763718255416,0.4154565951717813,0.5132372201411136,0.7635359468777942
0.0,0.2330764075067023,0.8966225397974286,0.6482763823870916,0.5034991504218763,0.5771420358826187,0.2508307113052065,0.5679905332445825,0.8095884817363264,0.4234362127203923,0.448882628717924,0.8468003207698469
1.0,0.19973190348525466,0.9010406115386012,0.6599363905937945,0.5004796755109465,0.5669906760682121,0.26995268438378633,0.5422453960505883,0.8107845673349738,0.44730108117252615,0.4774384735701002,0.8391659983961526
1.0,0.2203083109919572,0.9027905896534416,0.6681253418848928,0.5025002486993432,0.5706026040636692,0.25617456236757075,0.5250942977590414,0.8101363831165305,0.4541613958460722,0.463470463451444,0.8938893344025663
1.0,0.22386058981233234,0.8996387747688885,0.6604812039753499,0.5028392871550371,0.5738523533007671,0.25301975872834376,0.5570667850011096,0.8089480071570665,0.4625132203178896,0.4377837745400008,0.9885805934242198
0.0,0.26417560321715816,0.897663184742453,0.6635083903419723,0.5037471205346814,0.5799099899661441,0.2839239576432201,0.5171067228755267,0.8059459770400849,0.44988185644472706,0.4573438754933868,0.9879829787234052
0.0,0.2816689008042894,0.891921249397958,0.6519330018768367,0.5020277804039626,0.5732349608710388,0.2945472760202087,0.4777531247688784,0.8038036435715796,0.4390440849504645,0.4764733441695743,0.8688286040952096
0.0,0.3285857908847184,0.8868189700953433,0.6467956688226091,0.5072778372482855,0.5767919003479123,0.281928061463301,0.4771392648472751,0.8018158843896468,0.4265008182352218,0.4760745349662101,0.8746393827574644
0.0,0.346313672922252,0.8831071899528178,0.6371119215186224,0.5056230158238361,0.5725808385154371,0.2883020524894943,0.5079358035648252,0.7992134084993321,0.41186847672958377,0.4503510058847551,0.8496207746808571
0.0,0.3339812332439678,0.884958476973519,0.6448171119538599,0.5078783631407399,0.5748216889446288,0.2781294203466806,0.4316248798165821,0.7952650974352424,0.3949723100835635,0.4333092114604871,0.5509535253909306
1.0,0.3098525469168901,0.8891187015576738,0.656300645882371,0.5089522931226795,0.5707601367213331,0.2763266754099797,0.486184453812588,0.7949393120990325,0.3808819569854848,0.4301600357592675,0.7136302631168266
1.0,0.3016756032171581,0.8921202704644235,0.6717529228460231,0.5082058271963339,0.5728287437073099,0.29132808863324244,0.4802159603579621,0.7925409415950115,0.3707135384536818,0.4245197978619861,0.6685289803052538
1.0,0.2898123324396782,0.8958213905358197,0.6944363296816739,0.5065176418427069,0.5560875090379015,0.2502512575755527,0.4528880999926039,0.7916518424649809,0.3755388206725044,0.4470186759256587,0.5704922126158729
1.0,0.2397117962466488,0.8988496738655927,0.7141085673983043,0.5046039674887407,0.5449502439624527,0.21851006994006508,0.3742030914873162,0.79151985344924,0.3955684713017456,0.42055669003689616,0.4108430350510315
1.0,0.2139075067024128,0.8999436506594742,0.7237822466797955,0.5049130763875622,0.5318373858367079,0.17550172645019568,0.3357296057983876,0.7930255692102439,0.4188558947793716,0.36491144540097337,0.17915665282936571
1.0,0.25697050938337795,0.8965643753399102,0.7184956195499991,0.5060854074109624,0.5407275342417769,0.18239078745830348,0.3907107462465794,0.7959520234538578,0.44645191603269707,0.3714298535283893,0.3384000749087049
1.0,0.2950737265415549,0.8923812740540049,0.7096946255464188,0.5068031120495403,0.5533934634057803,0.1953963045016472,0.3865542489460833,0.7963787981600698,0.458311061512099,0.36428589619359053,0.2251006585723644
1.0,0.2810656836461125,0.8902085331022653,0.7053014171958989,0.5047816333853143,0.514987105528666,0.1565085208670945,0.4330670808372159,0.7989088496502197,0.4761928504515405,0.423119805261216,0.1699803364649333
1.0,0.282171581769437,0.8896461279071926,0.7026771739074846,0.5047125551692858,0.5289368548360635,0.1386742227433014,0.393358479402411,0.8022122591186684,0.4935205871539475,0.4269099103573339,0.003162992982109439
0.0,0.3153820375335121,0.8905517605119317,0.7061172278254131,0.5051435150679996,0.5221989647177232,0.17807707635976858,0.4745285112047925,0.8091351436179293,0.5301363455361616,0.4597358682252621,0.2255489021956108
1.0,0.29752010723860595,0.8929187135420789,0.712935500411336,0.5067237089597993,0.563299177276168,0.16745375798277998,0.4394571407440284,0.8130933388583157,0.5550162059235522,0.4692981567631591,0.1469917308240684
0.0,0.3215817694369971,0.8965724241921578,0.7216716492449209,0.5099211611812121,0.5380565429932225,0.23872656673021325,0.5238074106944753,0.8188306172027155,0.5973733045683387,0.5181520429269354,0.31074449201211
0.0,0.3006032171581769,0.8977297300922087,0.7268283273248348,0.5109352254948716,0.5374344649241718,0.20518263415802476,0.5468826270246283,0.8203688314865631,0.620486476736959,0.5524997883970199,0.4800563850892756
0.0,0.3190348525469168,0.8990580299519146,0.7344927319761091,0.5093981820335822,0.5129762954159418,0.2097538802475169,0.5931218105169739,0.8209299664414895,0.6383130855070827,0.575322665343606,0.7239486416077403
1.0,0.2876005361930295,0.9004273241112649,0.7429412914634207,0.5091553582875248,0.5233732282243299,0.1729907602883619,0.5874491531691446,0.8197008169955609,0.6292743605525243,0.5687548346271672,0.6601693338295489
0.0,0.29353217158176936,0.9015318494007596,0.7467271160627112,0.5100057807489969,0.5358241660552386,0.19340040832172825,0.6267287922490941,0.8199857129247663,0.6259101496661064,0.5907244695526984,0.8279214737625615
1.0,0.3252010723860589,0.9006404819838982,0.7439575668275525,0.5101003063740694,0.5301621161813854,0.2096251127520382,0.6026033577398122,0.8193218187551652,0.6107163673461647,0.536513395510418,0.8919333829549662
0.0,0.3391756032171581,0.8993447393209968,0.7384263879446087,0.508045700337478,0.547313826042387,0.21065525271586732,0.5925375342060495,0.8178280612426712,0.5917454876418893,0.5166899862023207,0.942128768142908
0.0,0.3388069705093834,0.9013740770796316,0.7419258174266677,0.5080102108138791,0.555339760146879,0.211749776427436,0.601124177205828,0.8156396155150261,0.5862956126600134,0.5272292024424724,0.8085944830174507
0.0,0.3238941018766756,0.9030539870102372,0.7431765342303659,0.5064344883519627,0.5265900665380737,0.2261073521733056,0.5821980622735005,0.8133796296083801,0.5943602498082637,0.4940239356554943,0.8437324075811578
0.0,0.3279490616621983,0.9014371448536236,0.7366407018384431,0.5067042329190801,0.5545783899532792,0.1988086431318314,0.5818948302640338,0.8124083682159307,0.6170488056585304,0.4940705225738165,0.7421655094764492
1.0,0.3391420911528149,0.899674253285422,0.7298152934589084,0.5076217832135471,0.5503214177849196,0.13687147780660028,0.5340285481843058,0.8104052160328845,0.624700221691714,0.4784094460026543,0.7122349408894718
1.0,0.3075737265415549,0.9001419553526273,0.7277367806533284,0.5073494482763106,0.5554946793426458,0.11143989744956656,0.5839878707196213,0.808280662070666,0.6255466135586611,0.4800969570294613,0.7382248076562196
1.0,0.29420241286863263,0.9022399447355988,0.7299285759610716,0.5093725623830229,0.5474944455774748,0.10049466033388127,0.6629761112343757,0.8042226220984721,0.631668914171541,0.5187502614467978,0.9973728654531788
1.0,0.3195710455764075,0.9023651824667318,0.7297984560579215,0.5087787371396753,0.5567589438112216,0.10319877773893284,0.6633311145625329,0.7981493896884313,0.6248086735282217,0.5196848339861626,0.9555119118777252
1.0,0.3263069705093833,0.9007935515829812,0.7259449189532345,0.5095520541468672,0.5498848358727915,0.09714670545143624,0.6690333555210413,0.7919559153499709,0.6026144401310909,0.5251271550093154,0.9917447676394899
1.0,0.3246983914209114,0.9012216867009362,0.7255582061556107,0.5090688855984126,0.521302878719691,0.06540551781594865,0.7015753272686938,0.7861459925142076,0.563729987534229,0.5519214222644839,0.9991421021927868
1.0,0.3079423592493298,0.9033093860194236,0.7246004386662729,0.5104150757580864,0.486461261419471,0.038621878756389186,0.653583314843577,0.7816091226263129,0.5348518773381196,0.5151744054972408,0.774492700394823
1.0,0.29339812332439663,0.9059969975124428,0.7263212447207221,0.5122672652369353,0.5213860109807484,0.030187607802537517,0.6463649138377341,0.7800806272921743,0.544198428775764,0.5021805180301468,0.8267376733082369
1.0,0.31373994638069713,0.9096026436188248,0.7357855744330357,0.5112598443222367,0.4565948114009632,0.051369860808775786,0.6615560979217519,0.7786392457068751,0.5443013369943439,0.515940578837562,0.751813423928016
1.0,0.2937667560321715,0.9112481718430028,0.741073940998803,0.5124402348916777,1.0,0.04016708870213307,0.6597441017676203,0.7775345138432956,0.5471994516200823,0.5115788146581466,0.8294922413001558
1.0,0.29004691689008044,0.913761649583757,0.7474194288891912,0.5115318958888899,0.4561255846910233,0.004562876202285965,0.6431994674950074,0.7748588271086105,0.5222946632405123,0.5429831856300429,0.8088329813607562
0.0,0.3208780160857908,0.9153853139667328,0.7482709695688414,0.515822635602569,0.5988835366891229,0.01124284546197878,0.7079505953701651,0.7720073667636127,0.4939785747478895,0.5403941381494961,0.8125975576163816
0.0,0.3314008042895442,0.9208177177494092,0.7608755950552302,0.5135604781274349,0.551201500653168,0.02688282372255289,0.6846165224465643,0.7688756121960338,0.4744457801041313,0.5719054330938398,0.7846661680893311
0.0,0.2833109919571046,0.9251383629082812,0.7742820207841086,0.5115093188504604,0.31150042510824194,0.014638484164443634,0.650166407810073,0.7682270619337785,0.4599500212210966,0.5795795840091579,0.769089924439745
0.0,0.3388069705093834,0.9284180879327892,0.784300951567583,0.5149765456576944,1.0,0.04550410700007283,0.6138081502847428,0.7684281934175667,0.4591609374960735,0.5926655205678429,0.7251205611573888
0.0,0.35556300268096497,0.9273978814851548,0.7794008606280942,0.5170319096447311,0.5713172221699508,0.04426837246492697,0.6119961541306116,0.7702181002557584,0.44563284038727735,0.5896438107685893,0.8447275446785463
0.0,0.4315348525469169,0.9265078135695766,0.7713932422930456,0.5228236245970919,0.6025646104229512,0.16468387579498686,0.5545151985799871,0.7702244794764288,0.4432828527037286,0.5363519302354607,0.9076514428656174
0.0,0.44363270777479896,0.9264073013309816,0.7648954451429929,0.5206320504256131,0.6081376288699567,0.16730265619154522,0.5087567487611862,0.7674430642740147,0.424969761446636,0.5506805776844798,0.7999329499445547
0.0,0.4499329758713137,0.9274742631443638,0.7652512771251934,0.5214137111301319,0.5988671119122371,0.19124579124579133,0.595421936247319,0.7639328345115974,0.3950669263677074,0.5666492445350451,0.8852412512571884
0.0,0.4369638069705092,0.9290949209171612,0.7687526228548504,0.5234941021921816,0.6003014439614034,0.17740366629255505,0.5984394645366466,0.7586786331415865,0.3516003539352488,0.5689418549774802,0.8409191800496145
0.0,0.4360254691689007,0.9304227751362526,0.7711049215975725,0.5233801420365362,0.6216403298150093,0.17126823793490453,0.6209082168478663,0.7540547630238326,0.32386138183245183,0.5877780516083727,0.9932628280454371
1.0,0.4136394101876674,0.9319236224176356,0.7741522141413766,0.5205447538244014,0.6147144011899089,0.11941638608305262,0.6192367428444641,0.7475502887566474,0.2800509095318641,0.5876982030686534,0.9773438939031126
1.0,0.39902815013404813,0.9349080691671596,0.7833751588398896,0.5223899603932703,0.6219421051008436,0.10602319491208397,0.5749204940462989,0.7402361302295517,0.2237787080246418,0.6045581791112958,0.8190581445324503
1.0,0.3758042895442359,0.9392519121293376,0.7988578568550959,0.5231687532693026,1.0,0.08656939768050875,0.6383477553435397,0.7348614831101359,0.18899966252144376,0.647008228949677,0.7494013630502849
1.0,0.3460455764075065,0.9428068525865798,0.8129228245672118,0.5231249284645826,0.5927883526576302,0.0567153011597455,0.6368389911988759,0.7310145840985347,0.17669827472078048,0.6466609026634993,0.6541413397187942
1.0,0.3421916890080429,0.9456087132085428,0.8248379681915434,0.5225520269821439,0.5972835580252076,0.005882808266893872,0.5017972043487907,0.7298357956202175,0.1869421133613287,0.5967685373727271,0.4248787376435185
1.0,0.35931635388739946,0.9464834791921221,0.8307558166357574,0.5248087711836984,0.6103446555423363,0.048920195061537435,0.4763700909696026,0.731206350993385,0.2031656327431723,0.6297178755213705,0.3768035856818317
0.0,0.3913203753351206,0.9504269896994312,0.8457729405046308,0.5251648768533347,0.6013177145970395,0.09675671491601516,0.5397529768508244,0.7307557988974476,0.2052342061439765,0.6227432394637058,0.4591698900963953
0.0,0.33766756032171563,0.9537040099061056,0.8533626688694496,0.5223916147276966,0.6101182348075538,0.0667234306060841,0.5444123955328746,0.7307208580725082,0.2194324441766018,0.625971365637612,0.3209615030392331
0.0,0.3312332439678284,0.957637766511287,0.8632362995532501,0.5214786156068578,0.5703629597658048,0.0424181438191812,0.4765623844390208,0.731876879470041,0.2218800005198737,0.5824836307577068,0.4063977405292571
0.0,0.3254021447721178,0.9589625319034982,0.86488752624356,0.5206056819115142,1.0,0.01617772273395776,0.5410842393314106,0.7344189915398884,0.23095301149988,0.5721399348394468,0.4543500951679256
1.0,0.317225201072386,0.9622100157068232,0.8772062894352481,0.5232606028424748,0.5702653088025683,0.004799133059834388,0.4363508616226608,0.7364486864329742,0.2210364564603394,0.557571644306621,0.189353472094308
1.0,0.31387399463806953,0.9659175123891688,0.8888605946950425,0.5231445423806751,0.5179628375395657,0.018021226130142017,0.3393683899119887,0.7407042894275968,0.23324867395015175,0.5090941907280292,0.16991044020380394
0.0,0.33659517426273444,0.969164700908508,0.9012472265680188,0.5223387971092139,0.5793971387490389,0.060912889746062224,0.4810073219436434,0.7469678093725678,0.27947238263683044,0.5395713343680885,0.2982056394189688
0.0,0.3559986595174261,0.970007427319436,0.903951332477778,0.5210809602940677,0.5683443106831116,0.10527161684345887,0.4044301456992821,0.7510926752079337,0.3169325502449177,0.5051718978360406,0.3998227792018722
0.0,0.3947050938337801,0.970641968017652,0.9077840144119208,0.5221272878994394,0.5821097356705465,0.1763098682095789,0.3520227793802229,0.7573702087551364,0.3673134241378492,0.4851026339065171,0.4811569521507434
0.0,0.4019436997319035,0.970115565790494,0.8898805491439403,0.5193231651530665,0.5769281678644795,0.19302475088396048,0.4271651505066193,0.7602583353787521,0.38719647437462507,0.5164352865591826,0.6269274248247788
0.0,0.4169571045576406,0.9729909345224774,0.8837975528808969,0.5174311651125811,0.5733831228854211,0.20073931211829005,0.4540936321278011,0.7589543419859701,0.3854281126865379,0.4788730992536255,0.6723716934207553
0.0,0.3601541554959785,0.9751911565835184,0.8744457901550708,0.514375965445382,0.5687746940676218,0.15654130504660896,0.3284224539605056,0.7564850610115026,0.3932267906137277,0.4692324317700433,0.4822292561609759
0.0,0.36997319034852544,0.9765263339969091,0.8827568566085708,0.5118242775681255,0.5775572584904268,0.15903246544519464,0.3132164780711487,0.7573840243769911,0.4251945927264403,0.4601716097190068,0.3864197023271108
0.0,0.4070040214477212,0.9759123936956,0.8850627095495165,0.5125664288682521,0.5599503366286065,0.1816939890710384,0.3372457658457215,0.7578007905469528,0.4525439007714184,0.4212379934966111,0.4438985280815719
0.0,0.4148458445040213,0.9764253981493294,0.8900383513791053,0.5135445973548828,0.562859446180707,0.22934747669559644,0.2931661859329928,0.7582259227406938,0.4859894492534678,0.3941661094194242,0.3210673464353257
0.0,0.4087131367292225,0.978848208609664,0.9001101355285548,0.5128267603661061,0.5635810984798616,0.2353744776599166,0.2558686487685817,0.7603818920043572,0.5258578757086907,0.3804891836147216,0.29444712871995765
0.0,0.4007037533512062,0.9802682386497544,0.9146096261561568,0.5155745974902953,0.5683985160470515,0.21946319511411125,0.19946749500776567,0.7613121684785957,0.5315938537566117,0.339850162955471,0.10037400905495553
1.0,0.3761729222520108,0.9816021739138064,0.9324014019249304,0.5125283207457092,0.5711131071283972,0.1570234651237546,0.24305894534427894,0.76508491570936,0.5263510840038603,0.3670758796757832,0.04849591095363345
0.0,0.3877680965147453,0.983195871748709,0.9460280926107312,0.5139916020432768,0.5710411297579374,0.1998553519768564,0.3362029435692627,0.7700029054918229,0.5253343518812661,0.3617693110127056,0.2416026914335817
1.0,0.3834785522788202,0.9848607340458572,0.953051979054352,0.5171706741049988,0.5668097460119208,0.1909353905496624,0.3793210561349015,0.7721798560284174,0.5150530976189887,0.338198187834287,0.27510244984878585
1.0,0.3620978552278821,0.986168671539578,0.960169049923702,0.5181986108284843,0.5741591794920249,0.1448087431693992,0.3732712077509061,0.7733414573988411,0.4947514421112375,0.33370138398370386,0.16483654953917082
1.0,0.3769772117962467,0.9879710079680628,0.9649409789064499,0.5200593826552672,0.5585659842713426,0.18209578913532645,0.3734782930256639,0.7764144517115876,0.4585491315244917,0.33281345546373403,0.0724546370967742
0.0,0.3881702412868631,0.9884341904433752,0.9573961606010604,0.5214636678794868,0.5745934668079701,0.21849887495982,0.5087715405665263,0.7834600455541596,0.4737704500112601,0.3534366132440808,0.18067748881895024
1.0,0.3822721179624665,0.991922675322845,0.9570348128296656,0.5206371938505966,0.5569635557180976,0.17148826743812304,0.4127801198136231,0.7878184483281898,0.4893502888809826,0.3498113554325332,0.03238363425542461
0.0,0.3588806970509383,0.9959496699789312,0.9585319718736368,0.5181504725727298,0.5552514261455785,0.2214721954355513,0.4345684490792103,0.7971802762287123,0.538732991164935,0.3610796937721281,0.06986771411802044
0.0,0.4062667560321715,1.0,0.9669002708505032,0.5237145341848111,0.5549459320161679,0.3550305368048859,0.5092522742400708,0.8035360936354248,0.5768117432989791,0.4032413478644423,0.3868346200731419
0.0,0.41156166219839146,0.9997058972242066,0.9635465123099358,0.524304095603927,0.5621794916364194,0.34120861459337865,0.44144663856223615,0.8037722192737099,0.5832293130231085,0.3553364532312429,0.04602916610230779
0.0,0.4406501340482573,0.9986257865111206,0.963094671913218,0.5239864292073929,0.5894798657633885,0.3962552234008358,0.6050883810369061,0.8090568648922609,0.6082867868166315,0.4219828874436368,0.35225066594428805
0.0,0.5016420911528148,0.9993201325806608,0.9689860634512221,0.5271566798538244,0.5840758749480192,0.5349566055930568,0.6856519488203536,0.8110828968470631,0.6149351816244715,0.5028303301021824,0.6224434511716108
0.0,0.4673257372654155,0.9971494149117957,0.9687781882582452,0.5269357161220072,0.5883505746467774,0.4934908389585345,0.6636417424746689,0.8097221275628972,0.6182986292318343,0.4764983946829152,0.6236173190663229
0.0,0.514142091152815,0.9963781615245256,0.9663966256806822,0.5286597477350282,0.5897438231793766,0.5203310832529733,0.6817617040159751,0.8082510082501988,0.6332196931501942,0.4888899719988621,0.5867985010609965
0.0,0.5315013404825736,0.9945264155388978,0.9648216165065686,0.5304520215245624,0.5888966139083506,0.5925747348119577,0.7418977886251019,0.8053453082129214,0.6302504051828204,0.5622121313563985,0.780531852453835
0.0,0.5219839142091149,0.9858784369007336,0.9398454363689877,0.5330634363604627,0.5868477037237367,0.5816457730633237,0.7947563050070259,0.7984455055537156,0.6143051403358295,0.5940853694344511,0.796060393960603
1.0,0.6073391420911527,0.9749432613574928,0.9118472371316529,0.5446340000241936,0.5738531276939739,0.48995499839280005,0.854944160934842,0.7906312870664622,0.5865822367884984,0.6257814786343822,0.8190052169184493
1.0,0.6179959785522787,0.9650430801700318,0.8817468234345229,0.5461606327418279,0.5877175859828513,0.4694631951141113,0.8629613194290366,0.7820710501855572,0.5581509089499573,0.6296278188954173,0.8252735731603437
1.0,0.6113270777479893,0.9634456347309256,0.8829914220206063,0.5450229640559902,0.5836719235662692,0.4909193185470913,0.9604984838399528,0.7728491014546066,0.5151336710256856,0.6661590631596839,0.9682920024289776
1.0,0.6166890080428952,0.9632039663178102,0.8831221925913839,0.5458176742371509,0.5781241026554556,0.4795155681681921,1.0,0.7631853556010022,0.4793014570015214,0.6834386093236637,1.0
1.0,0.6193029490616621,0.9638214647100394,0.8904102737251589,0.5461073794437511,0.5608631475952657,0.4868699788160998,0.8129576214777016,0.7555333827801156,0.4525623251943265,0.5452587797661113,0.9852430016758746
1.0,0.5687332439678283,0.9633837558164056,0.888133862759261,0.5436748992879148,0.5605558020543581,0.4298732962948159,0.7476739886103098,0.7505715039679395,0.4391791404731476,0.5446297798613264,0.9911473144711682
1.0,0.575,0.9633968396254504,0.8940015751521366,0.544789364786446,0.5592233657080524,0.38494743994564135,0.7976776865616448,0.7457870943503053,0.4338203773157588,0.5685608483593668,0.9875301483039975
1.0,0.5530160857908845,0.9607372594197374,0.8850253174572851,0.5460045199941183,0.5642584976122589,0.3376234062112793,0.643169883884328,0.7418327816878048,0.4381753692376968,0.5220972636987421,0.931280836089056
1.0,0.5449731903485253,0.9604036966857532,0.8829833756830403,0.5452841813112073,0.5644334000681205,0.28910028378432384,0.524842837068264,0.7420160272735923,0.4774239023035446,0.5121039334089289,0.8400325381527523
1.0,0.5344168900804289,0.9596066918782502,0.872204010303794,0.5476825176994627,0.5640282302970913,0.2718334066109758,0.4571925153464983,0.7412462475853743,0.5075035988544812,0.529001769090226,0.7279881165007341
1.0,0.5644772117962467,0.9598268038120475,0.8671802483449005,0.5477088158863915,0.5651989726006242,0.33889677566098586,0.5200798757488353,0.7418829473325261,0.5331189454716116,0.510050897057233,0.8308546570231132
1.0,0.5741286863270776,0.9586823413389788,0.8611805550299472,0.5488756782633271,0.5817445460288629,0.3621126440207375,0.4972487242067896,0.7402013513902552,0.5419385767617396,0.4987618845314497,0.8765318573272741
0.0,0.6266085790884717,0.9585427550921488,0.8575850785214918,0.551519348291582,0.5788008091646883,0.4658212186823385,0.5054507802677319,0.736501912589212,0.5273840595487312,0.5027785881427189,0.9882357286645614
0.0,0.6288873994638069,0.957636076867358,0.8530987989612318,0.5515677296305153,0.5769381674877465,0.4897564746810978,0.5313216478071149,0.7307846016993849,0.503047491442891,0.5154029937155833,0.8745864274685693
0.0,0.6246983914209114,0.9573664551123312,0.8465227856930592,0.5512074339782439,0.5794984269193754,0.4727483571704678,0.4411434065527695,0.7267611727951435,0.485190284366609,0.5203117381881213,0.717226674509227
0.0,0.6168565683646111,0.9572897066978132,0.8486492710288702,0.550409201049576,0.5779117183169037,0.4621804111979364,0.4039272243177279,0.7266456180826533,0.4848518729257934,0.5037168167723023,0.7323336560062828
0.0,0.6208109919571045,0.9561102561366456,0.8456887506587611,0.5506260319114604,0.5756460038685391,0.4928305894848648,0.4504030766955107,0.7252884241262822,0.4792324644813454,0.4761832689736281,0.7857012717268521
1.0,0.6292225201072384,0.9533307356685036,0.8425073534537348,0.5519956093061651,0.5731722789303365,0.4674152188756544,0.4412765328008283,0.7213118288292379,0.4535925347955001,0.4711787036025809,0.7113471559231871
1.0,0.6573056300268095,0.9491228541750264,0.8335919996378539,0.5519396429864986,0.5752845477890498,0.4981198849811989,0.454907181421492,0.7187990943346934,0.445341510835696,0.4283211980891188,0.7195641875888201
1.0,0.6567694369973189,0.9454449567422594,0.8287088461663523,0.5522119873999745,0.5786362232956714,0.4828433143104819,0.4046076473633607,0.7149657788920076,0.4325348821397901,0.4010593534236885,0.5806763108989547
1.0,0.6475871313672922,0.9452161844483236,0.8308118566287037,0.5515491938631685,0.5785654014025108,0.4523170387115005,0.40423785222986464,0.7141739254206609,0.4380713378013825,0.3995506603988375,0.4241518784389468
1.0,0.6056635388739944,0.9447061559391824,0.8309663349833916,0.5496378481582603,0.5755799478747337,0.4259747467739696,0.38407662155166056,0.7158277421768746,0.4477646673471671,0.4380472154112123,0.4041285573734651
1.0,0.6128016085790884,0.9446790671897792,0.8298433851691249,0.5508726585003282,0.5761997446616176,0.4032884695434994,0.352814140965905,0.7193937371516991,0.4628177783957765,0.4171456592693963,0.27096162955945113
1.0,0.6135723860589811,0.9439051810374296,0.8302058902262861,0.5511488161317756,0.5846861682113523,0.38927431663660345,0.3022483544116558,0.7260645036078865,0.4980042762611978,0.3797544090697534,0.000246984728110754
0.0,0.6656836461126003,0.9447030635457064,0.8372997548721695,0.5568998389768819,0.5887772454868477,0.5282474226804125,0.4066415205975889,0.7373230238171942,0.5581025424342951,0.4342462282585805,0.2495730494794721
0.0,0.6795241286863271,0.9440433231714837,0.8462654562657386,0.5584549509908628,0.5960299643162599,0.5615120274914088,0.446128244952296,0.7435785384388847,0.6053352013745908,0.4587350781280064,0.4138963621476199
0.0,0.6918900804289543,0.9402934569965338,0.8412749586738051,0.5602774843880856,0.5965476217743313,0.5519587628865981,0.3865616448487537,0.7470769309071372,0.6370624556056129,0.4065163738068646,0.0005308597133359074
0.0,0.735087131367292,0.9369449876662429,0.8357192766053947,0.562249014411426,0.5985748990968355,0.5988813423891329,0.5265734782930256,0.7541590049487976,0.6841953990088396,0.4663980284879597,0.12230532336119762
0.0,0.7230563002680963,0.9320133154238496,0.819831672201589,0.5642244079199821,0.5980875539948003,0.5958522018770099,0.6266696250277347,0.7557590726337273,0.6911996315213185,0.5176617130677823,0.6255856003945106
0.0,0.7720174262734585,0.928959182205526,0.8140267145868152,0.5671346829691829,0.5958967129391476,0.6358337557019769,0.6832334886472892,0.7528531994162582,0.6684428910553709,0.5201417514807789,0.7823232672241031
0.0,0.7826742627345844,0.924429214897658,0.8030551501011163,0.564776402431044,0.6078848512683868,0.6588406554439925,0.7188373641002884,0.7495574553445392,0.6490963808073549,0.546516163527969,0.7509078309078315
0.0,0.8051943699731902,0.9242450396489356,0.8131288084457982,0.5639779709507606,0.6152600306582161,0.6855749645083636,0.7364322165520302,0.7474677000036878,0.6256285125073107,0.5693117601933322,0.9102425292334346
0.0,0.8103887399463807,0.9242369636601152,0.8217234259030306,0.563097078282674,0.6104331457083012,0.7438148443735038,0.7567487611863031,0.7443038561916373,0.6088277248180959,0.6014177295248768,0.9869532265049812
0.0,0.7861260053619301,0.9245973712564068,0.8371845716518134,0.5642696858072641,0.6120201007996123,0.705015654736325,0.6951852673618819,0.7396072930415805,0.5717363706488352,0.5602817264560079,0.7317832394976197
0.0,0.7692694369973189,0.9232450832004682,0.8399774237388524,0.5663082388239988,0.6136869297648766,0.6745656578058814,0.7030619037053473,0.7379451689978886,0.5737884922848965,0.5721079925789269,0.8300941966219153
0.0,0.8036528150134048,0.9202425990448586,0.8402163606254582,0.5665977987856725,0.6079842733485333,0.7355884339124563,0.7423045632719474,0.7353660590084543,0.5706526628099853,0.6512250214566662,0.9954255088783036
0.0,0.8153820375335119,0.9182878049932794,0.8357976315584691,0.5687422811654378,0.607736646644409,0.7167413591994598,0.7024110642703938,0.7297560549219901,0.5619289760918302,0.6465379877985588,1.0
1.0,0.7752680965147452,0.9149588638644324,0.8319782352461921,0.5670795689730495,0.6028441176840437,0.6802136411074958,0.6829746320538423,0.7249413631446733,0.5550958327060183,0.6316988813012521,0.9934572779685186
1.0,0.7848525469168899,0.913473624235277,0.8311889915688013,0.5689414997578519,0.6108461870656954,0.6595862238320339,0.6613194290363142,0.7195350263958613,0.5412679694689697,0.6473898792465042,0.9618606484675284
1.0,0.7926943699731901,0.9096869941512984,0.8283767600475658,0.5662270795029171,0.6120834959998978,0.6731536619804775,0.6893942755713336,0.7134843860962838,0.5270293837895003,0.6704190306411408,0.9819536937993842
1.0,0.7973860589812329,0.9073973222077716,0.8298705622578939,0.5672679867329066,0.6153883339163078,0.666366420464781,0.6615708897270913,0.7068416515370772,0.5021758904312382,0.6503092812171336,0.7568491877625371
1.0,0.8190683646112598,0.9062246664297058,0.8376666156899713,0.5697176029367911,0.6185369379843049,0.7068996577193299,0.6696989867613339,0.7031321476057968,0.4933843860399015,0.6653570349270143,0.9673544810594392
0.0,0.8003351206434315,0.9064137902303826,0.8513061793691046,0.5704727961326996,0.6232739356813514,0.6983126163454031,0.6551512462095997,0.6995859726068225,0.4791957933922689,0.6535530011003621,0.8551203184367657
0.0,0.8155160857908845,0.9061408161869104,0.8639076957904217,0.5716057102166059,0.6335459319593005,0.7433495466282349,0.6292286073515273,0.6962636096235757,0.4678745493762009,0.6617070865201555,0.7902133639964233
0.0,0.8357238605898122,0.9057678143530437,0.8717588285761197,0.5704058349694254,0.6367208374931659,0.7682699813847356,0.6648546705125362,0.6934732093167799,0.4512281682996856,0.666420057078287,0.8916570844512599
0.0,0.8382372654155494,0.9048807896217144,0.8724535702286031,0.5696839617967242,0.6542705787106317,0.8026181468804419,0.6797943939057766,0.6885902620248228,0.4229914978217226,0.6494574468151346,0.975978534009117
0.0,0.8309986595174261,0.9037323532388796,0.8716585559874768,0.5722295211078038,0.6406843897107689,0.7996156848615864,0.6846461060572443,0.6827558159478886,0.3859095032872221,0.6547074646233662,0.9757435501842808
0.0,0.823592493297587,0.9012500319797998,0.8706860714995677,0.5718921898750198,0.6557635191503217,0.7740347084609379,0.6748835145329488,0.677223545124882,0.3614335662285616,0.6471346057141054,0.9665410528719882
0.0,0.8319369973190347,0.8993691210228092,0.8737982360884999,0.569229009955255,0.6326551799450452,0.7859244580556057,0.6572738702758674,0.6739086564756394,0.3551819812661463,0.6313267010405658,0.9907892439322502
0.0,0.8415214477211795,0.8965222568699633,0.8733063831356573,0.5695805173037481,0.6566191218335661,0.8242358734162013,0.5693661711411878,0.6718446276770311,0.3588342530635526,0.5346188434157866,0.8577878103837466
0.0,0.8491621983914208,0.892864640892657,0.8702386448037511,0.5711641496337221,0.6318667858263973,0.8044196240917553,0.49457140744027794,0.6712272794267502,0.3610811072667118,0.4744123287143632,0.4975745641419715
0.0,0.8747989276139408,0.889969771563766,0.8689272539550251,0.5705943900261319,0.5635910973377228,0.8337236533957847,0.5364839878707196,0.6745604420234068,0.3863150600336414,0.4918942966633243,0.6556361365928616
0.0,0.8928954423592492,0.8896746095215706,0.8767132663011552,0.5711453107971899,0.6502220389274649,0.903861166156248,0.42792692848162095,0.6760355666949598,0.39885022291598,0.3567312235141962,0.610849266340594
0.0,0.8726876675603217,0.8900294814645588,0.8844095133280343,0.5714420194255091,0.5999003815540437,0.9033207229928544,0.42927298276754666,0.6791743974157469,0.4375856036162529,0.3582174845315946,0.49209378407851706
0.0,0.8805630026809649,0.8877025848917188,0.8857874226775662,0.571910533769338,0.0,0.927880862307092,0.4198653945714075,0.6799759040064846,0.4497697083954453,0.3504662925643484,0.5920704159526411
0.0,0.9154825737265416,0.8848406173957681,0.8857133831698889,0.5723078131364676,0.7279411779070801,0.9622890770431756,0.4435100954071444,0.6804075693073162,0.4597980731677137,0.33155281346346416,0.5763053655023409
0.0,0.8705093833780161,0.8813283244928838,0.8839113261994349,0.5710083289039549,0.5828555742908886,0.9227391914141104,0.4544634272612975,0.6793053829701967,0.4531470212212033,0.3415452486171422,0.6532949225783227
0.0,0.8678284182305629,0.8799031610158403,0.8878992008246236,0.5743500628639839,0.0,0.9193243490456734,0.4769617631831965,0.6775935795096135,0.4437631741926722,0.36713222548267216,0.6454087144400437
0.0,0.8651139410187665,0.8765523519099436,0.8851189431757165,0.5736169428992514,0.7279365753361968,0.9286541862308676,0.4975075808002365,0.6755966783524411,0.4404486151852151,0.33903683882328084,0.7007202016564632
1.0,0.8508378016085791,0.8745489338628765,0.8871941978262785,0.5729293026667602,0.7908339668861046,0.8822489176169277,0.4625471488795209,0.6721753119098679,0.4266665196411865,0.3478553948380029,0.5344256391789699
1.0,0.8328083109919571,0.8705903087914677,0.88473605973608,0.5699526161036385,0.7920997179766676,0.8861515946094272,0.4818800384586939,0.670828039713401,0.426423954215988,0.3705675207414989,0.3623334533669426
1.0,0.8598525469168901,0.8669409837356887,0.8834506380828842,0.5697038775596801,0.7355907659124017,0.8945057625464967,0.4682419939353598,0.6708059380131204,0.4253060864772353,0.35728298591940444,0.3813467770975879
1.0,0.8221514745308309,0.8591948270320262,0.8700107368838335,0.5667430127974867,0.7322433688270286,0.8135252149521309,0.4599881665557282,0.6718744770274163,0.4353912238595539,0.3954056048536481,0.3411955347497301
1.0,0.8571380697050937,0.8576913048266115,0.8722711187241563,0.5678528588402115,0.6726477407474644,0.8150496981523261,0.4772280156793134,0.6729113051325948,0.4456775350194714,0.3653214486445578,0.4053655023406546
1.0,0.7233579088471849,0.8551394686921918,0.8691663976421209,0.5554346388249678,0.6602565295840549,0.6732117812061709,0.466252496117151,0.6743017177492001,0.4632138163080058,0.3518492749665627,0.317680950666186
1.0,0.7394101876675603,0.8618138878709731,0.8961674237386885,0.5577125565436853,0.6560277867233464,0.6661381791572657,0.4214555136454405,0.6763319475730272,0.4827811661373128,0.3573443439226877,0.3056175729204175
1.0,0.6545911528150131,0.8636847951956459,0.9118749781322496,0.5496880552096866,0.6635912200454256,0.6535154582596497,0.4145403446490643,0.6792353878083377,0.5069211258816093,0.34761169550437626,0.18602808786460165
1.0,0.663337801608579,0.8677616956599146,0.9326582068680704,0.5507781195164196,0.7122498143701265,0.6517470577474236,0.3949042230604246,0.6821202999752289,0.5267603962294606,0.3699569948092287,0.11776194437411833
1.0,0.6924932975871313,0.8642099487675772,0.9284961047478852,0.5536441582772523,0.6729623862939192,0.718336483931947,0.41393388063013065,0.6858501459752588,0.5524226076556883,0.3958819549417572,0.047679617637989086
0.0,0.7016756032171579,0.8609272078581367,0.9244589624497624,0.5552939312051981,0.7008673557821409,0.6877858406000363,0.4948672435470749,0.6898859389237941,0.5808874283849392,0.434346112099336,0.31273109407231525
0.0,0.7178284182305629,0.8571272373805856,0.9197590621708128,0.5533715914451391,0.6848583379704976,0.7171168973717907,0.5151172250573183,0.6925420353471201,0.6066416331360786,0.40758275898659735,0.2552348893619128
0.0,0.7050603217158176,0.8565194497086368,0.9253352592201124,0.5522383462139598,0.7277654999962491,0.6909567656564426,0.4774277050514015,0.6946518827161037,0.630120405964569,0.413257828654886,0.13761694965595644
0.0,0.7100201072386059,0.8580260550014915,0.9364785467734832,0.5520414454037538,0.7507802840495471,0.7371181169583509,0.6094667554174986,0.6980289953557257,0.6604631591304728,0.5491565590151701,0.8622478087236142
0.0,0.6885053619302947,0.8613243754990716,0.9519841611536256,0.5489207570648941,0.7816688577225102,0.7465089334715529,0.5999852081946603,0.6950303756642873,0.6618556154526565,0.5383132383153408,0.7956018878688872
0.0,0.6975536193029488,0.8636030676510815,0.9675169463755118,0.5490280271164041,0.8639553638355075,0.8116348557838889,0.6598180607943198,0.6926659265001303,0.6688401317359761,0.5859398081909447,0.9950547852225348
0.0,0.702278820375335,0.8631996223664975,0.9782948030791719,0.5492929906038302,0.7820271058503223,0.8329166412586129,0.6485984764440501,0.6889187328670137,0.6782276960114791,0.574883299848958,0.9310361469041072
0.0,0.6976206434316352,0.8616350797562837,0.9864000716694348,0.5489998803332763,0.8652226933358159,0.8164522226965057,0.6340285481843059,0.6861254804693937,0.6889201927417692,0.5373593870965082,0.9665061390949704
1.0,0.08661868442725679,0.7458415506500753,0.06855231053695945,0.4732439219002986,0.5515571317616218,0.3655971479500891,0.4678574069965236,0.9659562272182702,0.5377748420304204,0.4763144021271154,0.743230347131098
1.0,0.09424571203494836,0.7445725809501917,0.05899251868204754,0.4734558842689949,0.5393644576796481,0.3480095068330363,0.38613268249389865,0.9642331834655355,0.5297164572990556,0.4679265584766255,0.4611734889340781
1.0,0.0971819386257028,0.7438198881107659,0.051632814268150785,0.4733632572136404,0.5275631753412766,0.3342245989304813,0.3628060054729676,0.9644842521509064,0.5302891310432448,0.447770734113793,0.3181794026995425
1.0,0.06824936441436598,0.7445987486070542,0.04879501804330808,0.4741667026863488,0.5565674539798493,0.3135472370766488,0.3565268841062049,0.9659746458570416,0.5249281444849738,0.4402084269306477,0.1321872675098308
1.0,0.08676191499265945,0.7455757593085104,0.059370871455265616,0.47655624366234006,0.5429930608784439,0.3557338086749852,0.4434657199911249,0.9700291152895296,0.5456550005470402,0.4974789495067221,0.4573280901264736
1.0,0.08858810470154327,0.7455377480176038,0.06094834393608916,0.4763570852742785,0.5300515631718846,0.3417112299465241,0.4626506915169,0.9710197879650908,0.5591668851349085,0.4623678411102949,0.5150653629503669
1.0,0.08314534321624227,0.7463548942255103,0.0609957999325787,0.4795122966128279,0.5121197452029935,0.3377896613190731,0.4097330079136154,0.9692947052329804,0.5627074829108304,0.4091881204449082,0.31594749707726555
1.0,0.03312206824936431,0.7489014126273366,0.05904010496730295,0.4776685734456036,0.5289097052231723,0.2886512180629827,0.4508468308557063,0.9689668322638608,0.5887988901685037,0.45033694049727613,0.08261363636363615
1.0,0.017653167185877502,0.7509493049791458,0.059949007574627074,0.4766790633890688,0.516241927277184,0.2943553178847297,0.5735892315657123,0.971742937248634,0.5841647919937369,0.5063967400093614,0.09259326660600399
1.0,0.028717728363232664,0.7512015866638975,0.06406591710167965,0.4739168922792934,0.5144746561724662,0.2947712418300653,0.5699504474521119,0.9735570925936892,0.5651596984925521,0.5023443119577018,0.4446663104311396
1.0,0.030722956278869895,0.7504794044468992,0.06356830571974571,0.4736558356744932,0.527880941607457,0.2810457516339869,0.5518009023001261,0.9740261188170138,0.5219906760836556,0.488313960957441,0.3324239952751934
1.0,0.048268700540695375,0.7495984243407791,0.06566630641904103,0.4758536760695771,0.5265268435577728,0.3142008318478907,0.6965017380371276,0.9750517675573388,0.4837327955346808,0.5699328416400281,0.6260370672441431
0.0,0.06617252121602751,0.749448700341558,0.06674304966539935,0.473791255327456,0.5184262236875543,0.3194890077243018,0.6901264699356552,0.9725084252467744,0.4419990758963581,0.5660015974645474,0.6763270084601607
1.0,0.040319404160848005,0.7483403650611693,0.06522247967191913,0.4742967879049042,0.529010977917989,0.2856209150326798,0.6240736631905931,0.9709501354078494,0.4091012019727495,0.5637483105514669,0.5099953612688036
0.0,0.0617681813298957,0.7471715622772204,0.059915255656707536,0.4727465708245349,0.5251543438283058,0.2993464052287582,0.7231121958435025,0.974774305433501,0.4329067800699423,0.6268026954506941,0.6929380839831234
0.0,0.07333404948616046,0.7447519666900981,0.05218304066339737,0.4733925971199139,0.5280836192467949,0.28657159833630425,0.595688188743436,0.9752932321397648,0.4320019588883568,0.5229377710834663,0.6651940535883886
1.0,0.10294696888315967,0.7411680123505286,0.033826573643880226,0.4728157472649614,0.5359291957424612,0.3118241235888295,0.6381184823607725,0.9770926377369497,0.4553875303831586,0.5653036582118603,0.798502352499392
0.0,0.14784975113689264,0.7374008414682479,0.018101565576086484,0.4735258424645069,0.5428274994612777,0.3298871063576945,0.6818208712373344,0.9746702867213192,0.4533688080306956,0.5501328792321709,0.8364957699189317
0.0,0.171375371504279,0.7336951289313443,0.0,0.4721072733029394,0.5398766496726023,0.3363636363636363,0.6590193033059684,0.9698930716661368,0.4547200793795288,0.5240053390173258,0.8448013076804131
0.0,0.17910982203602255,0.7345469950303958,0.002305351040980952,0.4727236735100322,0.546847642633735,0.33125371360665484,0.7017898084461207,0.9640068289125427,0.43224539568866177,0.5514084302209274,0.8038479379735367
0.0,0.14011530060514915,0.7369014950270452,0.009254883467891507,0.4696835976840895,0.5616480341231729,0.3415329768270945,0.7849641298720516,0.9576826259678296,0.4062108035189416,0.553262683086693,0.8511850853747434
0.0,0.14258602785834507,0.7403769235411991,0.023155445129189756,0.4701667971447637,0.5620364836369185,0.35537730243612603,0.788610309888322,0.9532202726528952,0.3905163733475968,0.5564354630451874,0.8951662333819449
0.0,0.1343860779890429,0.7400347676716492,0.02345894683996721,0.4695040882584465,0.5576961107258913,0.3557338086749852,0.6771762443606243,0.9470069114653774,0.3608426420243551,0.5053134967837652,0.9997849051192575
0.0,0.14928205679091922,0.7390806531255616,0.022331014655326047,0.4706772459347814,0.5569234637280469,0.34890077243018425,0.7257673249020042,0.941890162284852,0.3342199602144321,0.5308940457618934,0.906416704770614
0.0,0.14444802520857958,0.7379989245243945,0.018149561573162238,0.4698964221540796,0.5571895905374761,0.3329768270944741,0.6787885511426666,0.9364683851123228,0.3033343299950567,0.496055575849937,0.9186607732561082
1.0,0.13184373545314582,0.7385214270365346,0.024098545713230262,0.4722503812742038,0.5545932381624324,0.3219845513963161,0.6270763996745798,0.930308242831012,0.2769352036912404,0.5147808742570552,0.9330670634609852
1.0,0.12872847065563792,0.7390864665785435,0.02720823536894651,0.472134441357628,0.5390530842637605,0.32846108140225794,0.7335626063161008,0.9226253177154032,0.2451889911294294,0.5609361254855841,0.9258126095028898
1.0,0.09467540373115624,0.7386652423995468,0.03251380922810708,0.4672509779528592,0.5391394136959259,0.2632204396910279,0.6578951261001401,0.9116645088252592,0.18090980133207674,0.5306990997734774,0.9835085313833032
1.0,0.08869552762559524,0.7378032861297878,0.033677276265020206,0.4658800305818786,0.5374351102609624,0.2359477124183006,0.635330227054212,0.9096107307582316,0.1754269054147909,0.5213566452659361,0.640760197775031
1.0,0.10756615461739533,0.7370870528408227,0.04221064190895108,0.4643522574382583,0.5315766214162752,0.2557932263814616,0.540056208860291,0.9122802984896624,0.1908920018645288,0.4692378292372749,0.8772613320685668
1.0,0.11103949582840976,0.7359944428488674,0.046855265879623714,0.464589489645268,0.5281674720263202,0.2527629233511587,0.44936765032172143,0.9154264435545432,0.2173346716193912,0.478635112835455,0.8251914086320201
1.0,0.10520285028825156,0.7349829499428171,0.050434366516828116,0.4630036149543346,0.5357411018503103,0.21841948900772434,0.3457288662081209,0.9184932588670572,0.24095082205778875,0.4801856930661413,0.3105859805080943
1.0,0.113044723744047,0.7343114740869563,0.05238405820355396,0.46014124476673,0.5375607261832355,0.22186571598336316,0.24896087567487615,0.9235832023811871,0.2852729479779078,0.4962846234615496,0.3005138033682672
0.0,0.12872847065563792,0.7361324265410579,0.05710971814682676,0.4583991750560394,0.535876139290484,0.24355317884729644,0.2479550329117665,0.9292281038998867,0.3332730262810032,0.4962180052735194,0.3113365868713946
1.0,0.08969814158341388,0.7387545470161025,0.06313256894703267,0.458135823495873,0.5348451756754575,0.22566844919786094,0.19626506915169,0.932594243552734,0.3739224583445876,0.5233123846025852,0.2070654928387748
0.0,0.11197049450352704,0.7410531695831069,0.060632408336807074,0.4613352157039596,0.5324001077354821,0.27938205585264403,0.3220915612750538,0.9390563659002706,0.4309957507983508,0.5183415819295429,0.4772711205372921
0.0,0.12171017295090768,0.7407507742435984,0.05706062733041674,0.4622002845994155,0.5299088719073822,0.2778966131907308,0.2760076917387766,0.9385624086446036,0.4351827704724064,0.5013401425946644,0.4825379992930354
0.0,0.12099402012389444,0.7400032333707242,0.04895764614723907,0.4615885195743836,0.5291245760918251,0.2579322638146168,0.3027364839878708,0.9377682404096196,0.4316417583385007,0.5144667105153115,0.3861240582034449
0.0,0.12890750886239127,0.7402889890131636,0.047348464620990835,0.4626921392926547,0.5336968787013124,0.27522281639928703,0.3594778492715039,0.9359953556388094,0.3950370120240753,0.4889408271962859,0.4439098548255069
1.0,0.08343180434704772,0.7413796224857792,0.041190354857032006,0.4599578295083534,0.5172511092615245,0.20855614973262035,0.35488499371348303,0.9346121034885844,0.3877024574037666,0.4853612385664646,0.3163267010808739
1.0,0.04071328821570525,0.7426512121174453,0.038546031962788,0.4569910133096054,0.5115225074951649,0.14444444444444454,0.2635973670586496,0.9355953591689988,0.3932558934729576,0.4885765986730897,0.16425266041864994
1.0,0.046549933755863526,0.7444119778406422,0.040268342697560536,0.454099704437941,0.5336659833652978,0.15216874628639332,0.30902300125730353,0.9415157353826179,0.45030684243707103,0.4615479050614511,0.1857030688785309
1.0,0.06083718265477861,0.7447503809561241,0.04005694709896351,0.4564727647564121,0.512357595314029,0.1877005347593584,0.41487316026921095,0.9477037459044066,0.5011582068114853,0.5067313703978429,0.4287241684625538
1.0,0.06402406273498767,0.7452035223335616,0.04613335042024135,0.4557468272410633,0.5286968642024794,0.16036838978015447,0.28093336291694376,0.9499691887460632,0.5275540350080806,0.4798757617956039,0.21620808900917166
1.0,0.06978909299244462,0.7457797958163399,0.049864537065199305,0.4567832181766398,0.5348109850761544,0.17658942364824726,0.32906589749278936,0.9564414984173392,0.556197954874171,0.5021940222247199,0.3303763845035837
0.0,0.07755935116553875,0.74664929194393,0.0556456003949204,0.4582166110117329,0.5157931627310277,0.20083184789067132,0.4188299681976189,0.9600342756672562,0.5601424667575234,0.5022804845766878,0.4401510215673503
0.0,0.07516023919504418,0.7483555461911868,0.06058145956890763,0.4570285320652915,0.5195808967778766,0.17486631016042775,0.3184453812587826,0.960632915223653,0.557105748742888,0.4257437706394667,0.19395579612088465
1.0,0.049163891574461986,0.7489671528669188,0.06277933569603518,0.4580315190871718,0.5129373982067524,0.1657159833630422,0.3377338954219361,0.9672474372053608,0.5928919954838897,0.44085300522586623,0.16263218563624576
1.0,0.057900956064024074,0.7500378349777512,0.06640589560835188,0.4585379110064886,0.5212263007751262,0.15644682115270347,0.3164854670512538,0.975732645387038,0.6584844941934114,0.4210638413527434,0.059322741776508474
0.0,0.10201597020804236,0.7489963046633146,0.053310255028155035,0.4606658340117379,0.5193343165581732,0.21824123588829472,0.4365357591894091,0.9882129146598242,0.7571057542838184,0.4942262067081685,0.06515601783061017
0.0,0.1318437354531457,0.7472016389831408,0.04552325212137328,0.4604744785664798,0.5211771885442379,0.24040404040404034,0.5078692404407964,0.9954380491114628,0.8269286771774136,0.5495213147702578,0.1865141481035523
0.0,0.16654133992193934,0.7467920043750713,0.044318965845368326,0.4607920838759087,0.527902105207725,0.26298276886512184,0.5591968049700463,0.9993991663093679,0.8981530245380854,0.5455851409179302,0.3336544250451514
0.0,0.17130375622157762,0.7460744094724197,0.05001480480895742,0.4621040646631937,0.5201693195416222,0.30297088532382643,0.6387397381850454,1.0,0.930516273621946,0.6327820264204569,0.7126429861529197
0.0,0.1881691552977405,0.7472113935368274,0.05810935323792262,0.4637505519764673,0.5239339014206376,0.29922756981580506,0.7282005768804082,0.9961854005565632,0.9358755720022154,0.6553076933757574,0.7589102950030095
0.0,0.17488452035664406,0.7461458952008728,0.055714448229527404,0.4625237568438056,0.5239595336956576,0.3007130124777183,0.7610531765401967,0.9899797813143864,0.9038031098608592,0.6392159289748066,0.8457104017722284
0.0,0.18723815662262328,0.7475174374962372,0.06325412349954777,0.4635665184162455,0.5236433729795621,0.2906714200831848,0.7900673027142959,0.98295041460211,0.8741178295681926,0.6560619140187768,0.8321155917755598
0.0,0.1836932001289075,0.7474989137603589,0.061434208230299124,0.4638637159952608,0.525241272409707,0.32204396910279265,0.8999926040973298,0.9772513799062932,0.8652102176390277,0.7178663349292791,0.9860246751828792
0.0,0.18322770079134887,0.7508749469179312,0.07596655884752297,0.4634252013988488,0.5225753536471882,0.30421865715983365,0.7834775534353966,0.9690057541740388,0.8405178963172133,0.6389752386954207,0.9992632448482957
1.0,0.12532674472732486,0.754319356806078,0.09341429628385804,0.4610980155143574,0.5241115846951262,0.2784313725490196,0.7515864211226979,0.9648775389071332,0.8352981774489907,0.6682315969669332,0.9735161352285808
1.0,0.09295663694632428,0.7596560030039141,0.11801923267471205,0.4613716836922052,0.5268052888533574,0.261319073083779,0.6826640041417056,0.9595069499448194,0.8104114048638955,0.6610562481027852,0.8525478030919451
1.0,0.08056719303899458,0.7622062251514841,0.13059450489532742,0.4606078065914636,0.5253281683865271,0.27165775401069525,0.7504696398195396,0.9558758349414151,0.8034206338065615,0.6732771537196911,0.948975378103545
1.0,0.08654706914455547,0.7644664165570647,0.1378047806616244,0.4610857491262866,0.5235386537526364,0.26886512180629835,0.7357961689224166,0.948230423414357,0.7579873497641254,0.6660294058782708,0.8235946936457946
1.0,0.05951229992480411,0.7656866074689288,0.14357853665190035,0.4619177803346314,0.5259367287557154,0.253238265002971,0.8249833592189929,0.9428734556706851,0.7246886815366796,0.6708379634753469,0.8505908452936114
1.0,0.05958391520750533,0.7678163695565143,0.15375641183563002,0.4619568928425516,0.525455000345075,0.25436720142602504,0.8578433547814517,0.9380143071680124,0.6852793304497611,0.7172561088782302,0.9754141627415956
1.0,0.05489311419056825,0.7679760954224863,0.16219828567552586,0.4616289261000409,0.535394697567568,0.2563874034462271,0.8110568744915314,0.9323978495691684,0.6747844083878811,0.6460043760950248,0.997576621525302
1.0,0.0662799441400796,0.7681392576524324,0.16110206473331845,0.4624365719291468,0.5319859580780344,0.2484848484848485,0.7811404481917017,0.9270609228900372,0.6934228214586755,0.6320519520935812,0.9417225150194116
1.0,0.04336305367565446,0.7675785434040799,0.15684429533918642,0.4626325034538506,0.5401385507081755,0.21152703505644685,0.7301235115745879,0.9218874842447646,0.6776321097256499,0.6232145252307764,0.9164768907107396
1.0,0.04053425000895189,0.768527123921386,0.15873117361237274,0.4617446464125819,0.543081393081591,0.1951871657754011,0.6981732120405298,0.915791474032268,0.6475725670804928,0.6058514823166734,0.8623578832016805
1.0,0.03423210513123515,0.7696603834264286,0.16954806611247766,0.4648729779151943,0.5307097792179686,0.19459298871063585,0.7329117668811477,0.90888145549624,0.5835942015669809,0.6268816111946875,0.7867677275010263
1.0,0.04282593905539445,0.7716920955676729,0.1860202334998408,0.4661761442368221,0.5289062160024717,0.21253713606654775,0.7947563050070265,0.9016002129805992,0.5376769947051877,0.6213766628437476,0.8398931555636728
1.0,0.04379274537186245,0.7732673684750107,0.2104958777972392,0.4667314129974911,0.5296155776635669,0.22751039809863335,0.8369425338362545,0.8938390085606294,0.4745837397075599,0.597019997389189,0.8827748360072696
0.0,0.0422172091524331,0.774598301011534,0.23326559125080146,0.4664716241022242,0.5202270456612491,0.22442067736185375,0.8278529694549224,0.8833824330015678,0.3850362290046143,0.5932183241050552,0.8544582968795561
0.0,0.057113187954309315,0.7739735299672508,0.243624435384502,0.4647494639606372,0.5282221115062251,0.2478312537136066,0.9530729975593524,0.8746893230241715,0.31506224766218105,0.6067634599709493,0.90215108508878
0.0,0.07605543022881077,0.7721016882404166,0.2347840295012129,0.466199226734285,0.5279745365433315,0.23630421865715975,0.8252348199097705,0.865041096755385,0.2586108732947794,0.5667346229152864,0.9713827881987004
0.0,0.09191821534715504,0.7704820806006307,0.22631298941217545,0.4675662155983836,0.5371525643038861,0.23036244800950675,0.7544190518452782,0.8606649628885201,0.2377725153455347,0.5582141075024853,0.9754761335564596
1.0,0.0748379704228882,0.7694690819134709,0.22158499399447773,0.46878578014966493,0.5311795641092673,0.2067736185383244,0.7356112713556692,0.8562574872527657,0.21275711436046288,0.5500945643765001,0.890476383211236
1.0,0.0627349876463637,0.7698812596469151,0.21951147500123425,0.4657618623815694,0.5259201974536526,0.16054664289958406,0.6560757340433402,0.8521796049752639,0.1808000604998881,0.5533218393064963,0.7218197272028172
1.0,0.06448956207254625,0.770049144282595,0.21818421923272885,0.4661588499198918,0.5315037361156538,0.16755793226381466,0.7007100066563129,0.8514036892617283,0.1723124491739088,0.5912307212411785,0.8827255433682767
1.0,0.0669602893257421,0.7710768037315727,0.2185049379055972,0.4662030221604381,0.5348202001163636,0.1622103386809269,0.693669107314548,0.8484702999452769,0.1487389808408771,0.5843936395829128,0.8847290241631928
1.0,0.07587639202205754,0.770982251375147,0.2183059074436275,0.4637903196182239,0.5292309057723217,0.17611408199643494,0.6523851786110492,0.8454462041995818,0.12641718800135465,0.5475174605900363,0.931335249119682
1.0,0.08969814158341399,0.7714697285623291,0.2180229412026297,0.4650098767923886,0.5270034840756196,0.17029114676173504,0.5765032172176615,0.8399989993318668,0.09430049317434892,0.5475044127153441,0.9215298687567512
0.0,0.08332438142299564,0.7723637869390831,0.22174598689922453,0.4680493539786928,0.5183094723541957,0.16886512180629829,0.6138451297980918,0.8371562607982048,0.08198909451940589,0.5699026929339495,0.8554715333164777
1.0,0.04912808393311136,0.7746630524208262,0.23054391274414002,0.466265253077503,0.5104184597327465,0.12222222222222227,0.4292212114488571,0.8350217057710052,0.0704896720786401,0.5021915594353031,0.5836991748454259
1.0,0.041393633401367765,0.7765730439908163,0.2382548797435716,0.4691338655092691,0.5217637956734446,0.1199049316696375,0.3809703424302936,0.8385700291026337,0.08486280859679074,0.476582722861989,0.5874704491725764
1.0,0.060443298599921265,0.7780670862495169,0.2441808294547757,0.46803975608926707,0.5186756502569984,0.14141414141414138,0.4386435914503368,0.8392658506746571,0.08202002779702383,0.4592191909199774,0.6950723660648456
1.0,0.05467826834246425,0.7811175248968163,0.2555989558982953,0.4669142163546478,0.5233499563668742,0.1291740938799762,0.4665113527105982,0.8349270532899362,0.042016122367831865,0.4771991427285857,0.6630290517622774
1.0,0.0358792566333655,0.7844292997395961,0.2676006635255288,0.4662546913259607,0.5230793311136414,0.1562091503267974,0.5732564159455661,0.8339710482938059,0.03675345886348708,0.4908034966691314,0.7838287652474358
0.0,0.030543918072116594,0.7889051611692137,0.2860856523818789,0.4651142702030912,0.5201178979576665,0.14242424242424248,0.4273056726573482,0.8311139455407304,0.013448029185500364,0.4636253599953506,0.7803948005983109
0.0,0.0,0.7905121451237596,0.2916501385400881,0.4652088348047994,0.5148662819348582,0.12501485442661914,0.3673249020042897,0.8306379964024624,0.01970395269747266,0.47839828701739295,0.5742227671861407
1.0,0.009417409675224695,0.7913070146806536,0.2932390949858512,0.4656779915152283,0.5122386662096906,0.114795008912656,0.30201908142888834,0.8299561332870204,0.0,0.489900365185132,0.4548690768135429
1.0,0.01973001038421596,0.7906242151747407,0.2863151741760209,0.4660299878706582,0.5071104832672763,0.09994058229352352,0.2515124620959988,0.8333949697766576,0.010952593130705124,0.5098384693197302,0.3312960859610222
1.0,0.03204783900884445,0.7889143664051816,0.2746828713423096,0.4639467761701454,0.5382942493547744,0.11016042780748668,0.1561570889727088,0.8392476771894204,0.0351752625898471,0.5275275249401644,0.29006031562422474
1.0,0.03348014466287108,0.7870064254121776,0.2627021433531341,0.4612804385369838,0.5412580301734099,0.05537730243612602,0.0,0.8454555801739461,0.06043861289644802,0.4532209385115417,0.03703982874544067
1.0,0.06123106670963585,0.7843479125897093,0.2475104733797005,0.4610155507216202,0.4936724567580174,0.06535947712418308,0.07221359366910696,0.8559028663829801,0.10755230595308383,0.4363354551575525,0.0009082217973226717
1.0,0.09822036022487203,0.7838009645430281,0.24195275117046885,0.4621666329846682,0.4933412095674688,0.08704693998811656,0.1309814362842982,0.8645243302884129,0.14250466704533832,0.4094945963180941,0.0862495860209112
1.0,0.09965266587889864,0.783911666474894,0.2334119402352307,0.4625811203208127,0.4986015772612496,0.0943553178847297,0.07996449966718439,0.8714924588387303,0.1910563831390304,0.4308184462664726,0.045740260129914605
0.0,0.11838006230529595,0.7856912245882122,0.2303046538139545,0.4615066409134163,0.4920566847589071,0.11212121212121222,0.11587900303231975,0.8804721087532108,0.2503516402644739,0.4023566134467396,0.01328732221756342
0.0,0.11977656031797185,0.7869654067310391,0.2256038082489755,0.4620154885065847,0.5003906892666623,0.12293523469994065,0.12881443680201116,0.8886889897829133,0.3047879842281779,0.4078952861010608,0.04418357145160709
0.0,0.13152146668098974,0.7868759872145448,0.22351413703970968,0.4599896147609238,0.5088604218050055,0.13582887700534754,0.13382885881221795,0.8979944140117571,0.34813892122925083,0.410182159107548,0.06113135743541754
0.0,0.17964693665628245,0.7873684155893512,0.2239429760373538,0.4625265206955067,0.511708850734529,0.16482471776589422,0.1684860587234676,0.907676921446104,0.3893197828435302,0.4265211788022129,0.10060926584359263
0.0,0.17363125290937093,0.7884562212773658,0.2269114862288446,0.462353562566251,0.5080486193760367,0.18181818181818185,0.2071592337844831,0.91460482992724,0.4100124390849291,0.3964688224632563,0.1780092551233719
0.0,0.15218247574032298,0.7922736773536259,0.23949161090104096,0.4630818579709625,0.5147171740251867,0.1621509209744504,0.19076991346793928,0.920137918157129,0.4138841267096592,0.3733479584156051,0.036448748414301714
0.0,0.15200343753356965,0.7953478868068558,0.2495781038980909,0.4638631562776706,0.5112768343089019,0.19055258467023176,0.2889505214111381,0.929280400833388,0.4502574690089365,0.3759303420394178,0.17973777348777348
0.0,0.1639273821033409,0.799261980790527,0.2628600484427724,0.4656487301982534,0.5121777885979837,0.21229946524064167,0.33863619554766605,0.9353244032554956,0.4756162816417734,0.4060632860863012,0.3299549549549543
0.0,0.1354961148709135,0.8022968539240969,0.2741150675051565,0.4664080163648157,0.5110963032324121,0.20867498514557348,0.3381480659714513,0.9383504048901591,0.5108852909125837,0.4050355454066487,0.3069095881595875
0.0,0.14011530060514915,0.8040631288145605,0.2773173451484098,0.4672596223190635,0.5121548954529096,0.22329174093879972,0.3433325937430667,0.9423097861275632,0.5318405175834011,0.4086371047375167,0.2005509974259981
0.0,0.1489239803774125,0.8042305600437651,0.2780578829200113,0.4675749671612789,0.5011865215739175,0.20196078431372544,0.2669846904814732,0.9478640005749116,0.5713986829908555,0.35935914387148205,0.025619369369370724
0.0,0.1860206968167007,0.8049053191501863,0.28054886060705503,0.472738055216219,0.5012217020318475,0.26357694592988706,0.446490644183122,0.9584673569295374,0.6354690214293552,0.4751096556358057,0.2700783421784172
0.0,0.1798259748630358,0.8047502304755559,0.2844078517556211,0.4722992967940087,0.5000799765336751,0.2717171717171717,0.4447008357370017,0.9619795705381846,0.6693595860920043,0.4733131311011958,0.2508264570372482
0.0,0.2231174132559888,0.8049161483924074,0.28751435439445905,0.4737616593246321,0.5002432777539887,0.2938799762329173,0.4887064566230309,0.9671294106476818,0.7111562743743107,0.4756605572517622,0.07945729568882845
0.0,0.21423711820102415,0.8016631322956675,0.27590962449295703,0.4764130862823781,0.4981850905535058,0.28906714200831857,0.4855705938909846,0.9713214118514396,0.7628789460077359,0.4723610716342165,0.15756845796875402
0.0,0.2831310201597021,0.7999552680942947,0.2713525275892335,0.4810907584421656,0.505468937118615,0.3291146761734997,0.5866577915834625,0.9752402612925511,0.8135532733047379,0.5566430795231213,0.5391184573002739
0.0,0.29859992122318896,0.7991035044486192,0.2703637796437638,0.479363140158901,0.5041191590537825,0.3478906714200831,0.6574735596479548,0.9750037360267972,0.8394348380337244,0.6231579688263259,0.7759543486816206
0.0,0.2737136104844774,0.8017673662317153,0.2831163983770113,0.4766606496195482,0.5021377478656919,0.3489601901366608,0.618038606611937,0.9713988690818188,0.8250225646647342,0.6113639347127645,0.6941106400868854
0.0,0.2465714183406739,0.8045176315564191,0.2938878939009694,0.4771925644125764,0.5032622259491086,0.3327985739750446,0.6686709562902153,0.969118865965172,0.8176933839555965,0.6602203586592442,0.6614231160004196
0.0,0.25165610341246825,0.8049999867288689,0.2961824989057904,0.4740918240005624,0.5042184001973785,0.3359477124183007,0.713578877301975,0.9646939848200328,0.7929329454279495,0.6961903104313172,0.8513124721933852
1.0,0.2610735130876929,0.8066504375566157,0.302392824361747,0.4749830621844927,0.505818481276007,0.3260249554367202,0.7708453516751724,0.95858638457363,0.7724165449227303,0.7357706982580559,0.8047802500196558
1.0,0.21889211157661048,0.8063893617828375,0.30086576984915875,0.4742093863197365,0.5083118828281626,0.3186571598336305,0.8204200872716518,0.9527090715633622,0.7515679650025702,0.7237981299003231,0.8399103040429139
0.0,0.2871414759909765,0.8079934864971974,0.30250623535029003,0.4785522520505518,0.5175178839519794,0.37106357694592973,0.8268619184971522,0.948652425308146,0.7474753709964279,0.6852986038760843,0.867078379314325
0.0,0.2874637447631324,0.8110099590097026,0.3117887674013718,0.4788771477315855,0.5169957747561827,0.3963755199049316,0.8073663190592409,0.9445955063348932,0.7393558643255029,0.628954903970663,0.9296988990582298
0.0,0.21778207469473987,0.813636352976213,0.31793527132531,0.4757919987113243,0.5161350133146163,0.3934046345811051,0.8225057318245693,0.9396890701685016,0.7347119258130155,0.6383583639466672,0.9797005939305192
0.0,0.2511189887922083,0.8173535560290031,0.3336355470324882,0.4790408429743082,0.51498092077289,0.3803327391562686,0.7601360846091261,0.935454382072444,0.7502002745064351,0.6232223505963187,0.8838075810245403
0.0,0.2115515450997244,0.8185364757576503,0.3391840945129425,0.4786951086029269,0.5206105759318032,0.3674390968508617,0.6648546705125362,0.9312307901631836,0.7570928333860463,0.5337027713136232,0.8809766657646587
0.0,0.19106957424714432,0.8224550825594099,0.3492245516590024,0.4769113850739478,0.518543953331598,0.37332144979203796,0.7661637452851127,0.9271285400807516,0.7668124868874411,0.5457876060810919,0.8966299619075376
1.0,0.1907114978336377,0.8227273188751407,0.34275909184554176,0.476976985233325,0.5171397589862504,0.3787878787878789,0.7417942459877228,0.9190532726794192,0.7337204207802088,0.5753120792485822,0.9984071133089248
1.0,0.20886597199842444,0.8235545537256697,0.34068672778046805,0.478398538004709,0.5185793071125491,0.3579322638146166,0.7234524073663189,0.9130318330052992,0.7265570214615833,0.566523466788941,0.951028817454238
0.0,0.1939341855551975,0.8240146535471728,0.34517750320444146,0.4775889809714025,0.5223448335137111,0.3894830659536542,0.7308039346202206,0.9070424114215332,0.7104099089981188,0.5740219342627292,1.0
0.0,0.2034948257958248,0.8260067094971588,0.35476902136049004,0.4749338813969522,0.5203668967479871,0.3985739750445633,0.7444937504622443,0.9006595985613328,0.6949860362815032,0.5830675169226079,0.9333352229245216
0.0,0.20764851219250186,0.8257483393508824,0.3529425541673702,0.4716805226443616,0.5171676594077387,0.40190136660724896,0.7426891502107833,0.8947728562089696,0.6888081236410104,0.5807904778551318,0.9813017960893028
0.0,0.2011673291080316,0.8261365758502552,0.35395247271577657,0.4707558124530447,0.5197260026363112,0.3850267379679144,0.7303601804600252,0.8890208702303108,0.6853363033573627,0.5746729632740272,0.9100743337160808
0.0,0.20288609589286355,0.8258200375761977,0.3492855775471499,0.4711638244945736,0.5188295909024323,0.4000594177064765,0.7643221655203019,0.8822572588595003,0.6735033990550527,0.5524728126281357,0.9902909904868488
0.0,0.21574103913775194,0.8247772193526939,0.3396220392178461,0.4723276988503515,0.5211799585808534,0.3950683303624479,0.8203757118556321,0.8741773368154366,0.6324712416038769,0.5829905688356279,0.9531652580124736
1.0,0.22096895477494893,0.8234547357321069,0.32668172814510343,0.4725757162620745,0.5220491891349092,0.37908496732026137,0.7930404555876052,0.8665053140425802,0.6031238902059971,0.6206796875431759,0.8918802075145426
1.0,0.21989472553442907,0.8232001253389067,0.3214099153563835,0.4725084733189358,0.5210420149825163,0.38122400475341656,0.7806301309074775,0.8616540041520422,0.595967828955443,0.604200032592397,0.9369595975475556
1.0,0.19862498657213454,0.8224462906898558,0.3178949403416786,0.4734744952144455,0.5200329448497795,0.3478312537136067,0.6876266548332226,0.8555755407754102,0.6021609191287939,0.5859200167891484,0.9704022569191108
1.0,0.21935761091416908,0.8219384372548373,0.31907785169874986,0.4754995178968635,0.5223817860935891,0.3435531788472965,0.6708897270911915,0.8514465848677804,0.6144179052108758,0.622570703738807,0.9316357799503854
1.0,0.20643105238657936,0.8204582443012332,0.3161109418675753,0.4775950490769613,0.5232531750739589,0.3273915626856804,0.5838769321795722,0.8461853456884032,0.6188271144012567,0.6123009738423506,0.6840799649788403
1.0,0.21366419593941344,0.8224848800357274,0.32612239217161376,0.4780756520870736,0.5231747783453798,0.31366607248960193,0.5562088602913983,0.8442159964577078,0.6497263651555003,0.5921101929412425,0.5251228172576485
1.0,0.1759229419558134,0.8252381925109507,0.34022797178139,0.4781185148832106,0.5255493153792419,0.3092097445038622,0.5484283706826418,0.8446077320928074,0.679297805871445,0.6341072507452844,0.5130113332360532
1.0,0.1627099222974183,0.8290816455026988,0.35860771213767795,0.4769568069117127,0.526606826387411,0.3114081996434938,0.5671178167295315,0.8459205816643038,0.7065752197495309,0.6502409881771394,0.65491998638066
1.0,0.14978336376982848,0.8307569210161962,0.3661915350285045,0.4789566618063518,0.524754129338422,0.29304812834224603,0.5340803195029956,0.8447595283257596,0.7173942151001944,0.6717813023515972,0.5833211732088142
1.0,0.16543130304006876,0.8309097938806358,0.365608402413036,0.4771778633717882,0.5231128733921888,0.3151515151515152,0.5745506989128029,0.8431337143024984,0.7434268879578344,0.6573904725117052,0.6496181720900832
0.0,0.2020267125004476,0.8306964965695076,0.3660094363550751,0.4776703473153317,0.5245865339761063,0.3534165181224005,0.7131499149471191,0.8405364801847419,0.774798004167746,0.7426625532006522,0.959628386594678
1.0,0.1701579116983565,0.8319671024152321,0.3743054537606277,0.4731749625511544,0.5260194192849782,0.2967320261437909,0.5955180829820281,0.8328772745362567,0.7568378501405033,0.6925557354826936,0.8860370296103192
1.0,0.1477423282128406,0.8332627416245715,0.3821815355747292,0.4713063497039257,0.5275607854396784,0.30451574569221634,0.6255380519192371,0.8304208940963862,0.7626891938005433,0.6811072320139945,0.9600628300247316
1.0,0.14229956672753966,0.8352448353020487,0.3921511438158095,0.4696886634001557,0.5279694175843318,0.26434937611408194,0.5983433178019376,0.8260905752781096,0.7592585837042689,0.7017671872999766,0.8817749492971524
1.0,0.1358541912844201,0.8347999947842877,0.3911059681274025,0.4692246008145829,0.5285709454595167,0.2694592988710636,0.6128097034243032,0.822833058849679,0.7759377750307401,0.6728157387538778,0.9362141408287464
1.0,0.1388262255165253,0.8336050369811683,0.3872249272569087,0.4688188794954912,0.5300372703293388,0.24420677361853835,0.5701575327268694,0.8190197301552955,0.7847695360901157,0.6312405310887711,0.7672060753051562
1.0,0.1812582805170624,0.8310248365838306,0.3783507489991907,0.469893539758215,0.5390394961505219,0.26238859180035656,0.5707196213297836,0.8161105788631888,0.7804093036528299,0.6320004920234938,0.7905848674008985
1.0,0.17588713431446276,0.8302148385961838,0.37553905225532375,0.4683858176923461,0.543835131020035,0.2261437908496733,0.6213297833000516,0.8129332774717672,0.7790900962639051,0.6822286083862201,0.7314222098524905
1.0,0.15644358506105194,0.8283966962145664,0.3666987530648177,0.4699137240851039,0.5257210548335405,0.217944147355912,0.6085644552917681,0.8094334309754299,0.7703770670617154,0.6713719465247588,0.6533736233151753
1.0,0.17098148744942165,0.8299717499816337,0.3678934839371306,0.4696718819564086,0.5312305524216311,0.1555555555555555,0.5488869166481769,0.8089868413648118,0.8059440346547709,0.6071071068235205,0.3633258618849397
1.0,0.1256490134994807,0.8303324517770119,0.3645464937111537,0.4685925009517289,0.5352223244934143,0.14735591206179438,0.4929738924635749,0.8108468727976899,0.8513247668957573,0.52829349904442,0.3682712491550128
1.0,0.14716940595123,0.8313657621083805,0.36302169360636977,0.4676178295418841,0.5437110477377877,0.1639334521687464,0.5655129058501587,0.8130328089626107,0.9062476357432052,0.569397939384487,0.5095883587718352
1.0,0.20571489955956607,0.8340854008404429,0.3728429112989039,0.4710324557804174,0.5452989891721611,0.19049316696375526,0.6181051697359664,0.8117741825237106,0.9504725168740636,0.5930165694712118,0.6802220087522673
1.0,0.13567515307766675,0.8387391906903401,0.3924903646658328,0.464391308977771,0.5419861916811414,0.19203802733214506,0.6554322905110566,0.8088814027625209,0.9609695721602602,0.5826900991314816,0.7125630571487787
0.0,0.10949976725033116,0.8470762060489323,0.4248246739248141,0.4656253661485188,0.537763855048594,0.19007724301841944,0.7017528289327717,0.8051359488162293,0.9653627082654632,0.5819447703814165,0.7861860908224834
0.0,0.08267984387868366,0.8506860856529244,0.4375895775764007,0.4664184683909426,0.541378118435066,0.17706476530005935,0.7108128097034248,0.7992627639742649,0.9304957851268424,0.5901282507606921,0.7383639509020521
0.0,0.09782647617001466,0.8538133164934112,0.4434564102982079,0.4643943870322645,0.5392395918505918,0.18389780154486035,0.7999186450706313,0.7954739546740901,0.9389621822957824,0.6028244236154822,0.7998795798675384
0.0,0.08908941168045265,0.8550577553584904,0.4405657320525094,0.4639311990330859,0.5368048334482026,0.19393939393939394,0.7876636343465724,0.7921003899311554,0.9563260911480138,0.5733965259571362,0.8835617845913568
0.0,0.10738711641064196,0.8554617479018158,0.4343564019329281,0.46225755079746,0.5397852158042238,0.20338680926916225,0.7625101693661709,0.7877437891863956,0.9969462185040529,0.5272149503642243,0.9148599494461678
0.0,0.1341712321409389,0.854829984779951,0.4215611475862012,0.4613171646967401,0.5401956118859373,0.2063576945929887,0.81213667628134,0.7799557882082382,1.0,0.5581244195644273,1.0
0.0,0.12389443907329828,0.8555457695397897,0.42376198057495496,0.4596583465430178,0.5400454170158439,0.1860368389780155,0.8544782190666376,0.7714321997123585,0.981718252016592,0.583751933567645,0.8772865527138758
0.0,0.1227127869087264,0.8567565236272374,0.4279475144477313,0.4600094615707197,0.5371385387550027,0.20255496137849088,0.8740551734339176,0.7670314138677989,0.9575960168657374,0.613947009105651,0.9504410212370052
1.0,0.13456511619579614,0.8572663189833072,0.4371722492369866,0.46086832631465996,0.5374254334997067,0.19120617944147356,0.7888617705790995,0.7616542934730803,0.9250367284863056,0.5573360206626112,0.9559843400447432
1.0,0.14989078669388045,0.8559962839306523,0.4339623762298263,0.4588400072227564,0.5414603372972586,0.1953654188948307,0.8516012129280381,0.756325821948107,0.9077656822167957,0.5330125410979605,0.95909768829232
1.0,0.1601317721201705,0.8558472929725442,0.4357940081503524,0.4594342110894423,0.5401919822764194,0.17866904337492573,0.8640115376081652,0.7486278126108361,0.8637121442328562,0.5393669653842977,0.9592917362975756
1.0,0.15322089733949226,0.8555663047353006,0.4368854182494492,0.4621171510692509,0.544452894941772,0.16886512180629829,0.8499223430219658,0.7412936716016005,0.8288301003609693,0.5829639819407041,0.9445706667668092
1.0,0.1636051133311848,0.8571406220643365,0.4458326568229619,0.4629272414945165,0.5222765868937824,0.1587046939988116,0.8843354781451074,0.7349592284097948,0.7969430607377048,0.5448887782496776,0.9847683274228232
1.0,0.1364271135460307,0.8589375750697881,0.4544984825893666,0.462892124576568,0.527290061665474,0.13065953654188944,0.7832260927446199,0.7272739503101866,0.7740954592870397,0.5310378322515632,0.8373561792821846
1.0,0.13864718730977182,0.8618040854747953,0.4702072257497193,0.4634128140890919,0.5284136669498696,0.1408793820558526,0.7847348568892836,0.7223695172356823,0.7802109998505571,0.5318526072391608,0.8328340552195239
1.0,0.1373939198624986,0.8636693822140473,0.4821072128000842,0.4631325258531265,0.5347036507456622,0.13642305407011285,0.7957547518674658,0.7150142981080749,0.7745053560174604,0.5375803261028925,0.8116926482092777
0.0,0.1636051133311849,0.8653568913621286,0.4897208768425888,0.4629642127446588,0.5301260089974578,0.1695781342840167,0.9046372309740408,0.7071164467757621,0.7370156060807775,0.5643058236249588,0.9585948978228932
1.0,0.15246893687112828,0.8655649794580351,0.4864839249602057,0.4649007840728468,0.5276353214224865,0.15145573380867494,0.8748613268249394,0.6949194804357028,0.6741932421714039,0.5530704776593676,0.9824309721652952
0.0,0.17334479177856554,0.8658781270182794,0.4808838102980042,0.4670680995251629,0.5315946398082289,0.14688057040998226,0.8979809185711116,0.6823138580319159,0.5671689739667771,0.5646605876845664,0.993641640571298
1.0,0.16389157446199015,0.8659558606158964,0.4774364414303218,0.465174496481849,0.5234237438964935,0.12043969102792627,0.9845203757118558,0.6725138654778648,0.5167147170918793,0.6036185309034658,0.9712132279699844
1.0,0.1643928814408995,0.8648318890833038,0.4716053333698273,0.4650425526569601,0.5811577350236159,0.11461675579322643,0.8161896309444565,0.6630622474172148,0.4696198548321775,0.5124633293131329,0.962203860305984
1.0,0.1885988469939485,0.8629091643802849,0.46667133892686,0.4667038628018873,0.5833115175134744,0.07682709447415324,0.8031876340507358,0.6574659664555011,0.4727883923082806,0.5082963553221135,0.9848906208484638
1.0,0.1888136928420525,0.8622096936804096,0.4653121688208773,0.465533614860159,0.5762919761077212,0.042424242424242434,0.7343317801937725,0.6495661192653437,0.4553438322773919,0.4808275601150728,0.8
1.0,0.1978014108210692,0.8643928399512957,0.4697772319470106,0.467644891986152,0.5347260571636473,0.08051099227569815,0.7708083721618224,0.6448676195969316,0.4396736675124479,0.5089784232221323,0.8900516913031652
0.0,0.2779031045225052,0.8676714018981806,0.4752697086144965,0.475294463488433,0.5484353209192478,0.2120617944147357,0.8330227054211969,0.6352369636452586,0.4073283242858366,0.4950439065982821,0.9793597533327294
0.0,0.26866473305403377,0.8689371381406426,0.4731183099728692,0.477627376187429,0.5484987797711195,0.1983363042186572,0.9046963981954,0.6242545259812617,0.3546704965599685,0.5306200806673516,0.983891658114646
0.0,0.2458194578723099,0.8704739123437499,0.4754465730309776,0.4736349719275476,0.5500428963103378,0.14753416518122398,0.7578729383921305,0.6167622577097298,0.3296019351605704,0.4971696802356238,0.7811755509231684
0.0,0.24173738675833434,0.8724419994126535,0.4798419201687392,0.4767638175475991,0.5467218980404194,0.14444444444444454,0.6994674950077657,0.6170666911629206,0.3425946631016312,0.4532293035576046,0.786982578916021
0.0,0.2676979267375658,0.8747556316824148,0.4864613768274127,0.4807370633027959,0.5452922169588192,0.19292929292929298,0.7362473189852822,0.6178857213472506,0.3424877869187598,0.4754140561893678,0.9670562835020842
1.0,0.2515128728470655,0.8770528743036135,0.494123397550245,0.4780300294777154,0.5589900968112211,0.1619726678550208,0.5894904223060425,0.6132602937095553,0.2987735330689682,0.4468572987343766,0.9601777699551176
1.0,0.2347907043363054,0.8780258974443818,0.4959076278942418,0.4792503593765185,0.5448049404367961,0.1448603683897802,0.5890318763405075,0.6121686292351649,0.2928050813576341,0.4469243428916176,0.9050779510022272
0.0,0.26118093601174497,0.8782027416703149,0.494968837984245,0.4790573175844385,0.5543659508237648,0.1509803921568628,0.5354929369129501,0.6111303390701976,0.3036599262867288,0.4185667279781891,0.9300445434298444
0.0,0.2814480610162209,0.8778964245504048,0.4923055089338994,0.478065273211341,0.5618029897802304,0.15436720142602495,0.4436358257525331,0.6103766447847874,0.3287090374246249,0.4258950706479193,0.8232770883942837
1.0,0.2767214523579332,0.8798602780365399,0.5030347626680477,0.4772581685584346,0.5782448974067842,0.14480095068330373,0.4760150876414465,0.6090479232256021,0.3047205125114624,0.4406289133486939,0.8384339136544614
1.0,0.2471443406022845,0.8837549658410979,0.5223179138295728,0.4767269598689303,0.5772918679574283,0.1234105763517528,0.5112417720582796,0.6039779595566563,0.24493082083815004,0.457308940901581,0.7979168621563288
1.0,0.22397679664840486,0.8872099819578679,0.5356446073885178,0.4771417247231416,0.5799690680733307,0.10766488413547247,0.5054359884623918,0.5975368616077403,0.16353532178382027,0.4545951107433999,0.749160176409871
1.0,0.2254807175851327,0.8899225579012664,0.5577767905379769,0.4768657075167672,0.5798337370707656,0.09132501485442672,0.4855927815989942,0.5944928160487617,0.1391766879082536,0.44483597019264093,0.6173594820305899
1.0,0.2364736634797866,0.8913653089781794,0.5710194475837881,0.4787301759159567,0.5903663420663015,0.11253713606654787,0.3702906589749277,0.5936033513222354,0.1428485156942838,0.4445954196707744,0.5833911982734351
1.0,0.22043184015468906,0.8930512433599958,0.5881017678680994,0.4752888828173301,0.607600308335043,0.06969696969696973,0.3334368759707121,0.5971903389877982,0.1855177773398051,0.4247663594191852,0.4812799099183637
1.0,0.19651233573244528,0.8946610032589732,0.5881335015423022,0.470206261697407,0.5905079806726355,0.020974450386215097,0.09010428222764556,0.5991816563492591,0.18823969347952152,0.3530415974934084,0.14768271219933976
1.0,0.2298492498299137,0.8994381890090433,0.6044522176721874,0.4721612866718089,0.583362029655089,0.06987522281639931,0.2834109903113675,0.6071203277230974,0.2265357764330248,0.3919198943865884,0.401064709380757
1.0,0.18064955061410104,0.904899833976048,0.6245680121215531,0.4692569595646194,0.5828410663883163,0.05371360665478316,0.3134235633459063,0.6067192613698198,0.2293892681090463,0.4086907176547804,0.3682530933143797
1.0,0.17033694990510975,0.909856443368251,0.6420379461700522,0.4680869703840573,0.6718399592472778,0.054604872251931134,0.267176983950891,0.6065614444501006,0.24945968211772346,0.4359746232685392,0.3365729122847736
1.0,0.17681813298958,0.915526709488887,0.6590423750943445,0.4683571717233334,0.631609729143332,0.0398692810457516,0.3460468900229274,0.6086492484621975,0.2633254843543303,0.4306056966362977,0.3370515963387923
0.0,0.13255988828015894,0.9213678342180436,0.6751414341032514,0.4639458553802003,0.6737008412456023,0.051336898395721926,0.31884476000295825,0.6086633298410613,0.2319569387681427,0.4650454058630686,0.2864561423867476
1.0,0.09872166720378134,0.9287167405604964,0.6982486705019352,0.461928616085813,0.6738658140920221,0.015333412575775574,0.23359218992678046,0.6121933629080699,0.23141064220387844,0.4021409561916625,0.002117313785903468
1.0,0.09754001503920934,0.9329028269049178,0.7089450710576126,0.4624359315761202,0.5298749295349903,0.006755934266585425,0.28338140670068784,0.6220990870305123,0.230466103257186,0.4243841225639508,0.02091396975117926
0.0,0.12461059190031147,0.9365584110459032,0.7182673005509758,0.4629995855133056,0.5397812914817454,0.015068219301314446,0.3807410694475261,0.6319376923965894,0.25702330183140554,0.4294914113646137,0.08375625572707363
0.0,0.1328105417696136,0.9390378889626798,0.7231837034178451,0.4646141051568442,0.4892799536416058,0.032612104107870736,0.3949633902817839,0.6416987176336735,0.2747716734936171,0.4372514644957389,0.046088991084755136
0.0,0.1700504887743044,0.9412839826141386,0.728428440948517,0.4666139643376003,1.0,0.08548134211351519,0.3688558538569631,0.6517141989117088,0.327495680114992,0.4269861141844147,0.12978102189780946
0.0,0.16775879972786195,0.9430712236053912,0.7361815936517979,0.4656327852194695,0.4748304117798627,0.06440890561304491,0.3349530360180457,0.6566438094747775,0.3370472867308489,0.4560946712659299,0.0581995133819942
0.0,0.17714040176173587,0.9450526589490552,0.7440734567977932,0.4672037744200978,0.5012949874844449,0.08240827845719652,0.4831373419125807,0.6608862865866267,0.3300213485399396,0.4905655001739478,0.25577517288734153
0.0,0.1917141117914563,0.9484029476311964,0.7574961258016967,0.4656442510887606,0.4424360454643441,0.09771088115396667,0.539997041638932,0.6613114919002092,0.32017349182169696,0.5226190050732307,0.4588013144342538
0.0,0.176710710065528,0.9513062078439998,0.7667055107327687,0.4639687917350392,0.4663856421654223,0.09777359673878963,0.569255232601139,0.6630380124654864,0.3425288043185037,0.4888779390122708,0.4823924665260678
0.0,0.1797185519389838,0.9553222904220852,0.7811330742070912,0.4642010862156847,0.4650795205694031,0.09332079021636874,0.4277864063308928,0.6654700038201964,0.3883621069149139,0.4624812165557535,0.3547746333807445
0.0,0.18029147420059446,0.9562386412653618,0.7823136112132525,0.4648793343705505,0.4281838715983469,0.1163374098463469,0.3530064344353228,0.67110889989593,0.43159646236747257,0.4772682396788946,0.3103143852077098
0.0,0.2038170945679809,0.9581913937321572,0.7883298000377877,0.4670922407243557,0.44713874438267054,0.0896832862966448,0.3130315805044004,0.6746222955638121,0.436514948647556,0.504931092296189,0.20388444749619852
0.0,0.22830952125183515,0.960126272418644,0.7923205491915757,0.4713410552902729,0.4630597263514087,0.15666353088742546,0.4712817099326974,0.6779826890573066,0.4167120884964091,0.5348319248785527,0.5418117612438078
0.0,0.21380742650481616,0.9634908487550068,0.8030318915416634,0.4731625295720941,0.43445591776179215,0.14926309187833184,0.5070408993417647,0.6764591599476497,0.3672679921608518,0.553765614095265,0.5305802148217177
0.0,0.2687005406953844,0.9659293350728289,0.8088114448222995,0.4772252229671741,0.4555159618112225,0.2303543430542489,0.6209082168478667,0.6767320548084619,0.3474003537593604,0.6163593494635969,0.9431065770758748
0.0,0.24839760804955785,0.9667565323165516,0.8103274992308555,0.4738881951355156,0.44111190963308666,0.18889934148635945,0.5309740403816287,0.6699100889604503,0.2785585727787563,0.6161541998903295,0.8336486523539258
0.0,0.2365094711211373,0.9685869738352662,0.8146066224948392,0.4715209912202769,0.4334441672696869,0.15083098149890256,0.5677316766511352,0.6641091528804881,0.21580529297304074,0.636159786685982,0.6603602862548338
0.0,0.2417015791169836,0.9707458236625744,0.819804177206043,0.4724913455253141,0.4198847299213313,0.16782690498588895,0.6595222246875232,0.6578827351003679,0.14419606073331115,0.6363497960098807,0.7719283814537592
1.0,0.22039603251333836,0.9727902714299363,0.82447327707861,0.4687537244633694,0.4041443101184059,0.12806522420821567,0.6368685748095555,0.6521540232102141,0.0967627269950655,0.6272346175281759,0.4805077311108677
1.0,0.2285959823826405,0.9743928738732156,0.8272888302899339,0.4697205733514982,0.4422807085836331,0.12380056444026348,0.5993861400783964,0.6524884324603881,0.0877539611519384,0.6034555589794611,0.5586429193233423
1.0,0.20686074408278726,0.9748179808852058,0.8261946025146031,0.4653286542895378,0.4418910231586569,0.07331451865788648,0.4684342874047779,0.6522092833787636,0.07750306870218943,0.5826656712083741,0.3793614568383416
1.0,0.2279156371969779,0.9757277507398564,0.8273692403745339,0.4681738957917828,0.3301052491322479,0.0714957666980245,0.5679535537312329,0.6577297671660916,0.10495978766129266,0.584011860980483,0.4123473637155032
1.0,0.250832527661403,0.9781034301548776,0.8347458127650336,0.4681222556347373,0.32857891432925923,0.09890247726560056,0.3734708971229935,0.6607320120240441,0.10412336289834184,0.5464276266869319,0.29576735759828743
1.0,0.21717334479177847,0.9812002781008472,0.8454199309078461,0.4666328286554602,0.3195553831282101,0.0004725578883412758,0.3964055913024183,0.6683663353416059,0.1347987441294703,0.5050873379371815,0.3611509775780535
0.0,0.29519819529487595,0.9849753667981772,0.8592639671257449,0.4749532592644583,0.5100269268332598,0.021502096835684284,0.5242807484653502,0.6725011287138489,0.1362694312692771,0.5129859314336837,0.7154083241182984
0.0,0.4301213879041788,0.9872241452349272,0.8675650622791906,0.4930909628863376,0.5449926902141358,0.2259528907922912,0.515723689076252,0.6729056280213173,0.1385946334173953,0.5087659398299347,0.7540408912312082
0.0,0.4082787266802736,0.9885698748012728,0.8746698081300871,0.4937785521349674,0.5478698558673493,0.18141327623126344,0.3602026477331555,0.6731176964178556,0.13928591175342284,0.4820840402208539,0.4793308707620642
0.0,0.416657714756329,0.9900843446440304,0.8804434546326556,0.491256508857651,0.5018643817255587,0.1995717344753748,0.3624731898528216,0.6755633605875444,0.1490153282671242,0.4831373803774273,0.4774311090867688
0.0,0.3810649192537688,0.99138436186784,0.8874405017625944,0.4897986167643252,0.5189253518927099,0.11588865096359745,0.4305672657347829,0.6772902507835981,0.13476436148106047,0.5188992294050627,0.409246185379185
0.0,0.43817810720807815,0.9923792861895042,0.8922206763865155,0.4977835164336693,0.5222133940612547,0.25404710920770873,0.5023223134383551,0.6784221070993364,0.11108832905872773,0.5519389104124685,0.7263493509451144
0.0,0.4512837039424214,0.9920527292959628,0.8935509115754229,0.49594120561729604,0.5280377356965316,0.25678800856531064,0.6270468160639004,0.6774364337762253,0.09137381834122517,0.5630699853285388,0.9153268048280568
0.0,0.4919611845167759,0.9916512086165136,0.8933169128734579,0.4979184981612186,0.5228264050468628,0.32359743040685224,0.6114488573330377,0.6747298351534898,0.07386872241973974,0.5543604067316535,0.9395809610567064
0.0,0.4825079672002006,0.9912502581317152,0.8959064589907629,0.4966923307569176,0.5213995853419453,0.30021413276231274,0.4367206567561568,0.6729348043928223,0.06503604856889439,0.5234290990187134,0.7661125028467315
0.0,0.4922476456475813,0.9909528538961734,0.898479881485804,0.4943841957972892,0.522286429118679,0.3062955032119916,0.3859034095111308,0.6745607266558578,0.06895431501044152,0.5498057387515051,0.6126564222265446
0.0,0.5162029577111756,0.9897927065091129,0.8969954709085032,0.49410378773314,0.5222635479562939,0.3332762312633833,0.3576288736040233,0.6764620391574674,0.06804198004250689,0.5388785840046598,0.5945325292543635
0.0,0.5422709206144591,0.9888231030911744,0.8956101179509114,0.4941477369406619,0.5238645165361948,0.3605995717344756,0.3421492493158791,0.6792108628774765,0.0695620352553436,0.5336975679219442,0.5822934928328343
1.0,0.5181007627027608,0.9884903843908096,0.8939520879405071,0.4910761849844627,0.5358522720731088,0.2982441113490366,0.1942755713334809,0.6795819826548826,0.04404451510131169,0.5153297546706406,0.35770954409412725
1.0,0.489705303111684,0.9889513304428844,0.8959379409273353,0.4909329348402444,0.5475040954508515,0.23117773019271956,0.14586938835884894,0.6836360316441865,0.030404343469022318,0.4796945850023571,0.2106329188781623
1.0,0.4328427686468293,0.989722131640888,0.8968442319278882,0.4823229628174714,0.5538772853558798,0.08231263383297655,0.07951334960431877,0.6896142810268633,0.02769496526390114,0.4851058356052829,0.09836669170385423
1.0,0.4795359329680954,0.991023798347492,0.9016166865576062,0.485801772536734,0.5392636418034992,0.17980552179197762,0.1177723541158201,0.6990530845236662,0.04412824712316349,0.5000298656309519,0.10256126482213493
1.0,0.5145558062090451,0.9915684138594396,0.9034567827662252,0.4873596478632634,0.5364047335765123,0.2664132688320664,0.20804674210487376,0.7070320535490724,0.058842388134596864,0.4865803075399328,0.2091458972230224
1.0,0.4954345257277904,0.9918807071935118,0.9072353952752108,0.4848142310552331,0.5239860541524757,0.1935901865929509,0.1326529102877001,0.7123609279533556,0.06260305017628638,0.4070222563412821,0.004913505362498248
0.0,0.5727790310452252,0.991736801131338,0.9080056538917356,0.4961180218301219,0.4999918071959097,0.3974789915966387,0.2762443606242145,0.7233778029388434,0.10807448034652156,0.4778783118057048,0.2316228601960505
0.0,0.6226590754467003,0.9913022340299872,0.9093138311848954,0.499915557147494,0.4917427417102709,0.4872093992167319,0.2562162561940682,0.7278127812147093,0.13237383638474026,0.5229170226109794,0.19765116378026487
0.0,0.6187560425394779,0.9921649107065881,0.9147856802378912,0.4995729163778322,0.48481259626761,0.4805162976880973,0.24794024110642696,0.7328316256930241,0.15962395044063155,0.5120366383760219,0.1501425471256546
0.0,0.6272066458982347,0.9942500790903914,0.9254457057615596,0.4993986003351061,0.4813886735197936,0.5658238172920066,0.2575918940906732,0.7378498851603803,0.17951635966517626,0.5179455333924333,0.20969320454448734
0.0,0.6335445984173024,0.9972792972285924,0.9403740901207716,0.4999779375772826,0.4811915668671565,0.5946166394779773,0.3676059463057468,0.7427148199074136,0.1972747064545175,0.5455509299659576,0.4086634611293145
0.0,0.6252730332652989,0.998839097970898,0.9491770916197924,0.4980385045145153,0.4819555184549125,0.6172104404567701,0.3688188743436137,0.7436480395288441,0.19272739031889652,0.546367061078349,0.41470575720182135
0.0,0.5824470942099045,1.0,0.9565554610019738,0.4961857949147097,0.4777379051752377,0.5319738988580751,0.3031210709267064,0.7465785661720616,0.2036353209091082,0.4638705909103169,0.15512105867835474
0.0,0.6216922691302323,0.9989106946486308,0.9551655890594118,0.5015366635252481,0.4806639844660034,0.6230016313213703,0.2888469787737593,0.7539551969366722,0.23071288730011086,0.4565867321631771,0.24494702353091385
1.0,0.6074766355140186,0.994886534654777,0.9441844807380844,0.500778742229927,0.470225430923315,0.5299347471451876,0.23263072257969056,0.7604614165653432,0.24653115843257886,0.35858006335178344,0.06269945959746448
0.0,0.6836394886668815,0.9913792857859628,0.9348973855523832,0.5089287938148335,0.4564086020003829,0.6160685154975529,0.2973300791361587,0.7702871192963292,0.2781124714429196,0.3915987541857184,0.0010019060651968491
0.0,0.7512443155369357,0.9888544786674212,0.9287139195489144,0.5177071194396223,0.4622347884303381,0.7821702944942384,0.3935581687744992,0.7800570717879289,0.3065640262064282,0.4661115786159439,0.08976798653297308
0.0,0.7547892720306513,0.9877579930390968,0.9289000312926684,0.5145502739014645,0.4723795488589715,0.7849059611093401,0.3980400857924709,0.7857062505732109,0.3199551031093827,0.4704673719159299,0.14751518700139055
0.0,0.7716188634654637,0.9853308067950224,0.9232003460221064,0.5131552143681991,0.507956235825566,0.8179505525081487,0.4495969233044893,0.7911544321218527,0.3256333264497091,0.4763968707627438,0.16492364645996996
0.0,0.8243993268163428,0.9835146890761506,0.9239602400895484,0.5171478667464869,0.5489539839904971,0.8943032015065916,0.4836032837807851,0.7959143894084619,0.3329209648503891,0.5152819365741238,0.3238399634724033
0.0,0.8406918036308949,0.9813069910991452,0.9251165006452025,0.5182917592381442,0.0,0.95363321799308,0.504171289105836,0.8000429777897291,0.3529764154282741,0.5415338597789385,0.8206152616859803
0.0,0.8425538009811295,0.9799751701555256,0.9299145206310158,0.5186709498996125,0.549648491463308,0.9517108804306038,0.4484579542933215,0.8016037042470456,0.3731569676592758,0.5229035089995381,0.639603457041182
0.0,0.8525083252766141,0.978981744712048,0.9334747120846552,0.5199205030335866,0.4954822350155776,0.9791264012369542,0.4399822498335921,0.8029643286162005,0.39032412377132375,0.5142162597276443,0.6527116587323821
0.0,0.8063522755756078,0.9778240126612616,0.9360958442541724,0.5171056651392167,0.4489066854559392,0.965717084319647,0.4471858590340949,0.8036361725132659,0.40826230418491705,0.4732167932418301,0.5805652981225484
1.0,0.7612346474737709,0.9761540928406608,0.9373125252168,0.5124938587329216,0.442636303725542,0.8545424863276463,0.40378670216699897,0.8035642111333974,0.4150055442827158,0.4733887483111862,0.4633578906552918
1.0,0.7729795538367892,0.9737811694568425,0.9356794703578344,0.5146503401068689,0.43891315732716,0.8506244388213208,0.40137563789660535,0.8043944744765399,0.4286945768442677,0.4688739686703083,0.3711059619699159
1.0,0.7818240412504031,0.9716679989637502,0.9347266960948264,0.5122574559764254,0.4566667667095349,0.8627867112888744,0.4241624140226312,0.8046693482899205,0.4180565040748844,0.4450857736165639,0.441943433005994
1.0,0.7711533641279049,0.9700332654337268,0.934406006774406,0.5147312736701654,0.4628027223297335,0.8412478956400098,0.4717920272169219,0.8035573844149557,0.3914242158695857,0.4550797347940324,0.5296995108315873
1.0,0.7672503312206825,0.9689767666555724,0.9350159248024292,0.5145810478696573,0.44782673884937607,0.8229491131190069,0.5101397825604612,0.8015502136140908,0.35690453632757124,0.5004929661995705,0.4887270587369891
1.0,0.7724424392165288,0.9680547195046696,0.9366229560151752,0.514882378862055,0.4407981975858465,0.8459649151343127,0.5242437689520008,0.7999671354831479,0.34123017973106234,0.4659582807898837,0.5436757512229227
0.0,0.7906685286640169,0.9665969944795856,0.9370282509331436,0.517183637349633,0.45017636692127416,0.8923218308541871,0.4966940315065456,0.7981636951817346,0.330255273536477,0.4344580585958861,0.34054213100886405
0.0,0.7988684785333191,0.9639386047382208,0.933076762068356,0.5188714564713848,0.4803661776842542,0.8858245557610352,0.5265069151689962,0.7982626744678525,0.327896653067966,0.4180285306195371,0.3449556806061269
0.0,0.8214631002255882,0.9616511721957895,0.9305302246950452,0.5187351372965209,0.4679373489493838,0.9100470082065172,0.5035500332815626,0.7985693172610533,0.31629749371515625,0.3927648396001675,0.22292103424179086
0.0,0.8220002148458483,0.959909959634082,0.930996874552962,0.5179953710061312,0.4594469968448983,0.9312475557293702,0.5465572073071521,0.8005561291185004,0.31354306434426144,0.446397826739767,0.44918901026150265
0.0,0.8038815483224119,0.9595611729310332,0.938610631709176,0.5161054276718635,0.4611379776442182,0.8914352757137266,0.5513497522372605,0.8013824621988709,0.311485648706106,0.4521452329209159,0.4136967155835093
1.0,0.7794607369212591,0.9592669443979179,0.9445698657771712,0.5156718461035887,0.4500836164086963,0.8668752444270627,0.4711411877819681,0.8023875939312384,0.3167689551781479,0.4000426217168635,0.2086873367906128
0.0,0.7893794535753931,0.959390119526612,0.9517084782388002,0.5164556860396017,0.4601762206523941,0.9028549080954242,0.496339028178389,0.8062041575408878,0.34146150897400834,0.3817656217217463,0.2592503700147988
0.0,0.791205643284277,0.9559866168837344,0.9449294942677924,0.5162686018690104,0.4673173304672995,0.9179507235041064,0.4954958952740184,0.8093195115488994,0.3603922022179286,0.3807719150344308,0.2981319252770103
1.0,0.8254735560568627,0.9539639115733904,0.9446132217317772,0.5232696375994165,0.4799016179759044,0.8955025420414547,0.4377856667406255,0.8130807897864307,0.3942148647326886,0.3623563449228701,0.22924916996679684
0.0,0.7971139041071367,0.9532132727710612,0.9479535498757984,0.5166968078766164,0.4512975143098574,0.9055249036354016,0.41831225501072383,0.8177727833121868,0.42672614179965707,0.3449493497982661,0.29329173166926586
0.0,0.7911340280015756,0.9546828916748566,0.9598743314277852,0.5138201758511053,0.4808034726375559,0.9486055475776584,0.4642556023962722,0.8212837960370023,0.4561993221669629,0.34380527140619177,0.5302212088483514
0.0,0.8165216457191965,0.9545735794636491,0.9659057825612666,0.5135343859708517,0.4807006182164013,0.9885118282820644,0.5141705495155686,0.8218279672484661,0.4571392692755509,0.3548517896149413,0.7596703868154726
0.0,0.7983671715544098,0.9516484629704652,0.9626454462503762,0.5146682542677591,0.4171613251395195,0.9919491953077086,0.5518674654241554,0.8201451564266597,0.4623768642326964,0.3520952432004719,0.8616744669786793
0.0,0.8064955061410106,0.9490483019979437,0.960961025736421,0.5166972096852502,0.4464439411657367,0.9696677975575864,0.5553657273870277,0.8168237758929053,0.4665618538087319,0.35628067207359576,0.8261130445217798
0.0,0.8115443835714543,0.9456448670253628,0.9576264473742614,0.5137071184505709,0.5167911010997167,0.992021486689312,0.6124916796094964,0.8140710806318958,0.4642222065052735,0.3756436044857636,0.9760390415616632
1.0,0.8043112400186201,0.9432961644317172,0.9587808264021408,0.5134830346062106,0.0,0.9641241368362571,0.5955106870793581,0.809379662911063,0.4504210013129185,0.4131256760448577,0.9684469103384024
1.0,0.8093959250904142,0.9408048830289236,0.9584642599815271,0.5141141511956497,0.5392566460485199,0.9761885863957456,0.6033799275201539,0.8066195166905656,0.4434641390284444,0.4221869298314393,0.9542457805907181
1.0,0.8033086260608016,0.939078603217364,0.960197388031592,0.5139820586153823,0.5213215031769259,0.995079232693912,0.5223060424524816,0.8045225682166066,0.4551991194161914,0.3647479549838247,0.8311132031066125
1.0,0.7773122784402191,0.9368825513173192,0.9586428766784028,0.5142461051735318,0.5076997059515975,0.9773526636355834,0.4361733599585832,0.8041030566540182,0.4591830713819946,0.30778252103981546,0.4880333433592581
1.0,0.7724066315751781,0.9364349400515024,0.9635111224284231,0.5143547267498191,0.4817217839463549,0.9451371571072321,0.4394645366466978,0.8040980660342558,0.4586174529046753,0.3123352268650258,0.4702874575688567
1.0,0.7186235542664805,0.9353110439804756,0.9655907914990072,0.5101230054579952,0.4855531803298079,0.8634448361853986,0.4662007247984615,0.8037635221801421,0.43160647482990655,0.3480996855989113,0.3930305504232352
1.0,0.7058402263042934,0.9352506582326768,0.9719529146205848,0.5090508542337029,0.4710390756440816,0.8163212658010148,0.4189187190296578,0.8039510722011819,0.4146562299506157,0.3353653340461253,0.22498173849525105
1.0,0.6921617073083397,0.9346170539778677,0.9751036411180553,0.5109155481957266,0.5120918557162908,0.7903517069395477,0.4190962206937351,0.8069160170824401,0.4051446529362667,0.33556114245260377,0.2157865337515552
1.0,0.7303684606294985,0.9343587454291388,0.9767083167248224,0.5156656412257491,0.47736236276136,0.8988735058904463,0.4089712299386137,0.8102691111975981,0.41522808501241787,0.32656491296045315,0.2194675613263032
1.0,0.7383893722920472,0.9330014344573868,0.9754260117989964,0.5131162598713775,0.4692717462681002,0.9129761802390576,0.3752089342504252,0.8136144273625279,0.42374598181657774,0.333613270703019,0.14918739924186594
0.0,0.7553980019336127,0.931348741101208,0.9734758946993566,0.5120209638295097,0.49191291682706495,0.9331842806776164,0.4274831743214261,0.817113532788903,0.4345018228395969,0.34460601678721986,0.1728459530026113
0.0,0.7333046872202529,0.929363157036342,0.9724137933005624,0.5129729426524607,0.5003371330499357,0.8875225728781495,0.45362769025959604,0.8186720705724595,0.4309775681242387,0.3817924520252608,0.14905715114592213
0.0,0.7346653775915781,0.9282021599085422,0.9738466170515524,0.5135036158365618,0.4901561432544595,0.8760856479490928,0.4542933214998886,0.8208956648699497,0.44176834746842697,0.3826158143710866,0.21206846533216936
1.0,0.7381387188025925,0.9259886292719386,0.9705445724921672,0.5137959477562954,0.4969338145088734,0.8904462980479834,0.4907773093706089,0.8221380357599499,0.4454895353253029,0.4239514924529144,0.5648970118944008
1.0,0.7606259175708098,0.9244625378351764,0.9703980745134124,0.5137744262446027,0.4891344081492655,0.9073007137329092,0.5928629539235264,0.8221063027998896,0.4525274632324541,0.501419316236916,0.8105599071656528
1.0,0.7486303577183371,0.9213091776537876,0.9638707380913409,0.5154353248911996,0.506063400896082,0.8946599019692149,0.5521780933362915,0.8196633995315259,0.4408607903388944,0.4974744025887039,0.7937917029300837
1.0,0.7619149926594336,0.9186528049379108,0.9599099098357036,0.5185567451621275,0.5037617054783907,0.8695502622753463,0.5553731232896971,0.8184487143059436,0.4411588836107944,0.500836346638715,0.7350159559036831
1.0,0.7628101836932002,0.9142148323449301,0.9492758348367621,0.5192081175937739,0.4734492642798978,0.8539085860743273,0.5597662894756306,0.8157602221952359,0.4155923287077376,0.5055602558838033,0.5872352770525062
1.0,0.7823611558706629,0.9105243245087248,0.9400711369550732,0.5232968232762534,0.4791075260009773,0.8458293435383577,0.5875231121958433,0.8127894174190728,0.3857551160769634,0.5323974412425987,0.561895901173308
1.0,0.7792458910731551,0.9072097753245952,0.9331228966880836,0.5238860778899713,0.482130358782679,0.8172094893445919,0.6130167886990607,0.8113247407327995,0.3706127415240131,0.5555725382932883,0.4763446738719057
1.0,0.7750205893937767,0.9046872683734656,0.9283529967682546,0.5235370358495548,0.4827891224019062,0.8119592088998766,0.5809185711116045,0.8111684917471462,0.3739038591770113,0.5177891666441906,0.5568948525509826
1.0,0.7857270741576252,0.9039884594527128,0.931510276367032,0.5258460316372262,0.5130732094125645,0.8063195302843017,0.5913541897788626,0.8119659644722035,0.3959203718070109,0.5267296669046139,0.5385508592661399
1.0,0.795251906756902,0.9038231984573876,0.9355282995144384,0.5252209789696901,0.5193202216920506,0.8684734343898333,0.6555062495377559,0.8121026546529873,0.4027333584612624,0.5468294496018218,0.7677327317364468
0.0,0.7977584416514485,0.9052398039915008,0.9457374545313812,0.5247872338349061,0.4848495826731635,0.8900627775225847,0.7221359366910732,0.8116835291506219,0.41638731045686944,0.5728746847658671,0.9625354717342092
0.0,0.7689690980055144,0.9043881929493196,0.9476516006813565,0.5231246585330512,0.4891751215718545,0.8673250650742613,0.6527253901338657,0.8089322623812851,0.4019055866093637,0.5299784536422018,0.936342740390756
0.0,0.7761664339169979,0.9043735806164828,0.9528563413723762,0.5253127775983693,0.4793404732389856,0.8431327514928804,0.6289919384660894,0.8088763718255416,0.4154565951717813,0.5132372201411136,0.7635359468777942
0.0,0.7587281125792245,0.9037269876263856,0.9566392372029467,0.5210956554653133,0.4983961205529749,0.8484918082988823,0.5679905332445825,0.8095884817363264,0.4234362127203923,0.448882628717924,0.8468003207698469
1.0,0.758011959752211,0.9051023488114422,0.9681716996825044,0.5204748647852026,0.5144636250541658,0.8598223855458582,0.5422453960505883,0.8107845673349738,0.44730108117252615,0.4774384735701002,0.8391659983961526
1.0,0.7458373616929854,0.9054928505317932,0.9763672911707189,0.5175109683358664,0.5039169317271566,0.8685499923442046,0.5250942977590414,0.8101363831165305,0.4541613958460722,0.463470463451444,0.8938893344025663
1.0,0.7407168689798403,0.9050087779473012,0.9805011543735576,0.5202648052323043,0.4971542520451679,0.8660235798499464,0.5570667850011096,0.8089480071570665,0.4625132203178896,0.4377837745400008,0.9885805934242198
0.0,0.7563648082500807,0.903632293751362,0.9817871063930486,0.5189604115485974,0.4945591880445464,0.8812586127698668,0.5171067228755267,0.8059459770400849,0.44988185644472706,0.4573438754933868,0.9879829787234052
1.0,0.7358828373975006,0.9007472887333108,0.9771149368551576,0.5203675778935515,0.4968454160039724,0.8392282958199356,0.4777531247688784,0.8038036435715796,0.4390440849504645,0.4764733441695743,0.8688286040952096
1.0,0.7603036487986536,0.8986968545762539,0.9760850821453628,0.5208133602793926,0.5061104764601722,0.8478027867095392,0.4771392648472751,0.8018158843896468,0.4265008182352218,0.4760745349662101,0.8746393827574644
1.0,0.7644573351953308,0.8963895877504706,0.973549241330366,0.5211412063672111,0.4961851111603711,0.8624253559944877,0.5079358035648252,0.7992134084993321,0.41186847672958377,0.4503510058847551,0.8496207746808571
1.0,0.7535360045833781,0.8951353329375968,0.9760093264672218,0.5201205172187237,0.5111033198295258,0.834098912877048,0.4316248798165821,0.7952650974352424,0.3949723100835635,0.4333092114604871,0.5509535253909306
1.0,0.7751638199591793,0.8935410984905847,0.9763935696139184,0.5193786416186048,0.4976152164752093,0.8778900627775227,0.486184453812588,0.7949393120990325,0.3808819569854848,0.4301600357592675,0.7136302631168266
0.0,0.7659612561320587,0.8917988217612036,0.9774330971538124,0.5187535308639581,0.5107411249469799,0.847266881028939,0.4802159603579621,0.7925409415950115,0.3707135384536818,0.4245197978619861,0.6685289803052538
1.0,0.7604110717227057,0.8924044872006378,0.9906931701400732,0.5182446309451002,0.5135177779410537,0.8325677537896189,0.4528880999926039,0.7916518424649809,0.3755388206725044,0.4470186759256587,0.5704922126158729
1.0,0.7069144555448132,0.8911044647831345,0.9960924405305294,0.5122571464290694,0.510158841722118,0.7973510947787474,0.3742030914873162,0.79151985344924,0.3955684713017456,0.42055669003689616,0.4108430350510315
1.0,0.7245676227306908,0.8897081144939009,1.0,0.5168437582080321,0.5173455096559083,0.7522584596539581,0.3357296057983876,0.7930255692102439,0.4188558947793716,0.36491144540097337,0.17915665282936571
1.0,0.7502775092204678,0.8864374606543709,0.9925680605462616,0.5169548799950673,0.5153772201776272,0.7935997550145462,0.3907107462465794,0.7959520234538578,0.44645191603269707,0.3714298535283893,0.3384000749087049
1.0,0.7287571167687186,0.8843140492803039,0.9902583574843896,0.5179860101867145,0.5131611199251239,0.7527178073801869,0.3865542489460833,0.7963787981600698,0.458311061512099,0.36428589619359053,0.2251006585723644
1.0,0.7585848820138219,0.8828924880215634,0.9905198783542764,0.519150232867504,0.516707001386486,0.7830347573112849,0.4330670808372159,0.7989088496502197,0.4761928504515405,0.423119805261216,0.1699803364649333
1.0,0.7376016041823326,0.8811662718827529,0.989516437480884,0.5201983178074506,0.5132911208262361,0.7436839687643545,0.393358479402411,0.8022122591186684,0.4935205871539475,0.4269099103573339,0.003162992982109439
0.0,0.7600888029505497,0.8806345827674333,0.9921657552611168,0.5196520682518215,0.5164062883679694,0.7916858061552596,0.4745285112047925,0.8091351436179293,0.5301363455361616,0.4597358682252621,0.2255489021956108
1.0,0.7479500125326746,0.8790978738828257,0.9907647898150542,0.5217884515517276,0.5091959553777051,0.7697136732506509,0.4394571407440284,0.8130933388583157,0.5550162059235522,0.4692981567631591,0.1469917308240684
0.0,0.8011601675797615,0.876909204472218,0.9868974688455552,0.5259634579851226,0.4597046335897959,0.8602817332720869,0.5238074106944753,0.8188306172027155,0.5973733045683387,0.5181520429269354,0.31074449201211
0.0,0.8360368102553086,0.8742484961705581,0.982127520484248,0.5277130350801853,0.4697751618324204,0.9084714967067912,0.5468826270246283,0.8203688314865631,0.620486476736959,0.5524997883970199,0.4800563850892756
0.0,0.8535467468757834,0.8716602723560696,0.977522775843515,0.5299607011754132,0.4501880459858797,0.948101837902983,0.5931218105169739,0.8209299664414895,0.6383130855070827,0.575322665343606,0.7239486416077403
0.0,0.8513982883947435,0.8700210585855115,0.9772022260952729,0.5302432688154032,0.4725977978371952,0.9319825248568848,0.5874491531691446,0.8197008169955609,0.6292743605525243,0.5687548346271672,0.6601693338295489
0.0,0.8623196190066958,0.8677646812397528,0.9749513881378492,0.530898202598684,0.4814580748091318,0.969211176867181,0.6267287922490941,0.8199857129247663,0.6259101496661064,0.5907244695526984,0.8279214737625615
0.0,0.87331256490135,0.8650445303582719,0.9723117124445462,0.5292437581823828,0.0,0.970484680500412,0.6026033577398122,0.8193218187551652,0.6107163673461647,0.536513395510418,0.8919333829549662
0.0,0.8897124646399543,0.8607828921392469,0.9630267499924574,0.52834612254304,0.4597127964912193,0.9829078967010004,0.5925375342060495,0.8178280612426712,0.5917454876418893,0.5166899862023207,0.942128768142908
0.0,0.8927203065134101,0.858940845210743,0.9630926310943244,0.530614148573932,0.4661504369258826,0.9699727676651856,0.601124177205828,0.8156396155150261,0.5862956126600134,0.5272292024424724,0.8085944830174507
0.0,0.8608156980699682,0.8573039902136226,0.9636410029280612,0.5222572239787783,0.4633132344101959,0.9712627203669201,0.5821980622735005,0.8133796296083801,0.5943602498082637,0.4940239356554943,0.8437324075811578
1.0,0.8627493107029041,0.8554656998415259,0.9630383320631296,0.5232705322678252,0.48419263402530394,0.9572165687258136,0.5818948302640338,0.8124083682159307,0.6170488056585304,0.4940705225738165,0.7421655094764492
1.0,0.8916818849142407,0.8514803331599665,0.9540108421248052,0.5248523304636312,0.4976348390590565,0.9691127991973628,0.5340285481843058,0.8104052160328845,0.624700221691714,0.4784094460026543,0.7122349408894718
1.0,0.8988792208257241,0.8468282506673293,0.9426774367289172,0.5223784190567805,0.4539965540329474,0.9737944748242312,0.5839878707196213,0.808280662070666,0.6255466135586611,0.4800969570294613,0.7382248076562196
0.0,0.9255917212733196,0.8396421471280491,0.922308148321218,0.5234885001579977,0.0,0.990182710662667,0.6629761112343757,0.8042226220984721,0.631668914171541,0.5187502614467978,0.9973728654531788
0.0,0.9910122820209836,0.832594455990834,0.903494104131704,0.5386182247195086,0.5201783497391034,0.9900373599003736,0.6633311145625329,0.7981493896884313,0.6248086735282217,0.5196848339861626,0.9555119118777252
0.0,0.9908332438142302,0.8267643698887317,0.8891034229609203,0.5386860064457499,0.6304469608158335,0.9945425558008342,0.6690333555210413,0.7919559153499709,0.6026144401310909,0.5251271550093154,0.9917447676394899
1.0,0.9610412862104774,0.82475548435199,0.8894699678976525,0.5387947272967324,0.5937817290961167,0.9817940451355964,0.7015753272686938,0.7861459925142076,0.563729987534229,0.5519214222644839,0.9991421021927868
1.0,0.9416335445984174,0.8231032751388747,0.8902173516962196,0.5370073339136314,0.6128469115931143,0.9474682344016688,0.653583314843577,0.7816091226263129,0.5348518773381196,0.5151744054972408,0.774492700394823
1.0,0.9430658502524442,0.8212348627223192,0.8895418127088986,0.5369229582781362,0.5541880479065208,0.9525254440862256,0.6463649138377341,0.7800806272921743,0.544198428775764,0.5021805180301468,0.8267376733082369
1.0,0.9300676764421528,0.8199895943165045,0.8911963429828806,0.5360625844113384,0.5529151602101352,0.9247107908211644,0.6615560979217519,0.7786392457068751,0.5443013369943439,0.515940578837562,0.751813423928016
1.0,0.9212231890285388,0.8183063091017564,0.8906796928284817,0.5327238652009209,0.5476997010124552,0.9290726341740946,0.6597441017676203,0.7775345138432956,0.5471994516200823,0.5115788146581466,0.8294922413001558
1.0,0.9239087621298384,0.8170421181881848,0.8918537972659037,0.5340669449819895,0.5486897917634702,0.9190214299260384,0.6431994674950074,0.7748588271086105,0.5222946632405123,0.5429831856300429,0.8088329813607562
1.0,0.9185734235685896,0.8148106030584492,0.8896159768552626,0.5361969165228123,0.5471721795732116,0.918073203110184,0.7079505953701651,0.7720073667636127,0.4939785747478895,0.5403941381494961,0.8125975576163816
1.0,0.9070433630536758,0.8132171178515258,0.8897688320730613,0.5358314994071469,0.557298834885419,0.8874770845186167,0.6846165224465643,0.7688756121960338,0.4744457801041313,0.5719054330938398,0.7846661680893311
1.0,0.9099795896444304,0.8111164033873424,0.8882635752776421,0.5357617460813118,0.5602786208361108,0.8972122131613882,0.650166407810073,0.7682270619337785,0.4599500212210966,0.5795795840091579,0.769089924439745
1.0,0.922476456475812,0.809027692858848,0.8869585635099702,0.5343210327413768,0.5645834921987862,0.9079587837410708,0.6138081502847428,0.7684281934175667,0.4591609374960735,0.5926655205678429,0.7251205611573888
0.0,0.933361979446414,0.8066221122719692,0.8849612810502918,0.5324900458933524,0.5597406319104359,0.9192499526485262,0.6119961541306116,0.7702181002557584,0.44563284038727735,0.5896438107685893,0.8447275446785463
1.0,0.9287786013535289,0.8041810650466252,0.8827165027258158,0.5322607556392157,0.5617239369095561,0.9095166729112026,0.5545151985799871,0.7702244794764288,0.4432828527037286,0.5363519302354607,0.9076514428656174
0.0,0.932824864826154,0.801967318869008,0.8812733758111246,0.5334219380935277,0.6803604318613669,0.9072568129616986,0.5087567487611862,0.7674430642740147,0.424969761446636,0.5506805776844798,0.7999329499445547
0.0,0.9693128513624808,0.7998241489438034,0.8797665716838351,0.5347748607042674,0.6208887272543058,0.96809237072444,0.595421936247319,0.7639328345115974,0.3950669263677074,0.5666492445350451,0.8852412512571884
0.0,0.9665556629784796,0.7968778561476051,0.8758960588537895,0.5345556422841761,0.6823488540121623,0.9633517495395948,0.5984394645366466,0.7586786331415865,0.3516003539352488,0.5689418549774802,0.8409191800496145
0.0,1.0,0.7944060629937157,0.8741422389139663,0.5367284924471784,0.6841050906352564,0.997753491196114,0.6209082168478663,0.7540547630238326,0.32386138183245183,0.5877780516083727,0.9932628280454371
0.0,0.9779066852866404,0.7918904824674065,0.8724396793126422,0.5367337960115148,0.516574969610871,0.9994388327721664,0.6192367428444641,0.7475502887566474,0.2800509095318641,0.5876982030686534,0.9773438939031126
0.0,0.9557417552905793,0.7902242224755953,0.8744290813736586,0.5376837261543344,0.5216036818131848,0.9742154581472864,0.5749204940462989,0.7402361302295517,0.2237787080246418,0.6045581791112958,0.8190581445324503
1.0,0.950836108425538,0.7888855765649783,0.8764228663376313,0.5374083703590326,0.5351409594011646,0.9633985283944406,0.6383477553435397,0.7348614831101359,0.18899966252144376,0.647008228949677,0.7494013630502849
1.0,0.9072224012604292,0.7875104968780178,0.8784853777646666,0.5346275894751086,0.5494662237114786,0.9028991887302684,0.6368389911988759,0.7310145840985347,0.17669827472078048,0.6466609026634993,0.6541413397187942
1.0,0.8839474343824973,0.7863848151754587,0.880557243704827,0.5356491344394932,0.5655449076098734,0.8647254889629583,0.5017972043487907,0.7298357956202175,0.1869421133613287,0.5967685373727271,0.4248787376435185
1.0,0.8626418877788521,0.7850801589448597,0.8816548651876424,0.5337645341561249,0.5616881694040871,0.8227155524809759,0.4763700909696026,0.731206350993385,0.2031656327431723,0.6297178755213705,0.3768035856818317
1.0,0.8629283489096573,0.7854892664812005,0.8888247946015931,0.5332963336390155,0.5659298544575054,0.8279353499779887,0.5397529768508244,0.7307557988974476,0.2052342061439765,0.6227432394637058,0.4591698900963953
1.0,0.8276936298206039,0.7861318589963018,0.8960585714379123,0.5276662115716859,0.5687642571925288,0.8138481856487015,0.5444123955328746,0.7307208580725082,0.2194324441766018,0.625971365637612,0.3209615030392331
1.0,0.8308447022594623,0.7868194425407269,0.9032087188593748,0.5278179251141316,0.5653773199195241,0.8228413307339163,0.4765623844390208,0.731876879470041,0.2218800005198737,0.5824836307577068,0.4063977405292571
1.0,0.8251870949260574,0.7854343911365946,0.9024615625401088,0.5306170298389786,0.5742332612730555,0.8158606376957426,0.5410842393314106,0.7344189915398884,0.23095301149988,0.5721399348394468,0.4543500951679256
1.0,0.8019121280481255,0.784039283873222,0.9018606197191285,0.5288699764839995,0.5689112059268912,0.7620275454373939,0.4363508616226608,0.7364486864329742,0.2210364564603394,0.557571644306621,0.189353472094308
1.0,0.8169155297740538,0.7829396065466094,0.9021667580816636,0.5309389476720645,0.5693206959872953,0.7905792088547889,0.3393683899119887,0.7407042894275968,0.23324867395015175,0.5090941907280292,0.16991044020380394
1.0,0.8245067497403946,0.781946236545092,0.9043862986076407,0.5317575370988322,0.5703014406644641,0.8074334947487578,0.4810073219436434,0.7469678093725678,0.27947238263683044,0.5395713343680885,0.2982056394189688
0.0,0.8445948365381173,0.7807031537323563,0.9058216873499566,0.5312110807172402,0.5559365582997977,0.8378089428337843,0.4044301456992821,0.7510926752079337,0.3169325502449177,0.5051718978360406,0.3998227792018722
0.0,0.8471371790740144,0.7793695810328192,0.9069398280249444,0.5279520082346871,0.5360591762264011,0.8398842840072953,0.3520227793802229,0.7573702087551364,0.3673134241378492,0.4851026339065171,0.4811569521507434
0.0,0.8698750313316863,0.7777250000641416,0.9058493642771384,0.5306438513791853,0.53696961582062,0.8859820137098295,0.4271651505066193,0.7602583353787521,0.38719647437462507,0.5164352865591826,0.6269274248247788
0.0,0.8817989759014575,0.7766416218365966,0.9078426669681569,0.5292526836636777,0.5594715368344961,0.8933400415068236,0.4540936321278011,0.7589543419859701,0.3854281126865379,0.4788730992536255,0.6723716934207553
0.0,0.8474594478461706,0.7745855053925619,0.906441191159374,0.5267902558367817,0.5497705783357487,0.8552921199924534,0.3284224539605056,0.7564850610115026,0.3932267906137277,0.4692324317700433,0.4822292561609759
0.0,0.8595982382640457,0.7727210824644992,0.9062091349847656,0.5257779997323854,0.5489993145177764,0.8553550091189234,0.3132164780711487,0.7573840243769911,0.4251945927264403,0.4601716097190068,0.3864197023271108
0.0,0.8787911340280017,0.7698273860067146,0.902200366945352,0.5254851085780513,0.583774968009585,0.8748506383246338,0.3372457658457215,0.7578007905469528,0.4525439007714184,0.4212379934966111,0.4438985280815719
1.0,0.8533677086690301,0.7673507986000536,0.9018657703477816,0.5233879717619234,0.5831013597366224,0.8222753285956859,0.2931661859329928,0.7582259227406938,0.4859894492534678,0.3941661094194242,0.3210673464353257
1.0,0.8621047731585921,0.7656310504637285,0.9035786513796868,0.5211666584934134,0.5917277930009273,0.8327778127161816,0.2558686487685817,0.7603818920043572,0.5258578757086907,0.3804891836147216,0.29444712871995765
1.0,0.8170945679808073,0.7635334426267091,0.9046837074582614,0.5198552854624426,0.596040302520332,0.7541664046286397,0.19946749500776567,0.7613121684785957,0.5315938537566117,0.339850162955471,0.10037400905495553
1.0,0.8227163676728615,0.7618958864739815,0.9051951290798069,0.521771743098213,0.5855584437267097,0.7468712659581159,0.24305894534427894,0.76508491570936,0.5263510840038603,0.3670758796757832,0.04849591095363345
1.0,0.8503240591542236,0.7602679572202409,0.9050562325770496,0.5225071526593869,0.5903463884134107,0.7917112131312497,0.3362029435692627,0.7700029054918229,0.5253343518812661,0.3617693110127056,0.2416026914335817
0.0,0.8676549575679451,0.7589926983636861,0.905703379645364,0.5251815639907957,0.5887809798072268,0.8222753285956859,0.3793210561349015,0.7721798560284174,0.5150530976189887,0.338198187834287,0.27510244984878585
1.0,0.863823539943424,0.7574389902888972,0.9054941754392349,0.5283753314371491,0.5867460255402399,0.8166781963398528,0.3732712077509061,0.7733414573988411,0.4947514421112375,0.33370138398370386,0.16483654953917082
0.0,0.8522576717871595,0.7560611228194021,0.9050563390482752,0.5276426621640015,0.5908348396150386,0.7896358719577387,0.3734782930256639,0.7764144517115876,0.4585491315244917,0.33281345546373403,0.0724546370967742
0.0,0.8872775450281091,0.7548977139814848,0.9038039722010766,0.5324532082581882,0.5902376135450261,0.8562103809703133,0.5087715405665263,0.7834600455541596,0.4737704500112601,0.3534366132440808,0.18067748881895024
1.0,0.8485694847280408,0.7543810696276882,0.9055246295705491,0.5314430158350425,0.5580664523241906,0.7919412540011298,0.4127801198136231,0.7878184483281898,0.4893502888809826,0.3498113554325332,0.03238363425542461
1.0,0.8499301750993663,0.7537754343008065,0.9073173724124064,0.5290986665062606,0.5467197293324154,0.8181133496516666,0.4345684490792103,0.7971802762287123,0.538732991164935,0.3610796937721281,0.06986771411802044
0.0,0.9225122641171626,0.7535276015353083,0.9112078972506564,0.536515035752522,0.5495040041949631,0.9371116550555452,0.5092522742400708,0.8035360936354248,0.5768117432989791,0.4032413478644423,0.3868346200731419
0.0,0.8708060300068036,0.7512029370630151,0.9084115220995252,0.5322396136345572,0.5460382974671228,0.8648716500345198,0.44144663856223615,0.8037722192737099,0.5832293130231085,0.3553364532312429,0.04602916610230779
0.0,0.9131664697246392,0.7493439494127759,0.9075369212485996,0.5358811056742234,0.5242446502106022,0.9206050335781084,0.6050883810369061,0.8090568648922609,0.6082867868166315,0.4219828874436368,0.35225066594428805
0.0,0.9406667382819494,0.7486863571481794,0.9126175619314568,0.5365771393398072,0.5399235819833201,0.9627188853323292,0.6856519488203536,0.8110828968470631,0.6149351816244715,0.5028303301021824,0.6224434511716108
0.0,0.907544670032585,0.7484594256400878,0.9195463409592836,0.5249155027036027,0.5538148404990164,0.9691206929015252,0.6636417424746689,0.8097221275628972,0.6182986292318343,0.4764983946829152,0.6236173190663229
1.0,0.8757116768718445,0.7476291558204016,0.9234866936708348,0.5251781443545659,0.4659018925955185,0.9152701939371116,0.6817617040159751,0.8082510082501988,0.6332196931501942,0.4888899719988621,0.5867985010609965
0.0,0.9234074551509291,0.7449381247846949,0.9199812796831048,0.5294849919411214,0.4667273095853377,0.9747693466390512,0.7418977886251019,0.8053453082129214,0.6302504051828204,0.5622121313563985,0.780531852453835
0.0,0.9192537687542524,0.7421890751335727,0.9176979183859872,0.5328196158054839,0.5675036608199828,0.9676143852381852,0.7947563050070259,0.7984455055537156,0.6143051403358295,0.5940853694344511,0.796060393960603
0.0,0.9108389730368462,0.7402182521226406,0.9183809900810771,0.534266822487398,0.5788566099875988,0.9638486160798344,0.854944160934842,0.7906312870664622,0.5865822367884984,0.6257814786343822,0.8190052169184493
1.0,0.9079385540874424,0.7381714509846486,0.918911060938542,0.5340793218739148,0.0,0.9573840456913328,0.8629613194290366,0.7820710501855572,0.5581509089499573,0.6296278188954173,0.8252735731603437
0.0,0.9167114262183552,0.7368710701440147,0.9219197182256644,0.5317197522021111,0.5648161375193819,0.9794715833491732,0.9604984838399528,0.7728491014546066,0.5151336710256856,0.6661590631596839,0.9682920024289776
1.0,0.8820854370322628,0.7361038483696474,0.9256305067638941,0.5279407928449626,0.5513512498277281,0.9576683301710808,1.0,0.7631853556010022,0.4793014570015214,0.6834386093236637,1.0
1.0,0.8573423568589538,0.736045365017705,0.9312031764502962,0.5271603966608727,0.555368319305083,0.9312010714456544,0.8129576214777016,0.7555333827801156,0.4525623251943265,0.5452587797661113,0.9852430016758746
1.0,0.8517205571668995,0.7351404091766638,0.9323603857941822,0.5251451960744152,0.5585087450595236,0.9354103222309028,0.7476739886103098,0.7505715039679395,0.4391791404731476,0.5446297798613264,0.9911473144711682
1.0,0.8510044043398862,0.7332512071415858,0.9314595182905824,0.5247653141625903,0.5704512558292893,0.937451171096478,0.7976776865616448,0.7457870943503053,0.4338203773157588,0.5685608483593668,0.9875301483039975
1.0,0.8342106205464247,0.7302601460914544,0.9268884296754484,0.5236847653009282,0.5670127400015481,0.8959326519874361,0.643169883884328,0.7418327816878048,0.4381753692376968,0.5220972636987421,0.931280836089056
1.0,0.8478891395423784,0.7275713883742345,0.9232942851654512,0.5226832461794128,0.5568734693042565,0.9016087628948164,0.524842837068264,0.7420160272735923,0.4774239023035446,0.5121039334089289,0.8400325381527523
1.0,0.8287678590611238,0.7249035305673229,0.91846391262205,0.5236854268101172,0.5656150273816963,0.8739935266825046,0.4571925153464983,0.7412462475853743,0.5075035988544812,0.529001769090226,0.7279881165007341
0.0,0.8689798402979196,0.7219904967659592,0.9113003967571016,0.5261437589835112,0.6134252803567892,0.9364307466636902,0.5200798757488353,0.7418829473325261,0.5331189454716116,0.510050897057233,0.8308546570231132
0.0,0.9005979876105561,0.7186846451757003,0.9042259692995396,0.5283376514960797,0.5542902524901209,0.9623240166456734,0.4972487242067896,0.7402013513902552,0.5419385767617396,0.4987618845314497,0.8765318573272741
0.0,0.8994521430873349,0.7158668661557435,0.8998318994567789,0.5276314949237277,0.5842148601354499,0.965640396052233,0.5054507802677319,0.736501912589212,0.5273840595487312,0.5027785881427189,0.9882357286645614
0.0,0.8908583091631757,0.7135710437520271,0.8982488626288236,0.5291656184118437,0.5806795602731,0.9614949217940336,0.5313216478071149,0.7307846016993849,0.503047491442891,0.5154029937155833,0.8745864274685693
0.0,0.8849142406989652,0.7107239989698702,0.8938857688549195,0.5294909410219946,0.5788465459888065,0.9373873945694288,0.4411434065527695,0.7267611727951435,0.485190284366609,0.5203117381881213,0.717226674509227
1.0,0.8892827729437462,0.7075178930214531,0.8888267832219673,0.5307625214237696,0.0,0.9333056968382784,0.4039272243177279,0.7266456180826533,0.4848518729257934,0.5037168167723023,0.7323336560062828
0.0,0.9180363089483295,0.7042831467755524,0.8839608132412375,0.531256319706703,0.5767854411051271,0.9821952776005108,0.4504030766955107,0.7252884241262822,0.4792324644813454,0.4761832689736281,0.7857012717268521
1.0,0.9072940165431304,0.7009316131178174,0.8795018938122539,0.5312411981287426,0.5653348502703615,0.9602144287282828,0.4412765328008283,0.7213118288292379,0.4535925347955001,0.4711787036025809,0.7113471559231871
0.0,0.9206860744082788,0.6980672634988256,0.8762615527510481,0.5297698499813766,0.5565424958495,0.9820246593121348,0.454907181421492,0.7187990943346934,0.445341510835696,0.4283211980891188,0.7195641875888201
1.0,0.898377913846815,0.6950946523217979,0.8728626252037062,0.5302967950528843,0.5492645032298238,0.9490590525632704,0.4046076473633607,0.7149657788920076,0.4325348821397901,0.4010593534236885,0.5806763108989547
1.0,0.8748164858380779,0.6921247563982047,0.8696818382051761,0.5288722256795295,0.5559218604720704,0.8920181700194676,0.40423785222986464,0.7141739254206609,0.4380713378013825,0.3995506603988375,0.4241518784389468
1.0,0.8649335768252946,0.6896739595827008,0.8674151890074077,0.5286992461589398,0.5752290082316563,0.8621674237508111,0.38407662155166056,0.7158277421768746,0.4477646673471671,0.4380472154112123,0.4041285573734651
1.0,0.8711282987789595,0.6878211033346082,0.8667409835949238,0.5280599043065839,0.5800975857894345,0.8884490590525632,0.352814140965905,0.7193937371516991,0.4628177783957765,0.4171456592693963,0.27096162955945113
1.0,0.8189565653310418,0.6865686800768587,0.8682097198383524,0.5258657452830233,0.5454798874114308,0.7939649578195975,0.3022483544116558,0.7260645036078865,0.4980042762611978,0.3797544090697534,0.000246984728110754
1.0,0.8531886704622768,0.6855909663387763,0.8705381130937679,0.5301263800286836,0.5539467394904957,0.8671641791044774,0.4066415205975889,0.7373230238171942,0.5581025424342951,0.4342462282585805,0.2495730494794721
1.0,0.8369678089304259,0.6843880616801261,0.8732344118730855,0.5309897166314874,0.5726257499669299,0.8462686567164179,0.446128244952296,0.7435785384388847,0.6053352013745908,0.4587350781280064,0.4138963621476199
1.0,0.7915279120564329,0.6820548608349803,0.8708644357367172,0.5286890051815063,0.544761232682677,0.7691758598312782,0.3865616448487537,0.7470769309071372,0.6370624556056129,0.4065163738068646,0.0005308597133359074
0.0,0.8774662512980271,0.6795625651215271,0.8670239378784145,0.539840098899588,0.5511436019111073,0.8977936404931861,0.5265734782930256,0.7541590049487976,0.6841953990088396,0.4663980284879597,0.12230532336119762
0.0,0.9073298241844808,0.6767416358122935,0.8625019222254481,0.5412470054074359,0.0,0.9430889033095391,0.6266696250277347,0.7557590726337273,0.6911996315213185,0.5176617130677823,0.6255856003945106
0.0,0.9168188491424072,0.6740335686261527,0.8596530053519043,0.5407249086173845,0.5345405506224832,0.9774821544451652,0.6832334886472892,0.7528531994162582,0.6684428910553709,0.5201417514807789,0.7823232672241031
0.0,0.9143123142478604,0.6724089802660904,0.8605968163634661,0.5416801761669415,0.5274241632051521,0.9647574212109324,0.7188373641002884,0.7495574553445392,0.6490963808073549,0.546516163527969,0.7509078309078315
0.0,0.9121638557668208,0.6712855857980906,0.8650285629128852,0.5379444038103391,0.5272654999674268,0.9917614750882701,0.7364322165520302,0.7474677000036878,0.6256285125073107,0.5693117601933322,0.9102425292334346
0.0,0.8827657822179253,0.6700645426501199,0.8689652351916433,0.5347825863368036,0.5375316764718144,0.9999325099547818,0.7567487611863031,0.7443038561916373,0.6088277248180959,0.6014177295248768,0.9869532265049812
1.0,0.8655781143696065,0.6696638325363784,0.8761673523351556,0.5339166127035032,0.5048709489190683,0.9714870812448908,0.6951852673618819,0.7396072930415805,0.5717363706488352,0.5602817264560079,0.7317832394976197
1.0,0.8347119275253341,0.6669193466283869,0.8737265069872716,0.5285417065526431,0.0,0.9677024241073028,0.7030619037053473,0.7379451689978886,0.5737884922848965,0.5721079925789269,0.8300941966219153
1.0,0.8728470655637914,0.6641112015091568,0.8713512912992895,0.5326184116149865,0.5171070357177738,0.9936402599198118,0.7423045632719474,0.7353660590084543,0.5706526628099853,0.6512250214566662,0.9954255088783036
1.0,0.8637161170193721,0.6591903671331087,0.8615311252346559,0.5328474776212085,0.4710190096409002,0.9994949130528898,0.7024110642703938,0.7297560549219901,0.5619289760918302,0.6465379877985588,1.0
1.0,0.8554803595087193,0.6558550817280109,0.8566177374089841,0.5325412014904302,0.5714504952848908,0.992789876397881,0.6829746320538423,0.7249413631446733,0.5550958327060183,0.6316988813012521,0.9934572779685186
1.0,0.8375407311920364,0.6524377170005771,0.851120045229125,0.5308547080968744,0.4626600686710576,0.9768021762127852,0.6613194290363142,0.7195350263958613,0.5412679694689697,0.6473898792465042,0.9618606484675284
1.0,0.8512192501879903,0.6492081001156296,0.8454106873760981,0.5303544721824015,0.5365207993834762,0.97891793864289,0.6893942755713336,0.7134843860962838,0.5270293837895003,0.6704190306411408,0.9819536937993842
1.0,0.8390804597701151,0.6457195309303658,0.8390034028649148,0.5295788417620063,0.4565996859453074,0.9440834214901016,0.6615708897270913,0.7068416515370772,0.5021758904312382,0.6503092812171336,0.7568491877625371
1.0,0.8554445518673686,0.6426354257719995,0.8337358071773214,0.5289963050435396,0.0,0.9749046529366894,0.6696989867613339,0.7031321476057968,0.4933843860399015,0.6653570349270143,0.9673544810594392
1.0,0.8674759193611918,0.6385816987082149,0.8258493710339411,0.527917637909133,0.5610623977391274,0.9832951945080092,0.6551512462095997,0.6995859726068225,0.4791957933922689,0.6535530011003621,0.8551203184367657
1.0,0.8849500483403159,0.6344888500041488,0.8176955994709766,0.5327574159675311,0.6545722529864679,0.9901071723000824,0.6292286073515273,0.6962636096235757,0.4678745493762009,0.6617070865201555,0.7902133639964233
1.0,0.8843771260787052,0.6313067369419363,0.8134445619676647,0.5335919795648943,0.0,0.9773249351611708,0.6648546705125362,0.6934732093167799,0.4512281682996856,0.666420057078287,0.8916570844512599
0.0,0.8766068679056112,0.6296102593084598,0.8138126755985932,0.5305078476557222,0.5583214364933299,0.9781754692274116,0.6797943939057766,0.6885902620248228,0.4229914978217226,0.6494574468151346,0.975978534009117
1.0,0.8470297561499625,0.6285680265538536,0.8166342899703568,0.5293896850177002,0.5323263529310654,0.9750629146648364,0.6846461060572443,0.6827558159478886,0.3859095032872221,0.6547074646233662,0.9757435501842808
1.0,0.8348551580907366,0.6269277851949364,0.816030160212184,0.5303057771672471,0.5232933438531283,0.9612598185007244,0.6748835145329488,0.677223545124882,0.3614335662285616,0.6471346057141054,0.9665410528719882
1.0,0.8368603860063739,0.6246805052302349,0.8130040984313628,0.5314003483417187,0.5333698210413335,0.9527186761229314,0.6572738702758674,0.6739086564756394,0.3551819812661463,0.6313267010405658,0.9907892439322502
1.0,0.7952877143982526,0.6214011970396041,0.8059471100860738,0.5271216265361243,0.5097029478158622,0.8526652939830703,0.5693661711411878,0.6718446276770311,0.3588342530635526,0.5346188434157866,0.8577878103837466
1.0,0.7866222651913919,0.6187341233294663,0.8037036817111023,0.5278677551314146,0.5412819927657945,0.8080530770990619,0.49457140744027794,0.6712272794267502,0.3610811072667118,0.4744123287143632,0.4975745641419715
1.0,0.8034876642675548,0.6175094024611563,0.8068447963803621,0.5274093364330785,0.5350498437107652,0.8407338075627108,0.5364839878707196,0.6745604420234068,0.3863150600336414,0.4918942966633243,0.6556361365928616
1.0,0.7863358040605866,0.6170727917802303,0.8130514395943764,0.524868826439056,0.5216971762802984,0.8394324122479463,0.42792692848162095,0.6760355666949598,0.39885022291598,0.3567312235141962,0.610849266340594
1.0,0.7835428080352348,0.6170034576566079,0.8174342879469233,0.5236473368378906,0.5236651778149204,0.8414488424197164,0.42927298276754666,0.6791743974157469,0.4375856036162529,0.3582174845315946,0.49209378407851706
1.0,0.7726930927059836,0.6159771485095757,0.8187044349064051,0.5253067095587259,0.5316471303012843,0.8252427184466022,0.4198653945714075,0.6799759040064846,0.4497697083954453,0.3504662925643484,0.5920704159526411
0.0,0.7747341282629714,0.614759873008331,0.8200469252331316,0.525629827078576,0.532744071415885,0.8298730395817775,0.4435100954071444,0.6804075693073162,0.4597980731677137,0.33155281346346416,0.5763053655023409
1.0,0.7786729688115446,0.6132648506186575,0.8197565903219738,0.5226235989092579,0.5338730450027865,0.8366691560866321,0.4544634272612975,0.6793053829701967,0.4531470212212033,0.3415452486171422,0.6532949225783227
1.0,0.7773480860815699,0.6115768282414256,0.8187328799510287,0.5226147428052392,0.5355822623054827,0.8315160567587755,0.4769617631831965,0.6775935795096135,0.4437631741926722,0.36713222548267216,0.6454087144400437
0.0,0.7861567658538333,0.6100194067977299,0.8176075246741655,0.5205991989509787,0.5412198289215511,0.8448842419716207,0.4975075808002365,0.6755966783524411,0.4404486151852151,0.33903683882328084,0.7007202016564632
1.0,0.7620940308661871,0.608250845360562,0.8165016022310544,0.5209572605719371,0.5649750781795407,0.7975354742345035,0.4625471488795209,0.6721753119098679,0.4266665196411865,0.3478553948380029,0.5344256391789699
1.0,0.7473412826297132,0.6066723161716301,0.8156950607537583,0.519472536843651,0.5482416623531744,0.7595220313666917,0.4818800384586939,0.670828039713401,0.426423954215988,0.3705675207414989,0.3623334533669426
1.0,0.7490242417731945,0.6040392196150774,0.8113393360682253,0.5200690803670492,0.5370070297312631,0.7573562359970128,0.4682419939353598,0.6708059380131204,0.4253060864772353,0.35728298591940444,0.3813467770975879
1.0,0.7851899595373654,0.6010741067238411,0.8055281719418035,0.5248597156364175,0.5415774315552406,0.7921583271097836,0.4599881665557282,0.6718744770274163,0.4353912238595539,0.3954056048536481,0.3411955347497301
1.0,0.8079994270777384,0.5989779277418243,0.8031960105064329,0.5261778846971152,0.5380338855899249,0.821804957696304,0.4772280156793134,0.6729113051325948,0.4456775350194714,0.3653214486445578,0.4053655023406546
1.0,0.7811436960647403,0.5936455263067502,0.7878995268829782,0.5223922530714187,0.5403191338198642,0.7987412069603852,0.466252496117151,0.6743017177492001,0.4632138163080058,0.3518492749665627,0.317680950666186
0.0,0.8552655136606153,0.589421432605731,0.7772931468253301,0.5433107576910949,0.5509244155536684,0.8096596989370052,0.4214555136454405,0.6763319475730272,0.4827811661373128,0.3573443439226877,0.3056175729204175
0.0,0.8376481541160885,0.5844220896026622,0.7638565720441663,0.542127332241385,0.5686738834026395,0.8063985254426964,0.4145403446490643,0.6792353878083377,0.5069211258816093,0.34761169550437626,0.18602808786460165
1.0,0.8279084756687078,0.5837580380234924,0.7676830717358394,0.5432071987928514,0.5426859118518849,0.7963926008821014,0.3949042230604246,0.6821202999752289,0.5267603962294606,0.3699569948092287,0.11776194437411833
1.0,0.8236473663479787,0.5819112788133072,0.7665937567514081,0.5462999517602874,0.5374239670626734,0.7892831281679943,0.41393388063013065,0.6858501459752588,0.5524226076556883,0.3958819549417572,0.047679617637989086
0.0,0.8763562144161565,0.5799230060989642,0.7650867581722318,0.5535612368607551,0.5237036562234308,0.8618260812323091,0.4948672435470749,0.6898859389237941,0.5808874283849392,0.434346112099336,0.31273109407231525
0.0,0.8858094317327319,0.5776724430957196,0.7624711764259425,0.5547094139726755,0.5335475481357633,0.88191590782077,0.5151172250573183,0.6925420353471201,0.6066416331360786,0.40758275898659735,0.2552348893619128
0.0,0.8675833422852437,0.5761399512662864,0.7629104895847065,0.5553186218984059,0.5307803938834027,0.8537098523948847,0.4774277050514015,0.6946518827161037,0.630120405964569,0.413257828654886,0.13761694965595644
0.0,0.917714040176174,0.5751044346649579,0.7649851197398077,0.5632039318884741,0.5585990744744199,0.9476642887668892,0.6094667554174986,0.6980289953557257,0.6604631591304728,0.5491565590151701,0.8622478087236142
0.0,0.9224406488344614,0.5732732517375039,0.7653187424042098,0.5614952529297826,0.2962176264612236,0.970215983431408,0.5999852081946603,0.6950303756642873,0.6618556154526565,0.5383132383153408,0.7956018878688872
0.0,0.9346868621763886,0.5712819040097381,0.7656680686957353,0.5600741628088675,0.5876499776812203,0.9887570268582138,0.6598180607943198,0.6926659265001303,0.6688401317359761,0.5859398081909447,0.9950547852225348
0.0,0.9269882192859956,0.5690417575505895,0.7655667823017483,0.5628383300653399,0.0,0.9754101055261518,0.6485984764440501,0.6889187328670137,0.6782276960114791,0.574883299848958,0.9310361469041072
0.0,0.925699144197372,0.5669185940985146,0.7651641507605785,0.5609202411740448,0.6173088291147093,0.9827739241921172,0.6340285481843059,0.6861254804693937,0.6889201927417692,0.5373593870965082,0.9665061390949704
0.0,0.7475493022719408,0.4169607169634073,0.11282587177238534,0.5089779284530205,0.4329408853246963,0.9402789886660856,0.4678574069965236,0.9659562272182702,0.5377748420304204,0.4763144021271154,0.743230347131098
1.0,0.7168723330642373,0.4115700929381832,0.10451709990982372,0.5068202752027429,0.4391103408348427,0.8637750653879686,0.38613268249389865,0.9642331834655355,0.5297164572990556,0.4679265584766255,0.4611734889340781
1.0,0.7378618383116134,0.4043100941924944,0.092414109617398,0.5089201904937412,0.4583262444126357,0.8356582388840452,0.3628060054729676,0.9644842521509064,0.5302891310432448,0.447770734113793,0.3181794026995425
1.0,0.7034944066428326,0.40437845290212415,0.09353534857866824,0.5098124679886172,0.4580149767892139,0.7874891020052309,0.3565268841062049,0.9659746458570416,0.5249281444849738,0.4402084269306477,0.1321872675098308
1.0,0.7049936570176449,0.40994524149581135,0.10530706441619694,0.5093470775800271,0.4801726957037194,0.8799040976460331,0.4434657199911249,0.9700291152895296,0.5456550005470402,0.4974789495067221,0.4573280901264736
1.0,0.7228693345634876,0.4134713942927193,0.114728681498638,0.5107209322670436,0.4246828192326219,0.9210985178727114,0.4626506915169,0.9710197879650908,0.5591668851349085,0.4623678411102949,0.5150653629503669
0.0,0.6936916157305963,0.4104624378936159,0.11006630072249618,0.5085408279196247,0.4337244927287667,0.8653007846556232,0.4097330079136154,0.9692947052329804,0.5627074829108304,0.4091881204449082,0.31594749707726555
0.0,0.6878099411832547,0.4086690911677375,0.1064681261929162,0.5081088088774185,0.4047140296640335,0.85178727114211,0.4508468308557063,0.9689668322638608,0.5887988901685037,0.45033694049727613,0.08261363636363615
0.0,0.7049936570176452,0.4048537030403487,0.09907604235763423,0.5093891479975855,0.4498684782926323,0.9012641673931996,0.5735892315657123,0.971742937248634,0.5841647919937369,0.5063967400093614,0.09259326660600399
0.0,0.7242532579863915,0.3992958722024476,0.09290327552009398,0.5073260966353463,0.40250907263506336,0.9338433843384341,0.5699504474521119,0.9735570925936892,0.5651596984925521,0.5023443119577018,0.4446663104311396
1.0,0.7053396378733712,0.3948543163700644,0.09280614366112501,0.5060248568643686,0.4341673580749422,0.8755625562556255,0.5518009023001261,0.9740261188170138,0.5219906760836556,0.488313960957441,0.3324239952751934
0.0,0.7082228116710876,0.3922543821462193,0.09478692590341048,0.5060215799956536,0.40495235676958863,0.9178667866786676,0.6965017380371276,0.9750517675573388,0.4837327955346808,0.5699328416400281,0.6260370672441431
0.0,0.7132971975550687,0.3893415732218606,0.09477324937307097,0.5064872815707803,0.4547998423749853,0.9135913591359136,0.6901264699356552,0.9725084252467744,0.4419990758963581,0.5660015974645474,0.6763270084601607
1.0,0.6736247260984893,0.3836084647674083,0.08738011707459037,0.5034900890571159,0.4203429347321129,0.8163816381638165,0.6240736631905931,0.9709501354078494,0.4091012019727495,0.5637483105514669,0.5099953612688036
1.0,0.7022258101718372,0.3778846322576119,0.07994015545852035,0.5021820237151919,0.4227936734268561,0.8647614761476148,0.7231121958435025,0.974774305433501,0.4329067800699423,0.6268026954506941,0.6929380839831234
1.0,0.7028024449313804,0.3736689535352569,0.07582132932442465,0.5024082700827901,0.4301287386342634,0.8366336633663365,0.595688188743436,0.9752932321397648,0.4320019588883568,0.5229377710834663,0.6651940535883886
1.0,0.7376311844077962,0.3712291916884745,0.07362858794771597,0.5051945903176869,0.4066021871957717,0.9167416741674168,0.6381184823607725,0.9770926377369497,0.4553875303831586,0.5653036582118603,0.798502352499392
1.0,0.7228693345634876,0.36718085497778,0.06965801418916556,0.50761036764179,0.4136670099292669,0.9045904590459044,0.6818208712373344,0.9746702867213192,0.4533688080306956,0.5501328792321709,0.8364957699189317
0.0,0.7432822050513207,0.3619643091041032,0.06427203192317449,0.5094605270862929,0.4278672395750618,0.9032403240324032,0.6590193033059684,0.9698930716661368,0.4547200793795288,0.5240053390173258,0.8448013076804131
0.0,0.7452427632337677,0.3554272490343102,0.054810420298769084,0.5096698889106279,0.4541589710677577,0.8989648964896487,0.7017898084461207,0.9640068289125427,0.43224539568866177,0.5514084302209274,0.8038479379735367
0.0,0.7831853304117173,0.3517077667076278,0.05001776064446106,0.5090594451532704,0.0,0.97007200720072,0.7849641298720516,0.9576826259678296,0.4062108035189416,0.553262683086693,0.8511850853747434
0.0,0.773728520355207,0.3497879302261344,0.04885673569987842,0.512046576581954,0.45345346978371004,0.9543204320432044,0.788610309888322,0.9532202726528952,0.3905163733475968,0.5564354630451874,0.8951662333819449
0.0,0.7568907853765425,0.3510323940192355,0.054156288074868435,0.5141012870292527,0.4774250921689728,0.9876485667676532,0.6771762443606243,0.9470069114653774,0.3608426420243551,0.5053134967837652,0.9997849051192575
0.0,0.7094914081420829,0.35414455203261674,0.062341380966010114,0.5137658340252166,0.4722261454861731,0.9733913884857284,0.7257673249020042,0.941890162284852,0.3342199602144321,0.5308940457618934,0.906416704770614
1.0,0.6879252681351632,0.3573532162188449,0.0701176206160159,0.5155457161554181,0.4892662130996107,0.9726094399608703,0.6787885511426666,0.9364683851123228,0.3033343299950567,0.496055575849937,0.9186607732561082
1.0,0.6567869911198247,0.3580303452443543,0.07355184133512388,0.5166510046525263,0.5348220355405443,0.933969185619956,0.6270763996745798,0.930308242831012,0.2769352036912404,0.5147808742570552,0.9330670634609852
1.0,0.6575942797831854,0.3573240913696427,0.07435285003197456,0.5167060984752779,0.4885903932329969,0.9386157984837368,0.7335626063161008,0.9226253177154032,0.2451889911294294,0.5609361254855841,0.9258126095028898
1.0,0.6077730365586438,0.35540433139693306,0.07278118629084851,0.5163474682425983,0.4735980663214576,0.8371239911958912,0.6578951261001401,0.9116645088252592,0.18090980133207674,0.5306990997734774,0.9835085313833032
1.0,0.5731749509860454,0.35374853269324724,0.07017500571188845,0.5171076388951744,0.507456312867535,0.7715822939594031,0.635330227054212,0.9096107307582316,0.1754269054147909,0.5213566452659361,0.640760197775031
1.0,0.6116941529235382,0.35201986748107617,0.06731702239359383,0.5167483802313985,0.4925720124515797,0.8442161897774515,0.540056208860291,0.9122802984896624,0.1908920018645288,0.4692378292372749,0.8772613320685668
1.0,0.6086956521739132,0.34881685012429564,0.062341829623726426,0.5165187304086448,0.4715125570229573,0.8300317926143309,0.44936765032172143,0.9154264435545432,0.2173346716193912,0.478635112835455,0.8251914086320201
1.0,0.5962403413677777,0.3461732827085417,0.05854678489189025,0.5154795250526815,0.4707762442279818,0.7987282954267546,0.3457288662081209,0.9184932588670572,0.24095082205778875,0.4801856930661413,0.3105859805080943
1.0,0.5789412985814785,0.34354002805147,0.05380799062231606,0.5139937346189021,0.468316962299677,0.7605771582293958,0.24896087567487615,0.9235832023811871,0.2852729479779078,0.4962846234615496,0.3005138033682672
1.0,0.5847076461769115,0.3417532914210315,0.05014111625545081,0.5145114846229679,0.4731844351249596,0.7603325996576177,0.2479550329117665,0.9292281038998867,0.3332730262810032,0.4962180052735194,0.3113365868713946
1.0,0.5747895283127668,0.3369200661330756,0.04117767828878055,0.5173523801615911,0.5282850717854306,0.7427243824896059,0.19626506915169,0.932594243552734,0.3739224583445876,0.5233123846025852,0.2070654928387748
0.0,0.6608234344366279,0.3409935805147941,0.046390391847791035,0.5212566174380545,0.5441687673290599,0.8723404255319149,0.3220915612750538,0.9390563659002706,0.4309957507983508,0.5183415819295429,0.4772711205372921
0.0,0.5975089378387729,0.3468281361266583,0.05712777821628351,0.515449008177773,0.5178318422483535,0.8740523355343603,0.2760076917387766,0.9385624086446036,0.4351827704724064,0.5013401425946644,0.4825379992930354
0.0,0.5654480452081653,0.3622960905870176,0.08387728207693251,0.5163700822491536,0.5531717405935831,0.8620689655172413,0.3027364839878708,0.9377682404096196,0.4316417583385007,0.5144667105153115,0.3861240582034449
0.0,0.5211624956752393,0.367426106132251,0.09328843914097606,0.5126831960053352,0.522693897026014,0.8764979212521397,0.3594778492715039,0.9359953556388094,0.3950370120240753,0.4889408271962859,0.4439098548255069
0.0,0.5423826548264331,0.36951940931469096,0.0978159103202319,0.5107026203212773,0.5156448396561358,0.8789435069699192,0.35488499371348303,0.9346121034885844,0.3877024574037666,0.4853612385664646,0.3163267010808739
1.0,0.4964825279667858,0.3693867690636612,0.0998558923756208,0.5105225836490248,0.5337269061645744,0.7862558082660795,0.2635973670586496,0.9355953591689988,0.3932558934729576,0.4885765986730897,0.16425266041864994
1.0,0.4649982700957214,0.36858858439621534,0.10103123948717296,0.5079747808496822,0.5469871259013176,0.7916360968451941,0.30902300125730353,0.9415157353826179,0.45030684243707103,0.4615479050614511,0.1857030688785309
1.0,0.522661746050052,0.3680971568230755,0.10122315509288864,0.5090520941069028,0.52524829358104,0.8449498654927854,0.41487316026921095,0.9477037459044066,0.5011582068114853,0.5067313703978429,0.4287241684625538
1.0,0.4730711567293278,0.3677374494368286,0.10142237926744818,0.5084857844844973,0.542296647221712,0.7490829053558327,0.28093336291694376,0.9499691887460632,0.5275540350080806,0.4798757617956039,0.21620808900917166
1.0,0.4518509975781341,0.3736197724517956,0.11141016246027548,0.5068937048891915,0.564099784910552,0.7889459525556368,0.32906589749278936,0.9564414984173392,0.556197954874171,0.5021940222247199,0.3303763845035837
0.0,0.4602698650674664,0.377535231792772,0.11803331457030605,0.5076648803505046,0.5611115890000299,0.8027501185395923,0.4188299681976189,0.9600342756672562,0.5601424667575234,0.5022804845766878,0.4401510215673503
0.0,0.4796447929881215,0.3800605021208301,0.12283252588453145,0.5055424503605862,0.5279557916779434,0.8238501659554293,0.3184453812587826,0.960632915223653,0.557105748742888,0.4257437706394667,0.19395579612088465
1.0,0.4236535578364664,0.37678677895223256,0.1197736599681196,0.5046967199716416,0.5120717128692298,0.7740635372214318,0.3377338954219361,0.9672474372053608,0.5928919954838897,0.44085300522586623,0.16263218563624576
1.0,0.4192134701879831,0.3753679955684883,0.1192747237304832,0.5040014889301991,0.5417078204855528,0.6674264873489858,0.3164854670512538,0.975732645387038,0.6584844941934114,0.4210638413527434,0.059322741776508474
0.0,0.4591165955483797,0.3695394746893959,0.10847037297307607,0.5074464899732702,0.5630156286669669,0.7485753362206519,0.4365357591894091,0.9882129146598242,0.7571057542838184,0.4942262067081685,0.06515601783061017
1.0,0.4629223849613655,0.3674370308437527,0.10265980865843144,0.5077262165376266,0.5634420762781972,0.7380898108046502,0.5078692404407964,0.9954380491114628,0.8269286771774136,0.5495213147702578,0.1865141481035523
0.0,0.499827009572137,0.3680431279002461,0.10321358924061096,0.5108625651823133,0.5142265978053435,0.8153635741964897,0.5591968049700463,0.9993991663093679,0.8981530245380854,0.5455851409179302,0.3336544250451514
0.0,0.5052473763118442,0.36965537668866144,0.10689946030321412,0.5113665310343741,0.5193110663902503,0.8700706633234558,0.6387397381850454,1.0,0.930516273621946,0.6327820264204569,0.7126429861529197
0.0,0.4818360050743861,0.3718818388090575,0.11227644535283043,0.5131489849828633,0.5527111353354386,0.834511055390928,0.7282005768804082,0.9961854005565632,0.9358755720022154,0.6553076933757574,0.7589102950030095
0.0,0.4489678237804176,0.3704134432283985,0.10962106405282053,0.5141252945076388,0.5522595910790303,0.7918851151128333,0.7610531765401967,0.9899797813143864,0.9038031098608592,0.6392159289748066,0.8457104017722284
0.0,0.4524276323376774,0.3693313940476277,0.10673377408970186,0.5143614625718173,0.4939236447533572,0.7784362890357877,0.7900673027142959,0.98295041460211,0.8741178295681926,0.6560619140187768,0.8321155917755598
0.0,0.4906008534194442,0.3674545307501109,0.1065566320361956,0.5175781280606121,0.5364428884363758,0.8535376295628662,0.8999926040973298,0.9772513799062932,0.8652102176390277,0.7178663349292791,0.9860246751828792
1.0,0.4338599930803829,0.3730734428867515,0.12086103029345865,0.5163632510640799,0.5073296555682096,0.750788643533123,0.7834775534353966,0.9690057541740388,0.8405178963172133,0.6389752386954207,0.9992632448482957
1.0,0.3516318763695077,0.37595097308861897,0.1311139244845359,0.5134279871251229,0.5165289755363621,0.6818580192813318,0.7515864211226979,0.9648775389071332,0.8352981774489907,0.6682315969669332,0.9735161352285808
1.0,0.3683542843962634,0.3790943947488716,0.1368753557162166,0.5146482729677719,0.5076395414358384,0.6388713413350178,0.6826640041417056,0.9595069499448194,0.8104114048638955,0.6610562481027852,0.8525478030919451
1.0,0.3577442048206667,0.36958734950629824,0.12003346857157653,0.5174043236898865,0.5049773959644746,0.6211834070330596,0.7504696398195396,0.9558758349414151,0.8034206338065615,0.6732771537196911,0.948975378103545
1.0,0.39476415638334705,0.3670297806583398,0.11470931711166782,0.5203449435983356,0.5135479186089035,0.6060223204885239,0.7357961689224166,0.948230423414357,0.7579873497641254,0.6660294058782708,0.8235946936457946
1.0,0.3734286702802446,0.3668597708914878,0.11453203857006243,0.5187606247947121,0.5369623890455191,0.6188671299220889,0.8249833592189929,0.9428734556706851,0.7246886815366796,0.6708379634753469,0.8505908452936114
0.0,0.3785030561642256,0.3720630152593798,0.12518483854592774,0.5194189655718051,0.5012883769208226,0.664139818909244,0.8578433547814517,0.9380143071680124,0.6852793304497611,0.7172561088782302,0.9754141627415956
1.0,0.35520701187867604,0.37101818092775307,0.1253857837493945,0.5172574244747553,0.5297122441211845,0.5874587458745874,0.8110568744915314,0.9323978495691684,0.6747844083878811,0.6460043760950248,0.997576621525302
1.0,0.3400991811786416,0.3734851374290975,0.12941031081603885,0.5155495959312482,0.5241600100073122,0.5300530053005301,0.7811404481917017,0.9270609228900372,0.6934228214586755,0.6320519520935812,0.9417225150194116
1.0,0.3194556567869912,0.3811723519392061,0.14231625251453806,0.5143416639404366,0.5121844269038225,0.5702570257025702,0.7301235115745879,0.9218874842447646,0.6776321097256499,0.6232145252307764,0.9164768907107396
1.0,0.2819743974166763,0.3934585095244443,0.1642950650423673,0.5152841485179426,0.5169619685817622,0.5660566056605661,0.6981732120405298,0.915791474032268,0.6475725670804928,0.6058514823166734,0.8623578832016805
1.0,0.25602583323722755,0.400274501409406,0.1775859971799075,0.5170660152172402,0.5271875480044007,0.5420143605666601,0.7329117668811477,0.90888145549624,0.5835942015669809,0.6268816111946875,0.7867677275010263
1.0,0.2684811440433631,0.3948689676958792,0.1684780395608867,0.5144253490766579,0.5388178577303849,0.5474341980685475,0.7947563050070265,0.9016002129805992,0.5376769947051877,0.6213766628437476,0.8398931555636728
0.0,0.34575020182216604,0.38917022735051976,0.15841436171031095,0.5168614720348522,0.5738930494977589,0.5503478579274992,0.8369425338362545,0.8938390085606294,0.4745837397075599,0.597019997389189,0.8827748360072696
0.0,0.3291431207473187,0.3750128703585705,0.1336162111083509,0.5157011427070874,0.5870779743656258,0.5576711827169535,0.8278529694549224,0.8833824330015678,0.3850362290046143,0.5932183241050552,0.8544582968795561
0.0,0.4156383346788145,0.3735578975018434,0.13120725641340106,0.5189671092274156,0.5604229967158011,0.5913584767484439,0.9530729975593524,0.8746893230241715,0.31506224766218105,0.6067634599709493,0.90215108508878
0.0,0.35093991465805563,0.36882980633502616,0.12323797610469085,0.5174513029852735,0.5626477154663131,0.5490662760893446,0.8252348199097705,0.865041096755385,0.2586108732947794,0.5667346229152864,0.9713827881987004
0.0,0.3696228808672588,0.3751709265526726,0.13673205983682313,0.5172828933656433,0.5442289177529619,0.578725741486635,0.7544190518452782,0.8606649628885201,0.2377725153455347,0.5582141075024853,0.9754761335564596
1.0,0.3272978895167802,0.37737874429045615,0.1426831342188361,0.5174902020199693,0.5367673939010181,0.5404613694617356,0.7356112713556692,0.8562574872527657,0.21275711436046288,0.5500945643765001,0.890476383211236
1.0,0.2958136316457157,0.3808596537255036,0.15043514664277385,0.5184553484464238,0.5670994902640869,0.5032954961552545,0.6560757340433402,0.8521796049752639,0.1808000604998881,0.5533218393064963,0.7218197272028172
1.0,0.3192250028831739,0.3749630557907828,0.13961584568282964,0.5205870230730592,0.5598940066218944,0.5497986085682901,0.7007100066563129,0.8514036892617283,0.1723124491739088,0.5912307212411785,0.8827255433682767
0.0,0.384846038519202,0.3689693552275553,0.12981274193699205,0.5220769161964935,0.5724678323011779,0.5573050164774809,0.693669107314548,0.8484702999452769,0.1487389808408771,0.5843936395829128,0.8847290241631928
1.0,0.3722754007611581,0.36615992048557855,0.1260522571210339,0.5248472521768536,0.5486241384478202,0.5563896008787991,0.6523851786110492,0.8454462041995818,0.12641718800135465,0.5475174605900363,0.931335249119682
1.0,0.3180717333640873,0.3698254806650931,0.1336089513427713,0.524232375766976,0.5583834450106515,0.5236177224459905,0.5765032172176615,0.8399989993318668,0.09430049317434892,0.5475044127153441,0.9215298687567512
1.0,0.31080613539384155,0.3672785747570684,0.13040544240522514,0.5234068434048921,0.5691732776324815,0.4972537532039546,0.6138451297980918,0.8371562607982048,0.08198909451940589,0.5699026929339495,0.8554715333164777
1.0,0.2940837273670859,0.3546487148154309,0.11054981024952283,0.5209590093694784,0.5674977143858075,0.4042475283778837,0.4292212114488571,0.8350217057710052,0.0704896720786401,0.5021915594353031,0.5836991748454259
1.0,0.35751355091684944,0.3473409265154377,0.0980433622054886,0.5226190303507344,0.574881360881234,0.4260344196265105,0.3809703424302936,0.8385700291026337,0.08486280859679074,0.476582722861989,0.5874704491725764
1.0,0.3738899780878792,0.34658931808755433,0.09652318086585693,0.5243943896972634,0.5729595642494769,0.4910289271329183,0.4386435914503368,0.8392658506746571,0.08202002779702383,0.4592191909199774,0.6950723660648456
1.0,0.3520931841771424,0.3522679722794462,0.10810962655034442,0.5263130664035462,0.5647384369447996,0.478579274990846,0.4665113527105982,0.8349270532899362,0.042016122367831865,0.4771991427285857,0.6630290517622774
0.0,0.3637412063199171,0.3381888502702841,0.08592140839592816,0.527454654764116,0.5614981248435792,0.509703405346027,0.5732564159455661,0.8339710482938059,0.03675345886348708,0.4908034966691314,0.7838287652474358
0.0,0.4982124322454158,0.3223898994549388,0.06048233408912467,0.5390854717495576,0.5655130457929622,0.5084218235078726,0.4273056726573482,0.8311139455407304,0.013448029185500364,0.4636253599953506,0.7803948005983109
0.0,0.4632683658170914,0.3042990849492471,0.02763235503146116,0.539658251711964,0.5674832152771322,0.4580739655803734,0.3673249020042897,0.8306379964024624,0.01970395269747266,0.47839828701739295,0.5742227671861407
1.0,0.4667281743743514,0.30397099037638503,0.023880876151921467,0.5399307014283885,0.5773801917380761,0.451666056389601,0.30201908142888834,0.8299561332870204,0.0,0.489900365185132,0.4548690768135429
1.0,0.4783761965171261,0.3028266538061768,0.018280753572832764,0.5410045752991267,0.5766888422125912,0.4729036982790188,0.2515124620959988,0.8333949697766576,0.010952593130705124,0.5098384693197302,0.3312960859610222
1.0,0.495790566255334,0.3049687928619273,0.01878704404556053,0.5388393746942592,0.5892952614170452,0.4945075064079091,0.1561570889727088,0.8392476771894204,0.0351752625898471,0.5275275249401644,0.29006031562422474
1.0,0.417137585053627,0.2951986340931705,0.0,0.5352837818503705,0.5915123005297681,0.40296594653972895,0.0,0.8454555801739461,0.06043861289644802,0.4532209385115417,0.03703982874544067
1.0,0.4915234690347134,0.3020622901250753,0.00843696751848638,0.5420584133030242,0.5848270869372376,0.37605272793848404,0.07221359366910696,0.8559028663829801,0.10755230595308383,0.4363354551575525,0.0009082217973226717
1.0,0.4034136777764964,0.30823391130858546,0.015697300643997214,0.535160482868433,0.6008859588419395,0.425851336506774,0.1309814362842982,0.8645243302884129,0.14250466704533832,0.4094945963180941,0.0862495860209112
1.0,0.36846961134817213,0.32681329777190005,0.046516604414572386,0.5358063397683375,0.5895088344675785,0.3936287074331747,0.07996449966718439,0.8714924588387303,0.1910563831390304,0.4308184462664726,0.045740260129914605
1.0,0.3636258793680083,0.3316575686860381,0.056127713441466665,0.5355001123174766,0.5919990595435191,0.4025997803002563,0.11587900303231975,0.8804721087532108,0.2503516402644739,0.4023566134467396,0.01328732221756342
0.0,0.3832314611924808,0.33040330264978923,0.05530915765761546,0.5373406281711097,0.5896563039366935,0.4428780666422555,0.12881443680201116,0.8886889897829133,0.3047879842281779,0.4078952861010608,0.04418357145160709
0.0,0.4179448737169877,0.3254675433098577,0.04697202777764759,0.5364657436767771,0.5751020485043757,0.4447088978396192,0.13382885881221795,0.8979944140117571,0.34813892122925083,0.410182159107548,0.06113135743541754
0.0,0.4528889401453121,0.3204464112512797,0.037674006387263585,0.5357549060509885,0.5578206587321619,0.4763822775540095,0.1684860587234676,0.907676921446104,0.3893197828435302,0.4265211788022129,0.10060926584359263
0.0,0.4819513320262948,0.32126753019637233,0.03935249999331608,0.5383179186819941,0.5963390590749659,0.5320395459538632,0.2071592337844831,0.91460482992724,0.4100124390849291,0.3964688224632563,0.1780092551233719
0.0,0.4180602006688963,0.32610562605333593,0.04885596376962148,0.5364010220672495,0.5653107462205866,0.457341633101428,0.19076991346793928,0.920137918157129,0.4138841267096592,0.3733479584156051,0.036448748414301714
0.0,0.42440318302387264,0.3341122940568613,0.06262617626529687,0.5371577486356103,0.5728356850360686,0.5036616623947271,0.2889505214111381,0.929280400833388,0.4502574690089365,0.3759303420394178,0.17973777348777348
0.0,0.43016953061930585,0.3478612095561666,0.08686921629429817,0.5378376408476966,0.5996773376655853,0.5497986085682901,0.33863619554766605,0.9353244032554956,0.4756162816417734,0.4060632860863012,0.3299549549549543
0.0,0.39211163648944775,0.3584678308458433,0.1051052008835042,0.535271714284199,0.5770788485890983,0.5959355547418529,0.3381480659714513,0.9383504048901591,0.5108852909125837,0.4050355454066487,0.3069095881595875
0.0,0.3670856879252683,0.36527266741848896,0.11558945845384412,0.5368629738655021,0.5853648854744354,0.5593189307945808,0.3433325937430667,0.9423097861275632,0.5318405175834011,0.4086371047375167,0.2005509974259981
0.0,0.31265136662438026,0.3650456872388337,0.11372566318717857,0.5317562090002458,0.5993505158944129,0.4668619553277189,0.2669846904814732,0.9478640005749116,0.5713986829908555,0.35935914387148205,0.025619369369370724
0.0,0.3869219236535579,0.3668063930318155,0.1144522922822496,0.538133351267144,0.5950444513964079,0.5959355547418529,0.446490644183122,0.9584673569295374,0.6354690214293552,0.4751096556358057,0.2700783421784172
0.0,0.3803482873947642,0.3698533018413932,0.1189432898231788,0.5376572959465259,0.6125986568764071,0.5988648846576345,0.4447008357370017,0.9619795705381846,0.6693595860920043,0.4733131311011958,0.2508264570372482
0.0,0.3741206319916966,0.3730484756070922,0.12344693823404647,0.5373374177644699,0.6098840082726988,0.6202856096667887,0.4887064566230309,0.9671294106476818,0.7111562743743107,0.4756605572517622,0.07945729568882845
0.0,0.3767731518855957,0.3716910131279616,0.12016083001622185,0.5376453811978221,0.6002030605868811,0.6378615891614793,0.4855705938909846,0.9713214118514396,0.7628789460077359,0.4723610716342165,0.15756845796875402
0.0,0.44400876484834506,0.3667766800460539,0.11122090689698956,0.539248648088421,0.6170053740733432,0.7030391797876235,0.5866577915834625,0.9752402612925511,0.8135532733047379,0.5566430795231213,0.5391184573002739
0.0,0.4748010610079576,0.36139184801032975,0.10306528608350456,0.5379759907828162,0.5923997598083609,0.7407543024533139,0.6574735596479548,0.9750037360267972,0.8394348380337244,0.6231579688263259,0.7759543486816206
0.0,0.4456233421750663,0.3596826341623651,0.10228305705410573,0.5393955689626125,0.5927115135875063,0.7136580007323324,0.618038606611937,0.9713988690818188,0.8250225646647342,0.6113639347127645,0.6941106400868854
0.0,0.4195594510437088,0.36062344231294174,0.1066164004702119,0.5410217707486765,0.5991714356495518,0.6841816184547784,0.6686709562902153,0.969118865965172,0.8176933839555965,0.6602203586592442,0.6614231160004196
0.0,0.4155230077269059,0.3587201198633685,0.10466428703277136,0.5407752501968679,0.5873547387377364,0.6957158549981693,0.713578877301975,0.9646939848200328,0.7929329454279495,0.6961903104313172,0.8513124721933852
1.0,0.34021450813055026,0.35830699478044226,0.10537536063868844,0.5337811835363878,0.5832915247881734,0.5543756865616991,0.7708453516751724,0.95858638457363,0.7724165449227303,0.7357706982580559,0.8047802500196558
1.0,0.3323722754007612,0.3571912086325626,0.10366599611945544,0.5333686521630374,0.58363998745019,0.5745148297326986,0.8204200872716518,0.9527090715633622,0.7515679650025702,0.7237981299003231,0.8399103040429139
1.0,0.3256833121900589,0.3651522434519574,0.11919509090997872,0.5326266960505462,0.6029606664618027,0.5503478579274992,0.8268619184971522,0.948652425308146,0.7474753709964279,0.6852986038760843,0.867078379314325
1.0,0.2932764387037251,0.37096107242763576,0.13163612842236327,0.5307423557102399,0.5913766377546122,0.5952032222629073,0.8073663190592409,0.9445955063348932,0.7393558643255029,0.628954903970663,0.9296988990582298
1.0,0.2795525314265945,0.37537211312680574,0.14155029564454052,0.5332545804153632,0.5951891230973447,0.5725483047757929,0.8225057318245693,0.9396890701685016,0.7347119258130155,0.6383583639466672,0.9797005939305192
0.0,0.2894706492907393,0.3735150425439868,0.13934321489574109,0.5338935772847282,0.6059953710006476,0.5623405030987968,0.7601360846091261,0.935454382072444,0.7502002745064351,0.6232223505963187,0.8838075810245403
0.0,0.3055010956060432,0.3731057889290246,0.1391515649144544,0.5353967795378489,0.6045216825286617,0.6009843237331389,0.6648546705125362,0.9312307901631836,0.7570928333860463,0.5337027713136232,0.8809766657646587
0.0,0.3001960558182449,0.3758962401168309,0.144776189984713,0.535116815738889,0.5991748999392909,0.6115566897557418,0.7661637452851127,0.9271285400807516,0.7668124868874411,0.5457876060810919,0.8966299619075376
0.0,0.2811671087533157,0.37684415693490747,0.14751630701959775,0.5374080179432289,0.5966469418926019,0.6022602989427632,0.7417942459877228,0.9190532726794192,0.7337204207802088,0.5753120792485822,0.9984071133089248
0.0,0.2700957213700844,0.3758937932324384,0.14677063160362366,0.5363025431097256,0.5989980501947695,0.5683207479323985,0.7234524073663189,0.9130318330052992,0.7265570214615833,0.566523466788941,0.951028817454238
0.0,0.2872794372044748,0.37308326790209945,0.14244423486979305,0.5339885803906178,0.5875372143853739,0.5855404438081604,0.7308039346202206,0.9070424114215332,0.7104099089981188,0.5740219342627292,1.0
1.0,0.2605235843616655,0.3712707986695567,0.13972825094581046,0.5314083716115852,0.5891589310323521,0.5374015748031497,0.7444937504622443,0.9006595985613328,0.6949860362815032,0.5830675169226079,0.9333352229245216
1.0,0.26121554607311737,0.3710972146304696,0.1395428359365528,0.5315545853905249,0.5917346140053259,0.5459914101646384,0.7426891502107833,0.8947728562089696,0.6888081236410104,0.5807904778551318,0.9813017960893028
1.0,0.251182101257064,0.3727761209163192,0.14292929175436464,0.5344463315133327,0.5772378469495169,0.5363278453829635,0.7303601804600252,0.8890208702303108,0.6853363033573627,0.5746729632740272,0.9100743337160808
1.0,0.25152808211278976,0.3740692649193931,0.14644242709838662,0.5346803781296932,0.5898361913152371,0.5496630010642071,0.7643221655203019,0.8822572588595003,0.6735033990550527,0.5524728126281357,0.9902909904868488
1.0,0.24553108061353945,0.3747006129535588,0.1492441118605432,0.5378844433131691,0.5873757921707113,0.5415040794608018,0.8203757118556321,0.8741773368154366,0.6324712416038769,0.5829905688356279,0.9531652580124736
1.0,0.2270787683081536,0.3741259781802757,0.1486292503761841,0.5398792218763988,0.5823815653116413,0.5134799574317133,0.7930404555876052,0.8665053140425802,0.6031238902059971,0.6206796875431759,0.8918802075145426
1.0,0.22165840156844668,0.3747273057784031,0.1510789691020831,0.5431372700924202,0.5891213065752224,0.5050397877984085,0.7806301309074775,0.8616540041520422,0.595967828955443,0.604200032592397,0.9369595975475556
1.0,0.17541229385307355,0.3759388844572445,0.15655555586240533,0.5424648215372381,0.5809809426527086,0.4450928381962866,0.6876266548332226,0.8555755407754102,0.6021609191287939,0.5859200167891484,0.9704022569191108
1.0,0.1894821819859302,0.3768635934816187,0.1635264856260856,0.5438557102263839,0.6156610600582463,0.4658187848341793,0.6708897270911915,0.8514465848677804,0.6144179052108758,0.622570703738807,0.9316357799503854
1.0,0.12824357052243113,0.3760708476565911,0.16698892007766614,0.536989063531945,0.6225706528536691,0.3586599896390951,0.5838769321795722,0.8461853456884032,0.6188271144012567,0.6123009738423506,0.6840799649788403
1.0,0.10344827586206913,0.3774150356997392,0.17303039129159795,0.5340444330173097,0.6198747312992186,0.3160075979968917,0.5562088602913983,0.8442159964577078,0.6497263651555003,0.5921101929412425,0.5251228172576485
1.0,0.1096759312651367,0.3803255296266519,0.17956137900226948,0.5349746393001606,0.6131665421790496,0.34070108789500936,0.5484283706826418,0.8446077320928074,0.679297805871445,0.6341072507452844,0.5130113332360532
1.0,0.13216468688732566,0.3831280784871316,0.18468063372672314,0.5334159574530243,0.609625064453827,0.3742013469176308,0.5671178167295315,0.8459205816643038,0.7065752197495309,0.6502409881771394,0.65491998638066
1.0,0.13020412870487855,0.38561295576635546,0.186848684993529,0.5331301339081638,0.6019827983533291,0.3679848040062166,0.5340803195029956,0.8447595283257596,0.7173942151001944,0.6717813023515972,0.5833211732088142
0.0,0.13885365009802794,0.3885904624335548,0.1915758441999668,0.5342808800262407,0.5826108561099217,0.3978587463305128,0.5745506989128029,0.8431337143024984,0.7434268879578344,0.6573904725117052,0.6496181720900832
0.0,0.17760350593933827,0.3913148700973341,0.19604226128852534,0.5380266770105291,0.6066377129780729,0.458957150232318,0.7131499149471191,0.8405364801847419,0.774798004167746,0.7426625532006522,0.959628386594678
0.0,0.14127551608810995,0.39172584242196784,0.19890673939585107,0.5340354423804309,0.5787284038842573,0.402233676975945,0.5955180829820281,0.8328772745362567,0.7568378501405033,0.6925557354826936,0.8860370296103192
0.0,0.16238034828739473,0.3823541942795652,0.1843793853979088,0.5323188889724417,0.5873432095975574,0.432246998284734,0.6255380519192371,0.8304208940963862,0.7626891938005433,0.6811072320139945,0.9600628300247316
0.0,0.2374581939799331,0.370447315821044,0.16196825486090624,0.5384184849759566,0.5952481183565108,0.42274052478134094,0.5983433178019376,0.8260905752781096,0.7592585837042689,0.7017671872999766,0.8817749492971524
0.0,0.2684811440433629,0.3555688028283281,0.1316830806875722,0.5374241900247649,0.5854331655681658,0.4417767106842735,0.6128097034243032,0.822833058849679,0.7759377750307401,0.6728157387538778,0.9362141408287464
1.0,0.2858955137815708,0.35244624749740394,0.12027845693431992,0.5387653859023335,0.5927106281378869,0.43268736065854896,0.5701575327268694,0.8190197301552955,0.7847695360901157,0.6312405310887711,0.7672060753051562
0.0,0.277015338484604,0.3521499762068392,0.11909310778198498,0.5381909154665498,0.5898305279073636,0.4421197050248671,0.5707196213297836,0.8161105788631888,0.7804093036528299,0.6320004920234938,0.7905848674008985
0.0,0.2798985122823203,0.35361051999285964,0.11981030712423847,0.5385435550232879,0.5891316310811309,0.4522380380723716,0.6213297833000516,0.8129332774717672,0.7790900962639051,0.6822286083862201,0.7314222098524905
0.0,0.2920078422327299,0.35327290117871923,0.11762109453255387,0.5358460026203573,0.5975707636196408,0.4572114560109757,0.6085644552917681,0.8094334309754299,0.7703770670617154,0.6713719465247588,0.6533736233151753
1.0,0.2774766462922387,0.3530295130874386,0.1142107923162526,0.5381393279845109,0.5854991823594061,0.4383467672783399,0.5488869166481769,0.8089868413648118,0.8059440346547709,0.6071071068235205,0.3633258618849397
0.0,0.28243570522431105,0.3566516562596353,0.11877633863445095,0.5387211258908254,0.5939010870093772,0.4537815126050419,0.4929738924635749,0.8108468727976899,0.8513247668957573,0.52829349904442,0.3682712491550128
1.0,0.2369968861722984,0.35990407999107576,0.12397338414539072,0.5382493666094267,0.5850853074290527,0.41605213513977,0.5655129058501587,0.8130328089626107,0.9062476357432052,0.569397939384487,0.5095883587718352
1.0,0.25291200553569376,0.3665567893963049,0.13479059305416952,0.5398120278362682,0.5860117706896781,0.4404047333219001,0.6181051697359664,0.8117741825237106,0.9504725168740636,0.5930165694712118,0.6802220087522673
1.0,0.22696344135624505,0.37135188780128026,0.1425966177974581,0.537899976372041,0.5820333939163139,0.44349168238724057,0.6554322905110566,0.8088814027625209,0.9609695721602602,0.5826900991314816,0.7125630571487787
0.0,0.22800138392342298,0.3747155384697667,0.1469122553591536,0.5381682057900538,0.6191061717848726,0.4566969645000857,0.7017528289327717,0.8051359488162293,0.9653627082654632,0.5819447703814165,0.7861860908224834
1.0,0.20551262830123407,0.3742631416296285,0.14662093986811334,0.535459863001962,0.6197092430251037,0.4064482936031553,0.7108128097034248,0.7992627639742649,0.9304957851268424,0.5901282507606921,0.7383639509020521
1.0,0.2126628993195711,0.3739860622325435,0.1456339324793554,0.5323885581689917,0.5752801842270648,0.4151946492882866,0.7999186450706313,0.7954739546740901,0.9389621822957824,0.6028244236154822,0.7998795798675384
0.0,0.2349210010379426,0.3746991154458521,0.146002501649385,0.5346367405141721,0.5616557604102677,0.4541245069456352,0.7876636343465724,0.7921003899311554,0.9563260911480138,0.5733965259571362,0.8835617845913568
0.0,0.27240226040825744,0.3748462727339379,0.14352743595603346,0.5344226119197824,0.5715402068278284,0.5062596467158291,0.7625101693661709,0.7877437891863956,0.9969462185040529,0.5272149503642243,0.9148599494461678
0.0,0.2436858493830009,0.37415125548840905,0.13956562345508358,0.5313714667593811,0.5764730683994871,0.4611558909277997,0.81213667628134,0.7799557882082382,1.0,0.5581244195644273,1.0
0.0,0.2388421174028371,0.3749356206403962,0.13982964854902194,0.5346974696395915,0.5776472372272028,0.4584119362030525,0.8544782190666376,0.7714321997123585,0.981718252016592,0.583751933567645,0.8772865527138758
0.0,0.2331910967593128,0.3762994434782603,0.1425613809013969,0.53798501008653,0.5920094433523446,0.4566969645000857,0.8740551734339176,0.7670314138677989,0.9575960168657374,0.613947009105651,0.9504410212370052
1.0,0.21035636028139787,0.3764187266201091,0.14510647040075084,0.5393540670695753,0.5772870898247469,0.4266849596981649,0.7888617705790995,0.7616542934730803,0.9250367284863056,0.5573360206626112,0.9559843400447432
1.0,0.22384961365471126,0.3757521719164183,0.14544213539455267,0.5368223375802437,0.6133867472828654,0.4359458068941863,0.8516012129280381,0.756325821948107,0.9077656822167957,0.5330125410979605,0.95909768829232
1.0,0.21416214969438369,0.3736598614661881,0.14255228626442526,0.5356243948341332,0.6152629314958555,0.4138226719259132,0.8640115376081652,0.7486278126108361,0.8637121442328562,0.5393669653842977,0.9592917362975756
1.0,0.22327297889516776,0.3728558415503653,0.14104059720313564,0.5326620763428384,0.6142233842369358,0.41605213513977,0.8499223430219658,0.7412936716016005,0.8288301003609693,0.5829639819407041,0.9445706667668092
1.0,0.23815015569138515,0.3729121769737391,0.1380744738467139,0.5341684642480184,0.6317317630573047,0.4392042531298233,0.8843354781451074,0.7349592284097948,0.7969430607377048,0.5448887782496776,0.9847683274228232
1.0,0.19017414369738214,0.3731301476508193,0.1356077196344627,0.5325250713344296,0.6284756673900059,0.37094837935174063,0.7832260927446199,0.7272739503101866,0.7740954592870397,0.5310378322515632,0.8373561792821846
1.0,0.17391304347826106,0.3740706137750536,0.13278293111969108,0.5304833901677615,0.6216810038336946,0.34110787172011664,0.7847348568892836,0.7223695172356823,0.7802109998505571,0.5318526072391608,0.8328340552195239
1.0,0.2122015915119364,0.3741559620460344,0.12973301092456144,0.5306889636659036,0.5691645380701866,0.3963299605556508,0.7957547518674658,0.7150142981080749,0.7745053560174604,0.5375803261028925,0.8116926482092777
0.0,0.2401107138738324,0.3737170599106001,0.12606871969691222,0.5296911932670045,0.6226352036009215,0.4258274738466815,0.9046372309740408,0.7071164467757621,0.7370156060807775,0.5643058236249588,0.9585948978228932
1.0,0.21658401568446545,0.3726674270766059,0.12306547137855554,0.5269215280319136,0.6259120716639827,0.3879265992111128,0.8748613268249394,0.6949194804357028,0.6741932421714039,0.5530704776593676,0.9824309721652952
1.0,0.20147618498443096,0.3728895243723498,0.1210514461127945,0.5250514194149293,0.626087274417568,0.3615160349854227,0.8979809185711116,0.6823138580319159,0.5671689739667771,0.5646605876845664,0.993641640571298
0.0,0.20009226156152704,0.37402472505451945,0.1222161673671628,0.5248239480347141,0.6358748743552514,0.35637111987652204,0.9845203757118558,0.6725138654778648,0.5167147170918793,0.6036185309034658,0.9712132279699844
1.0,0.18187060315995865,0.3753799111322489,0.12326216136790602,0.5264602181007124,0.6349617793961928,0.33287600754587543,0.8161896309444565,0.6630622474172148,0.4696198548321775,0.5124633293131329,0.962203860305984
1.0,0.19132741321646876,0.3760989744261041,0.12311007291615107,0.5237081689846567,0.6337774949329007,0.34470931229634705,0.8031876340507358,0.6574659664555011,0.4727883923082806,0.5082963553221135,0.9848906208484638
1.0,0.17841079460269865,0.3762030417714803,0.12113094260167473,0.521765907126126,0.6314681230515827,0.3107528725776023,0.7343317801937725,0.6495661192653437,0.4553438322773919,0.4808275601150728,0.8
1.0,0.1787567754584246,0.3765315381081078,0.11561081488066975,0.5217667005153062,0.6328547851301815,0.3093808952152288,0.7708083721618224,0.6448676195969316,0.4396736675124479,0.5089784232221323,0.8900516913031652
1.0,0.1772575250836121,0.3779569482476375,0.1131369143969546,0.5214641005089887,0.6378958405678116,0.3021780140627678,0.8330227054211969,0.6352369636452586,0.4073283242858366,0.4950439065982821,0.9793597533327294
1.0,0.1672240802675587,0.3798344590185092,0.11023916771084194,0.5201310521222797,0.6265470814182439,0.28519979420339553,0.9046963981954,0.6242545259812617,0.3546704965599685,0.5306200806673516,0.983891658114646
1.0,0.1040249106216124,0.38237758731130667,0.11065223911877886,0.5151679523925887,0.6277233193068947,0.19344880809466644,0.7578729383921305,0.6167622577097298,0.3296019351605704,0.4971696802356238,0.7811755509231684
1.0,0.10621612270787696,0.3864437138504937,0.1122869585549152,0.5137419054940267,0.6308108404136754,0.19670725433030356,0.6994674950077657,0.6170666911629206,0.3425946631016312,0.4532293035576046,0.786982578916021
1.0,0.12536039672471475,0.3898884016694448,0.11460077891068934,0.5160582592843861,0.6268183619497719,0.2258617732807409,0.7362473189852822,0.6178857213472506,0.3424877869187598,0.4754140561893678,0.9670562835020842
1.0,0.1096759312651367,0.3934487933359017,0.11919490868555273,0.5136759148704201,0.6247418357374004,0.19756474018178694,0.5894904223060425,0.6132602937095553,0.2987735330689682,0.4468572987343766,0.9601777699551176
1.0,0.09652865874754936,0.3967257946916352,0.12179037271461547,0.5157974436500422,0.6234566156610264,0.18384496655805174,0.5890318763405075,0.6121686292351649,0.2928050813576341,0.4469243428916176,0.9050779510022272
1.0,0.09848921692999664,0.3999729246124697,0.12498330713651434,0.5158398096676333,0.6256199342221869,0.17921454296004094,0.5354929369129501,0.6111303390701976,0.3036599262867288,0.4185667279781891,0.9300445434298444
1.0,0.11013723907277144,0.4030698578364169,0.12778724847491346,0.5133595859467264,0.62674082455936,0.18847539015606235,0.4436358257525331,0.6103766447847874,0.3287090374246249,0.4258950706479193,0.8232770883942837
1.0,0.11809479875446904,0.4060831845751971,0.1313601184225355,0.5144200925998275,0.6215716917249854,0.20339564397187448,0.4760150876414465,0.6090479232256021,0.3047205125114624,0.4406289133486939,0.8384339136544614
0.0,0.1292815130896091,0.4098905694985424,0.13707186679424824,0.5118948336032477,0.6212444680643721,0.2128279883381924,0.5112417720582796,0.6039779595566563,0.24493082083815004,0.457308940901581,0.7979168621563288
0.0,0.1259370314842579,0.4125315468668016,0.13782768302065704,0.5153303430406176,0.6173884273159146,0.21128451380552207,0.5054359884623918,0.5975368616077403,0.16353532178382027,0.4545951107433999,0.749160176409871
1.0,0.09191558067120288,0.4156025602370268,0.14208632847371502,0.5099133890468215,0.6077813019580282,0.15126050420168055,0.4855927815989942,0.5944928160487617,0.1391766879082536,0.44483597019264093,0.6173594820305899
1.0,0.08880175296966919,0.4180749004106571,0.14019390661387113,0.5093428452445654,0.6071434220081285,0.143886125878923,0.3702906589749277,0.5936033513222354,0.1428485156942838,0.4445954196707744,0.5833911982734351
1.0,0.09156959981547702,0.420635497527591,0.1365374398513146,0.5092859716899165,0.606589994513447,0.13428228434230832,0.3334368759707121,0.5971903389877982,0.1855177773398051,0.4247663594191852,0.4812799099183637
1.0,0.058124783761965226,0.4237419958313415,0.13155671716458106,0.5034257001596765,0.6043528951783255,0.07460126907906009,0.09010428222764556,0.5991816563492591,0.18823969347952152,0.3530415974934084,0.14768271219933976
1.0,0.09203090762311156,0.43015454780812856,0.13328036735801516,0.5079743216803854,0.6066399061394891,0.1270794031898473,0.2834109903113675,0.6071203277230974,0.2265357764330248,0.3919198943865884,0.401064709380757
1.0,0.06135393841540776,0.43472130483663385,0.13663309062693813,0.5075510571445973,0.6255959527336362,0.09706739838792654,0.3134235633459063,0.6067192613698198,0.2293892681090463,0.4086907176547804,0.3682530933143797
1.0,0.06412178526121559,0.43903604594603296,0.13772897976515586,0.5070387141971952,0.6184457768747618,0.07734522380380708,0.267176983950891,0.6065614444501006,0.24945968211772346,0.4359746232685392,0.3365729122847736
1.0,0.07876830815361563,0.44344766240834144,0.1373906435443381,0.5051235742672635,0.7971253306060323,0.09243697478991596,0.3460468900229274,0.6086492484621975,0.2633254843543303,0.4306056966362977,0.3370515963387923
1.0,0.055356936916157284,0.4507483129643775,0.14117709941900702,0.5056957962979217,1.0,0.07117132567312624,0.31884476000295825,0.6086633298410613,0.2319569387681427,0.4650454058630686,0.2864561423867476
1.0,0.0,0.4591450341728667,0.14783883237664247,0.5001877981472673,0.7975752891732888,0.0005150214592272433,0.23359218992678046,0.6121933629080699,0.23141064220387844,0.4021409561916625,0.002117313785903468
1.0,0.02894706492907395,0.4681562145729177,0.15773414629410118,0.5044046629119308,0.5733482735648421,0.011030065824586452,0.28338140670068784,0.6220990870305123,0.230466103257186,0.4243841225639508,0.02091396975117926
1.0,0.041748356590935336,0.4757788014770878,0.16791376972430455,0.5065236949036866,0.5401788483294687,0.03967265611101234,0.3807410694475261,0.6319376923965894,0.25702330183140554,0.4294914113646137,0.08375625572707363
1.0,0.032406873486333976,0.4827092097266705,0.17174515506335214,0.5088427937759163,0.567657515748679,0.0282867817114393,0.3949633902817839,0.6416987176336735,0.2747716734936171,0.4372514644957389,0.046088991084755136
0.0,0.09975781340099188,0.489583629927234,0.17060783377243746,0.5141021920973291,0.5519287856118202,0.12969222558263666,0.3688558538569631,0.6517141989117088,0.327495680114992,0.4269861141844147,0.12978102189780946
0.0,0.07600046130780769,0.4944570655304346,0.16637841061563158,0.5141695700670234,0.5715436414810601,0.0987368795587973,0.3349530360180457,0.6566438094747775,0.3370472867308489,0.4560946712659299,0.0581995133819942
0.0,0.1061007957559682,0.4997193374514808,0.16042126792542022,0.5144117322255302,0.5850576313102632,0.13965486568226282,0.4831373419125807,0.6608862865866267,0.3300213485399396,0.4905655001739478,0.25577517288734153
0.0,0.1228232037827241,0.5047260624795529,0.16607798582170874,0.5128504482563243,0.5833674369756224,0.1620708059064223,0.539997041638932,0.6613114919002092,0.32017349182169696,0.5226190050732307,0.4588013144342538
0.0,0.12755160881097916,0.5101272491465281,0.17071189774995293,0.5137354430147206,0.5782026469063851,0.1782600960683151,0.569255232601139,0.6630380124654864,0.3425288043185037,0.4888779390122708,0.4823924665260678
0.0,0.11590358666820433,0.5162133143770009,0.1856321494187916,0.5157517285701742,0.5417225204702381,0.1629603273438889,0.4277864063308928,0.6654700038201964,0.3883621069149139,0.4624812165557535,0.3547746333807445
0.0,0.07807634644216366,0.5207568143121182,0.1877665321297248,0.5134346199876071,0.5732457689834656,0.11172389254581036,0.3530064344353228,0.67110889989593,0.43159646236747257,0.4772682396788946,0.3103143852077098
1.0,0.09237688847883756,0.5272995607434043,0.19321945385072745,0.5114264015099629,0.5876613661407109,0.12061910692047678,0.3130315805044004,0.6746222955638121,0.436514948647556,0.504931092296189,0.20388444749619852
0.0,0.14450467074155232,0.5336259486685706,0.1942087024368612,0.5189003488636909,0.6283005960570456,0.2193559864792741,0.4712817099326974,0.6779826890573066,0.4167120884964091,0.5348319248785527,0.5418117612438078
0.0,0.138161688386576,0.5398607468813732,0.1994553005526292,0.5219156725130246,0.5954631451703852,0.21526418786692747,0.5070408993417647,0.6764591599476497,0.3672679921608518,0.553765614095265,0.5305802148217177
0.0,0.18187060315995865,0.5422607237292207,0.1968387231778236,0.5276986537428829,0.6048311457549945,0.2837573385518591,0.6209082168478667,0.6767320548084619,0.3474003537593604,0.6163593494635969,0.9431065770758748
0.0,0.17495098604543902,0.5468335379743771,0.20061607455043096,0.5257564355868393,0.62092757937699,0.2428393524283936,0.5309740403816287,0.6699100889604503,0.2785585727787563,0.6161541998903295,0.8336486523539258
0.0,0.14150616999192722,0.5516062338646992,0.2009687398031492,0.5259868955290853,0.5941910938557764,0.2346557552037004,0.5677316766511352,0.6641091528804881,0.21580529297304074,0.636159786685982,0.6603602862548338
0.0,0.14461999769346098,0.5586835982416543,0.20989787261633808,0.5225698664675149,0.5887384281073473,0.2366127023661269,0.6595222246875232,0.6578827351003679,0.14419606073331115,0.6363497960098807,0.7719283814537592
1.0,0.1229385307346328,0.5617864677284024,0.21052950866855386,0.5188450331609222,0.6063859796020892,0.19871908913004804,0.6368685748095555,0.6521540232102141,0.0967627269950655,0.6272346175281759,0.4805077311108677
1.0,0.13873832314611928,0.5659360404480229,0.21496166945671966,0.5171530216366195,0.6072213104516019,0.21739903931684748,0.5993861400783964,0.6524884324603881,0.0877539611519384,0.6034555589794611,0.5586429193233423
1.0,0.1441586898858263,0.5697745732328605,0.2184364177348181,0.5179953694930207,0.6129813855062792,0.2293186265789005,0.4684342874047779,0.6522092833787636,0.07750306870218943,0.5826656712083741,0.3793614568383416
0.0,0.1538461538461539,0.5737672528082749,0.2387926161517396,0.5154598490878769,0.5773058820184658,0.2387475538160469,0.5679535537312329,0.6577297671660916,0.10495978766129266,0.584011860980483,0.4123473637155032
1.0,0.13539384154076814,0.5778004442524636,0.2927175781454209,0.5123249547453304,0.5990391800995227,0.2079701120797011,0.3734708971229935,0.6607320120240441,0.10412336289834184,0.5464276266869319,0.29576735759828743
0.0,0.13135739822396494,0.5821563090042914,0.344653864232308,0.515679162990673,0.5759661394743684,0.2070805906422345,0.3964055913024183,0.6683663353416059,0.1347987441294703,0.5050873379371815,0.3611509775780535
0.0,0.17748817898742936,0.5860068523194024,0.3811622396590991,0.5180918197637259,0.578710342361973,0.27130403842732603,0.5242807484653502,0.6725011287138489,0.1362694312692771,0.5129859314336837,0.7154083241182984
0.0,0.1794487371698768,0.5880297858497211,0.37726394633620586,0.5181467252969899,0.6018407199508151,0.2650773883650597,0.515723689076252,0.6729056280213173,0.1385946334173953,0.5087659398299347,0.7540408912312082
1.0,0.15465344250951454,0.5905224121020929,0.3733443156403122,0.5137991345099304,0.5911292461162094,0.2198896993417541,0.3602026477331555,0.6731176964178556,0.13928591175342284,0.4820840402208539,0.4793308707620642
0.0,0.15234690347134133,0.5940813308767656,0.3734611742075741,0.513335674955509,0.5760232411155366,0.21401885785447428,0.3624731898528216,0.6755633605875444,0.1490153282671242,0.4831373803774273,0.4774311090867688
1.0,0.1262830123399839,0.5980078469683274,0.3789974582272159,0.5086140195011705,0.5960871502842625,0.17007649884362214,0.4305672657347829,0.6772902507835981,0.13476436148106047,0.5188992294050627,0.409246185379185
1.0,0.17956406412178533,0.6030672349482376,0.3867217156289662,0.5123559890067225,0.5597562087604144,0.24853228962818,0.5023223134383551,0.6784221070993364,0.11108832905872773,0.5519389104124685,0.7263493509451144
0.0,0.18763695075539166,0.607429747130412,0.3897372308154125,0.5136108939579532,0.5506784118267717,0.2650773883650597,0.6270468160639004,0.6774364337762253,0.09137381834122517,0.5630699853285388,0.9153268048280568
0.0,0.19709376081190175,0.6123166104073041,0.3879056696093429,0.5149609842276951,0.5579322312179901,0.2798434442270059,0.6114488573330377,0.6747298351534898,0.07386872241973974,0.5543604067316535,0.9395809610567064
0.0,0.1833698535347713,0.6160440550028823,0.3896578275719616,0.5166510516300145,0.5888743583693327,0.26365415406511306,0.4367206567561568,0.6729348043928223,0.06503604856889439,0.5234290990187134,0.7661125028467315
0.0,0.1692999654019145,0.6193204289532249,0.3948880325868616,0.5139777391319754,0.5563979692109858,0.2337662337662337,0.3859034095111308,0.6745607266558578,0.06895431501044152,0.5498057387515051,0.6126564222265446
0.0,0.1889055472263869,0.6217882247469402,0.4018538064888919,0.5129311251494306,0.5872245574948189,0.2554705568404198,0.3576288736040233,0.6764620391574674,0.06804198004250689,0.5388785840046598,0.5945325292543635
1.0,0.19559451043708925,0.6242591751327948,0.4078946840514419,0.5099915344476873,0.5381214474618665,0.25564846112791323,0.3421492493158791,0.6792108628774765,0.0695620352553436,0.5336975679219442,0.5822934928328343
1.0,0.0937608119017414,0.6274763003083468,0.4014108323197975,0.4896408087944865,0.5283670660511938,0.09375555950898408,0.1942755713334809,0.6795819826548826,0.04404451510131169,0.5153297546706406,0.35770954409412725
1.0,0.0991811786414486,0.6331936936877995,0.3966431165612716,0.4905433353539205,0.5666288344086127,0.10265077388365053,0.14586938835884894,0.6836360316441865,0.030404343469022318,0.4796945850023571,0.2106329188781623
1.0,0.04820666589782041,0.6388854148643279,0.3849922456123108,0.478812105818794,1.0,0.017790428749332857,0.07951334960431877,0.6896142810268633,0.02769496526390114,0.4851058356052829,0.09836669170385423
1.0,0.05362703263752744,0.6456598079101621,0.3845777216586609,0.4758997624313279,0.505606125589081,0.01257183908045982,0.1177723541158201,0.6990530845236662,0.04412824712316349,0.5000298656309519,0.10256126482213493
1.0,0.08626456002767853,0.6526161027961277,0.3867572737563606,0.4776437653848461,1.0,0.049544626593806894,0.20804674210487376,0.7070320535490724,0.058842388134596864,0.4865803075399328,0.2091458972230224
1.0,0.059739361088686486,0.6591079070968915,0.3915370833002733,0.4713476762977022,0.4981789206609799,0.003642987249544678,0.1326529102877001,0.7123609279533556,0.06260305017628638,0.4070222563412821,0.004913505362498248
0.0,0.13620113020412872,0.6657679530342251,0.39567679855404375,0.4802651376474757,0.5479395407424452,0.07127721055673285,0.2762443606242145,0.7233778029388434,0.10807448034652156,0.4778783118057048,0.2316228601960505
0.0,0.12605235843616666,0.671329325432692,0.3976265294803989,0.4777715035179679,0.6480489124910305,0.00442923293738673,0.2562162561940682,0.7278127812147093,0.13237383638474026,0.5229170226109794,0.19765116378026487
0.0,0.13954561180948,0.6777379387906057,0.4020491711113599,0.48011396980753995,0.6024195035271519,0.02899134286289506,0.24794024110642696,0.7328316256930241,0.15962395044063155,0.5120366383760219,0.1501425471256546
0.0,0.13700841886748946,0.6845408028049942,0.4107565491526025,0.4815523760539886,0.5795921155584519,0.02150537634408606,0.2575918940906732,0.7378498851603803,0.17951635966517626,0.5179455333924333,0.20969320454448734
0.0,0.16111175181639964,0.6910807852864447,0.4207450283333813,0.4856656184496264,0.5713542893363583,0.06553053357679049,0.3676059463057468,0.7427148199074136,0.1972747064545175,0.5455509299659576,0.4086634611293145
0.0,0.17829546765079007,0.6973715812478138,0.425872276745888,0.4847716973012026,0.6031089994132075,0.09231081355244464,0.3688188743436137,0.7436480395288441,0.19272739031889652,0.546367061078349,0.41470575720182135
0.0,0.13597047630031145,0.7033730361467123,0.4303854200083515,0.4797066985640159,0.5718254442448192,0.025360113613308984,0.3031210709267064,0.7465785661720616,0.2036353209091082,0.4638705909103169,0.15512105867835474
0.0,0.14289009341483122,0.710110451589407,0.4341667789833802,0.4809591047376735,1.0,0.038953134510042633,0.2888469787737593,0.7539551969366722,0.23071288730011086,0.4565867321631771,0.24494702353091385
1.0,0.13101141736823912,0.7157023332082946,0.4418064156550629,0.4780975222005922,0.5171328908589918,0.013187259078920786,0.23263072257969056,0.7604614165653432,0.24653115843257886,0.35858006335178344,0.06269945959746448
1.0,0.1450813055010956,0.7218654244165554,0.4466869923140612,0.4767529838865213,0.5168174191530123,0.009537632179141482,0.2973300791361587,0.7702871192963292,0.2781124714429196,0.3915987541857184,0.0010019060651968491
1.0,0.17495098604543902,0.7284220497240077,0.4551660500132307,0.4820490914652369,0.6927411311241949,0.006190581472474046,0.3935581687744992,0.7800570717879289,0.3065640262064282,0.4661115786159439,0.08976798653297308
0.0,0.1867143351401224,0.7345380481861463,0.4587175974128522,0.4841676153942835,0.5931047540900313,0.03184431667403829,0.3980400857924709,0.7857062505732109,0.3199551031093827,0.4704673719159299,0.14751518700139055
0.0,0.2015915119363396,0.7397339168641994,0.4687660028908053,0.4829432828796286,0.522541415758745,0.05528527200353825,0.4495969233044893,0.7911544321218527,0.3256333264497091,0.4763968707627438,0.16492364645996996
0.0,0.20147618498443096,0.7450153883564146,0.4766424919259766,0.4827611259891306,0.518789303154627,0.01759999999999991,0.4836032837807851,0.7959143894084619,0.3329209648503891,0.5152819365741238,0.3238399634724033
0.0,0.2338830584707648,0.7500023102938349,0.487918087016624,0.4884116852475486,1.0,0.0425685425685428,0.504171289105836,0.8000429777897291,0.3529764154282741,0.5415338597789385,0.8206152616859803
0.0,0.22765540306769705,0.7550241090057193,0.4920656856058005,0.4868478258707676,0.5250986921005419,0.01755651755651765,0.4484579542933215,0.8016037042470456,0.3731569676592758,0.5229035089995381,0.639603457041182
0.0,0.2240802675585285,0.7604854980458344,0.4982531622975269,0.4900804074310297,1.0,0.016354016354016513,0.4399822498335921,0.8029643286162005,0.39032412377132375,0.5142162597276443,0.6527116587323821
0.0,0.22396494060661976,0.7668114860358761,0.5051956931168631,0.4902920237109629,0.4842393994589276,0.027657527657527783,0.4471858590340949,0.8036361725132659,0.40826230418491705,0.4732167932418301,0.5805652981225484
0.0,0.2235036327989852,0.7718990983340168,0.5154188692457811,0.4902414958314229,1.0,0.028138528138528168,0.40378670216699897,0.8035642111333974,0.4150055442827158,0.4733887483111862,0.4633578906552918
1.0,0.22730942221197106,0.7762011854821447,0.5258969111432991,0.4907030972399522,0.34196078982606104,0.022607022607022888,0.40137563789660535,0.8043944744765399,0.4286945768442677,0.4688739686703083,0.3711059619699159
0.0,0.2424172529120057,0.7808661529021914,0.5397705692794736,0.4895278660314897,0.428726049147328,0.046444121915820064,0.4241624140226312,0.8046693482899205,0.4180565040748844,0.4450857736165639,0.441943433005994
0.0,0.2922384961365473,0.7855943432058043,0.5443848193695418,0.4978991135365436,0.3694056948811281,0.15723270440251572,0.4717920272169219,0.8035573844149557,0.3914242158695857,0.4550797347940324,0.5296995108315873
0.0,0.32660592780532816,0.7890937655782633,0.545445075718707,0.4998164195041973,0.35996011684714346,0.22109337203676827,0.5101397825604612,0.8015502136140908,0.35690453632757124,0.5004929661995705,0.4887270587369891
0.0,0.33098835197785725,0.7920281825018409,0.542109536814017,0.4967800705770257,0.4263722281744052,0.22496371552975314,0.5242437689520008,0.7999671354831479,0.34123017973106234,0.4659582807898837,0.5436757512229227
0.0,0.3079229615961252,0.7955038341091076,0.5379707165942409,0.4962972472470864,0.3936010482490415,0.18359941944847613,0.4966940315065456,0.7981636951817346,0.330255273536477,0.4344580585958861,0.34054213100886405
0.0,0.3015799792411489,0.799735944676248,0.5332806757559493,0.4988449269155423,0.4157231190851161,0.17150459603289803,0.5265069151689962,0.7982626744678525,0.327896653067966,0.4180285306195371,0.3449556806061269
1.0,0.2839349555991237,0.80384256234092,0.5386573817206789,0.4973356545991248,0.3546930287376226,0.13449443638122888,0.5035500332815626,0.7985693172610533,0.31629749371515625,0.3927648396001675,0.22292103424179086
1.0,0.3128820205281976,0.8082980019908237,0.5508735177380977,0.5023152361245595,0.4038515084455068,0.1976294146105467,0.5465572073071521,0.8005561291185004,0.31354306434426144,0.446397826739767,0.44918901026150265
1.0,0.302848575712144,0.8126298712096727,0.5674172254331377,0.5041159904684721,1.0,0.17706821480406368,0.5513497522372605,0.8013824621988709,0.311485648706106,0.4521452329209159,0.4136967155835093
1.0,0.2632914312074732,0.8171052032409021,0.5719888213066601,0.4999173122051486,0.3735761331905018,0.10183841315916772,0.4711411877819681,0.8023875939312384,0.3167689551781479,0.4000426217168635,0.2086873367906128
1.0,0.27171029869680546,0.8218829003921653,0.5841352760830378,0.5014399280695689,0.3419711183586665,0.07386653082017297,0.496339028178389,0.8062041575408878,0.34146150897400834,0.3817656217217463,0.2592503700147988
0.0,0.3226848114404338,0.8255925965555884,0.5913200318657875,0.506531383384424,0.3455282504828501,0.17855323484462565,0.4954958952740184,0.8093195115488994,0.3603922022179286,0.3807719150344308,0.2981319252770103
0.0,0.3302963902664052,0.8281780793736182,0.6047584628441919,0.504075756007746,0.34351724499787506,0.1872134488028526,0.4377856667406255,0.8130807897864307,0.3942148647326886,0.3623563449228701,0.22924916996679684
0.0,0.3308730250259485,0.8325425003979094,0.6150301667414113,0.5041603817014629,0.33909432105412163,0.18644931227712666,0.41831225501072383,0.8177727833121868,0.42672614179965707,0.3449493497982661,0.29329173166926586
0.0,0.31841771421981313,0.8372401986955857,0.6236552636131237,0.5060291236343852,0.3417817727316823,0.18364747834946493,0.4642556023962722,0.8212837960370023,0.4561993221669629,0.34380527140619177,0.5302212088483514
0.0,0.32868181293968396,0.8421081260959311,0.6276177408771114,0.5040531214962121,0.31272722929729513,0.20351502801833912,0.5141705495155686,0.8218279672484661,0.4571392692755509,0.3548517896149413,0.7596703868154726
1.0,0.311382770153385,0.8446403575468162,0.6293311841634546,0.5005645424147466,0.3370869630911888,0.1647987773815588,0.5518674654241554,0.8201451564266597,0.4623768642326964,0.3520952432004719,0.8616744669786793
1.0,0.3066543651251298,0.8451828218713526,0.6317439074388999,0.4993643864436586,0.3201969924106274,0.14060112073357095,0.5553657273870277,0.8168237758929053,0.4665618538087319,0.35628067207359576,0.8261130445217798
1.0,0.3457502018221659,0.8463078402177473,0.6414797754851785,0.5024179638147568,0.3013955717339901,0.182119205298013,0.6124916796094964,0.8140710806318958,0.4642222065052735,0.3756436044857636,0.9760390415616632
1.0,0.3359474109099297,0.8481144690931219,0.6518663477979703,0.5043285385015462,0.4386406515322915,0.1660723382577686,0.5955106870793581,0.809379662911063,0.4504210013129185,0.4131256760448577,0.9684469103384024
1.0,0.3232614461999771,0.8515307423059295,0.6622844128712476,0.5056296196095886,0.4374644660841321,0.14365766683647474,0.6033799275201539,0.8066195166905656,0.4434641390284444,0.4221869298314393,0.9542457805907181
1.0,0.32833583208395817,0.8547166826226378,0.6616462822179494,0.5063702806641885,0.43116253650129693,0.1352521650534896,0.5223060424524816,0.8045225682166066,0.4551991194161914,0.3647479549838247,0.8311132031066125
1.0,0.31461192480682754,0.8578429694928116,0.658850915751208,0.5034443764331127,0.4547434861078679,0.10213958227203274,0.4361733599585832,0.8041030566540182,0.4591830713819946,0.30778252103981546,0.4880333433592581
1.0,0.3194556567869912,0.8618239794728892,0.6582361823095756,0.5043835723308912,0.4433957966563448,0.11589403973509925,0.4394645366466978,0.8040980660342558,0.4586174529046753,0.3123352268650258,0.4702874575688567
1.0,0.3327182562564871,0.8655561844143973,0.6656958973551204,0.5030148930897148,0.41542531615757095,0.13474274070300538,0.4662007247984615,0.8037635221801421,0.43160647482990655,0.3480996855989113,0.3930305504232352
1.0,0.3141506169991928,0.8687296431609739,0.676812753719337,0.49895736641738503,0.3615636849807747,0.08813041263372373,0.4189187190296578,0.8039510722011819,0.4146562299506157,0.3353653340461253,0.22498173849525105
1.0,0.31184407796101954,0.8733991071440559,0.6776107568572965,0.4983867290368447,0.4143334298330288,0.07896077432501257,0.4190962206937351,0.8069160170824401,0.4051446529362667,0.33556114245260377,0.2157865337515552
1.0,0.3067696920770385,0.8782851259402364,0.6559835663551412,0.501271637268943,1.0,0.07564951604686701,0.4089712299386137,0.8102691111975981,0.41522808501241787,0.32656491296045315,0.2194675613263032
1.0,0.3098835197785724,0.8833202745052149,0.6344620979288327,0.4980773160307356,0.2799066090596529,0.07870606214977084,0.3752089342504252,0.8136144273625279,0.42374598181657774,0.333613270703019,0.14918739924186594
1.0,0.3276438703725062,0.8877110710351048,0.6242844813736509,0.4976317853954868,0.15057066807809236,0.026345291479820555,0.4274831743214261,0.817113532788903,0.4345018228395969,0.34460601678721986,0.1728459530026113
0.0,0.3519778572252337,0.8919974880624886,0.6336903367438039,0.4983884541857869,0.15175854147704754,0.08155829596412545,0.45362769025959604,0.8186720705724595,0.4309775681242387,0.3817924520252608,0.14905715114592213
0.0,0.3682389574443548,0.8959329445076696,0.6401195924164194,0.4976579848244407,0.21482509168306246,0.12079596412556055,0.4542933214998886,0.8208956648699497,0.44176834746842697,0.3826158143710866,0.21206846533216936
0.0,0.38173221081766817,0.8994952440184112,0.6433071568905284,0.4964088817774284,0.2269807264739508,0.1521860986547087,0.4907773093706089,0.8221380357599499,0.4454895353253029,0.4239514924529144,0.5648970118944008
0.0,0.3853073463268367,0.9027761092122826,0.6452919611129693,0.4933071841103298,0.23808236858264664,0.15554932735425994,0.5928629539235264,0.8221063027998896,0.4525274632324541,0.501419316236916,0.8105599071656528
0.0,0.3877292123169185,0.9062369726851132,0.6433168483171994,0.4900081073023024,0.21129336392061104,0.1603139013452914,0.5521780933362915,0.8196633995315259,0.4408607903388944,0.4974744025887039,0.7937917029300837
0.0,0.3904970591627265,0.9100579204451772,0.6446839176106773,0.4905434418019951,0.19752249435798175,0.16928251121076246,0.5553731232896971,0.8184487143059436,0.4411588836107944,0.500836346638715,0.7350159559036831
0.0,0.3854226732787454,0.9135879436319471,0.6426547620122662,0.4932954626330507,0.14966110778766226,0.1589125560538117,0.5597662894756306,0.8157602221952359,0.4155923287077376,0.5055602558838033,0.5872352770525062
1.0,0.38415407680775,0.9173357029258696,0.6397228369512922,0.4929768519647779,0.1823655323180185,0.14994394618834062,0.5875231121958433,0.8127894174190728,0.3857551160769634,0.5323974412425987,0.561895901173308
1.0,0.3801176334909469,0.9209932282227822,0.6360847555955664,0.4959710785516389,0.14818096576360176,0.14433856502242165,0.6130167886990607,0.8113247407327995,0.3706127415240131,0.5555725382932883,0.4763446738719057
1.0,0.3801176334909469,0.9251346858045002,0.6357717058744461,0.4959531414613705,0.11392112086077248,0.1426569506726458,0.5809185711116045,0.8111684917471462,0.3739038591770113,0.5177891666441906,0.5568948525509826
1.0,0.3734286702802446,0.9293607310671312,0.6407813046280688,0.4983606105417338,0.13909648181479412,0.1283632286995515,0.5913541897788626,0.8119659644722035,0.3959203718070109,0.5267296669046139,0.5385508592661399
1.0,0.37296736247260986,0.933753840745806,0.6419834781993656,0.498325425515524,1.0,0.132286995515695,0.6555062495377559,0.8121026546529873,0.4027333584612624,0.5468294496018218,0.7677327317364468
1.0,0.3486333756198824,0.938769188030936,0.6407023212304335,0.4931230270449671,0.1329161367335564,0.07174887892376687,0.7221359366910732,0.8116835291506219,0.41638731045686944,0.5728746847658671,0.9625354717342092
0.0,0.40698881328566494,0.9435197279367658,0.6357978780761253,0.5040879211595658,0.3140959773592417,0.2148148148148149,0.6527253901338657,0.8089322623812851,0.4019055866093637,0.5299784536422018,0.936342740390756
0.0,0.4377811094452774,0.9473757988196404,0.6345675482136621,0.5060908906447801,0.3410952106926651,0.28005698005697993,0.6289919384660894,0.8088763718255416,0.4154565951717813,0.5132372201411136,0.7635359468777942
0.0,0.4864490831507324,0.9503413735699228,0.6416966586300559,0.5151001454736363,0.3339309835379764,0.4062678062678064,0.5679905332445825,0.8095884817363264,0.4234362127203923,0.448882628717924,0.8468003207698469
0.0,0.4634990197209087,0.9521395876617612,0.6517631150861836,0.5144361972076232,0.3391831173925502,0.35669515669515645,0.5422453960505883,0.8107845673349738,0.44730108117252615,0.4774384735701002,0.8391659983961526
0.0,0.4712259254987892,0.9535947945263534,0.6597738047763713,0.5121258258546157,0.3380457300667504,0.3621082621082623,0.5250942977590414,0.8101363831165305,0.4541613958460722,0.463470463451444,0.8938893344025663
0.0,0.5090531657248298,0.9544015496408842,0.6617419203460757,0.5154727899750277,0.34351550440258066,0.446153846153846,0.5570667850011096,0.8089480071570665,0.4625132203178896,0.4377837745400008,0.9885805934242198
0.0,0.4784915234690348,0.9554212559401952,0.6692181831125683,0.5094637822547537,0.34466230974594536,0.36581196581196573,0.5171067228755267,0.8059459770400849,0.44988185644472706,0.4573438754933868,0.9879829787234052
1.0,0.4811440433629338,0.9575048346031436,0.6809285359131869,0.5099969257973018,0.3735817722471852,0.37663817663817656,0.4777531247688784,0.8038036435715796,0.4390440849504645,0.4764733441695743,0.8688286040952096
0.0,0.5218544573866912,0.9596345911254942,0.6968247708983029,0.5140593051203429,0.3634657065844173,0.4754985754985753,0.4771392648472751,0.8018158843896468,0.4265008182352218,0.4760745349662101,0.8746393827574644
0.0,0.5329258447699228,0.9611275595715658,0.7043277069158822,0.5124577074264011,0.35244711832663106,0.5002849002849002,0.5079358035648252,0.7992134084993321,0.41186847672958377,0.4503510058847551,0.8496207746808571
0.0,0.5207011878676047,0.9622769980520176,0.7157267638150668,0.5138554026295818,0.4411389609714675,0.4777777777777775,0.4316248798165821,0.7952650974352424,0.3949723100835635,0.4333092114604871,0.5509535253909306
0.0,0.5543189943489795,0.962478994800608,0.7198833503129705,0.5165981049711561,0.3358442586655339,0.5562678062678063,0.486184453812588,0.7949393120990325,0.3808819569854848,0.4301600357592675,0.7136302631168266
0.0,0.530157997924115,0.9621614927099822,0.7299936511521847,0.511891645249252,0.34341792872672,0.4712250712250713,0.4802159603579621,0.7925409415950115,0.3707135384536818,0.4245197978619861,0.6685289803052538
1.0,0.5271594971744897,0.963695142644994,0.7365658126808106,0.511298654547784,0.3296695979079673,0.474074074074074,0.4528880999926039,0.7916518424649809,0.3755388206725044,0.4470186759256587,0.5704922126158729
1.0,0.5105524160996426,0.9664794587369396,0.7400962702198981,0.511765223112163,0.3360975804973944,0.4515669515669517,0.3742030914873162,0.79151985344924,0.3955684713017456,0.42055669003689616,0.4108430350510315
1.0,0.5129742820897245,0.9684455007079102,0.7361209767907506,0.5085047283389815,0.3348534042949966,0.456980056980057,0.3357296057983876,0.7930255692102439,0.4188558947793716,0.36491144540097337,0.17915665282936571
1.0,0.5393841540768078,0.9699743638047608,0.7343766040018542,0.5099946976740087,0.450280811554016,0.5119658119658118,0.3907107462465794,0.7959520234538578,0.44645191603269707,0.3714298535283893,0.3384000749087049
0.0,0.5405374235958944,0.970973124969293,0.7371268045743067,0.5102248164475978,0.4541443218141633,0.5253561253561252,0.3865542489460833,0.7963787981600698,0.458311061512099,0.36428589619359053,0.2251006585723644
0.0,0.5526467535463038,0.9726434490780632,0.7426583233137765,0.5088872436807425,0.45729770541950704,0.5532763532763532,0.4330670808372159,0.7989088496502197,0.4761928504515405,0.423119805261216,0.1699803364649333
0.0,0.5404220966439859,0.9743887232060864,0.7494843149869642,0.5102459494529975,0.4750940779303992,0.5279202279202279,0.393358479402411,0.8022122591186684,0.4935205871539475,0.4269099103573339,0.003162992982109439
0.0,0.5385768654134472,0.9739229239438294,0.7490002298331682,0.5098776773139346,0.4546342307303938,0.5398860398860398,0.4745285112047925,0.8091351436179293,0.5301363455361616,0.4597358682252621,0.2255489021956108
0.0,0.5630261792180833,0.9729370588046916,0.7452798555250107,0.5109278695205292,0.5221115733707349,0.5501424501424501,0.4394571407440284,0.8130933388583157,0.5550162059235522,0.4692981567631591,0.1469917308240684
0.0,0.6214969438357744,0.9709088956352856,0.7388918053993716,0.5186347056320822,0.5190731675676481,0.6905982905982903,0.5238074106944753,0.8188306172027155,0.5973733045683387,0.5181520429269354,0.31074449201211
0.0,0.5963556683196863,0.9703182967828528,0.7386164359711757,0.5139361342011564,0.4346094329058692,0.6270655270655271,0.5468826270246283,0.8203688314865631,0.620486476736959,0.5524997883970199,0.4800563850892756
0.0,0.5967016491754124,0.9705835913229648,0.7339230122642311,0.5140014067254272,0.37079160927844573,0.6293447293447293,0.5931218105169739,0.8209299664414895,0.6383130855070827,0.575322665343606,0.7239486416077403
1.0,0.5503402145081305,0.9710197031229272,0.7324924499435728,0.5084958214842278,0.42985625059756616,0.5173789173789172,0.5874491531691446,0.8197008169955609,0.6292743605525243,0.5687548346271672,0.6601693338295489
0.0,0.5777880290623921,0.971715486536235,0.7404348410036279,0.5142301567792119,0.5249049369503589,0.5874643874643874,0.6267287922490941,0.8199857129247663,0.6259101496661064,0.5907244695526984,0.8279214737625615
1.0,0.6023526698189368,0.9710171469220904,0.7515635065776084,0.5156209062063449,0.4441269745162855,0.6361823361823361,0.6026033577398122,0.8193218187551652,0.6107163673461647,0.536513395510418,0.8919333829549662
0.0,0.6061584592319227,0.9699606916536894,0.7575406025789913,0.5164184522609672,0.4371900193773491,0.6319088319088321,0.5925375342060495,0.8178280612426712,0.5917454876418893,0.5166899862023207,0.942128768142908
1.0,0.5867835313112675,0.9699760442420792,0.7548104128905501,0.5162849733277897,0.5276691974588519,0.5874643874643874,0.601124177205828,0.8156396155150261,0.5862956126600134,0.5272292024424724,0.8085944830174507
0.0,0.6270326375273902,0.9701069292838538,0.7598645971483278,0.5247254906830958,0.5641723365175653,0.6957264957264955,0.5821980622735005,0.8133796296083801,0.5943602498082637,0.4940239356554943,0.8437324075811578
0.0,0.6697036097335948,0.9689318349899548,0.7597094101065957,0.5299970458349773,0.5798947548984306,0.7823361823361824,0.5818948302640338,0.8124083682159307,0.6170488056585304,0.4940705225738165,0.7421655094764492
0.0,0.6933456348748703,0.9665501652812196,0.7596997625422477,0.5313005547786719,0.5873389364813979,0.8358974358974358,0.5340285481843058,0.8104052160328845,0.624700221691714,0.4784094460026543,0.7122349408894718
0.0,0.6923076923076923,0.9643993225417741,0.7524079261183703,0.5311128027509665,0.527823783546323,0.8330484330484328,0.5839878707196213,0.808280662070666,0.6255466135586611,0.4800969570294613,0.7382248076562196
0.0,0.6303771191327413,0.9626341282016604,0.7499487005204921,0.5189192984471038,0.499484924625287,0.6749287749287747,0.6629761112343757,0.8042226220984721,0.631668914171541,0.5187502614467978,0.9973728654531788
0.0,0.6505593357167572,0.9623697863299628,0.7554256245019826,0.5234420018766002,0.44270487764581606,0.7273504273504272,0.6633311145625329,0.7981493896884313,0.6248086735282217,0.5196848339861626,0.9555119118777252
1.0,0.5837850305616423,0.9614676943453572,0.7622367328094417,0.5127475663326586,0.5306901235182998,0.5660968660968659,0.6690333555210413,0.7919559153499709,0.6026144401310909,0.5251271550093154,0.9917447676394899
1.0,0.6255333871525777,0.9620657356989176,0.7700578641102613,0.5188322364465162,0.5304805331417676,0.6601139601139601,0.7015753272686938,0.7861459925142076,0.563729987534229,0.5519214222644839,0.9991421021927868
1.0,0.6232268481144044,0.9602620042357964,0.7722071411085203,0.5201399794597765,0.5026799563570072,0.6601139601139601,0.653583314843577,0.7816091226263129,0.5348518773381196,0.5151744054972408,0.774492700394823
0.0,0.6528658747549302,0.9588807413006636,0.7714401707373406,0.5233790342683643,0.5320947592572508,0.705128205128205,0.6463649138377341,0.7800806272921743,0.544198428775764,0.5021805180301468,0.8267376733082369
1.0,0.6612847422442625,0.9570912333924704,0.7744709920326958,0.5216672826297525,0.5010112404424887,0.725071225071225,0.6615560979217519,0.7786392457068751,0.5443013369943439,0.515940578837562,0.751813423928016
0.0,0.6648598777534311,0.9562532411477936,0.7744444107734955,0.5224688590343003,0.4218311955338271,0.7396011396011396,0.6597441017676203,0.7775345138432956,0.5471994516200823,0.5115788146581466,0.8294922413001558
1.0,0.6063891131357401,0.9549060647744034,0.7768893490364973,0.5094774146188026,0.5036976416842727,0.5891737891737893,0.6431994674950074,0.7748588271086105,0.5222946632405123,0.5429831856300429,0.8088329813607562
1.0,0.6218429246915004,0.9545392886048024,0.7776540353097445,0.5095938348579963,0.5303384440315025,0.6188034188034186,0.7079505953701651,0.7720073667636127,0.4939785747478895,0.5403941381494961,0.8125975576163816
1.0,0.6551724137931034,0.9538465929169436,0.7774870067462089,0.5179397827269439,0.5198094541490618,0.7017094017094014,0.6846165224465643,0.7688756121960338,0.4744457801041313,0.5719054330938398,0.7846661680893311
1.0,0.6488294314381273,0.9522629959613664,0.7777525460150132,0.5165904289454641,0.4421338629265257,0.6786324786324787,0.650166407810073,0.7682270619337785,0.4599500212210966,0.5795795840091579,0.769089924439745
1.0,0.6120401337792643,0.9502396206157426,0.7766824958075611,0.5080479716699479,0.3689840771503584,0.5752136752136751,0.6138081502847428,0.7684281934175667,0.4591609374960735,0.5926655205678429,0.7251205611573888
1.0,0.5670626225348864,0.949535576984642,0.7779058961501124,0.4966677350708134,0.4051904973905102,0.4524216524216522,0.6119961541306116,0.7702181002557584,0.44563284038727735,0.5896438107685893,0.8447275446785463
1.0,0.5908199746280706,0.95018988784336,0.780547746936042,0.5031689167855857,0.4520287848127895,0.5131054131054131,0.5545151985799871,0.7702244794764288,0.4432828527037286,0.5363519302354607,0.9076514428656174
1.0,0.6070810748471918,0.9496172591850898,0.7748728950164196,0.5039046844361031,0.4453215004563381,0.5475783475783474,0.5087567487611862,0.7674430642740147,0.424969761446636,0.5506805776844798,0.7999329499445547
1.0,0.6256487141044862,0.9484556588594856,0.7701489895489162,0.5052004284786077,0.2341822086880768,0.567236467236467,0.595421936247319,0.7639328345115974,0.3950669263677074,0.5666492445350451,0.8852412512571884
1.0,0.4919847768423482,0.947479991474956,0.7641975219520489,0.4653415934707199,0.2864480162218969,0.2330484330484332,0.5984394645366466,0.7586786331415865,0.3516003539352488,0.5689418549774802,0.8409191800496145
1.0,0.4945219697843387,0.9512740580639236,0.7740617862959442,0.4661385310499381,0.19004374769993007,0.2410256410256412,0.6209082168478663,0.7540547630238326,0.32386138183245183,0.5877780516083727,0.9932628280454371
1.0,0.4817206781224773,0.9556325041686722,0.7874763521620453,0.4658489115601796,0.14435338043039878,0.2225071225071225,0.6192367428444641,0.7475502887566474,0.2800509095318641,0.5876982030686534,0.9773438939031126
1.0,0.4802214277476648,0.9603854060817172,0.805104951905747,0.4654330868344754,0.189973968825244,0.226780626780627,0.5749204940462989,0.7402361302295517,0.2237787080246418,0.6045581791112958,0.8190581445324503
1.0,0.4741090992965056,0.965021785256054,0.8178645798665363,0.4672273866728101,0.1136448539685395,0.21737891737891726,0.6383477553435397,0.7348614831101359,0.18899966252144376,0.647008228949677,0.7494013630502849
0.0,0.4907161803713529,0.9691490069397046,0.828150841225132,0.4724059476499954,1.0,0.2692307692307693,0.6368389911988759,0.7310145840985347,0.17669827472078048,0.6466609026634993,0.6541413397187942
1.0,0.4011071387383232,0.9731705823808334,0.8387788680438761,0.4388775770488865,0.19692855008552146,0.043589743589743615,0.5017972043487907,0.7298357956202175,0.1869421133613287,0.5967685373727271,0.4248787376435185
0.0,0.5159727828393497,0.978902845975183,0.8513316308232457,0.4764249526419262,0.39932656267918537,0.09688715953307372,0.4763700909696026,0.731206350993385,0.2031656327431723,0.6297178755213705,0.3768035856818317
0.0,0.527736131934033,0.9813194949219229,0.8616326058396558,0.4805911800697985,0.4375177356515225,0.1463035019455249,0.5397529768508244,0.7307557988974476,0.2052342061439765,0.6227432394637058,0.4591698900963953
0.0,0.5472263868065969,0.9817774526197254,0.8628940368370129,0.4837819344688815,0.4484837703550476,0.1817120622568094,0.5444123955328746,0.7307208580725082,0.2194324441766018,0.625971365637612,0.3209615030392331
0.0,0.5618729096989968,0.9820117243795417,0.8636406935641712,0.4852440613525522,0.2586042870202068,0.2011673151750973,0.4765623844390208,0.731876879470041,0.2218800005198737,0.5824836307577068,0.4063977405292571
0.0,0.5254295928958598,0.9830542060910324,0.8679869159991775,0.4757677793018923,1.0,0.08793774319066111,0.5410842393314106,0.7344189915398884,0.23095301149988,0.5721399348394468,0.4543500951679256
1.0,0.5119363395225464,0.9852851829691196,0.8749724864285191,0.470634891508793,0.2568568652333842,0.03735408560311259,0.4363508616226608,0.7364486864329742,0.2210364564603394,0.557571644306621,0.189353472094308
1.0,0.5230077269057778,0.9875381274894296,0.8842015885135905,0.4710398273273246,0.5144465636060523,0.05758754863813189,0.3393683899119887,0.7407042894275968,0.23324867395015175,0.5090941907280292,0.16991044020380394
1.0,0.5393841540768078,0.989531970556882,0.8952490947109313,0.47715684198873,0.4911431062995393,0.015144958892254796,0.4810073219436434,0.7469678093725678,0.27947238263683044,0.5395713343680885,0.2982056394189688
1.0,0.5648714104486221,0.9914181723185562,0.9065435295575062,0.4830394542589867,0.4987950272657015,0.10546706844597514,0.4044301456992821,0.7510926752079337,0.3169325502449177,0.5051718978360406,0.3998227792018722
0.0,0.5915119363395226,0.9928318662186482,0.9175333635002708,0.4894983409359741,0.5947676145637829,0.19588512644663544,0.3520227793802229,0.7573702087551364,0.3673134241378492,0.4851026339065171,0.4811569521507434
0.0,0.6582862414946372,0.9944061840492466,0.9239599666053488,0.5156004015808869,0.6051320886669821,0.445349335619374,0.4271651505066193,0.7602583353787521,0.38719647437462507,0.5164352865591826,0.6269274248247788
0.0,0.6578249336870027,0.9955916658506898,0.937816536991998,0.5153119049357932,0.6029397619225292,0.4526360908701242,0.4540936321278011,0.7589543419859701,0.3854281126865379,0.4788730992536255,0.6723716934207553
0.0,0.6495213931495791,0.9966160265440278,0.9439922446974194,0.5157463819609113,0.6063914333603027,0.4384912130304329,0.3284224539605056,0.7564850610115026,0.3932267906137277,0.4692324317700433,0.4822292561609759
0.0,0.6572482989274594,0.9976178694802632,0.9564661044335574,0.5151375058358222,0.6037253232492304,0.4646378054007714,0.3132164780711487,0.7573840243769911,0.4251945927264403,0.4601716097190068,0.3864197023271108
0.0,0.664167916041979,0.9984179508764351,0.9614571522186977,0.5179163595904819,0.5914041145393545,0.4959279897128162,0.3372457658457215,0.7578007905469528,0.4525439007714184,0.4212379934966111,0.4438985280815719
0.0,0.6798523815015569,0.999208809038735,0.9639958090601431,0.5241825214638022,0.5933559313300606,0.5692241748821257,0.2931661859329928,0.7582259227406938,0.4859894492534678,0.3941661094194242,0.3210673464353257
0.0,0.6876946142313459,0.999691699148988,0.9600306399831446,0.5274218261553832,0.6020402258801802,0.6005143591941705,0.2558686487685817,0.7603818920043572,0.5258578757086907,0.3804891836147216,0.29444712871995765
0.0,0.6593241840618154,0.9998274401804768,0.9636890613729384,0.521195963553266,0.6015315104712191,0.5032147449635663,0.19946749500776567,0.7613121684785957,0.5315938537566117,0.339850162955471,0.10037400905495553
0.0,0.6496367201014879,1.0,0.9793795242082796,0.5212231467294424,0.5736008077098749,0.4770681525932277,0.24305894534427894,0.76508491570936,0.5263510840038603,0.3670758796757832,0.04849591095363345
0.0,0.6652058586091569,0.9999791300726436,0.9897240352166236,0.5239917642677271,0.576757069535867,0.5220745820831547,0.3362029435692627,0.7700029054918229,0.5253343518812661,0.3617693110127056,0.2416026914335817
1.0,0.6732787452427633,0.9992254046760932,0.99527735443786,0.5237119971599498,0.5969559856769147,0.5499357051007289,0.3793210561349015,0.7721798560284174,0.5150530976189887,0.338198187834287,0.27510244984878585
1.0,0.6857340560488987,0.9989197923367223,1.0,0.5253314267728044,0.5936657370478516,0.5919417059579938,0.3732712077509061,0.7733414573988411,0.4947514421112375,0.33370138398370386,0.16483654953917082
0.0,0.6706262253488641,0.9984052463154688,0.9905971929106304,0.5236054812713654,0.6041500314237884,0.5409344192027431,0.3734782930256639,0.7764144517115876,0.4585491315244917,0.33281345546373403,0.0724546370967742
0.0,0.6915004036443317,0.9979572552314312,0.9656337559484384,0.5291130361920932,0.6121861633115045,0.6172310330047148,0.5087715405665263,0.7834600455541596,0.4737704500112601,0.3534366132440808,0.18067748881895024
0.0,0.6858493830008074,0.9963211115293148,0.948737987890836,0.5272592611155618,0.6876093709641006,0.5855122160308617,0.4127801198136231,0.7878184483281898,0.4893502888809826,0.3498113554325332,0.03238363425542461
0.0,0.7512397647330181,0.9943294082819568,0.94238293132853,0.5531882741958484,0.6866808024389046,0.8109729961423057,0.4345684490792103,0.7971802762287123,0.538732991164935,0.3610796937721281,0.06986771411802044
0.0,0.7567754584246339,0.9914326673244314,0.9410553775603036,0.5517243969071639,0.6509626596240033,0.8148306900985854,0.5092522742400708,0.8035360936354248,0.5768117432989791,0.4032413478644423,0.3868346200731419
0.0,0.740399031253604,0.989108229121264,0.930807883519308,0.5479199777232011,0.6788532387756945,0.7570884468895468,0.44144663856223615,0.8037722192737099,0.5832293130231085,0.3553364532312429,0.04602916610230779
0.0,0.748587244839119,0.9873234435638693,0.9375517822260501,0.5519177636775934,0.6996548311673583,0.7879813796022005,0.6050883810369061,0.8090568648922609,0.6082867868166315,0.4219828874436368,0.35225066594428805
0.0,0.7633490946834275,0.985441539901878,0.9520257196142472,0.5552276925378374,0.7236741301257099,0.8327716933445657,0.6856519488203536,0.8110828968470631,0.6149351816244715,0.5028303301021824,0.6224434511716108
0.0,0.7758044054895629,0.983192047882696,0.9598167989891686,0.5614127007073884,0.7146351525820915,0.8807919123841613,0.6636417424746689,0.8097221275628972,0.6182986292318343,0.4764983946829152,0.6236173190663229
0.0,0.7709606735093992,0.9807172770125704,0.9544605185906224,0.5598458983799657,0.7096649789419962,0.8609941027801176,0.6817617040159751,0.8082510082501988,0.6332196931501942,0.4888899719988621,0.5867985010609965
0.0,0.7688847883750433,0.9783792699697692,0.9443274078333876,0.5593022243950488,0.7250038285194293,0.8449873631002525,0.7418977886251019,0.8053453082129214,0.6302504051828204,0.5622121313563985,0.780531852453835
0.0,0.7635797485872449,0.97631093610085,0.9437145143691816,0.5609568918368896,0.7187746800964508,0.8294736842105259,0.7947563050070259,0.7984455055537156,0.6143051403358295,0.5940853694344511,0.796060393960603
0.0,0.7673855380002307,0.9741741450603962,0.9477617925585886,0.5628015995915895,0.7267112513248679,0.8471578947368417,0.854944160934842,0.7906312870664622,0.5865822367884984,0.6257814786343822,0.8190052169184493
1.0,0.7746511359704763,0.9717675802382876,0.9632673671476322,0.5624247749950155,0.7270205718866523,0.8610526315789468,0.8629613194290366,0.7820710501855572,0.5581509089499573,0.6296278188954173,0.8252735731603437
0.0,0.7862991581132511,0.9687392699607558,0.9706450788199674,0.5647080533305664,0.7470267015562928,0.9038301415487092,0.9604984838399528,0.7728491014546066,0.5151336710256856,0.6661590631596839,0.9682920024289776
0.0,0.7901049475262371,0.965329584639078,0.9599465318373729,0.5625864441828686,0.7681668706274428,0.9065614617940201,1.0,0.7631853556010022,0.4793014570015214,0.6834386093236637,1.0
0.0,0.7948333525544922,0.9625988705462514,0.9451665594630876,0.5607627001971672,0.756125078466273,0.9077750206782462,0.8129576214777016,0.7555333827801156,0.4525623251943265,0.5452587797661113,0.9852430016758746
0.0,0.7902202744781457,0.9590549599612564,0.9205982451280096,0.5577387135619979,0.7967223138473325,0.9118093441076334,0.7476739886103098,0.7505715039679395,0.4391791404731476,0.5446297798613264,0.9911473144711682
0.0,0.8067120286010843,0.9542937180160688,0.9099477558974508,0.5614069666849031,0.8509635599280608,0.9385295299316996,0.7976776865616448,0.7457870943503053,0.4338203773157588,0.5685608483593668,0.9875301483039975
0.0,0.82516434090647,0.9477998212495179,0.9007781881870268,0.5654741243787929,0.7886368575736918,0.9548842683405254,0.643169883884328,0.7418327816878048,0.4381753692376968,0.5220972636987421,0.931280836089056
0.0,0.8240110713873834,0.9416746949859292,0.8991025175434266,0.5656400887028463,0.805698600154402,0.929690485288498,0.524842837068264,0.7420160272735923,0.4774239023035446,0.5121039334089289,0.8400325381527523
0.0,0.8255103217621957,0.9356154258914856,0.8852487863997176,0.5665132850001495,0.8204487369309448,0.9200887902330741,0.4571925153464983,0.7412462475853743,0.5075035988544812,0.529001769090226,0.7279881165007341
0.0,0.850305616422558,0.9305907524511978,0.8629545152056739,0.5738788794185941,0.8059701639540066,0.9543657923104559,0.5200798757488353,0.7418829473325261,0.5331189454716116,0.510050897057233,0.8308546570231132
0.0,0.8490370199515629,0.9261870203268016,0.8387494722974813,0.5767870111577211,0.8503473857821675,0.9545777146912704,0.4972487242067896,0.7402013513902552,0.5419385767617396,0.4987618845314497,0.8765318573272741
1.0,0.844885249682851,0.9233794241496432,0.8285645828807242,0.5785172398394927,0.8729924765020871,0.9483757682177344,0.5054507802677319,0.736501912589212,0.5273840595487312,0.5027785881427189,0.9882357286645614
0.0,0.8578018682966211,0.9195633798159744,0.8178761168411496,0.5814420953276134,0.7479309349787119,0.982914923291492,0.5313216478071149,0.7307846016993849,0.503047491442891,0.5154029937155833,0.8745864274685693
0.0,0.8680659670164916,0.9155890076756484,0.8108452671778552,0.5821381830976581,0.7512766043374876,0.9923291492329144,0.4411434065527695,0.7267611727951435,0.485190284366609,0.5203117381881213,0.717226674509227
0.0,0.8640295236996887,0.9105563280582905,0.8026372454616915,0.5835537416693539,0.8252496041133821,0.9885496183206102,0.4039272243177279,0.7266456180826533,0.4848518729257934,0.5037168167723023,0.7323336560062828
0.0,0.8727943720447469,0.9054174836782254,0.7966393965589695,0.5869152318438117,0.6060989324667336,0.9872852233676974,0.4504030766955107,0.7252884241262822,0.4792324644813454,0.4761832689736281,0.7857012717268521
1.0,0.7994464306308384,0.9024839729173322,0.8005747713568151,0.563769654806776,0.520767406034802,0.8820754716981132,0.4412765328008283,0.7213118288292379,0.4535925347955001,0.4711787036025809,0.7113471559231871
1.0,0.7604659208857111,0.9027047044289668,0.8055822548229421,0.5469844809389405,0.515472515336385,0.8203921568627451,0.454907181421492,0.7187990943346934,0.445341510835696,0.4283211980891188,0.7195641875888201
1.0,0.7339407219467189,0.9042812245540444,0.8139936943168344,0.5400291847897073,0.5157400541744044,0.7403921568627451,0.4046076473633607,0.7149657788920076,0.4325348821397901,0.4010593534236885,0.5806763108989547
1.0,0.7497405143582055,0.9031870286331998,0.8155922626503218,0.5451063887340682,0.5187151054916421,0.7921568627450981,0.40423785222986464,0.7141739254206609,0.4380713378013825,0.3995506603988375,0.4241518784389468
1.0,0.7581593818475378,0.9024917150079276,0.8188067811184351,0.5455761729702312,0.52628623533259,0.8054901960784316,0.38407662155166056,0.7158277421768746,0.4477646673471671,0.4380472154112123,0.4041285573734651
1.0,0.7406296851574214,0.9016513960082588,0.8185717977215592,0.540142413355752,0.5068584029921749,0.7756862745098041,0.352814140965905,0.7193937371516991,0.4628177783957765,0.4171456592693963,0.27096162955945113
1.0,0.7433975320032292,0.9018272392212748,0.8219766789959181,0.5378186783314493,0.5144374866318744,0.7819607843137254,0.3022483544116558,0.7260645036078865,0.4980042762611978,0.3797544090697534,0.000246984728110754
0.0,0.7467420136085803,0.9010763008857771,0.8261746423848426,0.5395096180551594,0.5061208671933488,0.800392156862745,0.4066415205975889,0.7373230238171942,0.5581025424342951,0.4342462282585805,0.2495730494794721
0.0,0.7650789989620577,0.8995777873931248,0.8329759625293527,0.5498415166577991,0.5248304219046707,0.8686274509803924,0.446128244952296,0.7435785384388847,0.6053352013745908,0.4587350781280064,0.4138963621476199
0.0,0.7715373082689425,0.8975468629542882,0.8213617033244233,0.5489783170898956,0.5105235886593337,0.8701960784313725,0.3865616448487537,0.7470769309071372,0.6370624556056129,0.4065163738068646,0.0005308597133359074
0.0,0.7984084880636606,0.8955351320616738,0.8141369834731267,0.5646884527159794,0.0,0.9654901960784316,0.5265734782930256,0.7541590049487976,0.6841953990088396,0.4663980284879597,0.12230532336119762
0.0,0.8040595087071849,0.8935422019582995,0.8036511112324632,0.5678104166873732,0.5106104409194048,0.9921568627450981,0.6266696250277347,0.7557590726337273,0.6911996315213185,0.5176617130677823,0.6255856003945106
0.0,0.7939107369392226,0.890311618215105,0.8073718930543964,0.5642755793309583,0.4855865335323398,0.9552238805970148,0.6832334886472892,0.7528531994162582,0.6684428910553709,0.5201417514807789,0.7823232672241031
0.0,0.8000230653903817,0.8875226455932852,0.7956502855943712,0.5670765373613391,0.4757282859426589,0.950903377847604,0.7188373641002884,0.7495574553445392,0.6490963808073549,0.546516163527969,0.7509078309078315
0.0,0.7999077384384731,0.8849962442397477,0.7889902611462567,0.5664357909119093,0.4170518372971219,0.964257659073056,0.7364322165520302,0.7474677000036878,0.6256285125073107,0.5693117601933322,0.9102425292334346
1.0,0.7964479298812134,0.8837228660522753,0.7762477059748523,0.5685378054626434,0.4274367510421824,0.9560094265514536,0.7567487611863031,0.7443038561916373,0.6088277248180959,0.6014177295248768,0.9869532265049812
1.0,0.7914888709491409,0.8828593074179389,0.7692524994923668,0.5692065970950743,0.4515249622377392,0.9505106048703852,0.6951852673618819,0.7396072930415805,0.5717363706488352,0.5602817264560079,0.7317832394976197
0.0,0.7874524276323377,0.8807397519426399,0.7602637818710187,0.5658634837330642,0.0,0.9607227022780832,0.7030619037053473,0.7379451689978886,0.5737884922848965,0.5721079925789269,0.8300941966219153
0.0,0.8011763349094683,0.8776829141149087,0.7673365440422035,0.568828339898998,0.4503229859944337,0.9760408483896308,0.7423045632719474,0.7353660590084543,0.5706526628099853,0.6512250214566662,0.9954255088783036
0.0,0.8075193172644448,0.8733530369907889,0.7873804610765015,0.5682730056411797,0.4548361720381313,0.9932673267326732,0.7024110642703938,0.7297560549219901,0.5619289760918302,0.6465379877985588,1.0
0.0,0.802329604428555,0.8692280059266881,0.8092500467779677,0.5666236707964365,0.6655287151749257,0.9910822861775436,0.6829746320538423,0.7249413631446733,0.5550958327060183,0.6316988813012521,0.9934572779685186
1.0,0.8040595087071851,0.8657317762060517,0.8314027947123288,0.5678075152840006,0.5383873337178642,0.9917355371900826,0.6613194290363142,0.7195350263958613,0.5412679694689697,0.6473898792465042,0.9618606484675284
1.0,0.7961019490254875,0.8626506805284815,0.8415549177639239,0.5685886905650367,0.0,0.9765690376569036,0.6893942755713336,0.7134843860962838,0.5270293837895003,0.6704190306411408,0.9819536937993842
1.0,0.7961019490254875,0.8614232160199236,0.8492220401883777,0.5684919376631676,0.5081892122694023,0.9790794979079496,0.6615708897270913,0.7068416515370772,0.5021758904312382,0.6503092812171336,0.7568491877625371
1.0,0.7913735439972323,0.8601958317588445,0.8425171908777791,0.5647024222426579,0.484673849783167,0.9949367088607594,0.6696989867613339,0.7031321476057968,0.4933843860399015,0.6653570349270143,0.9673544810594392
1.0,0.786991119824703,0.8593744308819944,0.8482341967583722,0.5666543839864123,0.5120233484793133,0.9902044293015332,0.6551512462095997,0.6995859726068225,0.4791957933922689,0.6535530011003621,0.8551203184367657
1.0,0.781570753084996,0.8576800916656615,0.8544521582033379,0.5668679735474644,0.4308034896313837,0.9948431456811349,0.6292286073515273,0.6962636096235757,0.4678745493762009,0.6617070865201555,0.7902133639964233
1.0,0.7741898281628418,0.8562065026374421,0.8658719312405989,0.5642281579544131,0.3621730356642347,0.98335523434078,0.6648546705125362,0.6934732093167799,0.4512281682996856,0.666420057078287,0.8916570844512599
1.0,0.7700380578941299,0.8540888505254136,0.863318534183428,0.5656582125622049,0.4537550731061749,0.9836644591611478,0.6797943939057766,0.6885902620248228,0.4229914978217226,0.6494574468151346,0.975978534009117
1.0,0.7694614231345865,0.8524344065039653,0.8576115315068642,0.5656007343221675,0.4753545282633112,0.9786950732356856,0.6846461060572443,0.6827558159478886,0.3859095032872221,0.6547074646233662,0.9757435501842808
1.0,0.7646176911544229,0.8497050597214866,0.8496190670824764,0.5665767984948951,0.5365506191604967,0.970705725699068,0.6748835145329488,0.677223545124882,0.3614335662285616,0.6471346057141054,0.9665410528719882
1.0,0.773728520355207,0.847256196047308,0.8446991349834954,0.5672653492988298,0.5363566439641179,0.9800266311584552,0.6572738702758674,0.6739086564756394,0.3551819812661463,0.6313267010405658,0.9907892439322502
1.0,0.7723445969323032,0.8446236147955561,0.8448416659167222,0.5667672512757881,0.5128192695505767,0.9887387387387389,0.5693661711411878,0.6718446276770311,0.3588342530635526,0.5346188434157866,0.8577878103837466
1.0,0.7604659208857111,0.8425248525825371,0.8474220877353291,0.5653916591216419,0.5248009382795478,0.95,0.49457140744027794,0.6712272794267502,0.3610811072667118,0.4744123287143632,0.4975745641419715
1.0,0.7617345173567064,0.8426509462272365,0.8538669143525146,0.5660545038927393,0.5140206340041776,0.945045045045045,0.5364839878707196,0.6745604420234068,0.3863150600336414,0.4918942966633243,0.6556361365928616
1.0,0.7422442624841425,0.8421058082336201,0.8623166320373109,0.5573517975708944,0.5685645666788891,0.931981981981982,0.42792692848162095,0.6760355666949598,0.39885022291598,0.3567312235141962,0.610849266340594
1.0,0.7443201476184985,0.8422801405963818,0.8731203853697478,0.5583720577379281,0.576807790356325,0.926576576576576,0.42927298276754666,0.6791743974157469,0.4375856036162529,0.3582174845315946,0.49209378407851706
1.0,0.7433975320032292,0.8410926774100611,0.8785117403662175,0.5575941986395441,0.5338813159603708,0.9324324324324323,0.4198653945714075,0.6799759040064846,0.4497697083954453,0.3504662925643484,0.5920704159526411
1.0,0.7382078191673395,0.8400412136678042,0.8938387170745965,0.5561566369422888,0.5443159667038435,0.9324324324324323,0.4435100954071444,0.6804075693073162,0.4597980731677137,0.33155281346346416,0.5763053655023409
1.0,0.74074501210933,0.8379833124555076,0.8581470853112936,0.5536187692115342,0.5325743084185521,0.934234234234234,0.4544634272612975,0.6793053829701967,0.4531470212212033,0.3415452486171422,0.6532949225783227
1.0,0.7430515511475032,0.8348892586684045,0.8266588049172776,0.5548655631602888,0.5465843717272424,0.9211711711711712,0.4769617631831965,0.6775935795096135,0.4437631741926722,0.36713222548267216,0.6454087144400437
0.0,0.7498558413101143,0.8325118896716224,0.7797844095461184,0.5546476409335985,0.57116788077041,0.9364864864864868,0.4975075808002365,0.6755966783524411,0.4404486151852151,0.33903683882328084,0.7007202016564632
1.0,0.741436973820782,0.8295577773751845,0.7649729738846581,0.5542202757763987,0.5702330683125201,0.9166666666666664,0.4625471488795209,0.6721753119098679,0.4266665196411865,0.3478553948380029,0.5344256391789699
1.0,0.745473417137585,0.8267325825565273,0.7441011827679713,0.5563859863275589,0.5777594932715416,0.8954954954954952,0.4818800384586939,0.670828039713401,0.426423954215988,0.3705675207414989,0.3623334533669426
1.0,0.7502018221658403,0.8235189515191825,0.7416124921320197,0.5550232463091147,0.5588529521762112,0.9036036036036036,0.4682419939353598,0.6708059380131204,0.4253060864772353,0.35728298591940444,0.3813467770975879
1.0,0.7457040710414025,0.8198973084413335,0.7483974097216035,0.5533597495182804,0.584264472475606,0.8846846846846845,0.4599881665557282,0.6718744770274163,0.4353912238595539,0.3954056048536481,0.3411955347497301
1.0,0.7602352669818938,0.8181182636042688,0.7595469121789185,0.5563951157171184,0.5658511022534017,0.8936936936936938,0.4772280156793134,0.6729113051325948,0.4456775350194714,0.3653214486445578,0.4053655023406546
1.0,0.7424749163879599,0.8146472602983912,0.7517964407730826,0.550079550805052,0.5146149783001963,0.8689189189189191,0.466252496117151,0.6743017177492001,0.4632138163080058,0.3518492749665627,0.317680950666186
1.0,0.7537769576750086,0.8138455576615541,0.7480220044546605,0.5551916112375315,0.5764993034294419,0.8617117117117113,0.4214555136454405,0.6763319475730272,0.4827811661373128,0.3573443439226877,0.3056175729204175
1.0,0.7365932418406181,0.8140990006268023,0.756013490291723,0.5502466458149528,0.5752549548008847,0.8266129032258063,0.4145403446490643,0.6792353878083377,0.5069211258816093,0.34761169550437626,0.18602808786460165
1.0,0.7099527159497174,0.8157765572519038,0.7769949340959901,0.5389337274461802,0.5741360676939666,0.8006272401433692,0.3949042230604246,0.6821202999752289,0.5267603962294606,0.3699569948092287,0.11776194437411833
1.0,0.7146811209779727,0.816614655681787,0.793698927855361,0.5373958782417371,0.5784318669187278,0.8060035842293908,0.41393388063013065,0.6858501459752588,0.5524226076556883,0.3958819549417572,0.047679617637989086
1.0,0.7254065275054781,0.8149725514900106,0.8040828578079942,0.5393780302822241,0.5658083697292444,0.8467741935483872,0.4948672435470749,0.6898859389237941,0.5808874283849392,0.434346112099336,0.31273109407231525
1.0,0.7089147733825396,0.8139396746713299,0.8065248564663714,0.5366633673541038,0.5610147811836321,0.7844982078853048,0.5151172250573183,0.6925420353471201,0.6066416331360786,0.40758275898659735,0.2552348893619128
1.0,0.7010725406527506,0.8140045016861324,0.8194508296235545,0.5365482922155681,0.5709590416559285,0.7670250896057347,0.4774277050514015,0.6946518827161037,0.630120405964569,0.413257828654886,0.13761694965595644
0.0,0.7041863683542846,0.8147529390080548,0.8298272672747468,0.5377744297916494,0.5768150987771558,0.8024193548387099,0.6094667554174986,0.6980289953557257,0.6604631591304728,0.5491565590151701,0.8622478087236142
0.0,0.7075308499596357,0.8145883217067156,0.8353541612391014,0.539180090851334,0.5791566041174351,0.8355734767025089,0.5999852081946603,0.6950303756642873,0.6618556154526565,0.5383132383153408,0.7956018878688872
1.0,0.7114519663245301,0.8124966058893119,0.8324142921453441,0.5373208310064026,0.548098764911294,0.8409498207885306,0.6598180607943198,0.6926659265001303,0.6688401317359761,0.5859398081909447,0.9950547852225348
0.0,0.7252912005535695,0.8091061086694245,0.8280703966811842,0.5403078333560299,0.5442307969820552,0.8633512544802869,0.6485984764440501,0.6889187328670137,0.6782276960114791,0.574883299848958,0.9310361469041072
0.0,0.7320954907161804,0.8087314012244842,0.8261503938739576,0.5397685885017577,0.5389651314137104,0.8709677419354834,0.6340285481843059,0.6861254804693937,0.6889201927417692,0.5373593870965082,0.9665061390949704
1.0,0.4834852787326258,0.9870549417170014,1.0,0.4883111945804574,0.580200938630174,0.6692531522793405,0.4678574069965236,0.9659562272182702,0.5377748420304204,0.4763144021271154,0.743230347131098
1.0,0.4648034673441936,0.9803204862195768,0.9871630496916288,0.4863201644604926,0.5630956953069959,0.6273035887487874,0.38613268249389865,0.9642331834655355,0.5297164572990556,0.4679265584766255,0.4611734889340781
1.0,0.4982812733522641,0.9713461486335926,0.9670109904219812,0.4900782603059468,0.5608235279172242,0.6122696411251211,0.3628060054729676,0.9644842521509064,0.5302891310432448,0.447770734113793,0.3181794026995425
1.0,0.4645045583619786,0.9632511673230036,0.9511675880076538,0.4900430361972268,0.6366613999011503,0.575897187196896,0.3565268841062049,0.9659746458570416,0.5249281444849738,0.4402084269306477,0.1321872675098308
0.0,0.5195038110895234,0.9583655981774402,0.9488096951039522,0.49239775902239596,0.6412282246134056,0.6605237633365665,0.4434657199911249,0.9700291152895296,0.5456550005470402,0.4974789495067221,0.4573280901264736
0.0,0.5656852488417277,0.9497711157360516,0.94585477218355,0.4938408691985482,0.5777256768522273,0.6884093113482055,0.4626506915169,0.9710197879650908,0.5591668851349085,0.4623678411102949,0.5150653629503669
0.0,0.53968016738903,0.942482360196388,0.9421485978731118,0.4911211024357848,0.5698533371061864,0.6457322987390883,0.4097330079136154,0.9692947052329804,0.5627074829108304,0.4091881204449082,0.31594749707726555
1.0,0.5057539979076371,0.9387603046889672,0.942244033621022,0.4910714308532008,0.609227034498016,0.6035402521823471,0.4508468308557063,0.9689668322638608,0.5887988901685037,0.45033694049727613,0.08261363636363615
0.0,0.5414736212823194,0.9324289992695348,0.9336047542331972,0.4914302528064074,0.6190447440545991,0.6394277400581958,0.5735892315657123,0.971742937248634,0.5841647919937369,0.5063967400093614,0.09259326660600399
1.0,0.5725601554326708,0.9223706735357758,0.921600958559378,0.4912809402908736,0.6422396077834207,0.6590688651794374,0.5699504474521119,0.9735570925936892,0.5651596984925521,0.5023443119577018,0.4446663104311396
1.0,0.5863099686145568,0.9172149754518508,0.9144731439431116,0.4891334404915984,0.6414613392243667,0.6675557710960232,0.5518009023001261,0.9740261188170138,0.5219906760836556,0.488313960957441,0.3324239952751934
0.0,0.5812285159169029,0.9168807147880612,0.9165497354938572,0.48835137323392397,0.6295570777517395,0.6850145489815711,0.6965017380371276,0.9750517675573388,0.4837327955346808,0.5699328416400281,0.6260370672441431
0.0,0.5712150650127036,0.911173624579258,0.9115919240561768,0.4908685223308973,0.6172371111374848,0.6828322017458778,0.6901264699356552,0.9725084252467744,0.4419990758963581,0.5660015974645474,0.6763270084601607
1.0,0.5773426991481093,0.9021134450370512,0.9001849709372679,0.491960056789101,0.6486165031642713,0.6336081474296801,0.6240736631905931,0.9709501354078494,0.4091012019727495,0.5637483105514669,0.5099953612688036
0.0,0.6102226871917499,0.891421840705775,0.8877304271781605,0.4919501652420588,0.6525479369435994,0.6823472356935014,0.7231121958435025,0.974774305433501,0.4329067800699423,0.6268026954506941,0.6929380839831234
1.0,0.6026005081452697,0.8863837069813543,0.8852444582638496,0.4912284998537246,0.7132864796958349,0.6629485935984479,0.595688188743436,0.9752932321397648,0.4320019588883568,0.5229377710834663,0.6651940535883886
0.0,0.6296517710357196,0.8813873226461886,0.8818221247025461,0.4905462334336994,0.6867188278597136,0.70635305528613,0.6381184823607725,0.9770926377369497,0.4553875303831586,0.5653036582118603,0.798502352499392
0.0,0.6439994021820357,0.87528950660209,0.8752195856820942,0.4884483561735541,0.6842182070321651,0.7225994180407372,0.6818208712373344,0.9746702867213192,0.4533688080306956,0.5501328792321709,0.8364957699189317
0.0,0.6466895830219698,0.8686245866457942,0.8663282357409404,0.4888275981982402,0.6770317915741276,0.7175072744907856,0.6590193033059684,0.9698930716661368,0.4547200793795288,0.5240053390173258,0.8448013076804131
0.0,0.6384695860110596,0.8619692099834517,0.8575265437448679,0.4880257700358374,0.7047429112871886,0.701745877788555,0.7017898084461207,0.9640068289125427,0.43224539568866177,0.5514084302209274,0.8038479379735367
0.0,0.6484830369152591,0.8564096699235164,0.8503596004765959,0.485447875230056,0.7230074849209265,0.7107177497575168,0.7849641298720516,0.9576826259678296,0.4062108035189416,0.553262683086693,0.8511850853747434
0.0,0.6596921237483184,0.8502260161047892,0.8290665182805351,0.4829767471311653,0.7301764890896335,0.726964112512124,0.788610309888322,0.9532202726528952,0.3905163733475968,0.5564354630451874,0.8951662333819449
0.0,0.6756837542968166,0.842914343956005,0.8112515851656463,0.4810525269811587,0.701620709059268,0.7468477206595538,0.6771762443606243,0.9470069114653774,0.3608426420243551,0.5053134967837652,0.9997849051192575
0.0,0.6667164848303689,0.8353472045821602,0.7930077290143064,0.4803460631822283,0.7173392545566959,0.7179922405431618,0.7257673249020042,0.941890162284852,0.3342199602144321,0.5308940457618934,0.906416704770614
0.0,0.6595426692572112,0.8296274311239159,0.7888429569823305,0.4796300099811965,0.7250460530889478,0.7058680892337534,0.6787885511426666,0.9364683851123228,0.3033343299950567,0.496055575849937,0.9186607732561082
0.0,0.6650724854281871,0.8259190125224483,0.7883257200697662,0.4801695305827906,0.7305049392652161,0.7211445198836082,0.6270763996745798,0.930308242831012,0.2769352036912404,0.5147808742570552,0.9330670634609852
1.0,0.6661186668659392,0.8227262897427461,0.7898470942855753,0.4802602804517309,0.6913825580806181,0.7247817652764305,0.7335626063161008,0.9226253177154032,0.2451889911294294,0.5609361254855841,0.9258126095028898
1.0,0.6335375878045135,0.819516505496352,0.7970770656317064,0.4805128660791461,0.6650073269643504,0.6787099903006789,0.6578951261001401,0.9116645088252592,0.18090980133207674,0.5306990997734774,0.9835085313833032
1.0,0.5997608728142281,0.8160230675172042,0.7990214796565864,0.4805180757132734,0.7235663951083089,0.6309408341416102,0.635330227054212,0.9096107307582316,0.1754269054147909,0.5213566452659361,0.640760197775031
1.0,0.6442983111642503,0.8109231999016608,0.7987584310197577,0.4820090492237549,0.6847981791588722,0.6951988360814741,0.540056208860291,0.9122802984896624,0.1908920018645288,0.4692378292372749,0.8772613320685668
1.0,0.6339859512778361,0.8026575309818473,0.7927045921730649,0.4810989678318072,0.6245266448018075,0.6631910766246363,0.44936765032172143,0.9154264435545432,0.2173346716193912,0.478635112835455,0.8251914086320201
1.0,0.6088775967717829,0.7951027916993891,0.7857750965069037,0.4784594459462865,0.6236723357967879,0.6122696411251211,0.3457288662081209,0.9184932588670572,0.24095082205778875,0.4801856930661413,0.3105859805080943
1.0,0.6070841428784934,0.7845698152820826,0.7740160950268236,0.4783274340853258,0.6213304015604346,0.6030552861299708,0.24896087567487615,0.9235832023811871,0.2852729479779078,0.4962846234615496,0.3005138033682672
1.0,0.6218801374981318,0.7770809480822609,0.7634252843448803,0.4805792512986287,0.6524945183355914,0.577352085354025,0.2479550329117665,0.9292281038998867,0.3332730262810032,0.4962180052735194,0.3113365868713946
1.0,0.6212823195337019,0.7730513058808968,0.7620286794100279,0.4802953908084827,0.7225466476420013,0.5921435499515032,0.19626506915169,0.932594243552734,0.3739224583445876,0.5233123846025852,0.2070654928387748
0.0,0.6622328500971455,0.7630245220440703,0.7434063360051792,0.4848652764259107,0.7042143327349705,0.6801648884578081,0.3220915612750538,0.9390563659002706,0.4309957507983508,0.5183415819295429,0.4772711205372921
0.0,0.7176804662980123,0.7480810035351051,0.7224629886017744,0.4925260414361433,0.6858628036289433,0.6692531522793405,0.2760076917387766,0.9385624086446036,0.4351827704724064,0.5013401425946644,0.4825379992930354
0.0,0.7167837393513674,0.7312569181442341,0.6922650225055735,0.4926911531388207,0.6472251283676027,0.6539767216294856,0.3027364839878708,0.9377682404096196,0.4316417583385007,0.5144667105153115,0.3861240582034449
0.0,0.6954117471230009,0.7246908264586516,0.6826426964797979,0.4940081036726092,0.6191496766183358,0.624878758486906,0.3594778492715039,0.9359953556388094,0.3950370120240753,0.4889408271962859,0.4439098548255069
1.0,0.6786728441189658,0.7221014830749128,0.6779286498482887,0.4923822506551248,0.605006469314494,0.5863239573229874,0.35488499371348303,0.9346121034885844,0.3877024574037666,0.4853612385664646,0.3163267010808739
1.0,0.6365266776266625,0.7180452185046349,0.6759832194973858,0.4909112894955045,0.6014455292371769,0.5349175557710959,0.2635973670586496,0.9355953591689988,0.3932558934729576,0.4885765986730897,0.16425266041864994
1.0,0.6405619488865639,0.7166464384579552,0.6772675791492626,0.4915647686963902,0.6089578146484126,0.5281280310378271,0.30902300125730353,0.9415157353826179,0.45030684243707103,0.4615479050614511,0.1857030688785309
1.0,0.6577492153639217,0.7118937515632089,0.6669646300489473,0.4937151384906525,0.5987604834813787,0.5596508244422892,0.41487316026921095,0.9477037459044066,0.5011582068114853,0.5067313703978429,0.4287241684625538
1.0,0.6305484979823642,0.7081570165067435,0.6618642529080085,0.4907416772236277,0.6096453933705128,0.5019398642095052,0.28093336291694376,0.9499691887460632,0.5275540350080806,0.4798757617956039,0.21620808900917166
1.0,0.6553579435062022,0.7048348580646153,0.6581492355970919,0.4939873743482696,0.6069955477988868,0.5431619786614936,0.32906589749278936,0.9564414984173392,0.556197954874171,0.5021940222247199,0.3303763845035837
0.0,0.6528172171573756,0.6994876296870753,0.655111202006804,0.4937225585938315,0.6096492183676677,0.5373423860329778,0.4188299681976189,0.9600342756672562,0.5601424667575234,0.5022804845766878,0.4401510215673503
1.0,0.6402630399043492,0.6970289188382329,0.6507942621545002,0.4926200820077774,0.607927596458455,0.4922405431619787,0.3184453812587826,0.960632915223653,0.557105748742888,0.4257437706394667,0.19395579612088465
1.0,0.6058885069496338,0.6946171189943118,0.6465968562680195,0.491556785516121,0.6130434746980273,0.4624151309408341,0.3377338954219361,0.9672474372053608,0.5928919954838897,0.44085300522586623,0.16263218563624576
1.0,0.6202361380959497,0.6950418085273542,0.6491225386043509,0.4898040728545718,0.611610974606151,0.4776915615906885,0.3164854670512538,0.975732645387038,0.6584844941934114,0.4210638413527434,0.059322741776508474
1.0,0.6583470333283514,0.6909914843803637,0.6418193568836565,0.49117661869730195,0.6127884551465824,0.5346750727449079,0.4365357591894091,0.9882129146598242,0.7571057542838184,0.4942262067081685,0.06515601783061017
1.0,0.6659692123748318,0.6811829465289025,0.6281692766126932,0.4885126752932025,0.6402871831588525,0.5358874878758487,0.5078692404407964,0.9954380491114628,0.8269286771774136,0.5495213147702578,0.1865141481035523
0.0,0.7259004633089223,0.6741640142183911,0.614102028381167,0.4931377671377179,0.6569106259572649,0.5834141610087292,0.5591968049700463,0.9993991663093679,0.8981530245380854,0.5455851409179302,0.3336544250451514
0.0,0.7378568225975191,0.6672115280258284,0.6028251681919337,0.4941490757614922,0.6726827001906683,0.6234238603297769,0.6387397381850454,1.0,0.930516273621946,0.6327820264204569,0.7126429861529197
0.0,0.7411448214018831,0.6645254102896505,0.597956726149393,0.4908269887925714,0.6725382139257888,0.6273035887487874,0.7282005768804082,0.9961854005565632,0.9358755720022154,0.6553076933757574,0.7589102950030095
0.0,0.7481691824839336,0.6574316861443488,0.5885670608993006,0.4880189682010376,0.6915082422761128,0.6333656644034916,0.7610531765401967,0.9899797813143864,0.9038031098608592,0.6392159289748066,0.8457104017722284
0.0,0.7610222687191748,0.6538275617831304,0.5944941741018195,0.4860833107202099,0.6794855541617473,0.6365179437439378,0.7900673027142959,0.98295041460211,0.8741178295681926,0.6560619140187768,0.8321155917755598
0.0,0.7496637273950082,0.6523193206581857,0.6024239913154135,0.4837711721886774,0.6599676030258521,0.6491270611057226,0.8999926040973298,0.9772513799062932,0.8652102176390277,0.7178663349292791,0.9860246751828792
1.0,0.7145419219847557,0.6565548743587479,0.6197292381529239,0.4831833113005882,0.7037750237876024,0.6066925315227935,0.7834775534353966,0.9690057541740388,0.8405178963172133,0.6389752386954207,0.9992632448482957
0.0,0.7202211926468391,0.6587724212541191,0.6224436931098516,0.4830833713969437,0.680344623101274,0.6510669253152279,0.7515864211226979,0.9648775389071332,0.8352981774489907,0.6682315969669332,0.9735161352285808
1.0,0.7022866537139439,0.6587026893486816,0.621428611248644,0.4847008647874293,0.6736508171195118,0.628031037827352,0.6826640041417056,0.9595069499448194,0.8104114048638955,0.6610562481027852,0.8525478030919451
1.0,0.6922732028097445,0.6548467850846809,0.611759945035004,0.4873318256622586,0.7252906056382704,0.6127546071774976,0.7504696398195396,0.9558758349414151,0.8034206338065615,0.6732771537196911,0.948975378103545
1.0,0.7143924674936482,0.6519237067624939,0.6074557391606614,0.4864160762914694,0.7027094100736088,0.6464597478176528,0.7357961689224166,0.948230423414357,0.7579873497641254,0.6660294058782708,0.8235946936457946
0.0,0.7055746525183081,0.6500283606550621,0.6137140275712931,0.4888053316818872,0.6964181085938571,0.6442774005819593,0.8249833592189929,0.9428734556706851,0.7246886815366796,0.6708379634753469,0.8505908452936114
1.0,0.692123748318637,0.647324195950068,0.6284110649446177,0.490579260046625,0.6819043224045636,0.6384578079534433,0.8578433547814517,0.9380143071680124,0.6852793304497611,0.7172561088782302,0.9754141627415956
1.0,0.6901808399342401,0.6427180407633828,0.643677641236561,0.4905365746066597,0.6800106279114657,0.6256062075654705,0.8110568744915314,0.9323978495691684,0.6747844083878811,0.6460043760950248,0.997576621525302
1.0,0.6759826632790313,0.6380457387741245,0.6485774522949451,0.4890527694159633,0.6954686087302568,0.5967507274490783,0.7811404481917017,0.9270609228900372,0.6934228214586755,0.6320519520935812,0.9417225150194116
1.0,0.6771782992078912,0.6353292458774877,0.6517839491105227,0.4889386675002595,0.7089660435782664,0.6125121241513093,0.7301235115745879,0.9218874842447646,0.6776321097256499,0.6232145252307764,0.9164768907107396
0.0,0.70781646988492,0.6338775628992965,0.6542298808392181,0.49275183288477503,0.7206298966559674,0.665615906886518,0.6981732120405298,0.915791474032268,0.6475725670804928,0.6058514823166734,0.8623578832016805
0.0,0.7040801076072335,0.6309029067387955,0.6606466647191289,0.4921043739354509,0.7151994798050234,0.6675557710960232,0.7329117668811477,0.90888145549624,0.5835942015669809,0.6268816111946875,0.7867677275010263
0.0,0.6988492004184724,0.6253144465564929,0.6571504670437025,0.4912487631768652,0.7274011576811635,0.6682832201745876,0.7947563050070265,0.9016002129805992,0.5376769947051877,0.6213766628437476,0.8398931555636728
0.0,0.7103571962337467,0.6164567512406296,0.6486388424995473,0.4928411856249962,0.7318160468234624,0.6675557710960232,0.8369425338362545,0.8938390085606294,0.4745837397075599,0.597019997389189,0.8827748360072696
0.0,0.7288895531310717,0.605754725108063,0.6364695231833645,0.4915795364176138,0.7392767648249549,0.6767701260911737,0.8278529694549224,0.8833824330015678,0.3850362290046143,0.5932183241050552,0.8544582968795561
0.0,0.7405470034374532,0.5966948668021526,0.628827547667244,0.4893354325035294,0.7353025167067401,0.68913676042677,0.9530729975593524,0.8746893230241715,0.31506224766218105,0.6067634599709493,0.90215108508878
1.0,0.7203706471379463,0.5883544771335371,0.6219095154336354,0.4872240769649155,0.7381745550321483,0.6539767216294856,0.8252348199097705,0.865041096755385,0.2586108732947794,0.5667346229152864,0.9713827881987004
1.0,0.7181288297713346,0.5820837513294069,0.6174488791946351,0.4872174980304396,0.7253217564551369,0.6384578079534433,0.7544190518452782,0.8606649628885201,0.2377725153455347,0.5582141075024853,0.9754761335564596
1.0,0.7069197429382753,0.5758669252530315,0.6198260849119036,0.4895203920073903,0.7056979855687626,0.6268186226964113,0.7356112713556692,0.8562574872527657,0.21275711436046288,0.5500945643765001,0.890476383211236
1.0,0.6734419369302047,0.5758860205768501,0.6311111098038027,0.4857751592862926,0.6990570345244991,0.5686226964112511,0.6560757340433402,0.8521796049752639,0.1808000604998881,0.5533218393064963,0.7218197272028172
1.0,0.6567030339261694,0.5738047369047652,0.6354215213870246,0.4828005914384129,0.695476499878073,0.5834141610087292,0.7007100066563129,0.8514036892617283,0.1723124491739088,0.5912307212411785,0.8827255433682767
1.0,0.6632790315348975,0.5712531991182517,0.6360749666445309,0.4838978915382267,0.6992827690629457,0.5727449078564499,0.693669107314548,0.8484702999452769,0.1487389808408771,0.5843936395829128,0.8847290241631928
1.0,0.6674637572859063,0.5602133551815496,0.6243965886329814,0.4807244548411983,0.6769698895278243,0.5732298739088262,0.6523851786110492,0.8454462041995818,0.12641718800135465,0.5475174605900363,0.931335249119682
1.0,0.6747870273501717,0.5523850220647777,0.6190443811033819,0.4821805148881704,0.6783427163935783,0.5504364694471385,0.5765032172176615,0.8399989993318668,0.09430049317434892,0.5475044127153441,0.9215298687567512
1.0,0.6723957554924525,0.5450244052615485,0.6125848494127988,0.4817022954142239,0.6698503552754894,0.5543161978661492,0.6138451297980918,0.8371562607982048,0.08198909451940589,0.5699026929339495,0.8554715333164777
1.0,0.6327903153489762,0.5399513192342953,0.6107274834742671,0.4770242725693976,0.6689885726373211,0.4852085354025217,0.4292212114488571,0.8350217057710052,0.0704896720786401,0.5021915594353031,0.5836991748454259
1.0,0.6353310416978029,0.5345643133366473,0.6063589070805624,0.4775435183927816,0.6682766724645613,0.4757516973811832,0.3809703424302936,0.8385700291026337,0.08486280859679074,0.476582722861989,0.5874704491725764
1.0,0.6571513973994918,0.5269577793355142,0.5974614649835833,0.4768293282513658,0.6651576725574475,0.5050921435499516,0.4386435914503368,0.8392658506746571,0.08202002779702383,0.4592191909199774,0.6950723660648456
1.0,0.6679121207592288,0.5232929704359011,0.5940012793438382,0.4785864823248325,0.6816337874742331,0.4968477206595538,0.4665113527105982,0.8349270532899362,0.042016122367831865,0.4771991427285857,0.6630290517622774
1.0,0.6761321177701388,0.5162636813818504,0.5844473118771722,0.4791352014813179,0.6695118778979312,0.5368574199806012,0.5732564159455661,0.8339710482938059,0.03675345886348708,0.4908034966691314,0.7838287652474358
0.0,0.6882379315498431,0.5107160105719437,0.5782716176556207,0.481279768159842,0.6750745710738194,0.5198836081474297,0.4273056726573482,0.8311139455407304,0.013448029185500364,0.4636253599953506,0.7803948005983109
1.0,0.6644746674637572,0.4974693539382202,0.5562906990027137,0.4785427836122493,0.6747747204688611,0.4750242483026186,0.3673249020042897,0.8306379964024624,0.01970395269747266,0.47839828701739295,0.5742227671861407
1.0,0.6749364818412793,0.4882769444361657,0.5324707422856375,0.4807121695151649,0.6743103219294005,0.4483511154219205,0.30201908142888834,0.8299561332870204,0.0,0.489900365185132,0.4548690768135429
1.0,0.6710506650724853,0.4805643434322424,0.5048624007911344,0.4803874806633411,0.6775463461268949,0.4345295829291949,0.2515124620959988,0.8333949697766576,0.010952593130705124,0.5098384693197302,0.3312960859610222
1.0,0.6901808399342401,0.4765550481544811,0.4869164203560336,0.483031213469215,0.6774116888188749,0.4692046556741028,0.1561570889727088,0.8392476771894204,0.0351752625898471,0.5275275249401644,0.29006031562422474
1.0,0.6712001195635927,0.4668072516401143,0.467808941265696,0.4809367858792198,0.6758788313518889,0.4258001939864208,0.0,0.8454555801739461,0.06043861289644802,0.4532209385115417,0.03703982874544067
1.0,0.7061724704827378,0.4572656434761577,0.4540681691140358,0.4828373581895511,0.6750249554690428,0.4296799224054314,0.07221359366910696,0.8559028663829801,0.10755230595308383,0.4363354551575525,0.0009082217973226717
1.0,0.7034822896428038,0.4504443203029322,0.4431051350406409,0.4825383709356524,0.6789337270005459,0.4241028128031038,0.1309814362842982,0.8645243302884129,0.14250466704533832,0.4094945963180941,0.0862495860209112
1.0,0.6827081153788672,0.4501572415798423,0.4449429268092642,0.483152706786154,0.6901676601659232,0.403976721629486,0.07996449966718439,0.8714924588387303,0.1910563831390304,0.4308184462664726,0.045740260129914605
1.0,0.6740397548946346,0.45066850233025496,0.44366346488351416,0.4856434233857133,0.6821974589606203,0.3945198836081476,0.11587900303231975,0.8804721087532108,0.2503516402644739,0.4023566134467396,0.01328732221756342
1.0,0.6850993872365863,0.44808651832187385,0.4386234239431617,0.4872168918923366,0.6855083131713804,0.4148884578079533,0.12881443680201116,0.8886889897829133,0.3047879842281779,0.4078952861010608,0.04418357145160709
0.0,0.7252279180989387,0.4426446835165576,0.4274485104864979,0.4894485388702429,0.6840357616977651,0.4644762366634334,0.13382885881221795,0.8979944140117571,0.34813892122925083,0.410182159107548,0.06113135743541754
0.0,0.7517560902705126,0.4364765940084872,0.4196170560033155,0.4897236277221461,0.7493503414441883,0.4966491144088081,0.1684860587234676,0.907676921446104,0.3893197828435302,0.4265211788022129,0.10060926584359263
0.0,0.8750560454341653,0.4331173202005227,0.41962614543251975,0.5060873831591859,0.7508598699253984,0.6986596457635231,0.2071592337844831,0.91460482992724,0.4100124390849291,0.3964688224632563,0.1780092551233719
0.0,0.8493498729636826,0.4303938743100684,0.4234659293976701,0.5061917056745806,0.6889136694687733,0.6716132120631881,0.19076991346793928,0.920137918157129,0.4138841267096592,0.3733479584156051,0.036448748414301714
0.0,0.9086833059333432,0.4307173632751367,0.4327027772982834,0.5130427957264486,0.6907065577865401,0.7884155098133079,0.2889505214111381,0.929280400833388,0.4502574690089365,0.3759303420394178,0.17973777348777348
0.0,0.9113734867732776,0.4344904836260604,0.4452652079209877,0.5121102737772523,0.7117281329358969,0.8197702249880325,0.33863619554766605,0.9353244032554956,0.4756162816417734,0.4060632860863012,0.3299549549549543
0.0,0.9231803915707668,0.43552712319634995,0.4560280960550316,0.5107744082344773,0.7204692983930739,0.9023456199138344,0.3381480659714513,0.9383504048901591,0.5108852909125837,0.4050355454066487,0.3069095881595875
0.0,0.91944402929308,0.43045158968206376,0.4525903417342313,0.5140051867161274,0.7079902824440788,0.8992340832934417,0.3433325937430667,0.9423097861275632,0.5318405175834011,0.4086371047375167,0.2005509974259981
0.0,0.8946345837692422,0.4207320895877991,0.4435403126005992,0.5120289074893557,0.7280984266973779,0.8456199138343705,0.2669846904814732,0.9478640005749116,0.5713986829908555,0.35935914387148205,0.025619369369370724
0.0,0.9094305783888806,0.4101306198873531,0.42733043564769296,0.5129248941025732,0.7162147442007819,0.8922929631402584,0.446490644183122,0.9584673569295374,0.6354690214293552,0.4751096556358057,0.2700783421784172
0.0,0.8865640412494395,0.39969841326162303,0.4160701074441083,0.5110722938959422,0.7298911482972724,0.8429870751555768,0.4447008357370017,0.9619795705381846,0.6693595860920043,0.4733131311011958,0.2508264570372482
1.0,0.9007622179046482,0.3868094133291429,0.4000425635658035,0.5092054924694512,0.7166439024290867,0.8611775969363332,0.4887064566230309,0.9671294106476818,0.7111562743743107,0.4756605572517622,0.07945729568882845
1.0,0.9142131221043192,0.3712867526671486,0.3824471994156796,0.5072485582759615,0.7475318718387536,0.8769746290090953,0.4855705938909846,0.9713214118514396,0.7628789460077359,0.4723610716342165,0.15756845796875402
0.0,0.9798236437004932,0.3550472128737692,0.3638905629413806,0.5123259395933273,0.6698246015377793,0.9499760651029201,0.5866577915834625,0.9752402612925511,0.8135532733047379,0.5566430795231213,0.5391184573002739
0.0,1.0,0.34315496673533463,0.35559153798787524,0.5112244162719678,0.6730543965773896,0.9748683580660604,0.6574735596479548,0.9750037360267972,0.8394348380337244,0.6231579688263259,0.7759543486816206
0.0,0.9391720221192646,0.334194773749394,0.3547185480190048,0.5061142521546229,0.7635953361517014,0.9234083293441836,0.618038606611937,0.9713988690818188,0.8250225646647342,0.6113639347127645,0.6941106400868854
0.0,0.9284112987595275,0.3264896727036253,0.3608624477315706,0.5051254197392329,0.7391912327629572,0.943598702271026,0.6686709562902153,0.969118865965172,0.8176933839555965,0.6602203586592442,0.6614231160004196
0.0,0.9279629352862052,0.3111696548092757,0.35205429752318024,0.5052549669393902,0.0,0.9376091839281258,0.713578877301975,0.9646939848200328,0.7929329454279495,0.6961903104313172,0.8513124721933852
1.0,0.959198923927664,0.3003467585320605,0.34999306155269994,0.5058300984877954,0.7938188070478758,0.9655602695283256,0.7708453516751724,0.95858638457363,0.7724165449227303,0.7357706982580559,0.8047802500196558
1.0,0.926169481392916,0.2875125826890708,0.3405234468788744,0.5039519741705484,0.7954119438496623,0.9503369104067884,0.8204200872716518,0.9527090715633622,0.7515679650025702,0.7237981299003231,0.8399103040429139
1.0,0.9133163951576744,0.2779767616979543,0.332208509949677,0.503277391260707,0.0,0.9111554779136509,0.8268619184971522,0.948652425308146,0.7474753709964279,0.6852986038760843,0.867078379314325
0.0,0.9375280227170826,0.2681666100809559,0.32527441402715856,0.5062152927398678,0.8033774118809721,0.9550786124282508,0.8073663190592409,0.9445955063348932,0.7393558643255029,0.628954903970663,0.9296988990582298
0.0,0.9166043939620384,0.2526972605803777,0.3079418718434966,0.5060392169571563,0.8522180256890555,0.968527918781726,0.8225057318245693,0.9396890701685016,0.7347119258130155,0.6383583639466672,0.9797005939305192
1.0,0.8825287699895381,0.2421066798595741,0.2995967486208083,0.5045638221737982,0.7631697951234796,0.983804475853946,0.7601360846091261,0.935454382072444,0.7502002745064351,0.6232223505963187,0.8838075810245403
1.0,0.8227469735465551,0.2332400176418039,0.29032116638052297,0.4994752514430056,0.8057542498667002,0.9225559481743228,0.6648546705125362,0.9312307901631836,0.7570928333860463,0.5337027713136232,0.8809766657646587
1.0,0.7922582573606336,0.2360133931472621,0.30133432020582684,0.498499779948428,0.6427821458082973,0.8987043580683156,0.7661637452851127,0.9271285400807516,0.7668124868874411,0.5457876060810919,0.8966299619075376
1.0,0.6416081303243163,0.23422562165740946,0.3082177765972376,0.4823667406309526,0.5359931342503571,0.7834645669291339,0.7417942459877228,0.9190532726794192,0.7337204207802088,0.5753120792485822,0.9984071133089248
1.0,0.4416380212225377,0.2391040466413008,0.3241262997913573,0.4525422510505437,0.5187405974598007,0.3085182534001431,0.7234524073663189,0.9130318330052992,0.7265570214615833,0.566523466788941,0.951028817454238
1.0,0.4045733074278882,0.2439675619822954,0.3328850501849833,0.4499791762171106,0.520024335090139,0.300286327845383,0.7308039346202206,0.9070424114215332,0.7104099089981188,0.5740219342627292,1.0
1.0,0.3997907637124495,0.2494006683198449,0.3427197035484665,0.44896877503643895,0.5213087654907013,0.2627057981388689,0.7444937504622443,0.9006595985613328,0.6949860362815032,0.5830675169226079,0.9333352229245216
1.0,0.40277985353459866,0.2479978740600659,0.3438660420648683,0.4495433493668815,0.5266143028383733,0.2780959198282032,0.7426891502107833,0.8947728562089696,0.6888081236410104,0.5807904778551318,0.9813017960893028
1.0,0.4256463906740397,0.2568766121887811,0.3670974058207602,0.44984380024957893,0.5320353480185284,0.3178239083750893,0.7303601804600252,0.8890208702303108,0.6853363033573627,0.5746729632740272,0.9100743337160808
0.0,0.3839485876550589,0.26521159042072995,0.3923688654670533,0.4432189212438424,0.5355461090364629,0.3292770221904079,0.7643221655203019,0.8822572588595003,0.6735033990550527,0.5524728126281357,0.9902909904868488
0.0,0.3840980421461664,0.27144456806070005,0.4147329451456024,0.4432895577949801,0.5385385313752963,0.3375089477451682,0.8203757118556321,0.8741773368154366,0.6324712416038769,0.5829905688356279,0.9531652580124736
0.0,0.4002391271857719,0.2709496047733224,0.4232419019759758,0.4459185326475857,0.5337550124209509,0.332856120257695,0.7930404555876052,0.8665053140425802,0.6031238902059971,0.6206796875431759,0.8918802075145426
0.0,0.3875354954416379,0.2688907841094577,0.42306289565095306,0.4475672949007793,0.5375472977323962,0.32641374373657833,0.7806301309074775,0.8616540041520422,0.595967828955443,0.604200032592397,0.9369595975475556
0.0,0.3988940367658048,0.2753396976076359,0.4338689264234841,0.4457535337843989,0.5332490541431502,0.3410880458124554,0.6876266548332226,0.8555755407754102,0.6021609191287939,0.5859200167891484,0.9704022569191108
0.0,0.3667613211777013,0.28175037439433925,0.4443304705725541,0.44443545622968494,0.5282760469597229,0.3310665712240516,0.6708897270911915,0.8514465848677804,0.6144179052108758,0.622570703738807,0.9316357799503854
1.0,0.3441936930204753,0.2899538347630357,0.4609750414593157,0.4444235293943748,0.5276829208248575,0.30314960629921256,0.5838769321795722,0.8461853456884032,0.6188271144012567,0.6123009738423506,0.6840799649788403
1.0,0.3337318786429532,0.2935742896599152,0.465488260016784,0.446333947607508,0.5289249730550576,0.2859699355762346,0.5562088602913983,0.8442159964577078,0.6497263651555003,0.5921101929412425,0.5251228172576485
1.0,0.3385144223583917,0.2990907070319193,0.4722178369059413,0.4471609130475194,0.5347638496852272,0.29885468861846803,0.5484283706826418,0.8446077320928074,0.679297805871445,0.6341072507452844,0.5130113332360532
1.0,0.3347780600807053,0.3055999049048204,0.4784326675719115,0.4469570338762332,0.5241983847120654,0.3378668575518969,0.5671178167295315,0.8459205816643038,0.7065752197495309,0.6502409881771394,0.65491998638066
1.0,0.3048871618592137,0.3016377747962635,0.4666478843105842,0.44556173330854576,0.5299643140269958,0.2891911238367931,0.5340803195029956,0.8447595283257596,0.7173942151001944,0.6717813023515972,0.5833211732088142
1.0,0.3622776864444776,0.291578722355593,0.4461705954705992,0.4511658742955329,0.5349147995487624,0.2956335003579097,0.5745506989128029,0.8431337143024984,0.7434268879578344,0.6573904725117052,0.6496181720900832
0.0,0.3935136750859363,0.2828048413584021,0.4155854904657595,0.4525937326221176,0.5294326455150992,0.32963493199713684,0.7131499149471191,0.8405364801847419,0.774798004167746,0.7426625532006522,0.959628386594678
0.0,0.36616350321327146,0.28511106493522265,0.4158264017401716,0.4519119039518221,0.5266158135171932,0.3078024337866856,0.5955180829820281,0.8328772745362567,0.7568378501405033,0.6925557354826936,0.8860370296103192
1.0,0.3545060529068897,0.2932124968405221,0.42519000227764814,0.4537874560459042,0.5262777800370724,0.3010021474588403,0.6255380519192371,0.8304208940963862,0.7626891938005433,0.6811072320139945,0.9600628300247316
0.0,0.3395606037961441,0.29929084560556696,0.40738353264718896,0.4552200553445235,0.52578148323524,0.2959914101646384,0.5983433178019376,0.8260905752781096,0.7592585837042689,0.7017671872999766,0.8817749492971524
1.0,0.3296966073830518,0.30745116175770537,0.3770918992524488,0.457370405735046,0.5431534761373633,0.2877594846098783,0.6128097034243032,0.822833058849679,0.7759377750307401,0.6728157387538778,0.9362141408287464
1.0,0.2921835301150798,0.31098540889047577,0.3347200629392503,0.4549938904141778,0.5437837325188254,0.2448103078024337,0.5701575327268694,0.8190197301552955,0.7847695360901157,0.6312405310887711,0.7672060753051562
1.0,0.30533552533253616,0.31386728424708243,0.3319551474352769,0.4570302877492599,0.5341834229145183,0.24445239799570506,0.5707196213297836,0.8161105788631888,0.7804093036528299,0.6320004920234938,0.7905848674008985
1.0,0.29771334628605595,0.30860194052219736,0.3101194005744335,0.4555966677973873,0.5397857937928854,0.2247673586256264,0.6213297833000516,0.8129332774717672,0.7790900962639051,0.6822286083862201,0.7314222098524905
1.0,0.31534897623673586,0.30174345034395195,0.29210713544468625,0.4581908378856305,0.5307126274254214,0.2072297780959198,0.6085644552917681,0.8094334309754299,0.7703770670617154,0.6713719465247588,0.6533736233151753
1.0,0.3265580630697952,0.30225916080477155,0.282019728974896,0.4596730383880257,0.5411467491907505,0.17788117394416605,0.5488869166481769,0.8089868413648118,0.8059440346547709,0.6071071068235205,0.3633258618849397
1.0,0.29487371095501397,0.30586740389706435,0.29147609430375154,0.4553433428291098,0.5388485420026151,0.19577666428060125,0.4929738924635749,0.8108468727976899,0.8513247668957573,0.52829349904442,0.3682712491550128
1.0,0.3159467942011656,0.3064347935934837,0.2923601025683391,0.45508247159962395,0.5373033385843067,0.22333571939871136,0.5655129058501587,0.8130328089626107,0.9062476357432052,0.569397939384487,0.5095883587718352
1.0,0.3429980570916156,0.3113178294899335,0.3013296148892967,0.4591262447836656,0.5382000259782805,0.1925554760200428,0.6181051697359664,0.8117741825237106,0.9504725168740636,0.5930165694712118,0.6802220087522673
1.0,0.27574353609325963,0.320169100127889,0.31443053089241385,0.4533987137732095,0.5411186121558242,0.18682891911238364,0.6554322905110566,0.8088814027625209,0.9609695721602602,0.5826900991314816,0.7125630571487787
0.0,0.27111044686892843,0.3405873090866014,0.34753850360368765,0.4529722909996669,0.5376418462137589,0.2018611309949893,0.7017528289327717,0.8051359488162293,0.9653627082654632,0.5819447703814165,0.7861860908224834
1.0,0.2373337318786429,0.3456383672382888,0.354514619203405,0.4515948104477074,0.5334084611702394,0.17287043664996415,0.7108128097034248,0.7992627639742649,0.9304957851268424,0.5901282507606921,0.7383639509020521
1.0,0.2509340905694216,0.350070991501692,0.36114607083856815,0.4533979909549795,0.5335574093364986,0.16034359341445945,0.7999186450706313,0.7954739546740901,0.9389621822957824,0.6028244236154822,0.7998795798675384
1.0,0.2458526378717681,0.35395329751554305,0.3624608810549231,0.4564135027989567,0.5361938933522904,0.15998568360773086,0.7876636343465724,0.7921003899311554,0.9563260911480138,0.5733965259571362,0.8835617845913568
1.0,0.2271708264833357,0.3582916153535609,0.3655605905214278,0.4576698776206502,0.5378977857354765,0.15855404438081605,0.7625101693661709,0.7877437891863956,0.9969462185040529,0.5272149503642243,0.9148599494461678
1.0,0.2457031833806605,0.3633709411967137,0.3620039422932267,0.4567137295778839,0.5235699101526964,0.16320687186828906,0.81213667628134,0.7799557882082382,1.0,0.5581244195644273,1.0
1.0,0.2258257360633686,0.3660353076348972,0.36008323549569204,0.457170559145662,0.5273012279776189,0.13564781675017892,0.8544782190666376,0.7714321997123585,0.981718252016592,0.583751933567645,0.8772865527138758
1.0,0.2219399192945747,0.3730223659057974,0.3642346110100185,0.4567316493777362,0.5365502549562607,0.13922691481746602,0.8740551734339176,0.7670314138677989,0.9575960168657374,0.613947009105651,0.9504410212370052
1.0,0.21043192347930045,0.376773951859684,0.36802364758311945,0.4585482735513523,0.5312449999122764,0.12347888332140285,0.7888617705790995,0.7616542934730803,0.9250367284863056,0.5573360206626112,0.9559843400447432
1.0,0.2193991929457478,0.3798169592080538,0.3697925266505784,0.4598313725081647,0.5278202105401584,0.12240515390121673,0.8516012129280381,0.756325821948107,0.9077656822167957,0.5330125410979605,0.95909768829232
1.0,0.2131221043192348,0.3818837679230036,0.3688938546091863,0.4623325887941426,0.5272202375065123,0.10773085182533997,0.8640115376081652,0.7486278126108361,0.8637121442328562,0.5393669653842977,0.9592917362975756
1.0,0.2138693767747721,0.38650451203325975,0.3765998200496854,0.4587533015652738,0.5272556312769779,0.10844667143879748,0.8499223430219658,0.7412936716016005,0.8288301003609693,0.5829639819407041,0.9445706667668092
1.0,0.21147810491705266,0.3833053551677987,0.3626406033612235,0.4584910383566354,0.5304064946871435,0.11095204008589817,0.8843354781451074,0.7349592284097948,0.7969430607377048,0.5448887782496776,0.9847683274228232
1.0,0.2419668211029741,0.3803367638656496,0.3517914137693494,0.4625414752566153,0.5147355803013912,0.08124552612741576,0.7832260927446199,0.7272739503101866,0.7740954592870397,0.5310378322515632,0.8373561792821846
1.0,0.23314900612763395,0.376507840561636,0.3282781556723566,0.4645692314474222,0.540014985017876,0.06191839656406575,0.7847348568892836,0.7223695172356823,0.7802109998505571,0.5318526072391608,0.8328340552195239
1.0,0.23957554924525465,0.380795458740951,0.3295886758392039,0.4619237975564138,0.5130407312428281,0.07122405153901201,0.7957547518674658,0.7150142981080749,0.7745053560174604,0.5375803261028925,0.8116926482092777
1.0,0.2476460917650576,0.3875760720504937,0.3327186051810355,0.4633128524835273,0.5261673090574229,0.09090909090909087,0.9046372309740408,0.7071164467757621,0.7370156060807775,0.5643058236249588,0.9585948978228932
1.0,0.2271708264833357,0.3951510903298119,0.3455092014406788,0.4639663509763319,1.0,0.07766642806012866,0.8748613268249394,0.6949194804357028,0.6741932421714039,0.5530704776593676,0.9824309721652952
1.0,0.20863846958601096,0.4017597635060017,0.35345942782928896,0.4641725018881271,0.6150336155939597,0.040443808160343424,0.8979809185711116,0.6823138580319159,0.5671689739667771,0.5646605876845664,0.993641640571298
1.0,0.21401883126587945,0.4059139671607301,0.36117569831134605,0.4649244276547933,0.4935263114687581,0.03758052970651386,0.9845203757118558,0.6725138654778648,0.5167147170918793,0.6036185309034658,0.9712132279699844
1.0,0.2140188312658796,0.4075562791312466,0.3697664221175613,0.4648571418747645,0.4953632452411392,0.034359341445955656,0.8161896309444565,0.6630622474172148,0.4696198548321775,0.5124633293131329,0.962203860305984
1.0,0.2347930055298161,0.40725717222408697,0.3764920518039668,0.464531424130446,0.6275027689276217,0.05762347888332139,0.8031876340507358,0.6574659664555011,0.4727883923082806,0.5082963553221135,0.9848906208484638
1.0,0.2409206396652219,0.4078848700851641,0.3887208992122405,0.464951193316825,0.5713482811760041,0.030064423765211037,0.7343317801937725,0.6495661192653437,0.4553438322773919,0.4808275601150728,0.8
0.0,0.2540726348826782,0.41127235041272936,0.3819991053023888,0.4674400255389963,0.5388340348136323,0.07444523979957045,0.7708083721618224,0.6448676195969316,0.4396736675124479,0.5089784232221323,0.8900516913031652
0.0,0.2615453594380509,0.41672258150113217,0.3831911976892757,0.4688195134360205,0.6177125830338432,0.09806728704366482,0.8330227054211969,0.6352369636452586,0.4073283242858366,0.4950439065982821,0.9793597533327294
0.0,0.25780899716036465,0.4221118340966053,0.3750376943370925,0.4679455853127005,0.569154936676681,0.0805297065139585,0.9046963981954,0.6242545259812617,0.3546704965599685,0.5306200806673516,0.983891658114646
0.0,0.26573008518905983,0.4263783473080287,0.3776788760638961,0.4695358784567887,0.5700736669446156,0.11488904795991416,0.7578729383921305,0.6167622577097298,0.3296019351605704,0.4971696802356238,0.7811755509231684
0.0,0.3084740696457928,0.43149993232617145,0.3765654838890178,0.4729167269590184,0.5612700525806017,0.20508231925554748,0.6994674950077657,0.6170666911629206,0.3425946631016312,0.4532293035576046,0.786982578916021
0.0,0.3199820654610672,0.4340597448995562,0.3726837206187463,0.4749180875680229,0.5845375114954222,0.2401574803149607,0.7362473189852822,0.6178857213472506,0.3424877869187598,0.4754140561893678,0.9670562835020842
0.0,0.31400388581676875,0.4395371305694016,0.3851927644139359,0.4737951283026447,0.5669397763069157,0.22226198997852545,0.5894904223060425,0.6132602937095553,0.2987735330689682,0.4468572987343766,0.9601777699551176
0.0,0.30832461515468546,0.44299422290059903,0.3923622010796151,0.4731835112946294,0.5346645978741844,0.2401574803149607,0.5890318763405075,0.6121686292351649,0.2928050813576341,0.4469243428916176,0.9050779510022272
0.0,0.32446570019429066,0.4464117790649445,0.40349113244609697,0.4720374541106343,0.5282200862441605,0.25662133142448085,0.5354929369129501,0.6111303390701976,0.3036599262867288,0.4185667279781891,0.9300445434298444
0.0,0.3488267822448063,0.44775576810664,0.40738434981364746,0.472303356360674,0.5331697593355548,0.31281317108088746,0.4436358257525331,0.6103766447847874,0.3287090374246249,0.4258950706479193,0.8232770883942837
0.0,0.3488267822448063,0.4499902287691846,0.4122084426875337,0.4723593525054744,0.5365310841535381,0.3199713672154617,0.4760150876414465,0.6090479232256021,0.3047205125114624,0.4406289133486939,0.8384339136544614
0.0,0.3389627858317141,0.4531960392203178,0.4196915821694584,0.4706266150834338,0.5347979607971012,0.29491768074445224,0.5112417720582796,0.6039779595566563,0.24493082083815004,0.457308940901581,0.7979168621563288
0.0,0.3313406067852337,0.4536245496821021,0.4160807114284992,0.4731443750717801,0.5344546918298237,0.2881173944166069,0.5054359884623918,0.5975368616077403,0.16353532178382027,0.4545951107433999,0.749160176409871
0.0,0.3355253325362428,0.4569778745980093,0.42219187864119856,0.4735663002354296,0.5346258137847115,0.2644953471725125,0.4855927815989942,0.5944928160487617,0.1391766879082536,0.44483597019264093,0.6173594820305899
1.0,0.3280526079808697,0.4590361473383524,0.4146814351991567,0.4726531810259845,0.5343681549055982,0.2820329277022189,0.3702906589749277,0.5936033513222354,0.1428485156942838,0.4445954196707744,0.5833911982734351
1.0,0.3341802421162755,0.4627233225405827,0.4127242260386577,0.4699124217919801,0.536823701791258,0.2877594846098783,0.3334368759707121,0.5971903389877982,0.1855177773398051,0.4247663594191852,0.4812799099183637
1.0,0.3250635181587207,0.4632932659492317,0.4019491054390512,0.4681768319667313,0.5264314481157243,0.2555476020042949,0.09010428222764556,0.5991816563492591,0.18823969347952152,0.3530415974934084,0.14768271219933976
0.0,0.3524136900313853,0.4674790505819702,0.4121626774242427,0.4689623525647626,0.5303633212245292,0.3163922691481745,0.2834109903113675,0.6071203277230974,0.2265357764330248,0.3919198943865884,0.401064709380757
0.0,0.33119115229412643,0.4740181219987605,0.4277773988818891,0.4693648866126622,0.5307856968861818,0.29885468861846803,0.3134235633459063,0.6067192613698198,0.2293892681090463,0.4086907176547804,0.3682530933143797
0.0,0.3169929756389179,0.4816925063234168,0.4454445462172034,0.470999774176793,0.5582420324244282,0.29527559055118113,0.267176983950891,0.6065614444501006,0.24945968211772346,0.4359746232685392,0.3365729122847736
1.0,0.30354207143924683,0.4920121630612235,0.4537898135253655,0.4723934863477156,0.562261473471826,0.2695060844667144,0.3460468900229274,0.6086492484621975,0.2633254843543303,0.4306056966362977,0.3370515963387923
0.0,0.27380062770886265,0.4997170648679004,0.4566773271332496,0.4719557334014322,0.6032870346172173,0.2648532569792412,0.31884476000295825,0.6086633298410613,0.2319569387681427,0.4650454058630686,0.2864561423867476
1.0,0.2428635480496188,0.5092200195387657,0.4646145653721216,0.4659010352280725,0.5574747222249425,0.1821760916249104,0.23359218992678046,0.6121933629080699,0.23141064220387844,0.4021409561916625,0.002117313785903468
1.0,0.2492900911672396,0.5125810407022908,0.4592053320816149,0.4673847341604133,0.5378733998533746,0.22512526843235506,0.28338140670068784,0.6220990870305123,0.230466103257186,0.4243841225639508,0.02091396975117926
1.0,0.2836646241219548,0.5121597458826193,0.4583194439894963,0.46922865623832,0.5381427856226465,0.27952755905511795,0.3807410694475261,0.6319376923965894,0.25702330183140554,0.4294914113646137,0.08375625572707363
0.0,0.3102675235390822,0.5083955300496497,0.4530315383637923,0.4696705679666069,0.5426084881714728,0.2909806728704365,0.3949633902817839,0.6416987176336735,0.2747716734936171,0.4372514644957389,0.046088991084755136
0.0,0.3295471528919444,0.5072241177236663,0.4585330520734791,0.4691080445335383,0.5430260662755371,0.3299928418038654,0.3688558538569631,0.6517141989117088,0.327495680114992,0.4269861141844147,0.12978102189780946
0.0,0.3141533403078762,0.5078850566973041,0.4594514468040982,0.4701953787332588,0.5411980898542751,0.30207587687902643,0.3349530360180457,0.6566438094747775,0.3370472867308489,0.4560946712659299,0.0581995133819942
0.0,0.33253624271409343,0.5081107543985195,0.4597740473584408,0.4694379740419965,0.5432471082069001,0.3242662848962061,0.4831373419125807,0.6608862865866267,0.3300213485399396,0.4905655001739478,0.25577517288734153
0.0,0.34703332835151696,0.5084214325068954,0.4692434319799118,0.4680517889673829,0.5425536880063296,0.3410880458124554,0.539997041638932,0.6613114919002092,0.32017349182169696,0.5226190050732307,0.4588013144342538
0.0,0.3356747870273501,0.5115019307384077,0.4815809877977605,0.4699359703415468,0.5416684627076062,0.3278453829634931,0.569255232601139,0.6630380124654864,0.3425288043185037,0.4888779390122708,0.4823924665260678
1.0,0.3228217007921088,0.5109221395262091,0.48912436131183296,0.4716023269771314,0.5443101467856097,0.3146027201145311,0.4277864063308928,0.6654700038201964,0.3883621069149139,0.4624812165557535,0.3547746333807445
0.0,0.3498729636825587,0.5095749190722838,0.4856996534033671,0.47581268704343793,0.5495300740643074,0.3106657122405154,0.3530064344353228,0.67110889989593,0.43159646236747257,0.4772682396788946,0.3103143852077098
1.0,0.3307427888208041,0.5092675733807129,0.485467442560577,0.4760812537566298,0.5497447516554393,0.26592698639942736,0.3130315805044004,0.6746222955638121,0.436514948647556,0.504931092296189,0.20388444749619852
1.0,0.3341802421162756,0.5109834005954594,0.4822983314371805,0.4769473013798061,0.5491800695149047,0.30601288475304217,0.4712817099326974,0.6779826890573066,0.4167120884964091,0.5348319248785527,0.5418117612438078
0.0,0.3642205948288746,0.507890746696591,0.4736100675768409,0.4780681654889876,0.5658533334356413,0.32820329277022176,0.5070408993417647,0.6764591599476497,0.3672679921608518,0.553765614095265,0.5305802148217177
0.0,0.4089074876700044,0.5000995445612948,0.4518147459027063,0.4816068229864129,0.5557078903665515,0.3786685755189692,0.6209082168478667,0.6767320548084619,0.3474003537593604,0.6163593494635969,0.9431065770758748
0.0,0.4063667613211776,0.4764079450757772,0.4009165603211512,0.4810703715370466,0.5608040859614853,0.3471725125268431,0.5309740403816287,0.6699100889604503,0.2785585727787563,0.6161541998903295,0.8336486523539258
0.0,0.5082947242564638,0.4536236626989178,0.3542973012875563,0.4989167439715814,0.5620136206461556,0.3418038654259126,0.5677316766511352,0.6641091528804881,0.21580529297304074,0.636159786685982,0.6603602862548338
1.0,0.5070990883276042,0.4257612667434074,0.3075421292620243,0.4989224744511482,0.5804998423599442,0.2895490336435217,0.6595222246875232,0.6578827351003679,0.14419606073331115,0.6363497960098807,0.7719283814537592
1.0,0.5275743536093259,0.4273885682343193,0.31532857316735863,0.5028488218511709,0.5796306166062996,0.2508947745168217,0.6368685748095555,0.6521540232102141,0.0967627269950655,0.6272346175281759,0.4805077311108677
1.0,0.4754147362128232,0.4328786814160974,0.32429871016968065,0.4936063936117182,0.5612080155376595,0.25662133142448085,0.5993861400783964,0.6524884324603881,0.0877539611519384,0.6034555589794611,0.5586429193233423
1.0,0.4695860110596322,0.4431098464874608,0.3317223399863843,0.4926458165769079,0.5700825183737057,0.2394416607015032,0.4684342874047779,0.6522092833787636,0.07750306870218943,0.5826656712083741,0.3793614568383416
1.0,0.4813929158571215,0.44374425205070267,0.3267713798780837,0.4909247962569932,0.5668676192653184,0.2401574803149607,0.5679535537312329,0.6577297671660916,0.10495978766129266,0.584011860980483,0.4123473637155032
1.0,0.4755641907039306,0.4457052225735976,0.34443788355863103,0.493674976073204,0.5762393499671362,0.227630637079456,0.3734708971229935,0.6607320120240441,0.10412336289834184,0.5464276266869319,0.29576735759828743
1.0,0.4691376475863099,0.4476017164798005,0.3689667006247886,0.4962752876555643,0.5801825529535007,0.22691481746599845,0.3964055913024183,0.6683663353416059,0.1347987441294703,0.5050873379371815,0.3611509775780535
0.0,0.4966372739500822,0.44571652478157775,0.3870420694246857,0.4972301464576034,0.5747384392340675,0.2619899785254116,0.5242807484653502,0.6725011287138489,0.1362694312692771,0.5129859314336837,0.7154083241182984
0.0,0.5097892691675384,0.4429812226966856,0.3835586132441359,0.4995803758792286,0.5840935049790091,0.24445239799570506,0.515723689076252,0.6729056280213173,0.1385946334173953,0.5087659398299347,0.7540408912312082
1.0,0.4840830966970557,0.4425250134895795,0.3795973586327082,0.4989435095058013,0.5898377299036602,0.1925554760200428,0.3602026477331555,0.6731176964178556,0.13928591175342284,0.4820840402208539,0.4793308707620642
1.0,0.4885667314302794,0.4470296334903328,0.3786195959656491,0.4960095598487202,0.5884329423020822,0.20042949176807426,0.3624731898528216,0.6755633605875444,0.1490153282671242,0.4831373803774273,0.4774311090867688
1.0,0.4905096398146764,0.4506397159538023,0.3822037573034718,0.496329362188149,0.5955059754430159,0.2122405153901217,0.4305672657347829,0.6772902507835981,0.13476436148106047,0.5188992294050627,0.409246185379185
0.0,0.5242863548049618,0.4555543313894748,0.39092657821066296,0.4983651566042557,0.6069662709813318,0.2920544022906227,0.5023223134383551,0.6784221070993364,0.11108832905872773,0.5519389104124685,0.7263493509451144
0.0,0.5375878045135255,0.45943647448293,0.3984111991988903,0.5005052593881185,0.5605884820025686,0.3396564065855403,0.6270468160639004,0.6774364337762253,0.09137381834122517,0.5630699853285388,0.9153268048280568
0.0,0.6120161410850395,0.4658958402846243,0.4088167725149002,0.5123094964858425,0.5380333934813241,0.5243378668575519,0.6114488573330377,0.6747298351534898,0.07386872241973974,0.5543604067316535,0.9395809610567064
0.0,0.6015543267075176,0.4681859583586308,0.4192234703891903,0.510142049383162,0.5588785041099217,0.5393700787401575,0.4367206567561568,0.6729348043928223,0.06503604856889439,0.5234290990187134,0.7661125028467315
0.0,0.6028994171274846,0.4671667545358025,0.4261892702978562,0.5104291121946336,0.5632003749985882,0.5336435218324981,0.3859034095111308,0.6745607266558578,0.06895431501044152,0.5498057387515051,0.6126564222265446
0.0,0.6156030488716184,0.462088858792479,0.4197596276057396,0.512653431573059,0.5384786873710593,0.5286327845382962,0.3576288736040233,0.6764620391574674,0.06804198004250689,0.5388785840046598,0.5945325292543635
0.0,0.6271110446868928,0.4573083110607015,0.4173986509193925,0.5108400086256213,0.5815192108427939,0.5422333571939871,0.3421492493158791,0.6792108628774765,0.0695620352553436,0.5336975679219442,0.5822934928328343
1.0,0.6169481392915857,0.4539619996785254,0.4061694704384916,0.5094514502486684,0.5711880346124493,0.5128847530422334,0.1942755713334809,0.6795819826548826,0.04404451510131169,0.5153297546706406,0.35770954409412725
1.0,0.6271110446868928,0.4521936670258393,0.4030258348698097,0.5074379690681792,0.5866695057815449,0.5232641374373658,0.14586938835884894,0.6836360316441865,0.030404343469022318,0.4796945850023571,0.2106329188781623
1.0,0.6111194141383948,0.4502679228733637,0.3885881743465301,0.5088031892667069,0.5858922335346556,0.4871152469577666,0.07951334960431877,0.6896142810268633,0.02769496526390114,0.4851058356052829,0.09836669170385423
1.0,0.6178448662382303,0.44974679651245575,0.3849776509731828,0.5062060058266207,0.5751969429370799,0.4982104509663563,0.1177723541158201,0.6990530845236662,0.04412824712316349,0.5000298656309519,0.10256126482213493
1.0,0.6292034075623971,0.4486683620019303,0.3787538443561088,0.5043465529370683,0.5437159832383691,0.5239799570508232,0.20804674210487376,0.7070320535490724,0.058842388134596864,0.4865803075399328,0.2091458972230224
1.0,0.6218801374981318,0.4470986267383013,0.3768498063220999,0.5033305526704335,0.5788879433889089,0.5032211882605582,0.1326529102877001,0.7123609279533556,0.06260305017628638,0.4070222563412821,0.004913505362498248
0.0,0.681064115976685,0.4447442898419641,0.3751914549617939,0.509095866934153,0.5814104195277199,0.6377952755905509,0.2762443606242145,0.7233778029388434,0.10807448034652156,0.4778783118057048,0.2316228601960505
0.0,0.6834553878344044,0.4422666201244958,0.3751424486980408,0.5096732954886513,0.5768857727696247,0.628489620615605,0.2562162561940682,0.7278127812147093,0.13237383638474026,0.5229170226109794,0.19765116378026487
0.0,0.6647735764459721,0.4416880057022259,0.37642818640943787,0.5103087256004626,0.5727292270200248,0.6012884753042232,0.24794024110642696,0.7328316256930241,0.15962395044063155,0.5120366383760219,0.1501425471256546
0.0,0.6546106710506651,0.4424447576548043,0.38061673810090735,0.5121583098927067,0.5829675090084754,0.5937723693629207,0.2575918940906732,0.7378498851603803,0.17951635966517626,0.5179455333924333,0.20969320454448734
0.0,0.6697055746525181,0.4418418135587454,0.3827497519823985,0.5108869158846685,0.5833364733547272,0.6277738010021472,0.3676059463057468,0.7427148199074136,0.1972747064545175,0.5455509299659576,0.4086634611293145
1.0,0.6707517560902706,0.44038898367594026,0.3815638688492263,0.5073331149871559,0.5490916155680121,0.628489620615605,0.3688188743436137,0.7436480395288441,0.19272739031889652,0.546367061078349,0.41470575720182135
1.0,0.6368255866088777,0.4389363137982274,0.3800711766475141,0.5059276523889489,0.5486232511940343,0.5586972083035076,0.3031210709267064,0.7465785661720616,0.2036353209091082,0.4638705909103169,0.15512105867835474
1.0,0.6393663129577044,0.4383353950345121,0.3794490553877185,0.5026250756199486,0.5649095672780827,0.5629921259842522,0.2888469787737593,0.7539551969366722,0.23071288730011086,0.4565867321631771,0.24494702353091385
1.0,0.6402630399043492,0.4348652821772681,0.3749488031823113,0.5010534409647348,0.587822683600255,0.5629921259842522,0.23263072257969056,0.7604614165653432,0.24653115843257886,0.35858006335178344,0.06269945959746448
0.0,0.6873412046031984,0.4302391027689856,0.3708038016231137,0.5051589904451128,0.5963994291014785,0.6503221188260561,0.2973300791361587,0.7702871192963292,0.2781124714429196,0.3915987541857184,0.0010019060651968491
0.0,0.7451800926617844,0.4243298034166457,0.3660456386878913,0.5107818241863632,0.6019028283841358,0.7720114531138151,0.3935581687744992,0.7800570717879289,0.3065640262064282,0.4661115786159439,0.08976798653297308
0.0,0.7587804513525632,0.41788319658875,0.3613446617569845,0.5092627666154567,0.5942219908860971,0.8006442376521119,0.3980400857924709,0.7857062505732109,0.3199551031093827,0.4704673719159299,0.14751518700139055
0.0,0.7678971753101179,0.4097894105431128,0.3539938496021033,0.5070810972508734,0.5967084501783164,0.8106657122405152,0.4495969233044893,0.7911544321218527,0.3256333264497091,0.4763968707627438,0.16492364645996996
0.0,0.7992826184426841,0.403831182720809,0.34925751095410634,0.5086465316406289,0.615067000061547,0.8525411596277737,0.4836032837807851,0.7959143894084619,0.3329209648503891,0.5152819365741238,0.3238399634724033
0.0,0.7921088028695262,0.3983466188952649,0.3476190480286327,0.5067272749521625,0.6264884836843007,0.8618468146027202,0.504171289105836,0.8000429777897291,0.3529764154282741,0.5415338597789385,0.8206152616859803
0.0,0.8016738903004034,0.3941401879692408,0.34364618662266394,0.5081584843027189,0.6250874328851982,0.8872584108804579,0.4484579542933215,0.8016037042470456,0.3731569676592758,0.5229035089995381,0.639603457041182
0.0,0.7967418920938573,0.39306441889254173,0.34729836562598515,0.5078989304798218,0.6112718173374121,0.860415175375805,0.4399822498335921,0.8029643286162005,0.39032412377132375,0.5142162597276443,0.6527116587323821
0.0,0.7580331788970258,0.3926661076101587,0.34974106656702264,0.5039518641179334,0.6259131956795672,0.8400143163922692,0.4471858590340949,0.8036361725132659,0.40826230418491705,0.4732167932418301,0.5805652981225484
1.0,0.7499626363772229,0.3933412776369227,0.3598234871882196,0.506381983057097,0.6266209729081788,0.8285612025769502,0.40378670216699897,0.8035642111333974,0.4150055442827158,0.4733887483111862,0.4633578906552918
1.0,0.7529517261993723,0.3877939433845792,0.35719985759657075,0.5031468250654629,0.6294009567776864,0.8303507516105944,0.40137563789660535,0.8043944744765399,0.4286945768442677,0.4688739686703083,0.3711059619699159
1.0,0.7722313555522342,0.3815798557514953,0.35736261688201065,0.5024821431025722,0.6291493770016673,0.865425912670007,0.4241624140226312,0.8046693482899205,0.4180565040748844,0.4450857736165639,0.441943433005994
0.0,0.7847855328052606,0.3758775353853703,0.34830447652530017,0.5023354263591895,0.618189814025978,0.8954903364352182,0.4717920272169219,0.8035573844149557,0.3914242158695857,0.4550797347940324,0.5296995108315873
0.0,0.7832909878941863,0.371853705591779,0.3392187438087533,0.50189103588177,0.5749584317828105,0.899785254115963,0.5101397825604612,0.8015502136140908,0.35690453632757124,0.5004929661995705,0.4887270587369891
0.0,0.7898669855029141,0.3670380138600442,0.3275907067935911,0.5024553127702707,0.6303911429936396,0.9319971367215458,0.5242437689520008,0.7999671354831479,0.34123017973106234,0.4659582807898837,0.5436757512229227
0.0,0.7856822597519055,0.36152999919152506,0.3205103973928578,0.5021440849520336,0.5980036780579808,0.9126700071581962,0.4966940315065456,0.7981636951817346,0.330255273536477,0.4344580585958861,0.34054213100886405
0.0,0.7937528022717082,0.35394180499735484,0.3184472723665137,0.5032660050503978,0.6484731164447409,0.9362920544022906,0.5265069151689962,0.7982626744678525,0.327896653067966,0.4180285306195371,0.3449556806061269
1.0,0.7771633537587803,0.3465631048341069,0.3191734445648439,0.5014977228940538,0.0,0.8981077147016008,0.5035500332815626,0.7985693172610533,0.31629749371515625,0.3927648396001675,0.22292103424179086
0.0,0.8057091615603049,0.3404033498667687,0.3199149846404392,0.502155369647439,0.6017866685164788,0.9654294032023288,0.5465572073071521,0.8005561291185004,0.31354306434426144,0.446397826739767,0.44918901026150265
0.0,0.7933044387983859,0.3372037874189933,0.3267038114077522,0.5038846899261736,0.6414816831995274,0.9720149253731344,0.5513497522372605,0.8013824621988709,0.311485648706106,0.4521452329209159,0.4136967155835093
1.0,0.7350171872664772,0.3358777123621501,0.3525899955107676,0.4987969364341016,0.0,0.958660603555188,0.4711411877819681,0.8023875939312384,0.3167689551781479,0.4000426217168635,0.2086873367906128
1.0,0.7380062770886266,0.3340247834310244,0.3816563288293312,0.4988116916019965,0.5088881155633982,0.9900785448532452,0.496339028178389,0.8062041575408878,0.34146150897400834,0.3817656217217463,0.2592503700147988
1.0,0.7399491854730234,0.32673518303243343,0.3954238926902653,0.4992766219688326,0.6020459622950595,0.9822240595287306,0.4954958952740184,0.8093195115488994,0.3603922022179286,0.3807719150344308,0.2981319252770103
1.0,0.7233597369600955,0.3169105016073557,0.388678842497403,0.4976314340789213,0.0,0.9574374725756912,0.4377856667406255,0.8130807897864307,0.3942148647326886,0.3623563449228701,0.22924916996679684
1.0,0.7287400986399641,0.3099051169717297,0.3822468626383652,0.4986036115811445,0.5645051212163253,0.956559894690654,0.41831225501072383,0.8177727833121868,0.42672614179965707,0.3449493497982661,0.29329173166926586
1.0,0.7302346435510386,0.3038020165045707,0.3785831718421551,0.4984881931162431,0.6033940087516201,0.9922239502332816,0.4642556023962722,0.8212837960370023,0.4561993221669629,0.34380527140619177,0.5302212088483514
1.0,0.723808100433418,0.2996009230221421,0.3765545934736865,0.4979557247615785,0.6133096965282094,0.9767441860465121,0.5141705495155686,0.8218279672484661,0.4571392692755509,0.3548517896149413,0.7596703868154726
1.0,0.698699745927365,0.2943522110361778,0.3753540346108203,0.4977921972121386,0.5812523005243739,0.9188326493388052,0.5518674654241554,0.8201451564266597,0.4623768642326964,0.3520952432004719,0.8616744669786793
1.0,0.6913764758630997,0.2918669199722625,0.3778055410016133,0.4968263386947657,0.0,0.8928408572731421,0.5553657273870277,0.8168237758929053,0.4665618538087319,0.35628067207359576,0.8261130445217798
1.0,0.7022866537139439,0.2890834762680305,0.3844200589074212,0.4983825317714017,0.5620052929975633,0.9411764705882356,0.6124916796094964,0.8140710806318958,0.4642222065052735,0.3756436044857636,0.9760390415616632
1.0,0.7076670153938125,0.2847527715414504,0.3890769857278773,0.499100759204109,0.5748311631264234,0.9676242590059282,0.5955106870793581,0.809379662911063,0.4504210013129185,0.4131256760448577,0.9684469103384024
1.0,0.6782244806456433,0.2805769223018681,0.39662618096130187,0.4952087288427805,0.5566478129082787,0.9063706563706564,0.6033799275201539,0.8066195166905656,0.4434641390284444,0.4221869298314393,0.9542457805907181
1.0,0.6680615752503363,0.2759886167886276,0.3918892803163632,0.4969721324227458,0.561189687706416,0.8972007722007724,0.5223060424524816,0.8045225682166066,0.4551991194161914,0.3647479549838247,0.8311132031066125
1.0,0.6683604842325511,0.2717048079155,0.3824168014898168,0.4971913681156406,0.5635500057288148,0.8832046332046332,0.4361733599585832,0.8041030566540182,0.4591830713819946,0.30778252103981546,0.4880333433592581
1.0,0.673890300403527,0.2679401877061358,0.3717804073768452,0.4982140253638829,0.5686316157723676,0.8822393822393824,0.4394645366466978,0.8040980660342558,0.4586174529046753,0.3123352268650258,0.4702874575688567
1.0,0.659841578239426,0.26533154142814075,0.3727687217960623,0.4992511856678385,0.5663259839531564,0.8682432432432431,0.4662007247984615,0.8037635221801421,0.43160647482990655,0.3480996855989113,0.3930305504232352
1.0,0.6520699447018381,0.2637906309161542,0.3844215985287228,0.5017324180386552,0.5731132016055612,0.8494208494208492,0.4189187190296578,0.8039510722011819,0.4146562299506157,0.3353653340461253,0.22498173849525105
1.0,0.651322672246301,0.2623246836636848,0.3915039178231913,0.5016497263854749,0.57335310378609,0.8445945945945946,0.4190962206937351,0.8069160170824401,0.4051446529362667,0.33556114245260377,0.2157865337515552
1.0,0.6375728590644149,0.260875496568143,0.3780318914770463,0.5027854045074673,0.5547148603107932,0.8301158301158302,0.4089712299386137,0.8102691111975981,0.41522808501241787,0.32656491296045315,0.2194675613263032
1.0,0.6344343147511583,0.267358367743769,0.3784995126880016,0.5059385772028236,0.5502627301830362,0.8262548262548265,0.3752089342504252,0.8136144273625279,0.42374598181657774,0.333613270703019,0.14918739924186594
1.0,0.5887012404722762,0.27083981162791204,0.3789434570253716,0.5009409034417819,0.5464218682604415,0.8141891891891895,0.4274831743214261,0.817113532788903,0.4345018228395969,0.34460601678721986,0.1728459530026113
1.0,0.5872066955612016,0.2746891915255412,0.3957848085303066,0.5008837805943334,0.5401238249538358,0.7857142857142858,0.45362769025959604,0.8186720705724595,0.4309775681242387,0.3817924520252608,0.14905715114592213
1.0,0.5843670602301597,0.2720557384184956,0.39603160818438893,0.5040776722458946,0.5505957421799611,0.7847490347490342,0.4542933214998886,0.8208956648699497,0.44176834746842697,0.3826158143710866,0.21206846533216936
1.0,0.5830219698101927,0.269176416623838,0.3957241596986628,0.5037266118601156,0.5495186084636908,0.7972972972972971,0.4907773093706089,0.8221380357599499,0.4454895353253029,0.4239514924529144,0.5648970118944008
1.0,0.5928859662232849,0.2656371217673588,0.395115300307692,0.5016879797514981,0.5665248266374787,0.8011583011583009,0.5928629539235264,0.8221063027998896,0.4525274632324541,0.501419316236916,0.8105599071656528
0.0,0.5975190554476161,0.2586848943686606,0.3898747831165105,0.4987287870592493,0.5729331710432742,0.8146718146718145,0.5521780933362915,0.8196633995315259,0.4408607903388944,0.4974744025887039,0.7937917029300837
0.0,0.6148557764160814,0.2540060304812077,0.3874116023019114,0.4979664783660263,0.5539146567920227,0.8286679536679538,0.5553731232896971,0.8184487143059436,0.4411588836107944,0.500836346638715,0.7350159559036831
0.0,0.605290688985204,0.2484136952297149,0.3782895567376113,0.5000729755782608,0.5413458734097544,0.8127413127413131,0.5597662894756306,0.8157602221952359,0.4155923287077376,0.5055602558838033,0.5872352770525062
1.0,0.6002092362875503,0.243807650498344,0.3627354756050163,0.4994300451333386,0.5397206510902628,0.7823359073359071,0.5875231121958433,0.8127894174190728,0.3857551160769634,0.5323974412425987,0.561895901173308
1.0,0.6023015991630547,0.24039598994794664,0.34971040862436714,0.4999594340952551,0.5395557803596513,0.7620656370656367,0.6130167886990607,0.8113247407327995,0.3706127415240131,0.5555725382932883,0.4763446738719057
1.0,0.5885517859811686,0.2365456181800658,0.3408081989796685,0.5011825895835069,0.5985063887590151,0.7495173745173748,0.5809185711116045,0.8111684917471462,0.3739038591770113,0.5177891666441906,0.5568948525509826
1.0,0.5653863398595127,0.2350906413015648,0.3409543841256269,0.4977230330098048,0.5981630788110407,0.6505791505791505,0.5913541897788626,0.8119659644722035,0.3959203718070109,0.5267296669046139,0.5385508592661399
1.0,0.5710656105215961,0.23232788593929146,0.3377035135290611,0.4986077871569746,0.5940265494351273,0.6819498069498067,0.6555062495377559,0.8121026546529873,0.4027333584612624,0.5468294496018218,0.7677327317364468
1.0,0.5864594231056642,0.23357755053218202,0.3413194947449207,0.4975214480011049,0.6332393670370526,0.7249034749034747,0.7221359366910732,0.8116835291506219,0.41638731045686944,0.5728746847658671,0.9625354717342092
1.0,0.5081452697653565,0.2316823047986443,0.34059160942280664,0.4877512781302156,0.6310343802494797,0.5241312741312741,0.6527253901338657,0.8089322623812851,0.4019055866093637,0.5299784536422018,0.936342740390756
1.0,0.5105365416230757,0.23515739274838146,0.3470302059522764,0.4882780418445279,0.6271000556569853,0.4966216216216216,0.6289919384660894,0.8088763718255416,0.4154565951717813,0.5132372201411136,0.7635359468777942
1.0,0.4970856374234045,0.2368527328347088,0.3483498041912005,0.4856997291788501,0.631241154810985,0.5077220077220076,0.5679905332445825,0.8095884817363264,0.4234362127203923,0.448882628717924,0.8468003207698469
1.0,0.484830369152593,0.2393002889296043,0.3484420674293945,0.4872319756354149,0.6361401728318398,0.4850386100386099,0.5422453960505883,0.8107845673349738,0.44730108117252615,0.4774384735701002,0.8391659983961526
1.0,0.5018681811388432,0.2385202180259398,0.3423600293914526,0.4865682711809024,0.6311317824671238,0.5188223938223938,0.5250942977590414,0.8101363831165305,0.4541613958460722,0.463470463451444,0.8938893344025663
1.0,0.4957405470034374,0.2376976736889329,0.3398626440399574,0.485527879369103,0.6313110101573159,0.4922779922779921,0.5570667850011096,0.8089480071570665,0.4625132203178896,0.4377837745400008,0.9885805934242198
0.0,0.4911074577791061,0.2405393351055216,0.35203223552200497,0.48464082796230606,0.6280155261760121,0.4995173745173743,0.5171067228755267,0.8059459770400849,0.44988185644472706,0.4573438754933868,0.9879829787234052
1.0,0.470482738006277,0.2415704224815869,0.36074858748030797,0.4846464410237204,0.6306431797667416,0.4724903474903474,0.4777531247688784,0.8038036435715796,0.4390440849504645,0.4764733441695743,0.8688286040952096
1.0,0.48288746076819605,0.2419475850952604,0.3745387994586964,0.483142311750364,0.6280851141688386,0.4744208494208494,0.4771392648472751,0.8018158843896468,0.4265008182352218,0.4760745349662101,0.8746393827574644
1.0,0.4801972799282618,0.2402445690710162,0.3781560111786397,0.4863796123094334,0.6240017613863309,0.471042471042471,0.5079358035648252,0.7992134084993321,0.41186847672958377,0.4503510058847551,0.8496207746808571
1.0,0.4637572859064414,0.2421720874004816,0.3932523543452395,0.4871711080053992,0.6297646763792558,0.4218146718146716,0.4316248798165821,0.7952650974352424,0.3949723100835635,0.4333092114604871,0.5509535253909306
1.0,0.4718278284262441,0.24412629615836634,0.4002537140237824,0.4886143267391964,0.6292721104065268,0.4734555984555983,0.486184453812588,0.7949393120990325,0.3808819569854848,0.4301600357592675,0.7136302631168266
1.0,0.4676431026752353,0.2442204497509879,0.40740909546962606,0.4878761441081621,0.6273829416985389,0.4575289575289574,0.4802159603579621,0.7925409415950115,0.3707135384536818,0.4245197978619861,0.6685289803052538
1.0,0.4712300104618144,0.24592935285766204,0.4126132799927662,0.488528402285204,0.6258903846669657,0.447876447876448,0.4528880999926039,0.7916518424649809,0.3755388206725044,0.4470186759256587,0.5704922126158729
1.0,0.44836347332237336,0.24623238051169416,0.41206658226311454,0.4881137291432379,0.6137983855200966,0.4256756756756757,0.3742030914873162,0.79151985344924,0.3955684713017456,0.42055669003689616,0.4108430350510315
1.0,0.4265431176206844,0.2498295392548382,0.4141975452874993,0.4839576758182659,0.6156015063182888,0.3267374517374516,0.3357296057983876,0.7930255692102439,0.4188558947793716,0.36491144540097337,0.17915665282936571
1.0,0.42923329846061853,0.2531980067154378,0.4203897434584883,0.4845256146723703,0.6175064243643206,0.3677606177606176,0.3907107462465794,0.7959520234538578,0.44645191603269707,0.3714298535283893,0.3384000749087049
1.0,0.4184725751008817,0.2570797032845511,0.43201628844010975,0.4863196798135313,0.6158362603485541,0.36486486486486464,0.3865542489460833,0.7963787981600698,0.458311061512099,0.36428589619359053,0.2251006585723644
1.0,0.4193693020475265,0.2593211700217144,0.4399169402222937,0.4864517733630198,0.6149876697544173,0.3542471042471041,0.4330670808372159,0.7989088496502197,0.4761928504515405,0.423119805261216,0.1699803364649333
1.0,0.40786130623225225,0.2561813804934045,0.437193308700478,0.4879834859884897,0.6241960692219812,0.31901544401544396,0.393358479402411,0.8022122591186684,0.4935205871539475,0.4269099103573339,0.003162992982109439
0.0,0.4471678373935136,0.2543330225473972,0.433969115361314,0.4915222124340957,0.6263583468315281,0.3807915057915057,0.4745285112047925,0.8091351436179293,0.5301363455361616,0.4597358682252621,0.2255489021956108
0.0,0.4550889254222088,0.25222090287410026,0.4300284463817338,0.4929986427256397,0.6282213349398673,0.4097490347490345,0.4394571407440284,0.8130933388583157,0.5550162059235522,0.4692981567631591,0.1469917308240684
0.0,0.474069645792856,0.25605646625786305,0.43615346989647175,0.4964728275880356,0.6304074128737129,0.4797297297297297,0.5238074106944753,0.8188306172027155,0.5973733045683387,0.5181520429269354,0.31074449201211
0.0,0.4639067403975489,0.2595837398236673,0.43596413397090206,0.4945969705316891,0.6277812065053157,0.4917953667953667,0.5468826270246283,0.8203688314865631,0.620486476736959,0.5524997883970199,0.4800563850892756
0.0,0.46166492303093704,0.2641440186571549,0.4358526516839067,0.494186908815267,0.6258602968593013,0.4937258687258686,0.5931218105169739,0.8209299664414895,0.6383130855070827,0.575322665343606,0.7239486416077403
0.0,0.4516514721267374,0.2663292945511353,0.42888040942263056,0.4961044819523926,0.6322919711433546,0.4893822393822395,0.5874491531691446,0.8197008169955609,0.6292743605525243,0.5687548346271672,0.6601693338295489
0.0,0.4582274697354655,0.2636901014097597,0.4233011901660132,0.4972898707609967,0.6269228195481115,0.5135135135135136,0.6267287922490941,0.8199857129247663,0.6259101496661064,0.5907244695526984,0.8279214737625615
0.0,0.4921536392168584,0.25503250182478965,0.4102937254700285,0.4996482704117464,0.6313770847113659,0.5453667953667952,0.6026033577398122,0.8193218187551652,0.6107163673461647,0.536513395510418,0.8919333829549662
0.0,0.5093409056942161,0.24374743996903134,0.39763107902907663,0.50282508666616,0.6242933690201753,0.5260617760617761,0.5925375342060495,0.8178280612426712,0.5917454876418893,0.5166899862023207,0.942128768142908
0.0,0.5171125392318039,0.2385314333766,0.39094411597690815,0.5042827147801209,0.6264709050889811,0.5144787644787644,0.601124177205828,0.8156396155150261,0.5862956126600134,0.5272292024424724,0.8085944830174507
0.0,0.5168136302495889,0.23609492892456616,0.3910987073022916,0.5041199058489165,0.6282571170778637,0.5419884169884168,0.5821980622735005,0.8133796296083801,0.5943602498082637,0.4940239356554943,0.8437324075811578
0.0,0.5271259901360036,0.23528591641436905,0.3910251613546002,0.5022622095133356,0.6204399953408736,0.5487451737451736,0.5818948302640338,0.8124083682159307,0.6170488056585304,0.4940705225738165,0.7421655094764492
0.0,0.5332536242714092,0.23102750371170444,0.3893724101295937,0.4996393279070536,0.5909491358443919,0.5646718146718145,0.5340285481843058,0.8104052160328845,0.624700221691714,0.4784094460026543,0.7122349408894718
0.0,0.54849798236437,0.2298765708347581,0.38842355462845507,0.4986699263852852,0.6278522356298919,0.5830115830115831,0.5839878707196213,0.808280662070666,0.6255466135586611,0.4800969570294613,0.7382248076562196
0.0,0.5268270811537887,0.2282369735773675,0.3850657879842151,0.4985061864882199,0.6323761914143647,0.5444015444015445,0.6629761112343757,0.8042226220984721,0.631668914171541,0.5187502614467978,0.9973728654531788
1.0,0.5166641757584814,0.2272863943457541,0.3853523399913381,0.4968102641431015,0.6325050762047543,0.5028957528957526,0.6633311145625329,0.7981493896884313,0.6248086735282217,0.5196848339861626,0.9555119118777252
1.0,0.5205499925272754,0.22577937819137395,0.38704332017577336,0.4975766010684574,0.6342628583470402,0.4898648648648648,0.6690333555210413,0.7919559153499709,0.6026144401310909,0.5251271550093154,0.9917447676394899
1.0,0.5144223583918696,0.2247937120973349,0.3920656022719511,0.5001356999765558,0.6331133017597544,0.4850386100386099,0.7015753272686938,0.7861459925142076,0.563729987534229,0.5519214222644839,0.9991421021927868
1.0,0.5073979973098192,0.22416867121272727,0.3950233910073874,0.498922310257332,0.6339062196542963,0.4613899613899612,0.653583314843577,0.7816091226263129,0.5348518773381196,0.5151744054972408,0.774492700394823
1.0,0.5177103571962337,0.21965007755207375,0.3893268292550383,0.4971026787022096,0.6356266300006985,0.4744208494208494,0.6463649138377341,0.7800806272921743,0.544198428775764,0.5021805180301468,0.8267376733082369
1.0,0.5332536242714092,0.21588269624543302,0.3855418052664761,0.5000525297114213,0.627295000341916,0.4666988416988415,0.6615560979217519,0.7786392457068751,0.5443013369943439,0.515940578837562,0.751813423928016
0.0,0.5544761620086683,0.2136370300937416,0.3791247285819581,0.5037946862672855,0.6358595516773549,0.5501930501930502,0.6597441017676203,0.7775345138432956,0.5471994516200823,0.5115788146581466,0.8294922413001558
0.0,0.5392318039157076,0.21245627178705506,0.3768598806471776,0.504872630710537,0.6325342383316004,0.5077220077220076,0.6431994674950074,0.7748588271086105,0.5222946632405123,0.5429831856300429,0.8088329813607562
0.0,0.543267075175609,0.21036509740902654,0.3689537191628916,0.5057002756066836,0.6257219173794963,0.4951737451737451,0.7079505953701651,0.7720073667636127,0.4939785747478895,0.5403941381494961,0.8125975576163816
1.0,0.5244358092960693,0.20786421920504328,0.3636131407463856,0.5024408359220615,0.6268786516683812,0.4261583011583012,0.6846165224465643,0.7688756121960338,0.4744457801041313,0.5719054330938398,0.7846661680893311
1.0,0.5298161709759378,0.2069163809083916,0.3627965636558407,0.4997386093853414,0.6278403857622601,0.4416023166023166,0.650166407810073,0.7682270619337785,0.4599500212210966,0.5795795840091579,0.769089924439745
1.0,0.5296667164848302,0.20544253301191606,0.3647240317728022,0.49975675643851103,0.6275580239501122,0.4319498069498068,0.6138081502847428,0.7684281934175667,0.4591609374960735,0.5926655205678429,0.7251205611573888
1.0,0.5259303542071438,0.20459123236377685,0.3638627427605921,0.4991627243310032,0.6173223771964764,0.40492277992278003,0.6119961541306116,0.7702181002557584,0.44563284038727735,0.5896438107685893,0.8447275446785463
1.0,0.5198027200717382,0.2043539583003984,0.3618712655227686,0.5017198877389729,0.6125437885917167,0.3928571428571429,0.5545151985799871,0.7702244794764288,0.4432828527037286,0.5363519302354607,0.9076514428656174
1.0,0.5047078164698848,0.20524795593337064,0.3546075205298696,0.4989570221909267,0.6246257844300078,0.3416988416988416,0.5087567487611862,0.7674430642740147,0.424969761446636,0.5506805776844798,0.7999329499445547
1.0,0.5202510835450604,0.2067809710790911,0.3502317111521066,0.5019571072686139,0.5961729642306072,0.3947876447876448,0.595421936247319,0.7639328345115974,0.3950669263677074,0.5666492445350451,0.8852412512571884
1.0,0.4943954565834702,0.2076948004956876,0.34862883806817324,0.5007588822164366,0.5907539249484473,0.3219111969111967,0.5984394645366466,0.7586786331415865,0.3516003539352488,0.5689418549774802,0.8409191800496145
1.0,0.4920041847257509,0.21077239615645693,0.3558315569147044,0.5003158424350481,0.610754922728952,0.3093629343629342,0.6209082168478663,0.7540547630238326,0.32386138183245183,0.5877780516083727,0.9932628280454371
1.0,0.4561351068599611,0.2187050615032602,0.3724401862031908,0.4968373624571006,0.6092344937091753,0.22249034749034746,0.6192367428444641,0.7475502887566474,0.2800509095318641,0.5876982030686534,0.9773438939031126
1.0,0.4222089373785681,0.2309477273195211,0.3912953671795612,0.4938854491036496,0.5999148839470276,0.2075289575289574,0.5749204940462989,0.7402361302295517,0.2237787080246418,0.6045581791112958,0.8190581445324503
1.0,0.40696457928560736,0.2412864383993503,0.4037113746547159,0.4910425753971052,0.549123797103139,0.2147683397683396,0.6383477553435397,0.7348614831101359,0.18899966252144376,0.647008228949677,0.7494013630502849
1.0,0.4021820355701689,0.2468830527112851,0.4071525974344255,0.4900216406782502,0.5344132352583544,0.18967181467181468,0.6368389911988759,0.7310145840985347,0.17669827472078048,0.6466609026634993,0.6541413397187942
1.0,0.3664624121954864,0.24937053650547725,0.4075410652861465,0.4860779582746311,0.537447112967163,0.08445945945945946,0.5017972043487907,0.7298357956202175,0.1869421133613287,0.5967685373727271,0.4248787376435185
1.0,0.36661186668659385,0.2539842514528008,0.41313797969081706,0.4860891610287122,0.5205562397039895,0.08204633204633184,0.4763700909696026,0.731206350993385,0.2031656327431723,0.6297178755213705,0.3768035856818317
1.0,0.3718427738753549,0.2575822114767288,0.4152401441433845,0.48724550876743705,0.5252946107345645,0.10907335907335898,0.5397529768508244,0.7307557988974476,0.2052342061439765,0.6227432394637058,0.4591698900963953
1.0,0.3773725900463308,0.2634188095134178,0.41654379820935583,0.4846483675528875,0.5430930458889015,0.11824324324324305,0.5444123955328746,0.7307208580725082,0.2194324441766018,0.625971365637612,0.3209615030392331
1.0,0.3663129577043789,0.2682323488680818,0.4187792747598168,0.4826410883453292,0.5359671051002086,0.12306949806949792,0.4765623844390208,0.731876879470041,0.2218800005198737,0.5824836307577068,0.4063977405292571
0.0,0.3588402331490061,0.27400275297273513,0.4262671819378634,0.4809461300860232,0.5061504508945087,0.09218146718146704,0.5410842393314106,0.7344189915398884,0.23095301149988,0.5721399348394468,0.4543500951679256
1.0,0.3456882379315498,0.2778452699969778,0.4319742729460305,0.4818030756772906,0.5357137011777093,0.04311611954924069,0.4363508616226608,0.7364486864329742,0.2210364564603394,0.557571644306621,0.189353472094308
1.0,0.3482289642803765,0.28046953151412524,0.4358079877381299,0.4823469450802926,0.5310549251799054,0.05009823182711179,0.3393683899119887,0.7407042894275968,0.23324867395015175,0.5090941907280292,0.16991044020380394
1.0,0.3678075026154536,0.28331240519831624,0.4448475078151692,0.4826038251240902,0.5712152740034623,0.07907662082514733,0.4810073219436434,0.7469678093725678,0.27947238263683044,0.5395713343680885,0.2982056394189688
0.0,0.3775220445374382,0.2855230719188704,0.4514045001256458,0.4846957113027511,0.5989738867525669,0.1237721021611,0.4044301456992821,0.7510926752079337,0.3169325502449177,0.5051718978360406,0.3998227792018722
0.0,0.39605440143476295,0.28995510899370425,0.4586228656971677,0.4847682997945174,0.5831644284974945,0.17927308447937124,0.3520227793802229,0.7573702087551364,0.3673134241378492,0.4851026339065171,0.4811569521507434
0.0,0.4323718427738753,0.2925378222992232,0.457546081155385,0.4920397717807367,0.5878591564788266,0.3099214145383102,0.4271651505066193,0.7602583353787521,0.38719647437462507,0.5164352865591826,0.6269274248247788
0.0,0.4377522044537439,0.2970114023795261,0.469581287380367,0.4893864039150869,0.5820089095221221,0.31581532416502944,0.4540936321278011,0.7589543419859701,0.3854281126865379,0.4788730992536255,0.6723716934207553
0.0,0.413988940367658,0.30009584626209,0.4754332063019208,0.4884329035486461,0.5925221934080471,0.2873280943025541,0.3284224539605056,0.7564850610115026,0.3932267906137277,0.4692324317700433,0.4822292561609759
0.0,0.4322223882827678,0.3063452436555005,0.4945119498735962,0.4883363068938777,0.5858545107550426,0.33447937131630623,0.3132164780711487,0.7573840243769911,0.4251945927264403,0.4601716097190068,0.3864197023271108
0.0,0.412344940965476,0.3098768460728474,0.5057922082541935,0.4881649244688554,0.5798098202621802,0.3084479371316307,0.3372457658457215,0.7578007905469528,0.4525439007714184,0.4212379934966111,0.4438985280815719
1.0,0.40696457928560736,0.31359779413304034,0.5243445016969022,0.4908205449631744,0.5812549124523992,0.29911591355599204,0.2931661859329928,0.7582259227406938,0.4859894492534678,0.3941661094194242,0.3210673464353257
1.0,0.40786130623225225,0.3159041143922669,0.5396097356789755,0.4909500307622974,0.5925481856066724,0.2873280943025541,0.2558686487685817,0.7603818920043572,0.5258578757086907,0.3804891836147216,0.29444712871995765
1.0,0.38424749663727387,0.3183420287082033,0.5634817328616031,0.4897403036092773,0.5975099609476594,0.22151277013752446,0.19946749500776567,0.7613121684785957,0.5315938537566117,0.339850162955471,0.10037400905495553
1.0,0.3769242265730084,0.32040423167779464,0.5903971496889677,0.4919513493705465,0.5809384131557439,0.2062868369351668,0.24305894534427894,0.76508491570936,0.5263510840038603,0.3670758796757832,0.04849591095363345
1.0,0.41563293976984,0.3214391672403858,0.6079916359945805,0.4960267084500146,0.5789611301173491,0.3005893909626718,0.3362029435692627,0.7700029054918229,0.5253343518812661,0.3617693110127056,0.2416026914335817
1.0,0.4178747571364519,0.31827296950087897,0.6062548236935528,0.4964607625321114,0.5793301397359225,0.2981335952848723,0.3793210561349015,0.7721798560284174,0.5150530976189887,0.338198187834287,0.27510244984878585
0.0,0.43027947989837095,0.3161937330978466,0.5978505207920586,0.4989119611561863,0.5941813679884806,0.28781925343811393,0.3732712077509061,0.7733414573988411,0.4947514421112375,0.33370138398370386,0.16483654953917082
0.0,0.4199671200119563,0.3146780366222459,0.5895011466764843,0.4967040409585613,0.5858177935818345,0.2401768172888016,0.3734782930256639,0.7764144517115876,0.4585491315244917,0.33281345546373403,0.0724546370967742
0.0,0.44402929308025696,0.31623643232532617,0.5814090093150103,0.497937493015415,0.580489615313052,0.3187622789783888,0.5087715405665263,0.7834600455541596,0.4737704500112601,0.3534366132440808,0.18067748881895024
1.0,0.43446420564937976,0.3195995050655158,0.5825554564709735,0.4959375143970909,0.5851962912717897,0.28388998035363466,0.4127801198136231,0.7878184483281898,0.4893502888809826,0.3498113554325332,0.03238363425542461
1.0,0.4269914810940069,0.3218751010326644,0.5893927012728857,0.4944493211317785,0.5862263298346868,0.2907662082514736,0.4345684490792103,0.7971802762287123,0.538732991164935,0.3610796937721281,0.06986771411802044
0.0,0.4541921984755642,0.3250138802826985,0.5916993508994217,0.4962943742908115,0.5781858743047706,0.3541257367387034,0.5092522742400708,0.8035360936354248,0.5768117432989791,0.4032413478644423,0.3868346200731419
1.0,0.4135405768943356,0.3271495299040139,0.59213445943764,0.4912992193664262,0.588128891331094,0.2328094302554025,0.44144663856223615,0.8037722192737099,0.5832293130231085,0.3553364532312429,0.04602916610230779
0.0,0.4349125691227021,0.3316449372752426,0.5962634456552063,0.4958418892392135,0.6231070509209738,0.3271119842829075,0.6050883810369061,0.8090568648922609,0.6082867868166315,0.4219828874436368,0.35225066594428805
0.0,0.454491107457779,0.3345394580606427,0.5939193444163575,0.49621942928185403,0.6301800876365857,0.3875245579567781,0.6856519488203536,0.8110828968470631,0.6149351816244715,0.5028303301021824,0.6224434511716108
0.0,0.4767598266327902,0.3346049236044357,0.5792122091478974,0.4971233760250092,0.6355140242007725,0.4587426326129665,0.6636417424746689,0.8097221275628972,0.6182986292318343,0.4764983946829152,0.6236173190663229
0.0,0.4836347332237333,0.3334558609340665,0.5590559614210986,0.4948251456773256,0.5955240868685889,0.4641453831041255,0.6817617040159751,0.8082510082501988,0.6332196931501942,0.4888899719988621,0.5867985010609965
0.0,0.5215961739650276,0.3334935161580943,0.5568226675873156,0.4988723558563118,0.6286266140179052,0.5746561886051078,0.7418977886251019,0.8053453082129214,0.6302504051828204,0.5622121313563985,0.780531852453835
0.0,0.5044089074876699,0.3324000397544089,0.5628496936319259,0.4990840681671672,0.6282576090805899,0.5388015717092337,0.7947563050070259,0.7984455055537156,0.6143051403358295,0.5940853694344511,0.796060393960603
0.0,0.5136750859363323,0.3296968788514989,0.5666803546143346,0.4972845287525642,0.6257285788681125,0.5500982318271118,0.854944160934842,0.7906312870664622,0.5865822367884984,0.6257814786343822,0.8190052169184493
0.0,0.5224929009116724,0.3242263036792905,0.5674850063050604,0.4992258106082978,0.5930898158902514,0.5294695481335954,0.8629613194290366,0.7820710501855572,0.5581509089499573,0.6296278188954173,0.8252735731603437
0.0,0.5771932446570021,0.31741176367360024,0.5624521747183021,0.5066790968319339,0.5954005982151493,0.6822200392927309,0.9604984838399528,0.7728491014546066,0.5151336710256856,0.6661590631596839,0.9682920024289776
0.0,0.5943805111343595,0.3088689566908771,0.5416833204095977,0.5065751877331643,0.6001754696886126,0.6930255402750491,1.0,0.7631853556010022,0.4793014570015214,0.6834386093236637,1.0
0.0,0.5930354207143924,0.30168438572896505,0.5315815538853517,0.5068480721517009,0.6008655319983147,0.6335952848722985,0.8129576214777016,0.7555333827801156,0.4525623251943265,0.5452587797661113,0.9852430016758746
0.0,0.6028994171274846,0.2985282589352947,0.5245755393841351,0.5089105279728817,0.59799534096104,0.6665029469548134,0.7476739886103098,0.7505715039679395,0.4391791404731476,0.5446297798613264,0.9911473144711682
0.0,0.5919892392766402,0.2970504989303735,0.5316484965134508,0.5102806742448389,0.5480814583417226,0.6493123772102161,0.7976776865616448,0.7457870943503053,0.4338203773157588,0.5685608483593668,0.9875301483039975
0.0,0.6257659542669257,0.29598681259195025,0.5326544998017977,0.5135846480582008,0.5589002879935007,0.7411591355599216,0.643169883884328,0.7418327816878048,0.4381753692376968,0.5220972636987421,0.931280836089056
0.0,0.6351815872066955,0.2921454480719943,0.5304063622074526,0.5154692487483722,0.5614331591357183,0.7770137524557954,0.524842837068264,0.7420160272735923,0.4774239023035446,0.5121039334089289,0.8400325381527523
0.0,0.6432521297264981,0.29036176680132364,0.5183305071735148,0.5134522980761426,0.5816186341908851,0.7878192534381135,0.4571925153464983,0.7412462475853743,0.5075035988544812,0.529001769090226,0.7279881165007341
0.0,0.6365266776266627,0.2889311877066105,0.5037265639611231,0.511719563546766,0.5776631119867078,0.7897838899803535,0.5200798757488353,0.7418829473325261,0.5331189454716116,0.510050897057233,0.8308546570231132
0.0,0.6523688536840532,0.2888536444843335,0.4880145400066201,0.5147396277668151,0.5685404607797762,0.8555992141453832,0.4972487242067896,0.7402013513902552,0.5419385767617396,0.4987618845314497,0.8765318573272741
0.0,0.6592437602749963,0.2885532300142679,0.4845767782519814,0.5160013532017855,0.5991341008086571,0.8870333988212182,0.5054507802677319,0.736501912589212,0.5273840595487312,0.5027785881427189,0.9882357286645614
1.0,0.5951277835898968,0.28667302309869397,0.4790117155679136,0.507420247836861,0.5927872841907665,0.7072691552062867,0.5313216478071149,0.7307846016993849,0.503047491442891,0.5154029937155833,0.8745864274685693
1.0,0.5809296069346883,0.29371406537954803,0.4895542642113501,0.5048033288314449,0.5788447514176424,0.6512770137524558,0.4411434065527695,0.7267611727951435,0.485190284366609,0.5203117381881213,0.717226674509227
1.0,0.5565685248841727,0.29435422897626706,0.4941749112685036,0.4986379368763265,0.5750483974101716,0.7111984282907661,0.4039272243177279,0.7266456180826533,0.4848518729257934,0.5037168167723023,0.7323336560062828
1.0,0.5937826931699297,0.2948000311260479,0.5010106927414562,0.502793904272963,0.5586951425424728,0.7401768172888016,0.4504030766955107,0.7252884241262822,0.4792324644813454,0.4761832689736281,0.7857012717268521
1.0,0.6084292332984604,0.3088703511187245,0.5357637794276606,0.5020899489866312,0.5448272619915516,0.7824165029469544,0.4412765328008283,0.7213118288292379,0.4535925347955001,0.4711787036025809,0.7113471559231871
0.0,0.49529218353011495,0.33194911270293703,0.5800111110444192,0.478957571757269,0.552303923402278,0.8035363457760315,0.454907181421492,0.7187990943346934,0.445341510835696,0.4283211980891188,0.7195641875888201
0.0,0.4915558212524286,0.35750599704216635,0.6299279739660961,0.478129320118751,0.5545214805617927,0.8678781925343813,0.4046076473633607,0.7149657788920076,0.4325348821397901,0.4010593534236885,0.5806763108989547
0.0,0.4679420116574504,0.35821826736692497,0.6420181363175061,0.4775821285516708,0.5404108290545847,0.8241650294695482,0.40423785222986464,0.7141739254206609,0.4380713378013825,0.3995506603988375,0.4241518784389468
0.0,0.4813929158571214,0.3624262815762411,0.6593328530953873,0.4800173309546766,0.5610902802280002,0.8222003929273082,0.38407662155166056,0.7158277421768746,0.4477646673471671,0.4380472154112123,0.4041285573734651
1.0,0.4162307577342699,0.36263025150818384,0.6660716053924567,0.4720259815120619,0.5624793454043381,0.7401768172888016,0.352814140965905,0.7193937371516991,0.4628177783957765,0.4171456592693963,0.27096162955945113
1.0,0.4041249439545657,0.36623239627281823,0.6720370798562338,0.4696165859427377,0.5439243976327064,0.6630648330058939,0.3022483544116558,0.7260645036078865,0.4980042762611978,0.3797544090697534,0.000246984728110754
1.0,0.4435809296069348,0.3618794918244057,0.6699020544500123,0.4731243256802114,0.5295133158222538,0.7917485265225934,0.4066415205975889,0.7373230238171942,0.5581025424342951,0.4342462282585805,0.2495730494794721
1.0,0.441040203258108,0.3584660604250733,0.6699024957133544,0.4726315320962789,0.5679411294257793,0.7603143418467586,0.446128244952296,0.7435785384388847,0.6053352013745908,0.4587350781280064,0.4138963621476199
1.0,0.4008369451502016,0.3550231445104801,0.664329540719959,0.4684931076876673,0.5637633051437596,0.6291748526522591,0.3865616448487537,0.7470769309071372,0.6370624556056129,0.4065163738068646,0.0005308597133359074
0.0,0.4674936481841278,0.3540989319502126,0.656407638638256,0.4772678392776674,0.5585838769950042,0.8423379174852649,0.5265734782930256,0.7541590049487976,0.6841953990088396,0.4663980284879597,0.12230532336119762
0.0,0.4781049170527574,0.3509430061289516,0.6450995011505218,0.4792933020160573,0.5450538323085443,0.8781925343811393,0.6266696250277347,0.7557590726337273,0.6911996315213185,0.5176617130677823,0.6255856003945106
0.0,0.5009714541921985,0.3475770831345444,0.6252334663270005,0.4798909074259962,0.5666841109594024,0.9494106090373281,0.6832334886472892,0.7528531994162582,0.6684428910553709,0.5201417514807789,0.7823232672241031
0.0,0.4831863697504108,0.3429345909888024,0.6042291074239337,0.4766217883425795,0.5623266605367659,0.8875245579567776,0.7188373641002884,0.7495574553445392,0.6490963808073549,0.546516163527969,0.7509078309078315
0.0,0.491107457779106,0.3413298606632829,0.5962044474668089,0.4744160466931672,0.5581318767150776,0.903732809430255,0.7364322165520302,0.7474677000036878,0.6256285125073107,0.5693117601933322,0.9102425292334346
0.0,0.4966372739500821,0.33894265032253656,0.5985322701511163,0.4753817939513393,0.5391062696590595,0.9631630648330058,0.7567487611863031,0.7443038561916373,0.6088277248180959,0.6014177295248768,0.9869532265049812
0.0,0.4843820056792706,0.34066609782819857,0.6197011862076778,0.4731425588322225,0.5431513029678503,0.9086444007858546,0.6951852673618819,0.7396072930415805,0.5717363706488352,0.5602817264560079,0.7317832394976197
1.0,0.4703332835151696,0.3394932289124766,0.6335472523271759,0.4704024304266561,0.5082863930239202,0.9361493123772104,0.7030619037053473,0.7379451689978886,0.5737884922848965,0.5721079925789269,0.8300941966219153
0.0,0.481542370348229,0.3386520609051331,0.6515432745836578,0.4687808401430994,0.4852789943850992,0.9538310412573676,0.7423045632719474,0.7353660590084543,0.5706526628099853,0.6512250214566662,0.9954255088783036
0.0,0.4879689134658495,0.3346048767143133,0.6499319279709207,0.4662626306030067,0.5829320144039899,0.9700392927308448,0.7024110642703938,0.7297560549219901,0.5619289760918302,0.6465379877985588,1.0
1.0,0.4725751008817816,0.3307563825894082,0.6450277771749262,0.4671132300676119,0.5643436321685552,0.9390962671905699,0.6829746320538423,0.7249413631446733,0.5550958327060183,0.6316988813012521,0.9934572779685186
0.0,0.4764609176505754,0.3277567837206901,0.6422112471168058,0.4641080006597542,0.6238752759165108,0.9395874263261292,0.6613194290363142,0.7195350263958613,0.5412679694689697,0.6473898792465042,0.9618606484675284
0.0,0.474368554775071,0.3220968861492568,0.6344501013594075,0.4674373745424954,0.6046930110266668,0.9381139489194495,0.6893942755713336,0.7134843860962838,0.5270293837895003,0.6704190306411408,0.9819536937993842
1.0,0.4861754595725602,0.3213831573518311,0.6422071422352615,0.4659239985802906,0.5086004355589272,0.9494106090373281,0.6615708897270913,0.7068416515370772,0.5021758904312382,0.6503092812171336,0.7568491877625371
1.0,0.4198176655208488,0.3189255456461373,0.6468235701283809,0.4569694130016094,0.5030953750213792,0.8084479371316303,0.6696989867613339,0.7031321476057968,0.4933843860399015,0.6653570349270143,0.9673544810594392
1.0,0.4275892990584367,0.3241909316642153,0.6435650955763002,0.4547186237286948,0.499368827590753,0.8109037328094305,0.6551512462095997,0.6995859726068225,0.4791957933922689,0.6535530011003621,0.8551203184367657
1.0,0.3984456732924824,0.3227446608741773,0.6242735007099118,0.4531032881052062,0.5054263690056917,0.8025540275049117,0.6292286073515273,0.6962636096235757,0.4678745493762009,0.6617070865201555,0.7902133639964233
1.0,0.4115976685099386,0.3228784786387413,0.6093830218456471,0.4518164229416899,0.5319351622929885,0.7668855534709194,0.6648546705125362,0.6934732093167799,0.4512281682996856,0.666420057078287,0.8916570844512599
1.0,0.4257958451651471,0.31817314686260634,0.6063413450529056,0.4545101523430447,0.5193053404375908,0.8137898686679175,0.6797943939057766,0.6885902620248228,0.4229914978217226,0.6494574468151346,0.975978534009117
0.0,0.428336571513974,0.31479972767714504,0.6037763151307275,0.4549958716459812,0.511696863614159,0.8231707317073174,0.6846461060572443,0.6827558159478886,0.3859095032872221,0.6547074646233662,0.9757435501842808
0.0,0.4248991182185024,0.3087573251324054,0.5955892616909527,0.454319995695312,0.5112262869869844,0.8025328330206382,0.6748835145329488,0.677223545124882,0.3614335662285616,0.6471346057141054,0.9665410528719882
0.0,0.43685547750709897,0.29982770928519065,0.5822016984602394,0.456540415081364,0.5130704018380373,0.7983114446529082,0.6572738702758674,0.6739086564756394,0.3551819812661463,0.6313267010405658,0.9907892439322502
1.0,0.4420863846958601,0.2900185592782449,0.5663623981656092,0.4574875871805182,0.5041262418936244,0.7636022514071299,0.5693661711411878,0.6718446276770311,0.3588342530635526,0.5346188434157866,0.8577878103837466
1.0,0.4322223882827677,0.2783025299812918,0.5551553271286447,0.4555182491347998,0.5161915803197631,0.7082551594746717,0.49457140744027794,0.6712272794267502,0.3610811072667118,0.4744123287143632,0.4975745641419715
1.0,0.4627111044686892,0.280836827662029,0.5283305317450779,0.4577212128096621,0.5090810348354176,0.7251407129455909,0.5364839878707196,0.6745604420234068,0.3863150600336414,0.4918942966633243,0.6556361365928616
1.0,0.405768943356748,0.2808042124386394,0.4968215639008754,0.4473554406999252,0.517414805919295,0.7326454033771111,0.42792692848162095,0.6760355666949598,0.39885022291598,0.3567312235141962,0.610849266340594
1.0,0.4225078463607831,0.28639290181044386,0.4646590780902287,0.4503897172385976,0.5209584181093238,0.7213883677298312,0.42927298276754666,0.6791743974157469,0.4375856036162529,0.3582174845315946,0.49209378407851706
1.0,0.4240023912718578,0.28442172483041794,0.467603309914411,0.4507035549095747,0.5186586091147561,0.7415572232645407,0.4198653945714075,0.6799759040064846,0.4497697083954453,0.3504662925643484,0.5920704159526411
0.0,0.4011358541324165,0.2855261243390492,0.47608374190520003,0.4503073797534976,0.5158234646997548,0.7256097560975612,0.4435100954071444,0.6804075693073162,0.4597980731677137,0.33155281346346416,0.5763053655023409
0.0,0.4066656703033925,0.2864276960586172,0.4818794707804394,0.4476056219425243,0.5080842802127434,0.7354596622889304,0.4544634272612975,0.6793053829701967,0.4531470212212033,0.3415452486171422,0.6532949225783227
1.0,0.4024809445523837,0.2806748837218862,0.4753694406808697,0.4505633625554341,0.4986851118687384,0.7307692307692311,0.4769617631831965,0.6775935795096135,0.4437631741926722,0.36713222548267216,0.6454087144400437
0.0,0.4337169331938424,0.2759662928266091,0.4735870074231861,0.4525411452303272,0.5066202602875569,0.7720450281425891,0.4975075808002365,0.6755966783524411,0.4404486151852151,0.33903683882328084,0.7007202016564632
0.0,0.42131221043192346,0.2685390489204429,0.4618219556197102,0.4539668847702849,0.5075425607482212,0.7429643527204507,0.4625471488795209,0.6721753119098679,0.4266665196411865,0.3478553948380029,0.5344256391789699
0.0,0.42998057091615605,0.26366710009608463,0.4509840253415411,0.4555330344259226,0.5067982330707292,0.7401500938086307,0.4818800384586939,0.670828039713401,0.426423954215988,0.3705675207414989,0.3623334533669426
0.0,0.4384994769092812,0.2594708860196202,0.4476151109465445,0.4533740085528306,0.5058024753779254,0.7495309568480305,0.4682419939353598,0.6708059380131204,0.4253060864772353,0.35728298591940444,0.3813467770975879
0.0,0.4308772978628008,0.2545978255778727,0.45005195906440776,0.4557079528631734,0.5052244200673345,0.7476547842401502,0.4599881665557282,0.6718744770274163,0.4353912238595539,0.3954056048536481,0.3411955347497301
1.0,0.4482140188312658,0.25334296179190474,0.4568697816376458,0.4551509918044059,0.5208348064265865,0.7626641651031899,0.4772280156793134,0.6729113051325948,0.4456775350194714,0.3653214486445578,0.4053655023406546
1.0,0.4199671200119563,0.24904164892862424,0.44817890775560576,0.4536920376206685,0.4962837776255615,0.7185741088180112,0.466252496117151,0.6743017177492001,0.4632138163080058,0.3518492749665627,0.317680950666186
0.0,0.4432820206247197,0.2517569350213589,0.4541695402489527,0.4542524038737341,0.5080144763369311,0.7650093808630397,0.4214555136454405,0.6763319475730272,0.4827811661373128,0.3573443439226877,0.3056175729204175
0.0,0.4160813032431625,0.2524499215559879,0.4604441376196243,0.4531186382612282,0.518112510775378,0.7532833020637902,0.4145403446490643,0.6792353878083377,0.5069211258816093,0.34761169550437626,0.18602808786460165
1.0,0.4059183978478553,0.25539608333746777,0.4793934777399556,0.4550121861106196,0.5207905144563028,0.7396810506566606,0.3949042230604246,0.6821202999752289,0.5267603962294606,0.3699569948092287,0.11776194437411833
1.0,0.4011358541324168,0.2494919837413594,0.4789812160232718,0.4578704243329475,0.4922324788174616,0.7335834896810509,0.41393388063013065,0.6858501459752588,0.5524226076556883,0.3958819549417572,0.047679617637989086
0.0,0.44089074876700013,0.2431743844583885,0.4750257020931154,0.4613190662662315,0.4872754379811768,0.7772045028142588,0.4948672435470749,0.6898859389237941,0.5808874283849392,0.434346112099336,0.31273109407231525
0.0,0.45030638170677023,0.2361781873829272,0.4656545521305154,0.4630388339109376,0.4855107474937253,0.8170731707317077,0.5151172250573183,0.6925420353471201,0.6066416331360786,0.40758275898659735,0.2552348893619128
0.0,0.4509041996711999,0.2369011424311713,0.4758411697446863,0.4631510564419149,0.469111426773485,0.8255159474671668,0.4774277050514015,0.6946518827161037,0.630120405964569,0.413257828654886,0.13761694965595644
0.0,0.4600209236287549,0.23796015140277985,0.4879770257426421,0.4647719270327549,0.4449329118475691,0.9127579737335836,0.6094667554174986,0.6980289953557257,0.6604631591304728,0.5491565590151701,0.8622478087236142
0.0,0.4507547451800926,0.23698058776723616,0.4972918622503765,0.4668644826808365,0.4971381841743768,0.9015009380863042,0.5999852081946603,0.6950303756642873,0.6618556154526565,0.5383132383153408,0.7956018878688872
0.0,0.4670452847108054,0.2372956253230485,0.5092489708568548,0.4660093478263078,0.4761185614155018,0.9376172607879926,0.6598180607943198,0.6926659265001303,0.6688401317359761,0.5859398081909447,0.9950547852225348
0.0,0.4301300254072633,0.23103390574644145,0.5177528325375185,0.4633179398710099,0.4878919170441114,0.8889403054141599,0.6485984764440501,0.6889187328670137,0.6782276960114791,0.574883299848958,0.9310361469041072
0.0,0.4365565685248841,0.22472594531537204,0.5230058327716012,0.4643527571626959,0.5018204954882527,0.7819383259911894,0.6340285481843059,0.6861254804693937,0.6889201927417692,0.5373593870965082,0.9665061390949704
1.0,0.4803941282927811,0.2652802090223965,0.042262587412872976,0.4756968236919926,0.5236745066263765,0.7377097009482131,0.4678574069965236,0.9659562272182702,0.5377748420304204,0.4763144021271154,0.743230347131098
1.0,0.480494671224613,0.2613278197368336,0.024302975658130388,0.4756920717896713,0.5071629456479501,0.7228300510576221,0.38613268249389865,0.9642331834655355,0.5297164572990556,0.4679265584766255,0.4611734889340781
1.0,0.4670219183591393,0.25739848432327017,0.009359286857891058,0.4737772981449677,0.491489482679502,0.6008752735229758,0.3628060054729676,0.9644842521509064,0.5302891310432448,0.447770734113793,0.3181794026995425
1.0,0.4351498089684296,0.2570454567289557,0.0,0.473355808883544,0.5149248639483734,0.5509846827133479,0.3565268841062049,0.9659746458570416,0.5249281444849738,0.4402084269306477,0.1321872675098308
1.0,0.4406796702191837,0.2617218774170835,0.012253928664914315,0.4742091208375017,0.4998333661826965,0.6058351568198393,0.4434657199911249,0.9700291152895296,0.5456550005470402,0.4974789495067221,0.4573280901264736
1.0,0.4350995375025136,0.26558833754790223,0.026929024338932683,0.4772091706779642,0.5059455360645216,0.598978847556528,0.4626506915169,0.9710197879650908,0.5591668851349085,0.4623678411102949,0.5150653629503669
1.0,0.3893022320530867,0.2691719374038435,0.033133680711907976,0.4747659336817041,0.5050310236573794,0.5005105762217358,0.4097330079136154,0.9692947052329804,0.5627074829108304,0.4091881204449082,0.31594749707726555
1.0,0.3598431530263424,0.2734965771762723,0.03464109433573853,0.4744987808778723,0.4981553917611987,0.4468271334792124,0.4508468308557063,0.9689668322638608,0.5887988901685037,0.45033694049727613,0.08261363636363615
1.0,0.3772370802332597,0.2784743950471689,0.03363087116700647,0.4769220299427552,0.493250723865809,0.5045951859956235,0.5735892315657123,0.971742937248634,0.5841647919937369,0.5063967400093614,0.09259326660600399
1.0,0.3826663985521819,0.28169293168130904,0.04195505789644777,0.4778831255790844,0.4998394234164391,0.5582786287381473,0.5699504474521119,0.9735570925936892,0.5651596984925521,0.5023443119577018,0.4446663104311396
1.0,0.3628594409812991,0.28637315133615404,0.05469873762417865,0.4788090225080402,0.5038790084560013,0.5063457330415754,0.5518009023001261,0.9740261188170138,0.5219906760836556,0.488313960957441,0.3324239952751934
0.0,0.3765332797104365,0.290414986407884,0.05948821790427261,0.4809097622203711,0.5058104278027534,0.5906637490882567,0.6965017380371276,0.9750517675573388,0.4837327955346808,0.5699328416400281,0.6260370672441431
0.0,0.3772370802332597,0.29360473741153204,0.059314643766271435,0.4811038662750811,0.5000014813561745,0.6090444930707511,0.6901264699356552,0.9725084252467744,0.4419990758963581,0.5660015974645474,0.6763270084601607
0.0,0.36406595616328175,0.2935349322925318,0.05085740231921288,0.4829728417165159,0.5030455399576541,0.5719912472647701,0.6240736631905931,0.9709501354078494,0.4091012019727495,0.5637483105514669,0.5099953612688036
0.0,0.37160667605067377,0.29197360714226805,0.04382379990995222,0.4801961745465422,0.503927172350679,0.5754923413566739,0.7231121958435025,0.974774305433501,0.4329067800699423,0.6268026954506941,0.6929380839831234
0.0,0.3775387090287553,0.2909156633176897,0.03438067930847838,0.4808943572586696,0.5040352755699639,0.5728665207877461,0.595688188743436,0.9752932321397648,0.4320019588883568,0.5229377710834663,0.6651940535883886
1.0,0.36848984516388494,0.2907133761913703,0.02686063364708491,0.4834268355516699,0.5016405717170103,0.5588621444201312,0.6381184823607725,0.9770926377369497,0.4553875303831586,0.5653036582118603,0.798502352499392
1.0,0.37864468127890616,0.2891493265834222,0.02127009836502497,0.4810846617720157,0.5091973511011804,0.5871626549963529,0.6818208712373344,0.9746702867213192,0.4533688080306956,0.5501328792321709,0.8364957699189317
0.0,0.4029760707822241,0.2880068374959999,0.020618193664110385,0.4804356046840592,0.518311474732183,0.6078774617067835,0.6590193033059684,0.9698930716661368,0.4547200793795288,0.5240053390173258,0.8448013076804131
0.0,0.4045847576915345,0.2860613619964245,0.015875889415938482,0.4807729328113292,0.5289456735228297,0.637928519328957,0.7017898084461207,0.9640068289125427,0.43224539568866177,0.5514084302209274,0.8038479379735367
0.0,0.4106173336014479,0.2866634825546579,0.012840306750600215,0.4778183142303804,0.5183701716533182,0.6425966447848286,0.7849641298720516,0.9576826259678296,0.4062108035189416,0.553262683086693,0.8511850853747434
0.0,0.410516790669616,0.2875584575771599,0.014190630660038615,0.4778319242145012,0.5236813367451508,0.6481400437636761,0.788610309888322,0.9532202726528952,0.3905163733475968,0.5564354630451874,0.8951662333819449
0.0,0.4112205911924393,0.29062753924460605,0.02642239197580465,0.4780677868548074,0.4982779810285763,0.6825674690007295,0.6771762443606243,0.9470069114653774,0.3608426420243551,0.5053134967837652,0.9997849051192575
1.0,0.3679871305047255,0.29211549076918475,0.038025607981620864,0.4760315727317619,0.499905070635232,0.5889132020423048,0.7257673249020042,0.941890162284852,0.3342199602144321,0.5308940457618934,0.906416704770614
1.0,0.3693947315503721,0.2945881987210015,0.043873087375060134,0.4760833373142498,0.4970208749195049,0.5719912472647701,0.6787885511426666,0.9364683851123228,0.3033343299950567,0.496055575849937,0.9186607732561082
1.0,0.3584355519806959,0.2971771326053845,0.04901774052012686,0.4748613757177935,0.4996206228846977,0.5763676148796499,0.6270763996745798,0.930308242831012,0.2769352036912404,0.5147808742570552,0.9330670634609852
1.0,0.3420470540920973,0.30175623238296145,0.05848080731987504,0.4765572462866797,0.5069899479630877,0.5473579262213359,0.7335626063161008,0.9226253177154032,0.2451889911294294,0.5609361254855841,0.9258126095028898
1.0,0.3022320530866681,0.3032864366180914,0.06690663957498727,0.4745520388829842,0.5049585960109807,0.4401549744015496,0.6578951261001401,0.9116645088252592,0.18090980133207674,0.5306990997734774,0.9835085313833032
1.0,0.2934848180172934,0.30480539612931645,0.07340945233592705,0.47285809650778293,0.5041670175662331,0.3889580738895808,0.635330227054212,0.9096107307582316,0.1754269054147909,0.5213566452659361,0.640760197775031
1.0,0.29931630806354315,0.30581667067490503,0.07721669884163151,0.473844492533311,0.5027843685055712,0.4193994741939946,0.540056208860291,0.9122802984896624,0.1908920018645288,0.4692378292372749,0.8772613320685668
1.0,0.29599839131309075,0.3065945596334436,0.08297403682763238,0.4770319765190398,0.5028913367539668,0.410543794105438,0.44936765032172143,0.9154264435545432,0.2173346716193912,0.478635112835455,0.8251914086320201
1.0,0.2899658154031773,0.3066198356395993,0.08649690643667833,0.475727026953897,0.5099506414237469,0.3668188736681888,0.3457288662081209,0.9184932588670572,0.24095082205778875,0.4801856930661413,0.3105859805080943
1.0,0.28554192640257403,0.3067701381836705,0.09421638735428116,0.4749973326248773,0.5032637656717999,0.35298187352981875,0.24896087567487615,0.9235832023811871,0.2852729479779078,0.4962846234615496,0.3005138033682672
1.0,0.2958978483812588,0.3095860793795833,0.10026603310060744,0.4727782790730355,0.5030448220486999,0.3773349937733499,0.2479550329117665,0.9292281038998867,0.3332730262810032,0.4962180052735194,0.3113365868713946
1.0,0.2861451839935653,0.31267994310323033,0.10595552156768012,0.4752791528458942,0.5022338746270403,0.3718001937180018,0.19626506915169,0.932594243552734,0.3739224583445876,0.5233123846025852,0.2070654928387748
0.0,0.31731349286145194,0.3151357467310172,0.10033640837503832,0.4797443159441202,0.4909431358943471,0.4606002466767166,0.3220915612750538,0.9390563659002706,0.4309957507983508,0.5183415819295429,0.4772711205372921
0.0,0.33048461693142983,0.31518802850827576,0.09407274937940137,0.4777880970643776,0.49995515407458,0.4786898725503632,0.2760076917387766,0.9385624086446036,0.4351827704724064,0.5013401425946644,0.4825379992930354
0.0,0.325558013271667,0.31753193379850103,0.08394251890824994,0.4769388552619291,0.4893894777927114,0.45566671234754,0.3027364839878708,0.9377682404096196,0.4316417583385007,0.5144667105153115,0.3861240582034449
0.0,0.3092700583149006,0.3218098168389805,0.07487407432510547,0.4751923989901362,0.5021130809092353,0.4552891320673748,0.3594778492715039,0.9359953556388094,0.3950370120240753,0.4889408271962859,0.4439098548255069
0.0,0.29941685099537513,0.3345335823593554,0.08068009293225438,0.4776081358025986,0.5022027081071953,0.4437560347602187,0.35488499371348303,0.9346121034885844,0.3877024574037666,0.4853612385664646,0.3163267010808739
1.0,0.2330585159863261,0.3438815164982363,0.0888145992251782,0.4737811964574569,0.5064698079384299,0.3521158891296908,0.2635973670586496,0.9355953591689988,0.3932558934729576,0.4885765986730897,0.16425266041864994
1.0,0.2420068369193646,0.35239215489565234,0.10590127425149548,0.4712292359388784,0.4909160882167666,0.3621535302840195,0.30902300125730353,0.9415157353826179,0.45030684243707103,0.4615479050614511,0.1857030688785309
0.0,0.2700583149004626,0.35005044746637903,0.09794995063869273,0.4712945043526061,0.5067137689782851,0.4180449412569863,0.41487316026921095,0.9477037459044066,0.5011582068114853,0.5067313703978429,0.4287241684625538
1.0,0.267745827468329,0.3475448424830621,0.09534584008545854,0.4702336147220326,0.4912397733403913,0.3687692483175545,0.28093336291694376,0.9499691887460632,0.5275540350080806,0.4798757617956039,0.21620808900917166
0.0,0.281821837924794,0.3463109546330365,0.08997112054494487,0.4684716514922676,0.4903104933024815,0.3970571461161171,0.32906589749278936,0.9564414984173392,0.556197954874171,0.5021940222247199,0.3303763845035837
0.0,0.3072591996782628,0.3457426938118324,0.09070888433545443,0.4719939843777792,0.486421062502827,0.4597924033306717,0.4188299681976189,0.9600342756672562,0.5601424667575234,0.5022804845766878,0.4401510215673503
0.0,0.3163080635431331,0.3492405473866453,0.08794483033435646,0.4729702077671058,0.4931584216396354,0.4513516596327137,0.3184453812587826,0.960632915223653,0.557105748742888,0.4257437706394667,0.19395579612088465
1.0,0.26271868087673445,0.35071883973853524,0.08527437692865425,0.4698938161585192,0.503748215963536,0.4002509410288581,0.3377338954219361,0.9672474372053608,0.5928919954838897,0.44085300522586623,0.16263218563624576
1.0,0.2563844761713251,0.35424073611383955,0.07829555952257916,0.4684286025343238,0.4965270276566388,0.3582753507471197,0.3164854670512538,0.975732645387038,0.6584844941934114,0.4210638413527434,0.059322741776508474
0.0,0.2946913331992762,0.3530163843230314,0.05965617453472405,0.4699750826390228,0.5139043008887844,0.4383483517736968,0.4365357591894091,0.9882129146598242,0.7571057542838184,0.4942262067081685,0.06515601783061017
0.0,0.334003619545546,0.3466267519934881,0.034357960762649416,0.4715192916626553,0.4995084362671442,0.5168244553439031,0.5078692404407964,0.9954380491114628,0.8269286771774136,0.5495213147702578,0.1865141481035523
0.0,0.40146792680474574,0.3421584238270841,0.023941308984354315,0.4764082882034792,0.5066310779525728,0.5740846355651876,0.5591968049700463,0.9993991663093679,0.8981530245380854,0.5455851409179302,0.3336544250451514
0.0,0.4102151618741203,0.3370420711412057,0.02158511433130078,0.4777551334315679,0.4991532980002907,0.6304323029542602,0.6387397381850454,1.0,0.930516273621946,0.6327820264204569,0.7126429861529197
0.0,0.4047858435551981,0.33733423555337705,0.024213858307694902,0.4769660965473839,0.5019120411320701,0.6087601231892322,0.7282005768804082,0.9961854005565632,0.9358755720022154,0.6553076933757574,0.7589102950030095
0.0,0.39744620953147,0.3347166519145368,0.019968660437929664,0.4759495989135706,0.5038773319822061,0.5900536101288925,0.7610531765401967,0.9899797813143864,0.9038031098608592,0.6392159289748066,0.8457104017722284
0.0,0.39975869696360333,0.33546970749206784,0.02450659999487653,0.4761853645179926,0.5011219314625994,0.5827535074711987,0.7900673027142959,0.98295041460211,0.8741178295681926,0.6560619140187768,0.8321155917755598
0.0,0.38869897446209534,0.3357966932639829,0.02910625150372748,0.4749945578500711,0.5188103908517117,0.5984943538268505,0.8999926040973298,0.9772513799062932,0.8652102176390277,0.7178663349292791,0.9860246751828792
1.0,0.3747235069374625,0.33850127430866195,0.037040621433409804,0.4729654767528138,0.5184404587945756,0.5572031481692712,0.7834775534353966,0.9690057541740388,0.8405178963172133,0.6389752386954207,0.9992632448482957
1.0,0.35019103157048065,0.339473756872164,0.038624110626984835,0.4734755489030827,0.5121601315066946,0.5282308657465494,0.7515864211226979,0.9648775389071332,0.8352981774489907,0.6682315969669332,0.9735161352285808
1.0,0.3274683289764729,0.34308556986037075,0.0454638746694444,0.473917566219493,0.5110880417738648,0.4837458651762288,0.6826640041417056,0.9595069499448194,0.8104114048638955,0.6610562481027852,0.8525478030919451
1.0,0.3167102352704606,0.3446223509890354,0.048100511995036836,0.4727233084617402,0.5075260364427157,0.4860271472567582,0.7504696398195396,0.9558758349414151,0.8034206338065615,0.6732771537196911,0.948975378103545
1.0,0.3100744017695557,0.3481299369461821,0.05474810559697418,0.4715480433554087,0.5130414202047627,0.4575111212501426,0.7357961689224166,0.948230423414357,0.7579873497641254,0.6660294058782708,0.8235946936457946
1.0,0.30484616931429737,0.35254148899729604,0.06369044204522639,0.4712752799791372,0.5160664847224621,0.4835177369681761,0.8249833592189929,0.9428734556706851,0.7246886815366796,0.6708379634753469,0.8505908452936114
1.0,0.29609893424492273,0.3565358747554779,0.07315411136880601,0.4705172803736967,0.5041631581485764,0.5001710961560398,0.8578433547814517,0.9380143071680124,0.6852793304497611,0.7172561088782302,0.9754141627415956
1.0,0.29308264628996594,0.3557904846882338,0.08085226638834557,0.4698390728185336,0.493585119223303,0.4766738907265883,0.8110568744915314,0.9323978495691684,0.6747844083878811,0.6460043760950248,0.997576621525302
1.0,0.2900663583350092,0.3535890341455574,0.07206629707982898,0.4688742424642637,0.5028077172422224,0.4349264286529031,0.7811404481917017,0.9270609228900372,0.6934228214586755,0.6320519520935812,0.9417225150194116
1.0,0.29298210335813396,0.3510685665158868,0.06496068109613129,0.4694153583940988,0.4928768638018224,0.4515797878407664,0.7301235115745879,0.9218874842447646,0.6776321097256499,0.6232145252307764,0.9164768907107396
1.0,0.30374019706414657,0.3508271436084174,0.05823868027699125,0.4706835753226027,0.4950707018562098,0.4481578647199727,0.6981732120405298,0.915791474032268,0.6475725670804928,0.6058514823166734,0.8623578832016805
1.0,0.2981097928815604,0.3538310163677263,0.0679552493623996,0.473574490870059,0.500263377367031,0.4388046081898025,0.7329117668811477,0.90888145549624,0.5835942015669809,0.6268816111946875,0.7867677275010263
1.0,0.28101749447013885,0.3555523425412255,0.07179896141256559,0.4719963132270849,0.5011519948804972,0.4611611725789893,0.7947563050070265,0.9016002129805992,0.5376769947051877,0.6213766628437476,0.8398931555636728
0.0,0.3065553991554394,0.3557563639923651,0.07184591703285187,0.4714537845414208,0.5067296133785223,0.4667141509091569,0.8369425338362545,0.8938390085606294,0.4745837397075599,0.597019997389189,0.8827748360072696
0.0,0.3161069776794692,0.35314414839242936,0.06977251271322228,0.4689421762833509,0.5204430943934114,0.4701166842086162,0.8278529694549224,0.8833824330015678,0.3850362290046143,0.5932183241050552,0.8544582968795561
0.0,0.3184194651116028,0.3545288014075938,0.07284938718982464,0.4694730275106578,0.499279001450129,0.4943880884114252,0.9530729975593524,0.8746893230241715,0.31506224766218105,0.6067634599709493,0.90215108508878
1.0,0.2655338829680274,0.3534292363348559,0.07210940282334233,0.465122805742316,0.5097956484760057,0.3891363916814865,0.8252348199097705,0.865041096755385,0.2586108732947794,0.5667346229152864,0.9713827881987004
1.0,0.28604464106173344,0.35393657895368896,0.06975203615922265,0.4675653981273101,0.5087747581806761,0.3818776539759737,0.7544190518452782,0.8606649628885201,0.2377725153455347,0.5582141075024853,0.9754761335564596
1.0,0.26312085260406204,0.3530637283603171,0.06791079446359005,0.4681284489098489,0.5092377039507132,0.3566989075599754,0.7356112713556692,0.8562574872527657,0.21275711436046288,0.5500945643765001,0.890476383211236
1.0,0.2512567866478987,0.3572680849094589,0.07468845680960412,0.466010105652329,0.5069385258049658,0.3222199034587884,0.6560757340433402,0.8521796049752639,0.1808000604998881,0.5533218393064963,0.7218197272028172
1.0,0.25789262014880354,0.35899813517900325,0.07857607430999357,0.4673248323817836,0.5069852885144677,0.35828675643305624,0.7007100066563129,0.8514036892617283,0.1723124491739088,0.5912307212411785,0.8827255433682767
1.0,0.2588980494671226,0.3615812472057041,0.07206382056249266,0.4671699315177283,0.5062148855700784,0.34263510325554386,0.693669107314548,0.8484702999452769,0.1487389808408771,0.5843936395829128,0.8847290241631928
1.0,0.26030565051276905,0.3629402922195495,0.06431335747851707,0.4675515289278465,0.5072015778539716,0.3566989075599754,0.6523851786110492,0.8454462041995818,0.12641718800135465,0.5475174605900363,0.931335249119682
1.0,0.2573899054896441,0.3636012486117224,0.05289607587144196,0.4670630619356955,0.5082407649947023,0.3496670054077596,0.5765032172176615,0.8399989993318668,0.09430049317434892,0.5475044127153441,0.9215298687567512
0.0,0.2712648300824453,0.363131855991055,0.050162907556899734,0.4651613748538066,0.5210341626031572,0.35397688092040785,0.6138451297980918,0.8371562607982048,0.08198909451940589,0.5699026929339495,0.8554715333164777
1.0,0.2419062939875328,0.36438782802219016,0.05268468011231908,0.4599326430706142,0.5232082792295736,0.2795748194388995,0.4292212114488571,0.8350217057710052,0.0704896720786401,0.5021915594353031,0.5836991748454259
1.0,0.22320530866680086,0.36689134412042224,0.05888143028483234,0.4611028092427686,0.5164196259255612,0.26505734402787345,0.3809703424302936,0.8385700291026337,0.08486280859679074,0.476582722861989,0.5874704491725764
1.0,0.24753669817011864,0.3687513196023877,0.06929689918661353,0.4609253767679114,0.514054203134378,0.30021685478895205,0.4386435914503368,0.8392658506746571,0.08202002779702383,0.4592191909199774,0.6950723660648456
1.0,0.2501508143977479,0.37010319470512704,0.0743237429602232,0.4609518313069366,0.5107905289994588,0.2845652016114397,0.4665113527105982,0.8349270532899362,0.042016122367831865,0.4771991427285857,0.6630290517622774
1.0,0.251960587170722,0.3699556319620232,0.07756798927971464,0.4616673373849146,0.5222294890740086,0.31428065909338365,0.5732564159455661,0.8339710482938059,0.03675345886348708,0.4908034966691314,0.7838287652474358
0.0,0.2634224813995576,0.3710131649736064,0.08043549198299971,0.4627841135599805,0.5358762860741173,0.29454596595652005,0.4273056726573482,0.8311139455407304,0.013448029185500364,0.4636253599953506,0.7803948005983109
1.0,0.23315905891815825,0.36839244910704494,0.07649368793883354,0.4610262576925024,0.5414646656603765,0.2276294777338222,0.3673249020042897,0.8306379964024624,0.01970395269747266,0.47839828701739295,0.5742227671861407
1.0,0.2412024934647096,0.3709560302150736,0.07377028450507478,0.4617400994459744,0.5165679768579925,0.21129731789641795,0.30201908142888834,0.8299561332870204,0.0,0.489900365185132,0.4548690768135429
1.0,0.2156645887794088,0.3717250658089224,0.06182583660113666,0.4613657592999004,0.5359851808782886,0.17795249156171725,0.2515124620959988,0.8333949697766576,0.010952593130705124,0.5098384693197302,0.3312960859610222
1.0,0.2430122662376836,0.3763505236527922,0.055289655344780315,0.4617846335070183,0.4990031779300426,0.2106168112365261,0.1561570889727088,0.8392476771894204,0.0351752625898471,0.5275275249401644,0.29006031562422474
1.0,0.20943092700583155,0.3733484891399729,0.0482430942512751,0.4596105512210012,0.5252136549652427,0.15436159401880015,0.0,0.8454555801739461,0.06043861289644802,0.4532209385115417,0.03703982874544067
1.0,0.2462296400563041,0.37155567692645697,0.047076594841022834,0.4646308320550045,0.5309942928486698,0.14778336297317884,0.07221359366910696,0.8559028663829801,0.10755230595308383,0.4363354551575525,0.0009082217973226717
1.0,0.2716670018097728,0.3678224231712521,0.04240698516937525,0.4649526752618547,0.5202778958178176,0.18498439371393305,0.1309814362842982,0.8645243302884129,0.14250466704533832,0.4094945963180941,0.0862495860209112
0.0,0.27900663583350105,0.36342314444426105,0.03520118831730118,0.4623711761434511,0.5292231416492168,0.19110895365295988,0.07996449966718439,0.8714924588387303,0.1910563831390304,0.4308184462664726,0.045740260129914605
1.0,0.3153026342248141,0.3607232593547853,0.028906864775714306,0.4674423426532334,0.5382174635360453,0.1790866693282039,0.11587900303231975,0.8804721087532108,0.2503516402644739,0.4023566134467396,0.01328732221756342
0.0,0.3273677860446412,0.3606199085441766,0.027380812912559397,0.4695515254481893,0.5234893650760033,0.21356567342939065,0.12881443680201116,0.8886889897829133,0.3047879842281779,0.4078952861010608,0.04418357145160709
0.0,0.30333802533681875,0.3653312754943827,0.032148080212710484,0.4695338644407317,0.5305677824049925,0.1892942692265813,0.13382885881221795,0.8979944140117571,0.34813892122925083,0.410182159107548,0.06113135743541754
0.0,0.3100744017695557,0.36984304616081604,0.03535628659978862,0.4668297373978462,0.5381330699875043,0.19110895365295988,0.1684860587234676,0.907676921446104,0.3893197828435302,0.4265211788022129,0.10060926584359263
0.0,0.3225417253167103,0.37369110125117855,0.039609791230551306,0.465196161239015,0.5228253277989725,0.21832922004863345,0.2071592337844831,0.91460482992724,0.4100124390849291,0.3964688224632563,0.1780092551233719
0.0,0.2964005630404184,0.3818102656084257,0.04852208260357816,0.4645098937267316,0.5359616654231811,0.1790866693282039,0.19076991346793928,0.920137918157129,0.4138841267096592,0.3733479584156051,0.036448748414301714
0.0,0.29499296199477176,0.3943625270943314,0.06766250814961773,0.4652335840803614,0.5193870950870132,0.2335272021195513,0.2889505214111381,0.929280400833388,0.4502574690089365,0.3759303420394178,0.17973777348777348
0.0,0.3038407399959784,0.4125483631233245,0.09397402051868052,0.4675283955200769,0.5023830638559554,0.3147343301999781,0.33863619554766605,0.9353244032554956,0.4756162816417734,0.4060632860863012,0.3299549549549543
0.0,0.30062336617735785,0.4270222783487845,0.11812033039976065,0.4686014457192048,0.5057816636182312,0.42270805356948427,0.3381480659714513,0.9383504048901591,0.5108852909125837,0.4050355454066487,0.3069095881595875
0.0,0.289262014880354,0.4341418080082331,0.12337716055612295,0.4706599692100552,0.5072868332170313,0.4081905781584582,0.3433325937430667,0.9423097861275632,0.5318405175834011,0.4086371047375167,0.2005509974259981
0.0,0.2916750452443193,0.43515631761579465,0.1199388479870696,0.4704393494801322,0.5335440139272511,0.3746189162704605,0.2669846904814732,0.9478640005749116,0.5713986829908555,0.35935914387148205,0.025619369369370724
0.0,0.34385682686507146,0.43785709845451226,0.11559648304444388,0.4781411763468254,0.5299113961165258,0.5091323993757486,0.446490644183122,0.9584673569295374,0.6354690214293552,0.4751096556358057,0.2700783421784172
0.0,0.3402372813191233,0.4394422182542361,0.11446079125622155,0.4779586085094666,0.5281272065336896,0.533630639131855,0.4447008357370017,0.9619795705381846,0.6693595860920043,0.4733131311011958,0.2508264570372482
0.0,0.3599436959581742,0.43922798051765,0.1107844386337684,0.4768801996768509,0.5283595742502682,0.5431577323703409,0.4887064566230309,0.9671294106476818,0.7111562743743107,0.4756605572517622,0.07945729568882845
0.0,0.35843555198069577,0.4338998717682152,0.09882538699638482,0.4765690740745328,0.5148631484208608,0.5315891191521794,0.4855705938909846,0.9713214118514396,0.7628789460077359,0.4723610716342165,0.15756845796875402
0.0,0.4083048461693144,0.4302481599512391,0.09375427137663228,0.479731546914356,0.5158551487967818,0.598959278481472,0.5866577915834625,0.9752402612925511,0.8135532733047379,0.5566430795231213,0.5391184573002739
0.0,0.4237884576714257,0.4310398308992265,0.09800132850029952,0.4781734997976281,0.5173462748688444,0.6234575182375784,0.6574735596479548,0.9750037360267972,0.8394348380337244,0.6231579688263259,0.7759543486816206
0.0,0.4232857430122664,0.4356401056012187,0.110177131355586,0.4784659572941533,0.5226434208145784,0.6958180597394115,0.618038606611937,0.9713988690818188,0.8250225646647342,0.6113639347127645,0.6941106400868854
0.0,0.3917152624170521,0.4373487956858906,0.12016954489496284,0.4778052481618688,0.5153992753433424,0.6434190469277393,0.6686709562902153,0.969118865965172,0.8176933839555965,0.6602203586592442,0.6614231160004196
0.0,0.4088075608284739,0.43334097724325815,0.11726970391516395,0.479984889323703,0.5125463800788372,0.636613980328821,0.713578877301975,0.9646939848200328,0.7929329454279495,0.6961903104313172,0.8513124721933852
0.0,0.4059923587371808,0.4335345121664807,0.12125067918261262,0.4794121014788747,0.5103432870673338,0.6053106739737959,0.7708453516751724,0.95858638457363,0.7724165449227303,0.7357706982580559,0.8047802500196558
1.0,0.3707017896641866,0.4348999345553493,0.12340521037903725,0.4751361140182563,0.5183093285591241,0.6103010561463361,0.8204200872716518,0.9527090715633622,0.7515679650025702,0.7237981299003231,0.8399103040429139
1.0,0.39985923989543537,0.4417607904822392,0.13073665786454686,0.4753131846479735,0.5163977795516732,0.6445532246942257,0.8268619184971522,0.948652425308146,0.7474753709964279,0.6852986038760843,0.867078379314325
0.0,0.3869897446209533,0.447750209263774,0.14020405402401626,0.4739779445174565,0.5211789771232054,0.6756296954959534,0.8073663190592409,0.9445955063348932,0.7393558643255029,0.628954903970663,0.9296988990582298
0.0,0.3460687713653729,0.4504078718480207,0.14228967968174336,0.472788621306141,0.5206175114830079,0.6411667583929552,0.8225057318245693,0.9396890701685016,0.7347119258130155,0.6383583639466672,0.9797005939305192
0.0,0.3717072189825056,0.455034467911609,0.1541770816009209,0.475778128618917,0.5216243037036137,0.6198128783709409,0.7601360846091261,0.935454382072444,0.7502002745064351,0.6232223505963187,0.8838075810245403
0.0,0.3505932032978083,0.4595125546574721,0.15974407744209118,0.4737150194487559,0.5093725022341395,0.6577528337184989,0.6648546705125362,0.9312307901631836,0.7570928333860463,0.5337027713136232,0.8809766657646587
0.0,0.3299819022722704,0.4696631037872652,0.17338308626801044,0.4717093888197626,0.5136725282697404,0.6410441601320678,0.7661637452851127,0.9271285400807516,0.7668124868874411,0.5457876060810919,0.8966299619075376
0.0,0.34787854413834723,0.4744593517358968,0.17684884571152146,0.4740862607871734,0.5197389594364465,0.6661687082959866,0.7417942459877228,0.9190532726794192,0.7337204207802088,0.5753120792485822,0.9984071133089248
0.0,0.3122863462698573,0.4759035694835405,0.17729704895281226,0.4729046839277049,0.5145799171968437,0.6008365700627428,0.7234524073663189,0.9130318330052992,0.7265570214615833,0.566523466788941,0.951028817454238
0.0,0.3032374824049872,0.4782134219797465,0.1908181124299605,0.4720280940876295,0.5214615028679996,0.6009043546643076,0.7308039346202206,0.9070424114215332,0.7104099089981188,0.5740219342627292,1.0
1.0,0.2720691735371003,0.4810278539357893,0.20559699469083773,0.4714636556158073,0.5200508104128381,0.5430060816681146,0.7444937504622443,0.9006595985613328,0.6949860362815032,0.5830675169226079,0.9333352229245216
1.0,0.26362356726322145,0.4826430653854312,0.21835115532460486,0.4741880978847418,0.5182378228139021,0.5367470458257277,0.7426891502107833,0.8947728562089696,0.6888081236410104,0.5807904778551318,0.9813017960893028
1.0,0.2531671023527046,0.4879423184965681,0.2259714928709709,0.4763562425410683,0.5197245606631052,0.5175194393779398,0.7303601804600252,0.8890208702303108,0.6853363033573627,0.5746729632740272,0.9100743337160808
1.0,0.2272270259400766,0.4902167505184094,0.2288575866634791,0.4738989901708333,0.5167422441392854,0.4944778665708899,0.7643221655203019,0.8822572588595003,0.6735033990550527,0.5524728126281357,0.9902909904868488
1.0,0.23476774582746834,0.489297266118327,0.2253629481124651,0.4744584050701813,0.5202121484932292,0.4776693815447954,0.8203757118556321,0.8741773368154366,0.6324712416038769,0.5829905688356279,0.9531652580124736
1.0,0.24311280916951555,0.4840967523796586,0.21860115860010407,0.474970023474036,0.5215853316431103,0.4545780005370089,0.7930404555876052,0.8665053140425802,0.6031238902059971,0.6206796875431759,0.8918802075145426
1.0,0.2405992358737181,0.4819019816500823,0.21520688346975805,0.4783321449088237,0.5339080019018381,0.4518929562337778,0.7806301309074775,0.8616540041520422,0.595967828955443,0.604200032592397,0.9369595975475556
1.0,0.2254172531671025,0.4822826437487486,0.2174192474902768,0.4798437060389698,0.5327762069560702,0.4304126018079297,0.6876266548332226,0.8555755407754102,0.6021609191287939,0.5859200167891484,0.9704022569191108
1.0,0.22612105368992566,0.4794285845417559,0.2120318720526144,0.4798098502403619,0.5350663740335749,0.4250425132014677,0.6708897270911915,0.8514465848677804,0.6144179052108758,0.622570703738807,0.9316357799503854
1.0,0.23577317514578736,0.4724970166161842,0.2013283842534126,0.480426116192281,0.5176066505516332,0.4003401056117426,0.5838769321795722,0.8461853456884032,0.6188271144012567,0.6123009738423506,0.6840799649788403
1.0,0.2419062939875328,0.4702123108259868,0.19541746195098605,0.4804046827643941,0.5237220704806339,0.3656135326232884,0.5562088602913983,0.8442159964577078,0.6497263651555003,0.5921101929412425,0.5251228172576485
1.0,0.21566458877940886,0.4732246118251262,0.1979993809731177,0.47763664477638,0.5357034452016396,0.366508547391032,0.5484283706826418,0.8446077320928074,0.679297805871445,0.6341072507452844,0.5130113332360532
1.0,0.22049064950733974,0.4801439902594975,0.2028766520500688,0.4786958435416768,0.5239927200863077,0.3938959992839882,0.5671178167295315,0.8459205816643038,0.7065752197495309,0.6502409881771394,0.65491998638066
1.0,0.21284938668811595,0.4797624312409208,0.20009924859592484,0.4812223141210534,0.5319242996617092,0.38190280139622296,0.5340803195029956,0.8447595283257596,0.7173942151001944,0.6717813023515972,0.5833211732088142
0.0,0.2460285541926404,0.4766265248613988,0.19506969644369207,0.4817428142003423,0.5167991476976874,0.4023091381007787,0.5745506989128029,0.8431337143024984,0.7434268879578344,0.6573904725117052,0.6496181720900832
0.0,0.29077015885783225,0.4712031340085283,0.18752381318006567,0.4840034907773797,0.5355401948203048,0.4646021659357378,0.7131499149471191,0.8405364801847419,0.774798004167746,0.7426625532006522,0.959628386594678
0.0,0.2600040217172733,0.4686465661660733,0.18204771449781487,0.4786492792299125,0.5348874345322289,0.38727289000268494,0.5955180829820281,0.8328772745362567,0.7568378501405033,0.6925557354826936,0.8860370296103192
0.0,0.2726724311280918,0.4651549040725249,0.1767755045654819,0.4805886653673579,0.5327230829360654,0.4171663832453236,0.6255380519192371,0.8304208940963862,0.7626891938005433,0.6811072320139945,0.9600628300247316
0.0,0.28745224210738,0.4634798345962774,0.1801670664520695,0.4821749071921147,0.5336325685991227,0.4023091381007787,0.5983433178019376,0.8260905752781096,0.7592585837042689,0.7017671872999766,0.8817749492971524
0.0,0.2966519203699982,0.4617527033950126,0.2079141782453517,0.4835674698689661,0.5304613700068121,0.42325248366598056,0.6128097034243032,0.822833058849679,0.7759377750307401,0.6728157387538778,0.9362141408287464
1.0,0.2703599436959583,0.4615419201921562,0.2316070906417672,0.4831510702226323,0.5366634338762999,0.3815447954891256,0.5701575327268694,0.8190197301552955,0.7847695360901157,0.6312405310887711,0.7672060753051562
0.0,0.28453649708425505,0.4622843694492635,0.2586740157133223,0.4813286826151179,0.536556545903244,0.3876308959097824,0.5707196213297836,0.8161105788631888,0.7804093036528299,0.6320004920234938,0.7905848674008985
1.0,0.2842348682887595,0.4603924126886478,0.2546172372997467,0.4814452704020588,0.5238868597905311,0.3964020406336705,0.6213297833000516,0.8129332774717672,0.7790900962639051,0.6822286083862201,0.7314222098524905
1.0,0.2910717876533281,0.4547439913785048,0.25023827594940873,0.4820612449339482,0.5203212745382714,0.3824398102568692,0.6085644552917681,0.8094334309754299,0.7703770670617154,0.6713719465247588,0.6533736233151753
1.0,0.3136939473155037,0.4518337004655622,0.2406967956430549,0.484627817226116,0.5241199658409373,0.3582744115277901,0.5488869166481769,0.8089868413648118,0.8059440346547709,0.6071071068235205,0.3633258618849397
1.0,0.2841343253569275,0.4559002920981095,0.2479568800745221,0.4845382525447183,0.5269277360845345,0.34699722545422,0.4929738924635749,0.8108468727976899,0.8513247668957573,0.52829349904442,0.3682712491550128
1.0,0.266840941081842,0.45110688683330297,0.24107873967300897,0.4830663510189294,0.5331735796173139,0.3736686655329812,0.5655129058501587,0.8130328089626107,0.9062476357432052,0.569397939384487,0.5095883587718352
1.0,0.37512567866478985,0.4489257496507868,0.2441163106072793,0.4940289334984749,0.538517340315767,0.3895999283988185,0.6181051697359664,0.8117741825237106,0.9504725168740636,0.5930165694712118,0.6802220087522673
0.0,0.3355117635230245,0.447641780492738,0.24715123126744398,0.4893786052276566,0.5358316875142043,0.39568602881947545,0.6554322905110566,0.8088814027625209,0.9609695721602602,0.5826900991314816,0.7125630571487787
0.0,0.29097124472149616,0.4521263572870993,0.25466747778123433,0.4879771270182955,0.5351130508662962,0.39138995793430603,0.7017528289327717,0.8051359488162293,0.9653627082654632,0.5819447703814165,0.7861860908224834
0.0,0.3474763724110196,0.450611469911343,0.2505923999484768,0.4950205050826987,0.5349433048368558,0.3856618634207463,0.7108128097034248,0.7992627639742649,0.9304957851268424,0.5901282507606921,0.7383639509020521
0.0,0.3432535692740801,0.4427615143503161,0.2365515448599426,0.4962783662382871,0.5414433182722723,0.3781437393716995,0.7999186450706313,0.7954739546740901,0.9389621822957824,0.6028244236154822,0.7998795798675384
0.0,0.35220189020711856,0.443982787279555,0.23348989740743264,0.4938001039611903,0.5369318772112366,0.3921059697485007,0.7876636343465724,0.7921003899311554,0.9563260911480138,0.5733965259571362,0.8835617845913568
0.0,0.3534084053891013,0.4416911068848513,0.2242546600558511,0.4940234468865393,0.5410770259167669,0.398729079029804,0.7625101693661709,0.7877437891863956,0.9969462185040529,0.5272149503642243,0.9148599494461678
0.0,0.37683490850593215,0.4424969136635011,0.2158435222462742,0.4932763783692976,0.5399673419880977,0.39926608789045015,0.81213667628134,0.7799557882082382,1.0,0.5581244195644273,1.0
0.0,0.3492861451839937,0.4461088045009776,0.21699448542875285,0.4935439585800314,0.5398241260757444,0.3874518929562337,0.8544782190666376,0.7714321997123585,0.981718252016592,0.583751933567645,0.8772865527138758
0.0,0.3324954755680676,0.4523400041011802,0.22297622757407845,0.4917530912712818,0.5367865784544544,0.3976550613085115,0.8740551734339176,0.7670314138677989,0.9575960168657374,0.613947009105651,0.9504410212370052
0.0,0.34194651116026553,0.4561972444483256,0.2307828236304429,0.4892317025456265,0.5384549297809835,0.4028461469614249,0.7888617705790995,0.7616542934730803,0.9250367284863056,0.5573360206626112,0.9559843400447432
0.0,0.3447617132515584,0.4612016118728382,0.24083963323163984,0.4897214205987328,0.536513848359439,0.4164503714311285,0.8516012129280381,0.756325821948107,0.9077656822167957,0.5330125410979605,0.95909768829232
0.0,0.3163080635431329,0.4668423521384297,0.2504383455418947,0.4866343842216487,0.5374551045779882,0.4211044482233957,0.8640115376081652,0.7486278126108361,0.8637121442328562,0.5393669653842977,0.9592917362975756
0.0,0.3106776593605471,0.4684560505609383,0.2526197268043706,0.4857938630004163,0.5385700523008667,0.4092902532891793,0.8499223430219658,0.7412936716016005,0.8288301003609693,0.5829639819407041,0.9445706667668092
0.0,0.3401367383872914,0.4677091126314692,0.2488893546905528,0.4856937140660091,0.5435714299468581,0.4200304305021032,0.8843354781451074,0.7349592284097948,0.7969430607377048,0.5448887782496776,0.9847683274228232
1.0,0.3090689724512369,0.4650264517481282,0.2489021209090424,0.4853475633744673,0.5442975255206511,0.3888839165846237,0.7832260927446199,0.7272739503101866,0.7740954592870397,0.5310378322515632,0.8373561792821846
1.0,0.3207319525437362,0.4642698512316725,0.2461634527629549,0.4867087547562318,0.5424814026592027,0.3865568781884899,0.7847348568892836,0.7223695172356823,0.7802109998505571,0.5318526072391608,0.8328340552195239
1.0,0.3324954755680677,0.4645677196226466,0.2474927989786906,0.4880900780511802,0.5346572436170257,0.38387183388525903,0.7957547518674658,0.7150142981080749,0.7745053560174604,0.5375803261028925,0.8116926482092777
0.0,0.3430524834104162,0.4675602797359417,0.2467095133499347,0.4899371381026028,0.5584620651015865,0.4398997583460126,0.9046372309740408,0.7071164467757621,0.7370156060807775,0.5643058236249588,0.9585948978228932
1.0,0.2495475568067565,0.4717635206627131,0.2465001695547489,0.478917675013823,0.5542836292087371,0.2836301798979682,0.8748613268249394,0.6949194804357028,0.6741932421714039,0.5530704776593676,0.9824309721652952
1.0,0.2387894631007441,0.4743934032609256,0.2457048500280057,0.4771009625475373,0.5542585084236621,0.2641188579611564,0.8979809185711116,0.6823138580319159,0.5671689739667771,0.5646605876845664,0.993641640571298
1.0,0.2342650311683089,0.4752594557717416,0.24606529605238064,0.4761166792640492,0.5589932685622905,0.24782958918822146,0.9845203757118558,0.6725138654778648,0.5167147170918793,0.6036185309034658,0.9712132279699844
1.0,0.2334606877136538,0.4742051988572684,0.2523461782075744,0.4755822397305966,0.5605422005166378,0.2313613174617382,0.8161896309444565,0.6630622474172148,0.4696198548321775,0.5124633293131329,0.962203860305984
1.0,0.2573899054896441,0.4689922123989572,0.25020779074490684,0.4751633982616699,0.5661538170704015,0.24711357737402664,0.8031876340507358,0.6574659664555011,0.4727883923082806,0.5082963553221135,0.9848906208484638
1.0,0.26844962799115235,0.4670637098164421,0.2544098776230076,0.4755915904667613,0.5671791859341537,0.2045108744294281,0.7343317801937725,0.6495661192653437,0.4553438322773919,0.4808275601150728,0.8
1.0,0.2640257389905489,0.466742592341443,0.2459009945956788,0.4755176824536405,0.5646690954893392,0.2250962140875324,0.7708083721618224,0.6448676195969316,0.4396736675124479,0.5089784232221323,0.8900516913031652
1.0,0.2690528855821437,0.4703658504807677,0.2396602327462109,0.476083472335741,0.5711772899456927,0.22115814910946024,0.8330227054211969,0.6352369636452586,0.4073283242858366,0.4950439065982821,0.9793597533327294
1.0,0.2507540719887393,0.4744480970180702,0.2301746398950935,0.4724836359960558,0.5521407437746475,0.17748142844356926,0.9046963981954,0.6242545259812617,0.3546704965599685,0.5306200806673516,0.983891658114646
1.0,0.21425698773376245,0.4807682568502609,0.2361794882399832,0.4706883634057509,0.5793053851653801,0.1459769086189921,0.7578729383921305,0.6167622577097298,0.3296019351605704,0.4971696802356238,0.7811755509231684
1.0,0.21636838930223226,0.4884088813879948,0.2417914390122924,0.4712340055245633,0.569264855602952,0.1572540946925625,0.6994674950077657,0.6170666911629206,0.3425946631016312,0.4532293035576046,0.786982578916021
1.0,0.2287351699175547,0.4907031066236822,0.236730004548968,0.4695022921834368,0.5651403613294543,0.17819744025776407,0.7362473189852822,0.6178857213472506,0.3424877869187598,0.4754140561893678,0.9670562835020842
1.0,0.23587371807761914,0.4923716381286893,0.2311673450276973,0.469919588036867,0.5704731657792592,0.15958113308869595,0.5894904223060425,0.6132602937095553,0.2987735330689682,0.4468572987343766,0.9601777699551176
1.0,0.2319525437361753,0.4925966371638606,0.2277330092660366,0.4730023221836319,0.5537092341687766,0.15546406515707503,0.5890318763405075,0.6121686292351649,0.2928050813576341,0.4469243428916176,0.9050779510022272
0.0,0.24059923587371826,0.4946658135857156,0.23022815086541265,0.4739952294986269,0.5621877098532455,0.14919896178286945,0.5354929369129501,0.6111303390701976,0.3036599262867288,0.4185667279781891,0.9300445434298444
1.0,0.2450231248743213,0.499143509376923,0.23974704549299825,0.4745469201300637,0.5580196752102162,0.14740893224738194,0.4436358257525331,0.6103766447847874,0.3287090374246249,0.4258950706479193,0.8232770883942837
1.0,0.24401769555600245,0.5062963858496219,0.252285912142612,0.4751607767126117,0.5561553120914028,0.1773024254900205,0.4760150876414465,0.6090479232256021,0.3047205125114624,0.4406289133486939,0.8384339136544614
1.0,0.22350693746229652,0.5146617968013859,0.2708826198140197,0.4754474471313463,0.5532470466265993,0.1517050031325517,0.5112417720582796,0.6039779595566563,0.24493082083815004,0.457308940901581,0.7979168621563288
1.0,0.2093303840739996,0.5198423075217176,0.2787883982928377,0.4768216513355921,0.5080886770688019,0.1355947373131656,0.5054359884623918,0.5975368616077403,0.16353532178382027,0.4545951107433999,0.749160176409871
1.0,0.19123265634425907,0.5249839802310396,0.2828156742830599,0.4727103349120882,0.4845516960885192,0.0908439989259822,0.4855927815989942,0.5944928160487617,0.1391766879082536,0.44483597019264093,0.6173594820305899
1.0,0.1801729338427508,0.5296930185861011,0.2772266127638325,0.4744999944309229,0.4041645945812383,0.0783137921775708,0.3702906589749277,0.5936033513222354,0.1428485156942838,0.4445954196707744,0.5833911982734351
1.0,0.17363764327367798,0.5372727162348268,0.2778877755594629,0.4729744215867245,1.0,0.06291953817237986,0.3334368759707121,0.5971903389877982,0.1855177773398051,0.4247663594191852,0.4812799099183637
1.0,0.13301829881359356,0.5454695617200116,0.2827551932050185,0.4688282037900661,0.5731909188390872,0.010829678689698323,0.09010428222764556,0.5991816563492591,0.18823969347952152,0.3530415974934084,0.14768271219933976
0.0,0.1991755479589785,0.5604947666262707,0.3070366206815165,0.4803387536218631,0.5940634635576792,0.09855453350854124,0.2834109903113675,0.6071203277230974,0.2265357764330248,0.3919198943865884,0.401064709380757
0.0,0.1498089684295194,0.5758614340835875,0.3333844266549152,0.4775587506262228,0.5955823543547271,0.08090857893748818,0.3134235633459063,0.6067192613698198,0.2293892681090463,0.4086907176547804,0.3682530933143797
0.0,0.12658355117635245,0.5915166963499972,0.3590130002642242,0.47513719821658,0.5710550953804399,0.08466303735686123,0.267176983950891,0.6065614444501006,0.24945968211772346,0.4359746232685392,0.3365729122847736
0.0,0.1256786647898654,0.6047112646200601,0.3739168566400619,0.4753418280304271,0.5390119430566983,0.09404918340529374,0.3460468900229274,0.6086492484621975,0.2633254843543303,0.4306056966362977,0.3370515963387923
0.0,0.09320329780816416,0.6137335528300114,0.3786845433566596,0.4745762720775045,0.7102025095134935,0.07508916838745996,0.31884476000295825,0.6086633298410613,0.2319569387681427,0.4650454058630686,0.2864561423867476
1.0,0.057007842348683,0.6259184534654803,0.391931750601596,0.4660561535223268,0.7103519112880899,0.0013140604467805571,0.23359218992678046,0.6121933629080699,0.23141064220387844,0.4021409561916625,0.002117313785903468
1.0,0.048763321938467774,0.6341064621368209,0.3962410153018997,0.4664497728339739,0.4994302899139774,0.01113885154599574,0.28338140670068784,0.6220990870305123,0.230466103257186,0.4243841225639508,0.02091396975117926
1.0,0.07249145385079431,0.644972549118175,0.4071321005223116,0.466356390414157,0.5597250632351356,0.022714036109493338,0.3807410694475261,0.6319376923965894,0.25702330183140554,0.4294914113646137,0.08375625572707363
1.0,0.06253770359943706,0.6512431909280192,0.4067698513651085,0.4658226332817082,0.5845817743367848,0.011945463849987856,0.3949633902817839,0.6416987176336735,0.2747716734936171,0.4372514644957389,0.046088991084755136
0.0,0.09129298210335823,0.6594998199856517,0.4123063641626264,0.4667454681858631,0.5490192881562199,0.05880007972892173,0.3688558538569631,0.6517141989117088,0.327495680114992,0.4269861141844147,0.12978102189780946
0.0,0.0858636637844361,0.6648249402574664,0.41659218085363,0.469536620800577,0.5796408893252026,0.05222244369144916,0.3349530360180457,0.6566438094747775,0.3370472867308489,0.4560946712659299,0.0581995133819942
0.0,0.08787452242107385,0.6692490407679963,0.4191638120160051,0.4699136536351588,0.5336813668166647,0.05740482359976073,0.4831373419125807,0.6608862865866267,0.3300213485399396,0.4905655001739478,0.25577517288734153
0.0,0.1089885381057713,0.6767112566882956,0.4280133301637579,0.4693130394665711,0.5136216561790096,0.07594179788718362,0.539997041638932,0.6613114919002092,0.32017349182169696,0.5226190050732307,0.4588013144342538
0.0,0.08254574703398371,0.6825514318568096,0.4326577542052678,0.4699473841127941,0.5517225495764131,0.06976280645804266,0.569255232601139,0.6630380124654864,0.3425288043185037,0.4888779390122708,0.4823924665260678
1.0,0.08375226221596632,0.6904350383316484,0.4441289570373613,0.4694741111309043,1.0,0.054016344428941473,0.4277864063308928,0.6654700038201964,0.3883621069149139,0.4624812165557535,0.3547746333807445
1.0,0.07178765332797116,0.6961884921091389,0.4494691563667934,0.4707483122064252,0.5385456721251191,0.032489535579031205,0.3530064344353228,0.67110889989593,0.43159646236747257,0.4772682396788946,0.3103143852077098
1.0,0.06595616328172127,0.706504653421236,0.4618084452275453,0.4702307655959201,0.4888098489835698,0.003909465020576084,0.3130315805044004,0.6746222955638121,0.436514948647556,0.504931092296189,0.20388444749619852
0.0,0.07611099939674243,0.713861010952435,0.4639423529262655,0.4731561382819216,0.5402306019136189,0.04277449817922502,0.4712817099326974,0.6779826890573066,0.4167120884964091,0.5348319248785527,0.5418117612438078
0.0,0.0973255580132718,0.7270190712108278,0.47665212674358204,0.4722471863553421,0.4966145746590696,0.045939228734065696,0.5070408993417647,0.6764591599476497,0.3672679921608518,0.553765614095265,0.5305802148217177
0.0,0.07279308264629003,0.7326326844487241,0.4751109156378151,0.4713771956026643,0.5358641745066679,0.10290437872119557,0.6209082168478667,0.6767320548084619,0.3474003537593604,0.6163593494635969,0.9431065770758748
0.0,0.09742610094510362,0.7385767340149352,0.4796470795052458,0.4740003977356045,0.5485083259132864,0.0853397571503686,0.5309740403816287,0.6699100889604503,0.2785585727787563,0.6161541998903295,0.8336486523539258
0.0,0.09632012869495282,0.7365412824921447,0.4727523620102069,0.4727358287813649,0.546684752462243,0.053954356660430434,0.5677316766511352,0.6641091528804881,0.21580529297304074,0.636159786685982,0.6603602862548338
0.0,0.110295596219586,0.7430916515882622,0.4846315702255136,0.47113291023754,0.5554939871214681,0.07331548033928854,0.6595222246875232,0.6578827351003679,0.14419606073331115,0.6363497960098807,0.7719283814537592
1.0,0.0695757088276695,0.7488198358183582,0.4962426359906939,0.4691561804720232,0.5500440482061482,0.04254148375499826,0.6368685748095555,0.6521540232102141,0.0967627269950655,0.6272346175281759,0.4805077311108677
1.0,0.09109189623969448,0.7497446336841321,0.5027644138386876,0.4683010794165905,0.4907492599326914,0.04824792020771436,0.5993861400783964,0.6524884324603881,0.0877539611519384,0.6034555589794611,0.5586429193233423
1.0,0.12869495274482212,0.7434466074133863,0.4922617500930781,0.4729887990516311,0.4395079806974686,0.041114874641819114,0.4684342874047779,0.6522092833787636,0.07750306870218943,0.5826656712083741,0.3793614568383416
1.0,0.14990951136135133,0.7384608181245538,0.4877853383954572,0.475608583241329,1.0,0.03540843818910302,0.5679535537312329,0.6577297671660916,0.10495978766129266,0.584011860980483,0.4123473637155032
1.0,0.15031168308867898,0.7403574594510594,0.4889625965480527,0.475045840514069,0.4853525862042008,0.016862519717775897,0.3734708971229935,0.6607320120240441,0.10412336289834184,0.5464276266869319,0.29576735759828743
0.0,0.1574502312487434,0.7453077267696635,0.4975871593535894,0.4765670672897568,0.468239501834244,0.004035683942226251,0.3964055913024183,0.6683663353416059,0.1347987441294703,0.5050873379371815,0.3611509775780535
0.0,0.183893022320531,0.7519274048445403,0.5049750205649811,0.476990350756535,0.4394307669791019,0.04751757937353514,0.5242807484653502,0.6725011287138489,0.1362694312692771,0.5129859314336837,0.7154083241182984
0.0,0.18198270661572494,0.754476143096757,0.5040945062302105,0.4768693347073799,1.0,0.051566162369486496,0.515723689076252,0.6729056280213173,0.1385946334173953,0.5087659398299347,0.7540408912312082
0.0,0.1816810778202294,0.7634899693943669,0.5078552452484855,0.4756960490420621,0.4557822541929092,0.011932665672277907,0.3602026477331555,0.6731176964178556,0.13928591175342284,0.4820840402208539,0.4793308707620642
0.0,0.14930625377035997,0.7723921469970391,0.5088447263859136,0.4725796577693854,0.4664839351264899,0.009767598518019545,0.3624731898528216,0.6755633605875444,0.1490153282671242,0.4831373803774273,0.4774311090867688
0.0,0.15684697365775202,0.7833900690068023,0.5201357718033026,0.473797652741879,0.35527603687054365,0.004664593513993957,0.4305672657347829,0.6772902507835981,0.13476436148106047,0.5188992294050627,0.409246185379185
0.0,0.19897446209531472,0.787964197959353,0.5253697384602858,0.4765274297865295,0.4702736530456621,0.03552941176470567,0.5023223134383551,0.6784221070993364,0.11108832905872773,0.5519389104124685,0.7263493509451144
0.0,0.2699577719686308,0.7892954278516644,0.5258375145690157,0.4832162667050287,0.5909153004241618,0.10760812923397624,0.6270468160639004,0.6774364337762253,0.09137381834122517,0.5630699853285388,0.9153268048280568
0.0,0.2787050070380053,0.7902009389876891,0.5223285268479401,0.4841031901695347,0.5426792361940289,0.08806670140698303,0.6114488573330377,0.6747298351534898,0.07386872241973974,0.5543604067316535,0.9395809610567064
0.0,0.2742811180374021,0.7900975811183417,0.528603310567902,0.4872889190361007,0.5901184505303495,0.08780614903595632,0.4367206567561568,0.6729348043928223,0.06503604856889439,0.5234290990187134,0.7661125028467315
0.0,0.2891614719485221,0.7929454359747772,0.5465459482931132,0.4856118751909913,0.5452213288295882,0.09718603439291304,0.3859034095111308,0.6745607266558578,0.06895431501044152,0.5498057387515051,0.6126564222265446
0.0,0.30806354313291784,0.7953914760486103,0.5685840709220091,0.4885174596640245,0.5482974212759655,0.15633142261594574,0.3576288736040233,0.6764620391574674,0.06804198004250689,0.5388785840046598,0.5945325292543635
0.0,0.3482807158656748,0.7973319910682162,0.5832841883693411,0.4943380370058128,0.5450401243979557,0.2662845231891609,0.3421492493158791,0.6792108628774765,0.0695620352553436,0.5336975679219442,0.5822934928328343
0.0,0.3320933038407401,0.7969744686485103,0.5772988895902137,0.4914518168314602,0.5693464076433028,0.19515372589890587,0.1942755713334809,0.6795819826548826,0.04404451510131169,0.5153297546706406,0.35770954409412725
0.0,0.31620752061130114,0.7958981886628855,0.5658898064176594,0.4886613550787483,0.584228747422958,0.14043772798332466,0.14586938835884894,0.6836360316441865,0.030404343469022318,0.4796945850023571,0.2106329188781623
1.0,0.2950935049266037,0.7964676959145902,0.5507094175503415,0.4847416815339263,0.5768779088714677,0.06722251172485663,0.07951334960431877,0.6896142810268633,0.02769496526390114,0.4851058356052829,0.09836669170385423
1.0,0.2906696159260005,0.7979087310418804,0.5434443044458117,0.4838366058947082,0.5769184846971707,0.04715997915581036,0.1177723541158201,0.6990530845236662,0.04412824712316349,0.5000298656309519,0.10256126482213493
1.0,0.30233259601849993,0.7996213011822864,0.5367806676456902,0.4819085275302002,1.0,0.06748306409588334,0.20804674210487376,0.7070320535490724,0.058842388134596864,0.4865803075399328,0.2091458972230224
1.0,0.2841343253569275,0.802162152589982,0.5342916978748918,0.478336622286477,0.5392370010927434,0.003126628452319034,0.1326529102877001,0.7123609279533556,0.06260305017628638,0.4070222563412821,0.004913505362498248
1.0,0.33008244520410224,0.8025893452398534,0.5331873005972324,0.4856493928482806,0.5067297911018632,0.10137503370180616,0.2762443606242145,0.7233778029388434,0.10807448034652156,0.4778783118057048,0.2316228601960505
0.0,0.3615523828674846,0.80318547211691,0.5320141802465687,0.4866285850674267,0.52793051290944,0.06213872832369958,0.2562162561940682,0.7278127812147093,0.13237383638474026,0.5229170226109794,0.19765116378026487
0.0,0.35873718077619143,0.8080538713683145,0.5381911872166808,0.4899488689333078,0.49922384572163203,0.060982658959537535,0.24794024110642696,0.7328316256930241,0.15962395044063155,0.5120366383760219,0.1501425471256546
0.0,0.3344057912728736,0.8148424592292622,0.5470488541518982,0.4870530199985018,0.5326971572398442,0.09190751445086724,0.2575918940906732,0.7378498851603803,0.17951635966517626,0.5179455333924333,0.20969320454448734
0.0,0.3655741001407602,0.8231598531204836,0.5633221601100861,0.4879653082947477,0.5339474573418144,0.15404624277456638,0.3676059463057468,0.7427148199074136,0.1972747064545175,0.5455509299659576,0.4086634611293145
0.0,0.3549165493665796,0.8322998377694829,0.5793135806111749,0.486646313351428,0.5138082960746964,0.1632947976878614,0.3688188743436137,0.7436480395288441,0.19272739031889652,0.546367061078349,0.41470575720182135
0.0,0.2938869897446209,0.8421623254866158,0.5980468657997182,0.4821435086634249,0.5146322272302015,0.11560693641618495,0.3031210709267064,0.7465785661720616,0.2036353209091082,0.4638705909103169,0.15512105867835474
0.0,0.2999195656545346,0.8535617790934027,0.6172626843336158,0.4792678677256119,0.5030547593509397,0.12023121387283225,0.2888469787737593,0.7539551969366722,0.23071288730011086,0.4565867321631771,0.24494702353091385
1.0,0.25960184998994584,0.854950623131697,0.6228083507303326,0.4771682983322028,0.523513278485021,0.06387283236994241,0.23263072257969056,0.7604614165653432,0.24653115843257886,0.35858006335178344,0.06269945959746448
1.0,0.2798109792881561,0.8571226168513002,0.6302790641712702,0.4797445363482537,0.5161296567849977,0.05057803468208091,0.2973300791361587,0.7702871192963292,0.2781124714429196,0.3915987541857184,0.0010019060651968491
1.0,0.320028152020913,0.8564663270290152,0.6337519131588645,0.4819823632514102,0.5067120854394657,0.15809248554913288,0.3935581687744992,0.7800570717879289,0.3065640262064282,0.4661115786159439,0.08976798653297308
0.0,0.3097727729740599,0.8589774953075668,0.6421258604529915,0.4840282672379918,0.5180933064650628,0.13063583815028887,0.3980400857924709,0.7857062505732109,0.3199551031093827,0.4704673719159299,0.14751518700139055
0.0,0.30635431329177565,0.8584477967044449,0.6463054661481251,0.4873102472582147,0.514494431400916,0.13005780346820806,0.4495969233044893,0.7911544321218527,0.3256333264497091,0.4763968707627438,0.16492364645996996
0.0,0.3671827870500705,0.8604433886761421,0.6534266599077727,0.4923319067396698,0.5081268580533758,0.2312138728323699,0.4836032837807851,0.7959143894084619,0.3329209648503891,0.5152819365741238,0.3238399634724033
0.0,0.3632616127086266,0.8607008707406121,0.6605658968213081,0.4921029476534361,0.4999549697050994,0.2716763005780348,0.504171289105836,0.8000429777897291,0.3529764154282741,0.5415338597789385,0.8206152616859803
0.0,0.360144781821838,0.8654883802330913,0.6692873885279189,0.4915610227144251,0.5213815783993215,0.25520231213872824,0.4484579542933215,0.8016037042470456,0.3731569676592758,0.5229035089995381,0.639603457041182
0.0,0.3481801729338428,0.8658527233311051,0.6730339412754183,0.4936291071450614,0.5020561537703572,0.2427745664739885,0.4399822498335921,0.8029643286162005,0.39032412377132375,0.5142162597276443,0.6527116587323821
0.0,0.35441383470742016,0.8664286244948638,0.6732956422372776,0.494312739608071,0.4947822650271161,0.22138728323699405,0.4471858590340949,0.8036361725132659,0.40826230418491705,0.4732167932418301,0.5805652981225484
1.0,0.3487834305248342,0.8639931983670195,0.6732126510669101,0.4933618546293321,0.5024506748371578,0.19913294797687855,0.40378670216699897,0.8035642111333974,0.4150055442827158,0.4733887483111862,0.4633578906552918
1.0,0.36406595616328186,0.8602137916461361,0.6701476528819953,0.4917692197354563,0.4869636279998713,0.20202312138728346,0.40137563789660535,0.8043944744765399,0.4286945768442677,0.4688739686703083,0.3711059619699159
1.0,0.4053891011461896,0.8554967692388304,0.6655447273923062,0.4939806034669448,0.4951307449690432,0.25086705202312154,0.4241624140226312,0.8046693482899205,0.4180565040748844,0.4450857736165639,0.441943433005994
0.0,0.42821234667202906,0.8542233890163402,0.6610218105497477,0.4935667610042049,0.4895370232890066,0.29277456647398864,0.4717920272169219,0.8035573844149557,0.3914242158695857,0.4550797347940324,0.5296995108315873
0.0,0.4051880152825257,0.8568467101291932,0.6614787930819674,0.4939950237957961,0.4983433037900539,0.2635838150289018,0.5101397825604612,0.8015502136140908,0.35690453632757124,0.5004929661995705,0.4887270587369891
0.0,0.3943293786446813,0.8612530153890696,0.6650266010334817,0.4961435535402266,0.5081329963530398,0.2473988439306359,0.5242437689520008,0.7999671354831479,0.34123017973106234,0.4659582807898837,0.5436757512229227
1.0,0.3645686708224413,0.8644016839634991,0.6690060335291736,0.495125282623983,0.4667400920384832,0.16791907514450868,0.4966940315065456,0.7981636951817346,0.330255273536477,0.4344580585958861,0.34054213100886405
1.0,0.3409410818419465,0.8645764191139076,0.6688088553699584,0.4949908794745956,0.4944241921259991,0.108670520231214,0.5265069151689962,0.7982626744678525,0.327896653067966,0.4180285306195371,0.3449556806061269
1.0,0.3551176352302433,0.8667011712836175,0.6745266526810241,0.4968919828115767,0.4999046822259303,0.0916184971098266,0.5035500332815626,0.7985693172610533,0.31629749371515625,0.3927648396001675,0.22292103424179086
1.0,0.3582344661170321,0.8684888693868751,0.679905402898513,0.4976429238537455,0.4748132301240402,0.13526011560693654,0.5465572073071521,0.8005561291185004,0.31354306434426144,0.446397826739767,0.44918901026150265
1.0,0.35300623366177364,0.8782603938680391,0.6828211322878115,0.4986855089439319,1.0,0.12023121387283225,0.5513497522372605,0.8013824621988709,0.311485648706106,0.4521452329209159,0.4136967155835093
1.0,0.2870500703800524,0.8862496342397699,0.6839469307239454,0.4926532560626412,0.5002093653381858,0.038150289017341237,0.4711411877819681,0.8023875939312384,0.3167689551781479,0.4000426217168635,0.2086873367906128
1.0,0.3030363965413232,0.8945797298687945,0.6872983700097726,0.4914063413487012,0.4779203046961618,0.034294385432473304,0.496339028178389,0.8062041575408878,0.34146150897400834,0.3817656217217463,0.2592503700147988
0.0,0.3197265232254173,0.8938804539361653,0.6898126138699252,0.4902258000239786,0.5112492008997671,0.03267766497461932,0.4954958952740184,0.8093195115488994,0.3603922022179286,0.3807719150344308,0.2981319252770103
1.0,0.34596822843354114,0.8907776322353578,0.6884867081195379,0.490286490725026,0.5050782201400708,0.04282994923857894,0.4377856667406255,0.8130807897864307,0.3942148647326886,0.3623563449228701,0.22924916996679684
0.0,0.37371807761914333,0.8925717850803903,0.6923472273728595,0.4906718574811075,0.5053612569270267,0.08026649746192895,0.41831225501072383,0.8177727833121868,0.42672614179965707,0.3449493497982661,0.29329173166926586
0.0,0.3531067765936056,0.8973563009756087,0.7068149041863692,0.4882144284445791,0.47973527415865996,0.11484771573604073,0.4642556023962722,0.8212837960370023,0.4561993221669629,0.34380527140619177,0.5302212088483514
0.0,0.3557208928212347,0.903956004111068,0.7203145410792064,0.4848807251456832,0.5010336950485736,0.12277918781725901,0.5141705495155686,0.8218279672484661,0.4571392692755509,0.3548517896149413,0.7596703868154726
0.0,0.3711039613915143,0.9031423449811832,0.7247518140086059,0.4834357487908354,0.4773624022105986,0.1640228426395939,0.5518674654241554,0.8201451564266597,0.4623768642326964,0.3520952432004719,0.8616744669786793
0.0,0.3926201488035392,0.9009423734299792,0.726490572244509,0.4827490152389266,0.5054685064490411,0.17005076142131972,0.5553657273870277,0.8168237758929053,0.4665618538087319,0.35628067207359576,0.8261130445217798
0.0,0.4156444801930424,0.902805627830456,0.7404999771914709,0.4823816165619506,0.4962357168078846,0.2185913705583756,0.6124916796094964,0.8140710806318958,0.4642222065052735,0.3756436044857636,0.9760390415616632
0.0,0.3947315503720089,0.9069004781392452,0.7597278538643761,0.4797003025839746,0.4979129251664658,0.2363578680203046,0.5955106870793581,0.809379662911063,0.4504210013129185,0.4131256760448577,0.9684469103384024
0.0,0.3966418660768149,0.912913798878168,0.7789633663052582,0.4762386938013974,0.5010437366347524,0.2376269035532997,0.6033799275201539,0.8066195166905656,0.4434641390284444,0.4221869298314393,0.9542457805907181
0.0,0.384375628393324,0.9163899661202928,0.7807792834544247,0.4782171460827921,0.4920690181229986,0.21763959390862936,0.5223060424524816,0.8045225682166066,0.4551991194161914,0.3647479549838247,0.8311132031066125
0.0,0.3685903880957169,0.9220600473822156,0.7804140457010341,0.4797253890760437,0.481726837186045,0.1960659898477159,0.4361733599585832,0.8041030566540182,0.4591830713819946,0.30778252103981546,0.4880333433592581
1.0,0.3603458676855018,0.9275575226976559,0.7823461807611172,0.4787591135615595,0.4740975247343552,0.20939086294416265,0.4394645366466978,0.8040980660342558,0.4586174529046753,0.3123352268650258,0.4702874575688567
1.0,0.35662577920772176,0.9303590318305104,0.7921797360579428,0.4820031150503506,0.4869900985502989,0.20812182741116755,0.4662007247984615,0.8037635221801421,0.43160647482990655,0.3480996855989113,0.3930305504232352
1.0,0.3488839734566661,0.9306315226233491,0.8047839442579555,0.4805603312805996,0.4772797395742042,0.15387055837563474,0.4189187190296578,0.8039510722011819,0.4146562299506157,0.3353653340461253,0.22498173849525105
1.0,0.3629599839131309,0.9331497553788268,0.8087731445224495,0.4788560243218192,0.4829738192381662,0.181472081218274,0.4190962206937351,0.8069160170824401,0.4051446529362667,0.33556114245260377,0.2157865337515552
1.0,0.3423486828875931,0.9370679086028204,0.7988638958771928,0.4798380743465519,0.4786139089823013,0.16751269035532992,0.4089712299386137,0.8102691111975981,0.41522808501241787,0.32656491296045315,0.2194675613263032
1.0,0.34265031168308874,0.9386968593956304,0.7842183191625306,0.4799202004856435,0.4502725633566205,0.17385786802030462,0.3752089342504252,0.8136144273625279,0.42374598181657774,0.333613270703019,0.14918739924186594
0.0,0.3762316509149408,0.9356808421296297,0.7701193275422782,0.4808819966296605,0.437455202185046,0.20907360406091371,0.4274831743214261,0.817113532788903,0.4345018228395969,0.34460601678721986,0.1728459530026113
0.0,0.403076613714056,0.9313309053797676,0.7659696360161051,0.4809250712337202,0.4409896685617069,0.2436548223350256,0.45362769025959604,0.8186720705724595,0.4309775681242387,0.3817924520252608,0.14905715114592213
0.0,0.4011662980092501,0.9309128333616524,0.7685833023694375,0.480554437558129,0.42699562020757603,0.2208121827411169,0.4542933214998886,0.8208956648699497,0.44176834746842697,0.3826158143710866,0.21206846533216936
0.0,0.4066961592600041,0.931154050721498,0.7704814056633081,0.4814533214892512,0.4584171726864758,0.2601522842639594,0.4907773093706089,0.8221380357599499,0.4454895353253029,0.4239514924529144,0.5648970118944008
0.0,0.43012266237683505,0.9304254106731008,0.7717646226763543,0.4810232102986962,0.4572209359847846,0.2947335025380712,0.5928629539235264,0.8221063027998896,0.4525274632324541,0.501419316236916,0.8105599071656528
0.0,0.4469133319927608,0.9269606278447228,0.7642367338421676,0.4796513685856917,0.4271649506000009,0.3153553299492384,0.5521780933362915,0.8196633995315259,0.4408607903388944,0.4974744025887039,0.7937917029300837
0.0,0.4471144178564248,0.9241280753118876,0.7598284367776924,0.4795981263811562,0.454440907609245,0.28426395939086313,0.5553731232896971,0.8184487143059436,0.4411588836107944,0.500836346638715,0.7350159559036831
0.0,0.4591795696762518,0.9224754152153468,0.7562409285418782,0.4775823305819102,0.4331321665670105,0.300761421319797,0.5597662894756306,0.8157602221952359,0.4155923287077376,0.5055602558838033,0.5872352770525062
0.0,0.4627991152222,0.9193684075084728,0.7448787930541834,0.4743566472018304,0.4384180841021644,0.3010786802030459,0.5875231121958433,0.8127894174190728,0.3857551160769634,0.5323974412425987,0.561895901173308
1.0,0.4721496078825659,0.9168644961406752,0.7334042758364271,0.4756358128459882,0.4241749093413229,0.2699873096446701,0.6130167886990607,0.8113247407327995,0.3706127415240131,0.5555725382932883,0.4763446738719057
1.0,0.4741604665192037,0.9118766677704012,0.7184083389875191,0.4759181453426761,0.418778669005228,0.2680837563451777,0.5809185711116045,0.8111684917471462,0.3739038591770113,0.5177891666441906,0.5568948525509826
1.0,0.4946712246129098,0.9105540244609164,0.7207684860869938,0.4788714686681832,0.4321676457001149,0.263324873096447,0.5913541897788626,0.8119659644722035,0.3959203718070109,0.5267296669046139,0.5385508592661399
1.0,0.4962799115222201,0.9098436179637108,0.7230996378954766,0.4791141046760096,0.4191679591517238,0.28775380710659915,0.6555062495377559,0.8121026546529873,0.4027333584612624,0.5468294496018218,0.7677327317364468
1.0,0.4971847979087071,0.9153798608816448,0.7371272674346779,0.479248183145877,0.4257838665455333,0.2963197969543147,0.7221359366910732,0.8116835291506219,0.41638731045686944,0.5728746847658671,0.9625354717342092
0.0,0.4682284335411221,0.9192586450267058,0.7410189554480926,0.4788769116472586,0.4197687824558144,0.2756979695431471,0.6527253901338657,0.8089322623812851,0.4019055866093637,0.5299784536422018,0.936342740390756
1.0,0.4697365775186005,0.9281228911885108,0.7558626624937039,0.4790704645021792,0.4166191998564593,0.26459390862944165,0.6289919384660894,0.8088763718255416,0.4154565951717813,0.5132372201411136,0.7635359468777942
0.0,0.4547556806756486,0.9382375702207256,0.7723893102719588,0.4771765292700021,0.4672266430361178,0.3270939086294416,0.5679905332445825,0.8095884817363264,0.4234362127203923,0.448882628717924,0.8468003207698469
0.0,0.42972049064950735,0.9471210277259976,0.7896975604151855,0.4739730981296057,0.4891092805062407,0.3445431472081217,0.5422453960505883,0.8107845673349738,0.44730108117252615,0.4774384735701002,0.8391659983961526
0.0,0.4960788256585563,0.9510411428476776,0.7977785369979241,0.4790950747817234,0.4928264021256404,0.5187182741116753,0.5250942977590414,0.8101363831165305,0.4541613958460722,0.463470463451444,0.8938893344025663
0.0,0.4910516790669617,0.9470626509079612,0.7932553554030659,0.4821570222198027,0.4881983242177612,0.5044416243654822,0.5570667850011096,0.8089480071570665,0.4625132203178896,0.4377837745400008,0.9885805934242198
0.0,0.5026141162276292,0.9480569253618238,0.7973352797874628,0.4837032622521707,0.483736199230051,0.4936548223350253,0.5171067228755267,0.8059459770400849,0.44988185644472706,0.4573438754933868,0.9879829787234052
0.0,0.4605871707218984,0.9458824246015741,0.7994127131005426,0.4817750203513762,0.4786940621862622,0.4324238578680205,0.4777531247688784,0.8038036435715796,0.4390440849504645,0.4764733441695743,0.8688286040952096
0.0,0.4806957570882767,0.9469482460072096,0.8108338320922306,0.4844635705749625,0.4726825982220204,0.4273477157360404,0.4771392648472751,0.8018158843896468,0.4265008182352218,0.4760745349662101,0.8746393827574644
1.0,0.4790870701789664,0.9450021073009188,0.8141640774317711,0.4842547353957041,0.471687012691582,0.4343274111675125,0.5079358035648252,0.7992134084993321,0.41186847672958377,0.4503510058847551,0.8496207746808571
1.0,0.4644078021315102,0.9495931010401008,0.8280530520636699,0.4859652751084434,0.49337773746579605,0.3940355329949238,0.4316248798165821,0.7952650974352424,0.3949723100835635,0.4333092114604871,0.5509535253909306
1.0,0.4715463502915746,0.9523669063804818,0.8344558959082741,0.4870305825007267,0.4778981717974466,0.4920685279187818,0.486184453812588,0.7949393120990325,0.3808819569854848,0.4301600357592675,0.7136302631168266
0.0,0.4703398351095919,0.9589161775112344,0.8531602117960009,0.4868182578715644,0.4817941786214704,0.4536802030456855,0.4802159603579621,0.7925409415950115,0.3707135384536818,0.4245197978619861,0.6685289803052538
0.0,0.4346470943092701,0.9680648962503028,0.8707701172232116,0.4859622192676769,0.4660938436619341,0.4441624365482232,0.4528880999926039,0.7916518424649809,0.3755388206725044,0.4470186759256587,0.5704922126158729
1.0,0.3897044037804142,0.9767546953911848,0.8811138813132248,0.4841774952855144,0.4341964950658915,0.4292512690355329,0.3742030914873162,0.79151985344924,0.3955684713017456,0.42055669003689616,0.4108430350510315
1.0,0.36285944098129896,0.9786362841086604,0.8759850243577644,0.47999504384434605,0.4448627014016153,0.29600253807106586,0.3357296057983876,0.7930255692102439,0.4188558947793716,0.36491144540097337,0.17915665282936571
1.0,0.3952342650311684,0.9761030073165636,0.8645991453373978,0.4805803882246213,0.4499495054180207,0.3467639593908631,0.3907107462465794,0.7959520234538578,0.44645191603269707,0.3714298535283893,0.3384000749087049
1.0,0.3881962598029359,0.9757541920726478,0.8647532080385032,0.4833553545790385,0.42725578097274103,0.3337563451776651,0.3865542489460833,0.7963787981600698,0.458311061512099,0.36428589619359053,0.2251006585723644
1.0,0.3845767142569878,0.9767958165321456,0.8683211980633128,0.4866184705905538,0.4452745463976429,0.3309010152284265,0.4330670808372159,0.7989088496502197,0.4761928504515405,0.423119805261216,0.1699803364649333
1.0,0.38648702996179374,0.9756471355759464,0.8667899277891031,0.4867782919281553,0.4529610275106139,0.3134517766497464,0.393358479402411,0.8022122591186684,0.4935205871539475,0.4269099103573339,0.003162992982109439
0.0,0.4170520812386889,0.9741234241250072,0.8594516172773977,0.487158398174372,0.4454921606600044,0.370241116751269,0.4745285112047925,0.8091351436179293,0.5301363455361616,0.4597358682252621,0.2255489021956108
0.0,0.4135330786245727,0.9725339606220418,0.8514493831873173,0.4866506092345868,0.4574343347889767,0.3569162436548222,0.4394571407440284,0.8130933388583157,0.5550162059235522,0.4692981567631591,0.1469917308240684
0.0,0.4300221194450031,0.9730773822477108,0.849462207820938,0.4851551376732408,0.4672807033705213,0.3940355329949238,0.5238074106944753,0.8188306172027155,0.5973733045683387,0.5181520429269354,0.31074449201211
0.0,0.4316308063543133,0.9725381114675212,0.8386342677510525,0.4853905285554751,0.4731745544448962,0.4038705583756345,0.5468826270246283,0.8203688314865631,0.620486476736959,0.5524997883970199,0.4800563850892756
0.0,0.4496279911522221,0.9722544058289316,0.8272672277601429,0.4840799184348089,0.4648227260685072,0.4409898477157361,0.5931218105169739,0.8209299664414895,0.6383130855070827,0.575322665343606,0.7239486416077403
0.0,0.4462095314699377,0.9711557194385941,0.8154375888830816,0.4835878624601274,0.4815661285079033,0.4222715736040609,0.5874491531691446,0.8197008169955609,0.6292743605525243,0.5687548346271672,0.6601693338295489
0.0,0.4650110597225016,0.9695125952732178,0.8163594063704251,0.4824042536565366,0.4776992901192213,0.4749365482233501,0.6267287922490941,0.8199857129247663,0.6259101496661064,0.5907244695526984,0.8279214737625615
0.0,0.4920571083852806,0.966862720443486,0.8154534989857389,0.4822922109966337,0.4811413634018933,0.5256979695431473,0.6026033577398122,0.8193218187551652,0.6107163673461647,0.536513395510418,0.8919333829549662
0.0,0.4914538507942892,0.9602637129650072,0.8066994464656002,0.4822005052739424,0.4702395309204215,0.5025380710659898,0.5925375342060495,0.8178280612426712,0.5917454876418893,0.5166899862023207,0.942128768142908
0.0,0.5027146591594611,0.962562698747898,0.8070803664693647,0.4837260817567378,0.4699090265465781,0.4539974619289338,0.601124177205828,0.8156396155150261,0.5862956126600134,0.5272292024424724,0.8085944830174507
0.0,0.4573697969032777,0.9635912586266686,0.8083575169916548,0.4778341031218433,0.46839640826081,0.4679568527918781,0.5821980622735005,0.8133796296083801,0.5943602498082637,0.4940239356554943,0.8437324075811578
1.0,0.4625980293585361,0.9667182367222188,0.8076785212378685,0.4784520486926429,0.4633862190116347,0.4292512690355329,0.5818948302640338,0.8124083682159307,0.6170488056585304,0.4940705225738165,0.7421655094764492
1.0,0.4765734968831693,0.9630441027875318,0.7978430328773662,0.4765681235792378,0.4754565633431183,0.434010152284264,0.5340285481843058,0.8104052160328845,0.624700221691714,0.4784094460026543,0.7122349408894718
0.0,0.5026141162276292,0.9616584395384482,0.786264247159217,0.4800516232236114,0.4678463487265402,0.5190355329949237,0.5839878707196213,0.808280662070666,0.6255466135586611,0.4800969570294613,0.7382248076562196
1.0,0.4818017293384276,0.9606095671349038,0.7808426231225939,0.4772380230182263,0.4651729417651416,0.4498730964467007,0.6629761112343757,0.8042226220984721,0.631668914171541,0.5187502614467978,0.9973728654531788
1.0,0.4794892419062941,0.9586278392406312,0.7798403353229001,0.4769027053220692,0.466028669302211,0.4244923857868022,0.6633311145625329,0.7981493896884313,0.6248086735282217,0.5196848339861626,0.9555119118777252
0.0,0.4970842549768752,0.9576175245194798,0.7808822479830193,0.4755641058500585,0.4618526164318684,0.4511421319796953,0.6690333555210413,0.7919559153499709,0.6026144401310909,0.5251271550093154,0.9917447676394899
0.0,0.4988940277498493,0.9564244571709749,0.7795679911819435,0.4758156590950798,0.4512445984790186,0.4708121827411167,0.7015753272686938,0.7861459925142076,0.563729987534229,0.5519214222644839,0.9991421021927868
1.0,0.4805952141564449,0.9571560354405508,0.7759079713724557,0.4732688003294514,0.4661916510472374,0.39593908629441626,0.653583314843577,0.7816091226263129,0.5348518773381196,0.5151744054972408,0.774492700394823
1.0,0.4872310476573497,0.9566966661062772,0.771094178058472,0.4742047234582904,0.4621758518629134,0.4330583756345178,0.6463649138377341,0.7800806272921743,0.544198428775764,0.5021805180301468,0.8267376733082369
1.0,0.4914538507942892,0.9555161911729502,0.7709776255935177,0.4747730716868017,0.4603344095758127,0.4222715736040609,0.6615560979217519,0.7786392457068751,0.5443013369943439,0.515940578837562,0.751813423928016
0.0,0.509451035592198,0.9535555508066637,0.7684203337301316,0.4735187813334136,0.4663599178841394,0.45177664974619297,0.6597441017676203,0.7775345138432956,0.5471994516200823,0.5115788146581466,0.8294922413001558
1.0,0.5022119445003017,0.95890825585129,0.7782659595463229,0.4725278578322232,0.4647470831216236,0.4267131979695431,0.6431994674950074,0.7748588271086105,0.5222946632405123,0.5429831856300429,0.8088329813607562
0.0,0.4621958576312086,0.9639132199746694,0.7854094481949596,0.4672405029395578,0.4597605338536897,0.44194162436548223,0.7079505953701651,0.7720073667636127,0.4939785747478895,0.5403941381494961,0.8125975576163816
0.0,0.4743615523828677,0.9705438629920886,0.7963384583055737,0.4688460645488155,0.4583450124378433,0.441307106598985,0.6846165224465643,0.7688756121960338,0.4744457801041313,0.5719054330938398,0.7846661680893311
1.0,0.4520410215161874,0.9705537808729109,0.8014639071381794,0.4695726490019317,0.450850050380855,0.4035532994923856,0.650166407810073,0.7682270619337785,0.4599500212210966,0.5795795840091579,0.769089924439745
1.0,0.4493263623567264,0.9693201630194852,0.8026928425797106,0.4691896728308836,0.4634359531550317,0.3921319796954313,0.6138081502847428,0.7684281934175667,0.4591609374960735,0.5926655205678429,0.7251205611573888
0.0,0.4848180172933844,0.966726965788414,0.8032703316153931,0.4702429195021602,0.4526691677389044,0.4308375634517764,0.6119961541306116,0.7702181002557584,0.44563284038727735,0.5896438107685893,0.8447275446785463
1.0,0.4757691534285141,0.9604433989089908,0.7947518465143034,0.4727384026929368,0.4483638693800565,0.4032360406091373,0.5545151985799871,0.7702244794764288,0.4432828527037286,0.5363519302354607,0.9076514428656174
1.0,0.4902473356123066,0.9574131843065959,0.7909641766483215,0.474693433396353,0.4543975025978177,0.3730964467005077,0.5087567487611862,0.7674430642740147,0.424969761446636,0.5506805776844798,0.7999329499445547
0.0,0.50372008847778,0.9541032033640772,0.7841436709991463,0.4728234249575319,0.4425322054852147,0.4089467005076141,0.595421936247319,0.7639328345115974,0.3950669263677074,0.5666492445350451,0.8852412512571884
1.0,0.4862256183390308,0.9521160177119409,0.7803102476517543,0.4703794491382081,0.4392478716711136,0.3451776649746195,0.5984394645366466,0.7586786331415865,0.3516003539352488,0.5689418549774802,0.8409191800496145
1.0,0.4997989141363362,0.9510820353700308,0.7838362982823579,0.4685287996759062,0.4094117000179954,0.3470812182741115,0.6209082168478663,0.7540547630238326,0.32386138183245183,0.5877780516083727,0.9932628280454371
1.0,0.4833098733159059,0.9540837356694792,0.7943836449322258,0.4699294864945151,0.4321947320151482,0.2988578680203045,0.6192367428444641,0.7475502887566474,0.2800509095318641,0.5876982030686534,0.9773438939031126
1.0,0.4684295194047859,0.9613406725950656,0.8142727081784045,0.4679428549847304,0.4153555689645843,0.3328045685279189,0.5749204940462989,0.7402361302295517,0.2237787080246418,0.6045581791112958,0.8190581445324503
1.0,0.4415845566056707,0.9686810223029244,0.8315366632749907,0.4679577247424887,0.4403203324920781,0.2921954314720814,0.6383477553435397,0.7348614831101359,0.18899966252144376,0.647008228949677,0.7494013630502849
1.0,0.4473155037200887,0.9692123405232014,0.8379483308178823,0.4687903432295735,0.4688580251167849,0.3194796954314722,0.6368389911988759,0.7310145840985347,0.17669827472078048,0.6466609026634993,0.6541413397187942
1.0,0.4317313492861453,0.9667789683114004,0.8430720892580474,0.4662062530572138,0.4412087246432818,0.1941624365482234,0.5017972043487907,0.7298357956202175,0.1869421133613287,0.5967685373727271,0.4248787376435185
1.0,0.4281118037401971,0.9654673756260445,0.8449125356352603,0.46559634781153997,0.5140551981862975,0.16592639593908634,0.4763700909696026,0.731206350993385,0.2031656327431723,0.6297178755213705,0.3768035856818317
1.0,0.4188618540116632,0.9654830253095894,0.8512973891417559,0.4679837161567798,1.0,0.15133248730964494,0.5397529768508244,0.7307557988974476,0.2052342061439765,0.6227432394637058,0.4591698900963953
1.0,0.39362557812185817,0.9667858047646192,0.8461808740734769,0.4636082887403134,0.4958322767534419,0.01998730964467035,0.5444123955328746,0.7307208580725082,0.2194324441766018,0.625971365637612,0.3209615030392331
1.0,0.3942288357128494,0.9686090931397175,0.8433563550715271,0.4637476067789079,0.5162007862998056,0.024569240587109,0.4765623844390208,0.731876879470041,0.2218800005198737,0.5824836307577068,0.4063977405292571
1.0,0.405891815805349,0.9714336733983306,0.8462751947488583,0.4655700323010437,1.0,0.06668793873643916,0.5410842393314106,0.7344189915398884,0.23095301149988,0.5721399348394468,0.4543500951679256
1.0,0.4091091896239695,0.9746118400964728,0.8595587899672943,0.4659452338588991,0.4744233934612776,0.04786215698787491,0.4363508616226608,0.7364486864329742,0.2210364564603394,0.557571644306621,0.189353472094308
1.0,0.4016690126684094,0.9766222427194816,0.8678589361083983,0.4686229461990951,0.4690050027977742,0.029555050341019694,0.3393683899119887,0.7407042894275968,0.23324867395015175,0.5090941907280292,0.16991044020380394
0.0,0.41785642469334416,0.980167118424145,0.8810344350076197,0.4673271104722538,0.4529658235100474,0.005825908156271476,0.4810073219436434,0.7469678093725678,0.27947238263683044,0.5395713343680885,0.2982056394189688
0.0,0.44228835712849396,0.9813337799045899,0.8915308844348251,0.4710396156388002,0.34578768728709164,0.029336266960029743,0.4044301456992821,0.7510926752079337,0.3169325502449177,0.5051718978360406,0.3998227792018722
0.0,0.4774783832696562,0.9833410344481625,0.9080474862569964,0.472540230278253,0.4803563971923512,0.033739837398373905,0.3520227793802229,0.7573702087551364,0.3673134241378492,0.4851026339065171,0.4811569521507434
0.0,0.526141162276292,0.9827717118299923,0.9138052767887932,0.4795987904555554,0.49040393568452095,0.24024390243902416,0.4271651505066193,0.7602583353787521,0.38719647437462507,0.5164352865591826,0.6269274248247788
0.0,0.5433340036195456,0.9860377569420544,0.9256031602276924,0.4783791271049893,0.4892580093380529,0.2601626016260164,0.4540936321278011,0.7589543419859701,0.3854281126865379,0.4788730992536255,0.6723716934207553
0.0,0.499195656545345,0.9884294407269096,0.9314503670382052,0.47567375845062,0.4908406498257778,0.19024390243902464,0.3284224539605056,0.7564850610115026,0.3932267906137277,0.4692324317700433,0.4822292561609759
0.0,0.5092499497285341,0.9933503107913442,0.9420159665633436,0.4734014522286669,0.4940621768675544,0.2203252032520325,0.3132164780711487,0.7573840243769911,0.4251945927264403,0.4601716097190068,0.3864197023271108
0.0,0.5219183591393526,0.9956764069507846,0.9482373891118382,0.4752350759225009,0.4900519722974739,0.2788617886178861,0.3372457658457215,0.7578007905469528,0.4525439007714184,0.4212379934966111,0.4438985280815719
1.0,0.496380454454052,0.9975851185820672,0.9541724671771972,0.4752789162594965,0.4830375777413496,0.21626016260162625,0.2931661859329928,0.7582259227406938,0.4859894492534678,0.3941661094194242,0.3210673464353257
1.0,0.4959782827267244,1.0,0.9629903495234974,0.4752170703987466,0.4676017416893498,0.20162601626016285,0.2558686487685817,0.7603818920043572,0.5258578757086907,0.3804891836147216,0.29444712871995765
1.0,0.4734566659963804,0.9998048038264652,0.974126202188738,0.4756120248850097,0.4523728324805023,0.1207317073170731,0.19946749500776567,0.7613121684785957,0.5315938537566117,0.339850162955471,0.10037400905495553
1.0,0.4774783832696562,0.9990585287400401,0.9919783644044804,0.4761806594248652,0.4906389652571472,0.10203252032520344,0.24305894534427894,0.76508491570936,0.5263510840038603,0.3670758796757832,0.04849591095363345
1.0,0.5205107580937061,0.9973927609207376,1.0,0.4787939693442904,0.4801840036930691,0.2337398373983739,0.3362029435692627,0.7700029054918229,0.5253343518812661,0.3617693110127056,0.2416026914335817
0.0,0.5333802533681883,0.9938034226164864,0.9956424817637556,0.4769574994276885,0.463455902309661,0.2674796747967478,0.3793210561349015,0.7721798560284174,0.5150530976189887,0.338198187834287,0.27510244984878585
1.0,0.5297607078222402,0.9920938329293324,0.9865968974630224,0.4764959194543315,0.4666755112236711,0.18617886178861773,0.3732712077509061,0.7733414573988411,0.4947514421112375,0.33370138398370386,0.16483654953917082
0.0,0.5146792680474563,0.990698257542206,0.9741721162543788,0.4779766902478204,0.4791564847100344,0.14146341463414647,0.3734782930256639,0.7764144517115876,0.4585491315244917,0.33281345546373403,0.0724546370967742
0.0,0.5575105570078425,0.9917301304588588,0.9576521380600591,0.4806287225430793,0.4791305971283032,0.2930894308943092,0.5087715405665263,0.7834600455541596,0.4737704500112601,0.3534366132440808,0.18067748881895024
0.0,0.5451437763925197,0.9941535249827202,0.9472574767891276,0.4788469039080775,0.4939287824159947,0.2365853658536587,0.4127801198136231,0.7878184483281898,0.4893502888809826,0.3498113554325332,0.03238363425542461
0.0,0.5518801528252565,0.9948801967572476,0.9397409361691084,0.4797046783597961,0.4891849850961369,0.3443089430894307,0.4345684490792103,0.7971802762287123,0.538732991164935,0.3610796937721281,0.06986771411802044
0.0,0.6055700784234871,0.9964641265499776,0.9357177863670272,0.4838921072792192,0.5006761036259967,0.4829268292682929,0.5092522742400708,0.8035360936354248,0.5768117432989791,0.4032413478644423,0.3868346200731419
0.0,0.5619344460084457,0.9929600397157928,0.926273360323876,0.4812957047410892,0.5191987689207518,0.3398373983739836,0.44144663856223615,0.8037722192737099,0.5832293130231085,0.3553364532312429,0.04602916610230779
0.0,0.6097928815604263,0.9939968659781622,0.9335681513875722,0.4846762835182642,0.5506473043647313,0.4955284552845526,0.6050883810369061,0.8090568648922609,0.6082867868166315,0.4219828874436368,0.35225066594428805
0.0,0.6361351297003821,0.9949317807628392,0.9548493107996006,0.48840812931392996,0.5481936951034341,0.6272838002436052,0.6856519488203536,0.8110828968470631,0.6149351816244715,0.5028303301021824,0.6224434511716108
0.0,0.6280916951538308,0.9962548493658572,0.9673934389975596,0.4869686120521343,0.5578310212285928,0.6516443361753956,0.6636417424746689,0.8097221275628972,0.6182986292318343,0.4764983946829152,0.6236173190663229
0.0,0.6321134124271065,0.9962676495307554,0.9689692244263258,0.4838081304223184,0.5757294632951601,0.6622005684125049,0.6817617040159751,0.8082510082501988,0.6332196931501942,0.4888899719988621,0.5867985010609965
0.0,0.6473959380655541,0.9884984746603128,0.9486176474859198,0.4822722556212171,0.5995272025482961,0.7149817295980508,0.7418977886251019,0.8053453082129214,0.6302504051828204,0.5622121313563985,0.780531852453835
0.0,0.6934446008445607,0.9801685233239836,0.9447563104072281,0.4855335461348709,0.6304084801534341,0.752817722502915,0.7947563050070259,0.7984455055537156,0.6143051403358295,0.5940853694344511,0.796060393960603
0.0,0.7029961793685905,0.9713809970092178,0.943643858833027,0.4831692819291951,0.6562160808245889,0.7808061420345489,0.854944160934842,0.7906312870664622,0.5865822367884984,0.6257814786343822,0.8190052169184493
0.0,0.7069173537100343,0.9692911286922908,0.9596660112152458,0.4799920242056957,0.7140404778245524,0.7859848484848483,0.8629613194290366,0.7820710501855572,0.5581509089499573,0.6296278188954173,0.8252735731603437
0.0,0.7303438568268652,0.9669848076987192,0.966087634032324,0.4830141478895749,0.6566184812015439,0.9081858407079644,0.9604984838399528,0.7728491014546066,0.5151336710256856,0.6661590631596839,0.9682920024289776
0.0,0.7184797908707019,0.9647874878901544,0.9605142220331472,0.4816693548779958,0.6081070056590417,0.8491887905604719,1.0,0.7631853556010022,0.4793014570015214,0.6834386093236637,1.0
0.0,0.6945505730947115,0.9606033734430874,0.9541096940898572,0.4822729449713291,0.6562250166799533,0.771017699115044,0.8129576214777016,0.7555333827801156,0.4525623251943265,0.5452587797661113,0.9852430016758746
1.0,0.7033983510959181,0.957651237482508,0.9395156378917002,0.4798630658976074,0.6186503168084979,0.7747050147492626,0.7476739886103098,0.7505715039679395,0.4391791404731476,0.5446297798613264,0.9911473144711682
1.0,0.7056102955962196,0.9536914054486636,0.9337021502507752,0.4801574706513699,0.6347134987641497,0.7861356932153388,0.7976776865616448,0.7457870943503053,0.4338203773157588,0.5685608483593668,0.9875301483039975
1.0,0.7058113814598834,0.9510184443308978,0.9224534380082016,0.4802923273377037,0.5567515947703469,0.7724926253687314,0.643169883884328,0.7418327816878048,0.4381753692376968,0.5220972636987421,0.931280836089056
1.0,0.6805751055700785,0.9476207083255072,0.9197232819540532,0.4806903126865554,0.5464311667515589,0.6862094395280235,0.524842837068264,0.7420160272735923,0.4774239023035446,0.5121039334089289,0.8400325381527523
1.0,0.6594610898853812,0.9462460620204972,0.9138268236765618,0.4779437012322731,0.5918313286924848,0.5921828908554572,0.4571925153464983,0.7412462475853743,0.5075035988544812,0.529001769090226,0.7279881165007341
1.0,0.6798713050472553,0.9452053312906896,0.9003495282062894,0.4808317504626044,0.6132639320439415,0.6955418629938381,0.5200798757488353,0.7418829473325261,0.5331189454716116,0.510050897057233,0.8308546570231132
1.0,0.6904283128896039,0.946002288408642,0.8801636484344589,0.4803300808048889,0.5911266786600674,0.7335991301196083,0.4972487242067896,0.7402013513902552,0.5419385767617396,0.4987618845314497,0.8765318573272741
1.0,0.6787653327971045,0.944202753773356,0.8630847333141016,0.4782273305309945,0.5467913026227492,0.7368611815875316,0.5054507802677319,0.736501912589212,0.5273840595487312,0.5027785881427189,0.9882357286645614
1.0,0.6669012668409411,0.9409576526304324,0.8477254814571721,0.4768701816649821,0.5399942486864513,0.6585719463573758,0.5313216478071149,0.7307846016993849,0.503047491442891,0.5154029937155833,0.8745864274685693
0.0,0.6672028956364369,0.9376153859194679,0.8397074904966362,0.4771543072430957,0.5287982391355025,0.6234142805364262,0.4411434065527695,0.7267611727951435,0.485190284366609,0.5203117381881213,0.717226674509227
1.0,0.6458877940880756,0.9364580277695902,0.8349925350881696,0.4776443373843287,0.5237822875096161,0.5777455599855018,0.4039272243177279,0.7266456180826533,0.4848518729257934,0.5037168167723023,0.7323336560062828
1.0,0.6459883370199075,0.9340247860997342,0.8334151804668715,0.4775649241727328,0.4902675880180085,0.5926060166727072,0.4504030766955107,0.7252884241262822,0.4792324644813454,0.4761832689736281,0.7857012717268521
1.0,0.6439774783832697,0.9280798659003452,0.8295600556422346,0.4777409712106477,0.5090149905465536,0.5092424791591155,0.4412765328008283,0.7213118288292379,0.4535925347955001,0.4711787036025809,0.7113471559231871
1.0,0.6616227629197667,0.9072411854097684,0.8006498940410436,0.4768385011575315,0.4851449742280319,0.5561309722686265,0.454907181421492,0.7187990943346934,0.445341510835696,0.4283211980891188,0.7195641875888201
1.0,0.7671425698773378,0.8905011400500413,0.778348642129743,0.4917702514447793,0.4945205815950217,0.6055825242718448,0.4046076473633607,0.7149657788920076,0.4325348821397901,0.4010593534236885,0.5806763108989547
1.0,0.748240498692942,0.8720817806033749,0.7578198321223126,0.4924728309340531,0.498903323501656,0.6435222133546155,0.40423785222986464,0.7141739254206609,0.4380713378013825,0.3995506603988375,0.4241518784389468
1.0,0.7773979489241907,0.8708051056712391,0.7594396893542452,0.4936860537524883,0.4675568619221594,0.6653494690046923,0.38407662155166056,0.7158277421768746,0.4477646673471671,0.4380472154112123,0.4041285573734651
1.0,0.748240498692942,0.8658582090346592,0.752672029166136,0.4925500061887032,0.462048515428341,0.6353698530304871,0.352814140965905,0.7193937371516991,0.4628177783957765,0.4171456592693963,0.27096162955945113
1.0,0.7279308264628997,0.8671472791137438,0.7535949018920627,0.4904125070956634,0.4724601897007912,0.5479169197133488,0.3022483544116558,0.7260645036078865,0.4980042762611978,0.3797544090697534,0.000246984728110754
1.0,0.7344661170319726,0.865559407652893,0.7508221147242183,0.4906769431584628,0.4831724089355976,0.6207538389948811,0.4066415205975889,0.7373230238171942,0.5581025424342951,0.4342462282585805,0.2495730494794721
0.0,0.7778001206515183,0.8633571319425841,0.7434827687151194,0.49387559918028795,0.4401561493549664,0.6954397394136808,0.446128244952296,0.7435785384388847,0.6053352013745908,0.4587350781280064,0.4138963621476199
1.0,0.6951538306857028,0.8569454246431941,0.7192592176029333,0.4824867863254487,0.4564678869864304,0.4655653792461611,0.3865616448487537,0.7470769309071372,0.6370624556056129,0.4065163738068646,0.0005308597133359074
1.0,0.7451236678061532,0.8538559201799685,0.7005601018768312,0.4872909430730552,0.4639166299177948,0.5651465798045601,0.5265734782930256,0.7541590049487976,0.6841953990088396,0.4663980284879597,0.12230532336119762
0.0,0.7911723305851601,0.8527413209578905,0.6869118050264524,0.4912824771213735,0.4571785004272986,0.6653588737595201,0.6266696250277347,0.7557590726337273,0.6911996315213185,0.5176617130677823,0.6255856003945106
1.0,0.7272270259400765,0.8518438302513651,0.6833715026351035,0.4853809342307088,0.4547427393916839,0.5323724548158314,0.6832334886472892,0.7528531994162582,0.6684428910553709,0.5201417514807789,0.7823232672241031
1.0,0.7256183390307661,0.8522241196775244,0.6773558777093245,0.4871334294863571,0.4545025335758071,0.5323724548158314,0.7188373641002884,0.7495574553445392,0.6490963808073549,0.546516163527969,0.7509078309078315
0.0,0.7294389704403781,0.8547547354974383,0.690753420268297,0.4879208249749998,0.4510127472085438,0.5298558682223745,0.7364322165520302,0.7474677000036878,0.6256285125073107,0.5693117601933322,0.9102425292334346
1.0,0.7128493866881158,0.8577466233472695,0.7011367728280942,0.4840501935352324,0.4461689568516079,0.5355753832075039,0.7567487611863031,0.7443038561916373,0.6088277248180959,0.6014177295248768,0.9869532265049812
1.0,0.6849989945706817,0.8633344506641659,0.7206920765362772,0.4832509093426228,0.4667941014376434,0.4829558453443147,0.6951852673618819,0.7396072930415805,0.5717363706488352,0.5602817264560079,0.7317832394976197
1.0,0.6928413432535693,0.8663024636448808,0.7269443866428309,0.48408030702622706,0.4710619758976348,0.5305422100205901,0.7030619037053473,0.7379451689978886,0.5737884922848965,0.5721079925789269,0.8300941966219153
0.0,0.7183792479388701,0.8683153951971212,0.7374355636164122,0.4847834910361929,0.47484989335188105,0.5817890642873484,0.7423045632719474,0.7353660590084543,0.5706526628099853,0.6512250214566662,0.9954255088783036
0.0,0.7106374421878142,0.8663402458489968,0.743670080019113,0.4873273018008507,0.4724212073523839,0.5669183253260123,0.7024110642703938,0.7297560549219901,0.5619289760918302,0.6465379877985588,1.0
0.0,0.7263221395535895,0.8642912869570171,0.749350007519618,0.4864486321902456,0.4874950876710579,0.5778997940974605,0.6829746320538423,0.7249413631446733,0.5550958327060183,0.6316988813012521,0.9934572779685186
0.0,0.7620148803539113,0.8631211370395966,0.7586070978567887,0.4888993725446456,0.4767861095720855,0.6485929993136582,0.6613194290363142,0.7195350263958613,0.5412679694689697,0.6473898792465042,0.9618606484675284
0.0,0.7526643876935453,0.8618492359072052,0.7626650203185921,0.4906279328830833,0.4752131592777637,0.6463051933196062,0.6893942755713336,0.7134843860962838,0.5270293837895003,0.6704190306411408,0.9819536937993842
0.0,0.7355720892821235,0.8618667865979193,0.7687768392260992,0.4884171937215009,0.4764797041610064,0.5929993136582017,0.6615708897270913,0.7068416515370772,0.5021758904312382,0.6503092812171336,0.7568491877625371
0.0,0.7451236678061532,0.8582140692994741,0.7583644622460286,0.4898743957830754,0.4798951719769917,0.6238846945778996,0.6696989867613339,0.7031321476057968,0.4933843860399015,0.6653570349270143,0.9673544810594392
0.0,0.7529660164890408,0.8576818392998207,0.7627240745187956,0.492013740816889,0.4790026952052503,0.5943719972546327,0.6551512462095997,0.6995859726068225,0.4791957933922689,0.6535530011003621,0.8551203184367657
1.0,0.7221998793484818,0.8559087908704393,0.7678086458253257,0.4898160593363411,0.477838832380112,0.5641729581331502,0.6292286073515273,0.6962636096235757,0.4678745493762009,0.6617070865201555,0.7902133639964233
1.0,0.7493464709430928,0.8584720494096674,0.7862766596175383,0.4908941731678794,0.4785237165095652,0.6117593228094259,0.6648546705125362,0.6934732093167799,0.4512281682996856,0.666420057078287,0.8916570844512599
0.0,0.7483410416247738,0.861749563841729,0.7964560159418932,0.4903437975921578,0.482870537032748,0.6247998169755205,0.6797943939057766,0.6885902620248228,0.4229914978217226,0.6494574468151346,0.975978534009117
0.0,0.7220993364166499,0.8626494626136108,0.7910951576778303,0.4883479101898553,0.4746788674076705,0.6243422557767102,0.6846461060572443,0.6827558159478886,0.3859095032872221,0.6547074646233662,0.9757435501842808
0.0,0.7393927206917353,0.8609682145936168,0.7776089713929403,0.4917726686381448,0.4817649094118897,0.6138183482040721,0.6748835145329488,0.677223545124882,0.3614335662285616,0.6471346057141054,0.9665410528719882
0.0,0.7427106374421879,0.8536162131783391,0.7467783458941615,0.4927722087284028,0.4713495596653899,0.5946007778540381,0.6572738702758674,0.6739086564756394,0.3551819812661463,0.6313267010405658,0.9907892439322502
1.0,0.7412024934647097,0.8474365756249034,0.7226324320794628,0.4931741113493355,0.4668590106394253,0.5602836879432626,0.5693661711411878,0.6718446276770311,0.3588342530635526,0.5346188434157866,0.8577878103837466
1.0,0.7210939070983311,0.841003683592259,0.7138353344164889,0.4908041886598237,0.4581069882320346,0.4859601449275363,0.49457140744027794,0.6712272794267502,0.3610811072667118,0.4744123287143632,0.4975745641419715
1.0,0.7527649306253772,0.8446503127694793,0.731144375056686,0.4930358312426241,0.4587593896989968,0.5410869565217391,0.5364839878707196,0.6745604420234068,0.3863150600336414,0.4918942966633243,0.6556361365928616
1.0,0.6945505730947115,0.8505514332503951,0.7575969819971046,0.484362552364973,0.4649233721246426,0.5254347826086954,0.42792692848162095,0.6760355666949598,0.39885022291598,0.3567312235141962,0.610849266340594
1.0,0.6845968228433542,0.8591652758491986,0.7745330584706858,0.4863935528691266,0.4678410777578342,0.5119565217391304,0.42927298276754666,0.6791743974157469,0.4375856036162529,0.3582174845315946,0.49209378407851706
1.0,0.7025940076412629,0.8601814386936111,0.7837794792948144,0.4894759846151567,0.4754980907861068,0.5526086956521736,0.4198653945714075,0.6799759040064846,0.4497697083954453,0.3504662925643484,0.5920704159526411
0.0,0.7097325558013271,0.8621064926660593,0.7983247643983562,0.4869778379403589,0.469059445774416,0.5617391304347824,0.4435100954071444,0.6804075693073162,0.4597980731677137,0.33155281346346416,0.5763053655023409
0.0,0.6960587170721899,0.8653292411255289,0.8089494843430054,0.4878459542298329,0.4649947458253249,0.5604347826086957,0.4544634272612975,0.6793053829701967,0.4531470212212033,0.3415452486171422,0.6532949225783227
1.0,0.6679066961592601,0.8684073381409583,0.8173909241815227,0.4867502244037759,0.46756411044523105,0.5223913043478261,0.4769617631831965,0.6775935795096135,0.4437631741926722,0.36713222548267216,0.6454087144400437
0.0,0.6738387291373417,0.8690139367875909,0.8117416839549407,0.4840523674939782,0.4825473181614389,0.5258695652173913,0.4975075808002365,0.6755966783524411,0.4404486151852151,0.33903683882328084,0.7007202016564632
1.0,0.6689121254775791,0.8676769341122794,0.7989569257805819,0.4835339896844998,0.4874889343714012,0.4995652173913041,0.4625471488795209,0.6721753119098679,0.4266665196411865,0.3478553948380029,0.5344256391789699
1.0,0.666096923386286,0.8645832706791361,0.7823345942102322,0.4831854153011376,0.4729137254760705,0.4878260869565218,0.4818800384586939,0.670828039713401,0.426423954215988,0.3705675207414989,0.3623334533669426
1.0,0.7022923788457671,0.8623848826208245,0.7799257039737879,0.4859879867186552,0.4788754483803225,0.5263043478260868,0.4682419939353598,0.6708059380131204,0.4253060864772353,0.35728298591940444,0.3813467770975879
0.0,0.7103358133923185,0.8573526003796132,0.7826511648760937,0.4836412714236787,0.4784502737460967,0.5395652173913043,0.4599881665557282,0.6718744770274163,0.4353912238595539,0.3954056048536481,0.3411955347497301
0.0,0.7344661170319726,0.8555040754383425,0.7897605439120705,0.4843748350764098,0.4827140711957864,0.5506521739130434,0.4772280156793134,0.6729113051325948,0.4456775350194714,0.3653214486445578,0.4053655023406546
0.0,0.7227025940076413,0.8557789654923686,0.7869517002227726,0.4860587870958216,0.48309095991587103,0.5354347826086956,0.466252496117151,0.6743017177492001,0.4632138163080058,0.3518492749665627,0.317680950666186
0.0,0.7126483008244522,0.8615097301245416,0.7926960510895509,0.4836376592268827,0.4822115802709985,0.5441304347826087,0.4214555136454405,0.6763319475730272,0.4827811661373128,0.3573443439226877,0.3056175729204175
0.0,0.6929418861854013,0.8660353358056212,0.8010843590041062,0.4833412687973901,0.4834661114231087,0.5395652173913043,0.4145403446490643,0.6792353878083377,0.5069211258816093,0.34761169550437626,0.18602808786460165
0.0,0.7076211542328574,0.8685130940917829,0.8110536696621573,0.482095072453261,0.4900784187808115,0.5641304347826085,0.3949042230604246,0.6821202999752289,0.5267603962294606,0.3699569948092287,0.11776194437411833
0.0,0.7151618741202495,0.8650377400032432,0.8083695004424771,0.4796012379227319,0.4882598372144709,0.5784782608695652,0.41393388063013065,0.6858501459752588,0.5524226076556883,0.3958819549417572,0.047679617637989086
0.0,0.7768952342650313,0.8613026265034742,0.8000192718409664,0.4864642177159325,0.524167664019598,0.6647826086956521,0.4948672435470749,0.6898859389237941,0.5808874283849392,0.434346112099336,0.31273109407231525
0.0,0.8061532274281118,0.8572024150463613,0.7911444300154773,0.4875744195331764,0.5335776853224549,0.7193478260869562,0.5151172250573183,0.6925420353471201,0.6066416331360786,0.40758275898659735,0.2552348893619128
0.0,0.8084657148602454,0.8567556285741453,0.7838284213371332,0.4877153731141384,0.5681226366213218,0.7321739130434781,0.4774277050514015,0.6946518827161037,0.630120405964569,0.413257828654886,0.13761694965595644
0.0,0.8229438970440378,0.8583840693998459,0.7864531767641513,0.4895391177138885,0.5681808686623279,0.7804347826086955,0.6094667554174986,0.6980289953557257,0.6604631591304728,0.5491565590151701,0.8622478087236142
0.0,0.8082646289965816,0.8572073879024198,0.7820759980632577,0.4903309299208775,0.6108576287729189,0.7732608695652172,0.5999852081946603,0.6950303756642873,0.6618556154526565,0.5383132383153408,0.7956018878688872
0.0,0.8459682284335412,0.8572304063033185,0.784243142375828,0.49282296650016705,0.5950177801503966,0.8282608695652172,0.6598180607943198,0.6926659265001303,0.6688401317359761,0.5859398081909447,0.9950547852225348
0.0,0.8183189221797709,0.8553637703921204,0.7787416219717217,0.491565777877307,0.664507235366473,0.8019565217391305,0.6485984764440501,0.6889187328670137,0.6782276960114791,0.574883299848958,0.9310361469041072
0.0,0.8326965614317313,0.8563641297091142,0.7782875962940164,0.4936619309468593,0.6268173291892538,0.8391304347826086,0.6340285481843059,0.6861254804693937,0.6889201927417692,0.5373593870965082,0.9665061390949704
0.0,0.6197274497079817,0.2286898707390037,0.23294287748633774,0.5211510449501471,0.5358705716292352,0.7096587622903411,0.4678574069965236,0.9659562272182702,0.5377748420304204,0.4763144021271154,0.743230347131098
0.0,0.6171317326411421,0.2289044584511521,0.232093401295232,0.5244641472942552,0.5232808626599874,0.7015615962984382,0.38613268249389865,0.9642331834655355,0.5297164572990556,0.4679265584766255,0.4611734889340781
0.0,0.6161583387410772,0.2276578153578184,0.2304612229105369,0.5242568712081356,0.5141647442155491,0.7050318102949682,0.3628060054729676,0.9644842521509064,0.5302891310432448,0.447770734113793,0.3181794026995425
1.0,0.6096690460739779,0.2257730998748961,0.22386715292054915,0.5233898851050015,0.5340027949936218,0.6714864083285136,0.3565268841062049,0.9659746458570416,0.5249281444849738,0.4402084269306477,0.1321872675098308
0.0,0.6213497728747566,0.22352996760727215,0.22035773323169652,0.5215914575170413,0.5273974869079437,0.6992481203007518,0.4434657199911249,0.9700291152895296,0.5456550005470402,0.4974789495067221,0.4573280901264736
1.0,0.6236210253082415,0.22141045022362785,0.2210945709792728,0.5182724803438605,0.5268193908251616,0.7004048582995951,0.4626506915169,0.9710197879650908,0.5591668851349085,0.4623678411102949,0.5150653629503669
0.0,0.6245944192083063,0.22016332174433995,0.2189425934961992,0.5147317224931846,0.523240331810806,0.7015615962984382,0.4097330079136154,0.9692947052329804,0.5627074829108304,0.4091881204449082,0.31594749707726555
1.0,0.6158338741077223,0.21993396546917146,0.2171547380838036,0.5170721990800338,0.5501857874821066,0.6784268363215731,0.4508468308557063,0.9689668322638608,0.5887988901685037,0.45033694049727613,0.08261363636363615
0.0,0.6177806619078521,0.22051784214247405,0.2105705073109873,0.5172395526934921,0.5561979367591693,0.7038750722961251,0.5735892315657123,0.971742937248634,0.5841647919937369,0.5063967400093614,0.09259326660600399
0.0,0.6177806619078521,0.22079842563633226,0.2069023188839196,0.5171330514911616,0.5403779561542912,0.7177559282822439,0.5699504474521119,0.9735570925936892,0.5651596984925521,0.5023443119577018,0.4446663104311396
0.0,0.6122647631408177,0.22197875663828714,0.19611026660480704,0.5199893971550434,0.5635422607581796,0.7027183342972816,0.5518009023001261,0.9740261188170138,0.5219906760836556,0.488313960957441,0.3324239952751934
0.0,0.6080467229072031,0.22122844447755696,0.1805114429626875,0.5190328368795093,0.5560606405820351,0.7304800462695197,0.6965017380371276,0.9750517675573388,0.4837327955346808,0.5699328416400281,0.6260370672441431
0.0,0.6200519143413368,0.21919077075643226,0.16318475621456408,0.5173014982983942,0.5535304778785374,0.7374204742625795,0.6901264699356552,0.9725084252467744,0.4419990758963581,0.5660015974645474,0.6763270084601607
1.0,0.6125892277741727,0.21390687937960484,0.15013750017346106,0.5163865393155139,0.5715049879611107,0.6876807403123193,0.6240736631905931,0.9709501354078494,0.4091012019727495,0.5637483105514669,0.5099953612688036
0.0,0.6349772874756652,0.20972595091609048,0.14268248015446716,0.5163304819935165,0.5711778437188063,0.7327935222672066,0.7231121958435025,0.974774305433501,0.4329067800699423,0.6268026954506941,0.6929380839831234
0.0,0.6434133679428942,0.20652123862185512,0.13952451258460885,0.5140116527513592,0.5870985401955829,0.7466743782533256,0.595688188743436,0.9752932321397648,0.4320019588883568,0.5229377710834663,0.6651940535883886
0.0,0.6440622972096042,0.20390415918916194,0.13358342009491042,0.5140250563494422,0.5933642790960317,0.7582417582417582,0.6381184823607725,0.9770926377369497,0.4553875303831586,0.5653036582118603,0.798502352499392
0.0,0.6502271252433485,0.20099370775635794,0.12579308042281573,0.5113473797169473,0.6477431372011168,0.7628687102371312,0.6818208712373344,0.9746702867213192,0.4533688080306956,0.5501328792321709,0.8364957699189317
0.0,0.6695327709279688,0.19809439928634245,0.12047694067295228,0.5107312118607639,0.6898309984358337,0.8102949681897048,0.6590193033059684,0.9698930716661368,0.4547200793795288,0.5240053390173258,0.8448013076804131
0.0,0.6609344581440623,0.19531528248908048,0.11717434509556307,0.5130868300905607,0.6737754734429829,0.7906304222093697,0.7017898084461207,0.9640068289125427,0.43224539568866177,0.5514084302209274,0.8038479379735367
0.0,0.6690460739779364,0.1894820440487366,0.11107984246850894,0.5106652096103466,0.7328595059350418,0.8137651821862348,0.7849641298720516,0.9576826259678296,0.4062108035189416,0.553262683086693,0.8511850853747434
0.0,0.6995457495133031,0.18354409777215966,0.10289896551709428,0.5122764802098115,0.7156498669383905,0.8230190861769807,0.788610309888322,0.9532202726528952,0.3905163733475968,0.5564354630451874,0.8951662333819449
0.0,0.7021414665801428,0.17837985372065024,0.09978653046388314,0.5124987625028339,0.7066436926788555,0.8449971081550028,0.6771762443606243,0.9470069114653774,0.3608426420243551,0.5053134967837652,0.9997849051192575
0.0,0.6875405580791694,0.17885757071351716,0.10549527727239756,0.5139280999725665,0.7307863117099367,0.8102949681897048,0.7257673249020042,0.941890162284852,0.3342199602144321,0.5308940457618934,0.906416704770614
0.0,0.6748864373783258,0.1792827976217577,0.11302757481053133,0.5151728745470827,0.7304802117286235,0.8079814921920186,0.6787885511426666,0.9364683851123228,0.3033343299950567,0.496055575849937,0.9186607732561082
0.0,0.6768332251784555,0.18002833210520294,0.11589971692012868,0.5154043380488571,0.5601943729349705,0.8207056101792943,0.6270763996745798,0.930308242831012,0.2769352036912404,0.5147808742570552,0.9330670634609852
1.0,0.63595068137573,0.17893386737041486,0.11886729323014272,0.5130172131454087,0.5392180444169709,0.6992481203007518,0.7335626063161008,0.9226253177154032,0.2451889911294294,0.5609361254855841,0.9258126095028898
1.0,0.6307592472420505,0.17906008427789155,0.12633223660129966,0.5140678350021537,0.5073528738773627,0.6807403123192595,0.6578951261001401,0.9116645088252592,0.18090980133207674,0.5306990997734774,0.9835085313833032
1.0,0.6159961064243997,0.17677867144403292,0.13218475142056035,0.5154369013259941,0.541716143238445,0.643724696356275,0.635330227054212,0.9096107307582316,0.1754269054147909,0.5213566452659361,0.640760197775031
1.0,0.6349772874756652,0.182429611087136,0.15081106969404814,0.5149117909972293,0.5304327839700086,0.6737998843262001,0.540056208860291,0.9122802984896624,0.1908920018645288,0.4692378292372749,0.8772613320685668
1.0,0.5807916937053861,0.18507975392924306,0.16356356981832265,0.5090649537510034,0.5010549726574967,0.6691729323308271,0.44936765032172143,0.9154264435545432,0.2173346716193912,0.478635112835455,0.8251914086320201
1.0,0.5869565217391304,0.18846385031888915,0.17687075072875566,0.5102173697762455,0.5340357228052928,0.6390977443609022,0.3457288662081209,0.9184932588670572,0.24095082205778875,0.4801856930661413,0.3105859805080943
1.0,0.5976638546398443,0.18473780604324966,0.17757507099765668,0.5082259528971663,0.5384015022471432,0.6529786003470214,0.24896087567487615,0.9235832023811871,0.2852729479779078,0.4962846234615496,0.3005138033682672
0.0,0.6028552887735237,0.1849879015910285,0.17394085688554967,0.5089707249225139,0.5335460377766471,0.6818970503181029,0.2479550329117665,0.9292281038998867,0.3332730262810032,0.4962180052735194,0.3113365868713946
1.0,0.5859831278390655,0.18542160190361254,0.17257674547958068,0.5098376707946092,0.5496567022997586,0.6703296703296702,0.19626506915169,0.932594243552734,0.3739224583445876,0.5233123846025852,0.2070654928387748
0.0,0.6002595717066839,0.18596700794354115,0.1631762234577393,0.5083461250657073,0.562146216656524,0.7061885482938115,0.3220915612750538,0.9390563659002706,0.4309957507983508,0.5183415819295429,0.4772711205372921
0.0,0.6031797534068786,0.18361024753346025,0.1606050199711735,0.5087296083774995,0.5565813380436289,0.7270098322729902,0.2760076917387766,0.9385624086446036,0.4351827704724064,0.5013401425946644,0.4825379992930354
0.0,0.609344581440623,0.18342065637630744,0.15469839305895855,0.5059844518056721,0.5611318168083005,0.7327935222672066,0.3027364839878708,0.9377682404096196,0.4316417583385007,0.5144667105153115,0.3861240582034449
0.0,0.6005840363400389,0.18410758471266808,0.15834348075755286,0.5043961868895344,0.545079852834472,0.7432041642567959,0.3594778492715039,0.9359953556388094,0.3950370120240753,0.4889408271962859,0.4439098548255069
0.0,0.5801427644386762,0.18583337712119752,0.15608099319451196,0.504965731527989,0.5093112638264583,0.7038750722961251,0.35488499371348303,0.9346121034885844,0.3877024574037666,0.4853612385664646,0.3163267010808739
1.0,0.5652173913043479,0.18741653070517209,0.15772317340246828,0.5064704484170348,0.4934611871076337,0.6610757663389244,0.2635973670586496,0.9355953591689988,0.3932558934729576,0.4885765986730897,0.16425266041864994
1.0,0.5535366645035691,0.1879662032776164,0.1580090956971128,0.5083087172605331,0.5039354340398556,0.6506651243493349,0.30902300125730353,0.9415157353826179,0.45030684243707103,0.4615479050614511,0.1857030688785309
1.0,0.5554834523036989,0.1880869841211701,0.1573097844513231,0.5086065524705581,0.5202739075768803,0.6587622903412378,0.41487316026921095,0.9477037459044066,0.5011582068114853,0.5067313703978429,0.4287241684625538
1.0,0.509085009733939,0.1874395015551671,0.1595405969716669,0.5013621986168343,0.5044653529746539,0.4910352805089648,0.28093336291694376,0.9499691887460632,0.5275540350080806,0.4798757617956039,0.21620808900917166
1.0,0.5480207657365346,0.18762453536416054,0.15968856932040024,0.5074669805286423,0.5062337839263518,0.643724696356275,0.32906589749278936,0.9564414984173392,0.556197954874171,0.5021940222247199,0.3303763845035837
1.0,0.5473718364698248,0.1852890447569191,0.15433804260942474,0.5073843842997285,0.4945328126557158,0.6356275303643726,0.4188299681976189,0.9600342756672562,0.5601424667575234,0.5022804845766878,0.4401510215673503
1.0,0.4769630110317975,0.1830418678924297,0.14451138162580962,0.4951665577837274,0.4894092390998337,0.3452862926547137,0.3184453812587826,0.960632915223653,0.557105748742888,0.4257437706394667,0.19395579612088465
1.0,0.4743672939649578,0.18368992250274685,0.13567044387304006,0.4947347419201914,0.48936300844617703,0.35106998264893,0.3377338954219361,0.9672474372053608,0.5928919954838897,0.44085300522586623,0.16263218563624576
1.0,0.4652822842310188,0.1845549640306965,0.1306724378341948,0.4968809006125826,0.4986401297486454,0.3371891266628108,0.3164854670512538,0.975732645387038,0.6584844941934114,0.4210638413527434,0.059322741776508474
1.0,0.5009733939000648,0.1843114095713685,0.12266145968923553,0.4993370700511738,0.5074551647660234,0.4308849045691149,0.4365357591894091,0.9882129146598242,0.7571057542838184,0.4942262067081685,0.06515601783061017
1.0,0.517845554834523,0.1810598558876757,0.11103132529200001,0.4985284334254115,0.5035070055502152,0.4759976865240022,0.5078692404407964,0.9954380491114628,0.8269286771774136,0.5495213147702578,0.1865141481035523
0.0,0.5295262816353017,0.17923754550880666,0.10298712000116801,0.4968131693795693,0.5105237492336296,0.4783111625216886,0.5591968049700463,0.9993991663093679,0.8981530245380854,0.5455851409179302,0.3336544250451514
0.0,0.5389357560025957,0.17684580538941086,0.09830489852109477,0.4984070205698942,0.4975872327416866,0.5211104684788894,0.6387397381850454,1.0,0.930516273621946,0.6327820264204569,0.7126429861529197
0.0,0.5522388059701493,0.17408065264339934,0.09432874065575964,0.4969668403610772,0.4955020888455233,0.5407750144592249,0.7282005768804082,0.9961854005565632,0.9358755720022154,0.6553076933757574,0.7589102950030095
0.0,0.5843608046722908,0.17002512869472053,0.08670936807318269,0.4987045522405138,0.4928355708767742,0.6136495083863505,0.7610531765401967,0.9899797813143864,0.9038031098608592,0.6392159289748066,0.8457104017722284
0.0,0.5814406229720961,0.16755926097288446,0.08062610110037433,0.4983430822404348,0.4966048718286582,0.5847310584152691,0.7900673027142959,0.98295041460211,0.8741178295681926,0.6560619140187768,0.8321155917755598
0.0,0.5814406229720961,0.16757194475317272,0.0799006899415507,0.4982097061695066,0.493293978276303,0.6090225563909776,0.8999926040973298,0.9772513799062932,0.8652102176390277,0.7178663349292791,0.9860246751828792
0.0,0.5811161583387411,0.16936918679865046,0.08694902116145907,0.4980738339021077,0.4875547032111608,0.6229034123770963,0.7834775534353966,0.9690057541740388,0.8405178963172133,0.6389752386954207,0.9992632448482957
0.0,0.5697598961713174,0.17046708657515053,0.0904392346329228,0.4997969092781194,0.490428884195977,0.611336032388664,0.7515864211226979,0.9648775389071332,0.8352981774489907,0.6682315969669332,0.9735161352285808
1.0,0.5528877352368591,0.17203789363920707,0.09341486299438027,0.5007760467366901,0.5070742950957765,0.5604395604395603,0.6826640041417056,0.9595069499448194,0.8104114048638955,0.6610562481027852,0.8525478030919451
0.0,0.5697598961713173,0.17267940464907738,0.09211957732224384,0.503479209790546,0.4973839842733239,0.6448814343551185,0.7504696398195396,0.9558758349414151,0.8034206338065615,0.6732771537196911,0.948975378103545
1.0,0.5600259571706684,0.1731954694249067,0.0949279740050754,0.5019578677071284,0.5501413746866803,0.607865818392134,0.7357961689224166,0.948230423414357,0.7579873497641254,0.6660294058782708,0.8235946936457946
0.0,0.5833874107722258,0.1734308704980303,0.10051090350600506,0.5057011114657544,0.482614400836745,0.7108155002891846,0.8249833592189929,0.9428734556706851,0.7246886815366796,0.6708379634753469,0.8505908452936114
0.0,0.5564568462037637,0.17355140561333604,0.10082721877199664,0.5050908871340983,0.7016577402955706,0.6263736263736263,0.8578433547814517,0.9380143071680124,0.6852793304497611,0.7172561088782302,0.9754141627415956
0.0,0.6417910447761194,0.17305934876931595,0.09570321070697256,0.5183504306015153,0.7327926134843579,0.9421631000578368,0.8110568744915314,0.9323978495691684,0.6747844083878811,0.6460043760950248,0.997576621525302
0.0,0.6401687216093446,0.17068556476063668,0.07692003533577657,0.5181915704331401,0.0,0.9271255060728746,0.7811404481917017,0.9270609228900372,0.6934228214586755,0.6320519520935812,0.9417225150194116
0.0,0.6469824789097989,0.16682587725291942,0.056099740937913915,0.51912020316718,0.7551729547813939,0.968768074031232,0.7301235115745879,0.9218874842447646,0.6776321097256499,0.6232145252307764,0.9164768907107396
0.0,0.6466580142764438,0.16362163589861112,0.04600487606462689,0.519291822195159,0.0,0.9410063620589936,0.6981732120405298,0.915791474032268,0.6475725670804928,0.6058514823166734,0.8623578832016805
0.0,0.6443867618429591,0.15975338917154813,0.04000293428556562,0.5188005060819906,0.8019925912788562,0.94679005205321,0.7329117668811477,0.90888145549624,0.5835942015669809,0.6268816111946875,0.7867677275010263
1.0,0.6252433484750162,0.15804919255808425,0.03030934208775227,0.5160264411198425,0.8701623319700957,0.9340320591861898,0.7947563050070265,0.9016002129805992,0.5376769947051877,0.6213766628437476,0.8398931555636728
1.0,0.6207008436080468,0.15528427712512596,0.01710208361136101,0.5150720823171121,0.4680910190143244,0.9463625154130704,0.8369425338362545,0.8938390085606294,0.4745837397075599,0.597019997389189,0.8827748360072696
1.0,0.5298507462686567,0.15164469285237206,0.0051189050631443855,0.499560667947199,0.44718896337724745,0.636487406398911,0.8278529694549224,0.8833824330015678,0.3850362290046143,0.5932183241050552,0.8544582968795561
1.0,0.5347177157689812,0.14854859913459914,0.0051375285108994926,0.5004672576327939,0.4544630349769026,0.6310415248468344,0.9530729975593524,0.8746893230241715,0.31506224766218105,0.6067634599709493,0.90215108508878
1.0,0.5292018170019468,0.14527033050122107,0.0,0.4995059460930774,0.4512132030514987,0.590197413206263,0.8252348199097705,0.865041096755385,0.2586108732947794,0.5667346229152864,0.9713827881987004
1.0,0.5152498377676833,0.14437396143579706,0.000920664537268634,0.496931106339806,0.4478959365478905,0.4989788972089856,0.7544190518452782,0.8606649628885201,0.2377725153455347,0.5582141075024853,0.9754761335564596
1.0,0.499026606099935,0.14444065548064966,0.001907444146158177,0.497532316626225,0.4477376537272648,0.4676650782845472,0.7356112713556692,0.8562574872527657,0.21275711436046288,0.5500945643765001,0.890476383211236
1.0,0.4980532121998702,0.14603408480215666,0.0030170614786605987,0.4973446337657237,0.4494473332152391,0.459496255956433,0.6560757340433402,0.8521796049752639,0.1808000604998881,0.5533218393064963,0.7218197272028172
1.0,0.5025957170668397,0.14607103357792714,0.003098915913361089,0.4982299672522232,0.4563685637530217,0.4840027229407761,0.7007100066563129,0.8514036892617283,0.1723124491739088,0.5912307212411785,0.8827255433682767
1.0,0.500324464633355,0.14767097678019336,0.006576904133851536,0.4977937687855592,0.4566985159341517,0.4649421375085092,0.693669107314548,0.8484702999452769,0.1487389808408771,0.5843936395829128,0.8847290241631928
1.0,0.4805321219987021,0.14942078190744867,0.013321629819407044,0.4977016792338553,0.4629682481987328,0.4268209666439753,0.6523851786110492,0.8454462041995818,0.12641718800135465,0.5475174605900363,0.931335249119682
1.0,0.4656067488643737,0.15279122561616365,0.018882292608588147,0.4984528205964546,0.4565351484093935,0.37100068073519377,0.5765032172176615,0.8399989993318668,0.09430049317434892,0.5475044127153441,0.9215298687567512
1.0,0.4526281635301752,0.15776148990057814,0.0275165631333642,0.4996468616204223,0.453752998878614,0.3464942137508507,0.6138451297980918,0.8371562607982048,0.08198909451940589,0.5699026929339495,0.8554715333164777
1.0,0.4263465282284231,0.16327806015077284,0.037134194226163035,0.4984454315271369,0.437054951993228,0.3179033356024508,0.4292212114488571,0.8350217057710052,0.0704896720786401,0.5021915594353031,0.5836991748454259
1.0,0.4091499026606099,0.16813328335931033,0.04706232605217642,0.4986560656022908,0.4433569289024913,0.2634445200816881,0.3809703424302936,0.8385700291026337,0.08486280859679074,0.476582722861989,0.5874704491725764
1.0,0.4153147306943542,0.17040104108834342,0.051574866323449035,0.4999317340300205,0.43990555963711375,0.2933968686181073,0.4386435914503368,0.8392658506746571,0.08202002779702383,0.4592191909199774,0.6950723660648456
1.0,0.4033095392602207,0.16751872725615202,0.04670877097898868,0.4973108936081483,0.4590461046120076,0.2402995234853643,0.4665113527105982,0.8349270532899362,0.042016122367831865,0.4771991427285857,0.6630290517622774
1.0,0.4224529526281636,0.15594872266208082,0.028301598621993333,0.5007347587349027,0.43963254039240257,0.19400953029271625,0.5732564159455661,0.8339710482938059,0.03675345886348708,0.4908034966691314,0.7838287652474358
1.0,0.4951330304996756,0.19016682610428104,0.07884300352519052,0.5120110895011888,0.4367207800770311,0.2430224642614024,0.4273056726573482,0.8311139455407304,0.013448029185500364,0.4636253599953506,0.7803948005983109
1.0,0.17975340687865016,0.22627807135476094,0.13227655988426418,0.4754931952194594,0.4658215181816704,0.2348536419332877,0.3673249020042897,0.8306379964024624,0.01970395269747266,0.47839828701739295,0.5742227671861407
1.0,0.1872160934458144,0.27161325300762096,0.19592765995183947,0.4760521986796313,0.45018946165062745,0.1295116772823778,0.30201908142888834,0.8299561332870204,0.0,0.489900365185132,0.4548690768135429
1.0,0.19630110317975324,0.2708092026401268,0.18731218598489674,0.4737650085983662,0.4670820997524244,0.1405520169851378,0.2515124620959988,0.8333949697766576,0.010952593130705124,0.5098384693197302,0.3312960859610222
0.0,0.19467878001297856,0.2691074035009953,0.1764096715951428,0.4730682729020511,0.31055683310784304,0.12271762208067945,0.1561570889727088,0.8392476771894204,0.0351752625898471,0.5275275249401644,0.29006031562422474
1.0,0.1852693056456846,0.2677595541230384,0.17009987304224256,0.4695010695885366,0.4983711088570682,0.04713375796178342,0.0,0.8454555801739461,0.06043861289644802,0.4532209385115417,0.03703982874544067
1.0,0.2131732641142115,0.2687093013329336,0.17047564004745852,0.4708004176978923,0.4519830720404171,0.11082802547770698,0.07221359366910696,0.8559028663829801,0.10755230595308383,0.4363354551575525,0.0009082217973226717
1.0,0.2118754055807916,0.2707394351821022,0.17325414232594655,0.4709295631074321,0.4332218951088482,0.1235668789808916,0.1309814362842982,0.8645243302884129,0.14250466704533832,0.4094945963180941,0.0862495860209112
1.0,0.2242050616482803,0.2737777825487289,0.1768600674595477,0.4691576671931816,0.3889703730179804,0.13460721868365189,0.07996449966718439,0.8714924588387303,0.1910563831390304,0.4308184462664726,0.045740260129914605
0.0,0.2349123945489942,0.2758612988414191,0.1740358695442702,0.4713047013161419,0.4219110222799259,0.172823779193206,0.11587900303231975,0.8804721087532108,0.2503516402644739,0.4023566134467396,0.01328732221756342
0.0,0.2472420506164828,0.28276336836177496,0.17957388733666835,0.4735272016608919,0.426694680334796,0.2059447983014863,0.12881443680201116,0.8886889897829133,0.3047879842281779,0.4078952861010608,0.04418357145160709
0.0,0.2238805970149253,0.28806171443767115,0.1806503419742732,0.4708426219006032,0.4439761894279029,0.21613588110403384,0.13382885881221795,0.8979944140117571,0.34813892122925083,0.410182159107548,0.06113135743541754
0.0,0.2394548994159636,0.2896010604086565,0.18257723818999616,0.469665861276352,0.4418463412817873,0.2433121019108279,0.1684860587234676,0.907676921446104,0.3893197828435302,0.4265211788022129,0.10060926584359263
0.0,0.2728747566515249,0.2872624316786663,0.17789565811622354,0.4709178139234063,0.4270047971417486,0.2636942675159236,0.2071592337844831,0.91460482992724,0.4100124390849291,0.3964688224632563,0.1780092551233719
0.0,0.2550292018170019,0.2851861304207484,0.17503715794872726,0.4713088200582887,0.4118835007066429,0.22292993630573252,0.19076991346793928,0.920137918157129,0.4138841267096592,0.3733479584156051,0.036448748414301714
1.0,0.24983776768332244,0.28788328985022105,0.17408501037663246,0.4701910463876712,0.4008602533733733,0.20509554140127384,0.2889505214111381,0.929280400833388,0.4502574690089365,0.3759303420394178,0.17973777348777348
1.0,0.24107722258273845,0.2907056001024668,0.17424296843495668,0.4724719747949849,0.4485033108802839,0.19405520169851387,0.33863619554766605,0.9353244032554956,0.4756162816417734,0.4060632860863012,0.3299549549549543
1.0,0.2319922128487994,0.2939420012845293,0.1795548616818209,0.4744804341570521,0.452123798507079,0.1753715498938427,0.3381480659714513,0.9383504048901591,0.5108852909125837,0.4050355454066487,0.3069095881595875
1.0,0.23101881894873444,0.2959116436233127,0.17897616985213574,0.4780158806521627,0.4322846389688777,0.1736730360934181,0.3433325937430667,0.9423097861275632,0.5318405175834011,0.4086371047375167,0.2005509974259981
1.0,0.22582738481505515,0.29654963846337346,0.17672107483090133,0.4765777124924562,0.4256023856204647,0.14564755838641189,0.2669846904814732,0.9478640005749116,0.5713986829908555,0.35935914387148205,0.025619369369370724
1.0,0.24140168721609345,0.2977742465523501,0.1702281845317935,0.4754442552549345,0.433956831618852,0.16687898089171976,0.446490644183122,0.9584673569295374,0.6354690214293552,0.4751096556358057,0.2700783421784172
0.0,0.3290071382219338,0.2959738770673921,0.16491449703315705,0.4901168936695264,0.41052243158153773,0.4029723991507432,0.4447008357370017,0.9619795705381846,0.6693595860920043,0.4733131311011958,0.2508264570372482
0.0,0.35691109669046084,0.2913352277115933,0.15692491368210235,0.490587387822444,0.4128687569457775,0.41061571125265395,0.4887064566230309,0.9671294106476818,0.7111562743743107,0.4756605572517622,0.07945729568882845
0.0,0.372809863724854,0.28395735967755353,0.14436888318881014,0.4893056585089934,0.4193187068101548,0.4199575371549894,0.4855705938909846,0.9713214118514396,0.7628789460077359,0.4723610716342165,0.15756845796875402
0.0,0.4146658014276444,0.28017823095474315,0.14223694564113398,0.4922931813821926,0.4280792987995487,0.4895966029723993,0.5866577915834625,0.9752402612925511,0.8135532733047379,0.5566430795231213,0.5391184573002739
0.0,0.4256975989617132,0.27821109412478595,0.1457646752491316,0.4941330099066142,0.4245026919371637,0.5201698513800426,0.6574735596479548,0.9750037360267972,0.8394348380337244,0.6231579688263259,0.7759543486816206
0.0,0.4143413367942895,0.2779412782393016,0.15261306490276166,0.4960452328496955,0.4342123492517021,0.5031847133757963,0.618038606611937,0.9713988690818188,0.8250225646647342,0.6113639347127645,0.6941106400868854
0.0,0.4321868916288124,0.2757632016512912,0.15385904141236814,0.4952419590387851,0.4418515482261849,0.545647558386412,0.6686709562902153,0.969118865965172,0.8176933839555965,0.6602203586592442,0.6614231160004196
0.0,0.4574951330304997,0.2702182808533817,0.14853848389637264,0.4954873551810908,0.4486393488830376,0.5762208067940553,0.713578877301975,0.9646939848200328,0.7929329454279495,0.6961903104313172,0.8513124721933852
0.0,0.4769630110317975,0.2676398698067186,0.14738481413334142,0.494772188970693,0.4451201093126714,0.5864118895966028,0.7708453516751724,0.95858638457363,0.7724165449227303,0.7357706982580559,0.8047802500196558
0.0,0.4529526281635301,0.2658968619145425,0.14531006955434528,0.4947971581829954,0.4450092091181659,0.578768577494692,0.8204200872716518,0.9527090715633622,0.7515679650025702,0.7237981299003231,0.8399103040429139
0.0,0.4561972744970798,0.26592956991650984,0.14540250703057567,0.4952467974908173,0.4483079574191435,0.5694267515923566,0.8268619184971522,0.948652425308146,0.7474753709964279,0.6852986038760843,0.867078379314325
0.0,0.4643088903309538,0.2662505937910322,0.1502206470222469,0.4927895633646928,0.44232940371168056,0.5796178343949044,0.8073663190592409,0.9445955063348932,0.7393558643255029,0.628954903970663,0.9296988990582298
0.0,0.4428942245295262,0.26504105352676355,0.15191864385035894,0.4895984737829238,0.4448079491331351,0.5830148619957537,0.8225057318245693,0.9396890701685016,0.7347119258130155,0.6383583639466672,0.9797005939305192
1.0,0.4584685269305646,0.2687159140036344,0.15906903168884545,0.4918833991230713,0.452686390211137,0.5804670912951169,0.7601360846091261,0.935454382072444,0.7502002745064351,0.6232223505963187,0.8838075810245403
0.0,0.4338092147955872,0.2706063044330005,0.1617032300317835,0.4883537609554871,0.4524223094805391,0.592356687898089,0.6648546705125362,0.9312307901631836,0.7570928333860463,0.5337027713136232,0.8809766657646587
0.0,0.42537313432835816,0.2729425593964545,0.16570325853792833,0.4871850041864078,0.4519535962042343,0.5983014861995752,0.7661637452851127,0.9271285400807516,0.7668124868874411,0.5457876060810919,0.8966299619075376
0.0,0.43316028552887736,0.2717140493349923,0.16409415853564036,0.4882172107587126,0.4473467805116076,0.5838641188959661,0.7417942459877228,0.9190532726794192,0.7337204207802088,0.5753120792485822,0.9984071133089248
0.0,0.4318624269954574,0.2723061852140125,0.1633441384996137,0.488078469655615,0.4518329150611902,0.5932059447983015,0.7234524073663189,0.9130318330052992,0.7265570214615833,0.566523466788941,0.951028817454238
1.0,0.39454899415963657,0.2755504074089692,0.16905791636297754,0.4863478965265587,0.4528545753179069,0.5549893842887474,0.7308039346202206,0.9070424114215332,0.7104099089981188,0.5740219342627292,1.0
1.0,0.3870863075924724,0.2776983010600702,0.17400122347409458,0.4890013618915372,0.4560709492663822,0.5498938428874733,0.7444937504622443,0.9006595985613328,0.6949860362815032,0.5830675169226079,0.9333352229245216
1.0,0.3874107722258273,0.276462601310274,0.17269154557538147,0.4889363538423017,0.4599625384361176,0.5363057324840763,0.7426891502107833,0.8947728562089696,0.6888081236410104,0.5807904778551318,0.9813017960893028
1.0,0.3929266709928617,0.2765030567241893,0.16819733874119736,0.4860713470674469,0.4530140878097337,0.5481953290870487,0.7303601804600252,0.8890208702303108,0.6853363033573627,0.5746729632740272,0.9100743337160808
1.0,0.3909798831927319,0.27764926486480945,0.16605237288917635,0.4860372790477048,0.4349132641104173,0.578768577494692,0.7643221655203019,0.8822572588595003,0.6735033990550527,0.5524728126281357,0.9902909904868488
1.0,0.3475016223231666,0.2776565521392689,0.16372097593662288,0.4825847572057727,0.4361466978377285,0.4726114649681527,0.8203757118556321,0.8741773368154366,0.6324712416038769,0.5829905688356279,0.9531652580124736
1.0,0.3562621674237508,0.2748174380924837,0.16176513178851834,0.4801388790539639,0.4487315045483949,0.4768577494692144,0.7930404555876052,0.8665053140425802,0.6031238902059971,0.6206796875431759,0.8918802075145426
1.0,0.3783257624918883,0.2701701760882531,0.15805349706262956,0.4797418108140594,0.43496412156684855,0.5014861995753714,0.7806301309074775,0.8616540041520422,0.595967828955443,0.604200032592397,0.9369595975475556
1.0,0.3815704088254379,0.26690243157314564,0.15764861802656666,0.4800673375155399,0.4330463455279058,0.4861995753715498,0.6876266548332226,0.8555755407754102,0.6021609191287939,0.5859200167891484,0.9704022569191108
1.0,0.3786502271252433,0.2647291047191627,0.15505771042793826,0.4796894254330942,0.4242684257524993,0.4895966029723993,0.6708897270911915,0.8514465848677804,0.6144179052108758,0.622570703738807,0.9316357799503854
0.0,0.3780012978585333,0.26196838267427625,0.15499898115132815,0.4794387614878747,0.4358428977657005,0.4726114649681527,0.5838769321795722,0.8461853456884032,0.6188271144012567,0.6123009738423506,0.6840799649788403
1.0,0.3893575600259571,0.25769021512039497,0.15486601358174054,0.4810440607210772,0.4405692888861878,0.4683651804670914,0.5562088602913983,0.8442159964577078,0.6497263651555003,0.5921101929412425,0.5251228172576485
1.0,0.3932511356262167,0.2543944994011991,0.15516316418400816,0.4815382241622228,0.434651675364992,0.4598726114649681,0.5484283706826418,0.8446077320928074,0.679297805871445,0.6341072507452844,0.5130113332360532
0.0,0.4049318624269954,0.25732173461398,0.16212251414515072,0.4834688482831644,0.4371364872434682,0.4929936305732485,0.5671178167295315,0.8459205816643038,0.7065752197495309,0.6502409881771394,0.65491998638066
1.0,0.36404931862426987,0.2619247034340093,0.16763342376675167,0.4811798330121412,0.43420298196868223,0.4632696390658173,0.5340803195029956,0.8447595283257596,0.7173942151001944,0.6717813023515972,0.5833211732088142
1.0,0.3569110966904607,0.2646277946461835,0.17321994000353536,0.4838987779525794,0.4399688820876923,0.4615711252653927,0.5745506989128029,0.8431337143024984,0.7434268879578344,0.6573904725117052,0.6496181720900832
0.0,0.3951979234263465,0.26331239908815984,0.17047062195742624,0.4860420746173785,0.4332559130530564,0.5235668789808917,0.7131499149471191,0.8405364801847419,0.774798004167746,0.7426625532006522,0.959628386594678
0.0,0.3789746917585983,0.2603906183595033,0.16568428405478608,0.4871118548637207,0.437838232708515,0.4853503184713376,0.5955180829820281,0.8328772745362567,0.7568378501405033,0.6925557354826936,0.8860370296103192
1.0,0.381570408825438,0.2624335852185058,0.17120243057625467,0.4838137217947145,0.4325043401368227,0.4912951167728238,0.6255380519192371,0.8304208940963862,0.7626891938005433,0.6811072320139945,0.9600628300247316
0.0,0.3598312783906554,0.2648875293928197,0.17848927813556364,0.4844082362069745,0.4341867994397615,0.4794055201698514,0.5983433178019376,0.8260905752781096,0.7592585837042689,0.7017671872999766,0.8817749492971524
0.0,0.3533419857235561,0.2643438616792411,0.18253201865048152,0.4871902261052496,0.44967932093245816,0.4751592356687898,0.6128097034243032,0.822833058849679,0.7759377750307401,0.6728157387538778,0.9362141408287464
1.0,0.3724853990914989,0.2592804489169125,0.17671589111988115,0.4898420484804335,0.4482452466546156,0.4675159235668789,0.5701575327268694,0.8190197301552955,0.7847695360901157,0.6312405310887711,0.7672060753051562
1.0,0.38741077222582737,0.2512434605205973,0.1671187274002795,0.4882791638498735,0.4394502450471188,0.4692144373673035,0.5707196213297836,0.8161105788631888,0.7804093036528299,0.6320004920234938,0.7905848674008985
1.0,0.3870863075924724,0.24544970049407144,0.16067781577230955,0.4878568807682342,0.4395081271227455,0.4276008492569003,0.6213297833000516,0.8129332774717672,0.7790900962639051,0.6822286083862201,0.7314222098524905
1.0,0.39065541855937697,0.240547206196005,0.15733545037872645,0.4883201374101197,0.4667747326608027,0.4208067940552016,0.6085644552917681,0.8094334309754299,0.7703770670617154,0.6713719465247588,0.6533736233151753
1.0,0.3870863075924724,0.2426112136950458,0.1644817076401554,0.4874461485706001,0.4699086566409024,0.3842887473460721,0.5488869166481769,0.8089868413648118,0.8059440346547709,0.6071071068235205,0.3633258618849397
1.0,0.35301752109020124,0.24822506891455864,0.1786740957041586,0.4863213472958224,0.4635664683425974,0.3791932059447983,0.4929738924635749,0.8108468727976899,0.8513247668957573,0.52829349904442,0.3682712491550128
1.0,0.33939000648929263,0.2541316600239649,0.19117295001903734,0.4845524733790089,0.4631880407230121,0.3859872611464967,0.5655129058501587,0.8130328089626107,0.9062476357432052,0.569397939384487,0.5095883587718352
1.0,0.35431537962362103,0.25644970352380003,0.19662869779257824,0.4830879147218128,0.4450619272417639,0.4004246284501062,0.6181051697359664,0.8117741825237106,0.9504725168740636,0.5930165694712118,0.6802220087522673
1.0,0.34523036988968203,0.2578532163578915,0.20096529846447755,0.4855101729476366,0.4501469304493979,0.39617834394904455,0.6554322905110566,0.8088814027625209,0.9609695721602602,0.5826900991314816,0.7125630571487787
0.0,0.3484750162232317,0.2600742167992882,0.20852536389417886,0.486355929007965,0.451023713306239,0.4335456475583864,0.7017528289327717,0.8051359488162293,0.9653627082654632,0.5819447703814165,0.7861860908224834
0.0,0.3513951979234262,0.2580325899499858,0.2116209877081766,0.4867247130998328,0.4549324117085408,0.43014861995753706,0.7108128097034248,0.7992627639742649,0.9304957851268424,0.5901282507606921,0.7383639509020521
0.0,0.3763789746917585,0.2565254764015239,0.21383422893097365,0.4866563607723158,0.4594910605987401,0.443736730360934,0.7999186450706313,0.7954739546740901,0.9389621822957824,0.6028244236154822,0.7998795798675384
0.0,0.3663205710577546,0.25845692876961923,0.2158705417685151,0.4854051539970405,0.4575754113744804,0.4556263269639065,0.7876636343465724,0.7921003899311554,0.9563260911480138,0.5733965259571362,0.8835617845913568
0.0,0.3406878650227125,0.26056008461756885,0.21733666123872056,0.4855779248406767,0.4593530873350151,0.4428874734607219,0.7625101693661709,0.7877437891863956,0.9969462185040529,0.5272149503642243,0.9148599494461678
0.0,0.3598312783906555,0.25907473676824955,0.21101348406049591,0.4845230309173996,0.4562604956362258,0.4454352441613589,0.81213667628134,0.7799557882082382,1.0,0.5581244195644273,1.0
1.0,0.3604802076573653,0.25359499200476154,0.20268811570526385,0.4843161474358342,0.459247219519286,0.4174097664543524,0.8544782190666376,0.7714321997123585,0.981718252016592,0.583751933567645,0.8772865527138758
1.0,0.3708630759247241,0.2506412207783999,0.19756965812059407,0.4821451562036846,0.4494991700032975,0.4284501061571124,0.8740551734339176,0.7670314138677989,0.9575960168657374,0.613947009105651,0.9504410212370052
0.0,0.39000648929266707,0.25354972609692483,0.20177792743210526,0.4814328607673759,0.4493773698527767,0.4726114649681527,0.7888617705790995,0.7616542934730803,0.9250367284863056,0.5573360206626112,0.9559843400447432
0.0,0.3653471771576897,0.2559513451004629,0.20468609374463495,0.4782788173026604,0.45332786549803294,0.4861995753715498,0.8516012129280381,0.756325821948107,0.9077656822167957,0.5330125410979605,0.95909768829232
0.0,0.3692407527579493,0.25992279743543945,0.2093126800375044,0.4787356535407703,0.4555981623345266,0.478556263269639,0.8640115376081652,0.7486278126108361,0.8637121442328562,0.5393669653842977,0.9592917362975756
0.0,0.3591823491239454,0.2612516298069374,0.21191878822709964,0.4810880718776496,0.4562082078794633,0.4751592356687898,0.8499223430219658,0.7412936716016005,0.8288301003609693,0.5829639819407041,0.9445706667668092
0.0,0.3604802076573653,0.2681009219300701,0.21696609189561167,0.4815698044121901,0.4734602760811494,0.5082802547770701,0.8843354781451074,0.7349592284097948,0.7969430607377048,0.5448887782496776,0.9847683274228232
1.0,0.2975340687865023,0.2731723454250869,0.21980607579753325,0.4760776146785986,0.4770700801005706,0.424203821656051,0.7832260927446199,0.7272739503101866,0.7740954592870397,0.5310378322515632,0.8373561792821846
1.0,0.30694354315379624,0.27693894354412496,0.21859309866510385,0.4738085134826654,0.4803285207369407,0.43282348077718064,0.7847348568892836,0.7223695172356823,0.7802109998505571,0.5318526072391608,0.8328340552195239
1.0,0.30726800778715113,0.2776872614934525,0.21954638602911655,0.47373567983354503,0.4770733966279505,0.4245556014882182,0.7957547518674658,0.7150142981080749,0.7745053560174604,0.5375803261028925,0.8116926482092777
1.0,0.3069435431537961,0.2813746835039095,0.224255684308504,0.4740591790658194,0.4767329106241663,0.4526663910706902,0.9046372309740408,0.7071164467757621,0.7370156060807775,0.5643058236249588,0.9585948978228932
1.0,0.2855288773523685,0.2850698372674718,0.23150577057692096,0.4750368770684042,0.4650070262370181,0.4368143031288094,0.8748613268249394,0.6949194804357028,0.6741932421714039,0.5530704776593676,0.9824309721652952
0.0,0.2946138870863075,0.2847058315786799,0.2319974298996789,0.4726818251578169,0.4692794927810826,0.4546932141405932,0.8979809185711116,0.6823138580319159,0.5671689739667771,0.5646605876845664,0.993641640571298
0.0,0.30856586632057104,0.2812421575085713,0.23053985297198135,0.4743735278408359,0.4933936471107007,0.4457537586347013,0.9845203757118558,0.6725138654778648,0.5167147170918793,0.6036185309034658,0.9712132279699844
1.0,0.2491888384166125,0.2780872197202604,0.2266042180083711,0.4634475766325649,0.4911394216398505,0.2921576594880129,0.8161896309444565,0.6630622474172148,0.4696198548321775,0.5124633293131329,0.962203860305984
1.0,0.24269954574951325,0.27493059087753124,0.2266506039533382,0.464033389349178,0.4805582697557624,0.2759041040227549,0.8031876340507358,0.6574659664555011,0.4727883923082806,0.5082963553221135,0.9848906208484638
1.0,0.25730045425048675,0.2741992675623153,0.2267369376036956,0.4653959027259923,0.4824952393719842,0.24339699309223897,0.7343317801937725,0.6495661192653437,0.4553438322773919,0.4808275601150728,0.8
1.0,0.25762491888384165,0.2735575086314745,0.22341013464464915,0.4660761775033079,0.4801043344952177,0.27834213734254376,0.7708083721618224,0.6448676195969316,0.4396736675124479,0.5089784232221323,0.8900516913031652
1.0,0.2433484750162232,0.2756056538435083,0.21890510473928126,0.4632666451220308,0.4698866045249232,0.2401462819991872,0.8330227054211969,0.6352369636452586,0.4073283242858366,0.4950439065982821,0.9793597533327294
1.0,0.2391304347826087,0.2764700508543969,0.21350105433162805,0.4620213933931146,0.43740647297702506,0.21170255993498585,0.9046963981954,0.6242545259812617,0.3546704965599685,0.5306200806673516,0.983891658114646
1.0,0.2280986372485399,0.2784903606854483,0.2110926569096161,0.4637302914309667,0.4302992012744625,0.19138561560341327,0.7578729383921305,0.6167622577097298,0.3296019351605704,0.4971696802356238,0.7811755509231684
1.0,0.2235561323815704,0.28025706969576136,0.20744325999957566,0.4631978327712137,0.46957198728142,0.1930109711499391,0.6994674950077657,0.6170666911629206,0.3425946631016312,0.4532293035576046,0.786982578916021
1.0,0.2439974042829331,0.2823233488009791,0.20294470639158346,0.4627420275286102,0.4433126137617636,0.21820398212108888,0.7362473189852822,0.6178857213472506,0.3424877869187598,0.4754140561893678,0.9670562835020842
1.0,0.2358857884490591,0.28497907941615,0.20659251729216965,0.4651939821939315,0.4257228706864669,0.2100772043884601,0.5894904223060425,0.6132602937095553,0.2987735330689682,0.4468572987343766,0.9601777699551176
1.0,0.2160934458144062,0.2908045859664909,0.22050569351916616,0.4657573341014391,0.4087623913796384,0.18813490451036144,0.5890318763405075,0.6121686292351649,0.2928050813576341,0.4469243428916176,0.9050779510022272
1.0,0.2044127190136275,0.29509965263625704,0.23328162555783155,0.4679625544366143,0.4008707937676078,0.18569687119057296,0.5354929369129501,0.6111303390701976,0.3036599262867288,0.4185667279781891,0.9300445434298444
1.0,0.19922128487994809,0.29730186022538563,0.2383289608358557,0.466366221608286,0.4339055543838624,0.15400243803331976,0.4436358257525331,0.6103766447847874,0.3287090374246249,0.4258950706479193,0.8232770883942837
1.0,0.2212848799480856,0.29961135566374075,0.2356329432060789,0.46645748211458504,0.4422402250627303,0.19951239333604212,0.4760150876414465,0.6090479232256021,0.3047205125114624,0.4406289133486939,0.8384339136544614
0.0,0.21804023361453595,0.303989820815358,0.2340117189594641,0.4663922484261326,0.4309405465879015,0.21495327102803732,0.5112417720582796,0.6039779595566563,0.24493082083815004,0.457308940901581,0.7979168621563288
0.0,0.2037637897469176,0.30299026889781894,0.22233360349707346,0.4679932678708636,0.4117893042051006,0.2035757822023567,0.5054359884623918,0.5975368616077403,0.16353532178382027,0.4545951107433999,0.749160176409871
1.0,0.2326411421155093,0.2988010322236572,0.2076725705244874,0.4714514643636152,0.4866876474977812,0.17513206013815502,0.4855927815989942,0.5944928160487617,0.1391766879082536,0.44483597019264093,0.6173594820305899
0.0,0.2381570408825437,0.29241394384709896,0.19384988488373672,0.4717509504335906,0.4778359866848604,0.1548151158065825,0.3702906589749277,0.5936033513222354,0.1428485156942838,0.4445954196707744,0.5833911982734351
1.0,0.24561972744970795,0.2924138904123628,0.19291184269674166,0.4691588384105466,0.4919097919647312,0.15725314912637128,0.3334368759707121,0.5971903389877982,0.1855177773398051,0.4247663594191852,0.4812799099183637
1.0,0.21771576898118092,0.29582793797454343,0.19962063550246506,0.4670544058670474,0.453511287605014,0.0938642828118649,0.09010428222764556,0.5991816563492591,0.18823969347952152,0.3530415974934084,0.14768271219933976
1.0,0.21933809214795585,0.30722498541771115,0.2227081202349815,0.4679628090447305,0.4467358071108485,0.1231206826493296,0.2834109903113675,0.6071203277230974,0.2265357764330248,0.3919198943865884,0.401064709380757
1.0,0.17375081116158336,0.3173619278341384,0.2294440004299829,0.4659965971170678,0.4935843589028424,0.11946363266964638,0.3134235633459063,0.6067192613698198,0.2293892681090463,0.4086907176547804,0.3682530933143797
1.0,0.16742375081116154,0.3243532441338077,0.2308876198738304,0.4642442341856304,0.4549184321417975,0.09223892726533914,0.267176983950891,0.6065614444501006,0.24945968211772346,0.4359746232685392,0.3365729122847736
1.0,0.1820246593121349,0.3270900660782279,0.219298722306818,0.462692962431113,0.4023807939343281,0.09630231613165367,0.3460468900229274,0.6086492484621975,0.2633254843543303,0.4306056966362977,0.3370515963387923
1.0,0.16580142764438682,0.3298183928790688,0.22284342279102248,0.4641257144231245,0.32952234872070546,0.08817553839902485,0.31884476000295825,0.6086633298410613,0.2319569387681427,0.4650454058630686,0.2864561423867476
1.0,0.15217391304347827,0.3332566468616149,0.2268852701478528,0.4606453473268464,0.4187503005377176,0.038398692810457706,0.23359218992678046,0.6121933629080699,0.23141064220387844,0.4021409561916625,0.002117313785903468
1.0,0.17683322517845562,0.3346370789725386,0.22711897277914825,0.4612039424747917,0.3829188958951677,0.07761437908496754,0.28338140670068784,0.6220990870305123,0.230466103257186,0.4243841225639508,0.02091396975117926
0.0,0.21739130434782603,0.33474931349252124,0.22369704965876985,0.4647347812953802,0.4524522051822641,0.1691176470588235,0.3807410694475261,0.6319376923965894,0.25702330183140554,0.4294914113646137,0.08375625572707363
0.0,0.25600259571706685,0.3357007587383847,0.2213842595681376,0.4675872281725496,0.45016629392682106,0.2401960784313726,0.3949633902817839,0.6416987176336735,0.2747716734936171,0.4372514644957389,0.046088991084755136
0.0,0.26281635301752104,0.33586878637341755,0.21937101631363976,0.4689294435851503,0.4560996671265458,0.2638888888888889,0.3688558538569631,0.6517141989117088,0.327495680114992,0.4269861141844147,0.12978102189780946
0.0,0.26541207008436074,0.338473455991144,0.22762167298252975,0.4691891730097768,0.4753817990183926,0.25816993464052285,0.3349530360180457,0.6566438094747775,0.3370472867308489,0.4560946712659299,0.0581995133819942
0.0,0.28747566515249834,0.3380675619228959,0.23021413136452015,0.4733474729850156,0.4455557459135916,0.3333333333333334,0.4831373419125807,0.6608862865866267,0.3300213485399396,0.4905655001739478,0.25577517288734153
0.0,0.335496430889033,0.33953055673840904,0.23533863205835576,0.4773606542354805,0.4437122259692599,0.4076797385620916,0.539997041638932,0.6613114919002092,0.32017349182169696,0.5226190050732307,0.4588013144342538
0.0,0.3316028552887734,0.33849246421723755,0.2315481426343542,0.4771086490481674,0.4459226996519468,0.42973856209150335,0.569255232601139,0.6630380124654864,0.3425288043185037,0.4888779390122708,0.4823924665260678
0.0,0.32057105775470474,0.34181201048460164,0.2354623521234568,0.4749407825060274,0.4701186133622411,0.3913398692810459,0.4277864063308928,0.6654700038201964,0.3883621069149139,0.4624812165557535,0.3547746333807445
0.0,0.3014276443867618,0.3447309166478014,0.2394175839597286,0.4757465432633016,0.4715241845849213,0.375,0.3530064344353228,0.67110889989593,0.43159646236747257,0.4772682396788946,0.3103143852077098
0.0,0.28423101881894874,0.3505362903971489,0.2461548574760347,0.4766322777368277,0.4608830833228462,0.3504901960784315,0.3130315805044004,0.6746222955638121,0.436514948647556,0.504931092296189,0.20388444749619852
1.0,0.2871512005191433,0.35311821172819835,0.24306155758944706,0.477700033651241,0.4456822092223916,0.39379084967320255,0.4712817099326974,0.6779826890573066,0.4167120884964091,0.5348319248785527,0.5418117612438078
1.0,0.28715120051914345,0.3552956772363705,0.2381037465002529,0.47719896286668395,0.44351169837112536,0.3651960784313728,0.5070408993417647,0.6764591599476497,0.3672679921608518,0.553765614095265,0.5305802148217177
0.0,0.29299156391953274,0.3602342085359909,0.2370060299651804,0.4784811486802522,0.4465571233901688,0.39787581699346414,0.6209082168478667,0.6767320548084619,0.3474003537593604,0.6163593494635969,0.9431065770758748
0.0,0.2532446463335496,0.3642091722618371,0.2396071028013655,0.4766325759456291,0.4439611952979824,0.3731825525040387,0.5309740403816287,0.6699100889604503,0.2785585727787563,0.6161541998903295,0.8336486523539258
0.0,0.28455548345230364,0.3805475747162253,0.260699439647347,0.477749966178846,0.44811476059407257,0.4085072231139647,0.5677316766511352,0.6641091528804881,0.21580529297304074,0.636159786685982,0.6603602862548338
0.0,0.191758598312784,0.3934843635585885,0.27768877847247336,0.4704786101446088,0.4798442150957107,0.3932804772745114,0.6595222246875232,0.6578827351003679,0.14419606073331115,0.6363497960098807,0.7719283814537592
1.0,0.15963659961064247,0.4086878764718178,0.2987045769137235,0.4689374768413559,0.4715719482926666,0.2862770847012477,0.6368685748095555,0.6521540232102141,0.0967627269950655,0.6272346175281759,0.4805077311108677
1.0,0.17034393251135632,0.40983267264819206,0.2999748224369008,0.4668883270992921,0.4821002589366165,0.2975420439844761,0.5993861400783964,0.6524884324603881,0.0877539611519384,0.6034555589794611,0.5586429193233423
1.0,0.16807268007787135,0.4081069677915621,0.2978086245219621,0.46579948772069396,0.4862050654108224,0.2723156532988357,0.4684342874047779,0.6522092833787636,0.07750306870218943,0.5826656712083741,0.3793614568383416
1.0,0.16969500324464631,0.4085918471530237,0.2983683572498608,0.4656432601541498,0.4803774507977439,0.26067270375161705,0.5679535537312329,0.6577297671660916,0.10495978766129266,0.584011860980483,0.4123473637155032
1.0,0.1622323166774821,0.4115598162969225,0.29971071801165616,0.4649570594474218,0.4440597362819578,0.2664941785252264,0.3734708971229935,0.6607320120240441,0.10412336289834184,0.5464276266869319,0.29576735759828743
0.0,0.17748215444516552,0.4149281825858537,0.3024051761876902,0.4677765369848286,0.4419536889629851,0.3085381630012938,0.3964055913024183,0.6683663353416059,0.1347987441294703,0.5050873379371815,0.3611509775780535
0.0,0.20895522388059698,0.4183885436720982,0.3063585085972994,0.4690047625868688,0.4398880845060105,0.3622250970245796,0.5242807484653502,0.6725011287138489,0.1362694312692771,0.5129859314336837,0.7154083241182984
0.0,0.20214146658014287,0.418795637758894,0.30750465117405346,0.4685642759858344,0.44890682663917775,0.3771021992238034,0.515723689076252,0.6729056280213173,0.1385946334173953,0.5087659398299347,0.7540408912312082
0.0,0.18170019467877999,0.41888598003885796,0.30726845510716205,0.4640679941472972,0.4744542536948318,0.31500646830530393,0.3602026477331555,0.6731176964178556,0.13928591175342284,0.4820840402208539,0.4793308707620642
0.0,0.17099286177806627,0.41695749185889097,0.3020496893004461,0.4615984536328576,0.4732028939097734,0.2820181112548513,0.3624731898528216,0.6755633605875444,0.1490153282671242,0.4831373803774273,0.4774311090867688
1.0,0.1748864373783257,0.4172049790656365,0.3029369354146509,0.4620814822676251,0.4575578296059543,0.2807244501940491,0.4305672657347829,0.6772902507835981,0.13476436148106047,0.5188992294050627,0.409246185379185
1.0,0.18689162881245933,0.41972617121260347,0.30656544552693826,0.4641986899315848,0.4378630576203951,0.3078913324708926,0.5023223134383551,0.6784221070993364,0.11108832905872773,0.5519389104124685,0.7263493509451144
1.0,0.18170019467877999,0.42043013349448666,0.3051469830073126,0.4638283159015447,0.4380167954743341,0.3169469598965072,0.6270468160639004,0.6774364337762253,0.09137381834122517,0.5630699853285388,0.9153268048280568
0.0,0.21025308241401688,0.4194640364371969,0.30109106929782803,0.4643900117041282,0.4485151285170213,0.3441138421733505,0.6114488573330377,0.6747298351534898,0.07386872241973974,0.5543604067316535,0.9395809610567064
0.0,0.21090201168072675,0.4166243049147762,0.2974005663237267,0.4640011694724495,0.3961312196106108,0.3266494178525226,0.4367206567561568,0.6729348043928223,0.06503604856889439,0.5234290990187134,0.7661125028467315
1.0,0.12978585334198567,0.42103708774744897,0.30622352288138155,0.4460410121684493,0.39145250705804535,0.16364812419146188,0.3859034095111308,0.6745607266558578,0.06895431501044152,0.5498057387515051,0.6126564222265446
1.0,0.07916937053861117,0.4348562840228074,0.3241256897048845,0.44186100997865496,0.3695663112001084,0.1300129366106081,0.3576288736040233,0.6764620391574674,0.06804198004250689,0.5388785840046598,0.5945325292543635
1.0,0.012329656067488592,0.44826807281025705,0.3415922383695625,0.4347433984601494,0.3372925124043125,0.0786802030456854,0.3421492493158791,0.6792108628774765,0.0695620352553436,0.5336975679219442,0.5822934928328343
1.0,0.0006489292667097858,0.4554188199210807,0.3467880997634931,0.4308092718696235,1.0,0.04017041996348145,0.1942755713334809,0.6795819826548826,0.04404451510131169,0.5153297546706406,0.35770954409412725
1.0,0.0,0.4558665891663858,0.3429986167481349,0.4287688814169408,0.33668877678446063,0.011564211807668971,0.14586938835884894,0.6836360316441865,0.030404343469022318,0.4796945850023571,0.2106329188781623
1.0,0.01784555483452288,0.4565726650145217,0.3375146997348166,0.4283066813205818,0.5440379848938762,0.011793916821849859,0.07951334960431877,0.6896142810268633,0.02769496526390114,0.4851058356052829,0.09836669170385423
1.0,0.046722907203114734,0.459305143209138,0.34218453542456984,0.4299677597817951,0.3790219672192382,0.052141527001862184,0.1177723541158201,0.6990530845236662,0.04412824712316349,0.5000298656309519,0.10256126482213493
0.0,0.05678131083711858,0.463852082187914,0.3506334730783634,0.4320320655011285,0.3122496837298266,0.0732464307883302,0.20804674210487376,0.7070320535490724,0.058842388134596864,0.4865803075399328,0.2091458972230224
0.0,0.03504218040233603,0.4692067662397035,0.3598789987786784,0.4312752760769887,0.4579403043572319,0.047796399751706985,0.1326529102877001,0.7123609279533556,0.06260305017628638,0.4070222563412821,0.004913505362498248
0.0,0.06489292667099295,0.4733355508606421,0.3643844718644148,0.4333922129613864,0.3469552057785032,0.1036623215394166,0.2762443606242145,0.7233778029388434,0.10807448034652156,0.4778783118057048,0.2316228601960505
0.0,0.08144062297209592,0.4760897498656238,0.3653789343406464,0.43248701945911855,0.3517413753909209,0.11607697082557422,0.2562162561940682,0.7278127812147093,0.13237383638474026,0.5229170226109794,0.19765116378026487
0.0,0.07754704737183643,0.4795794583412478,0.3703274655494617,0.4356558358395439,0.434964116110555,0.11545623836126645,0.24794024110642696,0.7328316256930241,0.15962395044063155,0.5120366383760219,0.1501425471256546
0.0,0.08176508760545081,0.4846703313272602,0.3765109148662461,0.4368949578850627,0.4408427043266896,0.1340782122905028,0.2575918940906732,0.7378498851603803,0.17951635966517626,0.5179455333924333,0.20969320454448734
0.0,0.10058403634003893,0.4922590854618822,0.3874582780759052,0.4405194383926698,0.4340830631571152,0.17132216014897586,0.3676059463057468,0.7427148199074136,0.1972747064545175,0.5455509299659576,0.4086634611293145
0.0,0.08144062297209602,0.5006821057534392,0.3963301004934385,0.43850589042118426,0.3389994405725439,0.1769087523277468,0.3688188743436137,0.7436480395288441,0.19272739031889652,0.546367061078349,0.41470575720182135
0.0,0.03861129136924085,0.5071976161070797,0.4033801012748629,0.4334487285014362,0.2927712277051677,0.12019524100061026,0.3031210709267064,0.7465785661720616,0.2036353209091082,0.4638705909103169,0.15512105867835474
1.0,0.04510058403633988,0.5087645048583154,0.40287162320117204,0.4337477935298918,0.3343093538781585,0.10860280658938384,0.2888469787737593,0.7539551969366722,0.23071288730011086,0.4565867321631771,0.24494702353091385
1.0,0.05807916937053852,0.5070269153748574,0.4023830380813375,0.43524078122419146,0.3810019970770359,0.10067114093959742,0.23263072257969056,0.7604614165653432,0.24653115843257886,0.35858006335178344,0.06269945959746448
1.0,0.08176508760545081,0.5078141000271219,0.4059973290565981,0.4357780476074086,0.40390563136102464,0.1275167785234899,0.2973300791361587,0.7702871192963292,0.2781124714429196,0.3915987541857184,0.0010019060651968491
1.0,0.07787151200519142,0.5138188927108591,0.4171232585989282,0.4353424700983067,0.4214775486575405,0.12812690665039664,0.3935581687744992,0.7800570717879289,0.3065640262064282,0.4661115786159439,0.08976798653297308
0.0,0.0707332900713823,0.5166060284618275,0.4198731452478399,0.43557999138512427,0.40171287319018456,0.15436241610738258,0.3980400857924709,0.7857062505732109,0.3199551031093827,0.4704673719159299,0.14751518700139055
0.0,0.09279688513951972,0.5132657362033695,0.4147685849717424,0.4379600850577223,0.4317209079357516,0.13605857230018306,0.4495969233044893,0.7911544321218527,0.3256333264497091,0.4763968707627438,0.16492364645996996
0.0,0.14146658014276448,0.5021658149902768,0.4013557809140771,0.4422179277728083,0.4410948553435213,0.1592434411226359,0.4836032837807851,0.7959143894084619,0.3329209648503891,0.5152819365741238,0.3238399634724033
0.0,0.18364698247890976,0.49058599102183603,0.3894305362361531,0.4453943026286599,0.4313396205472589,0.17571690054911546,0.504171289105836,0.8000429777897291,0.3529764154282741,0.5415338597789385,0.8206152616859803
0.0,0.2118754055807916,0.4849789928642125,0.3846978789811227,0.4495447435989256,0.452923184685517,0.1677852348993288,0.4484579542933215,0.8016037042470456,0.3731569676592758,0.5229035089995381,0.639603457041182
0.0,0.2125243348475016,0.4844784955007557,0.38366258318152185,0.45006793760624936,0.4689777325337765,0.1818181818181818,0.4399822498335921,0.8029643286162005,0.39032412377132375,0.5142162597276443,0.6527116587323821
0.0,0.22680077871512005,0.4891207050573119,0.3870192620281652,0.4528684951842613,0.4608821406968071,0.2117144600366078,0.4471858590340949,0.8036361725132659,0.40826230418491705,0.4732167932418301,0.5805652981225484
0.0,0.22225827384815056,0.491995374162749,0.39352172274458935,0.455901888779541,0.4573291364897417,0.2104942037827945,0.40378670216699897,0.8035642111333974,0.4150055442827158,0.4733887483111862,0.4633578906552918
0.0,0.21771576898118106,0.4937388449377993,0.4000658880734739,0.4547067697560031,0.4758518034062981,0.19646125686394156,0.40137563789660535,0.8043944744765399,0.4286945768442677,0.4688739686703083,0.3711059619699159
0.0,0.22972096041531465,0.4961886603716046,0.4098740017943228,0.4530789516617539,0.4561266326969297,0.20683343502135448,0.4241624140226312,0.8046693482899205,0.4180565040748844,0.4450857736165639,0.441943433005994
0.0,0.2381570408825437,0.4968095699544022,0.4119571198254324,0.45505893470446,0.4414317081383142,0.23672971323978045,0.4717920272169219,0.8035573844149557,0.3914242158695857,0.4550797347940324,0.5296995108315873
1.0,0.2271252433484749,0.4976117558953828,0.4145326913946128,0.4516465336724009,0.4321401793374696,0.1885295912141549,0.5101397825604612,0.8015502136140908,0.35690453632757124,0.5004929661995705,0.4887270587369891
1.0,0.2235561323815704,0.4971122840168554,0.4130255178158701,0.4506389801326906,0.4287601853690395,0.17632702867602196,0.5242437689520008,0.7999671354831479,0.34123017973106234,0.4659582807898837,0.5436757512229227
1.0,0.2280986372485399,0.4967798203112039,0.4118633120598934,0.4513064432585802,0.4221903919323151,0.17449664429530215,0.4966940315065456,0.7981636951817346,0.330255273536477,0.4344580585958861,0.34054213100886405
1.0,0.24205061648280324,0.4939780162959053,0.4055830377099535,0.4535372715190694,0.3605767667420464,0.17327638804148865,0.5265069151689962,0.7982626744678525,0.327896653067966,0.4180285306195371,0.3449556806061269
1.0,0.23458792991563915,0.4934286471427778,0.4029359613641807,0.4503558556546883,0.3874235327325383,0.12141549725442352,0.5035500332815626,0.7985693172610533,0.31629749371515625,0.3927648396001675,0.22292103424179086
1.0,0.2319922128487995,0.4936851850010933,0.3988752987817104,0.4504339814386998,0.39726888171871705,0.1354484441732765,0.5465572073071521,0.8005561291185004,0.31354306434426144,0.446397826739767,0.44918901026150265
1.0,0.24561972744970795,0.4979690725737656,0.4029848686652144,0.4490311051684151,0.3802645138882025,0.13605857230018306,0.5513497522372605,0.8013824621988709,0.311485648706106,0.4521452329209159,0.4136967155835093
1.0,0.2391304347826087,0.5012860237650639,0.4025429432686856,0.4482065049267681,0.3613452865168687,0.13971934106162304,0.4711411877819681,0.8023875939312384,0.3167689551781479,0.4000426217168635,0.2086873367906128
1.0,0.2326411421155094,0.5072954056833887,0.4072125341417736,0.4507070679474602,0.3531015300210473,0.13422818791946325,0.496339028178389,0.8062041575408878,0.34146150897400834,0.3817656217217463,0.2592503700147988
0.0,0.2235561323815704,0.5108680622575208,0.4059017279371986,0.4527442295386962,0.33378679136501416,0.12690665039658336,0.4954958952740184,0.8093195115488994,0.3603922022179286,0.3807719150344308,0.2981319252770103
1.0,0.23069435431537955,0.511939111187599,0.4027473034655261,0.4537928293522932,0.34487986108592905,0.12324588163514333,0.4377856667406255,0.8130807897864307,0.3942148647326886,0.3623563449228701,0.22924916996679684
1.0,0.24464633354964302,0.5158822433025811,0.40375279512249374,0.4560911462270558,0.3445058660717736,0.12202562538133005,0.41831225501072383,0.8177727833121868,0.42672614179965707,0.3449493497982661,0.29329173166926586
1.0,0.22225827384815044,0.5206228600202154,0.4055624954117773,0.4530583924842676,0.3508573329387447,0.1262965222696766,0.4642556023962722,0.8212837960370023,0.4561993221669629,0.34380527140619177,0.5302212088483514
0.0,0.2310188189487345,0.5293278929506524,0.414861972706474,0.4509855896148895,0.3619286496813563,0.13605857230018306,0.5141705495155686,0.8218279672484661,0.4571392692755509,0.3548517896149413,0.7596703868154726
0.0,0.22258273848150545,0.5357584030619589,0.4223829304916436,0.4500420953393761,0.36504997251633897,0.1433801098230629,0.5518674654241554,0.8201451564266597,0.4623768642326964,0.3520952432004719,0.8616744669786793
0.0,0.21414665801427635,0.5478645944745044,0.4402634199099829,0.4489602874765192,0.3769896324356247,0.14582062233068946,0.5553657273870277,0.8168237758929053,0.4665618538087319,0.35628067207359576,0.8261130445217798
0.0,0.19046073977936406,0.5612239332123439,0.4613080166491644,0.4465878865696344,0.361404726593718,0.16839536302623556,0.6124916796094964,0.8140710806318958,0.4642222065052735,0.3756436044857636,0.9760390415616632
0.0,0.15963659961064247,0.5743451837345117,0.481083465381265,0.44532378472255146,0.3413378284978127,0.1494813910921295,0.5955106870793581,0.809379662911063,0.4504210013129185,0.4131256760448577,0.9684469103384024
0.0,0.14406229720960406,0.5816760785603141,0.491559074254509,0.4463588243064735,0.34738271769429885,0.1372788285539963,0.6033799275201539,0.8066195166905656,0.4434641390284444,0.4221869298314393,0.9542457805907181
1.0,0.14081765087605458,0.5863940041781972,0.4954137184173297,0.4450251112915625,0.3353921477416724,0.11897498474679695,0.5223060424524816,0.8045225682166066,0.4551991194161914,0.3647479549838247,0.8311132031066125
1.0,0.13497728747566512,0.5896114394293477,0.4958632536060463,0.4474546797610466,0.32381869417187503,0.11043319097010383,0.4361733599585832,0.8041030566540182,0.4591830713819946,0.30778252103981546,0.4880333433592581
1.0,0.14049318624269946,0.5954716440909378,0.5012787342570147,0.44472789366150905,0.3149241249479009,0.11531421598535692,0.4394645366466978,0.8040980660342558,0.4586174529046753,0.3123352268650258,0.4702874575688567
1.0,0.12491888384166128,0.6022834738916156,0.5104612970597713,0.4458998970921457,0.4343710668454585,0.10616229408175727,0.4662007247984615,0.8037635221801421,0.43160647482990655,0.3480996855989113,0.3930305504232352
1.0,0.11080467229072022,0.6076308707055085,0.5192025961285516,0.4471107453549372,0.4345834546602867,0.09487492373398412,0.4189187190296578,0.8039510722011819,0.4146562299506157,0.3353653340461253,0.22498173849525105
1.0,0.12816353017521093,0.6120993760449465,0.52182067671526,0.44622532001403054,0.29177915374832203,0.10067114093959742,0.4190962206937351,0.8069160170824401,0.4051446529362667,0.33556114245260377,0.2157865337515552
1.0,0.12329656067488642,0.615259217998037,0.5153021638205284,0.4491149777099025,1.0,0.09762050030506413,0.4089712299386137,0.8102691111975981,0.41522808501241787,0.32656491296045315,0.2194675613263032
1.0,0.09571706683971444,0.6198705267641369,0.5128381361993499,0.4419142819317326,0.6031079778118112,0.04514948139109224,0.3752089342504252,0.8136144273625279,0.42374598181657774,0.333613270703019,0.14918739924186594
1.0,0.10415314730694353,0.6225935926783777,0.5093733696853694,0.4397400441123288,0.3234170091577302,0.051860890787065364,0.4274831743214261,0.817113532788903,0.4345018228395969,0.34460601678721986,0.1728459530026113
1.0,0.12362102530824133,0.6250686241495815,0.5144800282363855,0.4393787710190076,0.2627417389249351,0.06101281269066504,0.45362769025959604,0.8186720705724595,0.4309775681242387,0.3817924520252608,0.14905715114592213
1.0,0.13724853990914987,0.6260546781548899,0.5177073821626363,0.43840373804139177,0.2687468533308325,0.08358755338621114,0.4542933214998886,0.8208956648699497,0.44176834746842697,0.3826158143710866,0.21206846533216936
1.0,0.15314730694354314,0.6302279171139915,0.5282439497044802,0.4373303758061759,0.2923049020204808,0.08663819402074444,0.4907773093706089,0.8221380357599499,0.4454895353253029,0.4239514924529144,0.5648970118944008
0.0,0.15087605451005842,0.6325169318274589,0.5384137131744935,0.4375318941709849,0.16915892248310258,0.09945088468578414,0.5928629539235264,0.8221063027998896,0.4525274632324541,0.501419316236916,0.8105599071656528
0.0,0.16515249837767676,0.6324958637623923,0.5432915672022338,0.4380173988576152,0.2402526854436732,0.09945088468578414,0.5521780933362915,0.8196633995315259,0.4408607903388944,0.4974744025887039,0.7937917029300837
0.0,0.1990590525632705,0.6310995048558521,0.5487672200307058,0.43999331890443416,1.0,0.1076876143990238,0.5553731232896971,0.8184487143059436,0.4411588836107944,0.500836346638715,0.7350159559036831
0.0,0.1888384166125892,0.6288331924204682,0.5538708764581141,0.4374950994772574,0.28079648594157397,0.08785845027455771,0.5597662894756306,0.8157602221952359,0.4155923287077376,0.5055602558838033,0.5872352770525062
0.0,0.26086956521739124,0.6278908129191031,0.5586139205602735,0.4471888315117046,0.22517269268003048,0.13224755700325716,0.5875231121958433,0.8127894174190728,0.3857551160769634,0.5323974412425987,0.561895901173308
0.0,0.26865671641791045,0.626035781998282,0.5587782188098863,0.4476197090395261,0.1675197663318535,0.10293159609120507,0.6130167886990607,0.8113247407327995,0.3706127415240131,0.5555725382932883,0.4763446738719057
0.0,0.2595717066839714,0.6257584195440895,0.5557475209916231,0.4494012808596429,0.22484506718112784,0.08925081433224738,0.5809185711116045,0.8111684917471462,0.3739038591770113,0.5177891666441906,0.5568948525509826
0.0,0.2728747566515249,0.6326084692782192,0.5644805102476851,0.44806614410796186,0.3163545277817886,0.0951140065146578,0.5913541897788626,0.8119659644722035,0.3959203718070109,0.5267296669046139,0.5385508592661399
0.0,0.26119402985074625,0.6381623369709151,0.5710521034189393,0.44708124782445297,0.2629086312858097,0.1224755700325732,0.6555062495377559,0.8121026546529873,0.4027333584612624,0.5468294496018218,0.7677327317364468
1.0,0.2631408176508761,0.6489222535494581,0.5837317933327595,0.4471503679544515,0.26254894498748543,0.11400651465798045,0.7221359366910732,0.8116835291506219,0.41638731045686944,0.5728746847658671,0.9625354717342092
0.0,0.2391304347826087,0.6524432452705411,0.5853094625304969,0.4439142280949093,0.2747993366983991,0.11986970684039085,0.6527253901338657,0.8089322623812851,0.4019055866093637,0.5299784536422018,0.936342740390756
0.0,0.25989617131732645,0.6604416022278032,0.5938110111816718,0.4470339574969801,0.3837555999938443,0.11074918566775238,0.6289919384660894,0.8088763718255416,0.4154565951717813,0.5132372201411136,0.7635359468777942
0.0,0.2472420506164828,0.6630326395119996,0.5964083664797443,0.4458795417748198,0.4096080806973057,0.13420195439739405,0.5679905332445825,0.8095884817363264,0.4234362127203923,0.448882628717924,0.8468003207698469
0.0,0.2673588578844905,0.6704491584071266,0.6056957473058164,0.4457051931243019,0.4446969129738595,0.15309446254071646,0.5422453960505883,0.8107845673349738,0.44730108117252615,0.4774384735701002,0.8391659983961526
0.0,0.26119402985074625,0.6747623175149111,0.610457290346516,0.44498023034111306,0.4308695265110403,0.15895765472312687,0.5250942977590414,0.8101363831165305,0.4541613958460722,0.463470463451444,0.8938893344025663
0.0,0.26541207008436074,0.6787812305624747,0.6146087929538304,0.44599572780099583,0.4229130784782382,0.17654723127035812,0.5570667850011096,0.8089480071570665,0.4625132203178896,0.4377837745400008,0.9885805934242198
0.0,0.2783906554185594,0.6828224857196661,0.6202716967526379,0.4443710494177047,0.4273561273446196,0.1771986970684038,0.5171067228755267,0.8059459770400849,0.44988185644472706,0.4573438754933868,0.9879829787234052
0.0,0.26735885788449065,0.6841569472084643,0.6223295428524048,0.4464591391286768,0.4274947414450413,0.17589576547231264,0.4777531247688784,0.8038036435715796,0.4390440849504645,0.4764733441695743,0.8688286040952096
0.0,0.28520441271901364,0.6872170812209752,0.6258993398471121,0.4456987693117945,0.42250199112124576,0.18371335504885994,0.4771392648472751,0.8018158843896468,0.4265008182352218,0.4760745349662101,0.8746393827574644
0.0,0.28487994808565864,0.6918630386621132,0.6300683922378139,0.4455678466408022,0.41193011117973455,0.18045602605863187,0.5079358035648252,0.7992134084993321,0.41186847672958377,0.4503510058847551,0.8496207746808571
1.0,0.2517845554834523,0.6996333734324045,0.6392857648902691,0.4438645038628063,0.4511116504170946,0.1583061889250814,0.4316248798165821,0.7952650974352424,0.3949723100835635,0.4333092114604871,0.5509535253909306
1.0,0.24886437378325765,0.7089918676444841,0.6506590411414331,0.4436777408056688,0.4159717847039788,0.16677524429967416,0.486184453812588,0.7949393120990325,0.3808819569854848,0.4301600357592675,0.7136302631168266
0.0,0.2469175859831278,0.7159470557094987,0.6601343406051031,0.4436735306714567,0.40738276148830016,0.1771986970684038,0.4802159603579621,0.7925409415950115,0.3707135384536818,0.4245197978619861,0.6685289803052538
1.0,0.2316677482154445,0.7236792056692769,0.6696598363699775,0.4445689859730904,0.3860316832794075,0.1583061889250814,0.4528880999926039,0.7916518424649809,0.3755388206725044,0.4470186759256587,0.5704922126158729
1.0,0.21447112264763132,0.7314022339764792,0.6801296379194468,0.4456231390303319,0.2767902702273312,0.1498371335504884,0.3742030914873162,0.79151985344924,0.3955684713017456,0.42055669003689616,0.4108430350510315
1.0,0.1982478909798832,0.7384516512863146,0.6881659981121669,0.4461935823744197,0.25265453868501353,0.12768729641693793,0.3357296057983876,0.7930255692102439,0.4188558947793716,0.36491144540097337,0.17915665282936571
1.0,0.2008436080467229,0.7429877161731984,0.6940188322542491,0.4447790477125728,0.23469030713333225,0.13289902280130286,0.3907107462465794,0.7959520234538578,0.44645191603269707,0.3714298535283893,0.3384000749087049
1.0,0.19954574951330292,0.7467900379499568,0.6976828905580497,0.4440361155674201,0.13444098161943202,0.11726384364820827,0.3865542489460833,0.7963787981600698,0.458311061512099,0.36428589619359053,0.2251006585723644
1.0,0.18754055807916936,0.7520176641527869,0.7038978500583691,0.4450127238058931,0.13458071024396645,0.09381107491856662,0.4330670808372159,0.7989088496502197,0.4761928504515405,0.423119805261216,0.1699803364649333
1.0,0.1739130434782608,0.7583632902573747,0.7100882177173249,0.4463945530631449,0.13427242174762027,0.08338762214983697,0.393358479402411,0.8022122591186684,0.4935205871539475,0.4269099103573339,0.003162992982109439
1.0,0.18170019467877999,0.7636742316965921,0.7147021215782985,0.4441836739593397,0.13320594021696708,0.09706840390879468,0.4745285112047925,0.8091351436179293,0.5301363455361616,0.4597358682252621,0.2255489021956108
1.0,0.1940298507462686,0.7655138673549322,0.7133275217210847,0.4425755296282701,0.13750965529609005,0.10553745928338744,0.4394571407440284,0.8130933388583157,0.5550162059235522,0.4692981567631591,0.1469917308240684
0.0,0.2167423750811161,0.7690088376277227,0.7157195928598865,0.4427362694851068,0.1301717780540436,0.12182410423452752,0.5238074106944753,0.8188306172027155,0.5973733045683387,0.5181520429269354,0.31074449201211
0.0,0.2083062946138871,0.7731019564358546,0.7173355869653236,0.4417622028232378,0.3079433513618753,0.12703583061889245,0.5468826270246283,0.8203688314865631,0.620486476736959,0.5524997883970199,0.4800563850892756
0.0,0.21771576898118106,0.7789490793098195,0.7136689966324268,0.43977170970250495,0.2529925026201795,0.14071661237785016,0.5931218105169739,0.8209299664414895,0.6383130855070827,0.575322665343606,0.7239486416077403
0.0,0.2196625567813108,0.7820704849975697,0.7057839549168078,0.4400301233382339,0.34787915795485685,0.13941368078175875,0.5874491531691446,0.8197008169955609,0.6292743605525243,0.5687548346271672,0.6601693338295489
0.0,0.2319922128487995,0.7829735942927933,0.6955594475626043,0.4384447101960084,0.3329075715114783,0.1504885993485341,0.6267287922490941,0.8199857129247663,0.6259101496661064,0.5907244695526984,0.8279214737625615
0.0,0.25340687865022715,0.7875284274765639,0.7002955239076282,0.4382154010234755,0.3953296504678797,0.15700325732899026,0.6026033577398122,0.8193218187551652,0.6107163673461647,0.536513395510418,0.8919333829549662
0.0,0.23329007138221936,0.7947622407308961,0.7079465638234667,0.4356754840903504,0.3715602467933728,0.16351791530944612,0.5925375342060495,0.8178280612426712,0.5917454876418893,0.5166899862023207,0.942128768142908
0.0,0.21836469824789093,0.8103214246690875,0.7287057027615043,0.4371834529584995,0.38496119696388903,0.1583061889250814,0.601124177205828,0.8156396155150261,0.5862956126600134,0.5272292024424724,0.8085944830174507
0.0,0.18429591174561968,0.8258293120815772,0.7482707196272491,0.4331944315339642,0.3265581691576345,0.16807817589576535,0.5821980622735005,0.8133796296083801,0.5943602498082637,0.4940239356554943,0.8437324075811578
0.0,0.1547696301103179,0.8349280088708917,0.7591260028534229,0.43260805275423975,0.3632083195411275,0.15309446254071646,0.5818948302640338,0.8124083682159307,0.6170488056585304,0.4940705225738165,0.7421655094764492
0.0,0.19078520441271896,0.8407795114480452,0.7652704407079024,0.4343001894516675,0.3355659081416728,0.16091205211726375,0.5340285481843058,0.8104052160328845,0.624700221691714,0.4784094460026543,0.7122349408894718
1.0,0.17553536664503566,0.85118403202768,0.7797443028996843,0.43605779929295796,0.3144997798927851,0.15960912052117254,0.5839878707196213,0.808280662070666,0.6255466135586611,0.4800969570294613,0.7382248076562196
0.0,0.12881245944192074,0.8627253584061663,0.7938594152141879,0.4311885637650446,0.3187104564934319,0.17524429967426694,0.6629761112343757,0.8042226220984721,0.631668914171541,0.5187502614467978,0.9973728654531788
1.0,0.14730694354315382,0.8725517295136913,0.8063997900422887,0.4332660530355496,0.28527546991364944,0.16221498371335494,0.6633311145625329,0.7981493896884313,0.6248086735282217,0.5196848339861626,0.9555119118777252
1.0,0.1385463984425696,0.8738685587714565,0.805043851260086,0.4353471423608583,0.18633640556437145,0.1498371335504884,0.6690333555210413,0.7919559153499709,0.6026144401310909,0.5251271550093154,0.9917447676394899
1.0,0.13919532770927973,0.8786315883488527,0.8093567464607175,0.43512442095143256,0.08050961625914795,0.14136807817589564,0.7015753272686938,0.7861459925142076,0.563729987534229,0.5519214222644839,0.9991421021927868
1.0,0.13400389357560027,0.8817300474713927,0.8095540024483439,0.4338101275968467,0.2260850929431699,0.12573289902280127,0.653583314843577,0.7816091226263129,0.5348518773381196,0.5151744054972408,0.774492700394823
1.0,0.15249837767683316,0.8857077022303681,0.8086497407419446,0.4330642249092369,0.08060360228435373,0.14332247557003253,0.6463649138377341,0.7800806272921743,0.544198428775764,0.5021805180301468,0.8267376733082369
1.0,0.15184944841012327,0.8908537753989325,0.811809972996391,0.4329033032954008,0.14004159094976132,0.14136807817589564,0.6615560979217519,0.7786392457068751,0.5443013369943439,0.515940578837562,0.751813423928016
1.0,0.14633354964308892,0.8951686455254548,0.812270841623749,0.4323359032767462,0.1428362543673714,0.14397394136807798,0.6597441017676203,0.7775345138432956,0.5471994516200823,0.5115788146581466,0.8294922413001558
1.0,0.15996106424399734,0.898857133142466,0.8154042699182066,0.4340867867769368,0.1393694946045544,0.13941368078175875,0.6431994674950074,0.7748588271086105,0.5222946632405123,0.5429831856300429,0.8088329813607562
0.0,0.17553536664503566,0.9005178473144992,0.8147398991813184,0.4329922507559154,0.13710498286855213,0.16091205211726375,0.7079505953701651,0.7720073667636127,0.4939785747478895,0.5403941381494961,0.8125975576163816
0.0,0.18462037637897472,0.9042580683912528,0.8189889907869923,0.4306538774884959,0.13501768025349578,0.16416938110749182,0.6846165224465643,0.7688756121960338,0.4744457801041313,0.5719054330938398,0.7846661680893311
0.0,0.19175859831278386,0.907363897609044,0.8209063314953031,0.429942581908433,0.16737177865624803,0.17850162866449498,0.650166407810073,0.7682270619337785,0.4599500212210966,0.5795795840091579,0.769089924439745
0.0,0.2203114860480208,0.9101513794983044,0.8216920961133916,0.4309013355159951,0.16340825776673146,0.2175895765472312,0.6138081502847428,0.7684281934175667,0.4591609374960735,0.5926655205678429,0.7251205611573888
0.0,0.23329007138221936,0.9115411741113671,0.8190415511802427,0.4291773247636022,0.1403795604883672,0.226058631921824,0.6119961541306116,0.7702181002557584,0.44563284038727735,0.5896438107685893,0.8447275446785463
0.0,0.2407527579493836,0.9137334618046212,0.8182105857999249,0.4265691375991587,0.11718367089000252,0.2280130293159609,0.5545151985799871,0.7702244794764288,0.4432828527037286,0.5363519302354607,0.9076514428656174
0.0,0.2430240103828682,0.9171423787852326,0.8184816475694421,0.42685790028585546,0.07954904468292312,0.22671009771986944,0.5087567487611862,0.7674430642740147,0.424969761446636,0.5506805776844798,0.7999329499445547
1.0,0.2131732641142115,0.9208288047693832,0.8206280751437691,0.42076255893473935,0.07855584493348246,0.16612377850162846,0.595421936247319,0.7639328345115974,0.3950669263677074,0.5666492445350451,0.8852412512571884
1.0,0.15704088254380266,0.9247071316955976,0.8237654985156656,0.4074138357421888,0.5321845425583082,0.04364820846905524,0.5984394645366466,0.7586786331415865,0.3516003539352488,0.5689418549774802,0.8409191800496145
0.0,0.4772874756651525,0.9301656209131076,0.8285116331883067,0.4503922161552042,0.5616831719972575,0.4584681769147786,0.6209082168478663,0.7540547630238326,0.32386138183245183,0.5877780516083727,0.9932628280454371
0.0,0.463011031797534,0.9305093222618694,0.8324821791399097,0.4517924401945855,0.5629480779960334,0.4120819848975188,0.6192367428444641,0.7475502887566474,0.2800509095318641,0.5876982030686534,0.9773438939031126
0.0,0.4467878001297859,0.9333997601285148,0.8390853949432698,0.4529656026669525,0.5610154838869411,0.3959007551240561,0.5749204940462989,0.7402361302295517,0.2237787080246418,0.6045581791112958,0.8190581445324503
0.0,0.43316028552887736,0.9371028626435284,0.8471823586622126,0.4545441535096571,0.5399897845969729,0.3786407766990292,0.6383477553435397,0.7348614831101359,0.18899966252144376,0.647008228949677,0.7494013630502849
0.0,0.408825438027255,0.9381314588037504,0.8512106746209356,0.4541723878146786,0.5381937945904656,0.31391585760517793,0.6368389911988759,0.7310145840985347,0.17669827472078048,0.6466609026634993,0.6541413397187942
1.0,0.41336794289422457,0.9370994986694688,0.8558227042532538,0.4548349820077512,0.545792685623354,0.30204962243797195,0.5017972043487907,0.7298357956202175,0.1869421133613287,0.5967685373727271,0.4248787376435185
1.0,0.4286177806619078,0.9358967419070954,0.8614666436300247,0.4535780184567038,0.5383339137284274,0.3225458468176916,0.4763700909696026,0.731206350993385,0.2031656327431723,0.6297178755213705,0.3768035856818317
1.0,0.4172615184944842,0.9350414180707928,0.871239988537986,0.4553998163704844,0.5434269688426661,0.295577130528587,0.5397529768508244,0.7307557988974476,0.2052342061439765,0.6227432394637058,0.4591698900963953
1.0,0.4256975989617132,0.9377879722898692,0.8804201139218009,0.4530453083742739,0.5499144178845055,0.3085221143473569,0.5444123955328746,0.7307208580725082,0.2194324441766018,0.625971365637612,0.3209615030392331
1.0,0.4117456197274497,0.9398205232247184,0.8911880012720879,0.4509337101901776,0.5547040097450304,0.3096008629989213,0.4765623844390208,0.731876879470041,0.2218800005198737,0.5824836307577068,0.4063977405292571
0.0,0.4399740428293316,0.94340492879195,0.8723559374333606,0.4518007649735219,0.5502591669486574,0.4002157497303129,0.5410842393314106,0.7344189915398884,0.23095301149988,0.5721399348394468,0.4543500951679256
0.0,0.4289422452952629,0.9420522737498488,0.8484414333528174,0.4537655224761661,0.5393380452290619,0.3829557713052858,0.4363508616226608,0.7364486864329742,0.2210364564603394,0.557571644306621,0.189353472094308
0.0,0.418559377027904,0.9415035648507991,0.822944017229881,0.4517094603644594,0.5393778844753292,0.2977346278317153,0.3393683899119887,0.7407042894275968,0.23324867395015175,0.5090941907280292,0.16991044020380394
1.0,0.4172615184944842,0.9406730599349662,0.8308150184736882,0.4515434808681609,0.5382962345846132,0.3052858683926646,0.4810073219436434,0.7469678093725678,0.27947238263683044,0.5395713343680885,0.2982056394189688
1.0,0.4156391953277093,0.943104343832286,0.8419181435265684,0.4529841667261544,0.5455787143780597,0.2998921251348436,0.4044301456992821,0.7510926752079337,0.3169325502449177,0.5051718978360406,0.3998227792018722
1.0,0.4127190136275146,0.9448738742918774,0.8495528467662126,0.4526085426009848,0.5469453456722906,0.31499460625674225,0.3520227793802229,0.7573702087551364,0.3673134241378492,0.4851026339065171,0.4811569521507434
1.0,0.4159636599610642,0.9434556763485396,0.8483578138431331,0.4493956538629352,0.5412543843617119,0.3214670981661272,0.4271651505066193,0.7602583353787521,0.38719647437462507,0.5164352865591826,0.6269274248247788
0.0,0.4377027903958469,0.944584006222576,0.8499974402753393,0.4491543631883901,0.5425422492053816,0.3225458468176916,0.4540936321278011,0.7589543419859701,0.3854281126865379,0.4788730992536255,0.6723716934207553
1.0,0.4068786502271252,0.9454523305780976,0.8488976561112993,0.4481171828407165,0.539370655439679,0.30420711974110026,0.3284224539605056,0.7564850610115026,0.3932267906137277,0.4692324317700433,0.4822292561609759
1.0,0.4020116807268008,0.9497907274084216,0.8515933012807906,0.4472162095620784,0.5327471820574512,0.27939590075512394,0.3132164780711487,0.7573840243769911,0.4251945927264403,0.4601716097190068,0.3864197023271108
1.0,0.4036340038935756,0.9505838064336416,0.8515662132528208,0.447504408049564,0.5494712345138691,0.2880258899676376,0.3372457658457215,0.7578007905469528,0.4525439007714184,0.4212379934966111,0.4438985280815719
1.0,0.3789746917585983,0.9513494715273616,0.8544442085575111,0.4430158407894222,0.5523912759891293,0.20496224379719505,0.2931661859329928,0.7582259227406938,0.4859894492534678,0.3941661094194242,0.3210673464353257
1.0,0.3690785204412719,0.9530730147358321,0.8598641856173157,0.4411084351159127,0.5455673727894235,0.1639697950377561,0.2558686487685817,0.7603818920043572,0.5258578757086907,0.3804891836147216,0.29444712871995765
1.0,0.3504218040233614,0.9517506087531044,0.8624765423785132,0.4414065427859811,0.5453676844510891,0.11326860841423952,0.19946749500776567,0.7613121684785957,0.5315938537566117,0.339850162955471,0.10037400905495553
1.0,0.3744321868916287,0.9491459175981598,0.8667326307084195,0.4416563053416529,0.5373145962701126,0.11542610571736785,0.24305894534427894,0.76508491570936,0.5263510840038603,0.3670758796757832,0.04849591095363345
1.0,0.3932511356262166,0.9461138973141217,0.8665619445113926,0.44109208969409386,0.5189114514001051,0.13160733549083048,0.3362029435692627,0.7700029054918229,0.5253343518812661,0.3617693110127056,0.2416026914335817
1.0,0.3906554185593771,0.9447273221482724,0.8673800289272546,0.4443743191214754,0.5372568557649104,0.12621359223300985,0.3793210561349015,0.7721798560284174,0.5150530976189887,0.338198187834287,0.27510244984878585
1.0,0.3880597014925373,0.944623367689172,0.8637460241753632,0.4436189667595128,1.0,0.0809061488673139,0.3732712077509061,0.7733414573988411,0.4947514421112375,0.33370138398370386,0.16483654953917082
1.0,0.3780012978585333,0.9451556858639014,0.858054877152135,0.44150619777432987,0.4948568860439555,0.029126213592232955,0.3734782930256639,0.7764144517115876,0.4585491315244917,0.33281345546373403,0.0724546370967742
1.0,0.3958468526930565,0.9475689241035208,0.8576970670051808,0.4447845358817225,1.0,0.09827213822894168,0.5087715405665263,0.7834600455541596,0.4737704500112601,0.3534366132440808,0.18067748881895024
1.0,0.3896820246593121,0.9497917136991156,0.8603399108981062,0.4435751091748359,0.4765746652384703,0.0755939524838012,0.4127801198136231,0.7878184483281898,0.4893502888809826,0.3498113554325332,0.03238363425542461
1.0,0.3890330953926022,0.9492718335348044,0.8625390283104855,0.4433627190672302,0.5253319471606964,0.0615550755939525,0.4345684490792103,0.7971802762287123,0.538732991164935,0.3610796937721281,0.06986771411802044
0.0,0.4286177806619078,0.949472761858516,0.8582776458530953,0.4466418019673293,0.4583072790930228,0.1371490280777537,0.5092522742400708,0.8035360936354248,0.5768117432989791,0.4032413478644423,0.3868346200731419
0.0,0.4085009733939,0.95036731709896,0.8555248420458856,0.44659918610820143,0.5068327391341289,0.08207343412526975,0.44144663856223615,0.8037722192737099,0.5832293130231085,0.3553364532312429,0.04602916610230779
0.0,0.4325113562621674,0.9529099042016128,0.8572174502493892,0.4510078412554424,0.4795967235268227,0.1792656587473002,0.6050883810369061,0.8090568648922609,0.6082867868166315,0.4219828874436368,0.35225066594428805
0.0,0.4516547696301103,0.954364925154282,0.8631765210931046,0.4506650287820249,0.4988326830241741,0.21490280777537776,0.6856519488203536,0.8110828968470631,0.6149351816244715,0.5028303301021824,0.6224434511716108
0.0,0.4377027903958468,0.9557855662273452,0.8698290135865567,0.4517983650581081,0.485624449926455,0.17062634989200842,0.6636417424746689,0.8097221275628972,0.6182986292318343,0.4764983946829152,0.6236173190663229
0.0,0.4357560025957171,0.958716214974149,0.8790125079152343,0.4515344620549019,0.5186003290411377,0.1868250539956804,0.6817617040159751,0.8082510082501988,0.6332196931501942,0.4888899719988621,0.5867985010609965
0.0,0.4587929915639195,0.9599174593499272,0.8791290870600638,0.4519241977568974,0.5074234416425144,0.2624190064794816,0.7418977886251019,0.8053453082129214,0.6302504051828204,0.5622121313563985,0.780531852453835
0.0,0.4750162232316677,0.9598336965173466,0.8813156414981029,0.4510452499476416,0.5120872814003576,0.28077753779697595,0.7947563050070259,0.7984455055537156,0.6143051403358295,0.5940853694344511,0.796060393960603
0.0,0.4678780012978586,0.9603937567380396,0.8827548608141552,0.4535131346500958,0.5192821982550693,0.2624190064794816,0.854944160934842,0.7906312870664622,0.5865822367884984,0.6257814786343822,0.8190052169184493
0.0,0.4617131732641142,0.9644447178373614,0.8924374005811659,0.4561908768921523,0.5229909526039596,0.2591792656587471,0.8629613194290366,0.7820710501855572,0.5581509089499573,0.6296278188954173,0.8252735731603437
0.0,0.4630110317975341,0.9681211925633622,0.8931934740285759,0.45652214032816707,0.5207015165840558,0.30453563714902804,0.9604984838399528,0.7728491014546066,0.5151336710256856,0.6661590631596839,0.9682920024289776
0.0,0.4672290720311486,0.9706260620522048,0.8860333034818609,0.4535113108728456,0.5148838945713183,0.31425485961123106,1.0,0.7631853556010022,0.4793014570015214,0.6834386093236637,1.0
0.0,0.4610642439974042,0.9694837544259304,0.8765249363989884,0.4523831728050702,0.4851759641240717,0.290496760259179,0.8129576214777016,0.7555333827801156,0.4525623251943265,0.5452587797661113,0.9852430016758746
1.0,0.4607397793640493,0.9679038902730408,0.8682895657098814,0.4522142060982136,0.4874188129231039,0.2483801295896325,0.7476739886103098,0.7505715039679395,0.4391791404731476,0.5446297798613264,0.9911473144711682
1.0,0.4571706683971447,0.9658887671236579,0.8665100764184266,0.4514934533699718,0.4840494828867519,0.21814254859611226,0.7976776865616448,0.7457870943503053,0.4338203773157588,0.5685608483593668,0.9875301483039975
1.0,0.4672290720311485,0.9665809706995758,0.8660473199854326,0.4495537331560284,0.5053127867227875,0.23218142548596096,0.643169883884328,0.7418327816878048,0.4381753692376968,0.5220972636987421,0.931280836089056
1.0,0.4565217391304348,0.9649038712993612,0.8648898100841449,0.451363472129157,0.4851277541556645,0.2127429805615549,0.524842837068264,0.7420160272735923,0.4774239023035446,0.5121039334089289,0.8400325381527523
1.0,0.4646333549643089,0.9618388226903112,0.8570496325958781,0.4527234629329907,0.5027850981650187,0.1695464362850972,0.4571925153464983,0.7412462475853743,0.5075035988544812,0.529001769090226,0.7279881165007341
1.0,0.4740428293316028,0.9597354194556726,0.8511156782464013,0.4544041977282229,0.4875237271313748,0.1457883369330451,0.5200798757488353,0.7418829473325261,0.5331189454716116,0.510050897057233,0.8308546570231132
1.0,0.4652822842310188,0.9595070538271262,0.8481757852567539,0.4528339645522834,0.4727695953711761,0.14902807775377958,0.4972487242067896,0.7402013513902552,0.5419385767617396,0.4987618845314497,0.8765318573272741
0.0,0.5038935756002596,0.9620822563377236,0.8507683617479959,0.4561557064319357,0.4828242054335974,0.24730021598272126,0.5054507802677319,0.736501912589212,0.5273840595487312,0.5027785881427189,0.9882357286645614
0.0,0.5077871512005191,0.9618639012635509,0.8478941269630184,0.4568740050437646,0.4644536656275867,0.2688984881209501,0.5313216478071149,0.7307846016993849,0.503047491442891,0.5154029937155833,0.8745864274685693
0.0,0.4977287475665152,0.9630637746578388,0.8463965875354249,0.4550107384990604,0.4778245098708194,0.22030237580993506,0.4411434065527695,0.7267611727951435,0.485190284366609,0.5203117381881213,0.717226674509227
0.0,0.4977287475665152,0.9646547662162049,0.8480130616949264,0.4550133084308041,0.4761193656320429,0.2257019438444924,0.4039272243177279,0.7266456180826533,0.4848518729257934,0.5037168167723023,0.7323336560062828
0.0,0.4944841012329655,0.9641037748898996,0.8503935814333893,0.4581760306136972,0.4611416348753224,0.2246220302375808,0.4504030766955107,0.7252884241262822,0.4792324644813454,0.4761832689736281,0.7857012717268521
0.0,0.5308241401687216,0.9628278116638443,0.8522685263361686,0.4611490648042613,0.4511972312997807,0.2818574514038876,0.4412765328008283,0.7213118288292379,0.4535925347955001,0.4711787036025809,0.7113471559231871
0.0,0.5392602206359507,0.9602420635942726,0.8531854704774763,0.4589391931717016,0.4654999231169206,0.29805615550755915,0.454907181421492,0.7187990943346934,0.445341510835696,0.4283211980891188,0.7195641875888201
0.0,0.5201168072680078,0.959609846644621,0.8560160126796894,0.455440291464726,0.4905388189692061,0.2246220302375808,0.4046076473633607,0.7149657788920076,0.4325348821397901,0.4010593534236885,0.5806763108989547
1.0,0.5107073329007137,0.9590326151112328,0.8599697753464113,0.453676234413457,0.4615190727885768,0.17710583153347698,0.40423785222986464,0.7141739254206609,0.4380713378013825,0.3995506603988375,0.4241518784389468
1.0,0.5019467878001298,0.9589341191492942,0.8623899004843645,0.4519823740456052,0.4323254231138549,0.12526997840172785,0.38407662155166056,0.7158277421768746,0.4477646673471671,0.4380472154112123,0.4041285573734651
1.0,0.4977287475665152,0.9578338975014392,0.8600661793534385,0.4511561425487339,0.4320601823754114,0.1047516198704102,0.352814140965905,0.7193937371516991,0.4628177783957765,0.4171456592693963,0.27096162955945113
1.0,0.5016223231667748,0.9567973719874172,0.8583632214106938,0.4519132571571319,0.4859582867028378,0.0,0.3022483544116558,0.7260645036078865,0.4980042762611978,0.3797544090697534,0.000246984728110754
1.0,0.5412070084360804,0.954661704783854,0.8589571412706039,0.4559149720787123,0.4963196986631324,0.15333333333333315,0.4066415205975889,0.7373230238171942,0.5581025424342951,0.4342462282585805,0.2495730494794721
0.0,0.5684620376378974,0.953166086386902,0.8625047858729036,0.4575152482742021,0.4823523350488713,0.22185792349726746,0.446128244952296,0.7435785384388847,0.6053352013745908,0.4587350781280064,0.4138963621476199
0.0,0.563595068137573,0.9524381289658436,0.863459895931771,0.4566692890946428,0.510436004417184,0.2006472491909384,0.3865616448487537,0.7470769309071372,0.6370624556056129,0.4065163738068646,0.0005308597133359074
0.0,0.5704088254380272,0.9518371244309384,0.8594385768904508,0.4580124934096094,0.5028049742332495,0.2254584681769147,0.5265734782930256,0.7541590049487976,0.6841953990088396,0.4663980284879597,0.12230532336119762
0.0,0.5931213497728748,0.9497055872046984,0.8526824496659278,0.4587606260330246,0.5201178331512278,0.2911917098445594,0.6266696250277347,0.7557590726337273,0.6911996315213185,0.5176617130677823,0.6255856003945106
0.0,0.6028552887735237,0.9461996407744232,0.8465282986031031,0.4608398882427991,0.5311697752436215,0.30703995705039616,0.6832334886472892,0.7528531994162582,0.6684428910553709,0.5201417514807789,0.7823232672241031
1.0,0.5898767034393251,0.9438892135473242,0.8432645046344205,0.4585693599985104,0.5253428947763209,0.2612085769980506,0.7188373641002884,0.7495574553445392,0.6490963808073549,0.546516163527969,0.7509078309078315
0.0,0.6083711875405581,0.945667817521108,0.8494099089205143,0.4585242265467795,0.4897307189196438,0.3163950143815915,0.7364322165520302,0.7474677000036878,0.6256285125073107,0.5693117601933322,0.9102425292334346
0.0,0.6181051265412071,0.9477097541518188,0.8561460734850321,0.4601465085865768,0.5268011661920284,0.3777564717162033,0.7567487611863031,0.7443038561916373,0.6088277248180959,0.6014177295248768,0.9869532265049812
1.0,0.6025308241401687,0.9508555556723612,0.8636608477303256,0.4573535815855005,0.5364553435214626,0.3240651965484178,0.6951852673618819,0.7396072930415805,0.5717363706488352,0.5602817264560079,0.7317832394976197
1.0,0.5843608046722908,0.9517962169033658,0.8663735324235435,0.4574825648638027,0.5849500676352215,0.29050814956855225,0.7030619037053473,0.7379451689978886,0.5737884922848965,0.5721079925789269,0.8300941966219153
1.0,0.5853341985723556,0.953276465520546,0.8698949545921668,0.4578051154012542,0.5768180589679911,0.2722914669223393,0.7423045632719474,0.7353660590084543,0.5706526628099853,0.6512250214566662,0.9954255088783036
1.0,0.5840363400389357,0.9545637283444788,0.8710635949870869,0.457577424878301,0.5050039039341926,0.2655800575263661,0.7024110642703938,0.7297560549219901,0.5619289760918302,0.6465379877985588,1.0
1.0,0.609344581440623,0.9564810175421604,0.8723650711670385,0.4625770194896244,0.594636659133969,0.3537871524448705,0.6829746320538423,0.7249413631446733,0.5550958327060183,0.6316988813012521,0.9934572779685186
0.0,0.6057754704737184,0.958183671060178,0.872725607857913,0.4619924837854063,0.5268197691577278,0.33365292425695103,0.6613194290363142,0.7195350263958613,0.5412679694689697,0.6473898792465042,0.9618606484675284
0.0,0.6122647631408177,0.9587284345860584,0.8734223661952579,0.4632571449311649,0.5307241795662471,0.3595397890699903,0.6893942755713336,0.7134843860962838,0.5270293837895003,0.6704190306411408,0.9819536937993842
0.0,0.6281635301752111,0.9629444414279926,0.8790097022550967,0.4627166768648226,0.5365365938128432,0.3930968360498561,0.6615708897270913,0.7068416515370772,0.5021758904312382,0.6503092812171336,0.7568491877625371
0.0,0.6356262167423751,0.9667411725041202,0.884558805880177,0.46344470813428795,0.5462737174067994,0.4841802492809204,0.6696989867613339,0.7031321476057968,0.4933843860399015,0.6653570349270143,0.9673544810594392
0.0,0.6327060350421804,0.9708718107713036,0.8917866515614183,0.4666684537995338,0.5489116190565977,0.4793863854266538,0.6551512462095997,0.6995859726068225,0.4791957933922689,0.6535530011003621,0.8551203184367657
0.0,0.626865671641791,0.9706652871859184,0.8930451870237395,0.46932018317542895,0.5311413394109863,0.4688398849472674,0.6292286073515273,0.6962636096235757,0.4678745493762009,0.6617070865201555,0.7902133639964233
0.0,0.6450356911096691,0.9709304385974478,0.8968849281107623,0.4691546189521167,0.5203321301090191,0.5023969319271333,0.6648546705125362,0.6934732093167799,0.4512281682996856,0.666420057078287,0.8916570844512599
0.0,0.6593121349772875,0.9693495610913824,0.8969841945031038,0.4718046826417675,0.521608389749887,0.5560882070949184,0.6797943939057766,0.6885902620248228,0.4229914978217226,0.6494574468151346,0.975978534009117
0.0,0.6658014276443869,0.9677709867379716,0.8966624809632796,0.473200266189776,0.5390234243941261,0.5503355704697986,0.6846461060572443,0.6827558159478886,0.3859095032872221,0.6547074646233662,0.9757435501842808
0.0,0.6521739130434782,0.9645128606857064,0.8917584088583658,0.4709563900290679,0.5378795889053384,0.4985618408437198,0.6748835145329488,0.677223545124882,0.3614335662285616,0.6471346057141054,0.9665410528719882
0.0,0.6580142764438677,0.9635907243751703,0.8898861865592007,0.4722403260086486,0.5473927885027519,0.4928092042186001,0.6572738702758674,0.6739086564756394,0.3551819812661463,0.6313267010405658,0.9907892439322502
1.0,0.6531473069435431,0.9592980757360171,0.8804225327877622,0.4732182927830123,0.5356565590024345,0.4928092042186001,0.5693661711411878,0.6718446276770311,0.3588342530635526,0.5346188434157866,0.8577878103837466
1.0,0.6528228423101881,0.9573305591245678,0.8725234309303447,0.4741050491485437,0.5466596629126922,0.421300659754948,0.49457140744027794,0.6712272794267502,0.3610811072667118,0.4744123287143632,0.4975745641419715
1.0,0.6583387410772226,0.9581971984561032,0.8692450922968584,0.47490150501069,0.5425581940007492,0.4732965009208103,0.5364839878707196,0.6745604420234068,0.3863150600336414,0.4918942966633243,0.6556361365928616
1.0,0.6369240752757949,0.9623969711187196,0.8746761374229548,0.473690210856864,0.5336863861388251,0.4705340699815836,0.42792692848162095,0.6760355666949598,0.39885022291598,0.3567312235141962,0.610849266340594
1.0,0.6320571057754705,0.9658881190217063,0.8822687923164625,0.4728883010281407,0.5373745120101209,0.4502762430939226,0.42927298276754666,0.6791743974157469,0.4375856036162529,0.3582174845315946,0.49209378407851706
1.0,0.6323815704088255,0.9685568411605608,0.8893588527475563,0.4728696567008635,0.5349639837563889,0.4585635359116022,0.4198653945714075,0.6799759040064846,0.4497697083954453,0.3504662925643484,0.5920704159526411
0.0,0.6239454899415964,0.9716400248834054,0.8975564986631246,0.470786543920492,0.5314506506080849,0.4732965009208103,0.4435100954071444,0.6804075693073162,0.4597980731677137,0.33155281346346416,0.5763053655023409
1.0,0.6125892277741726,0.975495553619234,0.9051830672682696,0.4724827615207802,0.5360009462870391,0.443830570902394,0.4544634272612975,0.6793053829701967,0.4531470212212033,0.3415452486171422,0.6532949225783227
1.0,0.609020116807268,0.9748477624248224,0.9063407958646188,0.4715574188490335,0.5367209870603018,0.4576427255985265,0.4769617631831965,0.6775935795096135,0.4437631741926722,0.36713222548267216,0.6454087144400437
0.0,0.6391953277092797,0.9703471925989288,0.9002156059965079,0.4738834216678866,0.523858046581228,0.4889502762430936,0.4975075808002365,0.6755966783524411,0.4404486151852151,0.33903683882328084,0.7007202016564632
0.0,0.6748864373783258,0.9646775710096492,0.8927702968079485,0.4774039849121821,0.5167560510043042,0.5254545454545454,0.4625471488795209,0.6721753119098679,0.4266665196411865,0.3478553948380029,0.5344256391789699
0.0,0.6648280337443219,0.9617831403499726,0.8885268299667195,0.4792985317299465,0.5250786571393244,0.5045454545454544,0.4818800384586939,0.670828039713401,0.426423954215988,0.3705675207414989,0.3623334533669426
0.0,0.6586632057105775,0.9642116116256734,0.8944105882695417,0.4818722658320672,0.5190688769315678,0.4936363636363634,0.4682419939353598,0.6708059380131204,0.4253060864772353,0.35728298591940444,0.3813467770975879
0.0,0.6576898118105128,0.9682970575646644,0.9012961378219508,0.4812828287337996,0.5149973506610036,0.52,0.4599881665557282,0.6718744770274163,0.4353912238595539,0.3954056048536481,0.3411955347497301
0.0,0.6541207008436081,0.973606779587758,0.9098455908312518,0.4801063737213991,0.5084299128917763,0.547272727272727,0.4772280156793134,0.6729113051325948,0.4456775350194714,0.3653214486445578,0.4053655023406546
1.0,0.6018818948734588,0.9774554272167753,0.915247560905568,0.4739813487721483,0.5007111540765904,0.4345454545454545,0.466252496117151,0.6743017177492001,0.4632138163080058,0.3518492749665627,0.317680950666186
1.0,0.5866320571057754,0.9793841898475528,0.9195307000347956,0.4748675155489413,0.4963908578478348,0.3963636363636362,0.4214555136454405,0.6763319475730272,0.4827811661373128,0.3573443439226877,0.3056175729204175
1.0,0.5869565217391304,0.9792955164659379,0.921201118596486,0.4750578148514162,0.4972074379852656,0.3781818181818181,0.4145403446490643,0.6792353878083377,0.5069211258816093,0.34761169550437626,0.18602808786460165
1.0,0.5937702790395847,0.9776533899761469,0.9198839334337544,0.4726896457123541,0.507869874356033,0.3854545454545455,0.3949042230604246,0.6821202999752289,0.5267603962294606,0.3699569948092287,0.11776194437411833
1.0,0.6138870863075925,0.9726478889365596,0.9113510028034956,0.4730487955209138,0.5116305929202478,0.4136363636363636,0.41393388063013065,0.6858501459752588,0.5524226076556883,0.3958819549417572,0.047679617637989086
0.0,0.6875405580791694,0.9772264916488772,0.9161711662306344,0.4842773248445401,0.5099653259875634,0.5372727272727271,0.4948672435470749,0.6898859389237941,0.5808874283849392,0.434346112099336,0.31273109407231525
0.0,0.6194029850746268,0.9810855314869212,0.9206172614917107,0.4730623294722678,0.5138026682526081,0.5428321678321676,0.5151172250573183,0.6925420353471201,0.6066416331360786,0.40758275898659735,0.2552348893619128
0.0,0.6135626216742375,0.9894993631404274,0.9348671065055612,0.4722126510997273,0.5019930216441381,0.5078671328671327,0.4774277050514015,0.6946518827161037,0.630120405964569,0.413257828654886,0.13761694965595644
0.0,0.626865671641791,0.9880726111944949,0.933995938313134,0.4709835782456582,0.5088521227473817,0.5428321678321676,0.6094667554174986,0.6980289953557257,0.6604631591304728,0.5491565590151701,0.8622478087236142
0.0,0.6288124594419208,0.98666811212868,0.9376967023726837,0.4714797300151173,0.4997761606515711,0.5314685314685312,0.5999852081946603,0.6950303756642873,0.6618556154526565,0.5383132383153408,0.7956018878688872
1.0,0.6245944192083063,0.9856291128072572,0.946008789420461,0.4708721402342792,0.5018797871830334,0.5069930069930066,0.6598180607943198,0.6926659265001303,0.6688401317359761,0.5859398081909447,0.9950547852225348
1.0,0.6187540558079169,0.986160591586573,0.9598556990689168,0.4735525072351986,0.4902140328974148,0.4956293706293704,0.6485984764440501,0.6889187328670137,0.6782276960114791,0.574883299848958,0.9310361469041072
1.0,0.6051265412070084,0.9873205075502796,0.9697103588538798,0.4747595846287005,0.4966930260105844,0.4676573426573424,0.6340285481843059,0.6861254804693937,0.6889201927417692,0.5373593870965082,0.9665061390949704
0.0,0.72756105296543,0.9946166329518128,0.9934821601982732,0.5033010589842739,0.5274066029993785,0.8807760663507112,0.4678574069965236,0.9659562272182702,0.5377748420304204,0.4763144021271154,0.743230347131098
0.0,0.7199492546780843,0.9938385809146366,0.9950455772480491,0.5065356868973008,0.529333036595102,0.875,0.38613268249389865,0.9642331834655355,0.5297164572990556,0.4679265584766255,0.4611734889340781
1.0,0.6928322232794163,0.9916611368018796,0.9879082358654224,0.5051456219038988,0.5230110804917852,0.839010663507109,0.3628060054729676,0.9644842521509064,0.5302891310432448,0.447770734113793,0.3181794026995425
1.0,0.6579448144624168,0.9897442241754756,0.9835897650048798,0.5065619698493312,0.5259684540576707,0.8116113744075829,0.3565268841062049,0.9659746458570416,0.5249281444849738,0.4402084269306477,0.1321872675098308
1.0,0.7182048842372342,0.9881194207765056,0.9941933399927104,0.5107883197858126,0.5592388793373779,0.8701125592417059,0.4434657199911249,0.9700291152895296,0.5456550005470402,0.4974789495067221,0.4573280901264736
0.0,0.7408816999682843,0.9856971108887992,1.0,0.5087550056587251,0.5304335012380474,0.8832938388625593,0.4626506915169,0.9710197879650908,0.5591668851349085,0.4623678411102949,0.5150653629503669
1.0,0.7015540754836664,0.9823806042056268,0.9916149553262212,0.506476988673532,0.5298439423579834,0.8425651658767773,0.4097330079136154,0.9692947052329804,0.5627074829108304,0.4091881204449082,0.31594749707726555
1.0,0.6760228353948622,0.9803727811541278,0.9869743452902552,0.5052520338276992,0.5460516851007295,0.8022808056872038,0.4508468308557063,0.9689668322638608,0.5887988901685037,0.45033694049727613,0.08261363636363615
0.0,0.7002854424357758,0.9789792066125681,0.9815786689393924,0.506580200941253,0.5436010313587466,0.8419727488151659,0.5735892315657123,0.971742937248634,0.5841647919937369,0.5063967400093614,0.09259326660600399
1.0,0.7151918807484936,0.9779355041220916,0.9864643373345352,0.5075392389437243,0.5437408456704372,0.8606338862559242,0.5699504474521119,0.9735570925936892,0.5651596984925521,0.5023443119577018,0.4446663104311396
1.0,0.700444021566762,0.9761275757638216,0.9887399763776299,0.5066791674334907,0.5425476453879967,0.8452310426540286,0.5518009023001261,0.9740261188170138,0.5219906760836556,0.488313960957441,0.3324239952751934
0.0,0.770060260069775,0.9740188678323708,0.9903477143010088,0.5116235949231741,0.5736948358024173,0.9123222748815168,0.6965017380371276,0.9750517675573388,0.4837327955346808,0.5699328416400281,0.6260370672441431
0.0,0.7535680304471929,0.9716705119579264,0.9868095702156288,0.5107496722648951,0.5525530120317598,0.8923281990521326,0.6901264699356552,0.9725084252467744,0.4419990758963581,0.5660015974645474,0.6763270084601607
0.0,0.70313986679353,0.969351076626518,0.9818016604912496,0.5112197176632083,0.5452881743625181,0.8492298578199052,0.6240736631905931,0.9709501354078494,0.4091012019727495,0.5637483105514669,0.5099953612688036
1.0,0.7131303520456712,0.9666152446355376,0.9734333252382148,0.5099568980921496,0.5527158246816779,0.8585604265402847,0.7231121958435025,0.974774305433501,0.4329067800699423,0.6268026954506941,0.6929380839831234
1.0,0.7139232477006027,0.9599020149475148,0.9425343324126592,0.5104975557738246,0.57105855628179,0.8379739336492891,0.595688188743436,0.9752932321397648,0.4320019588883568,0.5229377710834663,0.6651940535883886
1.0,0.8317475420234697,0.9528305175899724,0.9067246467810808,0.5167477764683154,0.5349576065656471,0.85885663507109,0.6381184823607725,0.9770926377369497,0.4553875303831586,0.5653036582118603,0.798502352499392
1.0,0.8336504915953061,0.9461801525718214,0.8747946579897431,0.5171807467606674,0.5258445217726985,0.8495260663507109,0.6818208712373344,0.9746702867213192,0.4533688080306956,0.5501328792321709,0.8364957699189317
0.0,0.8426895020615287,0.943167851528703,0.8664569371185921,0.5141833115528275,0.5326147961299097,0.8524881516587677,0.6590193033059684,0.9698930716661368,0.4547200793795288,0.5240053390173258,0.8448013076804131
1.0,0.7911512844909612,0.9406281156233276,0.8644176972640368,0.5111247811577373,0.5344209335521993,0.8012440758293841,0.7017898084461207,0.9640068289125427,0.43224539568866177,0.5514084302209274,0.8038479379735367
1.0,0.8120837297811606,0.9381682118211994,0.860980196041922,0.512689354733513,0.5580530200302526,0.8219786729857819,0.7849641298720516,0.9576826259678296,0.4062108035189416,0.553262683086693,0.8511850853747434
0.0,0.8680621630193465,0.9360295139946636,0.8575332411451407,0.51334321206445,0.5313796192940079,0.8627073459715641,0.788610309888322,0.9532202726528952,0.3905163733475968,0.5564354630451874,0.8951662333819449
1.0,0.8155724706628605,0.9333298050913684,0.8526739452729643,0.5134413818650867,0.5486379235660803,0.8219786729857819,0.6771762443606243,0.9470069114653774,0.3608426420243551,0.5053134967837652,0.9997849051192575
1.0,0.8304789089755789,0.9317935938215436,0.8542465994409433,0.5109044479199577,0.549230851596629,0.8310130331753556,0.7257673249020042,0.941890162284852,0.3342199602144321,0.5308940457618934,0.906416704770614
0.0,0.9153187440532824,0.9297597744342936,0.8567342961372418,0.516883651840647,0.5083001952772479,0.9200236966824644,0.6787885511426666,0.9364683851123228,0.3033343299950567,0.496055575849937,0.9186607732561082
0.0,0.9844592451633364,0.9269749408421524,0.8548525443050042,0.5183116943145232,0.5094702752444872,0.982968009478673,0.6270763996745798,0.930308242831012,0.2769352036912404,0.5147808742570552,0.9330670634609852
0.0,1.0,0.923182182737345,0.846680226246172,0.5158322854174603,0.539198452851543,0.9952331297482492,0.7335626063161008,0.9226253177154032,0.2451889911294294,0.5609361254855841,0.9258126095028898
0.0,0.933396764985728,0.919182731349078,0.8424445208576276,0.5120623531396358,0.5086272937594062,0.9768243031631696,0.6578951261001401,0.9116645088252592,0.18090980133207674,0.5306990997734774,0.9835085313833032
0.0,0.9027909927053602,0.9152050415152456,0.8355368743513688,0.5103837515066868,0.0,0.9424764890282132,0.635330227054212,0.9096107307582316,0.1754269054147909,0.5213566452659361,0.640760197775031
0.0,0.9619410085632732,0.911276253461584,0.8308370291489603,0.5114851559201976,0.4826709857336582,0.9822884012539186,0.540056208860291,0.9122802984896624,0.1908920018645288,0.4692378292372749,0.8772613320685668
1.0,0.9616238503013004,0.9066858998270502,0.8186467046083873,0.5117165245926041,0.5493084792853472,0.9832358057883916,0.44936765032172143,0.9154264435545432,0.2173346716193912,0.478635112835455,0.8251914086320201
1.0,0.9037424674912782,0.9026569045620902,0.8090169266352671,0.5086414230228423,0.5540245833045812,0.9164810690423164,0.3457288662081209,0.9184932588670572,0.24095082205778875,0.4801856930661413,0.3105859805080943
1.0,0.9078655248969236,0.899294508084715,0.8034032299905295,0.5090596766141338,0.54064124387848,0.9155265669742284,0.24896087567487615,0.9235832023811871,0.2852729479779078,0.4962846234615496,0.3005138033682672
1.0,0.9083412622898828,0.8984930212206648,0.8087681588949461,0.5091404767446687,0.5409392043390858,0.914412981228126,0.2479550329117665,0.9292281038998867,0.3332730262810032,0.4962180052735194,0.3113365868713946
1.0,0.8319061211544564,0.8982298626072593,0.8183967787308503,0.5052327194267932,0.0,0.8894368437798283,0.19626506915169,0.932594243552734,0.3739224583445876,0.5233123846025852,0.2070654928387748
1.0,0.8855058674278465,0.8982210610588541,0.8214269295013855,0.5091062994246616,0.5065266334498416,0.9522748965956092,0.3220915612750538,0.9390563659002706,0.4309957507983508,0.5183415819295429,0.4772711205372921
1.0,0.771804630510625,0.8950473743942591,0.8108599415362697,0.5054701135740289,0.4924009844566348,0.8845250083920778,0.2760076917387766,0.9385624086446036,0.4351827704724064,0.5013401425946644,0.4825379992930354
1.0,0.7608626704725661,0.8921505493074569,0.7963393582433836,0.5052593800414624,0.4933338271201193,0.8529707955689829,0.3027364839878708,0.9377682404096196,0.4316417583385007,0.5144667105153115,0.3861240582034449
1.0,0.7626070409134158,0.8893146389120805,0.7875400327296144,0.5054334997078602,0.503470421679251,0.8526351124538436,0.3594778492715039,0.9359953556388094,0.3950370120240753,0.4889408271962859,0.4439098548255069
1.0,0.7497621313035204,0.8872517194857891,0.7803848291306305,0.5046310120472218,0.5382537506972482,0.8365223229271566,0.35488499371348303,0.9346121034885844,0.3877024574037666,0.4853612385664646,0.3163267010808739
1.0,0.7216936251189346,0.8854562834038395,0.7779912779302317,0.5063917527011674,0.538234123951395,0.8081570996978853,0.2635973670586496,0.9355953591689988,0.3932558934729576,0.4885765986730897,0.16425266041864994
1.0,0.7098001902949572,0.8840190728913522,0.7769182660121395,0.5091811211881716,0.4897760944521077,0.7984222893588452,0.30902300125730353,0.9415157353826179,0.45030684243707103,0.4615479050614511,0.1857030688785309
0.0,0.7928956549318111,0.8821970216625632,0.7736918599042076,0.5161052442328761,0.5073684593267315,0.8892245720040283,0.41487316026921095,0.9477037459044066,0.5011582068114853,0.5067313703978429,0.4287241684625538
1.0,0.7399302251823661,0.8796575558691409,0.7716266190434694,0.5127126049524356,0.4916499336559738,0.8227593152064451,0.28093336291694376,0.9499691887460632,0.5275540350080806,0.4798757617956039,0.21620808900917166
0.0,0.7862353314303839,0.8774355810222643,0.7692187908975957,0.5130097252649664,0.4909211539805329,0.8704263175562269,0.32906589749278936,0.9564414984173392,0.556197954874171,0.5021940222247199,0.3303763845035837
0.0,0.8005074532191564,0.8738738577550043,0.7581740758893213,0.5142135950340171,0.5340685168066156,0.8867069486404834,0.4188299681976189,0.9600342756672562,0.5601424667575234,0.5022804845766878,0.4401510215673503
0.0,0.7586425626387571,0.870123775494331,0.7411780375589211,0.5123479146208482,0.5351266000321875,0.8039610607586439,0.3184453812587826,0.960632915223653,0.557105748742888,0.4257437706394667,0.19395579612088465
1.0,0.7489692356485889,0.8664756098890898,0.7273283337322716,0.5117525209771181,0.5394356044817782,0.7903658945955019,0.3377338954219361,0.9672474372053608,0.5928919954838897,0.44085300522586623,0.16263218563624576
1.0,0.7337456390738979,0.8641211306092063,0.7187768834328928,0.5108858206070588,0.4941423463075638,0.7658610271903322,0.3164854670512538,0.975732645387038,0.6584844941934114,0.4210638413527434,0.059322741776508474
1.0,0.8112908341262288,0.8613940309251675,0.703838639959802,0.5142092139315684,0.4810411817860874,0.8427324605572339,0.4365357591894091,0.9882129146598242,0.7571057542838184,0.4942262067081685,0.06515601783061017
0.0,0.8775769108785286,0.8579350648823096,0.6827026555794036,0.5166421187987286,0.4815508327537742,0.8959382343068145,0.5078692404407964,0.9954380491114628,0.8269286771774136,0.5495213147702578,0.1865141481035523
0.0,0.8956549318109737,0.8543955479059888,0.6673557827648406,0.5147003547086956,0.4629335406197853,0.8999664316884859,0.5591968049700463,0.9993991663093679,0.8981530245380854,0.5455851409179302,0.3336544250451514
0.0,0.9349825562955916,0.8509125136160962,0.6575338050425383,0.5181332897793886,0.4630393171952017,0.943773078214166,0.6387397381850454,1.0,0.930516273621946,0.6327820264204569,0.7126429861529197
0.0,0.9614652711703144,0.8473444815029498,0.6476345748357644,0.5169288465658797,0.0,0.9578717690500168,0.7282005768804082,0.9961854005565632,0.9358755720022154,0.6553076933757574,0.7589102950030095
0.0,0.9846178242943232,0.8433176973813759,0.6376168442674921,0.5153623607406811,0.4217047287561697,0.9726418261161464,0.7610531765401967,0.9899797813143864,0.9038031098608592,0.6392159289748066,0.8457104017722284
0.0,0.9977798921661912,0.8408261845211054,0.6380281481693759,0.5128532136626698,0.4836572700338574,0.9873117915750296,0.7900673027142959,0.98295041460211,0.8741178295681926,0.6560619140187768,0.8321155917755598
0.0,0.9705042816365368,0.8386922075874248,0.6419386759024946,0.5088629058002093,0.4688497989043934,0.9955737146748384,0.8999926040973298,0.9772513799062932,0.8652102176390277,0.7178663349292791,0.9860246751828792
0.0,0.9456073580716778,0.8378003464809028,0.6518006806208329,0.5109055573007667,0.4852351661942416,0.9707184201566224,0.7834775534353966,0.9690057541740388,0.8405178963172133,0.6389752386954207,0.9992632448482957
1.0,0.9084998414208688,0.8365837389317329,0.6622715236559501,0.5104281732968454,0.4768588115876246,0.9581205311542388,0.7515864211226979,0.9648775389071332,0.8352981774489907,0.6682315969669332,0.9735161352285808
1.0,0.8840786552489694,0.8360439302774134,0.678327776549125,0.5113903866115774,0.4852122180481935,0.9508001361933948,0.6826640041417056,0.9595069499448194,0.8104114048638955,0.6610562481027852,0.8525478030919451
1.0,0.8836029178560101,0.8338624411495561,0.6839850085107297,0.5105895215133167,0.4990823069977509,0.968675519237317,0.7504696398195396,0.9558758349414151,0.8034206338065615,0.6732771537196911,0.948975378103545
1.0,0.8966064065968918,0.8316727927618417,0.6880212490010665,0.5120410961744803,0.5085314200120638,0.963738508682329,0.7357961689224166,0.948230423414357,0.7579873497641254,0.6660294058782708,0.8235946936457946
1.0,0.8788455439264192,0.8288618494631512,0.6910451638417366,0.5096074330155902,0.5460108004903944,0.966462376574736,0.8249833592189929,0.9428734556706851,0.7246886815366796,0.6708379634753469,0.8505908452936114
0.0,0.9019980970504284,0.8269039789317949,0.6982703723328003,0.5115349457876156,0.4950960297063754,0.9928498467824312,0.8578433547814517,0.9380143071680124,0.6852793304497611,0.7172561088782302,0.9754141627415956
0.0,0.8964478274659055,0.8237256386869152,0.6866891385996783,0.5146317594210352,0.4987330011374026,0.9919986380660538,0.8110568744915314,0.9323978495691684,0.6747844083878811,0.6460043760950248,0.997576621525302
0.0,0.8874088169996829,0.8206755054428498,0.6638952340254686,0.5142540791667496,0.0,0.9754851889683349,0.7811404481917017,0.9270609228900372,0.6934228214586755,0.6320519520935812,0.9417225150194116
0.0,0.900253726609578,0.8173853623264657,0.6395523278042873,0.5151355453661194,0.5475270023659085,0.9947225059584609,0.7301235115745879,0.9218874842447646,0.6776321097256499,0.6232145252307764,0.9164768907107396
1.0,0.8763082778306377,0.814159366414716,0.6281901980542601,0.5136718799563471,0.557864216605601,0.9980644026042584,0.6981732120405298,0.915791474032268,0.6475725670804928,0.6058514823166734,0.8623578832016805
1.0,0.8734538534728828,0.8106410871493441,0.6210967525804094,0.5135256429005076,0.6263636038412025,0.9985850725150334,0.7329117668811477,0.90888145549624,0.5835942015669809,0.6268816111946875,0.7867677275010263
1.0,0.8764668569616241,0.8080609791432699,0.6192800653763988,0.5139287515967684,0.5318073711575129,0.997517730496454,0.7947563050070265,0.9016002129805992,0.5376769947051877,0.6213766628437476,0.8398931555636728
1.0,0.8476054551221057,0.8048221385076115,0.6126440900278245,0.5144715576206768,0.5279683840604792,0.9935840313669576,0.8369425338362545,0.8938390085606294,0.4745837397075599,0.597019997389189,0.8827748360072696
1.0,0.8428480811925153,0.8014878463375645,0.6068425481382985,0.5147261580132366,0.5640752105025573,0.9992641648270788,0.8278529694549224,0.8833824330015678,0.3850362290046143,0.5932183241050552,0.8544582968795561
1.0,0.8204884237234381,0.7973130444889159,0.5933853005932388,0.5135163183848629,0.5941218897418878,0.9875354107648726,0.9530729975593524,0.8746893230241715,0.31506224766218105,0.6067634599709493,0.90215108508878
1.0,0.7805264827148749,0.7931539237609748,0.5788473576244442,0.5108244307652986,0.6203011195702429,0.9621359223300971,0.8252348199097705,0.865041096755385,0.2586108732947794,0.5667346229152864,0.9713827881987004
1.0,0.7538851887091661,0.7892819632615324,0.5647305334531451,0.5095771392876354,0.5460705857318262,0.9025242718446606,0.7544190518452782,0.8606649628885201,0.2377725153455347,0.5582141075024853,0.9754761335564596
1.0,0.7369172216936253,0.785995479203651,0.5557077996503148,0.5086053296540087,0.5496666433172246,0.8706796116504859,0.7356112713556692,0.8562574872527657,0.21275711436046288,0.5500945643765001,0.890476383211236
1.0,0.742943228671107,0.7840480094229542,0.5530429840342903,0.5089980823734059,0.6267546538131175,0.8834951456310682,0.6560757340433402,0.8521796049752639,0.1808000604998881,0.5533218393064963,0.7218197272028172
1.0,0.7894069140501114,0.7825233477550524,0.5536492619067901,0.5129435687316756,0.6052054144269878,0.9508737864077674,0.7007100066563129,0.8514036892617283,0.1723124491739088,0.5912307212411785,0.8827255433682767
0.0,0.7971772914684429,0.7815589034077011,0.5589879116901668,0.5135045928362618,0.0,0.9650485436893208,0.693669107314548,0.8484702999452769,0.1487389808408771,0.5843936395829128,0.8847290241631928
0.0,0.7876625436092609,0.7795127269874369,0.5599758090882048,0.5114992580230662,0.6047904946490609,0.9877669902912622,0.6523851786110492,0.8454462041995818,0.12641718800135465,0.5475174605900363,0.931335249119682
0.0,0.7670472565810342,0.7773023450086667,0.5589852255268415,0.5105383183830849,0.5280275977595024,0.9928366762177652,0.5765032172176615,0.8399989993318668,0.09430049317434892,0.5475044127153441,0.9215298687567512
0.0,0.7361243260386933,0.7740894445019075,0.5484763095408097,0.5118786693719245,0.5178021746170431,0.9579659626819766,0.6138451297980918,0.8371562607982048,0.08198909451940589,0.5699026929339495,0.8554715333164777
1.0,0.7177291468442754,0.7714826822195195,0.5447835874583957,0.5105918190044227,0.5037010547504771,0.9304900553619028,0.4292212114488571,0.8350217057710052,0.0704896720786401,0.5021915594353031,0.5836991748454259
1.0,0.7277196320964161,0.7689244523224272,0.5415056144722791,0.5078380205431311,0.42915775278708856,0.9362312897272916,0.3809703424302936,0.8385700291026337,0.08486280859679074,0.476582722861989,0.5874704491725764
1.0,0.7456390738978751,0.7662478064026175,0.5410483677643616,0.5095043569528305,0.4296368483746679,0.9604264916957148,0.4386435914503368,0.8392658506746571,0.08202002779702383,0.4592191909199774,0.6950723660648456
1.0,0.7622898826514432,0.76441331764283,0.5433741473246709,0.5073635591575288,0.4298041458191169,0.9760098421160548,0.4665113527105982,0.8349270532899362,0.042016122367831865,0.4771991427285857,0.6630290517622774
0.0,0.7332699016809389,0.7631483013089639,0.5521303975306169,0.5078300889725899,0.5522472834514643,0.9637071970473652,0.5732564159455661,0.8339710482938059,0.03675345886348708,0.4908034966691314,0.7838287652474358
0.0,0.7166190929273709,0.7622277034936429,0.5624765753179705,0.5056155163549119,0.537938571771177,0.986381730567777,0.4273056726573482,0.8311139455407304,0.013448029185500364,0.4636253599953506,0.7803948005983109
1.0,0.6771328893117667,0.7603106822452463,0.5643273234898343,0.5062495149061655,0.6251182331194398,0.9948877528339634,0.3673249020042897,0.8306379964024624,0.01970395269747266,0.47839828701739295,0.5742227671861407
1.0,0.6546146527117034,0.7568109771883065,0.5506314078559416,0.5046629346973944,0.5359335753236502,0.9555357936860828,0.30201908142888834,0.8299561332870204,0.0,0.489900365185132,0.4548690768135429
1.0,0.6647637170948305,0.7533348208149588,0.5361270361389936,0.5062425623007796,0.5402520708665915,0.9301911960871498,0.2515124620959988,0.8333949697766576,0.010952593130705124,0.5098384693197302,0.3312960859610222
1.0,0.6190929273707579,0.7493645931191615,0.5176989982339791,0.5026007448978348,0.5547835639505181,0.8650511338372608,0.1561570889727088,0.8392476771894204,0.0351752625898471,0.5275275249401644,0.29006031562422474
1.0,0.5658103393593403,0.7460186060900045,0.5048131356160566,0.4985878902429757,0.5338674975568516,0.7618941751889727,0.0,0.8454555801739461,0.06043861289644802,0.4532209385115417,0.03703982874544067
1.0,0.6333650491595307,0.7428492880825468,0.4907100417516654,0.50191776987763,0.5221474259493707,0.8292574477545575,0.07221359366910696,0.8559028663829801,0.10755230595308383,0.4363354551575525,0.0009082217973226717
1.0,0.6504915953060578,0.740174135795006,0.4792213275583773,0.4999814445201993,0.5407156631447776,0.8425967096487328,0.1309814362842982,0.8645243302884129,0.14250466704533832,0.4094945963180941,0.0862495860209112
1.0,0.6365366317792579,0.7378339966484815,0.4687717493918806,0.5025387524131542,0.5020017852475557,0.8243663850600265,0.07996449966718439,0.8714924588387303,0.1910563831390304,0.4308184462664726,0.045740260129914605
1.0,0.6717411988582302,0.7356647148206898,0.4599043217495635,0.5024792909493944,0.5243285785110223,0.8612716763005779,0.11587900303231975,0.8804721087532108,0.2503516402644739,0.4023566134467396,0.01328732221756342
0.0,0.6582619727243895,0.7334049469085928,0.4528441699658908,0.5015253964379398,0.5009776940067298,0.8352601156069361,0.12881443680201116,0.8886889897829133,0.3047879842281779,0.4078952861010608,0.04418357145160709
0.0,0.6595306057722806,0.7305585988155681,0.4423193049069973,0.5015230902076324,0.539813465246303,0.8419297465540241,0.13382885881221795,0.8979944140117571,0.34813892122925083,0.410182159107548,0.06113135743541754
1.0,0.6555661274976216,0.7280558754278377,0.4350637081328567,0.5020196388880963,0.5282778319856622,0.7992441084926634,0.1684860587234676,0.907676921446104,0.3893197828435302,0.4265211788022129,0.10060926584359263
1.0,0.6617507136060895,0.7246841156114376,0.4242667521897325,0.50248215153182,0.5119083315479394,0.8145842596709649,0.2071592337844831,0.91460482992724,0.4100124390849291,0.3964688224632563,0.1780092551233719
1.0,0.672375515382176,0.7225229428327269,0.4226811004714061,0.5041107349831655,0.6993709981487848,0.7974655402401067,0.19076991346793928,0.920137918157129,0.4138841267096592,0.3733479584156051,0.036448748414301714
0.0,0.7670472565810339,0.7209221835434327,0.4231037364739235,0.5135064941751528,0.0,0.9393063583815028,0.2889505214111381,0.929280400833388,0.4502574690089365,0.3759303420394178,0.17973777348777348
0.0,0.7773549000951476,0.7205160704480091,0.4316888683565985,0.5137119022554626,0.5020252596829072,0.9788795020008892,0.33863619554766605,0.9353244032554956,0.4756162816417734,0.4060632860863012,0.3299549549549543
0.0,0.706152870282271,0.7199884846729969,0.4411212037666096,0.5101389883233489,0.487012872243966,0.9507172605275336,0.3381480659714513,0.9383504048901591,0.5108852909125837,0.4050355454066487,0.3069095881595875
0.0,0.6585791309863621,0.7179977642807402,0.4366332519105496,0.5094599965106381,0.4995914198982838,0.893105043961129,0.3433325937430667,0.9423097861275632,0.5318405175834011,0.4086371047375167,0.2005509974259981
0.0,0.656676181414526,0.7148824510723301,0.4249427158480065,0.5101558609928779,0.4735458672715651,0.8505321610365573,0.2669846904814732,0.9478640005749116,0.5713986829908555,0.35935914387148205,0.025619369369370724
1.0,0.7293054234062798,0.7120097128511398,0.4138938237366751,0.5141588113310424,0.4700353945681967,0.9412309116149928,0.446490644183122,0.9584673569295374,0.6354690214293552,0.4751096556358057,0.2700783421784172
1.0,0.7042499207104346,0.7089619225760828,0.4088160496962088,0.5151408088082643,0.4790039975656775,0.9199444701527072,0.4447008357370017,0.9619795705381846,0.6693595860920043,0.4733131311011958,0.2508264570372482
1.0,0.7324770060260071,0.7060812107269365,0.4009676124432555,0.5146091746919665,0.4561393379247172,0.93058769088385,0.4887064566230309,0.9671294106476818,0.7111562743743107,0.4756605572517622,0.07945729568882845
0.0,0.7442118617189978,0.7021649497463509,0.37961469855680985,0.5121844355772772,0.4492299463998423,0.9354465525219804,0.4855705938909846,0.9713214118514396,0.7628789460077359,0.4723610716342165,0.15756845796875402
0.0,0.7892483349191247,0.6987983155225954,0.3609284698089784,0.5133384965699106,0.0,0.9807959278111986,0.5866577915834625,0.9752402612925511,0.8135532733047379,0.5566430795231213,0.5391184573002739
0.0,0.7968601332064702,0.6965038806604475,0.3537452622312568,0.5104356299374034,0.4628170025590731,0.9835724201758448,0.6574735596479548,0.9750037360267972,0.8394348380337244,0.6231579688263259,0.7759543486816206
0.0,0.756898192197907,0.6945826548690355,0.3546534125532805,0.5091651122449256,0.4514346153625274,0.9822736941621366,0.618038606611937,0.9713988690818188,0.8250225646647342,0.6113639347127645,0.6941106400868854
0.0,0.7507136060894388,0.6923027179955497,0.3529957115392337,0.5087964931125057,0.0,0.9678562987473409,0.6686709562902153,0.969118865965172,0.8176933839555965,0.6602203586592442,0.6614231160004196
0.0,0.7838566444655883,0.6885518016026504,0.3410986765816856,0.5087219713597704,0.4933724895411784,0.9931328439497986,0.713578877301975,0.9646939848200328,0.7929329454279495,0.6961903104313172,0.8513124721933852
1.0,0.7783063748810658,0.6863338375815524,0.3383182736333069,0.5088115590749207,0.5110637601642231,0.9642434288420552,0.7708453516751724,0.95858638457363,0.7724165449227303,0.7357706982580559,0.8047802500196558
1.0,0.7432603869330798,0.6843088204009173,0.3354332524502138,0.5032785535279893,0.5676728661572201,0.9704001894387876,0.8204200872716518,0.9527090715633622,0.7515679650025702,0.7237981299003231,0.8399103040429139
1.0,0.7515065017443706,0.6831780980978885,0.33218524294294416,0.5044716556506225,0.0,0.9604546530902202,0.8268619184971522,0.948652425308146,0.7474753709964279,0.6852986038760843,0.867078379314325
1.0,0.7448461782429434,0.6813526138765436,0.3286692344055624,0.5033402974942406,0.5150316538233974,0.9644802273265451,0.8073663190592409,0.9445955063348932,0.7393558643255029,0.628954903970663,0.9296988990582298
1.0,0.7240723120837299,0.6789296822527973,0.31787310673879066,0.5002646384128674,0.5505295996749549,0.9794495853863716,0.8225057318245693,0.9396890701685016,0.7347119258130155,0.6383583639466672,0.9797005939305192
1.0,0.7075800824611481,0.677651301544308,0.3204511442852782,0.4999327703551474,0.548229768089503,0.9441257171364428,0.7601360846091261,0.935454382072444,0.7502002745064351,0.6232223505963187,0.8838075810245403
1.0,0.6528702822708534,0.6769101853671504,0.3257416509571513,0.4968287054104988,0.5449730123217599,0.9189324020952856,0.6648546705125362,0.9312307901631836,0.7570928333860463,0.5337027713136232,0.8809766657646587
1.0,0.6254360926102127,0.6775165927884776,0.3427239566039836,0.4930023017339056,0.5418454490331961,0.920429034671988,0.7661637452851127,0.9271285400807516,0.7668124868874411,0.5457876060810919,0.8966299619075376
1.0,0.6344751030764354,0.6765519667591222,0.349837759534684,0.493856632208059,0.6224049448692992,0.9376403093040656,0.7417942459877228,0.9190532726794192,0.7337204207802088,0.5753120792485822,0.9984071133089248
1.0,0.6493815413891532,0.6753356843272009,0.3540651433528662,0.491608534824146,0.0,0.9585931653778996,0.7234524073663189,0.9130318330052992,0.7265570214615833,0.566523466788941,0.951028817454238
0.0,0.6351094196003807,0.6737557970549273,0.3557935410805337,0.4893382903115547,0.6228449307169345,0.9740583686704912,0.7308039346202206,0.9070424114215332,0.7104099089981188,0.5740219342627292,1.0
0.0,0.6330478908975581,0.6721724628567953,0.3744775875029625,0.4893026223379062,0.6261996854534733,0.9633325018707908,0.7444937504622443,0.9006595985613328,0.6949860362815032,0.5830675169226079,0.9333352229245216
0.0,0.6255946717411991,0.670078586980053,0.3895031760371134,0.4887000202308645,0.6160280563067492,0.9513594412571712,0.7426891502107833,0.8947728562089696,0.6888081236410104,0.5807904778551318,0.9813017960893028
1.0,0.6057722803679035,0.6685803734052502,0.4085434828265772,0.4903077083535333,0.6302250978850932,0.9366425542529307,0.7303601804600252,0.8890208702303108,0.6853363033573627,0.5746729632740272,0.9100743337160808
1.0,0.5919758959720902,0.6675374249007546,0.41537168880425024,0.4924585458910436,0.6574622954478215,0.9301571464205538,0.7643221655203019,0.8822572588595003,0.6735033990550527,0.5524728126281357,0.9902909904868488
1.0,0.5843640976847448,0.6654283828110611,0.4128516378979976,0.4913876161293077,0.6578237906348727,0.9341481666250936,0.8203757118556321,0.8741773368154366,0.6324712416038769,0.5829905688356279,0.9531652580124736
1.0,0.5805581985410722,0.6617399056501474,0.40331769062807066,0.4915030293292675,0.7059504272193259,0.9009728111748566,0.7930404555876052,0.8665053140425802,0.6031238902059971,0.6206796875431759,0.8918802075145426
0.0,0.6449413257215353,0.6574615142297338,0.38504522192113055,0.4944829614579687,0.6646662477900941,0.9548515839361436,0.7806301309074775,0.8616540041520422,0.595967828955443,0.604200032592397,0.9369595975475556
0.0,0.6539803361877579,0.6534719760105563,0.37017876415117545,0.4916847753211978,0.0,0.9930124223602488,0.6876266548332226,0.8555755407754102,0.6021609191287939,0.5859200167891484,0.9704022569191108
0.0,0.6581033935934031,0.6504466008079823,0.3601314549993695,0.4883448144135935,0.5822888613472976,0.994565217391304,0.6708897270911915,0.8514465848677804,0.6144179052108758,0.622570703738807,0.9316357799503854
1.0,0.6243260386933083,0.6469233139781247,0.3514682462670081,0.4856945109251467,0.550313446105593,0.998452827886807,0.5838769321795722,0.8461853456884032,0.6188271144012567,0.6123009738423506,0.6840799649788403
1.0,0.6246431969552808,0.6438356802715821,0.3511066605835941,0.4862921892637804,0.5343057043578778,0.99570692615913,0.5562088602913983,0.8442159964577078,0.6497263651555003,0.5921101929412425,0.5251228172576485
1.0,0.5995876942594354,0.6411860133193683,0.3510820447870515,0.4878269904869018,0.0,0.9829059829059829,0.5484283706826418,0.8446077320928074,0.679297805871445,0.6341072507452844,0.5130113332360532
1.0,0.5938788455439267,0.639766408464814,0.3569079661184682,0.4908845411167772,0.5791211808790395,0.980253463012084,0.5671178167295315,0.8459205816643038,0.7065752197495309,0.6502409881771394,0.65491998638066
1.0,0.5689819219790677,0.6381155425014005,0.3553684997380835,0.4920699091408232,0.5922762886226329,0.9535365492749333,0.5340803195029956,0.8447595283257596,0.7173942151001944,0.6717813023515972,0.5833211732088142
1.0,0.5559784332381861,0.6358630328701539,0.3519007327855471,0.4910248856273825,0.0,0.9224622669428824,0.5745506989128029,0.8431337143024984,0.7434268879578344,0.6573904725117052,0.6496181720900832
1.0,0.6108468125594673,0.6359004640639445,0.3600671338569138,0.4931521232837005,0.5802925684781569,0.9994081089079606,0.7131499149471191,0.8405364801847419,0.774798004167746,0.7426625532006522,0.959628386594678
1.0,0.4884237234379957,0.6365951323773709,0.374055888431496,0.4831772323222221,0.5476416358879902,0.9716220574008382,0.5955180829820281,0.8328772745362567,0.7568378501405033,0.6925557354826936,0.8860370296103192
1.0,0.4665398033618776,0.6378076788765972,0.3954249289583833,0.4841812457904474,0.5477914125617397,0.969042244437278,0.6255380519192371,0.8304208940963862,0.7626891938005433,0.6811072320139945,0.9600628300247316
1.0,0.4793847129717732,0.6364185122956532,0.4019681614344487,0.4818237547092438,0.5979238029024591,0.9729119638826184,0.5983433178019376,0.8260905752781096,0.7592585837042689,0.7017671872999766,0.8817749492971524
1.0,0.4793847129717729,0.6327578328504222,0.3921190473324589,0.4818689657262623,0.6343153206709615,0.9683972911963882,0.6128097034243032,0.822833058849679,0.7759377750307401,0.6728157387538778,0.9362141408287464
1.0,0.4974627339042183,0.6288302850487779,0.3747074173245004,0.4843100517046249,0.5089298513131848,0.9886947584789312,0.5701575327268694,0.8190197301552955,0.7847695360901157,0.6312405310887711,0.7672060753051562
1.0,0.5093561687281953,0.6249589658858989,0.3571345923940794,0.4857882238033634,0.6261120693933432,0.976019184652278,0.5707196213297836,0.8161105788631888,0.7804093036528299,0.6320004920234938,0.7905848674008985
1.0,0.5004757373929594,0.6219158044069903,0.3430285436027316,0.4850493279002571,0.5970507861207683,0.9871977240398292,0.6213297833000516,0.8129332774717672,0.7790900962639051,0.6822286083862201,0.7314222098524905
1.0,0.492546780843641,0.6185608968324954,0.3279247454219161,0.4846823303218542,0.5164112977131792,0.9965857359635808,0.6085644552917681,0.8094334309754299,0.7703770670617154,0.6713719465247588,0.6533736233151753
1.0,0.4847764034253093,0.6174399000960265,0.3267446041455205,0.4845909198659546,0.4768823663519992,0.960095770151636,0.5488869166481769,0.8089868413648118,0.8059440346547709,0.6071071068235205,0.3633258618849397
1.0,0.4345068189026327,0.6181152258556124,0.3399588481605116,0.477954620809263,0.0,0.9624900239425379,0.4929738924635749,0.8108468727976899,0.8513247668957573,0.52829349904442,0.3682712491550128
1.0,0.41579448144624187,0.6199910517935554,0.36168180391059546,0.4754506841791191,0.4780407837159433,0.9792498004788508,0.5655129058501587,0.8130328089626107,0.9062476357432052,0.569397939384487,0.5095883587718352
1.0,0.40834126228988266,0.6214093907154092,0.3810293156310565,0.4784232265146495,0.4876911005164304,0.9672785315243414,0.6181051697359664,0.8117741825237106,0.9504725168740636,0.5930165694712118,0.6802220087522673
1.0,0.36203615604186506,0.6226159104075375,0.3989007361708633,0.476734036949604,0.5382918637905049,0.9521149241819632,0.6554322905110566,0.8088814027625209,0.9609695721602602,0.5826900991314816,0.7125630571487787
1.0,0.3457025055502697,0.6245441293143181,0.4198146031240115,0.4747707982510658,0.4911767677560498,0.9596967278531524,0.7017528289327717,0.8051359488162293,0.9653627082654632,0.5819447703814165,0.7861860908224834
1.0,0.3022518236600066,0.6240875848849861,0.4257002212127642,0.4739756812326407,0.5207713001813927,0.8994413407821231,0.7108128097034248,0.7992627639742649,0.9304957851268424,0.5901282507606921,0.7383639509020521
1.0,0.33777354900095163,0.6230126748191711,0.4282844878592493,0.4739767552108439,0.5137850828783566,0.9373503591380684,0.7999186450706313,0.7954739546740901,0.9389621822957824,0.6028244236154822,0.7998795798675384
1.0,0.3374563907389787,0.6220942477308986,0.4290764892787421,0.4739542002340821,0.0,0.9349561053471664,0.7876636343465724,0.7921003899311554,0.9563260911480138,0.5733965259571362,0.8835617845913568
1.0,0.3158896289248337,0.6213216900999683,0.4308493754219713,0.4714334023384796,0.5344357538631594,0.9477254588986432,0.7625101693661709,0.7877437891863956,0.9969462185040529,0.5272149503642243,0.9148599494461678
1.0,0.32318426895020624,0.6211323457652411,0.4319198055730098,0.4723009494451021,0.5305515142271098,0.9241819632881084,0.81213667628134,0.7799557882082382,1.0,0.5581244195644273,1.0
1.0,0.29527434189660645,0.6202736621008216,0.4310812314880852,0.4731130856046768,0.0,0.8910614525139663,0.8544782190666376,0.7714321997123585,0.981718252016592,0.583751933567645,0.8772865527138758
0.0,0.3106565176022838,0.6198947199221152,0.4337091045637834,0.4745964810135336,0.5224272587676091,0.9694997966653108,0.8740551734339176,0.7670314138677989,0.9575960168657374,0.613947009105651,0.9504410212370052
1.0,0.2995559784332384,0.6185681018288756,0.4304196778804104,0.4735973316897008,0.5068112573461377,0.936521022258862,0.7888617705790995,0.7616542934730803,0.9250367284863056,0.5573360206626112,0.9559843400447432
1.0,0.30177608626704744,0.6163001249616427,0.4189704966698395,0.4738619918316336,0.5105558915427184,0.9278647980214344,0.8516012129280381,0.756325821948107,0.9077656822167957,0.5330125410979605,0.95909768829232
1.0,0.303361877576911,0.6139973166363621,0.4059975451454123,0.4741900432035614,0.5166018949271562,0.8849958779884581,0.8640115376081652,0.7486278126108361,0.8637121442328562,0.5393669653842977,0.9592917362975756
1.0,0.31192515065017445,0.6109341448190808,0.3915619254811264,0.4713606901552567,0.518812250778181,0.8870568837592743,0.8499223430219658,0.7412936716016005,0.8288301003609693,0.5829639819407041,0.9445706667668092
1.0,0.3537900412305743,0.6092399023978781,0.3863708858544228,0.4720778821861058,0.5702768723215709,0.925391591096455,0.8843354781451074,0.7349592284097948,0.7969430607377048,0.5448887782496776,0.9847683274228232
1.0,0.2932128131937838,0.6073141506283135,0.381468038002957,0.4695694491035445,0.5618455912500818,0.8132728771640558,0.7832260927446199,0.7272739503101866,0.7740954592870397,0.5310378322515632,0.8373561792821846
1.0,0.31240088804313376,0.6065033955746704,0.38061418088714494,0.467884384093129,0.5637129211892478,0.8359439406430337,0.7847348568892836,0.7223695172356823,0.7802109998505571,0.5318526072391608,0.8328340552195239
1.0,0.3028861401839519,0.6051561928281175,0.3789850448887429,0.46700595159329494,0.5737190776156573,0.7959604286892003,0.7957547518674658,0.7150142981080749,0.7745053560174604,0.5375803261028925,0.8116926482092777
1.0,0.3177925784966699,0.6043484705370921,0.3830439049122056,0.4685246093514099,0.5697240669471413,0.8491343775762568,0.9046372309740408,0.7071164467757621,0.7370156060807775,0.5643058236249588,0.9585948978228932
1.0,0.3003488740881699,0.603122514753456,0.38446526423306826,0.4705234693117998,0.5682730013734194,0.8066776586974439,0.8748613268249394,0.6949194804357028,0.6741932421714039,0.5530704776593676,0.9824309721652952
1.0,0.29527434189660645,0.6011340802998195,0.3807398330629662,0.4701422666751532,0.5668889904953207,0.7592745259686725,0.8979809185711116,0.6823138580319159,0.5671689739667771,0.5646605876845664,0.993641640571298
1.0,0.267840152235966,0.5986873864773554,0.373226035710058,0.4674256676851546,0.5349584565142108,0.6450948062654577,0.9845203757118558,0.6725138654778648,0.5167147170918793,0.6036185309034658,0.9712132279699844
1.0,0.25816682524579765,0.5963795472053093,0.36974880323833215,0.4664988619496128,0.5225463739242362,0.5857378400659518,0.8161896309444565,0.6630622474172148,0.4696198548321775,0.5124633293131329,0.962203860305984
1.0,0.25991119568664783,0.5943584518957843,0.36739982926994585,0.4668168170558602,0.5188307038947022,0.547815333882935,0.8031876340507358,0.6574659664555011,0.4727883923082806,0.5082963553221135,0.9848906208484638
1.0,0.2392959086584208,0.593182735787736,0.3676802002918539,0.4646254698128672,0.521409722755902,0.4616652926628194,0.7343317801937725,0.6495661192653437,0.4553438322773919,0.4808275601150728,0.8
1.0,0.2535680304471933,0.5928828321424681,0.3559024736795182,0.4662322606324008,0.5457823258033542,0.515663643858203,0.7708083721618224,0.6448676195969316,0.4396736675124479,0.5089784232221323,0.8900516913031652
1.0,0.28274659054868395,0.5927205214768094,0.3414275480971871,0.4695820694893571,0.5351887057725722,0.5939818631492165,0.8330227054211969,0.6352369636452586,0.4073283242858366,0.4950439065982821,0.9793597533327294
1.0,0.2546780843640979,0.5924004450852216,0.3247780899238807,0.4665329360364256,0.5314530423028444,0.5061830173124484,0.9046963981954,0.6242545259812617,0.3546704965599685,0.5306200806673516,0.983891658114646
1.0,0.2243894703457028,0.5926616245918574,0.32491709020907694,0.4667435235777687,0.5307498653597361,0.4468260511129432,0.7578729383921305,0.6167622577097298,0.3296019351605704,0.4971696802356238,0.7811755509231684
1.0,0.21091024421186189,0.5936821110286097,0.3342972290908185,0.4688272089720914,0.5342389383076165,0.43899422918384173,0.6994674950077657,0.6170666911629206,0.3425946631016312,0.4532293035576046,0.786982578916021
1.0,0.22803679035838895,0.5952264347891432,0.3466748933832984,0.4707895271610482,0.5176972925106975,0.5090684253915908,0.7362473189852822,0.6178857213472506,0.3424877869187598,0.4754140561893678,0.9670562835020842
1.0,0.17063114494132578,0.5959175238886323,0.35507873298387793,0.4677329471774817,0.5138110333830018,0.4122011541632316,0.5894904223060425,0.6132602937095553,0.2987735330689682,0.4468572987343766,0.9601777699551176
1.0,0.17475420234697128,0.5964432832345541,0.3604808950494067,0.4682261207289932,0.5204640119532742,0.4043693322341302,0.5890318763405075,0.6121686292351649,0.2928050813576341,0.4469243428916176,0.9050779510022272
1.0,0.16809387884554405,0.5962699467677217,0.3606014348541368,0.4674414007667558,0.5223254496089313,0.384583676834295,0.5354929369129501,0.6111303390701976,0.3036599262867288,0.4185667279781891,0.9300445434298444
1.0,0.1493815413891532,0.5965915215764965,0.3667796441364275,0.4689145131793693,0.527308125821559,0.3408903544929923,0.4436358257525331,0.6103766447847874,0.3287090374246249,0.4258950706479193,0.8232770883942837
1.0,0.1498572787821123,0.5966458583718366,0.3728730211216207,0.4689758623210406,0.5287843738941201,0.35325638911788915,0.4760150876414465,0.6090479232256021,0.3047205125114624,0.4406289133486939,0.8384339136544614
1.0,0.16222645099904856,0.5978276768963557,0.3890411676470232,0.4667410012176573,0.5346940023151311,0.3577906018136847,0.5112417720582796,0.6039779595566563,0.24493082083815004,0.457308940901581,0.7979168621563288
1.0,0.11718997779892165,0.5994119215423899,0.4057679806062684,0.4650823541628861,0.5271065074170608,0.3223413025556468,0.5054359884623918,0.5975368616077403,0.16353532178382027,0.4545951107433999,0.749160176409871
1.0,0.08848715509039007,0.6014164087669278,0.4261935731528452,0.4653711642619389,0.5024383167434742,0.2868920032976089,0.4855927815989942,0.5944928160487617,0.1391766879082536,0.44483597019264093,0.6173594820305899
1.0,0.08594988899460855,0.6012558893052797,0.4295773086243532,0.4650390146059753,0.5028236150244729,0.2728771640560595,0.3702906589749277,0.5936033513222354,0.1428485156942838,0.4445954196707744,0.5833911982734351
1.0,0.08309546463685392,0.5997300195267254,0.4223771733791888,0.4644960177152603,0.4816313271082153,0.19620774938169844,0.3334368759707121,0.5971903389877982,0.1855177773398051,0.4247663594191852,0.4812799099183637
1.0,0.059625753250872264,0.5987212170074809,0.4146416694002525,0.461199535389084,0.510471466490146,0.08120362737015657,0.09010428222764556,0.5991816563492591,0.18823969347952152,0.3530415974934084,0.14768271219933976
1.0,0.100222010783381,0.6006362447265261,0.4322885012007599,0.4663468055786791,0.5062380051871354,0.20239076669414655,0.2834109903113675,0.6071203277230974,0.2265357764330248,0.3919198943865884,0.401064709380757
1.0,0.062004440215667776,0.6031118077511701,0.455059201975669,0.4618842348415415,0.4998463029937642,0.21022258862324786,0.3134235633459063,0.6067192613698198,0.2293892681090463,0.4086907176547804,0.3682530933143797
1.0,0.05153821757056792,0.6031355807820293,0.4603459176751217,0.464253692579136,0.4639759049774743,0.1854905193734542,0.267176983950891,0.6065614444501006,0.24945968211772346,0.4359746232685392,0.3365729122847736
1.0,0.10244211861719008,0.6034925047655098,0.4605123824002552,0.4705085895232049,0.6013760704788446,0.1690024732069247,0.3460468900229274,0.6086492484621975,0.2633254843543303,0.4306056966362977,0.3370515963387923
0.0,0.047256581033936214,0.603455003650307,0.4542037131621178,0.4677403017314267,1.0,0.15045342126957975,0.31884476000295825,0.6086633298410613,0.2319569387681427,0.4650454058630686,0.2864561423867476
1.0,0.0,0.6063177445711785,0.4713193981120034,0.4611883690371541,0.5658374257320968,0.004122011541632081,0.23359218992678046,0.6121933629080699,0.23141064220387844,0.4021409561916625,0.002117313785903468
1.0,0.010149064383127182,0.6071611503630592,0.4756498895415392,0.4626749218970064,0.5230825322577618,0.028792436613665724,0.28338140670068784,0.6220990870305123,0.230466103257186,0.4243841225639508,0.02091396975117926
0.0,0.06898192197906768,0.60824436080686,0.4852735892600564,0.4662742038052962,0.5217774045974249,0.15341641598624864,0.3807410694475261,0.6319376923965894,0.25702330183140554,0.4294914113646137,0.08375625572707363
0.0,0.07500792895654959,0.6081599106077933,0.4842049009771978,0.4670384110115824,0.5442346049287018,0.17146540610227792,0.3949633902817839,0.6416987176336735,0.2747716734936171,0.4372514644957389,0.046088991084755136
0.0,0.10704091341579447,0.6082055733995377,0.4805493618276378,0.4672963966587589,0.5408719543081529,0.23764503652771804,0.3688558538569631,0.6517141989117088,0.327495680114992,0.4269861141844147,0.12978102189780946
0.0,0.115128449096099,0.6084887881786885,0.481193972746835,0.4682811415459615,0.5366156215916384,0.2363558229480016,0.3349530360180457,0.6566438094747775,0.3370472867308489,0.4560946712659299,0.0581995133819942
0.0,0.1363780526482716,0.6081949263936055,0.4779765257848552,0.4709237617518038,0.5145425222761768,0.3231628706489045,0.4831373419125807,0.6608862865866267,0.3300213485399396,0.4905655001739478,0.25577517288734153
0.0,0.18474468759911225,0.6081230279873377,0.4779998818878641,0.4731227300594361,0.5336666358191491,0.3936398796733995,0.539997041638932,0.6613114919002092,0.32017349182169696,0.5226190050732307,0.4588013144342538
0.0,0.1901363780526484,0.6074821278296936,0.4741192651582293,0.4737798856556992,0.5192849684256554,0.4138375590889559,0.569255232601139,0.6630380124654864,0.3425288043185037,0.4888779390122708,0.4823924665260678
0.0,0.17824294322867126,0.6073350401767712,0.4733268815765422,0.4760722284217663,0.5075006070059328,0.3841856467554789,0.4277864063308928,0.6654700038201964,0.3883621069149139,0.4624812165557535,0.3547746333807445
0.0,0.1910878528385666,0.6069437151723921,0.4730332398276633,0.4739264524700396,0.5127382705103092,0.3957885689729267,0.3530064344353228,0.67110889989593,0.43159646236747257,0.4772682396788946,0.3103143852077098
0.0,0.17300983190612107,0.6065865714422323,0.4735832394955662,0.4717292349837017,0.5297619330550313,0.33046841426729673,0.3130315805044004,0.6746222955638121,0.436514948647556,0.504931092296189,0.20388444749619852
0.0,0.22375515382175729,0.6066157248954467,0.475554869401221,0.4779521961243075,0.5272084778679494,0.4752900730554361,0.4712817099326974,0.6779826890573066,0.4167120884964091,0.5348319248785527,0.5418117612438078
1.0,0.19869965112591206,0.6067325528339456,0.4800147280027527,0.4749270152771779,0.5378000869645846,0.4005156854318867,0.5070408993417647,0.6764591599476497,0.3672679921608518,0.553765614095265,0.5305802148217177
0.0,0.24849349825562975,0.6067330132240656,0.4780188920279549,0.4810506252403409,0.5371773796801388,0.5487752470992696,0.6209082168478667,0.6767320548084619,0.3474003537593604,0.6163593494635969,0.9431065770758748
0.0,0.2380272756105297,0.6065038202700417,0.4820982322850802,0.4798388014945392,0.5147535542472437,0.5075204125483453,0.5309740403816287,0.6699100889604503,0.2785585727787563,0.6161541998903295,0.8336486523539258
0.0,0.19917538851887093,0.6056601542355151,0.4787200290601234,0.4787611194343895,0.5009913695480218,0.40352385045122463,0.5677316766511352,0.6641091528804881,0.21580529297304074,0.636159786685982,0.6603602862548338
1.0,0.22708531557247075,0.6054966873810284,0.4838041160776427,0.4786394763478464,0.5326032177825468,0.4434894714224325,0.6595222246875232,0.6578827351003679,0.14419606073331115,0.6363497960098807,0.7719283814537592
1.0,0.16539803361877586,0.6050476636952621,0.4855276032156043,0.4743504871868327,0.5350026510103666,0.2935109583154274,0.6368685748095555,0.6521540232102141,0.0967627269950655,0.6272346175281759,0.4805077311108677
1.0,0.1907706945765937,0.6060512015866961,0.4974391639594186,0.473997106350766,0.5237416859396152,0.3510958315427589,0.5993861400783964,0.6524884324603881,0.0877539611519384,0.6034555589794611,0.5586429193233423
1.0,0.13304789089755809,0.6064334202934374,0.503260160633048,0.469953912982613,0.5316398362346297,0.2346368715083801,0.4684342874047779,0.6522092833787636,0.07750306870218943,0.5826656712083741,0.3793614568383416
1.0,0.15604186489058045,0.606573830720686,0.504202759577534,0.4693422781270895,0.5068555944136379,0.2806188225182638,0.5679535537312329,0.6577297671660916,0.10495978766129266,0.584011860980483,0.4123473637155032
1.0,0.15017443704408515,0.6054568693550513,0.4943756457964518,0.4685275953287002,0.5492032347762725,0.21658788139235086,0.3734708971229935,0.6607320120240441,0.10412336289834184,0.5464276266869319,0.29576735759828743
1.0,0.17332699016809394,0.6044112900091065,0.4874980458598154,0.4679807653299198,0.5293389506049069,0.2397937258272452,0.3964055913024183,0.6683663353416059,0.1347987441294703,0.5050873379371815,0.3611509775780535
0.0,0.2513479226133842,0.6040206081592581,0.4857438327453373,0.47474410108979603,0.5288701109335654,0.4301675977653632,0.5242807484653502,0.6725011287138489,0.1362694312692771,0.5129859314336837,0.7154083241182984
0.0,0.2732318426895023,0.6031616877437391,0.4849761213475076,0.4777051706034646,0.5237367409710793,0.4911903738719382,0.515723689076252,0.6729056280213173,0.1385946334173953,0.5087659398299347,0.7540408912312082
0.0,0.25673961306692056,0.602338022224338,0.48263052102503,0.4757208142542763,0.5261744354567474,0.4061022776106574,0.3602026477331555,0.6731176964178556,0.13928591175342284,0.4820840402208539,0.4793308707620642
0.0,0.2649857278782113,0.6020124089331265,0.4838610677088748,0.4731310269824963,0.5389784869223441,0.4198538891276325,0.3624731898528216,0.6755633605875444,0.1490153282671242,0.4831373803774273,0.4774311090867688
0.0,0.25388518870916593,0.6024511413858675,0.4936065251127837,0.4752631418878462,0.5725501633200129,0.4129780833691445,0.4305672657347829,0.6772902507835981,0.13476436148106047,0.5188992294050627,0.409246185379185
0.0,0.3055819854107201,0.603372363241375,0.5068627228458527,0.4821824858591358,0.5764225030931189,0.5681134507950147,0.5023223134383551,0.6784221070993364,0.11108832905872773,0.5519389104124685,0.7263493509451144
0.0,0.3127180463051065,0.6036758702145684,0.5167100551142619,0.4830203923350318,0.5481971646752876,0.6106574989256555,0.6270468160639004,0.6774364337762253,0.09137381834122517,0.5630699853285388,0.9153268048280568
0.0,0.29289565493181113,0.6025012828419809,0.5129985758821122,0.4842243358206413,0.5283966810605808,0.5625268586162441,0.6114488573330377,0.6747298351534898,0.07386872241973974,0.5543604067316535,0.9395809610567064
0.0,0.2759276879162703,0.6009935257012644,0.5103014612857626,0.482361882881207,0.5227248958280226,0.4357541899441339,0.4367206567561568,0.6729348043928223,0.06503604856889439,0.5234290990187134,0.7661125028467315
0.0,0.274500475737393,0.5996968029681129,0.5049956914433167,0.4822078758268885,0.523710802847116,0.4241512677266867,0.3859034095111308,0.6745607266558578,0.06895431501044152,0.5498057387515051,0.6126564222265446
1.0,0.2670472565810342,0.5994474363153965,0.5034142248904444,0.4849464768080433,0.5219548009359363,0.4052428018908467,0.3576288736040233,0.6764620391574674,0.06804198004250689,0.5388785840046598,0.5945325292543635
1.0,0.2798921661909293,0.5991007848302095,0.5014153032801969,0.4830507867247653,0.5197782803886987,0.4301675977653632,0.3421492493158791,0.6792108628774765,0.0695620352553436,0.5336975679219442,0.5822934928328343
1.0,0.2767205835712023,0.5985618031784916,0.4935214298593199,0.4827097198912045,0.5533179704804548,0.4039535883111303,0.1942755713334809,0.6795819826548826,0.04404451510131169,0.5153297546706406,0.35770954409412725
1.0,0.2522993973993024,0.5978375356656533,0.4880699293262212,0.4794237501364436,0.5534749418791086,0.33003867640739165,0.14586938835884894,0.6836360316441865,0.030404343469022318,0.4796945850023571,0.2106329188781623
1.0,0.24770060260069804,0.5974849640470312,0.4818284958328596,0.4788825756917096,0.5524535415425612,0.2909325311559952,0.07951334960431877,0.6896142810268633,0.02769496526390114,0.4851058356052829,0.09836669170385423
1.0,0.2588011417697432,0.5969269757360194,0.4801029172966894,0.4767897506378456,0.5198695384827383,0.317146540610228,0.1177723541158201,0.6990530845236662,0.04412824712316349,0.5000298656309519,0.10256126482213493
1.0,0.3028861401839519,0.5962889640993754,0.4811121233390399,0.4795231107939529,0.524682361698552,0.4086807047700903,0.20804674210487376,0.7070320535490724,0.058842388134596864,0.4865803075399328,0.2091458972230224
1.0,0.28338090707262953,0.595450860396842,0.4803995506325383,0.4769967406972725,0.5494524651015134,0.3403627161535219,0.1326529102877001,0.7123609279533556,0.06260305017628638,0.4070222563412821,0.004913505362498248
0.0,0.3575959403742469,0.5947771914367954,0.4804945768031991,0.4841280895798666,0.5275240960951749,0.5459793814432987,0.2762443606242145,0.7233778029388434,0.10807448034652156,0.4778783118057048,0.2316228601960505
0.0,0.31192515065017445,0.5942014261129434,0.4797744554318794,0.4780366109197577,0.5259600812787081,0.3991752577319584,0.2562162561940682,0.7278127812147093,0.13237383638474026,0.5229170226109794,0.19765116378026487
0.0,0.2960672375515382,0.5945912493723859,0.4854274123656205,0.4794103646467394,0.5262631616485379,0.3729508196721309,0.24794024110642696,0.7328316256930241,0.15962395044063155,0.5120366383760219,0.1501425471256546
1.0,0.2886140183951792,0.5952953203043276,0.4936644634846515,0.4780168557230649,0.5227133364060969,0.392213114754098,0.2575918940906732,0.7378498851603803,0.17951635966517626,0.5179455333924333,0.20969320454448734
0.0,0.30922930542340626,0.5961947209629761,0.5047314665863943,0.4774480290529142,0.529549955342687,0.43319672131147496,0.3676059463057468,0.7427148199074136,0.1972747064545175,0.5455509299659576,0.4086634611293145
1.0,0.29384712971772914,0.5966849567448052,0.511574013979224,0.4787306905515333,0.5693992258441111,0.4196721311475407,0.3688188743436137,0.7436480395288441,0.19272739031889652,0.546367061078349,0.41470575720182135
1.0,0.2492863939105613,0.5969574636452004,0.516937915063354,0.4758547555704055,0.5616952736377757,0.3229508196721309,0.3031210709267064,0.7465785661720616,0.2036353209091082,0.4638705909103169,0.15512105867835474
0.0,0.2803679035838884,0.5966905048765725,0.5171670206286266,0.4769823853042147,0.5631213496624256,0.3737704918032788,0.2888469787737593,0.7539551969366722,0.23071288730011086,0.4565867321631771,0.24494702353091385
1.0,0.2527751347922615,0.5962643133227856,0.5184564089722504,0.4730062967725944,0.5433543371389353,0.27663934426229503,0.23263072257969056,0.7604614165653432,0.24653115843257886,0.35858006335178344,0.06269945959746448
1.0,0.2630827783063752,0.5958309520895293,0.5278386523957245,0.474569314987005,0.5590607764646055,0.3200819672131148,0.2973300791361587,0.7702871192963292,0.2781124714429196,0.3915987541857184,0.0010019060651968491
0.0,0.34475103076435154,0.5959795991353198,0.5418000308821471,0.4836882236587811,0.5615973903323748,0.4912849614916899,0.3935581687744992,0.7800570717879289,0.3065640262064282,0.4661115786159439,0.08976798653297308
0.0,0.3442752933713926,0.5954669262799288,0.551728884869141,0.483438016330471,0.5922417930448441,0.5091203891366032,0.3980400857924709,0.7857062505732109,0.3199551031093827,0.4704673719159299,0.14751518700139055
0.0,0.3740881699968287,0.59556552396911,0.5565297049823993,0.4881110872492063,0.5962449392576803,0.587712206952304,0.4495969233044893,0.7911544321218527,0.3256333264497091,0.4763968707627438,0.16492364645996996
0.0,0.3977164605137963,0.5953318148382558,0.5591069999185947,0.4880763365270834,0.599319073855075,0.6455133387227161,0.4836032837807851,0.7959143894084619,0.3329209648503891,0.5152819365741238,0.3238399634724033
0.0,0.4365683476054551,0.5950600167264273,0.5632808988314201,0.4940019701442833,0.6011100738521936,0.7546483427647533,0.504171289105836,0.8000429777897291,0.3529764154282741,0.5415338597789385,0.8206152616859803
0.0,0.4275293371392326,0.5945554146020313,0.566599478473645,0.49637323409630796,0.6035242302552435,0.7400970088924816,0.4484579542933215,0.8016037042470456,0.3731569676592758,0.5229035089995381,0.639603457041182
0.0,0.4416428797970188,0.5941775277343702,0.5726825457072896,0.4985884815485725,0.6042578854279909,0.776475343573161,0.4399822498335921,0.8029643286162005,0.39032412377132375,0.5142162597276443,0.6527116587323821
0.0,0.4470345702505552,0.5935782411817605,0.5769997180566706,0.4992098284621307,0.6051362069331324,0.8063864187550522,0.4471858590340949,0.8036361725132659,0.40826230418491705,0.4732167932418301,0.5805652981225484
0.0,0.4475103076435143,0.5923881339539745,0.5786266791281279,0.4992789718074253,0.6048638315127738,0.8080032336297495,0.40378670216699897,0.8035642111333974,0.4150055442827158,0.4733887483111862,0.4633578906552918
0.0,0.4502061528702825,0.5904434444655728,0.5751864913395395,0.5000178515736975,0.6074411201916814,0.7817299919159255,0.40137563789660535,0.8043944744765399,0.4286945768442677,0.4688739686703083,0.3711059619699159
0.0,0.4762131303520459,0.5885343759690753,0.5728619310127842,0.5003922456336555,0.6104816853852285,0.8156831042845593,0.4241624140226312,0.8046693482899205,0.4180565040748844,0.4450857736165639,0.441943433005994
0.0,0.485569299080241,0.5868440279347913,0.5686349516555423,0.4981046045487407,0.5999361562862316,0.8433070866141731,0.4717920272169219,0.8035573844149557,0.3914242158695857,0.4550797347940324,0.5296995108315873
0.0,0.4871550903901049,0.585619815105973,0.5679706953370756,0.4984646246313876,0.5605091400946436,0.8354330708661415,0.5101397825604612,0.8015502136140908,0.35690453632757124,0.5004929661995705,0.4887270587369891
0.0,0.4950840469394229,0.5843977359731063,0.5657173477285137,0.4996772767439295,0.6008599692698734,0.8574803149606298,0.5242437689520008,0.7999671354831479,0.34123017973106234,0.4659582807898837,0.5436757512229227
0.0,0.4820805581985411,0.5834894350615367,0.568586370873836,0.4980317445179543,0.56274124469598,0.8250294233032559,0.4966940315065456,0.7981636951817346,0.330255273536477,0.4344580585958861,0.34054213100886405
0.0,0.4876308277830637,0.5820695458898724,0.5656941143842379,0.4987082069350392,0.5562989157583201,0.8509219301686932,0.5265069151689962,0.7982626744678525,0.327896653067966,0.4180285306195371,0.3449556806061269
0.0,0.5091975895972091,0.5801387293860532,0.5584969694857974,0.4983994076657988,0.4596043559547749,0.8694629557036451,0.5035500332815626,0.7985693172610533,0.31629749371515625,0.3927648396001675,0.22292103424179086
0.0,0.5627973358705995,0.5776620934525256,0.5459954416894252,0.5030952995748077,0.4603717980996185,0.9740853658536582,0.5465572073071521,0.8005561291185004,0.31354306434426144,0.446397826739767,0.44918901026150265
0.0,0.5715191880748494,0.5768913967363483,0.547579179118243,0.5007160150174057,0.5519424696193965,0.99277291745911,0.5513497522372605,0.8013824621988709,0.311485648706106,0.4521452329209159,0.4136967155835093
0.0,0.523152553124009,0.5760136012109929,0.5485932314748116,0.4955807443030818,0.6288122771024665,0.9655172413793104,0.4711411877819681,0.8023875939312384,0.3167689551781479,0.4000426217168635,0.2086873367906128
0.0,0.5423406279733587,0.5749267060695304,0.5500313529570043,0.4948176340997572,0.0,0.9787798408488064,0.496339028178389,0.8062041575408878,0.34146150897400834,0.3817656217217463,0.2592503700147988
0.0,0.5597843323818588,0.5717118000599364,0.5372996983366021,0.4937879307641487,0.5317082080477632,0.9844638120500192,0.4954958952740184,0.8093195115488994,0.3603922022179286,0.3807719150344308,0.2981319252770103
1.0,0.5672375515382178,0.5686062673637695,0.5266745631291171,0.4953237259709822,0.5542487046624757,0.9673003802281368,0.4377856667406255,0.8130807897864307,0.3942148647326886,0.3623563449228701,0.22924916996679684
1.0,0.5727878211227403,0.5668631460510747,0.5221109686420699,0.4963888821345516,0.5559945614340606,0.9585777126099708,0.41831225501072383,0.8177727833121868,0.42672614179965707,0.3449493497982661,0.29329173166926586
1.0,0.5361560418648907,0.5657353886028291,0.52008924214254,0.4941372026846518,0.5577344288876772,0.9180087847730602,0.4642556023962722,0.8212837960370023,0.4561993221669629,0.34380527140619177,0.5302212088483514
1.0,0.5548683793212814,0.565315417901084,0.5226259992790219,0.4932500432452464,0.5453407079108219,0.9601024890190336,0.5141705495155686,0.8218279672484661,0.4571392692755509,0.3548517896149413,0.7596703868154726
1.0,0.554709800190295,0.5636892082947049,0.5201483389238154,0.4929618433996408,0.5282369627002841,0.9718155197657397,0.5518674654241554,0.8201451564266597,0.4623768642326964,0.3520952432004719,0.8616744669786793
1.0,0.5615287028227087,0.5617264203841303,0.5176292973885122,0.4941133989851479,0.5914513084781777,0.9677891654465596,0.5553657273870277,0.8168237758929053,0.4665618538087319,0.35628067207359576,0.8261130445217798
0.0,0.5718363463368223,0.5595144331318818,0.5153888181253728,0.4919439511189159,0.5462112155165479,0.9729136163982433,0.6124916796094964,0.8140710806318958,0.4642222065052735,0.3756436044857636,0.9760390415616632
0.0,0.5678718680621629,0.5580568218597448,0.5175321974325534,0.4915120529874032,0.5916677560525184,0.9616508400292186,0.5955106870793581,0.809379662911063,0.4504210013129185,0.4131256760448577,0.9684469103384024
0.0,0.5605772280367904,0.5568105862207626,0.5200309585290301,0.4897880355157143,0.6570841379027889,0.9715120525931336,0.6033799275201539,0.8066195166905656,0.4434641390284444,0.4221869298314393,0.9542457805907181
1.0,0.5637488106565177,0.5554858539830152,0.5195423309557561,0.4886813147416039,0.7070362853396669,0.9895833333333331,0.5223060424524816,0.8045225682166066,0.4551991194161914,0.3647479549838247,0.8311132031066125
1.0,0.5431335236282905,0.5536509270798566,0.5141694442011892,0.4862844252903695,0.7603178101480641,0.9592070148684708,0.4361733599585832,0.8041030566540182,0.4591830713819946,0.30778252103981546,0.4880333433592581
1.0,0.4487789406914052,0.5522778493223415,0.5150108416206725,0.4738890527248111,0.5608023614638982,0.9932537623248576,0.4394645366466978,0.8040980660342558,0.4586174529046753,0.3123352268650258,0.4702874575688567
1.0,0.4316523945448781,0.5514149633244663,0.5216598290019782,0.4749752209734994,0.4666548949330912,0.9543331603528804,0.4662007247984615,0.8037635221801421,0.43160647482990655,0.3480996855989113,0.3930305504232352
1.0,0.43038376149698704,0.5506331636370663,0.5330807660013451,0.4749427359868912,0.495351106158829,0.9351323300467048,0.4189187190296578,0.8039510722011819,0.4146562299506157,0.3353653340461253,0.22498173849525105
1.0,0.4280050745321917,0.54940843187678,0.5341148070147602,0.4746440143470294,0.5075343151866327,0.9242345614945512,0.4190962206937351,0.8069160170824401,0.4051446529362667,0.33556114245260377,0.2157865337515552
1.0,0.4360926102124961,0.5483227541614195,0.5249281556686423,0.4722301487688133,0.5127633890141692,0.9283860923715622,0.4089712299386137,0.8102691111975981,0.41522808501241787,0.32656491296045315,0.2194675613263032
1.0,0.4251506501744373,0.547620386205439,0.5183037867637741,0.470756874117696,0.4891757793913376,0.8879086663207059,0.3752089342504252,0.8136144273625279,0.42374598181657774,0.333613270703019,0.14918739924186594
1.0,0.4246749127814782,0.5467925849716357,0.5137797163932035,0.4703313726043286,0.5076242742044492,0.9171413775245991,0.4274831743214261,0.817113532788903,0.4345018228395969,0.34460601678721986,0.1728459530026113
1.0,0.4313352362829054,0.5459541194410304,0.5168104236808405,0.4716270758659991,0.0,0.9000517866390474,0.45362769025959604,0.8186720705724595,0.4309775681242387,0.3817924520252608,0.14905715114592213
0.0,0.4421186171899779,0.5445386476612877,0.5154481188343164,0.4696514272939216,0.5706403302396553,0.9353360488798372,0.4542933214998886,0.8208956648699497,0.44176834746842697,0.3826158143710866,0.21206846533216936
0.0,0.4462416745956234,0.5432795160445489,0.5149009572727901,0.4704095951745185,0.5149162333906175,0.9302325581395352,0.4907773093706089,0.8221380357599499,0.4454895353253029,0.4239514924529144,0.5648970118944008
0.0,0.44370440849984144,0.5422004132281348,0.5156265043324054,0.4702597130518592,0.5076304367670682,0.9046199701937406,0.5928629539235264,0.8221063027998896,0.4525274632324541,0.501419316236916,0.8105599071656528
1.0,0.4357754519505236,0.5403907395336958,0.5101896714284215,0.4726472364622015,0.5542339229922856,0.8931942374565329,0.5521780933362915,0.8196633995315259,0.4408607903388944,0.4974744025887039,0.7937917029300837
1.0,0.4563907389787504,0.5388135146790951,0.5065818227434631,0.4763917974890927,0.5344627172160086,0.8844174075807206,0.5553731232896971,0.8184487143059436,0.4411588836107944,0.500836346638715,0.7350159559036831
1.0,0.4381541389153189,0.5368570269312205,0.4990000297139784,0.4738735997478201,0.5210237448679989,0.8318014705882354,0.5597662894756306,0.8157602221952359,0.4155923287077376,0.5055602558838033,0.5872352770525062
1.0,0.436092610212496,0.5356359771408534,0.4920422677424601,0.4737704838722284,0.5251298331273815,0.8097426470588234,0.5875231121958433,0.8127894174190728,0.3857551160769634,0.5323974412425987,0.561895901173308
1.0,0.4314938154138917,0.5346096240537266,0.4846179503908135,0.4734484098749265,0.5187341092080253,0.7759538598047915,0.6130167886990607,0.8113247407327995,0.3706127415240131,0.5555725382932883,0.4763446738719057
1.0,0.42308912147161465,0.5334961916952321,0.4805298517154794,0.4757851580102321,0.5191569443849289,0.7650918635170608,0.5809185711116045,0.8111684917471462,0.3739038591770113,0.5177891666441906,0.5568948525509826
1.0,0.4313352362829052,0.5333010279149644,0.4858751244036633,0.4773004205503649,0.4675950584153641,0.7607174103237095,0.5913541897788626,0.8119659644722035,0.3959203718070109,0.5267296669046139,0.5385508592661399
0.0,0.4700285442435776,0.5329988597099766,0.4937781638814552,0.4833440954293842,0.44565942099160827,0.9028871391076116,0.6555062495377559,0.8121026546529873,0.4027333584612624,0.5468294496018218,0.7677327317364468
0.0,0.478433238185855,0.5335563117501938,0.504161725405566,0.4847690381882831,0.4448599650162982,0.9278215223097118,0.7221359366910732,0.8116835291506219,0.41638731045686944,0.5728746847658671,0.9625354717342092
0.0,0.4581351094196003,0.5331703651660804,0.5091266841987897,0.48038033209547604,0.4929663690748505,0.9282589676290464,0.6527253901338657,0.8089322623812851,0.4019055866093637,0.5299784536422018,0.936342740390756
0.0,0.4489375198223914,0.5333094174779014,0.5170080257682369,0.4794372150520083,0.5457088357728435,0.8762029746281715,0.6289919384660894,0.8088763718255416,0.4154565951717813,0.5132372201411136,0.7635359468777942
0.0,0.4330796067237554,0.5326568678108672,0.5205262296409863,0.4800027795353957,0.4923580729698902,0.8705161854768158,0.5679905332445825,0.8095884817363264,0.4234362127203923,0.448882628717924,0.8468003207698469
1.0,0.4332381858547416,0.5325448828046533,0.5275322288874909,0.4801075345912097,0.49970311864362604,0.8639545056867892,0.5422453960505883,0.8107845673349738,0.44730108117252615,0.4774384735701002,0.8391659983961526
1.0,0.4308594988899461,0.5319388621945376,0.53029595563723,0.4795575099470877,0.472586835133078,0.8674540682414699,0.5250942977590414,0.8101363831165305,0.4541613958460722,0.463470463451444,0.8938893344025663
1.0,0.432603869330796,0.5313971125392067,0.5342342447979048,0.4798172930920769,0.5488356843013328,0.8748906386701663,0.5570667850011096,0.8089480071570665,0.4625132203178896,0.4377837745400008,0.9885805934242198
0.0,0.4359340310815098,0.5307530838708572,0.5415172524573515,0.4766098925703095,0.5455089956628142,0.8823272090988626,0.5171067228755267,0.8059459770400849,0.44988185644472706,0.4573438754933868,0.9879829787234052
1.0,0.4245163336504917,0.5294722648903027,0.5439411976117411,0.478673076398821,0.5344296245348352,0.8552055993000874,0.4777531247688784,0.8038036435715796,0.4390440849504645,0.4764733441695743,0.8688286040952096
1.0,0.4379955597843324,0.5284241649341566,0.5521857734117787,0.4810557351455319,0.5246593259112191,0.8517060367454067,0.4771392648472751,0.8018158843896468,0.4265008182352218,0.4760745349662101,0.8746393827574644
1.0,0.4352997145575645,0.5275026472780562,0.5571893041163328,0.4804401091960893,0.5236914556660082,0.8547681539807528,0.5079358035648252,0.7992134084993321,0.41186847672958377,0.4503510058847551,0.8496207746808571
1.0,0.3939105613701237,0.5273468129108465,0.5701408574928486,0.4778975374149681,0.5245321084624713,0.7545931758530184,0.4316248798165821,0.7952650974352424,0.3949723100835635,0.4333092114604871,0.5509535253909306
1.0,0.3856644465588329,0.5267981612447126,0.5716392749831685,0.4801367625294871,0.5345897946498384,0.7458442694663167,0.486184453812588,0.7949393120990325,0.3808819569854848,0.4301600357592675,0.7136302631168266
1.0,0.38994608309546464,0.5267170860507548,0.5774731097864833,0.4811216720209401,0.5632190724179972,0.7239720034995625,0.4802159603579621,0.7925409415950115,0.3707135384536818,0.4245197978619861,0.6685289803052538
1.0,0.3685379004123058,0.5272122805302584,0.5822669709833874,0.4807577633619586,0.5703230634135924,0.7104111986001754,0.4528880999926039,0.7916518424649809,0.3755388206725044,0.4470186759256587,0.5704922126158729
1.0,0.3336504915953061,0.5281966741416739,0.594670090602366,0.4783329043341377,0.5643416332979792,0.6662292213473318,0.3742030914873162,0.79151985344924,0.3955684713017456,0.42055669003689616,0.4108430350510315
1.0,0.32017126546146546,0.5284923036850468,0.5974715224337309,0.4762860965661929,0.5696095032297553,0.6268591426071739,0.3357296057983876,0.7930255692102439,0.4188558947793716,0.36491144540097337,0.17915665282936571
1.0,0.3263558515699336,0.5281088461358368,0.6005845960214783,0.4736217695035931,0.5671673884108364,0.6325459317585306,0.3907107462465794,0.7959520234538578,0.44645191603269707,0.3714298535283893,0.3384000749087049
1.0,0.3139866793529971,0.5277754945044686,0.603493502474324,0.4717211716145429,0.5734383709586052,0.596237970253718,0.3865542489460833,0.7963787981600698,0.458311061512099,0.36428589619359053,0.2251006585723644
1.0,0.3038376149698701,0.5271344713474748,0.6077259128536651,0.4738295505365561,0.5685135284149913,0.5708661417322833,0.4330670808372159,0.7989088496502197,0.4761928504515405,0.423119805261216,0.1699803364649333
1.0,0.3112908341262289,0.5265466100155833,0.6079124148699306,0.4752930041309393,0.5654496863292365,0.5524934383202098,0.393358479402411,0.8022122591186684,0.4935205871539475,0.4269099103573339,0.003162992982109439
0.0,0.3414208690136378,0.5258465371440022,0.6046991550187077,0.4768621139360974,0.5717169902416742,0.6329833770778652,0.4745285112047925,0.8091351436179293,0.5301363455361616,0.4597358682252621,0.2255489021956108
0.0,0.34586108468125604,0.5253047022120403,0.5999669702444854,0.4739016121114557,0.5201210652058771,0.6377952755905512,0.4394571407440284,0.8130933388583157,0.5550162059235522,0.4692981567631591,0.1469917308240684
0.0,0.376466856961624,0.5242644446110332,0.5981667297987048,0.4755534040802467,0.5134847185622192,0.7077865266841648,0.5238074106944753,0.8188306172027155,0.5973733045683387,0.5181520429269354,0.31074449201211
0.0,0.4073897875039646,0.522850131235977,0.5934756273972637,0.4772882737434403,0.5141942698440982,0.7563429571303589,0.5468826270246283,0.8203688314865631,0.620486476736959,0.5524997883970199,0.4800563850892756
0.0,0.4324452901998098,0.5212460380643287,0.5880623102761108,0.4779650516400341,0.5086276851487284,0.803587051618548,0.5931218105169739,0.8209299664414895,0.6383130855070827,0.575322665343606,0.7239486416077403
0.0,0.4216619092927373,0.5198246193916527,0.5799704467800494,0.4766133501230962,0.5073897823481528,0.7550306211723536,0.5874491531691446,0.8197008169955609,0.6292743605525243,0.5687548346271672,0.6601693338295489
0.0,0.4475103076435143,0.5180349668629138,0.5706831470875178,0.4774700664393313,0.5112564291917977,0.8110236220472444,0.6267287922490941,0.8199857129247663,0.6259101496661064,0.5907244695526984,0.8279214737625615
0.0,0.4689184903266731,0.5163351312319582,0.5630020506258198,0.4775825620708553,0.5339232840856064,0.8221941992433792,0.6026033577398122,0.8193218187551652,0.6107163673461647,0.536513395510418,0.8919333829549662
0.0,0.4746273390421821,0.5163513805077813,0.5658581237884219,0.4748108747100879,0.5262348495652861,0.8379381443298972,0.5925375342060495,0.8178280612426712,0.5917454876418893,0.5166899862023207,0.942128768142908
0.0,0.4291151284490961,0.518177775092945,0.5842439155398002,0.4691162135070048,0.5340055402633205,0.8214432989690722,0.601124177205828,0.8156396155150261,0.5862956126600134,0.5272292024424724,0.8085944830174507
0.0,0.4069140501110056,0.5200117448066333,0.6007374584733832,0.4643083409001905,0.523784322548735,0.8346391752577325,0.5821980622735005,0.8133796296083801,0.5943602498082637,0.4940239356554943,0.8437324075811578
0.0,0.4062797335870602,0.5199664855000403,0.6068645193844772,0.4642933932628765,0.5203001224958548,0.8263917525773199,0.5818948302640338,0.8124083682159307,0.6170488056585304,0.4940705225738165,0.7421655094764492
1.0,0.4135743736124328,0.5189118520952987,0.6061047366646346,0.4655901344231272,0.5311332075248117,0.8230927835051548,0.5340285481843058,0.8104052160328845,0.624700221691714,0.4784094460026543,0.7122349408894718
1.0,0.4062797335870602,0.5179831303812281,0.6099929114870927,0.4682623167555676,0.5313074141278205,0.8070103092783508,0.5839878707196213,0.808280662070666,0.6255466135586611,0.4800969570294613,0.7382248076562196
0.0,0.4262607040913417,0.5171646085136206,0.6123636889701938,0.4716417767700648,0.5221487996546925,0.8610309278350521,0.6629761112343757,0.8042226220984721,0.631668914171541,0.5187502614467978,0.9973728654531788
1.0,0.41500158579130986,0.5159665769364206,0.6125165666805964,0.470240962685934,0.5212973215313197,0.8144329896907216,0.6633311145625329,0.7981493896884313,0.6248086735282217,0.5196848339861626,0.9555119118777252
1.0,0.4102442118617193,0.5151389132452286,0.6133925553210476,0.4697117533992272,0.5293905556117523,0.7888659793814436,0.6690333555210413,0.7919559153499709,0.6026144401310909,0.5251271550093154,0.9917447676394899
1.0,0.3991436726926737,0.5144519592854508,0.6141295618072635,0.4713787015852559,0.5383478029370992,0.7797938144329897,0.7015753272686938,0.7861459925142076,0.563729987534229,0.5519214222644839,0.9991421021927868
1.0,0.38154138915318747,0.5138763186812281,0.614200073744208,0.4688949214047129,0.5684028813442329,0.7224742268041235,0.653583314843577,0.7816091226263129,0.5348518773381196,0.5151744054972408,0.774492700394823
1.0,0.3753568030447195,0.5130935583603824,0.6109116535831937,0.46804589874513597,0.5667870576977947,0.6989690721649485,0.6463649138377341,0.7800806272921743,0.544198428775764,0.5021805180301468,0.8267376733082369
1.0,0.3809070726292421,0.5126544247341736,0.6118139075659237,0.4652596864602562,0.5403765655505136,0.7105154639175258,0.6615560979217519,0.7786392457068751,0.5443013369943439,0.515940578837562,0.751813423928016
1.0,0.3864573422137647,0.5121455521493219,0.6098756813956306,0.4661404587582907,0.5304453490432935,0.7327835051546391,0.6597441017676203,0.7775345138432956,0.5471994516200823,0.5115788146581466,0.8294922413001558
1.0,0.3940691405011102,0.5115995119056047,0.6082227279373149,0.4637118130919881,0.5270794580071783,0.7426804123711342,0.6431994674950074,0.7748588271086105,0.5222946632405123,0.5429831856300429,0.8088329813607562
0.0,0.4227719632096417,0.5106501577197611,0.6068037345910898,0.4649722588874936,0.5305714674999575,0.8156701030927835,0.7079505953701651,0.7720073667636127,0.4939785747478895,0.5403941381494961,0.8125975576163816
0.0,0.4124643196955281,0.5097200951859169,0.6094305911862817,0.4636657810744017,0.5258815815901646,0.7719587628865979,0.6846165224465643,0.7688756121960338,0.4744457801041313,0.5719054330938398,0.7846661680893311
0.0,0.4135743736124328,0.5092282283693015,0.6154824104199133,0.463808821885496,0.5191680742925673,0.7785567010309282,0.650166407810073,0.7682270619337785,0.4599500212210966,0.5795795840091579,0.769089924439745
0.0,0.40263241357437385,0.5081961578593865,0.6170703382375344,0.4654253844446861,0.5383422159416916,0.7711340206185568,0.6138081502847428,0.7684281934175667,0.4591609374960735,0.5926655205678429,0.7251205611573888
0.0,0.4169045353631465,0.5071042789203501,0.6161914445672491,0.4681881437914074,0.5266331228301059,0.7567010309278354,0.6119961541306116,0.7702181002557584,0.44563284038727735,0.5896438107685893,0.8447275446785463
1.0,0.4183317475420236,0.5055057730860208,0.61371031509958,0.4646520729900095,0.5293091745286044,0.7587628865979383,0.5545151985799871,0.7702244794764288,0.4432828527037286,0.5363519302354607,0.9076514428656174
1.0,0.4189660640659689,0.5043805761342626,0.6104601265217509,0.4649201481405762,0.5374963387491853,0.7468041237113403,0.5087567487611862,0.7674430642740147,0.424969761446636,0.5506805776844798,0.7999329499445547
0.0,0.44592451633365054,0.5029103022121433,0.6070371165314389,0.4659552321744903,0.5375544182018366,0.7975257731958765,0.595421936247319,0.7639328345115974,0.3950669263677074,0.5666492445350451,0.8852412512571884
0.0,0.4738344433872504,0.5013841221718855,0.6017135119765784,0.4671634818339965,0.53842896748471,0.8441237113402061,0.5984394645366466,0.7586786331415865,0.3516003539352488,0.5689418549774802,0.8409191800496145
0.0,0.4797018712337456,0.5000445209397995,0.6020810656022392,0.464400203549782,0.5365078789318373,0.8511340206185567,0.6209082168478663,0.7540547630238326,0.32386138183245183,0.5877780516083727,0.9932628280454371
0.0,0.4733587059942913,0.4993601742584554,0.6068897688021933,0.467268625237305,0.527721327953609,0.8362886597938144,0.6192367428444641,0.7475502887566474,0.2800509095318641,0.5876982030686534,0.9773438939031126
0.0,0.43767840152235976,0.4987686072775371,0.614508270053099,0.465259841401648,0.5285012809855854,0.7628865979381443,0.5749204940462989,0.7402361302295517,0.2237787080246418,0.6045581791112958,0.8190581445324503
1.0,0.4384712971772915,0.4984086365826945,0.6213426828543718,0.46543403930009997,0.5787075583904057,0.7608247422680414,0.6383477553435397,0.7348614831101359,0.18899966252144376,0.647008228949677,0.7494013630502849
1.0,0.41627021883920096,0.4976818159239327,0.6243761579189812,0.4657576117478501,0.5652364253874549,0.708041237113402,0.6368389911988759,0.7310145840985347,0.17669827472078048,0.6466609026634993,0.6541413397187942
1.0,0.39866793529971456,0.4972125928680435,0.6299149089435531,0.4631126469455917,0.5671386799185989,0.6573195876288659,0.5017972043487907,0.7298357956202175,0.1869421133613287,0.5967685373727271,0.4248787376435185
1.0,0.38931176657151934,0.4971174364818813,0.6356447602503018,0.4653195270398138,0.5683767133820885,0.6375257731958767,0.4763700909696026,0.731206350993385,0.2031656327431723,0.6297178755213705,0.3768035856818317
1.0,0.3818585474151601,0.4972804322800233,0.6435201173720596,0.4636079837911047,0.5647724787500391,0.6399999999999998,0.5397529768508244,0.7307557988974476,0.2052342061439765,0.6227432394637058,0.4591698900963953
1.0,0.3694893751982241,0.4973303238050231,0.6458929204564546,0.4652110583652007,0.5618097142283792,0.6169072164948457,0.5444123955328746,0.7307208580725082,0.2194324441766018,0.625971365637612,0.3209615030392331
1.0,0.36552489692356505,0.4971588139298564,0.6473427456710833,0.4646133175562575,0.5649743017671923,0.6037113402061856,0.4765623844390208,0.731876879470041,0.2218800005198737,0.5824836307577068,0.4063977405292571
1.0,0.3677450047573741,0.4969051348479621,0.6489528617388091,0.4649880675231956,0.57036451994531,0.6127835051546392,0.5410842393314106,0.7344189915398884,0.23095301149988,0.5721399348394468,0.4543500951679256
1.0,0.34062797335870604,0.4964916338765642,0.6515491565357775,0.4642977400014361,0.5644107338768708,0.5439175257731957,0.4363508616226608,0.7364486864329742,0.2210364564603394,0.557571644306621,0.189353472094308
1.0,0.34998414208690165,0.4958255517214589,0.6523723087213762,0.4623187287954423,0.5673168532110129,0.5562886597938148,0.3393683899119887,0.7407042894275968,0.23324867395015175,0.5090941907280292,0.16991044020380394
1.0,0.33666349508404697,0.4949688508142212,0.6552253248676034,0.4603471619402314,0.5687120043319737,0.4969072164948452,0.4810073219436434,0.7469678093725678,0.27947238263683044,0.5395713343680885,0.2982056394189688
1.0,0.3464954012052015,0.4944727387734376,0.6582288286241856,0.4584851192621405,0.568861476297273,0.5173966434711422,0.4044301456992821,0.7510926752079337,0.3169325502449177,0.5051718978360406,0.3998227792018722
1.0,0.363304789089756,0.4942104461399062,0.6655600075593284,0.4617075995404129,0.5747102764240509,0.5636512484650021,0.3520227793802229,0.7573702087551364,0.3673134241378492,0.4851026339065171,0.4811569521507434
0.0,0.3902632413574375,0.4936781570049171,0.6682485440335686,0.4631432396946555,0.5743371689045553,0.6270978305362258,0.4271651505066193,0.7602583353787521,0.38719647437462507,0.5164352865591826,0.6269274248247788
0.0,0.4056454170631146,0.4935045815754926,0.6761592020001296,0.462341791738652,0.5698379983071464,0.6479738027015965,0.4540936321278011,0.7589543419859701,0.3854281126865379,0.4788730992536255,0.6723716934207553
0.0,0.3639391056137015,0.4931273457197762,0.6777865249471189,0.4583003870238949,0.5681342377809575,0.5775685632419159,0.3284224539605056,0.7564850610115026,0.3932267906137277,0.4692324317700433,0.4822292561609759
0.0,0.3594988899460831,0.4929848200218285,0.6800344106702851,0.4577406130176945,0.5674262924688118,0.5505525992632007,0.3132164780711487,0.7573840243769911,0.4251945927264403,0.4601716097190068,0.3864197023271108
0.0,0.3759911195686648,0.4920226867231015,0.6781449699210866,0.4572010787752898,0.5660042219005859,0.5775685632419159,0.3372457658457215,0.7578007905469528,0.4525439007714184,0.4212379934966111,0.4438985280815719
1.0,0.3631462099587695,0.491538146314827,0.6837253062699579,0.4552980103881682,0.5637202464983988,0.5235366352844861,0.2931661859329928,0.7582259227406938,0.4859894492534678,0.3941661094194242,0.3210673464353257
1.0,0.3466539803361877,0.492239266687807,0.6983274623205242,0.4557546930463312,0.5170301241824466,0.5204885736800628,0.2558686487685817,0.7603818920043572,0.5258578757086907,0.3804891836147216,0.29444712871995765
1.0,0.3116079923882018,0.49315558781033003,0.7164652370278659,0.4523099742009226,0.5115744172901304,0.4858156028368794,0.19946749500776567,0.7613121684785957,0.5315938537566117,0.339850162955471,0.10037400905495553
1.0,0.3100222010783382,0.4935909658102191,0.7319749260826731,0.452129185874501,0.5211781719330417,0.4716312056737589,0.24305894534427894,0.76508491570936,0.5263510840038603,0.3670758796757832,0.04849591095363345
1.0,0.3418966064065969,0.493210824572961,0.7393270570305478,0.4546718694122688,0.5162035391883227,0.5334909377462567,0.3362029435692627,0.7700029054918229,0.5253343518812661,0.3617693110127056,0.2416026914335817
1.0,0.3390421820488425,0.4926586280688552,0.7435597195418105,0.4542013601152968,0.513880390117588,0.5248226950354609,0.3793210561349015,0.7721798560284174,0.5150530976189887,0.338198187834287,0.27510244984878585
1.0,0.3258801141769745,0.4921958698228883,0.7445042933945432,0.4520213147829473,0.5146232634642323,0.4814814814814815,0.3732712077509061,0.7733414573988411,0.4947514421112375,0.33370138398370386,0.16483654953917082
1.0,0.31731684110371083,0.4920395547838043,0.7458631614490279,0.4506362827447313,0.5278018843716663,0.44720252167060665,0.3734782930256639,0.7764144517115876,0.4585491315244917,0.33281345546373403,0.0724546370967742
0.0,0.3520456707897241,0.4921227843192788,0.7419651874075706,0.4575096116682849,0.5255972892992622,0.544523246650906,0.5087715405665263,0.7834600455541596,0.4737704500112601,0.3534366132440808,0.18067748881895024
1.0,0.3374563907389787,0.4929253191347274,0.7463961275826239,0.4549583485839853,0.5287988874318043,0.5074862096138691,0.4127801198136231,0.7878184483281898,0.4893502888809826,0.3498113554325332,0.03238363425542461
0.0,0.3273073263558518,0.4931533820288223,0.7492290470486861,0.4522893309368497,0.531918213876452,0.5307328605200946,0.4345684490792103,0.7971802762287123,0.538732991164935,0.3610796937721281,0.06986771411802044
0.0,0.3610846812559469,0.4938585642590851,0.7589403861846439,0.4553324913165042,0.5292963760936601,0.5831363278171788,0.5092522742400708,0.8035360936354248,0.5768117432989791,0.4032413478644423,0.3868346200731419
0.0,0.3185854741516017,0.4935301123447058,0.7597195615710387,0.45085155555600204,0.5322952121594036,0.5098502758077226,0.44144663856223615,0.8037722192737099,0.5832293130231085,0.3553364532312429,0.04602916610230779
0.0,0.3604503647320013,0.49337657312102207,0.7651220627503675,0.4555782282605816,0.544337924374911,0.6059889676910952,0.6050883810369061,0.8090568648922609,0.6082867868166315,0.4219828874436368,0.35225066594428805
0.0,0.4021566761814147,0.4924875315831585,0.7682682009817511,0.4603202694478203,0.5479947017216961,0.6765169424743894,0.6856519488203536,0.8110828968470631,0.6149351816244715,0.5028303301021824,0.6224434511716108
0.0,0.40342530922930536,0.4913524681401895,0.7706794089766803,0.4605549530534241,0.5453325805760388,0.681245074862096,0.6636417424746689,0.8097221275628972,0.6182986292318343,0.4764983946829152,0.6236173190663229
0.0,0.40627973358706,0.4904315379930206,0.7720007512603532,0.4611955273687202,0.5439730163682804,0.6773049645390071,0.6817617040159751,0.8082510082501988,0.6332196931501942,0.4888899719988621,0.5867985010609965
0.0,0.43783698065334603,0.4895815460172617,0.7710021223684308,0.4638763342837342,0.5439532984898231,0.7435601691657054,0.7418977886251019,0.8053453082129214,0.6302504051828204,0.5622121313563985,0.780531852453835
0.0,0.4307009197589599,0.4860129635327693,0.7579567808995876,0.4662995123717958,0.5437857276949662,0.7320261437908496,0.7947563050070259,0.7984455055537156,0.6143051403358295,0.5940853694344511,0.796060393960603
0.0,0.5003171582619726,0.4825032987889395,0.7415009313973282,0.4810581156707648,0.5062755755360824,0.7316416762783543,0.854944160934842,0.7906312870664622,0.5865822367884984,0.6257814786343822,0.8190052169184493
0.0,0.5174437044085,0.4789230606775292,0.7280140612500212,0.4807868304638428,0.5086305947402188,0.7838577291381671,0.8629613194290366,0.7820710501855572,0.5581509089499573,0.6296278188954173,0.8252735731603437
0.0,0.5248969235648591,0.4775637469907179,0.7241035798542982,0.4821821622543137,0.500085698249936,0.8063750423872501,0.9604984838399528,0.7728491014546066,0.5151336710256856,0.6661590631596839,0.9682920024289776
0.0,0.5459879479860451,0.4764916722973711,0.7221485499607995,0.4827214946135433,0.5497129709535682,0.8280773143438455,1.0,0.7631853556010022,0.4793014570015214,0.6834386093236637,1.0
0.0,0.5263241357437363,0.4748489761689985,0.7185896947325349,0.4832473619010124,0.5498791972418393,0.7927321668909826,0.8129576214777016,0.7555333827801156,0.4525623251943265,0.5452587797661113,0.9852430016758746
1.0,0.5065017443704407,0.4739946581175143,0.7148897653536929,0.4806740968227387,0.5511362973836685,0.7307949231796926,0.7476739886103098,0.7505715039679395,0.4391791404731476,0.5446297798613264,0.9911473144711682
1.0,0.4923882017126547,0.4732079319436997,0.7119462982169348,0.4814284167849091,0.5445526712137532,0.7158069883527457,0.7976776865616448,0.7457870943503053,0.4338203773157588,0.5685608483593668,0.9875301483039975
1.0,0.4896923564858866,0.4727067922986543,0.7066899575272628,0.4810201187317669,0.5454871602337402,0.7091514143094844,0.643169883884328,0.7418327816878048,0.4381753692376968,0.5220972636987421,0.931280836089056
1.0,0.4893751982239137,0.47152113851747796,0.6991746948486748,0.4811908908008189,0.5430489243358969,0.7016848364717542,0.524842837068264,0.7420160272735923,0.4774239023035446,0.5121039334089289,0.8400325381527523
1.0,0.4811290834126229,0.4694090710924159,0.6816117428142636,0.4804336388128767,0.5449992681707085,0.6638297872340426,0.4571925153464983,0.7412462475853743,0.5075035988544812,0.529001769090226,0.7279881165007341
1.0,0.5080875356803046,0.4677444047246213,0.6649185753161756,0.4825037213749606,0.5483459451936205,0.6844236760124612,0.5200798757488353,0.7418829473325261,0.5331189454716116,0.510050897057233,0.8308546570231132
1.0,0.5080875356803045,0.4663196380412642,0.6537897069353246,0.4821737872900999,0.5502886957104953,0.6971744471744471,0.4972487242067896,0.7402013513902552,0.5419385767617396,0.4987618845314497,0.8765318573272741
1.0,0.5207738661592136,0.4657600315410362,0.6497819480868194,0.4810935847116107,0.548540955283681,0.7145042839657283,0.5054507802677319,0.736501912589212,0.5273840595487312,0.5027785881427189,0.9882357286645614
1.0,0.5190294957183634,0.4647857051773279,0.6437841653361082,0.480926775574477,0.5572144722001341,0.7123947051744886,0.5313216478071149,0.7307846016993849,0.503047491442891,0.5154029937155833,0.8745864274685693
1.0,0.5101490643831272,0.4642939446797947,0.6393959748297072,0.4797731176426693,0.5097207786534059,0.6865222623345366,0.4411434065527695,0.7267611727951435,0.485190284366609,0.5203117381881213,0.717226674509227
0.0,0.5672375515382175,0.4637889852342756,0.6386049081753183,0.4915127748599064,0.5212017613200042,0.8092659446450059,0.4039272243177279,0.7266456180826533,0.4848518729257934,0.5037168167723023,0.7323336560062828
0.0,0.5921344751030766,0.4620773374741813,0.6350120619841182,0.4931511395583671,0.5128960296828111,0.848375451263538,0.4504030766955107,0.7252884241262822,0.4792324644813454,0.4761832689736281,0.7857012717268521
0.0,0.6062480177608627,0.4598881084436626,0.6295738365333122,0.4970375822758186,0.5191086531750413,0.8299703264094954,0.4412765328008283,0.7213118288292379,0.4535925347955001,0.4711787036025809,0.7113471559231871
0.0,0.6049793847129719,0.457994128472675,0.6268943618705847,0.4969133628118673,0.5515070114606246,0.8293108461762144,0.454907181421492,0.7187990943346934,0.445341510835696,0.4283211980891188,0.7195641875888201
0.0,0.5661274976213133,0.4569926620176841,0.6309219733725873,0.4943362105754149,0.5462510365727309,0.7621401570223906,0.4046076473633607,0.7149657788920076,0.4325348821397901,0.4010593534236885,0.5806763108989547
1.0,0.550745321915636,0.4562467391732987,0.6361835714847338,0.4920234801516367,0.5450484806400717,0.7295725501599303,0.40423785222986464,0.7141739254206609,0.4380713378013825,0.3995506603988375,0.4241518784389468
1.0,0.5483666349508405,0.4558928072619368,0.6396696420002874,0.4916597772406366,0.5394040275236316,0.7246292526897355,0.38407662155166056,0.7158277421768746,0.4477646673471671,0.4380472154112123,0.4041285573734651
1.0,0.523152553124009,0.4553592336571204,0.6374378049649825,0.4898419779700295,0.5429893804870624,0.695841814480954,0.352814140965905,0.7193937371516991,0.4628177783957765,0.4171456592693963,0.27096162955945113
1.0,0.5031715826197274,0.4549615385320744,0.6379145023034141,0.4868926698643161,0.552949248844336,0.6458272753707476,0.3022483544116558,0.7260645036078865,0.4980042762611978,0.3797544090697534,0.000246984728110754
1.0,0.5539169045353631,0.4542212464721838,0.6365845490790337,0.4988181457959183,0.5543908358028427,0.7439198855507867,0.4066415205975889,0.7373230238171942,0.5581025424342951,0.4342462282585805,0.2495730494794721
0.0,0.5827783063748813,0.4530559896232596,0.637483469826777,0.5018698412558542,0.5215455075507485,0.789699570815451,0.446128244952296,0.7435785384388847,0.6053352013745908,0.4587350781280064,0.4138963621476199
0.0,0.5951474785918175,0.4516511205684368,0.6332210566107173,0.5009157306924903,0.5367805371995993,0.7945636623748213,0.3865616448487537,0.7470769309071372,0.6370624556056129,0.4065163738068646,0.0005308597133359074
0.0,0.6366952109102443,0.45022040090922455,0.630187496298896,0.5070429139284572,0.5456155290317701,0.8680671265361365,0.5265734782930256,0.7541590049487976,0.6841953990088396,0.4663980284879597,0.12230532336119762
0.0,0.6593720266412939,0.44876434494287865,0.6231284841808641,0.5086639704350032,0.4405997211302135,0.9033625317886408,0.6266696250277347,0.7557590726337273,0.6911996315213185,0.5176617130677823,0.6255856003945106
0.0,0.6823660006343166,0.44709793246253693,0.6165913267973373,0.510374762818596,0.538023942809432,0.9381181124611472,0.6832334886472892,0.7528531994162582,0.6684428910553709,0.5201417514807789,0.7823232672241031
0.0,0.665080875356803,0.4451074414225551,0.6033085068373016,0.508003771531919,0.553496475383851,0.9017781541066892,0.7188373641002884,0.7495574553445392,0.6490963808073549,0.546516163527969,0.7509078309078315
0.0,0.6725340945131622,0.4437188210077565,0.5996418282643127,0.5098189702848158,0.4382545331652928,0.9015659955257272,0.7364322165520302,0.7474677000036878,0.6256285125073107,0.5693117601933322,0.9102425292334346
0.0,0.6902949571836346,0.4423176032971752,0.5825091265329349,0.5129947304766741,0.4458037874917501,0.9489739323349972,0.7567487611863031,0.7443038561916373,0.6088277248180959,0.6014177295248768,0.9869532265049812
0.0,0.6768157310497939,0.441449296943492,0.57216658344334,0.5112197427840864,0.4540192116821071,0.9198557958957294,0.6951852673618819,0.7396072930415805,0.5717363706488352,0.5602817264560079,0.7317832394976197
0.0,0.6815731049793848,0.440271630888742,0.5577397900981388,0.5110316644267082,0.4540738330744937,0.9456461453133668,0.7030619037053473,0.7379451689978886,0.5737884922848965,0.5721079925789269,0.8300941966219153
0.0,0.6915635902315256,0.438904401516472,0.5548441737894244,0.5095945250425052,0.3910188517389838,0.9606211869107042,0.7423045632719474,0.7353660590084543,0.5706526628099853,0.6512250214566662,0.9954255088783036
0.0,0.6904535363146209,0.4375069157377816,0.5566031343158893,0.509897973130942,0.5089444416289952,0.9489739323349972,0.7024110642703938,0.7297560549219901,0.5619289760918302,0.6465379877985588,1.0
1.0,0.6739613066920394,0.4363900376022172,0.5595032066730679,0.5087365708342177,0.6602427939146354,0.9392678868552412,0.6829746320538423,0.7249413631446733,0.5550958327060183,0.6316988813012521,0.9934572779685186
1.0,0.6508087535680305,0.4354930201170444,0.5654492200699562,0.5079285783257436,0.6720707763191003,0.9076539101497504,0.6613194290363142,0.7195350263958613,0.5412679694689697,0.6473898792465042,0.9618606484675284
1.0,0.6438312718046307,0.4341170292877583,0.5703143903189754,0.506905143268821,0.5994367780988951,0.8940654464780923,0.6893942755713336,0.7134843860962838,0.5270293837895003,0.6704190306411408,0.9819536937993842
1.0,0.6208372978116079,0.4327429354480974,0.5565579961955105,0.503545305304121,0.7179258474606862,0.8466444814198557,0.6615708897270913,0.7068416515370772,0.5021758904312382,0.6503092812171336,0.7568491877625371
1.0,0.6341579448144626,0.43130681775630975,0.5434920011026864,0.5064212156204989,0.5874827581354286,0.8771491957848033,0.6696989867613339,0.7031321476057968,0.4933843860399015,0.6653570349270143,0.9673544810594392
1.0,0.6301934665398033,0.4301125953776699,0.5290035711169816,0.5063027827189596,0.5769560044115479,0.8588463671658346,0.6551512462095997,0.6995859726068225,0.4791957933922689,0.6535530011003621,0.8551203184367657
1.0,0.6192515065017445,0.4285862230256674,0.5318414058636446,0.5073002351187228,0.6428307709519103,0.8485856905158071,0.6292286073515273,0.6962636096235757,0.4678745493762009,0.6617070865201555,0.7902133639964233
1.0,0.6305106248017761,0.42671475550484295,0.5327498689317799,0.5062117526970341,0.6047819585188491,0.858291735995563,0.6648546705125362,0.6934732093167799,0.4512281682996856,0.666420057078287,0.8916570844512599
0.0,0.6477957500792897,0.4248493083826961,0.5296461658443247,0.5065098330557446,0.5738447718716336,0.8608695652173916,0.6797943939057766,0.6885902620248228,0.4229914978217226,0.6494574468151346,0.975978534009117
1.0,0.6281319378369808,0.4229346200995159,0.5225197324913239,0.505783399234586,0.6259835003810559,0.8379572118702556,0.6846461060572443,0.6827558159478886,0.3859095032872221,0.6547074646233662,0.9757435501842808
1.0,0.6178242943228671,0.4211627201433352,0.5143482593382905,0.5046014388678283,0.6010272042290865,0.8092477570738441,0.6748835145329488,0.677223545124882,0.3614335662285616,0.6471346057141054,0.9665410528719882
1.0,0.6192515065017445,0.4188690949229663,0.5055469004407062,0.5060353413296512,0.5859688432116519,0.790810810810811,0.6572738702758674,0.6739086564756394,0.3551819812661463,0.6313267010405658,0.9907892439322502
1.0,0.6121154456073581,0.41668876232689,0.4973600885456729,0.5056121458909846,0.579459770081396,0.7629729729729731,0.5693661711411878,0.6718446276770311,0.3588342530635526,0.5346188434157866,0.8577878103837466
1.0,0.6045036473200127,0.4150005697398291,0.4945179991453874,0.5047416123110584,0.5859492557916188,0.7458798511430089,0.49457140744027794,0.6712272794267502,0.3610811072667118,0.4744123287143632,0.4975745641419715
1.0,0.6152870282270855,0.4159968350111847,0.507328546581604,0.5036626982760036,0.5860924872358505,0.7639927779210732,0.5364839878707196,0.6745604420234068,0.3863150600336414,0.4918942966633243,0.6556361365928616
1.0,0.5585156993339677,0.4175605283071966,0.5275315370741047,0.4827775865242826,0.58322677537347,0.765540366262574,0.42792692848162095,0.6760355666949598,0.39885022291598,0.3567312235141962,0.610849266340594
1.0,0.5418648905803995,0.4194092196059933,0.5472393801618749,0.481953740705576,0.5876325563404848,0.7562548362135669,0.42927298276754666,0.6791743974157469,0.4375856036162529,0.3582174845315946,0.49209378407851706
1.0,0.547256581033936,0.4192027273338601,0.5560153152812997,0.483068650450465,0.6012701505142525,0.7683776115553261,0.4198653945714075,0.6799759040064846,0.4497697083954453,0.3504662925643484,0.5920704159526411
0.0,0.5535997462733906,0.4182184311281159,0.5576513096827337,0.4842062742906518,0.6196180103225946,0.7854010833118391,0.4435100954071444,0.6804075693073162,0.4597980731677137,0.33155281346346416,0.5763053655023409
0.0,0.5710434506818902,0.4172191889224735,0.5567337644264779,0.4844761373406093,0.5758989918507094,0.8013928295073509,0.4544634272612975,0.6793053829701967,0.4531470212212033,0.3415452486171422,0.6532949225783227
0.0,0.5876942594354585,0.4159876233891384,0.5576479990961809,0.488146039368243,0.5743784848394402,0.8341501160691258,0.4769617631831965,0.6775935795096135,0.4437631741926722,0.36713222548267216,0.6454087144400437
0.0,0.5803996194100858,0.4147949012082153,0.557250808755313,0.4908354270832687,0.5833268991880648,0.822543203507867,0.4975075808002365,0.6755966783524411,0.4404486151852151,0.33903683882328084,0.7007202016564632
0.0,0.5826197272438949,0.4137384307876515,0.5606778089428632,0.4914210550517651,0.5759104542769202,0.8209956151663659,0.4625471488795209,0.6721753119098679,0.4266665196411865,0.3478553948380029,0.5344256391789699
0.0,0.5784966698382494,0.41222419120197,0.5571549322675545,0.48977496290201,0.5828545234171967,0.8240907918493682,0.4818800384586939,0.670828039713401,0.426423954215988,0.3705675207414989,0.3623334533669426
0.0,0.5941960038058992,0.4103843125773257,0.5610462675338379,0.4895795128677418,0.5889919677767468,0.8310549393861233,0.4682419939353598,0.6708059380131204,0.4253060864772353,0.35728298591940444,0.3813467770975879
1.0,0.5946717411988582,0.4081075865628161,0.5594255376623226,0.4904723510676038,0.7273050776785946,0.8137735362393603,0.4599881665557282,0.6718744770274163,0.4353912238595539,0.3954056048536481,0.3411955347497301
0.0,0.6300348874088171,0.4062088422208223,0.5582974710295494,0.4951663383754957,0.7895280273102443,0.8648439515088987,0.4772280156793134,0.6729113051325948,0.4456775350194714,0.3653214486445578,0.4053655023406546
0.0,0.6481129083412625,0.4039096224467029,0.5477260129895246,0.4956726508742302,0.6709927435971269,0.8893474335826671,0.466252496117151,0.6743017177492001,0.4632138163080058,0.3518492749665627,0.317680950666186
0.0,0.661116397082144,0.4018969111458688,0.5430773394061919,0.4989838291089421,0.5835975178270254,0.8847046685581635,0.4214555136454405,0.6763319475730272,0.4827811661373128,0.3573443439226877,0.3056175729204175
0.0,0.6282905169679671,0.4001191783276716,0.5427340821505119,0.4963865357761354,0.5794024952841459,0.8413721949961313,0.4145403446490643,0.6792353878083377,0.5069211258816093,0.34761169550437626,0.18602808786460165
1.0,0.6043450681890266,0.3990090838926865,0.5462074511667233,0.495755124614504,0.5953956239336265,0.8075831828733558,0.3949042230604246,0.6821202999752289,0.5267603962294606,0.3699569948092287,0.11776194437411833
1.0,0.613384078655249,0.3969285387944568,0.5392883494005115,0.4940962128261791,0.6861098121017218,0.8173845757028629,0.41393388063013065,0.6858501459752588,0.5524226076556883,0.3958819549417572,0.047679617637989086
1.0,0.6764985727878211,0.3947261291115449,0.5300590943696755,0.5059227643168412,0.0,0.8844467371679133,0.4948672435470749,0.6898859389237941,0.5808874283849392,0.434346112099336,0.31273109407231525
0.0,0.6761021249603553,0.3924681442441871,0.5224734543096972,0.5056234820381399,0.5605330635943135,0.8859943255094145,0.5151172250573183,0.6925420353471201,0.6066416331360786,0.40758275898659735,0.2552348893619128
1.0,0.6157627656200444,0.3912780133913658,0.524445866303679,0.4990020072467242,0.4688431134114106,0.8962099125364431,0.4774277050514015,0.6946518827161037,0.630120405964569,0.413257828654886,0.13761694965595644
0.0,0.6579448144624168,0.3910207084962152,0.5316448085594023,0.5092974771543743,0.4701784330091831,0.9845481049562682,0.6094667554174986,0.6980289953557257,0.6604631591304728,0.5491565590151701,0.8622478087236142
0.0,0.6328893117665717,0.38974647171901794,0.5322551875820835,0.5053043706285458,0.0,0.9679300291545192,0.5999852081946603,0.6950303756642873,0.6618556154526565,0.5383132383153408,0.7956018878688872
1.0,0.6623850301300351,0.3882788252884546,0.5335136036938251,0.5088985290060059,0.4015208355342084,0.9947521865889216,0.6598180607943198,0.6926659265001303,0.6688401317359761,0.5859398081909447,0.9950547852225348
1.0,0.6501744370440852,0.3862097775392306,0.53275320581215,0.5069976703975352,0.43510262512350656,0.9860864416814682,0.6485984764440501,0.6889187328670137,0.6782276960114791,0.574883299848958,0.9310361469041072
0.0,0.6471614335553442,0.3848245148716845,0.5371497750075652,0.5056799016198316,0.4573740639864238,0.987270574304322,0.6340285481843059,0.6861254804693937,0.6889201927417692,0.5373593870965082,0.9665061390949704
0.0,0.6387878787878788,0.980971612182954,0.3884140746584081,0.4929096796586235,0.4942143348808134,0.9612244897959182,0.4678574069965236,0.9659562272182702,0.5377748420304204,0.4763144021271154,0.743230347131098
1.0,0.5916883116883117,0.979643498342385,0.3753348542670235,0.493913637310315,0.5040833398032049,0.9077097505668932,0.38613268249389865,0.9642331834655355,0.5297164572990556,0.4679265584766255,0.4611734889340781
1.0,0.6070995670995669,0.9784778582554698,0.365565186262056,0.4950246979348092,0.498377348551524,0.9011337868480724,0.3628060054729676,0.9644842521509064,0.5302891310432448,0.447770734113793,0.3181794026995425
1.0,0.5383549783549784,0.9786826224981005,0.3660775315559688,0.4943552881575056,0.4785321869194516,0.8453514739229022,0.3565268841062049,0.9659746458570416,0.5249281444849738,0.4402084269306477,0.1321872675098308
1.0,0.5660606060606059,0.9801344244174304,0.3930519848458589,0.4956197971331797,0.4418987680944819,0.9331065759637184,0.4434657199911249,0.9700291152895296,0.5456550005470402,0.4974789495067221,0.4573280901264736
0.0,0.5859740259740258,0.9818144105710064,0.4235127734273587,0.4968266703156407,0.5027402834110094,0.9623582766439902,0.4626506915169,0.9710197879650908,0.5591668851349085,0.4623678411102949,0.5150653629503669
0.0,0.5189610389610386,0.9818778776858488,0.4331470518246936,0.496122897147151,0.5130611910224708,0.9297052154195008,0.4097330079136154,0.9692947052329804,0.5627074829108304,0.4091881204449082,0.31594749707726555
1.0,0.4825974025974027,0.9830447602565536,0.44334018766768746,0.49772803538131605,0.4871262862056451,0.8875283446712017,0.4508468308557063,0.9689668322638608,0.5887988901685037,0.45033694049727613,0.08261363636363615
0.0,0.4884848484848484,0.9825820326328634,0.4393382028663753,0.4978776488536896,0.4567779589579156,0.9272108843537412,0.5735892315657123,0.971742937248634,0.5841647919937369,0.5063967400093614,0.09259326660600399
0.0,0.5021645021645021,0.9818809063310578,0.4483804598465687,0.4949891702821858,0.5114033673454392,0.9611291068949568,0.5699504474521119,0.9735570925936892,0.5651596984925521,0.5023443119577018,0.4446663104311396
1.0,0.4626839826839826,0.9821474522379794,0.4661445757292366,0.4964240698179547,0.505111935129146,0.9125404905136514,0.5518009023001261,0.9740261188170138,0.5219906760836556,0.488313960957441,0.3324239952751934
1.0,0.4294372294372296,0.9824291081666712,0.4819783826092905,0.4940129122806965,0.5092893417394447,0.9349838037945402,0.6965017380371276,0.9750517675573388,0.4837327955346808,0.5699328416400281,0.6260370672441431
0.0,0.4308225108225108,0.9826664053409508,0.4919370421195015,0.4941416956875444,0.5088374298458561,0.9264229523368812,0.6901264699356552,0.9725084252467744,0.4419990758963581,0.5660015974645474,0.6763270084601607
1.0,0.3934199134199134,0.9797061765626816,0.4796078046490238,0.4956553460995228,0.5192693568810476,0.8817677001388249,0.6240736631905931,0.9709501354078494,0.4091012019727495,0.5637483105514669,0.5099953612688036
1.0,0.4552380952380951,0.9763995110763222,0.4671711713240032,0.4958340366884254,0.5198935931438836,0.9271170754280428,0.7231121958435025,0.974774305433501,0.4329067800699423,0.6268026954506941,0.6929380839831234
1.0,0.4576623376623376,0.9725102418217826,0.4520851810224394,0.4961316524557306,0.4598275116372178,0.901665895418788,0.595688188743436,0.9752932321397648,0.4320019588883568,0.5229377710834663,0.6651940535883886
0.0,0.4987012987012989,0.9693841186461398,0.4322552133250484,0.4949584646335553,0.4440384591324551,0.9516427579824162,0.6381184823607725,0.9770926377369497,0.4553875303831586,0.5653036582118603,0.798502352499392
0.0,0.5187878787878787,0.9651001633330544,0.4073346421827041,0.4925024563229324,0.4878870803706987,0.9627487274409998,0.6818208712373344,0.9746702867213192,0.4533688080306956,0.5501328792321709,0.8364957699189317
0.0,0.5660606060606059,0.9613218390133564,0.3901371824723816,0.4918764400449958,0.4622075783010445,0.9685330865340124,0.6590193033059684,0.9698930716661368,0.4547200793795288,0.5240053390173258,0.8448013076804131
0.0,0.5347186147186149,0.9577748936803449,0.37896685270253583,0.4936783980943851,0.0,0.9407681628875524,0.7017898084461207,0.9640068289125427,0.43224539568866177,0.5514084302209274,0.8038479379735367
0.0,0.5605194805194806,0.9562827475864066,0.3712438353747219,0.4915552981798286,0.3947869258285058,0.9696899583526152,0.7849641298720516,0.9576826259678296,0.4062108035189416,0.553262683086693,0.8511850853747434
0.0,0.5676190476190477,0.9547182210470871,0.3638377873896341,0.4919574265702038,0.6008228053423535,0.9838037945395652,0.788610309888322,0.9532202726528952,0.3905163733475968,0.5564354630451874,0.8951662333819449
1.0,0.5264069264069264,0.9529550123686344,0.3593254374358589,0.4931631551824118,0.5645502250675561,0.9580501523318492,0.6771762443606243,0.9470069114653774,0.3608426420243551,0.5053134967837652,0.9997849051192575
1.0,0.5066666666666668,0.9513453445760012,0.3631557327398659,0.49209219340445504,0.5882045817150183,0.9219592219357864,0.7257673249020042,0.941890162284852,0.3342199602144321,0.5308940457618934,0.906416704770614
1.0,0.5051082251082248,0.9524092262835241,0.3814515471613883,0.4919673724641426,0.5886322874425727,0.9233653620810872,0.6787885511426666,0.9364683851123228,0.3033343299950567,0.496055575849937,0.9186607732561082
1.0,0.4313419913419913,0.9550443406587116,0.4190977274741245,0.4905474595617472,0.6265238092729023,0.923131005390204,0.6270763996745798,0.930308242831012,0.2769352036912404,0.5147808742570552,0.9330670634609852
1.0,0.39497835497835493,0.9573412390172592,0.4517366692129409,0.491868314038252,0.5695500625383981,0.9165690180454652,0.7335626063161008,0.9226253177154032,0.2451889911294294,0.5609361254855841,0.9258126095028898
1.0,0.3634632034632034,0.9547474251428612,0.4579669625578823,0.4900427407001646,0.527556282451022,0.8645418326693227,0.6578951261001401,0.9116645088252592,0.18090980133207674,0.5306990997734774,0.9835085313833032
1.0,0.3599999999999999,0.9509001925983988,0.447722430154894,0.490045033414713,0.5594949585778637,0.7977501757675179,0.635330227054212,0.9096107307582316,0.1754269054147909,0.5213566452659361,0.640760197775031
1.0,0.3994805194805193,0.9471713258469944,0.4387088245196053,0.4888287898468032,0.5478839972513109,0.8448558706351066,0.540056208860291,0.9122802984896624,0.1908920018645288,0.4692378292372749,0.8772613320685668
1.0,0.4072727272727272,0.9442230557431436,0.43709382016650333,0.4893579012231911,0.5488526387436825,0.8406374501992029,0.44936765032172143,0.9154264435545432,0.2173346716193912,0.478635112835455,0.8251914086320201
1.0,0.4138528138528137,0.9416976554600136,0.4369293851593302,0.4898834864729846,0.5599829380988999,0.8211858448558703,0.3457288662081209,0.9184932588670572,0.24095082205778875,0.4801856930661413,0.3105859805080943
1.0,0.3986147186147188,0.939397677554474,0.43924525487128496,0.4926487971466143,0.5437487034735214,0.8080618701663933,0.24896087567487615,0.9235832023811871,0.2852729479779078,0.4962846234615496,0.3005138033682672
1.0,0.39688311688311695,0.9392348124706448,0.4458002776829093,0.4925858362156273,0.5553161772494016,0.7961096789313334,0.2479550329117665,0.9292281038998867,0.3332730262810032,0.4962180052735194,0.3113365868713946
1.0,0.3437229437229439,0.9393878900196506,0.454940893278384,0.4928119647295823,0.6000894554135775,0.7637684555894072,0.19626506915169,0.932594243552734,0.3739224583445876,0.5233123846025852,0.2070654928387748
0.0,0.4167965367965367,0.9399576255203772,0.4578016965556077,0.4973570509030749,0.6261487287997716,0.879071947504101,0.3220915612750538,0.9390563659002706,0.4309957507983508,0.5183415819295429,0.4772711205372921
0.0,0.43255411255411264,0.9391553209630276,0.4613143116028274,0.4946213342677098,0.5873849136522696,0.8985235528474338,0.2760076917387766,0.9385624086446036,0.4351827704724064,0.5013401425946644,0.4825379992930354
0.0,0.3925541125541126,0.938363158168544,0.4579037919290862,0.4958668581424293,0.6003050044688684,0.857979845324584,0.3027364839878708,0.9377682404096196,0.4316417583385007,0.5144667105153115,0.3861240582034449
0.0,0.3825108225108224,0.9380647162288772,0.4568996167815603,0.49513883400017605,0.5935678439674286,0.864776189360206,0.3594778492715039,0.9359953556388094,0.3950370120240753,0.4889408271962859,0.4439098548255069
0.0,0.3459740259740258,0.9370255153489508,0.4474664848490248,0.4966054575713886,0.5750171041328219,0.8230606983829386,0.35488499371348303,0.9346121034885844,0.3877024574037666,0.4853612385664646,0.3163267010808739
1.0,0.30164502164502144,0.9363471722708276,0.443777538224008,0.493837604517019,0.5931698594516988,0.7534567611905316,0.2635973670586496,0.9355953591689988,0.3932558934729576,0.4885765986730897,0.16425266041864994
1.0,0.2957575757575755,0.9358519534597128,0.4474311738238321,0.4933959309068588,0.606619539915689,0.7710335130067959,0.30902300125730353,0.9415157353826179,0.45030684243707103,0.4615479050614511,0.1857030688785309
1.0,0.3411255411255412,0.9346835105741416,0.4339030981398204,0.4963305035535018,0.6008563517623953,0.8352472463088821,0.41487316026921095,0.9477037459044066,0.5011582068114853,0.5067313703978429,0.4287241684625538
1.0,0.3061471861471861,0.9328200554714632,0.4288117341559377,0.4941784036353346,0.6110075074466877,0.7588469650808529,0.28093336291694376,0.9499691887460632,0.5275540350080806,0.4798757617956039,0.21620808900917166
1.0,0.3052813852813852,0.9317256879725262,0.4253631019097602,0.4940887994593965,0.6191965663980362,0.7712678696976798,0.32906589749278936,0.9564414984173392,0.556197954874171,0.5021940222247199,0.3303763845035837
0.0,0.3572294372294371,0.9285365423597356,0.41618012134226,0.4974160354990393,0.6100490176210829,0.857979845324584,0.4188299681976189,0.9600342756672562,0.5601424667575234,0.5022804845766878,0.4401510215673503
0.0,0.3657142857142856,0.9259083055504403,0.3992981075606924,0.4983106646714248,0.6024571720308396,0.7738457932973986,0.3184453812587826,0.960632915223653,0.557105748742888,0.4257437706394667,0.19395579612088465
1.0,0.3018181818181817,0.9219512608402668,0.3727948301196505,0.4976977717183212,0.5676149896077591,0.7335364424654323,0.3377338954219361,0.9672474372053608,0.5928919954838897,0.44085300522586623,0.16263218563624576
1.0,0.2943722943722944,0.9215838843401928,0.3731610787431271,0.4972890382499616,0.6180400837793776,0.6850246074525428,0.3164854670512538,0.975732645387038,0.6584844941934114,0.4210638413527434,0.059322741776508474
0.0,0.36831168831168826,0.9191573685364124,0.34374158097003005,0.5021807440290162,0.6203695931245209,0.7996250292945861,0.4365357591894091,0.9882129146598242,0.7571057542838184,0.4942262067081685,0.06515601783061017
1.0,0.4173160173160172,0.9154702946584296,0.3151514719964127,0.5017642552547137,0.6286892961854303,0.8378251699086009,0.5078692404407964,0.9954380491114628,0.8269286771774136,0.5495213147702578,0.1865141481035523
0.0,0.4893506493506494,0.9120695377111164,0.2919444510721693,0.5029673852512297,0.5022383459219861,0.8743848136864307,0.5591968049700463,0.9993991663093679,0.8981530245380854,0.5455851409179302,0.3336544250451514
0.0,0.5274458874458874,0.909297301309682,0.2940506950923785,0.5052056705417363,0.0,0.9571127255683148,0.6387397381850454,1.0,0.930516273621946,0.6327820264204569,0.7126429861529197
0.0,0.5520346320346319,0.9071539485878072,0.2960937036931868,0.5068039698327127,0.7072184244092837,0.9906257323646588,0.7282005768804082,0.9961854005565632,0.9358755720022154,0.6553076933757574,0.7589102950030095
0.0,0.5406060606060605,0.9036438484918471,0.2859643278331612,0.5063352061936448,0.6999125181980531,0.960981217401218,0.7610531765401967,0.9899797813143864,0.9038031098608592,0.6392159289748066,0.8457104017722284
0.0,0.532121212121212,0.9022578678351982,0.2837097038088093,0.5058870032469902,0.0,0.9417425919416288,0.7900673027142959,0.98295041460211,0.8741178295681926,0.6560619140187768,0.8321155917755598
0.0,0.5134199134199133,0.9008236348507729,0.2821948035688018,0.5041748332863775,0.7798747099243846,0.9809323845444959,0.8999926040973298,0.9772513799062932,0.8652102176390277,0.7178663349292791,0.9860246751828792
1.0,0.3816450216450215,0.9010187549821238,0.2971115218320569,0.4958493137274829,0.4809014243731837,0.9914241960183768,0.7834775534353966,0.9690057541740388,0.8405178963172133,0.6389752386954207,0.9992632448482957
1.0,0.3109956709956712,0.9000810350741872,0.3069008413287452,0.4945793183849485,0.4107619918643657,0.943653250773994,0.7515864211226979,0.9648775389071332,0.8352981774489907,0.6682315969669332,0.9735161352285808
1.0,0.2997402597402597,0.9018609746666744,0.3371131187921691,0.4938340688964098,0.4321033115811272,0.915170278637771,0.6826640041417056,0.9595069499448194,0.8104114048638955,0.6610562481027852,0.8525478030919451
1.0,0.28554112554112543,0.9017537877910596,0.3504989339944357,0.4927403226182489,0.5199787149888953,0.9557275541795662,0.7504696398195396,0.9558758349414151,0.8034206338065615,0.6732771537196911,0.948975378103545
1.0,0.27151515151515165,0.902234336165766,0.3635244749962988,0.4918109132909636,0.4456315225893861,0.9126934984520126,0.7357961689224166,0.948230423414357,0.7579873497641254,0.6660294058782708,0.8235946936457946
1.0,0.2848484848484849,0.9024100490471216,0.3702211103870383,0.4927114319299752,0.4458349960964539,0.9591331269349848,0.8249833592189929,0.9428734556706851,0.7246886815366796,0.6708379634753469,0.8505908452936114
0.0,0.27896103896103897,0.9019905771018226,0.3769133618024533,0.4922413246800252,0.4456107501088669,0.9950464396284829,0.8578433547814517,0.9380143071680124,0.6852793304497611,0.7172561088782302,0.9754141627415956
0.0,0.27290043290043275,0.9004113735640541,0.3820848924393,0.4918763065144017,0.4859052903124305,0.9683744465528148,0.8110568744915314,0.9323978495691684,0.6747844083878811,0.6460043760950248,0.997576621525302
1.0,0.2576623376623376,0.8989187353780568,0.3680398344845538,0.490854440943653,0.5472703659327364,0.9177735610373184,0.7811404481917017,0.9270609228900372,0.6934228214586755,0.6320519520935812,0.9417225150194116
1.0,0.2318614718614719,0.8983393768031167,0.3582388303554065,0.4927420866471192,0.4772138771010754,0.9152435167615436,0.7301235115745879,0.9218874842447646,0.6776321097256499,0.6232145252307764,0.9164768907107396
1.0,0.2192207792207792,0.8986294459383974,0.3562507058824752,0.4918674822605865,0.4776715550026047,0.8880455407969642,0.6981732120405298,0.915791474032268,0.6475725670804928,0.6058514823166734,0.8623578832016805
1.0,0.19653679653679668,0.8990762365681464,0.3755559740745388,0.4940026701429235,0.4897260721496178,0.8611638203668568,0.7329117668811477,0.90888145549624,0.5835942015669809,0.6268816111946875,0.7867677275010263
1.0,0.1847619047619048,0.9003401449608666,0.3963123770098291,0.4931898336198408,0.5006106679878082,0.8870967741935486,0.7947563050070265,0.9016002129805992,0.5376769947051877,0.6213766628437476,0.8398931555636728
1.0,0.1729870129870129,0.900874118883758,0.4130385891242476,0.4923772310433855,0.5169636716725939,0.8931056293485136,0.8369425338362545,0.8938390085606294,0.4745837397075599,0.597019997389189,0.8827748360072696
1.0,0.18285714285714288,0.8989449400153637,0.4101533065177867,0.4893245105520432,0.6013818565366011,0.8969006957621761,0.8278529694549224,0.8833824330015678,0.3850362290046143,0.5932183241050552,0.8544582968795561
0.0,0.2356709956709957,0.8956922787320192,0.3972411183473549,0.4892611436639643,0.5012518728467639,0.9326375711574956,0.9530729975593524,0.8746893230241715,0.31506224766218105,0.6067634599709493,0.90215108508878
1.0,0.20987012987013,0.8905222695422171,0.3669874720796269,0.487462254100054,0.4970752301763673,0.8557874762808353,0.8252348199097705,0.865041096755385,0.2586108732947794,0.5667346229152864,0.9713827881987004
0.0,0.27896103896103897,0.8869477057863697,0.3450163846177038,0.4886474430543483,0.4575318395103784,0.8905755850727389,0.7544190518452782,0.8606649628885201,0.2377725153455347,0.5582141075024853,0.9754761335564596
1.0,0.2552380952380954,0.8832128112627406,0.3260195152413273,0.4870029577047539,0.4511216595204154,0.8453510436432642,0.7356112713556692,0.8562574872527657,0.21275711436046288,0.5500945643765001,0.890476383211236
1.0,0.21991341991342,0.88215126919468,0.3241277118273929,0.4844718568839471,0.4513599358223457,0.7520556609740673,0.6560757340433402,0.8521796049752639,0.1808000604998881,0.5533218393064963,0.7218197272028172
1.0,0.2308225108225108,0.8808803114473125,0.3225244527242305,0.4852650844827355,0.4531456774523783,0.7915876027830491,0.7007100066563129,0.8514036892617283,0.1723124491739088,0.5912307212411785,0.8827255433682767
1.0,0.2377489177489176,0.8803487289733134,0.3156432243679808,0.4857749592149818,0.4552341910850488,0.7786211258697027,0.693669107314548,0.8484702999452769,0.1487389808408771,0.5843936395829128,0.8847290241631928
1.0,0.2389610389610389,0.8792537470814268,0.3030401190381028,0.4858581734866197,0.4514014687261605,0.7909550917141049,0.6523851786110492,0.8454462041995818,0.12641718800135465,0.5475174605900363,0.931335249119682
1.0,0.2181818181818181,0.8783711676532673,0.2849264712915299,0.4843557430770255,0.4453119874981002,0.7463630613535738,0.5765032172176615,0.8399989993318668,0.09430049317434892,0.5475044127153441,0.9215298687567512
1.0,0.2214718614718616,0.8775108272563139,0.2816482904721328,0.48459816788106796,0.4290851528619666,0.738140417457306,0.6138451297980918,0.8371562607982048,0.08198909451940589,0.5699026929339495,0.8554715333164777
1.0,0.14441558441558422,0.8766704030099508,0.2866735738669369,0.4824426616824596,0.4356404666521439,0.6015180265654649,0.4292212114488571,0.8350217057710052,0.0704896720786401,0.5021915594353031,0.5836991748454259
1.0,0.15826839826839828,0.8774265104681263,0.3032503682337936,0.4797725277546294,0.44943345673168017,0.6201771030993044,0.3809703424302936,0.8385700291026337,0.08486280859679074,0.476582722861989,0.5874704491725764
1.0,0.20675324675324672,0.8764491152424243,0.3079865745456455,0.4834281422584914,0.4516546587237206,0.7425679949399118,0.4386435914503368,0.8392658506746571,0.08202002779702383,0.4592191909199774,0.6950723660648456
1.0,0.23012987012987024,0.8762060736057009,0.3118035935718445,0.4851983242265538,0.4569681501352445,0.7160025300442758,0.4665113527105982,0.8349270532899362,0.042016122367831865,0.4771991427285857,0.6630290517622774
0.0,0.2502164502164503,0.8742626027170648,0.31253452908998625,0.4866659992604029,0.4572711131585761,0.7979127134724862,0.5732564159455661,0.8339710482938059,0.03675345886348708,0.4908034966691314,0.7838287652474358
0.0,0.2690909090909089,0.8741166354223364,0.3249335447179784,0.4880887896573754,0.4527841029197037,0.7884250474383302,0.4273056726573482,0.8311139455407304,0.013448029185500364,0.4636253599953506,0.7803948005983109
0.0,0.2313419913419913,0.871215365608413,0.31488557061194355,0.4890039367494382,0.4448421518986144,0.7422517394054399,0.3673249020042897,0.8306379964024624,0.01970395269747266,0.47839828701739295,0.5742227671861407
1.0,0.25645021645021626,0.8679988163891408,0.2923647264928325,0.4909438159099129,0.4402086111997263,0.7112586970271979,0.30201908142888834,0.8299561332870204,0.0,0.489900365185132,0.4548690768135429
1.0,0.2801731601731603,0.8636598001331108,0.25270555852223564,0.4928039843944472,0.43559713149233625,0.6888045540796967,0.2515124620959988,0.8333949697766576,0.010952593130705124,0.5098384693197302,0.3312960859610222
1.0,0.2903896103896103,0.8612366431332614,0.2280672963378151,0.493613446703193,0.4147016190712564,0.6774193548387101,0.1561570889727088,0.8392476771894204,0.0351752625898471,0.5275275249401644,0.29006031562422474
1.0,0.2188744588744589,0.8595466872383251,0.2158093381731797,0.4917993004417285,0.4098634431070124,0.5524984187223277,0.0,0.8454555801739461,0.06043861289644802,0.4532209385115417,0.03703982874544067
1.0,0.22285714285714292,0.8585449293827327,0.210795245361711,0.4921235796346766,0.4148380500448268,0.5253004427577485,0.07221359366910696,0.8559028663829801,0.10755230595308383,0.4363354551575525,0.0009082217973226717
1.0,0.2535064935064935,0.8578141736298819,0.2068038365779219,0.490846442944697,0.41445501169557575,0.5610373181530677,0.1309814362842982,0.8645243302884129,0.14250466704533832,0.4094945963180941,0.0862495860209112
1.0,0.2235497835497835,0.8563113112190108,0.19662531355195767,0.4921916705993271,0.4101579719945069,0.5202403542061989,0.07996449966718439,0.8714924588387303,0.1910563831390304,0.4308184462664726,0.045740260129914605
1.0,0.2413852813852811,0.8561994057131423,0.1949448046429778,0.4936608823039652,0.4159756418250231,0.4905123339658443,0.11587900303231975,0.8804721087532108,0.2503516402644739,0.4023566134467396,0.01328732221756342
1.0,0.2547186147186146,0.8560038597620822,0.19247226263296424,0.4947028193927697,0.4152115010536682,0.5490196078431374,0.12881443680201116,0.8886889897829133,0.3047879842281779,0.4078952861010608,0.04418357145160709
0.0,0.2644155844155843,0.857220218485274,0.2028210533228858,0.4954762580760874,0.4238198518265608,0.57337128399747,0.13382885881221795,0.8979944140117571,0.34813892122925083,0.410182159107548,0.06113135743541754
0.0,0.27601731601731605,0.8542977722671954,0.18343960424796224,0.4963928148074966,0.42583148730289055,0.6034155597722961,0.1684860587234676,0.907676921446104,0.3893197828435302,0.4265211788022129,0.10060926584359263
0.0,0.3591341991341991,0.8508811624655821,0.16382462459258162,0.4994874373292892,0.41250803414170056,0.6103731815306769,0.2071592337844831,0.91460482992724,0.4100124390849291,0.3964688224632563,0.1780092551233719
0.0,0.32554112554112546,0.8485029837966938,0.14873776637400704,0.4969405292467466,0.4289594354246021,0.5385831752055663,0.19076991346793928,0.920137918157129,0.4138841267096592,0.3733479584156051,0.036448748414301714
0.0,0.32883116883116903,0.8506168397131086,0.1659585940192152,0.4970272568359633,0.4376747811434414,0.6037318153067681,0.2889505214111381,0.929280400833388,0.4502574690089365,0.3759303420394178,0.17973777348777348
0.0,0.3477056277056274,0.8556607376397267,0.20511677710107332,0.4983748892690849,0.4406656621055457,0.6802656546489563,0.33863619554766605,0.9353244032554956,0.4756162816417734,0.4060632860863012,0.3299549549549543
0.0,0.29610389610389626,0.8591290996849821,0.2390022551482149,0.4941093651605477,0.4341175653325367,0.7144212523719168,0.3381480659714513,0.9383504048901591,0.5108852909125837,0.4050355454066487,0.3069095881595875
0.0,0.2737662337662338,0.8602265504810351,0.24664271746477984,0.4961810235581374,0.43125473714454415,0.6748893105629352,0.3433325937430667,0.9423097861275632,0.5318405175834011,0.4086371047375167,0.2005509974259981
0.0,0.273073593073593,0.8576026643791568,0.22331156334156288,0.4962150726607496,0.4518112490454882,0.6138519924098672,0.2669846904814732,0.9478640005749116,0.5713986829908555,0.35935914387148205,0.025619369369370724
0.0,0.3913419913419912,0.8566342254317274,0.2088646918149576,0.5015952936236073,0.4528486673494722,0.7874762808349146,0.446490644183122,0.9584673569295374,0.6354690214293552,0.4751096556358057,0.2700783421784172
0.0,0.3475324675324677,0.8549883875530753,0.20090312355116746,0.5017659433853059,0.4583689301094068,0.7732447817836815,0.4447008357370017,0.9619795705381846,0.6693595860920043,0.4733131311011958,0.2508264570372482
0.0,0.38753246753246745,0.8543964199176739,0.20761389477579706,0.5011613230729091,0.4561242824356532,0.7862112586970276,0.4887064566230309,0.9671294106476818,0.7111562743743107,0.4756605572517622,0.07945729568882845
0.0,0.410909090909091,0.8504056552011172,0.18728398890435327,0.5029416698905059,0.4870820920317965,0.8295382669196715,0.4855705938909846,0.9713214118514396,0.7628789460077359,0.4723610716342165,0.15756845796875402
0.0,0.4884848484848484,0.8473571170208611,0.17876212433285674,0.5052471526839107,0.5754594453906033,0.8905755850727389,0.5866577915834625,0.9752402612925511,0.8135532733047379,0.5566430795231213,0.5391184573002739
0.0,0.5224242424242425,0.8460086873688692,0.1860944184296386,0.5040872656381213,0.6006996150265009,0.9414927261227074,0.6574735596479548,0.9750037360267972,0.8394348380337244,0.6231579688263259,0.7759543486816206
0.0,0.4741125541125541,0.8476911859617469,0.2150254557063568,0.5036668015384476,0.5654586302189246,0.9411764705882352,0.618038606611937,0.9713988690818188,0.8250225646647342,0.6113639347127645,0.6941106400868854
0.0,0.4197402597402599,0.848205633342962,0.23297650178263885,0.5031844168732108,0.43877361924572666,0.9041745730550288,0.6686709562902153,0.969118865965172,0.8176933839555965,0.6602203586592442,0.6614231160004196
0.0,0.4815584415584414,0.8457934046037121,0.2268389943416095,0.5041188100376146,0.5701202082057729,0.9528779253636941,0.713578877301975,0.9646939848200328,0.7929329454279495,0.6961903104313172,0.8513124721933852
0.0,0.4884848484848484,0.8440667776679058,0.2299335725027607,0.5048660108181775,0.5628934794650651,0.9171410499683748,0.7708453516751724,0.95858638457363,0.7724165449227303,0.7357706982580559,0.8047802500196558
1.0,0.44121212121212106,0.8424737089092385,0.2312800213570284,0.5008518158264291,0.6011771499129924,0.9332700822264388,0.8204200872716518,0.9527090715633622,0.7515679650025702,0.7237981299003231,0.8399103040429139
1.0,0.4748051948051949,0.8424224561967661,0.23961386810363194,0.5034194382612717,0.6436938518343279,0.9320050600885516,0.8268619184971522,0.948652425308146,0.7474753709964279,0.6852986038760843,0.867078379314325
0.0,0.4853679653679654,0.8429064788830978,0.2575779914844998,0.5040585330163689,0.5378043541566885,0.9718532574320056,0.8073663190592409,0.9445955063348932,0.7393558643255029,0.628954903970663,0.9296988990582298
1.0,0.3799134199134199,0.8409075544879461,0.2559923527924496,0.4998519264893213,0.4595268197856103,0.9317738791423,0.8225057318245693,0.9396890701685016,0.7347119258130155,0.6383583639466672,0.9797005939305192
1.0,0.4458874458874459,0.8405561361252494,0.2658716502789866,0.5051001176047218,0.4890379319178351,0.8853151397011045,0.7601360846091261,0.935454382072444,0.7502002745064351,0.6232223505963187,0.8838075810245403
1.0,0.4116017316017315,0.8407811553332609,0.2718335900715163,0.5022649540563164,0.5062027398921141,0.9035087719298248,0.6648546705125362,0.9312307901631836,0.7570928333860463,0.5337027713136232,0.8809766657646587
1.0,0.3310822510822509,0.8453098268693096,0.3122694590634203,0.49617545349069,0.4967207762210078,0.9064327485380111,0.7661637452851127,0.9271285400807516,0.7668124868874411,0.5457876060810919,0.8966299619075376
1.0,0.33021645021645035,0.8469302991818906,0.33242444550855754,0.4960527194113885,0.480241546338753,0.9314489928525016,0.7417942459877228,0.9190532726794192,0.7337204207802088,0.5753120792485822,0.9984071133089248
1.0,0.3357575757575758,0.8465811669357055,0.3412829584918253,0.4965433492818503,0.5163767750264171,0.8898635477582846,0.7234524073663189,0.9130318330052992,0.7265570214615833,0.566523466788941,0.951028817454238
0.0,0.3281385281385282,0.8455746659241639,0.34626089047675823,0.4958589624784081,0.4585686214632115,0.944119558154646,0.7308039346202206,0.9070424114215332,0.7104099089981188,0.5740219342627292,1.0
1.0,0.3000865800865801,0.8457275743716959,0.3628272191473966,0.4940043828737904,0.4456555887861333,0.8830409356725143,0.7444937504622443,0.9006595985613328,0.6949860362815032,0.5830675169226079,0.9333352229245216
1.0,0.29627705627705625,0.8450213670640705,0.3690812154982611,0.4937224379286524,0.4429318086867491,0.8843404808317088,0.7426891502107833,0.8947728562089696,0.6888081236410104,0.5807904778551318,0.9813017960893028
1.0,0.2685714285714284,0.8452367109772536,0.3818279497076323,0.4955286068375226,0.4533374406617638,0.8525016244314488,0.7303601804600252,0.8890208702303108,0.6853363033573627,0.5746729632740272,0.9100743337160808
0.0,0.2727272727272727,0.8453112425830465,0.3919829822263856,0.495778514035492,0.4454790663069021,0.8940870695256659,0.7643221655203019,0.8822572588595003,0.6735033990550527,0.5524728126281357,0.9902909904868488
1.0,0.2469264069264068,0.8433393112812209,0.3867659850586417,0.494022433794713,0.4489951748292549,0.8424301494476929,0.8203757118556321,0.8741773368154366,0.6324712416038769,0.5829905688356279,0.9531652580124736
1.0,0.27549783549783546,0.8401342578887445,0.3677743045252628,0.4960578592065508,0.4437536755241706,0.8297595841455486,0.7930404555876052,0.8665053140425802,0.6031238902059971,0.6206796875431759,0.8918802075145426
1.0,0.283116883116883,0.8378157137386251,0.3520472034038796,0.4966206122186208,0.4419230431117191,0.813840155945419,0.7806301309074775,0.8616540041520422,0.595967828955443,0.604200032592397,0.9369595975475556
1.0,0.2207792207792208,0.836506313547372,0.34404962439555564,0.4959207695887161,0.4322338269031924,0.7335932423651721,0.6876266548332226,0.8555755407754102,0.6021609191287939,0.5859200167891484,0.9704022569191108
1.0,0.20415584415584406,0.8355994373795887,0.33990471434159364,0.4947240377150699,0.4167896430732269,0.6803118908382065,0.6708897270911915,0.8514465848677804,0.6144179052108758,0.622570703738807,0.9316357799503854
1.0,0.17333333333333314,0.8328514356792178,0.3259410187097157,0.4924209133461778,0.4167659452147943,0.5968161143599737,0.5838769321795722,0.8461853456884032,0.6188271144012567,0.6123009738423506,0.6840799649788403
1.0,0.1825108225108224,0.8321801908372715,0.324359524313668,0.4930770027472313,0.4183549661260784,0.5591293047433397,0.5562088602913983,0.8442159964577078,0.6497263651555003,0.5921101929412425,0.5251228172576485
1.0,0.16935064935064936,0.8321757522805839,0.3325550854067142,0.4921366626287976,0.4293382587229144,0.5935672514619882,0.5484283706826418,0.8446077320928074,0.679297805871445,0.6341072507452844,0.5130113332360532
1.0,0.21038961038961024,0.8342080162331815,0.34054051824817705,0.4914437727656269,0.4275815101798429,0.6702404158544507,0.5671178167295315,0.8459205816643038,0.7065752197495309,0.6502409881771394,0.65491998638066
1.0,0.16692640692640692,0.8328031559413309,0.32562238853818193,0.4919796773434335,0.44349779700272973,0.6306042884990252,0.5340803195029956,0.8447595283257596,0.7173942151001944,0.6717813023515972,0.5833211732088142
0.0,0.2562770562770562,0.8293400800013622,0.2845756741310471,0.4948196312645953,0.4447201054214208,0.714100064977258,0.5745506989128029,0.8431337143024984,0.7434268879578344,0.6573904725117052,0.6496181720900832
0.0,0.35411255411255393,0.8244133347619724,0.249896251387474,0.4983092783709941,0.4396892911614941,0.7966211825860947,0.7131499149471191,0.8405364801847419,0.774798004167746,0.7426625532006522,0.959628386594678
0.0,0.31393939393939385,0.8221534786970819,0.244484946969328,0.4954931614307607,0.4401985772314396,0.7124756335282647,0.5955180829820281,0.8328772745362567,0.7568378501405033,0.6925557354826936,0.8860370296103192
0.0,0.2924675324675322,0.8218268280552671,0.2658397571635718,0.4937971918879829,0.4391163935734651,0.7251461988304091,0.6255380519192371,0.8304208940963862,0.7626891938005433,0.6811072320139945,0.9600628300247316
0.0,0.30303030303030304,0.8217397693724158,0.290815240455546,0.4945956925969763,0.4402812423701529,0.7183235867446394,0.5983433178019376,0.8260905752781096,0.7592585837042689,0.7017671872999766,0.8817749492971524
0.0,0.3174025974025973,0.8191389363973993,0.2939756416225603,0.4956517292226738,0.4242929098227373,0.7485380116959061,0.6128097034243032,0.822833058849679,0.7759377750307401,0.6728157387538778,0.9362141408287464
1.0,0.28709956709956685,0.8157945330594818,0.2823946293477961,0.4935506706842074,0.4269113704640782,0.6302794022092265,0.5701575327268694,0.8190197301552955,0.7847695360901157,0.6312405310887711,0.7672060753051562
1.0,0.3248484848484847,0.8134588172824215,0.2709897424111146,0.492718311069817,0.4212749259488318,0.645873944119558,0.5707196213297836,0.8161105788631888,0.7804093036528299,0.6320004920234938,0.7905848674008985
1.0,0.2898701298701298,0.8113509494449058,0.2541849844674983,0.4937774516041069,0.4199491937618707,0.6114359974009095,0.6213297833000516,0.8129332774717672,0.7790900962639051,0.6822286083862201,0.7314222098524905
1.0,0.31376623376623386,0.8085704979749064,0.2354059333560624,0.49562865865965905,0.4171841714842212,0.6091617933723197,0.6085644552917681,0.8094334309754299,0.7703770670617154,0.6713719465247588,0.6533736233151753
1.0,0.3352380952380952,0.8081775743943482,0.2328915940610775,0.4974721328294507,0.4187503233069599,0.5575048732943468,0.5488869166481769,0.8089868413648118,0.8059440346547709,0.6071071068235205,0.3633258618849397
1.0,0.2619913419913419,0.8117468358349341,0.2647265477853509,0.4916550170587101,0.4188862143779385,0.5604288499025339,0.4929738924635749,0.8108468727976899,0.8513247668957573,0.52829349904442,0.3682712491550128
1.0,0.20277056277056266,0.8162099641541523,0.3037520830890185,0.4872232337762706,0.4177199042829165,0.5756985055230669,0.5655129058501587,0.8130328089626107,0.9062476357432052,0.569397939384487,0.5095883587718352
0.0,0.2514285714285713,0.8200552396512066,0.3413271662572771,0.4870678968325822,0.4151526276743032,0.6130604288499022,0.6181051697359664,0.8117741825237106,0.9504725168740636,0.5930165694712118,0.6802220087522673
0.0,0.20606060606060614,0.8226843038924687,0.3737973734651311,0.4837630077500224,0.4176150611755944,0.6400259909031838,0.6554322905110566,0.8088814027625209,0.9609695721602602,0.5826900991314816,0.7125630571487787
0.0,0.15307359307359314,0.8261625396402585,0.408531113148079,0.4837559409626458,0.4218204265080653,0.6192332683560754,0.7017528289327717,0.8051359488162293,0.9653627082654632,0.5819447703814165,0.7861860908224834
0.0,0.14320346320346314,0.8274393736266752,0.4253971606250391,0.4830248241517618,0.4222645382393345,0.5873944119558154,0.7108128097034248,0.7992627639742649,0.9304957851268424,0.5901282507606921,0.7383639509020521
0.0,0.13818181818181802,0.8290663202176625,0.4411314892261899,0.4864021673664966,0.4204576882866917,0.5851202079272252,0.7999186450706313,0.7954739546740901,0.9389621822957824,0.6028244236154822,0.7998795798675384
0.0,0.11740259740259718,0.8317415108059343,0.4613465921626588,0.4850783925680837,0.4215800833983082,0.6358024691358022,0.7876636343465724,0.7921003899311554,0.9563260911480138,0.5733965259571362,0.8835617845913568
0.0,0.11532467532467527,0.8315834185176985,0.4624343641974131,0.4849930128681905,0.4214245059617785,0.6656920077972708,0.7625101693661709,0.7877437891863956,0.9969462185040529,0.5272149503642243,0.9148599494461678
0.0,0.16138528138528127,0.8290327846408739,0.4387224618640263,0.4881470067258663,0.4194302603709399,0.6371020142949967,0.81213667628134,0.7799557882082382,1.0,0.5581244195644273,1.0
0.0,0.15757575757575748,0.8330766765236759,0.4719954983091207,0.4878612752297851,0.42448856775870347,0.6153346328784924,0.8544782190666376,0.7714321997123585,0.981718252016592,0.583751933567645,0.8772865527138758
0.0,0.003636363636363521,0.8394016319397128,0.5221596765127768,0.4783781908720536,0.4274279484909023,0.6575698505523065,0.8740551734339176,0.7670314138677989,0.9575960168657374,0.613947009105651,0.9504410212370052
0.0,0.0,0.8441871492856676,0.5660800396451291,0.4780657929505186,0.4307356705279672,0.5924357034795764,0.7888617705790995,0.7616542934730803,0.9250367284863056,0.5573360206626112,0.9559843400447432
1.0,0.05021645021645008,0.8414452862995512,0.55243845062861,0.4775927578566134,0.4308212834513955,0.6012102874432675,0.8516012129280381,0.756325821948107,0.9077656822167957,0.5330125410979605,0.95909768829232
1.0,0.047099567099567086,0.8409165465498558,0.5567606192160248,0.4773333722446103,0.4317295086482097,0.5830559757942511,0.8640115376081652,0.7486278126108361,0.8637121442328562,0.5393669653842977,0.9592917362975756
0.0,0.002597402597402709,0.8378507368365127,0.5455987948269014,0.47461809285965795,0.4351209405264101,0.5885022692889562,0.8499223430219658,0.7412936716016005,0.8288301003609693,0.5829639819407041,0.9445706667668092
1.0,0.09835497835497824,0.8349631165471469,0.5322354069522227,0.4808415838150345,0.4377252139375063,0.567019667170953,0.8843354781451074,0.7349592284097948,0.7969430607377048,0.5448887782496776,0.9847683274228232
1.0,0.07272727272727278,0.8286214806145802,0.4957268519436031,0.4790301761973581,0.438179767414464,0.5161875945537067,0.7832260927446199,0.7272739503101866,0.7740954592870397,0.5310378322515632,0.8373561792821846
1.0,0.10458874458874444,0.8262457057745354,0.4803940483862274,0.4811265247708394,0.43615072039833225,0.5098335854765506,0.7847348568892836,0.7223695172356823,0.7802109998505571,0.5318526072391608,0.8328340552195239
1.0,0.10943722943722932,0.8244986004420278,0.4803649767483904,0.4814043531745791,0.4367551179602871,0.4889561270801815,0.7957547518674658,0.7150142981080749,0.7745053560174604,0.5375803261028925,0.8116926482092777
1.0,0.14285714285714285,0.8237475010276347,0.4809648960062387,0.4837342018059968,0.43113063871319135,0.5682299546142211,0.9046372309740408,0.7071164467757621,0.7370156060807775,0.5643058236249588,0.9585948978228932
1.0,0.08380952380952364,0.8230203393858644,0.4859266621560897,0.4794265048343986,0.42845389320338506,0.4423600605143719,0.8748613268249394,0.6949194804357028,0.6741932421714039,0.5530704776593676,0.9824309721652952
1.0,0.08380952380952364,0.8216815519480969,0.4764700110395541,0.4793824870552637,0.4281452881045089,0.4266263237518909,0.8979809185711116,0.6823138580319159,0.5671689739667771,0.5646605876845664,0.993641640571298
1.0,0.1014718614718612,0.8210341904583305,0.4776238448452578,0.4768720341506274,0.4261354848070043,0.4323751891074128,0.9845203757118558,0.6725138654778648,0.5167147170918793,0.6036185309034658,0.9712132279699844
1.0,0.0763636363636363,0.8186775791722793,0.4715539012463207,0.4787675433490794,0.4285676944120208,0.3927382753403935,0.8161896309444565,0.6630622474172148,0.4696198548321775,0.5124633293131329,0.962203860305984
1.0,0.15116883116883126,0.8162643742153972,0.463820665816369,0.4803313212030834,0.4286005316572,0.4369137670196672,0.8031876340507358,0.6574659664555011,0.4727883923082806,0.5082963553221135,0.9848906208484638
1.0,0.15705627705627695,0.8138076019297247,0.4537180681972161,0.4807153963299949,0.4311630779780637,0.4130105900151284,0.7343317801937725,0.6495661192653437,0.4553438322773919,0.4808275601150728,0.8
0.0,0.1735064935064937,0.8132668091385786,0.434293664807944,0.4819166850468605,0.4310042272360423,0.4532526475037823,0.7708083721618224,0.6448676195969316,0.4396736675124479,0.5089784232221323,0.8900516913031652
0.0,0.2084848484848484,0.8131135975683323,0.4169563123459822,0.4806818366416883,0.4272041840998342,0.5055975794251133,0.8330227054211969,0.6352369636452586,0.4073283242858366,0.4950439065982821,0.9793597533327294
0.0,0.1748917748917748,0.8124656775741639,0.3942140181564112,0.4782535358579708,0.42337393966380665,0.4354009077155825,0.9046963981954,0.6242545259812617,0.3546704965599685,0.5306200806673516,0.983891658114646
1.0,0.0609523809523809,0.812248938241769,0.3927024850082875,0.4692873429465766,0.43130039573663387,0.2357034795763992,0.7578729383921305,0.6167622577097298,0.3296019351605704,0.4971696802356238,0.7811755509231684
1.0,0.08155844155844169,0.8136060975128339,0.40434442139382587,0.4671591559951072,0.43354624577217793,0.2698940998487141,0.6994674950077657,0.6170666911629206,0.3425946631016312,0.4532293035576046,0.786982578916021
1.0,0.11740259740259745,0.8143487890908081,0.4108518646154353,0.4699447471638592,0.4362503636689052,0.3546142208774585,0.7362473189852822,0.6178857213472506,0.3424877869187598,0.4754140561893678,0.9670562835020842
1.0,0.09696969696969712,0.8142272047838961,0.415501370365156,0.4682791580002428,0.4370251681703921,0.29773071104387305,0.5894904223060425,0.6132602937095553,0.2987735330689682,0.4468572987343766,0.9601777699551176
1.0,0.10493506493506498,0.8123294161422885,0.4099890476552561,0.468841646739426,0.4363930607651125,0.286535552193646,0.5890318763405075,0.6121686292351649,0.2928050813576341,0.4469243428916176,0.9050779510022272
0.0,0.14839826839826828,0.8102736825035628,0.4077307229243051,0.4684094846798497,0.4300602180610764,0.30045385779122524,0.5354929369129501,0.6111303390701976,0.3036599262867288,0.4185667279781891,0.9300445434298444
1.0,0.14268398268398258,0.8077352432640248,0.4030275640988759,0.4679070595990406,0.44070445370932937,0.2611195158850226,0.4436358257525331,0.6103766447847874,0.3287090374246249,0.4258950706479193,0.8232770883942837
1.0,0.2058874458874459,0.8064990592625565,0.40258512543297403,0.46907193024043203,0.4307372719782904,0.3295007564296521,0.4760150876414465,0.6090479232256021,0.3047205125114624,0.4406289133486939,0.8384339136544614
0.0,0.19826839826839807,0.805960465024274,0.41089231342537,0.468478465778258,0.4145401162959956,0.3031770045385778,0.5112417720582796,0.6039779595566563,0.24493082083815004,0.457308940901581,0.7979168621563288
1.0,0.1657142857142856,0.8059364312802626,0.4188837685838992,0.4696485769346788,0.38531976996335227,0.25839636913767,0.5054359884623918,0.5975368616077403,0.16353532178382027,0.4545951107433999,0.749160176409871
1.0,0.14753246753246746,0.8062337228604908,0.4315077309733349,0.4681321181743341,0.3681786071601059,0.2021180030257184,0.4855927815989942,0.5944928160487617,0.1391766879082536,0.44483597019264093,0.6173594820305899
1.0,0.1537662337662337,0.8059127674889737,0.4300387464599851,0.4648944699542838,0.3859806312906822,0.20574886535552184,0.3702906589749277,0.5936033513222354,0.1428485156942838,0.4445954196707744,0.5833911982734351
1.0,0.13922077922077933,0.8060750396723082,0.4311125786554547,0.4636465214886959,0.5506899113054282,0.15733736762481101,0.3334368759707121,0.5971903389877982,0.1855177773398051,0.4247663594191852,0.4812799099183637
1.0,0.07168831168831148,0.8059271566990076,0.4297505854592053,0.4577212555526408,0.3635802912468557,0.035703479576399175,0.09010428222764556,0.5991816563492591,0.18823969347952152,0.3530415974934084,0.14768271219933976
1.0,0.18424242424242426,0.8076705334663665,0.4514170335721184,0.4633145005081445,0.3867837525039644,0.20423600605143727,0.2834109903113675,0.6071203277230974,0.2265357764330248,0.3919198943865884,0.401064709380757
0.0,0.16415584415584394,0.8089186244713429,0.4705199987536771,0.46167386689339707,0.37125540849410704,0.20574886535552184,0.3134235633459063,0.6067192613698198,0.2293892681090463,0.4086907176547804,0.3682530933143797
1.0,0.1503030303030302,0.8105596088630231,0.4833438161680591,0.4642525954616491,0.3699695503549594,0.1848714069591528,0.267176983950891,0.6065614444501006,0.24945968211772346,0.4359746232685392,0.3365729122847736
0.0,0.15740259740259746,0.8132862204166944,0.4932495030239449,0.4631076155935026,0.37768046912088055,0.1848714069591528,0.3460468900229274,0.6086492484621975,0.2633254843543303,0.4306056966362977,0.3370515963387923
0.0,0.09800865800865796,0.8153270512835501,0.4922010489912386,0.4620515958581259,1.0,0.15975794251134648,0.31884476000295825,0.6086633298410613,0.2319569387681427,0.4650454058630686,0.2864561423867476
1.0,0.02303030303030301,0.818288543393543,0.5027495121465149,0.4550832633532354,0.3966562798667571,0.0012124886329188253,0.23359218992678046,0.6121933629080699,0.23141064220387844,0.4021409561916625,0.002117313785903468
1.0,0.05662337662337655,0.8191220496937848,0.4988334782144955,0.4580847831354377,0.3478943277455821,0.07640791476407889,0.28338140670068784,0.6220990870305123,0.230466103257186,0.4243841225639508,0.02091396975117926
1.0,0.07220779220779225,0.8210751139085117,0.5065464585225136,0.459328347118236,0.3622911921633977,0.06666666666666661,0.3807410694475261,0.6319376923965894,0.25702330183140554,0.4294914113646137,0.08375625572707363
1.0,0.060606060606060615,0.8219268723180628,0.5084344325061885,0.4584650136855356,0.3390395526799164,0.0800608828006087,0.3949633902817839,0.6416987176336735,0.2747716734936171,0.4372514644957389,0.046088991084755136
0.0,0.14580086580086582,0.8232430135569071,0.5109671339224221,0.4618855260290545,0.31744447301736345,0.20213089802130907,0.3688558538569631,0.6517141989117088,0.327495680114992,0.4269861141844147,0.12978102189780946
0.0,0.10978354978354984,0.8237036533437585,0.5231380891447375,0.4586724388660637,0.3338736488203226,0.1223744292237442,0.3349530360180457,0.6566438094747775,0.3370472867308489,0.4560946712659299,0.0581995133819942
0.0,0.14025974025974042,0.8240146831242199,0.5315143524887949,0.4613254630014094,0.3894686846167128,0.1936073059360731,0.4831373419125807,0.6608862865866267,0.3300213485399396,0.4905655001739478,0.25577517288734153
0.0,0.19445887445887453,0.8245918350271786,0.5468578641261312,0.4621856014253764,0.4017218519835016,0.2417047184170472,0.539997041638932,0.6613114919002092,0.32017349182169696,0.5226190050732307,0.4588013144342538
0.0,0.19064935064935076,0.8246011465913792,0.5509712726281875,0.46558591310139097,0.3511762904921562,0.24079147640791476,0.569255232601139,0.6630380124654864,0.3425288043185037,0.4888779390122708,0.4823924665260678
0.0,0.16744588744588748,0.8256691810224919,0.5660954597788059,0.4673200528823111,0.3256347098094444,0.20213089802130907,0.4277864063308928,0.6654700038201964,0.3883621069149139,0.4624812165557535,0.3547746333807445
0.0,0.15619047619047613,0.8268379440946407,0.5796866480282932,0.4663378393789465,0.30582554327901024,0.1796042617960424,0.3530064344353228,0.67110889989593,0.43159646236747257,0.4772682396788946,0.3103143852077098
1.0,0.12969696969696962,0.8290457808753267,0.6031826376749698,0.467711571018109,0.3719097708816582,0.13637747336377445,0.3130315805044004,0.6746222955638121,0.436514948647556,0.504931092296189,0.20388444749619852
0.0,0.19116883116883104,0.8314676247049189,0.6196223461484611,0.4729831369094349,0.4525642441488091,0.2867579908675796,0.4712817099326974,0.6779826890573066,0.4167120884964091,0.5348319248785527,0.5418117612438078
0.0,0.17090909090909073,0.8333605070352634,0.6331355212695746,0.4712370612596944,0.4564791338444793,0.2499238964992388,0.5070408993417647,0.6764591599476497,0.3672679921608518,0.553765614095265,0.5305802148217177
0.0,0.25610389610389594,0.83400565620417,0.6269434180322666,0.4784121444689228,0.4691268804831044,0.40395738203957376,0.6209082168478667,0.6767320548084619,0.3474003537593604,0.6163593494635969,0.9431065770758748
0.0,0.2429437229437227,0.8332399731731044,0.6112262516746929,0.4773292616097373,0.4515676465766249,0.36377473363774704,0.5309740403816287,0.6699100889604503,0.2785585727787563,0.6161541998903295,0.8336486523539258
0.0,0.2216450216450216,0.8322087492671361,0.5940300435300085,0.4755091313601663,0.44444589296127385,0.2901065449010655,0.5677316766511352,0.6641091528804881,0.21580529297304074,0.636159786685982,0.6603602862548338
0.0,0.24363636363636376,0.8320923579572277,0.5905336694136539,0.4737170260061521,0.3792035696795869,0.3153729071537291,0.6595222246875232,0.6578827351003679,0.14419606073331115,0.6363497960098807,0.7719283814537592
0.0,0.20346320346320346,0.8322779140473009,0.5998935271026615,0.4739087485377944,0.3662534975848402,0.25509893455098925,0.6368685748095555,0.6521540232102141,0.0967627269950655,0.6272346175281759,0.4805077311108677
1.0,0.21610389610389594,0.8340536757662314,0.6202315731927859,0.4713031428538052,0.3595549177413696,0.2581430745814305,0.5993861400783964,0.6524884324603881,0.0877539611519384,0.6034555589794611,0.5586429193233423
1.0,0.16900432900432885,0.8346047895377045,0.6270219954468206,0.4708394472570835,0.4117185389033303,0.21917808219178048,0.4684342874047779,0.6522092833787636,0.07750306870218943,0.5826656712083741,0.3793614568383416
1.0,0.21021645021645002,0.8355516658062025,0.6326379019567514,0.4707798009315835,0.35219539061266064,0.250532724505327,0.5679535537312329,0.6577297671660916,0.10495978766129266,0.584011860980483,0.4123473637155032
1.0,0.2282251082251084,0.8357767353719485,0.6342523512908858,0.4686590248497468,0.3430602366115293,0.2721461187214612,0.3734708971229935,0.6607320120240441,0.10412336289834184,0.5464276266869319,0.29576735759828743
1.0,0.17904761904761912,0.8367218860252827,0.6457647417516204,0.4679717331530077,0.4520389784548813,0.2045662100456621,0.3964055913024183,0.6683663353416059,0.1347987441294703,0.5050873379371815,0.3611509775780535
0.0,0.2389610389610389,0.83744445192715,0.6583210331825804,0.4695977113652854,0.4307853042865842,0.30289193302891904,0.5242807484653502,0.6725011287138489,0.1362694312692771,0.5129859314336837,0.7154083241182984
0.0,0.25870129870129843,0.8361086525088983,0.6536641554100804,0.4676345560270301,0.3152051702721884,0.3062404870624046,0.515723689076252,0.6729056280213173,0.1385946334173953,0.5087659398299347,0.7540408912312082
1.0,0.2322077922077921,0.8348997493263233,0.6444152402271084,0.4652901764737129,0.29888621686353034,0.2070015220700152,0.3602026477331555,0.6731176964178556,0.13928591175342284,0.4820840402208539,0.4793308707620642
1.0,0.22874458874458864,0.8353924095596748,0.6418763313161706,0.46497708626107,0.3192620275438564,0.20030441400304416,0.3624731898528216,0.6755633605875444,0.1490153282671242,0.4831373803774273,0.4774311090867688
1.0,0.1967099567099567,0.8371290854385274,0.6533062265087395,0.4657370754942546,0.4196941869448749,0.16955859969558582,0.4305672657347829,0.6772902507835981,0.13476436148106047,0.5188992294050627,0.409246185379185
1.0,0.2429437229437227,0.8385632465769479,0.6642954556590817,0.4662715030227024,0.4722570338679137,0.2496194824961945,0.5023223134383551,0.6784221070993364,0.11108832905872773,0.5519389104124685,0.7263493509451144
0.0,0.2952380952380952,0.8384004885972642,0.6645841658130545,0.4673248303322264,0.4676081786185424,0.32207001522070017,0.6270468160639004,0.6774364337762253,0.09137381834122517,0.5630699853285388,0.9153268048280568
0.0,0.2898701298701298,0.8381618788181691,0.6640619131013756,0.4669240237487125,0.4309588808713023,0.2831050228310502,0.6114488573330377,0.6747298351534898,0.07386872241973974,0.5543604067316535,0.9395809610567064
0.0,0.2845021645021644,0.8381716566600548,0.6742618204192212,0.4701419983936624,0.4104527130116268,0.2812785388127853,0.4367206567561568,0.6729348043928223,0.06503604856889439,0.5234290990187134,0.7661125028467315
0.0,0.2673593073593073,0.8383207219996527,0.6863157168639149,0.468623089869025,0.4228892611560172,0.2362252663622525,0.3859034095111308,0.6745607266558578,0.06895431501044152,0.5498057387515051,0.6126564222265446
1.0,0.27082251082251085,0.8382995997437084,0.6932426879164306,0.468985965007811,0.4263219505462228,0.2179604261796042,0.3576288736040233,0.6764620391574674,0.06804198004250689,0.5388785840046598,0.5945325292543635
1.0,0.31878787878787873,0.8385448822783671,0.7010486061378131,0.4697452699271013,0.4315433116425717,0.29528158295281554,0.3421492493158791,0.6792108628774765,0.0695620352553436,0.5336975679219442,0.5822934928328343
1.0,0.2398268398268397,0.8386026070328936,0.6945291966560276,0.4623090041213938,0.4557243459458703,0.15007610350076084,0.1942755713334809,0.6795819826548826,0.04404451510131169,0.5153297546706406,0.35770954409412725
1.0,0.2538528138528138,0.8389969324154358,0.6884460606215603,0.4599538116399253,0.2805555245541976,0.15494672754946698,0.14586938835884894,0.6836360316441865,0.030404343469022318,0.4796945850023571,0.2106329188781623
1.0,0.2147186147186148,0.839315164997942,0.6734596616926358,0.4560985020087514,0.28038855102870824,0.06940639269406397,0.07951334960431877,0.6896142810268633,0.02769496526390114,0.4851058356052829,0.09836669170385423
1.0,0.2263203463203462,0.8404246390064807,0.6758521599742846,0.4535396111896327,0.5595879746982907,0.08097412480974116,0.1177723541158201,0.6990530845236662,0.04412824712316349,0.5000298656309519,0.10256126482213493
1.0,0.2474458874458873,0.8418983232562085,0.6835941748910692,0.4519348607471682,0.5767333627180036,0.07824427480916013,0.20804674210487376,0.7070320535490724,0.058842388134596864,0.4865803075399328,0.2091458972230224
1.0,0.2514285714285713,0.8428478356874707,0.6904253924434964,0.4523361182549839,0.5719402274108992,0.09222994314592553,0.1326529102877001,0.7123609279533556,0.06260305017628638,0.4070222563412821,0.004913505362498248
0.0,0.40865800865800855,0.8429932310601398,0.6920673631155527,0.4636658246027566,0.5679355565970033,0.3672839506172841,0.2762443606242145,0.7233778029388434,0.10807448034652156,0.4778783118057048,0.2316228601960505
0.0,0.4187012987012986,0.8420140460250531,0.6855820530345635,0.4647954268773304,0.5958949820981128,0.3607902735562311,0.2562162561940682,0.7278127812147093,0.13237383638474026,0.5229170226109794,0.19765116378026487
0.0,0.39688311688311695,0.8422364333429331,0.6881021361286002,0.4628580980820679,0.5620735819563936,0.3246246246246247,0.24794024110642696,0.7328316256930241,0.15962395044063155,0.5120366383760219,0.1501425471256546
0.0,0.4057142857142858,0.8418377709056479,0.6838051117142239,0.4635644603864247,0.5349965065058325,0.3730639173307481,0.2575918940906732,0.7378498851603803,0.17951635966517626,0.5179455333924333,0.20969320454448734
0.0,0.4787878787878789,0.8412918773910516,0.6821066660213051,0.4671594831751438,0.5483841408824147,0.43912408759124105,0.3676059463057468,0.7427148199074136,0.1972747064545175,0.5455509299659576,0.4086634611293145
0.0,0.4931601731601733,0.8406297245642744,0.6787886862221781,0.4648202241240407,0.585609784194433,0.4697833523375144,0.3688188743436137,0.7436480395288441,0.19272739031889652,0.546367061078349,0.41470575720182135
1.0,0.4290909090909091,0.8410045778328483,0.6836374187827803,0.4624342488515787,0.5506422035218658,0.4121863799283155,0.3031210709267064,0.7465785661720616,0.2036353209091082,0.4638705909103169,0.15512105867835474
0.0,0.4694372294372294,0.8409451479504153,0.6831158251959528,0.4627215704851214,0.5650266070910936,0.4579542321477806,0.2888469787737593,0.7539551969366722,0.23071288730011086,0.4565867321631771,0.24494702353091385
1.0,0.4649350649350648,0.8388727575472499,0.6696617256920849,0.4626676266955139,0.5750617548635224,0.4149434794596085,0.23263072257969056,0.7604614165653432,0.24653115843257886,0.35858006335178344,0.06269945959746448
1.0,0.4867532467532465,0.8370242723714203,0.6589123485584398,0.4650700493474344,0.533460813798598,0.4321541710665257,0.2973300791361587,0.7702871192963292,0.2781124714429196,0.3915987541857184,0.0010019060651968491
0.0,0.5598268398268398,0.8362565111563922,0.6574304254638903,0.4686292899303887,0.5485983140759401,0.5337679269882659,0.3935581687744992,0.7800570717879289,0.3065640262064282,0.4661115786159439,0.08976798653297308
0.0,0.5402597402597403,0.8356856889363873,0.6555711249091598,0.4705919086891119,0.5345876632956135,0.5107876267221213,0.3980400857924709,0.7857062505732109,0.3199551031093827,0.4704673719159299,0.14751518700139055
0.0,0.5752380952380952,0.8350512872495215,0.6537975282367725,0.4704083360509909,0.5302692111332147,0.5473506930949605,0.4495969233044893,0.7911544321218527,0.3256333264497091,0.4763968707627438,0.16492364645996996
0.0,0.6346320346320347,0.8345570469846604,0.6527788656972477,0.4726516977067402,0.5210593993831422,0.6178736517719571,0.4836032837807851,0.7959143894084619,0.3329209648503891,0.5152819365741238,0.3238399634724033
0.0,0.663896103896104,0.834274628616787,0.657751197124752,0.4752072527655671,0.519430826177467,0.6817721518987344,0.504171289105836,0.8000429777897291,0.3529764154282741,0.5415338597789385,0.8206152616859803
0.0,0.6675324675324674,0.8341721107091113,0.6605779674145291,0.4755295044776405,0.5242194335629813,0.6888607594936709,0.4484579542933215,0.8016037042470456,0.3731569676592758,0.5229035089995381,0.639603457041182
0.0,0.6588744588744588,0.8340845225580821,0.6650865676962734,0.4749242985632242,0.5308267392452106,0.6706329113924049,0.4399822498335921,0.8029643286162005,0.39032412377132375,0.5142162597276443,0.6527116587323821
0.0,0.639134199134199,0.8342251875488671,0.6703316051091808,0.4765252108924595,0.5317841309455978,0.6592405063291141,0.4471858590340949,0.8036361725132659,0.40826230418491705,0.4732167932418301,0.5805652981225484
0.0,0.6342857142857145,0.8342194087277712,0.6790734988677274,0.47805908855687895,0.533023813929011,0.6592405063291141,0.40378670216699897,0.8035642111333974,0.4150055442827158,0.4733887483111862,0.4633578906552918
1.0,0.6245887445887445,0.8328052868710207,0.6807354773557157,0.4774684955195412,0.5271584377932238,0.6321518987341772,0.40137563789660535,0.8043944744765399,0.4286945768442677,0.4688739686703083,0.3711059619699159
1.0,0.6697835497835496,0.8311130487317713,0.6801491118852478,0.4783890588791058,0.5276497334766302,0.6670870113493064,0.4241624140226312,0.8046693482899205,0.4180565040748844,0.4450857736165639,0.441943433005994
0.0,0.7134199134199132,0.8297644350900624,0.6744566665869787,0.4789655887432719,0.5297608198874645,0.7310903732809428,0.4717920272169219,0.8035573844149557,0.3914242158695857,0.4550797347940324,0.5296995108315873
0.0,0.7139393939393938,0.8292527302553034,0.6727607886131606,0.4788812021326976,0.5301714278742806,0.737229862475442,0.5101397825604612,0.8015502136140908,0.35690453632757124,0.5004929661995705,0.4887270587369891
0.0,0.6822510822510821,0.8286456344850097,0.6677478574525482,0.4798590814280971,0.5391370157656368,0.6989194499017679,0.5242437689520008,0.7999671354831479,0.34123017973106234,0.4659582807898837,0.5436757512229227
0.0,0.6690909090909092,0.8279639844317495,0.6614898600768346,0.4789477522662823,0.5483784385048568,0.6714145383104126,0.4966940315065456,0.7981636951817346,0.330255273536477,0.4344580585958861,0.34054213100886405
1.0,0.6289177489177489,0.8265959237405659,0.6482127475635726,0.4756118665598277,0.544013854852903,0.6110019646365421,0.5265069151689962,0.7982626744678525,0.327896653067966,0.4180285306195371,0.3449556806061269
1.0,0.6228571428571428,0.8258279455515345,0.6681779405213673,0.4754721477264097,0.5413928923068971,0.581286836935167,0.5035500332815626,0.7985693172610533,0.31629749371515625,0.3927648396001675,0.22292103424179086
1.0,0.6502164502164502,0.8254172773571502,0.6995839320482116,0.4782772187223697,0.5445451305123874,0.6260024301336574,0.5465572073071521,0.8005561291185004,0.31354306434426144,0.446397826739767,0.44918901026150265
1.0,0.6533333333333331,0.8270815664756468,0.7511495229001046,0.4784990394712964,0.546377271255508,0.6347509113001215,0.5513497522372605,0.8013824621988709,0.311485648706106,0.4521452329209159,0.4136967155835093
1.0,0.592900432900433,0.8282825672542558,0.7692744691994666,0.4752172965421917,0.5434346101547803,0.6060753341433781,0.4711411877819681,0.8023875939312384,0.3167689551781479,0.4000426217168635,0.2086873367906128
0.0,0.6278787878787877,0.829600800532655,0.7866449701950933,0.4750922415081482,0.5377091247059336,0.6427703523693803,0.496339028178389,0.8062041575408878,0.34146150897400834,0.3817656217217463,0.2592503700147988
0.0,0.6654545454545453,0.82824824109875,0.7806228599605329,0.478857913861198,0.5369927703143752,0.6979343863912514,0.4954958952740184,0.8093195115488994,0.3603922022179286,0.3807719150344308,0.2981319252770103
0.0,0.6879653679653678,0.8266134242018058,0.7781943158272753,0.4775388298421507,0.5317332163970235,0.701336573511543,0.4377856667406255,0.8130807897864307,0.3942148647326886,0.3623563449228701,0.22924916996679684
0.0,0.7392207792207792,0.8262428118259528,0.7826645752482891,0.4790125216248832,0.5345458554920522,0.7603888213851762,0.41831225501072383,0.8177727833121868,0.42672614179965707,0.3449493497982661,0.29329173166926586
0.0,0.7101298701298701,0.8265251884667706,0.7957790058077134,0.4749018785557118,0.5351568034282824,0.7662211421628189,0.4642556023962722,0.8212837960370023,0.4561993221669629,0.34380527140619177,0.5302212088483514
0.0,0.7316017316017316,0.8269826772262445,0.809368483735105,0.4769249261397271,0.5274821736856254,0.8004860267314704,0.5141705495155686,0.8218279672484661,0.4571392692755509,0.3548517896149413,0.7596703868154726
0.0,0.7340259740259741,0.8253659888278944,0.8132994771774373,0.4772559857605336,0.5327112546443992,0.7970838396111788,0.5518674654241554,0.8201451564266597,0.4623768642326964,0.3520952432004719,0.8616744669786793
0.0,0.7499567099567097,0.8235820362671791,0.8152413858270013,0.4751520874442777,0.5802220822220208,0.8014580801944107,0.5553657273870277,0.8168237758929053,0.4665618538087319,0.35628067207359576,0.8261130445217798
0.0,0.8012121212121212,0.8219222243092512,0.8253250366526874,0.4763834790138073,0.5695680706863544,0.8716889428918589,0.6124916796094964,0.8140710806318958,0.4642222065052735,0.3756436044857636,0.9760390415616632
0.0,0.7942857142857142,0.8207286670080309,0.8387099112706506,0.4758815392642357,0.5618987045316591,0.8607533414337787,0.5955106870793581,0.809379662911063,0.4504210013129185,0.4131256760448577,0.9684469103384024
0.0,0.7913419913419913,0.8193909083398763,0.8492764967215771,0.475307602152146,0.5356427228417062,0.8663426488456865,0.6033799275201539,0.8066195166905656,0.4434641390284444,0.4221869298314393,0.9542457805907181
0.0,0.7691774891774892,0.817578488730381,0.8440903449822037,0.4737624243528037,0.5336705522748499,0.8272174969623329,0.5223060424524816,0.8045225682166066,0.4551991194161914,0.3647479549838247,0.8311132031066125
1.0,0.7593073593073595,0.8158402555107858,0.8321910947145191,0.4733436143037458,0.539532260251892,0.7970838396111788,0.4361733599585832,0.8041030566540182,0.4591830713819946,0.30778252103981546,0.4880333433592581
1.0,0.751168831168831,0.8155816967794347,0.8390087737340919,0.4762318640394437,0.5357588811874977,0.7919805589307412,0.4394645366466978,0.8040980660342558,0.4586174529046753,0.3123352268650258,0.4702874575688567
1.0,0.7123809523809524,0.8150075512043677,0.8531093143366544,0.4753930589482195,0.5428871590055241,0.7754556500607535,0.4662007247984615,0.8037635221801421,0.43160647482990655,0.3480996855989113,0.3930305504232352
1.0,0.6891774891774891,0.814008053716365,0.8730675314268204,0.4740409644970394,0.5432313814758098,0.7151883353584448,0.4189187190296578,0.8039510722011819,0.4146562299506157,0.3353653340461253,0.22498173849525105
1.0,0.7078787878787878,0.8127174002345947,0.8747725365621253,0.4722243448422158,0.5487895746221908,0.7300121506682867,0.4190962206937351,0.8069160170824401,0.4051446529362667,0.33556114245260377,0.2157865337515552
1.0,0.6902164502164503,0.8128669565966768,0.8677326420086493,0.4738284460547642,0.5444947807987245,0.7241798298906441,0.4089712299386137,0.8102691111975981,0.41522808501241787,0.32656491296045315,0.2194675613263032
1.0,0.6765367965367964,0.8130085240268069,0.8606835109174311,0.4718717194051139,0.5492131263187541,0.7290400972053461,0.3752089342504252,0.8136144273625279,0.42374598181657774,0.333613270703019,0.14918739924186594
1.0,0.6985281385281386,0.8125783524111418,0.8572309282803843,0.4703615801819205,0.5494263041609477,0.7470230862697449,0.4274831743214261,0.817113532788903,0.4345018228395969,0.34460601678721986,0.1728459530026113
0.0,0.6916017316017316,0.8109800678525247,0.8603041733534837,0.4713824242140026,0.5508184230770858,0.7373025516403402,0.45362769025959604,0.8186720705724595,0.4309775681242387,0.3817924520252608,0.14905715114592213
0.0,0.7028571428571428,0.8100454112429605,0.8636406948798659,0.4687730312857122,0.5564223484717533,0.7409477521263671,0.4542933214998886,0.8208956648699497,0.44176834746842697,0.3826158143710866,0.21206846533216936
0.0,0.7705627705627706,0.8080337609024337,0.8567216595147267,0.4752374352621323,0.613895576218992,0.8442284325637911,0.4907773093706089,0.8221380357599499,0.4454895353253029,0.4239514924529144,0.5648970118944008
0.0,0.8273593073593072,0.8058633815290269,0.8523206186307641,0.4773116012490079,0.5670046390806365,0.8884568651275819,0.5928629539235264,0.8221063027998896,0.4525274632324541,0.501419316236916,0.8105599071656528
0.0,0.8207792207792208,0.8021419410357158,0.8341403999915111,0.4768227009447504,0.5489088684111345,0.8787363304981776,0.5521780933362915,0.8196633995315259,0.4408607903388944,0.4974744025887039,0.7937917029300837
0.0,0.8005194805194803,0.7993145432960549,0.8266975145338866,0.4761039650068775,0.5433504766172441,0.8149673044320659,0.5553731232896971,0.8184487143059436,0.4411588836107944,0.500836346638715,0.7350159559036831
0.0,0.8003463203463204,0.7965640800452523,0.8147469722067027,0.4762427924856824,0.5494024666799707,0.8137508829762186,0.5597662894756306,0.8157602221952359,0.4155923287077376,0.5055602558838033,0.5872352770525062
1.0,0.7946320346320344,0.7937315050712932,0.8020263798126375,0.4759686278265417,0.5479301994997104,0.8005837711617044,0.5875231121958433,0.8127894174190728,0.3857551160769634,0.5323974412425987,0.561895901173308
1.0,0.8017316017316017,0.7911809455594572,0.7894875598972013,0.4775218838869282,0.5521750248339115,0.7755524861878453,0.6130167886990607,0.8113247407327995,0.3706127415240131,0.5555725382932883,0.4763446738719057
1.0,0.8064069264069262,0.7885950955738503,0.7809276030406098,0.47796952144680893,0.5529094722845771,0.7883752244165169,0.5809185711116045,0.8111684917471462,0.3739038591770113,0.5177891666441906,0.5568948525509826
1.0,0.8079653679653679,0.7874961052267513,0.7861212778052202,0.4784024492077363,0.5438259660598995,0.779174147217235,0.5913541897788626,0.8119659644722035,0.3959203718070109,0.5267296669046139,0.5385508592661399
1.0,0.828225108225108,0.7863716911453864,0.7947020384203431,0.4800699844235641,0.5466667644141292,0.8171005385996408,0.6555062495377559,0.8121026546529873,0.4027333584612624,0.5468294496018218,0.7677327317364468
0.0,0.8408658008658006,0.7862362648173062,0.8073909458332913,0.4775417707546203,0.5508172337866334,0.8328096947935367,0.7221359366910732,0.8116835291506219,0.41638731045686944,0.5728746847658671,0.9625354717342092
0.0,0.8193939393939392,0.7848410606014744,0.8081335410000934,0.4782672378813743,0.5589054392611295,0.8320324960238767,0.6527253901338657,0.8089322623812851,0.4019055866093637,0.5299784536422018,0.936342740390756
0.0,0.8486580086580086,0.784458439533827,0.8147897999319227,0.4776349447206281,0.555806140608249,0.8449702320539102,0.6289919384660894,0.8088763718255416,0.4154565951717813,0.5132372201411136,0.7635359468777942
0.0,0.8401731601731601,0.7840580591631983,0.8205838303847692,0.4756658979375881,0.5778843105568481,0.8643768360989603,0.5679905332445825,0.8095884817363264,0.4234362127203923,0.448882628717924,0.8468003207698469
0.0,0.8238961038961039,0.7839808988870121,0.8321502383585966,0.4730558274362082,0.5740401550701763,0.8717379617712208,0.5422453960505883,0.8107845673349738,0.44730108117252615,0.4774384735701002,0.8391659983961526
0.0,0.8259740259740259,0.7833435642132234,0.8390130914602387,0.4735259362521237,0.6120652884379871,0.862592320784473,0.5250942977590414,0.8101363831165305,0.4541613958460722,0.463470463451444,0.8938893344025663
0.0,0.8341125541125541,0.7817533821022056,0.8427965167972902,0.4738515123442255,0.581976185968865,0.8869063419443635,0.5570667850011096,0.8089480071570665,0.4625132203178896,0.4377837745400008,0.9885805934242198
0.0,0.8379220779220781,0.7817365633056237,0.8645416701288315,0.4703962073716166,0.5775742358142822,0.8895831149160942,0.5171067228755267,0.8059459770400849,0.44988185644472706,0.4573438754933868,0.9879829787234052
1.0,0.7844155844155843,0.780016043524145,0.8731748781213331,0.4681436617375565,0.603889373199042,0.8619231275415402,0.4777531247688784,0.8038036435715796,0.4390440849504645,0.4764733441695743,0.8688286040952096
0.0,0.8242424242424241,0.7788020521192522,0.8901267355815354,0.4685171425930556,0.5828900381931974,0.8748608635715737,0.4771392648472751,0.8018158843896468,0.4265008182352218,0.4760745349662101,0.8746393827574644
0.0,0.8297835497835498,0.7762132784297711,0.8859852003252338,0.4687712960851706,0.5748017072165856,0.8904753725733382,0.5079358035648252,0.7992134084993321,0.41186847672958377,0.4503510058847551,0.8496207746808571
1.0,0.7577489177489178,0.7753609835639284,0.8970490350032551,0.4669239881703104,0.5676737172832286,0.7994650915344824,0.4316248798165821,0.7952650974352424,0.3949723100835635,0.4333092114604871,0.5509535253909306
1.0,0.7774891774891776,0.7747490732340618,0.8981512357403285,0.4683126035338992,0.5680192883823263,0.8434087811537339,0.486184453812588,0.7949393120990325,0.3808819569854848,0.4301600357592675,0.7136302631168266
1.0,0.7480519480519481,0.7737436071390194,0.9061337377282286,0.469764063454133,0.5734932334714561,0.8068262172067429,0.4802159603579621,0.7925409415950115,0.3707135384536818,0.4245197978619861,0.6685289803052538
1.0,0.7613852813852812,0.7747896864882526,0.9252443839929834,0.4672984335708494,0.5569834496918609,0.8206562108940197,0.4528880999926039,0.7916518424649809,0.3755388206725044,0.4470186759256587,0.5704922126158729
1.0,0.6810389610389611,0.7746691548258109,0.936758731689772,0.4615489701042076,0.567315211441523,0.7938884811767095,0.3742030914873162,0.79151985344924,0.3955684713017456,0.42055669003689616,0.4108430350510315
1.0,0.661125541125541,0.774362183051605,0.9416739280006668,0.4605632897039976,0.5705687274477781,0.73589173345587,0.3357296057983876,0.7930255692102439,0.4188558947793716,0.36491144540097337,0.17915665282936571
1.0,0.6957575757575756,0.7716270007624373,0.9316024376645308,0.4603101327394626,0.5735048479538384,0.7655593005592223,0.3907107462465794,0.7959520234538578,0.44645191603269707,0.3714298535283893,0.3384000749087049
1.0,0.7017316017316015,0.7695724251181173,0.9280982631539559,0.4571210028705278,0.5672135905775589,0.7657823649735335,0.3865542489460833,0.7963787981600698,0.458311061512099,0.36428589619359053,0.2251006585723644
1.0,0.6862337662337661,0.7678821781192884,0.93030814845008,0.4559805943418606,0.5725743571944416,0.7401299573277774,0.4330670808372159,0.7989088496502197,0.4761928504515405,0.423119805261216,0.1699803364649333
1.0,0.6831168831168832,0.767270592401019,0.9372899008538922,0.4557919785416252,0.5685484888052467,0.7329918960698281,0.393358479402411,0.8022122591186684,0.4935205871539475,0.4269099103573339,0.003162992982109439
0.0,0.7130735930735932,0.7664970470873633,0.9404774234645504,0.4581837714451602,0.571359847358976,0.7938884811767095,0.4745285112047925,0.8091351436179293,0.5301363455361616,0.4597358682252621,0.2255489021956108
1.0,0.6992207792207792,0.7649015080001551,0.9324666562658062,0.4573127268984978,0.5773640114417392,0.7644439784876679,0.4394571407440284,0.8130933388583157,0.5550162059235522,0.4692981567631591,0.1469917308240684
0.0,0.7518614718614717,0.7624913718272213,0.9210417577351808,0.4589037922060958,0.5707139344705346,0.8132950852217594,0.5238074106944753,0.8188306172027155,0.5973733045683387,0.5181520429269354,0.31074449201211
0.0,0.7529004329004327,0.7596428966994753,0.9026994844077628,0.4591616356431957,0.5779298111639036,0.8072723460353646,0.5468826270246283,0.8203688314865631,0.620486476736959,0.5524997883970199,0.4800563850892756
0.0,0.8025974025974025,0.7571608415527831,0.883967325469198,0.4604312518136336,0.5704594080988364,0.8547850662835905,0.5931218105169739,0.8209299664414895,0.6383130855070827,0.575322665343606,0.7239486416077403
0.0,0.7987878787878787,0.7551278682860989,0.8678778005310837,0.4603417064751772,0.5842545409701576,0.8418473302535573,0.5874491531691446,0.8197008169955609,0.6292743605525243,0.5687548346271672,0.6601693338295489
0.0,0.7996536796536795,0.7536243539421705,0.8661013917689504,0.459924854397288,0.608112516334057,0.8581310324982545,0.6267287922490941,0.8199857129247663,0.6259101496661064,0.5907244695526984,0.8279214737625615
0.0,0.8268398268398268,0.7515247672588004,0.8685986090609956,0.458790919260435,0.5951967375467191,0.8915906946448926,0.6026033577398122,0.8193218187551652,0.6107163673461647,0.536513395510418,0.8919333829549662
0.0,0.825108225108225,0.7483533595491771,0.8602323693959881,0.4592957136356204,0.5813298472995182,0.865492158170515,0.5925375342060495,0.8178280612426712,0.5917454876418893,0.5166899862023207,0.942128768142908
1.0,0.8221645021645021,0.7479085235249658,0.8684901386480333,0.4593985879663656,0.6084470294550798,0.8494315203401286,0.601124177205828,0.8156396155150261,0.5862956126600134,0.5272292024424724,0.8085944830174507
0.0,0.7844155844155843,0.7477766296278516,0.8803003693830981,0.4531265943784296,0.5981908940850066,0.8808836027579684,0.5821980622735005,0.8133796296083801,0.5943602498082637,0.4940239356554943,0.8437324075811578
0.0,0.7946320346320347,0.7473004372576,0.8883742417067769,0.4542957727494813,0.624496205936365,0.8779837653719266,0.5818948302640338,0.8124083682159307,0.6170488056585304,0.4940705225738165,0.7421655094764492
1.0,0.8174891774891774,0.7440361561471509,0.8770573692888499,0.4528102547797351,0.631185772016723,0.8882447284302287,0.5340285481843058,0.8104052160328845,0.624700221691714,0.4784094460026543,0.7122349408894718
0.0,0.8484848484848483,0.7412694297891058,0.8647679425967554,0.4520010773632114,0.645005764751171,0.9217043905768668,0.5839878707196213,0.808280662070666,0.6255466135586611,0.4800969570294613,0.7382248076562196
0.0,0.861991341991342,0.7381772977312233,0.8538366135516541,0.4532507754806106,0.6297649754356778,0.9411109946219168,0.6629761112343757,0.8042226220984721,0.631668914171541,0.5187502614467978,0.9973728654531788
0.0,0.8722077922077921,0.7351823319793949,0.8477702588796243,0.4546382110049521,0.6218169142919444,0.9310730959779252,0.6633311145625329,0.7981493896884313,0.6248086735282217,0.5196848339861626,0.9555119118777252
0.0,0.8387878787878787,0.7322638627532947,0.8469199749590599,0.4560168022967532,0.6180999279510001,0.8882447284302287,0.6690333555210413,0.7919559153499709,0.6026144401310909,0.5251271550093154,0.9917447676394899
1.0,0.8195670995670995,0.7300632612026847,0.8499812349270517,0.4582322313226826,0.634984212313281,0.8672766734850021,0.7015753272686938,0.7861459925142076,0.563729987534229,0.5519214222644839,0.9991421021927868
1.0,0.7752380952380952,0.7282900355321085,0.8559164072222771,0.4549233206466905,0.62344213561439,0.8028110577491462,0.653583314843577,0.7816091226263129,0.5348518773381196,0.5151744054972408,0.774492700394823
1.0,0.766060606060606,0.7263437259510006,0.8497225042760259,0.4575315993278355,0.5976623394673759,0.8014726712632806,0.6463649138377341,0.7800806272921743,0.544198428775764,0.5021805180301468,0.8267376733082369
1.0,0.7593073593073593,0.7246644355801071,0.8493463891329929,0.4572789612559988,0.6300796052848512,0.7811738095609868,0.6615560979217519,0.7786392457068751,0.5443013369943439,0.515940578837562,0.751813423928016
1.0,0.7693506493506492,0.7226565583697406,0.8421748788392449,0.4582895200480789,0.627368260325744,0.7950038032482641,0.6597441017676203,0.7775345138432956,0.5471994516200823,0.5115788146581466,0.8294922413001558
1.0,0.757229437229437,0.7220964038372741,0.8512230552135034,0.4573752029742246,0.6138021552674227,0.7769355856890795,0.6431994674950074,0.7748588271086105,0.5222946632405123,0.5429831856300429,0.8088329813607562
1.0,0.7347186147186145,0.7218109425879582,0.8612971336769991,0.4539608639046371,0.6287451489521704,0.7840736469470287,0.7079505953701651,0.7720073667636127,0.4939785747478895,0.5403941381494961,0.8125975576163816
1.0,0.7257142857142856,0.7224754069568481,0.8735752897449647,0.456769338111539,0.6176514453860712,0.7793892942464996,0.6846165224465643,0.7688756121960338,0.4744457801041313,0.5719054330938398,0.7846661680893311
1.0,0.6962770562770562,0.7210815038635237,0.8768999170759222,0.4570106307401493,0.636790347581506,0.7693513956025079,0.650166407810073,0.7682270619337785,0.4599500212210966,0.5795795840091579,0.769089924439745
1.0,0.7206926406926408,0.7186176804871907,0.8740880632914292,0.4558322037209343,0.6579107234306228,0.7722512329885503,0.6138081502847428,0.7684281934175667,0.4591609374960735,0.5926655205678429,0.7251205611573888
1.0,0.739047619047619,0.7158919105099308,0.8735576291632983,0.4579750929760638,0.6497750613977372,0.7675668802880208,0.6119961541306116,0.7702181002557584,0.44563284038727735,0.5896438107685893,0.8447275446785463
0.0,0.7411255411255411,0.7130801403310028,0.8678632555605945,0.4575548334951345,0.6145943363124629,0.7914347726192894,0.5545151985799871,0.7702244794764288,0.4432828527037286,0.5363519302354607,0.9076514428656174
1.0,0.7272727272727271,0.7112264959567656,0.8634436574293975,0.4571675927882458,0.6581753618455639,0.7425836658851975,0.5087567487611862,0.7674430642740147,0.424969761446636,0.5506805776844798,0.7999329499445547
0.0,0.7478787878787878,0.7082790805985069,0.8503874306266437,0.4591034719243471,0.6227127926085013,0.7744818771316592,0.595421936247319,0.7639328345115974,0.3950669263677074,0.5666492445350451,0.8852412512571884
1.0,0.7392207792207792,0.7055208255743755,0.8384682857773427,0.4588870417200427,0.6181400222875109,0.7434759235424414,0.5984394645366466,0.7586786331415865,0.3516003539352488,0.5689418549774802,0.8409191800496145
1.0,0.7669264069264068,0.7031863608757747,0.8332627973104709,0.4580363444104294,0.6133047729264188,0.7595365613728277,0.6209082168478663,0.7540547630238326,0.32386138183245183,0.5877780516083727,0.9932628280454371
1.0,0.7137662337662337,0.7020444874347123,0.8402387594634282,0.4568415706271978,0.6138265770082612,0.7053319086952741,0.6192367428444641,0.7475502887566474,0.2800509095318641,0.5876982030686534,0.9773438939031126
1.0,0.6616450216450216,0.7023328258853965,0.8592870741412371,0.45535358613681204,0.6057263989638877,0.6589345105186023,0.5749204940462989,0.7402361302295517,0.2237787080246418,0.6045581791112958,0.8190581445324503
1.0,0.6327272727272728,0.7026995721105787,0.8761243860096469,0.4560306253612351,0.5931246740891716,0.6377433911590651,0.6383477553435397,0.7348614831101359,0.18899966252144376,0.647008228949677,0.7494013630502849
1.0,0.6289177489177489,0.7022080970181581,0.8814944369714122,0.4554060596782192,0.5961084871710629,0.6417585506166615,0.6368389911988759,0.7310145840985347,0.17669827472078048,0.6466609026634993,0.6541413397187942
1.0,0.6174891774891774,0.7011646783681569,0.8837617052445494,0.4545986715949198,0.5966288492870752,0.6174445294567711,0.5017972043487907,0.7298357956202175,0.1869421133613287,0.5967685373727271,0.4248787376435185
1.0,0.6067532467532466,0.7003214186173271,0.8903028728661553,0.4536608544897283,0.5970994375164056,0.6031684069408721,0.4763700909696026,0.731206350993385,0.2031656327431723,0.6297178755213705,0.3768035856818317
1.0,0.6053679653679656,0.6996827317203282,0.9016670670128891,0.4532397285833248,0.6054036489928513,0.6129832411705529,0.5397529768508244,0.7307557988974476,0.2052342061439765,0.6227432394637058,0.4591698900963953
1.0,0.5754112554112555,0.6991517981879753,0.9060256451275864,0.4506399157771151,0.6066646672455689,0.5690395515513016,0.5444123955328746,0.7307208580725082,0.2194324441766018,0.625971365637612,0.3209615030392331
1.0,0.5906493506493506,0.6988143337394255,0.910260256277905,0.4521863164581978,0.5996471768179706,0.593130508296881,0.4765623844390208,0.731876879470041,0.2218800005198737,0.5824836307577068,0.4063977405292571
1.0,0.5859740259740258,0.6981258540408171,0.9112966383551402,0.4514401868174538,0.6037666761679439,0.5978148609974102,0.5410842393314106,0.7344189915398884,0.23095301149988,0.5721399348394468,0.4543500951679256
0.0,0.6003463203463204,0.6973571784102441,0.9193284613561764,0.4492224079283328,0.6288479753901633,0.604060664598116,0.4363508616226608,0.7364486864329742,0.2210364564603394,0.557571644306621,0.189353472094308
1.0,0.5189610389610391,0.6961397981382846,0.9221019820588744,0.4452904222915305,0.6252268842082477,0.5018971628437144,0.3393683899119887,0.7407042894275968,0.23324867395015175,0.5090941907280292,0.16991044020380394
1.0,0.5146320346320346,0.6958950892618998,0.9363250537718236,0.4449043635832834,0.6192008947353014,0.4945360371714541,0.4810073219436434,0.7469678093725678,0.27947238263683044,0.5395713343680885,0.2982056394189688
1.0,0.5459740259740258,0.6956570518931058,0.9466423554624084,0.4483749167949806,0.612430131662418,0.5362490826475961,0.4044301456992821,0.7510926752079337,0.3169325502449177,0.5051718978360406,0.3998227792018722
1.0,0.5676190476190477,0.6952688326578161,0.9567053167651394,0.4507510491098614,0.6240651717890445,0.5659166497509487,0.3520227793802229,0.7573702087551364,0.3673134241378492,0.4851026339065171,0.4811569521507434
0.0,0.6375757575757575,0.694005326678931,0.9580134019178296,0.4584140061030189,0.6272414535288696,0.6564808019611822,0.4271651505066193,0.7602583353787521,0.38719647437462507,0.5164352865591826,0.6269274248247788
0.0,0.6545454545454545,0.6935181624671458,0.9694702113945244,0.4565801006374592,0.6086336617651856,0.6573730596184261,0.4540936321278011,0.7589543419859701,0.3854281126865379,0.4788730992536255,0.6723716934207553
0.0,0.5899567099567098,0.6934251307280921,0.9773316433789668,0.4528843772060504,0.611875334617654,0.6152138853136621,0.3284224539605056,0.7564850610115026,0.3932267906137277,0.4692324317700433,0.4822292561609759
0.0,0.556190476190476,0.6938979067316231,0.9880073562439136,0.4530616048652426,0.6151522169993252,0.5853232537959986,0.3132164780711487,0.7573840243769911,0.4251945927264403,0.4601716097190068,0.3864197023271108
0.0,0.6006926406926407,0.6932931053506601,0.9874005212962592,0.4542260051107338,0.6129604249260922,0.63172065197267,0.3372457658457215,0.7578007905469528,0.4525439007714184,0.4212379934966111,0.4438985280815719
1.0,0.565887445887446,0.6914700343514422,0.9810556888548144,0.4546900113768234,0.6147602233883439,0.5893384132535954,0.2931661859329928,0.7582259227406938,0.4859894492534678,0.3941661094194242,0.3210673464353257
1.0,0.5788744588744588,0.6901659319755735,0.9809381349024908,0.4524115830395975,0.6246527170618122,0.5897845420822171,0.2558686487685817,0.7603818920043572,0.5258578757086907,0.3804891836147216,0.29444712871995765
1.0,0.5359307359307359,0.6882690699908243,0.9854183960240012,0.4482831881036228,0.6241693995215597,0.5329031164329324,0.19946749500776567,0.7613121684785957,0.5315938537566117,0.339850162955471,0.10037400905495553
1.0,0.5418181818181818,0.6863293188291035,0.995900856806933,0.4491362924976071,0.6167547201541711,0.5250958619320499,0.24305894534427894,0.76508491570936,0.5263510840038603,0.3670758796757832,0.04849591095363345
1.0,0.6107359307359307,0.6846163085890209,1.0,0.4533805213110746,0.6158456250276577,0.5871077691104859,0.3362029435692627,0.7700029054918229,0.5253343518812661,0.3617693110127056,0.2416026914335817
0.0,0.6412121212121209,0.6828888041792724,0.9982603551180668,0.4567533765671861,0.6173527927702419,0.6310514587297372,0.3793210561349015,0.7721798560284174,0.5150530976189887,0.338198187834287,0.27510244984878585
1.0,0.6098701298701299,0.6812050107822201,0.9925421044794857,0.4538891091099023,0.6233195534392115,0.5857693826246206,0.3732712077509061,0.7733414573988411,0.4947514421112375,0.33370138398370386,0.16483654953917082
0.0,0.5974025974025974,0.6792765753404039,0.9915070681727038,0.4530692676845085,0.6116106782222377,0.5516405272350499,0.3734782930256639,0.7764144517115876,0.4585491315244917,0.33281345546373403,0.0724546370967742
0.0,0.6612987012987013,0.6778242657492648,0.9856914443358582,0.4568040331796008,0.6184879136753456,0.623913397471788,0.5087715405665263,0.7834600455541596,0.4737704500112601,0.3534366132440808,0.18067748881895024
1.0,0.6232034632034631,0.6766072134541441,0.9895828370321782,0.4567472998214824,0.6214481907399508,0.5797466434382256,0.4127801198136231,0.7878184483281898,0.4893502888809826,0.3498113554325332,0.03238363425542461
1.0,0.6332467532467532,0.6748459248547811,0.9811337487809424,0.4579155682365668,0.6314053393825286,0.5942458303684356,0.4345684490792103,0.7971802762287123,0.538732991164935,0.3610796937721281,0.06986771411802044
0.0,0.7296969696969695,0.6732531306783884,0.9700290945544894,0.4657625322778148,0.6195141510586722,0.6843638537500474,0.5092522742400708,0.8035360936354248,0.5768117432989791,0.4032413478644423,0.3868346200731419
0.0,0.6290909090909091,0.6711378038000091,0.9509900678511558,0.4590888355915339,0.6307637179542886,0.567478100651125,0.44144663856223615,0.8037722192737099,0.5832293130231085,0.3553364532312429,0.04602916610230779
0.0,0.6722077922077924,0.6706626979014048,0.9532048453140538,0.4644133099209302,0.6318876800374551,0.624136461886099,0.6050883810369061,0.8090568648922609,0.6082867868166315,0.4219828874436368,0.35225066594428805
0.0,0.7560173160173159,0.6695387644135353,0.965734185890112,0.4708675289189225,0.641876011158724,0.7298689942694753,0.6856519488203536,0.8110828968470631,0.6149351816244715,0.5028303301021824,0.6224434511716108
0.0,0.7686580086580084,0.6677022135904225,0.9755820127254552,0.472365658287942,0.6312186448490644,0.7481602762429705,0.6636417424746689,0.8097221275628972,0.6182986292318343,0.4764983946829152,0.6236173190663229
0.0,0.7435497835497835,0.6653709593798374,0.9759957007674838,0.4700969714098955,0.6562768899512678,0.7124699699532235,0.6817617040159751,0.8082510082501988,0.6332196931501942,0.4888899719988621,0.5867985010609965
0.0,0.7911688311688311,0.6630120346901123,0.9719717384962412,0.4722994897599504,0.6565949459748188,0.7595365613728277,0.7418977886251019,0.8053453082129214,0.6302504051828204,0.5622121313563985,0.780531852453835
0.0,0.7899567099567097,0.6600737729702961,0.9673114020558482,0.4723209262668514,0.6620678054732863,0.7551563539587491,0.7947563050070259,0.7984455055537156,0.6143051403358295,0.5940853694344511,0.796060393960603
0.0,0.8045021645021644,0.6575855127161774,0.9669377406423404,0.4703513791976346,0.6501627022424009,0.7616626133097502,0.854944160934842,0.7906312870664622,0.5865822367884984,0.6257814786343822,0.8190052169184493
0.0,0.8157575757575758,0.655093184732531,0.9720424224170808,0.4678860163076834,0.6592495279569914,0.778262767350502,0.8629613194290366,0.7820710501855572,0.5581509089499573,0.6296278188954173,0.8252735731603437
0.0,0.8358441558441557,0.6526700772799838,0.9765443005715227,0.4665338982308571,0.6505473221262631,0.8009602793539937,0.9604984838399528,0.7728491014546066,0.5151336710256856,0.6661590631596839,0.9682920024289776
0.0,0.8403463203463204,0.6502287462237655,0.9665963885528136,0.4672119321183141,0.6576415415318698,0.7987778262767349,1.0,0.7631853556010022,0.4793014570015214,0.6834386093236637,1.0
1.0,0.8025974025974025,0.6483283670772153,0.9575914484561516,0.4674024016676625,0.6505332534226212,0.7564352152282067,0.8129576214777016,0.7555333827801156,0.4525623251943265,0.5452587797661113,0.9852430016758746
1.0,0.7752380952380952,0.6470768854267723,0.9423988007326408,0.4676922209709498,0.6731711984869847,0.7363184079601992,0.7476739886103098,0.7505715039679395,0.4391791404731476,0.5446297798613264,0.9911473144711682
1.0,0.7908225108225106,0.6458591896239949,0.9393359358969088,0.4694712017454361,0.6517475276045626,0.7607614103396062,0.7976776865616448,0.7457870943503053,0.4338203773157588,0.5685608483593668,0.9875301483039975
1.0,0.7783549783549784,0.6442330047802314,0.9370732842183536,0.472118447025781,0.6568668166649779,0.7460523469608481,0.643169883884328,0.7418327816878048,0.4381753692376968,0.5220972636987421,0.931280836089056
1.0,0.7598268398268397,0.6420713177356887,0.9325892643464886,0.4737915132011999,0.6607223799892279,0.7289638762708198,0.524842837068264,0.7420160272735923,0.4774239023035446,0.5121039334089289,0.8400325381527523
1.0,0.7411255411255411,0.6402361911167991,0.9195120495163732,0.4723844246036583,0.6644166579402156,0.6924075275794938,0.4571925153464983,0.7412462475853743,0.5075035988544812,0.529001769090226,0.7279881165007341
1.0,0.766060606060606,0.6378537575919334,0.8953162690985941,0.4752894110955588,0.6683856118428878,0.7317759030932294,0.5200798757488353,0.7418829473325261,0.5331189454716116,0.510050897057233,0.8308546570231132
1.0,0.7785281385281384,0.6373762696621774,0.8899301014253795,0.4770102899642346,0.6657208856391104,0.7315595933376596,0.4972487242067896,0.7402013513902552,0.5419385767617396,0.4987618845314497,0.8765318573272741
0.0,0.7599999999999998,0.6366950813365251,0.8896514227354977,0.4724688360204958,0.6594233758784739,0.7594635518061864,0.5054507802677319,0.736501912589212,0.5273840595487312,0.5027785881427189,0.9882357286645614
1.0,0.7129004329004329,0.6372881019961805,0.8940527991965697,0.4715564311397295,0.6363354469469265,0.7034393251135627,0.5313216478071149,0.7307846016993849,0.503047491442891,0.5154029937155833,0.8745864274685693
1.0,0.6377489177489177,0.6359970650809188,0.8819543729411097,0.4661650314952446,0.6468557864541927,0.6361669911313002,0.4411434065527695,0.7267611727951435,0.485190284366609,0.5203117381881213,0.717226674509227
1.0,0.6448484848484848,0.6339124819203947,0.8682688782158585,0.4672877136470532,0.6628857414779433,0.6303266277309106,0.4039272243177279,0.7266456180826533,0.4848518729257934,0.5037168167723023,0.7323336560062828
1.0,0.6990476190476191,0.6299914339184263,0.8463106577522677,0.4707418942921619,0.6475584058685152,0.6655851178888169,0.4504030766955107,0.7252884241262822,0.4792324644813454,0.4761832689736281,0.7857012717268521
1.0,0.7082251082251081,0.6256289769515153,0.8266775589186417,0.4725587299986752,0.6247312030990877,0.6478477179320788,0.4412765328008283,0.7213118288292379,0.4535925347955001,0.4711787036025809,0.7113471559231871
1.0,0.7269264069264068,0.6217806828423664,0.8130765346136548,0.4712967454377682,0.6317890137652421,0.6500108154877783,0.454907181421492,0.7187990943346934,0.445341510835696,0.4283211980891188,0.7195641875888201
1.0,0.7092640692640695,0.6192177765108233,0.8096544996560313,0.4701024634231037,0.6366594822564164,0.6121485297274095,0.4046076473633607,0.7149657788920076,0.4325348821397901,0.4010593534236885,0.5806763108989547
1.0,0.6711688311688313,0.6176324399409892,0.8170858796512954,0.4692799922352167,0.633675053608302,0.5782849829351536,0.40423785222986464,0.7141739254206609,0.4380713378013825,0.3995506603988375,0.4241518784389468
1.0,0.6858874458874459,0.617233208696301,0.8184125754703504,0.4712002384108776,0.6369597754682313,0.5987627986348122,0.38407662155166056,0.7158277421768746,0.4477646673471671,0.4380472154112123,0.4041285573734651
1.0,0.6519480519480518,0.6162481992476914,0.8089203316475602,0.4707519068439625,0.6457385964051667,0.5678327645051193,0.352814140965905,0.7193937371516991,0.4628177783957765,0.4171456592693963,0.27096162955945113
1.0,0.6055411255411256,0.6156044094011004,0.7993565832330067,0.4657216267770168,0.6328900460139574,0.5074658703071672,0.3022483544116558,0.7260645036078865,0.4980042762611978,0.3797544090697534,0.000246984728110754
1.0,0.6742857142857143,0.6144889207943969,0.8004243029164639,0.4749852684672067,0.6649369336847707,0.5996160409556315,0.4066415205975889,0.7373230238171942,0.5581025424342951,0.4342462282585805,0.2495730494794721
0.0,0.7520346320346322,0.6127843918968967,0.8072555319777195,0.4820311790632466,0.6700004282101729,0.6825938566552899,0.446128244952296,0.7435785384388847,0.6053352013745908,0.4587350781280064,0.4138963621476199
0.0,0.7277922077922075,0.6102147577443504,0.8029841206293995,0.4796863891888401,0.6689334785270961,0.6471843003412968,0.3865616448487537,0.7470769309071372,0.6370624556056129,0.4065163738068646,0.0005308597133359074
0.0,0.7908225108225106,0.6073723016634105,0.7899149685522873,0.4847930385796608,0.6863647883316399,0.7207764505119453,0.5265734782930256,0.7541590049487976,0.6841953990088396,0.4663980284879597,0.12230532336119762
0.0,0.8540259740259739,0.6047017525825844,0.7747559597161324,0.4900820969128485,0.6830057481519347,0.7789975144987572,0.6266696250277347,0.7557590726337273,0.6911996315213185,0.5176617130677823,0.6255856003945106
0.0,0.8370562770562772,0.6019111485523498,0.7600281845459542,0.4911328282327101,0.697488236982139,0.7705053852526926,0.6832334886472892,0.7528531994162582,0.6684428910553709,0.5201417514807789,0.7823232672241031
0.0,0.8393073593073593,0.5996041659235443,0.7449897496698057,0.4913462948033455,0.6848051216614945,0.7750621375310688,0.7188373641002884,0.7495574553445392,0.6490963808073549,0.546516163527969,0.7509078309078315
0.0,0.8976623376623377,0.5976919431607515,0.7440275200003434,0.4958345992570422,0.6807912407200835,0.8322286661143332,0.7364322165520302,0.7474677000036878,0.6256285125073107,0.5693117601933322,0.9102425292334346
0.0,0.8952380952380949,0.5952905770685544,0.7450001793301301,0.4939349759783825,0.7147712668004581,0.8537696768848384,0.7567487611863031,0.7443038561916373,0.6088277248180959,0.6014177295248768,0.9869532265049812
0.0,0.8356709956709958,0.5937887250305194,0.7519561499286079,0.488132014462748,0.6740111162522161,0.7804473902236952,0.6951852673618819,0.7396072930415805,0.5717363706488352,0.5602817264560079,0.7317832394976197
0.0,0.8136796536796536,0.5914861277958228,0.7462777812206356,0.4881891485577065,0.6755230455409201,0.7711267605633804,0.7030619037053473,0.7379451689978886,0.5737884922848965,0.5721079925789269,0.8300941966219153
0.0,0.9986147186147186,0.5891741038321008,0.7426065771179011,0.5102220388389278,0.6805300423807004,0.9821872410936204,0.7423045632719474,0.7353660590084543,0.5706526628099853,0.6512250214566662,0.9954255088783036
0.0,0.9939393939393938,0.585025437249401,0.7353740684166357,0.5099665627417096,0.6898828685443104,0.9886339717954112,0.7024110642703938,0.7297560549219901,0.5619289760918302,0.6465379877985588,1.0
0.0,0.9492640692640693,0.5811575965070481,0.7260555576939978,0.5057516370264955,0.0,0.9336981688065671,0.6829746320538423,0.7249413631446733,0.5550958327060183,0.6316988813012521,0.9934572779685186
0.0,0.9442424242424241,0.5773626714695381,0.7158558065845224,0.5053924295555097,0.7060690340579844,0.9248579246474424,0.6613194290363142,0.7195350263958613,0.5412679694689697,0.6473898792465042,0.9618606484675284
0.0,1.0,0.5731250296038815,0.6967099526998004,0.509869269769212,0.6790972982085023,0.994250425894378,0.6893942755713336,0.7134843860962838,0.5270293837895003,0.6704190306411408,0.9819536937993842
1.0,0.9037229437229436,0.5690246883188319,0.6838096294885356,0.5008377716218853,0.730208555786589,0.9762278267165441,0.6615708897270913,0.7068416515370772,0.5021758904312382,0.6503092812171336,0.7568491877625371
1.0,0.8905627705627704,0.5652787672770074,0.6681468140478373,0.5019996127068187,0.5734384344744466,0.9930915371329879,0.6696989867613339,0.7031321476057968,0.4933843860399015,0.6653570349270143,0.9673544810594392
1.0,0.8715151515151515,0.5625311726033461,0.6685595860297637,0.5009103093565092,0.5628418512401275,0.9919543213080716,0.6551512462095997,0.6995859726068225,0.4791957933922689,0.6535530011003621,0.8551203184367657
1.0,0.8425974025974026,0.5585349323114359,0.6590798974191157,0.5000537542964532,0.0,0.9668221876620008,0.6292286073515273,0.6962636096235757,0.4678745493762009,0.6617070865201555,0.7902133639964233
1.0,0.8799999999999999,0.555510001652388,0.6604131936446611,0.5022185671702182,0.5758522208397931,0.9849528181586328,0.6648546705125362,0.6934732093167799,0.4512281682996856,0.666420057078287,0.8916570844512599
1.0,0.8625108225108226,0.5519595055504027,0.6507045555618867,0.503620112040623,0.5704731890576806,0.9813664754816,0.6797943939057766,0.6885902620248228,0.4229914978217226,0.6494574468151346,0.975978534009117
1.0,0.8510822510822512,0.5495834367030419,0.6434840707238323,0.5059380519202991,0.6032135811707175,0.9971080561668072,0.6846461060572443,0.6827558159478886,0.3859095032872221,0.6547074646233662,0.9757435501842808
1.0,0.8354978354978355,0.5464704596102494,0.6297123341784521,0.5079530444505503,0.6134906638681735,0.9758001088995104,0.6748835145329488,0.677223545124882,0.3614335662285616,0.6471346057141054,0.9665410528719882
1.0,0.8522943722943723,0.5427207871536852,0.6127882649150329,0.5068341103005073,0.6659939015397882,0.9978603904787378,0.6572738702758674,0.6739086564756394,0.3551819812661463,0.6313267010405658,0.9907892439322502
1.0,0.8176623376623374,0.5390223127808085,0.5990728829045431,0.5038261782365983,0.44964870219492703,0.9985718366181088,0.5693661711411878,0.6718446276770311,0.3588342530635526,0.5346188434157866,0.8577878103837466
1.0,0.7944588744588744,0.5360002040319365,0.5873449350601201,0.5045679893479103,0.0,0.9745350500715309,0.49457140744027794,0.6712272794267502,0.3610811072667118,0.4744123287143632,0.4975745641419715
1.0,0.8064069264069262,0.53623305881524,0.6024280106256727,0.5027207309999508,0.4970516262383036,0.9855972889014402,0.5364839878707196,0.6745604420234068,0.3863150600336414,0.4918942966633243,0.6556361365928616
1.0,0.7404329004329003,0.5365857890878469,0.6197755237283604,0.4917727218246354,0.5234709095881651,0.9774075120022592,0.42792692848162095,0.6760355666949598,0.39885022291598,0.3567312235141962,0.610849266340594
1.0,0.7257142857142856,0.537326974846128,0.6395595703911094,0.4930446299491722,0.5453855120639678,0.9666760802033326,0.42927298276754666,0.6791743974157469,0.4375856036162529,0.3582174845315946,0.49209378407851706
1.0,0.7231168831168829,0.5355125254975872,0.6394521328152833,0.4963415530477378,0.6010111429708299,0.9661112680033888,0.4198653945714075,0.6799759040064846,0.4497697083954453,0.3504662925643484,0.5920704159526411
1.0,0.7238095238095236,0.5330850042528545,0.6367217267742253,0.4964990179988184,0.0,0.9644168314035582,0.4435100954071444,0.6804075693073162,0.4597980731677137,0.33155281346346416,0.5763053655023409
1.0,0.7428571428571427,0.530797065779913,0.6231439794059783,0.4956974008980679,0.6018774607798132,0.990065285268237,0.4544634272612975,0.6793053829701967,0.4531470212212033,0.3415452486171422,0.6532949225783227
1.0,0.7248484848484846,0.5279569099927199,0.6057662231478679,0.4968351546147838,0.5873214696794029,0.9941826643397323,0.4769617631831965,0.6775935795096135,0.4437631741926722,0.36713222548267216,0.6454087144400437
1.0,0.7229437229437227,0.5246793628581132,0.5819430057195234,0.4971914503043188,0.601913972181638,0.997010463378176,0.4975075808002365,0.6755966783524411,0.4404486151852151,0.33903683882328084,0.7007202016564632
1.0,0.7061471861471862,0.5208559790750529,0.5639722522923323,0.4960854953054106,0.6781947167558607,0.9880050505050506,0.4625471488795209,0.6721753119098679,0.4266665196411865,0.3478553948380029,0.5344256391789699
1.0,0.6983549783549783,0.5171266067375746,0.5491984555531573,0.4955775500023957,0.4845910555863467,0.9906261227422672,0.4818800384586939,0.670828039713401,0.426423954215988,0.3705675207414989,0.3623334533669426
1.0,0.6895238095238094,0.5141403224703103,0.5741790132061371,0.4952260090296381,0.4598856220221043,0.9688650820220956,0.4682419939353598,0.6708059380131204,0.4253060864772353,0.35728298591940444,0.3813467770975879
1.0,0.6850216450216451,0.5109393548725145,0.5951710966812698,0.4948171146185937,0.4618484423609744,0.9544693672581184,0.4599881665557282,0.6718744770274163,0.4353912238595539,0.3954056048536481,0.3411955347497301
1.0,0.7094372294372294,0.5082818628729759,0.6145809595370382,0.4951203194224034,0.4601749168884359,0.96786072982926,0.4772280156793134,0.6729113051325948,0.4456775350194714,0.3653214486445578,0.4053655023406546
1.0,0.6983549783549783,0.5051618886715576,0.5985165144508744,0.4939239291984946,0.4806311267082494,0.941293532338308,0.466252496117151,0.6743017177492001,0.4632138163080058,0.3518492749665627,0.317680950666186
1.0,0.7064935064935065,0.5033100283378147,0.5949924434400358,0.4955263264962366,0.4926840825537779,0.9347190646313738,0.4214555136454405,0.6763319475730272,0.4827811661373128,0.3573443439226877,0.3056175729204175
1.0,0.6820779220779218,0.5016129429420291,0.5924925336527631,0.4950709644433069,0.489608348717283,0.9125078963992416,0.4145403446490643,0.6792353878083377,0.5069211258816093,0.34761169550437626,0.18602808786460165
1.0,0.6793073593073593,0.4999246486864479,0.5985737458383305,0.4984809466808327,0.4940080762737392,0.9102205653929792,0.3949042230604246,0.6821202999752289,0.5267603962294606,0.3699569948092287,0.11776194437411833
1.0,0.6774025974025972,0.4967645378197194,0.5907887223218361,0.4989319358249757,0.4882413443223353,0.8813296054675364,0.41393388063013065,0.6858501459752588,0.5524226076556883,0.3958819549417572,0.047679617637989086
1.0,0.722770562770563,0.4938753589811988,0.588369136410535,0.502952577824721,0.4935128420140805,0.9189189189189191,0.4948672435470749,0.6898859389237941,0.5808874283849392,0.434346112099336,0.31273109407231525
1.0,0.7194805194805194,0.4920696732645042,0.5818648498194017,0.5019973793196786,0.4550382847894303,0.9242268103730464,0.5151172250573183,0.6925420353471201,0.6066416331360786,0.40758275898659735,0.2552348893619128
1.0,0.6961038961038959,0.4916822374493683,0.5907078503869898,0.5010412271676187,0.4480369660924386,0.9118000072742258,0.4774277050514015,0.6946518827161037,0.630120405964569,0.413257828654886,0.13761694965595644
0.0,0.7307359307359308,0.4921401619014869,0.6061747722530937,0.5060859781861672,0.4164193187076076,0.9924088761492962,0.6094667554174986,0.6980289953557257,0.6604631591304728,0.5491565590151701,0.8622478087236142
0.0,0.6916017316017316,0.4915798558039433,0.6205029109194413,0.5024211078533184,0.49619176922623204,0.9689527960746592,0.5999852081946603,0.6950303756642873,0.6618556154526565,0.5383132383153408,0.7956018878688872
0.0,0.7040692640692641,0.4906481047037019,0.6364410897429449,0.5006739363043433,0.4403700912899782,0.9893465476726768,0.6598180607943198,0.6926659265001303,0.6688401317359761,0.5859398081909447,0.9950547852225348
0.0,0.684155844155844,0.4893148713890602,0.6484565698666545,0.4983260142530724,0.0,0.9522116567031519,0.6485984764440501,0.6889187328670137,0.6782276960114791,0.574883299848958,0.9310361469041072
0.0,0.6864069264069264,0.4877806638283109,0.6511549494903186,0.4976168156176579,0.4888108488827909,0.9859983197983756,0.6340285481843059,0.6861254804693937,0.6889201927417692,0.5373593870965082,0.9665061390949704
0.0,0.39945924294011625,0.9997250801833152,0.933248410660918,0.4932652966299429,0.4775019949259597,0.6100552486187846,0.4678574069965236,0.9659562272182702,0.5377748420304204,0.4763144021271154,0.743230347131098
1.0,0.4053675145203286,0.9996907596521292,0.9366591017992486,0.4938853183465852,0.4761190917342039,0.5996685082872929,0.38613268249389865,0.9642331834655355,0.5297164572990556,0.4679265584766255,0.4611734889340781
1.0,0.3982575605848188,0.9989748261739786,0.9362788693850544,0.493426183657997,0.4786424095535196,0.5828729281767956,0.3628060054729676,0.9644842521509064,0.5302891310432448,0.447770734113793,0.3181794026995425
1.0,0.3644101742439416,0.9989006737030491,0.9378590450508104,0.4944218595077948,0.4774447024943175,0.548950276243094,0.3565268841062049,0.9659746458570416,0.5249281444849738,0.4402084269306477,0.1321872675098308
1.0,0.3898457840977369,0.9979093294035142,0.9385327714827829,0.4928996404872677,0.4775084235060239,0.5763535911602211,0.4434657199911249,0.9700291152895296,0.5456550005470402,0.4974789495067221,0.4573280901264736
1.0,0.4365111155617865,0.9967772490774984,0.938023739201043,0.4933469903863131,0.4756747380020186,0.5862983425414365,0.4626506915169,0.9710197879650908,0.5591668851349085,0.4623678411102949,0.5150653629503669
1.0,0.4037652713799321,0.9949185219083799,0.9306303701906814,0.4944322483826525,0.4748033187332325,0.5539226519337016,0.4097330079136154,0.9692947052329804,0.5627074829108304,0.4091881204449082,0.31594749707726555
1.0,0.3867414380132185,0.995739443791578,0.9367101352432238,0.493261397724241,0.479894103255234,0.5156906077348065,0.4508468308557063,0.9689668322638608,0.5887988901685037,0.45033694049727613,0.08261363636363615
0.0,0.4181854596435008,0.996397035988326,0.9398459453809864,0.4956092652219797,0.4891206764188052,0.581988950276243,0.5735892315657123,0.971742937248634,0.5841647919937369,0.5063967400093614,0.09259326660600399
0.0,0.4713599038654115,0.9971843830795576,0.9485370506966756,0.4964814625146562,0.489750763132134,0.6337016574585634,0.5699504474521119,0.9735570925936892,0.5651596984925521,0.5023443119577018,0.4446663104311396
0.0,0.4625475665932305,0.9968517298415596,0.9488480961073206,0.4958790642949348,0.48871013514036404,0.6184530386740331,0.5518009023001261,0.9740261188170138,0.5219906760836556,0.488313960957441,0.3324239952751934
0.0,0.4952934107750852,0.9969648403564672,0.953589108098649,0.4985740924360676,0.4883540005550035,0.6619889502762429,0.6965017380371276,0.9750517675573388,0.4837327955346808,0.5699328416400281,0.6260370672441431
0.0,0.4792709793711196,0.9964728794738308,0.9559280685392753,0.5009903570977029,0.4879187701512883,0.6480662983425415,0.6901264699356552,0.9725084252467744,0.4419990758963581,0.5660015974645474,0.6763270084601607
0.0,0.4624474263969558,0.9952157006720576,0.9521686432295196,0.4999029321712946,0.48681979906718104,0.6132596685082873,0.6240736631905931,0.9709501354078494,0.4091012019727495,0.5637483105514669,0.5099953612688036
0.0,0.5086120568796314,0.993360088315652,0.9411022961026726,0.5002887622150536,0.4887727402519984,0.6468508287292817,0.7231121958435025,0.974774305433501,0.4329067800699423,0.6268026954506941,0.6929380839831234
0.0,0.5346485079110757,0.99147538836296,0.9313238668730288,0.4989304139687349,0.4880183202502477,0.65646408839779,0.595688188743436,0.9752932321397648,0.4320019588883568,0.5229377710834663,0.6651940535883886
1.0,0.5487682755858202,0.9897801533454318,0.9263406630608519,0.4964889451560153,0.4890637211880778,0.6608839779005525,0.6381184823607725,0.9770926377369497,0.4553875303831586,0.5653036582118603,0.798502352499392
1.0,0.5456639295013018,0.9885426866799608,0.9279462273442664,0.4964186088106274,0.4901074289458512,0.6477348066298343,0.6818208712373344,0.9746702867213192,0.4533688080306956,0.5501328792321709,0.8364957699189317
0.0,0.5628880432605649,0.987263495246446,0.9300746578722358,0.4942180768807045,0.4925273696357976,0.662099447513812,0.6590193033059684,0.9698930716661368,0.4547200793795288,0.5240053390173258,0.8448013076804131
1.0,0.5592829961946727,0.9869640302391272,0.9391228489452552,0.4941971095429412,0.4885922018814993,0.6438674033149172,0.7017898084461207,0.9640068289125427,0.43224539568866177,0.5514084302209274,0.8038479379735367
1.0,0.5316443020228322,0.987197861714731,0.9492665738296824,0.4951811418512481,0.4891513511766225,0.6349171270718232,0.7849641298720516,0.9576826259678296,0.4062108035189416,0.553262683086693,0.8511850853747434
0.0,0.5484678549969959,0.988185611990232,0.9616459443991722,0.49648843835996,0.4884078857581435,0.6618784530386741,0.788610309888322,0.9532202726528952,0.3905163733475968,0.5564354630451874,0.8951662333819449
0.0,0.5387542559583417,0.9877417193430144,0.9655459395022482,0.499310129598931,0.5023099876021087,0.6571270718232044,0.6771762443606243,0.9470069114653774,0.3608426420243551,0.5053134967837652,0.9997849051192575
0.0,0.6130582815942321,0.987183044068529,0.96943158273449,0.5020656363552787,0.5055204495683907,0.7229834254143647,0.7257673249020042,0.941890162284852,0.3342199602144321,0.5308940457618934,0.906416704770614
0.0,0.6610254356098539,0.9861979268292128,0.973739931170712,0.506048930586855,0.5399873732783198,0.7801104972375691,0.6787885511426666,0.9364683851123228,0.3033343299950567,0.496055575849937,0.9186607732561082
0.0,0.7136991788503906,0.9849911925056672,0.9769229688982468,0.5103578778215881,0.5172120067145584,0.8429834254143646,0.6270763996745798,0.930308242831012,0.2769352036912404,0.5147808742570552,0.9330670634609852
0.0,0.7157019827758865,0.9833364192689912,0.9785406425285836,0.5107868133826862,0.5057723615601266,0.8320441988950278,0.7335626063161008,0.9226253177154032,0.2451889911294294,0.5609361254855841,0.9258126095028898
0.0,0.6837572601642299,0.9814701233746864,0.9792937980846762,0.5122237915788403,0.5003615265465483,0.798342541436464,0.6578951261001401,0.9116645088252592,0.18090980133207674,0.5306990997734774,0.9835085313833032
0.0,0.6723412777889046,0.9798331113362312,0.9818817082639248,0.5114736732770004,0.5120718182978632,0.7830939226519338,0.635330227054212,0.9096107307582316,0.1754269054147909,0.5213566452659361,0.640760197775031
0.0,0.6999799719607451,0.9782105703553994,0.9854541234102252,0.5102235568795339,0.5211673483067866,0.8018784530386741,0.540056208860291,0.9122802984896624,0.1908920018645288,0.4692378292372749,0.8772613320685668
1.0,0.7213098337672744,0.9754554725054196,0.9833870347618486,0.5083334565925387,0.5100119453104919,0.8251933701657459,0.44936765032172143,0.9154264435545432,0.2173346716193912,0.478635112835455,0.8251914086320201
1.0,0.7287202082916083,0.9718930382761244,0.974689531586095,0.5096168854164685,0.5137969624227198,0.8011049723756904,0.3457288662081209,0.9184932588670572,0.24095082205778875,0.4801856930661413,0.3105859805080943
0.0,0.7571600240336472,0.9685139972161274,0.9660027434828292,0.508634912765447,0.5079203488801589,0.8012154696132596,0.24896087567487615,0.9235832023811871,0.2852729479779078,0.4962846234615496,0.3005138033682672
0.0,0.7471460044061687,0.9680208793000036,0.9715775109591834,0.5115751589166094,0.5083739164021538,0.7923756906077349,0.2479550329117665,0.9292281038998867,0.3332730262810032,0.4962180052735194,0.3113365868713946
1.0,0.6740436611255761,0.9692722519340258,0.987178811646506,0.507893414887134,0.5199644399553932,0.7650828729281769,0.19626506915169,0.932594243552734,0.3739224583445876,0.5233123846025852,0.2070654928387748
1.0,0.7039855798117365,0.9703463779633036,1.0,0.5099426871945085,0.5385674275577543,0.816795580110497,0.3220915612750538,0.9390563659002706,0.4309957507983508,0.5183415819295429,0.4772711205372921
0.0,0.7403364710594833,0.9682763305823674,0.9976178758274756,0.5093598326784783,0.5282029759828325,0.8485082872928176,0.2760076917387766,0.9385624086446036,0.4351827704724064,0.5013401425946644,0.4825379992930354
0.0,0.7560584818746244,0.965638424517382,0.992417094705456,0.5111664538320891,0.5414653252250399,0.8353591160220993,0.3027364839878708,0.9377682404096196,0.4316417583385007,0.5144667105153115,0.3861240582034449
0.0,0.7492489485279393,0.9633107729581304,0.9883916748858989,0.5103503963812325,0.5238323513787964,0.8355801104972376,0.3594778492715039,0.9359953556388094,0.3950370120240753,0.4889408271962859,0.4439098548255069
0.0,0.7306228720208292,0.9616356714286344,0.9866901552505976,0.5090856343914388,0.5182020751544234,0.8145856353591159,0.35488499371348303,0.9346121034885844,0.3877024574037666,0.4853612385664646,0.3163267010808739
1.0,0.7247146004406169,0.9601571637062034,0.9877268891619732,0.5089382683128133,0.520367136656062,0.7969060773480663,0.2635973670586496,0.9355953591689988,0.3932558934729576,0.4885765986730897,0.16425266041864994
1.0,0.7000801121570198,0.959064013213912,0.9923932396506876,0.5104934688685223,0.5379164180409771,0.7801104972375691,0.30902300125730353,0.9415157353826179,0.45030684243707103,0.4615479050614511,0.1857030688785309
0.0,0.7632685760064092,0.957746578810601,0.992948856229246,0.5156153932180906,0.5265916531833544,0.8583425414364642,0.41487316026921095,0.9477037459044066,0.5011582068114853,0.5067313703978429,0.4287241684625538
1.0,0.732124974964951,0.955496787622392,0.9916405740318088,0.5139388610617254,0.5439728912780383,0.8035359116022099,0.28093336291694376,0.9499691887460632,0.5275540350080806,0.4798757617956039,0.21620808900917166
0.0,0.7739835770078108,0.9530859378939556,0.988145022362164,0.5138845960120377,0.5458160836321703,0.8457458563535911,0.32906589749278936,0.9564414984173392,0.556197954874171,0.5021940222247199,0.3303763845035837
0.0,0.8130382535549769,0.9501906533031684,0.9857758164273848,0.5135729275232845,0.5291227244890226,0.8844198895027623,0.4188299681976189,0.9600342756672562,0.5601424667575234,0.5022804845766878,0.4401510215673503
0.0,0.7859002603645102,0.9467419480190976,0.979009414675744,0.5124252789029056,0.5276713998827202,0.8271823204419888,0.3184453812587826,0.960632915223653,0.557105748742888,0.4257437706394667,0.19395579612088465
1.0,0.7801922691768478,0.943557321639934,0.9732378663261028,0.5123855889580371,0.5277132651886611,0.8075138121546963,0.3377338954219361,0.9672474372053608,0.5928919954838897,0.44085300522586623,0.16263218563624576
1.0,0.7441417985179254,0.9409658365279784,0.9668805671130196,0.5099389821546232,0.5508008709189509,0.7626519337016576,0.3164854670512538,0.975732645387038,0.6584844941934114,0.4210638413527434,0.059322741776508474
0.0,0.8472862006809534,0.9387204292722758,0.9603808333848995,0.5155591700966639,0.5464117909268225,0.863977900552486,0.4365357591894091,0.9882129146598242,0.7571057542838184,0.4942262067081685,0.06515601783061017
0.0,0.8898457840977371,0.9351819045468328,0.9491279481413292,0.5157479210613121,0.5442518215476455,0.9007734806629836,0.5078692404407964,0.9954380491114628,0.8269286771774136,0.5495213147702578,0.1865141481035523
0.0,0.8960544762667736,0.932428320538591,0.9451244120650384,0.5169884115140623,0.5509267115012747,0.8818784530386741,0.5591968049700463,0.9993991663093679,0.8981530245380854,0.5455851409179302,0.3336544250451514
0.0,0.908872421389946,0.9290372884824716,0.937980559023182,0.5174038972876258,0.5229538500553581,0.9132596685082872,0.6387397381850454,1.0,0.930516273621946,0.6327820264204569,0.7126429861529197
0.0,0.953034247947126,0.9264323133847864,0.9339455076847653,0.5179773967055401,0.5239058958250418,0.931049723756906,0.7282005768804082,0.9961854005565632,0.9358755720022154,0.6553076933757574,0.7589102950030095
0.0,0.9611456038453836,0.9222518343658428,0.922320315740194,0.5185871418181685,0.5369838363901159,0.9425414364640884,0.7610531765401967,0.9899797813143864,0.9038031098608592,0.6392159289748066,0.8457104017722284
0.0,0.9763669136791508,0.9194906405281796,0.9230565792246532,0.5204397031509098,0.5259648272125576,0.9344751381215468,0.7900673027142959,0.98295041460211,0.8741178295681926,0.6560619140187768,0.8321155917755598
0.0,0.97446424994993,0.9163270216448952,0.9208082957537568,0.5196468148482286,0.5597563427789682,0.9454143646408841,0.8999926040973298,0.9772513799062932,0.8652102176390277,0.7178663349292791,0.9860246751828792
0.0,0.9720608852393352,0.9150566577586492,0.928883661920042,0.5198193688443005,0.5311216972043714,0.9332596685082872,0.7834775534353966,0.9690057541740388,0.8405178963172133,0.6389752386954207,0.9992632448482957
0.0,0.9444221910674944,0.9140020488992641,0.9328275207400104,0.5158818625657237,0.5374386216581688,0.9354696132596684,0.7515864211226979,0.9648775389071332,0.8352981774489907,0.6682315969669332,0.9735161352285808
1.0,0.9106749449228922,0.9140115812245686,0.9442867182410428,0.516282494877183,0.5143794015021091,0.916353591160221,0.6826640041417056,0.9595069499448194,0.8104114048638955,0.6610562481027852,0.8525478030919451
1.0,0.8967554576406971,0.9134495559440029,0.953644349594166,0.5141729365095138,0.491413126235288,0.9228729281767956,0.7504696398195396,0.9558758349414151,0.8034206338065615,0.6732771537196911,0.948975378103545
0.0,0.9066693370719008,0.9128800781354224,0.9624352690809628,0.5145119313013181,0.5394034827881398,0.9467403314917128,0.7357961689224166,0.948230423414357,0.7579873497641254,0.6660294058782708,0.8235946936457946
0.0,0.8952533546965752,0.9103222988844404,0.9618269023324741,0.5127883499603676,0.0,0.953149171270718,0.8249833592189929,0.9428734556706851,0.7246886815366796,0.6708379634753469,0.8505908452936114
0.0,0.9595433607049868,0.9068876148507964,0.9560777831194028,0.5148704675569965,0.5387939224979695,0.9918232044198894,0.8578433547814517,0.9380143071680124,0.6852793304497611,0.7172561088782302,0.9754141627415956
0.0,0.9561385940316444,0.9018354829816226,0.945308605519074,0.5150237129588815,0.4189102650537985,0.9960550045085664,0.8110568744915314,0.9323978495691684,0.6747844083878811,0.6460043760950248,0.997576621525302
0.0,0.9643500901261768,0.8981545625527523,0.936370632420705,0.516216902929375,0.4448881098801412,0.9841073038773672,0.7811404481917017,0.9270609228900372,0.6934228214586755,0.6320519520935812,0.9417225150194116
0.0,0.961446024434208,0.8941412165757934,0.9240505783861952,0.5156884325790947,0.5516205010971522,0.9886004514672688,0.7301235115745879,0.9218874842447646,0.6776321097256499,0.6232145252307764,0.9164768907107396
1.0,0.9676547166032444,0.8907917439726656,0.9161553905738484,0.5168129996590163,0.5085523647176932,0.9946918993768752,0.6981732120405298,0.915791474032268,0.6475725670804928,0.6058514823166734,0.8623578832016805
1.0,0.9495293410775084,0.8867750600912001,0.9076544721438724,0.515670423673359,0.4069791370611946,0.9754856614246068,0.7329117668811477,0.90888145549624,0.5835942015669809,0.6268816111946875,0.7867677275010263
1.0,0.9797716803524936,0.8838240006389564,0.9025297353430111,0.5147183513541682,0.0,0.9950277520814064,0.7947563050070265,0.9016002129805992,0.5376769947051877,0.6213766628437476,0.8398931555636728
1.0,0.9713599038654116,0.8802661433263397,0.8956698543404497,0.5175223295734049,0.4073166905733616,0.9935140143618252,0.8369425338362545,0.8938390085606294,0.4745837397075599,0.597019997389189,0.8827748360072696
1.0,0.9517324253955536,0.876848505576262,0.8896711061190875,0.5167357917975438,0.5386216205141869,0.9888582724332096,0.8278529694549224,0.8833824330015678,0.3850362290046143,0.5932183241050552,0.8544582968795561
1.0,0.9360104145804126,0.8725192621000804,0.8800311264598967,0.5160671296538615,0.5359762921200183,0.9631056274450798,0.9530729975593524,0.8746893230241715,0.31506224766218105,0.6067634599709493,0.90215108508878
1.0,0.937712797917084,0.8679993346028687,0.8642385744786346,0.5170531697388779,0.5485749911451864,0.9374661450496541,0.8252348199097705,0.865041096755385,0.2586108732947794,0.5667346229152864,0.9713827881987004
1.0,0.9403164430202284,0.8640485544729197,0.8515757762587941,0.5180546793918916,0.5307574177800096,0.9149563647306652,0.7544190518452782,0.8606649628885201,0.2377725153455347,0.5582141075024853,0.9754761335564596
1.0,0.9212898057280192,0.8603477306977445,0.8399839601508833,0.5203090997294795,0.5941989223763504,0.8973037037037038,0.7356112713556692,0.8562574872527657,0.21275711436046288,0.5500945643765001,0.890476383211236
1.0,0.961946725415582,0.8573909062991016,0.8359191159995208,0.5205351189127336,0.5945693860981413,0.924036481318035,0.6560757340433402,0.8521796049752639,0.1808000604998881,0.5533218393064963,0.7218197272028172
1.0,0.9824754656519128,0.8540235997218464,0.8315985096280378,0.5186992252640082,0.5090751654968406,0.9451104100946373,0.7007100066563129,0.8514036892617283,0.1723124491739088,0.5912307212411785,0.8827255433682767
0.0,0.99769677548568,0.8512436434891006,0.8319937428324441,0.5163658175809234,0.0,0.9586464009176944,0.693669107314548,0.8484702999452769,0.1487389808408771,0.5843936395829128,0.8847290241631928
0.0,1.0,0.8483725612174386,0.8294604253124639,0.516552229401002,0.5098377378974993,0.9617874534517332,0.6523851786110492,0.8454462041995818,0.12641718800135465,0.5475174605900363,0.931335249119682
0.0,0.9875826156619268,0.8457745243680631,0.8259893066993239,0.5158999517823716,0.4596714594666063,0.9922192961455588,0.5765032172176615,0.8399989993318668,0.09430049317434892,0.5475044127153441,0.9215298687567512
1.0,0.9479270979371122,0.8429936496188428,0.8221133773978251,0.5166376465514659,0.4778462494632766,0.9505626047402442,0.6138451297980918,0.8371562607982048,0.08198909451940589,0.5699026929339495,0.8554715333164777
1.0,0.928499899859804,0.8404363428624029,0.8195462466896198,0.5155840354755639,0.4710364589177658,0.9195594924587024,0.4292212114488571,0.8350217057710052,0.0704896720786401,0.5021915594353031,0.5836991748454259
1.0,0.950230322451432,0.8377454633025259,0.8162880870592037,0.5138971978873641,0.4563604869505486,0.9424913322841352,0.3809703424302936,0.8385700291026337,0.08486280859679074,0.476582722861989,0.5874704491725764
1.0,0.9543360704986984,0.8349914210213063,0.8113296990767085,0.5105374994628802,0.4699820522541362,0.9445029523482706,0.4386435914503368,0.8392658506746571,0.08202002779702383,0.4592191909199774,0.6950723660648456
1.0,0.970258361706389,0.8323201872288571,0.8075219252163671,0.5083106445391351,0.4249512853833031,0.9578743092451693,0.4665113527105982,0.8349270532899362,0.042016122367831865,0.4771991427285857,0.6630290517622774
0.0,0.971159623472862,0.8292707096570613,0.8016927640921341,0.5045974504082733,0.0,0.9590250794772166,0.5732564159455661,0.8339710482938059,0.03675345886348708,0.4908034966691314,0.7838287652474358
0.0,0.9864810735029044,0.8259715685214549,0.7970871846250626,0.5023797923869348,0.423346675438623,0.9686872267517432,0.4273056726573482,0.8311139455407304,0.013448029185500364,0.4636253599953506,0.7803948005983109
0.0,0.9968956539154816,0.8221414308069019,0.7886223959501474,0.5035296355523474,0.4732443219528504,0.9709722546048029,0.3673249020042897,0.8306379964024624,0.01970395269747266,0.47839828701739295,0.5742227671861407
1.0,0.9711596234728621,0.8184125492590739,0.7815960509642796,0.5023503262969543,0.4591793107145908,0.9955087579220518,0.30201908142888834,0.8299561332870204,0.0,0.489900365185132,0.4548690768135429
1.0,0.9484277989184859,0.8151967045531134,0.7759196141268703,0.5010801288134064,0.4780720232723016,0.9634991338777532,0.2515124620959988,0.8333949697766576,0.010952593130705124,0.5098384693197302,0.3312960859610222
1.0,0.8904466252753855,0.8125726974828431,0.7730424838569204,0.4970472238519098,0.4771208484767077,0.8904193076548025,0.1561570889727088,0.8392476771894204,0.0351752625898471,0.5275275249401644,0.29006031562422474
1.0,0.8418786300821152,0.8096833361797604,0.7678540612891619,0.4934810980628469,0.4826078863017465,0.8299609946367628,0.0,0.8454555801739461,0.06043861289644802,0.4532209385115417,0.03703982874544067
1.0,0.9215902263168436,0.8064465452567509,0.7578187577529509,0.49809946160261,0.5047006240023045,0.9014251781472684,0.07221359366910696,0.8559028663829801,0.10755230595308383,0.4363354551575525,0.0009082217973226717
1.0,0.9505307430402564,0.8028276795814789,0.7477550267431321,0.4975387428061398,0.4865647287202184,0.9141490726700102,0.1309814362842982,0.8645243302884129,0.14250466704533832,0.4094945963180941,0.0862495860209112
1.0,0.9376126577208094,0.799793795815527,0.7402084651075913,0.4966654789440579,0.5046286260877204,0.8981513777467738,0.07996449966718439,0.8714924588387303,0.1910563831390304,0.4308184462664726,0.045740260129914605
0.0,0.9454235930302424,0.7978968267899886,0.740056073171431,0.4937103580763784,0.4888079378949541,0.9022651489019202,0.11587900303231975,0.8804721087532108,0.2503516402644739,0.4023566134467396,0.01328732221756342
0.0,0.9361105547766874,0.7969855629683522,0.7441259124362215,0.4960269876174492,0.4861553194915792,0.901690238013108,0.12881443680201116,0.8886889897829133,0.3047879842281779,0.4078952861010608,0.04418357145160709
1.0,0.9090727017824954,0.7954028642500357,0.7454631463173907,0.4955323157905224,0.5867547262681589,0.9007230575002868,0.13382885881221795,0.8979944140117571,0.34813892122925083,0.410182159107548,0.06113135743541754
0.0,0.9626477067895054,0.7932717489012313,0.7436183296529741,0.4974324596177941,0.5197974424714732,0.9358429932285092,0.1684860587234676,0.907676921446104,0.3893197828435302,0.4265211788022129,0.10060926584359263
0.0,0.9474263969557382,0.7921521515229548,0.7474020143107919,0.4966422595764168,0.483005240048443,0.9113967634569036,0.2071592337844831,0.91460482992724,0.4100124390849291,0.3964688224632563,0.1780092551233719
1.0,0.8745243340676949,0.7923486563681268,0.7571516755256846,0.490225310758927,0.5398876850172438,0.8953288190060829,0.19076991346793928,0.920137918157129,0.4138841267096592,0.3733479584156051,0.036448748414301714
0.0,0.876827558582015,0.7930461866188017,0.7682839496840363,0.489947231173151,0.5836177941712235,0.9084127166303226,0.2889505214111381,0.929280400833388,0.4502574690089365,0.3759303420394178,0.17973777348777348
0.0,0.8881434007610657,0.7919965669836262,0.7717799870276357,0.4908232108611133,0.5153902368375841,0.9259726844944338,0.33863619554766605,0.9353244032554956,0.4756162816417734,0.4060632860863012,0.3299549549549543
1.0,0.8440817144001602,0.7901653645234696,0.7729466760004697,0.4903349902764026,0.5028768791252347,0.8921152301159186,0.3381480659714513,0.9383504048901591,0.5108852909125837,0.4050355454066487,0.3069095881595875
1.0,0.8265571800520729,0.7876202712477753,0.7701892198135059,0.4893876483349357,0.4949953482501477,0.8619304487547342,0.3433325937430667,0.9423097861275632,0.5318405175834011,0.4086371047375167,0.2005509974259981
1.0,0.8258561986781495,0.7839953847619012,0.7613101886866859,0.4901078370029366,0.5201034022210308,0.8385171582692529,0.2669846904814732,0.9478640005749116,0.5713986829908555,0.35935914387148205,0.025619369369370724
1.0,0.8981574203885441,0.7806889536464805,0.7505159602216512,0.4936955827555878,0.5158846342830142,0.9008378285320782,0.446490644183122,0.9584673569295374,0.6354690214293552,0.4751096556358057,0.2700783421784172
1.0,0.8919487282195073,0.7772619595166583,0.7411908991603681,0.4933736246553016,0.5198946088674906,0.890393664639045,0.4447008357370017,0.9619795705381846,0.6693595860920043,0.4733131311011958,0.2508264570372482
1.0,0.8993591027438415,0.7746002295597243,0.7365868480950551,0.4944793737389155,0.5197664178310625,0.8837369447951338,0.4887064566230309,0.9671294106476818,0.7111562743743107,0.4756605572517622,0.07945729568882845
0.0,0.8982575605848189,0.7712168325005886,0.7301390134284784,0.4942840632153327,0.5264360668244925,0.8840812578905086,0.4855705938909846,0.9713214118514396,0.7628789460077359,0.4723610716342165,0.15756845796875402
0.0,0.9601442018826356,0.7680846465725135,0.7257351242422005,0.4969718984388745,0.5814775934531462,0.9294158154481809,0.5866577915834625,0.9752402612925511,0.8135532733047379,0.5566430795231213,0.5391184573002739
0.0,0.9644502303224514,0.7651964185391558,0.7228605525145653,0.4975567853746986,0.5279003297147586,0.9273499368759324,0.6574735596479548,0.9750037360267972,0.8394348380337244,0.6231579688263259,0.7759543486816206
0.0,0.9294011616262768,0.7626166845996247,0.7219082179624925,0.4974832420194437,0.5808440133839303,0.904740043612992,0.618038606611937,0.9713988690818188,0.8250225646647342,0.6113639347127645,0.6941106400868854
0.0,0.9378129381133588,0.7601241033164474,0.721847201860898,0.49870953963411,0.5811766458480342,0.8985424078962471,0.6686709562902153,0.969118865965172,0.8176933839555965,0.6602203586592442,0.6614231160004196
0.0,0.974864810735029,0.7565287577697772,0.7139680793251729,0.4986775167001978,0.4744939247905841,0.9346917743001488,0.713578877301975,0.9646939848200328,0.7929329454279495,0.6961903104313172,0.8513124721933852
0.0,0.9891848588023232,0.7543061227742074,0.7139035154614628,0.4965141415723241,0.47484537386248404,0.9349158162408002,0.7708453516751724,0.95858638457363,0.7724165449227303,0.7357706982580559,0.8047802500196558
0.0,0.9848788303625076,0.7514980151653647,0.7093310105811013,0.4941892924971381,0.5397775629456089,0.9616888281486295,0.8204200872716518,0.9527090715633622,0.7515679650025702,0.7237981299003231,0.8399103040429139
1.0,0.899559383136391,0.7494845572401507,0.7092021041332122,0.4889986703085055,0.5023291628888893,0.9738304680718758,0.8268619184971522,0.948652425308146,0.7474753709964279,0.6852986038760843,0.867078379314325
1.0,0.8905467654716605,0.7485370921535621,0.7158184051477823,0.487391888286216,0.4888728996514591,0.9761624065605206,0.8073663190592409,0.9445955063348932,0.7393558643255029,0.628954903970663,0.9296988990582298
1.0,0.8498898457840978,0.7476363794401955,0.7217815429542324,0.4848772901142255,0.4809775589671959,0.975255541592714,0.8225057318245693,0.9396890701685016,0.7347119258130155,0.6383583639466672,0.9797005939305192
1.0,0.8472862006809533,0.7475456511314821,0.7314076990393837,0.4855164520847346,0.4601674514395251,0.9461063104846544,0.7601360846091261,0.935454382072444,0.7502002745064351,0.6232223505963187,0.8838075810245403
1.0,0.8116362908071301,0.7467941635299586,0.7359234096110067,0.4842063200017298,0.4898258924926064,0.941053777092591,0.6648546705125362,0.9312307901631836,0.7570928333860463,0.5337027713136232,0.8809766657646587
1.0,0.7886040456639297,0.747054990099564,0.7460848914606681,0.4848721438496416,0.5315757708053385,0.9365194522535596,0.7661637452851127,0.9271285400807516,0.7668124868874411,0.5457876060810919,0.8966299619075376
1.0,0.8076306829561387,0.7457762926501539,0.7483612340756282,0.4864286287455221,0.422321593787195,0.9689074868180704,0.7417942459877228,0.9190532726794192,0.7337204207802088,0.5753120792485822,0.9984071133089248
1.0,0.8199479270979373,0.7442393038331947,0.7493100135982861,0.4839456583671198,0.405541690891133,0.9721462902745214,0.7234524073663189,0.9130318330052992,0.7265570214615833,0.566523466788941,0.951028817454238
0.0,0.8084318045263369,0.7422075490825863,0.7481194736177847,0.481993295869262,0.3888698974510865,0.9882336022173122,0.7308039346202206,0.9070424114215332,0.7104099089981188,0.5740219342627292,1.0
0.0,0.8138393751251753,0.7396431885946786,0.7440809606345474,0.482611718923377,0.5742281072030392,0.9875766650538128,0.7444937504622443,0.9006595985613328,0.6949860362815032,0.5830675169226079,0.9333352229245216
0.0,0.8312637692769878,0.7354799733192872,0.7309499689227658,0.4847631434395384,0.0,0.9826951061235728,0.7426891502107833,0.8947728562089696,0.6888081236410104,0.5807904778551318,0.9813017960893028
0.0,0.856799519327058,0.7314445032884374,0.7172426452256069,0.4837943905329888,0.5153496505172769,0.9838678155115042,0.7303601804600252,0.8890208702303108,0.6853363033573627,0.5746729632740272,0.9100743337160808
0.0,0.8670138193470861,0.7283185573797337,0.7095357830509066,0.4809867131259427,0.4529085152159156,0.9986817648532146,0.7643221655203019,0.8822572588595003,0.6735033990550527,0.5524728126281357,0.9902909904868488
1.0,0.8595033046264773,0.7252746099052252,0.7032563248924598,0.4841100946946788,0.4284630431736063,0.995237402267526,0.8203757118556321,0.8741773368154366,0.6324712416038769,0.5829905688356279,0.9531652580124736
1.0,0.8494892849989987,0.7221923264925456,0.6970521408116488,0.484260847349122,0.0,0.9547253736480492,0.7930404555876052,0.8665053140425802,0.6031238902059971,0.6206796875431759,0.8918802075145426
1.0,0.8733226517123974,0.7190052488166161,0.6909248814289014,0.4828258565003135,0.3949509800736822,0.9806722355339624,0.7806301309074775,0.8616540041520422,0.595967828955443,0.604200032592397,0.9369595975475556
1.0,0.8660124173843381,0.716401053080014,0.6870696957825814,0.4825049358102486,0.3988110497815104,0.99399800843007,0.6876266548332226,0.8555755407754102,0.6021609191287939,0.5859200167891484,0.9704022569191108
1.0,0.8587021830562789,0.7134522828331642,0.6815378945251118,0.4820571442753144,0.5055055821130613,0.9977811368899859,0.6708897270911915,0.8514465848677804,0.6144179052108758,0.622570703738807,0.9316357799503854
1.0,0.8294612457440418,0.7104376489419684,0.6757509500011973,0.4805098876581996,0.4801549006155704,0.9415938332009088,0.5838769321795722,0.8461853456884032,0.6188271144012567,0.6123009738423506,0.6840799649788403
1.0,0.8318646104546366,0.7081165365564395,0.675502183023904,0.4810155849455136,0.477001299239049,0.9352221152523722,0.5562088602913983,0.8442159964577078,0.6497263651555003,0.5921101929412425,0.5251228172576485
1.0,0.8132385339475268,0.7065120873671427,0.6787633785699101,0.4826137256075999,0.404522450649743,0.9233943061477102,0.5484283706826418,0.8446077320928074,0.679297805871445,0.6341072507452844,0.5130113332360532
1.0,0.837272181053475,0.7055585685776071,0.6832687749258481,0.484813309324054,0.5097727094429458,0.961765919405859,0.5671178167295315,0.8459205816643038,0.7065752197495309,0.6502409881771394,0.65491998638066
1.0,0.8118365711996798,0.7041919207393488,0.6825893137313908,0.4860371551096562,0.4230010458238238,0.9383853665245496,0.5340803195029956,0.8447595283257596,0.7173942151001944,0.6717813023515972,0.5833211732088142
0.0,0.8119367113959542,0.7017514663424396,0.6755175773150213,0.4858315381051036,0.0,0.9438866730848576,0.5745506989128029,0.8431337143024984,0.7434268879578344,0.6573904725117052,0.6496181720900832
0.0,0.8763268576006409,0.6992528746911693,0.6699036761341283,0.4889345350373902,0.4232474918598262,0.9949112914317148,0.7131499149471191,0.8405364801847419,0.774798004167746,0.7426625532006522,0.959628386594678
0.0,0.8331664330062087,0.6965810071357148,0.666203133041169,0.4888738841086955,0.5828889848705366,0.9775536297769568,0.5955180829820281,0.8328772745362567,0.7568378501405033,0.6925557354826936,0.8860370296103192
1.0,0.8312637692769879,0.6967296251735711,0.6776913518466746,0.4883090020457016,0.6206660444918048,0.9839465833214946,0.6255380519192371,0.8304208940963862,0.7626891938005433,0.6811072320139945,0.9600628300247316
1.0,0.7751852593631084,0.6949647399413754,0.6786297717342862,0.4846646606938667,0.6393803690796847,0.9641994601505894,0.5983433178019376,0.8260905752781096,0.7592585837042689,0.7017671872999766,0.8817749492971524
1.0,0.8243540957340278,0.6921725512192471,0.6727731868704535,0.4864423218741697,0.6381160165179997,0.9742861201875266,0.6128097034243032,0.822833058849679,0.7759377750307401,0.6728157387538778,0.9362141408287464
1.0,0.8461846585219308,0.6864159071776592,0.6507839777555726,0.4890747915201438,0.5048504236555137,0.985872855701312,0.5701575327268694,0.8190197301552955,0.7847695360901157,0.6312405310887711,0.7672060753051562
1.0,0.8708191468055277,0.6823920095432887,0.6386767760524843,0.4924447235947608,0.4622145919113197,0.97334622289739,0.5707196213297836,0.8161105788631888,0.7804093036528299,0.6320004920234938,0.7905848674008985
1.0,0.8664129781694373,0.6785454385671206,0.6263309607023533,0.4917123155443383,0.4402830090601687,0.9829073378926632,0.6213297833000516,0.8129332774717672,0.7790900962639051,0.6822286083862201,0.7314222098524905
1.0,0.8715201281794512,0.6746639844816519,0.6139238902229186,0.4929914611716764,0.4239111907166073,0.963194049068168,0.6085644552917681,0.8094334309754299,0.7703770670617154,0.6713719465247588,0.6533736233151753
1.0,0.8928499899859803,0.6719816189330329,0.6070149827023389,0.4962667225073434,0.4283355706690964,0.9474730776435388,0.5488869166481769,0.8089868413648118,0.8059440346547709,0.6071071068235205,0.3633258618849397
1.0,0.8554976967754858,0.6701826816602936,0.6085257008466166,0.4941759393266538,0.4265215776191543,0.9443292432921708,0.4929738924635749,0.8108468727976899,0.8513247668957573,0.52829349904442,0.3682712491550128
1.0,0.8449829761666335,0.669464869393043,0.6109877654839457,0.4969530604837922,0.4279725243279448,0.934504760944146,0.5655129058501587,0.8130328089626107,0.9062476357432052,0.569397939384487,0.5095883587718352
1.0,0.8623072301221709,0.6688913619056545,0.6157997241085966,0.4949959448785923,0.4290707996505572,0.9482590362313807,0.6181051697359664,0.8117741825237106,0.9504725168740636,0.5930165694712118,0.6802220087522673
1.0,0.8147406368916483,0.668945231319447,0.6227948845990945,0.4921998849727146,0.0,0.935552705727935,0.6554322905110566,0.8088814027625209,0.9609695721602602,0.5826900991314816,0.7125630571487787
0.0,0.8296615261365913,0.6694157664029452,0.6383523937269221,0.4924246068312443,0.4445295015626131,0.9961203037437412,0.7017528289327717,0.8051359488162293,0.9653627082654632,0.5819447703814165,0.7861860908224834
0.0,0.8028239535349492,0.6671945650665451,0.6421367700229019,0.4941050069503193,0.4383117235436335,0.9709931827295812,0.7108128097034248,0.7992627639742649,0.9304957851268424,0.5901282507606921,0.7383639509020521
0.0,0.8291608251552174,0.6643853108889222,0.6429510969968083,0.4971894614499178,0.4601565782987593,0.969121775163748,0.7999186450706313,0.7954739546740901,0.9389621822957824,0.6028244236154822,0.7998795798675384
0.0,0.8303625075105149,0.6625567213288972,0.6473637071738153,0.4971579803373919,0.5238248288434761,0.9742013099852959,0.7876636343465724,0.7921003899311554,0.9563260911480138,0.5733965259571362,0.8835617845913568
0.0,0.7993190466653316,0.6619918601849382,0.6532245739790862,0.4964802793635284,0.523353106706304,0.971527870605534,0.7625101693661709,0.7877437891863956,0.9969462185040529,0.5272149503642243,0.9148599494461678
1.0,0.7996194672541559,0.661267986644418,0.6563570749740372,0.49615804207056896,0.43632363926539297,0.9982317736670292,0.81213667628134,0.7799557882082382,1.0,0.5581244195644273,1.0
1.0,0.7738834368115363,0.6593983371923486,0.6541390522952069,0.4943619721139244,0.4572250935785449,0.9893497757847534,0.8544782190666376,0.7714321997123585,0.981718252016592,0.583751933567645,0.8772865527138758
1.0,0.773983577007811,0.6569351398399206,0.6502587139702561,0.4921886225926703,0.4430527564283008,0.9894899103139012,0.8740551734339176,0.7670314138677989,0.9575960168657374,0.613947009105651,0.9504410212370052
1.0,0.7837973162427401,0.6545477164288929,0.6437689957374512,0.4934214045844056,0.4289161302016186,0.9848654708520184,0.7888617705790995,0.7616542934730803,0.9250367284863056,0.5573360206626112,0.9559843400447432
1.0,0.7807931103544964,0.652178244624569,0.6340069232004143,0.4969875340538376,0.4284697625629689,0.9809417040358748,0.8516012129280381,0.756325821948107,0.9077656822167957,0.5330125410979605,0.95909768829232
1.0,0.777288203484879,0.6501022626102988,0.6283057914238753,0.5004783208523276,0.3722923012070073,0.9768778026905832,0.8640115376081652,0.7486278126108361,0.8637121442328562,0.5393669653842977,0.9592917362975756
1.0,0.7743841377929102,0.6475144827555881,0.6228859600686115,0.5004750226972087,0.4881857164454049,0.9652466367713006,0.8499223430219658,0.7412936716016005,0.8288301003609693,0.5829639819407041,0.9445706667668092
1.0,0.7880032044862807,0.6452986756989056,0.6200531969496036,0.498230277801863,0.4841743554871464,0.9653867713004484,0.8843354781451074,0.7349592284097948,0.7969430607377048,0.5448887782496776,0.9847683274228232
1.0,0.7407370318445825,0.6427405537713498,0.6127669555826537,0.4977511336935106,0.47515005967306395,0.9126961883408072,0.7832260927446199,0.7272739503101866,0.7740954592870397,0.5310378322515632,0.8373561792821846
1.0,0.7801922691768477,0.6408168187373326,0.606224568284802,0.4980602115569303,0.4874557378742556,0.9485706278026907,0.7847348568892836,0.7223695172356823,0.7802109998505571,0.5318526072391608,0.8328340552195239
1.0,0.7824954936911679,0.6387289908666305,0.6020560326523869,0.4983405440303338,0.0,0.9480100896860988,0.7957547518674658,0.7150142981080749,0.7745053560174604,0.5375803261028925,0.8116926482092777
1.0,0.7807931103544963,0.6376524393451508,0.5983605812822433,0.4976390297378405,0.4687221001117795,0.9597813901345292,0.9046372309740408,0.7071164467757621,0.7370156060807775,0.5643058236249588,0.9585948978228932
1.0,0.7662727818946526,0.6361265527395572,0.5950785591559837,0.4993606065996694,0.4835419400091455,0.9582399103139012,0.8748613268249394,0.6949194804357028,0.6741932421714039,0.5530704776593676,0.9824309721652952
0.0,0.7744842779891848,0.6336475247803532,0.5889318118269687,0.500484756861638,0.4888202675416525,0.9513733183856502,0.8979809185711116,0.6823138580319159,0.5671689739667771,0.5646605876845664,0.993641640571298
1.0,0.7620668936511118,0.63045407044409,0.5847695372330295,0.5001622422814136,0.4799214051333142,0.9125560538116596,0.9845203757118558,0.6725138654778648,0.5167147170918793,0.6036185309034658,0.9712132279699844
1.0,0.7552573603044264,0.6273603600573525,0.5804112059155352,0.4998744449739554,0.5716020503938635,0.8950392376681617,0.8161896309444565,0.6630622474172148,0.4696198548321775,0.5124633293131329,0.962203860305984
1.0,0.7593631083516925,0.6267753159672826,0.5880149452119139,0.5007708295363806,0.6666600533166612,0.8807455156950674,0.8031876340507358,0.6574659664555011,0.4727883923082806,0.5082963553221135,0.9848906208484638
1.0,0.6711395954336071,0.6268430440179322,0.5996414582446925,0.4943148345643712,0.8563164480626121,0.8269338565022422,0.7343317801937725,0.6495661192653437,0.4553438322773919,0.4808275601150728,0.8
1.0,0.6780492689765673,0.6272953979810068,0.6095425755134359,0.4945374273111342,0.7712278472067112,0.8514573991031391,0.7708083721618224,0.6448676195969316,0.4396736675124479,0.5089784232221323,0.8900516913031652
1.0,0.6872621670338476,0.6255880191041927,0.6061121074391023,0.4956456558304818,0.6601395685235312,0.8486547085201795,0.8330227054211969,0.6352369636452586,0.4073283242858366,0.4950439065982821,0.9793597533327294
1.0,0.6671339875826157,0.6235032112205445,0.5972904425501009,0.4942194033485117,0.6363248958735638,0.8139013452914797,0.9046963981954,0.6242545259812617,0.3546704965599685,0.5306200806673516,0.983891658114646
1.0,0.6624273983577009,0.6220545046620605,0.5917009104503655,0.4975717097378371,0.7876577493201333,0.8084360986547087,0.7578729383921305,0.6167622577097298,0.3296019351605704,0.4971696802356238,0.7811755509231684
1.0,0.6602243140396555,0.6214832328523991,0.5937830326906443,0.5010389477917727,0.8569977345031132,0.8081558295964125,0.6994674950077657,0.6170666911629206,0.3425946631016312,0.4532293035576046,0.786982578916021
1.0,0.6557180052072902,0.6207013024929622,0.5965161342106546,0.499834124821578,0.6639936865125972,0.8273542600896862,0.7362473189852822,0.6178857213472506,0.3424877869187598,0.4754140561893678,0.9670562835020842
1.0,0.6501101542159022,0.6199712792513463,0.6003977540424779,0.4995407625679595,0.6179325611467089,0.8130605381165918,0.5894904223060425,0.6132602937095553,0.2987735330689682,0.4468572987343766,0.9601777699551176
1.0,0.6266773482876027,0.6182011084539151,0.5973073649302567,0.5010901641154853,0.6203737236188775,0.7879764573991033,0.5890318763405075,0.6121686292351649,0.2928050813576341,0.4469243428916176,0.9050779510022272
1.0,0.62557580612858,0.6163742867421265,0.5920796659943681,0.5013443862984002,0.5676805082232321,0.7714405829596411,0.5354929369129501,0.6111303390701976,0.3036599262867288,0.4185667279781891,0.9300445434298444
1.0,0.5999399158822352,0.6142592598959455,0.5891678919883434,0.4994878996549618,0.5835456690166148,0.7230941704035875,0.4436358257525331,0.6103766447847874,0.3287090374246249,0.4258950706479193,0.8232770883942837
1.0,0.6128580012016824,0.6129671805299823,0.5905002773296757,0.4971000659047247,0.5623008908174082,0.7361266816143499,0.4760150876414465,0.6090479232256021,0.3047205125114624,0.4406289133486939,0.8384339136544614
1.0,0.6052473462847987,0.6119230492804428,0.5949593484526894,0.4998809022391731,0.5554500259553372,0.7337443946188341,0.5112417720582796,0.6039779595566563,0.24493082083815004,0.457308940901581,0.7979168621563288
1.0,0.5845183256559183,0.6105169386863467,0.590239251630006,0.498143942301005,0.5584656943616801,0.7040358744394618,0.5054359884623918,0.5975368616077403,0.16353532178382027,0.4545951107433999,0.749160176409871
1.0,0.6107550570799117,0.6089512652865876,0.5831825517273408,0.4972755112331319,0.5252893616144566,0.7219730941704035,0.4855927815989942,0.5944928160487617,0.1391766879082536,0.44483597019264093,0.6173594820305899
1.0,0.5570799118766275,0.6071481484673811,0.5732800015508908,0.4926291748931487,0.5069823875797158,0.6446188340807175,0.3702906589749277,0.5936033513222354,0.1428485156942838,0.4445954196707744,0.5833911982734351
1.0,0.5369517324253955,0.6061983562811417,0.5728666019629836,0.4909407325617008,0.5128436626205196,0.6105661434977578,0.3334368759707121,0.5971903389877982,0.1855177773398051,0.4247663594191852,0.4812799099183637
1.0,0.4726617264169839,0.6054958703568634,0.5719626919058859,0.4885443601197264,0.5024614908113779,0.5211603139013453,0.09010428222764556,0.5991816563492591,0.18823969347952152,0.3530415974934084,0.14768271219933976
1.0,0.5232325255357501,0.6062478616027358,0.5834558247111079,0.4941611345902841,0.5083269584202172,0.5936098654708519,0.2834109903113675,0.6071203277230974,0.2265357764330248,0.3919198943865884,0.401064709380757
1.0,0.5045063088323654,0.6067159247977194,0.5920389519140415,0.4912802082004653,0.5066968564061763,0.6010369955156949,0.3134235633459063,0.6067192613698198,0.2293892681090463,0.4086907176547804,0.3682530933143797
1.0,0.4889845784097737,0.6069864293941422,0.5996830672358098,0.4935074561681193,0.5057269030838887,0.5812780269058295,0.267176983950891,0.6065614444501006,0.24945968211772346,0.4359746232685392,0.3365729122847736
1.0,0.5044061686360907,0.6072925903914186,0.5989028746214314,0.4915069463912868,0.5141212008685578,0.5978139013452916,0.3460468900229274,0.6086492484621975,0.2633254843543303,0.4306056966362977,0.3370515963387923
0.0,0.4616463048267575,0.6074963817926711,0.597198216502074,0.4901547053320846,0.5152808046142963,0.5697869955156951,0.31884476000295825,0.6086633298410613,0.2319569387681427,0.4650454058630686,0.2864561423867476
1.0,0.3955537752853995,0.6080315291479943,0.5965067362472829,0.4871851966387339,0.5059900532365598,0.4784192825112107,0.23359218992678046,0.6121933629080699,0.23141064220387844,0.4021409561916625,0.002117313785903468
1.0,0.4230923292609655,0.6075600972992272,0.6014171225620505,0.4903350095530172,0.5043536810982424,0.5190582959641256,0.28338140670068784,0.6220990870305123,0.230466103257186,0.4243841225639508,0.02091396975117926
0.0,0.4836771480072103,0.6069889380497955,0.6110146683773662,0.4936279432800029,0.5289528053698137,0.5832399103139015,0.3807410694475261,0.6319376923965894,0.25702330183140554,0.4294914113646137,0.08375625572707363
0.0,0.5077107951131585,0.6057316033560185,0.6182997393317574,0.4962671545010751,0.5288182715275931,0.6209360986547087,0.3949633902817839,0.6416987176336735,0.2747716734936171,0.4372514644957389,0.046088991084755136
0.0,0.5197276186661326,0.6043211621394062,0.6145315247407409,0.4939605043507674,0.5296817480196532,0.625420403587444,0.3688558538569631,0.6517141989117088,0.327495680114992,0.4269861141844147,0.12978102189780946
0.0,0.5347486481073503,0.6024754921960649,0.6052853047509459,0.4920521369745379,0.5491046252708042,0.6264013452914798,0.3349530360180457,0.6566438094747775,0.3370472867308489,0.4560946712659299,0.0581995133819942
0.0,0.5682956138594031,0.599979199770615,0.603117413883328,0.4921605468061551,0.5789900362960776,0.6624159192825111,0.4831373419125807,0.6608862865866267,0.3300213485399396,0.4905655001739478,0.25577517288734153
0.0,0.6301822551572203,0.5981328819434737,0.6092651598209241,0.4956692466621755,0.5855649719256053,0.7132847533632289,0.539997041638932,0.6613114919002092,0.32017349182169696,0.5226190050732307,0.4588013144342538
0.0,0.6308832365311438,0.5963308705831667,0.6171046854200318,0.4953995037755246,0.5797940325021775,0.7247757847533634,0.569255232601139,0.6630380124654864,0.3425288043185037,0.4888779390122708,0.4823924665260678
0.0,0.6137592629681553,0.594897833119002,0.6183338305248028,0.4976430213722167,0.5657687443872156,0.7009529147982062,0.4277864063308928,0.6654700038201964,0.3883621069149139,0.4624812165557535,0.3547746333807445
0.0,0.6439014620468657,0.5931547613560744,0.6154968049936564,0.497455387691486,0.5576076795574025,0.7230941704035875,0.3530064344353228,0.67110889989593,0.43159646236747257,0.4772682396788946,0.3103143852077098
0.0,0.6166633286601241,0.5914969556403271,0.613931483307438,0.4951229814868916,0.5594516128441446,0.680353139013453,0.3130315805044004,0.6746222955638121,0.436514948647556,0.504931092296189,0.20388444749619852
0.0,0.6457039855798119,0.5902278176024947,0.6109395312019159,0.4981483526043597,0.5708058303861154,0.7286995515695068,0.4712817099326974,0.6779826890573066,0.4167120884964091,0.5348319248785527,0.5418117612438078
1.0,0.6158622070899261,0.5891483602092991,0.6119647389499282,0.4957512301615858,0.6042408489168619,0.6747477578475337,0.5070408993417647,0.6764591599476497,0.3672679921608518,0.553765614095265,0.5305802148217177
0.0,0.6656318846384941,0.5875718135663632,0.6067803707674632,0.5010401331884564,0.5760393380170165,0.7549047085201795,0.6209082168478667,0.6767320548084619,0.3474003537593604,0.6163593494635969,0.9431065770758748
1.0,0.6471059483276589,0.5863019093480606,0.606496286186555,0.499905906050526,0.5774651034483289,0.7099215246636771,0.5309740403816287,0.6699100889604503,0.2785585727787563,0.6161541998903295,0.8336486523539258
0.0,0.64420188263569,0.5847311887963469,0.6009113730019123,0.4991156706870792,0.5609558913758207,0.7183295964125561,0.5677316766511352,0.6641091528804881,0.21580529297304074,0.636159786685982,0.6603602862548338
1.0,0.6412978169437212,0.5831293204893564,0.5963059090471403,0.4990561542101124,0.5347214171055515,0.7069786995515694,0.6595222246875232,0.6578827351003679,0.14419606073331115,0.6363497960098807,0.7719283814537592
1.0,0.6041458041257763,0.5812514746956758,0.5894020204064109,0.4960623486855122,0.5436973861901732,0.6362107623318388,0.6368685748095555,0.6521540232102141,0.0967627269950655,0.6272346175281759,0.4805077311108677
1.0,0.6320849188864411,0.5804243205759472,0.5873116325849558,0.499380035881206,0.5303568511455868,0.6761491031390137,0.5993861400783964,0.6524884324603881,0.0877539611519384,0.6034555589794611,0.5586429193233423
1.0,0.5839174844782699,0.5799678006276376,0.589799695416744,0.4974507803944478,0.5251296642835083,0.6296244394618836,0.4684342874047779,0.6522092833787636,0.07750306870218943,0.5826656712083741,0.3793614568383416
1.0,0.5732024834768675,0.5791529480946278,0.5903645693144207,0.500088329538698,0.5109213122299405,0.6164517937219729,0.5679535537312329,0.6577297671660916,0.10495978766129266,0.584011860980483,0.4123473637155032
1.0,0.5656919687562588,0.5782591564338182,0.5896043558603666,0.4998713234057877,0.5350049389301348,0.585622197309417,0.3734708971229935,0.6607320120240441,0.10412336289834184,0.5464276266869319,0.29576735759828743
1.0,0.574404165832165,0.5770842807556149,0.5874487671431129,0.5004232565325519,0.5712721548462107,0.6137892376681613,0.3964055913024183,0.6683663353416059,0.1347987441294703,0.5050873379371815,0.3611509775780535
0.0,0.6493090326457042,0.5767044427893622,0.5903802087751322,0.5057658387162058,0.5657151653649289,0.7055773542600897,0.5242807484653502,0.6725011287138489,0.1362694312692771,0.5129859314336837,0.7154083241182984
0.0,0.6386941718405768,0.5751918284253645,0.5903570759348973,0.5077592817816926,0.5376715826938113,0.7044562780269057,0.515723689076252,0.6729056280213173,0.1385946334173953,0.5087659398299347,0.7540408912312082
0.0,0.6025435609853796,0.5744366551088134,0.5928092557060332,0.5045651409552765,0.562208671692689,0.6433576233183858,0.3602026477331555,0.6731176964178556,0.13928591175342284,0.4820840402208539,0.4793308707620642
0.0,0.6048467854996997,0.5732999311130351,0.5910146012091896,0.5043248487134552,0.573313200721768,0.6615751121076235,0.3624731898528216,0.6755633605875444,0.1490153282671242,0.4831373803774273,0.4774311090867688
0.0,0.6188664129781697,0.5723327787775296,0.593284023168011,0.5023628187785554,0.6161069475832264,0.6712443946188345,0.4305672657347829,0.6772902507835981,0.13476436148106047,0.5188992294050627,0.409246185379185
0.0,0.6878630082114962,0.5708153093613033,0.5936765757899156,0.5068683949376498,0.626090859351687,0.7665358744394619,0.5023223134383551,0.6784221070993364,0.11108832905872773,0.5519389104124685,0.7263493509451144
0.0,0.6905667935109153,0.5690510798826165,0.5953917671634571,0.5034443088544979,0.6073835177716624,0.7669562780269058,0.6270468160639004,0.6774364337762253,0.09137381834122517,0.5630699853285388,0.9153268048280568
0.0,0.6899659523332666,0.5674145638119026,0.5947654255929031,0.5034860001847543,0.6033249306535944,0.7630325112107623,0.6114488573330377,0.6747298351534898,0.07386872241973974,0.5543604067316535,0.9395809610567064
0.0,0.660024033647106,0.5658082677381424,0.5961423715636189,0.5042261191678407,0.657244876892891,0.7251961883408073,0.4367206567561568,0.6729348043928223,0.06503604856889439,0.5234290990187134,0.7661125028467315
0.0,0.6982775886240739,0.5650649475996214,0.6016410935138331,0.5051378996710674,0.0,0.7763452914798209,0.3859034095111308,0.6745607266558578,0.06895431501044152,0.5498057387515051,0.6126564222265446
0.0,0.7240136190666936,0.5640303197880383,0.6053272691079521,0.5072386297599375,0.5117405325285838,0.8354820627802693,0.3576288736040233,0.6764620391574674,0.06804198004250689,0.5388785840046598,0.5945325292543635
1.0,0.4799719607450432,0.5624225453457492,0.6066220686611653,0.4840173660058111,0.4889747478395525,0.6021432216363329,0.3421492493158791,0.6792108628774765,0.0695620352553436,0.5336975679219442,0.5822934928328343
1.0,0.507410374524334,0.5615522611276047,0.6040616279552514,0.4841863447498895,0.5001267700640347,0.6317400918523557,0.1942755713334809,0.6795819826548826,0.04404451510131169,0.5153297546706406,0.35770954409412725
1.0,0.4720608852393352,0.5602873824616209,0.6001932453637729,0.4801209475350647,0.5003935758611856,0.5657424732097295,0.14586938835884894,0.6836360316441865,0.030404343469022318,0.4796945850023571,0.2106329188781623
1.0,0.4444221910674946,0.5590681134124846,0.5950246080763366,0.4769052054926018,0.5031289894270937,0.5089300901513861,0.07951334960431877,0.6896142810268633,0.02769496526390114,0.4851058356052829,0.09836669170385423
1.0,0.4929901862607651,0.5581433006276326,0.5884681487533324,0.4803856463824726,0.5050801225723649,0.5659125701649939,0.1177723541158201,0.6990530845236662,0.04412824712316349,0.5000298656309519,0.10256126482213493
1.0,0.465651912677749,0.5569255092357293,0.5902662871391681,0.4770606227528294,0.5021243876408207,0.5177751318251403,0.20804674210487376,0.7070320535490724,0.058842388134596864,0.4865803075399328,0.2091458972230224
1.0,0.4540356499098738,0.556106248730946,0.5926029882615391,0.4758598045943657,0.4964812533854424,0.4879079993235244,0.1326529102877001,0.7123609279533556,0.06260305017628638,0.4070222563412821,0.004913505362498248
0.0,0.5351492088924497,0.5552485236550706,0.6002017258087514,0.4842306822860135,0.4938222209845357,0.6151409037852262,0.2762443606242145,0.7233778029388434,0.10807448034652156,0.4778783118057048,0.2316228601960505
0.0,0.563789305027038,0.5538981746459604,0.5979454447641246,0.4847876338720085,0.494655083041308,0.6544939136234784,0.2562162561940682,0.7278127812147093,0.13237383638474026,0.5229170226109794,0.19765116378026487
0.0,0.5516723412777889,0.5531959002046087,0.5977877576084442,0.4837301078552898,0.4918389883119981,0.6253697009530067,0.24794024110642696,0.7328316256930241,0.15962395044063155,0.5120366383760219,0.1501425471256546
0.0,0.5474664530342479,0.553247370750364,0.6008841200367008,0.48241262200803603,0.4913518857453011,0.6415647921760389,0.2575918940906732,0.7378498851603803,0.17951635966517626,0.5179455333924333,0.20969320454448734
0.0,0.5725015021029441,0.5536279153848929,0.6073442279123046,0.4854739082089213,0.4897025991097039,0.7017114914425426,0.3676059463057468,0.7427148199074136,0.1972747064545175,0.5455509299659576,0.4086634611293145
0.0,0.5803124374123774,0.5531407806299471,0.6090621065733351,0.4865728898349411,0.5011108621052514,0.7163814180929094,0.3688188743436137,0.7436480395288441,0.19272739031889652,0.546367061078349,0.41470575720182135
1.0,0.5422591628279592,0.5520201440675545,0.6081484272390585,0.482244778172772,0.4970172895533888,0.6466177669111652,0.3031210709267064,0.7465785661720616,0.2036353209091082,0.4638705909103169,0.15512105867835474
0.0,0.5602843981574204,0.5508496656016528,0.6054019769390525,0.4812264033809594,0.5073326558407539,0.6705786471067643,0.2888469787737593,0.7539551969366722,0.23071288730011086,0.4565867321631771,0.24494702353091385
1.0,0.5185259363108353,0.5493847172028834,0.6048627067291813,0.476340066664771,0.4982909155359265,0.5913610431947841,0.23263072257969056,0.7604614165653432,0.24653115843257886,0.35858006335178344,0.06269945959746448
1.0,0.5463649108752254,0.5483084780044305,0.6031956513801813,0.477018910966211,0.5063299532822387,0.6203748981255095,0.2973300791361587,0.7702871192963292,0.2781124714429196,0.3915987541857184,0.0010019060651968491
0.0,0.6183657119967958,0.5475246717341375,0.6016621630969449,0.4843535648878596,0.5116687708373885,0.73856103476152,0.3935581687744992,0.7800570717879289,0.3065640262064282,0.4661115786159439,0.08976798653297308
0.0,0.6418986581213699,0.5470175623997571,0.5898177881392981,0.48775053014758,0.5360361320370786,0.7831851253031529,0.3980400857924709,0.7857062505732109,0.3199551031093827,0.4704673719159299,0.14751518700139055
0.0,0.6662327258161426,0.5458567284681066,0.5742772812226656,0.4908552347269606,0.5367062677572368,0.8373484236054971,0.4495969233044893,0.7911544321218527,0.3256333264497091,0.4763968707627438,0.16492364645996996
0.0,0.6904666533146406,0.5443965811605758,0.5563520455576998,0.4909280875124352,0.5581701845343784,0.8548100242522233,0.4836032837807851,0.7959143894084619,0.3329209648503891,0.5152819365741238,0.3238399634724033
0.0,0.7145003004205889,0.5422413680896068,0.5464096712298983,0.4945133282297772,0.5581318992960612,0.8963621665319321,0.504171289105836,0.8000429777897291,0.3529764154282741,0.5415338597789385,0.8206152616859803
0.0,0.7188063288604047,0.5403278552890995,0.5403041122417254,0.4953810780581062,0.5907952530288216,0.8921584478577205,0.4484579542933215,0.8016037042470456,0.3731569676592758,0.5229035089995381,0.639603457041182
0.0,0.7454436210694974,0.5388760356390474,0.5401627240439351,0.4956803362985192,0.5834957438926386,0.9314340898116852,0.4399822498335921,0.8029643286162005,0.39032412377132375,0.5142162597276443,0.6527116587323821
0.0,0.7333266573202485,0.5374487635325154,0.5397972302802443,0.4926247004929084,0.5846388005453654,0.9344921937872204,0.4471858590340949,0.8036361725132659,0.40826230418491705,0.4732167932418301,0.5805652981225484
0.0,0.7254155818145404,0.5356389311335337,0.5392960814763611,0.4918845319225945,0.5920632600913084,0.9187188153870914,0.40378670216699897,0.8035642111333974,0.4150055442827158,0.4733887483111862,0.4633578906552918
0.0,0.7355297416382937,0.5330084036995055,0.5321200504496918,0.4936962858563667,0.5029855056415904,0.9151778528891034,0.40137563789660535,0.8043944744765399,0.4286945768442677,0.4688739686703083,0.3711059619699159
0.0,0.7602643701181656,0.5306620158246311,0.5281998643983552,0.4937558344337837,0.5810898727644105,0.941195168467896,0.4241624140226312,0.8046693482899205,0.4180565040748844,0.4450857736165639,0.441943433005994
1.0,0.7390346485079113,0.5283707540562095,0.5209612103646168,0.4945590413939362,0.5083490548944146,0.9168785759694852,0.4717920272169219,0.8035573844149557,0.3914242158695857,0.4550797347940324,0.5296995108315873
1.0,0.7552573603044264,0.5265271372453597,0.5153604048023085,0.4932984052459061,0.5050410753579098,0.9303877940241576,0.5101397825604612,0.8015502136140908,0.35690453632757124,0.5004929661995705,0.4887270587369891
0.0,0.7585619867814941,0.5242077626878476,0.510787237370806,0.4937588439956506,0.4960396522179525,0.9365861411315956,0.5242437689520008,0.7999671354831479,0.34123017973106234,0.4659582807898837,0.5436757512229227
0.0,0.7522531544161828,0.5218469965817867,0.5092369660499536,0.49338173520716494,0.4861682153159534,0.9201628052598624,0.4966940315065456,0.7981636951817346,0.330255273536477,0.4344580585958861,0.34054213100886405
0.0,0.7985179250951334,0.519032071200038,0.5072525351925082,0.4967757615085847,0.48767907386772497,0.9804195804195804,0.5265069151689962,0.7982626744678525,0.327896653067966,0.4180285306195371,0.3449556806061269
0.0,0.7961145603845384,0.5158528381254734,0.4990618226230431,0.4973684522779952,0.0,0.9592996467516508,0.5035500332815626,0.7985693172610533,0.31629749371515625,0.3927648396001675,0.22292103424179086
0.0,0.8261566192669739,0.5129336436557448,0.4928684875552031,0.4982990564454082,0.4876913945214088,0.9940980629539954,0.5465572073071521,0.8005561291185004,0.31354306434426144,0.446397826739767,0.44918901026150265
0.0,0.8135389545363509,0.5108257807515435,0.4923549915898998,0.497178065290719,0.5176104830103165,0.978093367578184,0.5513497522372605,0.8013824621988709,0.311485648706106,0.4521452329209159,0.4136967155835093
0.0,0.7924093731223714,0.5088319026431334,0.4897887315053101,0.4968510227022384,0.0,0.9808223381405338,0.4711411877819681,0.8023875939312384,0.3167689551781479,0.4000426217168635,0.2086873367906128
1.0,0.8021229721610257,0.5070906044736385,0.4893644185288779,0.4945718316689194,0.5542637646684377,0.9855783982816816,0.496339028178389,0.8062041575408878,0.34146150897400834,0.3817656217217463,0.2592503700147988
0.0,0.7987182054876829,0.5044801112485029,0.4827547326554922,0.4976817573567469,0.5427790305636493,0.9938061319293898,0.4954958952740184,0.8093195115488994,0.3603922022179286,0.3807719150344308,0.2981319252770103
1.0,0.7700781093530945,0.502029416148295,0.4786930245742486,0.495209774222392,0.5443019982488861,0.9636363636363636,0.4377856667406255,0.8130807897864307,0.3942148647326886,0.3623563449228701,0.22924916996679684
1.0,0.7755858201482075,0.500448073109359,0.4749193970860662,0.4922268973507645,0.5098108072246244,0.9691720959796596,0.41831225501072383,0.8177727833121868,0.42672614179965707,0.3449493497982661,0.29329173166926586
1.0,0.7376326857600641,0.498776771988436,0.4718486701360722,0.4890455236043684,0.4628513014475377,0.9412045129508976,0.4642556023962722,0.8212837960370023,0.4561993221669629,0.34380527140619177,0.5302212088483514
1.0,0.7766873623072302,0.4975186162074645,0.47071378633618804,0.4914933409598776,0.4850793113058282,0.9866518353726365,0.5141705495155686,0.8218279672484661,0.4571392692755509,0.3548517896149413,0.7596703868154726
1.0,0.7644702583617067,0.4952917542481563,0.4659155190734346,0.4932015200986799,0.5673857129777811,0.9766407119021134,0.5518674654241554,0.8201451564266597,0.4623768642326964,0.3520952432004719,0.8616744669786793
0.0,0.7595633887442421,0.4937643380953005,0.4633486973955643,0.4926805993977381,0.0,0.968695375814397,0.5553657273870277,0.8168237758929053,0.4665618538087319,0.35628067207359576,0.8261130445217798
0.0,0.7588624073703186,0.4917894149032502,0.4637810940736514,0.4918739570007936,0.4651634489512056,0.9793421261719368,0.6124916796094964,0.8140710806318958,0.4642222065052735,0.3756436044857636,0.9760390415616632
0.0,0.7686761466052475,0.4897528681424828,0.4652916001420237,0.4896127641409471,0.4317419423684376,0.9964624537707027,0.5955106870793581,0.809379662911063,0.4504210013129185,0.4131256760448577,0.9684469103384024
1.0,0.7543560985379533,0.4880738883214577,0.4671400975755125,0.4880956702489517,0.3845354874783506,0.9764710819299588,0.6033799275201539,0.8066195166905656,0.4434641390284444,0.4221869298314393,0.9542457805907181
1.0,0.7206088523933509,0.4872124523521595,0.4665295322862952,0.4857924934593794,0.4193782304863166,0.9511312538534296,0.5223060424524816,0.8045225682166066,0.4551991194161914,0.3647479549838247,0.8311132031066125
1.0,0.6899659523332666,0.4862564235855826,0.4622361381071015,0.4845280672298193,0.4695086958183472,0.9232090229155974,0.4361733599585832,0.8041030566540182,0.4591830713819946,0.30778252103981546,0.4880333433592581
1.0,0.6853595033046266,0.4846775113816295,0.4606018243910761,0.4843218018698071,0.466695745990382,0.9069076048536264,0.4394645366466978,0.8040980660342558,0.4586174529046753,0.3123352268650258,0.4702874575688567
1.0,0.6778489885840179,0.48232556078830896,0.4601115551001511,0.483542365446669,0.4664434289798365,0.8927043891164633,0.4662007247984615,0.8037635221801421,0.43160647482990655,0.3480996855989113,0.3930305504232352
1.0,0.6820548768275586,0.4798368548104559,0.464974769640849,0.4845053933673119,0.4937297277557491,0.8859255816055444,0.4189187190296578,0.8039510722011819,0.4146562299506157,0.3353653340461253,0.22498173849525105
1.0,0.6793510915281396,0.477022690589928,0.4579831304668559,0.4847901547258637,0.471679570607515,0.8651049585362941,0.4190962206937351,0.8069160170824401,0.4051446529362667,0.33556114245260377,0.2157865337515552
1.0,0.7089925896254756,0.4745422098824703,0.4435759033203912,0.4858295986830196,0.0,0.8965779934084166,0.4089712299386137,0.8102691111975981,0.41522808501241787,0.32656491296045315,0.2194675613263032
0.0,0.717704786701382,0.4722173497648738,0.42872548037057256,0.4833633141525551,0.473105784081751,0.9088444069996032,0.3752089342504252,0.8136144273625279,0.42374598181657774,0.333613270703019,0.14918739924186594
0.0,0.7254155818145405,0.4701435814076773,0.4207790014565278,0.4807355856223077,0.497445835523646,0.9175600166564984,0.4274831743214261,0.817113532788903,0.4345018228395969,0.34460601678721986,0.1728459530026113
0.0,0.7125976366913679,0.4678998233237024,0.4195125225762927,0.4794074284676959,0.0,0.8939955905471142,0.45362769025959604,0.8186720705724595,0.4309775681242387,0.3817924520252608,0.14905715114592213
0.0,0.7207089925896254,0.4654106351054446,0.41685900828803735,0.476867214475475,0.5021532259741863,0.9001287973427072,0.4542933214998886,0.8208956648699497,0.44176834746842697,0.3826158143710866,0.21206846533216936
0.0,0.7358301622271178,0.4630462393029511,0.4142903822866689,0.4755447726281671,0.5026336919867178,0.9076206764878592,0.4907773093706089,0.8221380357599499,0.4454895353253029,0.4239514924529144,0.5648970118944008
1.0,0.7213098337672742,0.4606772003842454,0.4108799925714485,0.4774684019445432,0.5000397324399812,0.8885280725454773,0.5928629539235264,0.8221063027998896,0.4525274632324541,0.501419316236916,0.8105599071656528
1.0,0.7258161425996397,0.4583019743754093,0.4044772301507055,0.4743150754642345,0.5029340004422016,0.8922949382829336,0.5521780933362915,0.8196633995315259,0.4408607903388944,0.4974744025887039,0.7937917029300837
1.0,0.7360304426196677,0.4556829380676602,0.4013766116490347,0.4762858931662242,0.5035294908297235,0.8886564777922772,0.5553731232896971,0.8184487143059436,0.4411588836107944,0.500836346638715,0.7350159559036831
1.0,0.7286200680953335,0.4528430514550474,0.3942773184980055,0.4756653871853282,0.5094376996233507,0.8741177310822601,0.5597662894756306,0.8157602221952359,0.4155923287077376,0.5055602558838033,0.5872352770525062
1.0,0.7371319847786901,0.4500859537745841,0.3868772552122228,0.4772016647104211,0.4659603519408467,0.8745667291173465,0.5875231121958433,0.8127894174190728,0.3857551160769634,0.5323974412425987,0.561895901173308
1.0,0.7196074504306029,0.4478778088889301,0.3796595826810431,0.4759887049763163,0.4685005447571543,0.8325273845724733,0.6130167886990607,0.8113247407327995,0.3706127415240131,0.5555725382932883,0.4763446738719057
1.0,0.6793510915281394,0.4459514449189785,0.3758309335775857,0.4734413947665553,0.4582900592654744,0.7896276668313934,0.5809185711116045,0.8111684917471462,0.3739038591770113,0.5177891666441906,0.5568948525509826
1.0,0.6867614660524736,0.4442846002638585,0.3738647096143757,0.4708400669439242,0.0,0.7926594490039081,0.5913541897788626,0.8119659644722035,0.3959203718070109,0.5267296669046139,0.5385508592661399
1.0,0.7445423593030243,0.4423480906165312,0.3706178050557217,0.4767557247634398,0.5061227380101134,0.8663429902504312,0.6555062495377559,0.8121026546529873,0.4027333584612624,0.5468294496018218,0.7677327317364468
0.0,0.7559583416783496,0.4403933779699488,0.3666442194272246,0.4781088766393196,0.5800868669354042,0.9966239027683994,0.7221359366910732,0.8116835291506219,0.41638731045686944,0.5728746847658671,0.9625354717342092
0.0,0.7457440416583218,0.4383128744156396,0.3620962367295463,0.4804847247835792,0.4954213501827056,0.9972982100641676,0.6527253901338657,0.8089322623812851,0.4019055866093637,0.5299784536422018,0.936342740390756
0.0,0.7278189465251353,0.4363458479153721,0.3574610298746405,0.4790920871629392,0.4359714260512183,0.9617355654253504,0.6289919384660894,0.8088763718255416,0.4154565951717813,0.5132372201411136,0.7635359468777942
0.0,0.7272181053474865,0.434580034718519,0.3557809061837149,0.4782081169899259,0.4269719578071083,0.9832672071761256,0.5679905332445825,0.8095884817363264,0.4234362127203923,0.448882628717924,0.8468003207698469
1.0,0.7228119367113961,0.4329631642790007,0.3554724160201701,0.4810028663389837,0.4109884669234758,0.9825771951009143,0.5422453960505883,0.8107845673349738,0.44730108117252615,0.4774384735701002,0.8391659983961526
1.0,0.7171039455237335,0.43094250117717015,0.35415392568845205,0.480639578370058,0.0,0.9651543902018288,0.5250942977590414,0.8101363831165305,0.4541613958460722,0.463470463451444,0.8938893344025663
1.0,0.7294211896655319,0.4285975312033644,0.3495949782291373,0.4788609186557655,0.4548240896291497,0.9813696739692948,0.5570667850011096,0.8089480071570665,0.4625132203178896,0.4377837745400008,0.9885805934242198
0.0,0.7429401161626277,0.42672052622007695,0.3497513629486394,0.4773124601087811,0.3777806398571982,0.9955110497237566,0.5171067228755267,0.8059459770400849,0.44988185644472706,0.4573438754933868,0.9879829787234052
1.0,0.7144001602243141,0.4244374287342789,0.3472900726456989,0.4763648143523075,0.3580682264769588,0.9829165199013736,0.4777531247688784,0.8038036435715796,0.4390440849504645,0.4764733441695743,0.8688286040952096
1.0,0.7227117965151214,0.4223795894435453,0.3467165651258461,0.478153562913729,0.4095984471362197,0.9892952720785014,0.4771392648472751,0.8018158843896468,0.4265008182352218,0.4760745349662101,0.8746393827574644
1.0,0.7214099739635491,0.4197436475052061,0.3391196346234785,0.4781896151457603,0.5582164778181447,0.997122819636756,0.5079358035648252,0.7992134084993321,0.41186847672958377,0.4503510058847551,0.8496207746808571
1.0,0.7019827758862409,0.4175419916532297,0.3338746044477792,0.476253920339741,0.5665145132499153,0.9843863471314456,0.4316248798165821,0.7952650974352424,0.3949723100835635,0.4333092114604871,0.5509535253909306
1.0,0.6904666533146406,0.41539240951209255,0.3248857042267489,0.474911724889104,0.6216776612980527,0.9624183006535948,0.486184453812588,0.7949393120990325,0.3808819569854848,0.4301600357592675,0.7136302631168266
1.0,0.6907670739034649,0.41396383456222974,0.32176558094862073,0.4752855823145325,0.6350179044326907,0.9540668119099492,0.4802159603579621,0.7925409415950115,0.3707135384536818,0.4245197978619861,0.6685289803052538
1.0,0.6672341277788905,0.41280340539970384,0.3191204925105401,0.4744739368874796,0.6255538745146817,0.9335511982570808,0.4528880999926039,0.7916518424649809,0.3755388206725044,0.4470186759256587,0.5704922126158729
1.0,0.6518125375525737,0.4116356346246903,0.3197645383066421,0.4755734625911732,0.6254766389063753,0.9168482207697896,0.3742030914873162,0.79151985344924,0.3955684713017456,0.42055669003689616,0.4108430350510315
1.0,0.6353895453635089,0.4099870641527881,0.3154133175174485,0.4739408190832937,0.6407164766733078,0.8745461147421932,0.3357296057983876,0.7930255692102439,0.4188558947793716,0.36491144540097337,0.17915665282936571
1.0,0.6529140797115963,0.4084017989954233,0.3136325592933281,0.4731963220724099,0.6426352512425229,0.9028685548293393,0.3907107462465794,0.7959520234538578,0.44645191603269707,0.3714298535283893,0.3384000749087049
1.0,0.6203685159222911,0.4069787550510625,0.3112571169862413,0.47228093759623707,0.6254132367880374,0.8520334059549746,0.3865542489460833,0.7963787981600698,0.458311061512099,0.36428589619359053,0.2251006585723644
1.0,0.622371319847787,0.4056918259739637,0.3122672409532559,0.4726212935886096,0.6015026849517546,0.8562091503267976,0.4330670808372159,0.7989088496502197,0.4761928504515405,0.423119805261216,0.1699803364649333
1.0,0.6025435609853796,0.40341243321086295,0.30513563351396594,0.4701746026010084,0.6350493283307426,0.8153594771241832,0.393358479402411,0.8022122591186684,0.4935205871539475,0.4269099103573339,0.003162992982109439
1.0,0.6355898257560587,0.4014296922581647,0.2962409448079897,0.4726426823779593,0.6196675544919413,0.8370786516853937,0.4745285112047925,0.8091351436179293,0.5301363455361616,0.4597358682252621,0.2255489021956108
1.0,0.6221710394552374,0.3992598167882084,0.2832285711993288,0.4740879032814893,0.6489152613299519,0.8230644871564577,0.4394571407440284,0.8130933388583157,0.5550162059235522,0.4692981567631591,0.1469917308240684
0.0,0.656819547366313,0.3981356569678407,0.2796958401597366,0.4766334717412528,0.6593352523567536,0.8762349559906595,0.5238074106944753,0.8188306172027155,0.5973733045683387,0.5181520429269354,0.31074449201211
0.0,0.667935109152814,0.3964181069374743,0.2720899108748455,0.4781550360151092,0.637056642241101,0.9057281379062668,0.5468826270246283,0.8203688314865631,0.620486476736959,0.5524997883970199,0.4800563850892756
0.0,0.6934708592028843,0.394384698428469,0.2650719572868412,0.479001072942848,0.6105331084817527,0.9412820973244752,0.5931218105169739,0.8209299664414895,0.6383130855070827,0.575322665343606,0.7239486416077403
0.0,0.7157019827758864,0.3923433528163244,0.2554430216608637,0.4792929713987728,0.0,0.9627857522594364,0.5874491531691446,0.8197008169955609,0.6292743605525243,0.5687548346271672,0.6601693338295489
0.0,0.7241137592629682,0.39014337806640575,0.2507785411512174,0.4798449818534442,0.6138359942834799,0.9932814710042434,0.6267287922490941,0.8199857129247663,0.6259101496661064,0.5907244695526984,0.8279214737625615
0.0,0.7022831964750653,0.3879846592833796,0.2478332388845392,0.4776996037692263,0.691809667793526,0.9970048670909774,0.6026033577398122,0.8193218187551652,0.6107163673461647,0.536513395510418,0.8919333829549662
0.0,0.6981774484277989,0.3854739948758453,0.2423876475757204,0.4776630171274341,0.636589238783708,0.9958739684921232,0.5925375342060495,0.8178280612426712,0.5917454876418893,0.5166899862023207,0.942128768142908
1.0,0.6841578209493293,0.3839892760182958,0.24081004680205986,0.4762421350022321,0.6255258206150321,0.9689429373246023,0.601124177205828,0.8156396155150261,0.5862956126600134,0.5272292024424724,0.8085944830174507
1.0,0.6712397356298818,0.38291309539456897,0.2407724785003948,0.4718329639794697,0.6354345293197311,0.9980937857415174,0.5821980622735005,0.8133796296083801,0.5943602498082637,0.4940239356554943,0.8437324075811578
1.0,0.6493090326457042,0.3816088639045425,0.23778779495791874,0.4726578856832757,0.4104824086472157,0.9899724734565476,0.5818948302640338,0.8124083682159307,0.6170488056585304,0.4940705225738165,0.7421655094764492
1.0,0.6590226316843583,0.3798343659100517,0.2354235745094236,0.4746191119883325,0.5116346015119415,0.992309209228949,0.5340285481843058,0.8104052160328845,0.624700221691714,0.4784094460026543,0.7122349408894718
1.0,0.6425996394952934,0.37839948603395024,0.23304010839683306,0.4759053169308689,0.4425658389308799,0.977941910370296,0.5839878707196213,0.808280662070666,0.6255466135586611,0.4800969570294613,0.7382248076562196
1.0,0.6369917885039057,0.3768306783184156,0.2306883653550627,0.4737371039694912,0.4986692248369961,0.9991935483870972,0.6629761112343757,0.8042226220984721,0.631668914171541,0.5187502614467978,0.9973728654531788
1.0,0.6396955738033249,0.3751907079564775,0.22797935913244186,0.4751619608342101,0.5719375087912357,0.9853061224489796,0.6633311145625329,0.7981493896884313,0.6248086735282217,0.5196848339861626,0.9555119118777252
1.0,0.6278790306429002,0.37332298989311696,0.2238047365579856,0.4771710535968474,0.6075780006120859,0.9960008419280152,0.6690333555210413,0.7919559153499709,0.6026144401310909,0.5251271550093154,0.9917447676394899
1.0,0.6010414580412579,0.3724511785353799,0.224071936867742,0.4768585338640613,0.437538511536297,0.988798594333406,0.7015753272686938,0.7861459925142076,0.563729987534229,0.5519214222644839,0.9991421021927868
1.0,0.5700981373923493,0.3716090346859133,0.22271630802968986,0.4750586415896346,0.5323391557551299,0.9772157666894508,0.653583314843577,0.7816091226263129,0.5348518773381196,0.5151744054972408,0.774492700394823
1.0,0.5737031844582418,0.3708823039418333,0.22203782046955373,0.471877468035045,0.4435074631704536,0.9965389940009234,0.6463649138377341,0.7800806272921743,0.544198428775764,0.5021805180301468,0.8267376733082369
1.0,0.5517724814740635,0.3693514347534385,0.2208045698403264,0.4721710496991369,0.0,0.9973462002412542,0.6615560979217519,0.7786392457068751,0.5443013369943439,0.515940578837562,0.751813423928016
1.0,0.5589825756058482,0.3676428752750963,0.21644766646683686,0.4738848598436705,0.4474964193028086,0.9881785283474062,0.6597441017676203,0.7775345138432956,0.5471994516200823,0.5115788146581466,0.8294922413001558
1.0,0.5637893050270378,0.3656653549027973,0.21100790042370787,0.4750886305213083,0.4991091217844197,0.9799758745476476,0.6431994674950074,0.7748588271086105,0.5222946632405123,0.5429831856300429,0.8088329813607562
1.0,0.5680953334668537,0.3642250578852539,0.2081909529551607,0.4720840240022485,0.46834674291548706,0.9809645588554612,0.7079505953701651,0.7720073667636127,0.4939785747478895,0.5403941381494961,0.8125975576163816
1.0,0.5612858001201683,0.3632455318545378,0.2073378094040044,0.4745575529008026,0.5215329203590183,0.9720379261260828,0.6846165224465643,0.7688756121960338,0.4744457801041313,0.5719054330938398,0.7846661680893311
1.0,0.5616863609052674,0.3621363580052719,0.20689887181498529,0.4742565408629106,0.5326760557041136,0.9939659901261656,0.650166407810073,0.7682270619337785,0.4599500212210966,0.5795795840091579,0.769089924439745
1.0,0.5629881834568397,0.3608572792137107,0.2047999178462378,0.47493534374254204,0.0,0.9833333333333336,0.6138081502847428,0.7684281934175667,0.4591609374960735,0.5926655205678429,0.7251205611573888
1.0,0.5603845383536952,0.35953577303660145,0.20290727289159505,0.4745947756269938,0.49143582589614504,0.9757352941176471,0.6119961541306116,0.7702181002557584,0.44563284038727735,0.5896438107685893,0.8447275446785463
1.0,0.5553775285399561,0.35856018542366697,0.20252669987715985,0.4773855679287201,0.6892347612070079,0.9698529411764708,0.5545151985799871,0.7702244794764288,0.4432828527037286,0.5363519302354607,0.9076514428656174
1.0,0.5496695373522933,0.3574616692209752,0.19935066307055574,0.4802747583907523,0.0,0.9585784313725492,0.5087567487611862,0.7674430642740147,0.424969761446636,0.5506805776844798,0.7999329499445547
1.0,0.5535750050070101,0.35644483973203633,0.1995346670404556,0.4810881855237978,0.6706818397492941,0.9583333333333336,0.595421936247319,0.7639328345115974,0.3950669263677074,0.5666492445350451,0.8852412512571884
1.0,0.5393550971359905,0.3549388582604173,0.196578554785492,0.4822951495736516,0.6483547179351598,0.9599395313681032,0.5984394645366466,0.7586786331415865,0.3516003539352488,0.5689418549774802,0.8409191800496145
1.0,0.5403564990987383,0.3537391607357513,0.1933291132350558,0.4831616928906204,0.6397449074813593,0.9332325522801715,0.6209082168478663,0.7540547630238326,0.32386138183245183,0.5877780516083727,0.9932628280454371
1.0,0.525135189264971,0.35241841818332004,0.18860092644054946,0.4843870205246168,0.6491310554887519,0.9017834714895756,0.6192367428444641,0.7475502887566474,0.2800509095318641,0.5876982030686534,0.9773438939031126
1.0,0.5188263568996596,0.3513065202735837,0.186660781639548,0.4834550489592928,0.6448826149541179,0.88520472243155,0.5749204940462989,0.7402361302295517,0.2237787080246418,0.6045581791112958,0.8190581445324503
1.0,0.5243340676947728,0.3501872391456211,0.18866893046337915,0.4847749058256871,0.6427283955057058,0.8801591248135258,0.6383477553435397,0.7348614831101359,0.18899966252144376,0.647008228949677,0.7494013630502849
1.0,0.5217304225916283,0.3490816448260853,0.18895770247572916,0.4880152569824266,0.6606194995795471,0.8774241670810544,0.6368389911988759,0.7310145840985347,0.17669827472078048,0.6466609026634993,0.6541413397187942
1.0,0.49859803725215296,0.348433623845797,0.1916848417958582,0.4860242205662158,0.6574611107858364,0.8199900546991548,0.5017972043487907,0.7298357956202175,0.1869421133613287,0.5967685373727271,0.4248787376435185
1.0,0.4749649509313039,0.3477267402367413,0.19271303775697726,0.4855822728265006,0.654267738469011,0.7715067130780706,0.4763700909696026,0.731206350993385,0.2031656327431723,0.6297178755213705,0.3768035856818317
1.0,0.4775685960344483,0.3472633515449336,0.19543760311923447,0.4862078684208012,0.6600700174574573,0.7687717553455993,0.5397529768508244,0.7307557988974476,0.2052342061439765,0.6227432394637058,0.4591698900963953
1.0,0.4690566793510916,0.34644881397265104,0.1926105043310049,0.4882601318029973,0.6614589044789166,0.7558428642466436,0.5444123955328746,0.7307208580725082,0.2194324441766018,0.625971365637612,0.3209615030392331
1.0,0.4830763068295615,0.3458343944979563,0.18809906768641987,0.4874158210018264,0.6493757848876789,0.7777777777777779,0.4765623844390208,0.731876879470041,0.2218800005198737,0.5824836307577068,0.4063977405292571
0.0,0.5083116362908073,0.3450286023091068,0.18399074095507567,0.492619741463906,0.6641825923752733,0.8434567901234571,0.5410842393314106,0.7344189915398884,0.23095301149988,0.5721399348394468,0.4543500951679256
0.0,0.4854796715401562,0.3441364241505642,0.18363868299529865,0.4889681014180311,0.6471607020255494,0.7869135802469137,0.4363508616226608,0.7364486864329742,0.2210364564603394,0.557571644306621,0.189353472094308
0.0,0.4824754656519127,0.3433879343667443,0.1861938948525056,0.4886611199156142,0.6659996962256929,0.7745241581259151,0.3393683899119887,0.7407042894275968,0.23324867395015175,0.5090941907280292,0.16991044020380394
0.0,0.5403564990987383,0.34275642404325635,0.1938695603459528,0.5007830325891018,0.6593780324097187,0.9180087847730601,0.4810073219436434,0.7469678093725678,0.27947238263683044,0.5395713343680885,0.2982056394189688
0.0,0.5472661726416985,0.3419480590244778,0.1968086129612649,0.5020654438476427,0.6980084833671341,0.940360272638754,0.4044301456992821,0.7510926752079337,0.3169325502449177,0.5051718978360406,0.3998227792018722
0.0,0.5492689765671941,0.34087035042788083,0.2012629202013141,0.5023099628177257,0.0,0.9500973709834469,0.3520227793802229,0.7573702087551364,0.3673134241378492,0.4851026339065171,0.4811569521507434
0.0,0.5682956138594033,0.3394902874025193,0.2008484876650954,0.5025710809336775,0.6998146607247544,0.9853943524829604,0.4271651505066193,0.7602583353787521,0.38719647437462507,0.5164352865591826,0.6269274248247788
0.0,0.5644902864009614,0.3379818714987254,0.2040874890013964,0.5023390291726664,0.6678410344229294,0.9639727361246352,0.4540936321278011,0.7589543419859701,0.3854281126865379,0.4788730992536255,0.6723716934207553
1.0,0.5434608451832568,0.3365639586450918,0.2018362210176633,0.5027042877911222,0.6740346308569136,0.9160175267770208,0.3284224539605056,0.7564850610115026,0.3932267906137277,0.4692324317700433,0.4822292561609759
1.0,0.5287402363308633,0.33589758383238744,0.2073355348161852,0.500571438428209,0.6739142480454748,0.8724440116845181,0.3132164780711487,0.7573840243769911,0.4251945927264403,0.4601716097190068,0.3864197023271108
1.0,0.5139194872821952,0.3350983225419818,0.2105919074129876,0.5002501731889567,0.6710166872629734,0.8653846153846153,0.3372457658457215,0.7578007905469528,0.4525439007714184,0.4212379934966111,0.4438985280815719
1.0,0.5056078509913879,0.3341316814385715,0.2143204943149465,0.4992047593555837,0.6655914168739304,0.8332521908471278,0.2931661859329928,0.7582259227406938,0.4859894492534678,0.3941661094194242,0.3210673464353257
1.0,0.5152213098337675,0.3328668111612795,0.2133624491002079,0.4975518719935239,0.6740996479130698,0.8379227053140099,0.2558686487685817,0.7603818920043572,0.5258578757086907,0.3804891836147216,0.29444712871995765
1.0,0.4907871019427198,0.3314406318688113,0.21670493482260067,0.4970225618481578,0.6745267664095692,0.7850961538461538,0.19946749500776567,0.7613121684785957,0.5315938537566117,0.339850162955471,0.10037400905495553
1.0,0.4932906068495895,0.3302197887136139,0.2277774911590456,0.4979866625693674,0.6790675201137737,0.7705430081691494,0.24305894534427894,0.76508491570936,0.5263510840038603,0.3670758796757832,0.04849591095363345
1.0,0.5149208892449431,0.3289600557378618,0.235939271271294,0.4990860402375705,0.6423935843213449,0.8106257378984653,0.3362029435692627,0.7700029054918229,0.5253343518812661,0.3617693110127056,0.2416026914335817
1.0,0.5007009813739236,0.3274553166127979,0.24021162916618236,0.5004803373290696,0.6522356341875836,0.7792909133599438,0.3793210561349015,0.7721798560284174,0.5150530976189887,0.338198187834287,0.27510244984878585
1.0,0.506108551972762,0.3264524886725557,0.2430825868443557,0.5022186747036443,0.64368407807585,0.7685779816513764,0.3732712077509061,0.7733414573988411,0.4947514421112375,0.33370138398370386,0.16483654953917082
1.0,0.4870819146805527,0.3254201606665877,0.2375379675559397,0.5020540453468945,0.6856563290083605,0.7365406643757159,0.3734782930256639,0.7764144517115876,0.4585491315244917,0.33281345546373403,0.0724546370967742
0.0,0.5164229921890647,0.3247793874062679,0.2289789625456395,0.5050068102856471,0.6590510084070965,0.8018264840182651,0.5087715405665263,0.7834600455541596,0.4737704500112601,0.3534366132440808,0.18067748881895024
1.0,0.4989985980372522,0.32396169661870045,0.2198155195749972,0.5023090583596772,0.6872332509094287,0.7529063141098703,0.4127801198136231,0.7878184483281898,0.4893502888809826,0.3498113554325332,0.03238363425542461
1.0,0.5048067294211898,0.3226883937602736,0.21922010210959011,0.5032121948471342,0.6888181812787629,0.7815577439570279,0.4345684490792103,0.7971802762287123,0.538732991164935,0.3610796937721281,0.06986771411802044
0.0,0.5612858001201683,0.32153177395332977,0.21928410090066114,0.5126762906080067,0.6885878462907925,0.8708594449418086,0.5092522742400708,0.8035360936354248,0.5768117432989791,0.4032413478644423,0.3868346200731419
0.0,0.5406569196875627,0.3202096795756057,0.21773094150626726,0.512953835936906,0.6896593205086414,0.8286219081272087,0.44144663856223615,0.8037722192737099,0.5832293130231085,0.3553364532312429,0.04602916610230779
0.0,0.564690566793511,0.3192829859313555,0.2112611480433148,0.5177902229465128,0.6881294001270964,0.8986307420494702,0.6050883810369061,0.8090568648922609,0.6082867868166315,0.4219828874436368,0.35225066594428805
0.0,0.5933306629280993,0.3180537339473429,0.21096162279270506,0.5208040622029364,0.7404196239355741,0.941760423560556,0.6856519488203536,0.8110828968470631,0.6149351816244715,0.5028303301021824,0.6224434511716108
0.0,0.6014420188263571,0.3166951251254505,0.2094123365717639,0.5189147169796542,0.7129991753311572,0.9551451187335094,0.6636417424746689,0.8097221275628972,0.6182986292318343,0.4764983946829152,0.6236173190663229
0.0,0.5837172040857199,0.31537497277020365,0.21207746028373564,0.5183346171874343,0.7418038356963045,0.9335971855760776,0.6817617040159751,0.8082510082501988,0.6332196931501942,0.4888899719988621,0.5867985010609965
0.0,0.6075505707991189,0.3140487280189553,0.2089428564483132,0.5201901802723807,0.7434745242754819,0.9709762532981532,0.7418977886251019,0.8053453082129214,0.6302504051828204,0.5622121313563985,0.780531852453835
0.0,0.6052473462847988,0.3126548492416049,0.20915677865267399,0.5201449313240741,0.7347663378711866,0.9734018775145284,0.7947563050070259,0.7984455055537156,0.6143051403358295,0.5940853694344511,0.796060393960603
1.0,0.5729020628880435,0.31147780438854306,0.20881053804540828,0.5168849678852316,0.7073453458980691,0.9526327891469306,0.854944160934842,0.7906312870664622,0.5865822367884984,0.6257814786343822,0.8190052169184493
1.0,0.5495693971560185,0.3106676352825284,0.2102659261263453,0.5131094441355826,0.6129480881663256,0.9509037616023452,0.8629613194290366,0.7820710501855572,0.5581509089499573,0.6296278188954173,0.8252735731603437
1.0,0.5446625275385539,0.30974254149392355,0.20881338239089675,0.5156869649908384,0.5729230591476577,0.9657756682488132,0.9604984838399528,0.7728491014546066,0.5151336710256856,0.6661590631596839,0.9682920024289776
1.0,0.5444622471460044,0.3086588291217627,0.2043853922994152,0.5153713628422598,0.7193826900935538,0.9712715463402446,1.0,0.7631853556010022,0.4793014570015214,0.6834386093236637,1.0
1.0,0.5295413579010615,0.3074918140284193,0.1996285010896629,0.5132587557282747,0.654724387557938,0.9193867457962412,0.8129576214777016,0.7555333827801156,0.4525623251943265,0.5452587797661113,0.9852430016758746
1.0,0.5248347686761469,0.3062356385441317,0.18725721632873327,0.5161626138894506,0.697078812866486,0.9090009891196836,0.7476739886103098,0.7505715039679395,0.4391791404731476,0.5446297798613264,0.9911473144711682
1.0,0.5231323853394754,0.3052025399980447,0.18098785415482066,0.5160969594611828,0.5926650759181532,0.8971315529179031,0.7976776865616448,0.7457870943503053,0.4338203773157588,0.5685608483593668,0.9875301483039975
1.0,0.5220308431804527,0.3041447020506369,0.17515268853565624,0.5159634826151605,0.573997206142372,0.8924332344213651,0.643169883884328,0.7418327816878048,0.4381753692376968,0.5220972636987421,0.931280836089056
1.0,0.5079110755057081,0.3030537373413789,0.1706930530254554,0.5134884271039207,0.5696729043842139,0.8558358061325422,0.524842837068264,0.7420160272735923,0.4774239023035446,0.5121039334089289,0.8400325381527523
1.0,0.5044061686360906,0.3015238441391913,0.16053250063620844,0.5131568247075257,0.6095848857384132,0.8370425321463896,0.4571925153464983,0.7412462475853743,0.5075035988544812,0.529001769090226,0.7279881165007341
1.0,0.5291407971159623,0.3000506236235725,0.14990670903818226,0.5157109383555829,0.6631836748687329,0.8681603773584905,0.5200798757488353,0.7418829473325261,0.5331189454716116,0.510050897057233,0.8308546570231132
1.0,0.5332465451632287,0.2988891555945543,0.1407595354518047,0.5129436937339132,0.7717014248835252,0.8773584905660377,0.4972487242067896,0.7402013513902552,0.5419385767617396,0.4987618845314497,0.8765318573272741
1.0,0.535349489284999,0.29839408492924857,0.129430194229251,0.5127540489129625,0.6636619167403203,0.8971698113207548,0.5054507802677319,0.736501912589212,0.5273840595487312,0.5027785881427189,0.9882357286645614
0.0,0.5354496294812738,0.2979775610594161,0.11784330709121793,0.5123434415909568,0.5863747043986356,0.906367924528302,0.5313216478071149,0.7307846016993849,0.503047491442891,0.5154029937155833,0.8745864274685693
1.0,0.5049068696174646,0.29720538034366994,0.10816927027489977,0.5100411127507667,0.6457392775790324,0.8422169811320755,0.4411434065527695,0.7267611727951435,0.485190284366609,0.5203117381881213,0.717226674509227
1.0,0.5151211696374925,0.2961683060309882,0.10488767367824052,0.508858410990683,0.7732460530491815,0.8606132075471699,0.4039272243177279,0.7266456180826533,0.4848518729257934,0.5037168167723023,0.7323336560062828
1.0,0.5291407971159625,0.2948112136132566,0.10180551095501422,0.5086533966534366,0.0,0.8757075471698115,0.4504030766955107,0.7252884241262822,0.4792324644813454,0.4761832689736281,0.7857012717268521
0.0,0.5750050070098137,0.2935825867992554,0.10062148534020282,0.516607160744065,0.5444324461115516,0.975,0.4412765328008283,0.7213118288292379,0.4535925347955001,0.4711787036025809,0.7113471559231871
1.0,0.5305427598638094,0.292354056203865,0.09892718364497853,0.5119326353779506,0.5513172298674599,0.9506014845149731,0.454907181421492,0.7187990943346934,0.445341510835696,0.4283211980891188,0.7195641875888201
1.0,0.5072100941317846,0.2916095093781933,0.10029657219025656,0.5075681843850502,0.5695860711731049,0.8899411313027898,0.4046076473633607,0.7149657788920076,0.4325348821397901,0.4010593534236885,0.5806763108989547
1.0,0.470658922491488,0.2907978051272879,0.10171538148799136,0.503684113909433,0.5699504764234198,0.8026618889173277,0.40423785222986464,0.7141739254206609,0.4380713378013825,0.3995506603988375,0.4241518784389468
1.0,0.4783697176046465,0.2903938194554945,0.10155262809416032,0.5020131257988428,0.5664638167678462,0.8144356283593549,0.38407662155166056,0.7158277421768746,0.4477646673471671,0.4380472154112123,0.4041285573734651
1.0,0.454035649909874,0.2899394142578957,0.09561922160742188,0.4999551086705006,0.5712004165036259,0.7647811620168928,0.352814140965905,0.7193937371516991,0.4628177783957765,0.4171456592693963,0.27096162955945113
1.0,0.417284197877028,0.2896842686722393,0.08974046753208115,0.4954796326034123,0.564037273340871,0.6759662144868187,0.3022483544116558,0.7260645036078865,0.4980042762611978,0.3797544090697534,0.000246984728110754
1.0,0.4532345283396756,0.28883645483472303,0.08509317823901791,0.5021701575813073,0.5583481819322575,0.7652930637317635,0.4066415205975889,0.7373230238171942,0.5581025424342951,0.4342462282585805,0.2495730494794721
1.0,0.4727618666132586,0.28866205159012004,0.08823301010561957,0.5040204845176676,0.5592445457657577,0.7757836198179979,0.446128244952296,0.7435785384388847,0.6053352013745908,0.4587350781280064,0.4138963621476199
1.0,0.44021630282395374,0.2881237775344839,0.08601017608607864,0.4963421025915299,0.5557147002886107,0.7585945399393327,0.3865616448487537,0.7470769309071372,0.6370624556056129,0.4065163738068646,0.0005308597133359074
0.0,0.4877828960544765,0.287871520531208,0.08222443347749818,0.50604412551954,0.55924844064602,0.8541456016177958,0.5265734782930256,0.7541590049487976,0.6841953990088396,0.4663980284879597,0.12230532336119762
0.0,0.5202283196475066,0.28608821855664746,0.06907608434162213,0.51151518883031,0.5551086447627336,0.9095045500505562,0.6266696250277347,0.7557590726337273,0.6911996315213185,0.5176617130677823,0.6255856003945106
0.0,0.5308431804526338,0.2838986589193372,0.0578707416761842,0.5106747292804205,0.5591623260129779,0.9156838143036388,0.6832334886472892,0.7528531994162582,0.6684428910553709,0.5201417514807789,0.7823232672241031
0.0,0.5196274784698579,0.2816104315837837,0.045759189334024925,0.5099286961784202,0.5561505519074634,0.8500489236790607,0.7188373641002884,0.7495574553445392,0.6490963808073549,0.546516163527969,0.7509078309078315
0.0,0.5346485079110757,0.2797563490777033,0.03998271111263499,0.5104439918545574,0.5154767218394057,0.8596700932345206,0.7364322165520302,0.7474677000036878,0.6256285125073107,0.5693117601933322,0.9102425292334346
0.0,0.5645904265972362,0.2788724498388496,0.04388654051663785,0.5154936344130847,0.5413617021834785,0.9302325581395348,0.7567487611863031,0.7443038561916373,0.6088277248180959,0.6014177295248768,0.9869532265049812
0.0,0.5612858001201683,0.278178804242073,0.04779175138562222,0.5129613596755348,0.5167829851143846,0.9462062485318298,0.6951852673618819,0.7396072930415805,0.5717363706488352,0.5602817264560079,0.7317832394976197
0.0,0.5614860805127179,0.27737277475528466,0.052026935531677886,0.5132300272711975,0.522002384324065,0.941038289875499,0.7030619037053473,0.7379451689978886,0.5737884922848965,0.5721079925789269,0.8300941966219153
0.0,0.5642900060084118,0.2762244032940337,0.04988015699052992,0.5124832972948128,0.5786615029512395,0.941038289875499,0.7423045632719474,0.7353660590084543,0.5706526628099853,0.6512250214566662,0.9954255088783036
0.0,0.5502703785299419,0.2756616286334248,0.05325407953216599,0.513436516343581,0.5870159720811244,0.9102654451491659,0.7024110642703938,0.7297560549219901,0.5619289760918302,0.6465379877985588,1.0
1.0,0.5370518726216704,0.2758291147616567,0.058985481108954914,0.5076005526282568,0.5876415476373248,0.9107352595724688,0.6829746320538423,0.7249413631446733,0.5550958327060183,0.6316988813012521,0.9934572779685186
1.0,0.5230322451432007,0.27548737377916954,0.05872040662010097,0.5016154917847097,0.5617236470744654,0.9121447028423774,0.6613194290363142,0.7195350263958613,0.5412679694689697,0.6473898792465042,0.9618606484675284
1.0,0.5303424794712598,0.2745709043899719,0.05550987501666721,0.5041447248513632,0.5664371608326046,0.8994597134132017,0.6893942755713336,0.7134843860962838,0.5270293837895003,0.6704190306411408,0.9819536937993842
1.0,0.5187262167033848,0.2735197753222791,0.056974162754506535,0.5020521130797955,0.5706064543605475,0.8677472398402633,0.6615708897270913,0.7068416515370772,0.5021758904312382,0.6503092812171336,0.7568491877625371
1.0,0.517724814740637,0.27308295271546945,0.06514349317997961,0.5004113655878902,0.5711490304079327,0.8902983321587974,0.6696989867613339,0.7031321476057968,0.4933843860399015,0.6653570349270143,0.9673544810594392
1.0,0.5023032245143201,0.2729622874855182,0.0799042477101358,0.500887277453463,0.5693870296921767,0.8578811369509044,0.6551512462095997,0.6995859726068225,0.4791957933922689,0.6535530011003621,0.8551203184367657
1.0,0.4915882235129181,0.27237579838861226,0.08604852865655949,0.5009397596795432,0.5700857836706844,0.8515386422363165,0.6292286073515273,0.6962636096235757,0.4678745493762009,0.6617070865201555,0.7902133639964233
1.0,0.5056078509913879,0.27272613907247845,0.09982289166512533,0.5010909255530467,0.5600271045134639,0.8752642706131077,0.6648546705125362,0.6934732093167799,0.4512281682996856,0.666420057078287,0.8916570844512599
0.0,0.4929901862607652,0.27250733391878695,0.10504688857256833,0.4946479088556877,0.5784799431114283,0.9067418369743953,0.6797943939057766,0.6885902620248228,0.4229914978217226,0.6494574468151346,0.975978534009117
1.0,0.4850791107550572,0.27182144230699523,0.1065609357570565,0.4934858470946801,0.5747426227141694,0.8759689922480621,0.6846461060572443,0.6827558159478886,0.3859095032872221,0.6547074646233662,0.9757435501842808
1.0,0.4842779891848589,0.2700942145101896,0.10064327870978557,0.4944573126131935,0.5862507217608767,0.8400281888653981,0.6748835145329488,0.677223545124882,0.3614335662285616,0.6471346057141054,0.9665410528719882
1.0,0.4820749048668137,0.2685075136822808,0.0974509048732885,0.4942896215527154,0.5800404303024744,0.8266384778012685,0.6572738702758674,0.6739086564756394,0.3551819812661463,0.6313267010405658,0.9907892439322502
1.0,0.4712597636691369,0.2670755904053073,0.09308536210754907,0.49235691666670395,0.5967543041072655,0.7930467465351186,0.5693661711411878,0.6718446276770311,0.3588342530635526,0.5346188434157866,0.8577878103837466
0.0,0.532145003004206,0.2655619385184964,0.08886640089289477,0.5059060297003655,0.5476513866465403,0.9097956307258632,0.49457140744027794,0.6712272794267502,0.3610811072667118,0.4744123287143632,0.4975745641419715
0.0,0.5505707991187664,0.2643394873294975,0.08601518569283029,0.5073674323358601,0.5876398540625161,0.9346957951609114,0.5364839878707196,0.6745604420234068,0.3863150600336414,0.4918942966633243,0.6556361365928616
0.0,0.526537152012818,0.2635572112570259,0.0887206045953498,0.5035922810284211,0.5764830136787352,0.9083861874559548,0.42792692848162095,0.6760355666949598,0.39885022291598,0.3567312235141962,0.610849266340594
0.0,0.5191267774884839,0.26352166871801874,0.09122863287777017,0.5053999950959749,0.5893283159795876,0.8973455485083391,0.42927298276754666,0.6791743974157469,0.4375856036162529,0.3582174845315946,0.49209378407851706
0.0,0.5098137392349289,0.26343855989033593,0.09555151721613514,0.5014665042776529,0.6107161299872432,0.8992248062015503,0.4198653945714075,0.6799759040064846,0.4497697083954453,0.3504662925643484,0.5920704159526411
1.0,0.5009012617664731,0.2627112195577096,0.09566137200666884,0.4976692725907054,0.5425399111617457,0.9039229504345784,0.4435100954071444,0.6804075693073162,0.4597980731677137,0.33155281346346416,0.5763053655023409
0.0,0.5334468255557782,0.26163425009467256,0.09526770907521613,0.5028748475422153,0.531021896332159,0.9466760629551328,0.4544634272612975,0.6793053829701967,0.4531470212212033,0.3415452486171422,0.6532949225783227
0.0,0.5277388343681153,0.2603043234197222,0.09378704849460734,0.5054113191760543,0.5529493777291445,0.9358703312191684,0.4769617631831965,0.6775935795096135,0.4437631741926722,0.36713222548267216,0.6454087144400437
0.0,0.5255357500500701,0.25929694700090944,0.09292787750903657,0.5038344842125454,0.6256864983798467,0.9487902278599952,0.4975075808002365,0.6755966783524411,0.4404486151852151,0.33903683882328084,0.7007202016564632
0.0,0.5211295814139796,0.2585626434020184,0.09444667775880006,0.5035204318012358,0.6168478065161153,0.9236551562132956,0.4625471488795209,0.6721753119098679,0.4266665196411865,0.3478553948380029,0.5344256391789699
1.0,0.5029040656919689,0.25710866935042964,0.0992319976100664,0.5019249241374895,0.6165012467686611,0.9027484143763214,0.4818800384586939,0.670828039713401,0.426423954215988,0.3705675207414989,0.3623334533669426
1.0,0.5121169637492491,0.2555929143054214,0.10663328736524813,0.5047610898567212,0.6189852679247327,0.8942917547568711,0.4682419939353598,0.6708059380131204,0.4253060864772353,0.35728298591940444,0.3813467770975879
1.0,0.5274384137792911,0.2537533183259013,0.10933482012576584,0.5051743151795979,0.6194362697474525,0.9081512802443036,0.4599881665557282,0.6718744770274163,0.4353912238595539,0.3954056048536481,0.3411955347497301
1.0,0.5263368716202683,0.253304557078727,0.1106502470784767,0.5086827206277601,0.6286578309474075,0.9069767441860463,0.4772280156793134,0.6729113051325948,0.4456775350194714,0.3653214486445578,0.4053655023406546
1.0,0.4873823352693773,0.2530887501152333,0.11289960110326808,0.4999894080550122,0.6322007392098316,0.8754991778247593,0.466252496117151,0.6743017177492001,0.4632138163080058,0.3518492749665627,0.317680950666186
1.0,0.4888844382134989,0.2533236886690753,0.11982475685310072,0.5005152397091991,0.6398102868122532,0.8717406624383366,0.4214555136454405,0.6763319475730272,0.4827811661373128,0.3573443439226877,0.3056175729204175
1.0,0.4746645303424797,0.2523831319341272,0.12084522184872505,0.4997619775585161,0.6353095149510982,0.8618745595489783,0.4145403446490643,0.6792353878083377,0.5069211258816093,0.34761169550437626,0.18602808786460165
1.0,0.4807730823152414,0.2517372304449461,0.1212603060223148,0.4975688571017251,0.6332280021412787,0.8628141883955837,0.3949042230604246,0.6821202999752289,0.5267603962294606,0.3699569948092287,0.11776194437411833
1.0,0.4779691568195476,0.24990519918996976,0.11424045224949385,0.4963999220949898,0.6402051351578467,0.8656330749354005,0.41393388063013065,0.6858501459752588,0.5524226076556883,0.3958819549417572,0.047679617637989086
0.0,0.5231323853394754,0.24851018996986485,0.10928152753427788,0.5047095560879946,0.5890745906324841,0.922010805731736,0.4948672435470749,0.6898859389237941,0.5808874283849392,0.434346112099336,0.31273109407231525
0.0,0.5183256559182856,0.24695617243706716,0.10504056673009593,0.5026822793457338,0.5556324355009896,0.9252995066948554,0.5151172250573183,0.6925420353471201,0.6066416331360786,0.40758275898659735,0.2552348893619128
0.0,0.5103144402163029,0.24703650733992746,0.11089254427123456,0.5041672421064863,0.0,0.9168428470754052,0.4774277050514015,0.6946518827161037,0.630120405964569,0.413257828654886,0.13761694965595644
0.0,0.5104145804125777,0.2472509875291653,0.11938914096969575,0.5017708506509316,0.5687464191707636,0.9701667841202726,0.6094667554174986,0.6980289953557257,0.6604631591304728,0.5491565590151701,0.8622478087236142
0.0,0.5019026637292211,0.24739897934947586,0.12414331359030616,0.4986149834602429,0.4900396056444165,0.9835987639648206,0.5999852081946603,0.6950303756642873,0.6618556154526565,0.5383132383153408,0.7956018878688872
0.0,0.4972962147005808,0.24523072586957065,0.11984255018151865,0.4968312446927079,0.5463848595433258,0.9937784158889684,0.6598180607943198,0.6926659265001303,0.6688401317359761,0.5859398081909447,0.9950547852225348
0.0,0.5213298618065291,0.24211808903400744,0.11192707723650858,0.5042338723833185,0.0,0.9671656204732014,0.6485984764440501,0.6889187328670137,0.6782276960114791,0.574883299848958,0.9310361469041072
0.0,0.5396555177248149,0.23898292908186136,0.10845453216843864,0.5051380257669442,0.6180897206330621,0.9741670690487688,0.6340285481843059,0.6861254804693937,0.6889201927417692,0.5373593870965082,0.9665061390949704
0.0,0.5747924648786719,0.012142932054192146,0.1094744810780004,0.4920823932899584,0.4756431429170213,0.7789072426937739,0.4678574069965236,0.9659562272182702,0.5377748420304204,0.4763144021271154,0.743230347131098
1.0,0.5656130268199234,0.01005062716425287,0.10224990070557223,0.4942278874372036,0.4660627058065129,0.7468233799237612,0.38613268249389865,0.9642331834655355,0.5297164572990556,0.4679265584766255,0.4611734889340781
1.0,0.5633780332056194,0.00644489517731639,0.09518221957225842,0.4938391277443415,0.4628274653556903,0.7210927573062261,0.3628060054729676,0.9644842521509064,0.5302891310432448,0.447770734113793,0.3181794026995425
1.0,0.5680076628352492,0.005400571061894288,0.09216427794130938,0.4946792662138488,0.4853731020796071,0.6890088945362135,0.3565268841062049,0.9659746458570416,0.5249281444849738,0.4402084269306477,0.1321872675098308
1.0,0.5712005108556834,0.005978479344503018,0.10295322747074977,0.4951961522106921,0.4905504248729677,0.7674714104193139,0.4434657199911249,0.9700291152895296,0.5456550005470402,0.4974789495067221,0.4573280901264736
0.0,0.5707215836526182,0.008214963917339002,0.11413883471726614,0.4950984940498163,0.4747892572721667,0.7858958068614993,0.4626506915169,0.9710197879650908,0.5591668851349085,0.4623678411102949,0.5150653629503669
0.0,0.563617496807152,0.010527936397048965,0.12046777484802408,0.4976059401583257,0.4775403756070867,0.7608005082592122,0.4097330079136154,0.9692947052329804,0.5627074829108304,0.4091881204449082,0.31594749707726555
0.0,0.5382343550447,0.012482880974790556,0.12015481220398305,0.4969821302137426,0.5046467287754367,0.7303049555273189,0.4508468308557063,0.9689668322638608,0.5887988901685037,0.45033694049727613,0.08261363636363615
0.0,0.5505268199233717,0.018321133591618244,0.12471777704653148,0.4991277993790645,0.5087893064583527,0.7865311308767473,0.5735892315657123,0.971742937248634,0.5841647919937369,0.5063967400093614,0.09259326660600399
0.0,0.5349616858237548,0.02106257486027641,0.12793872296063047,0.4967037485037313,0.4780012230017152,0.8198856416772554,0.5699504474521119,0.9735570925936892,0.5651596984925521,0.5023443119577018,0.4446663104311396
0.0,0.5414272030651341,0.02351070161480551,0.12541433101666433,0.4977912521144001,0.4400485268075126,0.8468869123252858,0.5518009023001261,0.9740261188170138,0.5219906760836556,0.488313960957441,0.3324239952751934
0.0,0.5510057471264368,0.023619001903659956,0.119167420462498,0.4993768969329194,0.4656699117635575,0.888500635324015,0.6965017380371276,0.9750517675573388,0.4837327955346808,0.5699328416400281,0.6260370672441431
0.0,0.5348020434227331,0.023146830806092256,0.11018364697341954,0.5005109484293954,0.4994757882195387,0.8646759847522234,0.6901264699356552,0.9725084252467744,0.4419990758963581,0.5660015974645474,0.6763270084601607
0.0,0.5246647509578545,0.021886207122054024,0.10706556892043444,0.49879553015812395,0.4559841586716466,0.8179796696315119,0.6240736631905931,0.9709501354078494,0.4091012019727495,0.5637483105514669,0.5099953612688036
0.0,0.5411877394636015,0.01873077395190892,0.1009443841314977,0.4977857414511496,0.4289748875337779,0.8627700127064802,0.7231121958435025,0.974774305433501,0.4329067800699423,0.6268026954506941,0.6929380839831234
0.0,0.5423850574712644,0.016344361093282078,0.08585179963380646,0.4979568818501428,0.41499112224683465,0.8529224904701397,0.595688188743436,0.9752932321397648,0.4320019588883568,0.5229377710834663,0.6651940535883886
0.0,0.5527618135376756,0.015911902748810824,0.07062322506891372,0.4996793386961053,0.40733781696635146,0.9155019059720456,0.6381184823607725,0.9770926377369497,0.4553875303831586,0.5653036582118603,0.798502352499392
0.0,0.5530810983397191,0.014564681916453324,0.05248792910998573,0.4997543124841336,0.4078317345702973,0.9444091486658196,0.6818208712373344,0.9746702867213192,0.4533688080306956,0.5501328792321709,0.8364957699189317
0.0,0.5628192848020435,0.012962505482421838,0.045201997760203005,0.4975645313591674,0.4039229372894687,0.9555273189326556,0.6590193033059684,0.9698930716661368,0.4547200793795288,0.5240053390173258,0.8448013076804131
0.0,0.5506066411238826,0.010695068248143036,0.038555646781870456,0.4993472503562137,0.40258899595144776,0.926302414231258,0.7017898084461207,0.9640068289125427,0.43224539568866177,0.5514084302209274,0.8038479379735367
0.0,0.5600255427841635,0.008315543392700686,0.03268884414371781,0.5008590869858581,0.3970665249484368,0.9774459974587036,0.7849641298720516,0.9576826259678296,0.4062108035189416,0.553262683086693,0.8511850853747434
0.0,0.569683908045977,0.0061372211479795435,0.029920835240615336,0.4986440227351132,0.4105865370214176,0.9750473783954521,0.788610309888322,0.9532202726528952,0.3905163733475968,0.5564354630451874,0.8951662333819449
0.0,0.5581896551724138,0.002384666523690626,0.025612492384192,0.5005487347808536,0.4456790704858137,0.9624131396083386,0.6771762443606243,0.9470069114653774,0.3608426420243551,0.5053134967837652,0.9997849051192575
1.0,0.5481321839080461,0.000827904883060615,0.02426684946471241,0.4989105012712433,0.4393693526847956,0.8897621043937479,0.7257673249020042,0.941890162284852,0.3342199602144321,0.5308940457618934,0.906416704770614
1.0,0.5474137931034483,0.0,0.02295332665854677,0.4988158927924124,0.4388076541092598,0.904779186324444,0.6787885511426666,0.9364683851123228,0.3033343299950567,0.496055575849937,0.9186607732561082
1.0,0.5328065134099618,0.0012141647390808696,0.0273145995031186,0.5002404405526163,0.4464153270345427,0.8839452395768513,0.6270763996745798,0.930308242831012,0.2769352036912404,0.5147808742570552,0.9330670634609852
1.0,0.5229885057471265,0.00271598876249457,0.030134320543763023,0.5024388175246477,0.49900429344352504,0.8477539945734098,0.7335626063161008,0.9226253177154032,0.2451889911294294,0.5609361254855841,0.9258126095028898
1.0,0.4964878671775224,0.003323095960242606,0.03575777900545318,0.5017545615997646,0.4810246058909098,0.7517688679245282,0.6578951261001401,0.9116645088252592,0.18090980133207674,0.5306990997734774,0.9835085313833032
1.0,0.4772509578544062,0.0028714999759644755,0.04094876810563225,0.5021764906891771,0.4750879907588589,0.6618141097424413,0.635330227054212,0.9096107307582316,0.1754269054147909,0.5213566452659361,0.640760197775031
1.0,0.4783684546615582,0.002632048839288359,0.05292432563977528,0.5023004714572308,0.4640244467784658,0.6562150055991043,0.540056208860291,0.9122802984896624,0.1908920018645288,0.4692378292372749,0.8772613320685668
1.0,0.4564176245210728,0.0026158386939338922,0.06238457593377894,0.5020740522182925,0.4680030347065106,0.5949048152295633,0.44936765032172143,0.9154264435545432,0.2173346716193912,0.478635112835455,0.8251914086320201
1.0,0.4376596424010217,0.004636761890568275,0.06946306078696157,0.5024020642044854,0.4676438355177502,0.5489921612541994,0.3457288662081209,0.9184932588670572,0.24095082205778875,0.4801856930661413,0.3105859805080943
1.0,0.42409003831417613,0.006158984123991962,0.07335934806237998,0.5038220891817321,0.4687763745501175,0.5144808743169397,0.24896087567487615,0.9235832023811871,0.2852729479779078,0.4962846234615496,0.3005138033682672
1.0,0.440852490421456,0.00835366694486872,0.07054140145177829,0.5031677885046242,0.4699308590147738,0.5492939157978092,0.2479550329117665,0.9292281038998867,0.3332730262810032,0.4962180052735194,0.3113365868713946
1.0,0.4319923371647511,0.016447612130657818,0.07161313185862622,0.5056218197627905,0.482576219367242,0.5463619648016811,0.19626506915169,0.932594243552734,0.3739224583445876,0.5233123846025852,0.2070654928387748
0.0,0.4028575989782887,0.022891518337508687,0.06444175596396634,0.5026743253973431,0.4879346790782345,0.5613310663104202,0.3220915612750538,0.9390563659002706,0.4309957507983508,0.5183415819295429,0.4772711205372921
0.0,0.4098020434227332,0.02699174101548163,0.063524815267479,0.5034185103981715,0.4854554019298564,0.5152139098604438,0.2760076917387766,0.9385624086446036,0.4351827704724064,0.5013401425946644,0.4825379992930354
0.0,0.4126756066411239,0.025292047777534018,0.05809260798861865,0.5037610919015505,0.4924941731553982,0.511553420269961,0.3027364839878708,0.9377682404096196,0.4316417583385007,0.5144667105153115,0.3861240582034449
0.0,0.410999361430396,0.02575917469162148,0.0582961497114935,0.5039116943862538,0.4842323078033533,0.5358041638069091,0.3594778492715039,0.9359953556388094,0.3950370120240753,0.4889408271962859,0.4439098548255069
0.0,0.3924808429118774,0.027715414907865558,0.0631457345973695,0.5042084975068802,0.480263527207115,0.488675360329444,0.35488499371348303,0.9346121034885844,0.3877024574037666,0.4853612385664646,0.3163267010808739
1.0,0.3769157088122607,0.030159456680602936,0.0684361713401625,0.5053063355377483,0.4815705185660489,0.4614507299270073,0.2635973670586496,0.9355953591689988,0.3932558934729576,0.4885765986730897,0.16425266041864994
1.0,0.3693326947637293,0.032792871167572464,0.08027004634312612,0.5045165440799685,0.4822999064134349,0.4576760719840035,0.30902300125730353,0.9415157353826179,0.45030684243707103,0.4615479050614511,0.1857030688785309
1.0,0.3769955300127715,0.033655992899098715,0.08313311502126097,0.5059766318599547,0.4844078478828557,0.4791987673343606,0.41487316026921095,0.9477037459044066,0.5011582068114853,0.5067313703978429,0.4287241684625538
1.0,0.3700510855683269,0.03399275859430584,0.08967004220227975,0.5043213363254567,0.4799900093310487,0.4477217697556681,0.28093336291694376,0.9499691887460632,0.5275540350080806,0.4798757617956039,0.21620808900917166
1.0,0.36206896551724144,0.03350246837690785,0.08928834419145233,0.5033634389175673,0.4762166579682125,0.44558342420937824,0.32906589749278936,0.9564414984173392,0.556197954874171,0.5021940222247199,0.3303763845035837
0.0,0.3749201787994893,0.03290271950423529,0.08863941337473169,0.5017253731931739,0.4821497009453722,0.4622539476530392,0.4188299681976189,0.9600342756672562,0.5601424667575234,0.5022804845766878,0.4401510215673503
1.0,0.3612308429118775,0.03308369287835866,0.08235601165441536,0.4985680599591907,0.4788901792251278,0.4109885355829547,0.3184453812587826,0.960632915223653,0.557105748742888,0.4257437706394667,0.19395579612088465
1.0,0.3521711366538953,0.03406992511345619,0.08347760414214445,0.4978079639118419,0.4826461727170762,0.427211767250703,0.3377338954219361,0.9672474372053608,0.5928919954838897,0.44085300522586623,0.16263218563624576
1.0,0.34873882503192843,0.03358208274640928,0.08455636699415325,0.4968731408657495,0.4749688134721367,0.40872758695182543,0.3164854670512538,0.975732645387038,0.6584844941934114,0.4210638413527434,0.059322741776508474
0.0,0.37579821200510855,0.030303548024384064,0.07643166405001334,0.4975158544000206,0.4696617431615065,0.4441564052711169,0.4365357591894091,0.9882129146598242,0.7571057542838184,0.4942262067081685,0.06515601783061017
0.0,0.3884897828863347,0.026399616414622518,0.06339391066230454,0.4959466136943159,0.4745496811455277,0.4683516958306329,0.5078692404407964,0.9954380491114628,0.8269286771774136,0.5495213147702578,0.1865141481035523
0.0,0.3802681992337165,0.02590586621617108,0.054235151041734535,0.4940017427670721,0.4706061605214867,0.4333549362713329,0.5591968049700463,0.9993991663093679,0.8981530245380854,0.5455851409179302,0.3336544250451514
0.0,0.3924808429118774,0.02552495446658409,0.05515067654081962,0.4966605987289126,0.4639384952628996,0.4916828688701663,0.6387397381850454,1.0,0.930516273621946,0.6327820264204569,0.7126429861529197
0.0,0.3911238825031929,0.02475477257598246,0.050051169713520416,0.4961191466743737,0.4709181122147955,0.474400518470512,0.7282005768804082,0.9961854005565632,0.9358755720022154,0.6553076933757574,0.7589102950030095
0.0,0.40062260536398464,0.023123830978951654,0.043468196834477946,0.4939736861853241,0.470272119472304,0.4897386044502052,0.7610531765401967,0.9899797813143864,0.9038031098608592,0.6392159289748066,0.8457104017722284
0.0,0.4014208173690933,0.02363232418547212,0.041926944519594056,0.4942579485608896,0.4674827453922727,0.4998919853100021,0.7900673027142959,0.98295041460211,0.8741178295681926,0.6560619140187768,0.8321155917755598
0.0,0.39487547892720304,0.024172920315652213,0.04209256089628116,0.4935516424752895,0.4647061997223925,0.5083171311298336,0.8999926040973298,0.9772513799062932,0.8652102176390277,0.7178663349292791,0.9860246751828792
1.0,0.3868933588761175,0.026137636210724846,0.04690261783224181,0.4918200086033863,0.462908468930404,0.4785050766904298,0.7834775534353966,0.9690057541740388,0.8405178963172133,0.6389752386954207,0.9992632448482957
1.0,0.3691730523627075,0.02836905690224678,0.05041828060098075,0.4928846978833444,0.4717062503001437,0.4640311082307194,0.7515864211226979,0.9648775389071332,0.8352981774489907,0.6682315969669332,0.9735161352285808
1.0,0.3367656449553001,0.030413284891869008,0.05504697373611872,0.4905531112214688,0.4719823247865682,0.3917981072555206,0.6826640041417056,0.9595069499448194,0.8104114048638955,0.6610562481027852,0.8525478030919451
1.0,0.34546615581098344,0.03149720393846378,0.058565938117183525,0.4882274525026048,0.4760046420010369,0.3813813813813815,0.7504696398195396,0.9558758349414151,0.8034206338065615,0.6732771537196911,0.948975378103545
1.0,0.33205619412515963,0.030659870977376213,0.05805706470809574,0.4892231520870457,0.4782940496198798,0.3535535535535537,0.7357961689224166,0.948230423414357,0.7579873497641254,0.6660294058782708,0.8235946936457946
1.0,0.3339719029374203,0.031369654838547145,0.06283803748450256,0.4875788763128878,0.4676008550967181,0.3535535535535537,0.8249833592189929,0.9428734556706851,0.7246886815366796,0.6708379634753469,0.8505908452936114
1.0,0.3564814814814816,0.034153664315589534,0.06859569908821117,0.4919587334643946,0.4679502517128711,0.4166166166166166,0.8578433547814517,0.9380143071680124,0.6852793304497611,0.7172561088782302,0.9754141627415956
0.0,0.3461845466155811,0.03698722070075067,0.0764604802306254,0.4909962453424556,0.4692803769869754,0.42982982982982976,0.8110568744915314,0.9323978495691684,0.6747844083878811,0.6460043760950248,0.997576621525302
0.0,0.3354086845466156,0.03839575531659722,0.0730714561959227,0.4926567133306908,0.4716531161657286,0.409009009009009,0.7811404481917017,0.9270609228900372,0.6934228214586755,0.6320519520935812,0.9417225150194116
0.0,0.3395593869731801,0.03868375579401406,0.06678147006995537,0.4931061272230823,0.474004673910977,0.4046046046046046,0.7301235115745879,0.9218874842447646,0.6776321097256499,0.6232145252307764,0.9164768907107396
1.0,0.3121008939974457,0.03813020596345185,0.05635948558545501,0.4913851998995761,0.4962314841066861,0.3533533533533533,0.6981732120405298,0.915791474032268,0.6475725670804928,0.6058514823166734,0.8623578832016805
1.0,0.3022828863346104,0.03902964630551287,0.0544709132275536,0.4888098756288029,0.4957405393009413,0.3211211211211211,0.7329117668811477,0.90888145549624,0.5835942015669809,0.6268816111946875,0.7867677275010263
1.0,0.29166666666666674,0.041806175820451534,0.05543313266635963,0.4862180782266925,0.4940603377721476,0.2940940940940941,0.7947563050070265,0.9016002129805992,0.5376769947051877,0.6213766628437476,0.8398931555636728
1.0,0.27011494252873564,0.04681939619190612,0.06182064281143863,0.4867444471239565,0.4961976973346266,0.27665635986110315,0.8369425338362545,0.8938390085606294,0.4745837397075599,0.597019997389189,0.8827748360072696
1.0,0.26380906768837803,0.050728201762066716,0.06468416256468634,0.4862851882133451,0.4949275154506544,0.2718919932495781,0.8278529694549224,0.8833824330015678,0.3850362290046143,0.5932183241050552,0.8544582968795561
1.0,0.2827266922094509,0.05321979550251377,0.06377745358296771,0.48590874120600797,0.489902612315307,0.2966435402212638,0.9530729975593524,0.8746893230241715,0.31506224766218105,0.6067634599709493,0.90215108508878
1.0,0.25782247765006383,0.05098343960230478,0.057752793527483415,0.484444428236167,0.5077349378643733,0.2572660791299456,0.8252348199097705,0.865041096755385,0.2586108732947794,0.5667346229152864,0.9713827881987004
1.0,0.25271392081736904,0.054312496278072775,0.06130844785751177,0.48066450268325894,0.5069551849396293,0.2010125632852053,0.7544190518452782,0.8606649628885201,0.2377725153455347,0.5582141075024853,0.9754761335564596
1.0,0.22501596424010215,0.05687634831577859,0.06835457397123608,0.4805569593412321,0.5511584190733095,0.1925745359084944,0.7356112713556692,0.8562574872527657,0.21275711436046288,0.5500945643765001,0.890476383211236
1.0,0.20138888888888892,0.0624113606061345,0.07607609375417446,0.4733638095378606,0.5459926797102376,0.13609135155372526,0.6560757340433402,0.8521796049752639,0.1808000604998881,0.5533218393064963,0.7218197272028172
1.0,0.20194763729246493,0.06618693509727946,0.07837930886680973,0.473355286952044,0.5538996850971344,0.13475575519371144,0.7007100066563129,0.8514036892617283,0.1723124491739088,0.5912307212411785,0.8827255433682767
1.0,0.18518518518518526,0.07134518664509581,0.08529492938055118,0.4735479552014642,0.5517236571665732,0.11480865224625625,0.693669107314548,0.8484702999452769,0.1487389808408771,0.5843936395829128,0.8847290241631928
1.0,0.17369093231162194,0.07614471286325708,0.09426294553255038,0.4752953318431105,0.5474199687149395,0.10604124840299327,0.6523851786110492,0.8454462041995818,0.12641718800135465,0.5475174605900363,0.931335249119682
1.0,0.17233397190293742,0.07800870913394897,0.09728020569258244,0.4739218036813738,0.5353416050119298,0.09144004380361387,0.5765032172176615,0.8399989993318668,0.09430049317434892,0.5475044127153441,0.9215298687567512
1.0,0.1772030651340996,0.07651064875008617,0.0911417636894693,0.4735452336201168,0.5669335402780566,0.07811644460668006,0.6138451297980918,0.8371562607982048,0.08198909451940589,0.5699026929339495,0.8554715333164777
1.0,0.17672413793103453,0.07815569274749334,0.09229136378263923,0.4704742191408355,0.5557634695122083,0.0445336740281074,0.4292212114488571,0.8350217057710052,0.0704896720786401,0.5021915594353031,0.5836991748454259
1.0,0.16307471264367818,0.08246029365494834,0.0988410170606434,0.4689822544666428,0.5400182076495457,0.04562876437306077,0.3809703424302936,0.8385700291026337,0.08486280859679074,0.476582722861989,0.5874704491725764
1.0,0.16714559386973188,0.0839986917725799,0.1023067001198366,0.4706730111249285,0.5280351812012519,0.06406278517977741,0.4386435914503368,0.8392658506746571,0.08202002779702383,0.4592191909199774,0.6950723660648456
1.0,0.19061302681992334,0.08082381543279847,0.09398167094915573,0.472571228840334,0.5380830685383168,0.04398612885563065,0.4665113527105982,0.8349270532899362,0.042016122367831865,0.4771991427285857,0.6630290517622774
0.0,0.22278097062579816,0.07425770875544213,0.08056423231341647,0.4757589230818611,0.5368819690932419,0.0835918963314473,0.5732564159455661,0.8339710482938059,0.03675345886348708,0.4908034966691314,0.7838287652474358
0.0,0.23786717752235,0.07258021800814896,0.07286908625055055,0.4776054438317686,0.5364960563956828,0.07574374885928085,0.4273056726573482,0.8311139455407304,0.013448029185500364,0.4636253599953506,0.7803948005983109
0.0,0.22765006385696035,0.07254160486234107,0.06629328630011627,0.4781981843918229,0.5331606402899454,0.05676218288008759,0.3673249020042897,0.8306379964024624,0.01970395269747266,0.47839828701739295,0.5742227671861407
0.0,0.2407407407407408,0.07475300442934718,0.06184350889619623,0.4775080103295018,0.5357278315029801,0.07592626391677319,0.30201908142888834,0.8299561332870204,0.0,0.489900365185132,0.4548690768135429
0.0,0.24576947637292465,0.07744646155579038,0.05934532990005925,0.4782124420757231,0.5356238023567256,0.07428362839934294,0.2515124620959988,0.8333949697766576,0.010952593130705124,0.5098384693197302,0.3312960859610222
0.0,0.24936143039591324,0.07934910940752649,0.056210157976497255,0.4799897055981042,0.5355922634700974,0.09691549552838112,0.1561570889727088,0.8392476771894204,0.0351752625898471,0.5275275249401644,0.29006031562422474
1.0,0.24281609195402296,0.08156895357547468,0.05908852359134481,0.4759218068651124,0.5308543361732083,0.059317393684979014,0.0,0.8454555801739461,0.06043861289644802,0.4532209385115417,0.03703982874544067
0.0,0.24632822477650065,0.08295037010320194,0.060626718743541926,0.4729272480396377,0.5447965428885949,0.06187260448987041,0.07221359366910696,0.8559028663829801,0.10755230595308383,0.4363354551575525,0.0009082217973226717
0.0,0.2658844189016604,0.0896568304759291,0.07016766595167367,0.4742341158203432,0.5371132253166181,0.10275597736813293,0.1309814362842982,0.8645243302884129,0.14250466704533832,0.4094945963180941,0.0862495860209112
0.0,0.2433748403575989,0.09504473494710752,0.07770780171230735,0.4714908603342132,0.5282652005600064,0.10640627851797772,0.07996449966718439,0.8714924588387303,0.1910563831390304,0.4308184462664726,0.045740260129914605
0.0,0.2507183908045977,0.10337973531215172,0.08630769349343559,0.4725917243447992,0.5386754649056579,0.10494615805803978,0.11587900303231975,0.8804721087532108,0.2503516402644739,0.4023566134467396,0.01328732221756342
0.0,0.2452107279693487,0.1167496357239124,0.10056149114982428,0.4732847856839194,0.5335416536565221,0.13049826610695378,0.12881443680201116,0.8886889897829133,0.3047879842281779,0.4078952861010608,0.04418357145160709
0.0,0.19316730523627085,0.12867270669627429,0.11565429968223452,0.4677071080388091,0.5409765030799207,0.13980653403905827,0.13382885881221795,0.8979944140117571,0.34813892122925083,0.410182159107548,0.06113135743541754
0.0,0.21463920817369087,0.13873015617793572,0.13029135050297425,0.4677356302901468,0.5274470639746048,0.1525825880635152,0.1684860587234676,0.907676921446104,0.3893197828435302,0.4265211788022129,0.10060926584359263
0.0,0.22062579821200512,0.140519285977029,0.13885264790070678,0.4696348421131711,0.5274128053516395,0.17557948530753795,0.2071592337844831,0.91460482992724,0.4100124390849291,0.3964688224632563,0.1780092551233719
0.0,0.20410280970625805,0.14778332551504425,0.15200848563325914,0.4691224397097847,0.4685841282124612,0.14512957998212694,0.19076991346793928,0.920137918157129,0.4138841267096592,0.3733479584156051,0.036448748414301714
0.0,0.20506066411238827,0.1546916345443532,0.16657190155863394,0.4717285630504955,0.4703181728867817,0.1917954182205648,0.2889505214111381,0.929280400833388,0.4502574690089365,0.3759303420394178,0.17973777348777348
0.0,0.20913154533844192,0.1631699952995216,0.18249362006709324,0.4689379291287536,0.470203305629555,0.1952488295474251,0.33863619554766605,0.9353244032554956,0.4756162816417734,0.4060632860863012,0.3299549549549543
0.0,0.19484355044699875,0.1679514694317763,0.19552321358157945,0.467681136198748,0.4880169162738264,0.2020100519924672,0.3381480659714513,0.9383504048901591,0.5108852909125837,0.4050355454066487,0.3069095881595875
0.0,0.19061302681992334,0.17172822748400995,0.1976446874311415,0.4660580507391968,0.5210015498842313,0.18547140649149926,0.3433325937430667,0.9423097861275632,0.5318405175834011,0.4086371047375167,0.2005509974259981
0.0,0.18430715197956585,0.17220995217955504,0.1917044307004026,0.4630510603532537,0.4701382739355914,0.15730722995019755,0.2669846904814732,0.9478640005749116,0.5713986829908555,0.35935914387148205,0.025619369369370724
0.0,0.21192528735632185,0.17415381717308676,0.18395069319706725,0.4652979117880618,0.47407829008660296,0.20659453889747556,0.446490644183122,0.9584673569295374,0.6354690214293552,0.4751096556358057,0.2700783421784172
0.0,0.21184546615581099,0.17548624120342327,0.18234801333685646,0.4657872499127738,0.4758658090535242,0.21621157478962733,0.4447008357370017,0.9619795705381846,0.6693595860920043,0.4733131311011958,0.2508264570372482
0.0,0.22102490421455945,0.17884142444305384,0.18646736833322505,0.4636239078087592,0.4790089694457118,0.2210200927357033,0.4887064566230309,0.9671294106476818,0.7111562743743107,0.4756605572517622,0.07945729568882845
0.0,0.2163952745849298,0.17871269552267988,0.1860233963805388,0.46352078998901597,0.4893340167168784,0.22977846470891294,0.4855705938909846,0.9713214118514396,0.7628789460077359,0.4723610716342165,0.15756845796875402
0.0,0.2523946360153257,0.17862644877331335,0.1862417472847616,0.4664358281937831,0.4801847179062858,0.2690268513767745,0.5866577915834625,0.9752402612925511,0.8135532733047379,0.5566430795231213,0.5391184573002739
0.0,0.2685983397190294,0.18010313782145615,0.18857784160696886,0.4657981209189318,0.4803442421357255,0.2902343081922353,0.6574735596479548,0.9750037360267972,0.8394348380337244,0.6231579688263259,0.7759543486816206
0.0,0.2382662835249042,0.1864999833326626,0.19429182824306285,0.464676639901937,0.4759578156664953,0.27244740892765523,0.618038606611937,0.9713988690818188,0.8250225646647342,0.6113639347127645,0.6941106400868854
0.0,0.2307630906768837,0.19256061401095212,0.19743919635036766,0.4645963418012666,0.4851562119146298,0.28494046809489504,0.6686709562902153,0.969118865965172,0.8176933839555965,0.6602203586592442,0.6614231160004196
0.0,0.24369412515964245,0.19348984532767036,0.19182446605401846,0.462927874801633,0.4728057359355644,0.2903135352599137,0.713578877301975,0.9646939848200328,0.7929329454279495,0.6961903104313172,0.8513124721933852
0.0,0.24824393358876126,0.19470439472980527,0.18931739642982395,0.4629978939565394,0.4812817264078341,0.2793994925809696,0.7708453516751724,0.95858638457363,0.7724165449227303,0.7357706982580559,0.8047802500196558
0.0,0.23363665389527466,0.19581737756339668,0.18950613365024616,0.4616303183574388,0.4802738311508544,0.28684122188653915,0.8204200872716518,0.9527090715633622,0.7515679650025702,0.7237981299003231,0.8399103040429139
0.0,0.2615740740740741,0.2001698219295085,0.1907400758629083,0.4629287641869688,0.4828623185396962,0.32091305807317894,0.8268619184971522,0.948652425308146,0.7474753709964279,0.6852986038760843,0.867078379314325
0.0,0.25846104725415064,0.2038361261177708,0.1952886449055412,0.4632235871525052,0.4803410838194091,0.3375293722725747,0.8073663190592409,0.9445955063348932,0.7393558643255029,0.628954903970663,0.9296988990582298
0.0,0.2458492975734356,0.20676908771265975,0.1979844332145025,0.4621097216587755,0.4806359752003905,0.33327945692581223,0.8225057318245693,0.9396890701685016,0.7347119258130155,0.6383583639466672,0.9797005939305192
0.0,0.2593390804597701,0.2185680783495505,0.22014990498228887,0.4637933926496058,0.4848016492043826,0.32940035558428965,0.7601360846091261,0.935454382072444,0.7502002745064351,0.6232223505963187,0.8838075810245403
0.0,0.20098978288633468,0.23026966376719596,0.2396164441171756,0.458395667305649,0.4827239941579632,0.3292105664987022,0.6648546705125362,0.9312307901631836,0.7570928333860463,0.5337027713136232,0.8809766657646587
0.0,0.1774425287356322,0.24542900979781798,0.2631337177265485,0.4586598110977351,0.4834305388004389,0.2992308808590917,0.7661637452851127,0.9271285400807516,0.7668124868874411,0.5457876060810919,0.8966299619075376
0.0,0.16954022988505746,0.2495730270848229,0.2669395922919145,0.4613648494864995,0.4880866932964647,0.28910555320050874,0.7417942459877228,0.9190532726794192,0.7337204207802088,0.5753120792485822,0.9984071133089248
1.0,0.1542145593869732,0.2553856066037614,0.273030461467618,0.4570274545805439,0.484394949613051,0.2547689699025011,0.7234524073663189,0.9130318330052992,0.7265570214615833,0.566523466788941,0.951028817454238
1.0,0.1277139208173691,0.2553699145796653,0.2680846601231979,0.4580637679179514,0.4825976825851552,0.2480705622932745,0.7308039346202206,0.9070424114215332,0.7104099089981188,0.5740219342627292,1.0
1.0,0.1534163473818646,0.25731936029475233,0.266679723012201,0.4603096827793307,0.4890207257573072,0.2324627375905921,0.7444937504622443,0.9006595985613328,0.6949860362815032,0.5830675169226079,0.9333352229245216
1.0,0.14455619412515966,0.25488742368380346,0.2579683613521413,0.4629282789399976,0.4852000882430709,0.2305483385751402,0.7426891502107833,0.8947728562089696,0.6888081236410104,0.5807904778551318,0.9813017960893028
1.0,0.14224137931034486,0.25774940247036904,0.255102944014532,0.4620185052883649,0.4871968945647196,0.22261725693969647,0.7303601804600252,0.8890208702303108,0.6853363033573627,0.5746729632740272,0.9100743337160808
1.0,0.1544540229885058,0.2553776135918349,0.2466186441529274,0.4607752503571347,0.4884567579672697,0.2428551893887598,0.7643221655203019,0.8822572588595003,0.6735033990550527,0.5524728126281357,0.9902909904868488
0.0,0.18446679438058755,0.2501601120804524,0.23361028575357298,0.4612517450364356,0.48999365188863003,0.2490086147955696,0.8203757118556321,0.8741773368154366,0.6324712416038769,0.5829905688356279,0.9531652580124736
0.0,0.19795657726692206,0.2423916410153755,0.22250431071539672,0.4624305726522258,0.4888981756869119,0.24025707643921784,0.7930404555876052,0.8665053140425802,0.6031238902059971,0.6206796875431759,0.8918802075145426
0.0,0.2183908045977012,0.2370077628669036,0.20912350443237604,0.4618163951084739,0.495977286313265,0.2485983864351156,0.7806301309074775,0.8616540041520422,0.595967828955443,0.604200032592397,0.9369595975475556
0.0,0.21711366538952756,0.2295531621456017,0.1942816807310731,0.4601214880379874,0.5003985119750133,0.2263093121837824,0.6876266548332226,0.8555755407754102,0.6021609191287939,0.5859200167891484,0.9704022569191108
1.0,0.2393039591315453,0.2227193871089339,0.1779277327015989,0.4622636401952241,0.4868416460078912,0.21167783399425688,0.6708897270911915,0.8514465848677804,0.6144179052108758,0.622570703738807,0.9316357799503854
1.0,0.2428959131545339,0.2166272383009742,0.16591777526375634,0.4615807103499287,0.4745684340268547,0.19458498564200746,0.5838769321795722,0.8461853456884032,0.6188271144012567,0.6123009738423506,0.6840799649788403
1.0,0.2322796934865901,0.21529529420044533,0.16059763872538074,0.4575711376579483,0.4757305346691297,0.1629974018870505,0.5562088602913983,0.8442159964577078,0.6497263651555003,0.5921101929412425,0.5251228172576485
1.0,0.23116219667943805,0.21674719920659255,0.15829338178842467,0.4570035642169949,0.4854085162911499,0.1579379187747847,0.5484283706826418,0.8446077320928074,0.679297805871445,0.6341072507452844,0.5130113332360532
1.0,0.2435344827586207,0.22205982610750152,0.16268995199293235,0.4599188421232697,0.4923114006836087,0.18118419253384385,0.5671178167295315,0.8459205816643038,0.7065752197495309,0.6502409881771394,0.65491998638066
1.0,0.23379629629629636,0.2272349266693008,0.16643917695608285,0.4594212228227727,0.4973328016628081,0.1922603582661015,0.5340803195029956,0.8447595283257596,0.7173942151001944,0.6717813023515972,0.5833211732088142
0.0,0.23842592592592596,0.22760895465867706,0.16625289626141745,0.4567164503916342,0.4968013554927309,0.19909749760700127,0.5745506989128029,0.8431337143024984,0.7434268879578344,0.6573904725117052,0.6496181720900832
0.0,0.2943007662835249,0.22552849792699134,0.15875717932427802,0.4630108741511701,0.4830979900797645,0.2454533023383017,0.7131499149471191,0.8405364801847419,0.774798004167746,0.7426625532006522,0.959628386594678
0.0,0.2563856960408685,0.22375466874255712,0.16013121533769226,0.4564371169294084,0.4907608390187776,0.18241487761520586,0.5955180829820281,0.8328772745362567,0.7568378501405033,0.6925557354826936,0.8860370296103192
0.0,0.2557471264367817,0.2255283767387988,0.17019459653323793,0.4569343259487482,0.4934472778885524,0.19212361547928355,0.6255380519192371,0.8304208940963862,0.7626891938005433,0.6811072320139945,0.9600628300247316
0.0,0.2713920817369094,0.2265577612624339,0.18222336888988566,0.45592009527296,0.491447676691576,0.1977300697388213,0.5983433178019376,0.8260905752781096,0.7592585837042689,0.7017671872999766,0.8817749492971524
1.0,0.27282886334610473,0.2249723312201584,0.18495473922148345,0.4559647232435933,0.4826839010009165,0.1951319567892794,0.6128097034243032,0.822833058849679,0.7759377750307401,0.6728157387538778,0.9362141408287464
1.0,0.2783365261813538,0.22492365215399807,0.1808598514078209,0.4563402319170518,0.4982632880233847,0.1880213318747436,0.5701575327268694,0.8190197301552955,0.7847695360901157,0.6312405310887711,0.7672060753051562
0.0,0.2924648786717753,0.224640561504575,0.17928479881132076,0.4556547041253367,0.4943550338701375,0.20730206481608104,0.5707196213297836,0.8161105788631888,0.7804093036528299,0.6320004920234938,0.7905848674008985
0.0,0.29877075351213284,0.2233983622734972,0.17585244737051034,0.4530658649595649,0.4972946074963005,0.2094899494051689,0.6213297833000516,0.8129332774717672,0.7790900962639051,0.6822286083862201,0.7314222098524905
0.0,0.3168103448275862,0.22194646016867134,0.17549566936482613,0.4525495769086612,0.4760463542856791,0.2164638315328866,0.6085644552917681,0.8094334309754299,0.7703770670617154,0.6713719465247588,0.6533736233151753
1.0,0.30340038314176243,0.2256796448906737,0.17855327279280125,0.4484378183304464,0.4759042425324609,0.18665390400656365,0.5488869166481769,0.8089868413648118,0.8059440346547709,0.6071071068235205,0.3633258618849397
1.0,0.2705938697318009,0.23273216520914095,0.18611617621702392,0.4472035146777645,0.497798490817724,0.17995350745248195,0.4929738924635749,0.8108468727976899,0.8513247668957573,0.52829349904442,0.3682712491550128
1.0,0.27530332056194123,0.23712451396695824,0.18735917857615425,0.4487000068841023,0.4955667198839035,0.19540544236291532,0.5655129058501587,0.8130328089626107,0.9062476357432052,0.569397939384487,0.5095883587718352
0.0,0.31856641123882506,0.2415441264770501,0.19280883255474315,0.453201355043735,0.4924846122426389,0.2312320525092302,0.6181051697359664,0.8117741825237106,0.9504725168740636,0.5930165694712118,0.6802220087522673
0.0,0.3031609195402299,0.2476928763280304,0.19972226507892926,0.4523923586168902,0.4964982927964749,0.2568029536441953,0.6554322905110566,0.8088814027625209,0.9609695721602602,0.5826900991314816,0.7125630571487787
0.0,0.2764208173690932,0.25874874212057103,0.21600665536539596,0.4517157283105066,0.4989692521280999,0.2438123888964857,0.7017528289327717,0.8051359488162293,0.9653627082654632,0.5819447703814165,0.7861860908224834
0.0,0.254948914431673,0.26294045097851315,0.2214131289762723,0.4512289571592441,0.4951909566659044,0.22521536988923835,0.7108128097034248,0.7992627639742649,0.9304957851268424,0.5901282507606921,0.7383639509020521
0.0,0.25606641123882506,0.2649215617983287,0.22639501776778564,0.44970133047227295,0.4995500424562333,0.2011486394092712,0.7999186450706313,0.7954739546740901,0.9389621822957824,0.6028244236154822,0.7998795798675384
0.0,0.2725095785440613,0.2682565758659192,0.23220736076546444,0.4535566762388937,0.501149987443932,0.2343771366060441,0.7876636343465724,0.7921003899311554,0.9563260911480138,0.5733965259571362,0.8835617845913568
1.0,0.2584610472541508,0.27148254964140706,0.2347816804914916,0.4520933700043407,0.49949748199672,0.2397101052919459,0.7625101693661709,0.7877437891863956,0.9969462185040529,0.5272149503642243,0.9148599494461678
1.0,0.2563856960408685,0.272962580352742,0.2303684770343264,0.45001613722397404,0.4812763629698078,0.2141392041569808,0.81213667628134,0.7799557882082382,1.0,0.5581244195644273,1.0
1.0,0.2461685823754789,0.27256963976575244,0.22345722221354494,0.4460274254139795,0.4973598721518885,0.1826883631888418,0.8544782190666376,0.7714321997123585,0.981718252016592,0.583751933567645,0.8772865527138758
1.0,0.253352490421456,0.27327991081020064,0.21950642920237484,0.44798490392669615,0.4931423803288286,0.2000546971147273,0.8740551734339176,0.7670314138677989,0.9575960168657374,0.613947009105651,0.9504410212370052
1.0,0.2584610472541508,0.2742358864505072,0.2196285464625229,0.4483292821252549,0.4843654893815933,0.19376452892109947,0.7888617705790995,0.7616542934730803,0.9250367284863056,0.5573360206626112,0.9559843400447432
1.0,0.2607758620689656,0.27581454161472263,0.22140935071028767,0.4483435408279196,0.4915522901300838,0.1889785313824696,0.8516012129280381,0.756325821948107,0.9077656822167957,0.5330125410979605,0.95909768829232
1.0,0.25702426564495523,0.2772927056688075,0.2237867749219843,0.4481305103488831,0.4904389284137053,0.19349104334746345,0.8640115376081652,0.7486278126108361,0.8637121442328562,0.5393669653842977,0.9592917362975756
0.0,0.26460727969348663,0.2779445281189603,0.22538350384706146,0.4490489880573516,0.4831200521187362,0.1895255025297416,0.8499223430219658,0.7412936716016005,0.8288301003609693,0.5829639819407041,0.9445706667668092
1.0,0.2713920817369094,0.2766884978180888,0.22234905005141373,0.449714417565632,0.4797144449035299,0.18364556269656776,0.8843354781451074,0.7349592284097948,0.7969430607377048,0.5448887782496776,0.9847683274228232
1.0,0.2668422733077905,0.2759701144629936,0.22028722058032454,0.4475687563304359,0.4796017483810276,0.1654587720497744,0.7832260927446199,0.7272739503101866,0.7740954592870397,0.5310378322515632,0.8373561792821846
1.0,0.2800127713920817,0.2754516607487329,0.21479034672682235,0.4465500600685444,0.4805794683916234,0.17612470942157807,0.7847348568892836,0.7223695172356823,0.7802109998505571,0.5318526072391608,0.8328340552195239
1.0,0.2839240102171137,0.27536037428288274,0.2142903957262821,0.4463365646424197,0.4877507814480427,0.16450157254204847,0.7957547518674658,0.7150142981080749,0.7745053560174604,0.5375803261028925,0.8116926482092777
0.0,0.3033205619412516,0.2775464898216409,0.21304541493145496,0.4471038050833493,0.4829326844008228,0.19376452892109947,0.9046372309740408,0.7071164467757621,0.7370156060807775,0.5643058236249588,0.9585948978228932
0.0,0.29206577266922096,0.2825505750473807,0.2166149354581328,0.4485000732193694,0.4822119651295042,0.18569670449883768,0.8748613268249394,0.6949194804357028,0.6741932421714039,0.5530704776593676,0.9824309721652952
0.0,0.2856002554278417,0.287431912280258,0.2152748847520659,0.4479612046270605,0.4809025960650195,0.19171338711882954,0.8979809185711116,0.6823138580319159,0.5671689739667771,0.5646605876845664,0.993641640571298
0.0,0.2829661558109834,0.2918783908923175,0.22565862325006056,0.4466797631723549,0.4980266464485898,0.18009025023929992,0.9845203757118558,0.6725138654778648,0.5167147170918793,0.6036185309034658,0.9712132279699844
1.0,0.2629310344827587,0.2933260004043285,0.2357112565283673,0.4448639784391669,0.5302347337518009,0.15260495008888286,0.8161896309444565,0.6630622474172148,0.4696198548321775,0.5124633293131329,0.962203860305984
1.0,0.2639687100893998,0.2935596117460266,0.24312024408962565,0.4436794311467641,0.5361039669978421,0.13674278681799534,0.8031876340507358,0.6574659664555011,0.4727883923082806,0.5082963553221135,0.9848906208484638
1.0,0.2685185185185185,0.2947870080308217,0.24530627580058684,0.442915589043265,0.5354471467150017,0.11923971010529195,0.7343317801937725,0.6495661192653437,0.4553438322773919,0.4808275601150728,0.8
1.0,0.27123243933588764,0.2982715497603792,0.243579568896851,0.4446589399163611,0.4950851668676251,0.1390674141939013,0.7708083721618224,0.6448676195969316,0.4396736675124479,0.5089784232221323,0.8900516913031652
1.0,0.2619731800766284,0.30263234077724604,0.2474984911804957,0.4457633173431514,0.5509464471723392,0.12758102010118966,0.8330227054211969,0.6352369636452586,0.4073283242858366,0.4950439065982821,0.9793597533327294
1.0,0.2455300127713921,0.3066649346723425,0.2482988940063692,0.43850538387108656,0.5306331553080736,0.08628469848215509,0.9046963981954,0.6242545259812617,0.3546704965599685,0.5306200806673516,0.983891658114646
1.0,0.2199872286079182,0.31111081566691845,0.25425825529536145,0.4334806874050059,0.5357407613183249,0.05182551620402023,0.7578729383921305,0.6167622577097298,0.3296019351605704,0.4971696802356238,0.7811755509231684
1.0,0.21831098339719035,0.3197624934794263,0.2651777434509711,0.4367632857323287,0.5391718646524242,0.05100505948311232,0.6994674950077657,0.6170666911629206,0.3425946631016312,0.4532293035576046,0.786982578916021
1.0,0.21591634738186471,0.32945877213824337,0.2766050301973705,0.43843256979976336,0.5463916367511714,0.07343087652126358,0.7362473189852822,0.6178857213472506,0.3424877869187598,0.4754140561893678,0.9670562835020842
1.0,0.18239144316730527,0.33794519411987234,0.2852930894173431,0.4313467577827255,0.5301388983761948,0.03610009571995079,0.5894904223060425,0.6132602937095553,0.2987735330689682,0.4468572987343766,0.9601777699551176
1.0,0.19819604086845466,0.34213840959541275,0.2866992799667195,0.43189391780810105,0.5295923801141778,0.05469711472719815,0.5890318763405075,0.6121686292351649,0.2928050813576341,0.4469243428916176,0.9050779510022272
0.0,0.21296296296296294,0.3455118046977117,0.2912718763768977,0.43442388765080653,0.5507066823647512,0.05264597292492823,0.5354929369129501,0.6111303390701976,0.3036599262867288,0.4185667279781891,0.9300445434298444
0.0,0.20785440613026826,0.350916836743721,0.2974074472167673,0.4342081609836851,0.5494131050066009,0.057842198824012085,0.4436358257525331,0.6103766447847874,0.3287090374246249,0.4258950706479193,0.8232770883942837
0.0,0.21567688378033206,0.35648736702914063,0.3030984045364963,0.4376522588372915,0.5594682808763964,0.08478052782715716,0.4760150876414465,0.6090479232256021,0.3047205125114624,0.4406289133486939,0.8384339136544614
0.0,0.2287675606641125,0.35972738731806203,0.3021613050166303,0.4397612796506699,0.5636859895569277,0.08177218651716127,0.5112417720582796,0.6039779595566563,0.24493082083815004,0.457308940901581,0.7979168621563288
0.0,0.2331577266922095,0.3620965403298555,0.302315939021091,0.4405553151661377,0.5566734236697655,0.08149870094352525,0.5054359884623918,0.5975368616077403,0.16353532178382027,0.4545951107433999,0.749160176409871
0.0,0.21759259259259264,0.3629134451546656,0.30427144999826394,0.438478283885637,0.5538567862148166,0.058525912758102025,0.4855927815989942,0.5944928160487617,0.1391766879082536,0.44483597019264093,0.6173594820305899
0.0,0.2454501915708813,0.3642228242324714,0.3050950844131489,0.4406230773062773,0.5697061207418446,0.06358539587036782,0.3702906589749277,0.5936033513222354,0.1428485156942838,0.4445954196707744,0.5833911982734351
1.0,0.2388250319284802,0.3659480833038287,0.30592907799330804,0.4370364506406451,0.6111169239897193,0.045535348010392426,0.3334368759707121,0.5971903389877982,0.1855177773398051,0.4247663594191852,0.4812799099183637
1.0,0.22118454661558107,0.3700637880143112,0.3055228070402952,0.43456913066871344,0.5500201987609353,0.02488718720087516,0.09010428222764556,0.5991816563492591,0.18823969347952152,0.3530415974934084,0.14768271219933976
1.0,0.2535919540229885,0.3779848292148571,0.3164737272990391,0.4396950474717423,0.5783182866622053,0.060577054560371935,0.2834109903113675,0.6071203277230974,0.2265357764330248,0.3919198943865884,0.401064709380757
1.0,0.22533524904214566,0.38386846532380536,0.324186100138206,0.436255216592336,0.5691603316924192,0.042937235060850544,0.3134235633459063,0.6067192613698198,0.2293892681090463,0.4086907176547804,0.3682530933143797
1.0,0.22749042145593876,0.39461877550962576,0.339503336649633,0.4362654087679971,0.6131424630741175,0.0397921509640367,0.267176983950891,0.6065614444501006,0.24945968211772346,0.4359746232685392,0.3365729122847736
1.0,0.21160600255427847,0.4100054913749018,0.35295355231483183,0.4341711921504893,0.6137592544751456,0.04184329276630661,0.3460468900229274,0.6086492484621975,0.2633254843543303,0.4306056966362977,0.3370515963387923
0.0,0.16491060025542786,0.4256657089463527,0.3648273471712822,0.42803982366217896,0.7072253711027214,0.04239026391357858,0.31884476000295825,0.6086633298410613,0.2319569387681427,0.4650454058630686,0.2864561423867476
1.0,0.15269795657726698,0.4466498691326499,0.3831363403717897,0.4217157504730165,0.7075051673021777,0.004293034205788704,0.23359218992678046,0.6121933629080699,0.23141064220387844,0.4021409561916625,0.002117313785903468
1.0,0.10967432950191568,0.4608423289071117,0.3942426246113435,0.4178031160403741,0.44855672864397145,0.0005625879043600443,0.28338140670068784,0.6220990870305123,0.230466103257186,0.4243841225639508,0.02091396975117926
1.0,0.1149425287356322,0.4748093386225345,0.4129179881713813,0.41959455638406346,0.4843930561008576,0.007906254411972263,0.3807410694475261,0.6319376923965894,0.25702330183140554,0.4294914113646137,0.08375625572707363
1.0,0.11853448275862072,0.4790222847260826,0.42412022684135947,0.4199893200686663,0.5425889237012583,0.0063532401524777045,0.3949633902817839,0.6416987176336735,0.2747716734936171,0.4372514644957389,0.046088991084755136
0.0,0.14734993614303965,0.483654542540785,0.4368424199426664,0.4234527672549944,1.0,0.01115780321692503,0.3688558538569631,0.6517141989117088,0.327495680114992,0.4269861141844147,0.12978102189780946
0.0,0.1402458492975735,0.4884420870590725,0.4453705045731137,0.4250705337483117,0.5670093325728571,0.0043471960585422,0.3349530360180457,0.6566438094747775,0.3370472867308489,0.4560946712659299,0.0581995133819942
0.0,0.14519476372924656,0.494161165684978,0.4484303633263005,0.4228297705821588,0.5891345982205819,0.0002932551319648553,0.4831373419125807,0.6608862865866267,0.3300213485399396,0.4905655001739478,0.25577517288734153
0.0,0.16139846743295022,0.5008177044347426,0.4532079074416801,0.4231474261086796,0.6178376788544024,0.0033469691335069013,0.539997041638932,0.6613114919002092,0.32017349182169696,0.5226190050732307,0.4588013144342538
0.0,0.15972222222222227,0.5034335869941264,0.4506769632421023,0.4242011048981325,0.5475592116498735,0.005875263633624594,0.569255232601139,0.6630380124654864,0.3425288043185037,0.4888779390122708,0.4823924665260678
0.0,0.18981481481481488,0.5075861593303499,0.4534675073645264,0.4265178785558093,1.0,0.015366074118710504,0.4277864063308928,0.6654700038201964,0.3883621069149139,0.4624812165557535,0.3547746333807445
0.0,0.18646232439335889,0.5084214011459542,0.4479548292354389,0.4261465521838057,0.5052742480064029,0.016269960831575753,0.3530064344353228,0.67110889989593,0.43159646236747257,0.4772682396788946,0.3103143852077098
0.0,0.19971264367816102,0.5125948028401801,0.4472443316239952,0.4252016310794934,0.4666806236220715,0.021843928894245298,0.3130315805044004,0.6746222955638121,0.436514948647556,0.504931092296189,0.20388444749619852
0.0,0.21631545338441888,0.5148077933817257,0.44007809467578346,0.4257208447705726,0.4396172451638927,0.0454956312142212,0.4712817099326974,0.6779826890573066,0.4167120884964091,0.5348319248785527,0.5418117612438078
0.0,0.22006704980842912,0.5205454466590886,0.4409750992212285,0.4255900853588571,0.4187988462736569,0.03705935522747817,0.5070408993417647,0.6764591599476497,0.3672679921608518,0.553765614095265,0.5305802148217177
0.0,0.2325989782886335,0.5259972037633638,0.43729783864849,0.4305848895273072,0.3742202251108832,0.08722506779150346,0.6209082168478667,0.6767320548084619,0.3474003537593604,0.6163593494635969,0.9431065770758748
0.0,0.23148148148148145,0.5341338841839305,0.4412206429211203,0.4290853716312942,0.43594092213182395,0.07246158481470326,0.5309740403816287,0.6699100889604503,0.2785585727787563,0.6161541998903295,0.8336486523539258
0.0,0.21982758620689666,0.5410836943201387,0.4446752929450579,0.4276189614712597,0.4637920652868714,0.07442000602591149,0.5677316766511352,0.6641091528804881,0.21580529297304074,0.636159786685982,0.6603602862548338
0.0,0.2357120051085569,0.5491795128338306,0.452481020019434,0.4322641507013577,0.4734998170809573,0.114040373606508,0.6595222246875232,0.6578827351003679,0.14419606073331115,0.6363497960098807,0.7719283814537592
0.0,0.2397030651340997,0.5504391355138969,0.4506038787037682,0.4333108573631052,0.469169779049794,0.12202470623681835,0.6368685748095555,0.6521540232102141,0.0967627269950655,0.6272346175281759,0.4805077311108677
0.0,0.26141443167305234,0.5524774374762742,0.4484601896420583,0.4364127981412891,0.4536522950352785,0.11057547454052433,0.5993861400783964,0.6524884324603881,0.0877539611519384,0.6034555589794611,0.5586429193233423
0.0,0.24624840357598984,0.5574160532492463,0.4533396541082802,0.4370177146673235,0.4486022709055992,0.10183790298282623,0.4684342874047779,0.6522092833787636,0.07750306870218943,0.5826656712083741,0.3793614568383416
0.0,0.224616858237548,0.5642879815268567,0.4603018236319577,0.4369783793104123,0.3760708469894377,0.0952094004218138,0.5679535537312329,0.6577297671660916,0.10495978766129266,0.584011860980483,0.4123473637155032
1.0,0.2315613026819923,0.5704494634607601,0.4669397986328632,0.4366290289914019,0.40493677030942604,0.0768303705935523,0.3734708971229935,0.6607320120240441,0.10412336289834184,0.5464276266869319,0.29576735759828743
1.0,0.22222222222222227,0.5741249706610474,0.4674727870476801,0.4380025587195257,0.4496344805452603,0.06824344682133175,0.3964055913024183,0.6683663353416059,0.1347987441294703,0.5050873379371815,0.3611509775780535
1.0,0.23331736909323125,0.5786139663506056,0.4721244413975618,0.4410396879726028,0.4250300908671949,0.09068996685748723,0.5242807484653502,0.6725011287138489,0.1362694312692771,0.5129859314336837,0.7154083241182984
1.0,0.2469667943805875,0.5809233776714424,0.4752812103195451,0.4399852095480209,0.3769259560837641,0.09264838806869538,0.515723689076252,0.6729056280213173,0.1385946334173953,0.5087659398299347,0.7540408912312082
1.0,0.2409802043422733,0.583101223036369,0.4795891600990747,0.4366293264074767,0.4523211267435361,0.0673395601084664,0.3602026477331555,0.6731176964178556,0.13928591175342284,0.4820840402208539,0.4793308707620642
1.0,0.2379469987228608,0.5879689709031277,0.4840864859572752,0.4392203240087917,0.4193230226173467,0.06191623983127448,0.3624731898528216,0.6755633605875444,0.1490153282671242,0.4831373803774273,0.4774311090867688
1.0,0.2258939974457216,0.5954336517939205,0.49346581188999,0.4388816324956468,0.364440094029766,0.04338656221753545,0.4305672657347829,0.6772902507835981,0.13476436148106047,0.5188992294050627,0.409246185379185
1.0,0.235632183908046,0.6043928941081944,0.5047012091038706,0.44263192837123017,0.3736529507116329,0.07758360952094003,0.5023223134383551,0.6784221070993364,0.11108832905872773,0.5519389104124685,0.7263493509451144
0.0,0.24249680715197966,0.6100522024498454,0.5110098795522215,0.445412498513825,0.3921466146566317,0.1051521542633324,0.6270468160639004,0.6774364337762253,0.09137381834122517,0.5630699853285388,0.9153268048280568
0.0,0.2665229885057471,0.6139125959474168,0.5148507025727007,0.4468929352151368,0.3924716209483879,0.11976498945465508,0.6114488573330377,0.6747298351534898,0.07386872241973974,0.5543604067316535,0.9395809610567064
0.0,0.2705938697318008,0.6168292626870735,0.5201852904670732,0.4442238002349512,0.3549426851070551,0.12533895751732452,0.4367206567561568,0.6729348043928223,0.06503604856889439,0.5234290990187134,0.7661125028467315
0.0,0.2631704980842912,0.6200797502682351,0.5259557185147855,0.44597007197706906,0.3389585680992331,0.11720397710153665,0.3859034095111308,0.6745607266558578,0.06895431501044152,0.5498057387515051,0.6126564222265446
0.0,0.2721104725415071,0.6231399427170916,0.5284462964306039,0.4469632947636869,0.324190066809356,0.10786381440192837,0.3576288736040233,0.6764620391574674,0.06804198004250689,0.5388785840046598,0.5945325292543635
1.0,0.27019476372924656,0.625492081065298,0.5287408349706703,0.4457948274231789,0.4195049979762699,0.09792106056040976,0.3421492493158791,0.6792108628774765,0.0695620352553436,0.5336975679219442,0.5822934928328343
1.0,0.2403416347381865,0.631152687248266,0.5310147635306552,0.4338630629436384,1.0,0.03751129858391085,0.1942755713334809,0.6795819826548826,0.04404451510131169,0.5153297546706406,0.35770954409412725
1.0,0.2206257982120052,0.6365100380630526,0.5324418767339111,0.4309345839333571,0.3902810372701892,0.011901175052726714,0.14586938835884894,0.6836360316441865,0.030404343469022318,0.4796945850023571,0.2106329188781623
1.0,0.2328384418901661,0.6431142501334919,0.5446011435367503,0.4299861122008132,0.35343557973425743,0.006681852695520087,0.07951334960431877,0.6896142810268633,0.02769496526390114,0.4851058356052829,0.09836669170385423
1.0,0.2507982120051085,0.6525001170189353,0.5653521022794622,0.4356760047178901,0.32047837938696205,0.03371305418719209,0.1177723541158201,0.6990530845236662,0.04412824712316349,0.5000298656309519,0.10256126482213493
0.0,0.30515644955300125,0.6634817821960564,0.5898151531864715,0.4516278904657454,1.0,0.03215900741006115,0.20804674210487376,0.7070320535490724,0.058842388134596864,0.4865803075399328,0.2091458972230224
0.0,0.289351851851852,0.6745965599545225,0.6047684852030321,0.4504321441873557,0.5448350938167119,0.0016340884747411749,0.1326529102877001,0.7123609279533556,0.06260305017628638,0.4070222563412821,0.004913505362498248
0.0,0.299808429118774,0.6792714799559478,0.6081976731393411,0.4546238856250567,0.5786272653649047,0.03894249953633186,0.2762443606242145,0.7233778029388434,0.10807448034652156,0.4778783118057048,0.2316228601960505
0.0,0.31689016602809705,0.6827268101719413,0.6091691052081426,0.4578356789486189,0.5676872090728038,0.0333222802353748,0.2562162561940682,0.7278127812147093,0.13237383638474026,0.5229170226109794,0.19765116378026487
0.0,0.3278256704980843,0.6841782758208219,0.6080606766687462,0.4568672231910483,0.5654804748573019,0.055428476152472816,0.24794024110642696,0.7328316256930241,0.15962395044063155,0.5120366383760219,0.1501425471256546
0.0,0.3190453384418901,0.6872286560697507,0.6111462893148829,0.4582437878408794,0.5589967179204628,0.04212729047354094,0.2575918940906732,0.7378498851603803,0.17951635966517626,0.5179455333924333,0.20969320454448734
0.0,0.3263888888888889,0.6918067374842396,0.6182050345735068,0.4596907240036108,0.551675576845325,0.040815905969984266,0.3676059463057468,0.7427148199074136,0.1972747064545175,0.5455509299659576,0.4086634611293145
0.0,0.3217592592592593,0.7003610216524851,0.6287989229960667,0.459132983055739,0.5551268398700678,0.046436125270941465,0.3688188743436137,0.7436480395288441,0.19272739031889652,0.546367061078349,0.41470575720182135
1.0,0.28097062579821197,0.7092226580219574,0.6396604748603442,0.4542794461039472,0.5841643142444244,0.01721098490596439,0.3031210709267064,0.7465785661720616,0.2036353209091082,0.4638705909103169,0.15512105867835474
1.0,0.2861590038314176,0.7166081407601577,0.6453636932073121,0.4552198203107831,0.5578148371236754,0.015524919115677188,0.2888469787737593,0.7539551969366722,0.23071288730011086,0.4565867321631771,0.24494702353091385
1.0,0.28919220945083024,0.7161605583331592,0.6430333132794721,0.4555422457456018,1.0,0.010279381101450649,0.23263072257969056,0.7604614165653432,0.24653115843257886,0.35858006335178344,0.06269945959746448
1.0,0.3111430395913154,0.7166517135907293,0.6433337645723913,0.4563593047310894,0.5245953972627114,0.010654062388181052,0.2973300791361587,0.7702871192963292,0.2781124714429196,0.3915987541857184,0.0010019060651968491
1.0,0.3136973180076629,0.7217325016087814,0.6492769379464669,0.4533271322962588,0.5106891021178348,0.01571225975904252,0.3935581687744992,0.7800570717879289,0.3065640262064282,0.4661115786159439,0.08976798653297308
0.0,0.299249680715198,0.7284573688157345,0.6561196264845862,0.45195790531140706,0.5086105961351648,0.03823805060918462,0.3980400857924709,0.7857062505732109,0.3199551031093827,0.4704673719159299,0.14751518700139055
0.0,0.3144157088122605,0.7346351122706416,0.6631395740280672,0.4514991788960094,0.4882474768665497,0.04761012183692595,0.4495969233044893,0.7911544321218527,0.3256333264497091,0.4763968707627438,0.16492364645996996
0.0,0.32112068965517243,0.7386756334560394,0.6697901846623432,0.4493484461509941,0.5457127753278718,0.05623242736644799,0.4836032837807851,0.7959143894084619,0.3329209648503891,0.5152819365741238,0.3238399634724033
0.0,0.32375478927203066,0.7458253873854672,0.6825106928039061,0.4509306051956957,0.5408749897891728,0.08903467666354263,0.504171289105836,0.8000429777897291,0.3529764154282741,0.5415338597789385,0.8206152616859803
0.0,0.3095466155810984,0.7530872201855283,0.6889862052309776,0.4516305942792751,0.5444899255598012,0.07703842549203374,0.4484579542933215,0.8016037042470456,0.3731569676592758,0.5229035089995381,0.639603457041182
0.0,0.3124201787994892,0.7599049407396037,0.6938231340966043,0.4486424438113655,0.5437334574855952,0.08266166822867861,0.4399822498335921,0.8029643286162005,0.39032412377132375,0.5142162597276443,0.6527116587323821
0.0,0.3093071519795658,0.7625829296197391,0.6911473692644133,0.4485082691661038,0.5440944743254079,0.09240862230552953,0.4471858590340949,0.8036361725132659,0.40826230418491705,0.4732167932418301,0.5805652981225484
0.0,0.3243135376756067,0.7678286983053919,0.6982170437261349,0.4512137334760416,0.5511927009838921,0.08753514526710407,0.40378670216699897,0.8035642111333974,0.4150055442827158,0.4733887483111862,0.4633578906552918
0.0,0.3133780332056195,0.7716720266275519,0.7024334788177351,0.4499360553794317,0.5416200259979874,0.09990627928772257,0.40137563789660535,0.8043944744765399,0.4286945768442677,0.4688739686703083,0.3711059619699159
0.0,0.3211206896551725,0.7787617051342011,0.7111470554354711,0.4480209889031152,0.535510035904887,0.11377694470477975,0.4241624140226312,0.8046693482899205,0.4180565040748844,0.4450857736165639,0.441943433005994
0.0,0.3191251596424011,0.7827926743410756,0.7115555121162529,0.4478615658829363,0.5120360303240438,0.11827553889409564,0.4717920272169219,0.8035573844149557,0.3914242158695857,0.4550797347940324,0.5296995108315873
0.0,0.32798531289910604,0.7861042852101834,0.7091741056827319,0.4461617048871435,0.5427720924696677,0.13327085285848173,0.5101397825604612,0.8015502136140908,0.35690453632757124,0.5004929661995705,0.4887270587369891
0.0,0.3290229885057471,0.7872308683679337,0.6928362932465463,0.4458618823632852,0.5348373613385015,0.12071227741330832,0.5242437689520008,0.7999671354831479,0.34123017973106234,0.4659582807898837,0.5436757512229227
1.0,0.3248722860791826,0.7868118313818231,0.6764445025153629,0.4437507674579349,0.5417190295295709,0.08959700093720717,0.4966940315065456,0.7981636951817346,0.330255273536477,0.4344580585958861,0.34054213100886405
1.0,0.3358077905491699,0.7842415078727614,0.6586091684568189,0.4456783042582829,0.5089585865869561,0.0841611996251172,0.5265069151689962,0.7982626744678525,0.327896653067966,0.4180285306195371,0.3449556806061269
1.0,0.3507343550446999,0.7823188324030279,0.6560795866167215,0.4479981038202163,0.4737354569178784,0.06691658856607313,0.5035500332815626,0.7985693172610533,0.31629749371515625,0.3927648396001675,0.22292103424179086
1.0,0.35424648786717755,0.7817187952484255,0.6542492129119908,0.4485448687267041,0.4494934755167915,0.06279287722586695,0.5465572073071521,0.8005561291185004,0.31354306434426144,0.446397826739767,0.44918901026150265
1.0,0.3611111111111112,0.7888956625982408,0.6657137742107856,0.4463275805080781,0.4495973074547024,0.06541705716963453,0.5513497522372605,0.8013824621988709,0.311485648706106,0.4521452329209159,0.4136967155835093
1.0,0.32998084291187746,0.7943423825317111,0.6711861894110159,0.4442984218271148,1.0,0.055482661668228704,0.4711411877819681,0.8023875939312384,0.3167689551781479,0.4000426217168635,0.2086873367906128
1.0,0.3334929757343551,0.7996892012013315,0.6782700507568599,0.4436677866116508,0.4492229322208267,0.016275548826646467,0.496339028178389,0.8062041575408878,0.34146150897400834,0.3817656217217463,0.2592503700147988
1.0,0.3579182630906769,0.7974531190704388,0.670941688718391,0.44570609660701394,0.6136602677590285,0.00873882820258188,0.4954958952740184,0.8093195115488994,0.3603922022179286,0.3807719150344308,0.2981319252770103
0.0,0.3864144316730523,0.7964541807676748,0.6669839013675527,0.44816028361808896,0.5142867400299498,0.02144985104270106,0.4377856667406255,0.8130807897864307,0.3942148647326886,0.3623563449228701,0.22924916996679684
0.0,0.3928799489144317,0.7987715044677057,0.6665529285526184,0.44586248403751394,0.486357113534837,0.00525996358486745,0.41831225501072383,0.8177727833121868,0.42672614179965707,0.3449493497982661,0.29329173166926586
0.0,0.3962324393358877,0.8051909966744617,0.673348466221473,0.447561962248376,0.4906777729993225,0.022689425478767625,0.4642556023962722,0.8212837960370023,0.4561993221669629,0.34380527140619177,0.5302212088483514
0.0,0.39527458492975737,0.8116626728653342,0.6800112946678007,0.4475059623776909,0.38116567469992496,0.02747710241465447,0.5141705495155686,0.8218279672484661,0.4571392692755509,0.3548517896149413,0.7596703868154726
0.0,0.4221743295019158,0.8161241474076651,0.68824323810309,0.4499710111846553,0.6115913019506953,0.037428445618670265,0.5518674654241554,0.8201451564266597,0.4623768642326964,0.3520952432004719,0.8616744669786793
0.0,0.4208971902937421,0.8237325325318836,0.7022415741656568,0.4497545558444615,0.5206640735465308,0.03830911492734483,0.5553657273870277,0.8168237758929053,0.4665618538087319,0.35628067207359576,0.8261130445217798
0.0,0.3951149425287357,0.8316533760907752,0.7195298103036091,0.4453356065475727,0.5670445114376315,0.040730955526199965,0.6124916796094964,0.8140710806318958,0.4642222065052735,0.3756436044857636,0.9760390415616632
0.0,0.4064495530012772,0.8410498294534539,0.7386960320768259,0.4441833700435638,0.5567002899100425,0.06891237340378695,0.5955106870793581,0.809379662911063,0.4504210013129185,0.4131256760448577,0.9684469103384024
0.0,0.3944763729246488,0.8453337701262513,0.7517192477178615,0.4456833417495216,0.4409696524465389,0.06450902686041393,0.6033799275201539,0.8066195166905656,0.4434641390284444,0.4221869298314393,0.9542457805907181
0.0,0.39359833971902936,0.8497089609212423,0.7585792527560569,0.4451777781700047,0.4408756630402173,0.04997798326728321,0.5223060424524816,0.8045225682166066,0.4551991194161914,0.3647479549838247,0.8311132031066125
0.0,0.3911238825031929,0.8612836913873281,0.7704034585781767,0.4444604024830063,0.4845525889526946,0.03985028621752537,0.4361733599585832,0.8041030566540182,0.4591830713819946,0.30778252103981546,0.4880333433592581
0.0,0.34115581098339715,0.8749937969966912,0.7869268576157933,0.4370525206279093,0.5305547216993807,0.05460149713782468,0.4394645366466978,0.8040980660342558,0.4586174529046753,0.3123352268650258,0.4702874575688567
0.0,0.33963920817369103,0.8899654967422577,0.8113125963575973,0.4372774808133936,0.3440542569139454,0.07375605460149717,0.4662007247984615,0.8037635221801421,0.43160647482990655,0.3480996855989113,0.3930305504232352
1.0,0.3263888888888889,0.8972264603166735,0.8295585886738538,0.4382108553713398,0.437925988769044,0.05460149713782468,0.4189187190296578,0.8039510722011819,0.4146562299506157,0.3353653340461253,0.22498173849525105
0.0,0.3243135376756066,0.9036405739983576,0.8330417786758059,0.4382381247817561,0.4818266091483811,0.06803170409511221,0.4190962206937351,0.8069160170824401,0.4051446529362667,0.33556114245260377,0.2157865337515552
0.0,0.3261494252873565,0.9092319214469148,0.8272710992106462,0.4387423431822306,1.0,0.07749889916336422,0.4089712299386137,0.8102691111975981,0.41522808501241787,0.32656491296045315,0.2194675613263032
1.0,0.3157726692209451,0.9130163924630792,0.8197709316025557,0.4398832056350692,0.4362811907979652,0.0530603258476443,0.3752089342504252,0.8136144273625279,0.42374598181657774,0.333613270703019,0.14918739924186594
0.0,0.3283045977011494,0.9165512175200424,0.8210920103496263,0.4387709680952093,1.0,0.022134203168685668,0.4274831743214261,0.817113532788903,0.4345018228395969,0.34460601678721986,0.1728459530026113
0.0,0.3238346104725416,0.9200257266599156,0.8302775309706596,0.43747821130057823,0.5583252324009673,0.004193849021435057,0.45362769025959604,0.8186720705724595,0.4309775681242387,0.3817924520252608,0.14905715114592213
0.0,0.32598978288633473,0.9241842625214431,0.8376914426824206,0.438113820752721,0.5264501746925485,0.002601702932828748,0.4542933214998886,0.8208956648699497,0.44176834746842697,0.3826158143710866,0.21206846533216936
0.0,0.3375638569604087,0.9264736926709896,0.8437395231832916,0.4369111589676957,0.4634826180066277,0.01944311089774369,0.4907773093706089,0.8221380357599499,0.4454895353253029,0.4239514924529144,0.5648970118944008
0.0,0.3581577266922095,0.9298078120609792,0.8495133341260952,0.4371925264031592,0.5621899334999158,0.0007511266900350811,0.5928629539235264,0.8221063027998896,0.4525274632324541,0.501419316236916,0.8105599071656528
0.0,0.3531289910600256,0.9301127718427628,0.8488677037505129,0.43675666984491707,0.514202516050985,0.010598031794095427,0.5521780933362915,0.8196633995315259,0.4408607903388944,0.4974744025887039,0.7937917029300837
0.0,0.3765166028097063,0.9292855820091529,0.8465771805647467,0.4374062279634735,1.0,0.0244764067625536,0.5553731232896971,0.8184487143059436,0.4411588836107944,0.500836346638715,0.7350159559036831
0.0,0.39359833971902936,0.9237208432731028,0.8360912003078749,0.44034234920020093,0.5152467519374593,0.01589704769114296,0.5597662894756306,0.8157602221952359,0.4155923287077376,0.5055602558838033,0.5872352770525062
0.0,0.4166666666666667,0.9201365295871208,0.8262869543477085,0.4410302811365242,0.5110725398475723,0.0028534370946822164,0.5875231121958433,0.8127894174190728,0.3857551160769634,0.5323974412425987,0.561895901173308
0.0,0.4288793103448276,0.9198667947661976,0.8191831622205865,0.4397481945522365,0.4643740446363065,0.0010590415673816854,0.6130167886990607,0.8113247407327995,0.3706127415240131,0.5555725382932883,0.4763446738719057
0.0,0.4339080459770116,0.9209677679640578,0.8143255966393934,0.4408858073493371,1.0,0.016564253272775973,0.5809185711116045,0.8111684917471462,0.3739038591770113,0.5177891666441906,0.5568948525509826
0.0,0.44189016602809705,0.9270834059449408,0.8224901237675022,0.44231947659402504,0.3483585711551451,0.013358268768367624,0.5913541897788626,0.8119659644722035,0.3959203718070109,0.5267296669046139,0.5385508592661399
0.0,0.424249680715198,0.9366718705507742,0.8381607410242512,0.439773556338269,0.4626458394646011,0.03162162162162166,0.6555062495377559,0.8121026546529873,0.4027333584612624,0.5468294496018218,0.7677327317364468
0.0,0.4474776500638571,0.9500811539974796,0.8593810593906468,0.44492402554447225,1.0,0.07091757387247284,0.7221359366910732,0.8116835291506219,0.41638731045686944,0.5728746847658671,0.9625354717342092
0.0,0.4196998722860792,0.9559415114275236,0.8686772809282051,0.4436341026891813,0.5986033681371535,0.025505443234836497,0.6527253901338657,0.8089322623812851,0.4019055866093637,0.5299784536422018,0.936342740390756
0.0,0.4300766283524905,0.9593673431647488,0.8757180757773397,0.4452608519839704,0.5790676613109903,0.009331259720062124,0.6289919384660894,0.8088763718255416,0.4154565951717813,0.5132372201411136,0.7635359468777942
0.0,0.4337484035759898,0.9611873551720552,0.8843040863712897,0.4461865436529952,0.5170704530423156,0.048833592534992025,0.5679905332445825,0.8095884817363264,0.4234362127203923,0.448882628717924,0.8468003207698469
0.0,0.43039591315453385,0.9611937245311144,0.8901921738698737,0.4457291062687414,0.5745556843540278,0.021935483870967963,0.5422453960505883,0.8107845673349738,0.44730108117252615,0.4774384735701002,0.8391659983961526
0.0,0.4616060025542784,0.9611427903306584,0.8944906779251078,0.4475648069536892,0.5757467282497707,0.04838709677419355,0.5250942977590414,0.8101363831165305,0.4541613958460722,0.463470463451444,0.8938893344025663
0.0,0.4659163473818647,0.9564922671910584,0.8927810499994911,0.4485335931058057,0.5565744188667867,0.09096774193548413,0.5570667850011096,0.8089480071570665,0.4625132203178896,0.4377837745400008,0.9885805934242198
0.0,0.4899425287356322,0.9559878931368408,0.8995605159812556,0.449056868657431,0.5685584962672112,0.09774193548387101,0.5171067228755267,0.8059459770400849,0.44988185644472706,0.4573438754933868,0.9879829787234052
0.0,0.4821998722860793,0.9524923782988424,0.9032620397527972,0.4513291553188161,0.550374229242697,0.07967741935483913,0.4777531247688784,0.8038036435715796,0.4390440849504645,0.4764733441695743,0.8688286040952096
0.0,0.5030332056194124,0.952879393681977,0.9113528224605202,0.4513924407986163,0.5573592513467379,0.11483870967741945,0.4771392648472751,0.8018158843896468,0.4265008182352218,0.4760745349662101,0.8746393827574644
0.0,0.4961685823754789,0.9531105795775172,0.9158988260629816,0.4537955050396042,0.5567540870264686,0.09322580645161292,0.5079358035648252,0.7992134084993321,0.41186847672958377,0.4503510058847551,0.8496207746808571
1.0,0.487029054916986,0.9582169454271591,0.9289886977962484,0.4558009225493231,0.543356677094244,0.07209677419354837,0.4316248798165821,0.7952650974352424,0.3949723100835635,0.4333092114604871,0.5509535253909306
0.0,0.4841155810983397,0.9589738027047936,0.9355966518988306,0.4556285582537194,0.5385529721585511,0.13290322580645175,0.486184453812588,0.7949393120990325,0.3808819569854848,0.4301600357592675,0.7136302631168266
0.0,0.5081417624521074,0.958013431595635,0.940415410758922,0.459807096960531,0.5829303388583473,0.12000000000000045,0.4802159603579621,0.7925409415950115,0.3707135384536818,0.4245197978619861,0.6685289803052538
1.0,0.4992017879948915,0.9605068661406602,0.9454341045822652,0.4579737319304806,0.5212076818775205,0.06354838709677461,0.4528880999926039,0.7916518424649809,0.3755388206725044,0.4470186759256587,0.5704922126158729
1.0,0.4554597701149426,0.9662593216447792,0.95210379121718,0.4544593446655633,0.5648184332800892,0.04838709677419355,0.3742030914873162,0.79151985344924,0.3955684713017456,0.42055669003689616,0.4108430350510315
1.0,0.4594508301404853,0.9730625141649752,0.9569970515413876,0.4550001762017402,0.521843859329787,0.02935483870967777,0.3357296057983876,0.7930255692102439,0.4188558947793716,0.36491144540097337,0.17915665282936571
1.0,0.4687100893997447,0.9730445683377172,0.956083790964829,0.4567325002035682,0.5490602284084766,0.06709677419354879,0.3907107462465794,0.7959520234538578,0.44645191603269707,0.3714298535283893,0.3384000749087049
1.0,0.4678320561941252,0.9767956980905635,0.9609581291631542,0.4564498029532658,0.5015383921421752,0.04677419354838719,0.3865542489460833,0.7963787981600698,0.458311061512099,0.36428589619359053,0.2251006585723644
1.0,0.4472381864623245,0.9807505871531794,0.9674770510508716,0.45671261212664294,0.5039409572332821,0.03129032258064558,0.4330670808372159,0.7989088496502197,0.4761928504515405,0.423119805261216,0.1699803364649333
1.0,0.4496328224776501,0.9836122205766468,0.9670399344921798,0.4571780764781007,0.5243438932990826,0.043225806451613016,0.393358479402411,0.8022122591186684,0.4935205871539475,0.4269099103573339,0.003162992982109439
0.0,0.4715038314176246,0.9853250485676686,0.9659688469047271,0.4573452302574521,0.510682041469535,0.0822580645161294,0.4745285112047925,0.8091351436179293,0.5301363455361616,0.4597358682252621,0.2255489021956108
0.0,0.4586526181353767,0.985069316245324,0.9610157796623302,0.4588799044969088,0.5080866047035801,0.07000000000000005,0.4394571407440284,0.8130933388583157,0.5550162059235522,0.4692981567631591,0.1469917308240684
0.0,0.481242017879949,0.9859286986703416,0.9603104186867176,0.4591754435972751,0.5154887063586551,0.12000000000000045,0.5238074106944753,0.8188306172027155,0.5973733045683387,0.5181520429269354,0.31074449201211
0.0,0.4968071519795658,0.9854440766240944,0.9478813298905676,0.4582341778942887,0.5067651765529432,0.15903225806451635,0.5468826270246283,0.8203688314865631,0.620486476736959,0.5524997883970199,0.4800563850892756
0.0,0.4880268199233717,0.9842117161632142,0.9372365568152188,0.4603611506202676,0.5051764319014601,0.13741935483870985,0.5931218105169739,0.8209299664414895,0.6383130855070827,0.575322665343606,0.7239486416077403
0.0,0.5036717752234994,0.984003197299686,0.9307358580007976,0.4593664938256138,0.4978720960530353,0.14677419354838747,0.5874491531691446,0.8197008169955609,0.6292743605525243,0.5687548346271672,0.6601693338295489
0.0,0.5021551724137929,0.9815067008996824,0.9326535811890502,0.4590767702164256,0.5086864114794285,0.1390322580645162,0.6267287922490941,0.8199857129247663,0.6259101496661064,0.5907244695526984,0.8279214737625615
0.0,0.5153256704980843,0.9804709284429584,0.9361563687353672,0.4576754573601522,0.499913625919356,0.14967741935483872,0.6026033577398122,0.8193218187551652,0.6107163673461647,0.536513395510418,0.8919333829549662
0.0,0.5352809706257983,0.9782882135718216,0.9358027837385536,0.457532589809853,0.5008513311401761,0.21258064516129044,0.5925375342060495,0.8178280612426712,0.5917454876418893,0.5166899862023207,0.942128768142908
0.0,0.5448595146871009,0.9820348418231336,0.9423445099467872,0.4555049969704229,0.5088809555917639,0.2225806451612905,0.601124177205828,0.8156396155150261,0.5862956126600134,0.5272292024424724,0.8085944830174507
0.0,0.5090996168582377,0.9864630894858144,0.9541191755633812,0.4531757074948658,0.4952399253238269,0.1987096774193552,0.5821980622735005,0.8133796296083801,0.5943602498082637,0.4940239356554943,0.8437324075811578
0.0,0.5156449553001278,0.9930582461755916,0.96892167244754,0.4543404608605763,0.5041696717397094,0.22709677419354865,0.5818948302640338,0.8124083682159307,0.6170488056585304,0.4940705225738165,0.7421655094764492
0.0,0.5075830140485313,0.9948343296726598,0.9777097448602394,0.4566717518052088,0.5098075435373429,0.2148387096774197,0.5340285481843058,0.8104052160328845,0.624700221691714,0.4784094460026543,0.7122349408894718
0.0,0.5071839080459769,0.996462453167258,0.9802038041303952,0.4603043192346039,0.4942363158438752,0.2141935483870968,0.5839878707196213,0.808280662070666,0.6255466135586611,0.4800969570294613,0.7382248076562196
0.0,0.5252234993614304,0.9964870482390976,0.9743697375962668,0.4597436328915386,0.4926116982087875,0.2825806451612905,0.6629761112343757,0.8042226220984721,0.631668914171541,0.5187502614467978,0.9973728654531788
0.0,0.5399106002554279,0.9973174483821752,0.9705426860022136,0.4585541809679936,0.4993216297261517,0.3206451612903229,0.6633311145625329,0.7981493896884313,0.6248086735282217,0.5196848339861626,0.9555119118777252
0.0,0.5233876117496806,0.9990923689007398,0.970180989297486,0.4594402788575509,0.5024330972716349,0.2867741935483871,0.6690333555210413,0.7919559153499709,0.6026144401310909,0.5251271550093154,0.9917447676394899
0.0,0.5249840357598979,1.0,0.9759472820643558,0.459778320359219,0.5003444358099537,0.3196774193548391,0.7015753272686938,0.7861459925142076,0.563729987534229,0.5519214222644839,0.9991421021927868
0.0,0.5185185185185186,0.9995090763800358,0.9780242063092409,0.458482055021321,0.4944945353953272,0.24354838709677454,0.653583314843577,0.7816091226263129,0.5348518773381196,0.5151744054972408,0.774492700394823
0.0,0.5422254150702427,0.996020268660616,0.973169231526484,0.4626082049822135,0.4958790127274322,0.3409677419354841,0.6463649138377341,0.7800806272921743,0.544198428775764,0.5021805180301468,0.8267376733082369
0.0,0.5573116219667943,0.9943703834952218,0.970471942059456,0.465185102506354,0.4877970649571358,0.3396774193548387,0.6615560979217519,0.7786392457068751,0.5443013369943439,0.515940578837562,0.751813423928016
0.0,0.5529214559386972,0.9943295925099442,0.966451813845486,0.4681357838792049,0.4977135268486634,0.3351612903225807,0.6597441017676203,0.7775345138432956,0.5471994516200823,0.5115788146581466,0.8294922413001558
0.0,0.5508461047254151,0.992539138730692,0.9619576009010964,0.4678101737801541,0.4948432691614898,0.3709677419354838,0.6431994674950074,0.7748588271086105,0.5222946632405123,0.5429831856300429,0.8088329813607562
0.0,0.5859674329501916,0.9886679073272489,0.95229362657684,0.4701338566473954,0.5007616147680576,0.4045161290322582,0.7079505953701651,0.7720073667636127,0.4939785747478895,0.5403941381494961,0.8125975576163816
0.0,0.5897190293742018,0.9856153823174032,0.9499225284590659,0.4708125130721445,0.5007811551655048,0.3841935483870971,0.6846165224465643,0.7688756121960338,0.4744457801041313,0.5719054330938398,0.7846661680893311
0.0,0.5609035759897829,0.9854780597948708,0.948325375846832,0.4695584729183535,0.5000567866024553,0.3409677419354841,0.650166407810073,0.7682270619337785,0.4599500212210966,0.5795795840091579,0.769089924439745
1.0,0.5555555555555556,0.9837252555721075,0.9458041131226204,0.46861323782493897,0.4988843806855124,0.2835483870967744,0.6138081502847428,0.7684281934175667,0.4591609374960735,0.5926655205678429,0.7251205611573888
1.0,0.5909163473818646,0.9810948781025473,0.939602258883354,0.4711042952524134,0.4937145374761272,0.34064516129032263,0.6119961541306116,0.7702181002557584,0.44563284038727735,0.5896438107685893,0.8447275446785463
1.0,0.5845306513409962,0.977401983771899,0.9350179970733964,0.4699347441208942,0.5117400632512683,0.3567741935483872,0.5545151985799871,0.7702244794764288,0.4432828527037286,0.5363519302354607,0.9076514428656174
1.0,0.5651340996168583,0.9770617874760914,0.930178155558502,0.4665280940454245,0.5198739084648867,0.2264516129032261,0.5087567487611862,0.7674430642740147,0.424969761446636,0.5506805776844798,0.7999329499445547
1.0,0.5497286079182632,0.9774977804127292,0.9296895663654162,0.4674328230185592,0.5140061895749224,0.16645161290322616,0.595421936247319,0.7639328345115974,0.3950669263677074,0.5666492445350451,0.8852412512571884
1.0,0.5209131545338442,0.9795151625367478,0.9327795623087728,0.4657810384034512,0.5210961218951506,0.09161290322580656,0.5984394645366466,0.7586786331415865,0.3516003539352488,0.5689418549774802,0.8409191800496145
1.0,0.5280970625798213,0.9828576043101838,0.9478405136882032,0.4633892256057896,0.5056264335855708,0.09935483870967783,0.6209082168478663,0.7540547630238326,0.32386138183245183,0.5877780516083727,0.9932628280454371
1.0,0.5177203065134101,0.9868333247088708,0.9598756256219212,0.4651819120954048,0.4717693159405769,0.08032258064516158,0.6192367428444641,0.7475502887566474,0.2800509095318641,0.5876982030686534,0.9773438939031126
1.0,0.49728607918263107,0.9901985941581506,0.9714499138738556,0.4652261677614796,0.5196123751477227,0.05709677419354872,0.5749204940462989,0.7402361302295517,0.2237787080246418,0.6045581791112958,0.8190581445324503
1.0,0.5137292464878672,0.9933761924192686,0.9723758313248096,0.4645193992691713,0.5053320348465926,0.08258064516129039,0.6383477553435397,0.7348614831101359,0.18899966252144376,0.647008228949677,0.7494013630502849
1.0,0.5007183908045978,0.9927125396370546,0.9649522736474035,0.4657464996102979,1.0,0.042580645161290565,0.6368389911988759,0.7310145840985347,0.17669827472078048,0.6466609026634993,0.6541413397187942
1.0,0.5069444444444445,0.9921787740923168,0.9601750725171998,0.4668247393668449,0.5054340585360267,0.032903225806451934,0.5017972043487907,0.7298357956202175,0.1869421133613287,0.5967685373727271,0.4248787376435185
1.0,0.5163633461047255,0.9915669148462741,0.9607581390472788,0.4685120092518334,0.4838151657691337,0.005926901547579608,0.4763700909696026,0.731206350993385,0.2031656327431723,0.6297178755213705,0.3768035856818317
0.0,0.5381545338441891,0.9912634063694092,0.9667321510918344,0.4726233792342037,0.4990685163272701,0.10536713862364187,0.5397529768508244,0.7307557988974476,0.2052342061439765,0.6227432394637058,0.4591698900963953
0.0,0.5369572158365262,0.9925899709354308,0.9652556911630328,0.4723428276134194,0.5097285890159226,0.07243990780375383,0.5444123955328746,0.7307208580725082,0.2194324441766018,0.625971365637612,0.3209615030392331
0.0,0.5505268199233716,0.9952755160567706,0.9670326244997802,0.47490559874803295,0.5026301240404427,0.1412578202173195,0.4765623844390208,0.731876879470041,0.2218800005198737,0.5824836307577068,0.4063977405292571
0.0,0.5969029374201789,0.9956620885669336,0.9642218181624912,0.4830228562725738,0.5091354687480856,0.3727362528811326,0.5410842393314106,0.7344189915398884,0.23095301149988,0.5721399348394468,0.4543500951679256
0.0,0.5998563218390806,0.9931133005080791,0.9672570616858732,0.483722083139791,0.5029498587267148,0.3072110635495555,0.4363508616226608,0.7364486864329742,0.2210364564603394,0.557571644306621,0.189353472094308
0.0,0.6105523627075352,0.9868881702828118,0.9646966145284712,0.481983737419869,0.5019739683506583,0.3240039512676986,0.3393683899119887,0.7407042894275968,0.23324867395015175,0.5090941907280292,0.16991044020380394
0.0,0.6309865900383143,0.9830040013844394,0.9700147811391586,0.4820944881541294,0.4908319069980384,0.3427724728350345,0.4810073219436434,0.7469678093725678,0.27947238263683044,0.5395713343680885,0.2982056394189688
0.0,0.6545338441890166,0.97749465547435,0.970011277323222,0.4826165670554037,0.4901495292874569,0.4270661837339481,0.4044301456992821,0.7510926752079337,0.3169325502449177,0.5051718978360406,0.3998227792018722
0.0,0.6700191570881227,0.972360023620718,0.9685264846581833,0.4855992007131074,0.5079297478892162,0.42541982219295377,0.3520227793802229,0.7573702087551364,0.3673134241378492,0.4851026339065171,0.4811569521507434
0.0,0.6975574712643678,0.9655225061875852,0.9599607993125618,0.4869137494504242,0.5237566221512493,0.5363111516256459,0.4271651505066193,0.7602583353787521,0.38719647437462507,0.5164352865591826,0.6269274248247788
0.0,0.708572796934866,0.9646936600078226,0.9632914849080778,0.4891767840516553,0.4944542767326696,0.5618324901630132,0.4540936321278011,0.7589543419859701,0.3854281126865379,0.4788730992536255,0.6723716934207553
0.0,0.6762452107279694,0.9660186778023724,0.9638147440867322,0.4864221268458746,0.5017384392320658,0.5379426644182125,0.3284224539605056,0.7564850610115026,0.3932267906137277,0.4692324317700433,0.4822292561609759
0.0,0.6679438058748404,0.9700803484507388,0.9717477961622148,0.4886461297419986,0.5046873339808761,0.5213603147835866,0.3132164780711487,0.7573840243769911,0.4251945927264403,0.4601716097190068,0.3864197023271108
0.0,0.6703384418901661,0.9697359378188706,0.9704458550636246,0.4890029511770311,0.4968967295058328,0.5373805508712761,0.3372457658457215,0.7578007905469528,0.4525439007714184,0.4212379934966111,0.4438985280815719
1.0,0.6667464878671775,0.9674348369479246,0.9745714049551564,0.4885159750598074,0.5109429350733157,0.5129286115795391,0.2931661859329928,0.7582259227406938,0.4859894492534678,0.3941661094194242,0.3210673464353257
1.0,0.683588761174968,0.9649572039752838,0.9756159378427772,0.4878767097497117,0.495766567661141,0.5435637998875774,0.2558686487685817,0.7603818920043572,0.5258578757086907,0.3804891836147216,0.29444712871995765
1.0,0.6663473818646233,0.9618703450427176,0.9796117666063368,0.4867865938175618,0.5098734610483638,0.4828555368184375,0.19946749500776567,0.7613121684785957,0.5315938537566117,0.339850162955471,0.10037400905495553
1.0,0.6656289910600256,0.9595731545893312,0.9842002424959082,0.4868250783165196,0.5238693347547592,0.4606520517144464,0.24305894534427894,0.76508491570936,0.5263510840038603,0.3670758796757832,0.04849591095363345
0.0,0.693566411238825,0.9601588508044494,0.9917576725753608,0.4881804188024135,0.5156505727320714,0.5382237211916809,0.3362029435692627,0.7700029054918229,0.5253343518812661,0.3617693110127056,0.2416026914335817
0.0,0.6918901660280972,0.9614666411028184,0.9977911451335733,0.4872375121224375,0.5152704617326261,0.5938729623383927,0.3793210561349015,0.7721798560284174,0.5150530976189887,0.338198187834287,0.27510244984878585
0.0,0.6787196679438059,0.9633467072459188,1.0,0.4887390117827988,0.515427277603499,0.5573355817875211,0.3732712077509061,0.7733414573988411,0.4947514421112375,0.33370138398370386,0.16483654953917082
0.0,0.6689814814814815,0.9636790767050268,0.9927578688694916,0.4888910156261677,0.5259182402259709,0.5230466554243958,0.3734782930256639,0.7764144517115876,0.4585491315244917,0.33281345546373403,0.0724546370967742
0.0,0.6812739463601533,0.9622390487510092,0.9766091028457272,0.4908651895273553,0.5272664891278115,0.5871275997751546,0.5087715405665263,0.7834600455541596,0.4737704500112601,0.3534366132440808,0.18067748881895024
0.0,0.6795977011494253,0.9628983156590584,0.9689912596340996,0.4909035510295502,0.5270832949927594,0.5458122540753233,0.4127801198136231,0.7878184483281898,0.4893502888809826,0.3498113554325332,0.03238363425542461
1.0,0.674329501915709,0.9610860788847608,0.9668257133118668,0.4894602304480487,0.5342445569950909,0.5845980888139407,0.4345684490792103,0.7971802762287123,0.538732991164935,0.3610796937721281,0.06986771411802044
0.0,0.702506385696041,0.9596398417729036,0.9672312484211096,0.4907810509439348,0.5521634916874758,0.6433389544688027,0.5092522742400708,0.8035360936354248,0.5768117432989791,0.4032413478644423,0.3868346200731419
0.0,0.6933269476372925,0.9533415405704896,0.9610865039914338,0.4895457253364299,0.5665704585670561,0.5890949971894325,0.44144663856223615,0.8037722192737099,0.5832293130231085,0.3553364532312429,0.04602916610230779
0.0,0.7726692209450831,0.9491356974873048,0.9597662657359284,0.4993591618156203,0.579492260700834,0.8277121978639687,0.6050883810369061,0.8090568648922609,0.6082867868166315,0.4219828874436368,0.35225066594428805
0.0,0.7891922094508301,0.9439534538815426,0.9662496103556256,0.4983915411539883,0.6467849714455628,0.8842046093310851,0.6856519488203536,0.8110828968470631,0.6149351816244715,0.5028303301021824,0.6224434511716108
0.0,0.7967752234993615,0.940686001667177,0.9706206716441708,0.495923656413013,0.6327491941247761,0.9075323215289488,0.6636417424746689,0.8097221275628972,0.6182986292318343,0.4764983946829152,0.6236173190663229
0.0,0.7892720306513409,0.9373049131863588,0.9760708564391359,0.4983225265037017,0.0,0.8931984260820687,0.6817617040159751,0.8082510082501988,0.6332196931501942,0.4888899719988621,0.5867985010609965
0.0,0.8154533844189018,0.9354659296766124,0.9758020530312516,0.5026452051886172,0.6420800772960169,0.98566610455312,0.7418977886251019,0.8053453082129214,0.6302504051828204,0.5622121313563985,0.780531852453835
0.0,0.7734674329501916,0.9324571724826258,0.9789378771031004,0.4996668512136019,0.6716666351333523,0.8834478808705615,0.7947563050070259,0.7984455055537156,0.6143051403358295,0.5940853694344511,0.796060393960603
0.0,0.7807311621966795,0.930804394160354,0.9747425557425632,0.5008803445473595,0.0,0.9112256586483392,0.854944160934842,0.7906312870664622,0.5865822367884984,0.6257814786343822,0.8190052169184493
1.0,0.7752234993614304,0.9302043712653149,0.9752357429532801,0.5035690648873471,0.6725479805791846,0.9029209621993126,0.8629613194290366,0.7820710501855572,0.5581509089499573,0.6296278188954173,0.8252735731603437
1.0,0.7583812260536399,0.928182005583524,0.9706501857793868,0.5035952064603555,0.5979358548085641,0.9921241478857482,0.9604984838399528,0.7728491014546066,0.5151336710256856,0.6661590631596839,0.9682920024289776
1.0,0.7408205619412516,0.9265631368805098,0.9663572225895168,0.5013581978049932,0.5635853100416529,0.9842767295597484,1.0,0.7631853556010022,0.4793014570015214,0.6834386093236637,1.0
1.0,0.7167145593869733,0.9217740893491676,0.9567798945882248,0.501018571561781,0.4632171807137424,0.9739917075009424,0.8129576214777016,0.7555333827801156,0.4525623251943265,0.5452587797661113,0.9852430016758746
1.0,0.7088920817369093,0.92132042288438,0.9502729736613568,0.5000686784838497,0.5017178654544426,0.9346635367762128,0.7476739886103098,0.7505715039679395,0.4391791404731476,0.5446297798613264,0.9911473144711682
1.0,0.681433588761175,0.9202210695530932,0.945402860594592,0.498497095236557,0.4967425396914678,0.919229192291923,0.7976776865616448,0.7457870943503053,0.4338203773157588,0.5685608483593668,0.9875301483039975
1.0,0.651580459770115,0.9209166765809966,0.9395106311721292,0.4934093163309655,0.5121847336989322,0.761377613776138,0.643169883884328,0.7418327816878048,0.4381753692376968,0.5220972636987421,0.931280836089056
1.0,0.6364942528735633,0.9200478351133491,0.9306224929842306,0.4944224664919843,0.5065522268918956,0.6916769167691679,0.524842837068264,0.7420160272735923,0.4774239023035446,0.5121039334089289,0.8400325381527523
1.0,0.6278735632183908,0.9195772022755606,0.9210454511552124,0.4965793112242665,0.5099041684832495,0.6514965149651498,0.4571925153464983,0.7412462475853743,0.5075035988544812,0.529001769090226,0.7279881165007341
1.0,0.6265964240102172,0.9197820789660396,0.9145582753102632,0.4963576130816731,0.5124688862795511,0.6420664206642069,0.5200798757488353,0.7418829473325261,0.5331189454716116,0.510050897057233,0.8308546570231132
1.0,0.6232439335887612,0.9192643748528488,0.9109620263722024,0.4956204983947738,0.4901768440220234,0.6482164821648218,0.4972487242067896,0.7402013513902552,0.5419385767617396,0.4987618845314497,0.8765318573272741
1.0,0.6435185185185186,0.9191913085491636,0.9104380247028356,0.4957953878056578,0.5133678252639351,0.7314473144731448,0.5054507802677319,0.736501912589212,0.5273840595487312,0.5027785881427189,0.9882357286645614
0.0,0.6404853128991059,0.9166519490324324,0.9071625852340104,0.498905188949387,0.5195483430519414,0.728167281672817,0.5313216478071149,0.7307846016993849,0.503047491442891,0.5154029937155833,0.8745864274685693
1.0,0.620051085568327,0.9167105413011396,0.9082234964011616,0.4952522258365365,0.5198139011713105,0.5801558015580158,0.4411434065527695,0.7267611727951435,0.485190284366609,0.5203117381881213,0.717226674509227
1.0,0.6087962962962964,0.9120796226040452,0.9026162572397908,0.4928344959695432,0.5158440754337313,0.5858958589585899,0.4039272243177279,0.7266456180826533,0.4848518729257934,0.5037168167723023,0.7323336560062828
1.0,0.6471104725415071,0.9045680287487308,0.8930413582827231,0.4969823187377097,0.5274037917432586,0.6182861828618286,0.4504030766955107,0.7252884241262822,0.4792324644813454,0.4761832689736281,0.7857012717268521
1.0,0.6615581098339719,0.8948132096153296,0.8819192325325315,0.5004382528909433,0.5289256138892461,0.5547355473554736,0.4412765328008283,0.7213118288292379,0.4535925347955001,0.4711787036025809,0.7113471559231871
1.0,0.658764367816092,0.8891009864609432,0.8762286792584748,0.49993492284221597,0.5284756085265476,0.5447912444264293,0.454907181421492,0.7187990943346934,0.445341510835696,0.4283211980891188,0.7195641875888201
1.0,0.6567688378033205,0.8896374807225751,0.8824912946753085,0.4997965739460238,0.5310706236748424,0.4957438184029186,0.4046076473633607,0.7149657788920076,0.4325348821397901,0.4010593534236885,0.5806763108989547
1.0,0.6413633461047255,0.8883913925086255,0.8846984812571129,0.5000968064121984,0.5268504696136597,0.4811511957843536,0.40423785222986464,0.7141739254206609,0.4380713378013825,0.3995506603988375,0.4241518784389468
1.0,0.6492656449553001,0.8876894813365213,0.8855211327869443,0.5019338141475842,0.5294798237347756,0.4556141062018649,0.38407662155166056,0.7158277421768746,0.4477646673471671,0.4380472154112123,0.4041285573734651
1.0,0.6402458492975736,0.8847937887129085,0.8790335961147107,0.5003412880694897,0.5335092255867205,0.3937699680511183,0.352814140965905,0.7193937371516991,0.4628177783957765,0.4171456592693963,0.27096162955945113
1.0,0.6382503192848021,0.8851495496608273,0.8768137724354943,0.500007646404777,0.5299922361725727,0.37728355837966654,0.3022483544116558,0.7260645036078865,0.4980042762611978,0.3797544090697534,0.000246984728110754
0.0,0.6615581098339719,0.8856182960373631,0.8784038489977422,0.5045567291697844,0.5280955603373535,0.5478065241844768,0.4066415205975889,0.7373230238171942,0.5581025424342951,0.4342462282585805,0.2495730494794721
0.0,0.6707375478927203,0.8869549946101856,0.8797159564243899,0.5027567885547769,0.5311753799973623,0.5680539932508438,0.446128244952296,0.7435785384388847,0.6053352013745908,0.4587350781280064,0.4138963621476199
1.0,0.6402458492975736,0.8854322738903897,0.8744867865374499,0.5002953067789633,0.5138581286337996,0.463067116610424,0.3865616448487537,0.7470769309071372,0.6370624556056129,0.4065163738068646,0.0005308597133359074
0.0,0.6823914431673053,0.8854916735459013,0.8690758066329785,0.5053333921530071,0.5091564322942029,0.6055493063367081,0.5265734782930256,0.7541590049487976,0.6841953990088396,0.4663980284879597,0.12230532336119762
0.0,0.7001915708812262,0.8834383228504334,0.864157461193402,0.5088555773498328,0.4945272226165747,0.6955380577427825,0.6266696250277347,0.7557590726337273,0.6911996315213185,0.5176617130677823,0.6255856003945106
0.0,0.7108876117496807,0.8813547433725509,0.8630532598637228,0.5072630772172979,0.5150519160818644,0.745406824146982,0.6832334886472892,0.7528531994162582,0.6684428910553709,0.5201417514807789,0.7823232672241031
0.0,0.7045817369093231,0.8769230177407961,0.8557484893326208,0.5065419387018739,0.5048541830422963,0.6741657292838397,0.7188373641002884,0.7495574553445392,0.6490963808073549,0.546516163527969,0.7509078309078315
0.0,0.7193486590038315,0.8734575038940187,0.8532761100408801,0.5060858954998206,0.5008516606587662,0.6940051489518207,0.7364322165520302,0.7474677000036878,0.6256285125073107,0.5693117601933322,0.9102425292334346
0.0,0.7326787994891443,0.8722354189821715,0.8552061346676072,0.5085364795079724,0.5071945589962655,0.7808941082887366,0.7567487611863031,0.7443038561916373,0.6088277248180959,0.6014177295248768,0.9869532265049812
0.0,0.7136015325670498,0.8736320382695624,0.8607325737093863,0.5084012469018077,0.5053216432920147,0.7237206098033018,0.6951852673618819,0.7396072930415805,0.5717363706488352,0.5602817264560079,0.7317832394976197
1.0,0.6977969348659004,0.8749967578315552,0.8670294086549746,0.5087259939293761,0.5046865310642098,0.6874988902659456,0.7030619037053473,0.7379451689978886,0.5737884922848965,0.5721079925789269,0.8300941966219153
0.0,0.6993135376756068,0.8754137514445128,0.8707724029342451,0.508965915390878,0.5115028455903589,0.7006381414706729,0.7423045632719474,0.7353660590084543,0.5706526628099853,0.6512250214566662,0.9954255088783036
1.0,0.6918103448275862,0.8733359938474887,0.8739461956606428,0.5076600362663817,0.5130840340524285,0.6615755027539159,0.7024110642703938,0.7297560549219901,0.5619289760918302,0.6465379877985588,1.0
1.0,0.6944444444444444,0.8709106046173599,0.8733142222207513,0.5084757054403048,0.5128474441061567,0.6388481493187119,0.6829746320538423,0.7249413631446733,0.5550958327060183,0.6316988813012521,0.9934572779685186
1.0,0.702985312899106,0.8680466519464725,0.8716413362482858,0.5065492704725432,0.5285620054143204,0.6672573411127174,0.6613194290363142,0.7195350263958613,0.5412679694689697,0.6473898792465042,0.9618606484675284
1.0,0.6977969348659004,0.8647427281860559,0.8685496085391466,0.5058107721619355,0.5333156742895908,0.6232230938320092,0.6893942755713336,0.7134843860962838,0.5270293837895003,0.6704190306411408,0.9819536937993842
1.0,0.6969987228607918,0.8629002056777555,0.8672435740864959,0.5060980697972649,0.537273010585434,0.5864347826086956,0.6615708897270913,0.7068416515370772,0.5021758904312382,0.6503092812171336,0.7568491877625371
1.0,0.6852650063856961,0.8611222947497441,0.860815497439456,0.5071988957531061,0.5348611533494464,0.561677061677062,0.6696989867613339,0.7031321476057968,0.4933843860399015,0.6653570349270143,0.9673544810594392
1.0,0.6840676883780332,0.8619112947967311,0.8620059182572909,0.5072166102646665,0.5419681778671336,0.5333103210217468,0.6551512462095997,0.6995859726068225,0.4791957933922689,0.6535530011003621,0.8551203184367657
1.0,0.667544699872286,0.8599530787083145,0.8610393251109052,0.5073423671607336,0.5464496085876491,0.488115742335515,0.6292286073515273,0.6962636096235757,0.4678745493762009,0.6617070865201555,0.7902133639964233
1.0,0.6780810983397191,0.8609726216762854,0.870959005274822,0.5099391912622825,0.5448757538098921,0.4808087731322826,0.6648546705125362,0.6934732093167799,0.4512281682996856,0.666420057078287,0.8916570844512599
1.0,0.6732918263090678,0.8617716226541323,0.8732929592645393,0.5083946449846858,0.5398385825172249,0.5330726621049202,0.6797943939057766,0.6885902620248228,0.4229914978217226,0.6494574468151346,0.975978534009117
1.0,0.6789591315453385,0.8655875397504178,0.8783469552546548,0.5094142150543405,0.5467927130123001,0.5738025415444771,0.6846461060572443,0.6827558159478886,0.3859095032872221,0.6547074646233662,0.9757435501842808
1.0,0.6676245210727969,0.8607452692028272,0.8664810167334472,0.5105203559830322,0.5415146922376416,0.5568589116976215,0.6748835145329488,0.677223545124882,0.3614335662285616,0.6471346057141054,0.9665410528719882
0.0,0.7139208173690933,0.8531546229959623,0.8489396236992364,0.517819598836001,0.5418417400652445,0.5731508634734442,0.6572738702758674,0.6739086564756394,0.3551819812661463,0.6313267010405658,0.9907892439322502
0.0,0.7176724137931034,0.8457645302300962,0.8297723568857508,0.5193159835040435,0.5483555133265431,0.5757665094339621,0.5693661711411878,0.6718446276770311,0.3588342530635526,0.5346188434157866,0.8577878103837466
1.0,0.6928480204342273,0.8430496234802303,0.8190646038025526,0.5174645881633922,0.5398810230233934,0.5358673906830523,0.49457140744027794,0.6712272794267502,0.3610811072667118,0.4744123287143632,0.4975745641419715
1.0,0.7155970625798213,0.8455246146429425,0.8199209526286688,0.5190473321476499,0.5389251041630885,0.567590740211489,0.5364839878707196,0.6745604420234068,0.3863150600336414,0.4918942966633243,0.6556361365928616
1.0,0.7017879948914432,0.8449074532984677,0.8188062936976658,0.5151055768334114,0.5482309000961785,0.576736210345813,0.42792692848162095,0.6760355666949598,0.39885022291598,0.3567312235141962,0.610849266340594
1.0,0.7020274584929758,0.845961633010627,0.8213662371889893,0.5155576786775172,0.5382142594409717,0.5492997999428408,0.42927298276754666,0.6791743974157469,0.4375856036162529,0.3582174845315946,0.49209378407851706
1.0,0.7106481481481483,0.8437686273800735,0.8221864075765529,0.5137536766164331,0.5381704739384714,0.5687339239782797,0.4198653945714075,0.6799759040064846,0.4497697083954453,0.3504662925643484,0.5920704159526411
0.0,0.7172733077905492,0.8419781556567569,0.821845874442465,0.5115777416259241,0.5296527899528405,0.5730208631037439,0.4435100954071444,0.6804075693073162,0.4597980731677137,0.33155281346346416,0.5763053655023409
0.0,0.7371487867177522,0.8408284778214714,0.821775268166213,0.5121814624179318,0.5303817919109537,0.6297319544171553,0.4544634272612975,0.6793053829701967,0.4531470212212033,0.3415452486171422,0.6532949225783227
0.0,0.7476851851851852,0.8400911314531592,0.8213558914267993,0.5143074150639603,0.5335303806458921,0.6749365661122074,0.4769617631831965,0.6775935795096135,0.4437631741926722,0.36713222548267216,0.6454087144400437
0.0,0.7428959131545338,0.8394412316273527,0.8231482327440709,0.5134732531925386,0.541160695336536,0.6574570059204965,0.4975075808002365,0.6755966783524411,0.4404486151852151,0.33903683882328084,0.7007202016564632
0.0,0.7288473818646233,0.8360591958691579,0.8163164360602913,0.5110365900232153,0.5331225188389499,0.601071327882718,0.4625471488795209,0.6721753119098679,0.4266665196411865,0.3478553948380029,0.5344256391789699
0.0,0.7539910600255428,0.8340198260402722,0.8093755957032365,0.5133282980763388,0.5361608122822884,0.6495863357352549,0.4818800384586939,0.670828039713401,0.426423954215988,0.3705675207414989,0.3623334533669426
0.0,0.756066411238825,0.8322365587715419,0.8001921397743276,0.5132673989378294,0.5424527776695625,0.6817824377457404,0.4682419939353598,0.6708059380131204,0.4253060864772353,0.35728298591940444,0.3813467770975879
1.0,0.7397828863346105,0.8326472183424358,0.7920876757271336,0.5139068455929887,0.5430778592157699,0.6330275229357798,0.4599881665557282,0.6718744770274163,0.4353912238595539,0.3954056048536481,0.3411955347497301
1.0,0.7370689655172414,0.8317902586846649,0.7726585920544774,0.5135336191477031,0.5437024858905248,0.6180865006553081,0.4772280156793134,0.6729113051325948,0.4456775350194714,0.3653214486445578,0.4053655023406546
1.0,0.743933588761175,0.8282509970054033,0.7536250129463209,0.5114446086013551,0.5667018369158627,0.6251638269986894,0.466252496117151,0.6743017177492001,0.4632138163080058,0.3518492749665627,0.317680950666186
1.0,0.7353927203065134,0.8257296250649584,0.7393463306207859,0.5110013509346936,0.5654505056380223,0.5590989622880282,0.4214555136454405,0.6763319475730272,0.4827811661373128,0.3573443439226877,0.3056175729204175
1.0,0.7263729246487868,0.8242583644994421,0.7326634663765411,0.5124136936871221,0.5661078341858404,0.5466970387243736,0.4145403446490643,0.6792353878083377,0.5069211258816093,0.34761169550437626,0.18602808786460165
1.0,0.7337164750957855,0.8259915888339147,0.7266425804156531,0.5103929097721144,0.5661611067148768,0.5773575638506878,0.3949042230604246,0.6821202999752289,0.5267603962294606,0.3699569948092287,0.11776194437411833
1.0,0.7188697318007663,0.8234585126957423,0.7162027933567376,0.5108911668126842,0.5679993315644252,0.5417485265225934,0.41393388063013065,0.6858501459752588,0.5524226076556883,0.3958819549417572,0.047679617637989086
1.0,0.7579821200510856,0.8216661522438353,0.7085852016851898,0.5169004500361241,0.5590064305281319,0.5970039292730845,0.4948672435470749,0.6898859389237941,0.5808874283849392,0.434346112099336,0.31273109407231525
0.0,0.7530332056194126,0.8189033166768582,0.7033749850220157,0.5195905089590063,0.5431957945760642,0.5926273009571211,0.5151172250573183,0.6925420353471201,0.6066416331360786,0.40758275898659735,0.2552348893619128
0.0,0.7696360153256705,0.8221238541552713,0.7094292572724612,0.5232802258350249,0.5118428865424807,0.644181267601223,0.4774277050514015,0.6946518827161037,0.630120405964569,0.413257828654886,0.13761694965595644
0.0,0.80036717752235,0.8262603002178257,0.7216716021994676,0.5280386246264822,0.516836852635312,0.7860751290655965,0.6094667554174986,0.6980289953557257,0.6604631591304728,0.5491565590151701,0.8622478087236142
0.0,0.7880747126436782,0.8301271662187122,0.7347009759462221,0.5282661195132119,0.4989226429039245,0.7778843119352251,0.5999852081946603,0.6950303756642873,0.6618556154526565,0.5383132383153408,0.7956018878688872
0.0,0.8316570881226054,0.8319974337865528,0.7483125737476745,0.5363771376254209,0.4828089141176832,0.92796899052997,0.6598180607943198,0.6926659265001303,0.6688401317359761,0.5859398081909447,0.9950547852225348
0.0,0.8297413793103449,0.8272594936832207,0.7533640408542834,0.535646362768593,0.5012437180964279,0.9311007735504062,0.6485984764440501,0.6889187328670137,0.6782276960114791,0.574883299848958,0.9310361469041072
0.0,0.8496966794380587,0.8179034648998621,0.7472881593882424,0.5411891764473845,0.5099170480842516,0.917610015923912,0.6340285481843059,0.6861254804693937,0.6889201927417692,0.5373593870965082,0.9665061390949704
0.0,0.4843008809577593,0.9871416101357472,0.8863928926674631,0.477148862744813,0.5043478022391032,0.5748327376042525,0.4678574069965236,0.9659562272182702,0.5377748420304204,0.4763144021271154,0.743230347131098
0.0,0.44221067690685945,0.9886565084300928,0.8872249722336848,0.474277421319967,0.5023600367771496,0.5187425533864906,0.38613268249389865,0.9642331834655355,0.5297164572990556,0.4679265584766255,0.4611734889340781
0.0,0.4519990964535802,0.9870577205525212,0.8826514584992088,0.4751695795602414,0.5035290339105756,0.5093025387223902,0.3628060054729676,0.9644842521509064,0.5302891310432448,0.447770734113793,0.3181794026995425
1.0,0.4388976733679693,0.984687524755294,0.87667059967251,0.4744101116148594,0.5047149313081185,0.4744753001558061,0.3565268841062049,0.9659746458570416,0.5249281444849738,0.4402084269306477,0.1321872675098308
1.0,0.5205180332806265,0.984079641713436,0.8863143640360474,0.4769996456423887,0.5080953513502567,0.5510035743744844,0.4434657199911249,0.9700291152895296,0.5456550005470402,0.4974789495067221,0.4573280901264736
1.0,0.4811384684888185,0.9835693105561478,0.8926815557458633,0.4777634677674161,0.506132381074719,0.5147099257629913,0.4626506915169,0.9710197879650908,0.5591668851349085,0.4623678411102949,0.5150653629503669
1.0,0.4707476846622994,0.9834224483553546,0.8960331485052633,0.4770696356465599,0.5137697204204027,0.4983044633855742,0.4097330079136154,0.9692947052329804,0.5627074829108304,0.4091881204449082,0.31594749707726555
1.0,0.4408553572773134,0.9889559294215602,0.9153398738349999,0.4750753880838436,0.5062340603067195,0.4407478691229035,0.4508468308557063,0.9689668322638608,0.5887988901685037,0.45033694049727613,0.08261363636363615
1.0,0.3538890143814473,0.994175560042084,0.931249577701714,0.4675705109827106,0.5027353131622884,0.4676015030702961,0.5735892315657123,0.971742937248634,0.5841647919937369,0.5063967400093614,0.09259326660600399
1.0,0.3792636096679468,1.0,0.9537823390990259,0.4658349886652424,0.500381191900153,0.4787828796627258,0.5699504474521119,0.9735570925936892,0.5651596984925521,0.5023443119577018,0.4446663104311396
1.0,0.3748964686394097,0.9996232316542546,0.9542601284149362,0.4655572690426271,0.5022184358611442,0.4667766474200349,0.5518009023001261,0.9740261188170138,0.5219906760836556,0.488313960957441,0.3324239952751934
0.0,0.4187184699947293,0.999601735229876,0.9566589659037362,0.4651421284307398,0.5032291317651739,0.5198423609201722,0.6965017380371276,0.9750517675573388,0.4837327955346808,0.5699328416400281,0.6260370672441431
0.0,0.3965815827121452,0.9992486208231388,0.9539115994022008,0.4636433074431793,0.4992510674140121,0.4789661809183392,0.6901264699356552,0.9725084252467744,0.4419990758963581,0.5660015974645474,0.6763270084601607
1.0,0.3823507266019124,0.9989210638185378,0.9524611932300828,0.4626315682721969,0.5066137991815272,0.4563284758500594,0.6240736631905931,0.9709501354078494,0.4091012019727495,0.5637483105514669,0.5099953612688036
0.0,0.43972592425269175,0.9971671303477976,0.9424511040678536,0.4633225297695257,0.5055259370422077,0.5199340115479789,0.7231121958435025,0.974774305433501,0.4329067800699423,0.6268026954506941,0.6929380839831234
0.0,0.4836985166779609,0.9953706911931264,0.9393033414686909,0.4632462942110445,0.5050720789386449,0.5246998441939327,0.595688188743436,0.9752932321397648,0.4320019588883568,0.5229377710834663,0.6651940535883886
1.0,0.4634440177697464,0.9933029698141004,0.9292299521878268,0.4654837428538203,0.5091177508630751,0.5042617541930162,0.6381184823607725,0.9770926377369497,0.4553875303831586,0.5653036582118603,0.798502352499392
0.0,0.4928092764099089,0.9929118266954438,0.9288254288127724,0.4640656976083322,0.5088955082938483,0.5296489780954998,0.6818208712373344,0.9746702867213192,0.4533688080306956,0.5501328792321709,0.8364957699189317
0.0,0.5024471048866802,0.9918599084965304,0.9257353964186014,0.4649338215390827,0.505029655142026,0.5256163504720006,0.6590193033059684,0.9698930716661368,0.4547200793795288,0.5240053390173258,0.8448013076804131
1.0,0.4916798433852872,0.9902071098848242,0.9258346506202032,0.4642499368460576,0.507313713233955,0.5066446705159929,0.7017898084461207,0.9640068289125427,0.43224539568866177,0.5514084302209274,0.8038479379735367
1.0,0.4705217980573752,0.989060993684052,0.9246826336975551,0.4629911180710416,0.5050437827321735,0.457061680872514,0.7849641298720516,0.9576826259678296,0.4062108035189416,0.553262683086693,0.8511850853747434
1.0,0.4979293727881937,0.9877818701747938,0.9227734439928612,0.4614847659493869,0.5087111930892516,0.4826322060306112,0.788610309888322,0.9532202726528952,0.3905163733475968,0.5564354630451874,0.8951662333819449
1.0,0.5278969957081545,0.987271523411014,0.9227062826917448,0.4602339724227472,0.5043534245175625,0.5026120428924937,0.6771762443606243,0.9470069114653774,0.3608426420243551,0.5053134967837652,0.9997849051192575
1.0,0.5402454634440177,0.9869898135162268,0.9239717511938405,0.457474202898312,0.5057193817976443,0.5148015763907979,0.7257673249020042,0.941890162284852,0.3342199602144321,0.5308940457618934,0.906416704770614
1.0,0.5181838716964084,0.987105186595162,0.9248394442820445,0.4596471818575442,0.5103233075018891,0.48868114746585994,0.6787885511426666,0.9364683851123228,0.3033343299950567,0.496055575849937,0.9186607732561082
0.0,0.5324900233416159,0.986913496641124,0.9263749636607532,0.4570786164114365,0.5102711915577894,0.500229126569517,0.6270763996745798,0.930308242831012,0.2769352036912404,0.5147808742570552,0.9330670634609852
0.0,0.5710413372487013,0.985649232730277,0.9235807239872932,0.4564773775945696,0.5147293597415943,0.5332233525799651,0.7335626063161008,0.9226253177154032,0.2451889911294294,0.5609361254855841,0.9258126095028898
0.0,0.5712672238536254,0.9838899958308912,0.9262927262952788,0.456858264158337,0.5148280682393684,0.5127852625790486,0.6578951261001401,0.9116645088252592,0.18090980133207674,0.5306990997734774,0.9835085313833032
0.0,0.5901664031322941,0.9819006922538236,0.9269823826690144,0.4547008626292346,0.5081677662042207,0.5247914948217394,0.635330227054212,0.9096107307582316,0.1754269054147909,0.5213566452659361,0.640760197775031
0.0,0.6254800090354642,0.9814448991500532,0.936598272382368,0.453958947650184,0.491174673433057,0.5458711392173036,0.540056208860291,0.9122802984896624,0.1908920018645288,0.4692378292372749,0.8772613320685668
0.0,0.6913636021383932,0.9794639551614776,0.937758962779189,0.4585282818727155,0.4971102059255951,0.6409128402529557,0.44936765032172143,0.9154264435545432,0.2173346716193912,0.478635112835455,0.8251914086320201
0.0,0.7068744823431972,0.9767933495454608,0.9342631649627084,0.4605202704936413,0.4998719101703794,0.6194665933461644,0.3457288662081209,0.9184932588670572,0.24095082205778875,0.4801856930661413,0.3105859805080943
0.0,0.7475340712295758,0.9735079928779228,0.9284464170135598,0.4601655970095409,0.501741962397815,0.6473283841994316,0.24896087567487615,0.9235832023811871,0.2852729479779078,0.4962846234615496,0.3005138033682672
0.0,0.7899254574203751,0.9746349001323495,0.9345612203024808,0.4595481856480901,0.5107993681788211,0.6978278801209788,0.2479550329117665,0.9292281038998867,0.3332730262810032,0.4962180052735194,0.3113365868713946
0.0,0.7268277991115126,0.9779904065516514,0.9523525551139338,0.4570222076409142,0.5030297927342113,0.6819723215104022,0.19626506915169,0.932594243552734,0.3739224583445876,0.5233123846025852,0.2070654928387748
0.0,0.7071003689481214,0.9812598982316088,0.9636284626935092,0.4546414309223968,0.505465135928194,0.6933369993584456,0.3220915612750538,0.9390563659002706,0.4309957507983508,0.5183415819295429,0.4772711205372921
0.0,0.6942248324674347,0.9805151730159868,0.9636303862035552,0.4539918800957466,0.4996483653264427,0.6708825955457793,0.2760076917387766,0.9385624086446036,0.4351827704724064,0.5013401425946644,0.4825379992930354
1.0,0.6790904299375047,0.9795691492938527,0.955810035186818,0.4535868250951624,0.5026488119167224,0.6271652460819357,0.3027364839878708,0.9377682404096196,0.4316417583385007,0.5144667105153115,0.3861240582034449
1.0,0.6676455086213386,0.9785648750846024,0.9493297050132424,0.4520493086363058,0.5076633143499256,0.6408211896251488,0.3594778492715039,0.9359953556388094,0.3950370120240753,0.4889408271962859,0.4439098548255069
0.0,0.7153828777953466,0.9789166501816359,0.947791884857894,0.45194073090589204,0.5034967097659007,0.684355237833379,0.35488499371348303,0.9346121034885844,0.3877024574037666,0.4853612385664646,0.3163267010808739
1.0,0.6622995256381298,0.9777425544518636,0.9481204838438744,0.4521397071073213,0.5019245371654851,0.6256988360370269,0.2635973670586496,0.9355953591689988,0.3932558934729576,0.4885765986730897,0.16425266041864994
1.0,0.6590618176342143,0.9776848272642034,0.9584548699664002,0.4556523891912301,0.5128638574367039,0.6236825222252773,0.30902300125730353,0.9415157353826179,0.45030684243707103,0.4615479050614511,0.1857030688785309
0.0,0.7070250734131467,0.9772331516165744,0.9646477344054232,0.4592042250922205,0.5079407737961733,0.6821556227660159,0.41487316026921095,0.9477037459044066,0.5011582068114853,0.5067313703978429,0.4287241684625538
0.0,0.6912883066034186,0.9770386867042078,0.9745288006506926,0.4582741424307034,0.5131605171166879,0.6600678214645771,0.28093336291694376,0.9499691887460632,0.5275540350080806,0.4798757617956039,0.21620808900917166
1.0,0.6905353512536707,0.9780703666785366,0.9836973459848296,0.4577716938120861,0.5121609054194066,0.6763816332141875,0.32906589749278936,0.9564414984173392,0.556197954874171,0.5021940222247199,0.3303763845035837
0.0,0.6808975227768992,0.9767322643226456,0.9859912251420284,0.4564837234596647,0.5089829129559721,0.6880212629456509,0.4188299681976189,0.9600342756672562,0.5601424667575234,0.5022804845766878,0.4401510215673503
0.0,0.6812740004517732,0.9734900438607808,0.9786229119724597,0.4576656138936802,0.5097232421841378,0.6363303088626157,0.3184453812587826,0.960632915223653,0.557105748742888,0.4257437706394667,0.19395579612088465
1.0,0.7013026127550638,0.9694894556177877,0.9696362540745735,0.4557008352039321,0.508910366765647,0.6379800201631382,0.3377338954219361,0.9672474372053608,0.5928919954838897,0.44085300522586623,0.16263218563624576
1.0,0.7054438671786764,0.9676952690617128,0.968231848905852,0.4522221468731473,0.5100766057081502,0.6426542021812849,0.3164854670512538,0.975732645387038,0.6584844941934114,0.4210638413527434,0.059322741776508474
0.0,0.7682403433476395,0.9659114632883828,0.959659008068078,0.4530710686830172,0.5198922645441205,0.7158830537989186,0.4365357591894091,0.9882129146598242,0.7571057542838184,0.4942262067081685,0.06515601783061017
0.0,0.8464724041864318,0.9624679191972988,0.9445652455536874,0.455250321604491,0.5192254435307128,0.7894785079277793,0.5078692404407964,0.9954380491114628,0.8269286771774136,0.5495213147702578,0.1865141481035523
0.0,0.8372110533845343,0.9588026543535122,0.9303155083097612,0.4554288414466484,0.5051171309134567,0.7539180643387405,0.5591968049700463,0.9993991663093679,0.8981530245380854,0.5455851409179302,0.3336544250451514
0.0,0.8783977110157366,0.9550402071788324,0.9223783684324484,0.458213379049268,0.4931947963183235,0.8088167903950141,0.6387397381850454,1.0,0.930516273621946,0.6327820264204569,0.7126429861529197
0.0,0.9512084933363452,0.9514615995084008,0.9130070860555368,0.4601479923110949,0.5128762870688369,0.8686646503528547,0.7282005768804082,0.9961854005565632,0.9358755720022154,0.6553076933757574,0.7589102950030095
0.0,0.985844439424742,0.9462462636864596,0.9032224861796628,0.458981697700149,0.4999441000827546,0.8997342131793602,0.7610531765401967,0.9899797813143864,0.9038031098608592,0.6392159289748066,0.8457104017722284
0.0,0.9957081545064376,0.9438116667096808,0.9066178054169336,0.4602497754427232,0.5004411937552469,0.8921434437448671,0.7900673027142959,0.98295041460211,0.8741178295681926,0.6560619140187768,0.8321155917755598
0.0,0.9616745726978392,0.9414435103187716,0.91360145775083,0.4600897362610317,0.4976337376012088,0.8883109772789487,0.8999926040973298,0.9772513799062932,0.8652102176390277,0.7178663349292791,0.9860246751828792
0.0,0.9502296513816729,0.94142790450216,0.9236491539254488,0.459806209990481,0.4938104247459353,0.8644036864677433,0.7834775534353966,0.9690057541740388,0.8405178963172133,0.6389752386954207,0.9992632448482957
0.0,0.9433024621639936,0.9405753237079996,0.9272617597009359,0.4580607010385259,0.5121396907884698,0.8860297472397116,0.7515864211226979,0.9648775389071332,0.8352981774489907,0.6682315969669332,0.9735161352285808
1.0,0.9293727881936602,0.9410512968847268,0.9366445240105437,0.4602987278141651,0.5343536862976651,0.8851172552240167,0.6826640041417056,0.9595069499448194,0.8104114048638955,0.6610562481027852,0.8525478030919451
0.0,0.9385588434605828,0.9407274079337888,0.9456657786886672,0.4600559706307238,0.5169696827347786,0.9183319645953096,0.7504696398195396,0.9558758349414151,0.8034206338065615,0.6732771537196911,0.948975378103545
0.0,0.9291469015887356,0.9400783934292268,0.9531848532648836,0.4589361167224122,0.5093027127079226,0.919518204215713,0.7357961689224166,0.948230423414357,0.7579873497641254,0.6660294058782708,0.8235946936457946
0.0,0.883367216324072,0.9371150009408512,0.9532577563383416,0.4595842515291568,0.5172187485034955,0.8783648143078747,0.8249833592189929,0.9428734556706851,0.7246886815366796,0.6708379634753469,0.8505908452936114
0.0,0.9401400496950528,0.9339230395954616,0.954086488208316,0.4601291232418959,0.0,0.9194269550141436,0.8578433547814517,0.9380143071680124,0.6852793304497611,0.7172561088782302,0.9754141627415956
0.0,0.970710036894812,0.9289703753485792,0.9533282201651356,0.4621363255474414,0.540179027864933,0.9574778720686192,0.8110568744915314,0.9323978495691684,0.6747844083878811,0.6460043760950248,0.997576621525302
0.0,1.0,0.9250493355178081,0.950112245756094,0.4605785549846872,0.5635202346457228,0.9988337920417968,0.7811404481917017,0.9270609228900372,0.6934228214586755,0.6320519520935812,0.9417225150194116
0.0,0.9606957307431668,0.9194842410782068,0.9388503770235346,0.4622682142577797,0.4951327434040202,0.9730013356229726,0.7301235115745879,0.9218874842447646,0.6776321097256499,0.6232145252307764,0.9164768907107396
0.0,0.9822302537459529,0.9152641260034552,0.93662796614022,0.4644447646100251,0.4753707455841813,0.9782189668465692,0.6981732120405298,0.915791474032268,0.6475725670804928,0.6058514823166734,0.8623578832016805
1.0,0.9511331978013704,0.9107370827336516,0.9403076448544696,0.4662715410212751,0.4801191982047239,0.9447764070932924,0.7329117668811477,0.90888145549624,0.5835942015669809,0.6268816111946875,0.7867677275010263
1.0,0.9606957307431668,0.909920312421498,0.9542311969726824,0.463200475587848,0.5049732179207993,0.9519082498072474,0.7947563050070265,0.9016002129805992,0.5376769947051877,0.6213766628437476,0.8398931555636728
1.0,0.929448083728635,0.9089159724461796,0.9608397513131768,0.4592977853765067,0.545423309605451,0.9595219737856592,0.8369425338362545,0.8938390085606294,0.4745837397075599,0.597019997389189,0.8827748360072696
1.0,0.9050523303968074,0.9078680833610056,0.963885869011317,0.4616212483650453,0.547914949081855,0.9321511179645338,0.8278529694549224,0.8833824330015678,0.3850362290046143,0.5932183241050552,0.8544582968795561
1.0,0.9055793991416308,0.9041377449989774,0.956099146738728,0.4618029199478343,0.5486605346134927,0.9274286815728604,0.9530729975593524,0.8746893230241715,0.31506224766218105,0.6067634599709493,0.90215108508878
1.0,0.8601761915518411,0.9022108373025676,0.9560823887417904,0.4597243733230267,0.5523054891373687,0.8513878180416348,0.8252348199097705,0.865041096755385,0.2586108732947794,0.5667346229152864,0.9713827881987004
1.0,0.8301332730969051,0.9013725881481576,0.9618778383118396,0.4561636929240657,0.544598001841073,0.8579414032382421,0.7544190518452782,0.8606649628885201,0.2377725153455347,0.5582141075024853,0.9754761335564596
1.0,0.8113093893532115,0.9007195405776487,0.9708037309096694,0.4585728827625632,0.5464931470637949,0.841750192752506,0.7356112713556692,0.8562574872527657,0.21275711436046288,0.5500945643765001,0.890476383211236
1.0,0.8211731044349071,0.8983683706474763,0.9726175113897774,0.4594745985459667,0.5622950466993535,0.8411719352351582,0.6560757340433402,0.8521796049752639,0.1808000604998881,0.5533218393064963,0.7218197272028172
1.0,0.8525713425193886,0.8955246472448215,0.9724604071690326,0.4615392345735683,0.5425826740816664,0.8850231303006937,0.7007100066563129,0.8514036892617283,0.1723124491739088,0.5912307212411785,0.8827255433682767
0.0,0.9094194714253444,0.8925159610768985,0.9733087909570391,0.4616356561954858,0.0,0.9549922898997688,0.693669107314548,0.8484702999452769,0.1487389808408771,0.5843936395829128,0.8847290241631928
0.0,0.945260146073338,0.8891709420898011,0.9731492291299348,0.4603970868637272,0.5005338719534184,0.9914225134926756,0.6523851786110492,0.8454462041995818,0.12641718800135465,0.5475174605900363,0.931335249119682
0.0,0.9062570589564038,0.8862210277924893,0.9726504544468656,0.4617322858600877,0.5878041036528817,0.9813785120739836,0.5765032172176615,0.8399989993318668,0.09430049317434892,0.5475044127153441,0.9215298687567512
0.0,0.8771176869211657,0.8851363934691496,0.9775361799368728,0.4633550525082032,0.5889871891080929,0.9562762602426154,0.6138451297980918,0.8371562607982048,0.08198909451940589,0.5699026929339495,0.8554715333164777
1.0,0.8244861079737973,0.8832102238336137,0.9816283215035791,0.4630672260538801,0.5733155210384673,0.9143395617465592,0.4292212114488571,0.8350217057710052,0.0704896720786401,0.5021915594353031,0.5836991748454259
1.0,0.8284767713274603,0.8814534531648304,0.9851352318913096,0.4636744120479678,0.5811774362001744,0.9040795143710392,0.3809703424302936,0.8385700291026337,0.08486280859679074,0.476582722861989,0.5874704491725764
1.0,0.8240343347639485,0.8783367679699856,0.9857264158859288,0.4630518688478773,0.6179645683103485,0.9086616714513684,0.4386435914503368,0.8392658506746571,0.08202002779702383,0.4592191909199774,0.6950723660648456
1.0,0.8355545516150891,0.8760572924017438,0.9877391759652004,0.46012810234597495,0.5935928509136749,0.9185232703851202,0.4665113527105982,0.8349270532899362,0.042016122367831865,0.4771991427285857,0.6630290517622774
1.0,0.8038551313907085,0.8739909834366406,0.9915148827310164,0.4618973065058937,0.0,0.8818660137424869,0.5732564159455661,0.8339710482938059,0.03675345886348708,0.4908034966691314,0.7838287652474358
0.0,0.8500865898652208,0.8733458697819989,0.9982026908347136,0.4645567947204488,0.6199126668327472,0.9607588052125025,0.4273056726573482,0.8311139455407304,0.013448029185500364,0.4636253599953506,0.7803948005983109
0.0,0.8162788946615467,0.8712911617130727,0.9998412457783404,0.4655817804275217,0.5690639306274342,0.9386449166943921,0.3673249020042897,0.8306379964024624,0.01970395269747266,0.47839828701739295,0.5742227671861407
1.0,0.7722310067013027,0.8679204041118516,1.0,0.4633166858085099,0.5373568362914733,0.8653304034091249,0.30201908142888834,0.8299561332870204,0.0,0.489900365185132,0.4548690768135429
1.0,0.7511482569083654,0.8633705210270552,0.9938964963054056,0.4624134709040592,0.5365351360687183,0.8204053415998103,0.2515124620959988,0.8333949697766576,0.010952593130705124,0.5098384693197302,0.3312960859610222
1.0,0.7349597168887885,0.8584382881347774,0.984662902413182,0.4617744253708495,0.5414526843637621,0.7824531275214315,0.1561570889727088,0.8392476771894204,0.0351752625898471,0.5275275249401644,0.29006031562422474
1.0,0.7287101874858819,0.8538895478135702,0.9724017531353116,0.4620768210999773,0.5787261888498773,0.7435047923386332,0.0,0.8454555801739461,0.06043861289644802,0.4532209385115417,0.03703982874544067
1.0,0.8310368195166027,0.8492863762630949,0.9611774821403356,0.4659722081142189,0.6149701578913391,0.8654300155195668,0.07221359366910696,0.8559028663829801,0.10755230595308383,0.4363354551575525,0.0009082217973226717
0.0,0.8771176869211654,0.8447889842618512,0.9530701069858216,0.4659214575454409,0.5997931811219491,0.9031830053770616,0.1309814362842982,0.8645243302884129,0.14250466704533832,0.4094945963180941,0.0862495860209112
0.0,0.8475265416760784,0.8402271636119116,0.9458862994083538,0.464372247360313,0.0,0.8565645376902341,0.07996449966718439,0.8714924588387303,0.1910563831390304,0.4308184462664726,0.045740260129914605
0.0,0.9259844891197953,0.8366886183754896,0.9395270784673576,0.4663768089990479,0.6708634597242153,0.9525906121562636,0.11587900303231975,0.8804721087532108,0.2503516402644739,0.4023566134467396,0.01328732221756342
0.0,0.9143136811987048,0.8334811565437665,0.9348018611528236,0.4658877370975037,0.5762537164388681,0.9663014265040314,0.12881443680201116,0.8886889897829133,0.3047879842281779,0.4078952861010608,0.04418357145160709
0.0,0.8609291469015885,0.8293112572279984,0.9250258317835772,0.4657330839952732,0.6341251201475143,0.910481703535249,0.13382885881221795,0.8979944140117571,0.34813892122925083,0.410182159107548,0.06113135743541754
0.0,0.9244785784202996,0.8270135352266363,0.9241686096593684,0.4672490113483876,0.6237930472311991,0.963096960926194,0.1684860587234676,0.907676921446104,0.3893197828435302,0.4265211788022129,0.10060926584359263
0.0,0.8750847074768466,0.8253955472507581,0.9283181399586428,0.4667064560609758,0.5615180444691219,0.9260905519950384,0.2071592337844831,0.91460482992724,0.4100124390849291,0.3964688224632563,0.1780092551233719
1.0,0.8126647089827572,0.8257330736927095,0.9404721169678132,0.4648880907084023,0.0,0.8845358693405003,0.19076991346793928,0.920137918157129,0.4138841267096592,0.3733479584156051,0.036448748414301714
1.0,0.8643927415104284,0.825719218104243,0.9518516658866399,0.4684315517170071,0.6311435541409437,0.9627868513541452,0.2889505214111381,0.929280400833388,0.4502574690089365,0.3759303420394178,0.17973777348777348
0.0,0.8657480611399744,0.8236358461334148,0.9554822554095144,0.468050550663221,0.4994511028661697,0.97953276824478,0.33863619554766605,0.9353244032554956,0.4756162816417734,0.4060632860863012,0.3299549549549543
1.0,0.8082222724192456,0.8211224551650358,0.9572921448166614,0.4681230285312091,0.4265707727514858,0.9633329673948842,0.3381480659714513,0.9383504048901591,0.5108852909125837,0.4050355454066487,0.3069095881595875
1.0,0.7805135155485281,0.8160556964674708,0.941084850740884,0.4664142936816609,0.48589348990546,0.9226040180041716,0.3433325937430667,0.9423097861275632,0.5318405175834011,0.4086371047375167,0.2005509974259981
1.0,0.7695203674422109,0.8100675038631533,0.9218816118286912,0.4671814588079679,0.4371253727418915,0.8435613129871556,0.2669846904814732,0.9478640005749116,0.5713986829908555,0.35935914387148205,0.025619369369370724
1.0,0.8566373014080266,0.8059980359896466,0.9091571746420926,0.4704221026700846,0.4837582728776204,0.9473048633219892,0.446490644183122,0.9584673569295374,0.6354690214293552,0.4751096556358057,0.2700783421784172
1.0,0.8061892929749266,0.8029783032840281,0.9093305339571028,0.4695019588084166,0.4742100580411812,0.912394335272807,0.4447008357370017,0.9619795705381846,0.6693595860920043,0.4733131311011958,0.2508264570372482
1.0,0.7924102100745425,0.8010273032278421,0.9116110561608508,0.4690524378707774,0.4202135264048802,0.8747392688549783,0.4887064566230309,0.9671294106476818,0.7111562743743107,0.4756605572517622,0.07945729568882845
1.0,0.8055869286951283,0.7964480734443027,0.9032731877728488,0.4663035829438595,0.4239437486098208,0.892523877483807,0.4855705938909846,0.9713214118514396,0.7628789460077359,0.4723610716342165,0.15756845796875402
0.0,0.8631880129508318,0.7921110868875538,0.8966217725923644,0.4675113555867275,0.4404879375324849,0.9412668789109668,0.5866577915834625,0.9752402612925511,0.8135532733047379,0.5566430795231213,0.5391184573002739
1.0,0.8695881334236879,0.7889098635272418,0.8958996104347534,0.4643086505792183,0.42435234359841,0.9428038203974091,0.6574735596479548,0.9750037360267972,0.8394348380337244,0.6231579688263259,0.7759543486816206
1.0,0.8101799563285896,0.7870371151291051,0.8998869689994652,0.46282962274921,0.4135391605631845,0.8937314743660116,0.618038606611937,0.9713988690818188,0.8250225646647342,0.6113639347127645,0.6941106400868854
0.0,0.8289285445373089,0.7853492168343346,0.9013465597886564,0.4642710883333153,0.0,0.9215062026567132,0.6686709562902153,0.969118865965172,0.8176933839555965,0.6602203586592442,0.6614231160004196
0.0,0.8701904977034859,0.7821243064971242,0.8971120707072125,0.4637856392143033,0.40057095256746,0.9703589856186188,0.713578877301975,0.9646939848200328,0.7929329454279495,0.6961903104313172,0.8513124721933852
0.0,0.8600256004818914,0.7793293980019622,0.8940993231959924,0.4668775181365555,0.4100030304378644,0.977924697445092,0.7708453516751724,0.95858638457363,0.7724165449227303,0.7357706982580559,0.8047802500196558
0.0,0.8451923800918606,0.7756184893553089,0.8874216360316841,0.4688984378960399,0.5114875230267377,0.9975967040512702,0.8204200872716518,0.9527090715633622,0.7515679650025702,0.7237981299003231,0.8399103040429139
0.0,0.8282508847225358,0.7729347070565211,0.8828239407598202,0.4687926022780149,0.5697884171008138,0.9857419043015948,0.8268619184971522,0.948652425308146,0.7474753709964279,0.6852986038760843,0.867078379314325
1.0,0.7821700173179731,0.7720262135326179,0.8890372243114357,0.4684504921949912,0.5239499040350752,0.944055099081682,0.8073663190592409,0.9445955063348932,0.7393558643255029,0.628954903970663,0.9296988990582298
1.0,0.7409833596867704,0.771041027959265,0.8835429766740135,0.4674919718896743,0.5182408752058537,0.9420009666505555,0.8225057318245693,0.9396890701685016,0.7347119258130155,0.6383583639466672,0.9797005939305192
1.0,0.7279572321361343,0.7704807084221026,0.8818968504679799,0.4676178284117702,0.5198929761627812,0.8715563073948768,0.7601360846091261,0.935454382072444,0.7502002745064351,0.6232223505963187,0.8838075810245403
1.0,0.6894059182290491,0.768967205659437,0.8751166549085843,0.4675104392563225,0.4888432493029618,0.8529482841952636,0.6648546705125362,0.9312307901631836,0.7570928333860463,0.5337027713136232,0.8809766657646587
1.0,0.6967848806565771,0.7691549161855322,0.8854145775411421,0.4675259784342527,0.5573794787687759,0.8914934751087483,0.7661637452851127,0.9271285400807516,0.7668124868874411,0.5457876060810919,0.8966299619075376
0.0,0.7353361945636623,0.7669981534881161,0.8861891275163059,0.4667728037265168,0.5242348410529551,0.9491300144997582,0.7417942459877228,0.9190532726794192,0.7337204207802088,0.5753120792485822,0.9984071133089248
1.0,0.7247948196671937,0.7651295659675914,0.8867102061061922,0.4664248643657674,0.5581584643799731,0.9143305944900918,0.7234524073663189,0.9130318330052992,0.7265570214615833,0.566523466788941,0.951028817454238
0.0,0.7180935170544386,0.7640326406961588,0.8942208877734588,0.4649309131382405,0.5186124093307213,0.9486466892218464,0.7308039346202206,0.9070424114215332,0.7104099089981188,0.5740219342627292,1.0
0.0,0.7107898501618855,0.7643746848366237,0.9056068484208416,0.4640908386893469,0.5364803819592041,0.9500966650555824,0.7444937504622443,0.9006595985613328,0.6949860362815032,0.5830675169226079,0.9333352229245216
0.0,0.6871470521798058,0.7625197790786704,0.9100337172738864,0.4655650855017738,0.5269666111717324,0.9407926534557756,0.7426891502107833,0.8947728562089696,0.6888081236410104,0.5807904778551318,0.9813017960893028
1.0,0.6656878247119946,0.7609896233610607,0.9123358479124272,0.4644288435449487,0.5365928824358139,0.8888351860802322,0.7303601804600252,0.8890208702303108,0.6853363033573627,0.5746729632740272,0.9100743337160808
1.0,0.6248776447556661,0.7581174609328494,0.9114789264663744,0.4649199309266981,0.5334594091902282,0.8442484291928468,0.7643221655203019,0.8822572588595003,0.6735033990550527,0.5524728126281357,0.9902909904868488
1.0,0.6296212634590768,0.7558235438180285,0.9103130662785268,0.4655069124525781,0.5308011761152553,0.8343402609956498,0.8203757118556321,0.8741773368154366,0.6324712416038769,0.5829905688356279,0.9531652580124736
1.0,0.6285671259694301,0.7530985689280196,0.9065374455900516,0.4655589486291465,0.5633484650708689,0.8244320927984533,0.7930404555876052,0.8665053140425802,0.6031238902059971,0.6206796875431759,0.8918802075145426
1.0,0.6842105263157894,0.7503327468706855,0.902312967414584,0.4697301937501963,0.5301674728847889,0.9214596423392944,0.7806301309074775,0.8616540041520422,0.595967828955443,0.604200032592397,0.9369595975475556
0.0,0.6985919734959718,0.7460123893793025,0.8952495848533529,0.4672631632832946,0.5507863872050759,0.9248429192846788,0.6876266548332226,0.8555755407754102,0.6021609191287939,0.5859200167891484,0.9704022569191108
0.0,0.713651080490927,0.7406787190894724,0.8857397813762258,0.4689188546957705,0.5177039433008671,0.9123972933784436,0.6708897270911915,0.8514465848677804,0.6144179052108758,0.622570703738807,0.9316357799503854
0.0,0.7267525035765379,0.7329704276068905,0.8705368489456887,0.4663722177337661,0.553557493810533,0.9136056065732238,0.5838769321795722,0.8461853456884032,0.6188271144012567,0.6123009738423506,0.6840799649788403
0.0,0.7619908139447329,0.7276387138290605,0.8634333663877736,0.47059084084367,0.5463728258982651,0.8815853069115513,0.5562088602913983,0.8442159964577078,0.6497263651555003,0.5921101929412425,0.5251228172576485
1.0,0.7375950606129057,0.7237394843338878,0.8586927737699891,0.4716806512719102,0.5394516882446801,0.8753020782986951,0.5484283706826418,0.8446077320928074,0.679297805871445,0.6341072507452844,0.5130113332360532
1.0,0.7482870265793237,0.7227932628572413,0.8625886855970308,0.4720608150311882,0.5617740998778136,0.9110681488641856,0.5671178167295315,0.8459205816643038,0.7065752197495309,0.6502409881771394,0.65491998638066
1.0,0.736766809728183,0.7202953655582034,0.8576392562268441,0.4714142934680482,0.5384846336366372,0.8876268728854518,0.5340803195029956,0.8447595283257596,0.7173942151001944,0.6717813023515972,0.5833211732088142
1.0,0.7431669302010392,0.7160103944919032,0.8480955583468991,0.4681963302134639,0.5877617260520115,0.8922184630256162,0.5745506989128029,0.8431337143024984,0.7434268879578344,0.6573904725117052,0.6496181720900832
0.0,0.814471801822152,0.7123983520586141,0.8394944052685133,0.4703679744962232,0.5477317096275323,0.970758820686322,0.7131499149471191,0.8405364801847419,0.774798004167746,0.7426625532006522,0.959628386594678
0.0,0.7679391612077404,0.7086325495707171,0.8375518313525022,0.4706307857611448,0.5887836711151517,0.9119139681005318,0.5955180829820281,0.8328772745362567,0.7568378501405033,0.6925557354826936,0.8860370296103192
1.0,0.7564189443565996,0.7055965729051676,0.8374867920415145,0.4735277818729207,0.5750521294143296,0.8976558724021266,0.6255380519192371,0.8304208940963862,0.7626891938005433,0.6811072320139945,0.9600628300247316
1.0,0.7412845418266696,0.7021993619593172,0.837447252533707,0.4730402855520783,0.5614217299429769,0.8490816819719671,0.5983433178019376,0.8260905752781096,0.7592585837042689,0.7017671872999766,0.8817749492971524
1.0,0.7328514419094947,0.6973794550424042,0.8281610268913067,0.4761349047761791,0.5642195271542186,0.8391735137747705,0.6128097034243032,0.822833058849679,0.7759377750307401,0.6728157387538778,0.9362141408287464
1.0,0.7625931782245312,0.6917292574704994,0.8148381463351774,0.4753399702107342,0.5750665293685931,0.8434026099565005,0.5701575327268694,0.8190197301552955,0.7847695360901157,0.6312405310887711,0.7672060753051562
1.0,0.7866877494164597,0.6854552589802669,0.8005681576204831,0.4781223500843498,0.5673098298517618,0.8367924528301888,0.5707196213297836,0.8161105788631888,0.7804093036528299,0.6320004920234938,0.7905848674008985
1.0,0.8031021760409609,0.6795756827598789,0.7881975383779513,0.4758432419121943,0.5628378853545475,0.8517217146872804,0.6213297833000516,0.8129332774717672,0.7790900962639051,0.6822286083862201,0.7314222098524905
1.0,0.8093517054438673,0.6744645788889707,0.7800987596632917,0.4770905965256537,0.5988942803589508,0.8318840579710145,0.6085644552917681,0.8094334309754299,0.7703770670617154,0.6713719465247588,0.6533736233151753
1.0,0.7950455537986598,0.6727166769135626,0.7798941699237867,0.4767741047803266,0.5689070794468575,0.8006504065040652,0.5488869166481769,0.8089868413648118,0.8059440346547709,0.6071071068235205,0.3633258618849397
1.0,0.7448987275054589,0.6716081184596359,0.7926489397954878,0.47031215046099295,0.5650438140124564,0.8021680216802168,0.4929738924635749,0.8108468727976899,0.8513247668957573,0.52829349904442,0.3682712491550128
1.0,0.7628190648294557,0.6708175141544999,0.8047711454178066,0.4682588676189317,0.6022052687456274,0.8095392953929541,0.5655129058501587,0.8130328089626107,0.9062476357432052,0.569397939384487,0.5095883587718352
1.0,0.7692191853023116,0.6682383201784277,0.8144351562525179,0.4690620257634615,0.5770253772038746,0.8044444444444445,0.6181051697359664,0.8117741825237106,0.9504725168740636,0.5930165694712118,0.6802220087522673
1.0,0.7279572321361343,0.6670238977387064,0.8201825704831103,0.4688793302801135,0.5772620059792516,0.7747425474254741,0.6554322905110566,0.8088814027625209,0.9609695721602602,0.5826900991314816,0.7125630571487787
0.0,0.7910548904449966,0.6669238471378811,0.8317108000702711,0.4733013693213684,0.0,0.8822764227642275,0.7017528289327717,0.8051359488162293,0.9653627082654632,0.5819447703814165,0.7861860908224834
0.0,0.8507642496799941,0.6651367864270659,0.8415711458795158,0.4775459737320219,0.6019657877909307,0.9834242093784079,0.7108128097034248,0.7992627639742649,0.9304957851268424,0.5901282507606921,0.7383639509020521
0.0,0.8443641292071378,0.6605054824808099,0.8433449416010341,0.4807654393128961,0.5498039244175037,0.9833369875027406,0.7999186450706313,0.7954739546740901,0.9389621822957824,0.6028244236154822,0.7998795798675384
0.0,0.8549807996385814,0.6564858582312971,0.8445072196203985,0.4825870533841997,0.0,0.9577943433457576,0.7876636343465724,0.7921003899311554,0.9563260911480138,0.5733965259571362,0.8835617845913568
0.0,0.8460959265115577,0.6509424983294345,0.8355230310059395,0.481026842964221,0.5800908234752231,0.9699627274720456,0.7625101693661709,0.7877437891863956,0.9969462185040529,0.5272149503642243,0.9148599494461678
0.0,0.860853851366614,0.6471224506713293,0.8276691762190367,0.4830363592393686,0.5360964502738154,0.9987365035607624,0.81213667628134,0.7799557882082382,1.0,0.5581244195644273,1.0
1.0,0.8173330321511934,0.6429497522358869,0.8207924781612517,0.4838031453966344,0.5424107509212337,0.950453593859037,0.8544782190666376,0.7714321997123585,0.981718252016592,0.583751933567645,0.8772865527138758
1.0,0.8010691965966419,0.6397833851742423,0.8181675468487352,0.4858896421610986,0.0,0.9409164922074904,0.8740551734339176,0.7670314138677989,0.9575960168657374,0.613947009105651,0.9504410212370052
1.0,0.8462465175815075,0.6359310460398444,0.8127124770928059,0.4860219635788697,0.4867676967923618,0.9926419060967064,0.7888617705790995,0.7616542934730803,0.9250367284863056,0.5573360206626112,0.9559843400447432
1.0,0.8405240569234245,0.6308413133425037,0.8011951657851692,0.4860406442840723,0.5672002093692297,0.9698668535388928,0.8516012129280381,0.756325821948107,0.9077656822167957,0.5330125410979605,0.95909768829232
1.0,0.8298320909570059,0.6262244216796837,0.7890357520464462,0.485626327288961,0.5575099364546324,0.9467947966717448,0.8640115376081652,0.7486278126108361,0.8637121442328562,0.5393669653842977,0.9592917362975756
1.0,0.8315638882614259,0.6213186824649122,0.7778251615437836,0.4860650406859535,0.5319042031297677,0.9375366225243172,0.8499223430219658,0.7412936716016005,0.8288301003609693,0.5829639819407041,0.9445706667668092
0.0,0.8612303290414878,0.617965368899958,0.7727158390623288,0.4851138143141213,0.0,0.958279620297668,0.8843354781451074,0.7349592284097948,0.7969430607377048,0.5448887782496776,0.9847683274228232
1.0,0.8459453354416084,0.6154379536602066,0.7723315578222483,0.4827342098970408,0.5628849123671312,0.969465648854962,0.7832260927446199,0.7272739503101866,0.7740954592870397,0.5310378322515632,0.8373561792821846
1.0,0.8291544311422332,0.6137285685323086,0.7723369882276337,0.4847693020854473,0.5359726255764299,0.9886198547215496,0.7847348568892836,0.7223695172356823,0.7802109998505571,0.5318526072391608,0.8328340552195239
1.0,0.8088246366990439,0.6090184428081962,0.7628162911982865,0.4835037078677526,0.5316912463507425,0.954721549636804,0.7957547518674658,0.7150142981080749,0.7745053560174604,0.5375803261028925,0.8116926482092777
0.0,0.8563361192681274,0.6040137788724036,0.7501642363286389,0.4844516823921938,0.0,0.977360774818402,0.9046372309740408,0.7071164467757621,0.7370156060807775,0.5643058236249588,0.9585948978228932
1.0,0.8606279647616897,0.5985953219387479,0.7370167606882903,0.4846903967495481,0.5903385807179978,0.9871670702179176,0.8748613268249394,0.6949194804357028,0.6741932421714039,0.5530704776593676,0.9824309721652952
1.0,0.846397108651457,0.594935946165595,0.7281992662504939,0.4840019332335037,0.5977767345172628,0.9704076620825148,0.8979809185711116,0.6823138580319159,0.5671689739667771,0.5646605876845664,0.993641640571298
1.0,0.8415028988780966,0.589601800206919,0.7127309180738662,0.4837151698670915,0.6318764211006662,0.9887826016687208,0.9845203757118558,0.6725138654778648,0.5167147170918793,0.6036185309034658,0.9712132279699844
1.0,0.8381145998042316,0.5838084359139848,0.6970167979533833,0.484942028646057,0.5391920413437137,0.9555813055233684,0.8161896309444565,0.6630622474172148,0.4696198548321775,0.5124633293131329,0.962203860305984
1.0,0.7843535878322416,0.5775974668221566,0.6840786327523832,0.4818729379394038,0.5123307322749864,0.9525094441446308,0.8031876340507358,0.6574659664555011,0.4727883923082806,0.5082963553221135,0.9848906208484638
1.0,0.7522023943980122,0.5738746079817545,0.6647169735740759,0.4801436334272682,0.5265316796530408,0.8754940711462453,0.7343317801937725,0.6495661192653437,0.4553438322773919,0.4808275601150728,0.8
1.0,0.7924855056095172,0.5716351754298952,0.6461810862408022,0.4834894180309579,0.0,0.9520421607378132,0.7708083721618224,0.6448676195969316,0.4396736675124479,0.5089784232221323,0.8900516913031652
1.0,0.8092011143739177,0.5696252611646908,0.6259851367120616,0.4845536509430154,0.5028895280238789,0.9926218708827408,0.8330227054211969,0.6352369636452586,0.4073283242858366,0.4950439065982821,0.9793597533327294
1.0,0.7772005120096377,0.5669411387428482,0.6206288698475069,0.4823517781143554,0.0,0.9349143610013176,0.9046963981954,0.6242545259812617,0.3546704965599685,0.5306200806673516,0.983891658114646
1.0,0.7852571342519388,0.5644171316531075,0.6187890284503307,0.4794093637438183,0.5699771452489112,0.9409749670619236,0.7578729383921305,0.6167622577097298,0.3296019351605704,0.4971696802356238,0.7811755509231684
0.0,0.7742639861456215,0.5615175905080736,0.6160471703327346,0.4820885930864157,0.5143233524150785,0.9737677757835156,0.6994674950077657,0.6170666911629206,0.3425946631016312,0.4532293035576046,0.786982578916021
1.0,0.7908290038400723,0.559314234174948,0.6143789803878169,0.4799684442479127,0.633403604327593,0.991854204059092,0.7362473189852822,0.6178857213472506,0.3424877869187598,0.4754140561893678,0.9670562835020842
1.0,0.7424139748512913,0.5570565156570813,0.6123430350559765,0.4797066421536195,0.6473041625243855,0.9159188181692672,0.5894904223060425,0.6132602937095553,0.2987735330689682,0.4468572987343766,0.9601777699551176
1.0,0.7276560499962352,0.5554683124651838,0.6129747521231643,0.4820013952430946,0.6689137927294592,0.8987988402595611,0.5890318763405075,0.6121686292351649,0.2928050813576341,0.4469243428916176,0.9050779510022272
1.0,0.7224606580829757,0.5535147526566913,0.6115665358572225,0.4816747416014776,0.6691690102955832,0.8867872428551706,0.5354929369129501,0.6111303390701976,0.3036599262867288,0.4185667279781891,0.9300445434298444
1.0,0.7147805135155487,0.5505103168770509,0.6107335038970074,0.4811384603407234,0.0,0.8710479083252801,0.4436358257525331,0.6103766447847874,0.3287090374246249,0.4258950706479193,0.8232770883942837
1.0,0.7600331300353891,0.5480730357384092,0.6094017404718695,0.4819165310716058,0.6417119998694798,0.9280684799116392,0.4760150876414465,0.6090479232256021,0.3047205125114624,0.4406289133486939,0.8384339136544614
0.0,0.7561177622167006,0.5463431004164951,0.613175536328793,0.4811042079793865,0.724088768478184,0.9349716968107141,0.5112417720582796,0.6039779595566563,0.24493082083815004,0.457308940901581,0.7979168621563288
0.0,0.7252465928770424,0.5453782719556737,0.6130188578557847,0.481346196687811,0.7155770921203317,0.9103962446500072,0.5054359884623918,0.5975368616077403,0.16353532178382027,0.4545951107433999,0.749160176409871
0.0,0.7307431669302009,0.5438383998057044,0.6123443618872499,0.4818335493703846,0.6924139935952752,0.9210271986745824,0.4855927815989942,0.5944928160487617,0.1391766879082536,0.44483597019264093,0.6173594820305899
0.0,0.7096604171372638,0.5404746564035536,0.5993422970512207,0.4804624639362359,0.6884240990983573,0.8733950020709652,0.3702906589749277,0.5936033513222354,0.1428485156942838,0.4445954196707744,0.5833911982734351
1.0,0.7224606580829757,0.5359848358406294,0.5841250591748707,0.482044527751785,0.6850646471149219,0.8713240370012426,0.3334368759707121,0.5971903389877982,0.1855177773398051,0.4247663594191852,0.4812799099183637
1.0,0.6759280174685641,0.5306436850824181,0.5649253648409148,0.4793812376380495,0.7037377161474098,0.7496308229292525,0.09010428222764556,0.5991816563492591,0.18823969347952152,0.3530415974934084,0.14768271219933976
1.0,0.7387244936375273,0.5283394251594091,0.5643291706657574,0.4822661969146905,0.712673240158529,0.8327728918779103,0.2834109903113675,0.6071203277230974,0.2265357764330248,0.3919198943865884,0.401064709380757
1.0,0.7086062796476169,0.5279708265626181,0.5722706948066915,0.4814637552716636,0.7126653772795766,0.8319968960165548,0.3134235633459063,0.6067192613698198,0.2293892681090463,0.4086907176547804,0.3682530933143797
1.0,0.6890294405541751,0.5302198703029406,0.5894651983832107,0.4824153921663818,0.7058096198678043,0.8304449042938441,0.267176983950891,0.6065614444501006,0.24945968211772346,0.4359746232685392,0.3365729122847736
1.0,0.6543181989308033,0.5342864120374131,0.6061107917098854,0.4818078563131412,0.6643828441698474,0.8166063114330061,0.3460468900229274,0.6086492484621975,0.2633254843543303,0.4306056966362977,0.3370515963387923
1.0,0.5571869588133423,0.5374785752847915,0.6171832045460723,0.4748432699357523,0.6315618252501545,0.7560786342472842,0.31884476000295825,0.6086633298410613,0.2319569387681427,0.4650454058630686,0.2864561423867476
1.0,0.4699947293125517,0.5400744061550469,0.6263735758566623,0.470851760081452,0.6651784027754732,0.6086394205897571,0.23359218992678046,0.6121933629080699,0.23141064220387844,0.4021409561916625,0.002117313785903468
1.0,0.4799337399292222,0.5395774372722011,0.6263926742162763,0.4716175969938522,0.6854478492587763,0.6412312467666841,0.28338140670068784,0.6220990870305123,0.230466103257186,0.4243841225639508,0.02091396975117926
1.0,0.5410737143287403,0.5388952829357643,0.6272982104655505,0.4738451832621738,0.7254066180176736,0.7334454216244182,0.3807410694475261,0.6319376923965894,0.25702330183140554,0.4294914113646137,0.08375625572707363
1.0,0.5673518560349371,0.5365718512996838,0.6208461346941075,0.4763122681168628,0.7136915189400591,0.7803931712364203,0.3949633902817839,0.6416987176336735,0.2747716734936171,0.4372514644957389,0.046088991084755136
0.0,0.5787214818161284,0.5335127968798581,0.6102353180589829,0.4738195492397909,0.7273146028616497,0.7806518365235388,0.3688558538569631,0.6517141989117088,0.327495680114992,0.4269861141844147,0.12978102189780946
0.0,0.5800015059106993,0.5293832978663411,0.5972346949660087,0.4744189838550906,0.7038857149851713,0.7554319710294879,0.3349530360180457,0.6566438094747775,0.3370472867308489,0.4560946712659299,0.0581995133819942
0.0,0.6598900685189368,0.5248354082583486,0.5846732973195174,0.4784733585149389,0.7363946478525831,0.8623900672529748,0.4831373419125807,0.6608862865866267,0.3300213485399396,0.4905655001739478,0.25577517288734153
0.0,0.700173179730442,0.5209344095176502,0.5779673021894379,0.47893676111379,0.7620939989727182,0.8962752198654943,0.539997041638932,0.6613114919002092,0.32017349182169696,0.5226190050732307,0.4588013144342538
0.0,0.7002484752654168,0.5172477885980042,0.5734679331207908,0.47861910454754,0.7380597187743929,0.907527159855148,0.569255232601139,0.6630380124654864,0.3425288043185037,0.4888779390122708,0.4823924665260678
0.0,0.6906106467886454,0.5151193021818123,0.5748529813592617,0.4782835161558779,0.7181914907332052,0.8741593378168651,0.4277864063308928,0.6654700038201964,0.3883621069149139,0.4624812165557535,0.3547746333807445
0.0,0.657480611399744,0.5122897755890257,0.5708017684357155,0.4789168069201871,0.7532647536606667,0.8319968960165548,0.3530064344353228,0.67110889989593,0.43159646236747257,0.4772682396788946,0.3103143852077098
1.0,0.6718620585799262,0.5122164996467222,0.5750121449860376,0.4767078930109293,0.7554378553053752,0.8416968442834974,0.3130315805044004,0.6746222955638121,0.436514948647556,0.504931092296189,0.20388444749619852
0.0,0.6942248324674347,0.5105970370604938,0.5722791705497884,0.4770699342140429,0.0,0.9412829798241076,0.4712817099326974,0.6779826890573066,0.4167120884964091,0.5348319248785527,0.5418117612438078
1.0,0.6885023718093517,0.508913950732423,0.5706988647584521,0.4773332602981992,0.7694391552571395,0.901060527677186,0.5070408993417647,0.6764591599476497,0.3672679921608518,0.553765614095265,0.5305802148217177
0.0,0.710262781417062,0.5059788410295474,0.5590708257438742,0.4755649471140182,0.7474878447031044,0.9988970081345652,0.6209082168478667,0.6767320548084619,0.3474003537593604,0.6163593494635969,0.9431065770758748
0.0,0.6715608764400269,0.5041734916053027,0.5537601092408236,0.4757508379481402,0.5980465570294303,0.966765244331784,0.5309740403816287,0.6699100889604503,0.2785585727787563,0.6161541998903295,0.8336486523539258
1.0,0.5244334010993149,0.5025317197665364,0.5487600575384263,0.4661854871521971,0.5642811089165718,0.8086449732880041,0.5677316766511352,0.6641091528804881,0.21580529297304074,0.636159786685982,0.6603602862548338
1.0,0.5309088171071457,0.5019154546520364,0.5497573003073452,0.4631361654520061,0.5592250287143838,0.8172251902217905,0.6595222246875232,0.6578827351003679,0.14419606073331115,0.6363497960098807,0.7719283814537592
1.0,0.4721782998268203,0.4998165396973824,0.5466905472428629,0.4610524859570049,0.5554051643879635,0.7026064432572448,0.6368685748095555,0.6521540232102141,0.0967627269950655,0.6272346175281759,0.4805077311108677
1.0,0.5026729914916044,0.4983830962184226,0.544897792002243,0.4608868473536424,0.5369755092921419,0.7265662943176298,0.5993861400783964,0.6524884324603881,0.0877539611519384,0.6034555589794611,0.5586429193233423
1.0,0.4645734507943677,0.4959302330159561,0.5395923185028341,0.4608500747837661,0.5202685104342667,0.6461065242026872,0.4684342874047779,0.6522092833787636,0.07750306870218943,0.5826656712083741,0.3793614568383416
1.0,0.4587756946013101,0.4943424353313022,0.5364540752382735,0.4605198635988081,0.5508492184206121,0.6111380929253682,0.5679535537312329,0.6577297671660916,0.10495978766129266,0.584011860980483,0.4123473637155032
1.0,0.4213538137188465,0.4934303565631222,0.5357605340154019,0.4567215972561992,0.532755615960243,0.5093087259187308,0.3734708971229935,0.6607320120240441,0.10412336289834184,0.5464276266869319,0.29576735759828743
1.0,0.39033205330923865,0.4937637921094818,0.5412800567840197,0.4567059587892369,0.5439504545448779,0.4649506232799093,0.3964055913024183,0.6683663353416059,0.1347987441294703,0.5050873379371815,0.3611509775780535
1.0,0.4625404713500488,0.4951966027335555,0.5506613605352985,0.464897510950026,0.5458751735539326,0.6294317629917434,0.5242807484653502,0.6725011287138489,0.1362694312692771,0.5129859314336837,0.7154083241182984
0.0,0.4711241623371734,0.4945989921249934,0.5529383793175721,0.4657112091308971,0.5460903062510261,0.6610004856726568,0.515723689076252,0.6729056280213173,0.1385946334173953,0.5087659398299347,0.7540408912312082
1.0,0.4560650553422181,0.4938033302479721,0.551930702906418,0.464471371182667,0.5488164378841531,0.5996438400518048,0.3602026477331555,0.6731176964178556,0.13928591175342284,0.4820840402208539,0.4793308707620642
0.0,0.4730818462465175,0.4930938535099974,0.5481347038919846,0.4663734946880005,0.5458788076819484,0.6428687064918245,0.3624731898528216,0.6755633605875444,0.1490153282671242,0.4831373803774273,0.4774311090867688
0.0,0.4550109178525713,0.4927896810788888,0.5507598990991315,0.4680862983373293,0.5549140722329926,0.6111380929253682,0.4305672657347829,0.6772902507835981,0.13476436148106047,0.5188992294050627,0.409246185379185
0.0,0.5093742941043596,0.493345318082453,0.5575073427835859,0.4706266209635542,0.5565180362150958,0.7217095677513357,0.5023223134383551,0.6784221070993364,0.11108832905872773,0.5519389104124685,0.7263493509451144
0.0,0.5389654393494466,0.4929331638714811,0.5615743257248109,0.4733425069140871,0.5567780490967095,0.8198154443904809,0.6270468160639004,0.6774364337762253,0.09137381834122517,0.5630699853285388,0.9153268048280568
0.0,0.5312099992470447,0.4922239844923149,0.563195602461173,0.4727611555736064,0.5482200226397815,0.7914845394204307,0.6114488573330377,0.6747298351534898,0.07386872241973974,0.5543604067316535,0.9395809610567064
1.0,0.4624651758150741,0.4906400054953837,0.5640719095588473,0.4655376579857801,0.5288925078254976,0.6415735794074792,0.4367206567561568,0.6729348043928223,0.06503604856889439,0.5234290990187134,0.7661125028467315
1.0,0.428883367216324,0.4901509854218797,0.5683044671118069,0.4618281275446051,0.5451822307907858,0.5661324267443741,0.3859034095111308,0.6745607266558578,0.06895431501044152,0.5498057387515051,0.6126564222265446
1.0,0.4449966117009262,0.4906818288793331,0.5737557976312023,0.463748762915307,0.5424401165532092,0.6069289299012466,0.3576288736040233,0.6764620391574674,0.06804198004250689,0.5388785840046598,0.5945325292543635
1.0,0.4714253444770724,0.4897781818086602,0.5720556756282509,0.46658939366060703,0.5274802029961836,0.688683827100534,0.3421492493158791,0.6792108628774765,0.0695620352553436,0.5336975679219442,0.5822934928328343
1.0,0.458850990136285,0.487631791201208,0.5640675113614038,0.4658479437416662,0.5406584258385412,0.6098429658410233,0.1942755713334809,0.6795819826548826,0.04404451510131169,0.5153297546706406,0.35770954409412725
1.0,0.4345305323394323,0.4848287096618316,0.5535393095628305,0.4633765989372027,0.5550405904780331,0.5288975230694514,0.14586938835884894,0.6836360316441865,0.030404343469022318,0.4796945850023571,0.2106329188781623
1.0,0.4004216549958588,0.48318133365560295,0.5448689813604463,0.4593442305125676,0.5609952185362108,0.4435810263882144,0.07951334960431877,0.6896142810268633,0.02769496526390114,0.4851058356052829,0.09836669170385423
1.0,0.3938709434530532,0.4835196924320242,0.5467716733939564,0.4587205614852679,0.5555263712778413,0.4095839404241543,0.1177723541158201,0.6990530845236662,0.04412824712316349,0.5000298656309519,0.10256126482213493
1.0,0.4171372637602591,0.4828164152870216,0.5471215888872373,0.4614194992063828,0.5571418251039888,0.493605310021046,0.20804674210487376,0.7070320535490724,0.058842388134596864,0.4865803075399328,0.2091458972230224
1.0,0.4157066485957383,0.4818182193542269,0.5530676138627909,0.4618977347868322,0.5370256780429089,0.4332200097134532,0.1326529102877001,0.7123609279533556,0.06260305017628638,0.4070222563412821,0.004913505362498248
0.0,0.4744371658760636,0.4797756834646496,0.5527849782206623,0.4661038180658418,0.5358966220337404,0.5412012303707302,0.2762443606242145,0.7233778029388434,0.10807448034652156,0.4778783118057048,0.2316228601960505
0.0,0.4884421353813719,0.4789491964651949,0.5586127512127739,0.4643299447786358,0.532580990166614,0.5564189736117856,0.2562162561940682,0.7278127812147093,0.13237383638474026,0.5229170226109794,0.19765116378026487
0.0,0.4696935471726527,0.4800457459328877,0.5672409198849795,0.4656921927874648,0.5304290995344294,0.5237170147320707,0.24794024110642696,0.7328316256930241,0.15962395044063155,0.5120366383760219,0.1501425471256546
0.0,0.4629922445598976,0.4816467346333118,0.5743186031943649,0.4638742659799564,0.5499892960647106,0.567913226485349,0.2575918940906732,0.7378498851603803,0.17951635966517626,0.5179455333924333,0.20969320454448734
0.0,0.5147955726225435,0.4833861721787609,0.5884770697855946,0.466730582768487,0.53073245132719,0.6783228104257729,0.3676059463057468,0.7427148199074136,0.1972747064545175,0.5455509299659576,0.4086634611293145
0.0,0.4829455613282132,0.4836660795018453,0.5972711372649189,0.4664122580346636,0.5471498998021033,0.6287841994495711,0.3688188743436137,0.7436480395288441,0.19272739031889652,0.546367061078349,0.41470575720182135
1.0,0.419170243204578,0.4843067287357814,0.6116249989519162,0.4620061603997177,0.5407543662819951,0.5123846527440505,0.3031210709267064,0.7465785661720616,0.2036353209091082,0.4638705909103169,0.15512105867835474
0.0,0.4269256833069799,0.4843225525098041,0.6097820242010784,0.4630084255575497,0.5596685265164908,0.5335923587502024,0.2888469787737593,0.7539551969366722,0.23071288730011086,0.4565867321631771,0.24494702353091385
1.0,0.4115653941721256,0.4839262848856381,0.6081689835016045,0.4613506209813436,0.5454397377357677,0.4759592034968431,0.23263072257969056,0.7604614165653432,0.24653115843257886,0.35858006335178344,0.06269945959746448
1.0,0.4043370228145471,0.4842624583789173,0.608668403845941,0.4640289092420516,0.5324025716457736,0.4686741136474016,0.2973300791361587,0.7702871192963292,0.2781124714429196,0.3915987541857184,0.0010019060651968491
1.0,0.4487613884496648,0.4852582217122397,0.6134986876102614,0.4696796744639833,0.5513306470562739,0.5879876962926985,0.3935581687744992,0.7800570717879289,0.3065640262064282,0.4661115786159439,0.08976798653297308
0.0,0.4547097357126721,0.4860862724658866,0.6154370383437058,0.4667401121343882,0.5618828743964365,0.6001295127084343,0.3980400857924709,0.7857062505732109,0.3199551031093827,0.4704673719159299,0.14751518700139055
0.0,0.501844740606882,0.4860856253402999,0.6136604197194375,0.4725148448341362,0.5632092607306094,0.7223571312935081,0.4495969233044893,0.7911544321218527,0.3256333264497091,0.4763968707627438,0.16492364645996996
0.0,0.5030494691664783,0.4863953597604145,0.6160720787899738,0.4727435285268734,0.5700422328025389,0.7189574226971019,0.4836032837807851,0.7959143894084619,0.3329209648503891,0.5152819365741238,0.3238399634724033
0.0,0.5330170920864392,0.4856117324453939,0.6183821534221733,0.4759681539317333,0.5712175126750424,0.8144730451675569,0.504171289105836,0.8000429777897291,0.3529764154282741,0.5415338597789385,0.8206152616859803
0.0,0.5221745350500715,0.4844431636307274,0.6189747387927343,0.4751180590458298,0.5615993248311966,0.7697911607576493,0.4484579542933215,0.8016037042470456,0.3731569676592758,0.5229035089995381,0.639603457041182
0.0,0.5470973571267224,0.482922457903779,0.6188772328599929,0.4746144430821701,0.5876141997457899,0.8178727537639631,0.4399822498335921,0.8029643286162005,0.39032412377132375,0.5142162597276443,0.6527116587323821
0.0,0.5428055116331599,0.4820972079711128,0.6192245756031381,0.4738321237290104,0.5916386116342361,0.8196535535049375,0.4471858590340949,0.8036361725132659,0.40826230418491705,0.4732167932418301,0.5805652981225484
0.0,0.5363300956253294,0.4804994966511917,0.6187733960502737,0.4764898051497644,0.5841613106619366,0.8194916626193944,0.40378670216699897,0.8035642111333974,0.4150055442827158,0.4733887483111862,0.4633578906552918
1.0,0.5415254875385889,0.4772978760057221,0.6123155192944213,0.477663739138844,0.5837413902130745,0.7958555933300954,0.40137563789660535,0.8043944744765399,0.4286945768442677,0.4688739686703083,0.3711059619699159
0.0,0.5596717114675099,0.4734270254023834,0.6064962307401642,0.4806046001809179,0.5769926256120727,0.784199449570989,0.4241624140226312,0.8046693482899205,0.4180565040748844,0.4450857736165639,0.441943433005994
1.0,0.5492809276409909,0.4705011232499936,0.5993019311308057,0.4797375429767057,0.580679922394436,0.7471264367816092,0.4717920272169219,0.8035573844149557,0.3914242158695857,0.4550797347940324,0.5296995108315873
1.0,0.5271440403584067,0.4693692184194342,0.5969919997687604,0.4809582504148045,0.5856109037480187,0.7006637526307267,0.5101397825604612,0.8015502136140908,0.35690453632757124,0.5004929661995705,0.4887270587369891
1.0,0.5439349446577817,0.4685674593638656,0.5933700516684929,0.4829103004594433,0.5819988006138511,0.7497166909502994,0.5242437689520008,0.7999671354831479,0.34123017973106234,0.4659582807898837,0.5436757512229227
1.0,0.5407725321888411,0.46798953641422497,0.5973667397053901,0.4827296578989925,0.5895963471131563,0.7335276023959849,0.4966940315065456,0.7981636951817346,0.330255273536477,0.4344580585958861,0.34054213100886405
1.0,0.5552292749039982,0.4656288777151252,0.5974365755609105,0.4842383756579344,0.5629220663003527,0.7824186498300146,0.5265069151689962,0.7982626744678525,0.327896653067966,0.4180285306195371,0.3449556806061269
0.0,0.5900158120623447,0.4633387816492816,0.5979126775037363,0.4856718647302256,0.6095973122380439,0.7994171928120444,0.5035500332815626,0.7985693172610533,0.31629749371515625,0.3927648396001675,0.22292103424179086
0.0,0.6371508169565543,0.4611011011950281,0.5960092512434728,0.49168873152272297,0.5717346027541055,0.9020560142463978,0.5465572073071521,0.8005561291185004,0.31354306434426144,0.446397826739767,0.44918901026150265
0.0,0.6218658233566748,0.4613040203162595,0.6047850267779821,0.4928955676093987,0.5848477922049363,0.8934757973126111,0.5513497522372605,0.8013824621988709,0.311485648706106,0.4521452329209159,0.4136967155835093
0.0,0.5794744371658761,0.4597016006489183,0.604337669212532,0.4902898534551591,0.6124100608437115,0.8557552209810588,0.4711411877819681,0.8023875939312384,0.3167689551781479,0.4000426217168635,0.2086873367906128
0.0,0.5963406370002259,0.4578449378153446,0.6039455525329612,0.4935844716611632,0.6136303013902529,0.8224056985591711,0.496339028178389,0.8062041575408878,0.34146150897400834,0.3817656217217463,0.2592503700147988
1.0,0.5740531586476921,0.4534327736346804,0.5920998218378425,0.4946495666120544,0.6157655064518647,0.7820948680589281,0.4954958952740184,0.8093195115488994,0.3603922022179286,0.3807719150344308,0.2981319252770103
1.0,0.6061290565469468,0.4504733260244061,0.5870874295454458,0.495667353928252,0.6181970447548585,0.8026550105229078,0.4377856667406255,0.8130807897864307,0.3942148647326886,0.3623563449228701,0.22924916996679684
1.0,0.6123785859498532,0.4484601674023918,0.5827180336850348,0.4967993963320511,0.5973566933959762,0.7960174842156388,0.41831225501072383,0.8177727833121868,0.42672614179965707,0.3449493497982661,0.29329173166926586
1.0,0.5722460658082976,0.4476892962943666,0.5823016577260005,0.4943983306491289,0.0,0.7586206896551725,0.4642556023962722,0.8212837960370023,0.4561993221669629,0.34380527140619177,0.5302212088483514
0.0,0.681650478126647,0.4474869582322196,0.5831850746783147,0.5041791340681627,0.6513383902742169,0.9930386919216448,0.5141705495155686,0.8218279672484661,0.4571392692755509,0.3548517896149413,0.7596703868154726
0.0,0.6677960996912882,0.44515577756579705,0.5842862292587124,0.5029175742256361,0.0,0.9789943764472376,0.5518674654241554,0.8201451564266597,0.4623768642326964,0.3520952432004719,0.8616744669786793
0.0,0.6595135908440629,0.4428650435588559,0.5877960694171059,0.5055686341388845,0.5452951567745661,0.966920277869666,0.5553657273870277,0.8168237758929053,0.4665618538087319,0.35628067207359576,0.8261130445217798
0.0,0.6612453881484828,0.44039325100515536,0.5947088911324893,0.5058470107548814,0.5694972711990952,0.9864933310822216,0.6124916796094964,0.8140710806318958,0.4642222065052735,0.3756436044857636,0.9760390415616632
0.0,0.6560499962352232,0.4391921307846849,0.6036594471752046,0.5056495458483254,0.6614125247242013,0.9834110938310004,0.5955106870793581,0.809379662911063,0.4504210013129185,0.4131256760448577,0.9684469103384024
1.0,0.625856486710338,0.4375928224264203,0.6081051653302989,0.5040432568260695,0.4909756294450024,0.9805047867711052,0.6033799275201539,0.8066195166905656,0.4434641390284444,0.4221869298314393,0.9542457805907181
1.0,0.631277765228522,0.4368789217380436,0.6102176948425162,0.5051194443213263,0.581571956368434,0.987200979218222,0.5223060424524816,0.8045225682166066,0.4551991194161914,0.3647479549838247,0.8311132031066125
1.0,0.5826368496348167,0.4345012471702328,0.6038930593992994,0.5029509842643709,0.44057856466091216,0.9595805529075307,0.4361733599585832,0.8041030566540182,0.4591830713819946,0.30778252103981546,0.4880333433592581
1.0,0.5903922897372185,0.4341369138887741,0.6054779764056379,0.5003266619214944,0.42608507701024706,0.9683508102955192,0.4394645366466978,0.8040980660342558,0.4586174529046753,0.3123352268650258,0.4702874575688567
1.0,0.5629094194714253,0.43266716380273706,0.6105456499647297,0.4996723974678962,0.5863706388126995,0.946806482364156,0.4662007247984615,0.8037635221801421,0.43160647482990655,0.3480996855989113,0.3930305504232352
1.0,0.5602740757473081,0.4314507047036384,0.6188542329306564,0.4998138379400496,0.6101069137800832,0.9809699201964394,0.4189187190296578,0.8039510722011819,0.4146562299506157,0.3353653340461253,0.22498173849525105
1.0,0.5568104811384684,0.4288436978215173,0.6137840538720033,0.4994871504921147,0.5214318354606415,0.997469422184732,0.4190962206937351,0.8069160170824401,0.4051446529362667,0.33556114245260377,0.2157865337515552
1.0,0.5448384910774792,0.427050384711992,0.5971505613848043,0.4984478388245499,0.5805163328416565,0.9480381760339344,0.4089712299386137,0.8102691111975981,0.41522808501241787,0.32656491296045315,0.2194675613263032
1.0,0.5347488893908591,0.42531154169290497,0.581642167911424,0.5007707307642819,0.5512712088068628,0.9300106044538704,0.3752089342504252,0.8136144273625279,0.42374598181657774,0.333613270703019,0.14918739924186594
1.0,0.5244334010993148,0.42398381063015145,0.5725819952658227,0.4997013059216238,0.4645696533136746,0.9417693169092948,0.4274831743214261,0.817113532788903,0.4345018228395969,0.34460601678721986,0.1728459530026113
1.0,0.5233039680746931,0.42270838530421706,0.5732910551129626,0.4996170161948108,0.5216067294039872,0.9348264277715566,0.45362769025959604,0.8186720705724595,0.4309775681242387,0.3817924520252608,0.14905715114592213
1.0,0.5212709886303741,0.4219994625868868,0.5738887466003965,0.4992128241577189,0.510982244238125,0.936618141097424,0.4542933214998886,0.8208956648699497,0.44176834746842697,0.3826158143710866,0.21206846533216936
1.0,0.5097507717792334,0.420690733357445,0.5730961695148233,0.5011533292182679,0.5371424394216452,0.9222844344904816,0.4907773093706089,0.8221380357599499,0.4454895353253029,0.4239514924529144,0.5648970118944008
1.0,0.5100519539191325,0.4195858372185712,0.5714462778629965,0.5016353861250455,0.5053512671627011,0.8882418812989921,0.5928629539235264,0.8221063027998896,0.4525274632324541,0.501419316236916,0.8105599071656528
1.0,0.4875385889616746,0.4166872256720791,0.561023431873554,0.5022958389383673,0.5212741953987821,0.8376259798432251,0.5521780933362915,0.8196633995315259,0.4408607903388944,0.4974744025887039,0.7937917029300837
1.0,0.5053836307506966,0.4141925293557984,0.5558488172692825,0.5055258517785471,0.526632307085662,0.8107502799552074,0.5553731232896971,0.8184487143059436,0.4411588836107944,0.500836346638715,0.7350159559036831
1.0,0.4946916647842783,0.41088279298857855,0.5509107507913024,0.5044882538955131,0.5254568771566653,0.7572228443449047,0.5597662894756306,0.8157602221952359,0.4155923287077376,0.5055602558838033,0.5872352770525062
1.0,0.5167532565318878,0.40861088504317405,0.5469818438726095,0.504144517706353,0.5615750576892173,0.7935050391937292,0.5875231121958433,0.8127894174190728,0.3857551160769634,0.5323974412425987,0.561895901173308
1.0,0.4946163692493034,0.4071682404307755,0.5424346971901441,0.5017978835982078,0.5628387279053848,0.6949608062709965,0.6130167886990607,0.8113247407327995,0.3706127415240131,0.5555725382932883,0.4763446738719057
1.0,0.4669829079135607,0.4059645060588606,0.5349342788450767,0.5012934786874537,0.5628622617741806,0.6421052631578948,0.5809185711116045,0.8111684917471462,0.3739038591770113,0.5177891666441906,0.5568948525509826
1.0,0.4767713274602816,0.4061651091783871,0.5349014677860793,0.5029791483425757,0.5187870602412716,0.6394176931690931,0.5913541897788626,0.8119659644722035,0.3959203718070109,0.5267296669046139,0.5385508592661399
0.0,0.5157744145772156,0.4055755567908919,0.5354458204183684,0.5081094235292071,0.5435779181800681,0.7927631578947372,0.6555062495377559,0.8121026546529873,0.4027333584612624,0.5468294496018218,0.7677327317364468
0.0,0.5489797455010917,0.4061806540485165,0.5454796252799287,0.5092666760093035,0.5202371498146151,0.8774122807017543,0.7221359366910732,0.8116835291506219,0.41638731045686944,0.5728746847658671,0.9625354717342092
0.0,0.5246592877042391,0.4056445116136989,0.5539091175066254,0.5086444022375347,0.5255971574325864,0.8611842105263157,0.6527253901338657,0.8089322623812851,0.4019055866093637,0.5299784536422018,0.936342740390756
0.0,0.5082448610797379,0.4070340215202528,0.5690467549568786,0.5068021552607295,0.5127270479805601,0.800657894736842,0.6289919384660894,0.8088763718255416,0.4154565951717813,0.5132372201411136,0.7635359468777942
0.0,0.5017694450719071,0.4080169971855274,0.5790990897357103,0.5045797118062461,0.5067615429919314,0.8666666666666665,0.5679905332445825,0.8095884817363264,0.4234362127203923,0.448882628717924,0.8468003207698469
0.0,0.4815149461636926,0.4088548382679436,0.5848053447195831,0.5053071513803532,0.5217632960641188,0.8317982456140354,0.5422453960505883,0.8107845673349738,0.44730108117252615,0.4774384735701002,0.8391659983961526
1.0,0.4901739326857917,0.4079294259118072,0.5818334599331293,0.5028801049641952,0.5174512662518707,0.8460526315789472,0.5250942977590414,0.8101363831165305,0.4541613958460722,0.463470463451444,0.8938893344025663
1.0,0.4961975754837738,0.4050965330543177,0.5736252133363514,0.5000843449137528,0.5168515729959626,0.8506578947368421,0.5570667850011096,0.8089480071570665,0.4625132203178896,0.4377837745400008,0.9885805934242198
0.0,0.5211203975604246,0.4029807454651597,0.5737534817232507,0.5003963599860431,0.5307679413773272,0.8508771929824559,0.5171067228755267,0.8059459770400849,0.44988185644472706,0.4573438754933868,0.9879829787234052
1.0,0.5091484074994352,0.4003083791647997,0.5715057954699395,0.5020255880948571,0.5399096467955411,0.8438596491228069,0.4777531247688784,0.8038036435715796,0.4390440849504645,0.4764733441695743,0.8688286040952096
0.0,0.5370077554401023,0.39899991933049184,0.5754414386825516,0.50250179046976,0.5256027362437068,0.8850877192982454,0.4771392648472751,0.8018158843896468,0.4265008182352218,0.4760745349662101,0.8746393827574644
0.0,0.5571116632783677,0.39713260182854815,0.5762334474466853,0.5015933939584347,0.539647651321264,0.9410087719298246,0.5079358035648252,0.7992134084993321,0.41186847672958377,0.4503510058847551,0.8496207746808571
1.0,0.511934342293502,0.3958820110008794,0.58109827086454,0.4996779337245582,0.5391099706293085,0.8162280701754386,0.4316248798165821,0.7952650974352424,0.3949723100835635,0.4333092114604871,0.5509535253909306
1.0,0.4925833898049844,0.394513857673622,0.5813949207016214,0.5009337245501806,0.5551703533178101,0.7618421052631575,0.486184453812588,0.7949393120990325,0.3808819569854848,0.4301600357592675,0.7136302631168266
1.0,0.5022212182817558,0.393441583096527,0.5838592353608156,0.5025524545878833,0.5608159893284387,0.7609649122807016,0.4802159603579621,0.7925409415950115,0.3707135384536818,0.4245197978619861,0.6685289803052538
1.0,0.4949175513892026,0.39436429067250667,0.5915994556640733,0.5050322482762112,0.5708805272739316,0.7617030290192756,0.4528880999926039,0.7916518424649809,0.3755388206725044,0.4470186759256587,0.5704922126158729
1.0,0.4404788796024395,0.3957231256100264,0.6009532597417615,0.4997242782782926,0.5680282621743618,0.7117136199957634,0.3742030914873162,0.79151985344924,0.3955684713017456,0.42055669003689616,0.4108430350510315
1.0,0.4230856110232663,0.3970917662895923,0.6058310943415774,0.4974870395606387,0.5680918040861173,0.6555814446091928,0.3357296057983876,0.7930255692102439,0.4188558947793716,0.36491144540097337,0.17915665282936571
1.0,0.4257962502823583,0.3966762600841411,0.6081423938270395,0.4978562568275269,0.5696077789100145,0.6665960601567466,0.3907107462465794,0.7959520234538578,0.44645191603269707,0.3714298535283893,0.3384000749087049
1.0,0.40057224606580827,0.3970138247665704,0.6129736158077893,0.4980477288635881,0.5756250983258526,0.6000847278119043,0.3865542489460833,0.7963787981600698,0.458311061512099,0.36428589619359053,0.2251006585723644
1.0,0.3798659739477449,0.396276218614835,0.6142402416514661,0.4984260997961512,0.5723276183896941,0.5744545647108662,0.4330670808372159,0.7989088496502197,0.4761928504515405,0.423119805261216,0.1699803364649333
1.0,0.3852872524659288,0.3949073837464463,0.6097995814758418,0.4996955723964625,0.5678209119276321,0.5280660876932852,0.393358479402411,0.8022122591186684,0.4935205871539475,0.4269099103573339,0.003162992982109439
1.0,0.4276033431217528,0.3927323195656762,0.6015553031782257,0.5026209772836324,0.5678368942465258,0.6149120948951491,0.4745285112047925,0.8091351436179293,0.5301363455361616,0.4597358682252621,0.2255489021956108
1.0,0.4243656351178375,0.3917686290118618,0.5944184637506379,0.5023255204073118,0.5644126429758223,0.5916119466214784,0.4394571407440284,0.8130933388583157,0.5550162059235522,0.4692981567631591,0.1469917308240684
0.0,0.4440177697462541,0.3917263682409835,0.5908184030601448,0.5051436176206509,0.5582737896970057,0.6613005719127304,0.5238074106944753,0.8188306172027155,0.5973733045683387,0.5181520429269354,0.31074449201211
0.0,0.4533544160831263,0.3912879988809299,0.5875858798911717,0.5064166926113549,0.5398920631403941,0.6983689896208432,0.5468826270246283,0.8203688314865631,0.620486476736959,0.5524997883970199,0.4800563850892756
0.0,0.4797078533242979,0.3900312269317981,0.5851176313607431,0.5067931337393436,0.5380684174254636,0.749629315822919,0.5931218105169739,0.8209299664414895,0.6383130855070827,0.575322665343606,0.7239486416077403
0.0,0.497477599578345,0.3888191997974508,0.5819004921034786,0.5058653344650871,0.5411006554907243,0.7788604109298878,0.5874491531691446,0.8197008169955609,0.6292743605525243,0.5687548346271672,0.6601693338295489
0.0,0.5013929673970333,0.3872482766451464,0.577887503555256,0.5060738361578896,0.5565859540337752,0.8121160771023086,0.6267287922490941,0.8199857129247663,0.6259101496661064,0.5907244695526984,0.8279214737625615
0.0,0.4910774791054891,0.3849827899891116,0.5716152414015295,0.5052486316942246,0.5449791421864514,0.747722940055073,0.6026033577398122,0.8193218187551652,0.6107163673461647,0.536513395510418,0.8919333829549662
0.0,0.5098260673142082,0.3817523743693452,0.5612223407458108,0.5047243968826121,0.5609037651299394,0.7500529548824398,0.5925375342060495,0.8178280612426712,0.5917454876418893,0.5166899862023207,0.942128768142908
1.0,0.5092989985693848,0.3803577835565095,0.559273761513535,0.5052273061245532,0.5526844331875916,0.7127727176445667,0.601124177205828,0.8156396155150261,0.5862956126600134,0.5272292024424724,0.8085944830174507
1.0,0.4894962728710187,0.3797234223201436,0.5623167935339081,0.5011983520078739,0.5655797123850153,0.7159500105909765,0.5821980622735005,0.8133796296083801,0.5943602498082637,0.4940239356554943,0.8437324075811578
1.0,0.4703712069874256,0.3777783437163616,0.5579087894420889,0.4988975260699584,0.5616343905876883,0.6449904681211607,0.5818948302640338,0.8124083682159307,0.6170488056585304,0.4940705225738165,0.7421655094764492
1.0,0.5117084556885777,0.3741174506249096,0.5463797728289937,0.5024156829465202,0.5606653375992807,0.666252072968491,0.5340285481843058,0.8104052160328845,0.624700221691714,0.4784094460026543,0.7122349408894718
1.0,0.5214215797003239,0.37116501936531376,0.5348040637275984,0.504349633345576,0.5517811147355711,0.6751953125000001,0.5839878707196213,0.808280662070666,0.6255466135586611,0.4800969570294613,0.7382248076562196
0.0,0.5503350651306378,0.3700953024552498,0.5316806468809822,0.5081970439277177,0.5483936481452437,0.7723909657320873,0.6629761112343757,0.8042226220984721,0.631668914171541,0.5187502614467978,0.9973728654531788
0.0,0.5562834123936451,0.3696564205216919,0.5339125983716829,0.5054385071636436,0.5607229654763798,0.7801791277258568,0.6633311145625329,0.7981493896884313,0.6248086735282217,0.5196848339861626,0.9555119118777252
0.0,0.5484526767562683,0.36938948389431214,0.5371936304228333,0.5078683779162688,0.5605022226673835,0.7692757009345796,0.6690333555210413,0.7919559153499709,0.6026144401310909,0.5251271550093154,0.9917447676394899
0.0,0.5224004216549959,0.3688136792160155,0.5392438542401127,0.5072831184521502,0.52972930004352,0.7330607476635516,0.7015753272686938,0.7861459925142076,0.563729987534229,0.5519214222644839,0.9991421021927868
0.0,0.5666741962201641,0.3675924424153987,0.5354285049310871,0.5104032987683306,0.519009750526071,0.8239875389408101,0.653583314843577,0.7816091226263129,0.5348518773381196,0.5151744054972408,0.774492700394823
0.0,0.5832392139146149,0.3653907398643579,0.5279996148649844,0.5094358489209938,0.5442600412834301,0.8399532710280374,0.6463649138377341,0.7800806272921743,0.544198428775764,0.5021805180301468,0.8267376733082369
0.0,0.5723213613432723,0.36332524823987855,0.5244594940926436,0.5117878580067188,0.5323464469613012,0.8140391700601124,0.6615560979217519,0.7786392457068751,0.5443013369943439,0.515940578837562,0.751813423928016
0.0,0.580453279120548,0.36140106638748537,0.5195751668285281,0.5094267258395759,0.5360355570135164,0.8232245681381956,0.6597441017676203,0.7775345138432956,0.5471994516200823,0.5115788146581466,0.8294922413001558
0.0,0.5876816504781266,0.35916209891400497,0.5156866568012225,0.5108563671984278,0.5512984179872994,0.8204498204498204,0.6431994674950074,0.7748588271086105,0.5222946632405123,0.5429831856300429,0.8088329813607562
1.0,0.5845945335441609,0.3571288564283579,0.5138548934880945,0.5107381161021398,0.5361713177517923,0.8048053641273982,0.7079505953701651,0.7720073667636127,0.4939785747478895,0.5403941381494961,0.8125975576163816
1.0,0.5924252691815375,0.3557803978269223,0.5166857690140131,0.5082383359696122,0.5256650621723431,0.8204651162790697,0.6846165224465643,0.7688756121960338,0.4744457801041313,0.5719054330938398,0.7846661680893311
0.0,0.6007077780287627,0.3546080304632133,0.5225667670143321,0.509347462397926,0.5498943168379795,0.8462108578840095,0.650166407810073,0.7682270619337785,0.4599500212210966,0.5795795840091579,0.769089924439745
0.0,0.6215646412167758,0.35263307591757753,0.526306707694836,0.5124657327735858,0.5364747906752855,0.8977209560867146,0.6138081502847428,0.7684281934175667,0.4591609374960735,0.5926655205678429,0.7251205611573888
0.0,0.6239740983359685,0.3506493632701042,0.5295683385975101,0.5136866968880438,0.5504443243951169,0.87018701870187,0.6119961541306116,0.7702181002557584,0.44563284038727735,0.5896438107685893,0.8447275446785463
0.0,0.6265341465251111,0.3481687644790377,0.5293355799226995,0.5136186212966041,0.5373376144016188,0.8905427482301689,0.5545151985799871,0.7702244794764288,0.4432828527037286,0.5363519302354607,0.9076514428656174
0.0,0.6327083803930428,0.3460784132724102,0.5262676687017125,0.5150312728637925,0.5405458380212795,0.8820890165111271,0.5087567487611862,0.7674430642740147,0.424969761446636,0.5506805776844798,0.7999329499445547
0.0,0.6424967999397636,0.34377869891886426,0.52059584350571,0.5129639256662604,0.5508369359381159,0.8925266903914593,0.595421936247319,0.7639328345115974,0.3950669263677074,0.5666492445350451,0.8852412512571884
0.0,0.6545440855357277,0.34192878491093204,0.5169954636907291,0.5146462729556054,0.4884725495642156,0.925459317585302,0.5984394645366466,0.7586786331415865,0.3516003539352488,0.5689418549774802,0.8409191800496145
0.0,0.6728409005345983,0.3402065459426036,0.5180259069544463,0.5136633936651491,0.5503079673890126,0.96534912066864,0.6209082168478663,0.7540547630238326,0.32386138183245183,0.5877780516083727,0.9932628280454371
0.0,0.6626007077780287,0.3373371510272103,0.5149005518168005,0.5125858007731128,0.5728527394936769,0.9390562423820304,0.6192367428444641,0.7475502887566474,0.2800509095318641,0.5876982030686534,0.9773438939031126
0.0,0.6658384157819439,0.3348560151888822,0.5131832445736774,0.5141697684476905,0.5580521313416181,0.9094228094575798,0.5749204940462989,0.7402361302295517,0.2237787080246418,0.6045581791112958,0.8190581445324503
1.0,0.6491981025525186,0.3328010632328591,0.5064971024343939,0.5154288372083731,0.5785159009567439,0.8840310600945306,0.6383477553435397,0.7348614831101359,0.18899966252144376,0.647008228949677,0.7494013630502849
1.0,0.6210375724719526,0.3319434414874847,0.5079496612332784,0.5151630504738808,0.5895044074238633,0.8320391627278867,0.6368389911988759,0.7310145840985347,0.17669827472078048,0.6466609026634993,0.6541413397187942
1.0,0.6074843761764926,0.33082285466219585,0.5055592142586544,0.5168277577987882,0.5797847118834211,0.8092505064145845,0.5017972043487907,0.7298357956202175,0.1869421133613287,0.5967685373727271,0.4248787376435185
1.0,0.5942323620209322,0.3294661683276117,0.5038448110015419,0.5154606572487114,0.5670887131170304,0.7699189736664417,0.4763700909696026,0.731206350993385,0.2031656327431723,0.6297178755213705,0.3768035856818317
1.0,0.5894134477825465,0.32807962964615545,0.5021775712169171,0.5149086101640385,0.5695486488982429,0.7572586090479406,0.5397529768508244,0.7307557988974476,0.2052342061439765,0.6227432394637058,0.4591698900963953
1.0,0.5833145094495897,0.3273793570446879,0.5016491825483855,0.5178381862238118,0.5701108914132408,0.7440918298446995,0.5444123955328746,0.7307208580725082,0.2194324441766018,0.625971365637612,0.3209615030392331
1.0,0.5715684059935245,0.3269484214243381,0.5030053477618734,0.5192227564080552,0.5715356738689477,0.7339635381498986,0.4765623844390208,0.731876879470041,0.2218800005198737,0.5824836307577068,0.4063977405292571
1.0,0.5811309389353212,0.32691801917232954,0.5013894122939186,0.5205062761699084,0.5691627889349347,0.7624915597569211,0.5410842393314106,0.7344189915398884,0.23095301149988,0.5721399348394468,0.4543500951679256
1.0,0.5492809276409909,0.32600574280252204,0.5024552545078672,0.5193418709597329,0.5896697301775441,0.7059419311276165,0.4363508616226608,0.7364486864329742,0.2210364564603394,0.557571644306621,0.189353472094308
1.0,0.5781191175363299,0.32480839120491445,0.5031721195344168,0.5204892620588543,0.5914192111948398,0.7562457798784605,0.3393683899119887,0.7407042894275968,0.23324867395015175,0.5090941907280292,0.16991044020380394
0.0,0.6163692493035164,0.3230324635743547,0.5212935565980151,0.5230719740744104,0.5801734237679679,0.8283254557731264,0.4810073219436434,0.7469678093725678,0.27947238263683044,0.5395713343680885,0.2982056394189688
0.0,0.6214140501468263,0.3206798007955227,0.5356389675167821,0.5238610134676183,0.5821691454915172,0.8401417960837272,0.4044301456992821,0.7510926752079337,0.3169325502449177,0.5051718978360406,0.3998227792018722
0.0,0.6434003463594609,0.3186007721312023,0.5512279554858412,0.5240374345943788,0.5828094746824464,0.864449696151249,0.3520227793802229,0.7573702087551364,0.3673134241378492,0.4851026339065171,0.4811569521507434
0.0,0.6482945561328213,0.3165401842118969,0.5526176659852147,0.5210904758537377,0.5842279224225695,0.8750844024307899,0.4271651505066193,0.7602583353787521,0.38719647437462507,0.5164352865591826,0.6269274248247788
0.0,0.6452827347338302,0.3165944476979909,0.5619453963234645,0.5240761674574542,0.6011383574618339,0.8748947634281863,0.4540936321278011,0.7589543419859701,0.3854281126865379,0.4788730992536255,0.6723716934207553
1.0,0.5743543407875913,0.3164233296339134,0.5690761326339383,0.5155902346761251,0.580655829908867,0.7782454958747264,0.3284224539605056,0.7564850610115026,0.3932267906137277,0.4692324317700433,0.4822292561609759
1.0,0.5624576462615767,0.3165504402059929,0.5741267369593195,0.5142891269591696,0.5946496022698916,0.7425492507156086,0.3132164780711487,0.7573840243769911,0.4251945927264403,0.4601716097190068,0.3864197023271108
1.0,0.5883593102928995,0.3146482436468496,0.5746700963899661,0.5184341814343287,0.6008093172985067,0.801818487960936,0.3372457658457215,0.7578007905469528,0.4525439007714184,0.4212379934966111,0.4438985280815719
1.0,0.5873051728032528,0.312881617275371,0.5762422887635965,0.5190255331862784,0.5901989054917229,0.7748779255766963,0.2931661859329928,0.7582259227406938,0.4859894492534678,0.3941661094194242,0.3210673464353257
1.0,0.5834651005195393,0.3113914964895679,0.5848781426940635,0.5219123433837377,0.5862998069690558,0.772689004882977,0.2558686487685817,0.7603818920043572,0.5258578757086907,0.3804891836147216,0.29444712871995765
1.0,0.555304570438973,0.3097447514820177,0.5901784393564066,0.521445694407061,0.5841273919118363,0.718639501599596,0.19946749500776567,0.7613121684785957,0.5315938537566117,0.339850162955471,0.10037400905495553
1.0,0.5638129658911226,0.3079796719063537,0.5942121297650045,0.5234760412131256,0.5962895497588796,0.7066846270415895,0.24305894534427894,0.76508491570936,0.5263510840038603,0.3670758796757832,0.04849591095363345
1.0,0.5927264513214365,0.3062935214194393,0.592546473248135,0.5246662300740822,0.5867291722613818,0.764270079137902,0.3362029435692627,0.7700029054918229,0.5253343518812661,0.3617693110127056,0.2416026914335817
1.0,0.5880581281530006,0.3050949192194761,0.5927416124169888,0.5234527945044961,0.5902915642104167,0.7649435931975082,0.3793210561349015,0.7721798560284174,0.5150530976189887,0.338198187834287,0.27510244984878585
1.0,0.5809803478653717,0.30401234114721265,0.5949289240925916,0.5225754290143219,0.5951240474017526,0.7476006061626538,0.3732712077509061,0.7733414573988411,0.4947514421112375,0.33370138398370386,0.16483654953917082
0.0,0.5836909871244634,0.30324749076019103,0.5895514286217813,0.5193355467478866,0.5987994353238905,0.751473312005388,0.3734782930256639,0.7764144517115876,0.4585491315244917,0.33281345546373403,0.0724546370967742
0.0,0.5882087192229501,0.30251960101484365,0.5665233006051603,0.519269208726156,0.5992454591359234,0.7829600942919683,0.5087715405665263,0.7834600455541596,0.4737704500112601,0.3534366132440808,0.18067748881895024
1.0,0.5626082373315262,0.3021191115923123,0.5476739941827012,0.5195433558074818,0.5946105146896614,0.7267216703148678,0.4127801198136231,0.7878184483281898,0.4893502888809826,0.3498113554325332,0.03238363425542461
0.0,0.5755590693471877,0.3005567240872554,0.5340156431524938,0.5211229632645612,0.5914037978454271,0.7716787337935679,0.4345684490792103,0.7971802762287123,0.538732991164935,0.3610796937721281,0.06986771411802044
0.0,0.6306754009487238,0.3018382957887933,0.542617119242784,0.5269102927788835,0.5886195256702272,0.8609193466913624,0.5092522742400708,0.8035360936354248,0.5768117432989791,0.4032413478644423,0.3868346200731419
0.0,0.5451396732173782,0.3021011049410771,0.5482948634422711,0.5138095170636489,0.5877102122725992,0.7918841555817476,0.44144663856223615,0.8037722192737099,0.5832293130231085,0.3553364532312429,0.04602916610230779
0.0,0.5760861380920111,0.3029348458623393,0.5550541290839398,0.515103031246018,0.5841749223335798,0.8521636639164842,0.6050883810369061,0.8090568648922609,0.6082867868166315,0.4219828874436368,0.35225066594428805
0.0,0.6037948949627288,0.3004639462914722,0.5511851851144827,0.5160769008115748,0.5740396055191831,0.8893753157097154,0.6856519488203536,0.8110828968470631,0.6149351816244715,0.5028303301021824,0.6224434511716108
0.0,0.6009336646336874,0.2982134399755744,0.5423438131295577,0.519428171916005,0.601092730911656,0.8834820676881631,0.6636417424746689,0.8097221275628972,0.6182986292318343,0.4764983946829152,0.6236173190663229
1.0,0.5866275129884797,0.2965039433214636,0.5328018349017433,0.5210009786413443,0.5687734756918938,0.8585620474827411,0.6817617040159751,0.8082510082501988,0.6332196931501942,0.4888899719988621,0.5867985010609965
0.0,0.6162939537685416,0.2936424367371038,0.5194335182553044,0.5220031248596421,0.5387889890448211,0.9213672335410004,0.7418977886251019,0.8053453082129214,0.6302504051828204,0.5622121313563985,0.780531852453835
0.0,0.6465627588284013,0.2909871310954991,0.5119060807421633,0.5237957756969639,0.5204229937991787,0.9397204916652632,0.7947563050070259,0.7984455055537156,0.6143051403358295,0.5940853694344511,0.796060393960603
0.0,0.6526616971613582,0.2879573779195358,0.5059358455223477,0.5236585073226027,0.5046059451116052,0.9796261996969186,0.854944160934842,0.7906312870664622,0.5865822367884984,0.6257814786343822,0.8190052169184493
0.0,0.6479180784579475,0.2856456228206441,0.5082435775344899,0.5235303038430872,0.0,0.9552113150362016,0.8629613194290366,0.7820710501855572,0.5581509089499573,0.6296278188954173,0.8252735731603437
0.0,0.6671937354114901,0.2827998643332813,0.5044311209167066,0.5230167141182298,0.5118026836964747,0.9860010119750378,0.9604984838399528,0.7728491014546066,0.5151336710256856,0.6661590631596839,0.9682920024289776
0.0,0.6554476319554251,0.2803568728040497,0.49662572977101,0.525253401782968,0.0,0.9615449485579356,1.0,0.7631853556010022,0.4793014570015214,0.6834386093236637,1.0
0.0,0.646713349898351,0.27826302760405985,0.48661078125261603,0.527457694898151,0.5178483998623714,0.9500758981278462,0.8129576214777016,0.7555333827801156,0.4525623251943265,0.5452587797661113,0.9852430016758746
1.0,0.6530381748362324,0.27626293050562434,0.4785543517805962,0.5247787610599349,0.6854575156217132,0.98342827550492,0.7476739886103098,0.7505715039679395,0.4391791404731476,0.5446297798613264,0.9911473144711682
1.0,0.6388826142609743,0.27371211735418344,0.4751275316338904,0.5265575371497422,0.6792115820531492,0.9994581903557884,0.7976776865616448,0.7457870943503053,0.4338203773157588,0.5685608483593668,0.9875301483039975
1.0,0.6211881635419019,0.2709357652316686,0.4705935855920591,0.5247254685805419,0.7000745825471923,0.9766616878267363,0.643169883884328,0.7418327816878048,0.4381753692376968,0.5220972636987421,0.931280836089056
1.0,0.6161433626985919,0.26751396345666945,0.4633190064735909,0.5246014860647276,0.6194988912260461,0.9980303328737444,0.524842837068264,0.7420160272735923,0.4774239023035446,0.5121039334089289,0.8400325381527523
1.0,0.5739778631127175,0.2643459364402633,0.45019053100868384,0.5198126894110635,0.6644698146684734,0.8570298596005537,0.4571925153464983,0.7412462475853743,0.5075035988544812,0.529001769090226,0.7279881165007341
1.0,0.596641819140125,0.26236231659749465,0.4373628065278101,0.520069813365478,0.7105422686457129,0.9108166897369984,0.5200798757488353,0.7418829473325261,0.5331189454716116,0.510050897057233,0.8308546570231132
1.0,0.6028913485430314,0.26074461907938384,0.4264208709654139,0.5206462838787022,0.6656297125844012,0.9412695273877794,0.4972487242067896,0.7402013513902552,0.5419385767617396,0.4987618845314497,0.8765318573272741
1.0,0.6026654619381071,0.2600031704055402,0.41994065132927416,0.5208213664652057,0.5414272267563924,0.9752014879107253,0.5054507802677319,0.736501912589212,0.5273840595487312,0.5027785881427189,0.9882357286645614
1.0,0.5836156915894888,0.2586931103894525,0.4147739759327039,0.5200711012933509,0.5245347901395467,0.9792496332005868,0.5313216478071149,0.7307846016993849,0.503047491442891,0.5154029937155833,0.8745864274685693
0.0,0.5662977185452902,0.25784690886670303,0.41282265013508096,0.5180491869137431,0.0,0.9169985328023476,0.4411434065527695,0.7267611727951435,0.485190284366609,0.5203117381881213,0.717226674509227
1.0,0.5714178149235749,0.2554378518557681,0.4079720754162359,0.518539469368698,0.5146930914618519,0.9444560888702579,0.4039272243177279,0.7266456180826533,0.4848518729257934,0.5037168167723023,0.7323336560062828
1.0,0.5898652209923951,0.2529831456317683,0.4039537720519134,0.5184864642255863,0.577992467539891,0.9674051981252664,0.4504030766955107,0.7252884241262822,0.4792324644813454,0.4761832689736281,0.7857012717268521
1.0,0.5788720728860779,0.2500813439252297,0.3973166146402509,0.5172861724072179,0.4925575889335214,0.9776976796575806,0.4412765328008283,0.7213118288292379,0.4535925347955001,0.4711787036025809,0.7113471559231871
1.0,0.5833898049845644,0.2482940903207779,0.39519492520719796,0.5144101863187093,0.5807336827276275,0.9844559585492229,0.454907181421492,0.7187990943346934,0.445341510835696,0.4283211980891188,0.7195641875888201
1.0,0.5543257284843008,0.2467325776677576,0.3951048747371289,0.5138287266519668,0.5069570702481458,0.9693014261542178,0.4046076473633607,0.7149657788920076,0.4325348821397901,0.4010593534236885,0.5806763108989547
1.0,0.5230780814697689,0.24506645331276236,0.3944510086758391,0.5128917364859176,0.5026218823470404,0.8706792361614695,0.40423785222986464,0.7141739254206609,0.4380713378013825,0.3995506603988375,0.4241518784389468
1.0,0.5239816278894661,0.24352249259314995,0.3898231922544808,0.5135677807055391,0.5129132758715103,0.8473557692307689,0.38407662155166056,0.7158277421768746,0.4477646673471671,0.4380472154112123,0.4041285573734651
1.0,0.5046306754009486,0.2416761305246189,0.3817491340153415,0.5106310572354732,0.4923403883634862,0.7895964543970141,0.352814140965905,0.7193937371516991,0.4628177783957765,0.4171456592693963,0.27096162955945113
1.0,0.495444620134026,0.24114215673261066,0.3816335872389645,0.5095309539748026,0.5683528422932507,0.7431770468859341,0.3022483544116558,0.7260645036078865,0.4980042762611978,0.3797544090697534,0.000246984728110754
1.0,0.5347488893908591,0.2376830901127713,0.3735979677381452,0.5159267986043118,0.495977981898014,0.9039251483340941,0.4066415205975889,0.7373230238171942,0.5581025424342951,0.4342462282585805,0.2495730494794721
1.0,0.5772908666516076,0.2342585144910221,0.3677984336357951,0.5268252386092079,0.5134972121610579,0.8700527704485485,0.446128244952296,0.7435785384388847,0.6053352013745908,0.4587350781280064,0.4138963621476199
1.0,0.5642647391009712,0.22982674321977206,0.3472033859125104,0.5281641451882629,0.5362924127469553,0.8514485309225396,0.3865616448487537,0.7470769309071372,0.6370624556056129,0.4065163738068646,0.0005308597133359074
0.0,0.5917476093667645,0.2279132287696727,0.33629474829389555,0.5299484846609457,0.4947854668229588,0.908386043664558,0.5265734782930256,0.7541590049487976,0.6841953990088396,0.4663980284879597,0.12230532336119762
0.0,0.6151645207439198,0.2252340164744888,0.3225086558809834,0.5311683281956991,0.0,0.9414914716382388,0.6266696250277347,0.7557590726337273,0.6911996315213185,0.5176617130677823,0.6255856003945106
0.0,0.6285671259694301,0.22155329949914948,0.3136423771472447,0.5302822502301919,0.4956021626384121,0.9590597453476982,0.6832334886472892,0.7528531994162582,0.6684428910553709,0.5201417514807789,0.7823232672241031
0.0,0.65379113018598,0.2174912100801606,0.30041790316242106,0.5324336255389208,0.5886207100772479,0.9722955145118732,0.7188373641002884,0.7495574553445392,0.6490963808073549,0.546516163527969,0.7509078309078315
0.0,0.6428732776146373,0.21415126426773845,0.2917073922393727,0.5327434294410212,0.0,0.954911742133538,0.7364322165520302,0.7474677000036878,0.6256285125073107,0.5693117601933322,0.9102425292334346
0.0,0.6529628793012574,0.21224503033658204,0.286041397689764,0.5336272588988501,0.420200689106457,0.9988696307460436,0.7567487611863031,0.7443038561916373,0.6088277248180959,0.6014177295248768,0.9869532265049812
1.0,0.627512988479783,0.21163472657726326,0.2872359326664332,0.5301302795089292,0.4124110526186401,0.9559930515344528,0.6951852673618819,0.7396072930415805,0.5717363706488352,0.5602817264560079,0.7317832394976197
1.0,0.6228446653113471,0.2105899073104384,0.28611052093039346,0.5279803489165498,0.0,0.9666087627871068,0.7030619037053473,0.7379451689978886,0.5737884922848965,0.5721079925789269,0.8300941966219153
1.0,0.6376778857013778,0.20916810428367727,0.2851554840983904,0.5273628313576486,0.4601860212597951,0.9924724956572092,0.7423045632719474,0.7353660590084543,0.5706526628099853,0.6512250214566662,0.9954255088783036
1.0,0.6302236277388751,0.20771382481958425,0.28468759120807713,0.5270264687194121,0.44924047368251424,0.9688845401174168,0.7024110642703938,0.7297560549219901,0.5619289760918302,0.6465379877985588,1.0
1.0,0.611098561855282,0.20695783050061656,0.2863539267116998,0.5260566190694422,0.4981022394064435,0.94559686888454,0.6829746320538423,0.7249413631446733,0.5550958327060183,0.6316988813012521,0.9934572779685186
1.0,0.5991265717942926,0.20687234830267487,0.2929612443418224,0.5269984203337479,0.5063560211739574,0.9293542074363992,0.6613194290363142,0.7195350263958613,0.5412679694689697,0.6473898792465042,0.9618606484675284
1.0,0.5879075370830511,0.2062202867973444,0.29360366255133113,0.5284475406617986,0.5168641899255753,0.909393346379648,0.6893942755713336,0.7134843860962838,0.5270293837895003,0.6704190306411408,0.9819536937993842
1.0,0.5725472479481967,0.20548783634151446,0.2910599766129048,0.5262194507446653,0.45389644695279,0.8669275929549901,0.6615708897270913,0.7068416515370772,0.5021758904312382,0.6503092812171336,0.7568491877625371
1.0,0.590618176342143,0.20449300021269698,0.2848081490361352,0.5294509193004203,0.4544746001030125,0.921917808219178,0.6696989867613339,0.7031321476057968,0.4933843860399015,0.6653570349270143,0.9673544810594392
0.0,0.6043972592425269,0.2040449946846941,0.2891110767566041,0.5286304572960919,0.4543963896594779,0.9481409001956946,0.6551512462095997,0.6995859726068225,0.4791957933922689,0.6535530011003621,0.8551203184367657
0.0,0.5912958361569158,0.20309167616852009,0.29410529389099177,0.5282675582685519,0.5496036970806258,0.946183953033268,0.6292286073515273,0.6962636096235757,0.4678745493762009,0.6617070865201555,0.7902133639964233
1.0,0.5619305775167533,0.20262279830259453,0.3025255709596573,0.5241322895693709,0.5235865736557133,0.8592954990215265,0.6648546705125362,0.6934732093167799,0.4512281682996856,0.666420057078287,0.8916570844512599
1.0,0.5589940516527371,0.20224586213273926,0.3019313038635503,0.5229891001347662,0.5270243560063278,0.8639921722113503,0.6797943939057766,0.6885902620248228,0.4229914978217226,0.6494574468151346,0.975978534009117
1.0,0.5455914464272268,0.20245300147011105,0.3028851259939609,0.5232722438925039,0.5211448859218709,0.8518590998043051,0.6846461060572443,0.6827558159478886,0.3859095032872221,0.6547074646233662,0.9757435501842808
1.0,0.5383630750696483,0.2027786743178636,0.30231461402393833,0.5248701833400973,0.5424253254139746,0.8504892367906066,0.6748835145329488,0.677223545124882,0.3614335662285616,0.6471346057141054,0.9665410528719882
1.0,0.5016188540019577,0.20269883146463094,0.3048397935265166,0.5217799296590448,0.548442638565562,0.7706457925636008,0.6572738702758674,0.6739086564756394,0.3551819812661463,0.6313267010405658,0.9907892439322502
1.0,0.4869362246818764,0.2015694784096359,0.30219742184036197,0.5228501067753806,0.5424609711240113,0.7360078277886498,0.5693661711411878,0.6718446276770311,0.3588342530635526,0.5346188434157866,0.8577878103837466
1.0,0.4916045478503124,0.20451420609463866,0.3189324004849243,0.5248954769988113,0.5461818337178351,0.7035225048923678,0.49457140744027794,0.6712272794267502,0.3610811072667118,0.4744123287143632,0.4975745641419715
1.0,0.4182666967848807,0.2086176117041817,0.33712685120652297,0.505776583222509,0.5400285219601476,0.7125244618395302,0.5364839878707196,0.6745604420234068,0.3863150600336414,0.4918942966633243,0.6556361365928616
1.0,0.4042617272795724,0.2136275450804006,0.3597801217816274,0.5021468170393091,0.5331866404350567,0.7293542074363992,0.42792692848162095,0.6760355666949598,0.39885022291598,0.3567312235141962,0.610849266340594
1.0,0.4053158647692192,0.21394458098912686,0.3581983102157309,0.5024015363340257,0.5288783043621099,0.7268101761252447,0.42927298276754666,0.6791743974157469,0.4375856036162529,0.3582174845315946,0.49209378407851706
1.0,0.4072735486785633,0.2133148660193206,0.3593727166767613,0.5029882247015423,0.5360999107343711,0.7148727984344422,0.4198653945714075,0.6799759040064846,0.4497697083954453,0.3504662925643484,0.5920704159526411
0.0,0.40810179956328585,0.21261576911060945,0.3609382977615028,0.5029942731220577,0.5295246389566848,0.726027397260274,0.4435100954071444,0.6804075693073162,0.4597980731677137,0.33155281346346416,0.5763053655023409
1.0,0.4052405692342445,0.21225352060274427,0.3650535390603436,0.5026565190480562,0.5281272465222582,0.7086105675146771,0.4544634272612975,0.6793053829701967,0.4531470212212033,0.3415452486171422,0.6532949225783227
1.0,0.41209246291694895,0.21204654221211935,0.3684431947894498,0.5039853963682871,0.5282885840978248,0.7268101761252447,0.4769617631831965,0.6775935795096135,0.4437631741926722,0.36713222548267216,0.6454087144400437
0.0,0.41224305398689853,0.21152490425707596,0.3673347909700537,0.5037731171171526,0.5328356164001257,0.7409001956947163,0.4975075808002365,0.6755966783524411,0.4404486151852151,0.33903683882328084,0.7007202016564632
0.0,0.419170243204578,0.21111286529181106,0.3659073770241775,0.5052758759926788,0.5355099595690654,0.7373776908023483,0.4625471488795209,0.6721753119098679,0.4266665196411865,0.3478553948380029,0.5344256391789699
0.0,0.4153301709208643,0.2094716842030898,0.3574586819380685,0.5081340887541976,0.5273575048288007,0.7350293542074362,0.4818800384586939,0.670828039713401,0.426423954215988,0.3705675207414989,0.3623334533669426
1.0,0.4178902191100067,0.20850826003261924,0.3566627628639206,0.5092869107729867,0.5332075341465131,0.698238747553816,0.4682419939353598,0.6708059380131204,0.4253060864772353,0.35728298591940444,0.3813467770975879
1.0,0.4218808824636697,0.20711295067823887,0.3529191954574458,0.5098811295547498,0.5282367443621501,0.7181996086105674,0.4599881665557282,0.6718744770274163,0.4353912238595539,0.3954056048536481,0.3411955347497301
0.0,0.446050749190573,0.20751698570460156,0.35800264233681944,0.5109578297631138,0.5262096634352477,0.7636007827788649,0.4772280156793134,0.6729113051325948,0.4456775350194714,0.3653214486445578,0.4053655023406546
0.0,0.4296363225660718,0.20726540816309524,0.3581898195270272,0.5069352669731493,0.5346225422884257,0.7643835616438355,0.466252496117151,0.6743017177492001,0.4632138163080058,0.3518492749665627,0.317680950666186
0.0,0.4297116181010466,0.2086179388749424,0.3689054825409089,0.5071666796144012,0.5165701140033971,0.7516634050880626,0.4214555136454405,0.6763319475730272,0.4827811661373128,0.3573443439226877,0.3056175729204175
0.0,0.3940215345230027,0.20937872540350244,0.3789368823816711,0.5034743665915926,0.5280341521722501,0.7154598825831701,0.4145403446490643,0.6792353878083377,0.5069211258816093,0.34761169550437626,0.18602808786460165
1.0,0.3648068669527897,0.21052263278776606,0.3880027477215244,0.5017860819812651,0.5200597754741076,0.6538160469667319,0.3949042230604246,0.6821202999752289,0.5267603962294606,0.3699569948092287,0.11776194437411833
1.0,0.3459076876741209,0.20948744353263649,0.3851132185536478,0.4983595706792549,0.5179609903839314,0.6025440313111545,0.41393388063013065,0.6858501459752588,0.5524226076556883,0.3958819549417572,0.047679617637989086
1.0,0.3968074693170695,0.20842172278507787,0.3780609757113209,0.5049867204228417,0.5376433556090137,0.6796477495107631,0.4948672435470749,0.6898859389237941,0.5808874283849392,0.434346112099336,0.31273109407231525
1.0,0.4137489646863941,0.20714525050861374,0.3757390867026198,0.5082159696566405,0.5299403457698606,0.7281800391389432,0.5151172250573183,0.6925420353471201,0.6066416331360786,0.40758275898659735,0.2552348893619128
0.0,0.4396506287177171,0.2076658963598864,0.3810448660325664,0.5131479384674423,0.4507887642514189,0.7974559686888455,0.4774277050514015,0.6946518827161037,0.630120405964569,0.413257828654886,0.13761694965595644
0.0,0.4875385889616747,0.20856583814178556,0.3906101498953439,0.5210003480971808,0.27754159234760906,0.9583170254403132,0.6094667554174986,0.6980289953557257,0.6604631591304728,0.5491565590151701,0.8622478087236142
0.0,0.47594307657555895,0.20866457420928,0.3946881252333436,0.5180869048371854,0.0,0.961839530332681,0.5999852081946603,0.6950303756642873,0.6618556154526565,0.5383132383153408,0.7956018878688872
0.0,0.4885927264513214,0.20779053647445575,0.3982106626971002,0.5167445021821246,0.2777280520746504,0.9905567578201848,0.6598180607943198,0.6926659265001303,0.6688401317359761,0.5859398081909447,0.9950547852225348
0.0,0.4844514720277088,0.20648329064634674,0.4008914191300115,0.5162913336809973,0.3891717031994105,0.9768454383534536,0.6485984764440501,0.6889187328670137,0.6782276960114791,0.574883299848958,0.9310361469041072
0.0,0.4785784202996762,0.20586599712402176,0.4120924621459459,0.5147955408886911,0.540426131131603,0.9796160696615874,0.6340285481843059,0.6861254804693937,0.6889201927417692,0.5373593870965082,0.9665061390949704
0.0,0.3155909471919531,0.9853880034263579,0.8542617340838747,0.4985430187005253,0.6240920542005065,0.37699066447007135,0.4678574069965236,0.9659562272182702,0.5377748420304204,0.4763144021271154,0.743230347131098
1.0,0.2711651299245599,0.9857754282321274,0.8513281046754992,0.4954283346905698,0.6270066354533729,0.3301757276221856,0.38613268249389865,0.9642331834655355,0.5297164572990556,0.4679265584766255,0.4611734889340781
1.0,0.2557977088572227,0.9862116977590908,0.8472990101564082,0.4945366359601322,0.6270653051026529,0.2981878088962109,0.3628060054729676,0.9644842521509064,0.5302891310432448,0.447770734113793,0.3181794026995425
1.0,0.2340039117071808,0.9874555968496092,0.8460062376091537,0.4965128122889367,0.6272373387617575,0.28157605711147715,0.3565268841062049,0.9659746458570416,0.5249281444849738,0.4402084269306477,0.1321872675098308
1.0,0.2742386141380273,0.9899811477456886,0.8607017035515017,0.4996547716289134,0.6298242983986794,0.3277045579352004,0.4434657199911249,0.9700291152895296,0.5456550005470402,0.4974789495067221,0.4573280901264736
1.0,0.2930986309024866,0.9924796974011948,0.8788628358310041,0.5011028969875689,0.6381379537165445,0.3498077979132344,0.4626506915169,0.9710197879650908,0.5591668851349085,0.4623678411102949,0.5150653629503669
1.0,0.2569153394803016,0.995003336691608,0.8958930397535863,0.5019032068603163,0.6384177688349332,0.32578253706754523,0.4097330079136154,0.9692947052329804,0.5627074829108304,0.4091881204449082,0.31594749707726555
0.0,0.2457390332495111,0.9975631989441804,0.9075663374138764,0.5045600910335171,0.6335638147094387,0.3252333882482153,0.4508468308557063,0.9689668322638608,0.5887988901685037,0.45033694049727613,0.08261363636363615
0.0,0.2401508801341156,0.998803778026361,0.9060486336770148,0.5041516599786737,0.6354997889736552,0.3196046128500825,0.5735892315657123,0.971742937248634,0.5841647919937369,0.5063967400093614,0.09259326660600399
0.0,0.3074881251746299,0.9990798689337484,0.9053531238923648,0.5058630615590218,0.6394628448107557,0.3725974739154311,0.5699504474521119,0.9735570925936892,0.5651596984925521,0.5023443119577018,0.4446663104311396
0.0,0.3167085778150321,0.9996604756767282,0.9111194195400836,0.5029453928233848,0.6419736709755304,0.3732839099395937,0.5518009023001261,0.9740261188170138,0.5219906760836556,0.488313960957441,0.3324239952751934
0.0,0.32020117351215405,1.0,0.9211849373812212,0.502942948039723,0.6432871329353518,0.39099395936298736,0.6965017380371276,0.9750517675573388,0.4837327955346808,0.5699328416400281,0.6260370672441431
0.0,0.3372450405141101,0.9993518138452078,0.9181807420577616,0.5044365414427875,0.6431426349053172,0.3903075233388249,0.6901264699356552,0.9725084252467744,0.4419990758963581,0.5660015974645474,0.6763270084601607
0.0,0.3467449008102823,0.9968313205801104,0.9041991845797857,0.5055639465149759,0.6339523880285056,0.3756177924217464,0.6240736631905931,0.9709501354078494,0.4091012019727495,0.5637483105514669,0.5099953612688036
0.0,0.3939647946353728,0.9948986897013824,0.8886183885923504,0.5057729548233677,0.6428798337653293,0.4021142229544206,0.7231121958435025,0.974774305433501,0.4329067800699423,0.6268026954506941,0.6929380839831234
0.0,0.3818105616093881,0.9938782206785424,0.8837814129365045,0.5051344825003716,0.6127198625000517,0.38152114222954414,0.595688188743436,0.9752932321397648,0.4320019588883568,0.5229377710834663,0.6651940535883886
0.0,0.483235540653814,0.9937108381777128,0.8756808302860286,0.5091110670216726,0.6181119549941526,0.4785831960461286,0.6381184823607725,0.9770926377369497,0.4553875303831586,0.5653036582118603,0.798502352499392
0.0,0.5090807488125174,0.9921732090823394,0.867665966068206,0.5074636070020931,0.6168805280559906,0.4964305326743548,0.6818208712373344,0.9746702867213192,0.4533688080306956,0.5501328792321709,0.8364957699189317
0.0,0.5183012014529198,0.9905333259708886,0.8610457058003942,0.5085776714656494,0.6178751208153497,0.4876441515650742,0.6590193033059684,0.9698930716661368,0.4547200793795288,0.5240053390173258,0.8448013076804131
0.0,0.5212349818385025,0.9890541135361112,0.8588365435165473,0.5050940631123378,0.6150908658782881,0.4891543108182317,0.7017898084461207,0.9640068289125427,0.43224539568866177,0.5514084302209274,0.8038479379735367
0.0,0.5388376641519977,0.988531634729838,0.854512204298451,0.5027926689673715,0.6174214312185861,0.5008237232289949,0.7849641298720516,0.9576826259678296,0.4062108035189416,0.553262683086693,0.8511850853747434
0.0,0.5359038837664152,0.9883828719739812,0.8526849332866702,0.5043048314202674,0.6179279466647706,0.4979406919275124,0.788610309888322,0.9532202726528952,0.3905163733475968,0.5564354630451874,0.8951662333819449
0.0,0.5284995808885163,0.9889316705938448,0.8571983951769928,0.5034616510115579,0.6209696666770167,0.4982152663371773,0.6771762443606243,0.9470069114653774,0.3608426420243551,0.5053134967837652,0.9997849051192575
0.0,0.5449846325789326,0.9891187693281379,0.8626693607629132,0.5044472620499448,0.6216968730440531,0.5211422295442065,0.7257673249020042,0.941890162284852,0.3342199602144321,0.5308940457618934,0.906416704770614
0.0,0.5349259569712211,0.9903936128819892,0.8723335379433566,0.5040281242550954,0.6247353347737553,0.5045304777594729,0.6787885511426666,0.9364683851123228,0.3033343299950567,0.496055575849937,0.9186607732561082
0.0,0.5092204526404022,0.9914396627200204,0.8736348414526081,0.5010355780130725,0.6235173954536184,0.5104338275672707,0.6270763996745798,0.930308242831012,0.2769352036912404,0.5147808742570552,0.9330670634609852
0.0,0.5002794076557696,0.9928426313832142,0.8762657203515674,0.5021849840277149,0.6498449124772825,0.5016474464579901,0.7335626063161008,0.9226253177154032,0.2451889911294294,0.5609361254855841,0.9258126095028898
1.0,0.4580888516345349,0.9923839735666692,0.8727896692312609,0.5032141450870333,0.6530388020158187,0.4603239978034048,0.6578951261001401,0.9116645088252592,0.18090980133207674,0.5306990997734774,0.9835085313833032
1.0,0.436155350656608,0.9913595826046984,0.8734274859699418,0.5018703490470818,0.6328708708990736,0.4343767160900605,0.635330227054212,0.9096107307582316,0.1754269054147909,0.5213566452659361,0.640760197775031
1.0,0.504749930148086,0.9904442914914702,0.8836990169060095,0.5036545715667924,0.6327028217512476,0.484623833058759,0.540056208860291,0.9122802984896624,0.1908920018645288,0.4692378292372749,0.8772613320685668
1.0,0.4983235540653814,0.9888648839983922,0.8923108956061229,0.5033017640353724,0.6689030214518814,0.4762493135639759,0.44936765032172143,0.9154264435545432,0.2173346716193912,0.478635112835455,0.8251914086320201
1.0,0.469823973176865,0.988988960309246,0.9077389590307049,0.5016417396027034,0.6619239377934406,0.4402800658978584,0.3457288662081209,0.9184932588670572,0.24095082205778875,0.4801856930661413,0.3105859805080943
1.0,0.44830958368259294,0.9901597389720428,0.9266472232972744,0.5033837916032698,0.6623134349982946,0.4319055464030753,0.24896087567487615,0.9235832023811871,0.2852729479779078,0.4962846234615496,0.3005138033682672
0.0,0.4586476669460743,0.9925908968622156,0.9440805488017678,0.5038359576721831,0.6611821022357234,0.4534596375617793,0.2479550329117665,0.9292281038998867,0.3332730262810032,0.4962180052735194,0.3113365868713946
1.0,0.4335009779267952,0.9946056078252704,0.9615630462092092,0.5053465599225453,0.6398063298471827,0.4422020867655134,0.19626506915169,0.932594243552734,0.3739224583445876,0.5233123846025852,0.2070654928387748
0.0,0.4733165688739873,0.99123872106264,0.9341189612633358,0.5081405255310575,0.6338791638673209,0.4897034596375619,0.3220915612750538,0.9390563659002706,0.4309957507983508,0.5183415819295429,0.4772711205372921
0.0,0.5875943000838223,0.9865521048298892,0.9087864730974556,0.5150008460462245,0.6291950335168925,0.5124931356397584,0.2760076917387766,0.9385624086446036,0.4351827704724064,0.5013401425946644,0.4825379992930354
0.0,0.5769768091645711,0.9815661903065468,0.8720393136775193,0.5144546817748887,0.6204826824786095,0.5149501661129569,0.3027364839878708,0.9377682404096196,0.4316417583385007,0.5144667105153115,0.3861240582034449
0.0,0.5934618608549873,0.9814253069938634,0.8696558470075682,0.5153308645993586,0.6331437805359396,0.5390033222591363,0.3594778492715039,0.9359953556388094,0.3950370120240753,0.4889408271962859,0.4439098548255069
0.0,0.5759988823693768,0.9816008799377332,0.8697891521635319,0.5143473348595428,0.6404693375856371,0.519734219269103,0.35488499371348303,0.9346121034885844,0.3877024574037666,0.4853612385664646,0.3163267010808739
1.0,0.5461022632020116,0.9815440775413821,0.8796902685719195,0.5158428112271554,0.6594484972770341,0.4976744186046512,0.2635973670586496,0.9355953591689988,0.3932558934729576,0.4885765986730897,0.16425266041864994
1.0,0.5333892148644874,0.9814805254335524,0.8934222208175122,0.5187095215662566,0.636513466380562,0.4867774086378739,0.30902300125730353,0.9415157353826179,0.45030684243707103,0.4615479050614511,0.1857030688785309
0.0,0.5884325230511317,0.9807628331279687,0.896408921009552,0.5193223588089261,0.6445938261704987,0.5326245847176081,0.41487316026921095,0.9477037459044066,0.5011582068114853,0.5067313703978429,0.4287241684625538
1.0,0.5504330818664432,0.9797459746338276,0.9019396649964079,0.5171436606167744,0.6381808978282191,0.48943521594684397,0.28093336291694376,0.9499691887460632,0.5275540350080806,0.4798757617956039,0.21620808900917166
1.0,0.5613299804414642,0.9796565831182159,0.9074260171717012,0.5178463639339161,0.6277303781544881,0.503388704318937,0.32906589749278936,0.9564414984173392,0.556197954874171,0.5021940222247199,0.3303763845035837
0.0,0.6364906398435317,0.979172272704322,0.9137443893020942,0.5234056789220861,0.6415897082875469,0.5779401993355483,0.4188299681976189,0.9600342756672562,0.5601424667575234,0.5022804845766878,0.4401510215673503
0.0,0.5801899972059235,0.9791883431483596,0.920373022462578,0.5202750806469502,0.6424446177143094,0.5125581395348838,0.3184453812587826,0.960632915223653,0.557105748742888,0.4257437706394667,0.19395579612088465
1.0,0.5645431684828164,0.9787046940082786,0.9253114360413628,0.5179427312898529,0.6342547476919304,0.5223920265780732,0.3377338954219361,0.9672474372053608,0.5928919954838897,0.44085300522586623,0.16263218563624576
0.0,0.6004470522492317,0.9785402892151264,0.9274508826299404,0.5173456251999498,0.6198181692903686,0.5403322259136214,0.3164854670512538,0.975732645387038,0.6584844941934114,0.4210638413527434,0.059322741776508474
0.0,0.6500419111483655,0.9762255747016272,0.906070480914578,0.5175172224401561,0.6123267601253879,0.5824584717607975,0.4365357591894091,0.9882129146598242,0.7571057542838184,0.4942262067081685,0.06515601783061017
0.0,0.7064822576138585,0.9728059608387244,0.8779870434437032,0.518278204493692,0.6142193536272506,0.6260465116279069,0.5078692404407964,0.9954380491114628,0.8269286771774136,0.5495213147702578,0.1865141481035523
0.0,0.7471360715283597,0.9699723482413656,0.8603785626936102,0.5183750773666762,0.5667109026174271,0.6423815119467293,0.5591968049700463,0.9993991663093679,0.8981530245380854,0.5455851409179302,0.3336544250451514
0.0,0.8076278290025147,0.9672843400445328,0.8572333921982238,0.5219824581678182,0.5759597002541823,0.7132286122290019,0.6387397381850454,1.0,0.930516273621946,0.6327820264204569,0.7126429861529197
0.0,0.8274657725621679,0.9654667713096892,0.8612406621184192,0.5198063767926149,0.5864691912035747,0.7276843467011643,0.7282005768804082,0.9961854005565632,0.9358755720022154,0.6553076933757574,0.7589102950030095
0.0,0.8323554065381391,0.9622936133932009,0.8578281643320316,0.5164360863716783,0.5785322038921364,0.7305304010349291,0.7610531765401967,0.9899797813143864,0.9038031098608592,0.6392159289748066,0.8457104017722284
0.0,0.9365744621402629,0.96047343187837,0.8600306042788333,0.5202468859939386,0.6051976723609245,0.8191091026468691,0.7900673027142959,0.98295041460211,0.8741178295681926,0.6560619140187768,0.8321155917755598
0.0,0.9793238334730368,0.95750692510776,0.8612154480833779,0.521754729306385,0.5763081991988328,0.8778566817301484,0.8999926040973298,0.9772513799062932,0.8652102176390277,0.7178663349292791,0.9860246751828792
0.0,0.9184129645152276,0.9553945179886024,0.8673682606989321,0.5189701120156031,0.573319955239172,0.8151065203357005,0.7834775534353966,0.9690057541740388,0.8405178963172133,0.6389752386954207,0.9992632448482957
0.0,0.8583403185247276,0.9534409170554634,0.8748685544821493,0.5181121018032561,0.5786136406658834,0.7757262750161396,0.7515864211226979,0.9648775389071332,0.8352981774489907,0.6682315969669332,0.9735161352285808
0.0,0.8236937692092763,0.9529530334006432,0.8896855201929283,0.5189636093195946,0.5748089518677126,0.7559715945771466,0.6826640041417056,0.9595069499448194,0.8104114048638955,0.6610562481027852,0.8525478030919451
1.0,0.8125174629784856,0.9516082609436712,0.9017099331883058,0.5173759044279094,0.5736116812800371,0.7580374435119432,0.7504696398195396,0.9558758349414151,0.8034206338065615,0.6732771537196911,0.948975378103545
1.0,0.7872310701313215,0.9504644462632614,0.8981134742998909,0.5160629220963697,0.57182095698489,0.7328599096191091,0.7357961689224166,0.948230423414357,0.7579873497641254,0.6660294058782708,0.8235946936457946
1.0,0.7742386141380274,0.9491720845492856,0.8924580580698851,0.5141625718579271,0.5754024612013703,0.7369916074887025,0.8249833592189929,0.9428734556706851,0.7246886815366796,0.6708379634753469,0.8505908452936114
1.0,0.7736797988264877,0.9481046525165931,0.8905814683838058,0.5137714992249585,0.5733485748994527,0.7425435765009684,0.8578433547814517,0.9380143071680124,0.6852793304497611,0.7172561088782302,0.9754141627415956
1.0,0.7520257055043306,0.9455514263133395,0.8992231230723251,0.5161317515111439,0.6168651255120917,0.7252420916720465,0.8110568744915314,0.9323978495691684,0.6747844083878811,0.6460043760950248,0.997576621525302
1.0,0.7338642078792958,0.9429607399072144,0.9006721579441552,0.5154588235071367,0.6150895972933959,0.7000645577792125,0.7811404481917017,0.9270609228900372,0.6934228214586755,0.6320519520935812,0.9417225150194116
1.0,0.7184967868119585,0.9402149778357414,0.8989752901261754,0.5181304856927738,0.6216090667518838,0.6887023886378308,0.7301235115745879,0.9218874842447646,0.6776321097256499,0.6232145252307764,0.9164768907107396
1.0,0.7203129365744622,0.9379167060185908,0.8979891828426563,0.5183886893201046,0.6351370674773615,0.686765655261459,0.6981732120405298,0.915791474032268,0.6475725670804928,0.6058514823166734,0.8623578832016805
1.0,0.7031293657446214,0.9363125054520718,0.9027595087483962,0.517484518194183,0.6398630652894495,0.6685603615235637,0.7329117668811477,0.90888145549624,0.5835942015669809,0.6268816111946875,0.7867677275010263
1.0,0.6895780944397877,0.9350505434959756,0.9060202947343114,0.5156764531145172,0.6270852513647821,0.6708844415752098,0.7947563050070265,0.9016002129805992,0.5376769947051877,0.6213766628437476,0.8398931555636728
1.0,0.6939089131042191,0.9337260602732748,0.906625645091993,0.5122447049858797,0.6169383686141044,0.6744996772111039,0.8369425338362545,0.8938390085606294,0.4745837397075599,0.597019997389189,0.8827748360072696
0.0,0.7141659681475271,0.9314238018263408,0.9035021334392148,0.5100583282242617,0.5806580163789872,0.6901226597805035,0.8278529694549224,0.8833824330015678,0.3850362290046143,0.5932183241050552,0.8544582968795561
0.0,0.7650181614976251,0.9290055644955189,0.9053728279273908,0.5100369369341025,0.6260594058510704,0.7359586830213041,0.9530729975593524,0.8746893230241715,0.31506224766218105,0.6067634599709493,0.90215108508878
0.0,0.7193350097792679,0.9246198574822456,0.8995481470885136,0.5111439393549722,0.6292763503135312,0.6942543576500969,0.8252348199097705,0.865041096755385,0.2586108732947794,0.5667346229152864,0.9713827881987004
0.0,0.7545403744062588,0.9206134628092464,0.8957445842464138,0.5107876910265946,0.6424377606660999,0.6976113621691415,0.7544190518452782,0.8606649628885201,0.2377725153455347,0.5582141075024853,0.9754761335564596
1.0,0.7006146968426935,0.916647564696898,0.8869562598270864,0.5076314299426811,0.6486318453861357,0.6466107165913493,0.7356112713556692,0.8562574872527657,0.21275711436046288,0.5500945643765001,0.890476383211236
1.0,0.6378876781223805,0.9158664201355023,0.8901959152483692,0.5072812909543567,0.6434261205500471,0.5913492575855391,0.6560757340433402,0.8521796049752639,0.1808000604998881,0.5533218393064963,0.7218197272028172
1.0,0.6570271025426097,0.9150263373637212,0.8912910941043828,0.5078607623904149,0.6450149713578648,0.6267269205939315,0.7007100066563129,0.8514036892617283,0.1723124491739088,0.5912307212411785,0.8827255433682767
1.0,0.6613579212070411,0.913718717868934,0.8855288616636512,0.5085971743833736,0.6450157097999427,0.6196255648805681,0.693669107314548,0.8484702999452769,0.1487389808408771,0.5843936395829128,0.8847290241631928
1.0,0.6976809164571108,0.9136044196578416,0.9080504869079912,0.511436603878314,0.6538981627206332,0.6534538411878631,0.6523851786110492,0.8454462041995818,0.12641718800135465,0.5475174605900363,0.931335249119682
1.0,0.6162335848002235,0.9142475667377464,0.9317261768899512,0.5075820700554505,0.6612820063633501,0.6157520981278245,0.5765032172176615,0.8399989993318668,0.09430049317434892,0.5475044127153441,0.9215298687567512
0.0,0.6070131321598212,0.9144913062486206,0.9580159419778104,0.5102694631055813,0.6773448304706828,0.6149774047772757,0.6138451297980918,0.8371562607982048,0.08198909451940589,0.5699026929339495,0.8554715333164777
1.0,0.5202570550433081,0.9127423490895176,0.9667659672969272,0.5048625165638008,0.6781995151818808,0.5213686249193028,0.4292212114488571,0.8350217057710052,0.0704896720786401,0.5021915594353031,0.5836991748454259
1.0,0.5293378038558256,0.9110501268802538,0.9762302537210776,0.5054920730362916,0.6695186313900916,0.5328599096191091,0.3809703424302936,0.8385700291026337,0.08486280859679074,0.476582722861989,0.5874704491725764
1.0,0.5769768091645711,0.9095984157270488,0.9915435487362012,0.5057722566859415,0.6658801064790555,0.5706907682375726,0.4386435914503368,0.8392658506746571,0.08202002779702383,0.4592191909199774,0.6950723660648456
1.0,0.5792120704107292,0.9083547482768994,0.9975057855016788,0.5061995894053661,0.6525551386967545,0.5653970303421562,0.4665113527105982,0.8349270532899362,0.042016122367831865,0.4771991427285857,0.6630290517622774
1.0,0.6170718077675329,0.90582590383643,0.9986410678336411,0.5086141618020156,0.6618132568156847,0.6135571336346031,0.5732564159455661,0.8339710482938059,0.03675345886348708,0.4908034966691314,0.7838287652474358
0.0,0.6373288628108409,0.9036609103488779,1.0,0.5111101444463544,0.6848107152946631,0.6033570045190445,0.4273056726573482,0.8311139455407304,0.013448029185500364,0.4636253599953506,0.7803948005983109
0.0,0.5827046661078512,0.8998150013529342,0.9930246187508044,0.5108119858022744,0.6847009782037068,0.5595868302130406,0.3673249020042897,0.8306379964024624,0.01970395269747266,0.47839828701739295,0.5742227671861407
1.0,0.5800502933780385,0.8974766988931568,0.9873528295867524,0.5112986222574095,0.6858748983706596,0.5404777275661719,0.30201908142888834,0.8299561332870204,0.0,0.489900365185132,0.4548690768135429
1.0,0.5852193350097791,0.8945871708537774,0.9769741151033158,0.5120576564725927,0.6872836360671124,0.5351839896707553,0.2515124620959988,0.8333949697766576,0.010952593130705124,0.5098384693197302,0.3312960859610222
1.0,0.6092483934059794,0.8924834311087468,0.9663530829169034,0.5104496509688069,0.7148928807934173,0.5519690122659782,0.1561570889727088,0.8392476771894204,0.0351752625898471,0.5275275249401644,0.29006031562422474
1.0,0.5488963397597093,0.8899429941057504,0.9579870361992922,0.5063839062492613,0.7144881947088396,0.4925758553905745,0.0,0.8454555801739461,0.06043861289644802,0.4532209385115417,0.03703982874544067
1.0,0.5648225761385863,0.8877470097036282,0.9487825055588676,0.5043410659895312,0.690752589717134,0.4927049709489994,0.07221359366910696,0.8559028663829801,0.10755230595308383,0.4363354551575525,0.0009082217973226717
1.0,0.6184688460463816,0.8852943440971714,0.9381923847796017,0.5054468233533632,0.7160178561165733,0.5346891491826491,0.1309814362842982,0.8645243302884129,0.14250466704533832,0.4094945963180941,0.0862495860209112
1.0,0.6015646828723107,0.8830665669875106,0.9291812007453396,0.5046280348710819,0.7203976607074644,0.5115201441626981,0.07996449966718439,0.8714924588387303,0.1910563831390304,0.4308184462664726,0.045740260129914605
1.0,0.57837384744342,0.8819562139594774,0.924199786146896,0.5031615962285296,0.7195744739888041,0.4875417415874648,0.11587900303231975,0.8804721087532108,0.2503516402644739,0.4023566134467396,0.01328732221756342
1.0,0.5642637608270464,0.8814868976353072,0.9242932632291664,0.5054221737634514,0.7216396524888428,0.4812483945543283,0.12881443680201116,0.8886889897829133,0.3047879842281779,0.4078952861010608,0.04418357145160709
1.0,0.5800502933780385,0.8804909308900011,0.9208225255698704,0.5030768232982318,0.7042045987420613,0.4952478808117134,0.13382885881221795,0.8979944140117571,0.34813892122925083,0.410182159107548,0.06113135743541754
1.0,0.6285275216540932,0.8792584960628567,0.9196470355805888,0.5039580512235825,0.7053418498520915,0.5259440020549705,0.1684860587234676,0.907676921446104,0.3893197828435302,0.4265211788022129,0.10060926584359263
0.0,0.6373288628108409,0.8774985944437792,0.9153006517016612,0.5044241610026983,0.7223259561464025,0.5460409815330128,0.2071592337844831,0.91460482992724,0.4100124390849291,0.3964688224632563,0.1780092551233719
1.0,0.5764179938530315,0.8767494693077429,0.915857976673869,0.5002672745783138,0.7023549031224959,0.4868454338477106,0.19076991346793928,0.920137918157129,0.4138841267096592,0.3733479584156051,0.036448748414301714
0.0,0.6223805532271584,0.8768332594944266,0.9184254718604584,0.5040653728652129,0.697776577159492,0.5340247912977486,0.2889505214111381,0.929280400833388,0.4502574690089365,0.3759303420394178,0.17973777348777348
0.0,0.6310421905560211,0.8790270582311623,0.9343107925936428,0.5042454870669706,0.6724432910991118,0.5513534024791297,0.33863619554766605,0.9353244032554956,0.4756162816417734,0.4060632860863012,0.3299549549549543
0.0,0.7038278848840458,0.8821344517390846,0.958490972054155,0.5078638876041262,0.6771035692096055,0.6565899316974451,0.3381480659714513,0.9383504048901591,0.5108852909125837,0.4050355454066487,0.3069095881595875
0.0,0.6598211791003074,0.8824176865764406,0.9643320894059592,0.5069014705816921,0.6830334512537596,0.6405261826460916,0.3433325937430667,0.9423097861275632,0.5318405175834011,0.4086371047375167,0.2005509974259981
0.0,0.6482257613858619,0.8807773335237328,0.96082917116639,0.5071178279721875,0.6608451083548263,0.6083986845433847,0.2669846904814732,0.9478640005749116,0.5713986829908555,0.35935914387148205,0.025619369369370724
0.0,0.7316289466331378,0.8787782201016328,0.9537251491197918,0.5137556498010857,0.6632236473656874,0.6878320263091324,0.446490644183122,0.9584673569295374,0.6354690214293552,0.4751096556358057,0.2700783421784172
0.0,0.7140262643196423,0.876139017933425,0.950165019436226,0.5153059562852581,0.6569067759560095,0.6850493296230711,0.4447008357370017,0.9619795705381846,0.6693595860920043,0.4733131311011958,0.2508264570372482
0.0,0.7490919251187481,0.8733310556639551,0.947144696662794,0.5149367721262189,0.6594677877551368,0.6975714647103466,0.4887064566230309,0.9671294106476818,0.7111562743743107,0.4756605572517622,0.07945729568882845
0.0,0.7500698519139424,0.8685834597237421,0.9321828697055051,0.5149754521341806,0.6670999654152809,0.6990892992663801,0.4855705938909846,0.9713214118514396,0.7628789460077359,0.4723610716342165,0.15756845796875402
0.0,0.7826208438111204,0.8646179158137515,0.9248110355109536,0.5143430652262385,0.658431900905891,0.7117379205666583,0.5866577915834625,0.9752402612925511,0.8135532733047379,0.5566430795231213,0.5391184573002739
0.0,0.791561888795753,0.8637423228368932,0.9356214659038504,0.5114398742075791,0.6578802922860555,0.7143941310397166,0.6574735596479548,0.9750037360267972,0.8394348380337244,0.6231579688263259,0.7759543486816206
0.0,0.7284157585917854,0.8641370876884973,0.9549527644737528,0.5067455390072971,0.658824270946804,0.7128762964836833,0.618038606611937,0.9713988690818188,0.8250225646647342,0.6113639347127645,0.6941106400868854
1.0,0.6906957250628667,0.8638426315632697,0.9691607620840156,0.5077702177057862,0.6597458372160871,0.6842904123450544,0.6686709562902153,0.969118865965172,0.8176933839555965,0.6602203586592442,0.6614231160004196
0.0,0.7597094160379994,0.8600263527426006,0.9595532021930296,0.5099343796909968,0.6679372129602018,0.7285605868960283,0.713578877301975,0.9646939848200328,0.7929329454279495,0.6961903104313172,0.8513124721933852
1.0,0.7261804973456272,0.8578007337073872,0.9605745363963372,0.5082726054260129,0.6735708462904362,0.6898558057171768,0.7708453516751724,0.95858638457363,0.7724165449227303,0.7357706982580559,0.8047802500196558
1.0,0.7073204805811679,0.8563304705505792,0.9616311376470424,0.504444858629147,0.6362211831165803,0.7132557551226917,0.8204200872716518,0.9527090715633622,0.7515679650025702,0.7237981299003231,0.8399103040429139
1.0,0.6768650461022633,0.8557055779826308,0.967045294122234,0.5030299043245445,0.0,0.6744244877308373,0.8268619184971522,0.948652425308146,0.7474753709964279,0.6852986038760843,0.867078379314325
0.0,1.0,0.8546146786526359,0.9721146463320048,0.5251996850034867,0.8200299829163019,0.976220591955477,0.8073663190592409,0.9445955063348932,0.7393558643255029,0.628954903970663,0.9296988990582298
0.0,0.9344789047219894,0.8494963062404395,0.9645645387535728,0.5229966439040519,0.6303881138656314,0.9958622530699413,0.8225057318245693,0.9396890701685016,0.7347119258130155,0.6383583639466672,0.9797005939305192
0.0,0.9291701592623636,0.8456921987665904,0.9650726653428744,0.5242409974462895,0.5703183607595097,0.9626456018208596,0.7601360846091261,0.935454382072444,0.7502002745064351,0.6232223505963187,0.8838075810245403
0.0,0.9073763621123218,0.8418529560947052,0.9610446769228688,0.5208300175571035,0.0,0.9694738251439284,0.6648546705125362,0.9312307901631836,0.7570928333860463,0.5337027713136232,0.8809766657646587
0.0,0.8953618329142217,0.8400815283272389,0.9660082099750501,0.5185372255318159,0.5938856153624029,0.9811219708126924,0.7661637452851127,0.9271285400807516,0.7668124868874411,0.5457876060810919,0.8966299619075376
1.0,0.8763621123218774,0.8357547350895941,0.9548863134540292,0.5207374254492213,0.6146782667345646,0.9894823111596776,0.7417942459877228,0.9190532726794192,0.7337204207802088,0.5753120792485822,0.9984071133089248
1.0,0.8801341156747695,0.8309782950527169,0.9416214320177778,0.5216499261732483,0.5918570231339585,0.9818780889621088,0.7234524073663189,0.9130318330052992,0.7265570214615833,0.566523466788941,0.951028817454238
1.0,0.8706342553785973,0.8257191156013086,0.9309568838480601,0.52014286237637,0.6124938469579009,0.9990269669168754,0.7308039346202206,0.9070424114215332,0.7104099089981188,0.5740219342627292,1.0
1.0,0.8407376362112321,0.8214221448361678,0.9308686466399684,0.5186122250289051,0.5993377139100335,0.9858216361831844,0.7444937504622443,0.9006595985613328,0.6949860362815032,0.5830675169226079,0.9333352229245216
1.0,0.8315171835708298,0.8166993470133836,0.9274568362140424,0.5216850792261183,0.6313410288671645,0.979016021551113,0.7426891502107833,0.8947728562089696,0.6888081236410104,0.5807904778551318,0.9813017960893028
1.0,0.7925398155909472,0.8128487051366801,0.9237858763017196,0.5231017276913517,0.6254604245502867,0.9747853754296528,0.7303601804600252,0.8890208702303108,0.6853363033573627,0.5746729632740272,0.9100743337160808
1.0,0.7930986309024869,0.8085069958828683,0.9199123891958828,0.5224726054846915,0.6058584547283966,0.9890276079069352,0.7643221655203019,0.8822572588595003,0.6735033990550527,0.5524728126281357,0.9902909904868488
1.0,0.7937971500419112,0.8035488652921836,0.91247113098362,0.5229925617891948,0.619802611582553,0.9769877825137688,0.8203757118556321,0.8741773368154366,0.6324712416038769,0.5829905688356279,0.9531652580124736
1.0,0.7833193629505447,0.7966373288686095,0.8957615946229922,0.5226724270329057,0.6402455531815642,0.9584875630071958,0.7930404555876052,0.8665053140425802,0.6031238902059971,0.6206796875431759,0.8918802075145426
1.0,0.8182453199217657,0.7905197489456033,0.8774035239043456,0.5221273525448307,0.6649428689088335,0.9694995984277748,0.7806301309074775,0.8616540041520422,0.595967828955443,0.604200032592397,0.9369595975475556
0.0,0.8249511036602403,0.7837459018872419,0.8547269320942184,0.5226057790751575,0.0,0.9782448919594298,0.6876266548332226,0.8555755407754102,0.6021609191287939,0.5859200167891484,0.9704022569191108
1.0,0.8503772003352891,0.7777573927565102,0.8380505974715662,0.5211590574897748,0.6501982952387206,0.9876525062472438,0.6708897270911915,0.8514465848677804,0.6144179052108758,0.622570703738807,0.9316357799503854
1.0,0.8172673931265717,0.7705351148528685,0.8143783173614327,0.5196082203121174,0.6538806362201021,0.9444362781125972,0.5838769321795722,0.8461853456884032,0.6188271144012567,0.6123009738423506,0.6840799649788403
1.0,0.8341715563006425,0.7648498119554521,0.8022812340667917,0.5214784984246073,0.6142199274414033,0.9412024107011612,0.5562088602913983,0.8442159964577078,0.6497263651555003,0.5921101929412425,0.5251228172576485
1.0,0.8079072366582845,0.7597028995651771,0.7897442480887651,0.5232226576704357,0.6307976955157233,0.9201822725268264,0.5484283706826418,0.8446077320928074,0.679297805871445,0.6341072507452844,0.5130113332360532
1.0,0.8260687342833193,0.7558136146401337,0.7797873596179312,0.5244750230416105,0.6374782816156044,0.9420843745406438,0.5671178167295315,0.8459205816643038,0.7065752197495309,0.6502409881771394,0.65491998638066
1.0,0.7904442581726739,0.7502965208248878,0.7605129164944854,0.5260896451849564,0.6678074916374811,0.9053358812288697,0.5340803195029956,0.8447595283257596,0.7173942151001944,0.6717813023515972,0.5833211732088142
0.0,0.8491198658843252,0.7440738964613565,0.7445877058324567,0.5274352505497513,0.0,0.9459062178450682,0.5745506989128029,0.8431337143024984,0.7434268879578344,0.6573904725117052,0.6496181720900832
0.0,0.9089131042190556,0.7370653496150854,0.7197493139186516,0.5287206991519491,0.6310253342104809,0.9923563133911512,0.7131499149471191,0.8405364801847419,0.774798004167746,0.7426625532006522,0.959628386594678
0.0,0.8632299525006986,0.7312370837727199,0.7030013866681762,0.5264223023326906,0.0,0.977082908786698,0.5955180829820281,0.8328772745362567,0.7568378501405033,0.6925557354826936,0.8860370296103192
0.0,0.8635093601564683,0.7250903138293654,0.6823911619822519,0.5257662103108669,0.6425461693190021,0.9901780233271948,0.6255380519192371,0.8304208940963862,0.7626891938005433,0.6811072320139945,0.9600628300247316
0.0,0.8679798826487846,0.719276788714837,0.6730643022726857,0.5274958542113855,0.6721615265074841,0.9628606507059544,0.5983433178019376,0.8260905752781096,0.7592585837042689,0.7017671872999766,0.8817749492971524
1.0,0.8506566079910589,0.7127956996788576,0.6568888709339189,0.5300839365315502,0.6877142339269555,0.9458256599140578,0.6128097034243032,0.822833058849679,0.7759377750307401,0.6728157387538778,0.9362141408287464
1.0,0.8320759988823694,0.7068151125094746,0.6384824979222652,0.5292315394133971,0.7131356105444455,0.9198895027624309,0.5701575327268694,0.8190197301552955,0.7847695360901157,0.6312405310887711,0.7672060753051562
1.0,0.8602961721151159,0.7007780016285803,0.6212701524700763,0.5284131421283725,0.6759655431179727,0.9267955801104976,0.5707196213297836,0.8161105788631888,0.7804093036528299,0.6320004920234938,0.7905848674008985
1.0,0.8551271304833752,0.6950899753544442,0.6027181647357092,0.5282319656388584,0.6691609124880421,0.9185082872928176,0.6213297833000516,0.8129332774717672,0.7790900962639051,0.6822286083862201,0.7314222098524905
1.0,0.8452081587035485,0.6886907628201944,0.5827343396170995,0.5310627489736228,0.6612564772641448,0.9116022099447514,0.6085644552917681,0.8094334309754299,0.7703770670617154,0.6713719465247588,0.6533736233151753
1.0,0.8347303716121821,0.6855505732686582,0.5774163992365712,0.5323529683829367,0.6744892224919288,0.8613785725202504,0.5488869166481769,0.8089868413648118,0.8059440346547709,0.6071071068235205,0.3633258618849397
1.0,0.7946353730092204,0.6840594295686724,0.583601106536906,0.5252381874611123,0.6876089435411621,0.8809414641601709,0.4929738924635749,0.8108468727976899,0.8513247668957573,0.52829349904442,0.3682712491550128
1.0,0.7866722548197821,0.6828526338338169,0.5875829301704361,0.5228769438018152,0.7093055891322999,0.9031025523460186,0.5655129058501587,0.8130328089626107,0.9062476357432052,0.569397939384487,0.5095883587718352
0.0,0.8371053366862252,0.6811094218094005,0.5911193783805379,0.5238777623150218,0.6927515234634403,0.9274033318049824,0.6181051697359664,0.8117741825237106,0.9504725168740636,0.5930165694712118,0.6802220087522673
0.0,0.7838781782620844,0.6789757687178231,0.5979227476125243,0.5205348911697373,0.0,0.9252636405318662,0.6554322905110566,0.8088814027625209,0.9609695721602602,0.5826900991314816,0.7125630571487787
0.0,0.8115395361832914,0.6787936826556928,0.6150796082885184,0.5211630862737315,0.6968499320919591,0.9837994803606908,0.7017528289327717,0.8051359488162293,0.9653627082654632,0.5819447703814165,0.7861860908224834
0.0,0.7854149203688181,0.6747224313501599,0.6096816346128764,0.5228975567417871,0.6840611768794634,0.9845868343729058,0.7108128097034248,0.7992627639742649,0.9304957851268424,0.5901282507606921,0.7383639509020521
0.0,0.7694886839899413,0.6694396583387392,0.5866425205997227,0.5224859046021924,0.698593352076018,0.9528763588251192,0.7999186450706313,0.7954739546740901,0.9389621822957824,0.6028244236154822,0.7998795798675384
1.0,0.7619446772841575,0.6637786090583022,0.5622316210510119,0.5257510011545891,0.6987021869876255,0.945222106106688,0.7876636343465724,0.7921003899311554,0.9563260911480138,0.5733965259571362,0.8835617845913568
0.0,0.7829002514668902,0.6571623711910017,0.5345130340847357,0.5236790704928143,0.699396416561477,0.9649044702397972,0.7625101693661709,0.7877437891863956,0.9969462185040529,0.5272149503642243,0.9148599494461678
1.0,0.7956132998044146,0.6531123532636259,0.5248255965433408,0.5257690135842642,0.6159617142563544,0.9854175152749493,0.81213667628134,0.7799557882082382,1.0,0.5581244195644273,1.0
1.0,0.6946074322436434,0.6508686593999544,0.5295087094372463,0.5199180265026699,0.0,0.9787051348102354,0.8544782190666376,0.7714321997123585,0.981718252016592,0.583751933567645,0.8772865527138758
1.0,0.6777032690695723,0.6506527543830904,0.5456513674264722,0.517309320017363,0.4925080307924267,0.9933024214322514,0.8740551734339176,0.7670314138677989,0.9575960168657374,0.613947009105651,0.9504410212370052
1.0,0.6630343671416595,0.6477361856165667,0.5491952970070165,0.5164718771251742,0.6238921017427127,0.9735531512965824,0.7888617705790995,0.7616542934730803,0.9250367284863056,0.5573360206626112,0.9559843400447432
1.0,0.6641519977647389,0.6438255773640815,0.5450509992332594,0.516390554431433,0.6684507696276758,0.9998247151621388,0.8516012129280381,0.756325821948107,0.9077656822167957,0.5330125410979605,0.95909768829232
1.0,0.6309024867281363,0.6395885519379796,0.5434012832737776,0.5176171668618962,0.0,0.9747706422018348,0.8640115376081652,0.7486278126108361,0.8637121442328562,0.5393669653842977,0.9592917362975756
1.0,0.6352333053925677,0.6337821377607726,0.5331153094222483,0.5180914789075549,0.6629463482756759,0.9724770642201834,0.8499223430219658,0.7412936716016005,0.8288301003609693,0.5829639819407041,0.9445706667668092
1.0,0.6757474154791842,0.6281765524106295,0.5155278208532567,0.5180603290617786,0.6590586533856261,0.9867678193366268,0.8843354781451074,0.7349592284097948,0.7969430607377048,0.5448887782496776,0.9847683274228232
1.0,0.6172115115954178,0.6224934255142549,0.5067918650312297,0.5174044191982284,0.6661245733448575,0.98502713831181,0.7832260927446199,0.7272739503101866,0.7740954592870397,0.5310378322515632,0.8373561792821846
1.0,0.6047778709136629,0.6185828994562108,0.5073913309451096,0.5167633874366924,0.6584169110576684,0.9623806850084222,0.7847348568892836,0.7223695172356823,0.7802109998505571,0.5318526072391608,0.8328340552195239
1.0,0.5947191953059515,0.6146731090689084,0.5177558334277954,0.5162283962277299,0.0,0.944413250982594,0.7957547518674658,0.7150142981080749,0.7745053560174604,0.5375803261028925,0.8116926482092777
1.0,0.6058955015367421,0.6109374573211452,0.513930811626655,0.5166870343690956,0.7120773804005137,0.9732360097323599,0.9046372309740408,0.7071164467757621,0.7370156060807775,0.5643058236249588,0.9585948978228932
1.0,0.5627270187203129,0.6068076701156171,0.5085683480432813,0.5139348155175618,0.6980160249326234,0.9519249560289234,0.8748613268249394,0.6949194804357028,0.6741932421714039,0.5530704776593676,0.9824309721652952
1.0,0.5586756077116513,0.5997564776181483,0.4842839682504755,0.513886586349415,0.6948788111803743,0.9366816494039476,0.8979809185711116,0.6823138580319159,0.5671689739667771,0.5646605876845664,0.993641640571298
1.0,0.6352333053925677,0.5919792908228705,0.45910717768930503,0.5174916515066575,0.7244032279605154,0.972249364862224,0.9845203757118558,0.6725138654778648,0.5167147170918793,0.6036185309034658,0.9712132279699844
1.0,0.6515786532550992,0.5832376552959062,0.42871791850426944,0.5192274793736592,0.0,0.9706859487981238,0.8161896309444565,0.6630622474172148,0.4696198548321775,0.5124633293131329,0.962203860305984
1.0,0.6837105336686224,0.5768497396168097,0.4109760901456124,0.5185354822095728,0.7269325656074207,0.9890560875512996,0.8031876340507358,0.6574659664555011,0.4727883923082806,0.5082963553221135,0.9848906208484638
1.0,0.6413802738195026,0.5720364989954358,0.4028846481197895,0.516040269574172,0.6712862344035991,0.9208520617549348,0.7343317801937725,0.6495661192653437,0.4553438322773919,0.4808275601150728,0.8
1.0,0.6258731489242805,0.5681906338204112,0.3958997390263874,0.5177387861309173,0.8154654922729591,0.920265780730897,0.7708083721618224,0.6448676195969316,0.4396736675124479,0.5089784232221323,0.8900516913031652
1.0,0.6482257613858621,0.5644499935627709,0.3888249947851825,0.5160247250176991,0.8264884483659445,0.9903232448013176,0.8330227054211969,0.6352369636452586,0.4073283242858366,0.4950439065982821,0.9793597533327294
1.0,0.5923442302319084,0.5599773442114749,0.3774905434300544,0.5124047690226847,0.6400487517140122,0.9649625385632437,0.9046963981954,0.6242545259812617,0.3546704965599685,0.5306200806673516,0.983891658114646
1.0,0.3572226879016484,0.5567794209969819,0.3740381628078441,0.4961678348088758,0.5761842979866589,0.8289273776967484,0.7578729383921305,0.6167622577097298,0.3296019351605704,0.4971696802356238,0.7811755509231684
1.0,0.3635093601564682,0.5562928971868708,0.3815914007992535,0.4966024373219326,0.6272432567553865,0.8562746885445152,0.6994674950077657,0.6170666911629206,0.3425946631016312,0.4532293035576046,0.786982578916021
1.0,0.3977367979882648,0.5560582320188978,0.3868662929589959,0.4997002924067777,0.6059430806194219,0.9495594044363412,0.7362473189852822,0.6178857213472506,0.3424877869187598,0.4754140561893678,0.9670562835020842
1.0,0.368538697960324,0.5549116952865973,0.3894279950515588,0.5004239919644098,0.5600552480869349,0.9106654512306284,0.5894904223060425,0.6132602937095553,0.2987735330689682,0.4468572987343766,0.9601777699551176
1.0,0.3477228276054762,0.552290050416304,0.3826526925716077,0.4987011358893094,0.6005067981625196,0.8574901245821935,0.5890318763405075,0.6121686292351649,0.2928050813576341,0.4469243428916176,0.9050779510022272
0.0,0.3795753003632298,0.5493272088534049,0.37323285936071615,0.4985003328490267,0.5733905280576967,0.8793679732604069,0.5354929369129501,0.6111303390701976,0.3036599262867288,0.4185667279781891,0.9300445434298444
0.0,0.3692372170997486,0.5464017613777179,0.3620534926086141,0.5012982479283703,0.5953703199939707,0.8596171376481311,0.4436358257525331,0.6103766447847874,0.3287090374246249,0.4258950706479193,0.8232770883942837
1.0,0.37482537021514384,0.544450183660945,0.3539464600361684,0.4981208013062984,0.5550559031575671,0.8705560619872378,0.4760150876414465,0.6090479232256021,0.3047205125114624,0.4406289133486939,0.8384339136544614
1.0,0.3720312936574461,0.5428972074032528,0.3540389739111298,0.4980201466288495,0.5552636447310282,0.8538438164691583,0.5112417720582796,0.6039779595566563,0.24493082083815004,0.457308940901581,0.7979168621563288
1.0,0.3408773400391171,0.5415426328945436,0.3614662401864071,0.4985422401425289,0.5770554900617468,0.807353388027955,0.5054359884623918,0.5975368616077403,0.16353532178382027,0.4545951107433999,0.749160176409871
1.0,0.3276054763900529,0.5409817393811696,0.37780912673152856,0.500996341447995,0.5782221076399497,0.783348526283804,0.4855927815989942,0.5944928160487617,0.1391766879082536,0.44483597019264093,0.6173594820305899
1.0,0.3450684548756636,0.5395290617869803,0.3800624671014725,0.502609289150996,0.5888007280995528,0.8353084168945609,0.3702906589749277,0.5936033513222354,0.1428485156942838,0.4445954196707744,0.5833911982734351
1.0,0.3213188041352333,0.5377649997669589,0.3767721027480003,0.5006535471083716,0.6014017800125789,0.7651169857186264,0.3334368759707121,0.5971903389877982,0.1855177773398051,0.4247663594191852,0.4812799099183637
1.0,0.2668343112601285,0.5357243948694259,0.3697152381037445,0.4990954015671645,0.5955229384133326,0.6475235490732298,0.09010428222764556,0.5991816563492591,0.18823969347952152,0.3530415974934084,0.14768271219933976
1.0,0.3161497625034925,0.5346675154261438,0.3771549324087184,0.5007496008132241,0.6024658476095294,0.7468854451534485,0.2834109903113675,0.6071203277230974,0.2265357764330248,0.3919198943865884,0.401064709380757
1.0,0.2915618887957531,0.5341239344962605,0.3843985253419544,0.5020766877819106,0.6107406018105322,0.6958371315709511,0.3134235633459063,0.6067192613698198,0.2293892681090463,0.4086907176547804,0.3682530933143797
1.0,0.2622240849399273,0.5338760889973373,0.3933807296451499,0.5022629554068342,0.6092120809145573,0.6706168337891217,0.267176983950891,0.6065614444501006,0.24945968211772346,0.4359746232685392,0.3365729122847736
1.0,0.2634814193908913,0.5357713037122465,0.4048358977439318,0.5024251769128559,0.6131701315714586,0.669401397751443,0.3460468900229274,0.6086492484621975,0.2633254843543303,0.4306056966362977,0.3370515963387923
0.0,0.2373568035764179,0.5369505422666796,0.41603938413336905,0.4987770531468084,0.6277717405409207,0.697356426618049,0.31884476000295825,0.6086633298410613,0.2319569387681427,0.4650454058630686,0.2864561423867476
1.0,0.14976250349259568,0.5384442224363817,0.4295078758543783,0.493093027579003,0.6135761947137506,0.5165603160133695,0.23359218992678046,0.6121933629080699,0.23141064220387844,0.4021409561916625,0.002117313785903468
1.0,0.17560771165129935,0.5381018154475055,0.4335299928636538,0.4959791535600101,0.6133934320394073,0.5846247341233668,0.28338140670068784,0.6220990870305123,0.230466103257186,0.4243841225639508,0.02091396975117926
1.0,0.2120704107292541,0.5379731429564683,0.4395954005565553,0.4964127812160041,0.5937897406459464,0.6444849589790337,0.3807410694475261,0.6319376923965894,0.25702330183140554,0.4294914113646137,0.08375625572707363
0.0,0.22282760547639008,0.5368673907818269,0.4381192726861113,0.497366737093314,0.5837710252813616,0.697356426618049,0.3949633902817839,0.6416987176336735,0.2747716734936171,0.4372514644957389,0.046088991084755136
0.0,0.2868119586476669,0.5354141345445411,0.43546533673259546,0.5006221261789325,0.5946194329232098,0.8192038893953204,0.3688558538569631,0.6517141989117088,0.327495680114992,0.4269861141844147,0.12978102189780946
0.0,0.26976809164571114,0.5333660225533452,0.4330656764615739,0.4991937888214941,0.5859651159295691,0.7569127924642965,0.3349530360180457,0.6566438094747775,0.3370472867308489,0.4560946712659299,0.0581995133819942
0.0,0.2806649902207319,0.5306765627970209,0.4250873374662341,0.5001011953812189,0.5936520669755009,0.8067456700091153,0.4831373419125807,0.6608862865866267,0.3300213485399396,0.4905655001739478,0.25577517288734153
0.0,0.30916457110924833,0.5292405009259109,0.4269973889752442,0.499733055175058,0.5770370110251889,0.8161652993011239,0.539997041638932,0.6613114919002092,0.32017349182169696,0.5226190050732307,0.4588013144342538
0.0,0.313355685945795,0.527291250190423,0.4215485329258485,0.4997560334230562,0.610127066591615,0.859009419629292,0.569255232601139,0.6630380124654864,0.3425288043185037,0.4888779390122708,0.4823924665260678
1.0,0.27577535624476096,0.5261244592405894,0.42424875105435467,0.4997154597359661,0.61548255756506,0.7857793983591609,0.4277864063308928,0.6654700038201964,0.3883621069149139,0.4624812165557535,0.3547746333807445
0.0,0.2752165409332214,0.5235843405450684,0.4150116923120818,0.4997987851560189,0.6280020763184485,0.7705864478881795,0.3530064344353228,0.67110889989593,0.43159646236747257,0.4772682396788946,0.3103143852077098
1.0,0.2851355127130483,0.5230173341072184,0.4194742536172099,0.5011266835771795,0.6193221544574573,0.7584320875113947,0.3130315805044004,0.6746222955638121,0.436514948647556,0.504931092296189,0.20388444749619852
1.0,0.2700474993014809,0.5230310297304579,0.42451465621748186,0.4985556477504885,0.6421388527449295,0.8125189911880887,0.4712817099326974,0.6779826890573066,0.4167120884964091,0.5348319248785527,0.5418117612438078
0.0,0.2978485610505729,0.5241339162228269,0.4337658900880605,0.5014286494993737,0.0,0.8817988453357642,0.5070408993417647,0.6764591599476497,0.3672679921608518,0.553765614095265,0.5305802148217177
0.0,0.33626711371891577,0.5215351861753448,0.4171850984306152,0.5052146455613914,0.6441450418417523,0.98328775448192,0.6209082168478667,0.6767320548084619,0.3474003537593604,0.6163593494635969,0.9431065770758748
0.0,0.32998044146409616,0.5180630659550962,0.39466023779405024,0.5052269769694717,0.6061129337057745,0.9996690933156852,0.5309740403816287,0.6699100889604503,0.2785585727787563,0.6161541998903295,0.8336486523539258
0.0,0.3165688739871472,0.5147874467852371,0.374052928989796,0.5040768156964212,0.5928512395779246,0.9711312520980196,0.5677316766511352,0.6641091528804881,0.21580529297304074,0.636159786685982,0.6603602862548338
0.0,0.3086057557977087,0.5134068341203535,0.3690642633067889,0.5067436195073663,0.6433520638842247,0.9979296066252588,0.6595222246875232,0.6578827351003679,0.14419606073331115,0.6363497960098807,0.7719283814537592
1.0,0.2673931265716681,0.5117821033929926,0.36707411199673545,0.50614531013848,0.6200868895498775,0.921107266435986,0.6368685748095555,0.6521540232102141,0.0967627269950655,0.6272346175281759,0.4805077311108677
1.0,0.2780106174909193,0.5098005358661302,0.3608719117711519,0.5036496612498313,0.6777887795523515,0.9252595155709344,0.5993861400783964,0.6524884324603881,0.0877539611519384,0.6034555589794611,0.5586429193233423
1.0,0.2576138586197261,0.5056998055016944,0.3408615041353513,0.5017002913582422,0.6743040128071048,0.8647058823529413,0.4684342874047779,0.6522092833787636,0.07750306870218943,0.5826656712083741,0.3793614568383416
1.0,0.2767532830399553,0.5023429420474332,0.3265875601381707,0.5042894730194489,0.6605125813262441,0.8384083044982699,0.5679535537312329,0.6577297671660916,0.10495978766129266,0.584011860980483,0.4123473637155032
1.0,0.2500698519139425,0.4999153622577474,0.3216442402649292,0.5052525736588508,0.7098003206132304,0.7754325259515572,0.3734708971229935,0.6607320120240441,0.10412336289834184,0.5464276266869319,0.29576735759828743
1.0,0.2829002514668902,0.4993485611442106,0.3290187820791303,0.508647533692792,0.7094854895084437,0.8875432525951557,0.3964055913024183,0.6683663353416059,0.1347987441294703,0.5050873379371815,0.3611509775780535
0.0,0.3185247275775356,0.498686280602409,0.33611881500809593,0.5125906980904668,0.7115230008861382,0.9782006920415226,0.5242807484653502,0.6725011287138489,0.1362694312692771,0.5129859314336837,0.7154083241182984
0.0,0.2833193629505449,0.4972100521623293,0.3366394912063072,0.5125580889080691,0.6466681949078574,0.99885801294252,0.515723689076252,0.6729056280213173,0.1385946334173953,0.5087659398299347,0.7540408912312082
1.0,0.21388656049175755,0.495662586630131,0.334186398098008,0.5087724269644811,0.6525512255301905,0.8299267258002315,0.3602026477331555,0.6731176964178556,0.13928591175342284,0.4820840402208539,0.4793308707620642
1.0,0.21556300642637616,0.49454560657849106,0.33061438155255096,0.5090387354337973,0.6527457982458933,0.8210566910914001,0.3624731898528216,0.6755633605875444,0.1490153282671242,0.4831373803774273,0.4774311090867688
1.0,0.1941883207599887,0.4934716708761533,0.3308758723554066,0.5102905724369077,0.6655013299028286,0.7736212880833009,0.4305672657347829,0.6772902507835981,0.13476436148106047,0.5188992294050627,0.409246185379185
1.0,0.23637887678122385,0.4929193264267948,0.33268254433095695,0.5152245091446876,0.7248548164510172,0.9012726571538756,0.5023223134383551,0.6784221070993364,0.11108832905872773,0.5519389104124685,0.7263493509451144
1.0,0.2488125174629785,0.4914763675001566,0.3303584758875373,0.5166568997901017,0.6233103793491407,0.941380640185114,0.6270468160639004,0.6774364337762253,0.09137381834122517,0.5630699853285388,0.9153268048280568
0.0,0.2314892428052528,0.489896350684844,0.32535808225113816,0.5148831051141577,0.7252248392643402,0.8804473582722712,0.6114488573330377,0.6747298351534898,0.07386872241973974,0.5543604067316535,0.9395809610567064
0.0,0.23889354568315166,0.4881714325601927,0.32378130101615743,0.5156878657430264,0.6749457841041442,0.9322033898305084,0.4367206567561568,0.6729348043928223,0.06503604856889439,0.5234290990187134,0.7661125028467315
0.0,0.22101145571388647,0.4866610297815632,0.32521674008942125,0.5138036655301054,0.727682001066246,0.8707134410721323,0.3859034095111308,0.6745607266558578,0.06895431501044152,0.5498057387515051,0.6126564222265446
1.0,0.2296730930427493,0.4846904572785564,0.32191836407079977,0.5148364485245025,0.0,0.8986992510839571,0.3576288736040233,0.6764620391574674,0.06804198004250689,0.5388785840046598,0.5945325292543635
0.0,0.26431964235820044,0.4824736588876868,0.31955695879407275,0.5153427601576138,0.7297348362247194,0.9743791880173432,0.3421492493158791,0.6792108628774765,0.0695620352553436,0.5336975679219442,0.5822934928328343
0.0,0.24839340597932386,0.4796327902742787,0.3066866906315392,0.513758281005359,0.7316632913715975,0.9629012088370154,0.1942755713334809,0.6795819826548826,0.04404451510131169,0.5153297546706406,0.35770954409412725
1.0,0.2075998882369377,0.4774046779985774,0.2977062105111772,0.5092006921890979,0.627916883960381,0.910681399631676,0.14586938835884894,0.6836360316441865,0.030404343469022318,0.4796945850023571,0.2106329188781623
1.0,0.15563006426376064,0.4754179312573665,0.2819548880980307,0.5065786029778109,0.6340389136388661,0.7403314917127071,0.07951334960431877,0.6896142810268633,0.02769496526390114,0.4851058356052829,0.09836669170385423
1.0,0.17113718915898296,0.4744477860159886,0.2758492745483188,0.5049541763846616,0.6078644797215114,0.7601289134438308,0.1177723541158201,0.6990530845236662,0.04412824712316349,0.5000298656309519,0.10256126482213493
1.0,0.17476948868398998,0.4729137760068329,0.26922748624128995,0.5053582186383528,0.5202918110286823,0.7886740331491717,0.20804674210487376,0.7070320535490724,0.058842388134596864,0.4865803075399328,0.2091458972230224
1.0,0.038977367979882736,0.4719917507667011,0.2689577706147081,0.4856087397410725,0.5499000927769301,0.3116942909760592,0.1326529102877001,0.7123609279533556,0.06260305017628638,0.4070222563412821,0.004913505362498248
1.0,0.11609388097233847,0.4713798003985792,0.2673607774434321,0.4967690170948506,0.5459634562852652,0.5768876611418048,0.2762443606242145,0.7233778029388434,0.10807448034652156,0.4778783118057048,0.2316228601960505
1.0,0.1303436714165968,0.4704907161518634,0.26544194378999875,0.4951611608010562,0.5470849675971737,0.58195211786372,0.2562162561940682,0.7278127812147093,0.13237383638474026,0.5229170226109794,0.19765116378026487
1.0,0.12000558815311525,0.4693009634023922,0.26160589809942303,0.4937209318455076,0.5535975302650354,0.5446593001841619,0.24794024110642696,0.7328316256930241,0.15962395044063155,0.5120366383760219,0.1501425471256546
1.0,0.14696842693489798,0.468573932562363,0.2604302801905378,0.4939625676467774,0.59187284707559,0.6279926335174953,0.2575918940906732,0.7378498851603803,0.17951635966517626,0.5179455333924333,0.20969320454448734
0.0,0.17812238055322716,0.4681060846276277,0.2616702320049077,0.4948018237729056,0.5812822914728222,0.7113259668508288,0.3676059463057468,0.7427148199074136,0.1972747064545175,0.5455509299659576,0.4086634611293145
0.0,0.1863649063984354,0.4677410456120026,0.26406039930914976,0.4958410738284417,0.5489896606030986,0.7651933701657461,0.3688188743436137,0.7436480395288441,0.19272739031889652,0.546367061078349,0.41470575720182135
0.0,0.13495389773679814,0.4674604508876095,0.2685532849500346,0.4923160843189649,0.5435956693377562,0.6109576427255989,0.3031210709267064,0.7465785661720616,0.2036353209091082,0.4638705909103169,0.15512105867835474
0.0,0.14473316568873987,0.4661327368465686,0.2676722981930766,0.4900527880752547,0.5436561185580167,0.6376611418047885,0.2888469787737593,0.7539551969366722,0.23071288730011086,0.4565867321631771,0.24494702353091385
1.0,0.1341156747694886,0.4641143898515996,0.2638593467153621,0.4887516704332759,0.5457479337995192,0.5395948434622466,0.23263072257969056,0.7604614165653432,0.24653115843257886,0.35858006335178344,0.06269945959746448
1.0,0.1478066499022073,0.4617706191565163,0.2594017208922695,0.48714359216309205,0.5792455585392317,0.5621546961325969,0.2973300791361587,0.7702871192963292,0.2781124714429196,0.3915987541857184,0.0010019060651968491
1.0,0.20424699636770052,0.4589069657689451,0.25187440397742084,0.4920017632781992,0.5730849271162325,0.7081031307550648,0.3935581687744992,0.7800570717879289,0.3065640262064282,0.4661115786159439,0.08976798653297308
0.0,0.22925398155909466,0.4557921895634027,0.2422460561070651,0.4960972765915019,0.6270001940039783,0.6998158379373849,0.3980400857924709,0.7857062505732109,0.3199551031093827,0.4704673719159299,0.14751518700139055
0.0,0.2391729533389216,0.4525262240329324,0.22908914819597875,0.4938882959950906,0.7357202723386936,0.7196132596685086,0.4495969233044893,0.7911544321218527,0.3256333264497091,0.4763968707627438,0.16492364645996996
0.0,0.31447331656887384,0.4511573888275773,0.225007181058642,0.5014557221752151,0.0,0.9194290976058932,0.4836032837807851,0.7959143894084619,0.3329209648503891,0.5152819365741238,0.3238399634724033
0.0,0.3037161218217381,0.4492817097293105,0.2216302882675602,0.5032661625158745,0.7369587083181991,0.9139042357274404,0.504171289105836,0.8000429777897291,0.3529764154282741,0.5415338597789385,0.8206152616859803
0.0,0.2796870634255378,0.44850628528825853,0.22219497278104994,0.5002631881641411,0.5595813518325659,0.9436545550289622,0.4484579542933215,0.8016037042470456,0.3731569676592758,0.5229035089995381,0.639603457041182
0.0,0.27088572226879,0.4485761263639714,0.2286703999209121,0.5025383190066328,0.4722724844235756,0.9354838709677412,0.4399822498335921,0.8029643286162005,0.39032412377132375,0.5142162597276443,0.6527116587323821
0.0,0.25314333612741,0.4488817876165709,0.2347911260582541,0.4991788819426219,0.5898060537854587,0.9722976643128732,0.4471858590340949,0.8036361725132659,0.40826230418491705,0.4732167932418301,0.5805652981225484
1.0,0.24839340597932386,0.4489007726150749,0.2422883795497393,0.5022583159754259,0.5371062717973295,0.9949209932279914,0.40378670216699897,0.8035642111333974,0.4150055442827158,0.4733887483111862,0.4633578906552918
1.0,0.22576138586197256,0.44759100607985824,0.2428612336372936,0.5029497094703419,0.5260359844009471,0.9108512825172204,0.40137563789660535,0.8043944744765399,0.4286945768442677,0.4688739686703083,0.3711059619699159
1.0,0.2170997485331097,0.4459829492222478,0.2424062623439812,0.5018757118940019,0.6559441764122408,0.8569043549367114,0.4241624140226312,0.8046693482899205,0.4180565040748844,0.4450857736165639,0.441943433005994
1.0,0.2500698519139423,0.4441352446467284,0.2369761245477892,0.5032588141768068,0.6565153599339902,0.9579838613507172,0.4717920272169219,0.8035573844149557,0.3914242158695857,0.4550797347940324,0.5296995108315873
1.0,0.2503492595697122,0.4419098330533455,0.22803678159254154,0.5034700296457769,0.6563775734195676,0.9347015031317609,0.5101397825604612,0.8015502136140908,0.35690453632757124,0.5004929661995705,0.4887270587369891
1.0,0.2609667504889633,0.4399891995305836,0.22030191847255826,0.5014295288236362,0.5393188382938386,0.9692396982008123,0.5242437689520008,0.7999671354831479,0.34123017973106234,0.4659582807898837,0.5436757512229227
1.0,0.24559932942162616,0.4363461368298017,0.2100690245651404,0.499433163858088,0.5073460542535279,0.8926291352292516,0.4966940315065456,0.7981636951817346,0.330255273536477,0.4344580585958861,0.34054213100886405
0.0,0.2817826208438109,0.4330861014170755,0.20165595983681064,0.505635820440804,0.5169706451182747,0.8971215351812363,0.5265069151689962,0.7982626744678525,0.327896653067966,0.4180285306195371,0.3449556806061269
1.0,0.27284157585917845,0.42986669723253135,0.19888844413581933,0.5045314984490755,0.5277002998323064,0.8518123667377399,0.5035500332815626,0.7985693172610533,0.31629749371515625,0.3927648396001675,0.22292103424179086
1.0,0.2862531433361272,0.4289640264602681,0.2041335521104965,0.5029215351701647,0.5521723977282068,0.900412796697626,0.5465572073071521,0.8005561291185004,0.31354306434426144,0.446397826739767,0.44918901026150265
1.0,0.2788488404582285,0.4291454897864171,0.21771050739478745,0.505402553475607,0.5257978414504689,0.888544891640867,0.5513497522372605,0.8013824621988709,0.311485648706106,0.4521452329209159,0.4136967155835093
1.0,0.2422464375523889,0.4293828229000904,0.22498604315405307,0.5030175337754107,0.5258515490757634,0.8250773993808049,0.4711411877819681,0.8023875939312384,0.3167689551781479,0.4000426217168635,0.2086873367906128
1.0,0.248113998323554,0.4299599494892605,0.2338073566676609,0.5002072653611521,0.5282239473216912,0.8431372549019605,0.496339028178389,0.8062041575408878,0.34146150897400834,0.3817656217217463,0.2592503700147988
0.0,0.24741547918412954,0.4288851959161222,0.2293033084610323,0.4998420140287784,0.5291265342578196,0.8679050567595459,0.4954958952740184,0.8093195115488994,0.3603922022179286,0.3807719150344308,0.2981319252770103
1.0,0.2615255658005029,0.4273196455996482,0.22543117201246374,0.4984098496542464,0.5534093833682289,0.8813209494324048,0.4377856667406255,0.8130807897864307,0.3942148647326886,0.3623563449228701,0.22924916996679684
0.0,0.2823414361553507,0.4260319960031624,0.22305886747598944,0.4980105923390306,0.0,0.9246646026831788,0.41831225501072383,0.8177727833121868,0.42672614179965707,0.3449493497982661,0.29329173166926586
0.0,0.279407655769768,0.4254983144769451,0.2279092173063569,0.4970163810151839,0.4881284038535851,0.963880288957688,0.4642556023962722,0.8212837960370023,0.4561993221669629,0.34380527140619177,0.5302212088483514
0.0,0.2734003911707182,0.4258668634148151,0.23677575460534805,0.4996251279892665,0.5989679187094662,0.9904509283819632,0.5141705495155686,0.8218279672484661,0.4571392692755509,0.3548517896149413,0.7596703868154726
0.0,0.25062866722548194,0.4250973930776982,0.2400422227974942,0.4998170441509213,0.5807476465167011,0.9455419113721304,0.5518674654241554,0.8201451564266597,0.4623768642326964,0.3520952432004719,0.8616744669786793
0.0,0.2497904442581726,0.42385008463534296,0.240405559734246,0.4999321153458394,0.6547159749732313,0.9129738387613456,0.5553657273870277,0.8168237758929053,0.4665618538087319,0.35628067207359576,0.8261130445217798
0.0,0.2696283878178263,0.421673142735062,0.2400644582189113,0.499304822953408,0.6063890697463095,0.9684997330485856,0.6124916796094964,0.8140710806318958,0.4642222065052735,0.3756436044857636,0.9760390415616632
1.0,0.2609667504889633,0.4207461781757032,0.24710320425913399,0.4984270107145495,0.5427844883390185,0.9424581005586592,0.5955106870793581,0.809379662911063,0.4504210013129185,0.4131256760448577,0.9684469103384024
1.0,0.2182173791561888,0.4200164301573808,0.25344914183279993,0.4952972898378112,0.5594490988330102,0.8446927374301674,0.6033799275201539,0.8066195166905656,0.4434641390284444,0.4221869298314393,0.9542457805907181
1.0,0.20215143894942728,0.4203102569343631,0.25702744839368985,0.4930927580974479,0.5473616359439043,0.7636871508379893,0.5223060424524816,0.8045225682166066,0.4551991194161914,0.3647479549838247,0.8311132031066125
1.0,0.1876222408493992,0.4199190510532971,0.2554848654919828,0.4944820041988798,0.5365747650566558,0.7284916201117321,0.4361733599585832,0.8041030566540182,0.4591830713819946,0.30778252103981546,0.4880333433592581
1.0,0.18259290304554335,0.4209400498019576,0.2649377646371805,0.497394613283514,0.517431373096745,0.7178770949720672,0.4394645366466978,0.8040980660342558,0.4586174529046753,0.3123352268650258,0.4702874575688567
1.0,0.15423302598491204,0.4210330045027417,0.2747645927833787,0.4962486406170473,0.5112724787973706,0.6871508379888271,0.4662007247984615,0.8037635221801421,0.43160647482990655,0.3480996855989113,0.3930305504232352
1.0,0.1480860575579772,0.4209378968490194,0.28699207386075165,0.4955058552665854,0.5102754538055309,0.6145251396648049,0.4189187190296578,0.8039510722011819,0.4146562299506157,0.3353653340461253,0.22498173849525105
1.0,0.1494830958368258,0.4203421268109411,0.28688655369040994,0.4957625010751906,0.5131321677659241,0.6089385474860335,0.4190962206937351,0.8069160170824401,0.4051446529362667,0.33556114245260377,0.2157865337515552
1.0,0.1350936015646829,0.4210929761126734,0.28232340302058434,0.4970618461274488,0.5073554138125606,0.5860335195530728,0.4089712299386137,0.8102691111975981,0.41522808501241787,0.32656491296045315,0.2194675613263032
1.0,0.12210114557138857,0.421887848772474,0.27827576345091065,0.4967105733675163,0.5138913271738643,0.5860335195530728,0.3752089342504252,0.8136144273625279,0.42374598181657774,0.333613270703019,0.14918739924186594
1.0,0.1328583403185246,0.4222626930836786,0.2768995991437745,0.4947455465229321,0.5083037921478379,0.6167597765363129,0.4274831743214261,0.817113532788903,0.4345018228395969,0.34460601678721986,0.1728459530026113
0.0,0.1391450125733446,0.4220407722308375,0.2822163504380383,0.4957603997164191,0.5117743445154747,0.644134078212291,0.45362769025959604,0.8186720705724595,0.4309775681242387,0.3817924520252608,0.14905715114592213
0.0,0.1290863369656328,0.4222136660501372,0.2860303112007302,0.4978755448646152,0.5578497927765029,0.6167597765363129,0.4542933214998886,0.8208956648699497,0.44176834746842697,0.3826158143710866,0.21206846533216936
0.0,0.15535065660799113,0.42361592727387865,0.2959219156876869,0.501985772513411,0.5611872452735337,0.743575418994414,0.4907773093706089,0.8221380357599499,0.4454895353253029,0.4239514924529144,0.5648970118944008
0.0,0.13299804414640976,0.4248924590591805,0.3057798046460065,0.5000416239218246,0.5515661459716753,0.743575418994414,0.5928629539235264,0.8221063027998896,0.4525274632324541,0.501419316236916,0.8105599071656528
0.0,0.1271304833752444,0.425353536066198,0.3094119316380089,0.4990390565251934,0.5349344773579943,0.7441340782122906,0.5521780933362915,0.8196633995315259,0.4408607903388944,0.4974744025887039,0.7937917029300837
0.0,0.13285834031852478,0.4243424384221419,0.3092883678083317,0.5000105563120966,0.5096154571712571,0.7262569832402239,0.5553731232896971,0.8184487143059436,0.4411588836107944,0.500836346638715,0.7350159559036831
0.0,0.12056440346465487,0.4216634910196322,0.29717400771035984,0.4982120390731706,0.5180071026988173,0.6564245810055871,0.5597662894756306,0.8157602221952359,0.4155923287077376,0.5055602558838033,0.5872352770525062
1.0,0.14403464654931547,0.4189867390439153,0.284548993592146,0.5021166622170498,0.5198180679684625,0.6480446927374303,0.5875231121958433,0.8127894174190728,0.3857551160769634,0.5323974412425987,0.561895901173308
1.0,0.1487845766974014,0.4167818486177337,0.2711833714462537,0.5030309437386621,0.5360967402084398,0.6156424581005588,0.6130167886990607,0.8113247407327995,0.3706127415240131,0.5555725382932883,0.4763446738719057
1.0,0.15786532550991894,0.4149148758316879,0.2613233166882597,0.5044276070303951,0.5519275122232621,0.6675977653631283,0.5809185711116045,0.8111684917471462,0.3739038591770113,0.5177891666441906,0.5568948525509826
1.0,0.1897177982676726,0.4144174134757228,0.2621426364118922,0.505975337329753,0.5600911671931169,0.713966480446928,0.5913541897788626,0.8119659644722035,0.3959203718070109,0.5267296669046139,0.5385508592661399
0.0,0.18860016764459347,0.4134759647618811,0.2590758803051639,0.5054469625457436,0.5572144902506847,0.7687150837988826,0.6555062495377559,0.8121026546529873,0.4027333584612624,0.5468294496018218,0.7677327317364468
0.0,0.1990779547359596,0.4148819779332032,0.2709329283563594,0.5034032581918008,0.4832731228801999,0.8027932960893854,0.7221359366910732,0.8116835291506219,0.41638731045686944,0.5728746847658671,0.9625354717342092
1.0,0.08242525845208147,0.4147312532031031,0.2717880860358247,0.4880914338739706,0.4940320752745947,0.4385474860335197,0.6527253901338657,0.8089322623812851,0.4019055866093637,0.5299784536422018,0.936342740390756
1.0,0.09192511874825368,0.4172059316305634,0.2875452154341295,0.4897313198331934,0.4880975804704659,0.4256983240223463,0.6289919384660894,0.8088763718255416,0.4154565951717813,0.5132372201411136,0.7635359468777942
1.0,0.06915339480301765,0.4184521787318196,0.2951162454498534,0.4858195933914811,0.4923854784466658,0.4608938547486038,0.5679905332445825,0.8095884817363264,0.4234362127203923,0.448882628717924,0.8468003207698469
1.0,0.06398435317127688,0.4196293176289832,0.3046491241693501,0.4886724515725042,0.4944619487047583,0.4497206703910617,0.5422453960505883,0.8107845673349738,0.44730108117252615,0.4774384735701002,0.8391659983961526
1.0,0.08396200055881539,0.4187988793075781,0.3027355574574292,0.4882783574958569,0.4928873908145501,0.4765363128491626,0.5250942977590414,0.8101363831165305,0.4541613958460722,0.463470463451444,0.8938893344025663
0.0,0.09164571109248376,0.4171232695602372,0.2946641306410089,0.4858425481285121,0.480682684879533,0.4815642458100558,0.5570667850011096,0.8089480071570665,0.4625132203178896,0.4377837745400008,0.9885805934242198
0.0,0.09681475272422456,0.4166189812557024,0.3031374897464457,0.4867567288023901,0.485760707641128,0.4541899441340784,0.5171067228755267,0.8059459770400849,0.44988185644472706,0.4573438754933868,0.9879829787234052
1.0,0.08046940486169309,0.4156369420690911,0.3093501972864836,0.487723420386572,0.4915897578811983,0.4245810055865922,0.4777531247688784,0.8038036435715796,0.4390440849504645,0.4764733441695743,0.8688286040952096
1.0,0.1004470522492316,0.4154647501445976,0.3253964684662887,0.4873701238463615,0.48572920005564296,0.4396648044692736,0.4771392648472751,0.8018158843896468,0.4265008182352218,0.4760745349662101,0.8746393827574644
1.0,0.10198379435596533,0.41477684041690255,0.3273265211116807,0.4876128657548433,0.4790756132632385,0.4525139664804471,0.5079358035648252,0.7992134084993321,0.41186847672958377,0.4503510058847551,0.8496207746808571
1.0,0.08927074601844091,0.4148564112530884,0.33486271793322303,0.4892669945759874,0.4907743671906133,0.4027932960893856,0.4316248798165821,0.7952650974352424,0.3949723100835635,0.4333092114604871,0.5509535253909306
0.0,0.1166526962838781,0.4145450441956444,0.33607353159291964,0.4901202765098893,0.4808261128036241,0.5067039106145252,0.486184453812588,0.7949393120990325,0.3808819569854848,0.4301600357592675,0.7136302631168266
0.0,0.10729253981559084,0.4148644197338521,0.3430844315741621,0.4886865343002819,0.4847095072654452,0.4385474860335197,0.4802159603579621,0.7925409415950115,0.3707135384536818,0.4245197978619861,0.6685289803052538
1.0,0.08563844649343386,0.4173975940748165,0.3619369823897188,0.488645444696808,0.4850902353650624,0.4173184357541903,0.4528880999926039,0.7916518424649809,0.3755388206725044,0.4470186759256587,0.5704922126158729
1.0,0.03772003352891873,0.4202596308991078,0.3818662841859809,0.4843808645538657,0.4876374713089969,0.3748603351955308,0.3742030914873162,0.79151985344924,0.3955684713017456,0.42055669003689616,0.4108430350510315
1.0,0.010338083263481346,0.4221908161232775,0.3943357517839221,0.4796255883231129,0.4917802161507645,0.2541899441340785,0.3357296057983876,0.7930255692102439,0.4188558947793716,0.36491144540097337,0.17915665282936571
1.0,0.02752165409332214,0.4220447083432177,0.3935846995217169,0.4788495051391646,0.4858738382858221,0.3083798882681566,0.3907107462465794,0.7959520234538578,0.44645191603269707,0.3714298535283893,0.3384000749087049
1.0,0.028639284716401186,0.4217262634634533,0.3922293272883128,0.4790109601054514,0.4964843606724069,0.2871508379888273,0.3865542489460833,0.7963787981600698,0.458311061512099,0.36428589619359053,0.2251006585723644
1.0,0.030595138306789574,0.4214726028640843,0.3923568367016246,0.4793313936540812,0.4873190477594926,0.2798882681564245,0.4330670808372159,0.7989088496502197,0.4761928504515405,0.423119805261216,0.1699803364649333
1.0,0.024867281363509183,0.4216230845040094,0.3944808206754735,0.4783137956677981,0.4793764150312388,0.2441340782122904,0.393358479402411,0.8022122591186684,0.4935205871539475,0.4269099103573339,0.003162992982109439
0.0,0.04484492875104789,0.4213133981851269,0.3921937755736792,0.4817611266131408,0.48494666085383503,0.32737430167597803,0.4745285112047925,0.8091351436179293,0.5301363455361616,0.4597358682252621,0.2255489021956108
1.0,0.05169041631740714,0.4210945015757379,0.3893771546712026,0.4829291159266546,0.4653275149454369,0.2994413407821233,0.4394571407440284,0.8130933388583157,0.5550162059235522,0.4692981567631591,0.1469917308240684
0.0,0.06733724504051422,0.4205643512241672,0.38693731319341496,0.4856280580826969,0.4667074805730573,0.3692737430167602,0.5238074106944753,0.8188306172027155,0.5973733045683387,0.5181520429269354,0.31074449201211
0.0,0.0864766694607432,0.4198853722925933,0.3855706206863584,0.4852078915314329,0.4705898709862494,0.4223463687150844,0.5468826270246283,0.8203688314865631,0.620486476736959,0.5524997883970199,0.4800563850892756
0.0,0.11371891589829562,0.41863525079732455,0.3648801181731193,0.4861821401683066,0.4679770635721591,0.4759776536312852,0.5931218105169739,0.8209299664414895,0.6383130855070827,0.575322665343606,0.7239486416077403
0.0,0.11832914221849675,0.4202224389831761,0.3595675182403306,0.4870019631253319,0.482954296429413,0.4681564245810058,0.5874491531691446,0.8197008169955609,0.6292743605525243,0.5687548346271672,0.6601693338295489
0.0,0.08619726180497347,0.4219239948070317,0.3602496039655878,0.4813509341352231,0.4775471716322186,0.5379888268156426,0.6267287922490941,0.8199857129247663,0.6259101496661064,0.5907244695526984,0.8279214737625615
0.0,0.10463816708577807,0.4230893271799441,0.3755527629272872,0.4806773588976684,0.4748703861859746,0.5642458100558659,0.6026033577398122,0.8193218187551652,0.6107163673461647,0.536513395510418,0.8919333829549662
0.0,0.1223805532271585,0.4208891551598637,0.3695430654420474,0.4799036937722886,0.4750097949500598,0.5759776536312855,0.5925375342060495,0.8178280612426712,0.5917454876418893,0.5166899862023207,0.942128768142908
0.0,0.12517462978485602,0.41980437891319067,0.36318850666785263,0.4804802815758421,0.47654453951197,0.539664804469274,0.601124177205828,0.8156396155150261,0.5862956126600134,0.5272292024424724,0.8085944830174507
0.0,0.11846884604638172,0.4190761237581013,0.36136400385891576,0.4792589690953276,0.4716903098485593,0.5519553072625699,0.5821980622735005,0.8133796296083801,0.5943602498082637,0.4940239356554943,0.8437324075811578
1.0,0.123917295333892,0.4186009836779141,0.36019402756659635,0.480213070902377,0.4729597373530581,0.5363128491620113,0.5818948302640338,0.8124083682159307,0.6170488056585304,0.4940705225738165,0.7421655094764492
1.0,0.12824811399832364,0.4178339019206261,0.36019674069387075,0.4809696441758306,0.4770746017021108,0.526256983240224,0.5340285481843058,0.8104052160328845,0.624700221691714,0.4784094460026543,0.7122349408894718
0.0,0.14040234702430845,0.4176113875026881,0.3585423334208417,0.4829030668332917,0.4722820277968091,0.5905027932960895,0.5839878707196213,0.808280662070666,0.6255466135586611,0.4800969570294613,0.7382248076562196
0.0,0.13942442022911414,0.4176700879681681,0.3600196936245108,0.4864572259337405,0.4741125340223285,0.5888268156424581,0.6629761112343757,0.8042226220984721,0.631668914171541,0.5187502614467978,0.9973728654531788
0.0,0.1350936015646829,0.41743206981104186,0.3620401103220323,0.4894847542108775,0.4730393704235954,0.5754189944134082,0.6633311145625329,0.7981493896884313,0.6248086735282217,0.5196848339861626,0.9555119118777252
0.0,0.13551271304833756,0.4163100817823005,0.3598025381271789,0.4895719185779283,0.4763418382102844,0.5703910614525141,0.6690333555210413,0.7919559153499709,0.6026144401310909,0.5251271550093154,0.9917447676394899
0.0,0.1525565800502934,0.4148065346360443,0.3554512644665552,0.4887349510141218,0.4651707211766608,0.5726256983240228,0.7015753272686938,0.7861459925142076,0.563729987534229,0.5519214222644839,0.9991421021927868
1.0,0.12727018720312935,0.4131197547423969,0.3474240186441009,0.4848292657751284,0.4626424106393343,0.4463687150837991,0.653583314843577,0.7816091226263129,0.5348518773381196,0.5151744054972408,0.774492700394823
1.0,0.1306230790723665,0.41264554578198,0.3422325511744929,0.4854253725747358,0.4682014206383472,0.44134078212290506,0.6463649138377341,0.7800806272921743,0.544198428775764,0.5021805180301468,0.8267376733082369
1.0,0.13243922883487014,0.4130154868641924,0.34366075688793785,0.4857185305766334,0.4806250504116888,0.4530726256983244,0.6615560979217519,0.7786392457068751,0.5443013369943439,0.515940578837562,0.751813423928016
1.0,0.14221849678681187,0.4134211453969565,0.3436590511226917,0.4872061742483099,0.4682249326711224,0.5296089385474859,0.6597441017676203,0.7775345138432956,0.5471994516200823,0.5115788146581466,0.8294922413001558
1.0,0.13369656328583396,0.4145747844779271,0.35110169971802274,0.4859131315837355,0.4674078119937386,0.4815642458100558,0.6431994674950074,0.7748588271086105,0.5222946632405123,0.5429831856300429,0.8088329813607562
0.0,0.11595417714445372,0.4120276047078535,0.33653782765879503,0.4827013397759373,0.467804368241309,0.4826815642458106,0.7079505953701651,0.7720073667636127,0.4939785747478895,0.5403941381494961,0.8125975576163816
0.0,0.21821737915618886,0.4102102680538142,0.32522578559173354,0.4965438419514322,0.4714611132888686,0.645251396648045,0.6846165224465643,0.7688756121960338,0.4744457801041313,0.5719054330938398,0.7846661680893311
0.0,0.21682034087734,0.4069649929666599,0.3115083669506864,0.4960073535279072,0.4795671219123237,0.6837183718371835,0.650166407810073,0.7682270619337785,0.4599500212210966,0.5795795840091579,0.769089924439745
0.0,0.2028499580888517,0.40473928865085496,0.3038805203152504,0.4939742215506566,0.4746926175743634,0.6265126512651268,0.6138081502847428,0.7684281934175667,0.4591609374960735,0.5926655205678429,0.7251205611573888
0.0,0.2475551830120145,0.4021285431532846,0.2956980940810736,0.4982084812430474,0.4724090524367222,0.6511318242343543,0.6119961541306116,0.7702181002557584,0.44563284038727735,0.5896438107685893,0.8447275446785463
0.0,0.2405699916177702,0.3987324762250064,0.2791896217667486,0.500913977782274,0.473314831135421,0.6704172526957336,0.5545151985799871,0.7702244794764288,0.4432828527037286,0.5363519302354607,0.9076514428656174
1.0,0.24629784856105064,0.397428110543866,0.272514400169107,0.5022208119875855,0.474364426292196,0.6436943272386313,0.5087567487611862,0.7674430642740147,0.424969761446636,0.5506805776844798,0.7999329499445547
1.0,0.26390053087454585,0.3957256414400627,0.26362556666842146,0.5014808180422771,0.4771663128199681,0.6919475655430712,0.595421936247319,0.7639328345115974,0.3950669263677074,0.5666492445350451,0.8852412512571884
1.0,0.2407096954456553,0.3944520006489145,0.25893965465180885,0.4983457891821143,0.4748650279793386,0.6067766384306734,0.5984394645366466,0.7586786331415865,0.3516003539352488,0.5689418549774802,0.8409191800496145
1.0,0.2511874825370215,0.3931868900456268,0.256386973632848,0.4964611366793078,0.4601145544865725,0.6317657497781722,0.6209082168478663,0.7540547630238326,0.32386138183245183,0.5877780516083727,0.9932628280454371
1.0,0.2412685107571948,0.3929298007239535,0.2568246019489536,0.49526717846039003,0.4601706672408165,0.5824989116238577,0.6192367428444641,0.7475502887566474,0.2800509095318641,0.5876982030686534,0.9773438939031126
1.0,0.2183570829840738,0.39301453239691103,0.2612138356385289,0.4947571025126527,0.4607839054693777,0.5497177594442035,0.5749204940462989,0.7402361302295517,0.2237787080246418,0.6045581791112958,0.8190581445324503
1.0,0.212070410729254,0.3940095018621301,0.2689137024518251,0.4974880019529778,0.4752191952025618,0.5314806773773342,0.6383477553435397,0.7348614831101359,0.18899966252144376,0.647008228949677,0.7494013630502849
1.0,0.20131321598211802,0.3943081126932493,0.27632888792273697,0.4991588822865546,0.4850950156843513,0.5193226226660879,0.6368389911988759,0.7310145840985347,0.17669827472078048,0.6466609026634993,0.6541413397187942
1.0,0.18748253702151424,0.3948590918816488,0.284026836362838,0.4970117274714939,0.4915039633439674,0.4702561875814154,0.5017972043487907,0.7298357956202175,0.1869421133613287,0.5967685373727271,0.4248787376435185
1.0,0.17337245040514115,0.3955400523572177,0.2916195839102963,0.49824051867697,0.4979704601852244,0.4398610508033003,0.4763700909696026,0.731206350993385,0.2031656327431723,0.6297178755213705,0.3768035856818317
1.0,0.15842414082145845,0.3964561667059057,0.3011783700386089,0.4992161253305013,0.4936378677639051,0.4142422926617456,0.5397529768508244,0.7307557988974476,0.2052342061439765,0.6227432394637058,0.4591698900963953
1.0,0.15367421067337236,0.397754556398128,0.3062757192369904,0.5021130403421955,0.4911655933446942,0.40165002171081177,0.5444123955328746,0.7307208580725082,0.2194324441766018,0.625971365637612,0.3209615030392331
1.0,0.1510198379435597,0.398725596685519,0.3101583399135697,0.5014184413655343,0.488946137923683,0.4242292661745552,0.4765623844390208,0.731876879470041,0.2218800005198737,0.5824836307577068,0.4063977405292571
1.0,0.1506007264599049,0.3997147510897237,0.30856569231312925,0.5013520863624964,0.5124087005518807,0.4224924012158054,0.5410842393314106,0.7344189915398884,0.23095301149988,0.5721399348394468,0.4543500951679256
1.0,0.1335568594579491,0.4001425819435711,0.30747908576577143,0.502124876691541,0.5040304810619021,0.37559704732957017,0.4363508616226608,0.7364486864329742,0.2210364564603394,0.557571644306621,0.189353472094308
1.0,0.13970382788488406,0.4008883080997805,0.3070619252261676,0.4995428758088309,0.498436405622353,0.3925314806773774,0.3393683899119887,0.7407042894275968,0.23324867395015175,0.5090941907280292,0.16991044020380394
1.0,0.13202011735121538,0.4018058905795754,0.3156276292534871,0.5018477477431419,0.5090274006467568,0.37863656100738174,0.4810073219436434,0.7469678093725678,0.27947238263683044,0.5395713343680885,0.2982056394189688
1.0,0.1321598211791003,0.40296478969256255,0.32174872881576444,0.5017699416620109,0.4879130934369614,0.397742075553626,0.4044301456992821,0.7510926752079337,0.3169325502449177,0.5051718978360406,0.3998227792018722
0.0,0.13970382788488406,0.404080371059935,0.3286355936294285,0.5030809191224059,0.470249663506285,0.4303082935301783,0.3520227793802229,0.7573702087551364,0.3673134241378492,0.4851026339065171,0.4811569521507434
0.0,0.1799385303157307,0.4046538904664783,0.3312839565386455,0.5100609038099571,0.4882863455835571,0.5653495440729486,0.4271651505066193,0.7602583353787521,0.38719647437462507,0.5164352865591826,0.6269274248247788
0.0,0.20871751886001672,0.4057634956214462,0.33931864571536186,0.5114054698104398,0.4732593041680047,0.6469821971341729,0.4540936321278011,0.7589543419859701,0.3854281126865379,0.4788730992536255,0.6723716934207553
0.0,0.16485051690416325,0.4062864857665301,0.3422843504314035,0.5072559295683794,0.4818339837394965,0.5727312201476339,0.3284224539605056,0.7564850610115026,0.3932267906137277,0.4692324317700433,0.4822292561609759
0.0,0.1725342274378317,0.4071547892638141,0.34569019287226155,0.5049255548804417,0.4890635663456394,0.5861919235779417,0.3132164780711487,0.7573840243769911,0.4251945927264403,0.4601716097190068,0.3864197023271108
0.0,0.1874825370215144,0.4071127276839972,0.3498461354408997,0.5038471331680864,0.4738106646578562,0.6313504125054278,0.3372457658457215,0.7578007905469528,0.4525439007714184,0.4212379934966111,0.4438985280815719
0.0,0.1624755518301202,0.4066721578444736,0.3502112630728308,0.5033583026272972,0.4723257298258593,0.5653495440729486,0.2931661859329928,0.7582259227406938,0.4859894492534678,0.3941661094194242,0.3210673464353257
1.0,0.1715563006426376,0.4066468190748542,0.3536327516631176,0.5013210365612326,0.4765697352116243,0.5675206252713854,0.2558686487685817,0.7603818920043572,0.5258578757086907,0.3804891836147216,0.29444712871995765
1.0,0.14920368818105614,0.4060740914470409,0.353666502872506,0.5011804517407854,0.4805680510052576,0.5097698653929659,0.19946749500776567,0.7613121684785957,0.5315938537566117,0.339850162955471,0.10037400905495553
1.0,0.14934339200894106,0.4056325244923271,0.3594759407382164,0.5013209466254823,0.4847714512941508,0.4910985670864089,0.24305894534427894,0.76508491570936,0.5263510840038603,0.3670758796757832,0.04849591095363345
0.0,0.21989382509080752,0.4050358667469605,0.3627449329910275,0.5101864838271866,0.4860773111439111,0.6821537125488494,0.3362029435692627,0.7700029054918229,0.5253343518812661,0.3617693110127056,0.2416026914335817
0.0,0.2260407935177424,0.4041043081058986,0.3623513782090294,0.509332436737189,0.4890498834156807,0.7012592270950936,0.3793210561349015,0.7721798560284174,0.5150530976189887,0.338198187834287,0.27510244984878585
0.0,0.20801899972059235,0.4036473552947575,0.3624573704024957,0.5065204303073796,0.4881405016577552,0.6387320885801131,0.3732712077509061,0.7733414573988411,0.4947514421112375,0.33370138398370386,0.16483654953917082
0.0,0.19796032411288075,0.40331022953346896,0.3581784872007933,0.5085668314541677,0.4797430877541192,0.6100738167607472,0.3734782930256639,0.7764144517115876,0.4585491315244917,0.33281345546373403,0.0724546370967742
0.0,0.24364347583123766,0.4036226664133038,0.3533640669729934,0.5130889230643483,0.4786816722600857,0.7490230134607033,0.5087715405665263,0.7834600455541596,0.4737704500112601,0.3534366132440808,0.18067748881895024
0.0,0.22268790164850505,0.4037402839847417,0.3526705124858497,0.5129555103026346,0.5038819460528671,0.7103777681285278,0.4127801198136231,0.7878184483281898,0.4893502888809826,0.3498113554325332,0.03238363425542461
0.0,0.2282760547639005,0.4033826709614952,0.35206463520439857,0.5138006920978561,0.5117679381708582,0.7420755536257055,0.4345684490792103,0.7971802762287123,0.538732991164935,0.3610796937721281,0.06986771411802044
0.0,0.269907795473596,0.4026006497461667,0.3488808133375063,0.5176933321667299,0.5055783422906881,0.8341293964394271,0.5092522742400708,0.8035360936354248,0.5768117432989791,0.4032413478644423,0.3868346200731419
0.0,0.23512154233025995,0.4012995471824661,0.3384744254471652,0.5157762977563184,0.5050329469456551,0.7329570125922713,0.44144663856223615,0.8037722192737099,0.5832293130231085,0.3553364532312429,0.04602916610230779
0.0,0.26390053087454585,0.4008888608594261,0.3417472596994221,0.521051142206768,0.5490090734250932,0.8228397742075554,0.6050883810369061,0.8090568648922609,0.6082867868166315,0.4219828874436368,0.35225066594428805
0.0,0.28876781223805537,0.4007506513191101,0.3526374698857616,0.5218827123409231,0.5268324783162999,0.8979591836734696,0.6856519488203536,0.8110828968470631,0.6149351816244715,0.5028303301021824,0.6224434511716108
0.0,0.2838781782620843,0.4007293495435478,0.365604181881403,0.5203822522000817,0.531382882409029,0.9205384281372124,0.6636417424746689,0.8097221275628972,0.6182986292318343,0.4764983946829152,0.6236173190663229
0.0,0.2608270466610784,0.4005314100258757,0.3716889684197915,0.5200816988971974,0.5438293825802022,0.8688666956144161,0.6817617040159751,0.8082510082501988,0.6332196931501942,0.4888899719988621,0.5867985010609965
0.0,0.2781503213188041,0.3994923590659154,0.3722588452562675,0.5195472585256905,0.5492661963975114,0.9135909683022148,0.7418977886251019,0.8053453082129214,0.6302504051828204,0.5622121313563985,0.780531852453835
0.0,0.2816429170159262,0.3974555066683483,0.3724666661139221,0.5203368549975593,0.5447099605063758,0.9049066435084672,0.7947563050070259,0.7984455055537156,0.6143051403358295,0.5940853694344511,0.796060393960603
0.0,0.29379715004191115,0.3954581143497625,0.38497769100049095,0.518946127083817,0.5367582748077889,0.91272253582284,0.854944160934842,0.7906312870664622,0.5865822367884984,0.6257814786343822,0.8190052169184493
1.0,0.29798826487845764,0.39432498386433296,0.4047067801081805,0.516010570348094,0.5359807216691732,0.9183673469387756,0.8629613194290366,0.7820710501855572,0.5581509089499573,0.6296278188954173,0.8252735731603437
0.0,0.3003632299525006,0.3925589227931423,0.4169842346772409,0.5158730327707596,0.5372609584361119,0.9612538093164996,0.9604984838399528,0.7728491014546066,0.5151336710256856,0.6661590631596839,0.9682920024289776
0.0,0.30916457110924844,0.3907576098855061,0.4153637461658256,0.5181597367487387,0.5038732869514061,0.9524023349797932,1.0,0.7631853556010022,0.4793014570015214,0.6834386093236637,1.0
1.0,0.3030176026823135,0.3886779413483021,0.4127691081029677,0.5172866073437095,0.5012095162002526,0.9295015716210144,0.8129576214777016,0.7555333827801156,0.4525623251943265,0.5452587797661113,0.9852430016758746
1.0,0.27451802179379714,0.3876694696425098,0.4100408380353031,0.5162735407521161,0.4946995629772766,0.8509205208801075,0.7476739886103098,0.7505715039679395,0.4391791404731476,0.5446297798613264,0.9911473144711682
1.0,0.27703269069572506,0.38703090682674457,0.4081668997774801,0.5130346345463088,0.4849203154899693,0.8527166591827572,0.7976776865616448,0.7457870943503053,0.4338203773157588,0.5685608483593668,0.9875301483039975
1.0,0.25859178541492034,0.3861541972600451,0.4035799785899159,0.5136847496896391,0.4786518887706224,0.7997305792546022,0.643169883884328,0.7418327816878048,0.4381753692376968,0.5220972636987421,0.931280836089056
1.0,0.2507683710533669,0.3854638100548442,0.4020119639439581,0.5124301781944528,0.4832164386586157,0.7741356084418499,0.524842837068264,0.7420160272735923,0.4774239023035446,0.5121039334089289,0.8400325381527523
1.0,0.23190835428890744,0.3841720899213337,0.3881569695558742,0.5093440465145451,0.4685388568006945,0.7099236641221371,0.4571925153464983,0.7412462475853743,0.5075035988544812,0.529001769090226,0.7279881165007341
1.0,0.2486728136350936,0.3836641590566381,0.3738049210449351,0.5089890487125879,0.467022326697934,0.7301302200269418,0.5200798757488353,0.7418829473325261,0.5331189454716116,0.510050897057233,0.8308546570231132
1.0,0.2400111763062307,0.38381795405752817,0.3700355263526587,0.5067991133210736,0.488013351081161,0.7386618769645259,0.4972487242067896,0.7402013513902552,0.5419385767617396,0.4987618845314497,0.8765318573272741
1.0,0.22813635093601556,0.384062410196371,0.3695059374584925,0.5040005760957584,0.4877855197545829,0.7409070498428375,0.5054507802677319,0.736501912589212,0.5273840595487312,0.5027785881427189,0.9882357286645614
1.0,0.2165409332215702,0.3828670410247934,0.3607597257202121,0.5023377456692663,0.4846371401675047,0.6762460709474627,0.5313216478071149,0.7307846016993849,0.503047491442891,0.5154029937155833,0.8745864274685693
1.0,0.2165409332215704,0.38280024803356616,0.3535465611810834,0.5028765198071706,0.4820927817869643,0.6259541984732826,0.4411434065527695,0.7267611727951435,0.485190284366609,0.5203117381881213,0.717226674509227
1.0,0.17937971500419098,0.3828236543701151,0.3530279184596222,0.4985332453171827,0.4791388223675893,0.6048495734171526,0.4039272243177279,0.7266456180826533,0.4848518729257934,0.5037168167723023,0.7323336560062828
1.0,0.1985889913383626,0.3830628811092085,0.3570605432764269,0.4985739245809486,0.4818751943674442,0.6376290974405027,0.4504030766955107,0.7252884241262822,0.4792324644813454,0.4761832689736281,0.7857012717268521
1.0,0.18259290304554346,0.381613225271336,0.35308469875078763,0.4961316972743868,0.4819032748253486,0.5433318365514145,0.4412765328008283,0.7213118288292379,0.4535925347955001,0.4711787036025809,0.7113471559231871
1.0,0.18343112601285266,0.3808496716999144,0.3525851789507555,0.4962683789264383,0.5013101748419038,0.5491692860350245,0.454907181421492,0.7187990943346934,0.445341510835696,0.4283211980891188,0.7195641875888201
1.0,0.17910030734842136,0.3809052240730429,0.3575671684850864,0.4955186566179187,0.5155435626518389,0.5330040413111807,0.4046076473633607,0.7149657788920076,0.4325348821397901,0.4010593534236885,0.5806763108989547
1.0,0.15493154512433646,0.3806445332507709,0.3641033325615904,0.4947111383034977,0.5026339238297132,0.4625056129321959,0.40423785222986464,0.7141739254206609,0.4380713378013825,0.3995506603988375,0.4241518784389468
1.0,0.1582844369935737,0.3812010507834973,0.3703677620227871,0.4954678485922489,0.5184432490378871,0.4548720251459363,0.38407662155166056,0.7158277421768746,0.4477646673471671,0.4380472154112123,0.4041285573734651
1.0,0.15101983794355958,0.3812939165495757,0.3697171640245965,0.4937201761532025,0.521503258890196,0.4665469241131564,0.352814140965905,0.7193937371516991,0.4628177783957765,0.4171456592693963,0.27096162955945113
1.0,0.12196144174350372,0.3820276124160389,0.36956780134070943,0.4881970707918457,0.4743359915986116,0.3515940727436011,0.3022483544116558,0.7260645036078865,0.4980042762611978,0.3797544090697534,0.000246984728110754
0.0,0.17337245040514104,0.3825089383525886,0.3722470859335029,0.4984447078217758,0.4762085329996853,0.5379434216434663,0.4066415205975889,0.7373230238171942,0.5581025424342951,0.4342462282585805,0.2495730494794721
0.0,0.2011735121542329,0.3832455688269705,0.3813520224804672,0.5040884757978847,0.4758517975557545,0.628648405927256,0.446128244952296,0.7435785384388847,0.6053352013745908,0.4587350781280064,0.4138963621476199
0.0,0.1655490360435875,0.3833740686749168,0.3850372030941549,0.5008023949589294,0.4865251880167595,0.5379434216434663,0.3865616448487537,0.7470769309071372,0.6370624556056129,0.4065163738068646,0.0005308597133359074
0.0,0.21696004470522492,0.38289782417816776,0.3822387564361387,0.5075522173725328,0.501738247963885,0.7027391109115401,0.5265734782930256,0.7541590049487976,0.6841953990088396,0.4663980284879597,0.12230532336119762
0.0,0.25845208158703536,0.3821032493602996,0.3770410092834332,0.5124870747414048,0.4937828503130425,0.7858105074090702,0.6266696250277347,0.7557590726337273,0.6911996315213185,0.5176617130677823,0.6255856003945106
0.0,0.2559374126851075,0.38138751144809535,0.3747468203873354,0.5114721474979831,0.463458060167721,0.8096093399191734,0.6832334886472892,0.7528531994162582,0.6684428910553709,0.5201417514807789,0.7823232672241031
0.0,0.2374965074043028,0.3824239063535615,0.3803891429268722,0.511542520034412,0.4580356827087538,0.7696452626852264,0.7188373641002884,0.7495574553445392,0.6490963808073549,0.546516163527969,0.7509078309078315
0.0,0.2200335289186925,0.3833169334525741,0.3890855354869233,0.5072520556098818,0.4742734722451061,0.7718904355635385,0.7364322165520302,0.7474677000036878,0.6256285125073107,0.5693117601933322,0.9102425292334346
0.0,0.2115115954177144,0.38381632193551,0.3941055398956146,0.5091578214654744,0.4578099535183053,0.7611136057476423,0.7567487611863031,0.7443038561916373,0.6088277248180959,0.6014177295248768,0.9869532265049812
1.0,0.18231349538977354,0.3838301378825009,0.39286636253316665,0.5038956253543226,0.4795461243417381,0.6623259991019305,0.6951852673618819,0.7396072930415805,0.5717363706488352,0.5602817264560079,0.7317832394976197
0.0,0.2260407935177424,0.38332293309823817,0.38809383834041794,0.512351960023678,0.4685524589189722,0.8302649303996408,0.7030619037053473,0.7379451689978886,0.5737884922848965,0.5721079925789269,0.8300941966219153
0.0,0.26431964235820066,0.3821672578670559,0.3851113144920119,0.5164165402254692,0.4698865637945754,0.92276605298608,0.7423045632719474,0.7353660590084543,0.5706526628099853,0.6512250214566662,0.9954255088783036
0.0,0.26809164571109245,0.3803209061240216,0.3851815589644732,0.5172698219049827,0.4131126198592289,0.9182757072294564,0.7024110642703938,0.7297560549219901,0.5619289760918302,0.6465379877985588,1.0
0.0,0.27116512992455977,0.3787719021558,0.38367087939706856,0.5178583325685114,0.0,0.9303996407723388,0.6829746320538423,0.7249413631446733,0.5550958327060183,0.6316988813012521,0.9934572779685186
0.0,0.2833193629505448,0.3764488369588712,0.3786033933643429,0.5166229127736967,0.4135976356901423,0.9870310328855952,0.6613194290363142,0.7195350263958613,0.5412679694689697,0.6473898792465042,0.9618606484675284
0.0,0.2960324112880693,0.3738901683355775,0.3700260523777731,0.5196386281751414,0.4403916772763493,0.9876952200662564,0.6893942755713336,0.7134843860962838,0.5270293837895003,0.6704190306411408,0.9819536937993842
1.0,0.2689298686784017,0.3728508816468208,0.3710159198329954,0.5151158260034797,0.4568797245517822,0.9167683670978763,0.6615708897270913,0.7068416515370772,0.5021758904312382,0.6503092812171336,0.7568491877625371
1.0,0.25733445096395635,0.37048632402516707,0.3619884125263708,0.5115282209645805,0.3996002037726409,0.9687841684807766,0.6696989867613339,0.7031321476057968,0.4933843860399015,0.6653570349270143,0.9673544810594392
1.0,0.3010617490919252,0.3679587441003702,0.3574328525130339,0.5213437651923257,0.4532468553698533,0.953023571942198,0.6551512462095997,0.6995859726068225,0.4791957933922689,0.6535530011003621,0.8551203184367657
1.0,0.30120145291980993,0.36365405419930896,0.3458320196523517,0.5215457958328419,0.0,0.9412031245382632,0.6292286073515273,0.6962636096235757,0.4678745493762009,0.6617070865201555,0.7902133639964233
1.0,0.3202011735121543,0.3619861646797125,0.3506202711010079,0.5218156035549567,0.4538835579570748,0.9776495040337276,0.6648546705125362,0.6934732093167799,0.4512281682996856,0.666420057078287,0.8916570844512599
0.0,0.3167085778150321,0.3601938460501959,0.3508825528851882,0.5249005858522043,0.5508879075671167,0.9751861042183624,0.6797943939057766,0.6885902620248228,0.4229914978217226,0.6494574468151346,0.975978534009117
1.0,0.3136350936015647,0.3586279259516369,0.3473830375851954,0.524603727561632,0.4545346250467762,0.9508684863523575,0.6846461060572443,0.6827558159478886,0.3859095032872221,0.6547074646233662,0.9757435501842808
1.0,0.2672534227437831,0.3565032206167693,0.3382879270618926,0.5167306159765774,0.4556737658387362,0.7692307692307689,0.6748835145329488,0.677223545124882,0.3614335662285616,0.6471346057141054,0.9665410528719882
1.0,0.2604079351774238,0.35489094041999936,0.33005977135705755,0.5160094425897286,0.4512808824776224,0.7153883260974431,0.6572738702758674,0.6739086564756394,0.3551819812661463,0.6313267010405658,0.9907892439322502
1.0,0.2437831796591226,0.353557424999962,0.3236348182976233,0.5130258882554135,0.4521826567897886,0.6564126833885469,0.5693661711411878,0.6718446276770311,0.3588342530635526,0.5346188434157866,0.8577878103837466
1.0,0.23945236099469125,0.35233252666142056,0.3190542578127411,0.5123046522967408,0.4443587827024708,0.6405959031657357,0.49457140744027794,0.6712272794267502,0.3610811072667118,0.4744123287143632,0.4975745641419715
1.0,0.2661357921207041,0.3517279248698721,0.3183953512226969,0.5147421309469188,0.4495452321513138,0.6988662131519273,0.5364839878707196,0.6745604420234068,0.3863150600336414,0.4918942966633243,0.6556361365928616
1.0,0.2496507404302877,0.3511086412107882,0.3195953279477106,0.5145669360792353,0.4517832940176493,0.6800884955752211,0.42792692848162095,0.6760355666949598,0.39885022291598,0.3567312235141962,0.610849266340594
1.0,0.2449008102822017,0.35065086492414754,0.3177634206463976,0.5173636298859919,0.4494686912185519,0.666371681415929,0.42927298276754666,0.6791743974157469,0.4375856036162529,0.3582174845315946,0.49209378407851706
0.0,0.2594300083822297,0.3498622712563808,0.3152335233518431,0.517043420720512,0.447017885003038,0.6805309734513275,0.4198653945714075,0.6799759040064846,0.4497697083954453,0.3504662925643484,0.5920704159526411
0.0,0.26431964235820066,0.3487950940451843,0.3092172862182888,0.518067475994342,0.4533575076065229,0.7004424778761063,0.4435100954071444,0.6804075693073162,0.4597980731677137,0.33155281346346416,0.5763053655023409
0.0,0.2767532830399552,0.3483820627618368,0.3042456103673325,0.5171929381066667,0.4416496165223061,0.7278761061946901,0.4544634272612975,0.6793053829701967,0.4531470212212033,0.3415452486171422,0.6532949225783227
0.0,0.2848561050572785,0.3476451645065368,0.2967047051932724,0.5187999641264931,0.4561647732918638,0.7637168141592919,0.4769617631831965,0.6775935795096135,0.4437631741926722,0.36713222548267216,0.6454087144400437
0.0,0.28429728974573903,0.3468979712613021,0.29701574926607466,0.5188704181974636,0.44521838735741204,0.7522123893805311,0.4975075808002365,0.6755966783524411,0.4404486151852151,0.33903683882328084,0.7007202016564632
0.0,0.26459905001397044,0.3461968500363604,0.3050471001665768,0.5153186808937636,0.4532439988163663,0.6831858407079647,0.4625471488795209,0.6721753119098679,0.4266665196411865,0.3478553948380029,0.5344256391789699
1.0,0.2622240849399272,0.3460776825030778,0.31430637042581544,0.5145323600729867,0.4487488862689377,0.68716814159292,0.4818800384586939,0.670828039713401,0.426423954215988,0.3705675207414989,0.3623334533669426
1.0,0.2573344509639565,0.3463451739352628,0.32379540756052794,0.5168894490019923,0.4503560253346582,0.6853982300884957,0.4682419939353598,0.6708059380131204,0.4253060864772353,0.35728298591940444,0.3813467770975879
1.0,0.2471360715283599,0.3456016763078671,0.3252055430603563,0.5181573585833341,0.44705187660213297,0.6699115044247789,0.4599881665557282,0.6718744770274163,0.4353912238595539,0.3954056048536481,0.3411955347497301
1.0,0.2722827605476389,0.3437818716043586,0.3225532358090053,0.5203579190947528,0.4522054535985462,0.7008849557522122,0.4772280156793134,0.6729113051325948,0.4456775350194714,0.3653214486445578,0.4053655023406546
0.0,0.2911427773120984,0.3410013061024801,0.3109029927577005,0.5211591531494093,0.4573194031008695,0.7187899446101408,0.466252496117151,0.6743017177492001,0.4632138163080058,0.3518492749665627,0.317680950666186
0.0,0.3081866443140541,0.33972659086276336,0.30849028739894235,0.5214666556660863,0.4519322785201147,0.7479474548440065,0.4214555136454405,0.6763319475730272,0.4827811661373128,0.3573443439226877,0.3056175729204175
0.0,0.2861134395082425,0.33915674470047263,0.31392937192409004,0.5195605113648499,0.4549995151250705,0.7286977491961415,0.4145403446490643,0.6792353878083377,0.5069211258816093,0.34761169550437626,0.18602808786460165
0.0,0.2886281084101704,0.3389132415197824,0.32465790702828323,0.51641807970467,0.4570055996222554,0.7326968973747018,0.3949042230604246,0.6821202999752289,0.5267603962294606,0.3699569948092287,0.11776194437411833
1.0,0.2911427773120983,0.3368634911737598,0.32325430208398664,0.5172373300821902,0.45683858375143394,0.7223548130469369,0.41393388063013065,0.6858501459752588,0.5524226076556883,0.3958819549417572,0.047679617637989086
1.0,0.31223805532271576,0.3355903316276603,0.32154994277455584,0.5186236349902005,0.4438476883131847,0.7255369928400952,0.4948672435470749,0.6898859389237941,0.5808874283849392,0.434346112099336,0.31273109407231525
0.0,0.3179659122659961,0.3341822984943166,0.31425290135611306,0.5189086137358498,0.43744592966418894,0.7779968454258676,0.5151172250573183,0.6925420353471201,0.6066416331360786,0.40758275898659735,0.2552348893619128
0.0,0.3241128806929309,0.33428177495414024,0.3197329942717053,0.5205004419085324,0.42409682474337496,0.7728706624605676,0.4774277050514015,0.6946518827161037,0.630120405964569,0.413257828654886,0.13761694965595644
0.0,0.3521933500977927,0.3337164967321697,0.32411344860000113,0.5256485156154735,0.4424437932576905,0.8828864353312303,0.6094667554174986,0.6980289953557257,0.6604631591304728,0.5491565590151701,0.8622478087236142
0.0,0.35708298407376354,0.3327849712190909,0.3301594022949597,0.5229890124960136,0.4464831688125777,0.8955047318611985,0.5999852081946603,0.6950303756642873,0.6618556154526565,0.5383132383153408,0.7956018878688872
0.0,0.3710533668622519,0.33126693479867475,0.33561635766666165,0.5224565244207346,0.41681267587165793,0.9108832807570976,0.6598180607943198,0.6926659265001303,0.6688401317359761,0.5859398081909447,0.9950547852225348
0.0,0.3612740989103101,0.32968255274625496,0.3411684352094535,0.5244676863746026,0.4867157867514262,0.8856466876971606,0.6485984764440501,0.6889187328670137,0.6782276960114791,0.574883299848958,0.9310361469041072
0.0,0.3752444816987984,0.3286410404108919,0.3456623831108282,0.5238111427380859,0.4555897064899374,0.9238958990536276,0.6340285481843059,0.6861254804693937,0.6889201927417692,0.5373593870965082,0.9665061390949704
